93
RESTV_M.fas-tc_USA_89_Philippines89-Pennsylvania_NC_004161 0.0000000 0.0250811 0.0346946 1.9500092 1.9499740 2.1479459 2.1747589 1.9205787 1.9214648 1.9211027 1.9241452 1.9290879 1.9292865 1.9286720 1.9280064 1.9251696 1.9286532 1.9286532 1.9286190 1.9287087 1.9287431 1.9289079 1.9265389 1.9282759 1.9274085 1.9303372 1.9309809 1.9301510 1.9287863 1.9285030 1.9287863 1.9288945 1.9291081 1.9301175 1.9301175 1.9303875 1.9301950 1.9293914 1.9298280 1.9294286 1.9294286 1.9296614 1.9290823 1.9301916 1.9298218 1.9290823 1.9295799 1.9281129 1.9281129 1.9293782 1.9282921 1.9291686 1.9328647 1.9325342 1.9311199 1.9316376 1.9291892 1.9292711 1.9297518 1.9302881 1.9302716 1.9290378 1.9305287 1.9285367 1.9290768 1.9293909 1.9315350 1.9283188 1.9302723 1.9302723 1.9303678 1.9289933 1.9274925 1.9316283 1.9266403 1.9269361 1.9249299 1.9249299 1.9261343 1.9267168 1.9261002 1.9281375 1.9292080 1.9287495 1.9287495 1.9281489 1.9295211 1.9250673 1.9250673 1.9364744 1.9317823 1.9380640 1.9348459 
RESTV_S.dom-tc_PHL_08_Reston08-A_FJ621583                  0.0250811 0.0000000 0.0513466 1.9803203 1.9802833 2.1535122 2.1894847 1.9251613 1.9256463 1.9252820 1.9283322 1.9391242 1.9393253 1.9387081 1.9382293 1.9355653 1.9386855 1.9386855 1.9386507 1.9385530 1.9387741 1.9389450 1.9365613 1.9383076 1.9374357 1.9409296 1.9408349 1.9399988 1.9388190 1.9385356 1.9388190 1.9391427 1.9393556 1.9403662 1.9403662 1.9406363 1.9402323 1.9394242 1.9398605 1.9394568 1.9394568 1.9396944 1.9391150 1.9402303 1.9377451 1.9391150 1.9396131 1.9381378 1.9381378 1.9394111 1.9383193 1.9397554 1.9429147 1.9425835 1.9412371 1.9418762 1.9392223 1.9393040 1.9397850 1.9403216 1.9403096 1.9390702 1.9405679 1.9385687 1.9391091 1.9394243 1.9415770 1.9383468 1.9403102 1.9403102 1.9404065 1.9390276 1.9380775 1.9416749 1.9364741 1.9367701 1.9347583 1.9347583 1.9359637 1.9365473 1.9359291 1.9379762 1.9392450 1.9387872 1.9387872 1.9381858 1.9395684 1.9350872 1.9350872 1.9437229 1.9377431 1.9439898 1.9405363 
RESTV_S.dom-xx_PHL_08_Reston08-C_FJ621584                  0.0346946 0.0513466 0.0000000 1.9779196 1.9778829 2.1350943 2.1462732 1.9217059 1.9223296 1.9219676 1.9250840 1.9252076 1.9255553 1.9249424 1.9246814 1.9216003 1.9242603 1.9242603 1.9242263 1.9243153 1.9236858 1.9245127 1.9221519 1.9238834 1.9230188 1.9259401 1.9263928 1.9255663 1.9243931 1.9241100 1.9243931 1.9246511 1.9247146 1.9257226 1.9257226 1.9259924 1.9257986 1.9249976 1.9254340 1.9252983 1.9252983 1.9252674 1.9246888 1.9253914 1.9248723 1.9246888 1.9251859 1.9237235 1.9237235 1.9249844 1.9239017 1.9247748 1.9283879 1.9281308 1.9267196 1.9272347 1.9247954 1.9248773 1.9253576 1.9258204 1.9258749 1.9246445 1.9261312 1.9241439 1.9246835 1.9249969 1.9271356 1.9239279 1.9258757 1.9258757 1.9259708 1.9240074 1.9231008 1.9276297 1.9220646 1.9223602 1.9209107 1.9209107 1.9215610 1.9215515 1.9215272 1.9235584 1.9254776 1.9250192 1.9250192 1.9244194 1.9257865 1.9229634 1.9229634 1.9325141 1.9296087 1.9359539 1.9308133 
SUDV_H.sap-xx_UGA_12_EboSud-603_KC545390                   1.9500092 1.9803203 1.9779196 0.0000000 0.0000512 2.2700548 2.3092234 2.0292443 2.0297288 2.0289754 2.0321915 2.0573318 2.0564584 2.0554617 2.0538200 2.0537609 2.0538684 2.0538684 2.0542451 2.0545951 2.0522252 2.0529131 2.0515483 2.0535579 2.0526311 2.0544428 2.0523941 2.0547996 2.0540060 2.0538684 2.0540060 2.0551089 2.0536844 2.0529509 2.0529509 2.0530035 2.0508996 2.0536104 2.0518821 2.0545183 2.0545183 2.0538826 2.0541137 2.0538006 2.0551122 2.0541137 2.0537775 2.0519744 2.0519744 2.0544116 2.0529157 2.0538684 2.0558820 2.0556095 2.0540513 2.0547076 2.0547746 2.0541137 2.0536189 2.0565082 2.0538889 2.0555222 2.0553934 2.0537850 2.0543293 2.0557255 2.0516224 2.0530916 2.0549220 2.0549220 2.0552845 2.0528588 2.0564415 2.0531575 2.0535159 2.0542316 2.0536284 2.0536284 2.0551921 2.0541432 2.0551510 2.0542841 2.0532787 2.0557604 2.0557604 2.0551493 2.0572403 2.0550934 2.0550934 2.0437224 2.0440829 2.0550274 2.0412566 
SUDV_H.sap-xx_UGA_12_EboSud-609_KC545391                   1.9499740 1.9802833 1.9778829 0.0000512 0.0000000 2.2699985 2.3091632 2.0292047 2.0296892 2.0289359 2.0321518 2.0572906 2.0564172 2.0554206 2.0537790 2.0537199 2.0538274 2.0538274 2.0542041 2.0545540 2.0521843 2.0528722 2.0515074 2.0535169 2.0525902 2.0544018 2.0523532 2.0547585 2.0539650 2.0538274 2.0539650 2.0550678 2.0536434 2.0529099 2.0529099 2.0529625 2.0508587 2.0535694 2.0518412 2.0544773 2.0544773 2.0538416 2.0540727 2.0537596 2.0550711 2.0540727 2.0537364 2.0519335 2.0519335 2.0543706 2.0528747 2.0538274 2.0558408 2.0555684 2.0540103 2.0546665 2.0547335 2.0540727 2.0535779 2.0564670 2.0538479 2.0554811 2.0553523 2.0537440 2.0542882 2.0556844 2.0515815 2.0530507 2.0548809 2.0548809 2.0552434 2.0528179 2.0564004 2.0531166 2.0534749 2.0541905 2.0535873 2.0535873 2.0551510 2.0541022 2.0551099 2.0542431 2.0532377 2.0557193 2.0557193 2.0551082 2.0571991 2.0550524 2.0550524 2.0436820 2.0440425 2.0549863 2.0412164 
TAFV_H.sap-tc_CIV_94_Pauleoula-CI_NC_014372                2.1479459 2.1535122 2.1350943 2.2700548 2.2699985 0.0000000 0.8274513 1.3981514 1.3996324 1.3984346 1.3998680 1.4202888 1.4207711 1.4221826 1.4195279 1.4198193 1.4195210 1.4195210 1.4192712 1.4190850 1.4203416 1.4188104 1.4213381 1.4195677 1.4201741 1.4205559 1.4195655 1.4205584 1.4196196 1.4195210 1.4196196 1.4207004 1.4202821 1.4197726 1.4197726 1.4200038 1.4178327 1.4194392 1.4180116 1.4189598 1.4189598 1.4196704 1.4198695 1.4207526 1.4208465 1.4198695 1.4198695 1.4201287 1.4201287 1.4198817 1.4201961 1.4200685 1.4214289 1.4214044 1.4213211 1.4227387 1.4185861 1.4195596 1.4196414 1.4214536 1.4214294 1.4196666 1.4204062 1.4195280 1.4191819 1.4204951 1.4183276 1.4208302 1.4202346 1.4202346 1.4205300 1.4202460 1.4181538 1.4211283 1.4193075 1.4198673 1.4182690 1.4182690 1.4213621 1.4226051 1.4211121 1.4234214 1.4205418 1.4199622 1.4199622 1.4202576 1.4215460 1.4181413 1.4181413 1.4164461 1.4165486 1.4221200 1.4142976 
BDBV_H.sap-xx_COD_12_EboBund-122_KC545395                  2.1747589 2.1894847 2.1462732 2.3092234 2.3091632 0.8274513 0.0000000 1.3600970 1.3614109 1.3603786 1.3614290 1.3876263 1.3881305 1.3883508 1.3909537 1.3908687 1.3885400 1.3885400 1.3883760 1.3899256 1.3896236 1.3908039 1.3919207 1.3908668 1.3913162 1.3897943 1.3875589 1.3885538 1.3887883 1.3886904 1.3887883 1.3888244 1.3884905 1.3888555 1.3888555 1.3890874 1.3892552 1.3881272 1.3885958 1.3896156 1.3896156 1.3883590 1.3885583 1.3898831 1.3889865 1.3885583 1.3890385 1.3870230 1.3870230 1.3887224 1.3888771 1.3882103 1.3890711 1.3888955 1.3886972 1.3899435 1.3880598 1.3882497 1.3878548 1.3896633 1.3904865 1.3893428 1.3887269 1.3883667 1.3883502 1.3883022 1.3853230 1.3884162 1.3889165 1.3889165 1.3895208 1.3899667 1.3899380 1.3902075 1.3879901 1.3887014 1.3878947 1.3878947 1.3901756 1.3903873 1.3899252 1.3898161 1.3893749 1.3881159 1.3881159 1.3886498 1.3901591 1.3882758 1.3882758 1.3806844 1.3810513 1.3842132 1.3760080 
EBOV_H.sap-tc_COD_07_1Luebo_KC242786                       1.9205787 1.9251613 1.9217059 2.0292443 2.0292047 1.3981514 1.3600970 0.0000000 0.0002597 0.0002078 0.0010407 0.0309522 0.0305002 0.0307901 0.0312430 0.0312428 0.0304456 0.0304456 0.0305026 0.0308467 0.0312520 0.0306783 0.0310870 0.0307338 0.0307919 0.0310790 0.0312484 0.0311277 0.0305024 0.0305588 0.0305024 0.0311880 0.0306724 0.0307292 0.0307292 0.0307856 0.0307402 0.0306160 0.0312440 0.0308466 0.0308466 0.0305592 0.0305590 0.0306758 0.0307876 0.0305590 0.0307854 0.0305692 0.0305692 0.0306156 0.0306238 0.0306724 0.0310224 0.0309091 0.0311344 0.0314837 0.0309553 0.0306726 0.0309559 0.0313062 0.0311324 0.0311817 0.0313532 0.0310690 0.0309553 0.0307290 0.0310156 0.0308470 0.0307330 0.0307330 0.0309585 0.0309720 0.0310712 0.0310215 0.0305083 0.0306785 0.0309686 0.0309686 0.0307379 0.0311343 0.0307949 0.0310286 0.0303898 0.0300463 0.0300463 0.0301034 0.0303895 0.0302658 0.0302658 0.0212264 0.0217878 0.0212390 0.0182803 
EBOV_H.sap-tc_COD_07_M-M_HQ613403                          1.9214648 1.9256463 1.9223296 2.0297288 2.0296892 1.3996324 1.3614109 0.0002597 0.0000000 0.0001558 0.0009886 0.0308977 0.0304458 0.0307356 0.0311885 0.0311883 0.0303912 0.0303912 0.0304482 0.0307922 0.0311975 0.0306238 0.0310325 0.0306793 0.0307374 0.0310245 0.0311939 0.0310732 0.0304480 0.0305044 0.0304480 0.0311336 0.0306180 0.0306747 0.0306747 0.0307311 0.0306857 0.0305616 0.0311895 0.0307922 0.0307922 0.0305048 0.0305046 0.0306214 0.0307331 0.0305046 0.0307310 0.0305147 0.0305147 0.0305612 0.0305694 0.0306179 0.0309679 0.0308546 0.0310799 0.0314291 0.0309008 0.0306181 0.0309014 0.0312516 0.0310779 0.0311272 0.0312987 0.0310145 0.0309008 0.0306745 0.0309612 0.0307925 0.0306785 0.0306785 0.0309040 0.0309175 0.0310167 0.0309671 0.0304539 0.0306241 0.0309141 0.0309141 0.0306834 0.0310798 0.0307405 0.0309741 0.0303353 0.0299919 0.0299919 0.0300490 0.0303351 0.0302113 0.0302113 0.0211726 0.0217340 0.0211853 0.0182269 
EBOV_H.sap-tc_COD_07_5Luebo_KC242790                       1.9211027 1.9252820 1.9219676 2.0289754 2.0289359 1.3984346 1.3603786 0.0002078 0.0001558 0.0000000 0.0009365 0.0308389 0.0303870 0.0306769 0.0311296 0.0311295 0.0303325 0.0303325 0.0303894 0.0307334 0.0311386 0.0305651 0.0309736 0.0306206 0.0306786 0.0309656 0.0311350 0.0310144 0.0303893 0.0304456 0.0303893 0.0310747 0.0305592 0.0306160 0.0306160 0.0306724 0.0306269 0.0305028 0.0311307 0.0307334 0.0307334 0.0304461 0.0304458 0.0305626 0.0306744 0.0304458 0.0306722 0.0304560 0.0304560 0.0305024 0.0305106 0.0305592 0.0309091 0.0307958 0.0310211 0.0313702 0.0308420 0.0305594 0.0308426 0.0311927 0.0310190 0.0310683 0.0312398 0.0309557 0.0308420 0.0306158 0.0309023 0.0307337 0.0306197 0.0306197 0.0308452 0.0308586 0.0309579 0.0309082 0.0303951 0.0305653 0.0308552 0.0308552 0.0306247 0.0310209 0.0306817 0.0309153 0.0302766 0.0299333 0.0299333 0.0299904 0.0302764 0.0301527 0.0301527 0.0211161 0.0216773 0.0211287 0.0181710 
EBOV_H.sap-tc_COD_08_034-KS_HQ613402                       1.9241452 1.9283322 1.9250840 2.0321915 2.0321518 1.3998680 1.3614290 0.0010407 0.0009886 0.0009365 0.0000000 0.0317578 0.0313048 0.0315955 0.0320494 0.0320492 0.0312501 0.0312501 0.0313072 0.0316522 0.0320586 0.0314835 0.0318934 0.0315391 0.0315973 0.0318851 0.0320549 0.0319338 0.0313070 0.0313635 0.0313070 0.0319943 0.0314774 0.0315343 0.0315343 0.0315909 0.0315456 0.0314209 0.0320504 0.0316521 0.0316521 0.0313640 0.0313638 0.0314809 0.0315929 0.0313638 0.0315907 0.0313742 0.0313742 0.0314205 0.0314289 0.0314774 0.0318285 0.0317149 0.0319407 0.0322909 0.0317609 0.0314776 0.0317615 0.0321128 0.0319386 0.0319878 0.0321598 0.0318749 0.0317609 0.0315341 0.0318215 0.0316525 0.0315382 0.0315382 0.0317642 0.0317780 0.0318772 0.0317735 0.0313131 0.0314837 0.0317746 0.0317746 0.0315433 0.0319405 0.0316005 0.0318348 0.0311941 0.0308499 0.0308499 0.0309071 0.0311939 0.0310696 0.0310696 0.0220070 0.0225700 0.0219092 0.0190530 
EBOV_H.sap-wt_GIN_14_Makona-Gueckedou-EM_080076_KR817235   1.9290879 1.9391242 1.9252076 2.0573318 2.0572906 1.4202888 1.3876263 0.0309522 0.0308977 0.0308389 0.0317578 0.0000000 0.0011434 0.0015616 0.0022925 0.0021880 0.0014572 0.0014572 0.0015093 0.0018225 0.0020841 0.0016661 0.0019278 0.0017182 0.0017704 0.0019272 0.0021883 0.0020834 0.0015093 0.0015614 0.0015093 0.0021359 0.0016658 0.0018223 0.0018223 0.0018745 0.0018229 0.0017179 0.0022926 0.0020314 0.0020314 0.0016658 0.0015614 0.0016659 0.0017702 0.0015614 0.0017701 0.0017181 0.0017181 0.0016136 0.0016140 0.0016658 0.0018751 0.0017707 0.0020839 0.0022935 0.0019267 0.0016658 0.0019267 0.0023453 0.0020837 0.0021355 0.0022923 0.0020311 0.0019267 0.0018224 0.0020316 0.0018226 0.0017181 0.0017181 0.0019268 0.0019798 0.0020312 0.0020839 0.0018226 0.0019792 0.0021363 0.0021363 0.0018228 0.0021883 0.0018750 0.0020844 0.0014050 0.0011954 0.0011954 0.0012485 0.0015093 0.0019271 0.0019271 0.0351695 0.0355897 0.0351318 0.0323121 
EBOV_H.sap-wt_GIN_14_Makona-Gueckedou-EM_079702_KR817210   1.9292865 1.9393253 1.9255553 2.0564584 2.0564172 1.4207711 1.3881305 0.0305002 0.0304458 0.0303870 0.0313048 0.0011434 0.0000000 0.0011446 0.0018747 0.0017703 0.0010394 0.0010394 0.0010914 0.0015096 0.0017709 0.0013532 0.0016146 0.0014053 0.0014575 0.0016141 0.0017706 0.0016659 0.0010914 0.0011445 0.0010914 0.0017183 0.0012487 0.0014051 0.0014051 0.0014572 0.0014056 0.0013008 0.0018748 0.0016139 0.0016139 0.0012487 0.0011445 0.0012488 0.0013530 0.0011445 0.0013529 0.0013010 0.0013010 0.0011966 0.0011969 0.0012487 0.0015620 0.0014577 0.0017706 0.0019800 0.0015093 0.0012487 0.0015094 0.0019274 0.0016661 0.0017180 0.0018746 0.0016137 0.0015093 0.0014052 0.0016141 0.0014053 0.0013010 0.0013010 0.0015095 0.0015622 0.0016138 0.0016663 0.0014053 0.0015618 0.0017187 0.0017187 0.0014055 0.0017706 0.0014576 0.0016667 0.0009874 0.0007794 0.0007794 0.0008314 0.0010914 0.0015097 0.0015097 0.0347124 0.0351320 0.0346745 0.0318587 
EBOV_H.sap-wt_GIN_14_Makona-Gueckedou-EM_079587_KR817202   1.9286720 1.9387081 1.9249424 2.0554617 2.0554206 1.4221826 1.3883508 0.0307901 0.0307356 0.0306769 0.0315955 0.0015616 0.0011446 0.0000000 0.0018750 0.0017705 0.0010404 0.0010404 0.0010925 0.0015097 0.0017711 0.0013533 0.0016148 0.0014054 0.0014577 0.0016143 0.0017709 0.0016661 0.0010925 0.0011446 0.0010925 0.0017185 0.0012489 0.0014053 0.0014053 0.0014574 0.0014057 0.0013010 0.0018750 0.0016141 0.0016141 0.0012489 0.0011446 0.0012490 0.0013532 0.0011446 0.0013531 0.0013011 0.0013011 0.0011967 0.0011971 0.0012489 0.0015622 0.0014578 0.0017708 0.0019803 0.0015095 0.0012489 0.0015095 0.0019276 0.0016663 0.0017182 0.0018748 0.0016139 0.0015095 0.0014053 0.0016143 0.0014054 0.0013011 0.0013011 0.0015097 0.0015624 0.0016139 0.0016665 0.0014055 0.0015620 0.0017189 0.0017189 0.0014056 0.0017708 0.0014578 0.0016669 0.0009874 0.0007794 0.0007794 0.0008314 0.0010925 0.0015099 0.0015099 0.0350066 0.0354267 0.0349688 0.0321498 
EBOV_H.sap-wt_GIN_14_Makona-Gueckedou-EM_079750_KR817213   1.9280064 1.9382293 1.9246814 2.0538200 2.0537790 1.4195279 1.3909537 0.0312430 0.0311885 0.0311296 0.0320494 0.0022925 0.0018747 0.0018750 0.0000000 0.0006235 0.0015617 0.0015617 0.0016138 0.0020316 0.0022935 0.0018751 0.0021370 0.0019272 0.0019795 0.0020844 0.0022932 0.0021882 0.0016138 0.0016660 0.0016138 0.0022407 0.0017704 0.0019270 0.0019270 0.0019792 0.0019276 0.0018226 0.0023974 0.0021361 0.0021361 0.0017704 0.0016660 0.0017705 0.0018749 0.0016660 0.0018747 0.0018228 0.0018228 0.0017182 0.0017186 0.0017704 0.0020842 0.0019798 0.0022932 0.0025030 0.0020314 0.0017704 0.0020314 0.0024502 0.0021885 0.0022403 0.0023971 0.0021358 0.0020314 0.0019271 0.0021364 0.0019272 0.0018228 0.0018228 0.0020315 0.0020846 0.0021360 0.0021887 0.0019273 0.0020840 0.0022412 0.0022412 0.0019275 0.0022932 0.0019797 0.0021892 0.0015095 0.0013008 0.0013008 0.0013530 0.0016138 0.0020318 0.0020318 0.0353500 0.0357706 0.0354271 0.0326041 
EBOV_H.sap-wt_GIN_14_Makona-Gueckedou-EM_079910_KR817221   1.9251696 1.9355653 1.9216003 2.0537609 2.0537199 1.4198193 1.3908687 0.0312428 0.0311883 0.0311295 0.0320492 0.0021880 0.0017703 0.0017705 0.0006235 0.0000000 0.0014573 0.0014573 0.0015095 0.0019272 0.0021889 0.0017706 0.0020325 0.0018228 0.0018751 0.0019799 0.0021886 0.0020837 0.0015095 0.0015616 0.0015095 0.0021362 0.0016660 0.0018225 0.0018225 0.0018747 0.0018232 0.0017182 0.0022929 0.0020316 0.0020316 0.0016660 0.0015616 0.0016661 0.0017704 0.0015616 0.0017703 0.0017184 0.0017184 0.0016138 0.0016143 0.0016660 0.0019797 0.0018753 0.0021886 0.0023984 0.0019269 0.0016660 0.0019269 0.0023456 0.0020840 0.0021357 0.0022926 0.0020313 0.0019269 0.0018226 0.0020319 0.0018228 0.0017184 0.0017184 0.0019271 0.0019800 0.0020315 0.0020842 0.0018228 0.0019795 0.0021366 0.0021366 0.0018230 0.0021886 0.0018752 0.0020846 0.0014052 0.0011966 0.0011966 0.0012487 0.0015095 0.0019273 0.0019273 0.0352351 0.0356556 0.0354269 0.0325417 
EBOV_H.sap-wt_LBR_14_Makona-LIBR0430_KR006955              1.9286532 1.9386855 1.9242603 2.0538684 2.0538274 1.4195210 1.3885400 0.0304456 0.0303912 0.0303325 0.0312501 0.0014572 0.0010394 0.0010404 0.0015617 0.0014573 0.0000000 0.0000010 0.0000519 0.0004676 0.0007274 0.0003117 0.0005715 0.0003636 0.0004156 0.0005715 0.0007274 0.0006235 0.0000519 0.0001039 0.0000519 0.0006755 0.0002078 0.0003636 0.0003636 0.0004156 0.0003636 0.0002597 0.0008314 0.0005715 0.0005715 0.0002078 0.0001039 0.0002078 0.0003117 0.0001039 0.0003117 0.0002597 0.0002597 0.0001558 0.0001558 0.0002078 0.0005195 0.0004156 0.0007274 0.0009364 0.0004676 0.0002078 0.0004676 0.0008834 0.0006235 0.0006755 0.0008314 0.0005715 0.0004676 0.0003636 0.0005715 0.0003636 0.0002597 0.0002597 0.0004676 0.0005195 0.0005715 0.0006235 0.0003636 0.0005195 0.0006755 0.0006755 0.0003636 0.0007274 0.0004156 0.0006235 0.0001558 0.0004676 0.0004676 0.0005195 0.0007794 0.0011969 0.0011969 0.0346574 0.0350770 0.0346195 0.0318040 
EBOV_H.sap-wt_SLE_14_Makona-G3734.1_KM233055               1.9286532 1.9386855 1.9242603 2.0538684 2.0538274 1.4195210 1.3885400 0.0304456 0.0303912 0.0303325 0.0312501 0.0014572 0.0010394 0.0010404 0.0015617 0.0014573 0.0000010 0.0000000 0.0000519 0.0004676 0.0007274 0.0003117 0.0005715 0.0003636 0.0004156 0.0005715 0.0007274 0.0006235 0.0000519 0.0001039 0.0000519 0.0006755 0.0002078 0.0003636 0.0003636 0.0004156 0.0003636 0.0002597 0.0008314 0.0005715 0.0005715 0.0002078 0.0001039 0.0002078 0.0003117 0.0001039 0.0003117 0.0002597 0.0002597 0.0001558 0.0001558 0.0002078 0.0005195 0.0004156 0.0007274 0.0009364 0.0004676 0.0002078 0.0004676 0.0008834 0.0006235 0.0006755 0.0008314 0.0005715 0.0004676 0.0003636 0.0005715 0.0003636 0.0002597 0.0002597 0.0004676 0.0005195 0.0005715 0.0006235 0.0003636 0.0005195 0.0006755 0.0006755 0.0003636 0.0007274 0.0004156 0.0006235 0.0001558 0.0004676 0.0004676 0.0005195 0.0007794 0.0011969 0.0011969 0.0346574 0.0350770 0.0346195 0.0318040 
EBOV_H.sap-wt_LBR_15_Makona-Liberia-DQE4_KR074998          1.9286190 1.9386507 1.9242263 2.0542451 2.0542041 1.4192712 1.3883760 0.0305026 0.0304482 0.0303894 0.0313072 0.0015093 0.0010914 0.0010925 0.0016138 0.0015095 0.0000519 0.0000519 0.0000000 0.0005195 0.0007794 0.0003636 0.0006235 0.0004156 0.0004676 0.0006235 0.0007794 0.0006755 0.0001039 0.0001558 0.0001039 0.0007274 0.0002597 0.0004156 0.0004156 0.0004676 0.0004156 0.0003117 0.0008834 0.0006235 0.0006235 0.0002597 0.0001558 0.0002597 0.0003636 0.0001558 0.0003636 0.0003117 0.0003117 0.0002078 0.0002078 0.0002597 0.0005715 0.0004676 0.0007794 0.0009885 0.0005195 0.0002597 0.0005195 0.0009354 0.0006755 0.0007274 0.0008834 0.0006235 0.0005195 0.0004156 0.0006235 0.0004156 0.0003117 0.0003117 0.0005195 0.0005715 0.0006235 0.0006755 0.0004156 0.0005715 0.0007274 0.0007274 0.0004156 0.0007794 0.0004676 0.0006755 0.0002078 0.0005195 0.0005195 0.0005715 0.0008314 0.0012490 0.0012490 0.0347151 0.0351347 0.0346772 0.0318612 
EBOV_H.sap-wt_GIN_14_Makona-Kankan-EM_078639_KR817166      1.9287087 1.9385530 1.9243153 2.0545951 2.0545540 1.4190850 1.3899256 0.0308467 0.0307922 0.0307334 0.0316522 0.0018225 0.0015096 0.0015097 0.0020316 0.0019272 0.0004676 0.0004676 0.0005195 0.0000000 0.0006755 0.0003636 0.0006235 0.0004156 0.0004676 0.0009354 0.0011968 0.0010914 0.0005195 0.0005715 0.0005195 0.0011446 0.0006755 0.0008314 0.0008314 0.0008834 0.0008314 0.0007274 0.0013009 0.0010394 0.0010394 0.0006755 0.0005715 0.0006755 0.0007794 0.0005715 0.0007794 0.0007275 0.0007275 0.0006235 0.0006235 0.0006755 0.0009884 0.0008834 0.0011968 0.0014057 0.0009354 0.0006755 0.0009354 0.0013532 0.0010925 0.0011434 0.0013007 0.0010394 0.0009354 0.0008314 0.0010405 0.0008314 0.0007274 0.0007274 0.0009354 0.0009886 0.0010394 0.0010926 0.0008314 0.0009874 0.0011448 0.0011448 0.0008314 0.0011968 0.0008834 0.0010928 0.0006235 0.0009354 0.0009354 0.0009874 0.0012489 0.0016664 0.0016664 0.0350637 0.0354839 0.0350260 0.0322065 
EBOV_H.sap-wt_GIN_14_Makona-Faranah-EM_078415_KR817160     1.9287431 1.9387741 1.9236858 2.0522252 2.0521843 1.4203416 1.3896236 0.0312520 0.0311975 0.0311386 0.0320586 0.0020841 0.0017709 0.0017711 0.0022935 0.0021889 0.0007274 0.0007274 0.0007794 0.0006755 0.0000000 0.0006235 0.0008845 0.0006755 0.0007274 0.0011971 0.0014578 0.0013532 0.0007794 0.0008314 0.0007794 0.0014055 0.0009354 0.0010926 0.0010926 0.0011447 0.0010930 0.0009874 0.0015620 0.0013012 0.0013012 0.0009354 0.0008314 0.0009354 0.0010405 0.0008314 0.0010405 0.0009885 0.0009885 0.0008834 0.0008845 0.0009354 0.0012493 0.0011450 0.0014578 0.0016670 0.0011968 0.0009354 0.0011968 0.0016144 0.0013534 0.0014052 0.0015618 0.0013010 0.0011968 0.0010926 0.0013014 0.0010927 0.0009885 0.0009885 0.0011969 0.0011970 0.0013011 0.0013535 0.0010928 0.0012491 0.0014058 0.0014058 0.0010929 0.0014578 0.0011450 0.0013538 0.0008834 0.0011969 0.0011969 0.0012491 0.0015099 0.0019279 0.0019279 0.0354748 0.0358957 0.0354372 0.0326134 
EBOV_H.sap-wt_GIN_14_Makona-Macenta-EM_076191_KR817141     1.9289079 1.9389450 1.9245127 2.0529131 2.0528722 1.4188104 1.3908039 0.0306783 0.0306238 0.0305651 0.0314835 0.0016661 0.0013532 0.0013533 0.0018751 0.0017706 0.0003117 0.0003117 0.0003636 0.0003636 0.0006235 0.0000000 0.0004676 0.0002597 0.0003117 0.0007794 0.0010405 0.0009354 0.0003636 0.0004156 0.0003636 0.0009874 0.0005195 0.0006755 0.0006755 0.0007274 0.0006755 0.0005715 0.0011446 0.0008834 0.0008834 0.0005195 0.0004156 0.0005195 0.0006235 0.0004156 0.0006235 0.0005715 0.0005715 0.0004676 0.0004676 0.0005195 0.0008314 0.0007274 0.0010405 0.0012493 0.0007794 0.0005195 0.0007794 0.0011969 0.0009354 0.0009874 0.0011444 0.0008834 0.0007794 0.0006755 0.0008834 0.0006755 0.0005715 0.0005715 0.0007794 0.0008314 0.0008834 0.0009354 0.0006755 0.0008314 0.0009885 0.0009885 0.0006755 0.0010405 0.0007274 0.0009366 0.0004676 0.0007794 0.0007794 0.0008314 0.0010926 0.0015100 0.0015100 0.0348442 0.0352642 0.0348558 0.0320377 
EBOV_H.sap-wt_GIN_14_Makona-Beyla-EM_075931_KR817138       1.9265389 1.9365613 1.9221519 2.0515483 2.0515074 1.4213381 1.3919207 0.0310870 0.0310325 0.0309736 0.0318934 0.0019278 0.0016146 0.0016148 0.0021370 0.0020325 0.0005715 0.0005715 0.0006235 0.0006235 0.0008845 0.0004676 0.0000000 0.0005195 0.0005715 0.0010410 0.0013016 0.0011971 0.0006235 0.0006755 0.0006235 0.0012493 0.0007794 0.0009365 0.0009365 0.0009886 0.0009368 0.0008314 0.0014057 0.0011450 0.0011450 0.0007794 0.0006755 0.0007794 0.0008844 0.0006755 0.0008834 0.0008315 0.0008315 0.0007274 0.0007274 0.0007794 0.0010931 0.0009889 0.0013016 0.0015107 0.0010406 0.0007794 0.0010407 0.0014582 0.0011972 0.0012491 0.0014056 0.0011449 0.0010406 0.0009365 0.0011452 0.0009366 0.0008314 0.0008314 0.0010407 0.0010933 0.0011449 0.0011973 0.0009366 0.0010930 0.0012496 0.0012496 0.0009367 0.0013016 0.0009888 0.0011976 0.0007274 0.0010408 0.0010408 0.0010929 0.0013537 0.0017716 0.0017716 0.0353085 0.0357292 0.0352708 0.0324481 
EBOV_H.sap-wt_GIN_14_Makona-Kissidougou-EM_078694_KR817171 1.9282759 1.9383076 1.9238834 2.0535579 2.0535169 1.4195677 1.3908668 0.0307338 0.0306793 0.0306206 0.0315391 0.0017182 0.0014053 0.0014054 0.0019272 0.0018228 0.0003636 0.0003636 0.0004156 0.0004156 0.0006755 0.0002597 0.0005195 0.0000000 0.0000519 0.0008314 0.0010926 0.0009874 0.0004156 0.0004676 0.0004156 0.0010394 0.0005715 0.0007274 0.0007274 0.0007794 0.0007274 0.0006235 0.0011967 0.0009354 0.0009354 0.0005715 0.0004676 0.0005715 0.0006755 0.0004676 0.0006755 0.0006235 0.0006235 0.0005195 0.0005195 0.0005715 0.0008834 0.0007794 0.0010926 0.0013014 0.0008314 0.0005715 0.0008314 0.0012490 0.0009874 0.0010394 0.0011965 0.0009354 0.0008314 0.0007274 0.0009354 0.0007274 0.0006235 0.0006235 0.0008314 0.0008844 0.0009354 0.0009884 0.0007274 0.0008834 0.0010406 0.0010406 0.0007274 0.0010926 0.0007794 0.0009886 0.0005195 0.0008314 0.0008314 0.0008834 0.0011447 0.0015621 0.0015621 0.0350641 0.0354844 0.0350264 0.0322069 
EBOV_H.sap-wt_GIN_14_Makona-Kissidougou-EM_078722_KR817175 1.9274085 1.9374357 1.9230188 2.0526311 2.0525902 1.4201741 1.3913162 0.0307919 0.0307374 0.0306786 0.0315973 0.0017704 0.0014575 0.0014577 0.0019795 0.0018751 0.0004156 0.0004156 0.0004676 0.0004676 0.0007274 0.0003117 0.0005715 0.0000519 0.0000000 0.0008834 0.0011447 0.0010394 0.0004676 0.0005195 0.0004676 0.0010925 0.0006235 0.0007794 0.0007794 0.0008314 0.0007794 0.0006755 0.0012488 0.0009874 0.0009874 0.0006235 0.0005195 0.0006235 0.0007274 0.0005195 0.0007274 0.0006755 0.0006755 0.0005715 0.0005715 0.0006235 0.0009354 0.0008314 0.0011447 0.0013536 0.0008834 0.0006235 0.0008834 0.0013012 0.0010405 0.0010914 0.0012487 0.0009874 0.0008834 0.0007794 0.0009884 0.0007794 0.0006755 0.0006755 0.0008834 0.0009365 0.0009874 0.0010405 0.0007794 0.0009354 0.0010928 0.0010928 0.0007794 0.0011447 0.0008314 0.0010408 0.0005715 0.0008834 0.0008834 0.0009354 0.0011968 0.0016143 0.0016143 0.0351231 0.0355434 0.0350854 0.0322653 
EBOV_H.sap-wt_LBR_14_Makona-LIBR0505_KR006957              1.9303372 1.9409296 1.9259401 2.0544428 2.0544018 1.4205559 1.3897943 0.0310790 0.0310245 0.0309656 0.0318851 0.0019272 0.0016141 0.0016143 0.0020844 0.0019799 0.0005715 0.0005715 0.0006235 0.0009354 0.0011971 0.0007794 0.0010410 0.0008314 0.0008834 0.0000000 0.0013012 0.0011967 0.0006235 0.0006755 0.0006235 0.0012490 0.0007794 0.0009354 0.0009354 0.0009874 0.0009365 0.0008314 0.0014053 0.0011447 0.0011447 0.0007794 0.0006755 0.0007794 0.0008834 0.0006755 0.0008834 0.0008315 0.0008315 0.0007274 0.0007274 0.0007794 0.0010928 0.0009886 0.0013012 0.0015103 0.0010394 0.0007794 0.0010394 0.0014578 0.0011969 0.0012487 0.0014052 0.0011446 0.0010394 0.0009354 0.0011449 0.0009354 0.0008314 0.0008314 0.0010404 0.0010930 0.0011446 0.0011970 0.0009354 0.0010927 0.0012492 0.0012492 0.0009365 0.0013012 0.0009886 0.0011973 0.0007274 0.0010405 0.0010405 0.0010926 0.0013533 0.0017711 0.0017711 0.0352994 0.0357201 0.0352618 0.0324398 
EBOV_H.sap-wt_SLE_14_Makona-Kailahun-20140517_KR653263     1.9309809 1.9408349 1.9263928 2.0523941 2.0523532 1.4195655 1.3875589 0.0312484 0.0311939 0.0311350 0.0320549 0.0021883 0.0017706 0.0017709 0.0022932 0.0021886 0.0007274 0.0007274 0.0007794 0.0011968 0.0014578 0.0010405 0.0013016 0.0010926 0.0011447 0.0013012 0.0000000 0.0006235 0.0006755 0.0007274 0.0006755 0.0014053 0.0009354 0.0010924 0.0010924 0.0011445 0.0010928 0.0009874 0.0015618 0.0013010 0.0013010 0.0009354 0.0008314 0.0009354 0.0010394 0.0008314 0.0010394 0.0009875 0.0009875 0.0008834 0.0008834 0.0009354 0.0012491 0.0011449 0.0014576 0.0016668 0.0011966 0.0009354 0.0011966 0.0016142 0.0013532 0.0014051 0.0015616 0.0013009 0.0011966 0.0010925 0.0013012 0.0010926 0.0009874 0.0009874 0.0011967 0.0012493 0.0013009 0.0013534 0.0010926 0.0012490 0.0014056 0.0014056 0.0010927 0.0014576 0.0011449 0.0013537 0.0008834 0.0011968 0.0011968 0.0012489 0.0015098 0.0019277 0.0019277 0.0354707 0.0358916 0.0354332 0.0326097 
EBOV_H.sap-wt_SLE_14_Makona-G4973_1_KR105286               1.9301510 1.9399988 1.9255663 2.0547996 2.0547585 1.4205584 1.3885538 0.0311277 0.0310732 0.0310144 0.0319338 0.0020834 0.0016659 0.0016661 0.0021882 0.0020837 0.0006235 0.0006235 0.0006755 0.0010914 0.0013532 0.0009354 0.0011971 0.0009874 0.0010394 0.0011967 0.0006235 0.0000000 0.0005715 0.0006235 0.0005715 0.0013008 0.0008314 0.0009874 0.0009874 0.0010394 0.0009884 0.0008834 0.0014571 0.0011965 0.0011965 0.0008314 0.0007274 0.0008314 0.0009354 0.0007274 0.0009354 0.0008835 0.0008835 0.0007794 0.0007794 0.0008314 0.0011446 0.0010404 0.0013530 0.0015621 0.0010914 0.0008314 0.0010914 0.0015096 0.0012487 0.0013005 0.0014570 0.0011954 0.0010914 0.0009874 0.0011967 0.0009874 0.0008834 0.0008834 0.0010914 0.0011448 0.0011954 0.0012488 0.0009874 0.0011445 0.0013011 0.0013011 0.0009874 0.0013530 0.0010404 0.0012491 0.0007794 0.0010914 0.0010914 0.0011445 0.0014052 0.0018229 0.0018229 0.0353477 0.0357683 0.0353101 0.0324883 
EBOV_H.sap-wt_SLE_14_Makona-G3799_KM233080                 1.9287863 1.9388190 1.9243931 2.0540060 2.0539650 1.4196196 1.3887883 0.0305024 0.0304480 0.0303893 0.0313070 0.0015093 0.0010914 0.0010925 0.0016138 0.0015095 0.0000519 0.0000519 0.0001039 0.0005195 0.0007794 0.0003636 0.0006235 0.0004156 0.0004676 0.0006235 0.0006755 0.0005715 0.0000000 0.0000519 0.0000010 0.0007274 0.0002597 0.0004156 0.0004156 0.0004676 0.0004156 0.0003117 0.0008834 0.0006235 0.0006235 0.0002597 0.0001558 0.0002597 0.0003636 0.0001558 0.0003636 0.0003117 0.0003117 0.0002078 0.0002078 0.0002597 0.0005715 0.0004676 0.0007794 0.0009885 0.0005195 0.0002597 0.0005195 0.0009354 0.0006755 0.0007274 0.0008834 0.0006235 0.0005195 0.0004156 0.0006235 0.0004156 0.0003117 0.0003117 0.0005195 0.0005715 0.0006235 0.0006755 0.0004156 0.0005715 0.0007274 0.0007274 0.0004156 0.0007794 0.0004676 0.0006755 0.0002078 0.0005195 0.0005195 0.0005715 0.0008314 0.0012490 0.0012490 0.0347149 0.0351345 0.0346770 0.0318610 
EBOV_H.sap-wt_SLE_14_Makona-G3788_KM233075                 1.9285030 1.9385356 1.9241100 2.0538684 2.0538274 1.4195210 1.3886904 0.0305588 0.0305044 0.0304456 0.0313635 0.0015614 0.0011445 0.0011446 0.0016660 0.0015616 0.0001039 0.0001039 0.0001558 0.0005715 0.0008314 0.0004156 0.0006755 0.0004676 0.0005195 0.0006755 0.0007274 0.0006235 0.0000519 0.0000000 0.0000519 0.0007794 0.0003117 0.0004676 0.0004676 0.0005195 0.0004676 0.0003636 0.0009354 0.0006755 0.0006755 0.0003117 0.0002078 0.0003117 0.0004156 0.0002078 0.0004156 0.0003636 0.0003636 0.0002597 0.0002597 0.0003117 0.0006235 0.0005195 0.0008314 0.0010406 0.0005715 0.0003117 0.0005715 0.0009874 0.0007274 0.0007794 0.0009354 0.0006755 0.0005715 0.0004676 0.0006755 0.0004676 0.0003636 0.0003636 0.0005715 0.0006235 0.0006755 0.0007274 0.0004676 0.0006235 0.0007794 0.0007794 0.0004676 0.0008314 0.0005195 0.0007274 0.0002597 0.0005715 0.0005715 0.0006235 0.0008834 0.0013011 0.0013011 0.0347719 0.0351916 0.0347340 0.0319175 
EBOV_H.sap-wt_SLE_14_Makona-G3677.2_KM034557               1.9287863 1.9388190 1.9243931 2.0540060 2.0539650 1.4196196 1.3887883 0.0305024 0.0304480 0.0303893 0.0313070 0.0015093 0.0010914 0.0010925 0.0016138 0.0015095 0.0000519 0.0000519 0.0001039 0.0005195 0.0007794 0.0003636 0.0006235 0.0004156 0.0004676 0.0006235 0.0006755 0.0005715 0.0000010 0.0000519 0.0000000 0.0007274 0.0002597 0.0004156 0.0004156 0.0004676 0.0004156 0.0003117 0.0008834 0.0006235 0.0006235 0.0002597 0.0001558 0.0002597 0.0003636 0.0001558 0.0003636 0.0003117 0.0003117 0.0002078 0.0002078 0.0002597 0.0005715 0.0004676 0.0007794 0.0009885 0.0005195 0.0002597 0.0005195 0.0009354 0.0006755 0.0007274 0.0008834 0.0006235 0.0005195 0.0004156 0.0006235 0.0004156 0.0003117 0.0003117 0.0005195 0.0005715 0.0006235 0.0006755 0.0004156 0.0005715 0.0007274 0.0007274 0.0004156 0.0007794 0.0004676 0.0006755 0.0002078 0.0005195 0.0005195 0.0005715 0.0008314 0.0012490 0.0012490 0.0347149 0.0351345 0.0346770 0.0318610 
EBOV_H.sap-wt_SLE_14_Makona-Kenema-G5059_1_KR105296        1.9288945 1.9391427 1.9246511 2.0551089 2.0550678 1.4207004 1.3888244 0.0311880 0.0311336 0.0310747 0.0319943 0.0021359 0.0017183 0.0017185 0.0022407 0.0021362 0.0006755 0.0006755 0.0007274 0.0011446 0.0014055 0.0009874 0.0012493 0.0010394 0.0010925 0.0012490 0.0014053 0.0013008 0.0007274 0.0007794 0.0007274 0.0000000 0.0004676 0.0006235 0.0006235 0.0006755 0.0008314 0.0007274 0.0013009 0.0010394 0.0010394 0.0006755 0.0005715 0.0006755 0.0007794 0.0005715 0.0007794 0.0007275 0.0007275 0.0006235 0.0006235 0.0006755 0.0009885 0.0008834 0.0011968 0.0014057 0.0009354 0.0006755 0.0009354 0.0013533 0.0010925 0.0011434 0.0013007 0.0010394 0.0009354 0.0008314 0.0010405 0.0008314 0.0007274 0.0007274 0.0009354 0.0011971 0.0012487 0.0013011 0.0010404 0.0011967 0.0013534 0.0013534 0.0010405 0.0014053 0.0010926 0.0013014 0.0008314 0.0011446 0.0011446 0.0011967 0.0014575 0.0018753 0.0018753 0.0354092 0.0358299 0.0353716 0.0324950 
EBOV_H.sap-wt_SLE_14_Makona-Kenema-G4702_1_KR105265        1.9291081 1.9393556 1.9247146 2.0536844 2.0536434 1.4202821 1.3884905 0.0306724 0.0306180 0.0305592 0.0314774 0.0016658 0.0012487 0.0012489 0.0017704 0.0016660 0.0002078 0.0002078 0.0002597 0.0006755 0.0009354 0.0005195 0.0007794 0.0005715 0.0006235 0.0007794 0.0009354 0.0008314 0.0002597 0.0003117 0.0002597 0.0004676 0.0000000 0.0001558 0.0001558 0.0002078 0.0003636 0.0002597 0.0008314 0.0005715 0.0005715 0.0002078 0.0001039 0.0002078 0.0003117 0.0001039 0.0003117 0.0002597 0.0002597 0.0001558 0.0001558 0.0002078 0.0005195 0.0004156 0.0007274 0.0009364 0.0004676 0.0002078 0.0004676 0.0008834 0.0006235 0.0006755 0.0008314 0.0005715 0.0004676 0.0003636 0.0005715 0.0003636 0.0002597 0.0002597 0.0004676 0.0007274 0.0007794 0.0008314 0.0005715 0.0007274 0.0008834 0.0008834 0.0005715 0.0009354 0.0006235 0.0008314 0.0003636 0.0006755 0.0006755 0.0007274 0.0009874 0.0014054 0.0014054 0.0348868 0.0353067 0.0348490 0.0319775 
EBOV_H.sap-wt_SLE_14_Makona-Kenema-G4350_1_KR105242        1.9301175 1.9403662 1.9257226 2.0529509 2.0529099 1.4197726 1.3888555 0.0307292 0.0306747 0.0306160 0.0315343 0.0018223 0.0014051 0.0014053 0.0019270 0.0018225 0.0003636 0.0003636 0.0004156 0.0008314 0.0010926 0.0006755 0.0009365 0.0007274 0.0007794 0.0009354 0.0010924 0.0009874 0.0004156 0.0004676 0.0004156 0.0006235 0.0001558 0.0000000 0.0000010 0.0000519 0.0005195 0.0004156 0.0009874 0.0007274 0.0007274 0.0003636 0.0002597 0.0003636 0.0004676 0.0002597 0.0004676 0.0004156 0.0004156 0.0003117 0.0003117 0.0003636 0.0006755 0.0005715 0.0008834 0.0010928 0.0006235 0.0003636 0.0006235 0.0010404 0.0007794 0.0008314 0.0009874 0.0007274 0.0006235 0.0005195 0.0007274 0.0005195 0.0004156 0.0004156 0.0006235 0.0008834 0.0009354 0.0009874 0.0007274 0.0008834 0.0010405 0.0010405 0.0007274 0.0010924 0.0007794 0.0009885 0.0005195 0.0008314 0.0008314 0.0008834 0.0011445 0.0015619 0.0015619 0.0349443 0.0353643 0.0349065 0.0320344 
EBOV_H.sap-wt_SLE_14_Makona-Kenema-G4971_1_KR105284        1.9301175 1.9403662 1.9257226 2.0529509 2.0529099 1.4197726 1.3888555 0.0307292 0.0306747 0.0306160 0.0315343 0.0018223 0.0014051 0.0014053 0.0019270 0.0018225 0.0003636 0.0003636 0.0004156 0.0008314 0.0010926 0.0006755 0.0009365 0.0007274 0.0007794 0.0009354 0.0010924 0.0009874 0.0004156 0.0004676 0.0004156 0.0006235 0.0001558 0.0000010 0.0000000 0.0000519 0.0005195 0.0004156 0.0009874 0.0007274 0.0007274 0.0003636 0.0002597 0.0003636 0.0004676 0.0002597 0.0004676 0.0004156 0.0004156 0.0003117 0.0003117 0.0003636 0.0006755 0.0005715 0.0008834 0.0010928 0.0006235 0.0003636 0.0006235 0.0010404 0.0007794 0.0008314 0.0009874 0.0007274 0.0006235 0.0005195 0.0007274 0.0005195 0.0004156 0.0004156 0.0006235 0.0008834 0.0009354 0.0009874 0.0007274 0.0008834 0.0010405 0.0010405 0.0007274 0.0010924 0.0007794 0.0009885 0.0005195 0.0008314 0.0008314 0.0008834 0.0011445 0.0015619 0.0015619 0.0349443 0.0353643 0.0349065 0.0320344 
EBOV_H.sap-wt_SLE_14_Makona-Kenema-G4856_1_KR105273        1.9303875 1.9406363 1.9259924 2.0530035 2.0529625 1.4200038 1.3890874 0.0307856 0.0307311 0.0306724 0.0315909 0.0018745 0.0014572 0.0014574 0.0019792 0.0018747 0.0004156 0.0004156 0.0004676 0.0008834 0.0011447 0.0007274 0.0009886 0.0007794 0.0008314 0.0009874 0.0011445 0.0010394 0.0004676 0.0005195 0.0004676 0.0006755 0.0002078 0.0000519 0.0000519 0.0000000 0.0005715 0.0004676 0.0010394 0.0007794 0.0007794 0.0004156 0.0003117 0.0004156 0.0005195 0.0003117 0.0005195 0.0004676 0.0004676 0.0003636 0.0003636 0.0004156 0.0007274 0.0006235 0.0009354 0.0011449 0.0006755 0.0004156 0.0006755 0.0010925 0.0008314 0.0008834 0.0010394 0.0007794 0.0006755 0.0005715 0.0007794 0.0005715 0.0004676 0.0004676 0.0006755 0.0009354 0.0009874 0.0010394 0.0007794 0.0009354 0.0010926 0.0010926 0.0007794 0.0011445 0.0008314 0.0010406 0.0005715 0.0008834 0.0008834 0.0009354 0.0011966 0.0016140 0.0016140 0.0350013 0.0354214 0.0349636 0.0320910 
EBOV_H.sap-wt_SLE_14_Makona-Bonthe-G5723_1_KR105319        1.9301950 1.9402323 1.9257986 2.0508996 2.0508587 1.4178327 1.3892552 0.0307402 0.0306857 0.0306269 0.0315456 0.0018229 0.0014056 0.0014057 0.0019276 0.0018232 0.0003636 0.0003636 0.0004156 0.0008314 0.0010930 0.0006755 0.0009368 0.0007274 0.0007794 0.0009365 0.0010928 0.0009884 0.0004156 0.0004676 0.0004156 0.0008314 0.0003636 0.0005195 0.0005195 0.0005715 0.0000000 0.0002078 0.0007794 0.0005195 0.0005195 0.0001558 0.0002597 0.0003636 0.0004676 0.0002597 0.0004676 0.0004156 0.0004156 0.0003117 0.0003117 0.0003636 0.0006755 0.0005715 0.0008844 0.0010931 0.0006235 0.0003636 0.0006235 0.0010408 0.0007794 0.0008314 0.0009874 0.0007274 0.0006235 0.0005195 0.0007274 0.0005195 0.0004156 0.0004156 0.0006235 0.0008846 0.0009354 0.0009886 0.0007274 0.0008834 0.0010408 0.0010408 0.0007274 0.0010928 0.0007794 0.0009889 0.0005195 0.0008314 0.0008314 0.0008834 0.0011449 0.0015624 0.0015624 0.0349568 0.0353769 0.0349190 0.0321000 
EBOV_H.sap-wt_SLE_14_Makona-J0042_KP759711                 1.9293914 1.9394242 1.9249976 2.0536104 2.0535694 1.4194392 1.3881272 0.0306160 0.0305616 0.0305028 0.0314209 0.0017179 0.0013008 0.0013010 0.0018226 0.0017182 0.0002597 0.0002597 0.0003117 0.0007274 0.0009874 0.0005715 0.0008314 0.0006235 0.0006755 0.0008314 0.0009874 0.0008834 0.0003117 0.0003636 0.0003117 0.0007274 0.0002597 0.0004156 0.0004156 0.0004676 0.0002078 0.0000000 0.0006755 0.0004156 0.0004156 0.0000519 0.0001558 0.0002597 0.0003636 0.0001558 0.0003636 0.0003117 0.0003117 0.0002078 0.0002078 0.0002597 0.0005715 0.0004676 0.0007794 0.0009885 0.0005195 0.0002597 0.0005195 0.0009354 0.0006755 0.0007274 0.0008834 0.0006235 0.0005195 0.0004156 0.0006235 0.0004156 0.0003117 0.0003117 0.0005195 0.0007794 0.0008314 0.0008834 0.0006235 0.0007794 0.0009354 0.0009354 0.0006235 0.0009874 0.0006755 0.0008834 0.0004156 0.0007274 0.0007274 0.0007794 0.0010394 0.0014575 0.0014575 0.0348298 0.0352496 0.0347920 0.0319750 
EBOV_H.sap-wt_SLE_14_Makona-J0150_KP759696                 1.9298280 1.9398605 1.9254340 2.0518821 2.0518412 1.4180116 1.3885958 0.0312440 0.0311895 0.0311307 0.0320504 0.0022926 0.0018748 0.0018750 0.0023974 0.0022929 0.0008314 0.0008314 0.0008834 0.0013009 0.0015620 0.0011446 0.0014057 0.0011967 0.0012488 0.0014053 0.0015618 0.0014571 0.0008834 0.0009354 0.0008834 0.0013009 0.0008314 0.0009874 0.0009874 0.0010394 0.0007794 0.0006755 0.0000000 0.0009874 0.0009874 0.0006235 0.0007274 0.0008314 0.0009354 0.0007274 0.0009354 0.0008835 0.0008835 0.0007794 0.0007794 0.0008314 0.0011447 0.0010405 0.0013532 0.0015622 0.0010914 0.0008314 0.0010914 0.0015097 0.0012488 0.0013007 0.0014571 0.0011965 0.0010914 0.0009874 0.0011968 0.0009874 0.0008834 0.0008834 0.0010914 0.0013534 0.0014050 0.0014575 0.0011967 0.0013531 0.0015098 0.0015098 0.0011968 0.0015617 0.0012489 0.0014578 0.0009874 0.0013009 0.0013009 0.0013530 0.0016139 0.0020319 0.0020319 0.0354114 0.0358322 0.0354282 0.0326051 
EBOV_H.sap-wt_SLE_14_Makona-J0171_KP759707                 1.9294286 1.9394568 1.9252983 2.0545183 2.0544773 1.4189598 1.3896156 0.0308466 0.0307922 0.0307334 0.0316521 0.0020314 0.0016139 0.0016141 0.0021361 0.0020316 0.0005715 0.0005715 0.0006235 0.0010394 0.0013012 0.0008834 0.0011450 0.0009354 0.0009874 0.0011447 0.0013010 0.0011965 0.0006235 0.0006755 0.0006235 0.0010394 0.0005715 0.0007274 0.0007274 0.0007794 0.0005195 0.0004156 0.0009874 0.0000000 0.0000010 0.0003636 0.0004676 0.0005715 0.0006755 0.0004676 0.0006755 0.0006235 0.0006235 0.0005195 0.0005195 0.0005715 0.0008834 0.0007794 0.0010926 0.0013014 0.0008314 0.0005715 0.0008314 0.0012490 0.0009874 0.0010394 0.0011965 0.0009354 0.0008314 0.0007274 0.0009354 0.0007274 0.0006235 0.0006235 0.0008314 0.0010928 0.0011444 0.0011968 0.0009354 0.0010925 0.0012490 0.0012490 0.0009354 0.0013010 0.0009874 0.0011971 0.0007274 0.0010394 0.0010394 0.0010924 0.0013531 0.0017708 0.0017708 0.0349486 0.0353687 0.0349109 0.0321476 
