96
RESTV_M.fas-tc_USA_89_Philippines89-Pennsylvania_NC_004161 0.0000000 0.0256110 0.0346140 2.1187667 2.1925612 1.8646709 1.8656950 1.8634196 1.8677944 1.8786544 1.8796335 1.8791647 1.8806340 1.8814115 1.8804349 1.8802430 1.8815355 1.8820889 1.8831566 1.8809154 1.8817866 1.8802731 1.8807328 1.8804944 1.8820484 1.8817725 1.8814890 1.8802223 1.8822494 1.8813024 1.8799436 1.8799436 1.8801648 1.8804032 1.8794604 1.8798390 1.8807108 1.8789350 1.8791798 1.8791798 1.8799645 1.8807989 1.8787590 1.8789801 1.8801384 1.8801498 1.8799049 1.8804333 1.8801612 1.8805800 1.8799861 1.8797649 1.8811272 1.8803185 1.8804868 1.8797955 1.8797955 1.8803119 1.8795665 1.8795975 1.8792132 1.8810488 1.8803164 1.8800494 1.8800494 1.8802169 1.8809434 1.8806599 1.8809681 1.8806169 1.8799449 1.8799449 1.8797115 1.8812505 1.8788496 1.8790568 1.8794233 1.8795818 1.8808324 1.8800723 1.8829597 1.8798877 1.8811662 1.8811662 1.8797818 1.8800652 1.8798954 1.8778044 1.8818252 1.8812881 1.8814146 1.8802243 1.8831418 1.8848438 1.8848185 1.8847252 
RESTV_S.dom-tc_PHL_08_Reston08-A_FJ621583                  0.0256110 0.0000000 0.0511616 2.1466730 2.2071895 1.8963498 1.8973943 1.8950774 1.8995321 1.9102843 1.9114865 1.9105204 1.9135771 1.9186149 1.9171696 1.9173968 1.9187260 1.9192828 1.9203069 1.9180683 1.9189632 1.9172216 1.9176863 1.9174466 1.9190260 1.9187502 1.9184642 1.9171732 1.9192298 1.9182719 1.9168800 1.9168800 1.9171050 1.9173447 1.9163950 1.9167762 1.9176699 1.9158488 1.9160940 1.9160940 1.9168974 1.9177597 1.9158823 1.9161071 1.9170919 1.9171043 1.9168590 1.9173903 1.9171168 1.9168771 1.9169230 1.9166981 1.9180870 1.9174857 1.9174418 1.9160791 1.9160791 1.9172480 1.9164945 1.9165250 1.9161429 1.9180065 1.9172692 1.9170022 1.9170022 1.9166819 1.9179182 1.9176121 1.9164070 1.9177824 1.9170916 1.9170916 1.9168588 1.9182097 1.9159707 1.9161798 1.9163399 1.9165140 1.9177832 1.9170192 1.9199960 1.9168284 1.9181431 1.9181431 1.9165146 1.9168005 1.9161891 1.9147046 1.9188181 1.9187195 1.9183820 1.9171779 1.9201019 1.9219276 1.8963185 1.8962258 
RESTV_S.dom-xx_PHL_08_Reston08-C_FJ621584                  0.0346140 0.0511616 0.0000000 2.1297895 2.2054791 1.8743836 1.8754105 1.8734000 1.8770344 1.8876620 1.8899124 1.8889846 1.8909669 1.8934427 1.8915557 1.8910889 1.8925983 1.8927951 1.8937999 1.8920308 1.8929060 1.8918222 1.8916428 1.8914048 1.8929609 1.8926860 1.8924027 1.8911949 1.8926799 1.8921502 1.8908514 1.8908514 1.8910729 1.8913108 1.8908514 1.8913862 1.8916225 1.8898397 1.8900837 1.8900837 1.8908712 1.8917108 1.8896634 1.8898848 1.8910505 1.8910621 1.8908179 1.8913454 1.8910738 1.8914874 1.8908938 1.8908822 1.8920377 1.8912303 1.8913981 1.8907017 1.8907017 1.8910085 1.8902633 1.8902941 1.8899117 1.8919590 1.8912276 1.8909616 1.8909616 1.8911277 1.8919205 1.8915698 1.8903934 1.8917370 1.8914292 1.8914292 1.8908295 1.8927994 1.8921987 1.8904420 1.8903271 1.8904896 1.8917413 1.8908344 1.8939510 1.8910068 1.8920815 1.8920815 1.8911748 1.8914580 1.8908042 1.8884993 1.8927429 1.8917123 1.8924833 1.8909262 1.8940638 1.8957775 1.9031167 1.9030887 
TAFV_H.sap-tc_CIV_94_Pauleoula-CI_NC_014372                2.1187667 2.1466730 2.1297895 0.0000000 0.7794954 1.2617760 1.2615923 1.2611836 1.2627865 1.2732205 1.2749564 1.2835443 1.2808651 1.2917812 1.2946098 1.2918131 1.2913815 1.2928560 1.2935812 1.2897016 1.2904349 1.2892867 1.2904581 1.2902623 1.2897915 1.2901980 1.2899742 1.2905164 1.2897961 1.2897957 1.2899742 1.2899742 1.2901980 1.2899873 1.2900602 1.2901034 1.2906442 1.2907294 1.2908541 1.2906060 1.2908339 1.2905473 1.2906921 1.2906875 1.2896898 1.2896852 1.2898809 1.2896806 1.2896806 1.2907943 1.2898508 1.2896269 1.2902729 1.2906297 1.2905467 1.2897779 1.2897779 1.2915790 1.2917256 1.2916008 1.2918888 1.2899427 1.2895850 1.2903443 1.2903443 1.2903549 1.2902946 1.2897738 1.2918386 1.2904786 1.2906723 1.2906723 1.2915129 1.2898016 1.2917684 1.2908569 1.2917068 1.2908271 1.2906433 1.2908989 1.2914918 1.2898380 1.2901815 1.2901815 1.2899381 1.2896715 1.2911009 1.2930267 1.2906444 1.2926850 1.2922208 1.2917628 1.2901929 1.2913692 2.1338665 2.1341143 
BDBV_H.sap-xx_COD_12_EboBund-122_KC545395                  2.1925612 2.2071895 2.2054791 0.7794954 0.0000000 1.3298459 1.3296412 1.3304185 1.3309949 1.3504209 1.3526500 1.3562650 1.3542418 1.3503088 1.3509984 1.3484122 1.3513328 1.3486243 1.3483312 1.3499184 1.3493969 1.3470617 1.3474908 1.3472921 1.3463666 1.3467785 1.3470515 1.3473881 1.3468489 1.3470886 1.3469851 1.3469851 1.3472131 1.3469999 1.3469851 1.3468855 1.3476818 1.3472326 1.3471298 1.3468027 1.3467646 1.3473519 1.3474693 1.3476310 1.3464326 1.3466606 1.3468592 1.3466574 1.3468885 1.3475042 1.3472495 1.3467904 1.3475272 1.3455969 1.3456773 1.3454430 1.3454430 1.3474243 1.3471669 1.3470385 1.3470076 1.3460034 1.3465753 1.3465782 1.3465782 1.3469284 1.3462572 1.3472087 1.3482657 1.3472482 1.3484395 1.3484395 1.3499204 1.3471971 1.3477377 1.3478153 1.3484562 1.3487061 1.3480405 1.3483572 1.3470231 1.3483214 1.3456658 1.3456658 1.3479351 1.3481631 1.3463085 1.3493728 1.3468046 1.3483054 1.3474887 1.3482255 1.3472961 1.3484686 2.1295488 2.1297556 
EBOV_H.sap-tc_COD_07_1Luebo_KC242786                       1.8646709 1.8963498 1.8743836 1.2617760 1.3298459 0.0000000 0.0001033 0.0004131 0.0007243 0.0241667 0.0247806 0.0237768 0.0200577 0.0304719 0.0304610 0.0300166 0.0298463 0.0296822 0.0297957 0.0300615 0.0300577 0.0304086 0.0298435 0.0298998 0.0300689 0.0299569 0.0299008 0.0300124 0.0300684 0.0301250 0.0300146 0.0300146 0.0300707 0.0301265 0.0301267 0.0301274 0.0300792 0.0301881 0.0301849 0.0302445 0.0303536 0.0301286 0.0301878 0.0301313 0.0302431 0.0302992 0.0303550 0.0303553 0.0303553 0.0303686 0.0301921 0.0302487 0.0301926 0.0304152 0.0303558 0.0303561 0.0303561 0.0307554 0.0305866 0.0305303 0.0308141 0.0301254 0.0300692 0.0301818 0.0301818 0.0302377 0.0300761 0.0301248 0.0300777 0.0296763 0.0292793 0.0292793 0.0293992 0.0303533 0.0307508 0.0305770 0.0304745 0.0306454 0.0302399 0.0304084 0.0303008 0.0304229 0.0304787 0.0304787 0.0302997 0.0303558 0.0308119 0.0307544 0.0306942 0.0305311 0.0304739 0.0308618 0.0304662 0.0308051 1.8830332 1.8845904 
EBOV_H.sap-tc_COD_07_M-M_HQ613403                          1.8656950 1.8973943 1.8754105 1.2615923 1.3296412 0.0001033 0.0000000 0.0003098 0.0006198 0.0240551 0.0246688 0.0236652 0.0199475 0.0303580 0.0303472 0.0299029 0.0297327 0.0295686 0.0296821 0.0299478 0.0299441 0.0302947 0.0297299 0.0297862 0.0299552 0.0298432 0.0297871 0.0298987 0.0299547 0.0300113 0.0299009 0.0299009 0.0299570 0.0300127 0.0300129 0.0300137 0.0299655 0.0300744 0.0300711 0.0301307 0.0302398 0.0300148 0.0300740 0.0300175 0.0301293 0.0301854 0.0302412 0.0302415 0.0302415 0.0302547 0.0300784 0.0301349 0.0300788 0.0303013 0.0302420 0.0302423 0.0302423 0.0306415 0.0304727 0.0304164 0.0307001 0.0300117 0.0299555 0.0300680 0.0300680 0.0301239 0.0299623 0.0300111 0.0299640 0.0295627 0.0291659 0.0291659 0.0292857 0.0302395 0.0306369 0.0304632 0.0303606 0.0305315 0.0301262 0.0302946 0.0301870 0.0303090 0.0303648 0.0303648 0.0301859 0.0302420 0.0306979 0.0306404 0.0305802 0.0304172 0.0303600 0.0307478 0.0303523 0.0306912 1.8825925 1.8841488 
EBOV_H.sap-tc_COD_07_5Luebo_KC242790                       1.8634196 1.8950774 1.8734000 1.2611836 1.3304185 0.0004131 0.0003098 0.0000000 0.0009317 0.0243953 0.0250098 0.0240050 0.0202825 0.0307062 0.0306952 0.0302506 0.0300801 0.0299159 0.0300295 0.0302953 0.0302916 0.0306428 0.0300773 0.0301336 0.0303028 0.0301907 0.0301346 0.0302463 0.0303023 0.0303590 0.0302485 0.0302485 0.0303047 0.0303605 0.0303607 0.0303614 0.0303132 0.0304222 0.0304189 0.0304786 0.0305878 0.0303626 0.0304219 0.0303653 0.0304772 0.0305334 0.0305892 0.0305896 0.0305896 0.0306029 0.0304263 0.0304828 0.0304267 0.0306495 0.0305901 0.0305904 0.0305904 0.0309900 0.0308211 0.0307647 0.0310488 0.0303594 0.0303031 0.0304158 0.0304158 0.0304718 0.0303101 0.0303588 0.0303117 0.0299099 0.0295126 0.0295126 0.0296326 0.0305875 0.0309854 0.0308114 0.0307089 0.0308800 0.0304740 0.0306426 0.0305350 0.0306573 0.0307131 0.0307131 0.0305339 0.0305901 0.0310465 0.0309890 0.0309287 0.0307655 0.0307082 0.0310964 0.0307005 0.0310397 1.8829544 1.8845115 
EBOV_H.sap-tc_COD_08_034-KS_HQ613402                       1.8677944 1.8995321 1.8770344 1.2627865 1.3309949 0.0007243 0.0006198 0.0009317 0.0000000 0.0247404 0.0253557 0.0243495 0.0206217 0.0309958 0.0309847 0.0305397 0.0303690 0.0302047 0.0303184 0.0305844 0.0305806 0.0309323 0.0303662 0.0304226 0.0305920 0.0304797 0.0304236 0.0305353 0.0305914 0.0306482 0.0305376 0.0305376 0.0305938 0.0306497 0.0306499 0.0306506 0.0306025 0.0307115 0.0307082 0.0307680 0.0308772 0.0306518 0.0307112 0.0306546 0.0307665 0.0308228 0.0308786 0.0308790 0.0308790 0.0308924 0.0307156 0.0307722 0.0307161 0.0309390 0.0308795 0.0308798 0.0308798 0.0312799 0.0311108 0.0310543 0.0313387 0.0306486 0.0305922 0.0307050 0.0307050 0.0307611 0.0305993 0.0306480 0.0306009 0.0301986 0.0298010 0.0298010 0.0299211 0.0308769 0.0312752 0.0311010 0.0309985 0.0311697 0.0307633 0.0309321 0.0308244 0.0309469 0.0310027 0.0310027 0.0308233 0.0308795 0.0313364 0.0312788 0.0312184 0.0309428 0.0308854 0.0313863 0.0309900 0.0313296 1.8843993 1.8859576 
EBOV_H.sap-xx_COD_14_Lomela-Lokolia16_KP271018             1.8786544 1.9102843 1.8876620 1.2732205 1.3504209 0.0241667 0.0240551 0.0243953 0.0247404 0.0000000 0.0012937 0.0092801 0.0138960 0.0345419 0.0346436 0.0341941 0.0340821 0.0338558 0.0339709 0.0342382 0.0342934 0.0347052 0.0341322 0.0341893 0.0342999 0.0342472 0.0341904 0.0343033 0.0343600 0.0344175 0.0343059 0.0343059 0.0343628 0.0344192 0.0344194 0.0344203 0.0343725 0.0344824 0.0344787 0.0345395 0.0346497 0.0344216 0.0345962 0.0345389 0.0345379 0.0345948 0.0346512 0.0346516 0.0346516 0.0346666 0.0344870 0.0345443 0.0344875 0.0347128 0.0347159 0.0348305 0.0348305 0.0350051 0.0349477 0.0348296 0.0350648 0.0344180 0.0343609 0.0344751 0.0344751 0.0345317 0.0343688 0.0344172 0.0343708 0.0339629 0.0334463 0.0334463 0.0335687 0.0347629 0.0350526 0.0348759 0.0347732 0.0349467 0.0345343 0.0347049 0.0345966 0.0347216 0.0347780 0.0347780 0.0345953 0.0346521 0.0351150 0.0350567 0.0351088 0.0348305 0.0347198 0.0351648 0.0347638 0.0351074 1.9023274 1.9041120 
EBOV_H.sap-xx_COD_14_Lomela-Lokolia17_KP271019             1.8796335 1.9114865 1.8899124 1.2749564 1.3526500 0.0247806 0.0246688 0.0250098 0.0253557 0.0012937 0.0000000 0.0099223 0.0145984 0.0351271 0.0352780 0.0347141 0.0347157 0.0344890 0.0346043 0.0348717 0.0349270 0.0353397 0.0347657 0.0348229 0.0349336 0.0348809 0.0348240 0.0349371 0.0349939 0.0350515 0.0349398 0.0349398 0.0349967 0.0350533 0.0350535 0.0350543 0.0350066 0.0351167 0.0351129 0.0351739 0.0352841 0.0350557 0.0352306 0.0351732 0.0351722 0.0352292 0.0352857 0.0352861 0.0352861 0.0353014 0.0351213 0.0351787 0.0351219 0.0353475 0.0353506 0.0354654 0.0354654 0.0356404 0.0355829 0.0354646 0.0357002 0.0350520 0.0349949 0.0351092 0.0351092 0.0351659 0.0350028 0.0350512 0.0350049 0.0345961 0.0340786 0.0340786 0.0342014 0.0353975 0.0356878 0.0355107 0.0354080 0.0355819 0.0351686 0.0353395 0.0352310 0.0353564 0.0354129 0.0354129 0.0352297 0.0352866 0.0357504 0.0356920 0.0357441 0.0354654 0.0353546 0.0358002 0.0353984 0.0357427 1.9012767 1.9030598 
EBOV_H.sap-tc_COD_95_Kikwit-9510621_KR867676               1.8791647 1.9105204 1.8889846 1.2835443 1.3562650 0.0237768 0.0236652 0.0240050 0.0243495 0.0092801 0.0099223 0.0000000 0.0134076 0.0339152 0.0339031 0.0334542 0.0334563 0.0332302 0.0333452 0.0336123 0.0336675 0.0339644 0.0333926 0.0334495 0.0335600 0.0335073 0.0334506 0.0335634 0.0336200 0.0336774 0.0335659 0.0335659 0.0336227 0.0336790 0.0336792 0.0336800 0.0336321 0.0337420 0.0337383 0.0337990 0.0339090 0.0336814 0.0338555 0.0337983 0.0337974 0.0338541 0.0339105 0.0339109 0.0339109 0.0339256 0.0336811 0.0337382 0.0336816 0.0339719 0.0339749 0.0340893 0.0340893 0.0342635 0.0342063 0.0340885 0.0343231 0.0336778 0.0336209 0.0337348 0.0337348 0.0337913 0.0336286 0.0336771 0.0336305 0.0332235 0.0328216 0.0328216 0.0329437 0.0339086 0.0343111 0.0341348 0.0340321 0.0342053 0.0337939 0.0339642 0.0338559 0.0339150 0.0339713 0.0339713 0.0338546 0.0339114 0.0343733 0.0343152 0.0343673 0.0340893 0.0339788 0.0344232 0.0340229 0.0343659 1.8972745 1.8990552 
EBOV_H.sap-tc_COD_77_Bonduni_KC242791                      1.8806340 1.9135771 1.8909669 1.2808651 1.3542418 0.0200577 0.0199475 0.0202825 0.0206217 0.0138960 0.0145984 0.0134076 0.0000000 0.0306953 0.0306843 0.0302390 0.0301280 0.0299039 0.0300177 0.0301716 0.0302265 0.0306318 0.0300655 0.0301219 0.0302317 0.0301791 0.0301229 0.0302347 0.0302908 0.0303477 0.0302370 0.0302370 0.0302932 0.0303491 0.0303493 0.0303500 0.0303018 0.0304109 0.0304076 0.0304674 0.0305767 0.0303512 0.0305235 0.0304668 0.0304660 0.0305222 0.0305781 0.0305785 0.0305785 0.0305918 0.0304150 0.0304716 0.0304155 0.0306385 0.0306412 0.0307545 0.0307545 0.0308676 0.0308702 0.0307538 0.0309857 0.0303481 0.0302916 0.0304045 0.0304045 0.0304606 0.0302986 0.0303474 0.0303003 0.0298979 0.0295001 0.0295001 0.0296202 0.0305764 0.0309749 0.0308007 0.0306980 0.0308693 0.0304628 0.0306316 0.0305238 0.0306463 0.0307022 0.0307022 0.0305227 0.0305790 0.0310361 0.0309785 0.0310306 0.0307547 0.0306447 0.0310860 0.0306896 0.0310293 1.8963637 1.8979352 
EBOV_H.sap-wt_GIN_14_Makona-Gueckedou-EM_080076_KR817235   1.8814115 1.9186149 1.8934427 1.2917812 1.3503088 0.0304719 0.0303580 0.0307062 0.0309958 0.0345419 0.0351271 0.0339152 0.0306953 0.0000000 0.0016563 0.0013970 0.0018644 0.0017607 0.0018646 0.0019679 0.0020715 0.0023317 0.0018122 0.0018641 0.0020199 0.0019160 0.0018641 0.0019679 0.0020198 0.0020718 0.0019681 0.0019681 0.0020200 0.0020719 0.0020719 0.0020719 0.0020206 0.0022282 0.0021239 0.0022278 0.0022798 0.0021759 0.0022281 0.0021761 0.0021760 0.0022280 0.0022799 0.0022799 0.0022799 0.0023324 0.0021759 0.0022279 0.0021759 0.0023322 0.0023324 0.0024881 0.0024881 0.0026444 0.0025924 0.0024364 0.0027485 0.0021758 0.0021238 0.0022277 0.0022277 0.0022797 0.0021757 0.0021756 0.0020721 0.0016566 0.0012934 0.0012934 0.0013975 0.0023837 0.0026440 0.0024876 0.0023844 0.0025406 0.0021758 0.0023317 0.0023321 0.0024882 0.0025402 0.0025402 0.0023839 0.0024359 0.0027478 0.0026443 0.0026960 0.0024365 0.0024884 0.0027479 0.0023838 0.0026958 1.9015600 1.9031323 
EBOV_H.sap-wt_GIN_14_Makona-Gueckedou-EM_079702_KR817210   1.8804349 1.9171696 1.8915557 1.2946098 1.3509984 0.0304610 0.0303472 0.0306952 0.0309847 0.0346436 0.0352780 0.0339031 0.0306843 0.0016563 0.0000000 0.0012929 0.0017600 0.0016563 0.0017602 0.0018635 0.0019670 0.0022270 0.0017078 0.0017597 0.0019154 0.0018116 0.0017598 0.0018635 0.0019154 0.0019673 0.0018636 0.0018636 0.0019155 0.0019674 0.0019674 0.0019674 0.0019161 0.0021236 0.0020194 0.0021232 0.0021752 0.0020713 0.0021235 0.0020715 0.0020715 0.0021234 0.0021753 0.0021753 0.0021753 0.0022277 0.0020713 0.0021233 0.0020714 0.0022275 0.0022277 0.0023833 0.0023833 0.0025396 0.0024875 0.0023316 0.0026435 0.0020712 0.0020193 0.0021231 0.0021231 0.0021750 0.0020711 0.0020711 0.0019676 0.0015523 0.0011894 0.0011894 0.0012933 0.0022790 0.0025391 0.0023828 0.0022797 0.0024358 0.0020712 0.0022270 0.0022275 0.0023834 0.0024354 0.0024354 0.0022792 0.0023311 0.0026429 0.0025394 0.0025911 0.0023317 0.0023836 0.0026430 0.0022791 0.0025909 1.8977198 1.8992882 
EBOV_H.sap-wt_GIN_14_Makona-Gueckedou-EM_079587_KR817202   1.8802430 1.9173968 1.8910889 1.2918131 1.3484122 0.0300166 0.0299029 0.0302506 0.0305397 0.0341941 0.0347141 0.0334542 0.0302390 0.0013970 0.0012929 0.0000000 0.0013970 0.0012934 0.0013971 0.0015004 0.0016039 0.0018635 0.0013449 0.0013967 0.0015522 0.0014486 0.0013968 0.0015004 0.0015522 0.0016041 0.0015005 0.0015005 0.0015523 0.0016041 0.0016042 0.0016042 0.0015528 0.0017601 0.0016561 0.0017598 0.0018117 0.0017080 0.0017600 0.0017081 0.0017081 0.0017600 0.0018118 0.0018118 0.0018118 0.0018641 0.0017080 0.0017599 0.0017080 0.0018639 0.0018641 0.0020196 0.0020196 0.0021757 0.0021237 0.0019679 0.0022796 0.0017079 0.0016560 0.0017598 0.0017598 0.0018116 0.0017078 0.0017078 0.0016044 0.0011895 0.0008265 0.0008265 0.0009299 0.0019155 0.0021753 0.0020192 0.0019161 0.0020719 0.0017079 0.0018635 0.0018639 0.0020197 0.0020716 0.0020716 0.0019156 0.0019675 0.0022790 0.0021755 0.0022272 0.0019680 0.0020198 0.0022791 0.0019155 0.0022271 1.8977958 1.8993641 
EBOV_H.sap-wt_GIN_14_Makona-Macenta-EM_079424_KR817189     1.8815355 1.9187260 1.8925983 1.2913815 1.3513328 0.0298463 0.0297327 0.0300801 0.0303690 0.0340821 0.0347157 0.0334563 0.0301280 0.0018644 0.0017600 0.0013970 0.0000000 0.0010347 0.0011383 0.0014490 0.0015525 0.0018122 0.0012934 0.0013453 0.0015008 0.0013971 0.0013453 0.0014490 0.0015008 0.0015527 0.0014491 0.0014491 0.0015009 0.0015527 0.0015527 0.0015528 0.0015013 0.0017087 0.0016047 0.0017084 0.0017603 0.0016566 0.0017086 0.0016567 0.0016567 0.0017086 0.0017604 0.0017605 0.0017605 0.0018127 0.0016566 0.0017085 0.0016566 0.0018125 0.0018127 0.0019683 0.0019683 0.0021243 0.0020724 0.0019166 0.0022282 0.0016565 0.0016046 0.0017084 0.0017084 0.0017602 0.0016564 0.0016564 0.0015529 0.0011381 0.0006715 0.0006715 0.0006715 0.0018641 0.0021240 0.0019679 0.0018647 0.0020206 0.0016565 0.0018122 0.0018125 0.0019683 0.0020202 0.0020202 0.0018643 0.0019162 0.0022277 0.0021242 0.0021759 0.0019166 0.0019685 0.0022277 0.0018641 0.0021758 1.9028431 1.9044167 
EBOV_H.sap-tc_GIN_14_Makona-Gueckedou-C05_KP096420         1.8820889 1.9192828 1.8927951 1.2928560 1.3486243 0.0296822 0.0295686 0.0299159 0.0302047 0.0338558 0.0344890 0.0332302 0.0299039 0.0017607 0.0016563 0.0012934 0.0010347 0.0000000 0.0001033 0.0013453 0.0014488 0.0017084 0.0011898 0.0012417 0.0013972 0.0012935 0.0012417 0.0013453 0.0013971 0.0014490 0.0013454 0.0013454 0.0013972 0.0014491 0.0014491 0.0014491 0.0013977 0.0016050 0.0015010 0.0016047 0.0016566 0.0015529 0.0016049 0.0015530 0.0015530 0.0016049 0.0016567 0.0016567 0.0016567 0.0017089 0.0015529 0.0016048 0.0015529 0.0017088 0.0017089 0.0018645 0.0018645 0.0020205 0.0019685 0.0018128 0.0021244 0.0015528 0.0015009 0.0016047 0.0016047 0.0016565 0.0015527 0.0015527 0.0014493 0.0010345 0.0005681 0.0005681 0.0006715 0.0017604 0.0020202 0.0018641 0.0017609 0.0019168 0.0015528 0.0017084 0.0017088 0.0018645 0.0019164 0.0019164 0.0017605 0.0018124 0.0021238 0.0020204 0.0020720 0.0018129 0.0018647 0.0021239 0.0017604 0.0020719 1.9012727 1.9028456 
EBOV_H.sap-wt_GIN_14_Makona-Kissidougou-C15_KT013254       1.8831566 1.9203069 1.8937999 1.2935812 1.3483312 0.0297957 0.0296821 0.0300295 0.0303184 0.0339709 0.0346043 0.0333452 0.0300177 0.0018646 0.0017602 0.0013971 0.0011383 0.0001033 0.0000000 0.0014491 0.0015526 0.0018123 0.0012935 0.0013454 0.0015009 0.0013972 0.0013454 0.0014491 0.0015009 0.0015528 0.0014491 0.0014491 0.0015010 0.0015528 0.0015528 0.0015529 0.0015014 0.0017088 0.0016048 0.0017085 0.0017605 0.0016567 0.0017087 0.0016568 0.0016568 0.0017087 0.0017605 0.0017606 0.0017606 0.0018128 0.0016567 0.0017086 0.0016567 0.0018127 0.0018128 0.0019684 0.0019684 0.0021245 0.0020725 0.0019167 0.0022284 0.0016566 0.0016047 0.0017085 0.0017085 0.0017604 0.0016565 0.0016565 0.0015530 0.0011381 0.0006715 0.0006715 0.0007748 0.0018642 0.0021241 0.0019680 0.0018648 0.0020207 0.0016566 0.0018123 0.0018126 0.0019684 0.0020204 0.0020204 0.0018644 0.0019163 0.0022278 0.0021243 0.0021760 0.0019168 0.0019686 0.0022279 0.0018643 0.0021759 1.9017972 1.9033711 
EBOV_H.sap-wt_GIN_14_Makona-Gueckedou-EM_079750_KR817213   1.8809154 1.9180683 1.8920308 1.2897016 1.3499184 0.0300615 0.0299478 0.0302953 0.0305844 0.0342382 0.0348717 0.0336123 0.0301716 0.0019679 0.0018635 0.0015004 0.0014490 0.0013453 0.0014491 0.0000000 0.0002065 0.0019156 0.0013969 0.0014487 0.0016043 0.0015006 0.0014487 0.0015524 0.0016042 0.0016561 0.0015525 0.0015525 0.0016043 0.0016562 0.0016562 0.0016562 0.0016048 0.0018122 0.0017082 0.0018119 0.0018638 0.0017600 0.0018121 0.0017602 0.0017602 0.0018120 0.0018639 0.0018639 0.0018639 0.0019162 0.0017601 0.0018120 0.0017601 0.0019160 0.0019162 0.0020718 0.0020718 0.0022279 0.0021759 0.0020201 0.0023318 0.0017599 0.0017081 0.0018118 0.0018118 0.0018637 0.0017599 0.0017598 0.0016564 0.0012415 0.0008782 0.0008782 0.0009826 0.0019676 0.0022275 0.0020713 0.0019682 0.0021241 0.0017600 0.0019156 0.0019160 0.0020718 0.0021238 0.0021238 0.0019677 0.0020197 0.0023312 0.0022277 0.0022794 0.0020202 0.0020720 0.0023313 0.0019676 0.0022793 1.8989626 1.9005328 
EBOV_H.sap-wt_GIN_14_Makona-Gueckedou-EM_079910_KR817221   1.8817866 1.9189632 1.8929060 1.2904349 1.3493969 0.0300577 0.0299441 0.0302916 0.0305806 0.0342934 0.0349270 0.0336675 0.0302265 0.0020715 0.0019670 0.0016039 0.0015525 0.0014488 0.0015526 0.0002065 0.0000000 0.0020192 0.0015003 0.0015522 0.0017078 0.0016041 0.0015522 0.0016559 0.0017077 0.0017596 0.0016560 0.0016560 0.0017078 0.0017597 0.0017597 0.0017597 0.0017084 0.0019157 0.0018117 0.0019154 0.0019674 0.0018635 0.0019157 0.0018637 0.0018637 0.0019156 0.0019675 0.0019675 0.0019675 0.0020198 0.0018636 0.0019155 0.0018636 0.0020196 0.0020198 0.0021753 0.0021753 0.0023315 0.0022795 0.0021237 0.0024354 0.0018635 0.0018116 0.0019154 0.0019154 0.0019672 0.0018634 0.0018633 0.0017599 0.0013449 0.0009816 0.0009816 0.0010860 0.0020711 0.0023311 0.0021749 0.0020718 0.0022277 0.0018635 0.0020192 0.0020196 0.0021754 0.0022274 0.0022274 0.0020713 0.0021232 0.0024348 0.0023313 0.0023830 0.0021238 0.0021756 0.0024349 0.0020712 0.0023829 1.8991163 1.9006871 
EBOV_H.sap-wt_LBR_14_Makona-LIBR0430_KR006955              1.8802731 1.9172216 1.8918222 1.2892867 1.3470617 0.0304086 0.0302947 0.0306428 0.0309323 0.0347052 0.0353397 0.0339644 0.0306318 0.0023317 0.0022270 0.0018635 0.0018122 0.0017084 0.0018123 0.0019156 0.0020192 0.0000000 0.0005165 0.0005681 0.0007232 0.0006198 0.0005681 0.0006715 0.0007232 0.0007748 0.0006715 0.0006715 0.0007232 0.0007748 0.0007748 0.0007748 0.0007232 0.0009299 0.0008265 0.0009299 0.0009816 0.0008782 0.0009299 0.0008782 0.0008782 0.0009299 0.0009816 0.0009816 0.0009816 0.0010344 0.0008782 0.0009299 0.0008782 0.0010343 0.0010344 0.0011897 0.0011897 0.0013453 0.0012935 0.0011380 0.0014490 0.0008782 0.0008265 0.0009299 0.0009299 0.0008782 0.0008782 0.0008782 0.0007748 0.0008782 0.0012414 0.0012414 0.0013453 0.0010850 0.0013451 0.0011895 0.0010862 0.0012417 0.0008782 0.0010333 0.0010862 0.0011897 0.0012415 0.0012415 0.0010860 0.0011378 0.0014486 0.0013452 0.0013969 0.0011381 0.0011898 0.0014486 0.0010850 0.0013968 1.9013199 1.9028920 
EBOV_H.sap-wt_SLE_14_Makona-G3734.1_KM233055               1.8807328 1.9176863 1.8916428 1.2904581 1.3474908 0.0298435 0.0297299 0.0300773 0.0303662 0.0341322 0.0347657 0.0333926 0.0300655 0.0018122 0.0017078 0.0013449 0.0012934 0.0011898 0.0012935 0.0013969 0.0015003 0.0005165 0.0000000 0.0000516 0.0002065 0.0001033 0.0000516 0.0001549 0.0002065 0.0002582 0.0001549 0.0001549 0.0002065 0.0002582 0.0002582 0.0002582 0.0002065 0.0004131 0.0003098 0.0004131 0.0004648 0.0003615 0.0004131 0.0003615 0.0003615 0.0004131 0.0004648 0.0004648 0.0004648 0.0005165 0.0003615 0.0004131 0.0003615 0.0005165 0.0005165 0.0006715 0.0006715 0.0008265 0.0007748 0.0006198 0.0009299 0.0003615 0.0003098 0.0004131 0.0004131 0.0004648 0.0003615 0.0003615 0.0002582 0.0003615 0.0007232 0.0007232 0.0008265 0.0005681 0.0008265 0.0006715 0.0005681 0.0007232 0.0003615 0.0005165 0.0005681 0.0006715 0.0007232 0.0007232 0.0005681 0.0006198 0.0009299 0.0008265 0.0008782 0.0006198 0.0006715 0.0009299 0.0005682 0.0008783 1.9006613 1.9022331 
EBOV_H.sap-wt_LBR_14_Makona-EM_080065_KR817232             1.8804944 1.9174466 1.8914048 1.2902623 1.3472921 0.0298998 0.0297862 0.0301336 0.0304226 0.0341893 0.0348229 0.0334495 0.0301219 0.0018641 0.0017597 0.0013967 0.0013453 0.0012417 0.0013454 0.0014487 0.0015522 0.0005681 0.0000516 0.0000000 0.0002582 0.0001549 0.0001033 0.0002065 0.0002582 0.0003098 0.0002065 0.0002065 0.0002582 0.0003098 0.0003098 0.0003098 0.0002582 0.0004648 0.0003615 0.0004648 0.0005165 0.0004131 0.0004648 0.0004131 0.0004131 0.0004648 0.0005165 0.0005165 0.0005165 0.0005681 0.0004131 0.0004648 0.0004131 0.0005681 0.0005681 0.0007232 0.0007232 0.0008782 0.0008265 0.0006715 0.0009816 0.0004131 0.0003615 0.0004648 0.0004648 0.0005165 0.0004131 0.0003098 0.0002065 0.0004131 0.0007748 0.0007748 0.0008782 0.0006198 0.0008782 0.0007232 0.0006198 0.0007748 0.0004131 0.0005681 0.0006198 0.0007232 0.0007748 0.0007748 0.0006198 0.0006715 0.0009816 0.0008782 0.0009299 0.0006715 0.0007232 0.0009816 0.0006198 0.0009299 1.9008403 1.9024122 
EBOV_H.sap-wt_SLE_14_Makona-G3799_KM233080                 1.8820484 1.9190260 1.8929609 1.2897915 1.3463666 0.0300689 0.0299552 0.0303028 0.0305920 0.0342999 0.0349336 0.0335600 0.0302317 0.0020199 0.0019154 0.0015522 0.0015008 0.0013972 0.0015009 0.0016043 0.0017078 0.0007232 0.0002065 0.0002582 0.0000000 0.0001033 0.0001549 0.0003615 0.0003098 0.0003615 0.0002582 0.0002582 0.0003098 0.0003615 0.0003615 0.0003615 0.0003098 0.0005165 0.0004131 0.0005165 0.0005681 0.0004648 0.0005165 0.0004648 0.0004648 0.0005165 0.0005681 0.0005681 0.0005681 0.0006198 0.0004648 0.0005165 0.0004648 0.0006198 0.0006198 0.0007748 0.0007748 0.0009299 0.0008782 0.0007232 0.0010343 0.0004648 0.0004131 0.0005165 0.0005165 0.0005681 0.0005681 0.0005681 0.0004648 0.0005681 0.0009299 0.0009299 0.0010344 0.0006715 0.0009299 0.0007748 0.0006715 0.0008265 0.0005681 0.0006198 0.0006715 0.0007748 0.0008265 0.0008265 0.0007748 0.0008265 0.0010333 0.0009299 0.0009816 0.0008265 0.0008782 0.0010333 0.0006715 0.0009816 1.9015620 1.9031348 
EBOV_H.sap-wt_SLE_14_Makona-G3788_KM233075                 1.8817725 1.9187502 1.8926860 1.2901980 1.3467785 0.0299569 0.0298432 0.0301907 0.0304797 0.0342472 0.0348809 0.0335073 0.0301791 0.0019160 0.0018116 0.0014486 0.0013971 0.0012935 0.0013972 0.0015006 0.0016041 0.0006198 0.0001033 0.0001549 0.0001033 0.0000000 0.0000516 0.0002582 0.0002065 0.0002582 0.0001549 0.0001549 0.0002065 0.0002582 0.0002582 0.0002582 0.0002065 0.0004131 0.0003098 0.0004131 0.0004648 0.0003615 0.0004131 0.0003615 0.0003615 0.0004131 0.0004648 0.0004648 0.0004648 0.0005165 0.0003615 0.0004131 0.0003615 0.0005165 0.0005165 0.0006715 0.0006715 0.0008265 0.0007748 0.0006198 0.0009299 0.0003615 0.0003098 0.0004131 0.0004131 0.0004648 0.0004648 0.0004648 0.0003615 0.0004648 0.0008265 0.0008265 0.0009299 0.0005681 0.0008265 0.0006715 0.0005681 0.0007232 0.0004648 0.0005165 0.0005681 0.0006715 0.0007232 0.0007232 0.0006715 0.0007232 0.0009299 0.0008265 0.0008782 0.0007232 0.0007748 0.0009299 0.0005682 0.0008783 1.9017686 1.9033415 
EBOV_H.sap-wt_SLE_14_Makona-G3677.2_KM034557               1.8814890 1.9184642 1.8924027 1.2899742 1.3470515 0.0299008 0.0297871 0.0301346 0.0304236 0.0341904 0.0348240 0.0334506 0.0301229 0.0018641 0.0017598 0.0013968 0.0013453 0.0012417 0.0013454 0.0014487 0.0015522 0.0005681 0.0000516 0.0001033 0.0001549 0.0000516 0.0000000 0.0002065 0.0001549 0.0002065 0.0001033 0.0001033 0.0001549 0.0002065 0.0002065 0.0002065 0.0001549 0.0003615 0.0002582 0.0003615 0.0004131 0.0003098 0.0003615 0.0003098 0.0003098 0.0003615 0.0004131 0.0004131 0.0004131 0.0004648 0.0003098 0.0003615 0.0003098 0.0004648 0.0004648 0.0006198 0.0006198 0.0007748 0.0007232 0.0005681 0.0008782 0.0003098 0.0002582 0.0003615 0.0003615 0.0004131 0.0004131 0.0004131 0.0003098 0.0004131 0.0007748 0.0007748 0.0008782 0.0005165 0.0007748 0.0006198 0.0005165 0.0006715 0.0004131 0.0004648 0.0005165 0.0006198 0.0006715 0.0006715 0.0006198 0.0006715 0.0008782 0.0007748 0.0008265 0.0006715 0.0007232 0.0008782 0.0005165 0.0008266 1.9014863 1.9030590 
EBOV_H.sap-wt_LBR_14_Makona-Foya-EM_074350_KR817109        1.8802223 1.9171732 1.8911949 1.2905164 1.3473881 0.0300124 0.0298987 0.0302463 0.0305353 0.0343033 0.0349371 0.0335634 0.0302347 0.0019679 0.0018635 0.0015004 0.0014490 0.0013453 0.0014491 0.0015524 0.0016559 0.0006715 0.0001549 0.0002065 0.0003615 0.0002582 0.0002065 0.0000000 0.0003615 0.0004131 0.0003098 0.0003098 0.0003615 0.0004131 0.0004131 0.0004131 0.0003615 0.0005681 0.0004648 0.0005681 0.0006198 0.0005165 0.0005681 0.0005165 0.0005165 0.0005681 0.0006198 0.0006198 0.0006198 0.0006715 0.0005165 0.0005681 0.0005165 0.0006715 0.0006715 0.0008265 0.0008265 0.0009816 0.0009299 0.0007748 0.0010861 0.0005165 0.0004648 0.0005681 0.0005681 0.0006198 0.0002065 0.0005165 0.0004131 0.0005165 0.0008782 0.0008782 0.0009826 0.0007232 0.0009816 0.0008265 0.0007232 0.0008782 0.0005165 0.0006715 0.0007232 0.0008265 0.0008782 0.0008782 0.0005165 0.0005681 0.0010850 0.0009816 0.0010333 0.0007748 0.0008265 0.0010850 0.0007232 0.0010333 1.9001539 1.9017254 
EBOV_H.sap-wt_LBR_14_Makona-LIBR0505_KR006957              1.8822494 1.9192298 1.8926799 1.2897961 1.3468489 0.0300684 0.0299547 0.0303023 0.0305914 0.0343600 0.0349939 0.0336200 0.0302908 0.0020198 0.0019154 0.0015522 0.0015008 0.0013971 0.0015009 0.0016042 0.0017077 0.0007232 0.0002065 0.0002582 0.0003098 0.0002065 0.0001549 0.0003615 0.0000000 0.0003615 0.0002582 0.0002582 0.0003098 0.0003615 0.0003615 0.0003615 0.0003098 0.0005165 0.0004131 0.0005165 0.0005681 0.0004648 0.0005165 0.0004648 0.0004648 0.0005165 0.0005681 0.0005681 0.0005681 0.0006198 0.0004648 0.0005165 0.0004648 0.0006198 0.0006198 0.0007748 0.0007748 0.0009299 0.0008782 0.0007232 0.0010343 0.0004648 0.0004131 0.0005165 0.0005165 0.0005681 0.0005681 0.0005681 0.0004648 0.0005681 0.0009299 0.0009299 0.0010344 0.0006715 0.0009299 0.0007748 0.0006715 0.0008265 0.0005681 0.0006198 0.0006715 0.0007748 0.0008265 0.0008265 0.0007748 0.0008265 0.0010333 0.0009299 0.0009816 0.0008265 0.0008782 0.0010333 0.0006715 0.0009816 1.9017657 1.9033386 
EBOV_H.sap-wt_LBR_15_Makona-Liberia-DQE4_KR074998          1.8813024 1.9182719 1.8921502 1.2897957 1.3470886 0.0301250 0.0300113 0.0303590 0.0306482 0.0344175 0.0350515 0.0336774 0.0303477 0.0020718 0.0019673 0.0016041 0.0015527 0.0014490 0.0015528 0.0016561 0.0017596 0.0007748 0.0002582 0.0003098 0.0003615 0.0002582 0.0002065 0.0004131 0.0003615 0.0000000 0.0003098 0.0003098 0.0003615 0.0004131 0.0004131 0.0004131 0.0003615 0.0005681 0.0004648 0.0005681 0.0006198 0.0005165 0.0005681 0.0005165 0.0005165 0.0005681 0.0006198 0.0006198 0.0006198 0.0006715 0.0005165 0.0005681 0.0005165 0.0006715 0.0006715 0.0008265 0.0008265 0.0009816 0.0009299 0.0007748 0.0010861 0.0005165 0.0004648 0.0005681 0.0005681 0.0006198 0.0006198 0.0006198 0.0005165 0.0006198 0.0009816 0.0009816 0.0010862 0.0007232 0.0009816 0.0008265 0.0007232 0.0008782 0.0006198 0.0006715 0.0007232 0.0008265 0.0008782 0.0008782 0.0008265 0.0008782 0.0010850 0.0009816 0.0010333 0.0008782 0.0009299 0.0010850 0.0007232 0.0010333 1.9015019 1.9030745 
EBOV_H.sap-wt_SLE_14_Makona-G3789.1_KM233076               1.8799436 1.9168800 1.8908514 1.2899742 1.3469851 0.0300146 0.0299009 0.0302485 0.0305376 0.0343059 0.0349398 0.0335659 0.0302370 0.0019681 0.0018636 0.0015005 0.0014491 0.0013454 0.0014491 0.0015525 0.0016560 0.0006715 0.0001549 0.0002065 0.0002582 0.0001549 0.0001033 0.0003098 0.0002582 0.0003098 0.0000000 0.0000010 0.0000516 0.0001033 0.0001033 0.0001033 0.0000516 0.0002582 0.0001549 0.0002582 0.0003098 0.0002065 0.0002582 0.0002065 0.0002065 0.0002582 0.0003098 0.0003098 0.0003098 0.0003615 0.0002065 0.0002582 0.0002065 0.0003615 0.0003615 0.0005165 0.0005165 0.0006715 0.0006198 0.0004648 0.0007748 0.0004131 0.0003615 0.0004648 0.0004648 0.0005165 0.0005165 0.0005165 0.0004131 0.0005165 0.0008782 0.0008782 0.0009827 0.0004131 0.0006715 0.0005165 0.0004131 0.0005681 0.0005165 0.0005681 0.0006198 0.0005165 0.0005681 0.0005681 0.0007232 0.0007748 0.0007748 0.0006715 0.0007232 0.0007748 0.0008265 0.0007748 0.0006198 0.0009299 1.9031014 1.9046760 
EBOV_H.sap-wt_SLE_14_Makona-G3735.2_KM233057               1.8799436 1.9168800 1.8908514 1.2899742 1.3469851 0.0300146 0.0299009 0.0302485 0.0305376 0.0343059 0.0349398 0.0335659 0.0302370 0.0019681 0.0018636 0.0015005 0.0014491 0.0013454 0.0014491 0.0015525 0.0016560 0.0006715 0.0001549 0.0002065 0.0002582 0.0001549 0.0001033 0.0003098 0.0002582 0.0003098 0.0000010 0.0000000 0.0000516 0.0001033 0.0001033 0.0001033 0.0000516 0.0002582 0.0001549 0.0002582 0.0003098 0.0002065 0.0002582 0.0002065 0.0002065 0.0002582 0.0003098 0.0003098 0.0003098 0.0003615 0.0002065 0.0002582 0.0002065 0.0003615 0.0003615 0.0005165 0.0005165 0.0006715 0.0006198 0.0004648 0.0007748 0.0004131 0.0003615 0.0004648 0.0004648 0.0005165 0.0005165 0.0005165 0.0004131 0.0005165 0.0008782 0.0008782 0.0009827 0.0004131 0.0006715 0.0005165 0.0004131 0.0005681 0.0005165 0.0005681 0.0006198 0.0005165 0.0005681 0.0005681 0.0007232 0.0007748 0.0007748 0.0006715 0.0007232 0.0007748 0.0008265 0.0007748 0.0006198 0.0009299 1.9031014 1.9046760 
EBOV_H.sap-wt_SLE_14_Makona-G3770.2_KM233070               1.8801648 1.9171050 1.8910729 1.2901980 1.3472131 0.0300707 0.0299570 0.0303047 0.0305938 0.0343628 0.0349967 0.0336227 0.0302932 0.0020200 0.0019155 0.0015523 0.0015009 0.0013972 0.0015010 0.0016043 0.0017078 0.0007232 0.0002065 0.0002582 0.0003098 0.0002065 0.0001549 0.0003615 0.0003098 0.0003615 0.0000516 0.0000516 0.0000000 0.0001549 0.0001549 0.0001549 0.0001033 0.0003098 0.0002065 0.0003098 0.0003615 0.0002582 0.0003098 0.0002582 0.0002582 0.0003098 0.0003615 0.0003615 0.0003615 0.0004131 0.0002582 0.0003098 0.0002582 0.0004131 0.0004131 0.0005681 0.0005681 0.0007232 0.0006715 0.0005165 0.0008265 0.0004648 0.0004131 0.0005165 0.0005165 0.0005681 0.0005681 0.0005681 0.0004648 0.0005681 0.0009299 0.0009299 0.0010345 0.0004648 0.0007232 0.0005681 0.0004648 0.0006198 0.0005681 0.0006198 0.0006715 0.0005681 0.0006198 0.0006198 0.0007748 0.0008265 0.0008265 0.0007232 0.0007748 0.0008265 0.0008782 0.0008265 0.0006715 0.0009816 1.9033230 1.9048978 
EBOV_H.sap-wt_SLE_14_Makona-G3949_1_KR105209               1.8804032 1.9173447 1.8913108 1.2899873 1.3469999 0.0301265 0.0300127 0.0303605 0.0306497 0.0344192 0.0350533 0.0336790 0.0303491 0.0020719 0.0019674 0.0016041 0.0015527 0.0014491 0.0015528 0.0016562 0.0017597 0.0007748 0.0002582 0.0003098 0.0003615 0.0002582 0.0002065 0.0004131 0.0003615 0.0004131 0.0001033 0.0001033 0.0001549 0.0000000 0.0002065 0.0002065 0.0001549 0.0003615 0.0002582 0.0003615 0.0004131 0.0003098 0.0003615 0.0003098 0.0003098 0.0003615 0.0004131 0.0004131 0.0004131 0.0004648 0.0003098 0.0003615 0.0003098 0.0004648 0.0004648 0.0006198 0.0006198 0.0007748 0.0007232 0.0005681 0.0008782 0.0005165 0.0004648 0.0005681 0.0005681 0.0006198 0.0006198 0.0006198 0.0005165 0.0006198 0.0009816 0.0009816 0.0010862 0.0005165 0.0007748 0.0006198 0.0005165 0.0006715 0.0006198 0.0006715 0.0007232 0.0006198 0.0006715 0.0006715 0.0008265 0.0008782 0.0008782 0.0007748 0.0008265 0.0008782 0.0009299 0.0008782 0.0007232 0.0010333 1.9029833 1.9045578 
EBOV_H.sap-wt_SLE_14_Makona-G3827_KM233101                 1.8794604 1.9163950 1.8908514 1.2900602 1.3469851 0.0301267 0.0300129 0.0303607 0.0306499 0.0344194 0.0350535 0.0336792 0.0303493 0.0020719 0.0019674 0.0016042 0.0015527 0.0014491 0.0015528 0.0016562 0.0017597 0.0007748 0.0002582 0.0003098 0.0003615 0.0002582 0.0002065 0.0004131 0.0003615 0.0004131 0.0001033 0.0001033 0.0001549 0.0002065 0.0000000 0.0002065 0.0001549 0.0003615 0.0002582 0.0003615 0.0004131 0.0003098 0.0003615 0.0003098 0.0003098 0.0003615 0.0004131 0.0004131 0.0004131 0.0004648 0.0003098 0.0003615 0.0003098 0.0004648 0.0004648 0.0006198 0.0006198 0.0007748 0.0007232 0.0005681 0.0008782 0.0005165 0.0004648 0.0005681 0.0005681 0.0006198 0.0006198 0.0006198 0.0005165 0.0006198 0.0009816 0.0009816 0.0010862 0.0005165 0.0007748 0.0006198 0.0005165 0.0006715 0.0006198 0.0006715 0.0007232 0.0006198 0.0006715 0.0006715 0.0008265 0.0008782 0.0008782 0.0007748 0.0008265 0.0008782 0.0009299 0.0008782 0.0007232 0.0010333 1.9031014 1.9046760 
EBOV_H.sap-wt_SLE_14_Makona-G3818_KM233092                 1.8798390 1.9167762 1.8913862 1.2901034 1.3468855 0.0301274 0.0300137 0.0303614 0.0306506 0.0344203 0.0350543 0.0336800 0.0303500 0.0020719 0.0019674 0.0016042 0.0015528 0.0014491 0.0015529 0.0016562 0.0017597 0.0007748 0.0002582 0.0003098 0.0003615 0.0002582 0.0002065 0.0004131 0.0003615 0.0004131 0.0001033 0.0001033 0.0001549 0.0002065 0.0002065 0.0000000 0.0001549 0.0003615 0.0002582 0.0003615 0.0004131 0.0003098 0.0003615 0.0003098 0.0003098 0.0003615 0.0004131 0.0004131 0.0004131 0.0004648 0.0003098 0.0003615 0.0003098 0.0004648 0.0004648 0.0006198 0.0006198 0.0007748 0.0007232 0.0005681 0.0008782 0.0005165 0.0004648 0.0005681 0.0005681 0.0006198 0.0006198 0.0006198 0.0005165 0.0006198 0.0009816 0.0009816 0.0010863 0.0005165 0.0007748 0.0006198 0.0005165 0.0006715 0.0006198 0.0006715 0.0007232 0.0006198 0.0006715 0.0006715 0.0008265 0.0008782 0.0008782 0.0007748 0.0008265 0.0008782 0.0009299 0.0008782 0.0007232 0.0010333 1.9034262 1.9050011 
EBOV_H.sap-wt_SLE_14_Makona-EM110_KM233037                 1.8807108 1.9176699 1.8916225 1.2906442 1.3476818 0.0300792 0.0299655 0.0303132 0.0306025 0.0343725 0.0350066 0.0336321 0.0303018 0.0020206 0.0019161 0.0015528 0.0015013 0.0013977 0.0015014 0.0016048 0.0017084 0.0007232 0.0002065 0.0002582 0.0003098 0.0002065 0.0001549 0.0003615 0.0003098 0.0003615 0.0000516 0.0000516 0.0001033 0.0001549 0.0001549 0.0001549 0.0000000 0.0003098 0.0002065 0.0003098 0.0003615 0.0002582 0.0003098 0.0002582 0.0002582 0.0003098 0.0003615 0.0003615 0.0003615 0.0004131 0.0002582 0.0003098 0.0002582 0.0004131 0.0004131 0.0005681 0.0005681 0.0007232 0.0006715 0.0005165 0.0008265 0.0004648 0.0004131 0.0005165 0.0005165 0.0005681 0.0005681 0.0005681 0.0004648 0.0005681 0.0009309 0.0009309 0.0010348 0.0004648 0.0007232 0.0005681 0.0004648 0.0006198 0.0005681 0.0006198 0.0006715 0.0005681 0.0006198 0.0006198 0.0007748 0.0008265 0.0008265 0.0007232 0.0007748 0.0008276 0.0008793 0.0008265 0.0006715 0.0009826 1.9041495 1.9057253 
EBOV_H.sap-wt_SLE_14_Makona-Kenema-20140590_KR653278       1.8789350 1.9158488 1.8898397 1.2907294 1.3472326 0.0301881 0.0300744 0.0304222 0.0307115 0.0344824 0.0351167 0.0337420 0.0304109 0.0022282 0.0021236 0.0017601 0.0017087 0.0016050 0.0017088 0.0018122 0.0019157 0.0009299 0.0004131 0.0004648 0.0005165 0.0004131 0.0003615 0.0005681 0.0005165 0.0005681 0.0002582 0.0002582 0.0003098 0.0003615 0.0003615 0.0003615 0.0003098 0.0000000 0.0001033 0.0002065 0.0002582 0.0004648 0.0005165 0.0004648 0.0004648 0.0005165 0.0005681 0.0005681 0.0005681 0.0003098 0.0004648 0.0005165 0.0004648 0.0003098 0.0003098 0.0004648 0.0004648 0.0006198 0.0005681 0.0004131 0.0007232 0.0006715 0.0006198 0.0007232 0.0007232 0.0007748 0.0007748 0.0007748 0.0006715 0.0007748 0.0011380 0.0011380 0.0012419 0.0006715 0.0007232 0.0005681 0.0004648 0.0006198 0.0007748 0.0008265 0.0008792 0.0007748 0.0008265 0.0008265 0.0009826 0.0010344 0.0007232 0.0006198 0.0009816 0.0010347 0.0010864 0.0007232 0.0008783 0.0011897 1.9013229 1.9028948 
EBOV_H.sap-wt_SLE_14_Makona-G3825.1_KM233098               1.8791798 1.9160940 1.8900837 1.2908541 1.3471298 0.0301849 0.0300711 0.0304189 0.0307082 0.0344787 0.0351129 0.0337383 0.0304076 0.0021239 0.0020194 0.0016561 0.0016047 0.0015010 0.0016048 0.0017082 0.0018117 0.0008265 0.0003098 0.0003615 0.0004131 0.0003098 0.0002582 0.0004648 0.0004131 0.0004648 0.0001549 0.0001549 0.0002065 0.0002582 0.0002582 0.0002582 0.0002065 0.0001033 0.0000000 0.0001033 0.0001549 0.0003615 0.0004131 0.0003615 0.0003615 0.0004131 0.0004648 0.0004648 0.0004648 0.0002065 0.0003615 0.0004131 0.0003615 0.0002065 0.0002065 0.0003615 0.0003615 0.0005165 0.0004648 0.0003098 0.0006198 0.0005681 0.0005165 0.0006198 0.0006198 0.0006715 0.0006715 0.0006715 0.0005681 0.0006715 0.0010333 0.0010333 0.0011381 0.0005681 0.0006198 0.0004648 0.0003615 0.0005165 0.0006715 0.0007232 0.0007748 0.0006715 0.0007232 0.0007232 0.0008782 0.0009299 0.0006198 0.0005165 0.0008782 0.0009309 0.0009827 0.0006198 0.0007749 0.0010850 1.9030525 1.9046266 
