96
RESTV_M.fas-tc_USA_89_Philippines89-Pennsylvania_NC_004161 0.0000000 0.0256116 0.0346150 2.1207581 2.1946891 1.8663604 1.8673856 1.8651071 1.8694879 1.8803507 1.8813337 1.8808671 1.8823348 1.8831145 1.8821360 1.8819452 1.8832387 1.8837919 1.8848618 1.8826175 1.8834893 1.8819729 1.8824331 1.8821942 1.8837503 1.8834739 1.8831898 1.8819219 1.8839519 1.8830036 1.8816423 1.8816423 1.8818635 1.8821024 1.8811578 1.8815369 1.8824103 1.8806320 1.8808775 1.8808775 1.8816635 1.8824976 1.8804567 1.8806778 1.8818366 1.8818484 1.8816028 1.8821324 1.8818601 1.8822795 1.8816850 1.8814638 1.8828280 1.8820172 1.8821859 1.8814938 1.8814938 1.8820108 1.8812646 1.8812955 1.8809093 1.8827494 1.8820154 1.8817469 1.8817469 1.8819162 1.8826425 1.8823602 1.8826685 1.8823168 1.8816448 1.8816448 1.8814111 1.8829506 1.8805474 1.8807553 1.8811211 1.8812790 1.8825333 1.8817705 1.8846599 1.8815867 1.8828654 1.8828654 1.8814804 1.8817644 1.8815929 1.8794999 1.8835271 1.8829897 1.8831156 1.8819216 1.8848443 1.8865472 1.8865290 1.8864347 
RESTV_S.dom-tc_PHL_08_Reston08-A_FJ621583                  0.0256116 0.0000000 0.0511640 2.1486980 2.2093478 1.8980895 1.8991352 1.8968150 1.9012760 1.9120336 1.9132395 1.9122738 1.9153315 1.9203767 1.9189292 1.9191578 1.9204881 1.9210448 1.9220701 1.9198293 1.9207248 1.9189805 1.9194459 1.9192055 1.9207872 1.9205108 1.9202243 1.9189319 1.9209916 1.9200323 1.9186378 1.9186378 1.9188627 1.9191030 1.9181515 1.9185331 1.9194285 1.9176048 1.9178507 1.9178507 1.9186555 1.9195176 1.9176386 1.9178634 1.9188492 1.9188620 1.9186159 1.9191485 1.9188748 1.9186345 1.9186811 1.9184561 1.9198471 1.9192432 1.9192001 1.9178353 1.9178353 1.9190060 1.9182517 1.9182821 1.9178981 1.9197664 1.9190273 1.9187588 1.9187588 1.9184391 1.9196764 1.9193716 1.9181653 1.9195411 1.9188503 1.9188503 1.9186172 1.9199690 1.9177272 1.9179370 1.9180967 1.9182702 1.9195434 1.9187766 1.9217555 1.9185865 1.9199014 1.9199014 1.9182727 1.9185592 1.9179445 1.9164592 1.9205792 1.9204817 1.9201423 1.9189342 1.9218627 1.9236903 1.8980528 1.8979591 
RESTV_S.dom-xx_PHL_08_Reston08-C_FJ621584                  0.0346150 0.0511640 0.0000000 2.1317939 2.2076235 1.8760912 1.8771192 1.8751058 1.8787449 1.8893770 1.8916326 1.8907054 1.8926888 1.8951644 1.8932740 1.8928077 1.8943192 1.8945161 1.8955221 1.8937512 1.8946270 1.8935418 1.8933618 1.8931232 1.8946815 1.8944060 1.8941222 1.8929137 1.8943997 1.8938690 1.8925686 1.8925686 1.8927902 1.8930286 1.8925686 1.8931038 1.8933406 1.8915552 1.8918000 1.8918000 1.8925888 1.8934281 1.8913797 1.8916011 1.8927672 1.8927793 1.8925344 1.8930630 1.8927913 1.8932055 1.8926113 1.8925993 1.8937572 1.8929476 1.8931159 1.8924186 1.8924186 1.8927263 1.8919803 1.8920110 1.8916268 1.8936782 1.8929452 1.8926776 1.8926776 1.8928456 1.8936387 1.8932887 1.8921112 1.8934552 1.8931484 1.8931484 1.8925473 1.8945193 1.8939184 1.8921602 1.8920434 1.8922053 1.8934608 1.8925522 1.8956708 1.8927240 1.8937993 1.8937993 1.8928933 1.8931770 1.8925203 1.8902137 1.8944634 1.8934313 1.8942028 1.8926424 1.8957849 1.8974996 1.9048543 1.9048263 
TAFV_H.sap-tc_CIV_94_Pauleoula-CI_NC_014372                2.1207581 2.1486980 2.1317939 0.0000000 0.7799592 1.2627219 1.2625381 1.2621293 1.2637344 1.2741801 1.2759196 1.2845169 1.2818370 1.2927681 1.2956001 1.2928020 1.2923692 1.2938440 1.2945703 1.2906873 1.2914210 1.2902720 1.2914445 1.2912484 1.2907769 1.2911840 1.2909598 1.2915022 1.2907816 1.2907818 1.2909598 1.2909598 1.2911840 1.2909729 1.2910464 1.2910886 1.2916306 1.2917166 1.2918412 1.2915929 1.2918213 1.2915334 1.2916776 1.2916734 1.2906757 1.2906714 1.2908674 1.2906671 1.2906671 1.2917812 1.2908365 1.2906124 1.2912587 1.2916164 1.2915336 1.2907637 1.2907637 1.2925669 1.2927137 1.2925891 1.2928770 1.2909278 1.2905702 1.2913299 1.2913299 1.2913412 1.2912803 1.2907596 1.2928260 1.2914652 1.2916591 1.2916591 1.2925006 1.2907867 1.2927561 1.2918435 1.2926950 1.2918143 1.2916303 1.2918861 1.2924784 1.2908237 1.2911678 1.2911678 1.2909235 1.2906567 1.2920886 1.2940157 1.2916318 1.2936745 1.2932097 1.2927510 1.2911788 1.2923568 2.1358875 2.1361370 
BDBV_H.sap-xx_COD_12_EboBund-122_KC545395                  2.1946891 2.2093478 2.2076235 0.7799592 0.0000000 1.3308771 1.3306723 1.3314510 1.3320276 1.3514749 1.3537068 1.3573249 1.3553000 1.3513694 1.3520602 1.3494704 1.3523946 1.3496820 1.3493885 1.3509778 1.3504554 1.3481190 1.3485480 1.3483489 1.3474223 1.3478349 1.3481082 1.3484450 1.3479058 1.3481457 1.3480415 1.3480415 1.3482698 1.3480562 1.3480415 1.3479414 1.3487390 1.3482894 1.3481865 1.3478592 1.3478216 1.3484088 1.3485266 1.3486882 1.3474883 1.3477165 1.3479155 1.3477137 1.3479447 1.3485621 1.3483060 1.3478467 1.3485842 1.3466524 1.3467327 1.3464979 1.3464979 1.3484810 1.3482234 1.3480952 1.3480633 1.3470584 1.3476312 1.3476341 1.3476341 1.3479847 1.3473123 1.3482658 1.3493230 1.3483044 1.3494974 1.3494974 1.3509800 1.3482538 1.3487953 1.3488728 1.3495151 1.3497653 1.3490989 1.3494153 1.3480795 1.3493788 1.3467198 1.3467198 1.3489930 1.3492213 1.3473645 1.3504323 1.3478603 1.3493631 1.3485459 1.3492833 1.3483531 1.3495270 2.1316257 2.1318326 
EBOV_H.sap-tc_COD_07_1Luebo_KC242786                       1.8663604 1.8980895 1.8760912 1.2627219 1.3308771 0.0000000 0.0001033 0.0004131 0.0007243 0.0241672 0.0247811 0.0237772 0.0200580 0.0304727 0.0304618 0.0300174 0.0298471 0.0296830 0.0297965 0.0300623 0.0300585 0.0304094 0.0298443 0.0299006 0.0300697 0.0299577 0.0299016 0.0300131 0.0300692 0.0301258 0.0300154 0.0300154 0.0300715 0.0301273 0.0301275 0.0301282 0.0300800 0.0301889 0.0301857 0.0302453 0.0303544 0.0301294 0.0301886 0.0301321 0.0302439 0.0303000 0.0303558 0.0303561 0.0303561 0.0303694 0.0301929 0.0302495 0.0301934 0.0304160 0.0303566 0.0303569 0.0303569 0.0307563 0.0305875 0.0305311 0.0308149 0.0301262 0.0300699 0.0301826 0.0301826 0.0302385 0.0300769 0.0301256 0.0300785 0.0296770 0.0292801 0.0292801 0.0293999 0.0303541 0.0307517 0.0305779 0.0304753 0.0306463 0.0302407 0.0304092 0.0303016 0.0304237 0.0304795 0.0304795 0.0303005 0.0303566 0.0308127 0.0307552 0.0306950 0.0305319 0.0304747 0.0308626 0.0304670 0.0308060 1.8847734 1.8863316 
EBOV_H.sap-tc_COD_07_M-M_HQ613403                          1.8673856 1.8991352 1.8771192 1.2625381 1.3306723 0.0001033 0.0000000 0.0003098 0.0006198 0.0240555 0.0246692 0.0236657 0.0199478 0.0303588 0.0303480 0.0299037 0.0297334 0.0295694 0.0296828 0.0299486 0.0299449 0.0302955 0.0297307 0.0297869 0.0299560 0.0298440 0.0297879 0.0298995 0.0299554 0.0300121 0.0299017 0.0299017 0.0299578 0.0300135 0.0300137 0.0300145 0.0299663 0.0300752 0.0300719 0.0301315 0.0302406 0.0300156 0.0300748 0.0300183 0.0301301 0.0301862 0.0302420 0.0302423 0.0302423 0.0302555 0.0300791 0.0301357 0.0300796 0.0303021 0.0302428 0.0302431 0.0302431 0.0306423 0.0304735 0.0304172 0.0307010 0.0300125 0.0299562 0.0300688 0.0300688 0.0301247 0.0299631 0.0300119 0.0299648 0.0295634 0.0291666 0.0291666 0.0292864 0.0302403 0.0306377 0.0304640 0.0303614 0.0305323 0.0301269 0.0302954 0.0301878 0.0303098 0.0303656 0.0303656 0.0301867 0.0302428 0.0306987 0.0306413 0.0305810 0.0304180 0.0303608 0.0307486 0.0303531 0.0306920 1.8843326 1.8858899 
EBOV_H.sap-tc_COD_07_5Luebo_KC242790                       1.8651071 1.8968150 1.8751058 1.2621293 1.3314510 0.0004131 0.0003098 0.0000000 0.0009317 0.0243958 0.0250103 0.0240055 0.0202828 0.0307070 0.0306961 0.0302513 0.0300808 0.0299166 0.0300303 0.0302961 0.0302924 0.0306436 0.0300781 0.0301344 0.0303036 0.0301915 0.0301354 0.0302470 0.0303031 0.0303598 0.0302493 0.0302493 0.0303055 0.0303613 0.0303615 0.0303622 0.0303140 0.0304230 0.0304197 0.0304794 0.0305886 0.0303634 0.0304227 0.0303661 0.0304780 0.0305342 0.0305900 0.0305904 0.0305904 0.0306037 0.0304271 0.0304836 0.0304275 0.0306503 0.0305909 0.0305912 0.0305912 0.0309909 0.0308219 0.0307655 0.0310496 0.0303602 0.0303039 0.0304166 0.0304166 0.0304726 0.0303109 0.0303596 0.0303125 0.0299106 0.0295133 0.0295133 0.0296333 0.0305883 0.0309862 0.0308123 0.0307097 0.0308808 0.0304748 0.0306434 0.0305358 0.0306581 0.0307139 0.0307139 0.0305347 0.0305909 0.0310473 0.0309898 0.0309295 0.0307663 0.0307090 0.0310972 0.0307013 0.0310406 1.8846945 1.8862526 
EBOV_H.sap-tc_COD_08_034-KS_HQ613402                       1.8694879 1.9012760 1.8787449 1.2637344 1.3320276 0.0007243 0.0006198 0.0009317 0.0000000 0.0247409 0.0253562 0.0243500 0.0206220 0.0309966 0.0309856 0.0305405 0.0303698 0.0302055 0.0303192 0.0305852 0.0305814 0.0309331 0.0303670 0.0304234 0.0305928 0.0304805 0.0304244 0.0305361 0.0305922 0.0306490 0.0305384 0.0305384 0.0305946 0.0306505 0.0306507 0.0306514 0.0306033 0.0307123 0.0307090 0.0307688 0.0308780 0.0306526 0.0307120 0.0306554 0.0307673 0.0308236 0.0308795 0.0308798 0.0308798 0.0308933 0.0307164 0.0307730 0.0307169 0.0309398 0.0308803 0.0308806 0.0308806 0.0312807 0.0311116 0.0310551 0.0313395 0.0306494 0.0305930 0.0307058 0.0307058 0.0307619 0.0306001 0.0306488 0.0306017 0.0301994 0.0298017 0.0298017 0.0299219 0.0308777 0.0312761 0.0311019 0.0309993 0.0311706 0.0307641 0.0309329 0.0308252 0.0309477 0.0310035 0.0310035 0.0308241 0.0308803 0.0313372 0.0312797 0.0312193 0.0309436 0.0308863 0.0313872 0.0309908 0.0313304 1.8861410 1.8877004 
EBOV_H.sap-xx_COD_14_Lomela-Lokolia16_KP271018             1.8803507 1.9120336 1.8893770 1.2741801 1.3514749 0.0241672 0.0240555 0.0243958 0.0247409 0.0000000 0.0012937 0.0092802 0.0138962 0.0345428 0.0346446 0.0341950 0.0340831 0.0338567 0.0339718 0.0342391 0.0342944 0.0347061 0.0341332 0.0341902 0.0343008 0.0342481 0.0341913 0.0343043 0.0343610 0.0344185 0.0343069 0.0343069 0.0343637 0.0344202 0.0344204 0.0344212 0.0343734 0.0344834 0.0344797 0.0345405 0.0346506 0.0344226 0.0345972 0.0345398 0.0345389 0.0345957 0.0346522 0.0346526 0.0346526 0.0346676 0.0344879 0.0345452 0.0344885 0.0347138 0.0347169 0.0348314 0.0348314 0.0350061 0.0349487 0.0348306 0.0350658 0.0344189 0.0343619 0.0344760 0.0344760 0.0345326 0.0343697 0.0344182 0.0343717 0.0339638 0.0334472 0.0334472 0.0335696 0.0347639 0.0350536 0.0348768 0.0347742 0.0349477 0.0345353 0.0347059 0.0345975 0.0347225 0.0347790 0.0347790 0.0345962 0.0346531 0.0351160 0.0350577 0.0351098 0.0348315 0.0347208 0.0351658 0.0347647 0.0351084 1.9040969 1.9058822 
EBOV_H.sap-xx_COD_14_Lomela-Lokolia17_KP271019             1.8813337 1.9132395 1.8916326 1.2759196 1.3537068 0.0247811 0.0246692 0.0250103 0.0253562 0.0012937 0.0000000 0.0099223 0.0145986 0.0351281 0.0352790 0.0347151 0.0347167 0.0344899 0.0346053 0.0348727 0.0349280 0.0353407 0.0347667 0.0348238 0.0349346 0.0348819 0.0348250 0.0349381 0.0349949 0.0350525 0.0349408 0.0349408 0.0349977 0.0350542 0.0350545 0.0350553 0.0350076 0.0351177 0.0351139 0.0351749 0.0352852 0.0350567 0.0352316 0.0351742 0.0351732 0.0352302 0.0352867 0.0352872 0.0352872 0.0353024 0.0351223 0.0351797 0.0351229 0.0353485 0.0353516 0.0354664 0.0354664 0.0356414 0.0355839 0.0354656 0.0357012 0.0350530 0.0349958 0.0351102 0.0351102 0.0351669 0.0350038 0.0350522 0.0350059 0.0345971 0.0340795 0.0340795 0.0342023 0.0353986 0.0356889 0.0355117 0.0354091 0.0355829 0.0351696 0.0353405 0.0352320 0.0353574 0.0354139 0.0354139 0.0352306 0.0352876 0.0357514 0.0356931 0.0357451 0.0354664 0.0353556 0.0358012 0.0353994 0.0357437 1.9030460 1.9048298 
EBOV_H.sap-tc_COD_95_Kikwit-9510621_KR867676               1.8808671 1.9122738 1.8907054 1.2845169 1.3573249 0.0237772 0.0236657 0.0240055 0.0243500 0.0092802 0.0099223 0.0000000 0.0134078 0.0339162 0.0339040 0.0334551 0.0334572 0.0332311 0.0333461 0.0336132 0.0336684 0.0339654 0.0333935 0.0334504 0.0335609 0.0335082 0.0334515 0.0335643 0.0336209 0.0336783 0.0335668 0.0335668 0.0336236 0.0336799 0.0336801 0.0336810 0.0336331 0.0337429 0.0337392 0.0337999 0.0339099 0.0336823 0.0338565 0.0337993 0.0337983 0.0338551 0.0339115 0.0339119 0.0339119 0.0339266 0.0336820 0.0337392 0.0336825 0.0339728 0.0339758 0.0340902 0.0340902 0.0342645 0.0342072 0.0340894 0.0343240 0.0336787 0.0336218 0.0337357 0.0337357 0.0337922 0.0336295 0.0336780 0.0336314 0.0332244 0.0328225 0.0328225 0.0329445 0.0339096 0.0343121 0.0341358 0.0340331 0.0342062 0.0337948 0.0339651 0.0338569 0.0339160 0.0339723 0.0339723 0.0338556 0.0339123 0.0343743 0.0343161 0.0343682 0.0340903 0.0339797 0.0344242 0.0340238 0.0343668 1.8990410 1.9008225 
EBOV_H.sap-tc_COD_77_Bonduni_KC242791                      1.8823348 1.9153315 1.8926888 1.2818370 1.3553000 0.0200580 0.0199478 0.0202828 0.0206220 0.0138962 0.0145986 0.0134078 0.0000000 0.0306961 0.0306851 0.0302398 0.0301287 0.0299046 0.0300184 0.0301724 0.0302272 0.0306326 0.0300663 0.0301227 0.0302324 0.0301799 0.0301237 0.0302355 0.0302916 0.0303484 0.0302378 0.0302378 0.0302940 0.0303499 0.0303501 0.0303508 0.0303026 0.0304117 0.0304084 0.0304682 0.0305775 0.0303520 0.0305242 0.0304676 0.0304667 0.0305230 0.0305789 0.0305793 0.0305793 0.0305926 0.0304157 0.0304724 0.0304162 0.0306393 0.0306420 0.0307553 0.0307553 0.0308684 0.0308710 0.0307546 0.0309865 0.0303488 0.0302924 0.0304053 0.0304053 0.0304613 0.0302994 0.0303482 0.0303010 0.0298986 0.0295008 0.0295008 0.0296209 0.0305772 0.0309757 0.0308015 0.0306987 0.0308701 0.0304636 0.0306324 0.0305246 0.0306471 0.0307029 0.0307029 0.0305235 0.0305798 0.0310368 0.0309793 0.0310314 0.0307554 0.0306455 0.0310868 0.0306904 0.0310301 1.8981192 1.8996918 
EBOV_H.sap-wt_GIN_14_Makona-Gueckedou-EM_080076_KR817235   1.8831145 1.9203767 1.8951644 1.2927681 1.3513694 0.0304727 0.0303588 0.0307070 0.0309966 0.0345428 0.0351281 0.0339162 0.0306961 0.0000000 0.0016563 0.0013970 0.0018644 0.0017607 0.0018646 0.0019679 0.0020715 0.0023317 0.0018122 0.0018641 0.0020199 0.0019161 0.0018641 0.0019679 0.0020198 0.0020718 0.0019681 0.0019681 0.0020200 0.0020719 0.0020719 0.0020719 0.0020206 0.0022282 0.0021239 0.0022278 0.0022798 0.0021759 0.0022281 0.0021761 0.0021760 0.0022280 0.0022799 0.0022800 0.0022800 0.0023324 0.0021759 0.0022279 0.0021759 0.0023322 0.0023324 0.0024881 0.0024881 0.0026444 0.0025924 0.0024364 0.0027485 0.0021758 0.0021238 0.0022277 0.0022277 0.0022797 0.0021757 0.0021756 0.0020721 0.0016566 0.0012934 0.0012934 0.0013975 0.0023837 0.0026440 0.0024876 0.0023844 0.0025406 0.0021758 0.0023317 0.0023321 0.0024882 0.0025402 0.0025402 0.0023839 0.0024359 0.0027478 0.0026443 0.0026960 0.0024365 0.0024884 0.0027479 0.0023838 0.0026958 1.9033237 1.9048971 
EBOV_H.sap-wt_GIN_14_Makona-Gueckedou-EM_079702_KR817210   1.8821360 1.9189292 1.8932740 1.2956001 1.3520602 0.0304618 0.0303480 0.0306961 0.0309856 0.0346446 0.0352790 0.0339040 0.0306851 0.0016563 0.0000000 0.0012929 0.0017601 0.0016563 0.0017602 0.0018635 0.0019670 0.0022270 0.0017078 0.0017597 0.0019154 0.0018116 0.0017598 0.0018635 0.0019154 0.0019673 0.0018636 0.0018636 0.0019155 0.0019674 0.0019674 0.0019674 0.0019161 0.0021236 0.0020194 0.0021232 0.0021752 0.0020713 0.0021235 0.0020715 0.0020715 0.0021234 0.0021753 0.0021753 0.0021753 0.0022277 0.0020713 0.0021233 0.0020714 0.0022275 0.0022277 0.0023833 0.0023833 0.0025396 0.0024875 0.0023316 0.0026435 0.0020712 0.0020193 0.0021231 0.0021231 0.0021751 0.0020711 0.0020711 0.0019676 0.0015523 0.0011894 0.0011894 0.0012933 0.0022790 0.0025391 0.0023828 0.0022797 0.0024358 0.0020712 0.0022270 0.0022275 0.0023834 0.0024354 0.0024354 0.0022792 0.0023311 0.0026429 0.0025394 0.0025911 0.0023317 0.0023836 0.0026430 0.0022791 0.0025909 1.8994764 1.9010459 
EBOV_H.sap-wt_GIN_14_Makona-Gueckedou-EM_079587_KR817202   1.8819452 1.9191578 1.8928077 1.2928020 1.3494704 0.0300174 0.0299037 0.0302513 0.0305405 0.0341950 0.0347151 0.0334551 0.0302398 0.0013970 0.0012929 0.0000000 0.0013970 0.0012934 0.0013971 0.0015004 0.0016039 0.0018636 0.0013449 0.0013967 0.0015522 0.0014486 0.0013968 0.0015004 0.0015522 0.0016041 0.0015005 0.0015005 0.0015523 0.0016042 0.0016042 0.0016042 0.0015528 0.0017601 0.0016561 0.0017598 0.0018117 0.0017080 0.0017600 0.0017081 0.0017081 0.0017600 0.0018118 0.0018118 0.0018118 0.0018641 0.0017080 0.0017599 0.0017080 0.0018639 0.0018641 0.0020196 0.0020196 0.0021757 0.0021237 0.0019679 0.0022796 0.0017079 0.0016560 0.0017598 0.0017598 0.0018116 0.0017078 0.0017078 0.0016044 0.0011895 0.0008265 0.0008265 0.0009299 0.0019155 0.0021753 0.0020192 0.0019161 0.0020720 0.0017079 0.0018635 0.0018639 0.0020197 0.0020716 0.0020716 0.0019156 0.0019675 0.0022790 0.0021755 0.0022272 0.0019680 0.0020198 0.0022791 0.0019155 0.0022271 1.8995547 1.9011241 
EBOV_H.sap-wt_GIN_14_Makona-Macenta-EM_079424_KR817189     1.8832387 1.9204881 1.8943192 1.2923692 1.3523946 0.0298471 0.0297334 0.0300808 0.0303698 0.0340831 0.0347167 0.0334572 0.0301287 0.0018644 0.0017601 0.0013970 0.0000000 0.0010347 0.0011383 0.0014490 0.0015525 0.0018122 0.0012935 0.0013453 0.0015008 0.0013972 0.0013453 0.0014490 0.0015008 0.0015527 0.0014491 0.0014491 0.0015009 0.0015527 0.0015527 0.0015528 0.0015013 0.0017087 0.0016047 0.0017084 0.0017603 0.0016566 0.0017086 0.0016567 0.0016567 0.0017086 0.0017604 0.0017605 0.0017605 0.0018127 0.0016566 0.0017085 0.0016566 0.0018125 0.0018127 0.0019683 0.0019683 0.0021243 0.0020724 0.0019166 0.0022282 0.0016565 0.0016046 0.0017084 0.0017084 0.0017603 0.0016564 0.0016564 0.0015529 0.0011381 0.0006715 0.0006715 0.0006715 0.0018641 0.0021240 0.0019679 0.0018647 0.0020206 0.0016565 0.0018122 0.0018125 0.0019683 0.0020202 0.0020202 0.0018643 0.0019162 0.0022277 0.0021242 0.0021759 0.0019166 0.0019685 0.0022277 0.0018641 0.0021758 1.9046099 1.9061847 
EBOV_H.sap-tc_GIN_14_Makona-Gueckedou-C05_KP096420         1.8837919 1.9210448 1.8945161 1.2938440 1.3496820 0.0296830 0.0295694 0.0299166 0.0302055 0.0338567 0.0344899 0.0332311 0.0299046 0.0017607 0.0016563 0.0012934 0.0010347 0.0000000 0.0001033 0.0013453 0.0014488 0.0017084 0.0011899 0.0012417 0.0013972 0.0012935 0.0012417 0.0013453 0.0013971 0.0014490 0.0013454 0.0013454 0.0013972 0.0014491 0.0014491 0.0014491 0.0013977 0.0016050 0.0015010 0.0016047 0.0016566 0.0015529 0.0016049 0.0015530 0.0015530 0.0016049 0.0016567 0.0016567 0.0016567 0.0017089 0.0015529 0.0016048 0.0015529 0.0017088 0.0017089 0.0018645 0.0018645 0.0020205 0.0019685 0.0018128 0.0021244 0.0015528 0.0015009 0.0016047 0.0016047 0.0016565 0.0015527 0.0015527 0.0014493 0.0010345 0.0005681 0.0005681 0.0006715 0.0017604 0.0020202 0.0018641 0.0017609 0.0019168 0.0015528 0.0017084 0.0017088 0.0018645 0.0019164 0.0019164 0.0017605 0.0018124 0.0021238 0.0020204 0.0020720 0.0018129 0.0018647 0.0021239 0.0017604 0.0020719 1.9030359 1.9046099 
EBOV_H.sap-wt_GIN_14_Makona-Kissidougou-C15_KT013254       1.8848618 1.9220701 1.8955221 1.2945703 1.3493885 0.0297965 0.0296828 0.0300303 0.0303192 0.0339718 0.0346053 0.0333461 0.0300184 0.0018646 0.0017602 0.0013971 0.0011383 0.0001033 0.0000000 0.0014491 0.0015526 0.0018123 0.0012935 0.0013454 0.0015009 0.0013972 0.0013454 0.0014491 0.0015009 0.0015528 0.0014491 0.0014491 0.0015010 0.0015528 0.0015528 0.0015529 0.0015014 0.0017088 0.0016048 0.0017085 0.0017605 0.0016567 0.0017087 0.0016568 0.0016568 0.0017087 0.0017605 0.0017606 0.0017606 0.0018128 0.0016567 0.0017086 0.0016567 0.0018127 0.0018128 0.0019684 0.0019684 0.0021245 0.0020725 0.0019167 0.0022284 0.0016566 0.0016047 0.0017085 0.0017085 0.0017604 0.0016565 0.0016565 0.0015530 0.0011381 0.0006715 0.0006715 0.0007748 0.0018642 0.0021241 0.0019680 0.0018648 0.0020207 0.0016566 0.0018123 0.0018126 0.0019684 0.0020204 0.0020204 0.0018644 0.0019163 0.0022278 0.0021243 0.0021760 0.0019168 0.0019686 0.0022279 0.0018643 0.0021759 1.9035603 1.9051353 
EBOV_H.sap-wt_GIN_14_Makona-Gueckedou-EM_079750_KR817213   1.8826175 1.9198293 1.8937512 1.2906873 1.3509778 0.0300623 0.0299486 0.0302961 0.0305852 0.0342391 0.0348727 0.0336132 0.0301724 0.0019679 0.0018635 0.0015004 0.0014490 0.0013453 0.0014491 0.0000000 0.0002065 0.0019156 0.0013969 0.0014487 0.0016043 0.0015006 0.0014487 0.0015524 0.0016042 0.0016561 0.0015525 0.0015525 0.0016043 0.0016562 0.0016562 0.0016562 0.0016048 0.0018122 0.0017082 0.0018119 0.0018638 0.0017600 0.0018121 0.0017602 0.0017602 0.0018120 0.0018639 0.0018639 0.0018639 0.0019162 0.0017601 0.0018120 0.0017601 0.0019160 0.0019162 0.0020718 0.0020718 0.0022279 0.0021759 0.0020201 0.0023318 0.0017600 0.0017081 0.0018118 0.0018118 0.0018637 0.0017599 0.0017598 0.0016564 0.0012415 0.0008782 0.0008782 0.0009826 0.0019676 0.0022275 0.0020714 0.0019682 0.0021241 0.0017600 0.0019156 0.0019160 0.0020718 0.0021238 0.0021238 0.0019677 0.0020197 0.0023312 0.0022277 0.0022794 0.0020202 0.0020720 0.0023313 0.0019676 0.0022793 1.9007223 1.9022937 
EBOV_H.sap-wt_GIN_14_Makona-Gueckedou-EM_079910_KR817221   1.8834893 1.9207248 1.8946270 1.2914210 1.3504554 0.0300585 0.0299449 0.0302924 0.0305814 0.0342944 0.0349280 0.0336684 0.0302272 0.0020715 0.0019670 0.0016039 0.0015525 0.0014488 0.0015526 0.0002065 0.0000000 0.0020192 0.0015003 0.0015522 0.0017078 0.0016041 0.0015522 0.0016559 0.0017077 0.0017596 0.0016560 0.0016560 0.0017078 0.0017597 0.0017597 0.0017597 0.0017084 0.0019157 0.0018117 0.0019154 0.0019674 0.0018635 0.0019157 0.0018637 0.0018637 0.0019156 0.0019675 0.0019675 0.0019675 0.0020198 0.0018636 0.0019155 0.0018636 0.0020196 0.0020198 0.0021754 0.0021754 0.0023315 0.0022795 0.0021237 0.0024354 0.0018635 0.0018116 0.0019154 0.0019154 0.0019673 0.0018634 0.0018633 0.0017599 0.0013449 0.0009816 0.0009816 0.0010860 0.0020711 0.0023311 0.0021749 0.0020718 0.0022277 0.0018635 0.0020192 0.0020196 0.0021754 0.0022274 0.0022274 0.0020713 0.0021232 0.0024348 0.0023313 0.0023830 0.0021238 0.0021756 0.0024349 0.0020712 0.0023829 1.9008758 1.9024477 
EBOV_H.sap-wt_LBR_14_Makona-LIBR0430_KR006955              1.8819729 1.9189805 1.8935418 1.2902720 1.3481190 0.0304094 0.0302955 0.0306436 0.0309331 0.0347061 0.0353407 0.0339654 0.0306326 0.0023317 0.0022270 0.0018636 0.0018122 0.0017084 0.0018123 0.0019156 0.0020192 0.0000000 0.0005165 0.0005681 0.0007232 0.0006198 0.0005681 0.0006715 0.0007232 0.0007748 0.0006715 0.0006715 0.0007232 0.0007748 0.0007748 0.0007748 0.0007232 0.0009299 0.0008265 0.0009299 0.0009816 0.0008782 0.0009299 0.0008782 0.0008782 0.0009299 0.0009816 0.0009816 0.0009816 0.0010344 0.0008782 0.0009299 0.0008782 0.0010343 0.0010344 0.0011897 0.0011897 0.0013453 0.0012935 0.0011380 0.0014490 0.0008782 0.0008265 0.0009299 0.0009299 0.0008782 0.0008782 0.0008782 0.0007748 0.0008782 0.0012414 0.0012414 0.0013453 0.0010850 0.0013451 0.0011895 0.0010862 0.0012417 0.0008782 0.0010333 0.0010862 0.0011897 0.0012415 0.0012415 0.0010860 0.0011378 0.0014486 0.0013452 0.0013969 0.0011381 0.0011898 0.0014486 0.0010850 0.0013968 1.9030833 1.9046565 
EBOV_H.sap-wt_SLE_14_Makona-G3734.1_KM233055               1.8824331 1.9194459 1.8933618 1.2914445 1.3485480 0.0298443 0.0297307 0.0300781 0.0303670 0.0341332 0.0347667 0.0333935 0.0300663 0.0018122 0.0017078 0.0013449 0.0012935 0.0011899 0.0012935 0.0013969 0.0015003 0.0005165 0.0000000 0.0000516 0.0002065 0.0001033 0.0000516 0.0001549 0.0002065 0.0002582 0.0001549 0.0001549 0.0002065 0.0002582 0.0002582 0.0002582 0.0002065 0.0004131 0.0003098 0.0004131 0.0004648 0.0003615 0.0004131 0.0003615 0.0003615 0.0004131 0.0004648 0.0004648 0.0004648 0.0005165 0.0003615 0.0004131 0.0003615 0.0005165 0.0005165 0.0006715 0.0006715 0.0008265 0.0007748 0.0006198 0.0009299 0.0003615 0.0003098 0.0004131 0.0004131 0.0004648 0.0003615 0.0003615 0.0002582 0.0003615 0.0007232 0.0007232 0.0008265 0.0005681 0.0008265 0.0006715 0.0005681 0.0007232 0.0003615 0.0005165 0.0005681 0.0006715 0.0007232 0.0007232 0.0005681 0.0006198 0.0009299 0.0008265 0.0008782 0.0006198 0.0006715 0.0009299 0.0005682 0.0008783 1.9024243 1.9039971 
EBOV_H.sap-wt_LBR_14_Makona-EM_080065_KR817232             1.8821942 1.9192055 1.8931232 1.2912484 1.3483489 0.0299006 0.0297869 0.0301344 0.0304234 0.0341902 0.0348238 0.0334504 0.0301227 0.0018641 0.0017597 0.0013967 0.0013453 0.0012417 0.0013454 0.0014487 0.0015522 0.0005681 0.0000516 0.0000000 0.0002582 0.0001549 0.0001033 0.0002065 0.0002582 0.0003098 0.0002065 0.0002065 0.0002582 0.0003098 0.0003098 0.0003098 0.0002582 0.0004648 0.0003615 0.0004648 0.0005165 0.0004131 0.0004648 0.0004131 0.0004131 0.0004648 0.0005165 0.0005165 0.0005165 0.0005681 0.0004131 0.0004648 0.0004131 0.0005681 0.0005681 0.0007232 0.0007232 0.0008782 0.0008265 0.0006715 0.0009816 0.0004131 0.0003615 0.0004648 0.0004648 0.0005165 0.0004131 0.0003098 0.0002065 0.0004131 0.0007748 0.0007748 0.0008782 0.0006198 0.0008782 0.0007232 0.0006198 0.0007748 0.0004131 0.0005681 0.0006198 0.0007232 0.0007748 0.0007748 0.0006198 0.0006715 0.0009816 0.0008782 0.0009299 0.0006715 0.0007232 0.0009816 0.0006198 0.0009299 1.9026029 1.9041760 
EBOV_H.sap-wt_SLE_14_Makona-G3799_KM233080                 1.8837503 1.9207872 1.8946815 1.2907769 1.3474223 0.0300697 0.0299560 0.0303036 0.0305928 0.0343008 0.0349346 0.0335609 0.0302324 0.0020199 0.0019154 0.0015522 0.0015008 0.0013972 0.0015009 0.0016043 0.0017078 0.0007232 0.0002065 0.0002582 0.0000000 0.0001033 0.0001549 0.0003615 0.0003098 0.0003615 0.0002582 0.0002582 0.0003098 0.0003615 0.0003615 0.0003615 0.0003098 0.0005165 0.0004131 0.0005165 0.0005681 0.0004648 0.0005165 0.0004648 0.0004648 0.0005165 0.0005681 0.0005681 0.0005681 0.0006198 0.0004648 0.0005165 0.0004648 0.0006198 0.0006198 0.0007748 0.0007748 0.0009299 0.0008782 0.0007232 0.0010343 0.0004648 0.0004131 0.0005165 0.0005165 0.0005681 0.0005681 0.0005681 0.0004648 0.0005681 0.0009299 0.0009299 0.0010344 0.0006715 0.0009299 0.0007748 0.0006715 0.0008265 0.0005681 0.0006198 0.0006715 0.0007748 0.0008265 0.0008265 0.0007748 0.0008265 0.0010333 0.0009299 0.0009816 0.0008265 0.0008782 0.0010333 0.0006715 0.0009816 1.9033263 1.9049002 
EBOV_H.sap-wt_SLE_14_Makona-G3788_KM233075                 1.8834739 1.9205108 1.8944060 1.2911840 1.3478349 0.0299577 0.0298440 0.0301915 0.0304805 0.0342481 0.0348819 0.0335082 0.0301799 0.0019161 0.0018116 0.0014486 0.0013972 0.0012935 0.0013972 0.0015006 0.0016041 0.0006198 0.0001033 0.0001549 0.0001033 0.0000000 0.0000516 0.0002582 0.0002065 0.0002582 0.0001549 0.0001549 0.0002065 0.0002582 0.0002582 0.0002582 0.0002065 0.0004131 0.0003098 0.0004131 0.0004648 0.0003615 0.0004131 0.0003615 0.0003615 0.0004131 0.0004648 0.0004648 0.0004648 0.0005165 0.0003615 0.0004131 0.0003615 0.0005165 0.0005165 0.0006715 0.0006715 0.0008265 0.0007748 0.0006198 0.0009299 0.0003615 0.0003098 0.0004131 0.0004131 0.0004648 0.0004648 0.0004648 0.0003615 0.0004648 0.0008265 0.0008265 0.0009299 0.0005681 0.0008265 0.0006715 0.0005681 0.0007232 0.0004648 0.0005165 0.0005681 0.0006715 0.0007232 0.0007232 0.0006715 0.0007232 0.0009299 0.0008265 0.0008782 0.0007232 0.0007748 0.0009299 0.0005682 0.0008783 1.9035336 1.9051076 
EBOV_H.sap-wt_SLE_14_Makona-G3677.2_KM034557               1.8831898 1.9202243 1.8941222 1.2909598 1.3481082 0.0299016 0.0297879 0.0301354 0.0304244 0.0341913 0.0348250 0.0334515 0.0301237 0.0018641 0.0017598 0.0013968 0.0013453 0.0012417 0.0013454 0.0014487 0.0015522 0.0005681 0.0000516 0.0001033 0.0001549 0.0000516 0.0000000 0.0002065 0.0001549 0.0002065 0.0001033 0.0001033 0.0001549 0.0002065 0.0002065 0.0002065 0.0001549 0.0003615 0.0002582 0.0003615 0.0004131 0.0003098 0.0003615 0.0003098 0.0003098 0.0003615 0.0004131 0.0004131 0.0004131 0.0004648 0.0003098 0.0003615 0.0003098 0.0004648 0.0004648 0.0006198 0.0006198 0.0007748 0.0007232 0.0005681 0.0008782 0.0003098 0.0002582 0.0003615 0.0003615 0.0004131 0.0004131 0.0004131 0.0003098 0.0004131 0.0007748 0.0007748 0.0008782 0.0005165 0.0007748 0.0006198 0.0005165 0.0006715 0.0004131 0.0004648 0.0005165 0.0006198 0.0006715 0.0006715 0.0006198 0.0006715 0.0008782 0.0007748 0.0008265 0.0006715 0.0007232 0.0008782 0.0005165 0.0008266 1.9032507 1.9048245 
EBOV_H.sap-wt_LBR_14_Makona-Foya-EM_074350_KR817109        1.8819219 1.9189319 1.8929137 1.2915022 1.3484450 0.0300131 0.0298995 0.0302470 0.0305361 0.0343043 0.0349381 0.0335643 0.0302355 0.0019679 0.0018635 0.0015004 0.0014490 0.0013453 0.0014491 0.0015524 0.0016559 0.0006715 0.0001549 0.0002065 0.0003615 0.0002582 0.0002065 0.0000000 0.0003615 0.0004131 0.0003098 0.0003098 0.0003615 0.0004131 0.0004131 0.0004131 0.0003615 0.0005681 0.0004648 0.0005681 0.0006198 0.0005165 0.0005681 0.0005165 0.0005165 0.0005681 0.0006198 0.0006198 0.0006198 0.0006715 0.0005165 0.0005681 0.0005165 0.0006715 0.0006715 0.0008265 0.0008265 0.0009816 0.0009299 0.0007748 0.0010861 0.0005165 0.0004648 0.0005681 0.0005681 0.0006198 0.0002065 0.0005165 0.0004131 0.0005165 0.0008782 0.0008782 0.0009826 0.0007232 0.0009816 0.0008265 0.0007232 0.0008782 0.0005165 0.0006715 0.0007232 0.0008265 0.0008782 0.0008782 0.0005165 0.0005681 0.0010850 0.0009816 0.0010333 0.0007748 0.0008265 0.0010850 0.0007232 0.0010333 1.9019161 1.9034887 
EBOV_H.sap-wt_LBR_14_Makona-LIBR0505_KR006957              1.8839519 1.9209916 1.8943997 1.2907816 1.3479058 0.0300692 0.0299554 0.0303031 0.0305922 0.0343610 0.0349949 0.0336209 0.0302916 0.0020198 0.0019154 0.0015522 0.0015008 0.0013971 0.0015009 0.0016042 0.0017077 0.0007232 0.0002065 0.0002582 0.0003098 0.0002065 0.0001549 0.0003615 0.0000000 0.0003615 0.0002582 0.0002582 0.0003098 0.0003615 0.0003615 0.0003615 0.0003098 0.0005165 0.0004131 0.0005165 0.0005681 0.0004648 0.0005165 0.0004648 0.0004648 0.0005165 0.0005681 0.0005681 0.0005681 0.0006198 0.0004648 0.0005165 0.0004648 0.0006198 0.0006198 0.0007748 0.0007748 0.0009299 0.0008782 0.0007232 0.0010343 0.0004648 0.0004131 0.0005165 0.0005165 0.0005681 0.0005681 0.0005681 0.0004648 0.0005681 0.0009299 0.0009299 0.0010344 0.0006715 0.0009299 0.0007748 0.0006715 0.0008265 0.0005681 0.0006198 0.0006715 0.0007748 0.0008265 0.0008265 0.0007748 0.0008265 0.0010333 0.0009299 0.0009816 0.0008265 0.0008782 0.0010333 0.0006715 0.0009816 1.9035310 1.9051049 
EBOV_H.sap-wt_LBR_15_Makona-Liberia-DQE4_KR074998          1.8830036 1.9200323 1.8938690 1.2907818 1.3481457 0.0301258 0.0300121 0.0303598 0.0306490 0.0344185 0.0350525 0.0336783 0.0303484 0.0020718 0.0019673 0.0016041 0.0015527 0.0014490 0.0015528 0.0016561 0.0017596 0.0007748 0.0002582 0.0003098 0.0003615 0.0002582 0.0002065 0.0004131 0.0003615 0.0000000 0.0003098 0.0003098 0.0003615 0.0004131 0.0004131 0.0004131 0.0003615 0.0005681 0.0004648 0.0005681 0.0006198 0.0005165 0.0005681 0.0005165 0.0005165 0.0005681 0.0006198 0.0006198 0.0006198 0.0006715 0.0005165 0.0005681 0.0005165 0.0006715 0.0006715 0.0008265 0.0008265 0.0009816 0.0009299 0.0007748 0.0010861 0.0005165 0.0004648 0.0005681 0.0005681 0.0006198 0.0006198 0.0006198 0.0005165 0.0006198 0.0009816 0.0009816 0.0010862 0.0007232 0.0009816 0.0008265 0.0007232 0.0008782 0.0006198 0.0006715 0.0007232 0.0008265 0.0008782 0.0008782 0.0008265 0.0008782 0.0010850 0.0009816 0.0010333 0.0008782 0.0009299 0.0010850 0.0007232 0.0010333 1.9032669 1.9048406 
EBOV_H.sap-wt_SLE_14_Makona-G3789.1_KM233076               1.8816423 1.9186378 1.8925686 1.2909598 1.3480415 0.0300154 0.0299017 0.0302493 0.0305384 0.0343069 0.0349408 0.0335668 0.0302378 0.0019681 0.0018636 0.0015005 0.0014491 0.0013454 0.0014491 0.0015525 0.0016560 0.0006715 0.0001549 0.0002065 0.0002582 0.0001549 0.0001033 0.0003098 0.0002582 0.0003098 0.0000000 0.0000010 0.0000516 0.0001033 0.0001033 0.0001033 0.0000516 0.0002582 0.0001549 0.0002582 0.0003098 0.0002065 0.0002582 0.0002065 0.0002065 0.0002582 0.0003098 0.0003098 0.0003098 0.0003615 0.0002065 0.0002582 0.0002065 0.0003615 0.0003615 0.0005165 0.0005165 0.0006715 0.0006198 0.0004648 0.0007748 0.0004131 0.0003615 0.0004648 0.0004648 0.0005165 0.0005165 0.0005165 0.0004131 0.0005165 0.0008782 0.0008782 0.0009827 0.0004131 0.0006715 0.0005165 0.0004131 0.0005681 0.0005165 0.0005681 0.0006198 0.0005165 0.0005681 0.0005681 0.0007232 0.0007748 0.0007748 0.0006715 0.0007232 0.0007748 0.0008265 0.0007748 0.0006198 0.0009299 1.9048686 1.9064444 
EBOV_H.sap-wt_SLE_14_Makona-G3735.2_KM233057               1.8816423 1.9186378 1.8925686 1.2909598 1.3480415 0.0300154 0.0299017 0.0302493 0.0305384 0.0343069 0.0349408 0.0335668 0.0302378 0.0019681 0.0018636 0.0015005 0.0014491 0.0013454 0.0014491 0.0015525 0.0016560 0.0006715 0.0001549 0.0002065 0.0002582 0.0001549 0.0001033 0.0003098 0.0002582 0.0003098 0.0000010 0.0000000 0.0000516 0.0001033 0.0001033 0.0001033 0.0000516 0.0002582 0.0001549 0.0002582 0.0003098 0.0002065 0.0002582 0.0002065 0.0002065 0.0002582 0.0003098 0.0003098 0.0003098 0.0003615 0.0002065 0.0002582 0.0002065 0.0003615 0.0003615 0.0005165 0.0005165 0.0006715 0.0006198 0.0004648 0.0007748 0.0004131 0.0003615 0.0004648 0.0004648 0.0005165 0.0005165 0.0005165 0.0004131 0.0005165 0.0008782 0.0008782 0.0009827 0.0004131 0.0006715 0.0005165 0.0004131 0.0005681 0.0005165 0.0005681 0.0006198 0.0005165 0.0005681 0.0005681 0.0007232 0.0007748 0.0007748 0.0006715 0.0007232 0.0007748 0.0008265 0.0007748 0.0006198 0.0009299 1.9048686 1.9064444 
EBOV_H.sap-wt_SLE_14_Makona-G3770.2_KM233070               1.8818635 1.9188627 1.8927902 1.2911840 1.3482698 0.0300715 0.0299578 0.0303055 0.0305946 0.0343637 0.0349977 0.0336236 0.0302940 0.0020200 0.0019155 0.0015523 0.0015009 0.0013972 0.0015010 0.0016043 0.0017078 0.0007232 0.0002065 0.0002582 0.0003098 0.0002065 0.0001549 0.0003615 0.0003098 0.0003615 0.0000516 0.0000516 0.0000000 0.0001549 0.0001549 0.0001549 0.0001033 0.0003098 0.0002065 0.0003098 0.0003615 0.0002582 0.0003098 0.0002582 0.0002582 0.0003098 0.0003615 0.0003615 0.0003615 0.0004131 0.0002582 0.0003098 0.0002582 0.0004131 0.0004131 0.0005681 0.0005681 0.0007232 0.0006715 0.0005165 0.0008265 0.0004648 0.0004131 0.0005165 0.0005165 0.0005681 0.0005681 0.0005681 0.0004648 0.0005681 0.0009299 0.0009299 0.0010345 0.0004648 0.0007232 0.0005681 0.0004648 0.0006198 0.0005681 0.0006198 0.0006715 0.0005681 0.0006198 0.0006198 0.0007748 0.0008265 0.0008265 0.0007232 0.0007748 0.0008265 0.0008782 0.0008265 0.0006715 0.0009816 1.9050903 1.9066662 
EBOV_H.sap-wt_SLE_14_Makona-G3949_1_KR105209               1.8821024 1.9191030 1.8930286 1.2909729 1.3480562 0.0301273 0.0300135 0.0303613 0.0306505 0.0344202 0.0350542 0.0336799 0.0303499 0.0020719 0.0019674 0.0016042 0.0015527 0.0014491 0.0015528 0.0016562 0.0017597 0.0007748 0.0002582 0.0003098 0.0003615 0.0002582 0.0002065 0.0004131 0.0003615 0.0004131 0.0001033 0.0001033 0.0001549 0.0000000 0.0002065 0.0002065 0.0001549 0.0003615 0.0002582 0.0003615 0.0004131 0.0003098 0.0003615 0.0003098 0.0003098 0.0003615 0.0004131 0.0004131 0.0004131 0.0004648 0.0003098 0.0003615 0.0003098 0.0004648 0.0004648 0.0006198 0.0006198 0.0007748 0.0007232 0.0005681 0.0008782 0.0005165 0.0004648 0.0005681 0.0005681 0.0006198 0.0006198 0.0006198 0.0005165 0.0006198 0.0009816 0.0009816 0.0010862 0.0005165 0.0007748 0.0006198 0.0005165 0.0006715 0.0006198 0.0006715 0.0007232 0.0006198 0.0006715 0.0006715 0.0008265 0.0008782 0.0008782 0.0007748 0.0008265 0.0008782 0.0009299 0.0008782 0.0007232 0.0010333 1.9047505 1.9063260 
EBOV_H.sap-wt_SLE_14_Makona-G3827_KM233101                 1.8811578 1.9181515 1.8925686 1.2910464 1.3480415 0.0301275 0.0300137 0.0303615 0.0306507 0.0344204 0.0350545 0.0336801 0.0303501 0.0020719 0.0019674 0.0016042 0.0015527 0.0014491 0.0015528 0.0016562 0.0017597 0.0007748 0.0002582 0.0003098 0.0003615 0.0002582 0.0002065 0.0004131 0.0003615 0.0004131 0.0001033 0.0001033 0.0001549 0.0002065 0.0000000 0.0002065 0.0001549 0.0003615 0.0002582 0.0003615 0.0004131 0.0003098 0.0003615 0.0003098 0.0003098 0.0003615 0.0004131 0.0004131 0.0004131 0.0004648 0.0003098 0.0003615 0.0003098 0.0004648 0.0004648 0.0006198 0.0006198 0.0007748 0.0007232 0.0005681 0.0008782 0.0005165 0.0004648 0.0005681 0.0005681 0.0006198 0.0006198 0.0006198 0.0005165 0.0006198 0.0009816 0.0009816 0.0010862 0.0005165 0.0007748 0.0006198 0.0005165 0.0006715 0.0006198 0.0006715 0.0007232 0.0006198 0.0006715 0.0006715 0.0008265 0.0008782 0.0008782 0.0007748 0.0008265 0.0008782 0.0009299 0.0008782 0.0007232 0.0010333 1.9048686 1.9064444 
EBOV_H.sap-wt_SLE_14_Makona-G3818_KM233092                 1.8815369 1.9185331 1.8931038 1.2910886 1.3479414 0.0301282 0.0300145 0.0303622 0.0306514 0.0344212 0.0350553 0.0336810 0.0303508 0.0020719 0.0019674 0.0016042 0.0015528 0.0014491 0.0015529 0.0016562 0.0017597 0.0007748 0.0002582 0.0003098 0.0003615 0.0002582 0.0002065 0.0004131 0.0003615 0.0004131 0.0001033 0.0001033 0.0001549 0.0002065 0.0002065 0.0000000 0.0001549 0.0003615 0.0002582 0.0003615 0.0004131 0.0003098 0.0003615 0.0003098 0.0003098 0.0003615 0.0004131 0.0004131 0.0004131 0.0004648 0.0003098 0.0003615 0.0003098 0.0004648 0.0004648 0.0006198 0.0006198 0.0007748 0.0007232 0.0005681 0.0008782 0.0005165 0.0004648 0.0005681 0.0005681 0.0006198 0.0006198 0.0006198 0.0005165 0.0006198 0.0009816 0.0009816 0.0010863 0.0005165 0.0007748 0.0006198 0.0005165 0.0006715 0.0006198 0.0006715 0.0007232 0.0006198 0.0006715 0.0006715 0.0008265 0.0008782 0.0008782 0.0007748 0.0008265 0.0008782 0.0009299 0.0008782 0.0007232 0.0010333 1.9051942 1.9067702 
EBOV_H.sap-wt_SLE_14_Makona-EM110_KM233037                 1.8824103 1.9194285 1.8933406 1.2916306 1.3487390 0.0300800 0.0299663 0.0303140 0.0306033 0.0343734 0.0350076 0.0336331 0.0303026 0.0020206 0.0019161 0.0015528 0.0015013 0.0013977 0.0015014 0.0016048 0.0017084 0.0007232 0.0002065 0.0002582 0.0003098 0.0002065 0.0001549 0.0003615 0.0003098 0.0003615 0.0000516 0.0000516 0.0001033 0.0001549 0.0001549 0.0001549 0.0000000 0.0003098 0.0002065 0.0003098 0.0003615 0.0002582 0.0003098 0.0002582 0.0002582 0.0003098 0.0003615 0.0003615 0.0003615 0.0004131 0.0002582 0.0003098 0.0002582 0.0004131 0.0004131 0.0005681 0.0005681 0.0007232 0.0006715 0.0005165 0.0008265 0.0004648 0.0004131 0.0005165 0.0005165 0.0005681 0.0005681 0.0005681 0.0004648 0.0005681 0.0009309 0.0009309 0.0010348 0.0004648 0.0007232 0.0005681 0.0004648 0.0006198 0.0005681 0.0006198 0.0006715 0.0005681 0.0006198 0.0006198 0.0007748 0.0008265 0.0008265 0.0007232 0.0007748 0.0008276 0.0008793 0.0008265 0.0006715 0.0009827 1.9059182 1.9074951 
EBOV_H.sap-wt_SLE_14_Makona-Kenema-20140590_KR653278       1.8806320 1.9176048 1.8915552 1.2917166 1.3482894 0.0301889 0.0300752 0.0304230 0.0307123 0.0344834 0.0351177 0.0337429 0.0304117 0.0022282 0.0021236 0.0017601 0.0017087 0.0016050 0.0017088 0.0018122 0.0019157 0.0009299 0.0004131 0.0004648 0.0005165 0.0004131 0.0003615 0.0005681 0.0005165 0.0005681 0.0002582 0.0002582 0.0003098 0.0003615 0.0003615 0.0003615 0.0003098 0.0000000 0.0001033 0.0002065 0.0002582 0.0004648 0.0005165 0.0004648 0.0004648 0.0005165 0.0005681 0.0005681 0.0005681 0.0003098 0.0004648 0.0005165 0.0004648 0.0003098 0.0003098 0.0004648 0.0004648 0.0006198 0.0005681 0.0004131 0.0007232 0.0006715 0.0006198 0.0007232 0.0007232 0.0007748 0.0007748 0.0007748 0.0006715 0.0007748 0.0011380 0.0011380 0.0012419 0.0006715 0.0007232 0.0005681 0.0004648 0.0006198 0.0007748 0.0008265 0.0008792 0.0007748 0.0008265 0.0008265 0.0009826 0.0010344 0.0007232 0.0006198 0.0009816 0.0010347 0.0010864 0.0007232 0.0008783 0.0011897 1.9030893 1.9046622 
EBOV_H.sap-wt_SLE_14_Makona-G3825.1_KM233098               1.8808775 1.9178507 1.8918000 1.2918412 1.3481865 0.0301857 0.0300719 0.0304197 0.0307090 0.0344797 0.0351139 0.0337392 0.0304084 0.0021239 0.0020194 0.0016561 0.0016047 0.0015010 0.0016048 0.0017082 0.0018117 0.0008265 0.0003098 0.0003615 0.0004131 0.0003098 0.0002582 0.0004648 0.0004131 0.0004648 0.0001549 0.0001549 0.0002065 0.0002582 0.0002582 0.0002582 0.0002065 0.0001033 0.0000000 0.0001033 0.0001549 0.0003615 0.0004131 0.0003615 0.0003615 0.0004131 0.0004648 0.0004648 0.0004648 0.0002065 0.0003615 0.0004131 0.0003615 0.0002065 0.0002065 0.0003615 0.0003615 0.0005165 0.0004648 0.0003098 0.0006198 0.0005681 0.0005165 0.0006198 0.0006198 0.0006715 0.0006715 0.0006715 0.0005681 0.0006715 0.0010333 0.0010333 0.0011381 0.0005681 0.0006198 0.0004648 0.0003615 0.0005165 0.0006715 0.0007232 0.0007748 0.0006715 0.0007232 0.0007232 0.0008782 0.0009299 0.0006198 0.0005165 0.0008782 0.0009309 0.0009827 0.0006198 0.0007749 0.0010850 1.9048205 1.9063956 
