90
RESTV_M.fas-tc_USA_89_Philippines89-Pennsylvania_NC_004161 0.0000000 0.0244745 0.0331211 2.0239057 2.0239057 2.2504562 2.2580342 1.9998337 1.9998337 2.0009187 2.0017800 2.0374174 2.0301215 2.0318222 2.0300257 2.0305905 2.0282674 2.0292565 2.0294024 2.0306287 2.0271443 2.0303486 2.0286164 2.0327198 2.0327198 2.0295507 2.0262960 2.0273085 2.0289387 2.0292728 2.0292728 2.0305907 2.0298651 2.0292323 2.0311087 2.0307469 2.0279981 2.0319064 2.0319064 2.0310892 2.0283228 2.0301091 2.0289712 2.0295475 2.0302137 2.0294980 2.0292070 2.0303226 2.0305349 2.0305349 2.0304939 2.0296612 2.0277697 2.0292565 2.0283596 2.0276108 2.0270184 2.0296914 2.0283181 2.0286800 2.0293774 2.0296050 2.0291857 2.0276220 2.0292344 2.0295090 2.0295090 2.0272280 2.0315519 2.0290439 2.0300926 2.0288151 2.0297816 2.0302608 2.0302608 2.0287567 2.0292474 2.0290543 2.0311768 2.0298417 2.0320158 2.0320158 2.0312127 2.0299536 2.0315028 2.0320461 2.0459045 2.0412984 2.0461382 2.0275123 
RESTV_S.dom-tc_PHL_08_Reston08-A_FJ621583                  0.0244745 0.0000000 0.0490608 2.0336204 2.0336204 2.2466635 2.2608494 2.0055886 2.0055886 2.0066785 2.0075431 2.0435446 2.0366834 2.0383945 2.0365889 2.0371563 2.0348264 2.0356397 2.0357855 2.0371301 2.0338085 2.0367377 2.0349977 2.0392366 2.0392366 2.0359352 2.0326640 2.0341124 2.0353208 2.0356560 2.0356560 2.0375249 2.0362520 2.0356151 2.0375004 2.0371369 2.0343752 2.0383046 2.0383046 2.0374822 2.0347011 2.0364990 2.0353527 2.0359313 2.0366024 2.0358814 2.0355898 2.0367111 2.0369242 2.0369242 2.0368824 2.0359315 2.0345762 2.0356397 2.0347395 2.0339842 2.0339345 2.0360777 2.0346983 2.0350631 2.0357610 2.0359891 2.0355664 2.0339959 2.0356171 2.0358923 2.0358923 2.0334870 2.0379469 2.0356042 2.0364811 2.0351945 2.0361657 2.0361025 2.0361025 2.0351358 2.0358081 2.0354376 2.0375682 2.0362268 2.0387038 2.0387038 2.0378959 2.0366302 2.0383030 2.0388475 2.0488347 2.0419108 2.0504029 2.0309142 
RESTV_S.dom-xx_PHL_08_Reston08-C_FJ621584                  0.0331211 0.0490608 0.0000000 2.0142447 2.0142447 2.2389988 2.2602633 2.0176546 2.0176546 2.0189291 2.0196208 2.0591051 2.0519655 2.0538340 2.0515800 2.0521505 2.0503641 2.0513573 2.0515018 2.0527399 2.0492109 2.0524641 2.0507137 2.0549795 2.0549795 2.0516546 2.0483594 2.0498162 2.0510372 2.0513734 2.0513734 2.0532523 2.0516807 2.0517943 2.0532295 2.0528632 2.0500840 2.0540454 2.0540454 2.0532146 2.0504115 2.0522285 2.0509551 2.0516487 2.0523284 2.0514190 2.0513066 2.0524361 2.0526500 2.0526500 2.0523151 2.0517606 2.0517633 2.0513573 2.0490004 2.0496862 2.0490924 2.0518005 2.0504131 2.0507832 2.0514789 2.0517069 2.0512781 2.0504552 2.0507887 2.0510641 2.0510641 2.0493012 2.0536814 2.0517306 2.0522074 2.0509047 2.0518827 2.0518211 2.0518211 2.0508458 2.0513449 2.0511565 2.0528332 2.0519460 2.0541475 2.0541475 2.0533324 2.0520569 2.0530888 2.0536339 2.0608655 2.0556791 2.0607208 2.0433679 
SUDV_H.sap-xx_UGA_12_EboSud-603_KC545390                   2.0239057 2.0336204 2.0142447 0.0000000 0.0000010 2.3157647 2.2977002 2.0666109 2.0666109 2.0675798 2.0675929 2.0957876 2.0961936 2.0922440 2.0968672 2.0964624 2.0928934 2.0932559 2.0939020 2.0936754 2.0922678 2.0940967 2.0962226 2.0972254 2.0972254 2.0940276 2.0897472 2.0925307 2.0933024 2.0935243 2.0935243 2.0924318 2.0946038 2.0931881 2.0948607 2.0942739 2.0885506 2.0969328 2.0969328 2.0955774 2.0943470 2.0955979 2.0941712 2.0936884 2.0928859 2.0936408 2.0937502 2.0943519 2.0926780 2.0926780 2.0940813 2.0914489 2.0957270 2.0935089 2.0955956 2.0957663 2.0974489 2.0955630 2.0939991 2.0947440 2.0936628 2.0931625 2.0948970 2.0928145 2.0935141 2.0932457 2.0932457 2.0948580 2.0960549 2.0905891 2.0939946 2.0922451 2.0910358 2.0936454 2.0936454 2.0927978 2.0939926 2.0963047 2.0964644 2.0939182 2.0917545 2.0917545 2.0949105 2.0960653 2.0934445 2.0933350 2.0815739 2.0799143 2.0796419 2.0782922 
SUDV_H.sap-xx_UGA_12_EboSud-609_KC545391                   2.0239057 2.0336204 2.0142447 0.0000010 0.0000000 2.3157647 2.2977002 2.0666109 2.0666109 2.0675798 2.0675929 2.0957876 2.0961936 2.0922440 2.0968672 2.0964624 2.0928934 2.0932559 2.0939020 2.0936754 2.0922678 2.0940967 2.0962226 2.0972254 2.0972254 2.0940276 2.0897472 2.0925307 2.0933024 2.0935243 2.0935243 2.0924318 2.0946038 2.0931881 2.0948607 2.0942739 2.0885506 2.0969328 2.0969328 2.0955774 2.0943470 2.0955979 2.0941712 2.0936884 2.0928859 2.0936408 2.0937502 2.0943519 2.0926780 2.0926780 2.0940813 2.0914489 2.0957270 2.0935089 2.0955956 2.0957663 2.0974489 2.0955630 2.0939991 2.0947440 2.0936628 2.0931625 2.0948970 2.0928145 2.0935141 2.0932457 2.0932457 2.0948580 2.0960549 2.0905891 2.0939946 2.0922451 2.0910358 2.0936454 2.0936454 2.0927978 2.0939926 2.0963047 2.0964644 2.0939182 2.0917545 2.0917545 2.0949105 2.0960653 2.0934445 2.0933350 2.0815739 2.0799143 2.0796419 2.0782922 
TAFV_H.sap-tc_CIV_94_Pauleoula-CI_NC_014372                2.2504562 2.2466635 2.2389988 2.3157647 2.3157647 0.0000000 0.8218792 1.3814531 1.3814531 1.3823095 1.3825120 1.4033185 1.4056012 1.4027239 1.4021679 1.4026171 1.4035331 1.4040689 1.4047405 1.4050494 1.4059830 1.4038091 1.4049081 1.4056114 1.4056114 1.4047668 1.4051820 1.4058882 1.4040920 1.4040920 1.4040920 1.4049204 1.4047253 1.4039392 1.4049190 1.4046194 1.4054930 1.4089721 1.4089721 1.4054034 1.4045549 1.4049934 1.4058600 1.4043168 1.4046295 1.4041442 1.4042793 1.4036157 1.4052574 1.4052574 1.4042820 1.4047446 1.4056834 1.4042041 1.4030560 1.4039526 1.4048490 1.4056607 1.4061437 1.4045733 1.4040282 1.4036651 1.4038524 1.4042167 1.4044058 1.4044418 1.4044418 1.4037583 1.4047630 1.4042071 1.4035526 1.4042423 1.4032452 1.4033742 1.4033742 1.4045440 1.4036409 1.4048316 1.4031376 1.4032684 1.4026106 1.4026106 1.4032164 1.4014433 1.4019156 1.4019156 1.3879791 1.3895910 1.4002009 1.3917761 
BDBV_H.sap-xx_COD_12_EboBund-122_KC545395                  2.2580342 2.2608494 2.2602633 2.2977002 2.2977002 0.8218792 0.0000000 1.4350517 1.4350517 1.4359391 1.4360762 1.4637234 1.4618385 1.4587053 1.4592048 1.4592321 1.4597637 1.4598419 1.4593847 1.4610256 1.4619695 1.4596044 1.4606170 1.4609265 1.4609265 1.4602301 1.4598381 1.4604012 1.4595939 1.4596133 1.4596133 1.4601439 1.4593265 1.4595939 1.4608867 1.4601729 1.4580783 1.4603605 1.4603605 1.4603020 1.4601991 1.4605624 1.4591183 1.4595909 1.4606232 1.4593541 1.4592409 1.4586677 1.4607257 1.4607257 1.4591771 1.4603451 1.4607995 1.4595909 1.4588647 1.4584406 1.4604951 1.4603492 1.4603312 1.4602414 1.4595492 1.4596079 1.4597006 1.4616540 1.4594699 1.4596985 1.4596985 1.4599861 1.4595508 1.4584623 1.4589450 1.4604768 1.4592372 1.4594568 1.4594568 1.4598908 1.4577312 1.4588493 1.4598362 1.4597989 1.4597825 1.4597825 1.4593756 1.4592347 1.4595817 1.4594439 1.4622621 1.4621735 1.4617410 1.4519915 
EBOV_H.sap-tc_COD_07_1Luebo_KC242786                       1.9998337 2.0055886 2.0176546 2.0666109 2.0666109 1.3814531 1.4350517 0.0000000 0.0000010 0.0002033 0.0004575 0.0319770 0.0309476 0.0309547 0.0309024 0.0311245 0.0306089 0.0304426 0.0305529 0.0308303 0.0312276 0.0307201 0.0307775 0.0308378 0.0308378 0.0306640 0.0307247 0.0308919 0.0304430 0.0303871 0.0303871 0.0306134 0.0305579 0.0304430 0.0306129 0.0305002 0.0313980 0.0310310 0.0310310 0.0305574 0.0304432 0.0306689 0.0308988 0.0304426 0.0305049 0.0306088 0.0304981 0.0305017 0.0307774 0.0307774 0.0308322 0.0308908 0.0307260 0.0304426 0.0308976 0.0309513 0.0310111 0.0309448 0.0309481 0.0308344 0.0305541 0.0306652 0.0308372 0.0309445 0.0306653 0.0308317 0.0308317 0.0309517 0.0308902 0.0313893 0.0310029 0.0308875 0.0310030 0.0308340 0.0308340 0.0308330 0.0311656 0.0311228 0.0310602 0.0302197 0.0299371 0.0299371 0.0298814 0.0300577 0.0297692 0.0298797 0.0225796 0.0236198 0.0227587 0.0189733 
EBOV_H.sap-tc_COD_07_M-M_HQ613403                          1.9998337 2.0055886 2.0176546 2.0666109 2.0666109 1.3814531 1.4350517 0.0000010 0.0000000 0.0002033 0.0004575 0.0319770 0.0309476 0.0309547 0.0309024 0.0311245 0.0306089 0.0304426 0.0305529 0.0308303 0.0312276 0.0307201 0.0307775 0.0308378 0.0308378 0.0306640 0.0307247 0.0308919 0.0304430 0.0303871 0.0303871 0.0306134 0.0305579 0.0304430 0.0306129 0.0305002 0.0313980 0.0310310 0.0310310 0.0305574 0.0304432 0.0306689 0.0308988 0.0304426 0.0305049 0.0306088 0.0304981 0.0305017 0.0307774 0.0307774 0.0308322 0.0308908 0.0307260 0.0304426 0.0308976 0.0309513 0.0310111 0.0309448 0.0309481 0.0308344 0.0305541 0.0306652 0.0308372 0.0309445 0.0306653 0.0308317 0.0308317 0.0309517 0.0308902 0.0313893 0.0310029 0.0308875 0.0310030 0.0308340 0.0308340 0.0308330 0.0311656 0.0311228 0.0310602 0.0302197 0.0299371 0.0299371 0.0298814 0.0300577 0.0297692 0.0298797 0.0225796 0.0236198 0.0227587 0.0189733 
EBOV_H.sap-tc_COD_07_5Luebo_KC242790                       2.0009187 2.0066785 2.0189291 2.0675798 2.0675798 1.3823095 1.4359391 0.0002033 0.0002033 0.0000000 0.0006610 0.0322019 0.0311717 0.0311790 0.0311266 0.0313489 0.0308329 0.0306665 0.0307768 0.0310543 0.0314520 0.0309441 0.0310016 0.0310619 0.0310619 0.0308879 0.0309487 0.0311160 0.0306668 0.0306109 0.0306109 0.0308373 0.0307818 0.0306668 0.0308369 0.0307241 0.0316225 0.0312554 0.0312554 0.0307813 0.0306670 0.0308929 0.0311230 0.0306665 0.0307288 0.0308327 0.0307219 0.0307256 0.0310015 0.0310015 0.0310562 0.0311149 0.0309501 0.0306665 0.0311218 0.0311755 0.0312354 0.0311689 0.0311723 0.0310585 0.0307780 0.0308892 0.0310613 0.0311687 0.0308893 0.0310558 0.0310558 0.0311759 0.0311143 0.0316137 0.0312271 0.0311116 0.0312272 0.0310581 0.0310581 0.0310571 0.0313899 0.0313472 0.0312845 0.0304434 0.0301605 0.0301605 0.0301049 0.0302814 0.0299926 0.0301032 0.0227981 0.0238390 0.0229775 0.0191892 
EBOV_H.sap-tc_COD_08_034-KS_HQ613402                       2.0017800 2.0075431 2.0196208 2.0675929 2.0675929 1.3825120 1.4360762 0.0004575 0.0004575 0.0006610 0.0000000 0.0324878 0.0314564 0.0314637 0.0314113 0.0316338 0.0311172 0.0309506 0.0310610 0.0313388 0.0317369 0.0312285 0.0312860 0.0313464 0.0313464 0.0311723 0.0312332 0.0314006 0.0309510 0.0308950 0.0308950 0.0311217 0.0310661 0.0309510 0.0311213 0.0310083 0.0319076 0.0315404 0.0315404 0.0310656 0.0309512 0.0311773 0.0314077 0.0309506 0.0310130 0.0311170 0.0310061 0.0310098 0.0312859 0.0312859 0.0313408 0.0313995 0.0312345 0.0309506 0.0314065 0.0314602 0.0315202 0.0314535 0.0314569 0.0313431 0.0310623 0.0311735 0.0313459 0.0314533 0.0311736 0.0313403 0.0313403 0.0314606 0.0313989 0.0318987 0.0315118 0.0313961 0.0315119 0.0313427 0.0313427 0.0313416 0.0316747 0.0316320 0.0315692 0.0307274 0.0304442 0.0304442 0.0303885 0.0305652 0.0302761 0.0303867 0.0229655 0.0240070 0.0231451 0.0194619 
EBOV_H.sap-wt_GIN_14_Makona-Gueckedou-EM_080076_KR817235   2.0374174 2.0435446 2.0591051 2.0957876 2.0957876 1.4033185 1.4637234 0.0319770 0.0319770 0.0322019 0.0324878 0.0000000 0.0019890 0.0025017 0.0026555 0.0028605 0.0026030 0.0023470 0.0024493 0.0027053 0.0030648 0.0026030 0.0026543 0.0027059 0.0027059 0.0025517 0.0026548 0.0027571 0.0023470 0.0022958 0.0022958 0.0026033 0.0024497 0.0023470 0.0025009 0.0023983 0.0032706 0.0028622 0.0028622 0.0024496 0.0023470 0.0025521 0.0027577 0.0023470 0.0023987 0.0025006 0.0023982 0.0023985 0.0026543 0.0026543 0.0027055 0.0027570 0.0026034 0.0023470 0.0027576 0.0028087 0.0029629 0.0028081 0.0028084 0.0027057 0.0024494 0.0025518 0.0027059 0.0028598 0.0025518 0.0027055 0.0027055 0.0028598 0.0027569 0.0032182 0.0028595 0.0027567 0.0028596 0.0029106 0.0029106 0.0027056 0.0030130 0.0029629 0.0029109 0.0021423 0.0021425 0.0021425 0.0021937 0.0023990 0.0025006 0.0026030 0.0378235 0.0389150 0.0382464 0.0343185 
EBOV_H.sap-wt_GIN_14_Makona-Gueckedou-EM_079702_KR817210   2.0301215 2.0366834 2.0519655 2.0961936 2.0961936 1.4056012 1.4618385 0.0309476 0.0309476 0.0311717 0.0314564 0.0019890 0.0000000 0.0015287 0.0016820 0.0018863 0.0016301 0.0013749 0.0014770 0.0018343 0.0020903 0.0016301 0.0016812 0.0017326 0.0017326 0.0015790 0.0016816 0.0017836 0.0013750 0.0013239 0.0013239 0.0016303 0.0014772 0.0013750 0.0015282 0.0014261 0.0022952 0.0018874 0.0018874 0.0014772 0.0013750 0.0015793 0.0017840 0.0013749 0.0014263 0.0015280 0.0014260 0.0014261 0.0016812 0.0016812 0.0017323 0.0017835 0.0016304 0.0013749 0.0017839 0.0018349 0.0019885 0.0018345 0.0018347 0.0017324 0.0014770 0.0015791 0.0017325 0.0018859 0.0015791 0.0017323 0.0017323 0.0018859 0.0017835 0.0022433 0.0018857 0.0017833 0.0018857 0.0019367 0.0019367 0.0017323 0.0020388 0.0019885 0.0019369 0.0011709 0.0011710 0.0011710 0.0012221 0.0015286 0.0015280 0.0016301 0.0367716 0.0378592 0.0371924 0.0332800 
EBOV_H.sap-wt_GIN_14_Makona-Gueckedou-EM_079587_KR817202   2.0318222 2.0383945 2.0538340 2.0922440 2.0922440 1.4027239 1.4587053 0.0309547 0.0309547 0.0311790 0.0314637 0.0025017 0.0015287 0.0000000 0.0017846 0.0019891 0.0017326 0.0014774 0.0015794 0.0019369 0.0021931 0.0017327 0.0017838 0.0018352 0.0018352 0.0016816 0.0017841 0.0018862 0.0014774 0.0014263 0.0014263 0.0017329 0.0015797 0.0014774 0.0016307 0.0015285 0.0023982 0.0019902 0.0019902 0.0015796 0.0014774 0.0016818 0.0018866 0.0014774 0.0015288 0.0016305 0.0015284 0.0015286 0.0017838 0.0017838 0.0018349 0.0018862 0.0017330 0.0014774 0.0018865 0.0019376 0.0020913 0.0018349 0.0018351 0.0017328 0.0015795 0.0016816 0.0018352 0.0019886 0.0016816 0.0018349 0.0018349 0.0019886 0.0018861 0.0023462 0.0019884 0.0018860 0.0019884 0.0020394 0.0020394 0.0018349 0.0021415 0.0020913 0.0020396 0.0012732 0.0012733 0.0012733 0.0013244 0.0016311 0.0016305 0.0017326 0.0368938 0.0379820 0.0373149 0.0334002 
EBOV_H.sap-wt_GIN_14_Makona-Gueckedou-EM_079750_KR817213   2.0300257 2.0365889 2.0515800 2.0968672 2.0968672 1.4021679 1.4592048 0.0309024 0.0309024 0.0311266 0.0314113 0.0026555 0.0016820 0.0017846 0.0000000 0.0005084 0.0015796 0.0013244 0.0014264 0.0017838 0.0020398 0.0015796 0.0016307 0.0016820 0.0016820 0.0015285 0.0016310 0.0017331 0.0013244 0.0012733 0.0012733 0.0015798 0.0014266 0.0013244 0.0014776 0.0013755 0.0022448 0.0018369 0.0018369 0.0014266 0.0013244 0.0015287 0.0017334 0.0013244 0.0013757 0.0014775 0.0013754 0.0013756 0.0016307 0.0016307 0.0016818 0.0017330 0.0015799 0.0013244 0.0017334 0.0017844 0.0019380 0.0017840 0.0017842 0.0016819 0.0014265 0.0015286 0.0016820 0.0017332 0.0015286 0.0016817 0.0016817 0.0018354 0.0017330 0.0021929 0.0018352 0.0017328 0.0018353 0.0018862 0.0018862 0.0016818 0.0019883 0.0019380 0.0018864 0.0011203 0.0011204 0.0011204 0.0011714 0.0014780 0.0014775 0.0015796 0.0366148 0.0377023 0.0370355 0.0330121 
EBOV_H.sap-wt_GIN_14_Makona-Gueckedou-EM_079910_KR817221   2.0305905 2.0371563 2.0521505 2.0964624 2.0964624 1.4026171 1.4592321 0.0311245 0.0311245 0.0313489 0.0316338 0.0028605 0.0018863 0.0019891 0.0005084 0.0000000 0.0017838 0.0015285 0.0016306 0.0019882 0.0022444 0.0017839 0.0018350 0.0018864 0.0018864 0.0017327 0.0018354 0.0019375 0.0015285 0.0014775 0.0014775 0.0017841 0.0016309 0.0015285 0.0016819 0.0015797 0.0024495 0.0020415 0.0020415 0.0016308 0.0015285 0.0017330 0.0019379 0.0015285 0.0015799 0.0016817 0.0015796 0.0015798 0.0018350 0.0018350 0.0018861 0.0019374 0.0017842 0.0015285 0.0019378 0.0019888 0.0021426 0.0019884 0.0019886 0.0018862 0.0016307 0.0017328 0.0018864 0.0019376 0.0017328 0.0018861 0.0018861 0.0020398 0.0019373 0.0023975 0.0020397 0.0019372 0.0020397 0.0020907 0.0020907 0.0018862 0.0021928 0.0021426 0.0020909 0.0013243 0.0013244 0.0013244 0.0013755 0.0016823 0.0016817 0.0017839 0.0368407 0.0379288 0.0372617 0.0332357 
EBOV_H.sap-wt_LBR_14_Makona-LIBR0430_KR006955              2.0282674 2.0348264 2.0503641 2.0928934 2.0928934 1.4035331 1.4597637 0.0306089 0.0306089 0.0308329 0.0311172 0.0026030 0.0016301 0.0017326 0.0015796 0.0017838 0.0000000 0.0002542 0.0004575 0.0008136 0.0010681 0.0006101 0.0006610 0.0007119 0.0007119 0.0005593 0.0006610 0.0007627 0.0003558 0.0003050 0.0003050 0.0006101 0.0004575 0.0003558 0.0005084 0.0004067 0.0012732 0.0008659 0.0008659 0.0004575 0.0003558 0.0005593 0.0007627 0.0003558 0.0004067 0.0005084 0.0004067 0.0004067 0.0005593 0.0005593 0.0007119 0.0007627 0.0006101 0.0003558 0.0007627 0.0008136 0.0009673 0.0008136 0.0008136 0.0007119 0.0004575 0.0005593 0.0007119 0.0007627 0.0005593 0.0007119 0.0007119 0.0008645 0.0007627 0.0011189 0.0007627 0.0006610 0.0007627 0.0008136 0.0008136 0.0006101 0.0009154 0.0008645 0.0008136 0.0004575 0.0010681 0.0010681 0.0011189 0.0014262 0.0014257 0.0015278 0.0365387 0.0376253 0.0368453 0.0330501 
EBOV_H.sap-wt_SLE_14_Makona-G3734.1_KM233055               2.0292565 2.0356397 2.0513573 2.0932559 2.0932559 1.4040689 1.4598419 0.0304426 0.0304426 0.0306665 0.0309506 0.0023470 0.0013749 0.0014774 0.0013244 0.0015285 0.0002542 0.0000000 0.0002033 0.0005593 0.0008136 0.0003558 0.0004067 0.0004575 0.0004575 0.0003050 0.0004067 0.0005084 0.0001017 0.0000508 0.0000508 0.0003558 0.0002033 0.0001017 0.0002542 0.0001525 0.0010183 0.0006101 0.0006101 0.0002033 0.0001017 0.0003050 0.0005084 0.0001017 0.0001525 0.0002542 0.0001525 0.0001525 0.0004067 0.0004067 0.0004575 0.0005084 0.0003558 0.0001017 0.0005084 0.0005593 0.0007119 0.0005593 0.0005593 0.0004575 0.0002033 0.0003050 0.0004575 0.0005084 0.0003050 0.0004575 0.0004575 0.0006101 0.0005084 0.0008645 0.0005084 0.0004067 0.0005084 0.0005593 0.0005593 0.0003558 0.0006610 0.0006101 0.0005593 0.0002033 0.0008136 0.0008136 0.0008645 0.0011712 0.0011698 0.0012727 0.0362570 0.0373428 0.0365632 0.0327711 
EBOV_H.sap-wt_LBR_15_Makona-Liberia-DQE4_KR074998          2.0294024 2.0357855 2.0515018 2.0939020 2.0939020 1.4047405 1.4593847 0.0305529 0.0305529 0.0307768 0.0310610 0.0024493 0.0014770 0.0015794 0.0014264 0.0016306 0.0004575 0.0002033 0.0000000 0.0006610 0.0009154 0.0004575 0.0005084 0.0005593 0.0005593 0.0004067 0.0005084 0.0006101 0.0002033 0.0001525 0.0001525 0.0004575 0.0003050 0.0002033 0.0003558 0.0002542 0.0011202 0.0007130 0.0007130 0.0003050 0.0002033 0.0004067 0.0006101 0.0002033 0.0002542 0.0003558 0.0002542 0.0002542 0.0005084 0.0005084 0.0005593 0.0006101 0.0004575 0.0002033 0.0006101 0.0006610 0.0008136 0.0006610 0.0006610 0.0005593 0.0003050 0.0004067 0.0005593 0.0007119 0.0004067 0.0005593 0.0005593 0.0007119 0.0006101 0.0010681 0.0007119 0.0006101 0.0007119 0.0007627 0.0007627 0.0005593 0.0008645 0.0008136 0.0007627 0.0003050 0.0009154 0.0009154 0.0009663 0.0012731 0.0012727 0.0013747 0.0363689 0.0374551 0.0366753 0.0328821 
EBOV_H.sap-wt_GIN_14_Makona-Kankan-EM_078639_KR817166      2.0306287 2.0371301 2.0527399 2.0936754 2.0936754 1.4050494 1.4610256 0.0308303 0.0308303 0.0310543 0.0313388 0.0027053 0.0018343 0.0019369 0.0017838 0.0019882 0.0008136 0.0005593 0.0006610 0.0000000 0.0007627 0.0005084 0.0006610 0.0007119 0.0007119 0.0005593 0.0008645 0.0009663 0.0005593 0.0005084 0.0005084 0.0008136 0.0006610 0.0005593 0.0007119 0.0006101 0.0014773 0.0010699 0.0010699 0.0006610 0.0005593 0.0007627 0.0009663 0.0005593 0.0006101 0.0007119 0.0006101 0.0006101 0.0008645 0.0008645 0.0009154 0.0009663 0.0008136 0.0005593 0.0009663 0.0010172 0.0011712 0.0010172 0.0010172 0.0009154 0.0006610 0.0007627 0.0009154 0.0010681 0.0007627 0.0009154 0.0009154 0.0010681 0.0009663 0.0014258 0.0010681 0.0009663 0.0010681 0.0011189 0.0011189 0.0009154 0.0012208 0.0011712 0.0011200 0.0006610 0.0012727 0.0012727 0.0013238 0.0016304 0.0016298 0.0017319 0.0365917 0.0376785 0.0369578 0.0331614 
EBOV_H.sap-wt_GIN_14_Makona-Faranah-EM_078415_KR817160     2.0271443 2.0338085 2.0492109 2.0922678 2.0922678 1.4059830 1.4619695 0.0312276 0.0312276 0.0314520 0.0317369 0.0030648 0.0020903 0.0021931 0.0020398 0.0022444 0.0010681 0.0008136 0.0009154 0.0007627 0.0000000 0.0007627 0.0009154 0.0009673 0.0009673 0.0008136 0.0011203 0.0012222 0.0008136 0.0007627 0.0007627 0.0010692 0.0009154 0.0008136 0.0009663 0.0008645 0.0017330 0.0013254 0.0013254 0.0009154 0.0008136 0.0010182 0.0012225 0.0008136 0.0008645 0.0009663 0.0008645 0.0008645 0.0011201 0.0011201 0.0011711 0.0012222 0.0010692 0.0008136 0.0012224 0.0012734 0.0014267 0.0012731 0.0012732 0.0011711 0.0009154 0.0010172 0.0011712 0.0013243 0.0010172 0.0011710 0.0011710 0.0013243 0.0012221 0.0016814 0.0013242 0.0012220 0.0013242 0.0013752 0.0013752 0.0011711 0.0014771 0.0014267 0.0013753 0.0009154 0.0015282 0.0015282 0.0015793 0.0018862 0.0018856 0.0019877 0.0369974 0.0380856 0.0373642 0.0335622 
EBOV_H.sap-wt_GIN_14_Makona-Macenta-EM_076191_KR817141     2.0303486 2.0367377 2.0524641 2.0940967 2.0940967 1.4038091 1.4596044 0.0307201 0.0307201 0.0309441 0.0312285 0.0026030 0.0016301 0.0017327 0.0015796 0.0017839 0.0006101 0.0003558 0.0004575 0.0005084 0.0007627 0.0000000 0.0004575 0.0005084 0.0005084 0.0003558 0.0006610 0.0007627 0.0003558 0.0003050 0.0003050 0.0006101 0.0004575 0.0003558 0.0005084 0.0004067 0.0012732 0.0008659 0.0008659 0.0004575 0.0003558 0.0005593 0.0007627 0.0003558 0.0004067 0.0005084 0.0004067 0.0004067 0.0006610 0.0006610 0.0007119 0.0007627 0.0006101 0.0003558 0.0007627 0.0008136 0.0009673 0.0008136 0.0008136 0.0007119 0.0004575 0.0005593 0.0007119 0.0008645 0.0005593 0.0007119 0.0007119 0.0008645 0.0007627 0.0012218 0.0008645 0.0007627 0.0008645 0.0009154 0.0009154 0.0007119 0.0010172 0.0009673 0.0009154 0.0004575 0.0010681 0.0010681 0.0011189 0.0014262 0.0014257 0.0015278 0.0364799 0.0375664 0.0368459 0.0330506 
EBOV_H.sap-wt_GIN_14_Makona-Beyla-EM_075931_KR817138       2.0286164 2.0349977 2.0507137 2.0962226 2.0962226 1.4049081 1.4606170 0.0307775 0.0307775 0.0310016 0.0312860 0.0026543 0.0016812 0.0017838 0.0016307 0.0018350 0.0006610 0.0004067 0.0005084 0.0006610 0.0009154 0.0004575 0.0000000 0.0005593 0.0005593 0.0004067 0.0007119 0.0008136 0.0004067 0.0003558 0.0003558 0.0006610 0.0005084 0.0004067 0.0005593 0.0004575 0.0013243 0.0009170 0.0009170 0.0005084 0.0004067 0.0006101 0.0008136 0.0004067 0.0004575 0.0005593 0.0004575 0.0004575 0.0007119 0.0007119 0.0007627 0.0008136 0.0006610 0.0004067 0.0008136 0.0008645 0.0010183 0.0008645 0.0008645 0.0007627 0.0005084 0.0006101 0.0007627 0.0009154 0.0006101 0.0007627 0.0007627 0.0009154 0.0008136 0.0012729 0.0009154 0.0008136 0.0009154 0.0009663 0.0009663 0.0007627 0.0010681 0.0010184 0.0009663 0.0005084 0.0011189 0.0011189 0.0011709 0.0014773 0.0014768 0.0015789 0.0365387 0.0376254 0.0369047 0.0331085 
EBOV_H.sap-wt_GIN_14_Makona-Kissidougou-EM_078694_KR817171 2.0327198 2.0392366 2.0549795 2.0972254 2.0972254 1.4056114 1.4609265 0.0308378 0.0308378 0.0310619 0.0313464 0.0027059 0.0017326 0.0018352 0.0016820 0.0018864 0.0007119 0.0004575 0.0005593 0.0007119 0.0009673 0.0005084 0.0005593 0.0000000 0.0000010 0.0004575 0.0007627 0.0008645 0.0004575 0.0004067 0.0004067 0.0007119 0.0005593 0.0004575 0.0006101 0.0005084 0.0013756 0.0009681 0.0009681 0.0005593 0.0004575 0.0006610 0.0008655 0.0004575 0.0005084 0.0006101 0.0005084 0.0005084 0.0007627 0.0007627 0.0008136 0.0008645 0.0007119 0.0004575 0.0008645 0.0009164 0.0010695 0.0009154 0.0009154 0.0008136 0.0005593 0.0006610 0.0008136 0.0009673 0.0006610 0.0008136 0.0008136 0.0009673 0.0008645 0.0013241 0.0009663 0.0008645 0.0009663 0.0010172 0.0010172 0.0008136 0.0011200 0.0010695 0.0010182 0.0005593 0.0011710 0.0011710 0.0012221 0.0015286 0.0015281 0.0016302 0.0365516 0.0376387 0.0369178 0.0331695 
EBOV_H.sap-wt_GIN_14_Makona-Kissidougou-EM_078722_KR817175 2.0327198 2.0392366 2.0549795 2.0972254 2.0972254 1.4056114 1.4609265 0.0308378 0.0308378 0.0310619 0.0313464 0.0027059 0.0017326 0.0018352 0.0016820 0.0018864 0.0007119 0.0004575 0.0005593 0.0007119 0.0009673 0.0005084 0.0005593 0.0000010 0.0000000 0.0004575 0.0007627 0.0008645 0.0004575 0.0004067 0.0004067 0.0007119 0.0005593 0.0004575 0.0006101 0.0005084 0.0013756 0.0009681 0.0009681 0.0005593 0.0004575 0.0006610 0.0008655 0.0004575 0.0005084 0.0006101 0.0005084 0.0005084 0.0007627 0.0007627 0.0008136 0.0008645 0.0007119 0.0004575 0.0008645 0.0009164 0.0010695 0.0009154 0.0009154 0.0008136 0.0005593 0.0006610 0.0008136 0.0009673 0.0006610 0.0008136 0.0008136 0.0009673 0.0008645 0.0013241 0.0009663 0.0008645 0.0009663 0.0010172 0.0010172 0.0008136 0.0011200 0.0010695 0.0010182 0.0005593 0.0011710 0.0011710 0.0012221 0.0015286 0.0015281 0.0016302 0.0365516 0.0376387 0.0369178 0.0331695 
EBOV_H.sap-wt_LBR_14_Makona-LIBR0505_KR006957              2.0295507 2.0359352 2.0516546 2.0940276 2.0940276 1.4047668 1.4602301 0.0306640 0.0306640 0.0308879 0.0311723 0.0025517 0.0015790 0.0016816 0.0015285 0.0017327 0.0005593 0.0003050 0.0004067 0.0005593 0.0008136 0.0003558 0.0004067 0.0004575 0.0004575 0.0000000 0.0006101 0.0007119 0.0003050 0.0002542 0.0002542 0.0005593 0.0004067 0.0003050 0.0004575 0.0003558 0.0012222 0.0008149 0.0008149 0.0004067 0.0003050 0.0005084 0.0007119 0.0003050 0.0003558 0.0004575 0.0003558 0.0003558 0.0006101 0.0006101 0.0006610 0.0007119 0.0005593 0.0003050 0.0007119 0.0007627 0.0009154 0.0007627 0.0007627 0.0006610 0.0004067 0.0005084 0.0006610 0.0008136 0.0005084 0.0006610 0.0006610 0.0008136 0.0007119 0.0011698 0.0008136 0.0007119 0.0008136 0.0008645 0.0008645 0.0006610 0.0009663 0.0009154 0.0008645 0.0004067 0.0010172 0.0010172 0.0010681 0.0013752 0.0013747 0.0014767 0.0364226 0.0375089 0.0367885 0.0329940 
EBOV_H.sap-wt_SLE_14_Makona-Kailahun-20140517_KR653263     2.0262960 2.0326640 2.0483594 2.0897472 2.0897472 1.4051820 1.4598381 0.0307247 0.0307247 0.0309487 0.0312332 0.0026548 0.0016816 0.0017841 0.0016310 0.0018354 0.0006610 0.0004067 0.0005084 0.0008645 0.0011203 0.0006610 0.0007119 0.0007627 0.0007627 0.0006101 0.0000000 0.0004067 0.0004067 0.0003558 0.0003558 0.0006610 0.0005084 0.0004067 0.0005593 0.0004575 0.0013246 0.0009171 0.0009171 0.0005084 0.0004067 0.0006101 0.0008136 0.0004067 0.0004575 0.0005593 0.0004575 0.0004575 0.0007119 0.0007119 0.0007627 0.0008136 0.0006610 0.0004067 0.0008136 0.0008645 0.0010185 0.0008645 0.0008645 0.0007627 0.0005084 0.0006101 0.0007627 0.0009154 0.0006101 0.0007627 0.0007627 0.0009154 0.0008136 0.0012731 0.0009154 0.0008136 0.0009154 0.0009663 0.0009663 0.0007627 0.0010691 0.0010185 0.0009673 0.0005084 0.0011201 0.0011201 0.0011711 0.0014776 0.0014771 0.0015792 0.0366049 0.0376920 0.0369116 0.0331147 
EBOV_H.sap-wt_SLE_14_Makona-G4973_1_KR105286               2.0273085 2.0341124 2.0498162 2.0925307 2.0925307 1.4058882 1.4604012 0.0308919 0.0308919 0.0311160 0.0314006 0.0027571 0.0017836 0.0018862 0.0017331 0.0019375 0.0007627 0.0005084 0.0006101 0.0009663 0.0012222 0.0007627 0.0008136 0.0008645 0.0008645 0.0007119 0.0004067 0.0000000 0.0005084 0.0004575 0.0004575 0.0007627 0.0006101 0.0005084 0.0006610 0.0005593 0.0014265 0.0010191 0.0010191 0.0006101 0.0005084 0.0007119 0.0009164 0.0005084 0.0005593 0.0006610 0.0005593 0.0005593 0.0008136 0.0008136 0.0008645 0.0009154 0.0007627 0.0005084 0.0009164 0.0009673 0.0011205 0.0009663 0.0009663 0.0008645 0.0006101 0.0007119 0.0008645 0.0010182 0.0007119 0.0008645 0.0008645 0.0010182 0.0009154 0.0013751 0.0010182 0.0009154 0.0010182 0.0010691 0.0010691 0.0008645 0.0011710 0.0011205 0.0010692 0.0006101 0.0012220 0.0012220 0.0012731 0.0015796 0.0015791 0.0016811 0.0367149 0.0378023 0.0370218 0.0332239 
EBOV_H.sap-wt_SLE_14_Makona-G3799_KM233080                 2.0289387 2.0353208 2.0510372 2.0933024 2.0933024 1.4040920 1.4595939 0.0304430 0.0304430 0.0306668 0.0309510 0.0023470 0.0013750 0.0014774 0.0013244 0.0015285 0.0003558 0.0001017 0.0002033 0.0005593 0.0008136 0.0003558 0.0004067 0.0004575 0.0004575 0.0003050 0.0004067 0.0005084 0.0000000 0.0000508 0.0000508 0.0003558 0.0002033 0.0001017 0.0002542 0.0001525 0.0010183 0.0006101 0.0006101 0.0002033 0.0001017 0.0003050 0.0005084 0.0001017 0.0001525 0.0002542 0.0001525 0.0001525 0.0004067 0.0004067 0.0004575 0.0005084 0.0003558 0.0001017 0.0005084 0.0005593 0.0007119 0.0005593 0.0005593 0.0004575 0.0002033 0.0003050 0.0004575 0.0006101 0.0003050 0.0004575 0.0004575 0.0006101 0.0005084 0.0009663 0.0006101 0.0005084 0.0006101 0.0006610 0.0006610 0.0004575 0.0007627 0.0007119 0.0006610 0.0002033 0.0008136 0.0008136 0.0008645 0.0011712 0.0011698 0.0012727 0.0362574 0.0373432 0.0365636 0.0327715 
EBOV_H.sap-wt_SLE_14_Makona-G3788_KM233075                 2.0292728 2.0356560 2.0513734 2.0935243 2.0935243 1.4040920 1.4596133 0.0303871 0.0303871 0.0306109 0.0308950 0.0022958 0.0013239 0.0014263 0.0012733 0.0014775 0.0003050 0.0000508 0.0001525 0.0005084 0.0007627 0.0003050 0.0003558 0.0004067 0.0004067 0.0002542 0.0003558 0.0004575 0.0000508 0.0000000 0.0000010 0.0003050 0.0001525 0.0000508 0.0002033 0.0001017 0.0009673 0.0005593 0.0005593 0.0001525 0.0000508 0.0002542 0.0004575 0.0000508 0.0001017 0.0002033 0.0001017 0.0001017 0.0003558 0.0003558 0.0004067 0.0004575 0.0003050 0.0000508 0.0004575 0.0005084 0.0006610 0.0005084 0.0005084 0.0004067 0.0001525 0.0002542 0.0004067 0.0005593 0.0002542 0.0004067 0.0004067 0.0005593 0.0004575 0.0009154 0.0005593 0.0004575 0.0005593 0.0006101 0.0006101 0.0004067 0.0007119 0.0006610 0.0006101 0.0001525 0.0007627 0.0007627 0.0008136 0.0011202 0.0011189 0.0012208 0.0362004 0.0372861 0.0365065 0.0327152 
EBOV_H.sap-wt_SLE_14_Makona-G3677.2_KM034557               2.0292728 2.0356560 2.0513734 2.0935243 2.0935243 1.4040920 1.4596133 0.0303871 0.0303871 0.0306109 0.0308950 0.0022958 0.0013239 0.0014263 0.0012733 0.0014775 0.0003050 0.0000508 0.0001525 0.0005084 0.0007627 0.0003050 0.0003558 0.0004067 0.0004067 0.0002542 0.0003558 0.0004575 0.0000508 0.0000010 0.0000000 0.0003050 0.0001525 0.0000508 0.0002033 0.0001017 0.0009673 0.0005593 0.0005593 0.0001525 0.0000508 0.0002542 0.0004575 0.0000508 0.0001017 0.0002033 0.0001017 0.0001017 0.0003558 0.0003558 0.0004067 0.0004575 0.0003050 0.0000508 0.0004575 0.0005084 0.0006610 0.0005084 0.0005084 0.0004067 0.0001525 0.0002542 0.0004067 0.0005593 0.0002542 0.0004067 0.0004067 0.0005593 0.0004575 0.0009154 0.0005593 0.0004575 0.0005593 0.0006101 0.0006101 0.0004067 0.0007119 0.0006610 0.0006101 0.0001525 0.0007627 0.0007627 0.0008136 0.0011202 0.0011189 0.0012208 0.0362004 0.0372861 0.0365065 0.0327152 
EBOV_H.sap-wt_SLE_14_Makona-Kenema-G5059_1_KR105296        2.0305907 2.0375249 2.0532523 2.0924318 2.0924318 1.4049204 1.4601439 0.0306134 0.0306134 0.0308373 0.0311217 0.0026033 0.0016303 0.0017329 0.0015798 0.0017841 0.0006101 0.0003558 0.0004575 0.0008136 0.0010692 0.0006101 0.0006610 0.0007119 0.0007119 0.0005593 0.0006610 0.0007627 0.0003558 0.0003050 0.0003050 0.0000000 0.0004575 0.0003558 0.0005084 0.0004067 0.0012734 0.0008660 0.0008660 0.0004575 0.0003558 0.0005593 0.0007627 0.0003558 0.0004067 0.0005084 0.0004067 0.0004067 0.0006101 0.0006101 0.0007119 0.0007627 0.0006101 0.0003558 0.0007627 0.0008136 0.0009674 0.0008136 0.0008136 0.0007119 0.0004575 0.0005593 0.0007119 0.0008645 0.0005593 0.0007119 0.0007119 0.0008645 0.0007627 0.0012220 0.0008645 0.0007627 0.0008645 0.0009154 0.0009154 0.0007119 0.0010172 0.0009674 0.0009154 0.0004575 0.0010681 0.0010681 0.0011200 0.0014264 0.0014259 0.0015280 0.0365440 0.0376309 0.0368507 0.0330549 
EBOV_H.sap-wt_SLE_14_Makona-Kenema-G4702_1_KR105265        2.0298651 2.0362520 2.0516807 2.0946038 2.0946038 1.4047253 1.4593265 0.0305579 0.0305579 0.0307818 0.0310661 0.0024497 0.0014772 0.0015797 0.0014266 0.0016309 0.0004575 0.0002033 0.0003050 0.0006610 0.0009154 0.0004575 0.0005084 0.0005593 0.0005593 0.0004067 0.0005084 0.0006101 0.0002033 0.0001525 0.0001525 0.0004575 0.0000000 0.0002033 0.0003558 0.0002542 0.0011204 0.0007131 0.0007131 0.0003050 0.0002033 0.0004067 0.0006101 0.0002033 0.0002542 0.0003558 0.0002542 0.0002542 0.0005084 0.0005084 0.0005593 0.0006101 0.0004575 0.0002033 0.0006101 0.0006610 0.0008136 0.0006610 0.0006610 0.0005593 0.0003050 0.0004067 0.0005593 0.0007119 0.0004067 0.0005593 0.0005593 0.0007119 0.0006101 0.0010681 0.0007119 0.0006101 0.0007119 0.0007627 0.0007627 0.0005593 0.0008645 0.0008136 0.0007627 0.0003050 0.0009154 0.0009154 0.0009663 0.0012733 0.0012729 0.0013749 0.0363750 0.0374614 0.0366814 0.0328875 
EBOV_H.sap-wt_SLE_14_Makona-Kenema-G4856_1_KR105273        2.0292323 2.0356151 2.0517943 2.0931881 2.0931881 1.4039392 1.4595939 0.0304430 0.0304430 0.0306668 0.0309510 0.0023470 0.0013750 0.0014774 0.0013244 0.0015285 0.0003558 0.0001017 0.0002033 0.0005593 0.0008136 0.0003558 0.0004067 0.0004575 0.0004575 0.0003050 0.0004067 0.0005084 0.0001017 0.0000508 0.0000508 0.0003558 0.0002033 0.0000000 0.0002542 0.0001525 0.0010183 0.0006101 0.0006101 0.0002033 0.0001017 0.0003050 0.0005084 0.0001017 0.0001525 0.0002542 0.0001525 0.0001525 0.0004067 0.0004067 0.0004575 0.0005084 0.0003558 0.0001017 0.0005084 0.0005593 0.0007119 0.0005593 0.0005593 0.0004575 0.0002033 0.0003050 0.0004575 0.0006101 0.0003050 0.0004575 0.0004575 0.0006101 0.0005084 0.0009663 0.0006101 0.0005084 0.0006101 0.0006610 0.0006610 0.0004575 0.0007627 0.0007119 0.0006610 0.0002033 0.0008136 0.0008136 0.0008645 0.0011712 0.0011698 0.0012727 0.0362574 0.0373432 0.0365636 0.0327715 
EBOV_H.sap-wt_SLE_14_Makona-Bonthe-G5723_1_KR105319        2.0311087 2.0375004 2.0532295 2.0948607 2.0948607 1.4049190 1.4608867 0.0306129 0.0306129 0.0308369 0.0311213 0.0025009 0.0015282 0.0016307 0.0014776 0.0016819 0.0005084 0.0002542 0.0003558 0.0007119 0.0009663 0.0005084 0.0005593 0.0006101 0.0006101 0.0004575 0.0005593 0.0006610 0.0002542 0.0002033 0.0002033 0.0005084 0.0003558 0.0002542 0.0000000 0.0002033 0.0010692 0.0006620 0.0006620 0.0002542 0.0002542 0.0004575 0.0006610 0.0002542 0.0003050 0.0004067 0.0003050 0.0003050 0.0005593 0.0005593 0.0006101 0.0006610 0.0005084 0.0002542 0.0006610 0.0007119 0.0008645 0.0007119 0.0007119 0.0006101 0.0003558 0.0004575 0.0006101 0.0007627 0.0004575 0.0006101 0.0006101 0.0007627 0.0006610 0.0011200 0.0007627 0.0006610 0.0007627 0.0008136 0.0008136 0.0006101 0.0009154 0.0008645 0.0008136 0.0003558 0.0009663 0.0009663 0.0010172 0.0013243 0.0013239 0.0014259 0.0364310 0.0375175 0.0367375 0.0329430 
EBOV_H.sap-wt_SLE_14_Makona-J0042_KP759711                 2.0307469 2.0371369 2.0528632 2.0942739 2.0942739 1.4046194 1.4601729 0.0305002 0.0305002 0.0307241 0.0310083 0.0023983 0.0014261 0.0015285 0.0013755 0.0015797 0.0004067 0.0001525 0.0002542 0.0006101 0.0008645 0.0004067 0.0004575 0.0005084 0.0005084 0.0003558 0.0004575 0.0005593 0.0001525 0.0001017 0.0001017 0.0004067 0.0002542 0.0001525 0.0002033 0.0000000 0.0008645 0.0005593 0.0005593 0.0001525 0.0001525 0.0003558 0.0005593 0.0001525 0.0002033 0.0003050 0.0002033 0.0002033 0.0004575 0.0004575 0.0005084 0.0005593 0.0004067 0.0001525 0.0005593 0.0006101 0.0007627 0.0006101 0.0006101 0.0005084 0.0002542 0.0003558 0.0005084 0.0006610 0.0003558 0.0005084 0.0005084 0.0006610 0.0005593 0.0010172 0.0006610 0.0005593 0.0006610 0.0007119 0.0007119 0.0005084 0.0008136 0.0007627 0.0007119 0.0002542 0.0008645 0.0008645 0.0009154 0.0012222 0.0012218 0.0013238 0.0363159 0.0374021 0.0366222 0.0328293 
EBOV_H.sap-wt_SLE_14_Makona-J0150_KP759696                 2.0279981 2.0343752 2.0500840 2.0885506 2.0885506 1.4054930 1.4580783 0.0313980 0.0313980 0.0316225 0.0319076 0.0032706 0.0022952 0.0023982 0.0022448 0.0024495 0.0012732 0.0010183 0.0011202 0.0014773 0.0017330 0.0012732 0.0013243 0.0013756 0.0013756 0.0012222 0.0013246 0.0014265 0.0010183 0.0009673 0.0009673 0.0012734 0.0011204 0.0010183 0.0010692 0.0008645 0.0000000 0.0014277 0.0014277 0.0010182 0.0010183 0.0012224 0.0014269 0.0010183 0.0010695 0.0011712 0.0010692 0.0010694 0.0013243 0.0013243 0.0013753 0.0014265 0.0012735 0.0010183 0.0014268 0.0014778 0.0016312 0.0014775 0.0014776 0.0013754 0.0011202 0.0012223 0.0013755 0.0015288 0.0012223 0.0013753 0.0013753 0.0015287 0.0014265 0.0018860 0.0015286 0.0013243 0.0014266 0.0014775 0.0014775 0.0012733 0.0015795 0.0015291 0.0014776 0.0011202 0.0017327 0.0017327 0.0017839 0.0020911 0.0020903 0.0021926 0.0372309 0.0383200 0.0375386 0.0336747 
EBOV_H.sap-wt_SLE_14_Makona-J0171_KP759707                 2.0319064 2.0383046 2.0540454 2.0969328 2.0969328 1.4089721 1.4603605 0.0310310 0.0310310 0.0312554 0.0315404 0.0028622 0.0018874 0.0019902 0.0018369 0.0020415 0.0008659 0.0006101 0.0007130 0.0010699 0.0013254 0.0008659 0.0009170 0.0009681 0.0009681 0.0008149 0.0009171 0.0010191 0.0006101 0.0005593 0.0005593 0.0008660 0.0007131 0.0006101 0.0006620 0.0005593 0.0014277 0.0000000 0.0000010 0.0006101 0.0006101 0.0008150 0.0010193 0.0006101 0.0006622 0.0007639 0.0006620 0.0006621 0.0009170 0.0009170 0.0009680 0.0010191 0.0008661 0.0006101 0.0010193 0.0010703 0.0012236 0.0010700 0.0010701 0.0009680 0.0007130 0.0008149 0.0009681 0.0011212 0.0008150 0.0009679 0.0009679 0.0011212 0.0010190 0.0014784 0.0011211 0.0010190 0.0011212 0.0011721 0.0011721 0.0009680 0.0012741 0.0012236 0.0011722 0.0007130 0.0013252 0.0013252 0.0013763 0.0016833 0.0016827 0.0017849 0.0368612 0.0379499 0.0371686 0.0333660 
EBOV_H.sap-wt_SLE_14_Makona-J0174_KP759708                 2.0319064 2.0383046 2.0540454 2.0969328 2.0969328 1.4089721 1.4603605 0.0310310 0.0310310 0.0312554 0.0315404 0.0028622 0.0018874 0.0019902 0.0018369 0.0020415 0.0008659 0.0006101 0.0007130 0.0010699 0.0013254 0.0008659 0.0009170 0.0009681 0.0009681 0.0008149 0.0009171 0.0010191 0.0006101 0.0005593 0.0005593 0.0008660 0.0007131 0.0006101 0.0006620 0.0005593 0.0014277 0.0000010 0.0000000 0.0006101 0.0006101 0.0008150 0.0010193 0.0006101 0.0006622 0.0007639 0.0006620 0.0006621 0.0009170 0.0009170 0.0009680 0.0010191 0.0008661 0.0006101 0.0010193 0.0010703 0.0012236 0.0010700 0.0010701 0.0009680 0.0007130 0.0008149 0.0009681 0.0011212 0.0008150 0.0009679 0.0009679 0.0011212 0.0010190 0.0014784 0.0011211 0.0010190 0.0011212 0.0011721 0.0011721 0.0009680 0.0012741 0.0012236 0.0011722 0.0007130 0.0013252 0.0013252 0.0013763 0.0016833 0.0016827 0.0017849 0.0368612 0.0379499 0.0371686 0.0333660 
EBOV_H.sap-wt_SLE_14_Makona-Moyamba-G6103_1_KR105348       2.0310892 2.0374822 2.0532146 2.0955774 2.0955774 1.4054034 1.4603020 0.0305574 0.0305574 0.0307813 0.0310656 0.0024496 0.0014772 0.0015796 0.0014266 0.0016308 0.0004575 0.0002033 0.0003050 0.0006610 0.0009154 0.0004575 0.0005084 0.0005593 0.0005593 0.0004067 0.0005084 0.0006101 0.0002033 0.0001525 0.0001525 0.0004575 0.0003050 0.0002033 0.0002542 0.0001525 0.0010182 0.0006101 0.0006101 0.0000000 0.0002033 0.0004067 0.0006101 0.0002033 0.0002542 0.0003558 0.0002542 0.0002542 0.0005084 0.0005084 0.0005593 0.0006101 0.0004575 0.0002033 0.0006101 0.0006610 0.0008136 0.0006610 0.0006610 0.0005593 0.0003050 0.0004067 0.0005593 0.0007119 0.0004067 0.0005593 0.0005593 0.0007119 0.0006101 0.0010681 0.0007119 0.0006101 0.0007119 0.0007627 0.0007627 0.0005593 0.0008645 0.0008136 0.0007627 0.0003050 0.0009154 0.0009154 0.0009663 0.0012733 0.0012729 0.0013749 0.0363745 0.0374608 0.0366809 0.0328870 
EBOV_H.sap-wt_SLE_14_Makona-G3789.1_KM233076               2.0283228 2.0347011 2.0504115 2.0943470 2.0943470 1.4045549 1.4601991 0.0304432 0.0304432 0.0306670 0.0309512 0.0023470 0.0013750 0.0014774 0.0013244 0.0015285 0.0003558 0.0001017 0.0002033 0.0005593 0.0008136 0.0003558 0.0004067 0.0004575 0.0004575 0.0003050 0.0004067 0.0005084 0.0001017 0.0000508 0.0000508 0.0003558 0.0002033 0.0001017 0.0002542 0.0001525 0.0010183 0.0006101 0.0006101 0.0002033 0.0000000 0.0003050 0.0005084 0.0001017 0.0001525 0.0002542 0.0001525 0.0001525 0.0004067 0.0004067 0.0004575 0.0005084 0.0003558 0.0001017 0.0005084 0.0005593 0.0007119 0.0005593 0.0005593 0.0004575 0.0002033 0.0003050 0.0004575 0.0006101 0.0003050 0.0004575 0.0004575 0.0006101 0.0005084 0.0009663 0.0006101 0.0005084 0.0006101 0.0006610 0.0006610 0.0004575 0.0007627 0.0007119 0.0006610 0.0002033 0.0008136 0.0008136 0.0008645 0.0011712 0.0011698 0.0012727 0.0362577 0.0373436 0.0365639 0.0327718 
