100
02A1.GH.97.97GH_AG2.AB052867           0.0000000 0.3631061 0.4514575 0.5405859 0.5954459 0.6179608 0.6591805 0.5397005 0.5484891 0.5699293 0.5790095 0.5300564 0.5357666 0.6011474 0.8763399 0.8617064 0.9123918 0.8845520 0.8985152 0.8896190 0.8786030 0.8508254 0.9188099 0.9505295 1.0079044 0.9823725 0.8542653 0.8838690 0.8579888 0.8268234 0.8442521 0.5854849 0.6095868 0.6018261 0.6433767 0.8071385 0.6354850 0.6389183 0.7275692 0.6389418 0.6663530 0.7605203 0.8275656 0.5732896 0.5349988 0.4932179 0.4722752 0.7944098 0.7691317 0.8184552 0.8681150 0.8584336 0.8730989 0.8574834 0.7816525 0.8180979 0.8064421 0.8010158 0.8372003 0.8225207 0.7795175 0.7549828 0.8090549 0.9062446 0.8328081 0.8068876 0.8211622 0.8070228 0.8279426 0.8463590 0.7862152 0.8254977 0.7931738 0.7691768 0.7607191 0.8371738 1.0884292 0.8443677 0.7924393 0.8306758 0.8387163 0.7468410 0.7488130 0.7304107 0.7125830 0.6461912 0.7588803 0.6225836 0.4962549 0.4334210 0.4030218 0.5676171 0.3452548 0.3510119 0.3578244 0.4237408 1.8195867 1.8693882 1.8045570 2.5722242 
02A.CI.16.DEURF16CI011.MH078538        0.3631061 0.0000000 0.5209288 0.6095129 0.6694560 0.6955215 0.7276242 0.5884065 0.5995028 0.6216984 0.6245934 0.5987044 0.5843337 0.6641333 0.9231032 0.9192908 0.9793185 0.9288018 0.9408275 0.9392540 0.9208076 0.9084472 0.9457067 0.9934390 1.0607895 1.0347155 0.9097414 0.9369462 0.9221633 0.8973920 0.9032734 0.6378999 0.6785312 0.6711438 0.7184288 0.8863756 0.7076670 0.7104596 0.8012322 0.7039852 0.7254081 0.8132149 0.8900043 0.6249784 0.5969111 0.5742316 0.5313804 0.8419979 0.8218567 0.8770449 0.9316904 0.8972270 0.9057017 0.9132838 0.8410240 0.8606076 0.8620989 0.8529735 0.8900947 0.8672499 0.8247863 0.7865897 0.8729001 0.9491736 0.8944772 0.8763393 0.8842225 0.8514578 0.8900370 0.9034352 0.8393434 0.8648241 0.8549501 0.8051372 0.8096431 0.8977281 1.1224447 0.8755373 0.8325080 0.8661456 0.8846837 0.8012127 0.8059131 0.7840911 0.7598158 0.6965639 0.8529887 0.6711100 0.5711059 0.4894908 0.4652271 0.6374927 0.4038120 0.3970583 0.4245353 0.4887189 1.7981871 1.9095642 1.8931462 2.6301962 
AGU.CM.06.770_8.MH705142               0.4514575 0.5209288 0.0000000 0.5179519 0.5834057 0.6144781 0.6376976 0.5560956 0.5777010 0.5894454 0.5975103 0.5402648 0.5427232 0.6187683 0.8822992 0.8461226 0.9097357 0.8704366 0.8932009 0.8891895 0.8740793 0.8434534 0.8918778 0.9654491 1.0022206 0.9784160 0.8492779 0.8786472 0.8596440 0.8418629 0.8448864 0.6068854 0.6484084 0.6600938 0.6896695 0.8375165 0.6700409 0.6662645 0.7516685 0.6655685 0.6853620 0.7838444 0.8726114 0.5993000 0.5665409 0.5367350 0.5004493 0.8124907 0.8112631 0.8628492 0.8977423 0.8816660 0.8781640 0.8854096 0.8048718 0.8527678 0.8426660 0.7981465 0.8493077 0.8455669 0.8092616 0.7597269 0.8314254 0.9078896 0.8456235 0.8283624 0.8410407 0.8256040 0.8428058 0.8436521 0.8260887 0.8331221 0.8195475 0.8094784 0.7884432 0.8486189 1.1238720 0.8821184 0.8368905 0.8630260 0.8693312 0.7724569 0.7865138 0.7638374 0.7206057 0.6724280 0.8021761 0.6403104 0.5707031 0.5357218 0.4979973 0.6999182 0.4722769 0.4841230 0.4743260 0.5523003 1.9014945 1.9597377 1.9251294 2.7171622 
G.NG.92.92NG083_JV10832.U88826         0.5405859 0.6095129 0.5179519 0.0000000 0.3586827 0.4002278 0.4171042 0.6519725 0.6621850 0.6890428 0.6953144 0.6462779 0.6490029 0.7070036 0.9982000 0.9689314 1.0561346 1.0135044 1.0364366 1.0448107 1.0052536 0.9713392 1.0216502 1.0609950 1.1292470 1.0736982 0.9699554 1.0064351 1.0068487 0.9632879 0.9560279 0.6862605 0.7077752 0.7220430 0.7583133 0.9164198 0.7548991 0.7530985 0.8328236 0.7559264 0.7786327 0.8604294 0.9464986 0.6659373 0.6255698 0.6038673 0.5819526 0.8825712 0.8921580 0.9177524 0.9594676 0.9610550 0.9520585 0.9651378 0.8788755 0.9255612 0.9196722 0.8724201 0.9322175 0.9332187 0.8808939 0.8538989 0.9072911 1.0061918 0.9109583 0.9408352 0.9237448 0.9201626 0.9199864 0.9389091 0.9076960 0.9217882 0.9077347 0.8668301 0.8355921 0.9348823 1.1943765 0.9293190 0.8638916 0.9286251 0.9508772 0.8435950 0.8556737 0.8254689 0.7918543 0.7563407 0.8758710 0.7291756 0.6438889 0.6027624 0.5794577 0.7761613 0.5472763 0.5597410 0.5547337 0.6319810 2.0499042 2.0566163 1.9985745 2.7299831 
G.NG.09.09NG010261.KX389626            0.5954459 0.6694560 0.5834057 0.3586827 0.0000000 0.4741127 0.4907927 0.7135679 0.7289413 0.7559530 0.7423345 0.7039395 0.7087023 0.7778602 1.0237354 1.0269331 1.1104231 1.0771570 1.0742132 1.1021692 1.0442148 1.0400373 1.0882947 1.1083054 1.2006530 1.1723403 1.0148181 1.0681872 1.0492327 1.0288363 1.0464771 0.7508022 0.7954866 0.8163444 0.8442939 1.0051105 0.8125177 0.8386076 0.9072147 0.8265730 0.8588544 0.9674063 1.0216253 0.7372674 0.6968910 0.6650793 0.6523689 0.9655659 0.9313848 0.9796927 1.0157224 1.0089227 1.0081372 1.0161589 0.9343975 0.9901029 0.9602059 0.9496338 1.0017585 0.9825407 0.9446807 0.8933354 0.9537036 1.0711121 0.9777985 0.9572169 0.9885324 0.9817152 0.9557970 0.9981788 0.9481872 0.9524598 0.9657567 0.9334577 0.9010456 0.9935478 1.2182475 0.9846702 0.9426998 0.9724280 0.9905428 0.9045927 0.8946262 0.8674700 0.8633246 0.8158440 0.9600257 0.7866846 0.7343389 0.6774195 0.6469937 0.8412826 0.6113736 0.6225192 0.6203982 0.7022434 2.1028280 2.1416758 2.0136032 2.8498765 
01F2G.CM.02.LT31.JN864056              0.6179608 0.6955215 0.6144781 0.4002278 0.4741127 0.0000000 0.4168955 0.7476410 0.7348912 0.7657519 0.7789932 0.7177836 0.7250173 0.7854124 1.0849522 1.0523980 1.1176995 1.0829975 1.1238674 1.1258088 1.0871747 1.0526570 1.1081929 1.1755692 1.2410482 1.1733899 1.0616863 1.0924674 1.0670437 1.0345663 1.0706931 0.7925003 0.8034983 0.8023202 0.8507645 1.0121227 0.8231562 0.8488705 0.9105639 0.8288938 0.8569876 0.9410633 1.0138380 0.7598761 0.7149640 0.6892672 0.6639629 0.9740967 0.9762616 1.0300765 1.0731386 1.0492324 1.0299863 1.0377539 0.9834899 1.0071760 1.0134217 0.9329059 1.0269865 1.0025083 0.9629376 0.9490033 1.0056624 1.1135332 1.0191735 1.0293427 1.0205763 1.0137062 1.0284470 1.0489539 0.9916455 1.0333196 1.0055482 0.9766946 0.9605802 1.0315942 1.2861470 1.0670171 0.9944912 1.0289041 1.0497978 0.9432651 0.9496113 0.9188960 0.8894260 0.8419454 0.9588844 0.8206944 0.7558286 0.7013103 0.6710839 0.8793922 0.6334680 0.6378152 0.6439209 0.7379056 2.0990926 2.1724459 2.0787262 2.8196057 
BCG.ES.15.100_119.KY496623             0.6591805 0.7276242 0.6376976 0.4171042 0.4907927 0.4168955 0.0000000 0.7707902 0.7680652 0.8012019 0.8141353 0.7532975 0.7693328 0.8076946 1.0833322 1.0822017 1.1711719 1.0966677 1.1483540 1.1556487 1.0854262 1.0664766 1.1098236 1.1642600 1.2440879 1.1904101 1.0575139 1.0770555 1.0933662 1.0463076 1.0682912 0.8035056 0.8401172 0.8409669 0.8770192 1.0349922 0.8685978 0.8713795 0.9755110 0.8684693 0.8901351 0.9763666 1.0716336 0.7933952 0.7627840 0.7225014 0.6941246 1.0118466 1.0419814 1.0533557 1.0951652 1.1134045 1.0817718 1.0956700 1.0261319 1.0596850 1.0263747 1.0048969 1.0729593 1.0461113 1.0215975 0.9787782 1.0517460 1.1180679 1.0678435 1.0605119 1.0390314 1.0401681 1.0604168 1.0638652 1.0275799 1.0725171 1.0240224 0.9865664 0.9703290 1.0540211 1.2997179 1.0868013 0.9988010 1.0844583 1.0839477 0.9772811 1.0129635 0.9224113 0.9487508 0.8874108 0.9877387 0.8727691 0.7892314 0.7185125 0.6853540 0.8925488 0.6550309 0.6775647 0.6789666 0.7618336 2.1284488 2.1882783 2.1770683 2.8827638 
A1.KE.06.06KECst_028.FJ623479          0.5397005 0.5884065 0.5560956 0.6519725 0.7135679 0.7476410 0.7707902 0.0000000 0.3091705 0.3971629 0.4195381 0.3762473 0.3897076 0.4735484 0.7476574 0.7224692 0.7950446 0.7549736 0.7565210 0.7752718 0.7614507 0.7158317 0.7818714 0.8442679 0.8931685 0.8595972 0.7347209 0.7493599 0.7557977 0.6964817 0.7428147 0.4575219 0.5483369 0.5577849 0.6118259 0.7542771 0.5623860 0.5761199 0.6722362 0.5779610 0.5969298 0.6934001 0.7738320 0.4916903 0.4645277 0.4162612 0.4919933 0.8364031 0.8344003 0.8558405 0.8960167 0.8832864 0.8907766 0.8717856 0.8195243 0.8748691 0.8377187 0.8409274 0.8633967 0.8404003 0.8090640 0.7794382 0.8443262 0.9451802 0.8976945 0.8574550 0.8692379 0.8598891 0.8582034 0.8612473 0.8351153 0.8792704 0.8449385 0.7907896 0.7900126 0.8983719 1.1331163 0.8858437 0.8413013 0.9048351 0.8786995 0.7946860 0.8021192 0.7871193 0.7677342 0.6939301 0.8269275 0.6602357 0.6484498 0.5868509 0.5825056 0.8036869 0.5599403 0.5401143 0.5567420 0.6346667 2.0374520 2.0849941 2.0145988 2.8181497 
A1.KE.06.06KECst_013.FJ623485          0.5484891 0.5995028 0.5777010 0.6621850 0.7289413 0.7348912 0.7680652 0.3091705 0.0000000 0.3956654 0.4341262 0.3855393 0.3974089 0.4781791 0.7689612 0.7356992 0.8022681 0.7716364 0.7836087 0.8114638 0.7637460 0.7611968 0.7918912 0.8836705 0.9069686 0.8942219 0.7410720 0.7757905 0.7780003 0.7307135 0.7603441 0.4856870 0.5652535 0.5768637 0.6185938 0.7861084 0.5969343 0.5836511 0.6785425 0.5920420 0.6025958 0.7194693 0.7898543 0.4959606 0.4778489 0.4412085 0.5131953 0.8401625 0.8421048 0.8715608 0.9126693 0.9099649 0.9121520 0.9274043 0.8266003 0.8763942 0.8559197 0.8550202 0.8919618 0.8814258 0.8293464 0.8024878 0.8684464 0.9609365 0.9080798 0.8929447 0.8843658 0.8644888 0.8790185 0.8846090 0.8697710 0.9011472 0.8768815 0.7947705 0.7997491 0.8858277 1.1622089 0.9194744 0.8472829 0.8957035 0.8977626 0.8011199 0.8160486 0.8075697 0.7708544 0.7008930 0.8345019 0.6814346 0.6479955 0.6225471 0.5820065 0.7909359 0.5600473 0.5591272 0.5599030 0.6366652 2.0232899 2.0775653 2.0310542 2.8765376 
35_AD.AF.06.007H.GQ477450              0.5699293 0.6216984 0.5894454 0.6890428 0.7559530 0.7657519 0.8012019 0.3971629 0.3956654 0.0000000 0.4537015 0.3912049 0.4170561 0.5018047 0.7669568 0.7649025 0.8262847 0.7543859 0.7723134 0.7842427 0.7787566 0.7436348 0.8106067 0.8815599 0.9380342 0.8912994 0.7421564 0.7708577 0.7688198 0.7252371 0.7542020 0.4927041 0.5896590 0.5853002 0.6413393 0.8009545 0.6163490 0.6115583 0.7036725 0.6080104 0.6406578 0.7214226 0.8155966 0.5215928 0.4806881 0.4522209 0.5312471 0.8653337 0.8657176 0.8902533 0.9302002 0.9368145 0.9240064 0.9168376 0.8551850 0.8886839 0.8872255 0.8547446 0.8852031 0.8801498 0.8458193 0.8091894 0.8780774 0.9652490 0.9346058 0.9234351 0.9091910 0.8993595 0.8878535 0.9121863 0.8668783 0.8834273 0.9044086 0.8473118 0.8285849 0.9162218 1.1632232 0.9415787 0.8631259 0.9241663 0.9015276 0.8322914 0.8354881 0.8374164 0.8083723 0.7498754 0.8426990 0.7115908 0.6889828 0.6421067 0.5967331 0.8275545 0.5796938 0.5828048 0.5830846 0.6408720 2.0193798 2.0750229 2.1005776 2.9803294 
A1.CY.07.CY208.JF683760                0.5790095 0.6245934 0.5975103 0.6953144 0.7423345 0.7789932 0.8141353 0.4195381 0.4341262 0.4537015 0.0000000 0.2519343 0.4261466 0.5157424 0.7986623 0.7721580 0.8492826 0.8054824 0.7994761 0.8179342 0.7889390 0.7760706 0.8340089 0.9046385 0.9199574 0.9115418 0.7507146 0.7995237 0.7898088 0.7372398 0.7687464 0.5041617 0.5873981 0.5995574 0.6369341 0.8073026 0.6005059 0.6150166 0.7261488 0.6200017 0.6514567 0.7522947 0.8320305 0.5455285 0.5158873 0.4767278 0.5130785 0.8778084 0.8685992 0.8982579 0.9535854 0.9165785 0.9580245 0.9318682 0.8601972 0.8956147 0.8873900 0.8828982 0.9021804 0.8936107 0.8580619 0.8237457 0.8892163 0.9830028 0.9184758 0.8999977 0.9336852 0.8947400 0.9140514 0.8992686 0.9022505 0.8817967 0.8897512 0.8474728 0.8437089 0.9285565 1.1684022 0.9367295 0.8849913 0.9232362 0.9423615 0.8113141 0.8324806 0.8458313 0.8012705 0.7482630 0.8961758 0.7214727 0.6882553 0.6594982 0.6311202 0.8120226 0.6097968 0.6104797 0.6137037 0.6775513 2.0931055 2.1893441 2.0462549 2.9121671 
A1.CY.05.CY051.FJ388903                0.5300564 0.5987044 0.5402648 0.6462779 0.7039395 0.7177836 0.7532975 0.3762473 0.3855393 0.3912049 0.2519343 0.0000000 0.3766643 0.4601583 0.7505755 0.7072867 0.8070290 0.7556742 0.7597696 0.7841152 0.7301398 0.7312354 0.7919859 0.8316089 0.8837529 0.8717654 0.7106396 0.7398325 0.7233351 0.6927236 0.7294600 0.4505029 0.5324823 0.5346881 0.5861031 0.7430091 0.5716442 0.5603420 0.6518782 0.5592215 0.5874942 0.6795069 0.7749539 0.4887451 0.4609789 0.4229062 0.4727710 0.8334437 0.8390757 0.8615406 0.8971515 0.8928986 0.9156201 0.8968646 0.8295002 0.8611594 0.8643720 0.8342073 0.8706213 0.8555059 0.8328294 0.7891307 0.8424452 0.9290992 0.8988557 0.8660487 0.8785404 0.8620375 0.8569879 0.8635110 0.8459765 0.8782814 0.8535934 0.8061014 0.8095175 0.8835254 1.1411763 0.9070290 0.8487573 0.8956826 0.8897449 0.8006140 0.8017635 0.7884737 0.7546837 0.6946691 0.8390785 0.6790278 0.6443210 0.5997556 0.5653361 0.7737541 0.5572162 0.5600317 0.5519487 0.6180078 2.0200335 2.1005963 2.0212508 2.8994716 
A1.UG.11.DEMA110UG001.KF859745         0.5357666 0.5843337 0.5427232 0.6490029 0.7087023 0.7250173 0.7693328 0.3897076 0.3974089 0.4170561 0.4261466 0.3766643 0.0000000 0.4613726 0.7355950 0.7133098 0.7675810 0.7298055 0.7597061 0.7698243 0.7376114 0.7363442 0.7715838 0.8413639 0.8840281 0.8560537 0.7051438 0.7490234 0.7302003 0.7035492 0.7348892 0.4548375 0.5360976 0.5418266 0.5847497 0.7487652 0.5555212 0.5622102 0.6673292 0.5518583 0.5822238 0.6765587 0.7730947 0.4849770 0.4537974 0.4165074 0.4774613 0.8231801 0.7982348 0.8580256 0.9159766 0.8914756 0.8893451 0.9125554 0.8184899 0.8486548 0.8556800 0.8207154 0.8372331 0.8519534 0.8110799 0.7753036 0.8433665 0.9484381 0.8826746 0.8358094 0.8683822 0.8518494 0.8658748 0.8622235 0.8477327 0.8669377 0.8430682 0.8038756 0.7962518 0.8853896 1.1245207 0.9105829 0.8279698 0.8713206 0.8540460 0.7792894 0.7881198 0.7769497 0.7634471 0.7078962 0.8481301 0.6893650 0.6539928 0.5954322 0.5751893 0.7715567 0.5440331 0.5552539 0.5501553 0.6153317 1.9654100 2.0321852 2.0248357 2.8495491 
A1C.UG.99.99UGF25926.AF484491          0.6011474 0.6641333 0.6187683 0.7070036 0.7778602 0.7854124 0.8076946 0.4735484 0.4781791 0.5018047 0.5157424 0.4601583 0.4613726 0.0000000 0.6571303 0.6413886 0.7065140 0.6689568 0.6875169 0.7065881 0.6595865 0.6407383 0.6869712 0.7396417 0.7908191 0.7862570 0.6317691 0.6625095 0.6570219 0.6052899 0.6424925 0.4891887 0.6097303 0.6083061 0.6544834 0.8015943 0.6440328 0.6242554 0.7227655 0.6348639 0.6562115 0.7678265 0.8401557 0.5193986 0.5122133 0.4753766 0.5239459 0.8913942 0.8844919 0.9060926 0.9727157 0.9261707 0.9513295 0.9630248 0.8860306 0.9111849 0.8907076 0.8724895 0.9156805 0.9090615 0.8794692 0.8449799 0.9107639 1.0012327 0.9204782 0.9376615 0.9232626 0.9219184 0.9411217 0.9263185 0.9141613 0.9248816 0.9183398 0.8667404 0.8665248 0.9484043 1.1557211 0.9573046 0.8854086 0.9479854 0.9491061 0.8457021 0.8632266 0.8391341 0.8327291 0.7583359 0.8828190 0.7249885 0.7299509 0.6564012 0.6526243 0.8500066 0.6204450 0.6209206 0.6322541 0.7038117 2.0870325 2.2133333 2.1483783 3.0774233 
A1C.IN.15.SC017.KY713232               0.8763399 0.9231032 0.8822992 0.9982000 1.0237354 1.0849522 1.0833322 0.7476574 0.7689612 0.7669568 0.7986623 0.7505755 0.7355950 0.6571303 0.0000000 0.6533481 0.7180522 0.6760712 0.6843335 0.7191718 0.6902302 0.6489800 0.7103708 0.7452753 0.8091973 0.7877569 0.6466328 0.6804401 0.6644088 0.6105978 0.6411028 0.7563285 0.8975522 0.8941475 0.9238450 1.0870696 0.9129374 0.9132778 1.0116506 0.9185626 0.9291026 1.0010946 1.1133917 0.8495621 0.7833154 0.7572830 0.7908490 1.1783779 1.1375705 1.1988734 1.2548449 1.1989237 1.2316890 1.2398296 1.1367543 1.1489084 1.1607043 1.1644200 1.1966539 1.1730390 1.1506397 1.1045969 1.1702073 1.2745731 1.2205892 1.1776946 1.1804866 1.1723999 1.1840715 1.1644120 1.1442110 1.1607093 1.1863366 1.1660885 1.1507606 1.2236935 1.4677283 1.2367912 1.1853531 1.2023580 1.2464204 1.1408915 1.1480274 1.1374879 1.1044880 1.0385851 1.1887456 1.0376700 0.9996123 0.9500949 0.9407804 1.1049982 0.8841448 0.8829977 0.9088006 0.9599224 2.4304041 2.4347758 2.3314078 3.3417935 
C.IL.99.99ET14.AY255825                0.8617064 0.9192908 0.8461226 0.9689314 1.0269331 1.0523980 1.0822017 0.7224692 0.7356992 0.7649025 0.7721580 0.7072867 0.7133098 0.6413886 0.6533481 0.0000000 0.4390300 0.4347020 0.4565623 0.4629831 0.4354163 0.3926844 0.4454690 0.4928288 0.5475375 0.5360442 0.3926760 0.4251582 0.4206829 0.3774793 0.4016839 0.7412158 0.8659955 0.8601521 0.9180447 1.0746669 0.8925406 0.8883969 0.9922447 0.8940781 0.9250742 0.9961410 1.1075241 0.8004231 0.7820908 0.7317956 0.7930074 1.1493833 1.1384183 1.1624459 1.2257105 1.1746849 1.1993571 1.2133053 1.1198846 1.1490878 1.1429027 1.1573750 1.1662755 1.1189646 1.1092983 1.0639714 1.1270461 1.2174194 1.1807294 1.1464712 1.1532842 1.1524904 1.1598468 1.1870816 1.1380200 1.1362992 1.1593335 1.1040299 1.0801032 1.1527659 1.4365886 1.2186745 1.0987669 1.1572515 1.1879312 1.1016593 1.1160217 1.1041067 1.0684861 1.0077075 1.1145088 1.0069735 0.9799268 0.9051853 0.9047502 1.0941602 0.8696948 0.8376162 0.8855717 0.9082980 2.3387873 2.3923889 2.2692607 3.0784918 
C.SE.09.035ZA.MF373148                 0.9123918 0.9793185 0.9097357 1.0561346 1.1104231 1.1176995 1.1711719 0.7950446 0.8022681 0.8262847 0.8492826 0.8070290 0.7675810 0.7065140 0.7180522 0.4390300 0.0000000 0.4950590 0.5140788 0.5436143 0.5033961 0.4541135 0.5151332 0.5778616 0.6214820 0.6201591 0.4653186 0.4941195 0.5091007 0.4528159 0.4756662 0.8170807 0.9343642 0.9292770 0.9722804 1.1721826 0.9551664 0.9704576 1.0583848 0.9540828 0.9937270 1.0853301 1.2320401 0.8722509 0.8340596 0.7966378 0.8589095 1.2224445 1.2199102 1.2297281 1.2884075 1.2506879 1.2816363 1.2979686 1.2064744 1.2450138 1.2610670 1.2264931 1.2691401 1.2257417 1.2052752 1.1725957 1.2158618 1.3438727 1.2557027 1.2295390 1.2198952 1.2292427 1.2325981 1.2815753 1.2026610 1.2098739 1.2403232 1.1889445 1.1722871 1.2457850 1.4604326 1.2674745 1.2034575 1.2738244 1.2620467 1.1670838 1.1697366 1.2095849 1.1720693 1.0599024 1.1881604 1.0533454 1.0416549 0.9802198 0.9622705 1.1294494 0.9171981 0.9123801 0.9396090 1.0084873 2.4601990 2.4759874 2.3660635 3.2981501 
C.ZA.04.04ZASK135B1.DQ011166           0.8845520 0.9288018 0.8704366 1.0135044 1.0771570 1.0829975 1.0966677 0.7549736 0.7716364 0.7543859 0.8054824 0.7556742 0.7298055 0.6689568 0.6760712 0.4347020 0.4950590 0.0000000 0.3397229 0.3508080 0.3686661 0.3380951 0.4006276 0.4655838 0.5089462 0.4944057 0.3570428 0.4290080 0.4263678 0.3881069 0.4176723 0.7478307 0.8975324 0.9034338 0.9357938 1.0966313 0.9381827 0.9273309 1.0315903 0.9472280 0.9574107 1.0259046 1.1402957 0.8238701 0.8039460 0.7609944 0.8083922 1.1642515 1.1944603 1.1825198 1.2457489 1.2066419 1.2391644 1.2483423 1.1458119 1.2183114 1.1721572 1.1602371 1.1962589 1.1634943 1.1528179 1.1023759 1.1657389 1.2982801 1.2059043 1.1706888 1.1756031 1.1686570 1.1844282 1.1696311 1.1687093 1.1600939 1.1728929 1.1415156 1.1144492 1.1851453 1.4308257 1.2391758 1.1422720 1.1948268 1.2000179 1.1158663 1.1494562 1.1229138 1.0775639 1.0604712 1.1509060 1.0212131 1.0176869 0.9524749 0.9224203 1.1624336 0.8937434 0.8683126 0.8895229 0.9713822 2.3835476 2.5026079 2.4058839 3.1985340 
C.ZA.03.03ZAPS130MB1.DQ275658          0.8985152 0.9408275 0.8932009 1.0364366 1.0742132 1.1238674 1.1483540 0.7565210 0.7836087 0.7723134 0.7994761 0.7597696 0.7597061 0.6875169 0.6843335 0.4565623 0.5140788 0.3397229 0.0000000 0.3063913 0.3920694 0.3552486 0.4167948 0.4830198 0.5320312 0.5226796 0.3707936 0.4533396 0.4470312 0.3987723 0.4350310 0.7800446 0.9100445 0.8897186 0.9631533 1.1437865 0.9543858 0.9211936 1.0363926 0.9622694 0.9547530 1.0832734 1.1745503 0.8256651 0.8004374 0.7622087 0.8150431 1.2172480 1.2093285 1.2138615 1.2631243 1.2388944 1.2867189 1.2724504 1.1719127 1.2193330 1.1925784 1.1895287 1.2203246 1.1767585 1.1902108 1.1256982 1.1629290 1.3155278 1.2176690 1.2104268 1.1915737 1.2072065 1.2141957 1.2439160 1.2046215 1.2308843 1.2155868 1.1552972 1.1135391 1.2057508 1.4747145 1.2514942 1.1962428 1.2244469 1.2337857 1.1534596 1.1632057 1.1621143 1.1133558 1.0695538 1.1787622 1.0127420 1.0279008 0.9516374 0.9291877 1.1708394 0.9043176 0.9038573 0.9278700 0.9871273 2.4472303 2.5462120 2.4196369 3.2656013 
C.ZA.97.97ZA012.AF286227               0.8896190 0.9392540 0.8891895 1.0448107 1.1021692 1.1258088 1.1556487 0.7752718 0.8114638 0.7842427 0.8179342 0.7841152 0.7698243 0.7065881 0.7191718 0.4629831 0.5436143 0.3508080 0.3063913 0.0000000 0.3937103 0.3708015 0.4274338 0.4998071 0.5312982 0.5253299 0.3866569 0.4569951 0.4581013 0.4160674 0.4223241 0.7766436 0.9416960 0.9210135 0.9874477 1.1427306 0.9725012 0.9649259 1.0581313 0.9780112 0.9888460 1.0797267 1.1594616 0.8689133 0.8372445 0.7960321 0.8477736 1.1989645 1.1926168 1.1898152 1.2662554 1.2323876 1.2388204 1.2691326 1.1660535 1.2354969 1.1824311 1.1858166 1.2076647 1.1904220 1.1907357 1.1241612 1.1646183 1.3313193 1.2556695 1.2064827 1.1997159 1.1841833 1.2247323 1.2283418 1.2201472 1.2103914 1.2000069 1.1595234 1.1276143 1.2050597 1.4546073 1.2437572 1.1579697 1.2228504 1.2726256 1.1481375 1.1497663 1.1639620 1.1128973 1.0737702 1.1807377 1.0174440 1.0272012 0.9769289 0.9546913 1.1696698 0.9315804 0.8929514 0.9513201 0.9924803 2.4995520 2.5712219 2.4090225 3.2508488 
C.BW.98.98BWMC14A3.AF443078            0.8786030 0.9208076 0.8740793 1.0052536 1.0442148 1.0871747 1.0854262 0.7614507 0.7637460 0.7787566 0.7889390 0.7301398 0.7376114 0.6595865 0.6902302 0.4354163 0.5033961 0.3686661 0.3920694 0.3937103 0.0000000 0.3377478 0.3977548 0.4645025 0.5096146 0.5128343 0.3627684 0.4322108 0.4268753 0.3838845 0.4195657 0.7632024 0.9102012 0.8894111 0.9320170 1.1088029 0.9241006 0.9156241 1.0077080 0.9312039 0.9415798 1.0541469 1.1552711 0.8134441 0.7905004 0.7634268 0.8072328 1.1387037 1.1453387 1.1622252 1.2246934 1.1920104 1.2364839 1.2092117 1.0974205 1.1721154 1.1310797 1.1390043 1.1853412 1.1126842 1.1387638 1.0922836 1.1161510 1.2322128 1.1839041 1.1901536 1.1773128 1.1595875 1.1799946 1.1671035 1.1537881 1.1679783 1.1512953 1.1088290 1.0930811 1.1906765 1.4262225 1.2328717 1.1470841 1.1985035 1.2129899 1.1125522 1.1099893 1.1063467 1.0942388 1.0498003 1.1578015 0.9973227 0.9715237 0.9340854 0.9239302 1.1174629 0.8755570 0.8622852 0.8905070 0.9623962 2.4086498 2.4729737 2.3977601 3.2190218 
C.ZA.99.99ZALT4.EU293444               0.8508254 0.9084472 0.8434534 0.9713392 1.0400373 1.0526570 1.0664766 0.7158317 0.7611968 0.7436348 0.7760706 0.7312354 0.7363442 0.6407383 0.6489800 0.3926844 0.4541135 0.3380951 0.3552486 0.3708015 0.3377478 0.0000000 0.3064397 0.4238654 0.4732926 0.4758160 0.3230714 0.3956518 0.3960397 0.3524967 0.3741639 0.7447861 0.8928720 0.8816884 0.9435498 1.0948954 0.9207641 0.9109907 1.0112400 0.9179667 0.9119678 1.0350340 1.1110680 0.7992150 0.7781108 0.7138983 0.8100677 1.1497704 1.1427093 1.1580972 1.2255046 1.1923111 1.2009452 1.2164392 1.1198748 1.1727111 1.1449248 1.1434944 1.1684533 1.1425085 1.1460138 1.0970432 1.1541907 1.2879529 1.1677269 1.1510376 1.1683977 1.1610406 1.1587655 1.1945526 1.1075726 1.1629818 1.1786428 1.1240170 1.0776888 1.1720656 1.3995794 1.2241949 1.1284417 1.1893468 1.1948524 1.0891072 1.1032711 1.1010806 1.0598174 1.0032779 1.1353055 0.9684452 0.9725727 0.9083685 0.8812638 1.1140758 0.8530760 0.8417084 0.8682384 0.9093254 2.3453143 2.4414557 2.3161148 3.1757243 
C.ZA.02.02ZAPS015MB1.DQ369995          0.9188099 0.9457067 0.8918778 1.0216502 1.0882947 1.1081929 1.1098236 0.7818714 0.7918912 0.8106067 0.8340089 0.7919859 0.7715838 0.6869712 0.7103708 0.4454690 0.5151332 0.4006276 0.4167948 0.4274338 0.3977548 0.3064397 0.0000000 0.4832322 0.5262992 0.5311588 0.3779882 0.4558696 0.4464169 0.4066436 0.4276583 0.8073654 0.9230140 0.9492673 0.9963642 1.1258007 0.9725529 0.9688555 1.0582761 0.9707849 0.9829524 1.1029793 1.1924009 0.8528419 0.8174469 0.7728166 0.8459724 1.1897874 1.2027204 1.2068677 1.2684797 1.2292865 1.2474049 1.2772816 1.1733034 1.2377525 1.1832549 1.1879467 1.2243871 1.1898484 1.2114022 1.1134595 1.1726565 1.3308872 1.2429077 1.2124074 1.2040847 1.1986964 1.2259680 1.2157193 1.1810505 1.2392891 1.2097221 1.1503497 1.1384318 1.2208449 1.4619394 1.2716972 1.1492292 1.2487645 1.2552449 1.1587569 1.1592817 1.1311288 1.1102464 1.0490352 1.1769500 1.0284383 1.0229357 0.9692832 0.9273299 1.1662089 0.9255857 0.9013134 0.9257836 0.9774194 2.4120974 2.4906989 2.4153179 3.1953485 
C.GB.14.13659_1_48.3.MF109437          0.9505295 0.9934390 0.9654491 1.0609950 1.1083054 1.1755692 1.1642600 0.8442679 0.8836705 0.8815599 0.9046385 0.8316089 0.8413639 0.7396417 0.7452753 0.4928288 0.5778616 0.4655838 0.4830198 0.4998071 0.4645025 0.4238654 0.4832322 0.0000000 0.5615921 0.5321711 0.4153277 0.4989042 0.5088429 0.4579101 0.4868862 0.8470693 0.9738002 0.9878902 1.0234704 1.1721389 1.0084061 1.0248718 1.0927949 1.0262958 1.0412927 1.1460533 1.2219585 0.9214905 0.9050605 0.8299386 0.8940174 1.2316746 1.2493599 1.2588559 1.3354289 1.2811839 1.3002588 1.2849043 1.2149402 1.2599691 1.2315172 1.2411874 1.2531861 1.2317473 1.2296407 1.1627096 1.2319689 1.3529674 1.2308926 1.2432627 1.2230077 1.1968516 1.2491393 1.2497412 1.2440601 1.2325836 1.2196560 1.1768809 1.1809460 1.2704187 1.5397285 1.3161607 1.2112792 1.2919496 1.2912032 1.1529764 1.1782609 1.1723566 1.1970842 1.1022008 1.2697045 1.0753389 1.0757954 1.0160403 0.9885178 1.2277483 0.9568507 0.9486040 0.9676590 1.0281263 2.4374163 2.4882833 2.4369148 3.3005986 
BC.CN.07.07CNYN340.KF835526            1.0079044 1.0607895 1.0022206 1.1292470 1.2006530 1.2410482 1.2440879 0.8931685 0.9069686 0.9380342 0.9199574 0.8837529 0.8840281 0.7908191 0.8091973 0.5475375 0.6214820 0.5089462 0.5320312 0.5312982 0.5096146 0.4732926 0.5262992 0.5615921 0.0000000 0.4272493 0.4746637 0.5578859 0.5518261 0.5079350 0.5375769 0.8787105 1.0620700 1.0455429 1.0998597 1.2490656 1.0724787 1.0923623 1.1484958 1.1064811 1.1231536 1.1645381 1.2838330 0.9635108 0.9505320 0.8843939 0.9577166 1.3052829 1.3058320 1.3258641 1.3958488 1.3735537 1.3389230 1.3889416 1.3203740 1.3225096 1.3414254 1.3242410 1.3561150 1.3337227 1.2901188 1.2748736 1.3008348 1.4177101 1.3372991 1.3495758 1.3433972 1.3295413 1.3213063 1.3458310 1.3435932 1.3395926 1.3218402 1.2917276 1.2750804 1.3154210 1.5337267 1.3934203 1.3084576 1.3397960 1.3688899 1.2719732 1.2864137 1.2752567 1.2614453 1.1747358 1.3132408 1.1497789 1.1690158 1.0611958 1.0611582 1.2229858 1.0371014 1.0270377 1.0263947 1.0783416 2.5428616 2.6400555 2.4869484 3.1760579 
85_BC.CN.14.14CN_SCYB4.KU992932        0.9823725 1.0347155 0.9784160 1.0736982 1.1723403 1.1733899 1.1904101 0.8595972 0.8942219 0.8912994 0.9115418 0.8717654 0.8560537 0.7862570 0.7877569 0.5360442 0.6201591 0.4944057 0.5226796 0.5253299 0.5128343 0.4758160 0.5311588 0.5321711 0.4272493 0.0000000 0.4632012 0.5478888 0.5569882 0.5026789 0.5332539 0.8539469 1.0518339 1.0230110 1.0813498 1.2523676 1.0877213 1.0699053 1.1553086 1.0669098 1.1117732 1.1897327 1.2638217 0.9331202 0.9220680 0.8745219 0.9407054 1.3138887 1.2973214 1.3170542 1.3544703 1.3971334 1.3471919 1.3618775 1.2622010 1.2914562 1.2884662 1.2740627 1.3146995 1.2716734 1.2772659 1.2378163 1.3114825 1.4005654 1.3120311 1.3035976 1.2892176 1.2942935 1.3296543 1.2873420 1.2834371 1.3016357 1.2749878 1.2747419 1.2188347 1.3090575 1.5829430 1.3560897 1.2716303 1.3097382 1.3341048 1.2307269 1.2493378 1.2348153 1.2228618 1.1530922 1.2703986 1.1077285 1.1049771 1.0463718 1.0490842 1.2442935 1.0159126 0.9637515 1.0048009 1.0795655 2.3839950 2.5529242 2.4607109 3.3339866 
C.BW.00.00BW076820.AF443089            0.8542653 0.9097414 0.8492779 0.9699554 1.0148181 1.0616863 1.0575139 0.7347209 0.7410720 0.7421564 0.7507146 0.7106396 0.7051438 0.6317691 0.6466328 0.3926760 0.4653186 0.3570428 0.3707936 0.3866569 0.3627684 0.3230714 0.3779882 0.4153277 0.4746637 0.4632012 0.0000000 0.3883715 0.3880992 0.3463646 0.3683686 0.7304183 0.8395367 0.8494576 0.8762203 1.0420481 0.8892471 0.8866746 0.9833410 0.8923663 0.8999598 0.9979351 1.1046231 0.7886497 0.7553207 0.7282856 0.7877145 1.1338059 1.1232883 1.1519093 1.2233846 1.1838213 1.1776770 1.1938688 1.0979826 1.1546600 1.1387458 1.1346817 1.1548487 1.1400605 1.1488179 1.0753359 1.1129593 1.2722319 1.1626301 1.1565096 1.1439985 1.1401221 1.1529714 1.1850689 1.1473721 1.1607904 1.1333973 1.0956000 1.0572883 1.1791380 1.4189507 1.2032177 1.1261641 1.1799002 1.1972357 1.0793810 1.0971185 1.0868280 1.0725699 0.9873655 1.1376330 0.9808894 0.9894925 0.9328267 0.8919228 1.0806568 0.8589655 0.8373913 0.8875302 0.9052390 2.3706157 2.4893232 2.3876419 3.1132972 
C.ZA.04.04ZASK170B1.DQ093595           0.8838690 0.9369462 0.8786472 1.0064351 1.0681872 1.0924674 1.0770555 0.7493599 0.7757905 0.7708577 0.7995237 0.7398325 0.7490234 0.6625095 0.6804401 0.4251582 0.4941195 0.4290080 0.4533396 0.4569951 0.4322108 0.3956518 0.4558696 0.4989042 0.5578859 0.5478888 0.3883715 0.0000000 0.3346369 0.3015249 0.3575968 0.7656244 0.9107639 0.9106591 0.9414884 1.1086449 0.9483590 0.9129674 1.0300886 0.9556028 0.9404388 1.0495364 1.1358706 0.8198199 0.7903584 0.7706777 0.8227946 1.1904320 1.1696733 1.2031991 1.2687214 1.2360307 1.2175748 1.2605341 1.1625816 1.1757539 1.1889287 1.1846862 1.1868658 1.1604877 1.1476486 1.1212004 1.1777813 1.2698203 1.1963071 1.2017998 1.1814754 1.1875995 1.1982099 1.2044790 1.1870211 1.1831320 1.1954592 1.1442912 1.1082866 1.1714715 1.4346932 1.2655077 1.1294309 1.2359598 1.2090530 1.1247398 1.1075898 1.0966551 1.1076369 1.0345658 1.1426999 1.0195854 1.0153686 0.9370745 0.9245076 1.1285984 0.9106779 0.8679126 0.9044578 0.9570801 2.4320909 2.4606919 2.3791128 3.1631046 
C.TZ.02.CO6721.AY734560                0.8579888 0.9221633 0.8596440 1.0068487 1.0492327 1.0670437 1.0933662 0.7557977 0.7780003 0.7688198 0.7898088 0.7233351 0.7302003 0.6570219 0.6644088 0.4206829 0.5091007 0.4263678 0.4470312 0.4581013 0.4268753 0.3960397 0.4464169 0.5088429 0.5518261 0.5569882 0.3880992 0.3346369 0.0000000 0.2419077 0.3574093 0.7542632 0.9092538 0.9000318 0.9422815 1.1066281 0.9230546 0.9202605 1.0291573 0.9360671 0.9527415 0.9987275 1.1117187 0.8233481 0.7960544 0.7489226 0.8173962 1.1846345 1.1556380 1.2116761 1.2588594 1.2178224 1.2191120 1.2244100 1.1478739 1.1808088 1.1980525 1.1776677 1.2172599 1.1609029 1.1334920 1.1107719 1.1645044 1.2878572 1.2135335 1.2067960 1.1882663 1.1823880 1.2081280 1.2084006 1.1892526 1.1756894 1.1779541 1.1359791 1.1092439 1.1889974 1.4091207 1.2574229 1.1745961 1.2134978 1.2287760 1.1125343 1.1222651 1.1143305 1.0646337 0.9940360 1.1693647 1.0026830 0.9884940 0.9174912 0.8950581 1.1229330 0.8954292 0.8647514 0.8978920 0.9402233 2.3347949 2.4105895 2.4241987 3.2483481 
C.TZ.01.BD39_8.AY253313                0.8268234 0.8973920 0.8418629 0.9632879 1.0288363 1.0345663 1.0463076 0.6964817 0.7307135 0.7252371 0.7372398 0.6927236 0.7035492 0.6052899 0.6105978 0.3774793 0.4528159 0.3881069 0.3987723 0.4160674 0.3838845 0.3524967 0.4066436 0.4579101 0.5079350 0.5026789 0.3463646 0.3015249 0.2419077 0.0000000 0.3157066 0.7180234 0.8604549 0.8596554 0.8965832 1.0617294 0.8967583 0.8745158 0.9482453 0.9008574 0.9015403 0.9920557 1.1102458 0.7877155 0.7513320 0.7142150 0.7812994 1.1409071 1.1312286 1.1516095 1.2140027 1.1743866 1.1971707 1.1991749 1.1308720 1.1613697 1.1451082 1.1481865 1.1584576 1.1227587 1.1209922 1.0757550 1.1188797 1.2367870 1.1455782 1.1644290 1.1495554 1.1465482 1.1615103 1.1647143 1.1399007 1.1329764 1.1477672 1.1280302 1.0791969 1.1710847 1.4180492 1.2082915 1.1381012 1.1700481 1.1999223 1.0893304 1.0759200 1.0923445 1.0478580 0.9857663 1.1112215 0.9667414 0.9807203 0.9001843 0.8791312 1.0621875 0.8624655 0.8315004 0.8847083 0.9032742 2.3971217 2.4634775 2.3727539 3.1902595 
C.ZA.03.03ZAPS067MB2.DQ396389          0.8442521 0.9032734 0.8448864 0.9560279 1.0464771 1.0706931 1.0682912 0.7428147 0.7603441 0.7542020 0.7687464 0.7294600 0.7348892 0.6424925 0.6411028 0.4016839 0.4756662 0.4176723 0.4350310 0.4223241 0.4195657 0.3741639 0.4276583 0.4868862 0.5375769 0.5332539 0.3683686 0.3575968 0.3574093 0.3157066 0.0000000 0.7601766 0.8893224 0.8802763 0.9231150 1.0780458 0.9204675 0.8969784 0.9868001 0.9182137 0.9227177 1.0134696 1.1068044 0.7973566 0.7719109 0.7419035 0.7839883 1.1634008 1.1562809 1.1669800 1.2289850 1.1924114 1.1843761 1.2175960 1.1195435 1.1854763 1.1543998 1.1326546 1.1633280 1.1274951 1.1093416 1.0836243 1.1290258 1.2715786 1.1921211 1.1701818 1.1818701 1.1515590 1.1590404 1.2011376 1.1335285 1.1438739 1.1577652 1.1204123 1.1141621 1.1637991 1.4225644 1.1917493 1.1413641 1.1973429 1.2090609 1.0921124 1.1149115 1.0758869 1.0626279 0.9951311 1.1241333 0.9933494 1.0010464 0.9182684 0.9005092 1.0948167 0.8769614 0.8648021 0.8984527 0.9443136 2.3642892 2.4926845 2.3016600 3.2318799 
A1D.UG.99.99UGJ21953.AF484496          0.5854849 0.6378999 0.6068854 0.6862605 0.7508022 0.7925003 0.8035056 0.4575219 0.4856870 0.4927041 0.5041617 0.4505029 0.4548375 0.4891887 0.7563285 0.7412158 0.8170807 0.7478307 0.7800446 0.7766436 0.7632024 0.7447861 0.8073654 0.8470693 0.8787105 0.8539469 0.7304183 0.7656244 0.7542632 0.7180234 0.7601766 0.0000000 0.6094816 0.6104262 0.6557475 0.8223572 0.6417324 0.6333185 0.7336717 0.6402849 0.6479401 0.7497231 0.8313943 0.5435335 0.5088962 0.4733493 0.5475794 0.8698961 0.8599994 0.9062293 0.9734723 0.9233709 0.9468399 0.9337700 0.8747556 0.9088246 0.8787868 0.8642169 0.9176476 0.9062447 0.8503986 0.8225108 0.8840995 0.9852352 0.9508462 0.9069122 0.9319374 0.9191076 0.9303855 0.9285902 0.8977756 0.9081803 0.8812431 0.8479850 0.8609374 0.9238234 1.1735127 0.9395441 0.8725270 0.9139961 0.9424007 0.8329998 0.8428341 0.8219751 0.8000422 0.7276061 0.8763506 0.7248016 0.6924888 0.6417998 0.6235428 0.8490317 0.5964767 0.5994215 0.6106020 0.6664494 2.0712697 2.1265515 1.9994979 2.9310408 
01_AE.CN.02.YN0236.JX112866            0.6095868 0.6785312 0.6484084 0.7077752 0.7954866 0.8034983 0.8401172 0.5483369 0.5652535 0.5896590 0.5873981 0.5324823 0.5360976 0.6097303 0.8975522 0.8659955 0.9343642 0.8975324 0.9100445 0.9416960 0.9102012 0.8928720 0.9230140 0.9738002 1.0620700 1.0518339 0.8395367 0.9107639 0.9092538 0.8604549 0.8893224 0.6094816 0.0000000 0.1627602 0.2107064 0.3832129 0.2134482 0.2118093 0.3010779 0.2241624 0.2517389 0.4549688 0.5284148 0.4264762 0.5188939 0.5064610 0.5708079 0.9269045 0.9302641 0.9657624 0.9937978 0.9672726 0.9771520 0.9790712 0.8951105 0.9425388 0.9246823 0.9272013 0.9427484 0.9162064 0.9146496 0.8846888 0.9268618 1.0234887 0.9682233 0.9559801 0.9803863 0.9616522 0.9600691 0.9731682 0.9248297 0.9439167 0.9142825 0.9031000 0.8914071 0.9636648 1.2368343 0.9789882 0.9160656 0.9829487 0.9818096 0.9034202 0.8934894 0.8940447 0.8690439 0.7956295 0.9326439 0.7566061 0.7292305 0.6775141 0.6510286 0.8656343 0.6494406 0.6636057 0.6402505 0.6985504 2.1260231 2.1980781 2.1031255 2.9007806 
01_AE.TH.99.99TH_C4460.AY945726        0.6018261 0.6711438 0.6600938 0.7220430 0.8163444 0.8023202 0.8409669 0.5577849 0.5768637 0.5853002 0.5995574 0.5346881 0.5418266 0.6083061 0.8941475 0.8601521 0.9292770 0.9034338 0.8897186 0.9210135 0.8894111 0.8816884 0.9492673 0.9878902 1.0455429 1.0230110 0.8494576 0.9106591 0.9000318 0.8596554 0.8802763 0.6104262 0.1627602 0.0000000 0.2128168 0.3796648 0.2120472 0.2142305 0.3063671 0.2169410 0.2446632 0.4616099 0.5329767 0.4337788 0.5214529 0.5163677 0.5633865 0.9194023 0.9320830 0.9567625 0.9746139 0.9718199 0.9894981 0.9821259 0.8964249 0.9356522 0.9235274 0.9318167 0.9343667 0.9337058 0.9161372 0.8801533 0.9139032 1.0450236 0.9803613 0.9553120 0.9864905 0.9614688 0.9545375 0.9695969 0.9175957 0.9312235 0.9064402 0.9161084 0.9038723 0.9455030 1.2064981 1.0058885 0.9265843 0.9756806 0.9689444 0.8904717 0.8798920 0.9101502 0.8725081 0.7921072 0.9349070 0.7670864 0.7331943 0.6777179 0.6636840 0.8738092 0.6350577 0.6664499 0.6349004 0.7081497 2.1000367 2.1787878 2.0876572 2.9525108 
01_AE.CN.07.GX070143.JX112835          0.6433767 0.7184288 0.6896695 0.7583133 0.8442939 0.8507645 0.8770192 0.6118259 0.6185938 0.6413393 0.6369341 0.5861031 0.5847497 0.6544834 0.9238450 0.9180447 0.9722804 0.9357938 0.9631533 0.9874477 0.9320170 0.9435498 0.9963642 1.0234704 1.0998597 1.0813498 0.8762203 0.9414884 0.9422815 0.8965832 0.9231150 0.6557475 0.2107064 0.2128168 0.0000000 0.4295020 0.2498853 0.2593016 0.3487055 0.2622723 0.2832275 0.4904149 0.5723193 0.4787286 0.5752871 0.5630820 0.6057839 0.9826161 0.9699493 1.0097441 1.0384046 1.0405983 1.0169346 1.0422562 0.9316420 0.9886960 0.9802012 0.9604101 1.0121992 0.9816252 0.9562307 0.9167107 0.9673423 1.0744994 1.0314847 0.9805153 1.0236999 1.0049157 1.0078617 1.0084373 0.9752588 0.9748031 0.9531127 0.9390047 0.9085575 0.9885681 1.2466351 1.0370106 0.9539871 1.0348965 1.0264338 0.9193994 0.9178521 0.9441346 0.8887716 0.8388463 0.9897414 0.7979755 0.7646026 0.7076983 0.7095199 0.8956238 0.6748993 0.6962465 0.6847391 0.7584349 2.1459814 2.2105890 2.1702451 2.9986018 
69_01B.JP.05.05JPMYC113SP420.LC027100  0.8071385 0.8863756 0.8375165 0.9164198 1.0051105 1.0121227 1.0349922 0.7542771 0.7861084 0.8009545 0.8073026 0.7430091 0.7487652 0.8015943 1.0870696 1.0746669 1.1721826 1.0966313 1.1437865 1.1427306 1.1088029 1.0948954 1.1258007 1.1721389 1.2490656 1.2523676 1.0420481 1.1086449 1.1066281 1.0617294 1.0780458 0.8223572 0.3832129 0.3796648 0.4295020 0.0000000 0.4176374 0.4350780 0.5218322 0.4319254 0.4654829 0.6581116 0.7299049 0.6495610 0.7122276 0.7027684 0.7738346 1.1320523 1.1199299 1.1618357 1.2154597 1.1965917 1.1940386 1.1807744 1.1023216 1.1469042 1.1236322 1.1218105 1.1212496 1.1383883 1.1059652 1.0753151 1.1380690 1.2213965 1.1506966 1.1470841 1.1479023 1.1328796 1.1409727 1.1775418 1.1261975 1.1497416 1.1289203 1.1041270 1.1136153 1.1798124 1.4253760 1.2015028 1.1282174 1.2008583 1.1677319 1.0954520 1.0848622 1.0867456 1.0639388 0.9686098 1.1426574 0.9439867 0.9516421 0.8978453 0.8693848 1.0644052 0.8667687 0.8619871 0.8674248 0.9284676 2.4156873 2.4177091 2.3390230 3.1179673 
01_AE.TH.07.AA030a04.JX447057          0.6354850 0.7076670 0.6700409 0.7548991 0.8125177 0.8231562 0.8685978 0.5623860 0.5969343 0.6163490 0.6005059 0.5716442 0.5555212 0.6440328 0.9129374 0.8925406 0.9551664 0.9381827 0.9543858 0.9725012 0.9241006 0.9207641 0.9725529 1.0084061 1.0724787 1.0877213 0.8892471 0.9483590 0.9230546 0.8967583 0.9204675 0.6417324 0.2134482 0.2120472 0.2498853 0.4176374 0.0000000 0.2338095 0.3338739 0.2469849 0.2804240 0.4764070 0.5630825 0.4533970 0.5573168 0.5389706 0.5918653 0.9491197 0.9467440 0.9869002 1.0286883 0.9844289 1.0000764 1.0124579 0.9271743 0.9709461 0.9415670 0.9347859 0.9685618 0.9591022 0.9253433 0.9028779 0.9253795 1.0543856 1.0044746 0.9811524 1.0085239 0.9867050 0.9965940 0.9906740 0.9476929 0.9506091 0.9534656 0.9450651 0.9138277 0.9854214 1.2306518 0.9934445 0.9389568 0.9795634 0.9989071 0.9050114 0.9194764 0.9202832 0.8726257 0.8365660 0.9551981 0.7912813 0.7451769 0.7183957 0.7001129 0.8961660 0.6659027 0.6883184 0.6774200 0.7377098 2.1219143 2.2076190 2.1261455 2.9106820 
01_AE.CN.07.07CNYN326.KF835513         0.6389183 0.7104596 0.6662645 0.7530985 0.8386076 0.8488705 0.8713795 0.5761199 0.5836511 0.6115583 0.6150166 0.5603420 0.5622102 0.6242554 0.9132778 0.8883969 0.9704576 0.9273309 0.9211936 0.9649259 0.9156241 0.9109907 0.9688555 1.0248718 1.0923623 1.0699053 0.8866746 0.9129674 0.9202605 0.8745158 0.8969784 0.6333185 0.2118093 0.2142305 0.2593016 0.4350780 0.2338095 0.0000000 0.3398640 0.2551080 0.2792013 0.4809081 0.5524686 0.4593209 0.5501429 0.5356489 0.5953352 0.9562877 0.9508104 0.9740935 0.9982842 0.9965807 1.0191715 1.0101341 0.9158074 0.9507646 0.9462383 0.9737248 0.9685571 0.9534644 0.9305244 0.9025118 0.9418501 1.0456783 0.9950441 0.9857789 1.0009044 0.9796841 0.9906169 0.9915368 0.9411851 0.9804867 0.9544384 0.9238823 0.9335331 0.9744900 1.2419923 0.9812249 0.9354731 1.0060377 0.9955421 0.9059832 0.9090894 0.9152636 0.8766498 0.8088931 0.9744994 0.7772594 0.7633875 0.7142852 0.6924034 0.8881365 0.6588885 0.6861300 0.6675807 0.7425294 2.0906564 2.1809375 2.1362086 2.9590575 
