93
RESTV_M.fas-tc_USA_89_Philippines89-Pennsylvania_NC_004161 0.0000000 0.0235551 0.0324914 1.8424929 1.8425431 2.0844183 2.0540540 1.9010413 1.9008913 1.9005892 1.9029848 1.9125318 1.9079757 1.9105003 1.9084522 1.9085867 1.9105152 1.9099096 1.9095196 1.9079765 1.9098688 1.9085891 1.9116732 1.9083102 1.9083102 1.9088290 1.9135503 1.9118359 1.9102488 1.9096659 1.9105232 1.9126664 1.9097086 1.9107460 1.9107460 1.9107746 1.9113383 1.9116842 1.9114017 1.9131586 1.9131586 1.9110550 1.9105232 1.9121787 1.9122656 1.9106578 1.9106578 1.9114065 1.9096663 1.9096663 1.9106578 1.9101286 1.9103230 1.9103230 1.9106034 1.9097885 1.9109037 1.9105518 1.9106283 1.9152466 1.9113584 1.9113260 1.9113549 1.9090604 1.9100084 1.9109582 1.9092991 1.9104862 1.9108627 1.9108627 1.9102518 1.9106943 1.9090374 1.9098785 1.9092473 1.9079824 1.9098956 1.9098500 1.9087382 1.9076448 1.9114588 1.9081076 1.9095950 1.9080143 1.9081488 1.9094713 1.9096766 1.9101086 1.9105175 1.9223671 1.9248161 1.9157287 1.9124482 
RESTV_S.dom-tc_PHL_08_Reston08-A_FJ621583                  0.0235551 0.0000000 0.0486269 1.8674445 1.8674958 2.1113491 2.0677473 1.9272122 1.9270498 1.9267444 1.9291842 1.9399475 1.9355751 1.9381679 1.9358325 1.9359692 1.9381670 1.9375490 1.9371495 1.9355877 1.9375157 1.9362143 1.9393507 1.9359186 1.9359186 1.9364426 1.9412665 1.9395238 1.9378993 1.9373017 1.9381758 1.9401664 1.9373416 1.9383995 1.9383995 1.9384292 1.9390073 1.9393567 1.9390652 1.9408630 1.9408630 1.9387112 1.9381758 1.9398531 1.9399453 1.9383125 1.9383125 1.9390765 1.9373110 1.9373110 1.9383125 1.9377775 1.9379762 1.9379762 1.9382583 1.9373633 1.9385607 1.9382055 1.9376556 1.9432798 1.9392983 1.9390662 1.9390993 1.9367633 1.9379266 1.9386266 1.9369299 1.9381243 1.9385161 1.9385161 1.9378930 1.9383583 1.9366686 1.9371485 1.9370517 1.9353982 1.9375346 1.9374874 1.9365406 1.9354265 1.9391287 1.9357211 1.9372285 1.9356263 1.9357628 1.9370951 1.9373114 1.9377467 1.9381597 1.9512319 1.9537248 1.9434087 1.9410058 
RESTV_S.dom-xx_PHL_08_Reston08-C_FJ621584                  0.0324914 0.0486269 0.0000000 1.8626421 1.8626933 2.1017649 2.0677567 1.8961303 1.8959826 1.8956812 1.8981304 1.9097182 1.9051158 1.9078076 1.9054062 1.9055405 1.9074669 1.9068626 1.9064735 1.9049321 1.9068209 1.9055433 1.9081706 1.9052663 1.9052663 1.9057846 1.9104956 1.9087839 1.9072006 1.9066192 1.9074749 1.9096783 1.9066622 1.9076976 1.9076976 1.9077261 1.9082883 1.9086339 1.9081066 1.9104625 1.9104625 1.9080064 1.9074749 1.9093912 1.9090312 1.9076093 1.9076093 1.9083564 1.9068019 1.9068019 1.9076093 1.9070805 1.9072745 1.9072745 1.9075548 1.9067418 1.9078550 1.9075033 1.9075799 1.9128078 1.9083080 1.9080938 1.9074400 1.9058319 1.9069601 1.9079082 1.9062529 1.9073451 1.9073628 1.9073628 1.9072046 1.9076447 1.9059910 1.9067688 1.9062024 1.9053905 1.9068485 1.9068032 1.9056934 1.9046021 1.9083144 1.9050630 1.9065485 1.9049699 1.9051042 1.9064259 1.9066300 1.9075131 1.9079216 1.9175112 1.9193284 1.9084685 1.9084453 
SUDV_H.sap-xx_UGA_12_EboSud-603_KC545390                   1.8424929 1.8674445 1.8626421 0.0000000 0.0001044 2.1781814 2.1947732 2.0164378 2.0180209 2.0182084 2.0182867 2.0427076 2.0398434 2.0410263 2.0397204 2.0397204 2.0413584 2.0406775 2.0387522 2.0368092 2.0365734 2.0381473 2.0371741 2.0397086 2.0397086 2.0387297 2.0420154 2.0418026 2.0392828 2.0387023 2.0395730 2.0394813 2.0381768 2.0394253 2.0394253 2.0397155 2.0396759 2.0396415 2.0417053 2.0396212 2.0396212 2.0385384 2.0395730 2.0410449 2.0409633 2.0397208 2.0397208 2.0411647 2.0373852 2.0373852 2.0398083 2.0398126 2.0390550 2.0390550 2.0392613 2.0383354 2.0393796 2.0392027 2.0385026 2.0441972 2.0380642 2.0356831 2.0368432 2.0387549 2.0373073 2.0378652 2.0396847 2.0397962 2.0386719 2.0386719 2.0408416 2.0382645 2.0391056 2.0421393 2.0430948 2.0423554 2.0443297 2.0447008 2.0413147 2.0428754 2.0420694 2.0412731 2.0402967 2.0397947 2.0400299 2.0397993 2.0402879 2.0384742 2.0375501 2.0422797 2.0453096 2.0332604 2.0275151 
SUDV_H.sap-xx_UGA_12_EboSud-609_KC545391                   1.8425431 1.8674958 1.8626933 0.0001044 0.0000000 2.1782470 2.1943355 2.0166752 2.0182584 2.0184458 2.0185242 2.0429475 2.0400831 2.0412659 2.0399601 2.0399601 2.0415982 2.0409172 2.0389917 2.0370486 2.0368129 2.0383869 2.0374136 2.0399482 2.0399482 2.0389694 2.0422553 2.0420423 2.0395224 2.0389418 2.0398126 2.0397207 2.0384164 2.0396649 2.0396649 2.0399550 2.0399156 2.0398812 2.0419451 2.0398609 2.0398609 2.0387781 2.0398126 2.0412845 2.0412031 2.0399604 2.0399604 2.0414043 2.0376246 2.0376246 2.0400479 2.0400522 2.0392946 2.0392946 2.0395009 2.0385750 2.0396192 2.0394423 2.0387421 2.0444372 2.0383038 2.0359224 2.0370826 2.0389945 2.0375467 2.0381047 2.0399244 2.0400357 2.0389115 2.0389115 2.0410813 2.0385040 2.0393452 2.0423792 2.0433347 2.0425952 2.0445697 2.0449407 2.0415544 2.0431152 2.0423093 2.0415128 2.0405364 2.0400342 2.0402694 2.0400388 2.0405276 2.0387137 2.0377895 2.0425202 2.0455503 2.0335001 2.0277544 
TAFV_H.sap-tc_CIV_94_Pauleoula-CI_NC_014372                2.0844183 2.1113491 2.1017649 2.1781814 2.1782470 0.0000000 0.7875840 1.3198717 1.3196467 1.3189233 1.3200305 1.3394858 1.3373661 1.3371634 1.3401476 1.3406486 1.3400329 1.3392037 1.3399416 1.3396634 1.3415593 1.3403160 1.3409128 1.3407465 1.3407465 1.3410611 1.3393727 1.3393405 1.3399207 1.3390962 1.3396496 1.3383590 1.3397426 1.3394418 1.3394418 1.3394507 1.3389747 1.3387477 1.3386419 1.3408125 1.3408125 1.3384024 1.3396496 1.3403645 1.3407727 1.3396018 1.3396018 1.3398549 1.3389685 1.3389685 1.3398574 1.3396811 1.3398541 1.3398541 1.3399830 1.3391307 1.3394441 1.3396585 1.3401729 1.3388787 1.3390401 1.3387813 1.3392844 1.3398412 1.3397044 1.3390677 1.3400659 1.3386408 1.3396940 1.3396940 1.3404586 1.3400226 1.3397171 1.3387560 1.3404271 1.3392155 1.3404373 1.3403206 1.3394444 1.3391945 1.3401291 1.3390152 1.3387689 1.3385282 1.3387359 1.3377940 1.3386142 1.3389004 1.3401958 1.3401385 1.3431136 1.3373319 1.3369517 
BDBV_H.sap-xx_COD_12_EboBund-122_KC545395                  2.0540540 2.0677473 2.0677567 2.1947732 2.1943355 0.7875840 0.0000000 1.3464260 1.3457942 1.3451408 1.3473954 1.3782182 1.3757528 1.3765997 1.3765755 1.3769690 1.3768802 1.3765710 1.3761510 1.3775172 1.3766483 1.3776615 1.3760751 1.3761274 1.3761274 1.3783111 1.3768610 1.3784908 1.3771565 1.3763169 1.3768829 1.3783503 1.3763939 1.3770790 1.3770790 1.3770890 1.3772436 1.3775172 1.3770975 1.3795681 1.3795681 1.3771588 1.3768829 1.3776138 1.3785608 1.3768356 1.3768356 1.3771002 1.3775264 1.3775264 1.3769816 1.3769152 1.3767942 1.3767942 1.3770015 1.3774592 1.3771786 1.3768929 1.3774710 1.3804958 1.3773090 1.3765831 1.3764534 1.3764634 1.3770850 1.3761415 1.3778668 1.3772558 1.3771863 1.3771863 1.3769876 1.3775654 1.3771095 1.3756018 1.3776252 1.3770943 1.3765640 1.3769467 1.3761519 1.3762041 1.3760724 1.3766162 1.3766480 1.3772517 1.3770558 1.3761714 1.3768573 1.3775516 1.3778785 1.3663231 1.3654674 1.3688255 1.3673386 
EBOV_H.sap-tc_COD_07_1Luebo_KC242786                       1.9010413 1.9272122 1.8961303 2.0164378 2.0166752 1.3198717 1.3464260 0.0000000 0.0002043 0.0004086 0.0006130 0.0333571 0.0323830 0.0322229 0.0329562 0.0329005 0.0328419 0.0323849 0.0326182 0.0332404 0.0332503 0.0330681 0.0330777 0.0330142 0.0330142 0.0330120 0.0329039 0.0331823 0.0325543 0.0325546 0.0324979 0.0329471 0.0326175 0.0325535 0.0325535 0.0326095 0.0327226 0.0326666 0.0330605 0.0331864 0.0331864 0.0327265 0.0324979 0.0327851 0.0332310 0.0325540 0.0325540 0.0326702 0.0328961 0.0328961 0.0325540 0.0326099 0.0326095 0.0326095 0.0326659 0.0326113 0.0326723 0.0325539 0.0327221 0.0335245 0.0330025 0.0333397 0.0331118 0.0331138 0.0328907 0.0326106 0.0327810 0.0327837 0.0326091 0.0326091 0.0327857 0.0326666 0.0327790 0.0327372 0.0326741 0.0326132 0.0328966 0.0330649 0.0323888 0.0326168 0.0328403 0.0327249 0.0321612 0.0320426 0.0320986 0.0320368 0.0319813 0.0320967 0.0322696 0.0235029 0.0246651 0.0231008 0.0198650 
EBOV_H.sap-tc_COD_07_M-M_HQ613403                          1.9008913 1.9270498 1.8959826 2.0180209 2.0182584 1.3196467 1.3457942 0.0002043 0.0000000 0.0002043 0.0004086 0.0331303 0.0321569 0.0319969 0.0327296 0.0326740 0.0326154 0.0321588 0.0323919 0.0330137 0.0330235 0.0328415 0.0328510 0.0327877 0.0327877 0.0327855 0.0326774 0.0329557 0.0323280 0.0323284 0.0322717 0.0327206 0.0323912 0.0323273 0.0323273 0.0323833 0.0324963 0.0324404 0.0328340 0.0329597 0.0329597 0.0325001 0.0322717 0.0325587 0.0330044 0.0323278 0.0323278 0.0324438 0.0326697 0.0326697 0.0323278 0.0323837 0.0323833 0.0323833 0.0324396 0.0323850 0.0324460 0.0323276 0.0324958 0.0332976 0.0327760 0.0331130 0.0328852 0.0328873 0.0326643 0.0323843 0.0325546 0.0325573 0.0323828 0.0323828 0.0325593 0.0324403 0.0325526 0.0325108 0.0324478 0.0323869 0.0326701 0.0328383 0.0321627 0.0323905 0.0326138 0.0324986 0.0319353 0.0318167 0.0318727 0.0318110 0.0317555 0.0318708 0.0320436 0.0232826 0.0244440 0.0228810 0.0196473 
EBOV_H.sap-tc_COD_07_5Luebo_KC242790                       1.9005892 1.9267444 1.8956812 2.0182084 2.0184458 1.3189233 1.3451408 0.0004086 0.0002043 0.0000000 0.0006130 0.0333558 0.0323818 0.0322216 0.0329549 0.0328992 0.0328406 0.0323836 0.0326169 0.0332392 0.0332490 0.0330668 0.0330764 0.0330130 0.0330130 0.0330108 0.0329026 0.0331810 0.0325530 0.0325534 0.0324966 0.0329458 0.0326162 0.0325523 0.0325523 0.0326082 0.0327214 0.0326654 0.0330592 0.0331851 0.0331851 0.0327252 0.0324966 0.0327838 0.0332297 0.0325527 0.0325527 0.0326689 0.0328949 0.0328949 0.0325527 0.0326087 0.0326082 0.0326082 0.0326646 0.0326100 0.0326710 0.0325526 0.0327208 0.0335232 0.0330012 0.0333384 0.0331105 0.0331125 0.0328894 0.0326093 0.0327797 0.0327824 0.0326078 0.0326078 0.0327844 0.0326654 0.0327777 0.0327359 0.0326729 0.0326119 0.0328953 0.0330636 0.0323875 0.0326155 0.0328390 0.0327237 0.0321600 0.0320414 0.0320974 0.0320355 0.0319800 0.0320955 0.0322684 0.0235020 0.0246641 0.0230999 0.0198642 
EBOV_H.sap-tc_COD_08_034-KS_HQ613402                       1.9029848 1.9291842 1.8981304 2.0182867 2.0185242 1.3200305 1.3473954 0.0006130 0.0004086 0.0006130 0.0000000 0.0335249 0.0325504 0.0323903 0.0331238 0.0330681 0.0330095 0.0325523 0.0327857 0.0334082 0.0334181 0.0332358 0.0332454 0.0331819 0.0331819 0.0331797 0.0330715 0.0333501 0.0327217 0.0327221 0.0326653 0.0331147 0.0327850 0.0327210 0.0327210 0.0327770 0.0328902 0.0328342 0.0332282 0.0333542 0.0333542 0.0328940 0.0326653 0.0329527 0.0333988 0.0327215 0.0327215 0.0328377 0.0330638 0.0330638 0.0327215 0.0327774 0.0327770 0.0327770 0.0328334 0.0327788 0.0328398 0.0327213 0.0328896 0.0336924 0.0331701 0.0335075 0.0332794 0.0332815 0.0330583 0.0327781 0.0329485 0.0329513 0.0327765 0.0327765 0.0329533 0.0328341 0.0329465 0.0329048 0.0328417 0.0327807 0.0330642 0.0332326 0.0325562 0.0327843 0.0330079 0.0328925 0.0323285 0.0322099 0.0322659 0.0322040 0.0321485 0.0322640 0.0324370 0.0237232 0.0248862 0.0233207 0.0200828 
EBOV_H.sap-wt_GIN_14_Makona-Gueckedou-EM_080076_KR817235   1.9125318 1.9399475 1.9097182 2.0427076 2.0429475 1.3394858 1.3782182 0.0333571 0.0331303 0.0333558 0.0335249 0.0000000 0.0016402 0.0018463 0.0025667 0.0025152 0.0023606 0.0019486 0.0021548 0.0027215 0.0027223 0.0025667 0.0026187 0.0025153 0.0025153 0.0025152 0.0024635 0.0027215 0.0021029 0.0021029 0.0020514 0.0025660 0.0022057 0.0021028 0.0021028 0.0021543 0.0023601 0.0023087 0.0026691 0.0027723 0.0027723 0.0023604 0.0020514 0.0023601 0.0027207 0.0021029 0.0021029 0.0022060 0.0024119 0.0024119 0.0021029 0.0021543 0.0021543 0.0021543 0.0022057 0.0021544 0.0022571 0.0021028 0.0023600 0.0030826 0.0026174 0.0029786 0.0028235 0.0027724 0.0025144 0.0022572 0.0024117 0.0025148 0.0022571 0.0022571 0.0025662 0.0022574 0.0023086 0.0023094 0.0022575 0.0022573 0.0025149 0.0026694 0.0021545 0.0023605 0.0024634 0.0022573 0.0017430 0.0017944 0.0018458 0.0018971 0.0018457 0.0020514 0.0022060 0.0378650 0.0389678 0.0373341 0.0340003 
EBOV_H.sap-wt_GIN_14_Makona-Gueckedou-EM_079702_KR817210   1.9079757 1.9355751 1.9051158 2.0398434 2.0400831 1.3373661 1.3757528 0.0323830 0.0321569 0.0323818 0.0325504 0.0016402 0.0000000 0.0008184 0.0015374 0.0014861 0.0013320 0.0009208 0.0011268 0.0016917 0.0016922 0.0015374 0.0015891 0.0014862 0.0014862 0.0014861 0.0014346 0.0016917 0.0010744 0.0010744 0.0010232 0.0015370 0.0011778 0.0010744 0.0010744 0.0011256 0.0013317 0.0012804 0.0016397 0.0017426 0.0017426 0.0013319 0.0010232 0.0013317 0.0016912 0.0010744 0.0010744 0.0011780 0.0013832 0.0013832 0.0010744 0.0011256 0.0011256 0.0011256 0.0011778 0.0011256 0.0012291 0.0010744 0.0013317 0.0020516 0.0015883 0.0019482 0.0017938 0.0017426 0.0014856 0.0012291 0.0013831 0.0014859 0.0012291 0.0012291 0.0015371 0.0012292 0.0012804 0.0012809 0.0012293 0.0012292 0.0014859 0.0016399 0.0011266 0.0013320 0.0014346 0.0012292 0.0007161 0.0007673 0.0008184 0.0008696 0.0008184 0.0010232 0.0011780 0.0369377 0.0380373 0.0363985 0.0330845 
EBOV_H.sap-wt_GIN_14_Makona-Gueckedou-EM_079587_KR817202   1.9105003 1.9381679 1.9078076 2.0410263 2.0412659 1.3371634 1.3765997 0.0322229 0.0319969 0.0322216 0.0323903 0.0018463 0.0008184 0.0000000 0.0014352 0.0013839 0.0012298 0.0008184 0.0010246 0.0015895 0.0015899 0.0014352 0.0014869 0.0013839 0.0013839 0.0013839 0.0013324 0.0015895 0.0009731 0.0009731 0.0009208 0.0014348 0.0010756 0.0009730 0.0009730 0.0010243 0.0012295 0.0011782 0.0015376 0.0016404 0.0016404 0.0012297 0.0009208 0.0012295 0.0015890 0.0009731 0.0009731 0.0010757 0.0012810 0.0012810 0.0009731 0.0010243 0.0010243 0.0010243 0.0010756 0.0010244 0.0011269 0.0009730 0.0012295 0.0019494 0.0014861 0.0018460 0.0016916 0.0016405 0.0013835 0.0011269 0.0012809 0.0013837 0.0011269 0.0011269 0.0014350 0.0011270 0.0011782 0.0011786 0.0011271 0.0011270 0.0013837 0.0015377 0.0010244 0.0012298 0.0013323 0.0011270 0.0006137 0.0006649 0.0007161 0.0007673 0.0007161 0.0009208 0.0010758 0.0368355 0.0379350 0.0362963 0.0329823 
EBOV_H.sap-wt_GIN_14_Makona-Gueckedou-EM_079750_KR817213   1.9084522 1.9358325 1.9054062 2.0397204 2.0399601 1.3401476 1.3765755 0.0329562 0.0327296 0.0329549 0.0331238 0.0025667 0.0015374 0.0014352 0.0000000 0.0001534 0.0019490 0.0015375 0.0017434 0.0023095 0.0023101 0.0021548 0.0022068 0.0021035 0.0021035 0.0021034 0.0020518 0.0023094 0.0016916 0.0016917 0.0016403 0.0021543 0.0017944 0.0016916 0.0016916 0.0017430 0.0019486 0.0018972 0.0022572 0.0023603 0.0023603 0.0019488 0.0016403 0.0019486 0.0023088 0.0016916 0.0016916 0.0017946 0.0020003 0.0020003 0.0016916 0.0017430 0.0017430 0.0017430 0.0017944 0.0017431 0.0018457 0.0016916 0.0019485 0.0026701 0.0022056 0.0025664 0.0024115 0.0023604 0.0021028 0.0018458 0.0020001 0.0021031 0.0018457 0.0018457 0.0021545 0.0018459 0.0018972 0.0018978 0.0018460 0.0018459 0.0021031 0.0022575 0.0017431 0.0019489 0.0020517 0.0018459 0.0013322 0.0013835 0.0014349 0.0014861 0.0014348 0.0016402 0.0017946 0.0375211 0.0385082 0.0369805 0.0336603 
EBOV_H.sap-wt_GIN_14_Makona-Gueckedou-EM_079910_KR817221   1.9085867 1.9359692 1.9055405 2.0397204 2.0399601 1.3406486 1.3769690 0.0329005 0.0326740 0.0328992 0.0330681 0.0025152 0.0014861 0.0013839 0.0001534 0.0000000 0.0018976 0.0014862 0.0016921 0.0022580 0.0022587 0.0021034 0.0021553 0.0020521 0.0020521 0.0020520 0.0020004 0.0022580 0.0016403 0.0016403 0.0015889 0.0021029 0.0017430 0.0016403 0.0016403 0.0016916 0.0018972 0.0018458 0.0022058 0.0023089 0.0023089 0.0018974 0.0015889 0.0018972 0.0022574 0.0016403 0.0016403 0.0017432 0.0019489 0.0019489 0.0016403 0.0016916 0.0016916 0.0016916 0.0017430 0.0016917 0.0017944 0.0016403 0.0018972 0.0026186 0.0021542 0.0025149 0.0023601 0.0023089 0.0020514 0.0017944 0.0019487 0.0020517 0.0017943 0.0017943 0.0021030 0.0017946 0.0018458 0.0018465 0.0017947 0.0017945 0.0020517 0.0022060 0.0016918 0.0018976 0.0020003 0.0017945 0.0012809 0.0013322 0.0013836 0.0014348 0.0013835 0.0015889 0.0017433 0.0374646 0.0384516 0.0369242 0.0336043 
EBOV_H.sap-wt_LBR_14_Makona-LIBR0430_KR006955              1.9105152 1.9381670 1.9074669 2.0413584 2.0415982 1.3400329 1.3768802 0.0328419 0.0326154 0.0328406 0.0330095 0.0023606 0.0013320 0.0012298 0.0019490 0.0018976 0.0000000 0.0005114 0.0007161 0.0012811 0.0012815 0.0011271 0.0011786 0.0010758 0.0010758 0.0010758 0.0010244 0.0012811 0.0006649 0.0006649 0.0006137 0.0011268 0.0007673 0.0006649 0.0006649 0.0007161 0.0009208 0.0008696 0.0012294 0.0013321 0.0013321 0.0009208 0.0006137 0.0009208 0.0012808 0.0006649 0.0006649 0.0007673 0.0009731 0.0009731 0.0006649 0.0007161 0.0007161 0.0007161 0.0007673 0.0007161 0.0008184 0.0006649 0.0009208 0.0016407 0.0011780 0.0015375 0.0013833 0.0013321 0.0010754 0.0008184 0.0009720 0.0010756 0.0008184 0.0008184 0.0011268 0.0008184 0.0008696 0.0008707 0.0008184 0.0008184 0.0010756 0.0012295 0.0007161 0.0009218 0.0010243 0.0008184 0.0006137 0.0011782 0.0012295 0.0012807 0.0012294 0.0014348 0.0015890 0.0374048 0.0385061 0.0368646 0.0335455 
EBOV_H.sap-wt_SLE_14_Makona-G3734.1_KM233055               1.9099096 1.9375490 1.9068626 2.0406775 2.0409172 1.3392037 1.3765710 0.0323849 0.0321588 0.0323836 0.0325523 0.0019486 0.0009208 0.0008184 0.0015375 0.0014862 0.0005114 0.0000000 0.0002045 0.0007673 0.0007673 0.0006137 0.0006649 0.0005626 0.0005626 0.0005626 0.0005114 0.0007673 0.0001534 0.0001534 0.0001023 0.0006137 0.0002557 0.0001534 0.0001534 0.0002045 0.0004091 0.0003580 0.0007161 0.0008184 0.0008184 0.0004091 0.0001023 0.0004091 0.0007673 0.0001534 0.0001534 0.0002557 0.0004603 0.0004603 0.0001534 0.0002045 0.0002045 0.0002045 0.0002557 0.0002045 0.0003068 0.0001534 0.0004091 0.0011270 0.0006649 0.0010232 0.0008696 0.0008184 0.0005626 0.0003068 0.0004603 0.0005626 0.0003068 0.0003068 0.0006137 0.0003068 0.0004603 0.0004603 0.0004091 0.0004091 0.0006649 0.0008184 0.0003068 0.0005114 0.0006137 0.0004091 0.0002045 0.0007673 0.0008184 0.0008696 0.0008184 0.0010232 0.0011780 0.0369399 0.0380394 0.0364006 0.0330864 
EBOV_H.sap-wt_LBR_15_Makona-Liberia-DQE4_KR074998          1.9095196 1.9371495 1.9064735 2.0387522 2.0389917 1.3399416 1.3761510 0.0326182 0.0323919 0.0326169 0.0327857 0.0021548 0.0011268 0.0010246 0.0017434 0.0016921 0.0007161 0.0002045 0.0000000 0.0007673 0.0007684 0.0006137 0.0006649 0.0005626 0.0005626 0.0005626 0.0005114 0.0007673 0.0001534 0.0001534 0.0001023 0.0006137 0.0002557 0.0001534 0.0001534 0.0002045 0.0004091 0.0003580 0.0007161 0.0008184 0.0008184 0.0004091 0.0001023 0.0004091 0.0007673 0.0001534 0.0001534 0.0002557 0.0004603 0.0004603 0.0001534 0.0002045 0.0002045 0.0002045 0.0002557 0.0002045 0.0003068 0.0001534 0.0004091 0.0011272 0.0006649 0.0010244 0.0008696 0.0008184 0.0005626 0.0003068 0.0004603 0.0005626 0.0003068 0.0003068 0.0006137 0.0003068 0.0006649 0.0006649 0.0006137 0.0006137 0.0008696 0.0010244 0.0005114 0.0007161 0.0008184 0.0006137 0.0004091 0.0009731 0.0010244 0.0010756 0.0010243 0.0012295 0.0013837 0.0371778 0.0382784 0.0366380 0.0333209 
EBOV_H.sap-wt_GIN_14_Makona-Kankan-EM_078639_KR817166      1.9079765 1.9355877 1.9049321 2.0368092 2.0370486 1.3396634 1.3775172 0.0332404 0.0330137 0.0332392 0.0334082 0.0027215 0.0016917 0.0015895 0.0023095 0.0022580 0.0012811 0.0007673 0.0007673 0.0000000 0.0004091 0.0003580 0.0006137 0.0005114 0.0005114 0.0008184 0.0010758 0.0013326 0.0007161 0.0007161 0.0006649 0.0011782 0.0008184 0.0007161 0.0007161 0.0007673 0.0009730 0.0009208 0.0012808 0.0013836 0.0013836 0.0009731 0.0006649 0.0009730 0.0013322 0.0007161 0.0007161 0.0008184 0.0010245 0.0010245 0.0007161 0.0007673 0.0007673 0.0007673 0.0008184 0.0007673 0.0008696 0.0007161 0.0009730 0.0016923 0.0012295 0.0015891 0.0014348 0.0013836 0.0011269 0.0008696 0.0010244 0.0011270 0.0008696 0.0008696 0.0011783 0.0008696 0.0012296 0.0012300 0.0011784 0.0011783 0.0014351 0.0015891 0.0010757 0.0012811 0.0013837 0.0011783 0.0009730 0.0015377 0.0015891 0.0016403 0.0015890 0.0017946 0.0019490 0.0377610 0.0388637 0.0372199 0.0338966 
EBOV_H.sap-wt_GIN_14_Makona-Faranah-EM_078415_KR817160     1.9098688 1.9375157 1.9068209 2.0365734 2.0368129 1.3415593 1.3766483 0.0332503 0.0330235 0.0332490 0.0334181 0.0027223 0.0016922 0.0015899 0.0023101 0.0022587 0.0012815 0.0007673 0.0007684 0.0004091 0.0000000 0.0003580 0.0006137 0.0005114 0.0005114 0.0008184 0.0010761 0.0013330 0.0007161 0.0007161 0.0006649 0.0011785 0.0008195 0.0007161 0.0007161 0.0007673 0.0009733 0.0009220 0.0012812 0.0013840 0.0013840 0.0009734 0.0006649 0.0009733 0.0013326 0.0007161 0.0007161 0.0008196 0.0010248 0.0010248 0.0007161 0.0007673 0.0007673 0.0007673 0.0008195 0.0007673 0.0008707 0.0007161 0.0009733 0.0016928 0.0012298 0.0015896 0.0014352 0.0013841 0.0011272 0.0008707 0.0010247 0.0011274 0.0008707 0.0008707 0.0011786 0.0008708 0.0012299 0.0012303 0.0011787 0.0011787 0.0014355 0.0015896 0.0010760 0.0012815 0.0013841 0.0011787 0.0009733 0.0015382 0.0015896 0.0016408 0.0015895 0.0017951 0.0019496 0.0377722 0.0388752 0.0372309 0.0339066 
EBOV_H.sap-wt_GIN_14_Makona-Macenta-EM_076191_KR817141     1.9085891 1.9362143 1.9055433 2.0381473 2.0383869 1.3403160 1.3776615 0.0330681 0.0328415 0.0330668 0.0332358 0.0025667 0.0015374 0.0014352 0.0021548 0.0021034 0.0011271 0.0006137 0.0006137 0.0003580 0.0003580 0.0000000 0.0004603 0.0003580 0.0003580 0.0006649 0.0009218 0.0011785 0.0005626 0.0005626 0.0005114 0.0010242 0.0006649 0.0005626 0.0005626 0.0006137 0.0008184 0.0007673 0.0011268 0.0012295 0.0012295 0.0008184 0.0005114 0.0008184 0.0011782 0.0005626 0.0005626 0.0006649 0.0008696 0.0008696 0.0005626 0.0006137 0.0006137 0.0006137 0.0006649 0.0006137 0.0007161 0.0005626 0.0008184 0.0015380 0.0010754 0.0014349 0.0012807 0.0012295 0.0009720 0.0007161 0.0008696 0.0009730 0.0007161 0.0007161 0.0010243 0.0007161 0.0010755 0.0010759 0.0010244 0.0010243 0.0012809 0.0014349 0.0009208 0.0011270 0.0012296 0.0010243 0.0008184 0.0013835 0.0014349 0.0014861 0.0014348 0.0016403 0.0017946 0.0375856 0.0386876 0.0370449 0.0337235 
EBOV_H.sap-wt_GIN_14_Makona-Beyla-EM_075931_KR817138       1.9116732 1.9393507 1.9081706 2.0371741 2.0374136 1.3409128 1.3760751 0.0330777 0.0328510 0.0330764 0.0332454 0.0026187 0.0015891 0.0014869 0.0022068 0.0021553 0.0011786 0.0006649 0.0006649 0.0006137 0.0006137 0.0004603 0.0000000 0.0004091 0.0004091 0.0007161 0.0009733 0.0012301 0.0006137 0.0006137 0.0005626 0.0010757 0.0007161 0.0006137 0.0006137 0.0006649 0.0008696 0.0008184 0.0011783 0.0012811 0.0012811 0.0008707 0.0005626 0.0008696 0.0012297 0.0006137 0.0006137 0.0007161 0.0009220 0.0009220 0.0006137 0.0006649 0.0006649 0.0006649 0.0007161 0.0006649 0.0007673 0.0006137 0.0008696 0.0015897 0.0011270 0.0014865 0.0013323 0.0012811 0.0010244 0.0007673 0.0009219 0.0010245 0.0007673 0.0007673 0.0010758 0.0007673 0.0011271 0.0011274 0.0010759 0.0010758 0.0013325 0.0014866 0.0009732 0.0011786 0.0012812 0.0010758 0.0008696 0.0014352 0.0014865 0.0015378 0.0014864 0.0016920 0.0018464 0.0376513 0.0387538 0.0370569 0.0337876 
EBOV_H.sap-wt_GIN_14_Makona-Kissidougou-EM_078694_KR817171 1.9083102 1.9359186 1.9052663 2.0397086 2.0399482 1.3407465 1.3761274 0.0330142 0.0327877 0.0330130 0.0331819 0.0025153 0.0014862 0.0013839 0.0021035 0.0020521 0.0010758 0.0005626 0.0005626 0.0005114 0.0005114 0.0003580 0.0004091 0.0000000 0.0000010 0.0006137 0.0008696 0.0011273 0.0005114 0.0005114 0.0004603 0.0009720 0.0006137 0.0005114 0.0005114 0.0005626 0.0007673 0.0007161 0.0010756 0.0011783 0.0011783 0.0007673 0.0004603 0.0007673 0.0011269 0.0005114 0.0005114 0.0006137 0.0008184 0.0008184 0.0005114 0.0005626 0.0005626 0.0005626 0.0006137 0.0005626 0.0006649 0.0005114 0.0007673 0.0014867 0.0010242 0.0013836 0.0012294 0.0011783 0.0009208 0.0006649 0.0008184 0.0009218 0.0006649 0.0006649 0.0009731 0.0006649 0.0010243 0.0010247 0.0009732 0.0009731 0.0012297 0.0013836 0.0008696 0.0010758 0.0011784 0.0009731 0.0007673 0.0013323 0.0013836 0.0014349 0.0013835 0.0015890 0.0017433 0.0375312 0.0386332 0.0369906 0.0336694 
EBOV_H.sap-wt_GIN_14_Makona-Kissidougou-EM_078722_KR817175 1.9083102 1.9359186 1.9052663 2.0397086 2.0399482 1.3407465 1.3761274 0.0330142 0.0327877 0.0330130 0.0331819 0.0025153 0.0014862 0.0013839 0.0021035 0.0020521 0.0010758 0.0005626 0.0005626 0.0005114 0.0005114 0.0003580 0.0004091 0.0000010 0.0000000 0.0006137 0.0008696 0.0011273 0.0005114 0.0005114 0.0004603 0.0009720 0.0006137 0.0005114 0.0005114 0.0005626 0.0007673 0.0007161 0.0010756 0.0011783 0.0011783 0.0007673 0.0004603 0.0007673 0.0011269 0.0005114 0.0005114 0.0006137 0.0008184 0.0008184 0.0005114 0.0005626 0.0005626 0.0005626 0.0006137 0.0005626 0.0006649 0.0005114 0.0007673 0.0014867 0.0010242 0.0013836 0.0012294 0.0011783 0.0009208 0.0006649 0.0008184 0.0009218 0.0006649 0.0006649 0.0009731 0.0006649 0.0010243 0.0010247 0.0009732 0.0009731 0.0012297 0.0013836 0.0008696 0.0010758 0.0011784 0.0009731 0.0007673 0.0013323 0.0013836 0.0014349 0.0013835 0.0015890 0.0017433 0.0375312 0.0386332 0.0369906 0.0336694 
EBOV_H.sap-wt_LBR_14_Makona-LIBR0505_KR006957              1.9088290 1.9364426 1.9057846 2.0387297 2.0389694 1.3410611 1.3783111 0.0330120 0.0327855 0.0330108 0.0331797 0.0025152 0.0014861 0.0013839 0.0021034 0.0020520 0.0010758 0.0005626 0.0005626 0.0008184 0.0008184 0.0006649 0.0007161 0.0006137 0.0006137 0.0000000 0.0008696 0.0011272 0.0005114 0.0005114 0.0004603 0.0008696 0.0006137 0.0005114 0.0005114 0.0005626 0.0007673 0.0007161 0.0010755 0.0011782 0.0011782 0.0007673 0.0004603 0.0007673 0.0011269 0.0005114 0.0005114 0.0006137 0.0008184 0.0008184 0.0005114 0.0005626 0.0005626 0.0005626 0.0006137 0.0005626 0.0006649 0.0005114 0.0007673 0.0014866 0.0010232 0.0013835 0.0012294 0.0011782 0.0009208 0.0006649 0.0008184 0.0009208 0.0006649 0.0006649 0.0009730 0.0006649 0.0010243 0.0010246 0.0009731 0.0009730 0.0012296 0.0013836 0.0008696 0.0010757 0.0011783 0.0009730 0.0007673 0.0013322 0.0013835 0.0014348 0.0013835 0.0015889 0.0017432 0.0374718 0.0385735 0.0369313 0.0336109 
EBOV_H.sap-wt_SLE_14_Makona-Kailahun-20140517_KR653263     1.9135503 1.9412665 1.9104956 2.0420154 2.0422553 1.3393727 1.3768610 0.0329039 0.0326774 0.0329026 0.0330715 0.0024635 0.0014346 0.0013324 0.0020518 0.0020004 0.0010244 0.0005114 0.0005114 0.0010758 0.0010761 0.0009218 0.0009733 0.0008696 0.0008696 0.0008696 0.0000000 0.0008696 0.0004603 0.0004603 0.0004091 0.0009208 0.0005626 0.0004603 0.0004603 0.0005114 0.0007161 0.0006649 0.0010232 0.0011268 0.0011268 0.0007161 0.0004091 0.0007161 0.0010755 0.0004603 0.0004603 0.0005626 0.0007673 0.0007673 0.0004603 0.0005114 0.0005114 0.0005114 0.0005626 0.0005114 0.0006137 0.0004603 0.0007161 0.0014351 0.0009720 0.0013321 0.0011780 0.0011268 0.0008696 0.0006137 0.0007673 0.0008696 0.0006137 0.0006137 0.0009208 0.0006137 0.0009720 0.0009732 0.0009208 0.0009208 0.0011782 0.0013321 0.0008184 0.0010243 0.0011269 0.0009208 0.0007161 0.0012808 0.0013321 0.0013833 0.0013320 0.0015374 0.0016917 0.0375182 0.0386197 0.0369777 0.0336576 
EBOV_H.sap-wt_SLE_14_Makona-G4973_1_KR105286               1.9118359 1.9395238 1.9087839 2.0418026 2.0420423 1.3393405 1.3784908 0.0331823 0.0329557 0.0331810 0.0333501 0.0027215 0.0016917 0.0015895 0.0023094 0.0022580 0.0012811 0.0007673 0.0007673 0.0013326 0.0013330 0.0011785 0.0012301 0.0011273 0.0011273 0.0011272 0.0008696 0.0000000 0.0007161 0.0007161 0.0006649 0.0011782 0.0008184 0.0007161 0.0007161 0.0007673 0.0009730 0.0009208 0.0012808 0.0013836 0.0013836 0.0009731 0.0006649 0.0009730 0.0013322 0.0007161 0.0007161 0.0008184 0.0010245 0.0010245 0.0007161 0.0007673 0.0007673 0.0007673 0.0008184 0.0007673 0.0008696 0.0007161 0.0009730 0.0016923 0.0012294 0.0015891 0.0014348 0.0013836 0.0011269 0.0008696 0.0010244 0.0011270 0.0008696 0.0008696 0.0011783 0.0008696 0.0012295 0.0012300 0.0011784 0.0011783 0.0014351 0.0015891 0.0010757 0.0012811 0.0013837 0.0011783 0.0009730 0.0015377 0.0015891 0.0016403 0.0015890 0.0017946 0.0019490 0.0377510 0.0388534 0.0372100 0.0338874 
EBOV_H.sap-wt_SLE_14_Makona-G3799_KM233080                 1.9102488 1.9378993 1.9072006 2.0392828 2.0395224 1.3399207 1.3771565 0.0325543 0.0323280 0.0325530 0.0327217 0.0021029 0.0010744 0.0009731 0.0016916 0.0016403 0.0006649 0.0001534 0.0001534 0.0007161 0.0007161 0.0005626 0.0006137 0.0005114 0.0005114 0.0005114 0.0004603 0.0007161 0.0000000 0.0001023 0.0000511 0.0005626 0.0002045 0.0001023 0.0001023 0.0001534 0.0003580 0.0003068 0.0006649 0.0007673 0.0007673 0.0003580 0.0000511 0.0003580 0.0007161 0.0001023 0.0001023 0.0002045 0.0004091 0.0004091 0.0001023 0.0001534 0.0001534 0.0001534 0.0002045 0.0001534 0.0002557 0.0001023 0.0003580 0.0010757 0.0006137 0.0009720 0.0008184 0.0007673 0.0005114 0.0002557 0.0004091 0.0005114 0.0002557 0.0002557 0.0005626 0.0002557 0.0006137 0.0006137 0.0005626 0.0005626 0.0008184 0.0009720 0.0004603 0.0006649 0.0007673 0.0005626 0.0003580 0.0009208 0.0009720 0.0010232 0.0009720 0.0011779 0.0013320 0.0371120 0.0382121 0.0365724 0.0332565 
EBOV_H.sap-wt_SLE_14_Makona-G3788_KM233075                 1.9096659 1.9373017 1.9066192 2.0387023 2.0389418 1.3390962 1.3763169 0.0325546 0.0323284 0.0325534 0.0327221 0.0021029 0.0010744 0.0009731 0.0016917 0.0016403 0.0006649 0.0001534 0.0001534 0.0007161 0.0007161 0.0005626 0.0006137 0.0005114 0.0005114 0.0005114 0.0004603 0.0007161 0.0001023 0.0000000 0.0000511 0.0005626 0.0002045 0.0001023 0.0001023 0.0001534 0.0003580 0.0003068 0.0006649 0.0007673 0.0007673 0.0003580 0.0000511 0.0003580 0.0007161 0.0001023 0.0001023 0.0002045 0.0004091 0.0004091 0.0001023 0.0001534 0.0001534 0.0001534 0.0002045 0.0001534 0.0002557 0.0001023 0.0003580 0.0010757 0.0006137 0.0009720 0.0008184 0.0007673 0.0005114 0.0002557 0.0004091 0.0005114 0.0002557 0.0002557 0.0005626 0.0002557 0.0006137 0.0006137 0.0005626 0.0005626 0.0008184 0.0009720 0.0004603 0.0006649 0.0007673 0.0005626 0.0003580 0.0009208 0.0009720 0.0010232 0.0009720 0.0011779 0.0013320 0.0371124 0.0382126 0.0365728 0.0332569 
EBOV_H.sap-wt_SLE_14_Makona-G3677.2_KM034557               1.9105232 1.9381758 1.9074749 2.0395730 2.0398126 1.3396496 1.3768829 0.0324979 0.0322717 0.0324966 0.0326653 0.0020514 0.0010232 0.0009208 0.0016403 0.0015889 0.0006137 0.0001023 0.0001023 0.0006649 0.0006649 0.0005114 0.0005626 0.0004603 0.0004603 0.0004603 0.0004091 0.0006649 0.0000511 0.0000511 0.0000000 0.0005114 0.0001534 0.0000511 0.0000511 0.0001023 0.0003068 0.0002557 0.0006137 0.0007161 0.0007161 0.0003068 0.0000010 0.0003068 0.0006649 0.0000511 0.0000511 0.0001534 0.0003580 0.0003580 0.0000511 0.0001023 0.0001023 0.0001023 0.0001534 0.0001023 0.0002045 0.0000511 0.0003068 0.0010244 0.0005626 0.0009208 0.0007673 0.0007161 0.0004603 0.0002045 0.0003580 0.0004603 0.0002045 0.0002045 0.0005114 0.0002045 0.0005626 0.0005626 0.0005114 0.0005114 0.0007673 0.0009208 0.0004091 0.0006137 0.0007161 0.0005114 0.0003068 0.0008696 0.0009208 0.0009720 0.0009208 0.0011266 0.0012807 0.0370547 0.0381547 0.0365152 0.0331999 
EBOV_H.sap-wt_SLE_14_Makona-Kenema-G5059_1_KR105296        1.9126664 1.9401664 1.9096783 2.0394813 2.0397207 1.3383590 1.3783503 0.0329471 0.0327206 0.0329458 0.0331147 0.0025660 0.0015370 0.0014348 0.0021543 0.0021029 0.0011268 0.0006137 0.0006137 0.0011782 0.0011785 0.0010242 0.0010757 0.0009720 0.0009720 0.0008696 0.0009208 0.0011782 0.0005626 0.0005626 0.0005114 0.0000000 0.0005626 0.0004603 0.0004603 0.0005114 0.0008184 0.0007673 0.0011256 0.0012292 0.0012292 0.0008184 0.0005114 0.0008184 0.0011779 0.0005626 0.0005626 0.0006649 0.0008696 0.0008696 0.0005626 0.0006137 0.0006137 0.0006137 0.0006649 0.0006137 0.0007161 0.0005626 0.0008184 0.0015376 0.0010744 0.0014345 0.0012803 0.0012292 0.0009720 0.0007161 0.0008696 0.0009720 0.0007161 0.0007161 0.0010232 0.0007161 0.0010744 0.0010756 0.0010232 0.0010232 0.0012806 0.0014345 0.0009208 0.0011267 0.0012293 0.0010232 0.0008184 0.0013832 0.0014345 0.0014857 0.0014344 0.0016398 0.0017942 0.0373973 0.0384983 0.0369704 0.0336510 
EBOV_H.sap-wt_SLE_14_Makona-Kenema-G4702_1_KR105265        1.9097086 1.9373416 1.9066622 2.0381768 2.0384164 1.3397426 1.3763939 0.0326175 0.0323912 0.0326162 0.0327850 0.0022057 0.0011778 0.0010756 0.0017944 0.0017430 0.0007673 0.0002557 0.0002557 0.0008184 0.0008195 0.0006649 0.0007161 0.0006137 0.0006137 0.0006137 0.0005626 0.0008184 0.0002045 0.0002045 0.0001534 0.0005626 0.0000000 0.0001023 0.0001023 0.0001534 0.0004603 0.0004091 0.0007673 0.0008696 0.0008696 0.0004603 0.0001534 0.0004603 0.0008184 0.0002045 0.0002045 0.0003068 0.0005114 0.0005114 0.0002045 0.0002557 0.0002557 0.0002557 0.0003068 0.0002557 0.0003580 0.0002045 0.0004603 0.0011783 0.0007161 0.0010744 0.0009208 0.0008696 0.0006137 0.0003580 0.0005114 0.0006137 0.0003580 0.0003580 0.0006649 0.0003580 0.0007161 0.0007161 0.0006649 0.0006649 0.0009208 0.0010754 0.0005626 0.0007673 0.0008696 0.0006649 0.0004603 0.0010232 0.0010744 0.0011256 0.0010744 0.0012805 0.0014347 0.0371770 0.0382776 0.0366372 0.0333201 
EBOV_H.sap-wt_SLE_14_Makona-Kenema-G4350_1_KR105242        1.9107460 1.9383995 1.9076976 2.0394253 2.0396649 1.3394418 1.3770790 0.0325535 0.0323273 0.0325523 0.0327210 0.0021028 0.0010744 0.0009730 0.0016916 0.0016403 0.0006649 0.0001534 0.0001534 0.0007161 0.0007161 0.0005626 0.0006137 0.0005114 0.0005114 0.0005114 0.0004603 0.0007161 0.0001023 0.0001023 0.0000511 0.0004603 0.0001023 0.0000000 0.0000010 0.0000511 0.0003580 0.0003068 0.0006649 0.0007673 0.0007673 0.0003580 0.0000511 0.0003580 0.0007161 0.0001023 0.0001023 0.0002045 0.0004091 0.0004091 0.0001023 0.0001534 0.0001534 0.0001534 0.0002045 0.0001534 0.0002557 0.0001023 0.0003580 0.0010756 0.0006137 0.0009720 0.0008184 0.0007673 0.0005114 0.0002557 0.0004091 0.0005114 0.0002557 0.0002557 0.0005626 0.0002557 0.0006137 0.0006137 0.0005626 0.0005626 0.0008184 0.0009720 0.0004603 0.0006649 0.0007673 0.0005626 0.0003580 0.0009208 0.0009720 0.0010232 0.0009720 0.0011779 0.0013320 0.0371111 0.0382113 0.0365716 0.0332558 
EBOV_H.sap-wt_SLE_14_Makona-Kenema-G4971_1_KR105284        1.9107460 1.9383995 1.9076976 2.0394253 2.0396649 1.3394418 1.3770790 0.0325535 0.0323273 0.0325523 0.0327210 0.0021028 0.0010744 0.0009730 0.0016916 0.0016403 0.0006649 0.0001534 0.0001534 0.0007161 0.0007161 0.0005626 0.0006137 0.0005114 0.0005114 0.0005114 0.0004603 0.0007161 0.0001023 0.0001023 0.0000511 0.0004603 0.0001023 0.0000010 0.0000000 0.0000511 0.0003580 0.0003068 0.0006649 0.0007673 0.0007673 0.0003580 0.0000511 0.0003580 0.0007161 0.0001023 0.0001023 0.0002045 0.0004091 0.0004091 0.0001023 0.0001534 0.0001534 0.0001534 0.0002045 0.0001534 0.0002557 0.0001023 0.0003580 0.0010756 0.0006137 0.0009720 0.0008184 0.0007673 0.0005114 0.0002557 0.0004091 0.0005114 0.0002557 0.0002557 0.0005626 0.0002557 0.0006137 0.0006137 0.0005626 0.0005626 0.0008184 0.0009720 0.0004603 0.0006649 0.0007673 0.0005626 0.0003580 0.0009208 0.0009720 0.0010232 0.0009720 0.0011779 0.0013320 0.0371111 0.0382113 0.0365716 0.0332558 
EBOV_H.sap-wt_SLE_14_Makona-Kenema-G4856_1_KR105273        1.9107746 1.9384292 1.9077261 2.0397155 2.0399550 1.3394507 1.3770890 0.0326095 0.0323833 0.0326082 0.0327770 0.0021543 0.0011256 0.0010243 0.0017430 0.0016916 0.0007161 0.0002045 0.0002045 0.0007673 0.0007673 0.0006137 0.0006649 0.0005626 0.0005626 0.0005626 0.0005114 0.0007673 0.0001534 0.0001534 0.0001023 0.0005114 0.0001534 0.0000511 0.0000511 0.0000000 0.0004091 0.0003580 0.0007161 0.0008184 0.0008184 0.0004091 0.0001023 0.0004091 0.0007673 0.0001534 0.0001534 0.0002557 0.0004603 0.0004603 0.0001534 0.0002045 0.0002045 0.0002045 0.0002557 0.0002045 0.0003068 0.0001534 0.0004091 0.0011269 0.0006649 0.0010232 0.0008696 0.0008184 0.0005626 0.0003068 0.0004603 0.0005626 0.0003068 0.0003068 0.0006137 0.0003068 0.0006649 0.0006649 0.0006137 0.0006137 0.0008696 0.0010232 0.0005114 0.0007161 0.0008184 0.0006137 0.0004091 0.0009720 0.0010232 0.0010744 0.0010232 0.0012292 0.0013833 0.0371679 0.0382682 0.0366282 0.0333120 
EBOV_H.sap-wt_SLE_14_Makona-Bonthe-G5723_1_KR105319        1.9113383 1.9390073 1.9082883 2.0396759 2.0399156 1.3389747 1.3772436 0.0327226 0.0324963 0.0327214 0.0328902 0.0023601 0.0013317 0.0012295 0.0019486 0.0018972 0.0009208 0.0004091 0.0004091 0.0009730 0.0009733 0.0008184 0.0008696 0.0007673 0.0007673 0.0007673 0.0007161 0.0009730 0.0003580 0.0003580 0.0003068 0.0008184 0.0004603 0.0003580 0.0003580 0.0004091 0.0000000 0.0000511 0.0004091 0.0005626 0.0005626 0.0001023 0.0003068 0.0006137 0.0009720 0.0003580 0.0003580 0.0004603 0.0006649 0.0006649 0.0003580 0.0004091 0.0004091 0.0004091 0.0004603 0.0004091 0.0005114 0.0003580 0.0006137 0.0013322 0.0008696 0.0012292 0.0010744 0.0010232 0.0007673 0.0005114 0.0006649 0.0007673 0.0005114 0.0005114 0.0008184 0.0005114 0.0008696 0.0008696 0.0008184 0.0008184 0.0010754 0.0012293 0.0007161 0.0009208 0.0010232 0.0008184 0.0006137 0.0011780 0.0012292 0.0012805 0.0012292 0.0014345 0.0015887 0.0372829 0.0383836 0.0367430 0.0334256 
EBOV_H.sap-wt_SLE_14_Makona-J0042_KP759711                 1.9116842 1.9393567 1.9086339 2.0396415 2.0398812 1.3387477 1.3775172 0.0326666 0.0324404 0.0326654 0.0328342 0.0023087 0.0012804 0.0011782 0.0018972 0.0018458 0.0008696 0.0003580 0.0003580 0.0009208 0.0009220 0.0007673 0.0008184 0.0007161 0.0007161 0.0007161 0.0006649 0.0009208 0.0003068 0.0003068 0.0002557 0.0007673 0.0004091 0.0003068 0.0003068 0.0003580 0.0000511 0.0000000 0.0003580 0.0005114 0.0005114 0.0000511 0.0002557 0.0005626 0.0009208 0.0003068 0.0003068 0.0004091 0.0006137 0.0006137 0.0003068 0.0003580 0.0003580 0.0003580 0.0004091 0.0003580 0.0004603 0.0003068 0.0005626 0.0012809 0.0008184 0.0011780 0.0010232 0.0009720 0.0007161 0.0004603 0.0006137 0.0007161 0.0004603 0.0004603 0.0007673 0.0004603 0.0008184 0.0008184 0.0007673 0.0007673 0.0010232 0.0011780 0.0006649 0.0008696 0.0009720 0.0007673 0.0005626 0.0011267 0.0011780 0.0012292 0.0011779 0.0013831 0.0015373 0.0372261 0.0383266 0.0366863 0.0333694 
EBOV_H.sap-wt_SLE_14_Makona-J0150_KP759696                 1.9114017 1.9390652 1.9081066 2.0417053 2.0419451 1.3386419 1.3770975 0.0330605 0.0328340 0.0330592 0.0332282 0.0026691 0.0016397 0.0015376 0.0022572 0.0022058 0.0012294 0.0007161 0.0007161 0.0012808 0.0012812 0.0011268 0.0011783 0.0010756 0.0010756 0.0010755 0.0010232 0.0012808 0.0006649 0.0006649 0.0006137 0.0011256 0.0007673 0.0006649 0.0006649 0.0007161 0.0004091 0.0003580 0.0000000 0.0008696 0.0008696 0.0004091 0.0006137 0.0009208 0.0012805 0.0006649 0.0006649 0.0007673 0.0009720 0.0009720 0.0006649 0.0007161 0.0007161 0.0007161 0.0007673 0.0007161 0.0008184 0.0006649 0.0009208 0.0016403 0.0011768 0.0015372 0.0013830 0.0013319 0.0010744 0.0008184 0.0009720 0.0010744 0.0008184 0.0008184 0.0011266 0.0008184 0.0011778 0.0011782 0.0011267 0.0011266 0.0013832 0.0015372 0.0010232 0.0012293 0.0013319 0.0011266 0.0009208 0.0014859 0.0015372 0.0015884 0.0015371 0.0017426 0.0018970 0.0376260 0.0387278 0.0370854 0.0337649 
EBOV_H.sap-wt_SLE_14_Makona-J0171_KP759707                 1.9131586 1.9408630 1.9104625 2.0396212 2.0398609 1.3408125 1.3795681 0.0331864 0.0329597 0.0331851 0.0333542 0.0027723 0.0017426 0.0016404 0.0023603 0.0023089 0.0013321 0.0008184 0.0008184 0.0013836 0.0013840 0.0012295 0.0012811 0.0011783 0.0011783 0.0011782 0.0011268 0.0013836 0.0007673 0.0007673 0.0007161 0.0012292 0.0008696 0.0007673 0.0007673 0.0008184 0.0005626 0.0005114 0.0008696 0.0000000 0.0000010 0.0005626 0.0007161 0.0010232 0.0013832 0.0007673 0.0007673 0.0008696 0.0010755 0.0010755 0.0007673 0.0008184 0.0008184 0.0008184 0.0008696 0.0008184 0.0009208 0.0007673 0.0010232 0.0017433 0.0012804 0.0016401 0.0014857 0.0014346 0.0011779 0.0009208 0.0010744 0.0011780 0.0009208 0.0009208 0.0012293 0.0009208 0.0012806 0.0012810 0.0012294 0.0012293 0.0014860 0.0016401 0.0011267 0.0013321 0.0014347 0.0012293 0.0010232 0.0015887 0.0016401 0.0016913 0.0016400 0.0018455 0.0020000 0.0376419 0.0387441 0.0371011 0.0337792 
