100
F1.BR.10.DEMF110BR015.KU749395         0.0000000 1.0915691 1.2294266 1.1599156 1.1229242 1.1230684 1.0749231 1.0815795 1.0844726 1.1110666 1.0482652 1.0775654 1.0519453 1.0563945 1.1113915 1.0715821 1.0807091 1.0822286 0.7135167 0.9306588 0.9842394 0.9500719 0.8457181 0.9120536 0.8282817 1.1127854 1.0252323 0.8292214 0.7181294 0.8123203 0.7637396 0.8000815 0.8166820 0.7733408 0.8222429 0.7709161 0.7987305 0.8091811 0.7994583 1.0753507 0.9791145 0.8932152 0.9015615 0.9166650 0.9178933 0.9082277 0.8835648 0.8803317 0.7470044 0.7972665 0.7922863 0.7972960 0.8275935 0.7383239 0.7660082 0.7596969 0.7579402 1.1509861 0.9213661 0.9166425 0.9138792 0.8839466 0.8804727 0.8766791 0.9100539 0.8841217 0.8953623 0.8504579 0.9234279 0.8581619 0.8586832 0.7978280 0.8768388 0.8687366 0.8327987 0.8906120 0.8863348 0.8600410 0.8894435 0.7905831 0.8634946 0.8447958 0.8500479 0.8630209 0.8624062 0.8601615 0.8462018 0.8071239 0.8491836 0.8080361 0.7813106 0.8025845 0.8183695 0.7327657 0.8017862 0.7514952 2.5971431 2.0694833 2.0259103 2.0859966 
A1C.IN.15.SC017.KY713232               1.0915691 0.0000000 0.7427429 0.7440553 0.6695545 0.7184052 0.6342284 0.6277179 0.6515022 0.6669184 0.6246006 0.6496795 0.5972376 0.6052630 0.6600097 0.6676211 0.6736836 0.6595004 0.9696874 1.0105971 1.0350827 1.0015792 0.9233269 0.9774894 0.9466015 1.0363428 0.9606247 0.6170255 0.7645496 0.7534205 0.7237173 0.7180928 0.7386159 0.7075056 0.7346125 0.6826569 0.7421738 0.7478281 0.7606139 1.0109589 0.9469128 0.8681841 0.8504338 0.8617612 0.8753495 0.8444805 0.8391973 0.8400393 0.8315959 0.8808461 0.8485613 0.8821488 0.8933107 0.7927271 0.8359349 0.8188558 0.8153619 1.4568582 1.2143961 1.2091268 1.1663720 1.2052911 1.1625304 1.1864431 1.1768067 1.1593882 1.1460488 1.1642565 1.2074171 1.1545587 1.1482882 1.0581274 1.1590089 1.1815011 1.1329125 1.1704136 1.1537093 1.1171618 1.1972067 1.0969708 1.1532637 1.1225526 1.1296068 1.1278858 1.1484344 1.1457160 1.1631303 1.1094710 1.1336093 1.1045395 1.0992677 1.0848029 1.1038636 0.9713537 1.0499197 1.0149517 2.6567410 2.1967297 2.1603928 2.2360297 
BC.CN.07.07CNYN340.KF835526            1.2294266 0.7427429 0.0000000 0.4082946 0.5970545 0.5370984 0.5395681 0.5238319 0.5311360 0.5624213 0.5170381 0.4891402 0.4649099 0.4551990 0.5273038 0.4950087 0.5255279 0.5110241 1.0924917 1.1307682 1.1483204 1.1388589 1.0153432 1.1148270 1.0433333 1.1721072 1.1073338 0.7411085 0.8868241 0.8925610 0.8287830 0.8271844 0.8687978 0.8436651 0.8587763 0.8292804 0.8444853 0.8512127 0.8616140 1.1441101 1.0946858 0.9686910 0.9484388 0.9624731 0.9834788 0.9740556 0.9323146 0.9533813 0.9277936 1.0059892 0.9758085 0.9830587 1.0186508 0.9277973 0.9511069 0.9381084 0.9182098 1.5684128 1.3040696 1.2889969 1.2725418 1.2665972 1.2653344 1.2617092 1.2558621 1.2691632 1.2379046 1.2593099 1.3191118 1.2420004 1.2414486 1.1652877 1.2392187 1.2573362 1.2147965 1.3118276 1.2949146 1.2210209 1.2938751 1.2060871 1.3021863 1.2083202 1.2326186 1.2441850 1.2631371 1.2486805 1.2414282 1.2075537 1.2704930 1.2354214 1.1832924 1.1992069 1.1857954 1.0977020 1.1879250 1.1186493 2.8968740 2.2998355 2.2902827 2.3450056 
85_BC.CN.14.14CN_SCYB4.KU992932        1.1599156 0.7440553 0.4082946 0.0000000 0.5699465 0.5112795 0.5172546 0.4987107 0.5005447 0.5337302 0.4950938 0.4758319 0.4486991 0.4377660 0.5018552 0.4788444 0.5067901 0.4924850 1.0752210 1.1055867 1.1544571 1.1172297 1.0119332 1.0970675 1.0350632 1.1835990 1.0921481 0.7439647 0.8718731 0.8442470 0.8324275 0.8094115 0.8606501 0.8098461 0.8420450 0.7996433 0.8205709 0.8347247 0.8703743 1.1271915 1.0718053 0.9816275 0.9591538 0.9577104 0.9780067 0.9661447 0.9357432 0.9414771 0.9444077 0.9877819 0.9446282 0.9762871 0.9895903 0.9165065 0.9480032 0.9289038 0.8885374 1.4913522 1.3276440 1.3045590 1.2983063 1.2498919 1.2757619 1.2643026 1.2908664 1.2403226 1.2515459 1.2576881 1.2996787 1.2327136 1.2295175 1.1607882 1.2491648 1.2288386 1.2172011 1.2739956 1.3078719 1.2210004 1.3016267 1.1957821 1.2772302 1.2075553 1.2157326 1.2175572 1.2162545 1.2331792 1.2309241 1.1898982 1.2220974 1.2040109 1.1673568 1.1846702 1.1606009 1.1034716 1.1657757 1.1398881 2.8626209 2.2918853 2.3131890 2.3472776 
C.SE.09.035ZA.MF373148                 1.1229242 0.6695545 0.5970545 0.5699465 0.0000000 0.5387243 0.4240061 0.4456467 0.4633759 0.4897195 0.4432341 0.4634592 0.4307199 0.4331355 0.4884781 0.4754632 0.4882147 0.4674277 1.0063471 1.0444456 1.0526283 1.0654831 0.9598436 1.0316969 0.9685468 1.0648098 0.9902017 0.6613107 0.8143511 0.7953605 0.7827853 0.7481028 0.7883090 0.7450659 0.7940069 0.7598123 0.8076500 0.7893093 0.8002940 1.0694540 0.9833771 0.8900204 0.8640192 0.9127528 0.9122260 0.8997257 0.8643324 0.8854957 0.8519479 0.9372687 0.8862915 0.9188251 0.9349926 0.8315163 0.8734659 0.8608167 0.8324917 1.4684701 1.2658229 1.2234063 1.2333797 1.2018518 1.2190055 1.1992614 1.1877623 1.1717828 1.1674058 1.1621787 1.2223498 1.1768750 1.1781492 1.1008107 1.1897044 1.1959218 1.1474927 1.2304901 1.1826944 1.1640447 1.2203712 1.1239225 1.1711178 1.1439729 1.1655446 1.1822144 1.1703712 1.1678066 1.1836765 1.1336462 1.1769804 1.1480314 1.1340107 1.1317499 1.1681715 1.0357191 1.1164906 1.0749775 2.8678652 2.1829891 2.1703764 2.2250874 
C.GB.14.13659_1_48.3.MF109437          1.1230684 0.7184052 0.5370984 0.5112795 0.5387243 0.0000000 0.4968064 0.4746526 0.4755184 0.5064172 0.4539422 0.4389874 0.4078906 0.4030183 0.4717983 0.4389378 0.4653563 0.4585712 1.0056688 1.0576081 1.0929939 1.0718196 0.9861734 1.0440567 0.9564859 1.0966589 1.0417918 0.6953903 0.8356727 0.8149364 0.7904169 0.7643745 0.7931948 0.7591737 0.7899080 0.7562087 0.7713234 0.7886927 0.8213398 1.0635571 0.9897500 0.9175600 0.9011901 0.9240265 0.9318769 0.8971656 0.8700867 0.8825662 0.8632222 0.9042914 0.8948700 0.9097371 0.9326702 0.8433011 0.8671866 0.8708028 0.8506327 1.5061499 1.2864578 1.2594658 1.2286007 1.2417282 1.2077743 1.2061076 1.2264267 1.2169036 1.2128583 1.2105479 1.2478752 1.2212177 1.2012891 1.1163643 1.2392344 1.2030447 1.1822409 1.2497198 1.2321807 1.1660892 1.2346667 1.1388834 1.1829944 1.1770647 1.1558605 1.1750835 1.1895834 1.1997825 1.1842592 1.1695242 1.1625201 1.1721806 1.1343671 1.1544205 1.1495570 1.0576531 1.1524472 1.0858685 2.7798157 2.2911121 2.2416957 2.2731388 
C.IL.99.99ET14.AY255825                1.0749231 0.6342284 0.5395681 0.5172546 0.4240061 0.4968064 0.0000000 0.3997574 0.4103397 0.4314970 0.3833354 0.4101318 0.3632482 0.3663404 0.4252388 0.4152524 0.4336810 0.4116981 0.9427911 0.9786956 1.0312071 1.0104584 0.8863872 0.9773939 0.9118772 1.0098824 0.9227177 0.6013748 0.7674413 0.7236659 0.7152011 0.7007059 0.7419499 0.6813169 0.7273623 0.6938969 0.7159588 0.7294252 0.7456109 0.9927337 0.9343598 0.8432685 0.8243614 0.8432185 0.8412288 0.8099400 0.8026860 0.8406364 0.7922748 0.8766757 0.8625726 0.8600979 0.8814677 0.7942092 0.8252278 0.8038712 0.7795934 1.4454822 1.1917281 1.1569252 1.1585118 1.1739845 1.1562693 1.1914384 1.1386184 1.1245035 1.1207796 1.1440615 1.1804327 1.1524811 1.1192581 1.0528465 1.1711051 1.1603754 1.1179287 1.1809521 1.1567286 1.1288329 1.1629302 1.0791491 1.1755255 1.1172957 1.0963193 1.1546049 1.0953765 1.1127476 1.1076788 1.1036141 1.1193442 1.0904868 1.0652034 1.0686187 1.0758760 0.9733161 1.0704267 1.0049374 2.8668873 2.1233722 2.1594266 2.2629701 
C.ZA.03.03ZAPS067MB2.DQ396389          1.0815795 0.6277179 0.5238319 0.4987107 0.4456467 0.4746526 0.3997574 0.0000000 0.3522268 0.3641465 0.3130966 0.3952970 0.3497572 0.3588158 0.4149220 0.3829500 0.4140087 0.4057902 0.9510261 0.9859562 1.0148279 0.9925668 0.8967532 0.9804100 0.9361510 1.0284186 0.9534391 0.6109636 0.7722015 0.7365650 0.7152020 0.6883406 0.7440343 0.6937014 0.7168062 0.6837189 0.7290618 0.7060329 0.7486158 0.9942440 0.9386039 0.8586425 0.8459088 0.8558272 0.8659664 0.8576739 0.8363659 0.8363829 0.8016246 0.8758608 0.8451212 0.8696693 0.8822333 0.7966508 0.8299022 0.7974165 0.7849389 1.4259706 1.1969740 1.1997458 1.2010360 1.1472356 1.1530673 1.1935022 1.1499018 1.1419599 1.1322923 1.1481208 1.1943227 1.1476830 1.1555079 1.0778579 1.1663978 1.1570603 1.1345080 1.1973571 1.1763809 1.1235452 1.1869924 1.1022752 1.1606076 1.1106849 1.1225107 1.1306070 1.1199786 1.1344427 1.1578936 1.1041898 1.1234624 1.1079498 1.0805497 1.0851677 1.0885609 1.0031174 1.0888078 1.0319506 2.8337890 2.1836188 2.1866898 2.2650249 
C.ZA.04.04ZASK170B1.DQ093595           1.0844726 0.6515022 0.5311360 0.5005447 0.4633759 0.4755184 0.4103397 0.3522268 0.0000000 0.3472632 0.2943714 0.4078922 0.3644131 0.3747235 0.4289605 0.4050211 0.4300923 0.4078835 0.9799556 1.0288673 1.0384650 1.0081868 0.9265895 0.9832749 0.9369055 1.0476143 0.9837995 0.6280304 0.7821710 0.7595962 0.7410175 0.7134412 0.7507220 0.7127581 0.7427080 0.6936970 0.7457169 0.7382959 0.7760339 1.0445271 0.9664473 0.8573748 0.8530983 0.8869095 0.8899036 0.8759608 0.8527651 0.8737748 0.8317023 0.9096389 0.8616579 0.8818924 0.9072686 0.7998519 0.8503976 0.8199769 0.8252008 1.4319828 1.2136620 1.2020728 1.1627803 1.1754938 1.1675061 1.1501445 1.1586565 1.1529210 1.1431417 1.1277896 1.1791335 1.1373504 1.1406149 1.0654286 1.1689136 1.1574679 1.1301330 1.1741349 1.1678334 1.1405988 1.1915930 1.0975774 1.1527712 1.1384174 1.0838042 1.1232754 1.0984237 1.1342804 1.1268810 1.1044952 1.1373169 1.1109022 1.1021885 1.0894863 1.0980147 0.9868433 1.0694306 1.0272760 2.8097771 2.1377324 2.1554152 2.2010610 
C.TZ.02.CO6721.AY734560                1.1110666 0.6669184 0.5624213 0.5337302 0.4897195 0.5064172 0.4314970 0.3641465 0.3472632 0.0000000 0.2524168 0.4278812 0.3838807 0.3992174 0.4510360 0.4237271 0.4546567 0.4392548 0.9943165 1.0360886 1.0786706 1.0479845 0.9297352 0.9941617 0.9344024 1.0783526 1.0059361 0.6584577 0.7985471 0.7915070 0.7508879 0.7179246 0.7753425 0.7380894 0.7727559 0.7267694 0.7547489 0.7667780 0.7790746 1.0213865 0.9687623 0.8695396 0.8562445 0.8726732 0.8790767 0.8835381 0.8525137 0.8660800 0.8354626 0.9090893 0.8806611 0.9043409 0.9181767 0.8059847 0.8532894 0.8373416 0.8224211 1.4246111 1.2671007 1.2249658 1.1942824 1.1898501 1.2010942 1.2130277 1.1702248 1.1572153 1.1648387 1.1825837 1.2115626 1.1609106 1.1514556 1.0899597 1.1890305 1.1735747 1.1463823 1.2130989 1.1947081 1.1487699 1.2276912 1.1042958 1.1833225 1.1550250 1.1270735 1.1748204 1.1358025 1.1551189 1.1668958 1.1081903 1.1632876 1.1470125 1.1035920 1.1230686 1.1140525 1.0232666 1.0860572 1.0661063 2.9578026 2.2281626 2.2413978 2.2756528 
C.TZ.01.BD39_8.AY253313                1.0482652 0.6246006 0.5170381 0.4950938 0.4432341 0.4539422 0.3833354 0.3130966 0.2943714 0.2524168 0.0000000 0.3819983 0.3361028 0.3461745 0.4005527 0.3775319 0.4079807 0.3840794 0.9273214 0.9803241 1.0129221 0.9799552 0.8964746 0.9673724 0.8830780 1.0166134 0.9516171 0.5948963 0.7574121 0.7325661 0.6914037 0.6734036 0.7181355 0.6754248 0.7265639 0.6659563 0.6944159 0.7225181 0.7288274 0.9934413 0.9484258 0.8242154 0.8211841 0.8224159 0.8378104 0.8166213 0.8133666 0.8290831 0.7861767 0.8650907 0.8260197 0.8453090 0.8861957 0.7734537 0.7958607 0.7915316 0.7708116 1.4111714 1.1992825 1.1938408 1.1627772 1.1371881 1.1655635 1.1294720 1.1340604 1.1435841 1.1230956 1.1308244 1.1577130 1.1349054 1.1173456 1.0073109 1.1585088 1.1265247 1.1359478 1.1747033 1.1598942 1.1150115 1.1633180 1.0585526 1.1488821 1.1112949 1.0711749 1.1061363 1.0956747 1.1187199 1.1262464 1.0639145 1.1051515 1.0916811 1.0489228 1.0616958 1.0759775 0.9624255 1.0417652 1.0010621 2.7652809 2.1475059 2.1431985 2.2524112 
C.BW.98.98BWMC14A3.AF443078            1.0775654 0.6496795 0.4891402 0.4758319 0.4634592 0.4389874 0.4101318 0.3952970 0.4078922 0.4278812 0.3819983 0.0000000 0.3315020 0.3256541 0.3832671 0.3580389 0.3876894 0.3598440 0.9735339 0.9841946 1.0495366 1.0298312 0.9276454 0.9881464 0.9290623 1.0404080 0.9703077 0.6264089 0.7749836 0.7396683 0.7310955 0.7170484 0.7387760 0.7000027 0.7329119 0.6831932 0.7311508 0.7374970 0.7543945 1.0173254 0.9374915 0.8620560 0.8561958 0.8579559 0.8596519 0.8394570 0.8352945 0.8319411 0.8439351 0.8952546 0.8508775 0.8983574 0.8985248 0.8176820 0.8460930 0.8218373 0.8095656 1.4302946 1.1977823 1.1731496 1.1656742 1.1449670 1.1520383 1.1591249 1.1349691 1.1231159 1.1114027 1.1280703 1.1765600 1.1388765 1.1303542 1.0493904 1.1779132 1.1374498 1.1016481 1.1692661 1.1586332 1.1185276 1.1648715 1.0863232 1.1623501 1.1098535 1.1001748 1.1423890 1.1034224 1.1468507 1.1267541 1.0985772 1.1226191 1.0869080 1.0840158 1.0666054 1.0960589 0.9858556 1.1117176 1.0466235 2.8241930 2.1921333 2.1978312 2.2449874 
C.BW.00.00BW076820.AF443089            1.0519453 0.5972376 0.4649099 0.4486991 0.4307199 0.4078906 0.3632482 0.3497572 0.3644131 0.3838807 0.3361028 0.3315020 0.0000000 0.3028835 0.3608861 0.3285484 0.3627224 0.3419572 0.9288599 0.9561989 1.0168259 0.9780357 0.8753397 0.9637660 0.8869950 1.0114838 0.9214535 0.5764412 0.7309771 0.7083103 0.6721691 0.6804131 0.7067316 0.6644285 0.7031359 0.6571035 0.6995773 0.6920003 0.7135212 0.9828696 0.9023193 0.8041152 0.7960289 0.8192744 0.8224933 0.8180739 0.7938427 0.7887789 0.7833293 0.8472203 0.8165601 0.8449906 0.8584636 0.7639514 0.7970206 0.8020237 0.7644810 1.4117281 1.1822566 1.1524832 1.1504867 1.1166973 1.1353898 1.1372545 1.1202674 1.1076969 1.0876290 1.1080683 1.1727435 1.0812905 1.0977124 1.0251480 1.1374940 1.1105245 1.0896737 1.1660797 1.1246151 1.1007185 1.1795231 1.0496185 1.1204001 1.0943904 1.0736938 1.0895782 1.0712812 1.0980949 1.1106187 1.0561737 1.0686067 1.0798308 1.0349327 1.0475817 1.0710016 0.9667932 1.0718661 1.0144868 2.8524221 2.1821487 2.1512871 2.2182812 
C.ZA.99.99ZALT4.EU293444               1.0563945 0.6052630 0.4551990 0.4377660 0.4331355 0.4030183 0.3663404 0.3588158 0.3747235 0.3992174 0.3461745 0.3256541 0.3028835 0.0000000 0.3010732 0.3234307 0.3516187 0.3290443 0.9296852 0.9853729 1.0089215 0.9591935 0.8958413 0.9416287 0.8875093 0.9897466 0.9271544 0.5970938 0.7329696 0.6980921 0.6743901 0.6692125 0.7014913 0.6672365 0.7000047 0.6621230 0.6793640 0.6942197 0.7105884 0.9854828 0.8896987 0.8146960 0.7780064 0.8099257 0.8107025 0.7886822 0.7726204 0.7851399 0.7836069 0.8487344 0.8089627 0.8093979 0.8628919 0.7690490 0.7955747 0.7929265 0.7761842 1.4040637 1.1386935 1.1331622 1.1284833 1.0994660 1.1162951 1.1195719 1.0932079 1.1078951 1.0867307 1.0963503 1.1323149 1.1017968 1.1019592 1.0111487 1.1039737 1.0805693 1.0790095 1.1262290 1.1150702 1.0927712 1.1232439 1.0378157 1.0993496 1.0551108 1.0471191 1.0753282 1.0603240 1.0733816 1.0711104 1.0497673 1.0756555 1.0651398 1.0334219 1.0174945 1.0330967 0.9597548 1.0581233 0.9987231 2.8162136 2.1321573 2.2007482 2.2493873 
C.ZA.02.02ZAPS015MB1.DQ369995          1.1113915 0.6600097 0.5273038 0.5018552 0.4884781 0.4717983 0.4252388 0.4149220 0.4289605 0.4510360 0.4005527 0.3832671 0.3608861 0.3010732 0.0000000 0.3834714 0.4034689 0.3985139 0.9660033 1.0006537 1.0451714 1.0137605 0.9063411 0.9886053 0.9491208 1.0491030 0.9896549 0.6318119 0.7773076 0.7566145 0.7327952 0.7219924 0.7591766 0.7149656 0.7466309 0.6992338 0.7498223 0.7492683 0.7600960 1.0299200 0.9533357 0.8578381 0.8392317 0.8594014 0.8803716 0.8550752 0.8362871 0.8475714 0.8160702 0.8931717 0.8708201 0.8677668 0.9005262 0.8066068 0.8596370 0.8413364 0.8133984 1.4485697 1.1836551 1.1646562 1.1823201 1.1480992 1.1301347 1.1681398 1.1313618 1.1265357 1.1165623 1.1508990 1.1683563 1.1469710 1.1485502 1.0628690 1.1605982 1.1464415 1.1288829 1.1782892 1.1583631 1.1307739 1.1790663 1.0487843 1.1476699 1.0917563 1.0855721 1.1084886 1.1098768 1.1160565 1.1117425 1.0903046 1.1159760 1.0916733 1.0855605 1.0715930 1.0804402 0.9939795 1.0654111 1.0131235 2.8686138 2.1527448 2.1782930 2.2031283 
C.ZA.04.04ZASK135B1.DQ011166           1.0715821 0.6676211 0.4950087 0.4788444 0.4754632 0.4389378 0.4152524 0.3829500 0.4050211 0.4237271 0.3775319 0.3580389 0.3285484 0.3234307 0.3834714 0.0000000 0.3456625 0.3210627 0.9664731 0.9988190 1.0698843 1.0303487 0.9112552 0.9877528 0.9283228 1.0506741 0.9875585 0.6144195 0.7863210 0.7588218 0.7130895 0.7270741 0.7339967 0.7118750 0.7415620 0.7052151 0.7442244 0.7439330 0.7705701 1.0452633 0.9675519 0.8631734 0.8438186 0.8668438 0.8661962 0.8719138 0.8476335 0.8586433 0.8556134 0.8902394 0.8589137 0.8839086 0.9042319 0.8135490 0.8350967 0.8347429 0.8245551 1.4653972 1.2126527 1.1945781 1.1713172 1.1753239 1.1718446 1.1569843 1.1765589 1.1602646 1.1546026 1.1310971 1.1905989 1.1561054 1.1409695 1.0645794 1.1626855 1.1435616 1.1414943 1.1873395 1.1968901 1.1042701 1.1753948 1.0718055 1.1757795 1.1345602 1.1116299 1.1412038 1.1482630 1.1426681 1.1376340 1.0972525 1.1290734 1.0945351 1.0658302 1.0795629 1.0811228 1.0144506 1.0894005 1.0549767 2.8618441 2.2564457 2.2587940 2.2988336 
C.ZA.97.97ZA012.AF286227               1.0807091 0.6736836 0.5255279 0.5067901 0.4882147 0.4653563 0.4336810 0.4140087 0.4300923 0.4546567 0.4079807 0.3876894 0.3627224 0.3516187 0.4034689 0.3456625 0.0000000 0.2941652 1.0033305 1.0119553 1.0452297 1.0412066 0.9402587 1.0073845 0.9669233 1.0834018 0.9843495 0.6313698 0.7967825 0.7606062 0.7510929 0.7498642 0.7692479 0.7231981 0.7717200 0.7194950 0.7571750 0.7533558 0.7907792 1.0819120 0.9851840 0.8875970 0.8782809 0.8978414 0.9048922 0.8886378 0.8750611 0.8827465 0.8431495 0.9128944 0.8845002 0.9051529 0.9297506 0.8398792 0.8607707 0.8606145 0.8400607 1.4551201 1.2082636 1.2241789 1.1893153 1.1859066 1.1772189 1.2081607 1.1717494 1.1619507 1.1570811 1.1720820 1.2220027 1.1638874 1.1667542 1.0950587 1.1947730 1.1813517 1.1528569 1.2238819 1.2176406 1.1417721 1.2197952 1.0979457 1.1951822 1.1454278 1.1159828 1.1672920 1.1536002 1.1678326 1.1805972 1.1298712 1.1576292 1.1653122 1.1136386 1.1105712 1.1004674 1.0230903 1.1319763 1.0715052 2.7901504 2.2550594 2.2362411 2.2613672 
C.ZA.03.03ZAPS130MB1.DQ275658          1.0822286 0.6595004 0.5110241 0.4924850 0.4674277 0.4585712 0.4116981 0.4057902 0.4078835 0.4392548 0.3840794 0.3598440 0.3419572 0.3290443 0.3985139 0.3210627 0.2941652 0.0000000 0.9614325 1.0243733 1.0285184 0.9918966 0.9139871 0.9795807 0.9181079 1.0573370 0.9957059 0.6260166 0.7715567 0.7661356 0.7411656 0.7381074 0.7405478 0.7078309 0.7627544 0.7038085 0.7468348 0.7408082 0.7788104 1.0585016 0.9799395 0.8788790 0.8427640 0.8925772 0.8881925 0.8665437 0.8560490 0.8643531 0.8540076 0.9088171 0.8542712 0.8777170 0.9260198 0.8120999 0.8361244 0.8419967 0.8082892 1.4072147 1.2158972 1.1751255 1.1686740 1.1433975 1.1496877 1.1668920 1.1311945 1.1218830 1.1195687 1.1493566 1.2025341 1.1574164 1.1460430 1.0593717 1.1827892 1.1550038 1.1158575 1.1836121 1.1739316 1.1070558 1.1823057 1.0841133 1.1531958 1.1114363 1.0971684 1.1414548 1.1371965 1.1387498 1.1468598 1.0935222 1.1397433 1.1150351 1.0579583 1.0707608 1.0862609 1.0001321 1.0896247 1.0486856 2.8116125 2.1396440 2.1346621 2.2030722 
H.CF.02.LA25LeMi.KU168279              0.7135167 0.9696874 1.0924917 1.0752210 1.0063471 1.0056688 0.9427911 0.9510261 0.9799556 0.9943165 0.9273214 0.9735339 0.9288599 0.9296852 0.9660033 0.9664731 1.0033305 0.9614325 0.0000000 0.8093387 0.8405163 0.8188497 0.6971185 0.7825998 0.7063654 0.9572985 0.8760649 0.7110784 0.6014464 0.6528294 0.6309872 0.6966807 0.6991576 0.6625009 0.6852164 0.6496274 0.6850854 0.6837958 0.6863750 0.9319156 0.8353642 0.7780602 0.7537742 0.7709710 0.7885650 0.7471901 0.7346717 0.7468530 0.6123237 0.6515154 0.6340862 0.6668086 0.6777656 0.6051321 0.6182142 0.6007846 0.5796233 1.0964354 0.8464966 0.8316136 0.8048542 0.7943778 0.7977387 0.7912338 0.8202159 0.7897904 0.7914795 0.7779445 0.8187763 0.7795350 0.7471354 0.6975732 0.8137284 0.7777624 0.7557357 0.8140357 0.7992218 0.7639491 0.7952801 0.7018452 0.7802348 0.7471339 0.7634068 0.7616861 0.7669733 0.7915062 0.7645650 0.7388234 0.7439843 0.7360301 0.7065693 0.7240549 0.7235720 0.6117016 0.7009722 0.6546664 2.5088323 1.9117694 1.9286441 2.0200523 
06_cpx.SN.97.97SE1078.AJ288981         0.9306588 1.0105971 1.1307682 1.1055867 1.0444456 1.0576081 0.9786956 0.9859562 1.0288673 1.0360886 0.9803241 0.9841946 0.9561989 0.9853729 1.0006537 0.9988190 1.0119553 1.0243733 0.8093387 0.0000000 0.8695256 0.8226940 0.7147537 0.7998048 0.6910350 1.0171452 0.9614129 0.7515421 0.6683898 0.7241592 0.7061065 0.7387984 0.7384142 0.7088568 0.7644182 0.7211101 0.7399922 0.7498895 0.7225873 0.9889121 0.9141449 0.8351015 0.8216466 0.8433161 0.8429587 0.8240789 0.8103949 0.8042873 0.6339885 0.6275352 0.5909369 0.5815952 0.5829488 0.5277352 0.5343674 0.5301451 0.5292449 1.3168028 1.0351034 1.0164021 1.0185803 1.0150141 1.0145858 0.9998422 1.0211295 0.9977442 0.9831987 0.9789430 1.0272892 0.9950274 0.9815783 0.9149992 1.0077654 0.9998845 0.9761767 0.9993516 0.9932579 0.9556943 0.9976997 0.9061243 0.9765366 0.9606796 0.9693982 0.9710194 0.9595969 0.9594813 0.9692006 0.9436337 0.9388023 0.9123639 0.9041382 0.9122541 0.9298688 0.8210025 0.9141995 0.8743981 2.5195977 1.8863136 1.8728213 1.9233184 
BCG.ES.15.100_119.KY496623             0.9842394 1.0350827 1.1483204 1.1544571 1.0526283 1.0929939 1.0312071 1.0148279 1.0384650 1.0786706 1.0129221 1.0495366 1.0168259 1.0089215 1.0451714 1.0698843 1.0452297 1.0285184 0.8405163 0.8695256 0.0000000 0.4108919 0.4027595 0.4809228 0.7541442 1.0710082 0.9656337 0.7835524 0.6685589 0.7497819 0.7156166 0.7799862 0.7861412 0.7288706 0.7718026 0.7442472 0.7752056 0.7944815 0.7535829 1.0262252 0.9564529 0.8641191 0.8556462 0.8755078 0.8777023 0.8513361 0.8296722 0.8358415 0.6143265 0.7116274 0.6902842 0.7075994 0.7183501 0.6305880 0.6794762 0.6608503 0.6528916 1.2919796 1.0788451 1.0704478 1.0000533 0.9939061 0.9956142 0.9992887 1.0099828 1.0047515 0.9870916 0.9878379 1.0358612 1.0020663 0.9815640 0.9279123 1.0023982 0.9914769 0.9944600 1.0466802 1.0357109 0.9866758 1.0205181 0.9405630 1.0094921 0.9699645 0.9746142 0.9960328 0.9685816 1.0028006 0.9865136 0.9483092 0.9668670 0.9422777 0.9399134 0.9320618 0.9444686 0.8788557 0.9519200 0.8931719 2.5902388 1.9951497 1.9699295 2.0024035 
01F2G.CM.02.LT31.JN864056              0.9500719 1.0015792 1.1388589 1.1172297 1.0654831 1.0718196 1.0104584 0.9925668 1.0081868 1.0479845 0.9799552 1.0298312 0.9780357 0.9591935 1.0137605 1.0303487 1.0412066 0.9918966 0.8188497 0.8226940 0.4108919 0.0000000 0.3860814 0.4592059 0.7233608 1.0353588 0.9639849 0.7677549 0.6578435 0.7161540 0.6974960 0.7542027 0.7617623 0.7115332 0.7514697 0.7096080 0.7417012 0.7608317 0.7458557 1.0191414 0.9245468 0.8477113 0.8387987 0.8335057 0.8575154 0.8338660 0.7903250 0.8142263 0.5913539 0.6759774 0.6425921 0.6585274 0.7126430 0.6033122 0.6383001 0.6288948 0.6199033 1.2692710 1.0584968 1.0163828 0.9825956 0.9813016 1.0186396 0.9736330 0.9929392 0.9875647 0.9766681 0.9645865 1.0191210 1.0078933 0.9413596 0.8928243 0.9914980 0.9795628 0.9459244 0.9916297 1.0018639 0.9475438 0.9922904 0.9191771 0.9853536 0.9356766 0.9340647 0.9425008 0.9604317 0.9534120 0.9606215 0.9120900 0.9403757 0.9165130 0.9048519 0.9179588 0.9120192 0.8393005 0.9251923 0.8720577 2.5147261 1.9002948 1.9287884 1.9465089 
G.NG.92.92NG083_JV10832.U88826         0.8457181 0.9233269 1.0153432 1.0119332 0.9598436 0.9861734 0.8863872 0.8967532 0.9265895 0.9297352 0.8964746 0.9276454 0.8753397 0.8958413 0.9063411 0.9112552 0.9402587 0.9139871 0.6971185 0.7147537 0.4027595 0.3860814 0.0000000 0.3537383 0.6410763 0.9471547 0.8540085 0.6734820 0.5550741 0.6180353 0.5900145 0.6404746 0.6551672 0.6113072 0.6433134 0.6192982 0.6434901 0.6734937 0.6385905 0.9079228 0.8277121 0.7466518 0.7266793 0.7381351 0.7600916 0.7561337 0.7011369 0.7135125 0.5083714 0.5891751 0.5674559 0.5651811 0.6093749 0.5159784 0.5480412 0.5281071 0.5250569 1.1648104 0.9512969 0.9427094 0.8983003 0.8612989 0.8935233 0.8757310 0.9023610 0.8800420 0.8650656 0.8640957 0.9187915 0.8867966 0.8530455 0.7928403 0.9155309 0.8718488 0.8437345 0.8947649 0.9083763 0.8524386 0.8830069 0.8144443 0.8973173 0.8499386 0.8405385 0.8696868 0.8746486 0.8609053 0.8646373 0.8339172 0.8401689 0.8124033 0.8135189 0.8171762 0.8285462 0.7363982 0.8176393 0.7726883 2.4574901 1.8480714 1.8174647 1.8717618 
G.NG.09.09NG010261.KX389626            0.9120536 0.9774894 1.1148270 1.0970675 1.0316969 1.0440567 0.9773939 0.9804100 0.9832749 0.9941617 0.9673724 0.9881464 0.9637660 0.9416287 0.9886053 0.9877528 1.0073845 0.9795807 0.7825998 0.7998048 0.4809228 0.4592059 0.3537383 0.0000000 0.7148906 1.0149104 0.9069061 0.7505035 0.6263636 0.7061920 0.6376279 0.7146456 0.7252461 0.6951489 0.7167958 0.6917262 0.7195718 0.7304472 0.7134941 0.9434146 0.8914681 0.7878223 0.7785005 0.7991372 0.8251797 0.8015373 0.7690567 0.7767573 0.5692468 0.6481559 0.6362828 0.6367765 0.6854287 0.5884102 0.6097577 0.5986201 0.5977500 1.2370583 1.0158787 0.9960050 0.9530626 0.9432359 0.9726131 0.9267327 1.0053815 0.9766361 0.9803039 0.9315270 0.9880388 0.9564731 0.9387275 0.8718693 0.9747068 0.9598158 0.9100895 0.9888838 0.9592293 0.9325749 0.9780443 0.8925419 0.9661267 0.9171173 0.9328344 0.9476558 0.9734892 0.9339325 0.9495265 0.9028075 0.9511711 0.8992074 0.8774712 0.8972782 0.9106728 0.8092801 0.9023154 0.8317411 2.5272126 1.9277487 1.9156007 1.9437238 
93_cpx.CD.08.DRC653.MF372651           0.8282817 0.9466015 1.0433333 1.0350632 0.9685468 0.9564859 0.9118772 0.9361510 0.9369055 0.9344024 0.8830780 0.9290623 0.8869950 0.8875093 0.9491208 0.9283228 0.9669233 0.9181079 0.7063654 0.6910350 0.7541442 0.7233608 0.6410763 0.7148906 0.0000000 0.9391890 0.8755271 0.6702779 0.5709342 0.6148589 0.6003652 0.6471885 0.6552777 0.6062014 0.6457100 0.6198846 0.6404771 0.6515705 0.6526732 0.9147188 0.8120374 0.7381681 0.7271955 0.7280669 0.7555865 0.7412953 0.6948976 0.6989507 0.5532909 0.5756278 0.5152878 0.5439587 0.5654021 0.4931739 0.5170620 0.4979724 0.4949248 1.1879464 0.9758680 0.9489367 0.9244675 0.8979338 0.8927070 0.8950028 0.9019081 0.8935128 0.8794270 0.8900075 0.9322409 0.8972957 0.8777440 0.7857535 0.9336806 0.8958180 0.8784911 0.9306504 0.9233039 0.8781200 0.9317393 0.8179994 0.8968430 0.8603874 0.8590843 0.8843273 0.8873651 0.8786293 0.8824935 0.8405551 0.8804805 0.8574363 0.8346113 0.8383582 0.8429975 0.7242073 0.8425677 0.7614085 2.5346109 1.8989412 1.8636612 1.8992102 
01BC.CN.14.BJ.2014.MSM.SP01.KP668994   1.1127854 1.0363428 1.1721072 1.1835990 1.0648098 1.0966589 1.0098824 1.0284186 1.0476143 1.0783526 1.0166134 1.0404080 1.0114838 0.9897466 1.0491030 1.0506741 1.0834018 1.0573370 0.9572985 1.0171452 1.0710082 1.0353588 0.9471547 1.0149104 0.9391890 0.0000000 0.4343812 0.8080868 0.7847664 0.7409663 0.7355369 0.7671178 0.7945200 0.7579994 0.7646457 0.7397574 0.7749457 0.7878725 0.6410288 0.7330828 0.6445662 0.5733971 0.5609596 0.5728696 0.5793232 0.5723060 0.5466945 0.5473415 0.8511746 0.8945902 0.8827483 0.8761762 0.9087023 0.8342344 0.8509528 0.8349863 0.8523416 1.4660846 1.2281060 1.2011474 1.1609891 1.2056679 1.1759269 1.1383276 1.1748576 1.1633538 1.1276255 1.1829741 1.2071159 1.1542464 1.1016703 1.0629230 1.1581118 1.1565649 1.1532622 1.1723413 1.1639987 1.1210642 1.2086206 1.0821585 1.1498641 1.1190016 1.1360050 1.1651650 1.1633612 1.1434538 1.1588313 1.1251832 1.1610372 1.0832659 1.0834237 1.0968904 1.0819203 0.9934586 1.0692093 1.0528864 2.7003798 2.1522823 2.1805400 2.2571891 
0107.CN.15.HB041501.KY019257           1.0252323 0.9606247 1.1073338 1.0921481 0.9902017 1.0417918 0.9227177 0.9534391 0.9837995 1.0059361 0.9516171 0.9703077 0.9214535 0.9271544 0.9896549 0.9875585 0.9843495 0.9957059 0.8760649 0.9614129 0.9656337 0.9639849 0.8540085 0.9069061 0.8755271 0.4343812 0.0000000 0.7303170 0.6946646 0.6562244 0.6508043 0.6984423 0.7365062 0.7019692 0.7155423 0.6643623 0.7125173 0.7191216 0.5706363 0.6571403 0.5627862 0.4948126 0.4924811 0.4893643 0.5101961 0.4919074 0.4666972 0.4599092 0.7502182 0.8089448 0.7946558 0.8008416 0.8234134 0.7450215 0.7838885 0.7640871 0.7680722 1.3642365 1.1399834 1.1415388 1.0868426 1.0772496 1.1084774 1.0785912 1.0995891 1.0852501 1.0649529 1.0916081 1.0990284 1.0713950 1.0474124 0.9740199 1.1028662 1.0703301 1.0400955 1.0965421 1.0839486 1.0622659 1.1176631 1.0105364 1.0430256 1.0250315 1.0287921 1.0686287 1.0700424 1.0604723 1.0594426 1.0416985 1.0613028 1.0178995 1.0006737 1.0158365 1.0059645 0.9123220 1.0358177 0.9649302 2.4983477 2.0591852 1.9966575 2.0733522 
A1C.UG.99.99UGF25926.AF484491          0.8292214 0.6170255 0.7411085 0.7439647 0.6613107 0.6953903 0.6013748 0.6109636 0.6280304 0.6584577 0.5948963 0.6264089 0.5764412 0.5970938 0.6318119 0.6144195 0.6313698 0.6260166 0.7110784 0.7515421 0.7835524 0.7677549 0.6734820 0.7505035 0.6702779 0.8080868 0.7303170 0.0000000 0.5133236 0.4973778 0.4620135 0.4552028 0.4819770 0.4495826 0.4848521 0.4391960 0.4802477 0.4794070 0.5070200 0.7825931 0.6889786 0.6130677 0.6034577 0.6231308 0.6343605 0.6096361 0.5829196 0.5783527 0.5821089 0.6408885 0.5923062 0.6108538 0.6434284 0.5661668 0.5845699 0.5670083 0.5604724 1.2189937 0.9598441 0.9232615 0.9364685 0.9065669 0.8971970 0.8933348 0.9041456 0.8957544 0.8722675 0.9027491 0.9325926 0.8983307 0.8674433 0.8060615 0.9249805 0.8918798 0.8829181 0.9259775 0.9276393 0.8663370 0.9223182 0.8275862 0.8827164 0.8616391 0.8725138 0.8935443 0.8692465 0.8746988 0.8905261 0.8583541 0.8752461 0.8384644 0.8295082 0.8450956 0.8461425 0.7266429 0.8172844 0.7742966 2.5067679 1.9088593 1.9128073 1.9714088 
45_cpx.CD.97.97CD_MBFE185.FN392874     0.7181294 0.7645496 0.8868241 0.8718731 0.8143511 0.8356727 0.7674413 0.7722015 0.7821710 0.7985471 0.7574121 0.7749836 0.7309771 0.7329696 0.7773076 0.7863210 0.7967825 0.7715567 0.6014464 0.6683898 0.6685589 0.6578435 0.5550741 0.6263636 0.5709342 0.7847664 0.6946646 0.5133236 0.0000000 0.4891217 0.4415410 0.5081106 0.5101232 0.4804213 0.5085234 0.4715278 0.4889839 0.4958780 0.4902269 0.7479930 0.6572204 0.5795122 0.5718866 0.5809380 0.5866631 0.5761905 0.5475752 0.5566041 0.4826380 0.5283007 0.4948134 0.5068438 0.5495727 0.4559666 0.4873689 0.4649809 0.4636444 1.0686660 0.8432888 0.8058148 0.8078470 0.7692138 0.7884585 0.7651790 0.8064800 0.8068389 0.7858154 0.7793158 0.8282280 0.7798397 0.7569939 0.6917917 0.8111452 0.7870105 0.7469691 0.7990751 0.8135612 0.7624107 0.8359840 0.7215331 0.7827062 0.7573853 0.7543038 0.7925205 0.7772747 0.7692594 0.7765737 0.7410090 0.7515879 0.7363907 0.7199614 0.7194392 0.7272739 0.6245675 0.7196461 0.6561885 2.3654852 1.8370789 1.8159976 1.8321918 
A6.UA.12.DEMA112UA036.KU749406         0.8123203 0.7534205 0.8925610 0.8442470 0.7953605 0.8149364 0.7236659 0.7365650 0.7595962 0.7915070 0.7325661 0.7396683 0.7083103 0.6980921 0.7566145 0.7588218 0.7606062 0.7661356 0.6528294 0.7241592 0.7497819 0.7161540 0.6180353 0.7061920 0.6148589 0.7409663 0.6562244 0.4973778 0.4891217 0.0000000 0.4197496 0.4876896 0.4873662 0.4542210 0.4896463 0.4393229 0.4614329 0.4709905 0.4460099 0.6917553 0.6119361 0.5386557 0.5188630 0.5486828 0.5463155 0.5318772 0.5220506 0.5103616 0.5500977 0.5906284 0.5554463 0.5765795 0.5978611 0.5162919 0.5377284 0.5150025 0.5167343 1.1652403 0.9465698 0.8757117 0.8830360 0.8545755 0.8975591 0.8541974 0.8661502 0.8602009 0.8485739 0.8578395 0.9195388 0.8597456 0.8317127 0.7810958 0.8728126 0.8597169 0.8212663 0.8901997 0.8880504 0.8541132 0.8593330 0.7910687 0.8503155 0.8169998 0.8167163 0.8519505 0.8558743 0.8566954 0.8359887 0.8244889 0.8159303 0.8142855 0.7805836 0.8099487 0.8023014 0.6996401 0.7937519 0.7296489 2.4543338 1.8394119 1.8324415 1.8997107 
A1.CY.06.CY154.FJ388943                0.7637396 0.7237173 0.8287830 0.8324275 0.7827853 0.7904169 0.7152011 0.7152020 0.7410175 0.7508879 0.6914037 0.7310955 0.6721691 0.6743901 0.7327952 0.7130895 0.7510929 0.7411656 0.6309872 0.7061065 0.7156166 0.6974960 0.5900145 0.6376279 0.6003652 0.7355369 0.6508043 0.4620135 0.4415410 0.4197496 0.0000000 0.4459327 0.4513274 0.4160524 0.4450244 0.4079221 0.4382374 0.4420641 0.4313645 0.6961161 0.6024110 0.5360486 0.5236238 0.5299511 0.5370403 0.5256010 0.5072182 0.5081482 0.5087966 0.5517187 0.5307973 0.5398865 0.5667520 0.4885252 0.5087416 0.4887110 0.4939264 1.0948272 0.8936599 0.8597412 0.8413234 0.8436150 0.8217295 0.8313420 0.8471322 0.8316505 0.8322156 0.8286461 0.8644175 0.8195461 0.8057555 0.7497158 0.8570352 0.8195514 0.7894925 0.8427675 0.8414503 0.8107299 0.8579160 0.7584212 0.8170187 0.8030311 0.8077302 0.8361565 0.8075402 0.8081173 0.8048762 0.7856944 0.7940807 0.7992921 0.7647063 0.7643141 0.7686052 0.6647342 0.7614095 0.7010345 2.4512727 1.8716735 1.7980812 1.8705050 
A1D.UG.99.99UGJ21953.AF484496          0.8000815 0.7180928 0.8271844 0.8094115 0.7481028 0.7643745 0.7007059 0.6883406 0.7134412 0.7179246 0.6734036 0.7170484 0.6804131 0.6692125 0.7219924 0.7270741 0.7498642 0.7381074 0.6966807 0.7387984 0.7799862 0.7542027 0.6404746 0.7146456 0.6471885 0.7671178 0.6984423 0.4552028 0.5081106 0.4876896 0.4459327 0.0000000 0.4620798 0.4221292 0.4608079 0.4026192 0.4506408 0.4570982 0.5057513 0.7565194 0.6538562 0.6038512 0.5767805 0.6034142 0.6074726 0.5876779 0.5743041 0.5654977 0.5585680 0.6217504 0.5958636 0.5958202 0.6257566 0.5365177 0.5587130 0.5517695 0.5386654 1.1359771 0.9208507 0.9091467 0.8822064 0.8682794 0.8672213 0.8841611 0.8836427 0.8791112 0.8594652 0.8787232 0.9097876 0.8564063 0.8365016 0.7846532 0.9072268 0.8667677 0.8439310 0.8926318 0.8913521 0.8499691 0.9108874 0.7875472 0.8765810 0.8271841 0.8410042 0.8436569 0.8452813 0.8589055 0.8332047 0.8119331 0.8432588 0.8203380 0.7975355 0.8038880 0.8098258 0.7139967 0.7973968 0.7395201 2.4997420 1.8605257 1.8447002 1.8844178 
35_AD.AF.06.007H.GQ477450              0.8166820 0.7386159 0.8687978 0.8606501 0.7883090 0.7931948 0.7419499 0.7440343 0.7507220 0.7753425 0.7181355 0.7387760 0.7067316 0.7014913 0.7591766 0.7339967 0.7692479 0.7405478 0.6991576 0.7384142 0.7861412 0.7617623 0.6551672 0.7252461 0.6552777 0.7945200 0.7365062 0.4819770 0.5101232 0.4873662 0.4513274 0.4620798 0.0000000 0.4120790 0.4249121 0.3845918 0.3985780 0.3996781 0.5015777 0.7473247 0.6636824 0.6123795 0.5883440 0.6043643 0.6019217 0.5929965 0.5621634 0.5670047 0.5810019 0.6318865 0.6011546 0.6070819 0.6206236 0.5235406 0.5667040 0.5500310 0.5568270 1.1776636 0.9449150 0.9354297 0.9011706 0.8659047 0.8949485 0.8842992 0.9131915 0.8702752 0.8773051 0.8958146 0.9429182 0.8856400 0.8528403 0.7957232 0.9132998 0.8912710 0.8637477 0.9393606 0.9093615 0.8584186 0.9194815 0.8181349 0.8800704 0.8493984 0.8443463 0.8629638 0.8860860 0.8775248 0.8725722 0.8467269 0.8753202 0.8414643 0.8077720 0.8050206 0.8252710 0.7127582 0.8107852 0.7337450 2.4598668 1.8029281 1.8240329 1.8782143 
A1.UG.11.DEMA110UG001.KF859745         0.7733408 0.7075056 0.8436651 0.8098461 0.7450659 0.7591737 0.6813169 0.6937014 0.7127581 0.7380894 0.6754248 0.7000027 0.6644285 0.6672365 0.7149656 0.7118750 0.7231981 0.7078309 0.6625009 0.7088568 0.7288706 0.7115332 0.6113072 0.6951489 0.6062014 0.7579994 0.7019692 0.4495826 0.4804213 0.4542210 0.4160524 0.4221292 0.4120790 0.0000000 0.4211249 0.3769116 0.3874274 0.4113966 0.4634240 0.7352167 0.6529283 0.5776413 0.5632097 0.5688686 0.5822702 0.5727960 0.5372513 0.5473433 0.5252811 0.5774855 0.5598400 0.5737243 0.5728267 0.5173478 0.5302670 0.5046263 0.5138385 1.1197815 0.9216020 0.9051266 0.8623488 0.8421788 0.8661059 0.8335463 0.8787336 0.8558934 0.8408934 0.8449172 0.8909448 0.8687032 0.8197003 0.7500475 0.8637145 0.8367065 0.8115056 0.8679425 0.8713587 0.8564037 0.8796510 0.7867969 0.8569216 0.8003761 0.8132505 0.8302428 0.8251398 0.8290156 0.8027464 0.8060882 0.8365418 0.7867476 0.7592541 0.7903654 0.7894607 0.6649867 0.7850131 0.7121105 2.5034759 1.8482834 1.8385417 1.9368393 
A1.CY.07.CY208.JF683760                0.8222429 0.7346125 0.8587763 0.8420450 0.7940069 0.7899080 0.7273623 0.7168062 0.7427080 0.7727559 0.7265639 0.7329119 0.7031359 0.7000047 0.7466309 0.7415620 0.7717200 0.7627544 0.6852164 0.7644182 0.7718026 0.7514697 0.6433134 0.7167958 0.6457100 0.7646457 0.7155423 0.4848521 0.5085234 0.4896463 0.4450244 0.4608079 0.4249121 0.4211249 0.0000000 0.2373571 0.4056089 0.4270632 0.5062135 0.7640571 0.6632648 0.6025592 0.5829338 0.6081083 0.6103041 0.6060213 0.5637907 0.5561283 0.5647450 0.6099261 0.5870789 0.6028281 0.6178824 0.5415587 0.5649122 0.5504399 0.5437774 1.1607208 0.9285113 0.9333941 0.9112312 0.8662273 0.9009747 0.8782562 0.9145401 0.8847549 0.8953884 0.8786789 0.9081032 0.8834776 0.8517753 0.7978125 0.9007647 0.8781660 0.8471919 0.9081413 0.8987832 0.8742620 0.9114018 0.8199354 0.8555953 0.8500439 0.8551654 0.8745338 0.8632798 0.8764959 0.8608844 0.8325278 0.8622478 0.8240024 0.8128175 0.8161908 0.8335307 0.7003324 0.7950410 0.7264010 2.4896207 1.8475384 1.8630118 1.9442873 
A1.CY.05.CY051.FJ388903                0.7709161 0.6826569 0.8292804 0.7996433 0.7598123 0.7562087 0.6938969 0.6837189 0.6936970 0.7267694 0.6659563 0.6831932 0.6571035 0.6621230 0.6992338 0.7052151 0.7194950 0.7038085 0.6496274 0.7211101 0.7442472 0.7096080 0.6192982 0.6917262 0.6198846 0.7397574 0.6643623 0.4391960 0.4715278 0.4393229 0.4079221 0.4026192 0.3845918 0.3769116 0.2373571 0.0000000 0.3631455 0.3817690 0.4663953 0.7217396 0.6218538 0.5568355 0.5418977 0.5649885 0.5595373 0.5544357 0.5195532 0.5187012 0.5354933 0.5802016 0.5519486 0.5684068 0.5908177 0.5129270 0.5278823 0.5101022 0.5132863 1.1090873 0.8959652 0.8701078 0.8399185 0.8309137 0.8433023 0.8508583 0.8491581 0.8266064 0.8417310 0.8390304 0.8720344 0.8340682 0.8101782 0.7508823 0.8624712 0.8253282 0.8131334 0.8779427 0.8496425 0.8190391 0.8849617 0.7838509 0.8313677 0.8035579 0.8045996 0.8386380 0.8121432 0.8291473 0.8008623 0.7985193 0.8412052 0.7921703 0.7630252 0.7695411 0.7716035 0.6553488 0.7688888 0.7017073 2.4073589 1.8046944 1.8152349 1.8814135 
A1.KE.06.06KECst_028.FJ623479          0.7987305 0.7421738 0.8444853 0.8205709 0.8076500 0.7713234 0.7159588 0.7290618 0.7457169 0.7547489 0.6944159 0.7311508 0.6995773 0.6793640 0.7498223 0.7442244 0.7571750 0.7468348 0.6850854 0.7399922 0.7752056 0.7417012 0.6434901 0.7195718 0.6404771 0.7749457 0.7125173 0.4802477 0.4889839 0.4614329 0.4382374 0.4506408 0.3985780 0.3874274 0.4056089 0.3631455 0.0000000 0.3208049 0.4807534 0.7411573 0.6484903 0.5828560 0.5773946 0.5791339 0.5921301 0.5894602 0.5491445 0.5590066 0.5583709 0.6156284 0.5865694 0.5924209 0.6129179 0.5384089 0.5614103 0.5394296 0.5401130 1.1675815 0.9422322 0.9176533 0.9070638 0.8664178 0.8802081 0.8696209 0.8809630 0.8702139 0.8622323 0.8726343 0.9114620 0.8813510 0.8501575 0.7733176 0.9095774 0.8572401 0.8465519 0.8792377 0.8821206 0.8610353 0.9120406 0.7968651 0.8514717 0.8389373 0.8496875 0.8672963 0.8506070 0.8618087 0.8575300 0.8191077 0.8517923 0.8163021 0.8014190 0.8039550 0.8109192 0.6972286 0.7752154 0.7331402 2.4284447 1.8357413 1.8163662 1.9087445 
A1.KE.06.06KECst_013.FJ623485          0.8091811 0.7478281 0.8512127 0.8347247 0.7893093 0.7886927 0.7294252 0.7060329 0.7382959 0.7667780 0.7225181 0.7374970 0.6920003 0.6942197 0.7492683 0.7439330 0.7533558 0.7408082 0.6837958 0.7498895 0.7944815 0.7608317 0.6734937 0.7304472 0.6515705 0.7878725 0.7191216 0.4794070 0.4958780 0.4709905 0.4420641 0.4570982 0.3996781 0.4113966 0.4270632 0.3817690 0.3208049 0.0000000 0.4977516 0.7630760 0.6737675 0.6051658 0.5795400 0.5897034 0.6143177 0.5932010 0.5681192 0.5640020 0.5666469 0.6190918 0.5935899 0.5916629 0.6144081 0.5468466 0.5638437 0.5437489 0.5472091 1.1899300 0.9217594 0.9028022 0.8888010 0.8757263 0.8826078 0.8754684 0.8862500 0.8651455 0.8671526 0.8554235 0.9032192 0.8810758 0.8427719 0.7753331 0.8927295 0.8665544 0.8545083 0.8951070 0.8772523 0.8615295 0.8973721 0.7873156 0.8551419 0.8259916 0.8593213 0.8532446 0.8470065 0.8420324 0.8572057 0.8339218 0.8587279 0.8072135 0.7983945 0.8198910 0.8096133 0.6889322 0.8021642 0.7308981 2.3696874 1.9029620 1.8698123 1.9053261 
