90
RESTV_M.fas-tc_USA_89_Philippines89-Pennsylvania_NC_004161 0.0000000 0.0244816 0.0331342 2.2527687 2.2596550 1.9882301 1.9882301 1.9893010 1.9901617 2.0343649 2.0297814 2.0345704 2.0165932 2.0266041 2.0194119 2.0176376 2.0186430 2.0186609 2.0186609 2.0183257 2.0186199 2.0189437 2.0186430 2.0187582 2.0189914 2.0186228 2.0177169 2.0185999 2.0185999 2.0188053 2.0192293 2.0201296 2.0195818 2.0197027 2.0204565 2.0192397 2.0212997 2.0189056 2.0189056 2.0189287 2.0197142 2.0199602 2.0194624 2.0199144 2.0199144 2.0190643 2.0180385 2.0176936 2.0198827 2.0190786 2.0180045 2.0185918 2.0171797 2.0200051 2.0182233 2.0191854 2.0196590 2.0196590 2.0181673 2.0186576 2.0184494 2.0220556 2.0220556 2.0157036 2.0165602 2.0170373 2.0209239 2.0170328 2.0177523 2.0166440 2.0183678 2.0205602 2.0194489 2.0164148 2.0181792 2.0212567 2.0212567 2.0213791 2.0213791 2.0205872 2.0193485 2.0208468 2.0214041 2.0187014 2.0194291 2.0199905 2.0210740 2.0174039 2.0398547 2.0398547 
RESTV_S.dom-tc_PHL_08_Reston08-A_FJ621583                  0.0244816 0.0000000 0.0490894 2.2494211 2.2622512 1.9949552 1.9949552 1.9960317 1.9968961 2.0376282 2.0307625 2.0397413 2.0208990 2.0336983 2.0269346 2.0251567 2.0259904 2.0260082 2.0260082 2.0256718 2.0259669 2.0262917 2.0259904 2.0261060 2.0263397 2.0259696 2.0250589 2.0259468 2.0259468 2.0261526 2.0265788 2.0274844 2.0269351 2.0270558 2.0278147 2.0265911 2.0286618 2.0262531 2.0262531 2.0262774 2.0270679 2.0278734 2.0268168 2.0272685 2.0272685 2.0264149 2.0253854 2.0250375 2.0272360 2.0263000 2.0253497 2.0259365 2.0249506 2.0274844 2.0255665 2.0265338 2.0264509 2.0264509 2.0255103 2.0261789 2.0257970 2.0295425 2.0295425 2.0230342 2.0243274 2.0243741 2.0282842 2.0243700 2.0250960 2.0238529 2.0257134 2.0279166 2.0268019 2.0243082 2.0258158 2.0286205 2.0286205 2.0290423 2.0290423 2.0282452 2.0269992 2.0286352 2.0291941 2.0262230 2.0269533 2.0275174 2.0286079 2.0247445 2.0498039 2.0498039 
RESTV_S.dom-xx_PHL_08_Reston08-C_FJ621584                  0.0331342 0.0490894 0.0000000 2.2397213 2.2605201 2.0039898 2.0039898 2.0052451 2.0059391 2.0472937 2.0421196 2.0471517 2.0304344 2.0462226 2.0391888 2.0376695 2.0386793 2.0386970 2.0386970 2.0383597 2.0391182 2.0389806 2.0386793 2.0387952 2.0390288 2.0380986 2.0377422 2.0386351 2.0386351 2.0388407 2.0392690 2.0401802 2.0396305 2.0397506 2.0405152 2.0389890 2.0413657 2.0383822 2.0383822 2.0389676 2.0397636 2.0405701 2.0395148 2.0399638 2.0399638 2.0391078 2.0380761 2.0377241 2.0396288 2.0391144 2.0380373 2.0386210 2.0390809 2.0400510 2.0382499 2.0392225 2.0391406 2.0391406 2.0381935 2.0386913 2.0384870 2.0422510 2.0422510 2.0357058 2.0370050 2.0370511 2.0409863 2.0378055 2.0363458 2.0366555 2.0382743 2.0401502 2.0394973 2.0364265 2.0382017 2.0413274 2.0413274 2.0414436 2.0414436 2.0406410 2.0393875 2.0403507 2.0409102 2.0393266 2.0389143 2.0394809 2.0410063 2.0374267 2.0287826 2.0287826 
TAFV_H.sap-tc_CIV_94_Pauleoula-CI_NC_014372                2.2527687 2.2494211 2.2397213 0.0000000 0.8262238 1.3929398 1.3929398 1.3938098 1.3940055 1.3998589 1.4015020 1.4122387 1.4027772 1.4141185 1.4164218 1.4143241 1.4148661 1.4148899 1.4148899 1.4148899 1.4147367 1.4151192 1.4150002 1.4148233 1.4144598 1.4152058 1.4153569 1.4149472 1.4150814 1.4155508 1.4140567 1.4154193 1.4154295 1.4144130 1.4162127 1.4155288 1.4157232 1.4152432 1.4152432 1.4155731 1.4146088 1.4157225 1.4157949 1.4160624 1.4160624 1.4164778 1.4153717 1.4169528 1.4150786 1.4155454 1.4157142 1.4146513 1.4164914 1.4158571 1.4150402 1.4140368 1.4141575 1.4141575 1.4153378 1.4144256 1.4156335 1.4164189 1.4164189 1.4159899 1.4167067 1.4147528 1.4155589 1.4150130 1.4138445 1.4145544 1.4166699 1.4139284 1.4143486 1.4156559 1.4160830 1.4198176 1.4198176 1.4135141 1.4135141 1.4141201 1.4123276 1.4128087 1.4128087 1.4150066 1.4129529 1.4133979 1.4132709 1.4162944 2.3452829 2.3452829 
BDBV_H.sap-xx_COD_12_EboBund-122_KC545395                  2.2596550 2.2622512 2.2605201 0.8262238 0.0000000 1.4439759 1.4439759 1.4448762 1.4450064 1.4717912 1.4717084 1.4712603 1.4610471 1.4736035 1.4717139 1.4696235 1.4697069 1.4694734 1.4694734 1.4694527 1.4694527 1.4694503 1.4694503 1.4694064 1.4694691 1.4693294 1.4700648 1.4692206 1.4691007 1.4692399 1.4696565 1.4700329 1.4704939 1.4685188 1.4701616 1.4691852 1.4707524 1.4695629 1.4695629 1.4700919 1.4694721 1.4700054 1.4704250 1.4705911 1.4705911 1.4702092 1.4701065 1.4701924 1.4690389 1.4702206 1.4704907 1.4695643 1.4706672 1.4709001 1.4703512 1.4690973 1.4693220 1.4693220 1.4697537 1.4675805 1.4687081 1.4708012 1.4708012 1.4696947 1.4702573 1.4682863 1.4693942 1.4715352 1.4687168 1.4698531 1.4689728 1.4697068 1.4688022 1.4703650 1.4711178 1.4702266 1.4702266 1.4696424 1.4696424 1.4692269 1.4690895 1.4694311 1.4692943 1.4683056 1.4690567 1.4690888 1.4685642 1.4679152 2.3101412 2.3101412 
EBOV_H.sap-tc_COD_07_1Luebo_KC242786                       1.9882301 1.9949552 2.0039898 1.3929398 1.4439759 0.0000000 0.0000010 0.0002033 0.0004575 0.0225854 0.0236261 0.0227647 0.0189772 0.0319887 0.0309583 0.0306194 0.0304530 0.0303974 0.0303974 0.0304533 0.0304533 0.0304530 0.0304530 0.0305646 0.0306757 0.0306758 0.0304536 0.0306193 0.0305085 0.0305633 0.0302300 0.0305106 0.0305154 0.0305121 0.0305679 0.0305683 0.0306235 0.0308423 0.0308423 0.0306745 0.0307307 0.0306238 0.0306794 0.0307880 0.0307880 0.0309555 0.0308451 0.0309588 0.0308428 0.0309015 0.0307881 0.0308478 0.0307366 0.0308409 0.0308982 0.0310137 0.0308447 0.0308447 0.0308436 0.0311765 0.0311338 0.0308484 0.0308484 0.0307353 0.0309026 0.0309620 0.0309009 0.0309551 0.0309083 0.0309624 0.0309096 0.0310710 0.0310136 0.0310220 0.0312385 0.0310423 0.0310423 0.0299470 0.0299470 0.0298913 0.0300679 0.0297791 0.0298896 0.0314003 0.0309131 0.0311353 0.0309655 0.0314090 2.0715393 2.0715393 
EBOV_H.sap-tc_COD_07_M-M_HQ613403                          1.9882301 1.9949552 2.0039898 1.3929398 1.4439759 0.0000010 0.0000000 0.0002033 0.0004575 0.0225854 0.0236261 0.0227647 0.0189772 0.0319887 0.0309583 0.0306194 0.0304530 0.0303974 0.0303974 0.0304533 0.0304533 0.0304530 0.0304530 0.0305646 0.0306757 0.0306758 0.0304536 0.0306193 0.0305085 0.0305633 0.0302300 0.0305106 0.0305154 0.0305121 0.0305679 0.0305683 0.0306235 0.0308423 0.0308423 0.0306745 0.0307307 0.0306238 0.0306794 0.0307880 0.0307880 0.0309555 0.0308451 0.0309588 0.0308428 0.0309015 0.0307881 0.0308478 0.0307366 0.0308409 0.0308982 0.0310137 0.0308447 0.0308447 0.0308436 0.0311765 0.0311338 0.0308484 0.0308484 0.0307353 0.0309026 0.0309620 0.0309009 0.0309551 0.0309083 0.0309624 0.0309096 0.0310710 0.0310136 0.0310220 0.0312385 0.0310423 0.0310423 0.0299470 0.0299470 0.0298913 0.0300679 0.0297791 0.0298896 0.0314003 0.0309131 0.0311353 0.0309655 0.0314090 2.0715393 2.0715393 
EBOV_H.sap-tc_COD_07_5Luebo_KC242790                       1.9893010 1.9960317 2.0052451 1.3938098 1.4448762 0.0002033 0.0002033 0.0000000 0.0006610 0.0228040 0.0238454 0.0229836 0.0191932 0.0322138 0.0311826 0.0308435 0.0306770 0.0306214 0.0306214 0.0306773 0.0306773 0.0306770 0.0306770 0.0307886 0.0308998 0.0308999 0.0306776 0.0308434 0.0307325 0.0307874 0.0304538 0.0307347 0.0307395 0.0307362 0.0307920 0.0307924 0.0308476 0.0310665 0.0310665 0.0308986 0.0309549 0.0308480 0.0309036 0.0310122 0.0310122 0.0311798 0.0310693 0.0311831 0.0310670 0.0311258 0.0310124 0.0310721 0.0309608 0.0310651 0.0311224 0.0312381 0.0310689 0.0310689 0.0310679 0.0314009 0.0313583 0.0310727 0.0310727 0.0309595 0.0311269 0.0311864 0.0311251 0.0311794 0.0311326 0.0311868 0.0311340 0.0312955 0.0312380 0.0312465 0.0314630 0.0312668 0.0312668 0.0301706 0.0301706 0.0301149 0.0302916 0.0300026 0.0301132 0.0316248 0.0311374 0.0313599 0.0311899 0.0316337 2.0725004 2.0725004 
EBOV_H.sap-tc_COD_08_034-KS_HQ613402                       1.9901617 1.9968961 2.0059391 1.3940055 1.4450064 0.0004575 0.0004575 0.0006610 0.0000000 0.0229715 0.0240136 0.0231513 0.0194660 0.0324998 0.0314675 0.0311280 0.0309614 0.0309057 0.0309057 0.0309617 0.0309617 0.0309614 0.0309614 0.0310731 0.0311844 0.0311845 0.0309620 0.0311279 0.0310169 0.0310718 0.0307380 0.0310191 0.0310240 0.0310206 0.0310765 0.0310769 0.0311321 0.0313512 0.0313512 0.0311831 0.0312395 0.0311325 0.0311882 0.0312969 0.0312969 0.0314646 0.0313540 0.0314680 0.0313518 0.0314106 0.0312970 0.0313569 0.0312455 0.0313498 0.0314072 0.0315230 0.0313537 0.0313537 0.0313526 0.0316859 0.0316434 0.0313574 0.0313574 0.0312441 0.0314117 0.0314713 0.0314099 0.0314642 0.0314175 0.0314716 0.0314189 0.0315804 0.0315229 0.0315315 0.0317481 0.0315520 0.0315520 0.0304545 0.0304545 0.0303987 0.0305757 0.0302863 0.0303970 0.0319101 0.0314223 0.0316450 0.0314748 0.0319190 2.0725110 2.0725110 
EBOV_H.sap-xx_COD_14_Lomela-Lokolia16_KP271018             2.0343649 2.0376282 2.0472937 1.3998589 1.4717912 0.0225854 0.0225854 0.0228040 0.0229715 0.0000000 0.0015803 0.0092441 0.0132428 0.0378404 0.0367874 0.0365542 0.0362722 0.0362156 0.0362156 0.0362726 0.0362726 0.0362722 0.0362722 0.0363858 0.0363853 0.0364990 0.0362730 0.0364413 0.0363287 0.0363843 0.0360451 0.0363313 0.0363369 0.0363330 0.0363898 0.0363903 0.0364464 0.0366683 0.0366683 0.0364381 0.0364954 0.0365595 0.0365034 0.0366134 0.0366134 0.0367839 0.0366717 0.0367879 0.0366690 0.0367292 0.0365542 0.0366750 0.0365619 0.0366073 0.0367252 0.0368436 0.0366712 0.0366712 0.0366699 0.0370084 0.0369672 0.0365673 0.0365673 0.0366204 0.0367305 0.0367917 0.0367285 0.0367836 0.0367374 0.0367922 0.0367390 0.0369024 0.0368436 0.0368535 0.0370133 0.0368775 0.0368775 0.0357563 0.0357563 0.0356996 0.0357685 0.0355326 0.0356451 0.0370744 0.0366304 0.0368564 0.0369095 0.0372470 2.0866171 2.0866171 
EBOV_H.sap-xx_COD_14_Lomela-Lokolia17_KP271019             2.0297814 2.0307625 2.0421196 1.4015020 1.4717084 0.0236261 0.0236261 0.0238454 0.0240136 0.0015803 0.0000000 0.0101378 0.0141464 0.0389328 0.0378758 0.0376417 0.0373589 0.0373022 0.0373022 0.0373593 0.0373593 0.0373589 0.0373589 0.0374729 0.0374724 0.0375864 0.0373597 0.0375285 0.0374155 0.0374713 0.0371311 0.0374182 0.0374240 0.0374200 0.0374770 0.0374775 0.0375338 0.0377562 0.0377562 0.0375252 0.0375827 0.0376472 0.0375910 0.0377012 0.0377012 0.0378722 0.0377597 0.0378763 0.0377569 0.0378174 0.0376417 0.0377631 0.0376496 0.0376949 0.0378133 0.0379321 0.0377592 0.0377592 0.0377579 0.0380973 0.0380564 0.0376552 0.0376552 0.0377084 0.0378188 0.0378802 0.0378167 0.0378719 0.0378259 0.0378807 0.0378274 0.0379912 0.0379321 0.0379423 0.0381023 0.0379671 0.0379671 0.0368413 0.0368413 0.0367844 0.0368538 0.0366170 0.0367298 0.0381638 0.0377187 0.0379454 0.0379986 0.0383370 2.0849317 2.0849317 
EBOV_H.sap-tc_COD_95_Kikwit-9510621_KR867676               2.0345704 2.0397413 2.0471517 1.4122387 1.4712603 0.0227647 0.0227647 0.0229836 0.0231513 0.0092441 0.0101378 0.0000000 0.0133048 0.0382637 0.0372085 0.0368611 0.0365788 0.0365221 0.0365221 0.0365792 0.0365792 0.0365788 0.0365788 0.0366925 0.0366920 0.0368059 0.0365795 0.0367481 0.0366353 0.0366910 0.0363514 0.0366379 0.0366436 0.0366397 0.0366966 0.0366971 0.0367532 0.0369754 0.0369754 0.0368042 0.0368617 0.0368665 0.0368103 0.0369204 0.0369204 0.0370912 0.0369788 0.0370952 0.0369761 0.0370364 0.0369206 0.0369822 0.0368689 0.0369737 0.0368660 0.0369845 0.0368119 0.0368119 0.0368106 0.0371495 0.0371083 0.0369338 0.0369338 0.0369275 0.0370378 0.0370990 0.0370357 0.0370410 0.0370447 0.0370995 0.0370463 0.0370433 0.0371510 0.0371610 0.0373805 0.0371852 0.0371852 0.0361756 0.0361756 0.0361188 0.0361879 0.0359516 0.0360642 0.0373822 0.0370514 0.0372778 0.0373310 0.0375550 2.0849089 2.0849089 
EBOV_H.sap-tc_COD_77_Bonduni_KC242791                      2.0165932 2.0208990 2.0304344 1.4027772 1.4610471 0.0189772 0.0189772 0.0191932 0.0194660 0.0132428 0.0141464 0.0133048 0.0000000 0.0343321 0.0332925 0.0330624 0.0327832 0.0327272 0.0327272 0.0327836 0.0327836 0.0327832 0.0327832 0.0328956 0.0328952 0.0330077 0.0327839 0.0329507 0.0328391 0.0328943 0.0325586 0.0328414 0.0328466 0.0328430 0.0328992 0.0328997 0.0329552 0.0331753 0.0331753 0.0330062 0.0330629 0.0330672 0.0330116 0.0331208 0.0331208 0.0332894 0.0331783 0.0332930 0.0331759 0.0332352 0.0331209 0.0331813 0.0330693 0.0331738 0.0332316 0.0333483 0.0331779 0.0331779 0.0331767 0.0335119 0.0334698 0.0331819 0.0331819 0.0331271 0.0332364 0.0332965 0.0332345 0.0332891 0.0332425 0.0332969 0.0332440 0.0334062 0.0333482 0.0333572 0.0335748 0.0333790 0.0333790 0.0322732 0.0322732 0.0322171 0.0322842 0.0320516 0.0321629 0.0337374 0.0330244 0.0332481 0.0334127 0.0336875 2.0831196 2.0831196 
EBOV_H.sap-wt_GIN_14_Makona-Gueckedou-EM_080076_KR817235   2.0266041 2.0336983 2.0462226 1.4141185 1.4736035 0.0319887 0.0319887 0.0322138 0.0324998 0.0378404 0.0389328 0.0382637 0.0343321 0.0000000 0.0019891 0.0026030 0.0023471 0.0022959 0.0022959 0.0023471 0.0023471 0.0023471 0.0023471 0.0024495 0.0025519 0.0025519 0.0023471 0.0025006 0.0023983 0.0024494 0.0021423 0.0023984 0.0023988 0.0023985 0.0024497 0.0024498 0.0025009 0.0027056 0.0027056 0.0025518 0.0026031 0.0026034 0.0025522 0.0026544 0.0026544 0.0028082 0.0027058 0.0028084 0.0027056 0.0027571 0.0026544 0.0027060 0.0026035 0.0027054 0.0027568 0.0028597 0.0029107 0.0029107 0.0027057 0.0030131 0.0029630 0.0027060 0.0027060 0.0026549 0.0027572 0.0028088 0.0027570 0.0028599 0.0027577 0.0028599 0.0027578 0.0029110 0.0028596 0.0029630 0.0030649 0.0028623 0.0028623 0.0021425 0.0021425 0.0021938 0.0023991 0.0025007 0.0026030 0.0032183 0.0026556 0.0028606 0.0025017 0.0032707 2.1014484 2.1014484 
EBOV_H.sap-wt_GIN_14_Makona-Gueckedou-EM_079702_KR817210   2.0194119 2.0269346 2.0391888 1.4164218 1.4717139 0.0309583 0.0309583 0.0311826 0.0314675 0.0367874 0.0378758 0.0372085 0.0332925 0.0019891 0.0000000 0.0016301 0.0013750 0.0013240 0.0013240 0.0013750 0.0013750 0.0013750 0.0013750 0.0014770 0.0015791 0.0015791 0.0013750 0.0015280 0.0014260 0.0014770 0.0011709 0.0014261 0.0014263 0.0014261 0.0014772 0.0014772 0.0015282 0.0017323 0.0017323 0.0015791 0.0016301 0.0016303 0.0015793 0.0016813 0.0016813 0.0018345 0.0017324 0.0018347 0.0017323 0.0017835 0.0016813 0.0017326 0.0016304 0.0018343 0.0017834 0.0018858 0.0019367 0.0019367 0.0017323 0.0020388 0.0019885 0.0017326 0.0017326 0.0016816 0.0017836 0.0018349 0.0017835 0.0018859 0.0017839 0.0018859 0.0017840 0.0019369 0.0018857 0.0019885 0.0020903 0.0018875 0.0018875 0.0011710 0.0011710 0.0012221 0.0015286 0.0015280 0.0016301 0.0022434 0.0016820 0.0018864 0.0015287 0.0022953 2.1018769 2.1018769 
EBOV_H.sap-wt_LBR_14_Makona-LIBR0430_KR006955              2.0176376 2.0251567 2.0376695 1.4143241 1.4696235 0.0306194 0.0306194 0.0308435 0.0311280 0.0365542 0.0376417 0.0368611 0.0330624 0.0026030 0.0016301 0.0000000 0.0002542 0.0003050 0.0003050 0.0003558 0.0003558 0.0003558 0.0003558 0.0004575 0.0005593 0.0005593 0.0003558 0.0005084 0.0004067 0.0004575 0.0004575 0.0004067 0.0004067 0.0004067 0.0004575 0.0004575 0.0005084 0.0007119 0.0007119 0.0005593 0.0006101 0.0006101 0.0005593 0.0005593 0.0005593 0.0008136 0.0007119 0.0008136 0.0007119 0.0007627 0.0006610 0.0007119 0.0006101 0.0008136 0.0006610 0.0007627 0.0008136 0.0008136 0.0006101 0.0009154 0.0008645 0.0007119 0.0007119 0.0006610 0.0007627 0.0008136 0.0007627 0.0007627 0.0007627 0.0008645 0.0007627 0.0008136 0.0007627 0.0009673 0.0010691 0.0008659 0.0008659 0.0010681 0.0010681 0.0011189 0.0014263 0.0014257 0.0015278 0.0011189 0.0015796 0.0017839 0.0017327 0.0012732 2.0988011 2.0988011 
EBOV_H.sap-wt_SLE_14_Makona-G3734.1_KM233055               2.0186430 2.0259904 2.0386793 1.4148661 1.4697069 0.0304530 0.0304530 0.0306770 0.0309614 0.0362722 0.0373589 0.0365788 0.0327832 0.0023471 0.0013750 0.0002542 0.0000000 0.0000508 0.0000508 0.0001017 0.0001017 0.0001017 0.0001017 0.0002033 0.0003050 0.0003050 0.0001017 0.0002542 0.0001525 0.0002033 0.0002033 0.0001525 0.0001525 0.0001525 0.0002033 0.0002033 0.0002542 0.0004575 0.0004575 0.0003050 0.0003558 0.0003558 0.0003050 0.0004067 0.0004067 0.0005593 0.0004575 0.0005593 0.0004575 0.0005084 0.0004067 0.0004575 0.0003558 0.0005593 0.0004067 0.0005084 0.0005593 0.0005593 0.0003558 0.0006610 0.0006101 0.0004575 0.0004575 0.0004067 0.0005084 0.0005593 0.0005084 0.0005084 0.0005084 0.0006101 0.0005084 0.0005593 0.0005084 0.0007119 0.0008136 0.0006101 0.0006101 0.0008136 0.0008136 0.0008645 0.0011712 0.0011698 0.0012727 0.0008645 0.0013244 0.0015285 0.0014774 0.0010183 2.0989002 2.0989002 
EBOV_H.sap-wt_SLE_14_Makona-G3788_KM233075                 2.0186609 2.0260082 2.0386970 1.4148899 1.4694734 0.0303974 0.0303974 0.0306214 0.0309057 0.0362156 0.0373022 0.0365221 0.0327272 0.0022959 0.0013240 0.0003050 0.0000508 0.0000000 0.0000010 0.0000508 0.0000508 0.0000508 0.0000508 0.0001525 0.0002542 0.0002542 0.0000508 0.0002033 0.0001017 0.0001525 0.0001525 0.0001017 0.0001017 0.0001017 0.0001525 0.0001525 0.0002033 0.0004067 0.0004067 0.0002542 0.0003050 0.0003050 0.0002542 0.0003558 0.0003558 0.0005084 0.0004067 0.0005084 0.0004067 0.0004575 0.0003558 0.0004067 0.0003050 0.0005084 0.0004575 0.0005593 0.0006101 0.0006101 0.0004067 0.0007119 0.0006610 0.0004067 0.0004067 0.0003558 0.0004575 0.0005084 0.0004575 0.0005593 0.0004575 0.0005593 0.0004575 0.0006101 0.0005593 0.0006610 0.0007627 0.0005593 0.0005593 0.0007627 0.0007627 0.0008136 0.0011202 0.0011189 0.0012208 0.0009154 0.0012734 0.0014775 0.0014263 0.0009673 2.0991762 2.0991762 
EBOV_H.sap-wt_SLE_14_Makona-G3677.2_KM034557               2.0186609 2.0260082 2.0386970 1.4148899 1.4694734 0.0303974 0.0303974 0.0306214 0.0309057 0.0362156 0.0373022 0.0365221 0.0327272 0.0022959 0.0013240 0.0003050 0.0000508 0.0000010 0.0000000 0.0000508 0.0000508 0.0000508 0.0000508 0.0001525 0.0002542 0.0002542 0.0000508 0.0002033 0.0001017 0.0001525 0.0001525 0.0001017 0.0001017 0.0001017 0.0001525 0.0001525 0.0002033 0.0004067 0.0004067 0.0002542 0.0003050 0.0003050 0.0002542 0.0003558 0.0003558 0.0005084 0.0004067 0.0005084 0.0004067 0.0004575 0.0003558 0.0004067 0.0003050 0.0005084 0.0004575 0.0005593 0.0006101 0.0006101 0.0004067 0.0007119 0.0006610 0.0004067 0.0004067 0.0003558 0.0004575 0.0005084 0.0004575 0.0005593 0.0004575 0.0005593 0.0004575 0.0006101 0.0005593 0.0006610 0.0007627 0.0005593 0.0005593 0.0007627 0.0007627 0.0008136 0.0011202 0.0011189 0.0012208 0.0009154 0.0012734 0.0014775 0.0014263 0.0009673 2.0991762 2.0991762 
EBOV_H.sap-wt_SLE_14_Makona-G3799_KM233080                 2.0183257 2.0256718 2.0383597 1.4148899 1.4694527 0.0304533 0.0304533 0.0306773 0.0309617 0.0362726 0.0373593 0.0365792 0.0327836 0.0023471 0.0013750 0.0003558 0.0001017 0.0000508 0.0000508 0.0000000 0.0001017 0.0001017 0.0001017 0.0002033 0.0003050 0.0003050 0.0001017 0.0002542 0.0001525 0.0002033 0.0002033 0.0001525 0.0001525 0.0001525 0.0002033 0.0002033 0.0002542 0.0004575 0.0004575 0.0003050 0.0003558 0.0003558 0.0003050 0.0004067 0.0004067 0.0005593 0.0004575 0.0005593 0.0004575 0.0005084 0.0004067 0.0004575 0.0003558 0.0005593 0.0005084 0.0006101 0.0006610 0.0006610 0.0004575 0.0007627 0.0007119 0.0004575 0.0004575 0.0004067 0.0005084 0.0005593 0.0005084 0.0006101 0.0005084 0.0006101 0.0005084 0.0006610 0.0006101 0.0007119 0.0008136 0.0006101 0.0006101 0.0008136 0.0008136 0.0008645 0.0011712 0.0011698 0.0012728 0.0009663 0.0013244 0.0015286 0.0014774 0.0010183 2.0989559 2.0989559 
EBOV_H.sap-wt_SLE_14_Makona-Kenema-G4856_1_KR105273        2.0186199 2.0259669 2.0391182 1.4147367 1.4694527 0.0304533 0.0304533 0.0306773 0.0309617 0.0362726 0.0373593 0.0365792 0.0327836 0.0023471 0.0013750 0.0003558 0.0001017 0.0000508 0.0000508 0.0001017 0.0000000 0.0001017 0.0001017 0.0002033 0.0003050 0.0003050 0.0001017 0.0002542 0.0001525 0.0002033 0.0002033 0.0001525 0.0001525 0.0001525 0.0002033 0.0002033 0.0002542 0.0004575 0.0004575 0.0003050 0.0003558 0.0003558 0.0003050 0.0004067 0.0004067 0.0005593 0.0004575 0.0005593 0.0004575 0.0005084 0.0004067 0.0004575 0.0003558 0.0005593 0.0005084 0.0006101 0.0006610 0.0006610 0.0004575 0.0007627 0.0007119 0.0004575 0.0004575 0.0004067 0.0005084 0.0005593 0.0005084 0.0006101 0.0005084 0.0006101 0.0005084 0.0006610 0.0006101 0.0007119 0.0008136 0.0006101 0.0006101 0.0008136 0.0008136 0.0008645 0.0011712 0.0011698 0.0012728 0.0009663 0.0013244 0.0015286 0.0014774 0.0010183 2.0988367 2.0988367 
EBOV_H.sap-wt_SLE_14_Makona-G3949_1_KR105209               2.0189437 2.0262917 2.0389806 1.4151192 1.4694503 0.0304530 0.0304530 0.0306770 0.0309614 0.0362722 0.0373589 0.0365788 0.0327832 0.0023471 0.0013750 0.0003558 0.0001017 0.0000508 0.0000508 0.0001017 0.0001017 0.0000000 0.0001017 0.0002033 0.0003050 0.0003050 0.0001017 0.0002542 0.0001525 0.0002033 0.0002033 0.0001525 0.0001525 0.0001525 0.0002033 0.0002033 0.0002542 0.0004575 0.0004575 0.0003050 0.0003558 0.0003558 0.0003050 0.0004067 0.0004067 0.0005593 0.0004575 0.0005593 0.0004575 0.0005084 0.0004067 0.0004575 0.0003558 0.0005593 0.0005084 0.0006101 0.0006610 0.0006610 0.0004575 0.0007627 0.0007119 0.0004575 0.0004575 0.0004067 0.0005084 0.0005593 0.0005084 0.0006101 0.0005084 0.0006101 0.0005084 0.0006610 0.0006101 0.0007119 0.0008136 0.0006101 0.0006101 0.0008136 0.0008136 0.0008645 0.0011712 0.0011698 0.0012727 0.0009663 0.0013244 0.0015285 0.0014774 0.0010183 2.0993363 2.0993363 
EBOV_H.sap-wt_SLE_14_Makona-G3825.1_KM233098               2.0186430 2.0259904 2.0386793 1.4150002 1.4694503 0.0304530 0.0304530 0.0306770 0.0309614 0.0362722 0.0373589 0.0365788 0.0327832 0.0023471 0.0013750 0.0003558 0.0001017 0.0000508 0.0000508 0.0001017 0.0001017 0.0001017 0.0000000 0.0001017 0.0002033 0.0002033 0.0001017 0.0002542 0.0001525 0.0002033 0.0002033 0.0001525 0.0001525 0.0001525 0.0002033 0.0002033 0.0002542 0.0003558 0.0003558 0.0003050 0.0003558 0.0003558 0.0003050 0.0003050 0.0003050 0.0004575 0.0003558 0.0004575 0.0003558 0.0004067 0.0004067 0.0003558 0.0002542 0.0005593 0.0005084 0.0006101 0.0006610 0.0006610 0.0004575 0.0007627 0.0007119 0.0004575 0.0004575 0.0004067 0.0005084 0.0004575 0.0005084 0.0005084 0.0004067 0.0005084 0.0005084 0.0006610 0.0006101 0.0006101 0.0008136 0.0006101 0.0006101 0.0008136 0.0008136 0.0008645 0.0011712 0.0011698 0.0012727 0.0009663 0.0013244 0.0015285 0.0014774 0.0010183 2.0991594 2.0991594 
EBOV_H.sap-wt_SLE_14_Makona-PortLoko-20140024_KR653252     2.0187582 2.0261060 2.0387952 1.4148233 1.4694064 0.0305646 0.0305646 0.0307886 0.0310731 0.0363858 0.0374729 0.0366925 0.0328956 0.0024495 0.0014770 0.0004575 0.0002033 0.0001525 0.0001525 0.0002033 0.0002033 0.0002033 0.0001017 0.0000000 0.0001017 0.0001017 0.0002033 0.0003558 0.0002542 0.0003050 0.0003050 0.0002542 0.0002542 0.0002542 0.0003050 0.0003050 0.0003558 0.0002542 0.0002542 0.0004067 0.0004575 0.0004575 0.0004067 0.0004067 0.0004067 0.0003558 0.0002542 0.0003558 0.0004575 0.0005084 0.0005084 0.0002542 0.0003558 0.0006610 0.0006101 0.0007119 0.0007627 0.0007627 0.0005593 0.0008645 0.0008136 0.0005593 0.0005593 0.0005084 0.0006101 0.0003558 0.0006101 0.0004067 0.0004067 0.0004067 0.0006101 0.0007627 0.0007119 0.0005084 0.0009154 0.0007130 0.0007130 0.0009154 0.0009154 0.0009663 0.0012732 0.0012728 0.0013748 0.0010681 0.0014265 0.0016307 0.0015795 0.0011203 2.0993094 2.0993094 
EBOV_H.sap-wt_SLE_14_Makona-G4748_1_KR105270               2.0189914 2.0263397 2.0390288 1.4144598 1.4694691 0.0306757 0.0306757 0.0308998 0.0311844 0.0363853 0.0374724 0.0366920 0.0328952 0.0025519 0.0015791 0.0005593 0.0003050 0.0002542 0.0002542 0.0003050 0.0003050 0.0003050 0.0002033 0.0001017 0.0000000 0.0002033 0.0003050 0.0004575 0.0003558 0.0004067 0.0004067 0.0003558 0.0003558 0.0003558 0.0004067 0.0004067 0.0004575 0.0003558 0.0003558 0.0005084 0.0005593 0.0005593 0.0005084 0.0005084 0.0005084 0.0004575 0.0003558 0.0004575 0.0005593 0.0006101 0.0006101 0.0002542 0.0004575 0.0007627 0.0007119 0.0008136 0.0008645 0.0008645 0.0006610 0.0009663 0.0009164 0.0006610 0.0006610 0.0006101 0.0007119 0.0004575 0.0007119 0.0005084 0.0005084 0.0005084 0.0007119 0.0008645 0.0008136 0.0006101 0.0010172 0.0008150 0.0008150 0.0010172 0.0010172 0.0010681 0.0013753 0.0013748 0.0014768 0.0011709 0.0015286 0.0017328 0.0016816 0.0012223 2.0988097 2.0988097 
EBOV_H.sap-wt_SLE_14_Makona-G5296_1_KR105303               2.0186228 2.0259696 2.0380986 1.4152058 1.4693294 0.0306758 0.0306758 0.0308999 0.0311845 0.0364990 0.0375864 0.0368059 0.0330077 0.0025519 0.0015791 0.0005593 0.0003050 0.0002542 0.0002542 0.0003050 0.0003050 0.0003050 0.0002033 0.0001017 0.0002033 0.0000000 0.0003050 0.0004575 0.0003558 0.0004067 0.0004067 0.0003558 0.0003558 0.0003558 0.0004067 0.0004067 0.0004575 0.0001525 0.0001525 0.0005084 0.0005593 0.0005593 0.0005084 0.0005084 0.0005084 0.0004575 0.0003558 0.0004575 0.0005593 0.0006101 0.0006101 0.0003558 0.0004575 0.0007627 0.0007119 0.0008136 0.0008645 0.0008645 0.0006610 0.0009663 0.0009164 0.0006610 0.0006610 0.0006101 0.0007119 0.0004575 0.0007119 0.0005084 0.0005084 0.0005084 0.0007119 0.0008645 0.0008136 0.0006101 0.0010172 0.0008150 0.0008150 0.0010172 0.0010172 0.0010681 0.0013753 0.0013748 0.0014768 0.0011709 0.0015286 0.0017328 0.0016816 0.0012223 2.0991666 2.0991666 
EBOV_H.sap-wt_SLE_14_Makona-G3789.1_KM233076               2.0177169 2.0250589 2.0377422 1.4153569 1.4700648 0.0304536 0.0304536 0.0306776 0.0309620 0.0362730 0.0373597 0.0365795 0.0327839 0.0023471 0.0013750 0.0003558 0.0001017 0.0000508 0.0000508 0.0001017 0.0001017 0.0001017 0.0001017 0.0002033 0.0003050 0.0003050 0.0000000 0.0002542 0.0001525 0.0002033 0.0002033 0.0001525 0.0001525 0.0001525 0.0002033 0.0002033 0.0002542 0.0004575 0.0004575 0.0003050 0.0003558 0.0003558 0.0003050 0.0004067 0.0004067 0.0005593 0.0004575 0.0005593 0.0004575 0.0005084 0.0004067 0.0004575 0.0003558 0.0005593 0.0005084 0.0006101 0.0006610 0.0006610 0.0004575 0.0007627 0.0007119 0.0004575 0.0004575 0.0004067 0.0005084 0.0005593 0.0005084 0.0006101 0.0005084 0.0006101 0.0005084 0.0006610 0.0006101 0.0007119 0.0008136 0.0006101 0.0006101 0.0008136 0.0008136 0.0008645 0.0011712 0.0011698 0.0012728 0.0009663 0.0013244 0.0015286 0.0014774 0.0010183 2.0999953 2.0999953 
EBOV_H.sap-wt_SLE_14_Makona-Moyamba-G5763_1_KR105325       2.0185999 2.0259468 2.0386351 1.4149472 1.4692206 0.0306193 0.0306193 0.0308434 0.0311279 0.0364413 0.0375285 0.0367481 0.0329507 0.0025006 0.0015280 0.0005084 0.0002542 0.0002033 0.0002033 0.0002542 0.0002542 0.0002542 0.0002542 0.0003558 0.0004575 0.0004575 0.0002542 0.0000000 0.0001017 0.0003558 0.0003558 0.0003050 0.0003050 0.0003050 0.0003558 0.0003558 0.0004067 0.0006101 0.0006101 0.0004575 0.0005084 0.0005084 0.0004575 0.0005593 0.0005593 0.0007119 0.0006101 0.0007119 0.0006101 0.0006610 0.0005593 0.0006101 0.0005084 0.0007119 0.0006610 0.0007627 0.0008136 0.0008136 0.0006101 0.0009154 0.0008645 0.0006101 0.0006101 0.0005593 0.0006610 0.0007119 0.0006610 0.0007627 0.0006610 0.0007627 0.0006610 0.0008136 0.0007627 0.0008645 0.0009663 0.0007640 0.0007640 0.0009663 0.0009663 0.0010172 0.0013242 0.0013237 0.0014257 0.0011189 0.0014775 0.0016817 0.0016305 0.0011712 2.0992857 2.0992857 
EBOV_H.sap-wt_SLE_14_Makona-Moyamba-G5844_1_KR105328       2.0185999 2.0259468 2.0386351 1.4150814 1.4691007 0.0305085 0.0305085 0.0307325 0.0310169 0.0363287 0.0374155 0.0366353 0.0328391 0.0023983 0.0014260 0.0004067 0.0001525 0.0001017 0.0001017 0.0001525 0.0001525 0.0001525 0.0001525 0.0002542 0.0003558 0.0003558 0.0001525 0.0001017 0.0000000 0.0002542 0.0002542 0.0002033 0.0002033 0.0002033 0.0002542 0.0002542 0.0003050 0.0005084 0.0005084 0.0003558 0.0004067 0.0004067 0.0003558 0.0004575 0.0004575 0.0006101 0.0005084 0.0006101 0.0005084 0.0005593 0.0004575 0.0005084 0.0004067 0.0006101 0.0005593 0.0006610 0.0007119 0.0007119 0.0005084 0.0008136 0.0007627 0.0005084 0.0005084 0.0004575 0.0005593 0.0006101 0.0005593 0.0006610 0.0005593 0.0006610 0.0005593 0.0007119 0.0006610 0.0007627 0.0008645 0.0006620 0.0006620 0.0008645 0.0008645 0.0009154 0.0012222 0.0012218 0.0013237 0.0010172 0.0013754 0.0015796 0.0015284 0.0010693 2.0994088 2.0994088 
EBOV_H.sap-wt_LBR_15_Makona-Liberia-DQE4_KR074998          2.0188053 2.0261526 2.0388407 1.4155508 1.4692399 0.0305633 0.0305633 0.0307874 0.0310718 0.0363843 0.0374713 0.0366910 0.0328943 0.0024494 0.0014770 0.0004575 0.0002033 0.0001525 0.0001525 0.0002033 0.0002033 0.0002033 0.0002033 0.0003050 0.0004067 0.0004067 0.0002033 0.0003558 0.0002542 0.0000000 0.0003050 0.0002542 0.0002542 0.0002542 0.0003050 0.0003050 0.0003558 0.0005593 0.0005593 0.0004067 0.0004575 0.0004575 0.0004067 0.0005084 0.0005084 0.0006610 0.0005593 0.0006610 0.0005593 0.0006101 0.0005084 0.0005593 0.0004575 0.0006610 0.0006101 0.0007119 0.0007627 0.0007627 0.0005593 0.0008645 0.0008136 0.0005593 0.0005593 0.0005084 0.0006101 0.0006610 0.0006101 0.0007119 0.0006101 0.0007119 0.0006101 0.0007627 0.0007119 0.0008136 0.0009154 0.0007130 0.0007130 0.0009154 0.0009154 0.0009663 0.0012732 0.0012727 0.0013747 0.0010681 0.0014264 0.0016306 0.0015794 0.0011202 2.0995753 2.0995753 
EBOV_H.sap-wt_SLE_14_Makona-G3676.1_KM034554               2.0192293 2.0265788 2.0392690 1.4140567 1.4696565 0.0302300 0.0302300 0.0304538 0.0307380 0.0360451 0.0371311 0.0363514 0.0325586 0.0021423 0.0011709 0.0004575 0.0002033 0.0001525 0.0001525 0.0002033 0.0002033 0.0002033 0.0002033 0.0003050 0.0004067 0.0004067 0.0002033 0.0003558 0.0002542 0.0003050 0.0000000 0.0002542 0.0002542 0.0002542 0.0003050 0.0003050 0.0003558 0.0005593 0.0005593 0.0004067 0.0004575 0.0004575 0.0004067 0.0005084 0.0005084 0.0006610 0.0005593 0.0006610 0.0005593 0.0006101 0.0005084 0.0005593 0.0004575 0.0006610 0.0006101 0.0007119 0.0007627 0.0007627 0.0005593 0.0008645 0.0008136 0.0005593 0.0005593 0.0005084 0.0006101 0.0006610 0.0006101 0.0007119 0.0006101 0.0007119 0.0006101 0.0007627 0.0007119 0.0008136 0.0009154 0.0007130 0.0007130 0.0006101 0.0006101 0.0006610 0.0009663 0.0009663 0.0010681 0.0010681 0.0011203 0.0013243 0.0012732 0.0011202 2.0995760 2.0995760 
EBOV_H.sap-wt_SLE_14_Makona-J0042_KP759711                 2.0201296 2.0274844 2.0401802 1.4154193 1.4700329 0.0305106 0.0305106 0.0307347 0.0310191 0.0363313 0.0374182 0.0366379 0.0328414 0.0023984 0.0014261 0.0004067 0.0001525 0.0001017 0.0001017 0.0001525 0.0001525 0.0001525 0.0001525 0.0002542 0.0003558 0.0003558 0.0001525 0.0003050 0.0002033 0.0002542 0.0002542 0.0000000 0.0002033 0.0002033 0.0001525 0.0002542 0.0002033 0.0005084 0.0005084 0.0003558 0.0004067 0.0004067 0.0003558 0.0004575 0.0004575 0.0006101 0.0005084 0.0006101 0.0005084 0.0005593 0.0004575 0.0005084 0.0004067 0.0006101 0.0005593 0.0006610 0.0007119 0.0007119 0.0005084 0.0008136 0.0007627 0.0005084 0.0005084 0.0004575 0.0005593 0.0006101 0.0005593 0.0006610 0.0005593 0.0006610 0.0005593 0.0007119 0.0006610 0.0007627 0.0008645 0.0005593 0.0005593 0.0008645 0.0008645 0.0009154 0.0012223 0.0012218 0.0013238 0.0010172 0.0013755 0.0015797 0.0015285 0.0008645 2.0999182 2.0999182 
EBOV_H.sap-wt_SLE_14_Makona-G3827_KM233101                 2.0195818 2.0269351 2.0396305 1.4154295 1.4704939 0.0305154 0.0305154 0.0307395 0.0310240 0.0363369 0.0374240 0.0366436 0.0328466 0.0023988 0.0014263 0.0004067 0.0001525 0.0001017 0.0001017 0.0001525 0.0001525 0.0001525 0.0001525 0.0002542 0.0003558 0.0003558 0.0001525 0.0003050 0.0002033 0.0002542 0.0002542 0.0002033 0.0000000 0.0002033 0.0002542 0.0002542 0.0003050 0.0005084 0.0005084 0.0003558 0.0004067 0.0004067 0.0003558 0.0004575 0.0004575 0.0006101 0.0005084 0.0006101 0.0005084 0.0005593 0.0004575 0.0005084 0.0004067 0.0006101 0.0005593 0.0006610 0.0007119 0.0007119 0.0005084 0.0008136 0.0007627 0.0005084 0.0005084 0.0004575 0.0005593 0.0006101 0.0005593 0.0006610 0.0005593 0.0006610 0.0005593 0.0007119 0.0006610 0.0007627 0.0008645 0.0006622 0.0006622 0.0008645 0.0008645 0.0009154 0.0012225 0.0012220 0.0013240 0.0010182 0.0013757 0.0015800 0.0015288 0.0010695 2.0985545 2.0985545 
EBOV_H.sap-wt_SLE_14_Makona-G3818_KM233092                 2.0197027 2.0270558 2.0397506 1.4144130 1.4685188 0.0305121 0.0305121 0.0307362 0.0310206 0.0363330 0.0374200 0.0366397 0.0328430 0.0023985 0.0014261 0.0004067 0.0001525 0.0001017 0.0001017 0.0001525 0.0001525 0.0001525 0.0001525 0.0002542 0.0003558 0.0003558 0.0001525 0.0003050 0.0002033 0.0002542 0.0002542 0.0002033 0.0002033 0.0000000 0.0002542 0.0002542 0.0003050 0.0005084 0.0005084 0.0003558 0.0004067 0.0004067 0.0003558 0.0004575 0.0004575 0.0006101 0.0005084 0.0006101 0.0005084 0.0005593 0.0004575 0.0005084 0.0004067 0.0006101 0.0005593 0.0006610 0.0007119 0.0007119 0.0005084 0.0008136 0.0007627 0.0005084 0.0005084 0.0004575 0.0005593 0.0006101 0.0005593 0.0006610 0.0005593 0.0006610 0.0005593 0.0007119 0.0006610 0.0007627 0.0008645 0.0006621 0.0006621 0.0008645 0.0008645 0.0009154 0.0012223 0.0012219 0.0013239 0.0010172 0.0013756 0.0015798 0.0015286 0.0010694 2.0999915 2.0999915 
EBOV_H.sap-wt_SLE_14_Makona-Moyamba-G6103_1_KR105348       2.0204565 2.0278147 2.0405152 1.4162127 1.4701616 0.0305679 0.0305679 0.0307920 0.0310765 0.0363898 0.0374770 0.0366966 0.0328992 0.0024497 0.0014772 0.0004575 0.0002033 0.0001525 0.0001525 0.0002033 0.0002033 0.0002033 0.0002033 0.0003050 0.0004067 0.0004067 0.0002033 0.0003558 0.0002542 0.0003050 0.0003050 0.0001525 0.0002542 0.0002542 0.0000000 0.0003050 0.0002542 0.0005593 0.0005593 0.0004067 0.0004575 0.0004575 0.0004067 0.0005084 0.0005084 0.0006610 0.0005593 0.0006610 0.0005593 0.0006101 0.0005084 0.0005593 0.0004575 0.0006610 0.0006101 0.0007119 0.0007627 0.0007627 0.0005593 0.0008645 0.0008136 0.0005593 0.0005593 0.0005084 0.0006101 0.0006610 0.0006101 0.0007119 0.0006101 0.0007119 0.0006101 0.0007627 0.0007119 0.0008136 0.0009154 0.0006101 0.0006101 0.0009154 0.0009154 0.0009663 0.0012733 0.0012729 0.0013749 0.0010681 0.0014266 0.0016308 0.0015797 0.0010183 2.1012167 2.1012167 
EBOV_H.sap-wt_SLE_14_Makona-Kenema-G4702_1_KR105265        2.0192397 2.0265911 2.0389890 1.4155288 1.4691852 0.0305683 0.0305683 0.0307924 0.0310769 0.0363903 0.0374775 0.0366971 0.0328997 0.0024498 0.0014772 0.0004575 0.0002033 0.0001525 0.0001525 0.0002033 0.0002033 0.0002033 0.0002033 0.0003050 0.0004067 0.0004067 0.0002033 0.0003558 0.0002542 0.0003050 0.0003050 0.0002542 0.0002542 0.0002542 0.0003050 0.0000000 0.0003558 0.0005593 0.0005593 0.0004067 0.0004575 0.0004575 0.0004067 0.0005084 0.0005084 0.0006610 0.0005593 0.0006610 0.0005593 0.0006101 0.0005084 0.0005593 0.0004575 0.0006610 0.0006101 0.0007119 0.0007627 0.0007627 0.0005593 0.0008645 0.0008136 0.0005593 0.0005593 0.0005084 0.0006101 0.0006610 0.0006101 0.0007119 0.0006101 0.0007119 0.0006101 0.0007627 0.0007119 0.0008136 0.0009154 0.0007131 0.0007131 0.0009154 0.0009154 0.0009663 0.0012734 0.0012729 0.0013749 0.0010681 0.0014266 0.0016309 0.0015797 0.0011204 2.1002541 2.1002541 
EBOV_H.sap-wt_SLE_14_Makona-Bonthe-G5723_1_KR105319        2.0212997 2.0286618 2.0413657 1.4157232 1.4707524 0.0306235 0.0306235 0.0308476 0.0311321 0.0364464 0.0375338 0.0367532 0.0329552 0.0025009 0.0015282 0.0005084 0.0002542 0.0002033 0.0002033 0.0002542 0.0002542 0.0002542 0.0002542 0.0003558 0.0004575 0.0004575 0.0002542 0.0004067 0.0003050 0.0003558 0.0003558 0.0002033 0.0003050 0.0003050 0.0002542 0.0003558 0.0000000 0.0006101 0.0006101 0.0004575 0.0005084 0.0005084 0.0004575 0.0005593 0.0005593 0.0007119 0.0006101 0.0007119 0.0006101 0.0006610 0.0005593 0.0006101 0.0005084 0.0007119 0.0006610 0.0007627 0.0008136 0.0008136 0.0006101 0.0009154 0.0008645 0.0006101 0.0006101 0.0005593 0.0006610 0.0007119 0.0006610 0.0007627 0.0006610 0.0007627 0.0006610 0.0008136 0.0007627 0.0008645 0.0009663 0.0006620 0.0006620 0.0009663 0.0009663 0.0010172 0.0013244 0.0013239 0.0014259 0.0011200 0.0014777 0.0016819 0.0016307 0.0010692 2.1004941 2.1004941 
EBOV_H.sap-wt_SLE_14_Makona-Bombali-J0022_KP759757         2.0189056 2.0262531 2.0383822 1.4152432 1.4695629 0.0308423 0.0308423 0.0310665 0.0313512 0.0366683 0.0377562 0.0369754 0.0331753 0.0027056 0.0017323 0.0007119 0.0004575 0.0004067 0.0004067 0.0004575 0.0004575 0.0004575 0.0003558 0.0002542 0.0003558 0.0001525 0.0004575 0.0006101 0.0005084 0.0005593 0.0005593 0.0005084 0.0005084 0.0005084 0.0005593 0.0005593 0.0006101 0.0000000 0.0000010 0.0006610 0.0007119 0.0007119 0.0006610 0.0006610 0.0006610 0.0006101 0.0005084 0.0006101 0.0007119 0.0007627 0.0007627 0.0005084 0.0006101 0.0009154 0.0008645 0.0009663 0.0010172 0.0010172 0.0008136 0.0011189 0.0010693 0.0008136 0.0008136 0.0007627 0.0008645 0.0006101 0.0008645 0.0006610 0.0006610 0.0006610 0.0008645 0.0010172 0.0009663 0.0007627 0.0011711 0.0009680 0.0009680 0.0011698 0.0011698 0.0012219 0.0015284 0.0015278 0.0016299 0.0013239 0.0016818 0.0018861 0.0018349 0.0013753 2.0988906 2.0988906 
EBOV_H.sap-wt_SLE_14_Makona-Bombali-J0019_KP759754         2.0189056 2.0262531 2.0383822 1.4152432 1.4695629 0.0308423 0.0308423 0.0310665 0.0313512 0.0366683 0.0377562 0.0369754 0.0331753 0.0027056 0.0017323 0.0007119 0.0004575 0.0004067 0.0004067 0.0004575 0.0004575 0.0004575 0.0003558 0.0002542 0.0003558 0.0001525 0.0004575 0.0006101 0.0005084 0.0005593 0.0005593 0.0005084 0.0005084 0.0005084 0.0005593 0.0005593 0.0006101 0.0000010 0.0000000 0.0006610 0.0007119 0.0007119 0.0006610 0.0006610 0.0006610 0.0006101 0.0005084 0.0006101 0.0007119 0.0007627 0.0007627 0.0005084 0.0006101 0.0009154 0.0008645 0.0009663 0.0010172 0.0010172 0.0008136 0.0011189 0.0010693 0.0008136 0.0008136 0.0007627 0.0008645 0.0006101 0.0008645 0.0006610 0.0006610 0.0006610 0.0008645 0.0010172 0.0009663 0.0007627 0.0011711 0.0009680 0.0009680 0.0011698 0.0011698 0.0012219 0.0015284 0.0015278 0.0016299 0.0013239 0.0016818 0.0018861 0.0018349 0.0013753 2.0988906 2.0988906 
EBOV_H.sap-wt_LBR_14_Makona-LIBR0505_KR006957              2.0189287 2.0262774 2.0389676 1.4155731 1.4700919 0.0306745 0.0306745 0.0308986 0.0311831 0.0364381 0.0375252 0.0368042 0.0330062 0.0025518 0.0015791 0.0005593 0.0003050 0.0002542 0.0002542 0.0003050 0.0003050 0.0003050 0.0003050 0.0004067 0.0005084 0.0005084 0.0003050 0.0004575 0.0003558 0.0004067 0.0004067 0.0003558 0.0003558 0.0003558 0.0004067 0.0004067 0.0004575 0.0006610 0.0006610 0.0000000 0.0003558 0.0005593 0.0005084 0.0006101 0.0006101 0.0007627 0.0006610 0.0007627 0.0006610 0.0007119 0.0004067 0.0006610 0.0005593 0.0005593 0.0007119 0.0008136 0.0008645 0.0008645 0.0006610 0.0009663 0.0009154 0.0004575 0.0004575 0.0006101 0.0007119 0.0007627 0.0007119 0.0008136 0.0007119 0.0008136 0.0007119 0.0008645 0.0008136 0.0009154 0.0008136 0.0008149 0.0008149 0.0010172 0.0010172 0.0010681 0.0013752 0.0013747 0.0014767 0.0011698 0.0015285 0.0017328 0.0016816 0.0012222 2.0996991 2.0996991 
EBOV_H.sap-wt_GIN_14_Makona-Macenta-EM_076191_KR817141     2.0197142 2.0270679 2.0397636 1.4146088 1.4694721 0.0307307 0.0307307 0.0309549 0.0312395 0.0364954 0.0375827 0.0368617 0.0330629 0.0026031 0.0016301 0.0006101 0.0003558 0.0003050 0.0003050 0.0003558 0.0003558 0.0003558 0.0003558 0.0004575 0.0005593 0.0005593 0.0003558 0.0005084 0.0004067 0.0004575 0.0004575 0.0004067 0.0004067 0.0004067 0.0004575 0.0004575 0.0005084 0.0007119 0.0007119 0.0003558 0.0000000 0.0006101 0.0005593 0.0006610 0.0006610 0.0008136 0.0007119 0.0008136 0.0007119 0.0007627 0.0004575 0.0007119 0.0006101 0.0005084 0.0007627 0.0008645 0.0009154 0.0009154 0.0007119 0.0010172 0.0009673 0.0005084 0.0005084 0.0006610 0.0007627 0.0008136 0.0007627 0.0008645 0.0007627 0.0008645 0.0007627 0.0009154 0.0008645 0.0009673 0.0007627 0.0008659 0.0008659 0.0010681 0.0010681 0.0011189 0.0014263 0.0014258 0.0015278 0.0012218 0.0015796 0.0017839 0.0017327 0.0012733 2.0997487 2.0997487 
