93
RESTV_M.fas-tc_USA_89_Philippines89-Pennsylvania_NC_004161 0.0000000 0.0250474 0.0346272 1.8891327 1.8890980 2.0854429 2.1244753 1.8627958 1.8636185 1.8633032 1.8662251 1.8705508 1.8713440 1.8707645 1.8695023 1.8668114 1.8707843 1.8707843 1.8707501 1.8708135 1.8708936 1.8709801 1.8687495 1.8704148 1.8695828 1.8724049 1.8730156 1.8719447 1.8709064 1.8706188 1.8709064 1.8703462 1.8712297 1.8722426 1.8722426 1.8725154 1.8722897 1.8715172 1.8719665 1.8713965 1.8713965 1.8717899 1.8712044 1.8722657 1.8718954 1.8712044 1.8717141 1.8703096 1.8703096 1.8715024 1.8704643 1.8712869 1.8748210 1.8744883 1.8731034 1.8735886 1.8712725 1.8713770 1.8718724 1.8723937 1.8723292 1.8711532 1.8725965 1.8706479 1.8711934 1.8714842 1.8735858 1.8704703 1.8723320 1.8723320 1.8724278 1.8710974 1.8696050 1.8736345 1.8682433 1.8685409 1.8665821 1.8665821 1.8677707 1.8682121 1.8677366 1.8697089 1.8712781 1.8708141 1.8708141 1.8702089 1.8714691 1.8673141 1.8673141 1.8772561 1.8727943 1.8789360 1.8762377 
RESTV_S.dom-tc_PHL_08_Reston08-A_FJ621583                  0.0250474 0.0000000 0.0512046 1.9174746 1.9174387 2.0938336 2.1424312 1.8699632 1.8703857 1.8700674 1.8730027 1.8829829 1.8837859 1.8832027 1.8821022 1.8795631 1.8832183 1.8832183 1.8831837 1.8830753 1.8833270 1.8834190 1.8811697 1.8828476 1.8820094 1.8854108 1.8852912 1.8842121 1.8833410 1.8830528 1.8833410 1.8830027 1.8838883 1.8849050 1.8849050 1.8851785 1.8847321 1.8839536 1.8844039 1.8838280 1.8838280 1.8842270 1.8836399 1.8847091 1.8823156 1.8836399 1.8841510 1.8827363 1.8827363 1.8839389 1.8828930 1.8842850 1.8872810 1.8869470 1.8856457 1.8862185 1.8837090 1.8838132 1.8843100 1.8848332 1.8847721 1.8835884 1.8850413 1.8830817 1.8836286 1.8839212 1.8860358 1.8829000 1.8847751 1.8847751 1.8848716 1.8835342 1.8825973 1.8860885 1.8804835 1.8807821 1.8788134 1.8788134 1.8800059 1.8804489 1.8799714 1.8819572 1.8837176 1.8832535 1.8832535 1.8826463 1.8839190 1.8797287 1.8797287 1.8869294 1.8811937 1.8873350 1.8845050 
RESTV_S.dom-xx_PHL_08_Reston08-C_FJ621584                  0.0346272 0.0512046 0.0000000 1.9160014 1.9159657 2.0735411 2.0941461 1.8624790 1.8630372 1.8627225 1.8657145 1.8646518 1.8656055 1.8650281 1.8641747 1.8612570 1.8643832 1.8643832 1.8643492 1.8644118 1.8638262 1.8645763 1.8623560 1.8640144 1.8631858 1.8659981 1.8664336 1.8653675 1.8645048 1.8642177 1.8645048 1.8641108 1.8648275 1.8658382 1.8658382 1.8661105 1.8658837 1.8651146 1.8655631 1.8658190 1.8658190 1.8653869 1.8648023 1.8654559 1.8649303 1.8648023 1.8653112 1.8639123 1.8639123 1.8650998 1.8640660 1.8648844 1.8683139 1.8680733 1.8666927 1.8671750 1.8648699 1.8649745 1.8654690 1.8658978 1.8659230 1.8647514 1.8661892 1.8642469 1.8647914 1.8650813 1.8671755 1.8640715 1.8659257 1.8659257 1.8660211 1.8641193 1.8632059 1.8676165 1.8616816 1.8619787 1.8605844 1.8605844 1.8612119 1.8610781 1.8611780 1.8631424 1.8655409 1.8650771 1.8650771 1.8644732 1.8657270 1.8631196 1.8631196 1.8719442 1.8691717 1.8754633 1.8713948 
SUDV_H.sap-xx_UGA_12_EboSud-603_KC545390                   1.8891327 1.9174746 1.9160014 0.0000000 0.0000512 2.1986643 2.2299218 1.9710991 1.9715510 1.9708460 1.9739236 1.9987939 1.9985847 1.9977050 1.9953788 1.9953766 1.9961530 1.9961530 1.9965383 1.9968959 1.9946372 1.9952296 1.9939007 1.9958358 1.9949395 1.9967811 1.9947703 1.9971620 1.9962818 1.9961530 1.9962818 1.9980055 1.9959732 1.9952303 1.9952303 1.9952811 1.9933110 1.9958880 1.9941213 1.9967574 1.9967574 1.9961679 1.9964093 1.9960909 1.9973461 1.9964093 1.9960649 1.9943607 1.9943607 1.9967164 1.9952541 1.9961530 1.9981316 1.9978748 1.9963245 1.9969393 1.9970843 1.9964093 1.9959460 1.9987715 1.9962277 1.9978648 1.9977122 1.9960798 1.9966397 1.9979509 1.9939905 1.9954201 1.9971665 1.9971665 1.9975385 1.9951753 1.9986329 1.9951190 1.9951038 1.9958344 1.9951792 1.9951792 1.9967542 1.9956763 1.9967156 1.9959335 1.9956220 1.9980346 1.9980346 1.9974089 1.9994244 1.9974700 1.9974700 1.9842323 1.9846253 1.9950522 1.9823102 
SUDV_H.sap-xx_UGA_12_EboSud-609_KC545391                   1.8890980 1.9174387 1.9159657 0.0000512 0.0000000 2.1986173 2.2298724 1.9710615 1.9715133 1.9708084 1.9738858 1.9987553 1.9985461 1.9976664 1.9953403 1.9953381 1.9961145 1.9961145 1.9964998 1.9968573 1.9945987 1.9951911 1.9938622 1.9957973 1.9949010 1.9967425 1.9947318 1.9971235 1.9962432 1.9961145 1.9962432 1.9979669 1.9959347 1.9951918 1.9951918 1.9952426 1.9932726 1.9958495 1.9940828 1.9967189 1.9967189 1.9961294 1.9963708 1.9960524 1.9973076 1.9963708 1.9960264 1.9943222 1.9943222 1.9966779 1.9952156 1.9961145 1.9980930 1.9978362 1.9962860 1.9969008 1.9970458 1.9963708 1.9959075 1.9987329 1.9961892 1.9978262 1.9976736 1.9960413 1.9966011 1.9979123 1.9939521 1.9953817 1.9971279 1.9971279 1.9974999 1.9951368 1.9985943 1.9950805 1.9950653 1.9957959 1.9951407 1.9951407 1.9967156 1.9956378 1.9966771 1.9958950 1.9955835 1.9979961 1.9979961 1.9973703 1.9993857 1.9974315 1.9974315 1.9841942 1.9845873 1.9950137 1.9822723 
TAFV_H.sap-tc_CIV_94_Pauleoula-CI_NC_014372                2.0854429 2.0938336 2.0735411 2.1986643 2.1986173 0.0000000 0.8081896 1.3639814 1.3654014 1.3642472 1.3653350 1.3843288 1.3851605 1.3865294 1.3836330 1.3839136 1.3839526 1.3839526 1.3837134 1.3835486 1.3847406 1.3832635 1.3857039 1.3839985 1.3845854 1.3849549 1.3840003 1.3849449 1.3840434 1.3839526 1.3840434 1.3850792 1.3846744 1.3841810 1.3841810 1.3844028 1.3823184 1.3838667 1.3824829 1.3835540 1.3835540 1.3840884 1.3842827 1.3851327 1.3852156 1.3842827 1.3842827 1.3845332 1.3845332 1.3842994 1.3846012 1.3844769 1.3858016 1.3857680 1.3856688 1.3870329 1.3830552 1.3839809 1.3840668 1.3857953 1.3857873 1.3840774 1.3847846 1.3839429 1.3836147 1.3848883 1.3828006 1.3851998 1.3846295 1.3846295 1.3849128 1.3846290 1.3826368 1.3854898 1.3834069 1.3839477 1.3824230 1.3824230 1.3853847 1.3865713 1.3851454 1.3873689 1.3849324 1.3843851 1.3843851 1.3846684 1.3859210 1.3826299 1.3826299 1.3815135 1.3816123 1.3865471 1.3790672 
BDBV_H.sap-xx_COD_12_EboBund-122_KC545395                  2.1244753 2.1424312 2.0941461 2.2299218 2.2298724 0.8081896 0.0000000 1.3246661 1.3259310 1.3249399 1.3259536 1.3505296 1.3513341 1.3515397 1.3537137 1.3536403 1.3517379 1.3517379 1.3515844 1.3530714 1.3527893 1.3539098 1.3549714 1.3539672 1.3543996 1.3529365 1.3507982 1.3517521 1.3519753 1.3518850 1.3519753 1.3520238 1.3516871 1.3520390 1.3520390 1.3522606 1.3524241 1.3513401 1.3517973 1.3529141 1.3529141 1.3515617 1.3517552 1.3530351 1.3521722 1.3517552 1.3522141 1.3502733 1.3502733 1.3519087 1.3520660 1.3514261 1.3522634 1.3520939 1.3518947 1.3530913 1.3512759 1.3514555 1.3510731 1.3528121 1.3536080 1.3524968 1.3519023 1.3515641 1.3515483 1.3515123 1.3486446 1.3516177 1.3520954 1.3520954 1.3526776 1.3531115 1.3530766 1.3533469 1.3508911 1.3515669 1.3508026 1.3508026 1.3529898 1.3532004 1.3527509 1.3526343 1.3525335 1.3513346 1.3513346 1.3518397 1.3532961 1.3514692 1.3514692 1.3443813 1.3447240 1.3483199 1.3403202 
EBOV_H.sap-tc_COD_07_1Luebo_KC242786                       1.8627958 1.8699632 1.8624790 1.9710991 1.9710615 1.3639814 1.3246661 0.0000000 0.0002597 0.0002078 0.0010406 0.0309032 0.0304578 0.0307467 0.0311929 0.0311928 0.0304032 0.0304032 0.0304600 0.0308030 0.0312070 0.0306350 0.0310422 0.0306904 0.0307484 0.0310346 0.0312036 0.0310835 0.0304598 0.0305160 0.0304598 0.0311435 0.0306294 0.0306860 0.0306860 0.0307422 0.0306966 0.0305731 0.0311994 0.0308030 0.0308030 0.0305165 0.0305162 0.0306327 0.0307442 0.0305162 0.0307421 0.0305260 0.0305260 0.0305727 0.0305805 0.0306293 0.0309781 0.0308651 0.0310899 0.0314379 0.0309115 0.0306295 0.0309121 0.0312611 0.0310879 0.0311373 0.0313084 0.0310250 0.0309115 0.0306858 0.0309717 0.0308033 0.0306896 0.0306896 0.0309146 0.0309275 0.0310271 0.0309773 0.0304602 0.0306299 0.0309189 0.0309189 0.0306890 0.0310843 0.0307459 0.0309787 0.0303474 0.0300050 0.0300050 0.0300619 0.0303472 0.0302242 0.0302242 0.0212033 0.0217634 0.0212155 0.0182637 
EBOV_H.sap-tc_COD_07_M-M_HQ613403                          1.8636185 1.8703857 1.8630372 1.9715510 1.9715133 1.3654014 1.3259310 0.0002597 0.0000000 0.0001558 0.0009886 0.0308488 0.0304034 0.0306923 0.0311385 0.0311383 0.0303488 0.0303488 0.0304056 0.0307486 0.0311525 0.0305806 0.0309877 0.0306360 0.0306939 0.0309802 0.0311491 0.0310291 0.0304054 0.0304616 0.0304054 0.0310891 0.0305750 0.0306316 0.0306316 0.0306878 0.0306421 0.0305187 0.0311449 0.0307486 0.0307486 0.0304621 0.0304618 0.0305783 0.0306898 0.0304618 0.0306877 0.0304716 0.0304716 0.0305183 0.0305261 0.0305749 0.0309237 0.0308107 0.0310355 0.0313834 0.0308571 0.0305751 0.0308577 0.0312067 0.0310335 0.0310829 0.0312540 0.0309705 0.0308571 0.0306314 0.0309173 0.0307489 0.0306352 0.0306352 0.0308602 0.0308731 0.0309726 0.0309229 0.0304058 0.0305755 0.0308645 0.0308645 0.0306346 0.0310298 0.0306915 0.0309242 0.0302930 0.0299506 0.0299506 0.0300076 0.0302929 0.0301698 0.0301698 0.0211497 0.0217097 0.0211618 0.0182103 
EBOV_H.sap-tc_COD_07_5Luebo_KC242790                       1.8633032 1.8700674 1.8627225 1.9708460 1.9708084 1.3642472 1.3249399 0.0002078 0.0001558 0.0000000 0.0009364 0.0307902 0.0303449 0.0306337 0.0310799 0.0310797 0.0302903 0.0302903 0.0303471 0.0306900 0.0310939 0.0305221 0.0309291 0.0305775 0.0306354 0.0309215 0.0310905 0.0309704 0.0303469 0.0304031 0.0303469 0.0310304 0.0305164 0.0305730 0.0305730 0.0306293 0.0305836 0.0304602 0.0310863 0.0306900 0.0306900 0.0304036 0.0304033 0.0305197 0.0306312 0.0304033 0.0306291 0.0304131 0.0304131 0.0304598 0.0304676 0.0305164 0.0308651 0.0307521 0.0309768 0.0313247 0.0307985 0.0305166 0.0307991 0.0311480 0.0309749 0.0310243 0.0311953 0.0309119 0.0307985 0.0305729 0.0308587 0.0306904 0.0305766 0.0305766 0.0308016 0.0308144 0.0309140 0.0308643 0.0303473 0.0305170 0.0308059 0.0308059 0.0305760 0.0309712 0.0306329 0.0308656 0.0302345 0.0298922 0.0298922 0.0299492 0.0302344 0.0301114 0.0301114 0.0210933 0.0216532 0.0211054 0.0181545 
EBOV_H.sap-tc_COD_08_034-KS_HQ613402                       1.8662251 1.8730027 1.8657145 1.9739236 1.9738858 1.3653350 1.3259536 0.0010406 0.0009886 0.0009364 0.0000000 0.0317063 0.0312600 0.0315498 0.0319968 0.0319967 0.0312054 0.0312054 0.0312623 0.0316062 0.0320113 0.0314379 0.0318462 0.0314934 0.0315515 0.0318384 0.0320078 0.0318872 0.0312621 0.0313185 0.0312621 0.0319475 0.0314321 0.0314888 0.0314888 0.0315452 0.0314997 0.0313757 0.0320034 0.0316062 0.0316062 0.0313189 0.0313187 0.0314355 0.0315472 0.0313187 0.0315450 0.0313287 0.0313287 0.0313753 0.0313833 0.0314320 0.0317819 0.0316686 0.0318938 0.0322428 0.0317148 0.0314323 0.0317154 0.0320654 0.0318918 0.0319411 0.0321126 0.0318285 0.0317149 0.0314886 0.0317752 0.0316065 0.0314925 0.0314925 0.0317180 0.0317312 0.0318307 0.0317270 0.0312625 0.0314327 0.0317224 0.0317224 0.0314919 0.0318880 0.0315489 0.0317824 0.0311495 0.0308063 0.0308063 0.0308633 0.0311493 0.0310257 0.0310257 0.0219823 0.0225439 0.0218843 0.0190350 
EBOV_H.sap-wt_GIN_14_Makona-Gueckedou-EM_080076_KR817235   1.8705508 1.8829829 1.8646518 1.9987939 1.9987553 1.3843288 1.3505296 0.0309032 0.0308488 0.0307902 0.0317063 0.0000000 0.0011434 0.0015615 0.0022923 0.0021878 0.0014571 0.0014571 0.0015092 0.0018224 0.0020839 0.0016659 0.0019276 0.0017181 0.0017703 0.0019271 0.0021881 0.0020832 0.0015092 0.0015613 0.0015092 0.0021357 0.0016657 0.0018222 0.0018222 0.0018743 0.0018228 0.0017178 0.0022923 0.0020312 0.0020312 0.0016657 0.0015613 0.0016658 0.0017701 0.0015613 0.0017700 0.0017180 0.0017180 0.0016135 0.0016139 0.0016656 0.0018749 0.0017705 0.0020837 0.0022932 0.0019265 0.0016657 0.0019265 0.0023450 0.0020835 0.0021353 0.0022921 0.0020309 0.0019265 0.0018223 0.0020314 0.0018224 0.0017180 0.0017180 0.0019267 0.0019796 0.0020310 0.0020837 0.0018225 0.0019791 0.0021361 0.0021361 0.0018226 0.0021881 0.0018748 0.0020841 0.0014050 0.0011954 0.0011954 0.0012485 0.0015092 0.0019269 0.0019269 0.0351060 0.0355244 0.0350679 0.0322592 
EBOV_H.sap-wt_GIN_14_Makona-Gueckedou-EM_079702_KR817210   1.8713440 1.8837859 1.8656055 1.9985847 1.9985461 1.3851605 1.3513341 0.0304578 0.0304034 0.0303449 0.0312600 0.0011434 0.0000000 0.0011446 0.0018749 0.0017705 0.0010394 0.0010394 0.0010914 0.0015094 0.0017707 0.0013531 0.0016144 0.0014052 0.0014574 0.0016140 0.0017705 0.0016658 0.0010914 0.0011444 0.0010914 0.0017182 0.0012486 0.0014050 0.0014050 0.0014571 0.0014055 0.0013008 0.0018747 0.0016138 0.0016138 0.0012486 0.0011444 0.0012488 0.0013529 0.0011444 0.0013529 0.0013009 0.0013009 0.0011965 0.0011969 0.0012486 0.0015619 0.0014576 0.0017705 0.0019798 0.0015092 0.0012487 0.0015093 0.0019272 0.0016660 0.0017178 0.0018744 0.0016135 0.0015092 0.0014051 0.0016140 0.0014052 0.0013009 0.0013009 0.0015094 0.0015621 0.0016136 0.0016662 0.0014055 0.0015619 0.0017188 0.0017188 0.0014056 0.0017708 0.0014578 0.0016668 0.0009874 0.0007794 0.0007794 0.0008314 0.0010914 0.0015096 0.0015096 0.0346565 0.0350744 0.0346182 0.0318127 
EBOV_H.sap-wt_GIN_14_Makona-Gueckedou-EM_079587_KR817202   1.8707645 1.8832027 1.8650281 1.9977050 1.9976664 1.3865294 1.3515397 0.0307467 0.0306923 0.0306337 0.0315498 0.0015615 0.0011446 0.0000000 0.0018751 0.0017707 0.0010394 0.0010394 0.0010925 0.0015096 0.0017709 0.0013533 0.0016146 0.0014053 0.0014575 0.0016142 0.0017707 0.0016660 0.0010925 0.0011446 0.0010925 0.0017183 0.0012488 0.0014052 0.0014052 0.0014573 0.0014056 0.0013009 0.0018749 0.0016139 0.0016139 0.0012488 0.0011446 0.0012489 0.0013531 0.0011446 0.0013530 0.0013011 0.0013011 0.0011967 0.0011970 0.0012488 0.0015620 0.0014577 0.0017707 0.0019801 0.0015094 0.0012488 0.0015094 0.0019274 0.0016662 0.0017180 0.0018746 0.0016137 0.0015094 0.0014052 0.0016142 0.0014053 0.0013011 0.0013011 0.0015095 0.0015623 0.0016138 0.0016663 0.0014056 0.0015621 0.0017190 0.0017190 0.0014058 0.0017710 0.0014579 0.0016670 0.0009874 0.0007794 0.0007794 0.0008314 0.0010925 0.0015097 0.0015097 0.0349496 0.0353679 0.0349114 0.0321028 
EBOV_H.sap-wt_GIN_14_Makona-Gueckedou-EM_079750_KR817213   1.8695023 1.8821022 1.8641747 1.9953788 1.9953403 1.3836330 1.3537137 0.0311929 0.0311385 0.0310799 0.0319968 0.0022923 0.0018749 0.0018751 0.0000000 0.0006235 0.0015618 0.0015618 0.0016140 0.0020318 0.0022936 0.0018752 0.0021372 0.0019274 0.0019797 0.0020845 0.0022933 0.0021883 0.0016140 0.0016661 0.0016140 0.0022408 0.0017705 0.0019271 0.0019271 0.0019793 0.0019278 0.0018227 0.0023976 0.0021363 0.0021363 0.0017705 0.0016662 0.0017707 0.0018750 0.0016662 0.0018749 0.0018229 0.0018229 0.0017183 0.0017188 0.0017705 0.0020844 0.0019799 0.0022933 0.0025031 0.0020315 0.0017705 0.0020315 0.0024503 0.0021886 0.0022404 0.0023973 0.0021360 0.0020315 0.0019272 0.0021365 0.0019274 0.0018229 0.0018229 0.0020317 0.0020847 0.0021361 0.0021888 0.0019271 0.0020838 0.0022409 0.0022409 0.0019273 0.0022929 0.0019795 0.0021889 0.0015097 0.0013010 0.0013010 0.0013531 0.0016140 0.0020320 0.0020320 0.0352857 0.0357045 0.0353620 0.0325501 
EBOV_H.sap-wt_GIN_14_Makona-Gueckedou-EM_079910_KR817221   1.8668114 1.8795631 1.8612570 1.9953766 1.9953381 1.3839136 1.3536403 0.0311928 0.0311383 0.0310797 0.0319967 0.0021878 0.0017705 0.0017707 0.0006235 0.0000000 0.0014575 0.0014575 0.0015096 0.0019273 0.0021890 0.0017708 0.0020326 0.0018229 0.0018752 0.0019800 0.0021888 0.0020838 0.0015096 0.0015618 0.0015096 0.0021363 0.0016661 0.0018227 0.0018227 0.0018749 0.0018233 0.0017183 0.0022930 0.0020318 0.0020318 0.0016661 0.0015618 0.0016663 0.0017706 0.0015618 0.0017705 0.0017185 0.0017185 0.0016140 0.0016144 0.0016661 0.0019799 0.0018754 0.0021888 0.0023985 0.0019271 0.0016661 0.0019271 0.0023457 0.0020841 0.0021359 0.0022927 0.0020315 0.0019271 0.0018228 0.0020320 0.0018229 0.0017185 0.0017185 0.0019272 0.0019802 0.0020316 0.0020843 0.0018227 0.0019793 0.0021364 0.0021364 0.0018229 0.0021884 0.0018751 0.0020844 0.0014054 0.0011967 0.0011967 0.0012488 0.0015096 0.0019275 0.0019275 0.0351713 0.0355898 0.0353618 0.0324881 
EBOV_H.sap-wt_LBR_14_Makona-LIBR0430_KR006955              1.8707843 1.8832183 1.8643832 1.9961530 1.9961145 1.3839526 1.3517379 0.0304032 0.0303488 0.0302903 0.0312054 0.0014571 0.0010394 0.0010394 0.0015618 0.0014575 0.0000000 0.0000010 0.0000519 0.0004676 0.0007274 0.0003117 0.0005715 0.0003636 0.0004156 0.0005715 0.0007274 0.0006235 0.0000519 0.0001039 0.0000519 0.0006755 0.0002078 0.0003636 0.0003636 0.0004156 0.0003636 0.0002597 0.0008314 0.0005715 0.0005715 0.0002078 0.0001039 0.0002078 0.0003117 0.0001039 0.0003117 0.0002597 0.0002597 0.0001558 0.0001558 0.0002078 0.0005195 0.0004156 0.0007274 0.0009354 0.0004676 0.0002078 0.0004676 0.0008834 0.0006235 0.0006755 0.0008314 0.0005715 0.0004676 0.0003636 0.0005715 0.0003636 0.0002597 0.0002597 0.0004676 0.0005195 0.0005715 0.0006235 0.0003637 0.0005196 0.0006756 0.0006756 0.0003637 0.0007275 0.0004157 0.0006236 0.0001558 0.0004676 0.0004676 0.0005195 0.0007794 0.0011968 0.0011968 0.0346015 0.0350193 0.0345631 0.0317580 
EBOV_H.sap-wt_SLE_14_Makona-G3734.1_KM233055               1.8707843 1.8832183 1.8643832 1.9961530 1.9961145 1.3839526 1.3517379 0.0304032 0.0303488 0.0302903 0.0312054 0.0014571 0.0010394 0.0010394 0.0015618 0.0014575 0.0000010 0.0000000 0.0000519 0.0004676 0.0007274 0.0003117 0.0005715 0.0003636 0.0004156 0.0005715 0.0007274 0.0006235 0.0000519 0.0001039 0.0000519 0.0006755 0.0002078 0.0003636 0.0003636 0.0004156 0.0003636 0.0002597 0.0008314 0.0005715 0.0005715 0.0002078 0.0001039 0.0002078 0.0003117 0.0001039 0.0003117 0.0002597 0.0002597 0.0001558 0.0001558 0.0002078 0.0005195 0.0004156 0.0007274 0.0009354 0.0004676 0.0002078 0.0004676 0.0008834 0.0006235 0.0006755 0.0008314 0.0005715 0.0004676 0.0003636 0.0005715 0.0003636 0.0002597 0.0002597 0.0004676 0.0005195 0.0005715 0.0006235 0.0003637 0.0005196 0.0006756 0.0006756 0.0003637 0.0007275 0.0004157 0.0006236 0.0001558 0.0004676 0.0004676 0.0005195 0.0007794 0.0011968 0.0011968 0.0346015 0.0350193 0.0345631 0.0317580 
EBOV_H.sap-wt_LBR_15_Makona-Liberia-DQE4_KR074998          1.8707501 1.8831837 1.8643492 1.9965383 1.9964998 1.3837134 1.3515844 0.0304600 0.0304056 0.0303471 0.0312623 0.0015092 0.0010914 0.0010925 0.0016140 0.0015096 0.0000519 0.0000519 0.0000000 0.0005195 0.0007794 0.0003636 0.0006235 0.0004156 0.0004676 0.0006235 0.0007794 0.0006755 0.0001039 0.0001558 0.0001039 0.0007274 0.0002597 0.0004156 0.0004156 0.0004676 0.0004156 0.0003117 0.0008834 0.0006235 0.0006235 0.0002597 0.0001558 0.0002597 0.0003636 0.0001558 0.0003636 0.0003117 0.0003117 0.0002078 0.0002078 0.0002597 0.0005715 0.0004676 0.0007794 0.0009885 0.0005195 0.0002597 0.0005195 0.0009354 0.0006755 0.0007274 0.0008834 0.0006235 0.0005195 0.0004156 0.0006235 0.0004156 0.0003117 0.0003117 0.0005195 0.0005715 0.0006235 0.0006755 0.0004157 0.0005716 0.0007275 0.0007275 0.0004157 0.0007795 0.0004676 0.0006756 0.0002078 0.0005195 0.0005195 0.0005715 0.0008314 0.0012489 0.0012489 0.0346590 0.0350769 0.0346207 0.0318150 
EBOV_H.sap-wt_GIN_14_Makona-Kankan-EM_078639_KR817166      1.8708135 1.8830753 1.8644118 1.9968959 1.9968573 1.3835486 1.3530714 0.0308030 0.0307486 0.0306900 0.0316062 0.0018224 0.0015094 0.0015096 0.0020318 0.0019273 0.0004676 0.0004676 0.0005195 0.0000000 0.0006755 0.0003636 0.0006235 0.0004156 0.0004676 0.0009354 0.0011967 0.0010914 0.0005195 0.0005715 0.0005195 0.0011445 0.0006755 0.0008314 0.0008314 0.0008834 0.0008314 0.0007274 0.0013008 0.0010394 0.0010394 0.0006755 0.0005715 0.0006755 0.0007794 0.0005715 0.0007794 0.0007275 0.0007275 0.0006235 0.0006235 0.0006755 0.0009874 0.0008834 0.0011967 0.0014056 0.0009354 0.0006755 0.0009354 0.0013531 0.0010924 0.0011434 0.0013006 0.0010394 0.0009354 0.0008314 0.0010404 0.0008314 0.0007274 0.0007274 0.0009354 0.0009885 0.0010394 0.0010925 0.0008315 0.0009876 0.0011449 0.0011449 0.0008315 0.0011969 0.0008835 0.0010929 0.0006235 0.0009354 0.0009354 0.0009874 0.0012488 0.0016663 0.0016663 0.0350064 0.0354248 0.0349682 0.0321593 
EBOV_H.sap-wt_GIN_14_Makona-Faranah-EM_078415_KR817160     1.8708936 1.8833270 1.8638262 1.9946372 1.9945987 1.3847406 1.3527893 0.0312070 0.0311525 0.0310939 0.0320113 0.0020839 0.0017707 0.0017709 0.0022936 0.0021890 0.0007274 0.0007274 0.0007794 0.0006755 0.0000000 0.0006235 0.0008844 0.0006755 0.0007274 0.0011970 0.0014577 0.0013531 0.0007794 0.0008314 0.0007794 0.0014054 0.0009354 0.0010925 0.0010925 0.0011446 0.0010929 0.0009874 0.0015618 0.0013011 0.0013011 0.0009354 0.0008314 0.0009354 0.0010405 0.0008314 0.0010394 0.0009875 0.0009875 0.0008834 0.0008844 0.0009354 0.0012492 0.0011449 0.0014577 0.0016668 0.0011967 0.0009354 0.0011967 0.0016143 0.0013533 0.0014051 0.0015616 0.0013009 0.0011967 0.0010926 0.0013013 0.0010927 0.0009884 0.0009884 0.0011968 0.0011969 0.0013010 0.0013534 0.0010929 0.0012492 0.0014059 0.0014059 0.0010930 0.0014579 0.0011451 0.0013539 0.0008834 0.0011969 0.0011969 0.0012490 0.0015098 0.0019277 0.0019277 0.0354160 0.0358351 0.0353780 0.0325648 
EBOV_H.sap-wt_GIN_14_Makona-Macenta-EM_076191_KR817141     1.8709801 1.8834190 1.8645763 1.9952296 1.9951911 1.3832635 1.3539098 0.0306350 0.0305806 0.0305221 0.0314379 0.0016659 0.0013531 0.0013533 0.0018752 0.0017708 0.0003117 0.0003117 0.0003636 0.0003636 0.0006235 0.0000000 0.0004676 0.0002597 0.0003117 0.0007794 0.0010405 0.0009354 0.0003636 0.0004156 0.0003636 0.0009874 0.0005195 0.0006755 0.0006755 0.0007274 0.0006755 0.0005715 0.0011445 0.0008834 0.0008834 0.0005195 0.0004156 0.0005195 0.0006235 0.0004156 0.0006235 0.0005715 0.0005715 0.0004676 0.0004676 0.0005195 0.0008314 0.0007274 0.0010405 0.0012492 0.0007794 0.0005195 0.0007794 0.0011968 0.0009354 0.0009874 0.0011434 0.0008834 0.0007794 0.0006755 0.0008834 0.0006755 0.0005715 0.0005715 0.0007794 0.0008314 0.0008834 0.0009354 0.0006756 0.0008315 0.0009887 0.0009887 0.0006756 0.0010406 0.0007275 0.0009367 0.0004676 0.0007794 0.0007794 0.0008314 0.0010925 0.0015098 0.0015098 0.0347871 0.0352053 0.0347985 0.0319908 
EBOV_H.sap-wt_GIN_14_Makona-Beyla-EM_075931_KR817138       1.8687495 1.8811697 1.8623560 1.9939007 1.9938622 1.3857039 1.3549714 0.0310422 0.0309877 0.0309291 0.0318462 0.0019276 0.0016144 0.0016146 0.0021372 0.0020326 0.0005715 0.0005715 0.0006235 0.0006235 0.0008844 0.0004676 0.0000000 0.0005195 0.0005715 0.0010409 0.0013015 0.0011970 0.0006235 0.0006755 0.0006235 0.0012492 0.0007794 0.0009364 0.0009364 0.0009885 0.0009367 0.0008314 0.0014056 0.0011449 0.0011449 0.0007794 0.0006755 0.0007794 0.0008834 0.0006755 0.0008834 0.0008315 0.0008315 0.0007274 0.0007274 0.0007794 0.0010930 0.0009888 0.0013015 0.0015105 0.0010406 0.0007794 0.0010406 0.0014580 0.0011971 0.0012490 0.0014054 0.0011448 0.0010406 0.0009365 0.0011451 0.0009365 0.0008314 0.0008314 0.0010407 0.0010932 0.0011449 0.0011972 0.0009367 0.0010931 0.0012497 0.0012497 0.0009368 0.0013017 0.0009889 0.0011977 0.0007274 0.0010407 0.0010407 0.0010928 0.0013536 0.0017714 0.0017714 0.0352499 0.0356688 0.0352118 0.0323997 
EBOV_H.sap-wt_GIN_14_Makona-Kissidougou-EM_078694_KR817171 1.8704148 1.8828476 1.8640144 1.9958358 1.9957973 1.3839985 1.3539672 0.0306904 0.0306360 0.0305775 0.0314934 0.0017181 0.0014052 0.0014053 0.0019274 0.0018229 0.0003636 0.0003636 0.0004156 0.0004156 0.0006755 0.0002597 0.0005195 0.0000000 0.0000519 0.0008314 0.0010925 0.0009874 0.0004156 0.0004676 0.0004156 0.0010394 0.0005715 0.0007274 0.0007274 0.0007794 0.0007274 0.0006235 0.0011966 0.0009354 0.0009354 0.0005715 0.0004676 0.0005715 0.0006755 0.0004676 0.0006755 0.0006235 0.0006235 0.0005195 0.0005195 0.0005715 0.0008834 0.0007794 0.0010925 0.0013013 0.0008314 0.0005715 0.0008314 0.0012489 0.0009874 0.0010394 0.0011954 0.0009354 0.0008314 0.0007274 0.0009354 0.0007274 0.0006235 0.0006235 0.0008314 0.0008834 0.0009354 0.0009874 0.0007275 0.0008835 0.0010407 0.0010407 0.0007275 0.0010927 0.0007795 0.0009887 0.0005195 0.0008314 0.0008314 0.0008834 0.0011446 0.0015619 0.0015619 0.0350069 0.0354253 0.0349687 0.0321597 
EBOV_H.sap-wt_GIN_14_Makona-Kissidougou-EM_078722_KR817175 1.8695828 1.8820094 1.8631858 1.9949395 1.9949010 1.3845854 1.3543996 0.0307484 0.0306939 0.0306354 0.0315515 0.0017703 0.0014574 0.0014575 0.0019797 0.0018752 0.0004156 0.0004156 0.0004676 0.0004676 0.0007274 0.0003117 0.0005715 0.0000519 0.0000000 0.0008834 0.0011447 0.0010394 0.0004676 0.0005195 0.0004676 0.0010925 0.0006235 0.0007794 0.0007794 0.0008314 0.0007794 0.0006755 0.0012487 0.0009874 0.0009874 0.0006235 0.0005195 0.0006235 0.0007274 0.0005195 0.0007274 0.0006755 0.0006755 0.0005715 0.0005715 0.0006235 0.0009354 0.0008314 0.0011447 0.0013535 0.0008834 0.0006235 0.0008834 0.0013011 0.0010394 0.0010914 0.0012486 0.0009874 0.0008834 0.0007794 0.0009874 0.0007794 0.0006755 0.0006755 0.0008834 0.0009365 0.0009874 0.0010405 0.0007795 0.0009356 0.0010929 0.0010929 0.0007795 0.0011448 0.0008315 0.0010409 0.0005715 0.0008834 0.0008834 0.0009354 0.0011967 0.0016142 0.0016142 0.0350656 0.0354842 0.0350275 0.0322178 
EBOV_H.sap-wt_LBR_14_Makona-LIBR0505_KR006957              1.8724049 1.8854108 1.8659981 1.9967811 1.9967425 1.3849549 1.3529365 0.0310346 0.0309802 0.0309215 0.0318384 0.0019271 0.0016140 0.0016142 0.0020845 0.0019800 0.0005715 0.0005715 0.0006235 0.0009354 0.0011970 0.0007794 0.0010409 0.0008314 0.0008834 0.0000000 0.0013011 0.0011967 0.0006235 0.0006755 0.0006235 0.0012489 0.0007794 0.0009354 0.0009354 0.0009874 0.0009365 0.0008314 0.0014052 0.0011446 0.0011446 0.0007794 0.0006755 0.0007794 0.0008834 0.0006755 0.0008834 0.0008315 0.0008315 0.0007274 0.0007274 0.0007794 0.0010927 0.0009885 0.0013011 0.0015101 0.0010394 0.0007794 0.0010394 0.0014576 0.0011968 0.0012487 0.0014051 0.0011445 0.0010394 0.0009354 0.0011448 0.0009354 0.0008314 0.0008314 0.0010394 0.0010929 0.0011446 0.0011969 0.0009356 0.0010928 0.0012494 0.0012494 0.0009366 0.0013013 0.0009887 0.0011974 0.0007274 0.0010404 0.0010404 0.0010926 0.0013532 0.0017709 0.0017709 0.0352414 0.0356602 0.0352033 0.0323918 
EBOV_H.sap-wt_SLE_14_Makona-Kailahun-20140517_KR653263     1.8730156 1.8852912 1.8664336 1.9947703 1.9947318 1.3840003 1.3507982 0.0312036 0.0311491 0.0310905 0.0320078 0.0021881 0.0017705 0.0017707 0.0022933 0.0021888 0.0007274 0.0007274 0.0007794 0.0011967 0.0014577 0.0010405 0.0013015 0.0010925 0.0011447 0.0013011 0.0000000 0.0006235 0.0006755 0.0007274 0.0006755 0.0014053 0.0009354 0.0010914 0.0010914 0.0011445 0.0010928 0.0009874 0.0015617 0.0013009 0.0013009 0.0009354 0.0008314 0.0009354 0.0010394 0.0008314 0.0010394 0.0009875 0.0009875 0.0008834 0.0008834 0.0009354 0.0012490 0.0011448 0.0014575 0.0016666 0.0011966 0.0009354 0.0011966 0.0016141 0.0013532 0.0014050 0.0015615 0.0013008 0.0011966 0.0010924 0.0013011 0.0010925 0.0009874 0.0009874 0.0011967 0.0012492 0.0013009 0.0013533 0.0010927 0.0012491 0.0014058 0.0014058 0.0010928 0.0014578 0.0011450 0.0013538 0.0008834 0.0011967 0.0011967 0.0012489 0.0015096 0.0019275 0.0019275 0.0354122 0.0358312 0.0353741 0.0325613 
EBOV_H.sap-wt_SLE_14_Makona-G4973_1_KR105286               1.8719447 1.8842121 1.8653675 1.9971620 1.9971235 1.3849449 1.3517521 0.0310835 0.0310291 0.0309704 0.0318872 0.0020832 0.0016658 0.0016660 0.0021883 0.0020838 0.0006235 0.0006235 0.0006755 0.0010914 0.0013531 0.0009354 0.0011970 0.0009874 0.0010394 0.0011967 0.0006235 0.0000000 0.0005715 0.0006235 0.0005715 0.0013007 0.0008314 0.0009874 0.0009874 0.0010394 0.0009874 0.0008834 0.0014571 0.0011965 0.0011965 0.0008314 0.0007274 0.0008314 0.0009354 0.0007274 0.0009354 0.0008835 0.0008835 0.0007794 0.0007794 0.0008314 0.0011446 0.0010394 0.0013530 0.0015619 0.0010914 0.0008314 0.0010914 0.0015095 0.0012486 0.0012995 0.0014569 0.0011954 0.0010914 0.0009874 0.0011966 0.0009874 0.0008834 0.0008834 0.0010914 0.0011447 0.0011954 0.0012488 0.0009876 0.0011446 0.0013012 0.0013012 0.0009876 0.0013532 0.0010396 0.0012492 0.0007794 0.0010914 0.0010914 0.0011434 0.0014051 0.0018227 0.0018227 0.0352898 0.0357085 0.0352517 0.0324405 
EBOV_H.sap-wt_SLE_14_Makona-G3799_KM233080                 1.8709064 1.8833410 1.8645048 1.9962818 1.9962432 1.3840434 1.3519753 0.0304598 0.0304054 0.0303469 0.0312621 0.0015092 0.0010914 0.0010925 0.0016140 0.0015096 0.0000519 0.0000519 0.0001039 0.0005195 0.0007794 0.0003636 0.0006235 0.0004156 0.0004676 0.0006235 0.0006755 0.0005715 0.0000000 0.0000519 0.0000010 0.0007274 0.0002597 0.0004156 0.0004156 0.0004676 0.0004156 0.0003117 0.0008834 0.0006235 0.0006235 0.0002597 0.0001558 0.0002597 0.0003636 0.0001558 0.0003636 0.0003117 0.0003117 0.0002078 0.0002078 0.0002597 0.0005715 0.0004676 0.0007794 0.0009885 0.0005195 0.0002597 0.0005195 0.0009354 0.0006755 0.0007274 0.0008834 0.0006235 0.0005195 0.0004156 0.0006235 0.0004156 0.0003117 0.0003117 0.0005195 0.0005715 0.0006235 0.0006755 0.0004157 0.0005716 0.0007275 0.0007275 0.0004157 0.0007795 0.0004676 0.0006756 0.0002078 0.0005195 0.0005195 0.0005715 0.0008314 0.0012489 0.0012489 0.0346588 0.0350766 0.0346204 0.0318148 
EBOV_H.sap-wt_SLE_14_Makona-G3788_KM233075                 1.8706188 1.8830528 1.8642177 1.9961530 1.9961145 1.3839526 1.3518850 0.0305160 0.0304616 0.0304031 0.0313185 0.0015613 0.0011444 0.0011446 0.0016661 0.0015618 0.0001039 0.0001039 0.0001558 0.0005715 0.0008314 0.0004156 0.0006755 0.0004676 0.0005195 0.0006755 0.0007274 0.0006235 0.0000519 0.0000000 0.0000519 0.0007794 0.0003117 0.0004676 0.0004676 0.0005195 0.0004676 0.0003636 0.0009354 0.0006755 0.0006755 0.0003117 0.0002078 0.0003117 0.0004156 0.0002078 0.0004156 0.0003636 0.0003636 0.0002597 0.0002597 0.0003117 0.0006235 0.0005195 0.0008314 0.0010406 0.0005715 0.0003117 0.0005715 0.0009874 0.0007274 0.0007794 0.0009354 0.0006755 0.0005715 0.0004676 0.0006755 0.0004676 0.0003636 0.0003636 0.0005715 0.0006235 0.0006755 0.0007274 0.0004676 0.0006236 0.0007795 0.0007795 0.0004676 0.0008315 0.0005196 0.0007275 0.0002597 0.0005715 0.0005715 0.0006235 0.0008834 0.0013010 0.0013010 0.0347156 0.0351336 0.0346773 0.0318712 
EBOV_H.sap-wt_SLE_14_Makona-G3677.2_KM034557               1.8709064 1.8833410 1.8645048 1.9962818 1.9962432 1.3840434 1.3519753 0.0304598 0.0304054 0.0303469 0.0312621 0.0015092 0.0010914 0.0010925 0.0016140 0.0015096 0.0000519 0.0000519 0.0001039 0.0005195 0.0007794 0.0003636 0.0006235 0.0004156 0.0004676 0.0006235 0.0006755 0.0005715 0.0000010 0.0000519 0.0000000 0.0007274 0.0002597 0.0004156 0.0004156 0.0004676 0.0004156 0.0003117 0.0008834 0.0006235 0.0006235 0.0002597 0.0001558 0.0002597 0.0003636 0.0001558 0.0003636 0.0003117 0.0003117 0.0002078 0.0002078 0.0002597 0.0005715 0.0004676 0.0007794 0.0009885 0.0005195 0.0002597 0.0005195 0.0009354 0.0006755 0.0007274 0.0008834 0.0006235 0.0005195 0.0004156 0.0006235 0.0004156 0.0003117 0.0003117 0.0005195 0.0005715 0.0006235 0.0006755 0.0004157 0.0005716 0.0007275 0.0007275 0.0004157 0.0007795 0.0004676 0.0006756 0.0002078 0.0005195 0.0005195 0.0005715 0.0008314 0.0012489 0.0012489 0.0346588 0.0350766 0.0346204 0.0318148 
EBOV_H.sap-wt_SLE_14_Makona-Kenema-G5059_1_KR105296        1.8703462 1.8830027 1.8641108 1.9980055 1.9979669 1.3850792 1.3520238 0.0311435 0.0310891 0.0310304 0.0319475 0.0021357 0.0017182 0.0017183 0.0022408 0.0021363 0.0006755 0.0006755 0.0007274 0.0011445 0.0014054 0.0009874 0.0012492 0.0010394 0.0010925 0.0012489 0.0014053 0.0013007 0.0007274 0.0007794 0.0007274 0.0000000 0.0004676 0.0006235 0.0006235 0.0006755 0.0008314 0.0007274 0.0013008 0.0010394 0.0010394 0.0006755 0.0005715 0.0006755 0.0007794 0.0005715 0.0007794 0.0007275 0.0007275 0.0006235 0.0006235 0.0006755 0.0009874 0.0008834 0.0011967 0.0014056 0.0009354 0.0006755 0.0009354 0.0013532 0.0010925 0.0011434 0.0013007 0.0010394 0.0009354 0.0008314 0.0010405 0.0008314 0.0007274 0.0007274 0.0009354 0.0011970 0.0012486 0.0013010 0.0010396 0.0011969 0.0013535 0.0013535 0.0010406 0.0014055 0.0010928 0.0013015 0.0008314 0.0011445 0.0011445 0.0011966 0.0014574 0.0018751 0.0018751 0.0353509 0.0357698 0.0353128 0.0324468 
EBOV_H.sap-wt_SLE_14_Makona-Kenema-G4702_1_KR105265        1.8712297 1.8838883 1.8648275 1.9959732 1.9959347 1.3846744 1.3516871 0.0306294 0.0305750 0.0305164 0.0314321 0.0016657 0.0012486 0.0012488 0.0017705 0.0016661 0.0002078 0.0002078 0.0002597 0.0006755 0.0009354 0.0005195 0.0007794 0.0005715 0.0006235 0.0007794 0.0009354 0.0008314 0.0002597 0.0003117 0.0002597 0.0004676 0.0000000 0.0001558 0.0001558 0.0002078 0.0003636 0.0002597 0.0008314 0.0005715 0.0005715 0.0002078 0.0001039 0.0002078 0.0003117 0.0001039 0.0003117 0.0002597 0.0002597 0.0001558 0.0001558 0.0002078 0.0005195 0.0004156 0.0007274 0.0009354 0.0004676 0.0002078 0.0004676 0.0008834 0.0006235 0.0006755 0.0008314 0.0005715 0.0004676 0.0003636 0.0005715 0.0003636 0.0002597 0.0002597 0.0004676 0.0007274 0.0007794 0.0008314 0.0005716 0.0007275 0.0008835 0.0008835 0.0005716 0.0009356 0.0006236 0.0008315 0.0003636 0.0006755 0.0006755 0.0007274 0.0009874 0.0014053 0.0014053 0.0348303 0.0352484 0.0347920 0.0319309 
EBOV_H.sap-wt_SLE_14_Makona-Kenema-G4350_1_KR105242        1.8722426 1.8849050 1.8658382 1.9952303 1.9951918 1.3841810 1.3520390 0.0306860 0.0306316 0.0305730 0.0314888 0.0018222 0.0014050 0.0014052 0.0019271 0.0018227 0.0003636 0.0003636 0.0004156 0.0008314 0.0010925 0.0006755 0.0009364 0.0007274 0.0007794 0.0009354 0.0010914 0.0009874 0.0004156 0.0004676 0.0004156 0.0006235 0.0001558 0.0000000 0.0000010 0.0000519 0.0005195 0.0004156 0.0009874 0.0007274 0.0007274 0.0003636 0.0002597 0.0003636 0.0004676 0.0002597 0.0004676 0.0004156 0.0004156 0.0003117 0.0003117 0.0003636 0.0006755 0.0005715 0.0008834 0.0010927 0.0006235 0.0003636 0.0006235 0.0010394 0.0007794 0.0008314 0.0009874 0.0007274 0.0006235 0.0005195 0.0007274 0.0005195 0.0004156 0.0004156 0.0006235 0.0008834 0.0009354 0.0009874 0.0007275 0.0008835 0.0010406 0.0010406 0.0007275 0.0010916 0.0007795 0.0009886 0.0005195 0.0008314 0.0008314 0.0008834 0.0011445 0.0015617 0.0015617 0.0348876 0.0353057 0.0348493 0.0319877 
EBOV_H.sap-wt_SLE_14_Makona-Kenema-G4971_1_KR105284        1.8722426 1.8849050 1.8658382 1.9952303 1.9951918 1.3841810 1.3520390 0.0306860 0.0306316 0.0305730 0.0314888 0.0018222 0.0014050 0.0014052 0.0019271 0.0018227 0.0003636 0.0003636 0.0004156 0.0008314 0.0010925 0.0006755 0.0009364 0.0007274 0.0007794 0.0009354 0.0010914 0.0009874 0.0004156 0.0004676 0.0004156 0.0006235 0.0001558 0.0000010 0.0000000 0.0000519 0.0005195 0.0004156 0.0009874 0.0007274 0.0007274 0.0003636 0.0002597 0.0003636 0.0004676 0.0002597 0.0004676 0.0004156 0.0004156 0.0003117 0.0003117 0.0003636 0.0006755 0.0005715 0.0008834 0.0010927 0.0006235 0.0003636 0.0006235 0.0010394 0.0007794 0.0008314 0.0009874 0.0007274 0.0006235 0.0005195 0.0007274 0.0005195 0.0004156 0.0004156 0.0006235 0.0008834 0.0009354 0.0009874 0.0007275 0.0008835 0.0010406 0.0010406 0.0007275 0.0010916 0.0007795 0.0009886 0.0005195 0.0008314 0.0008314 0.0008834 0.0011445 0.0015617 0.0015617 0.0348876 0.0353057 0.0348493 0.0319877 
EBOV_H.sap-wt_SLE_14_Makona-Kenema-G4856_1_KR105273        1.8725154 1.8851785 1.8661105 1.9952811 1.9952426 1.3844028 1.3522606 0.0307422 0.0306878 0.0306293 0.0315452 0.0018743 0.0014571 0.0014573 0.0019793 0.0018749 0.0004156 0.0004156 0.0004676 0.0008834 0.0011446 0.0007274 0.0009885 0.0007794 0.0008314 0.0009874 0.0011445 0.0010394 0.0004676 0.0005195 0.0004676 0.0006755 0.0002078 0.0000519 0.0000519 0.0000000 0.0005715 0.0004676 0.0010394 0.0007794 0.0007794 0.0004156 0.0003117 0.0004156 0.0005195 0.0003117 0.0005195 0.0004676 0.0004676 0.0003636 0.0003636 0.0004156 0.0007274 0.0006235 0.0009354 0.0011448 0.0006755 0.0004156 0.0006755 0.0010924 0.0008314 0.0008834 0.0010394 0.0007794 0.0006755 0.0005715 0.0007794 0.0005715 0.0004676 0.0004676 0.0006755 0.0009354 0.0009874 0.0010394 0.0007795 0.0009356 0.0010927 0.0010927 0.0007795 0.0011447 0.0008315 0.0010407 0.0005715 0.0008834 0.0008834 0.0009354 0.0011965 0.0016139 0.0016139 0.0349444 0.0353627 0.0349062 0.0320441 
EBOV_H.sap-wt_SLE_14_Makona-Bonthe-G5723_1_KR105319        1.8722897 1.8847321 1.8658837 1.9933110 1.9932726 1.3823184 1.3524241 0.0306966 0.0306421 0.0305836 0.0314997 0.0018228 0.0014055 0.0014056 0.0019278 0.0018233 0.0003636 0.0003636 0.0004156 0.0008314 0.0010929 0.0006755 0.0009367 0.0007274 0.0007794 0.0009365 0.0010928 0.0009874 0.0004156 0.0004676 0.0004156 0.0008314 0.0003636 0.0005195 0.0005195 0.0005715 0.0000000 0.0002078 0.0007794 0.0005195 0.0005195 0.0001558 0.0002597 0.0003636 0.0004676 0.0002597 0.0004676 0.0004156 0.0004156 0.0003117 0.0003117 0.0003636 0.0006755 0.0005715 0.0008834 0.0010930 0.0006235 0.0003636 0.0006235 0.0010407 0.0007794 0.0008314 0.0009874 0.0007274 0.0006235 0.0005195 0.0007274 0.0005195 0.0004156 0.0004156 0.0006235 0.0008845 0.0009354 0.0009886 0.0007275 0.0008835 0.0010409 0.0010409 0.0007275 0.0010929 0.0007795 0.0009890 0.0005195 0.0008314 0.0008314 0.0008834 0.0011448 0.0015623 0.0015623 0.0348996 0.0353179 0.0348613 0.0320528 
EBOV_H.sap-wt_SLE_14_Makona-J0042_KP759711                 1.8715172 1.8839536 1.8651146 1.9958880 1.9958495 1.3838667 1.3513401 0.0305731 0.0305187 0.0304602 0.0313757 0.0017178 0.0013008 0.0013009 0.0018227 0.0017183 0.0002597 0.0002597 0.0003117 0.0007274 0.0009874 0.0005715 0.0008314 0.0006235 0.0006755 0.0008314 0.0009874 0.0008834 0.0003117 0.0003636 0.0003117 0.0007274 0.0002597 0.0004156 0.0004156 0.0004676 0.0002078 0.0000000 0.0006755 0.0004156 0.0004156 0.0000519 0.0001558 0.0002597 0.0003636 0.0001558 0.0003636 0.0003117 0.0003117 0.0002078 0.0002078 0.0002597 0.0005715 0.0004676 0.0007794 0.0009885 0.0005195 0.0002597 0.0005195 0.0009354 0.0006755 0.0007274 0.0008834 0.0006235 0.0005195 0.0004156 0.0006235 0.0004156 0.0003117 0.0003117 0.0005195 0.0007794 0.0008314 0.0008834 0.0006236 0.0007795 0.0009356 0.0009356 0.0006236 0.0009876 0.0006756 0.0008835 0.0004156 0.0007274 0.0007274 0.0007794 0.0010394 0.0014574 0.0014574 0.0347734 0.0351915 0.0347351 0.0319285 
EBOV_H.sap-wt_SLE_14_Makona-J0150_KP759696                 1.8719665 1.8844039 1.8655631 1.9941213 1.9940828 1.3824829 1.3517973 0.0311994 0.0311449 0.0310863 0.0320034 0.0022923 0.0018747 0.0018749 0.0023976 0.0022930 0.0008314 0.0008314 0.0008834 0.0013008 0.0015618 0.0011445 0.0014056 0.0011966 0.0012487 0.0014052 0.0015617 0.0014571 0.0008834 0.0009354 0.0008834 0.0013008 0.0008314 0.0009874 0.0009874 0.0010394 0.0007794 0.0006755 0.0000000 0.0009874 0.0009874 0.0006235 0.0007274 0.0008314 0.0009354 0.0007274 0.0009354 0.0008835 0.0008835 0.0007794 0.0007794 0.0008314 0.0011447 0.0010405 0.0013531 0.0015621 0.0010914 0.0008314 0.0010914 0.0015096 0.0012487 0.0013006 0.0014570 0.0011954 0.0010914 0.0009874 0.0011967 0.0009874 0.0008834 0.0008834 0.0010914 0.0013533 0.0014049 0.0014574 0.0011968 0.0013532 0.0015099 0.0015099 0.0011969 0.0015619 0.0012491 0.0014579 0.0009874 0.0013008 0.0013008 0.0013529 0.0016138 0.0020317 0.0020317 0.0353530 0.0357720 0.0353692 0.0325568 
EBOV_H.sap-wt_SLE_14_Makona-J0171_KP759707                 1.8713965 1.8838280 1.8658190 1.9967574 1.9967189 1.3835540 1.3529141 0.0308030 0.0307486 0.0306900 0.0316062 0.0020312 0.0016138 0.0016139 0.0021363 0.0020318 0.0005715 0.0005715 0.0006235 0.0010394 0.0013011 0.0008834 0.0011449 0.0009354 0.0009874 0.0011446 0.0013009 0.0011965 0.0006235 0.0006755 0.0006235 0.0010394 0.0005715 0.0007274 0.0007274 0.0007794 0.0005195 0.0004156 0.0009874 0.0000000 0.0000010 0.0003636 0.0004676 0.0005715 0.0006755 0.0004676 0.0006755 0.0006235 0.0006235 0.0005195 0.0005195 0.0005715 0.0008834 0.0007794 0.0010925 0.0013013 0.0008314 0.0005715 0.0008314 0.0012489 0.0009874 0.0010394 0.0011954 0.0009354 0.0008314 0.0007274 0.0009354 0.0007274 0.0006235 0.0006235 0.0008314 0.0010927 0.0011434 0.0011967 0.0009356 0.0010926 0.0012492 0.0012492 0.0009356 0.0013011 0.0009876 0.0011972 0.0007274 0.0010394 0.0010394 0.0010914 0.0013530 0.0017706 0.0017706 0.0348917 0.0353100 0.0348535 0.0321006 
