94
RESTV_S.dom-xx_PHL_08_Reston08-C_FJ621584                  0.0000000 0.0342009 0.0503405 1.8524065 1.8658041 1.6471752 1.6462905 1.6480062 1.6479690 1.6451187 1.6508077 1.6497767 1.6463042 1.6461598 1.6471930 1.6471930 1.6464552 1.6453476 1.6479654 1.6475032 1.6482818 1.6491278 1.6493828 1.6479423 1.6474536 1.6474536 1.6470868 1.6469330 1.6486783 1.6478110 1.6481279 1.6475853 1.6458934 1.6455879 1.6456224 1.6456224 1.6457990 1.6466234 1.6467898 1.6458391 1.6480021 1.6480021 1.6480689 1.6487083 1.6486997 1.6468860 1.6464554 1.6476858 1.6473642 1.6476770 1.6471414 1.6459837 1.6450296 1.6472327 1.6455155 1.6455155 1.6446197 1.6459006 1.6486602 1.6460876 1.6454699 1.6457567 1.6472977 1.6470883 1.6476552 1.6476630 1.6477225 1.6475833 1.6463255 1.6466374 1.6469709 1.6470216 1.6470216 1.6469894 1.6472765 1.6472765 1.6464570 1.6469830 1.6469830 1.6460436 1.6469000 1.6467462 1.6467118 1.6467118 1.6390937 1.6382004 1.6379898 1.6382324 1.6382519 1.6481048 1.6467207 1.6493481 2.0023229 2.0110758 
RESTV_M.fas-tc_USA_89_Philippines89-Pennsylvania_NC_004161 0.0342009 0.0000000 0.0244944 1.8496037 1.8654483 1.6381781 1.6371990 1.6387509 1.6391886 1.6351740 1.6417890 1.6407642 1.6365450 1.6369149 1.6381941 1.6381941 1.6374590 1.6363559 1.6391804 1.6384985 1.6392737 1.6394826 1.6397367 1.6389399 1.6384550 1.6384550 1.6380894 1.6379365 1.6399699 1.6392460 1.6391225 1.6385859 1.6367660 1.6365994 1.6366338 1.6366338 1.6366429 1.6376269 1.6377891 1.6368474 1.6383618 1.6383618 1.6389276 1.6395645 1.6396900 1.6375363 1.6379826 1.6380451 1.6385280 1.6384527 1.6379214 1.6369921 1.6360438 1.6387546 1.6365254 1.6365254 1.6356362 1.6369071 1.6396527 1.6370951 1.6364796 1.6367654 1.6382991 1.6380884 1.6380151 1.6386608 1.6387200 1.6385814 1.6373304 1.6376392 1.6379708 1.6380217 1.6380217 1.6379897 1.6382758 1.6382758 1.6374612 1.6379857 1.6379857 1.6370513 1.6379026 1.6377497 1.6377153 1.6377153 1.6228582 1.6224924 1.6222868 1.6225241 1.6251732 1.6363329 1.6324434 1.6351415 1.9882225 1.9900477 
RESTV_S.dom-tc_PHL_08_Reston08-A_FJ621583                  0.0503405 0.0244944 0.0000000 1.8660146 1.8820091 1.6474910 1.6465070 1.6477428 1.6486733 1.6444678 1.6511258 1.6500941 1.6460521 1.6467275 1.6476763 1.6476763 1.6469381 1.6458298 1.6488374 1.6478194 1.6487660 1.6488050 1.6490601 1.6482586 1.6476022 1.6476022 1.6475699 1.6472487 1.6494659 1.6487363 1.6482385 1.6476955 1.6458645 1.6456973 1.6457317 1.6457317 1.6461140 1.6474943 1.6472731 1.6463214 1.6478463 1.6478463 1.6484144 1.6490541 1.6491842 1.6470169 1.6474648 1.6475298 1.6476419 1.6479400 1.6474041 1.6464661 1.6455113 1.6482428 1.6459977 1.6459977 1.6449339 1.6463831 1.6491445 1.6459311 1.6459520 1.6462391 1.6477810 1.6475716 1.6474993 1.6481467 1.6482061 1.6480669 1.6469756 1.6471204 1.6474541 1.6475049 1.6475049 1.6474727 1.6477599 1.6477599 1.6469398 1.6474661 1.6474661 1.6465261 1.6473831 1.6472292 1.6471948 1.6471948 1.6336673 1.6335189 1.6330905 1.6333316 1.6383640 1.6477902 1.6433366 1.6460574 1.9870192 2.0082577 
SUDV_H.sap-xx_UGA_12_EboSud-603_KC545390                   1.8524065 1.8496037 1.8660146 0.0000000 0.0022975 1.7185628 1.7195852 1.7210379 1.7169001 1.7185131 1.7185780 1.7173948 1.7194739 1.7202463 1.7198761 1.7198761 1.7193865 1.7170762 1.7185100 1.7169511 1.7174495 1.7184495 1.7187119 1.7191168 1.7175849 1.7175849 1.7177603 1.7179873 1.7196107 1.7186853 1.7163790 1.7170348 1.7170457 1.7172739 1.7173081 1.7173081 1.7173533 1.7166989 1.7168707 1.7158116 1.7191748 1.7191748 1.7182516 1.7182516 1.7174344 1.7178746 1.7171275 1.7171334 1.7176764 1.7175974 1.7164583 1.7185688 1.7187301 1.7173069 1.7169591 1.7169591 1.7147573 1.7171730 1.7177186 1.7163752 1.7161255 1.7164216 1.7181547 1.7166498 1.7174868 1.7163715 1.7183246 1.7182004 1.7178122 1.7168453 1.7173464 1.7169117 1.7169117 1.7167503 1.7169458 1.7169458 1.7176885 1.7172878 1.7172878 1.7169458 1.7171849 1.7178126 1.7175502 1.7175502 1.7008706 1.7017034 1.7014720 1.7017367 1.7105009 1.7226866 1.7164096 1.7202612 2.0279818 1.9627531 
SUDV_H.sap-xx_UGA_12_EboSud-609_KC545391                   1.8658041 1.8654483 1.8820091 0.0022975 0.0000000 1.7324827 1.7335091 1.7349837 1.7308014 1.7324241 1.7324950 1.7313015 1.7334048 1.7341817 1.7338021 1.7338021 1.7333094 1.7309778 1.7324270 1.7308527 1.7313508 1.7323577 1.7326214 1.7330325 1.7314893 1.7314893 1.7316648 1.7318933 1.7335302 1.7325965 1.7302755 1.7309359 1.7309463 1.7311760 1.7312100 1.7312100 1.7312581 1.7305986 1.7307697 1.7296954 1.7330916 1.7330916 1.7321630 1.7321630 1.7313396 1.7317844 1.7310322 1.7310334 1.7315799 1.7315010 1.7303523 1.7324821 1.7326475 1.7312107 1.7308569 1.7308569 1.7286353 1.7310750 1.7316233 1.7302688 1.7300184 1.7303161 1.7320622 1.7305457 1.7313889 1.7302662 1.7322360 1.7321121 1.7317182 1.7307426 1.7312463 1.7308093 1.7308093 1.7306464 1.7308434 1.7308434 1.7315937 1.7311906 1.7311906 1.7308434 1.7310867 1.7317181 1.7314544 1.7314544 1.7154613 1.7163001 1.7160639 1.7163338 1.7257246 1.7380260 1.7316822 1.7355799 2.0302004 1.9747619 
EBOV_H.sap-wt_GIN_14_Makona-Gueckedou-EM_080076_KR817235   1.6471752 1.6381781 1.6474910 1.7185628 1.7324827 0.0000000 0.0013920 0.0024281 0.0021684 0.0012890 0.0017546 0.0016512 0.0021690 0.0020136 0.0018582 0.0018582 0.0019616 0.0020136 0.0019616 0.0020141 0.0020136 0.0013927 0.0014443 0.0013415 0.0012375 0.0012375 0.0011859 0.0010826 0.0020137 0.0019100 0.0019618 0.0018580 0.0017546 0.0017546 0.0017029 0.0017029 0.0019099 0.0018583 0.0018065 0.0018067 0.0018062 0.0018062 0.0017546 0.0018581 0.0018063 0.0017546 0.0018062 0.0019097 0.0019098 0.0018581 0.0017027 0.0017028 0.0016513 0.0017545 0.0018581 0.0018581 0.0018067 0.0016510 0.0016512 0.0017030 0.0016512 0.0015995 0.0015993 0.0016510 0.0017545 0.0015993 0.0015995 0.0015994 0.0015476 0.0015994 0.0015993 0.0015477 0.0015477 0.0015477 0.0014960 0.0014960 0.0014959 0.0014959 0.0014959 0.0014960 0.0014959 0.0014959 0.0014442 0.0014442 0.0314956 0.0310041 0.0309975 0.0308253 0.0311961 0.0333439 0.0338479 0.0347840 1.2744079 1.2343429 
EBOV_H.sap-wt_GIN_14_Makona-Gueckedou-EM_079702_KR817210   1.6462905 1.6371990 1.6465070 1.7195852 1.7335091 0.0013920 0.0000000 0.0023761 0.0021165 0.0012888 0.0017028 0.0015994 0.0021171 0.0019617 0.0018063 0.0018063 0.0019098 0.0019618 0.0019097 0.0018587 0.0019617 0.0013409 0.0013926 0.0012897 0.0011858 0.0011858 0.0011342 0.0010309 0.0019618 0.0018582 0.0019100 0.0018062 0.0017027 0.0017027 0.0016510 0.0016510 0.0018581 0.0018064 0.0017547 0.0017549 0.0017544 0.0017544 0.0017028 0.0018062 0.0017545 0.0017028 0.0017544 0.0018579 0.0018579 0.0018063 0.0016509 0.0016510 0.0015995 0.0017027 0.0018063 0.0018063 0.0017548 0.0015992 0.0015994 0.0016511 0.0015994 0.0015477 0.0015475 0.0015992 0.0017027 0.0015475 0.0015477 0.0015476 0.0014958 0.0015476 0.0015475 0.0014959 0.0014959 0.0014959 0.0014442 0.0014442 0.0014441 0.0014441 0.0014441 0.0014442 0.0014441 0.0014441 0.0013925 0.0013925 0.0313248 0.0308335 0.0308269 0.0306548 0.0310255 0.0331720 0.0336757 0.0346113 1.2755742 1.2361267 
EBOV_H.sap-wt_GIN_14_Makona-Kankan-EM_078639_KR817166      1.6480062 1.6387509 1.6477428 1.7210379 1.7349837 0.0024281 0.0023761 0.0000000 0.0017024 0.0020137 0.0020130 0.0019095 0.0007722 0.0007207 0.0007722 0.0007722 0.0008753 0.0015477 0.0014958 0.0015481 0.0014961 0.0016509 0.0017026 0.0015998 0.0014956 0.0014956 0.0012374 0.0013406 0.0015478 0.0014443 0.0014960 0.0013924 0.0012891 0.0012891 0.0012374 0.0012374 0.0011340 0.0013926 0.0013409 0.0013411 0.0013407 0.0013407 0.0012891 0.0013925 0.0013407 0.0012891 0.0013407 0.0014441 0.0014441 0.0013925 0.0012374 0.0012374 0.0011859 0.0012891 0.0013925 0.0013925 0.0013410 0.0011341 0.0011859 0.0012375 0.0011859 0.0011342 0.0011341 0.0011857 0.0012891 0.0011341 0.0011342 0.0011341 0.0010825 0.0011341 0.0011341 0.0010825 0.0010825 0.0010825 0.0010309 0.0010309 0.0010308 0.0010308 0.0010308 0.0010309 0.0010308 0.0010298 0.0009783 0.0009783 0.0317840 0.0312923 0.0312856 0.0311132 0.0314206 0.0335700 0.0341387 0.0350111 1.2780609 1.2377932 
EBOV_H.sap-wt_SLE_14_Makona-G4973_1_KR105286               1.6479690 1.6391886 1.6486733 1.7169001 1.7308014 0.0021684 0.0021165 0.0017024 0.0000000 0.0017544 0.0017538 0.0016504 0.0014439 0.0012889 0.0011339 0.0011339 0.0012372 0.0012890 0.0007207 0.0012893 0.0012889 0.0013921 0.0014437 0.0013409 0.0012370 0.0012370 0.0009783 0.0010814 0.0012890 0.0011856 0.0012373 0.0011329 0.0010298 0.0010298 0.0009783 0.0009783 0.0011856 0.0011340 0.0010824 0.0010825 0.0010814 0.0010814 0.0010298 0.0011329 0.0010814 0.0010298 0.0010814 0.0011845 0.0011845 0.0011339 0.0009783 0.0009783 0.0009268 0.0010298 0.0011329 0.0011329 0.0010825 0.0009268 0.0009268 0.0009783 0.0009268 0.0008753 0.0008753 0.0009268 0.0010299 0.0008753 0.0008753 0.0008753 0.0008238 0.0008753 0.0008753 0.0008238 0.0008238 0.0008238 0.0007722 0.0007722 0.0007722 0.0007722 0.0007722 0.0007722 0.0007722 0.0007722 0.0007207 0.0007207 0.0314324 0.0309411 0.0309345 0.0307624 0.0309579 0.0332158 0.0337837 0.0346548 1.2749517 1.2351579 
EBOV_H.sap-wt_GIN_14_Makona-Gueckedou-EM_079587_KR817202   1.6451187 1.6351740 1.6444678 1.7185131 1.7324241 0.0012890 0.0012888 0.0020137 0.0017544 0.0000000 0.0013411 0.0012377 0.0017549 0.0015997 0.0014445 0.0014445 0.0015479 0.0015998 0.0015478 0.0016002 0.0015997 0.0009795 0.0010311 0.0009283 0.0008238 0.0008238 0.0007722 0.0006692 0.0015998 0.0014963 0.0015480 0.0014444 0.0013410 0.0013410 0.0012894 0.0012894 0.0014962 0.0014446 0.0013929 0.0013930 0.0013926 0.0013926 0.0013411 0.0014444 0.0013927 0.0013411 0.0013926 0.0014960 0.0014961 0.0014445 0.0012893 0.0012893 0.0012378 0.0013410 0.0014444 0.0014444 0.0013930 0.0012376 0.0012378 0.0012894 0.0012378 0.0011861 0.0011860 0.0012376 0.0013410 0.0011860 0.0011861 0.0011860 0.0011343 0.0011860 0.0011860 0.0011344 0.0011344 0.0011344 0.0010827 0.0010827 0.0010827 0.0010827 0.0010827 0.0010827 0.0010827 0.0010827 0.0010311 0.0010311 0.0310463 0.0305552 0.0305486 0.0303767 0.0307474 0.0328921 0.0333956 0.0343305 1.2734200 1.2334950 
EBOV_H.sap-wt_GIN_14_Makona-Gueckedou-EM_079750_KR817213   1.6508077 1.6417890 1.6511258 1.7185780 1.7324950 0.0017546 0.0017028 0.0020130 0.0017538 0.0013411 0.0000000 0.0003088 0.0017543 0.0015992 0.0014440 0.0014440 0.0015473 0.0015992 0.0015473 0.0015996 0.0015992 0.0009783 0.0010298 0.0009279 0.0008238 0.0008238 0.0007722 0.0006692 0.0015992 0.0014958 0.0015475 0.0014439 0.0013406 0.0013406 0.0012889 0.0012889 0.0014957 0.0014441 0.0013924 0.0013926 0.0013921 0.0013921 0.0013406 0.0014439 0.0013922 0.0013406 0.0013921 0.0014955 0.0014956 0.0014440 0.0012888 0.0012889 0.0012374 0.0013405 0.0014439 0.0014439 0.0013925 0.0012371 0.0012373 0.0012890 0.0012373 0.0011857 0.0011855 0.0012372 0.0013405 0.0011856 0.0011857 0.0011856 0.0011339 0.0011856 0.0011856 0.0011340 0.0011340 0.0011340 0.0010814 0.0010814 0.0010814 0.0010814 0.0010814 0.0010814 0.0010814 0.0010814 0.0010298 0.0010298 0.0310464 0.0305553 0.0305487 0.0303768 0.0306843 0.0328282 0.0333957 0.0342660 1.2762813 1.2359774 
EBOV_H.sap-wt_GIN_14_Makona-Gueckedou-EM_079910_KR817221   1.6497767 1.6407642 1.6500941 1.7173948 1.7313015 0.0016512 0.0015994 0.0019095 0.0016504 0.0012377 0.0003088 0.0000000 0.0016509 0.0014958 0.0013407 0.0013407 0.0014440 0.0014958 0.0014439 0.0014962 0.0014958 0.0008753 0.0009268 0.0008238 0.0007207 0.0007207 0.0006692 0.0005662 0.0014958 0.0013924 0.0014441 0.0013406 0.0012373 0.0012373 0.0011856 0.0011856 0.0013923 0.0013407 0.0012891 0.0012892 0.0012888 0.0012888 0.0012373 0.0013406 0.0012889 0.0012373 0.0012888 0.0013922 0.0013922 0.0013406 0.0011856 0.0011856 0.0011341 0.0012372 0.0013406 0.0013406 0.0012892 0.0011329 0.0011341 0.0011857 0.0011341 0.0010824 0.0010814 0.0011339 0.0012372 0.0010814 0.0010824 0.0010824 0.0010298 0.0010814 0.0010814 0.0010298 0.0010298 0.0010298 0.0009783 0.0009783 0.0009783 0.0009783 0.0009783 0.0009783 0.0009783 0.0009783 0.0009268 0.0009268 0.0309336 0.0304426 0.0304361 0.0302642 0.0305718 0.0327148 0.0332822 0.0341522 1.2769219 1.2345547 
EBOV_H.sap-wt_GIN_14_Makona-Faranah-EM_078415_KR817160     1.6463042 1.6365450 1.6460521 1.7194739 1.7334048 0.0021690 0.0021171 0.0007722 0.0014439 0.0017549 0.0017543 0.0016509 0.0000000 0.0004632 0.0005147 0.0005147 0.0006177 0.0012893 0.0012375 0.0012896 0.0012378 0.0013925 0.0014441 0.0013413 0.0012373 0.0012373 0.0009783 0.0010825 0.0012893 0.0011860 0.0012376 0.0011342 0.0010309 0.0010309 0.0009793 0.0009793 0.0008753 0.0011343 0.0010827 0.0010828 0.0010825 0.0010825 0.0010310 0.0011342 0.0010825 0.0010310 0.0010825 0.0011858 0.0011858 0.0011342 0.0009783 0.0009783 0.0009278 0.0010309 0.0011342 0.0011342 0.0010828 0.0009268 0.0009268 0.0009794 0.0009268 0.0008753 0.0008753 0.0009268 0.0010309 0.0008753 0.0008753 0.0008753 0.0008238 0.0008753 0.0008753 0.0008238 0.0008238 0.0008238 0.0007722 0.0007722 0.0007722 0.0007722 0.0007722 0.0007722 0.0007722 0.0007722 0.0007207 0.0007207 0.0315020 0.0310104 0.0310038 0.0308316 0.0310266 0.0331090 0.0337413 0.0346126 1.2760573 1.2355134 
EBOV_H.sap-wt_GIN_14_Makona-Macenta-EM_076191_KR817141     1.6461598 1.6369149 1.6467275 1.7202463 1.7341817 0.0020136 0.0019617 0.0007207 0.0012889 0.0015997 0.0015992 0.0014958 0.0004632 0.0000000 0.0003603 0.0003603 0.0004632 0.0011343 0.0010826 0.0011346 0.0010828 0.0012375 0.0012891 0.0011863 0.0010824 0.0010824 0.0008238 0.0009268 0.0011344 0.0010310 0.0010827 0.0009783 0.0008753 0.0008753 0.0008238 0.0008238 0.0007207 0.0009794 0.0009278 0.0009279 0.0009268 0.0009268 0.0008753 0.0009793 0.0009268 0.0008753 0.0009268 0.0010299 0.0010309 0.0009793 0.0008238 0.0008238 0.0007722 0.0008753 0.0009793 0.0009793 0.0009279 0.0007722 0.0007722 0.0008238 0.0007722 0.0007207 0.0007207 0.0007722 0.0008753 0.0007207 0.0007207 0.0007207 0.0006692 0.0007207 0.0007207 0.0006692 0.0006692 0.0006692 0.0006177 0.0006177 0.0006177 0.0006177 0.0006177 0.0006177 0.0006177 0.0006177 0.0005662 0.0005662 0.0313321 0.0308407 0.0308341 0.0306620 0.0309695 0.0331157 0.0336837 0.0345548 1.2762772 1.2363670 
EBOV_H.sap-wt_GIN_14_Makona-Kissidougou-EM_078694_KR817171 1.6471930 1.6381941 1.6476763 1.7198761 1.7338021 0.0018582 0.0018063 0.0007722 0.0011339 0.0014445 0.0014440 0.0013407 0.0005147 0.0003603 0.0000000 0.0000010 0.0003088 0.0009794 0.0009268 0.0009796 0.0009278 0.0010825 0.0011341 0.0010312 0.0009268 0.0009268 0.0006692 0.0007722 0.0009794 0.0008753 0.0009268 0.0008238 0.0007207 0.0007207 0.0006692 0.0006692 0.0005662 0.0008238 0.0007722 0.0007722 0.0007722 0.0007722 0.0007207 0.0008238 0.0007722 0.0007207 0.0007722 0.0008753 0.0008753 0.0008238 0.0006692 0.0006692 0.0006177 0.0007207 0.0008238 0.0008238 0.0007722 0.0006177 0.0006177 0.0006692 0.0006177 0.0005662 0.0005662 0.0006177 0.0007208 0.0005662 0.0005662 0.0005662 0.0005147 0.0005662 0.0005662 0.0005147 0.0005147 0.0005147 0.0004632 0.0004632 0.0004632 0.0004632 0.0004632 0.0004632 0.0004632 0.0004632 0.0004118 0.0004118 0.0311601 0.0306689 0.0306624 0.0304903 0.0307979 0.0329426 0.0335103 0.0343809 1.2760668 1.2355350 
EBOV_H.sap-wt_GIN_14_Makona-Kissidougou-EM_078722_KR817175 1.6471930 1.6381941 1.6476763 1.7198761 1.7338021 0.0018582 0.0018063 0.0007722 0.0011339 0.0014445 0.0014440 0.0013407 0.0005147 0.0003603 0.0000010 0.0000000 0.0003088 0.0009794 0.0009268 0.0009796 0.0009278 0.0010825 0.0011341 0.0010312 0.0009268 0.0009268 0.0006692 0.0007722 0.0009794 0.0008753 0.0009268 0.0008238 0.0007207 0.0007207 0.0006692 0.0006692 0.0005662 0.0008238 0.0007722 0.0007722 0.0007722 0.0007722 0.0007207 0.0008238 0.0007722 0.0007207 0.0007722 0.0008753 0.0008753 0.0008238 0.0006692 0.0006692 0.0006177 0.0007207 0.0008238 0.0008238 0.0007722 0.0006177 0.0006177 0.0006692 0.0006177 0.0005662 0.0005662 0.0006177 0.0007208 0.0005662 0.0005662 0.0005662 0.0005147 0.0005662 0.0005662 0.0005147 0.0005147 0.0005147 0.0004632 0.0004632 0.0004632 0.0004632 0.0004632 0.0004632 0.0004632 0.0004632 0.0004118 0.0004118 0.0311601 0.0306689 0.0306624 0.0304903 0.0307979 0.0329426 0.0335103 0.0343809 1.2760668 1.2355350 
EBOV_H.sap-wt_GIN_14_Makona-Beyla-EM_075931_KR817138       1.6464552 1.6374590 1.6469381 1.7193865 1.7333094 0.0019616 0.0019098 0.0008753 0.0012372 0.0015479 0.0015473 0.0014440 0.0006177 0.0004632 0.0003088 0.0003088 0.0000000 0.0010826 0.0010308 0.0010829 0.0010311 0.0011857 0.0012373 0.0011345 0.0010298 0.0010298 0.0007722 0.0008753 0.0010826 0.0009793 0.0010310 0.0009268 0.0008238 0.0008238 0.0007722 0.0007722 0.0006692 0.0009268 0.0008753 0.0008753 0.0008753 0.0008753 0.0008238 0.0009268 0.0008753 0.0008238 0.0008753 0.0009784 0.0009784 0.0009268 0.0007722 0.0007722 0.0007207 0.0008238 0.0009268 0.0009268 0.0008753 0.0007207 0.0007207 0.0007722 0.0007207 0.0006692 0.0006692 0.0007207 0.0008238 0.0006692 0.0006692 0.0006692 0.0006177 0.0006692 0.0006692 0.0006177 0.0006177 0.0006177 0.0005662 0.0005662 0.0005662 0.0005662 0.0005662 0.0005662 0.0005662 0.0005662 0.0005147 0.0005147 0.0312722 0.0307809 0.0307743 0.0306022 0.0309098 0.0330552 0.0336231 0.0344940 1.2754646 1.2351193 
EBOV_H.sap-wt_GIN_14_Makona-Gueckedou-EM_076138_KR817140   1.6453476 1.6363559 1.6458298 1.7170762 1.7309778 0.0020136 0.0019618 0.0015477 0.0012890 0.0015998 0.0015992 0.0014958 0.0012893 0.0011343 0.0009794 0.0009794 0.0010826 0.0000000 0.0010826 0.0011347 0.0011343 0.0012375 0.0012891 0.0011863 0.0010824 0.0010824 0.0008238 0.0009268 0.0011344 0.0010311 0.0010827 0.0009783 0.0008753 0.0008753 0.0008238 0.0008238 0.0010310 0.0009794 0.0009278 0.0009279 0.0009268 0.0009268 0.0008753 0.0009793 0.0009268 0.0008753 0.0009268 0.0010309 0.0010309 0.0009794 0.0008238 0.0008238 0.0007722 0.0008753 0.0009793 0.0009793 0.0009279 0.0007722 0.0007722 0.0008238 0.0007722 0.0007207 0.0007207 0.0007722 0.0008753 0.0007207 0.0007207 0.0007207 0.0006692 0.0007207 0.0007207 0.0006692 0.0006692 0.0006692 0.0006177 0.0006177 0.0006177 0.0006177 0.0006177 0.0006177 0.0006177 0.0006177 0.0005662 0.0005662 0.0313847 0.0308934 0.0308868 0.0307146 0.0310221 0.0331683 0.0337363 0.0346075 1.2753295 1.2340326 
EBOV_H.sap-wt_SLE_14_Makona-Kailahun-20140517_KR653263     1.6479654 1.6391804 1.6488374 1.7185100 1.7324270 0.0019616 0.0019097 0.0014958 0.0007207 0.0015478 0.0015473 0.0014439 0.0012375 0.0010826 0.0009268 0.0009268 0.0010308 0.0010826 0.0000000 0.0010829 0.0010825 0.0011857 0.0012373 0.0011345 0.0010298 0.0010298 0.0007722 0.0008753 0.0010826 0.0009783 0.0010309 0.0009268 0.0008238 0.0008238 0.0007722 0.0007722 0.0009783 0.0009268 0.0008753 0.0008753 0.0008753 0.0008753 0.0008238 0.0009268 0.0008753 0.0008238 0.0008753 0.0009784 0.0009784 0.0009268 0.0007722 0.0007722 0.0007207 0.0008238 0.0009268 0.0009268 0.0008753 0.0007207 0.0007207 0.0007722 0.0007207 0.0006692 0.0006692 0.0007207 0.0008238 0.0006692 0.0006692 0.0006692 0.0005147 0.0006692 0.0006692 0.0006177 0.0006177 0.0006177 0.0005662 0.0005662 0.0005662 0.0005662 0.0005662 0.0005662 0.0005662 0.0005662 0.0005147 0.0005147 0.0310998 0.0306087 0.0306021 0.0304301 0.0307377 0.0328817 0.0334492 0.0343195 1.2760111 1.2361534 
EBOV_H.sap-wt_SLE_14_Makona-Koinadugu-20143659_KR653256    1.6475032 1.6384985 1.6478194 1.7169511 1.7308527 0.0020141 0.0018587 0.0015481 0.0012893 0.0016002 0.0015996 0.0014962 0.0012896 0.0011346 0.0009796 0.0009796 0.0010829 0.0011347 0.0010829 0.0000000 0.0010313 0.0012378 0.0012894 0.0011866 0.0010827 0.0010827 0.0008238 0.0009279 0.0010313 0.0009280 0.0010830 0.0009795 0.0008763 0.0008763 0.0008238 0.0008238 0.0010313 0.0009797 0.0009280 0.0009281 0.0009279 0.0009279 0.0008763 0.0009796 0.0008238 0.0008763 0.0009279 0.0008238 0.0008238 0.0008763 0.0007207 0.0008238 0.0007722 0.0006692 0.0009796 0.0009796 0.0009281 0.0007722 0.0007722 0.0008248 0.0007722 0.0007207 0.0007207 0.0006692 0.0006693 0.0006177 0.0007207 0.0007207 0.0006692 0.0006177 0.0005147 0.0005662 0.0005662 0.0005662 0.0005147 0.0005147 0.0006177 0.0006177 0.0006177 0.0006177 0.0006177 0.0006177 0.0005662 0.0005662 0.0313927 0.0309013 0.0308946 0.0307225 0.0310300 0.0331768 0.0336288 0.0344999 1.2769534 1.2367690 
EBOV_H.sap-wt_SLE_14_Makona-G4994_1_KR105289               1.6482818 1.6392737 1.6487660 1.7174495 1.7313508 0.0020136 0.0019617 0.0014961 0.0012889 0.0015997 0.0015992 0.0014958 0.0012378 0.0010828 0.0009278 0.0009278 0.0010311 0.0011343 0.0010825 0.0010313 0.0000000 0.0012375 0.0012891 0.0011862 0.0010824 0.0010824 0.0008238 0.0009268 0.0010310 0.0009268 0.0010827 0.0009783 0.0008753 0.0008753 0.0008238 0.0008238 0.0010310 0.0009794 0.0009268 0.0009279 0.0009268 0.0009268 0.0008753 0.0009783 0.0008238 0.0008753 0.0009268 0.0009268 0.0009268 0.0008753 0.0007207 0.0008238 0.0007722 0.0007722 0.0009793 0.0009793 0.0009279 0.0007722 0.0007722 0.0008238 0.0007722 0.0007207 0.0007207 0.0006692 0.0007723 0.0006177 0.0007207 0.0007207 0.0006692 0.0006177 0.0006177 0.0005662 0.0005662 0.0005662 0.0005147 0.0005147 0.0006177 0.0006177 0.0006177 0.0006177 0.0006177 0.0006177 0.0005662 0.0005662 0.0311598 0.0306686 0.0306620 0.0304900 0.0308510 0.0330554 0.0335702 0.0344411 1.2760462 1.2349522 
EBOV_H.sap-tc_GIN_14_Makona-Gueckedou-C05_KP096420         1.6491278 1.6394826 1.6488050 1.7184495 1.7323577 0.0013927 0.0013409 0.0016509 0.0013921 0.0009795 0.0009783 0.0008753 0.0013925 0.0012375 0.0010825 0.0010825 0.0011857 0.0012375 0.0011857 0.0012378 0.0012375 0.0000000 0.0000515 0.0005662 0.0004632 0.0004632 0.0004118 0.0003088 0.0012375 0.0011342 0.0011858 0.0010824 0.0009783 0.0009783 0.0009268 0.0009268 0.0011341 0.0010825 0.0010309 0.0010310 0.0010298 0.0010298 0.0009783 0.0010824 0.0010298 0.0009783 0.0010298 0.0011340 0.0011340 0.0010824 0.0009268 0.0009268 0.0008753 0.0009783 0.0010824 0.0010824 0.0010310 0.0008753 0.0008753 0.0009268 0.0008753 0.0008238 0.0008238 0.0008753 0.0009784 0.0008238 0.0008238 0.0008238 0.0007722 0.0008238 0.0008238 0.0007722 0.0007722 0.0007722 0.0007207 0.0007207 0.0007207 0.0007207 0.0007207 0.0007207 0.0007207 0.0007207 0.0006692 0.0006692 0.0305334 0.0301016 0.0300951 0.0299235 0.0302310 0.0322584 0.0329382 0.0338071 1.2760482 1.2336597 
EBOV_H.sap-wt_GIN_14_Makona-Kissidougou-C15_KT013254       1.6493828 1.6397367 1.6490601 1.7187119 1.7326214 0.0014443 0.0013926 0.0017026 0.0014437 0.0010311 0.0010298 0.0009268 0.0014441 0.0012891 0.0011341 0.0011341 0.0012373 0.0012891 0.0012373 0.0012894 0.0012891 0.0000515 0.0000000 0.0006177 0.0005147 0.0005147 0.0004632 0.0003603 0.0012891 0.0011858 0.0012374 0.0011340 0.0010298 0.0010298 0.0009783 0.0009783 0.0011857 0.0011341 0.0010825 0.0010826 0.0010814 0.0010814 0.0010298 0.0011340 0.0010824 0.0010298 0.0010814 0.0011856 0.0011856 0.0011340 0.0009783 0.0009783 0.0009268 0.0010298 0.0011340 0.0011340 0.0010826 0.0009268 0.0009268 0.0009783 0.0009268 0.0008753 0.0008753 0.0009268 0.0010299 0.0008753 0.0008753 0.0008753 0.0008238 0.0008753 0.0008753 0.0008238 0.0008238 0.0008238 0.0007722 0.0007722 0.0007722 0.0007722 0.0007722 0.0007722 0.0007722 0.0007722 0.0007207 0.0007207 0.0305890 0.0301573 0.0301508 0.0299791 0.0302866 0.0323144 0.0329942 0.0338633 1.2762587 1.2334375 
EBOV_H.sap-wt_GIN_14_Makona-Macenta-EM_079424_KR817189     1.6479423 1.6389399 1.6482586 1.7191168 1.7330325 0.0013415 0.0012897 0.0015998 0.0013409 0.0009283 0.0009279 0.0008238 0.0013413 0.0011863 0.0010312 0.0010312 0.0011345 0.0011863 0.0011345 0.0011866 0.0011862 0.0005662 0.0006177 0.0000000 0.0004118 0.0004118 0.0003603 0.0002573 0.0011863 0.0010829 0.0011346 0.0010311 0.0009279 0.0009279 0.0008763 0.0008763 0.0010829 0.0010313 0.0009796 0.0009798 0.0009795 0.0009795 0.0009279 0.0010312 0.0009795 0.0009279 0.0009795 0.0010828 0.0010828 0.0010312 0.0008753 0.0008763 0.0008248 0.0009279 0.0010312 0.0010312 0.0009797 0.0008238 0.0008238 0.0008763 0.0008238 0.0007722 0.0007722 0.0008238 0.0009279 0.0007722 0.0007722 0.0007722 0.0007207 0.0007722 0.0007722 0.0007207 0.0007207 0.0007207 0.0006692 0.0006692 0.0006692 0.0006692 0.0006692 0.0006692 0.0006692 0.0006692 0.0006177 0.0006177 0.0306594 0.0301684 0.0301620 0.0299902 0.0302979 0.0324394 0.0330065 0.0338758 1.2755523 1.2347362 
EBOV_H.sap-tc_GIN_14_Makona-Gueckedou-C07_KP096421         1.6474536 1.6384550 1.6476022 1.7175849 1.7314893 0.0012375 0.0011858 0.0014956 0.0012370 0.0008238 0.0008238 0.0007207 0.0012373 0.0010824 0.0009268 0.0009268 0.0010298 0.0010824 0.0010298 0.0010827 0.0010824 0.0004632 0.0005147 0.0004118 0.0000000 0.0000010 0.0002573 0.0001544 0.0010824 0.0009783 0.0010298 0.0009268 0.0008238 0.0008238 0.0007722 0.0007722 0.0009783 0.0009268 0.0008753 0.0008753 0.0008753 0.0008753 0.0008238 0.0009268 0.0008753 0.0008238 0.0008753 0.0009784 0.0009784 0.0009268 0.0007722 0.0007722 0.0007207 0.0008238 0.0009268 0.0009268 0.0008753 0.0007207 0.0007207 0.0007722 0.0007207 0.0006692 0.0006692 0.0007207 0.0008238 0.0006692 0.0006692 0.0006692 0.0006177 0.0006692 0.0006692 0.0006177 0.0006177 0.0006177 0.0005662 0.0005662 0.0005662 0.0005662 0.0005662 0.0005662 0.0005662 0.0005662 0.0005147 0.0005147 0.0305316 0.0300410 0.0300346 0.0298630 0.0301705 0.0323102 0.0328768 0.0337454 1.2746711 1.2345832 
EBOV_H.sap-wt_GIN_14_Makona-Gueckedou-C07_KT013256         1.6474536 1.6384550 1.6476022 1.7175849 1.7314893 0.0012375 0.0011858 0.0014956 0.0012370 0.0008238 0.0008238 0.0007207 0.0012373 0.0010824 0.0009268 0.0009268 0.0010298 0.0010824 0.0010298 0.0010827 0.0010824 0.0004632 0.0005147 0.0004118 0.0000010 0.0000000 0.0002573 0.0001544 0.0010824 0.0009783 0.0010298 0.0009268 0.0008238 0.0008238 0.0007722 0.0007722 0.0009783 0.0009268 0.0008753 0.0008753 0.0008753 0.0008753 0.0008238 0.0009268 0.0008753 0.0008238 0.0008753 0.0009784 0.0009784 0.0009268 0.0007722 0.0007722 0.0007207 0.0008238 0.0009268 0.0009268 0.0008753 0.0007207 0.0007207 0.0007722 0.0007207 0.0006692 0.0006692 0.0007207 0.0008238 0.0006692 0.0006692 0.0006692 0.0006177 0.0006692 0.0006692 0.0006177 0.0006177 0.0006177 0.0005662 0.0005662 0.0005662 0.0005662 0.0005662 0.0005662 0.0005662 0.0005662 0.0005147 0.0005147 0.0305316 0.0300410 0.0300346 0.0298630 0.0301705 0.0323102 0.0328768 0.0337454 1.2746711 1.2345832 
EBOV_H.sap-wt_SLE_14_Makona-G3676.1_KM034554               1.6470868 1.6380894 1.6475699 1.7177603 1.7316648 0.0011859 0.0011342 0.0012374 0.0009783 0.0007722 0.0007722 0.0006692 0.0009783 0.0008238 0.0006692 0.0006692 0.0007722 0.0008238 0.0007722 0.0008238 0.0008238 0.0004118 0.0004632 0.0003603 0.0002573 0.0002573 0.0000000 0.0001029 0.0008238 0.0007207 0.0007722 0.0006692 0.0005662 0.0005662 0.0005147 0.0005147 0.0007207 0.0006692 0.0006177 0.0006177 0.0006177 0.0006177 0.0005662 0.0006692 0.0006177 0.0005662 0.0006177 0.0007208 0.0007208 0.0006692 0.0005147 0.0005147 0.0004632 0.0005662 0.0006692 0.0006692 0.0006177 0.0004632 0.0004632 0.0005147 0.0004632 0.0004118 0.0004118 0.0004632 0.0005663 0.0004118 0.0004118 0.0004118 0.0003603 0.0004118 0.0004118 0.0003603 0.0003603 0.0003603 0.0003088 0.0003088 0.0003088 0.0003088 0.0003088 0.0003088 0.0003088 0.0003088 0.0002573 0.0002573 0.0304758 0.0299852 0.0299788 0.0298072 0.0301148 0.0322541 0.0328206 0.0336891 1.2749054 1.2341262 
EBOV_H.sap-wt_GIN_14_Makona-Macenta-EM_079422_KR817187     1.6469330 1.6379365 1.6472487 1.7179873 1.7318933 0.0010826 0.0010309 0.0013406 0.0010814 0.0006692 0.0006692 0.0005662 0.0010825 0.0009268 0.0007722 0.0007722 0.0008753 0.0009268 0.0008753 0.0009279 0.0009268 0.0003088 0.0003603 0.0002573 0.0001544 0.0001544 0.0001029 0.0000000 0.0009268 0.0008238 0.0008753 0.0007722 0.0006692 0.0006692 0.0006177 0.0006177 0.0008238 0.0007722 0.0007207 0.0007207 0.0007207 0.0007207 0.0006692 0.0007722 0.0007207 0.0006692 0.0007207 0.0008238 0.0008238 0.0007722 0.0006177 0.0006177 0.0005662 0.0006692 0.0007722 0.0007722 0.0007207 0.0005662 0.0005662 0.0006177 0.0005662 0.0005147 0.0005147 0.0005662 0.0006693 0.0005147 0.0005147 0.0005147 0.0004632 0.0005147 0.0005147 0.0004632 0.0004632 0.0004632 0.0004118 0.0004118 0.0004118 0.0004118 0.0004118 0.0004118 0.0004118 0.0004118 0.0003603 0.0003603 0.0303636 0.0298732 0.0298667 0.0296952 0.0300028 0.0321413 0.0327077 0.0335759 1.2747067 1.2339332 
EBOV_H.sap-wt_SLE_14_Makona-J0117_KP759665                 1.6486783 1.6399699 1.6494659 1.7196107 1.7335302 0.0020137 0.0019618 0.0015478 0.0012890 0.0015998 0.0015992 0.0014958 0.0012893 0.0011344 0.0009794 0.0009794 0.0010826 0.0011344 0.0010826 0.0010313 0.0010310 0.0012375 0.0012891 0.0011863 0.0010824 0.0010824 0.0008238 0.0009268 0.0000000 0.0002059 0.0010827 0.0009793 0.0008753 0.0008753 0.0008238 0.0008238 0.0010310 0.0009794 0.0009278 0.0009279 0.0009268 0.0009268 0.0008753 0.0009793 0.0008238 0.0008753 0.0009268 0.0009268 0.0009268 0.0008753 0.0007207 0.0008238 0.0007722 0.0007722 0.0009794 0.0009794 0.0009279 0.0007722 0.0007722 0.0008238 0.0007722 0.0007207 0.0007207 0.0006692 0.0007723 0.0006177 0.0007207 0.0007207 0.0006692 0.0006177 0.0006177 0.0005662 0.0005662 0.0005662 0.0005147 0.0005147 0.0006177 0.0006177 0.0006177 0.0006177 0.0006177 0.0006177 0.0005662 0.0005662 0.0313864 0.0308949 0.0308883 0.0307162 0.0310237 0.0331701 0.0336851 0.0345562 1.2747116 1.2350762 
EBOV_H.sap-wt_SLE_14_Makona-Kenema-G5685_1_KR105317        1.6478110 1.6392460 1.6487363 1.7186853 1.7325965 0.0019100 0.0018582 0.0014443 0.0011856 0.0014963 0.0014958 0.0013924 0.0011860 0.0010310 0.0008753 0.0008753 0.0009793 0.0010311 0.0009783 0.0009280 0.0009268 0.0011342 0.0011858 0.0010829 0.0009783 0.0009783 0.0007207 0.0008238 0.0002059 0.0000000 0.0009794 0.0008753 0.0007722 0.0007722 0.0007207 0.0007207 0.0009268 0.0008753 0.0008238 0.0008238 0.0008238 0.0008238 0.0007722 0.0008753 0.0007207 0.0007722 0.0008238 0.0008238 0.0008238 0.0007722 0.0006177 0.0007207 0.0006692 0.0006692 0.0008753 0.0008753 0.0008238 0.0006692 0.0006692 0.0007207 0.0006692 0.0006177 0.0006177 0.0005662 0.0006693 0.0005147 0.0006177 0.0006177 0.0005662 0.0005147 0.0005147 0.0004632 0.0004632 0.0004632 0.0004118 0.0004118 0.0005147 0.0005147 0.0005147 0.0005147 0.0005147 0.0005147 0.0004632 0.0004632 0.0311596 0.0306684 0.0306618 0.0304898 0.0307974 0.0329421 0.0334567 0.0343272 1.2743076 1.2343129 
EBOV_H.sap-wt_SLE_14_Makona-Kenema-G5059_1_KR105296        1.6481279 1.6391225 1.6482385 1.7163790 1.7302755 0.0019618 0.0019100 0.0014960 0.0012373 0.0015480 0.0015475 0.0014441 0.0012376 0.0010827 0.0009268 0.0009268 0.0010310 0.0010827 0.0010309 0.0010830 0.0010827 0.0011858 0.0012374 0.0011346 0.0010298 0.0010298 0.0007722 0.0008753 0.0010827 0.0009794 0.0000000 0.0005147 0.0004118 0.0004118 0.0003603 0.0003603 0.0009793 0.0009278 0.0008753 0.0008763 0.0008753 0.0008753 0.0008238 0.0009268 0.0008753 0.0008238 0.0008753 0.0009784 0.0008753 0.0009268 0.0007722 0.0007722 0.0007207 0.0008238 0.0009268 0.0009268 0.0008753 0.0007207 0.0007207 0.0007722 0.0007207 0.0006692 0.0006692 0.0007207 0.0008238 0.0006692 0.0006692 0.0006692 0.0006177 0.0006692 0.0006692 0.0006177 0.0006177 0.0006177 0.0005662 0.0005662 0.0005662 0.0005662 0.0005662 0.0005662 0.0005662 0.0005662 0.0005147 0.0005147 0.0311038 0.0306126 0.0306060 0.0304340 0.0308540 0.0329991 0.0335669 0.0344377 1.2747136 1.2350348 
EBOV_H.sap-wt_SLE_14_Makona-Kenema-G4702_1_KR105265        1.6475853 1.6385859 1.6476955 1.7170348 1.7309359 0.0018580 0.0018062 0.0013924 0.0011329 0.0014444 0.0014439 0.0013406 0.0011342 0.0009783 0.0008238 0.0008238 0.0009268 0.0009783 0.0009268 0.0009795 0.0009783 0.0010824 0.0011340 0.0010311 0.0009268 0.0009268 0.0006692 0.0007722 0.0009793 0.0008753 0.0005147 0.0000000 0.0003088 0.0003088 0.0002573 0.0002573 0.0008753 0.0008238 0.0007722 0.0007722 0.0007722 0.0007722 0.0007207 0.0008238 0.0007722 0.0007207 0.0007722 0.0008753 0.0007723 0.0008238 0.0006692 0.0006692 0.0006177 0.0007207 0.0007207 0.0007207 0.0006692 0.0006177 0.0006177 0.0005662 0.0005147 0.0004632 0.0005662 0.0006177 0.0007208 0.0005662 0.0005662 0.0005662 0.0005147 0.0005662 0.0005662 0.0005147 0.0005147 0.0005147 0.0004632 0.0004632 0.0004632 0.0004632 0.0004632 0.0004632 0.0004632 0.0004632 0.0004118 0.0004118 0.0309860 0.0304950 0.0304885 0.0303166 0.0307365 0.0328804 0.0334479 0.0343182 1.2746297 1.2343247 
EBOV_H.sap-wt_SLE_14_Makona-Kenema-G4350_1_KR105242        1.6458934 1.6367660 1.6458645 1.7170457 1.7309463 0.0017546 0.0017027 0.0012891 0.0010298 0.0013410 0.0013406 0.0012373 0.0010309 0.0008753 0.0007207 0.0007207 0.0008238 0.0008753 0.0008238 0.0008763 0.0008753 0.0009783 0.0010298 0.0009279 0.0008238 0.0008238 0.0005662 0.0006692 0.0008753 0.0007722 0.0004118 0.0003088 0.0000000 0.0001029 0.0000515 0.0000515 0.0007722 0.0007207 0.0006692 0.0006692 0.0006692 0.0006692 0.0006177 0.0007207 0.0006692 0.0006177 0.0006692 0.0007723 0.0006693 0.0007207 0.0005662 0.0005662 0.0005147 0.0006177 0.0007207 0.0007207 0.0006692 0.0005147 0.0005147 0.0005662 0.0005147 0.0004632 0.0004632 0.0005147 0.0006178 0.0004632 0.0004632 0.0004632 0.0004118 0.0004632 0.0004632 0.0004118 0.0004118 0.0004118 0.0003603 0.0003603 0.0003603 0.0003603 0.0003603 0.0003603 0.0003603 0.0003603 0.0003088 0.0003088 0.0308737 0.0303828 0.0303762 0.0302044 0.0306243 0.0327675 0.0333348 0.0342048 1.2749540 1.2346923 
EBOV_H.sap-wt_SLE_14_Makona-Kenema-G4856_1_KR105273        1.6455879 1.6365994 1.6456973 1.7172739 1.7311760 0.0017546 0.0017027 0.0012891 0.0010298 0.0013410 0.0013406 0.0012373 0.0010309 0.0008753 0.0007207 0.0007207 0.0008238 0.0008753 0.0008238 0.0008763 0.0008753 0.0009783 0.0010298 0.0009279 0.0008238 0.0008238 0.0005662 0.0006692 0.0008753 0.0007722 0.0004118 0.0003088 0.0001029 0.0000000 0.0000515 0.0000515 0.0007722 0.0007207 0.0006692 0.0006692 0.0006692 0.0006692 0.0006177 0.0007207 0.0006692 0.0006177 0.0006692 0.0007723 0.0006693 0.0007207 0.0005662 0.0005662 0.0005147 0.0006177 0.0007207 0.0007207 0.0006692 0.0005147 0.0005147 0.0005662 0.0005147 0.0004632 0.0004632 0.0005147 0.0006178 0.0004632 0.0004632 0.0004632 0.0004118 0.0004632 0.0004632 0.0004118 0.0004118 0.0004118 0.0003603 0.0003603 0.0003603 0.0003603 0.0003603 0.0003603 0.0003603 0.0003603 0.0003088 0.0003088 0.0308737 0.0303828 0.0303762 0.0302044 0.0306243 0.0327675 0.0333348 0.0342048 1.2752685 1.2348292 
EBOV_H.sap-wt_SLE_14_Makona-Kenema-G4971_1_KR105284        1.6456224 1.6366338 1.6457317 1.7173081 1.7312100 0.0017029 0.0016510 0.0012374 0.0009783 0.0012894 0.0012889 0.0011856 0.0009793 0.0008238 0.0006692 0.0006692 0.0007722 0.0008238 0.0007722 0.0008238 0.0008238 0.0009268 0.0009783 0.0008763 0.0007722 0.0007722 0.0005147 0.0006177 0.0008238 0.0007207 0.0003603 0.0002573 0.0000515 0.0000515 0.0000000 0.0000010 0.0007207 0.0006692 0.0006177 0.0006177 0.0006177 0.0006177 0.0005662 0.0006692 0.0006177 0.0005662 0.0006177 0.0007208 0.0006178 0.0006692 0.0005147 0.0005147 0.0004632 0.0005662 0.0006692 0.0006692 0.0006177 0.0004632 0.0004632 0.0005147 0.0004632 0.0004118 0.0004118 0.0004632 0.0005663 0.0004118 0.0004118 0.0004118 0.0003603 0.0004118 0.0004118 0.0003603 0.0003603 0.0003603 0.0003088 0.0003088 0.0003088 0.0003088 0.0003088 0.0003088 0.0003088 0.0003088 0.0002573 0.0002573 0.0308175 0.0303266 0.0303201 0.0301483 0.0305681 0.0327109 0.0332782 0.0341481 1.2751644 1.2347280 
EBOV_H.sap-wt_SLE_14_Makona-Kenema-G4937_1_KR105278        1.6456224 1.6366338 1.6457317 1.7173081 1.7312100 0.0017029 0.0016510 0.0012374 0.0009783 0.0012894 0.0012889 0.0011856 0.0009793 0.0008238 0.0006692 0.0006692 0.0007722 0.0008238 0.0007722 0.0008238 0.0008238 0.0009268 0.0009783 0.0008763 0.0007722 0.0007722 0.0005147 0.0006177 0.0008238 0.0007207 0.0003603 0.0002573 0.0000515 0.0000515 0.0000010 0.0000000 0.0007207 0.0006692 0.0006177 0.0006177 0.0006177 0.0006177 0.0005662 0.0006692 0.0006177 0.0005662 0.0006177 0.0007208 0.0006178 0.0006692 0.0005147 0.0005147 0.0004632 0.0005662 0.0006692 0.0006692 0.0006177 0.0004632 0.0004632 0.0005147 0.0004632 0.0004118 0.0004118 0.0004632 0.0005663 0.0004118 0.0004118 0.0004118 0.0003603 0.0004118 0.0004118 0.0003603 0.0003603 0.0003603 0.0003088 0.0003088 0.0003088 0.0003088 0.0003088 0.0003088 0.0003088 0.0003088 0.0002573 0.0002573 0.0308175 0.0303266 0.0303201 0.0301483 0.0305681 0.0327109 0.0332782 0.0341481 1.2751644 1.2347280 
EBOV_H.sap-wt_LBR_14_Makona-LIBR0505_KR006957              1.6457990 1.6366429 1.6461140 1.7173533 1.7312581 0.0019099 0.0018581 0.0011340 0.0011856 0.0014962 0.0014957 0.0013923 0.0008753 0.0007207 0.0005662 0.0005662 0.0006692 0.0010310 0.0009783 0.0010313 0.0010310 0.0011341 0.0011857 0.0010829 0.0009783 0.0009783 0.0007207 0.0008238 0.0010310 0.0009268 0.0009793 0.0008753 0.0007722 0.0007722 0.0007207 0.0007207 0.0000000 0.0008753 0.0008238 0.0008238 0.0008238 0.0008238 0.0007722 0.0008753 0.0008238 0.0007722 0.0008238 0.0009268 0.0009268 0.0008753 0.0007207 0.0007207 0.0006692 0.0007722 0.0008753 0.0008753 0.0008238 0.0006692 0.0006692 0.0007207 0.0006692 0.0006177 0.0006177 0.0006692 0.0007723 0.0006177 0.0006177 0.0006177 0.0005662 0.0006177 0.0006177 0.0005662 0.0005662 0.0005662 0.0005147 0.0005147 0.0005147 0.0005147 0.0005147 0.0005147 0.0005147 0.0005147 0.0004632 0.0004632 0.0312694 0.0307781 0.0307715 0.0305994 0.0307945 0.0330522 0.0336200 0.0344908 1.2743632 1.2362594 
EBOV_H.sap-wt_LBR_15_Makona-Liberia-DQE4_KR074998          1.6466234 1.6376269 1.6474943 1.7166989 1.7305986 0.0018583 0.0018064 0.0013926 0.0011340 0.0014446 0.0014441 0.0013407 0.0011343 0.0009794 0.0008238 0.0008238 0.0009268 0.0009794 0.0009268 0.0009797 0.0009794 0.0010825 0.0011341 0.0010313 0.0009268 0.0009268 0.0006692 0.0007722 0.0009794 0.0008753 0.0009278 0.0008238 0.0007207 0.0007207 0.0006692 0.0006692 0.0008753 0.0000000 0.0007722 0.0007722 0.0007722 0.0007722 0.0007207 0.0008238 0.0007722 0.0007207 0.0007722 0.0008753 0.0008753 0.0008238 0.0006692 0.0006692 0.0006177 0.0007207 0.0008238 0.0008238 0.0007722 0.0006177 0.0006177 0.0006692 0.0006177 0.0005662 0.0005662 0.0006177 0.0007208 0.0005662 0.0005662 0.0005662 0.0005147 0.0005662 0.0005662 0.0005147 0.0005147 0.0005147 0.0004632 0.0004632 0.0004632 0.0004632 0.0004632 0.0004632 0.0004632 0.0004632 0.0004118 0.0004118 0.0310971 0.0306060 0.0305995 0.0304275 0.0308523 0.0329972 0.0335650 0.0344357 1.2761913 1.2347105 
EBOV_H.sap-wt_SLE_14_Makona-G5640_1_KR105313               1.6467898 1.6377891 1.6472731 1.7168707 1.7307697 0.0018065 0.0017547 0.0013409 0.0010824 0.0013929 0.0013924 0.0012891 0.0010827 0.0009278 0.0007722 0.0007722 0.0008753 0.0009278 0.0008753 0.0009280 0.0009268 0.0010309 0.0010825 0.0009796 0.0008753 0.0008753 0.0006177 0.0007207 0.0009278 0.0008238 0.0008753 0.0007722 0.0006692 0.0006692 0.0006177 0.0006177 0.0008238 0.0007722 0.0000000 0.0007207 0.0007207 0.0007207 0.0006692 0.0007722 0.0007207 0.0006692 0.0007207 0.0008238 0.0008238 0.0007722 0.0006177 0.0006177 0.0005662 0.0006692 0.0007722 0.0007722 0.0007207 0.0005662 0.0005662 0.0006177 0.0005662 0.0005147 0.0005147 0.0005662 0.0006693 0.0005147 0.0005147 0.0005147 0.0004632 0.0005147 0.0005147 0.0004632 0.0004632 0.0004632 0.0004118 0.0004118 0.0004118 0.0004118 0.0004118 0.0004118 0.0004118 0.0004118 0.0003603 0.0003603 0.0310456 0.0305545 0.0305479 0.0303760 0.0307467 0.0329405 0.0335082 0.0343787 1.2753729 1.2334731 
