100
02A1.GH.97.97GH_AG2.AB052867           0.0000000 0.3382190 0.3433428 0.3499951 0.3553761 0.4112760 0.3931418 0.4226423 0.4394639 0.5236998 0.5319092 0.5601714 0.5159858 0.5206061 0.5521767 0.4802467 0.5189864 0.5551068 0.5892409 0.5825806 0.6136489 0.6172787 0.6205131 0.6162964 0.6427515 0.7002405 0.7768487 0.4596545 0.5812054 0.5668930 0.4826075 0.7323722 0.7957806 0.5259610 0.5779329 0.5986933 0.6373457 0.5498203 0.7661252 0.7408168 0.7531439 0.7497918 0.7271647 0.7779104 0.7713262 0.7761335 0.7916804 0.8072341 0.7860987 0.7878769 0.7390677 0.7332113 0.7179154 0.7603346 0.8245646 0.8330818 0.7564326 0.7633931 0.7754921 0.7911725 0.7764933 0.7955965 0.7939512 0.8127439 0.8227878 0.8033105 0.7208508 0.8000484 0.8048979 0.7990855 0.8376023 0.8114315 0.8685676 0.7059557 0.6882348 0.6267634 0.6026579 1.0372792 0.8430933 0.8282585 0.8477595 0.8602722 0.8545093 0.8400932 0.8149264 0.8791462 0.8191382 0.8454188 0.8214328 0.7928400 0.8133328 0.8712116 0.9081497 0.9615514 0.9416793 0.7324934 1.7317199 1.7897865 1.7160138 2.4170281 
02_AG.CM.02.02CM_3217MN.GU201514       0.3382190 0.0000000 0.2584157 0.2655627 0.3946613 0.3474487 0.4038964 0.4277120 0.4600543 0.5431875 0.5436286 0.5898573 0.5412786 0.5290933 0.5622908 0.5020692 0.5343036 0.5589087 0.6280091 0.6149875 0.6426640 0.6374991 0.6514720 0.6471027 0.6694723 0.7176279 0.8329520 0.4702021 0.5995847 0.5777864 0.5061278 0.7559875 0.8315728 0.5326172 0.5936128 0.6135912 0.6333721 0.5760726 0.7676905 0.7806998 0.7737458 0.7737454 0.7265242 0.7789996 0.7742821 0.7890048 0.8221732 0.8232683 0.8186163 0.8063863 0.7399017 0.7295627 0.7474018 0.7748604 0.8436754 0.8613046 0.7847162 0.7757416 0.8078985 0.8159957 0.8010764 0.8026582 0.8023696 0.8243185 0.8161321 0.8320428 0.7462224 0.8310421 0.8326377 0.8221006 0.8375840 0.8350274 0.9086533 0.7240942 0.6966891 0.6467662 0.6226493 1.0449151 0.8488543 0.8352525 0.8577709 0.8656646 0.8919855 0.8388110 0.8170948 0.8861209 0.8250178 0.8692587 0.8557481 0.8269466 0.8443601 0.8800977 0.9167053 0.9892482 0.9722282 0.7598632 1.6744550 1.7450904 1.6865200 2.4519059 
02_AG.GW.04.CC_0030.FJ694791           0.3433428 0.2584157 0.0000000 0.2743654 0.3880106 0.3523742 0.4049619 0.4349406 0.4714133 0.5237594 0.5425340 0.5895854 0.5437888 0.5389308 0.5650877 0.5083572 0.5371888 0.5683903 0.6400500 0.6434308 0.6632288 0.6617122 0.6699020 0.6697848 0.6845433 0.7349900 0.8264854 0.4858762 0.5996226 0.5799403 0.5000722 0.7688291 0.8170809 0.5435494 0.6024818 0.6168827 0.6538449 0.5664008 0.7763442 0.7679480 0.7554047 0.7644307 0.7253729 0.7818183 0.7678717 0.7981537 0.8050918 0.8062857 0.7957341 0.8076662 0.7528127 0.7341491 0.7469947 0.7777040 0.8408019 0.8391037 0.7773319 0.7856138 0.8018704 0.8065014 0.8014932 0.8222813 0.7923619 0.8164000 0.8193809 0.8300876 0.7579543 0.8059524 0.8052570 0.8049440 0.8565692 0.8256923 0.8840907 0.7197011 0.6992998 0.6488330 0.6282509 1.0192735 0.8469492 0.8063103 0.8352807 0.8663249 0.8573848 0.8277143 0.8103383 0.8646864 0.8053285 0.8312464 0.8291362 0.7971529 0.8319210 0.8754937 0.9088071 0.9792946 0.9244178 0.7637722 1.7146533 1.7590185 1.6803448 2.4836676 
02_AG.GW.14.DE00214GW009.MH078544      0.3499951 0.2655627 0.2743654 0.0000000 0.4136155 0.3588657 0.4151147 0.4481412 0.4615198 0.5392926 0.5434663 0.5941281 0.5356671 0.5342579 0.5647930 0.5076222 0.5358267 0.5677505 0.6189554 0.6145622 0.6530914 0.6449627 0.6598488 0.6411722 0.6606183 0.7240553 0.8330642 0.4858059 0.6105404 0.5898065 0.5105635 0.7568201 0.8134380 0.5395981 0.6009812 0.6228142 0.6558295 0.5563833 0.7753284 0.7699426 0.7714772 0.7669742 0.7363619 0.7833609 0.7760824 0.8019903 0.8183029 0.8130775 0.8030872 0.7983420 0.7393802 0.7402162 0.7552323 0.7779673 0.8311897 0.8693289 0.7916887 0.7818755 0.8043271 0.8202256 0.7959408 0.8167497 0.8075521 0.8232300 0.8377259 0.8342170 0.7585697 0.8301941 0.8354461 0.8090632 0.8561843 0.8446968 0.8818694 0.7371505 0.7185278 0.6402259 0.6434231 1.0461290 0.8721350 0.8508693 0.8537642 0.8898822 0.9115263 0.8528020 0.8332078 0.8868290 0.8514337 0.8640332 0.8598387 0.8472954 0.8648760 0.8992222 0.9247280 0.9803643 0.9638273 0.7710808 1.7599589 1.8220987 1.6940514 2.5572465 
02A.CI.16.DEURF16CI011.MH078538        0.3553761 0.3946613 0.3880106 0.4136155 0.0000000 0.4744622 0.4524413 0.4763863 0.5064037 0.5701961 0.5801096 0.6040621 0.5816830 0.5670926 0.6012995 0.5575578 0.5780608 0.6043075 0.6545849 0.6482268 0.6821611 0.6852403 0.6917219 0.6774377 0.6992979 0.7697211 0.8520642 0.5163969 0.6409181 0.6177369 0.5536743 0.7829714 0.8536928 0.5907768 0.6481022 0.6720944 0.7016405 0.6164698 0.8100401 0.7910071 0.8096026 0.7923838 0.7565930 0.8372442 0.8201688 0.8281719 0.8323791 0.8568594 0.8268135 0.8445135 0.7742724 0.7789902 0.7693109 0.7992845 0.8620947 0.8933361 0.8048262 0.8225300 0.8400531 0.8499305 0.8186295 0.8540795 0.8308570 0.8666262 0.8762534 0.8612829 0.7746416 0.8334759 0.8494886 0.8583135 0.8705901 0.8409800 0.9095335 0.7546766 0.7338632 0.6735312 0.6513480 1.0659233 0.8861078 0.8840343 0.8916968 0.8999563 0.9013601 0.8815250 0.8716688 0.9064337 0.8725370 0.8978713 0.8839235 0.8610286 0.8669127 0.9373728 0.9519334 1.0121936 0.9907971 0.8201208 1.7095474 1.8117035 1.7945451 2.4717786 
02D.GH.03.GHNJ193.AB231897             0.4112760 0.3474487 0.3523742 0.3588657 0.4744622 0.0000000 0.4638322 0.5023636 0.5360159 0.6141683 0.6165339 0.6545860 0.5988240 0.5968010 0.6194954 0.5740733 0.6010627 0.6210800 0.6716761 0.6810387 0.7083133 0.7151542 0.7268227 0.7075564 0.7388570 0.7747647 0.8881733 0.5358016 0.6789529 0.6443187 0.5839590 0.8208326 0.8871740 0.6109025 0.6764965 0.7114375 0.7330416 0.6415984 0.8469899 0.8395978 0.8315283 0.8254932 0.7935341 0.8421850 0.8308587 0.8414578 0.8824122 0.8894365 0.8547038 0.8609836 0.8022379 0.7878359 0.8045806 0.8315692 0.9102140 0.9215439 0.8377866 0.8347441 0.8493354 0.8749209 0.8705154 0.8796617 0.8598794 0.8836537 0.9097844 0.8919268 0.8101062 0.8679250 0.8824180 0.8674577 0.9144438 0.8869491 0.9287852 0.7986598 0.7674437 0.6912775 0.6916707 1.0897993 0.9199598 0.8734345 0.9305806 0.9454322 0.9489398 0.9196050 0.8748143 0.9355557 0.8690343 0.9166649 0.8992181 0.8676805 0.9078834 0.9662201 0.9855848 1.0318663 1.0333917 0.8420139 1.7804851 1.7723049 1.7191244 2.5124201 
0206.SN.12.LA56Senegl.KU168299         0.3931418 0.4038964 0.4049619 0.4151147 0.4524413 0.4638322 0.0000000 0.3972114 0.4842873 0.5634081 0.5627109 0.6088819 0.5485798 0.5578073 0.5770376 0.5205712 0.5412705 0.5724360 0.6276664 0.6394017 0.6738139 0.6663606 0.6819242 0.6745738 0.6858129 0.7456548 0.8333059 0.4913961 0.6287082 0.6028006 0.5120088 0.7617665 0.8271989 0.5619100 0.6254830 0.6473174 0.6607913 0.6114659 0.7844937 0.7984573 0.7906732 0.7870890 0.7457510 0.7958331 0.7907427 0.7992200 0.8283155 0.8458507 0.8236240 0.8208931 0.7626796 0.7684855 0.7446726 0.7870783 0.8496696 0.8665803 0.7878412 0.7936325 0.8053329 0.8179243 0.7999486 0.8213944 0.8189609 0.8183002 0.8780187 0.8409119 0.7665142 0.8238954 0.8317522 0.8193253 0.8752575 0.8415012 0.9181453 0.7464864 0.7286340 0.6668507 0.6424559 1.0529486 0.9004690 0.8666586 0.8818299 0.8884456 0.9133105 0.8813276 0.8439517 0.8857485 0.8537597 0.8813797 0.8575731 0.8404416 0.8609831 0.9183958 0.9437476 1.0099334 1.0019500 0.7729611 1.7760824 1.7881488 1.7403287 2.4482483 
U.ES.10.DEURF10DZ001.JX140679          0.4226423 0.4277120 0.4349406 0.4481412 0.4763863 0.5023636 0.3972114 0.0000000 0.5195874 0.5679942 0.6023998 0.6371507 0.5817996 0.5777835 0.6216235 0.5487588 0.5625616 0.6067936 0.6533290 0.6538182 0.6922198 0.6882802 0.6812017 0.6810335 0.6889602 0.7560652 0.8594479 0.5156376 0.6330105 0.6206120 0.5563910 0.8048776 0.8684714 0.5846418 0.6537748 0.6768133 0.6921808 0.6459298 0.8176625 0.8058609 0.8102149 0.8076015 0.7679214 0.8304913 0.8124731 0.8260918 0.8383094 0.8584322 0.8417962 0.8311511 0.7842198 0.7814029 0.7671849 0.8137430 0.8637153 0.8918064 0.8247206 0.8244285 0.8397242 0.8436531 0.8470522 0.8411480 0.8459969 0.8750923 0.8799576 0.8701381 0.7836354 0.8529250 0.8685385 0.8488450 0.8870967 0.8666341 0.9364933 0.7506608 0.7277019 0.6955411 0.6623412 1.1272213 0.9081502 0.8687655 0.9135196 0.9113501 0.9371870 0.8955801 0.8728921 0.9282692 0.8937111 0.8953451 0.8777070 0.8640854 0.8815415 0.9362369 0.9726495 1.0118353 1.0028951 0.7891374 1.7841410 1.8194264 1.7954882 2.5381132 
AGU.CM.06.770_8.MH705142               0.4394639 0.4600543 0.4714133 0.4615198 0.5064037 0.5360159 0.4842873 0.5195874 0.0000000 0.5387870 0.5605532 0.5784536 0.5241801 0.5265038 0.5706771 0.5202534 0.5482757 0.5794771 0.6263298 0.6369520 0.6455856 0.6427963 0.6635988 0.6411915 0.6601816 0.7232692 0.8057913 0.4870247 0.5993095 0.5866799 0.5530658 0.7552712 0.8368277 0.5040619 0.5656479 0.5952124 0.6165759 0.6753775 0.7818421 0.7815105 0.7754547 0.7781221 0.7316687 0.7979984 0.7675934 0.8101488 0.8125041 0.8179551 0.8208659 0.8307658 0.7787844 0.7610322 0.7422342 0.8040902 0.8471464 0.8622913 0.7936325 0.7904941 0.7964923 0.8094522 0.7938299 0.8097079 0.8026223 0.8091018 0.8495172 0.8162099 0.7573440 0.8307702 0.8340665 0.8118519 0.8429825 0.8477654 0.8722051 0.7375974 0.6977892 0.6512994 0.6204823 1.0713369 0.8486336 0.8141861 0.8365652 0.8590596 0.8542230 0.8381364 0.8109558 0.8567448 0.8156169 0.8421274 0.8265732 0.8087993 0.8136733 0.8691588 0.9230022 0.9564359 0.9387453 0.7722813 1.8015096 1.8554532 1.8186735 2.5410016 
A1.KE.06.06KECst_028.FJ623479          0.5236998 0.5431875 0.5237594 0.5392926 0.5701961 0.6141683 0.5634081 0.5679942 0.5387870 0.0000000 0.3028992 0.4093296 0.3687652 0.3814031 0.3876852 0.4055364 0.4521177 0.4775214 0.5318388 0.5413633 0.5450909 0.5583718 0.5909754 0.5584419 0.5771874 0.6483152 0.7268971 0.4780838 0.4609834 0.4451055 0.6255263 0.6691730 0.7440601 0.6301222 0.6871297 0.7198040 0.7408558 0.7713139 0.8023099 0.8010640 0.7872542 0.7769322 0.7489495 0.8083204 0.8060701 0.8029690 0.8051936 0.8292289 0.8372907 0.8202862 0.7581978 0.7595867 0.7622399 0.8058304 0.8475290 0.8577064 0.8015060 0.8106894 0.8224745 0.8355048 0.8259646 0.8238440 0.8416528 0.8259624 0.8350981 0.8600016 0.7694707 0.8670641 0.8404080 0.8582444 0.8526811 0.8482602 0.9025649 0.7557057 0.7387668 0.6698125 0.6388395 1.0736792 0.7194350 0.6968026 0.7289141 0.7269972 0.7471216 0.7326963 0.6910968 0.7518939 0.7088354 0.7214155 0.7275640 0.6723761 0.7173522 0.7629381 0.8134380 0.8540376 0.8281798 0.7930220 1.9087001 1.9547718 1.8862509 2.6161594 
A1.KE.06.06KECst_013.FJ623485          0.5319092 0.5436286 0.5425340 0.5434663 0.5801096 0.6165339 0.5627109 0.6023998 0.5605532 0.3028992 0.0000000 0.4243360 0.3776464 0.3889935 0.3865469 0.4300501 0.4653930 0.4827120 0.5485928 0.5600116 0.5782301 0.5665641 0.5982176 0.5726967 0.5844767 0.6552192 0.7572973 0.4986980 0.4664612 0.4725681 0.6256970 0.6955532 0.7607893 0.6416413 0.7041535 0.7093927 0.7417177 0.7603377 0.8074143 0.8088928 0.7947553 0.7954961 0.7707127 0.8305545 0.8203489 0.8208888 0.8435624 0.8570675 0.8404941 0.8357509 0.7635258 0.7698860 0.7689473 0.8134197 0.8711142 0.8734030 0.8342545 0.8419349 0.8565130 0.8509904 0.8297118 0.8429089 0.8636391 0.8473379 0.8859101 0.8511100 0.7831429 0.8588970 0.8619235 0.8691236 0.8730305 0.8808871 0.9185599 0.7755125 0.7432852 0.6761058 0.6599526 1.1032282 0.7413390 0.7082518 0.7427989 0.7535083 0.7811373 0.7353459 0.7328449 0.7627274 0.7142631 0.7451020 0.7480233 0.7041213 0.7351002 0.7715703 0.8490714 0.8673898 0.8600457 0.8009533 1.9091842 1.9655530 1.9149459 2.6583522 
A1.CY.07.CY208.JF683760                0.5601714 0.5898573 0.5895854 0.5941281 0.6040621 0.6545860 0.6088819 0.6371507 0.5784536 0.4093296 0.4243360 0.0000000 0.2481751 0.4143644 0.4413786 0.4624176 0.5011122 0.5284412 0.5679838 0.5792113 0.5793934 0.5942153 0.6139342 0.5977455 0.6290663 0.6977778 0.7739558 0.4976636 0.5002396 0.4909194 0.6609977 0.7247509 0.7956261 0.6695728 0.7149120 0.7482307 0.7801634 0.7812298 0.8403619 0.8320073 0.8234694 0.8219657 0.7883632 0.8473565 0.8433048 0.8501029 0.8530675 0.8639826 0.8579164 0.8577405 0.8101792 0.8078546 0.7780371 0.8459405 0.8747395 0.9129406 0.8603475 0.8518607 0.8587034 0.8926158 0.8557947 0.8715052 0.8426661 0.8596761 0.8897801 0.8883000 0.7948537 0.8824276 0.9010476 0.8766547 0.9128287 0.8937446 0.9375835 0.8109581 0.7693473 0.7218306 0.6975165 1.1073128 0.7673176 0.7442441 0.7732311 0.7682826 0.7867455 0.7582212 0.7450303 0.8003136 0.7224607 0.7661540 0.7585059 0.7070188 0.7404288 0.8118481 0.8693301 0.8763017 0.8755150 0.8599186 1.9748543 2.0634062 1.9252564 2.7042229 
A1.CY.05.CY051.FJ388903                0.5159858 0.5412786 0.5437888 0.5356671 0.5816830 0.5988240 0.5485798 0.5817996 0.5241801 0.3687652 0.3776464 0.2481751 0.0000000 0.3688352 0.3828216 0.4128514 0.4492667 0.4768333 0.5177098 0.5201576 0.5547779 0.5444606 0.5671242 0.5422617 0.5700295 0.6298390 0.7163611 0.4603921 0.4492180 0.4394912 0.6213026 0.6588673 0.7469138 0.6253471 0.6820789 0.6942791 0.7252280 0.7457721 0.8023473 0.8087107 0.7999129 0.8019204 0.7605448 0.8097184 0.8031819 0.8322220 0.8201806 0.8400385 0.8289876 0.8280407 0.7740317 0.7803431 0.7710719 0.8164553 0.8560039 0.8630074 0.8121642 0.8227890 0.8320871 0.8453812 0.8278026 0.8236355 0.8453755 0.8307708 0.8612568 0.8473934 0.7713303 0.8612681 0.8575450 0.8618847 0.8796671 0.8720780 0.8913022 0.7609268 0.7290165 0.6734722 0.6605995 1.0839887 0.7255950 0.6840518 0.7304053 0.7337902 0.7569523 0.7040585 0.7058796 0.7633734 0.6871870 0.7143178 0.6993428 0.6697418 0.7059141 0.7759552 0.8013819 0.8461772 0.8421620 0.8056791 1.9060874 1.9812990 1.9071324 2.7117701 
A1.UG.11.DEMA110UG001.KF859745         0.5206061 0.5290933 0.5389308 0.5342579 0.5670926 0.5968010 0.5578073 0.5777835 0.5265038 0.3814031 0.3889935 0.4143644 0.3688352 0.0000000 0.4068729 0.4055444 0.4427279 0.4713489 0.5206341 0.5265593 0.5386840 0.5453521 0.5656346 0.5347721 0.5637244 0.6434508 0.7211315 0.4649696 0.4498205 0.4443832 0.6321393 0.6548972 0.7444989 0.6294970 0.6855593 0.7010072 0.7419456 0.7421447 0.7918546 0.7684313 0.7878141 0.7787906 0.7464508 0.8088189 0.7886889 0.8213777 0.8165015 0.8067098 0.8153061 0.8241041 0.7715597 0.7659168 0.7498158 0.7957989 0.8546194 0.8778597 0.8126800 0.8120094 0.8039729 0.8369323 0.8178768 0.8316916 0.8325515 0.8272830 0.8733389 0.8484663 0.7585852 0.8376794 0.8216778 0.8458371 0.8534232 0.8738477 0.9089761 0.7487835 0.7371659 0.6846870 0.6696765 1.0681750 0.7107170 0.6908665 0.7058723 0.7325906 0.7436045 0.7116345 0.7118634 0.7446847 0.6824117 0.7214874 0.7056375 0.6792309 0.7112518 0.7395421 0.8112991 0.8474993 0.8276203 0.8132936 1.8571321 1.9213088 1.9071390 2.6485064 
35_AD.AF.06.007H.GQ477450              0.5521767 0.5622908 0.5650877 0.5647930 0.6012995 0.6194954 0.5770376 0.6216235 0.5706771 0.3876852 0.3865469 0.4413786 0.3828216 0.4068729 0.0000000 0.4406062 0.4678258 0.5067178 0.5704627 0.5670221 0.5962866 0.5914493 0.6184244 0.5871232 0.6198439 0.6772303 0.7703518 0.5153960 0.4871730 0.4781764 0.6635009 0.6956863 0.7854742 0.6657641 0.7298498 0.7386999 0.7711000 0.7938492 0.8293924 0.8289881 0.8202927 0.8109453 0.7772356 0.8406543 0.8189561 0.8511890 0.8432412 0.8508068 0.8517819 0.8523446 0.8094363 0.7956008 0.7967884 0.8258124 0.8956758 0.8902053 0.8301126 0.8681219 0.8859394 0.8733655 0.8625942 0.8505394 0.8464443 0.8746951 0.8773611 0.8773151 0.8008345 0.8841613 0.8638957 0.8911252 0.8830494 0.9023065 0.9235202 0.8037536 0.7785763 0.7213037 0.6868871 1.1029625 0.7397090 0.7395440 0.7306449 0.7459862 0.7581909 0.7525244 0.7195742 0.7814557 0.7187229 0.7428162 0.7409108 0.7009371 0.7296375 0.7952528 0.8513654 0.8981167 0.8596651 0.8103614 1.9046580 1.9592595 1.9753703 2.7678054 
A1.CY.06.CY154.FJ388943                0.4802467 0.5020692 0.5083572 0.5076222 0.5575578 0.5740733 0.5205712 0.5487588 0.5202534 0.4055364 0.4300501 0.4624176 0.4128514 0.4055444 0.4406062 0.0000000 0.4079178 0.4260120 0.4916600 0.5013785 0.5226349 0.5194926 0.5444547 0.5137258 0.5270302 0.6138430 0.6764325 0.4389800 0.4612634 0.4603899 0.5986002 0.6213294 0.6943876 0.5854292 0.6421822 0.6652125 0.6964036 0.7304227 0.7856732 0.7629835 0.7700537 0.7867519 0.7351391 0.7930554 0.7726262 0.7908427 0.7987771 0.8139812 0.8076830 0.8139635 0.7680947 0.7485109 0.7338890 0.7902493 0.8270831 0.8521655 0.7975259 0.7769204 0.8075164 0.8208863 0.8020461 0.8175295 0.7926799 0.8166793 0.8317931 0.8283401 0.7385252 0.8393026 0.8324348 0.8125673 0.8330892 0.8491534 0.8699172 0.7265958 0.7082694 0.6405694 0.6199236 1.0596725 0.7303443 0.7049468 0.7333515 0.7335765 0.7665319 0.7334740 0.6890463 0.7453784 0.7021566 0.7400372 0.7229121 0.6882426 0.7175418 0.7655897 0.7984785 0.8469130 0.8428315 0.7704857 1.8399861 1.9123541 1.8609645 2.6688609 
A6.UA.12.DEMA112UA036.KU749406         0.5189864 0.5343036 0.5371888 0.5358267 0.5780608 0.6010627 0.5412705 0.5625616 0.5482757 0.4521177 0.4653930 0.5011122 0.4492667 0.4427279 0.4678258 0.4079178 0.0000000 0.4351413 0.5037221 0.5062240 0.5399108 0.5336053 0.5564069 0.5292792 0.5548726 0.6261533 0.6871655 0.4722995 0.4970558 0.4941714 0.6373449 0.6327302 0.7126871 0.6052125 0.6724652 0.6895873 0.7341631 0.7619160 0.7851652 0.7872897 0.7763932 0.7921469 0.7646265 0.7995570 0.7998775 0.8078285 0.8250441 0.8208305 0.8134520 0.8256928 0.7753278 0.7588944 0.7634066 0.7822359 0.8549115 0.8413204 0.8148889 0.8036739 0.8212967 0.8501808 0.8359822 0.8373310 0.8186064 0.8181661 0.8641384 0.8360426 0.7668527 0.8471548 0.8376535 0.8352002 0.8565462 0.8651298 0.9142798 0.7689007 0.7388691 0.6813999 0.6488231 1.0793982 0.7558765 0.7515278 0.7734435 0.7696040 0.8052677 0.7589245 0.7495265 0.7860342 0.7268864 0.7581701 0.7636579 0.7238273 0.7457545 0.7988623 0.8685985 0.9083899 0.8864734 0.8061177 1.9561076 1.9781109 1.8764874 2.5964484 
22_01A1.CM.02.02CM_1867LE.AY371165     0.5551068 0.5589087 0.5683903 0.5677505 0.6043075 0.6210800 0.5724360 0.6067936 0.5794771 0.4775214 0.4827120 0.5284412 0.4768333 0.4713489 0.5067178 0.4260120 0.4351413 0.0000000 0.4165731 0.4235729 0.4417454 0.4482587 0.4659074 0.4449402 0.4644067 0.5267278 0.6279159 0.4833316 0.5045328 0.5274273 0.6519900 0.5601263 0.6349560 0.6438406 0.7111887 0.7313662 0.7622865 0.7877002 0.8376365 0.8302315 0.8096388 0.8232068 0.7667459 0.8141048 0.8347286 0.8231263 0.8288725 0.8547974 0.8505740 0.8593283 0.7945865 0.7748401 0.7860030 0.8022151 0.8718907 0.8877625 0.8212715 0.8063804 0.8461967 0.8534426 0.8448649 0.8631319 0.8474292 0.8640686 0.8764372 0.8710714 0.7879980 0.8834944 0.8745523 0.8692869 0.8719461 0.8760358 0.9179859 0.7836848 0.7539109 0.6943016 0.6773364 1.0816558 0.8159242 0.7695947 0.7921300 0.7921845 0.8351615 0.7802463 0.7677614 0.8195977 0.7580817 0.7856471 0.7901933 0.7576652 0.7689980 0.8375275 0.8834364 0.9181602 0.8970097 0.8274963 1.8899052 1.9798400 1.8495394 2.6666789 
01_AE.CN.02.YN0236.JX112866            0.5892409 0.6280091 0.6400500 0.6189554 0.6545849 0.6716761 0.6276664 0.6533290 0.6263298 0.5318388 0.5485928 0.5679838 0.5177098 0.5206341 0.5704627 0.4916600 0.5037221 0.4165731 0.0000000 0.1610013 0.2103974 0.2086154 0.2075232 0.2207788 0.2475414 0.2949265 0.3744752 0.5528775 0.5897845 0.5899075 0.7025773 0.4437573 0.5142284 0.6822860 0.7655453 0.7717439 0.8045182 0.8287518 0.8873469 0.8905568 0.8575043 0.8763493 0.8484780 0.8870676 0.8872756 0.8851544 0.8757385 0.9048310 0.9019411 0.9241442 0.8633916 0.8568189 0.8613496 0.8758026 0.9259089 0.9487036 0.8846338 0.8763079 0.9127900 0.9383240 0.9192232 0.9171656 0.9030338 0.9294577 0.9341413 0.9193555 0.8544466 0.9415294 0.9372081 0.9241813 0.9341491 0.9359826 0.9777146 0.8554111 0.8359669 0.7668061 0.7311282 1.1707671 0.8609184 0.8325372 0.8613286 0.8706967 0.9026258 0.8706928 0.8555907 0.8854546 0.8064737 0.8716596 0.8709087 0.8258586 0.8548175 0.8967064 0.9348183 1.0121562 1.0075837 0.8917967 1.9964408 2.0589899 1.9669945 2.6991099 
01_AE.TH.99.99TH_C4460.AY945726        0.5825806 0.6149875 0.6434308 0.6145622 0.6482268 0.6810387 0.6394017 0.6538182 0.6369520 0.5413633 0.5600116 0.5792113 0.5201576 0.5265593 0.5670221 0.5013785 0.5062240 0.4235729 0.1610013 0.0000000 0.2093684 0.2113181 0.2097718 0.2139588 0.2410682 0.3003113 0.3707140 0.5459703 0.5877195 0.5909777 0.7060184 0.4510007 0.5191934 0.6964492 0.7852802 0.7706687 0.8062882 0.8361148 0.8803597 0.8918017 0.8582013 0.8767344 0.8435373 0.8757329 0.8929808 0.8846802 0.8934136 0.8958816 0.8951205 0.9154461 0.8738805 0.8691486 0.8498426 0.8857333 0.9287884 0.9300947 0.8780777 0.8689790 0.9138120 0.9416265 0.9185135 0.9104572 0.8911771 0.9280353 0.9351225 0.9020254 0.8425213 0.9336384 0.9258316 0.9345924 0.9451758 0.9614920 0.9972554 0.8712209 0.8379915 0.7609366 0.7403835 1.1428761 0.8587431 0.8284471 0.8689462 0.8541758 0.8846618 0.8523544 0.8472561 0.9108253 0.8176730 0.8717379 0.8633703 0.8241867 0.8453576 0.8916675 0.9490160 0.9964776 0.9817496 0.8946044 1.9784695 2.0467559 1.9639180 2.7364297 
01_AE.TH.07.AA030a04.JX447057          0.6136489 0.6426640 0.6632288 0.6530914 0.6821611 0.7083133 0.6738139 0.6922198 0.6455856 0.5450909 0.5782301 0.5793934 0.5547779 0.5386840 0.5962866 0.5226349 0.5399108 0.4417454 0.2103974 0.2093684 0.0000000 0.2298776 0.2453950 0.2426562 0.2754663 0.3261591 0.4066118 0.5728912 0.6215640 0.6198594 0.7164208 0.4647194 0.5473321 0.7258279 0.7807936 0.7897847 0.8321826 0.8576971 0.9095889 0.9081666 0.8873940 0.8862268 0.8664901 0.8862623 0.8949492 0.9009550 0.9175143 0.9288580 0.9291860 0.9436800 0.9018302 0.8778712 0.8649496 0.8981900 0.9397038 0.9825545 0.9058121 0.9138310 0.9387739 0.9633918 0.9435714 0.9514612 0.9094082 0.9482024 0.9643260 0.9391808 0.8793539 0.9397308 0.9538618 0.9607615 0.9575766 0.9482772 1.0059060 0.8807763 0.8375483 0.8041081 0.7636429 1.1645991 0.8776115 0.8567051 0.9004405 0.9121511 0.9290640 0.8844198 0.8823977 0.9307834 0.8542266 0.9054531 0.8811473 0.8567037 0.8831210 0.9161107 0.9681312 1.0201549 1.0392802 0.9141721 1.9964202 2.0640834 1.9917996 2.6992580 
01_AE.CN.07.07CNYN326.KF835513         0.6172787 0.6374991 0.6617122 0.6449627 0.6852403 0.7151542 0.6663606 0.6882802 0.6427963 0.5583718 0.5665641 0.5942153 0.5444606 0.5453521 0.5914493 0.5194926 0.5336053 0.4482587 0.2086154 0.2113181 0.2298776 0.0000000 0.2543934 0.2504471 0.2742639 0.3322293 0.4235694 0.5769019 0.6031328 0.6118991 0.7340217 0.4679809 0.5363046 0.7247645 0.8059949 0.8140558 0.8364880 0.8499350 0.9143890 0.9102881 0.8773055 0.8902910 0.8641683 0.9022175 0.9309904 0.9051782 0.9123999 0.9306366 0.9102653 0.9322283 0.8820145 0.8973889 0.8646808 0.8945017 0.9529957 0.9541395 0.9001750 0.9133852 0.9414011 0.9572193 0.9364874 0.9454368 0.9371302 0.9474492 0.9631975 0.9306980 0.8688944 0.9626719 0.9516326 0.9492335 0.9739255 0.9391258 0.9968076 0.8749249 0.8409771 0.7774873 0.7500910 1.1778138 0.8781877 0.8543430 0.8889392 0.8837526 0.9247945 0.8781297 0.8728643 0.9296411 0.8521542 0.8744261 0.8820518 0.8380536 0.8627428 0.9292353 0.9818182 1.0413581 1.0263631 0.9309767 1.9738327 2.0529526 2.0099033 2.7651449 
01_AE.CN.07.GX070143.JX112835          0.6205131 0.6514720 0.6699020 0.6598488 0.6917219 0.7268227 0.6819242 0.6812017 0.6635988 0.5909754 0.5982176 0.6139342 0.5671242 0.5656346 0.6184244 0.5444547 0.5564069 0.4659074 0.2075232 0.2097718 0.2453950 0.2543934 0.0000000 0.2574352 0.2782577 0.3397947 0.4182600 0.5856729 0.6311384 0.6334973 0.7344887 0.4773226 0.5550288 0.7291122 0.8103533 0.8160561 0.8393495 0.8562068 0.9386701 0.9258793 0.8902255 0.9127778 0.8756272 0.9236014 0.9160457 0.9358961 0.9355292 0.9666551 0.9432842 0.9645608 0.8940850 0.8711286 0.8760356 0.9096737 0.9897752 0.9886238 0.9285088 0.9092701 0.9353809 0.9772460 0.9574133 0.9598319 0.9310299 0.9602431 0.9924408 0.9414542 0.8742150 0.9877280 0.9767922 0.9819894 0.9693997 0.9881624 1.0235454 0.8986373 0.8506979 0.8045864 0.7705301 1.1759313 0.8889723 0.8798206 0.8976259 0.9203953 0.9442791 0.8908391 0.9013523 0.9521580 0.8408352 0.9010048 0.9018200 0.8581286 0.8880375 0.9324483 0.9830015 1.0464069 1.0360862 0.9463696 2.0299803 2.0931949 2.0464440 2.7715701 
01_AE.TH.05.AA101a_WG1.JX447936        0.6162964 0.6471027 0.6697848 0.6411722 0.6774377 0.7075564 0.6745738 0.6810335 0.6411915 0.5584419 0.5726967 0.5977455 0.5422617 0.5347721 0.5871232 0.5137258 0.5292792 0.4449402 0.2207788 0.2139588 0.2426562 0.2504471 0.2574352 0.0000000 0.2655676 0.3265226 0.4199556 0.5780494 0.6118561 0.6178464 0.7322966 0.4593174 0.5416876 0.7274049 0.7936428 0.7947871 0.8315899 0.8439333 0.9030552 0.9119543 0.8731662 0.8804036 0.8604056 0.9154036 0.9034379 0.8928716 0.9006357 0.9381416 0.9054756 0.9448590 0.8817818 0.8887034 0.8763418 0.9006398 0.9496627 0.9537117 0.8994758 0.9091644 0.9393715 0.9518148 0.9248449 0.9332567 0.9293845 0.9469866 0.9725585 0.9425314 0.8764368 0.9679526 0.9562045 0.9409873 0.9593054 0.9725252 1.0248131 0.8672457 0.8345930 0.7755682 0.7497562 1.1877008 0.8793508 0.8579684 0.9057603 0.9193853 0.9351631 0.8897805 0.8781561 0.9297706 0.8558340 0.9107269 0.8950105 0.8607232 0.8816306 0.9128566 0.9840467 1.0516714 1.0217839 0.9192683 2.0326215 2.0617588 1.9985524 2.7698385 
01_AE.CN.07.07CNYN343.KF835528         0.6427515 0.6694723 0.6845433 0.6606183 0.6992979 0.7388570 0.6858129 0.6889602 0.6601816 0.5771874 0.5844767 0.6290663 0.5700295 0.5637244 0.6198439 0.5270302 0.5548726 0.4644067 0.2475414 0.2410682 0.2754663 0.2742639 0.2782577 0.2655676 0.0000000 0.3529319 0.4517912 0.5971471 0.6339453 0.6254118 0.7541429 0.4736176 0.5616334 0.7496256 0.8254338 0.8227544 0.8542132 0.8885861 0.9292615 0.9379173 0.9125412 0.9155859 0.9023615 0.9372987 0.9248310 0.9377809 0.9405030 0.9638611 0.9489873 0.9704690 0.9221575 0.9222326 0.8958272 0.9175640 0.9939755 0.9984652 0.9634998 0.9392206 0.9807290 0.9560732 0.9502105 0.9590167 0.9498480 0.9843933 0.9942037 0.9660677 0.8699012 0.9975057 0.9840545 0.9910860 0.9962547 1.0042547 1.0319212 0.8728867 0.8644594 0.8192011 0.7818491 1.2095254 0.8890992 0.8878212 0.9189160 0.9157545 0.9489507 0.9014648 0.8755023 0.9427475 0.8652992 0.9015644 0.9128428 0.8645719 0.8849994 0.9511153 0.9975973 1.0684441 1.0658618 0.9128270 2.0342152 2.1421364 2.0614390 2.6838800 
01BC.CN.13.SZ95LS8027.KX379000         0.7002405 0.7176279 0.7349900 0.7240553 0.7697211 0.7747647 0.7456548 0.7560652 0.7232692 0.6483152 0.6552192 0.6977778 0.6298390 0.6434508 0.6772303 0.6138430 0.6261533 0.5267278 0.2949265 0.3003113 0.3261591 0.3322293 0.3397947 0.3265226 0.3529319 0.0000000 0.5071475 0.6730079 0.6955547 0.7059999 0.8047274 0.5487593 0.6140331 0.8004635 0.8706251 0.8718001 0.9317880 0.9494916 0.9881027 1.0181583 0.9743601 0.9799782 0.9481531 0.9927583 0.9964442 0.9809148 1.0031352 1.0171079 1.0060820 1.0341550 0.9865951 0.9695230 0.9551699 0.9805214 1.0618846 1.0353419 0.9816517 0.9827822 1.0149096 1.0484567 1.0165110 1.0173523 1.0198768 1.0417319 1.0595672 1.0343021 0.9448335 1.0618287 1.0283679 1.0292162 1.0441943 1.0618172 1.0873175 0.9409141 0.9302704 0.8828496 0.8211320 1.2603802 0.9646836 0.9479256 0.9858544 0.9873353 1.0094337 0.9593902 0.9671595 1.0095313 0.9377079 0.9813351 0.9830739 0.9076395 0.9423049 1.0114275 1.0436073 1.0926777 1.1032917 1.0229370 2.0516914 2.0989697 2.0490753 2.7672102 
69_01B.JP.05.05JPMYC113SP420.LC027100  0.7768487 0.8329520 0.8264854 0.8330642 0.8520642 0.8881733 0.8333059 0.8594479 0.8057913 0.7268971 0.7572973 0.7739558 0.7163611 0.7211315 0.7703518 0.6764325 0.6871655 0.6279159 0.3744752 0.3707140 0.4066118 0.4235694 0.4182600 0.4199556 0.4517912 0.5071475 0.0000000 0.7440396 0.7715523 0.7924757 0.9101263 0.6357665 0.7050912 0.8807198 0.9655666 0.9682298 0.9911337 1.0142985 1.0779822 1.0690158 1.0503634 1.0532519 1.0238766 1.0802171 1.0671856 1.0701081 1.0815225 1.0685662 1.0912101 1.1052312 1.0504833 1.0616108 1.0438966 1.0738629 1.1383786 1.1519856 1.0704724 1.0762265 1.0908258 1.0943201 1.0805264 1.0841240 1.0954464 1.1217667 1.1216733 1.1210086 1.0315993 1.1473848 1.1108852 1.0939582 1.1381046 1.1449854 1.1601265 1.0341065 1.0166072 0.9278096 0.9086532 1.3457955 1.0415053 1.0274107 1.0448831 1.0882443 1.0884167 1.0561571 1.0418692 1.0769805 0.9947929 1.0521153 1.0510886 1.0090462 1.0303942 1.1176258 1.1169120 1.1845627 1.1898885 1.0875658 2.2556870 2.2517074 2.1816457 2.8954928 
45_cpx.CD.97.97CD_MBFE185.FN392874     0.4596545 0.4702021 0.4858762 0.4858059 0.5163969 0.5358016 0.4913961 0.5156376 0.4870247 0.4780838 0.4986980 0.4976636 0.4603921 0.4649696 0.5153960 0.4389800 0.4722995 0.4833316 0.5528775 0.5459703 0.5728912 0.5769019 0.5856729 0.5780494 0.5971471 0.6730079 0.7440396 0.0000000 0.5085787 0.5308522 0.5666482 0.6865760 0.7505999 0.5650506 0.6309812 0.6421137 0.6702549 0.7069561 0.7743798 0.7397208 0.7226996 0.7422118 0.7046668 0.7658198 0.7407977 0.7622181 0.7771230 0.7765954 0.7712304 0.7751133 0.7030508 0.7104030 0.7191320 0.7302877 0.8139611 0.8064117 0.7549202 0.7491957 0.7672140 0.7749667 0.7671996 0.7674202 0.7721906 0.7898428 0.8021837 0.7968168 0.7060689 0.7930648 0.7769618 0.7902565 0.8244049 0.8019204 0.8373515 0.6807709 0.6650058 0.6101150 0.5962660 1.0065498 0.7621483 0.7623005 0.7757030 0.7806713 0.8123746 0.7726560 0.7770855 0.8104194 0.7549076 0.7891873 0.7842189 0.7515335 0.7549299 0.8235842 0.8548913 0.9142104 0.9006677 0.7235613 1.8815635 1.9581937 1.8474622 2.5769634 
A1C.UG.99.99UGF25926.AF484491          0.5812054 0.5995847 0.5996226 0.6105404 0.6409181 0.6789529 0.6287082 0.6330105 0.5993095 0.4609834 0.4664612 0.5002396 0.4492180 0.4498205 0.4871730 0.4612634 0.4970558 0.5045328 0.5897845 0.5877195 0.6215640 0.6031328 0.6311384 0.6118561 0.6339453 0.6955547 0.7715523 0.5085787 0.0000000 0.4755920 0.7020225 0.7387667 0.8061631 0.6829111 0.7495562 0.7562752 0.7772887 0.8147181 0.8539425 0.8493385 0.8505736 0.8439653 0.8117714 0.8706852 0.8358219 0.8549408 0.8688428 0.8805008 0.8735223 0.8684878 0.8296505 0.8316206 0.8112697 0.8487197 0.8858434 0.9307800 0.8749369 0.8815898 0.8981878 0.8877229 0.8844167 0.9018932 0.8865053 0.8859816 0.9198295 0.9086840 0.8286816 0.9086715 0.9099289 0.8815192 0.9109523 0.9143062 0.9573135 0.8055818 0.8010919 0.7313832 0.7000445 1.0989744 0.6360278 0.6212860 0.6465801 0.6625571 0.6826862 0.6375716 0.6200063 0.6638691 0.6119456 0.6404876 0.6358381 0.5852647 0.6229666 0.6807922 0.7135519 0.7615916 0.7611341 0.8500132 1.9707509 2.0831997 2.0104471 2.8148925 
A1D.UG.99.99UGJ21953.AF484496          0.5668930 0.5777864 0.5799403 0.5898065 0.6177369 0.6443187 0.6028006 0.6206120 0.5866799 0.4451055 0.4725681 0.4909194 0.4394912 0.4443832 0.4781764 0.4603899 0.4941714 0.5274273 0.5899075 0.5909777 0.6198594 0.6118991 0.6334973 0.6178464 0.6254118 0.7059999 0.7924757 0.5308522 0.4755920 0.0000000 0.6675323 0.7237254 0.7992071 0.6639628 0.7247985 0.7637076 0.7729063 0.8142831 0.8320922 0.8255647 0.8373925 0.8143249 0.7882435 0.8439944 0.8261225 0.8406305 0.8659241 0.8802627 0.8684113 0.8665847 0.8108767 0.8247126 0.7983937 0.8346984 0.8831953 0.9294006 0.8574647 0.8432556 0.8662817 0.8934914 0.8780480 0.8887819 0.8678509 0.8874692 0.8911278 0.8817033 0.8064153 0.8760560 0.8998816 0.9078941 0.9044691 0.8982830 0.9396838 0.7881463 0.7692852 0.7004675 0.6988423 1.1130882 0.7278595 0.7149001 0.7222106 0.7498585 0.7483967 0.7351458 0.7197095 0.7767316 0.7050776 0.7371790 0.7268948 0.6933466 0.7353291 0.7844214 0.8158173 0.8439872 0.8235975 0.8408341 1.9753775 2.0276329 1.9045752 2.7479711 
93_cpx.CD.08.DRC653.MF372651           0.4826075 0.5061278 0.5000722 0.5105635 0.5536743 0.5839590 0.5120088 0.5563910 0.5530658 0.6255263 0.6256970 0.6609977 0.6213026 0.6321393 0.6635009 0.5986002 0.6373449 0.6519900 0.7025773 0.7060184 0.7164208 0.7340217 0.7344887 0.7322966 0.7541429 0.8047274 0.9101263 0.5666482 0.7020225 0.6675323 0.0000000 0.8654132 0.9155993 0.6239388 0.7082231 0.7283835 0.7593440 0.7209733 0.8953916 0.8838886 0.8700768 0.8774942 0.8393379 0.9077727 0.8637379 0.8916298 0.9369180 0.9088567 0.9121081 0.9252955 0.8640212 0.8335296 0.8618153 0.8814021 0.9502119 0.9636422 0.8776786 0.9063983 0.8978797 0.9038459 0.8911508 0.9153985 0.9179873 0.9150411 0.9302490 0.9589006 0.8579488 0.9452199 0.9559874 0.9312046 0.9590621 0.9563976 0.9878437 0.8299591 0.8006030 0.7350356 0.7185148 1.1379851 0.9545550 0.9368091 0.9721048 0.9796062 0.9804503 0.9274989 0.9292313 0.9745376 0.9440810 0.9659192 0.9437885 0.9330952 0.9553557 0.9922703 1.0242401 1.1094062 1.0550888 0.8761638 1.8411028 1.9466241 1.8402853 2.5707954 
0107.CN.15.HB041501.KY019257           0.7323722 0.7559875 0.7688291 0.7568201 0.7829714 0.8208326 0.7617665 0.8048776 0.7552712 0.6691730 0.6955532 0.7247509 0.6588673 0.6548972 0.6956863 0.6213294 0.6327302 0.5601263 0.4437573 0.4510007 0.4647194 0.4679809 0.4773226 0.4593174 0.4736176 0.5487593 0.6357665 0.6865760 0.7387667 0.7237254 0.8654132 0.0000000 0.4180453 0.8276644 0.9268871 0.9021369 0.9336644 0.9690234 1.0016465 0.9988066 0.9763414 0.9776392 0.9430010 1.0118448 1.0082789 1.0037743 1.0416551 1.0479291 1.0188639 1.0257838 0.9749721 0.9966426 0.9452078 0.9782221 1.0597803 1.0750085 0.9891461 1.0001715 1.0380143 1.0237079 1.0087884 1.0230782 1.0001112 1.0430646 1.0397314 1.0111121 0.9602989 1.0257583 1.0199511 1.0367753 1.0481053 1.0625230 1.1012298 0.9327062 0.9454719 0.8752213 0.8627497 1.2791460 0.9588257 0.9519816 0.9822507 1.0315905 1.0325914 1.0043773 0.9870038 1.0513631 0.9541276 1.0009035 0.9537717 0.9477548 0.9686114 1.0359350 1.0895337 1.1068264 1.1352131 1.0222581 2.0992781 2.1599151 2.1260134 2.7800975 
01BC.CN.14.BJ.2014.MSM.SP01.KP668994   0.7957806 0.8315728 0.8170809 0.8134380 0.8536928 0.8871740 0.8271989 0.8684714 0.8368277 0.7440601 0.7607893 0.7956261 0.7469138 0.7444989 0.7854742 0.6943876 0.7126871 0.6349560 0.5142284 0.5191934 0.5473321 0.5363046 0.5550288 0.5416876 0.5616334 0.6140331 0.7050912 0.7505999 0.8061631 0.7992071 0.9155993 0.4180453 0.0000000 0.9076273 0.9785322 0.9685175 1.0222982 1.0280309 1.1162244 1.0932838 1.0687420 1.0921842 1.0591184 1.1037497 1.1266775 1.1004674 1.1261841 1.1243882 1.1183250 1.1262207 1.0741895 1.0817712 1.0320912 1.0918848 1.1459804 1.1523929 1.1062147 1.1012911 1.1245352 1.1266943 1.1298956 1.1222208 1.1339476 1.1295265 1.1726155 1.1321370 1.0621744 1.1311755 1.1151826 1.1492564 1.1379085 1.1309182 1.2188404 1.0342480 1.0198935 0.9620048 0.9580318 1.3591925 1.0632089 1.0545961 1.0857555 1.1176193 1.1040774 1.0958735 1.0580618 1.1340542 1.0523134 1.0825815 1.0575263 1.0596169 1.0577528 1.1691026 1.1637983 1.2135852 1.2029166 1.0723167 2.1835445 2.2709471 2.2148635 2.9012484 
G.NG.92.92NG083_JV10832.U88826         0.5259610 0.5326172 0.5435494 0.5395981 0.5907768 0.6109025 0.5619100 0.5846418 0.5040619 0.6301222 0.6416413 0.6695728 0.6253471 0.6294970 0.6657641 0.5854292 0.6052125 0.6438406 0.6822860 0.6964492 0.7258279 0.7247645 0.7291122 0.7274049 0.7496256 0.8004635 0.8807198 0.5650506 0.6829111 0.6639628 0.6239388 0.8276644 0.9076273 0.0000000 0.3509316 0.3907148 0.4075388 0.7490715 0.8483993 0.8591635 0.8438507 0.8469515 0.8216737 0.8670969 0.8401192 0.8817708 0.8947466 0.8959979 0.8882779 0.8804913 0.8317082 0.8057912 0.8101489 0.8298938 0.9192512 0.9213446 0.8703680 0.8737866 0.8989575 0.8875299 0.8839866 0.8842507 0.8862969 0.9012522 0.9243620 0.8965348 0.8213586 0.8928345 0.9120953 0.8754692 0.9139648 0.8911749 0.9630521 0.7984821 0.7671332 0.7322076 0.7064167 1.1362637 0.9536201 0.9293993 0.9701653 0.9922293 1.0005841 0.9596681 0.9305151 0.9800014 0.9292420 0.9592748 0.9619296 0.9200413 0.9182646 1.0083212 1.0164372 1.0779301 1.0318900 0.8425539 1.9447231 1.9508170 1.8981409 2.5614596 
G.NG.09.09NG010261.KX389626            0.5779329 0.5936128 0.6024818 0.6009812 0.6481022 0.6764965 0.6254830 0.6537748 0.5656479 0.6871297 0.7041535 0.7149120 0.6820789 0.6855593 0.7298498 0.6421822 0.6724652 0.7111887 0.7655453 0.7852802 0.7807936 0.8059949 0.8103533 0.7936428 0.8254338 0.8706251 0.9655666 0.6309812 0.7495562 0.7247985 0.7082231 0.9268871 0.9785322 0.3509316 0.0000000 0.4615346 0.4772081 0.8092978 0.9243453 0.8926858 0.8939741 0.9038330 0.8563496 0.9111531 0.9088662 0.9185449 0.9383203 0.9580985 0.9466889 0.9371725 0.8946039 0.8658420 0.8663487 0.9024633 0.9624121 0.9704896 0.9088765 0.9259841 0.9148385 0.9462307 0.9417099 0.9164584 0.9168852 0.9551037 0.9709853 0.9484270 0.8576688 0.9335067 0.9493830 0.9368775 0.9651353 0.9425297 1.0231432 0.8369226 0.8322918 0.7867762 0.7593518 1.1567873 0.9782162 0.9830173 1.0287998 1.0256282 1.0543976 0.9969192 0.9975857 1.0407092 0.9713015 1.0182125 1.0018242 0.9828988 1.0011011 1.0617988 1.0603134 1.1410303 1.1201414 0.9195772 1.9839200 2.0212692 1.9101707 2.6676208 
01F2G.CM.02.LT31.JN864056              0.5986933 0.6135912 0.6168827 0.6228142 0.6720944 0.7114375 0.6473174 0.6768133 0.5952124 0.7198040 0.7093927 0.7482307 0.6942791 0.7010072 0.7386999 0.6652125 0.6895873 0.7313662 0.7717439 0.7706687 0.7897847 0.8140558 0.8160561 0.7947871 0.8227544 0.8718001 0.9682298 0.6421137 0.7562752 0.7637076 0.7283835 0.9021369 0.9685175 0.3907148 0.4615346 0.0000000 0.4072726 0.8449459 0.9329286 0.9371584 0.9401575 0.9213550 0.9082705 0.9567367 0.8941116 0.9678643 0.9578543 0.9802800 0.9640752 0.9849079 0.9344723 0.9206776 0.9010526 0.9495317 1.0005664 1.0235621 0.9462814 0.9637898 0.9815576 0.9759050 0.9707743 0.9841900 0.9868818 1.0009012 0.9932279 0.9858972 0.9083535 0.9858262 1.0020543 0.9735711 0.9854006 1.0209964 1.0635810 0.8820671 0.8554049 0.8099591 0.7910837 1.2205921 1.0366347 1.0070106 1.0340790 1.0706037 1.0756178 1.0364429 1.0045101 1.0578393 1.0122399 1.0407234 1.0197884 0.9883508 1.0260552 1.0659168 1.1231602 1.1784147 1.1212119 0.9172164 1.9924634 2.0643984 1.9651996 2.6556320 
BCG.ES.15.100_119.KY496623             0.6373457 0.6333721 0.6538449 0.6558295 0.7016405 0.7330416 0.6607913 0.6921808 0.6165759 0.7408558 0.7417177 0.7801634 0.7252280 0.7419456 0.7711000 0.6964036 0.7341631 0.7622865 0.8045182 0.8062882 0.8321826 0.8364880 0.8393495 0.8315899 0.8542132 0.9317880 0.9911337 0.6702549 0.7772887 0.7729063 0.7593440 0.9336644 1.0222982 0.4075388 0.4772081 0.4072726 0.0000000 0.8563192 0.9706878 0.9975603 0.9814693 0.9775907 0.9372703 1.0030433 0.9631780 0.9823032 0.9982497 1.0252868 1.0147058 1.0052600 0.9440900 0.9302903 0.9357519 0.9557250 1.0603508 1.0459526 0.9803696 0.9819674 1.0133475 0.9938551 0.9959251 1.0147823 1.0276502 1.0152102 1.0456119 1.0097985 0.9704585 1.0396355 1.0339802 1.0238411 1.0357551 1.0370996 1.0663409 0.8875465 0.9112079 0.8534270 0.8379543 1.2319178 1.0300176 1.0354975 1.0488754 1.0917080 1.1028826 1.0356988 1.0182612 1.0599262 1.0106749 1.0266342 1.0423913 0.9987775 1.0225523 1.1139379 1.1098036 1.1785715 1.1346183 0.9436092 1.9996207 2.0646035 2.0485691 2.6951000 
06_cpx.SN.97.97SE1078.AJ288981         0.5498203 0.5760726 0.5664008 0.5563833 0.6164698 0.6415984 0.6114659 0.6459298 0.6753775 0.7713139 0.7603377 0.7812298 0.7457721 0.7421447 0.7938492 0.7304227 0.7619160 0.7877002 0.8287518 0.8361148 0.8576971 0.8499350 0.8562068 0.8439333 0.8885861 0.9494916 1.0142985 0.7069561 0.8147181 0.8142831 0.7209733 0.9690234 1.0280309 0.7490715 0.8092978 0.8449459 0.8563192 0.0000000 1.0102441 0.9921158 1.0137868 0.9887127 0.9775922 1.0239606 1.0139156 1.0194343 1.0344281 1.0536227 1.0565107 1.0401493 1.0061294 0.9682063 0.9561112 0.9961381 1.0596074 1.0490869 1.0104845 1.0209566 1.0478992 1.0158874 1.0146798 1.0269728 1.0268148 1.0556661 1.0774651 1.0493684 0.9658123 1.0138953 1.0308840 1.0584177 1.0922465 1.0550260 1.0913118 0.9739601 0.9523690 0.8486964 0.8430583 1.2130712 1.0557968 1.0433389 1.1065963 1.1140962 1.1131109 1.0642214 1.0642547 1.1064777 1.0308802 1.0715060 1.0687236 1.0113561 1.0448977 1.0736470 1.1684005 1.1608583 1.1847951 0.9695836 1.9071782 1.9146410 1.8797445 2.7175429 
