100
02A1.GH.97.97GH_AG2.AB052867           0.0000000 0.3683931 0.4499763 0.5208096 0.5961927 0.6199386 0.6172273 0.5276849 0.5422055 0.5415571 0.5695141 0.5108275 0.5156972 0.5883210 0.8089971 0.7923203 0.8764699 0.8335917 0.8182625 0.8456715 0.8117430 0.7867615 0.8382980 0.9234364 0.9577928 0.9034307 0.7732478 0.8268235 0.8387764 0.7842857 0.8103818 0.5609533 0.6193725 0.6037284 0.6483226 0.7969777 0.6618816 0.6523537 0.7258243 0.6265534 0.6665527 0.8009044 0.8484581 0.5523019 0.5381379 0.4897697 0.4617851 0.7758016 0.7810180 0.8307690 0.8555489 0.8531781 0.8215239 0.8416010 0.7742796 0.8198370 0.7763878 0.7751025 0.8247669 0.8225290 0.7653416 0.7438665 0.8061773 0.8490302 0.8428947 0.7901256 0.8253764 0.8200522 0.7999563 0.7885043 0.8139117 0.8096797 0.7719078 0.7538799 0.7669801 0.8307071 1.0688431 0.8427425 0.7891442 0.8435448 0.8310200 0.7393663 0.7536376 0.7307549 0.6717996 0.6582536 0.7622168 0.6257504 0.5101256 0.4224340 0.3869933 0.5540220 0.3432463 0.3435031 0.3572007 0.4375339 1.7581244 1.8219681 1.7422083 2.3753668 
02A.CI.16.DEURF16CI011.MH078538        0.3683931 0.0000000 0.5023690 0.5766250 0.6466365 0.6894443 0.6749754 0.5895948 0.5868448 0.5914023 0.6125575 0.5602300 0.5637654 0.6480469 0.8921256 0.8562427 0.9269946 0.8711240 0.8858676 0.8920352 0.8880301 0.8655753 0.8953806 0.9632748 1.0074385 0.9616322 0.8472463 0.8820789 0.8875934 0.8159536 0.8891553 0.6047203 0.6655901 0.6496886 0.7210882 0.8344402 0.7088214 0.7095888 0.7717602 0.6873041 0.7056650 0.8376779 0.8912147 0.6096208 0.5832804 0.5537599 0.5066332 0.8368633 0.8511605 0.9020924 0.9140307 0.9012421 0.8817318 0.8913866 0.8141433 0.8566949 0.8249529 0.8325956 0.8634320 0.8656733 0.8280622 0.7926133 0.8413293 0.8925124 0.8743544 0.8445130 0.8834253 0.8734988 0.8462824 0.8610674 0.8579814 0.8640877 0.8160163 0.8120302 0.8114467 0.8827109 1.1289407 0.9063820 0.8570400 0.8869321 0.8696688 0.8003512 0.8060266 0.7699991 0.7149918 0.7150244 0.8196666 0.6690669 0.5565973 0.4833400 0.4544035 0.5930048 0.4042575 0.3912789 0.4162250 0.4918315 1.8458999 1.8808125 1.8149968 2.4881197 
AGU.CM.06.770_8.MH705142               0.4499763 0.5023690 0.0000000 0.5067639 0.5924184 0.6118389 0.6244779 0.5561598 0.5620129 0.5636064 0.5835625 0.5417102 0.5439353 0.6116079 0.8592506 0.8471701 0.9225917 0.8516458 0.8664068 0.8939164 0.8654888 0.8435787 0.8767435 0.9409138 0.9937444 0.9534569 0.8347126 0.8652761 0.8719418 0.8204385 0.8534410 0.5861274 0.6419227 0.6330296 0.6807306 0.8505369 0.6776929 0.6799754 0.7622085 0.6748351 0.6814250 0.8071927 0.8784742 0.5778670 0.5742959 0.5229555 0.4799103 0.7901580 0.7961871 0.8591991 0.8510354 0.8691758 0.8361016 0.8324094 0.7794514 0.8478559 0.7950229 0.7885571 0.8213877 0.8074503 0.7721061 0.7531781 0.7903965 0.8612058 0.8459260 0.8003812 0.8302102 0.8149230 0.7901633 0.8003884 0.8144220 0.8221493 0.7723991 0.7744316 0.7735510 0.8437633 1.0815989 0.8513681 0.7993401 0.8503915 0.8211688 0.7684758 0.7625263 0.7755732 0.6998160 0.6769463 0.7896627 0.6448047 0.5561931 0.5224180 0.4824672 0.6723609 0.4546082 0.4568744 0.4756358 0.5468727 1.8371552 1.8706320 1.8561188 2.4172222 
G.NG.92.92NG083_JV10832.U88826         0.5208096 0.5766250 0.5067639 0.0000000 0.3517119 0.3781912 0.3882672 0.6279955 0.6228055 0.6260837 0.6442545 0.6141296 0.6029545 0.6805085 0.9592501 0.8943571 1.0032461 0.9325321 0.9331836 0.9248097 0.9269990 0.8772187 0.9264837 1.0274308 1.0510013 1.0102234 0.8812316 0.9137055 0.9138592 0.8936880 0.8940064 0.6325560 0.7319856 0.7191143 0.7730474 0.9080550 0.7548407 0.7606496 0.8389167 0.7186411 0.7446062 0.8914324 0.9554916 0.6402584 0.6302466 0.5904918 0.5655013 0.9146110 0.8902350 0.9680974 0.9621481 0.9561722 0.9385191 0.9419995 0.8774892 0.9334754 0.9087594 0.8944446 0.9148837 0.9140570 0.8937034 0.8654711 0.9164634 0.9551423 0.9495850 0.8973414 0.9250483 0.9104536 0.9015600 0.9110567 0.9098235 0.9161357 0.8775511 0.8836200 0.8828383 0.9310192 1.1690996 0.9560406 0.9212888 0.9560464 0.9321477 0.8564891 0.8570960 0.8416514 0.7986948 0.7534078 0.8678450 0.7171857 0.6488520 0.5758301 0.5493935 0.7271476 0.5263104 0.5236989 0.5486330 0.6073535 1.9920269 2.0103773 2.0157826 2.5438754 
G.NG.09.09NG010261.KX389626            0.5961927 0.6466365 0.5924184 0.3517119 0.0000000 0.4647066 0.4755821 0.7042648 0.6978165 0.7144955 0.7266948 0.6803338 0.6758552 0.7738437 1.0459718 0.9926567 1.1204419 1.0074498 1.0122448 1.0365480 1.0183445 1.0112169 1.0424156 1.1133512 1.1408116 1.1117889 0.9920908 0.9818171 0.9997259 0.9802288 0.9935196 0.7259738 0.8206443 0.7914305 0.8346984 1.0146443 0.8524346 0.8443461 0.8964075 0.7968302 0.8384942 0.9454546 1.0429519 0.7144674 0.7243169 0.6709164 0.6516632 0.9918113 0.9774388 1.0458211 1.0630267 1.0454021 1.0154622 1.0332523 0.9742817 1.0188978 1.0024754 0.9974826 1.0145718 1.0128909 1.0009194 0.9593787 0.9926266 1.0460667 1.0179533 0.9919319 1.0517206 1.0026239 1.0152015 0.9999110 1.0008161 1.0035362 0.9666360 0.9600610 0.9511762 1.0421524 1.2582785 1.0275293 0.9804911 1.0480243 1.0307463 0.9388308 0.9774576 0.9102970 0.8632945 0.8271623 0.9307428 0.8112173 0.7357201 0.6709522 0.6374532 0.8268850 0.6135289 0.6097764 0.6296713 0.6950440 2.0326333 2.0820612 2.0246673 2.6699024 
01F2G.CM.02.LT31.JN864056              0.6199386 0.6894443 0.6118389 0.3781912 0.4647066 0.0000000 0.3811951 0.7199499 0.7380167 0.7412541 0.7558393 0.7129295 0.7145986 0.7789317 1.0877480 1.0226829 1.1187047 1.0369389 1.0396542 1.0695508 1.0509882 1.0242682 1.0371662 1.1359522 1.1670610 1.1086842 1.0018619 1.0080881 1.0233684 0.9885698 1.0162232 0.7357952 0.8233944 0.8011887 0.8707567 1.0024581 0.8502151 0.8481184 0.9435364 0.8202528 0.8470256 0.9987571 1.0462747 0.7462823 0.7276351 0.6930315 0.6687527 0.9901983 0.9957193 1.0405865 1.0760995 1.0393327 1.0254263 1.0108120 0.9619738 1.0077602 0.9934695 0.9476624 0.9986257 1.0089934 0.9864779 0.9550725 0.9824947 1.0555192 1.0340762 0.9755030 1.0099051 0.9796979 0.9750759 0.9927497 1.0090303 1.0094548 0.9721929 0.9695260 0.9563787 1.0271456 1.2877479 1.0471899 0.9851153 1.0388184 1.0205840 0.9328509 0.9799379 0.9265818 0.8841651 0.8550872 0.9857116 0.8224142 0.7443524 0.6677916 0.6410734 0.8342080 0.6334219 0.6350535 0.6332879 0.7176548 1.9961034 2.0725456 2.0429597 2.6554552 
BCG.ES.15.100_119.KY496623             0.6172273 0.6749754 0.6244779 0.3882672 0.4755821 0.3811951 0.0000000 0.7085827 0.7335096 0.7309544 0.7503151 0.7156761 0.7030007 0.7698650 1.0593241 0.9842135 1.0826342 1.0158009 1.0146734 1.0411820 1.0208056 0.9743722 1.0268194 1.1420203 1.1624469 1.1099170 0.9984198 1.0148541 1.0328642 0.9829059 1.0153874 0.7391399 0.8464168 0.8126781 0.8775697 1.0128086 0.8587342 0.8744538 0.9384170 0.8421443 0.8578042 1.0144646 1.0609958 0.7510717 0.7332338 0.6802722 0.6555186 0.9843225 0.9877672 1.0671402 1.0654284 1.0490768 1.0074238 1.0615736 0.9976024 1.0373075 1.0118272 1.0087885 1.0125879 1.0087511 0.9954327 0.9673614 1.0214401 1.0760867 1.0599532 0.9849993 1.0428944 1.0037164 0.9902870 0.9807578 1.0148684 1.0124215 0.9852635 0.9537599 0.9650545 1.0506414 1.2749665 1.0607485 1.0095852 1.0484827 1.0299927 0.9549726 0.9770170 0.9391946 0.8807668 0.8617300 0.9638080 0.8217058 0.7533450 0.6953524 0.6579008 0.8309293 0.6334922 0.6287481 0.6391670 0.7321119 2.0750009 2.1000774 2.0882703 2.7360057 
A1.KE.06.06KECst_028.FJ623479          0.5276849 0.5895948 0.5561598 0.6279955 0.7042648 0.7199499 0.7085827 0.0000000 0.3229376 0.3956222 0.4168843 0.3714609 0.4006415 0.4959905 0.7301441 0.7185570 0.7826392 0.7342235 0.7242985 0.7557878 0.7371570 0.7023911 0.7570999 0.8090997 0.8387912 0.8011219 0.6764906 0.7192200 0.7492517 0.7008396 0.7103643 0.4459714 0.5578747 0.5404482 0.5960677 0.7470940 0.5734402 0.5913682 0.6702611 0.5731111 0.5948742 0.7119751 0.7709963 0.5006754 0.4827198 0.4275493 0.4951246 0.8207073 0.8436049 0.8947947 0.9016437 0.8942794 0.8754750 0.8702895 0.8150821 0.8603307 0.8312850 0.8460274 0.8627819 0.8598134 0.8175539 0.8058120 0.8151489 0.9084041 0.9055442 0.8378004 0.8979079 0.8567493 0.8628777 0.8414814 0.8553417 0.8681481 0.8050291 0.8138299 0.8106343 0.8723314 1.1397182 0.9008726 0.8488542 0.8732094 0.8537553 0.7989165 0.8183806 0.7814754 0.7493368 0.7218802 0.8209600 0.6708328 0.6274861 0.5802517 0.5730722 0.7327144 0.5265021 0.5310473 0.5492201 0.6280437 2.0046693 2.0165877 2.0268184 2.5612262 
A1.KE.06.06KECst_013.FJ623485          0.5422055 0.5868448 0.5620129 0.6228055 0.6978165 0.7380167 0.7335096 0.3229376 0.0000000 0.3893371 0.4202195 0.3758505 0.3933236 0.4797597 0.7241161 0.7163768 0.7775940 0.7166580 0.7290235 0.7679393 0.7250097 0.7147431 0.7582998 0.8225503 0.8503819 0.8016543 0.6869462 0.7197973 0.7446124 0.6861801 0.7288711 0.4506194 0.5665073 0.5558922 0.5956804 0.7572511 0.5963934 0.5905084 0.6571899 0.5727576 0.5903650 0.7157690 0.7746991 0.4880357 0.4853263 0.4354538 0.4850224 0.8165015 0.8223644 0.8771511 0.9184103 0.9106631 0.8884043 0.8810834 0.8196431 0.8939883 0.8554486 0.8509908 0.8810130 0.8818183 0.8441554 0.7988784 0.8547613 0.9389020 0.8824302 0.8230965 0.8881100 0.8586693 0.8535430 0.8383519 0.8651051 0.8699876 0.8368057 0.8254262 0.8350903 0.8974981 1.1549018 0.9203323 0.8475298 0.8912813 0.8731522 0.8142227 0.8152054 0.8007499 0.7566283 0.7039102 0.8081751 0.6680883 0.6342690 0.5875748 0.5868500 0.7224813 0.5273743 0.5425416 0.5645135 0.6216575 1.9308926 2.0188062 2.0205067 2.4838545 
35_AD.AF.06.007H.GQ477450              0.5415571 0.5914023 0.5636064 0.6260837 0.7144955 0.7412541 0.7309544 0.3956222 0.3893371 0.0000000 0.4287323 0.3783753 0.4097474 0.4937114 0.7376976 0.7026953 0.7844607 0.7446169 0.7615426 0.7469530 0.7448081 0.7264210 0.7541458 0.8402711 0.8619274 0.8284904 0.7087028 0.7398335 0.7462115 0.6828935 0.7092096 0.4603220 0.5781416 0.5622850 0.6127397 0.7854383 0.5978136 0.5939213 0.6744434 0.5922862 0.6068809 0.7241764 0.7740825 0.4997177 0.4856412 0.4265004 0.5072365 0.8373619 0.8501330 0.9049498 0.9220691 0.9182287 0.9067169 0.8967725 0.8273577 0.8787199 0.8212586 0.8427825 0.8605756 0.8629562 0.8287008 0.7761185 0.8348469 0.9321397 0.8944422 0.8354713 0.9016621 0.8588041 0.8349370 0.8327254 0.8732893 0.8490169 0.8296437 0.8369071 0.8212431 0.8823173 1.1304909 0.9494715 0.8694945 0.8908982 0.8780959 0.8056035 0.8274239 0.7994773 0.7428226 0.7198147 0.8324646 0.6646506 0.6447563 0.5999072 0.5896346 0.7606453 0.5416059 0.5421516 0.5654747 0.6290953 1.9076394 1.9422844 1.9380807 2.5359971 
A1.CY.07.CY208.JF683760                0.5695141 0.6125575 0.5835625 0.6442545 0.7266948 0.7558393 0.7503151 0.4168843 0.4202195 0.4287323 0.0000000 0.2514092 0.4139577 0.5103775 0.7478859 0.7277531 0.7953920 0.7565018 0.7408683 0.7771107 0.7678895 0.7326298 0.7773184 0.8117965 0.8862868 0.8237063 0.7063276 0.7427547 0.7549186 0.6987765 0.7368192 0.4707875 0.5883355 0.5791667 0.6404565 0.7956116 0.6274640 0.6145110 0.6956147 0.6076869 0.6081658 0.7662723 0.7933737 0.5085605 0.5086633 0.4456566 0.5283636 0.8451713 0.8731501 0.9372937 0.9405482 0.9287205 0.9123955 0.9123905 0.8460428 0.9028661 0.8603864 0.8534442 0.8808289 0.8724873 0.8496424 0.8192243 0.8670006 0.9343999 0.9188931 0.8500493 0.8989039 0.8793723 0.8882988 0.8601642 0.8755244 0.8929608 0.8463857 0.8366646 0.8284242 0.9052200 1.1659054 0.9339937 0.8906373 0.9085723 0.8940580 0.8084840 0.8548605 0.8069334 0.7578769 0.7307421 0.8336854 0.6751964 0.6825413 0.5956352 0.6036034 0.7698625 0.5611883 0.5655151 0.6075542 0.6470961 1.9631210 2.0074416 2.0188481 2.5889763 
A1.CY.05.CY051.FJ388903                0.5108275 0.5602300 0.5417102 0.6141296 0.6803338 0.7129295 0.7156761 0.3714609 0.3758505 0.3783753 0.2514092 0.0000000 0.3664262 0.4528076 0.7015487 0.6778401 0.7535827 0.7024046 0.7013149 0.7397907 0.7024980 0.6920760 0.7160663 0.7789252 0.8433349 0.7736104 0.6721096 0.6998296 0.7070980 0.6455783 0.6905794 0.4229351 0.5348126 0.5168142 0.5722521 0.7339696 0.5590652 0.5582458 0.6336939 0.5495530 0.5545348 0.6870077 0.7358349 0.4712809 0.4541726 0.3934787 0.4571096 0.8032952 0.8146225 0.8661498 0.8842030 0.8842439 0.8751912 0.8685333 0.7962938 0.8493588 0.8024913 0.8198485 0.8470027 0.8246080 0.8205023 0.7734821 0.8132472 0.8734928 0.8702464 0.8182976 0.8729942 0.8351533 0.8237619 0.8159213 0.8334668 0.8410338 0.7885608 0.7916406 0.7866918 0.8401947 1.0952754 0.8874643 0.8323940 0.8597927 0.8460600 0.7723658 0.7861360 0.7409170 0.7074188 0.6770010 0.7866735 0.6345110 0.6132612 0.5453412 0.5502919 0.7191446 0.5059037 0.5021988 0.5300820 0.5895845 1.9302940 2.0069262 2.0383785 2.5281976 
A1.UG.11.DEMA110UG001.KF859745         0.5156972 0.5637654 0.5439353 0.6029545 0.6758552 0.7145986 0.7030007 0.4006415 0.3933236 0.4097474 0.4139577 0.3664262 0.0000000 0.4605250 0.7214425 0.7011262 0.7764851 0.7195406 0.7100633 0.7418276 0.7183491 0.6970135 0.7364497 0.7885791 0.8277415 0.8020436 0.6596418 0.7135064 0.7168018 0.6650714 0.6922908 0.4401479 0.5489569 0.5289122 0.5894089 0.7512270 0.5825461 0.5787838 0.6500193 0.5571234 0.5767466 0.7007366 0.7547553 0.4637526 0.4571113 0.3917246 0.4701340 0.8136789 0.8220028 0.8749385 0.8890741 0.8792715 0.8492579 0.8786020 0.8054869 0.8496829 0.8171360 0.8389345 0.8499018 0.8406638 0.8262518 0.7846763 0.8273667 0.8888009 0.8640985 0.8365123 0.8650441 0.8561770 0.8270828 0.8280819 0.8542068 0.8482058 0.8056865 0.8007961 0.8062672 0.8588319 1.0955857 0.8736740 0.8393418 0.8760687 0.8599240 0.7761922 0.7700439 0.7684390 0.7181044 0.6977717 0.7852558 0.6491512 0.6128465 0.5777968 0.5413995 0.7283632 0.5236161 0.5115561 0.5400359 0.5923564 1.9111360 1.9969025 1.9958805 2.5131583 
A1C.UG.99.99UGF25926.AF484491          0.5883210 0.6480469 0.6116079 0.6805085 0.7738437 0.7789317 0.7698650 0.4959905 0.4797597 0.4937114 0.5103775 0.4528076 0.4605250 0.0000000 0.6486461 0.6192657 0.6755618 0.6486009 0.6471755 0.6489666 0.6283062 0.6231098 0.6592137 0.7156358 0.7648951 0.7221997 0.5858066 0.6343171 0.6491532 0.5954080 0.6246703 0.4953451 0.6107446 0.6145726 0.6698193 0.8191212 0.6516337 0.6533037 0.7224340 0.6433077 0.6528409 0.7783376 0.8520672 0.5481001 0.5230230 0.4790563 0.5362093 0.8670886 0.8826620 0.9111776 0.9318892 0.9506246 0.9312194 0.9061261 0.8537865 0.9122151 0.8750318 0.8743461 0.8951681 0.8897653 0.8738314 0.8318267 0.8815780 0.9536126 0.9594107 0.8918248 0.9202825 0.9151416 0.8964825 0.8953728 0.8980621 0.9111680 0.8651812 0.8706344 0.8507003 0.9343091 1.1748549 0.9680726 0.9043134 0.9524278 0.9305275 0.8350549 0.8563923 0.8212180 0.7731403 0.7464962 0.8675618 0.7179862 0.6845519 0.6343322 0.6092164 0.8136614 0.5829544 0.5879545 0.6267047 0.6568266 1.9411889 2.0494695 1.9799870 2.5841033 
A1C.IN.15.SC017.KY713232               0.8089971 0.8921256 0.8592506 0.9592501 1.0459718 1.0877480 1.0593241 0.7301441 0.7241161 0.7376976 0.7478859 0.7015487 0.7214425 0.6486461 0.0000000 0.6428896 0.7214978 0.6813578 0.6791198 0.6846422 0.6739488 0.6544170 0.6941999 0.7587314 0.7953879 0.7486724 0.6169168 0.6815389 0.6884404 0.6460598 0.6573557 0.7445089 0.8577316 0.8347429 0.8740882 1.0830610 0.9085409 0.8900783 0.9318314 0.8592521 0.8781186 1.0286267 1.1302323 0.7939879 0.7704888 0.7370979 0.8045001 1.1317485 1.1374278 1.1979516 1.2159557 1.2055407 1.2193836 1.2122301 1.1302000 1.2122028 1.1552849 1.1617327 1.1528658 1.1822827 1.1513709 1.1308165 1.1634225 1.2299554 1.1988283 1.1779119 1.2406389 1.2136837 1.1860490 1.1500066 1.1382559 1.1740191 1.1607813 1.1301860 1.1383416 1.1993097 1.4173974 1.2003483 1.1602580 1.1998818 1.2118358 1.1274993 1.1358120 1.1065419 1.0675190 1.0544157 1.1118681 0.9758177 0.9505322 0.8833171 0.8691034 1.0499580 0.8507781 0.8445856 0.8781231 0.9263406 2.2032071 2.3291256 2.2477835 2.8620220 
C.IL.99.99ET14.AY255825                0.7923203 0.8562427 0.8471701 0.8943571 0.9926567 1.0226829 0.9842135 0.7185570 0.7163768 0.7026953 0.7277531 0.6778401 0.7011262 0.6192657 0.6428896 0.0000000 0.4394554 0.4205407 0.4228754 0.4483208 0.4132751 0.3985325 0.4375220 0.5011123 0.5158187 0.5093285 0.3769969 0.4170837 0.4136049 0.3825666 0.3929959 0.7327701 0.8309911 0.8334282 0.8618869 1.0200269 0.8620343 0.8620302 0.9417617 0.8595953 0.8506410 1.0191277 1.0517492 0.7911023 0.7721974 0.7187111 0.7707385 1.1179729 1.1276329 1.1468340 1.1951001 1.1913330 1.1955785 1.1715413 1.0922513 1.1489792 1.1051103 1.1174880 1.1269888 1.1357864 1.1157625 1.0905758 1.1231308 1.1769503 1.1855105 1.1197628 1.1692957 1.1528267 1.1401969 1.1206969 1.1533529 1.1363277 1.1113465 1.0902268 1.0892732 1.1465021 1.3975037 1.2018735 1.1261623 1.1643432 1.1543130 1.0852586 1.0848344 1.0716555 1.0349554 1.0063771 1.0786822 0.9594623 0.9392835 0.8741755 0.8292784 1.0440483 0.8323134 0.8171217 0.8397832 0.8925625 2.0781925 2.1580420 2.2260514 2.7897623 
C.SE.09.035ZA.MF373148                 0.8764699 0.9269946 0.9225917 1.0032461 1.1204419 1.1187047 1.0826342 0.7826392 0.7775940 0.7844607 0.7953920 0.7535827 0.7764851 0.6755618 0.7214978 0.4394554 0.0000000 0.4873717 0.4891157 0.5077270 0.4868403 0.4594672 0.5146189 0.5799429 0.6301021 0.5902312 0.4475582 0.4948318 0.4902266 0.4449551 0.4779763 0.8010254 0.9211095 0.9068657 0.9409683 1.1130593 0.9535798 0.9343775 0.9869034 0.9264237 0.9315907 1.0770884 1.1181874 0.8592346 0.8199644 0.7924818 0.8689617 1.1790216 1.1789925 1.2495842 1.2690362 1.2708334 1.2609564 1.2582398 1.1524680 1.2378531 1.1569836 1.1802759 1.2343687 1.2267957 1.1687775 1.1582514 1.2192035 1.2611068 1.2535106 1.2009983 1.2440174 1.2063200 1.1832356 1.2085334 1.2153876 1.1840753 1.2027440 1.1663729 1.1561010 1.2469106 1.5229546 1.2545690 1.2180423 1.2607507 1.2278431 1.1555095 1.1359009 1.0967633 1.0835181 1.0713378 1.1564485 1.0104128 0.9995068 0.9510189 0.9014654 1.0815093 0.8690153 0.8708705 0.8963162 0.9533285 2.2148252 2.2784220 2.3205129 2.7771509 
C.ZA.04.04ZASK135B1.DQ011166           0.8335917 0.8711240 0.8516458 0.9325321 1.0074498 1.0369389 1.0158009 0.7342235 0.7166580 0.7446169 0.7565018 0.7024046 0.7195406 0.6486009 0.6813578 0.4205407 0.4873717 0.0000000 0.3389202 0.3412552 0.3557125 0.3296670 0.3841441 0.4561169 0.4990493 0.4634615 0.3329920 0.4268874 0.4227750 0.3850400 0.4077972 0.7382193 0.8537663 0.8631931 0.8931017 1.0610067 0.9077467 0.8857295 0.9530509 0.8844848 0.8772298 1.0235197 1.0991271 0.7907387 0.7613647 0.7480087 0.8078404 1.0947031 1.1216773 1.1405486 1.1688523 1.1768866 1.1935965 1.1976035 1.0818042 1.1600524 1.0889390 1.1166197 1.1235260 1.1434237 1.1073211 1.1055687 1.1186384 1.2047738 1.1824755 1.1355050 1.1658345 1.1571955 1.1401382 1.1147809 1.1441686 1.1453685 1.1188167 1.1041888 1.0871178 1.1566773 1.4095990 1.1958320 1.1309911 1.1951474 1.1589868 1.0919585 1.1157212 1.0911042 1.0454165 1.0229876 1.1090232 0.9838640 0.9285935 0.8805163 0.8505832 1.0272646 0.8281815 0.8239382 0.8497566 0.9047555 2.2045242 2.2892858 2.2995708 2.8174338 
C.ZA.03.03ZAPS130MB1.DQ275658          0.8182625 0.8858676 0.8664068 0.9331836 1.0122448 1.0396542 1.0146734 0.7242985 0.7290235 0.7615426 0.7408683 0.7013149 0.7100633 0.6471755 0.6791198 0.4228754 0.4891157 0.3389202 0.0000000 0.2982636 0.3718208 0.3472043 0.4046890 0.4557952 0.5051320 0.4755855 0.3437360 0.4344414 0.4321935 0.3891589 0.4111672 0.7464977 0.8701494 0.8634918 0.8925154 1.0607208 0.9178658 0.8967212 0.9600472 0.8837735 0.8875265 1.0171776 1.0762965 0.8126502 0.7841066 0.7444171 0.7954986 1.1005271 1.1397277 1.1703159 1.2025534 1.2050648 1.2211398 1.2120131 1.1072050 1.1925487 1.1304979 1.1423082 1.1503481 1.1583621 1.1456177 1.1293207 1.1538663 1.2463489 1.1954151 1.1594021 1.1727207 1.1524732 1.1343632 1.1337805 1.1604556 1.1684777 1.1271816 1.1226388 1.0998175 1.1684626 1.4417371 1.1939043 1.1406532 1.2105083 1.1579803 1.1145988 1.1131027 1.0906873 1.0540248 1.0118367 1.1057059 0.9955671 0.9522540 0.8997076 0.8520191 1.0202730 0.8347221 0.8232385 0.8633900 0.9099622 2.2032303 2.2666497 2.2345375 2.9007389 
C.ZA.97.97ZA012.AF286227               0.8456715 0.8920352 0.8939164 0.9248097 1.0365480 1.0695508 1.0411820 0.7557878 0.7679393 0.7469530 0.7771107 0.7397907 0.7418276 0.6489666 0.6846422 0.4483208 0.5077270 0.3412552 0.2982636 0.0000000 0.3816471 0.3503409 0.4094687 0.4727396 0.5172426 0.4857850 0.3529557 0.4490489 0.4527857 0.4041377 0.4269476 0.7600253 0.8732485 0.8776742 0.9146176 1.1164565 0.9208344 0.9082400 0.9715468 0.8960419 0.8953291 1.0080934 1.1065343 0.8147899 0.7675193 0.7489454 0.8175432 1.1255854 1.1585017 1.1858313 1.2206038 1.1876432 1.2013949 1.2284279 1.1140377 1.1780901 1.1396179 1.1542130 1.1411936 1.1653281 1.1396844 1.1275756 1.1506645 1.2126954 1.1927183 1.1349590 1.1743232 1.1739132 1.1672303 1.1448887 1.1427829 1.1563357 1.1199068 1.1275356 1.0964605 1.1671959 1.4257585 1.2110715 1.1481751 1.2056651 1.1552420 1.1173850 1.1035124 1.1003831 1.0438974 1.0455950 1.1316746 0.9937025 0.9553826 0.9288097 0.8799326 1.0434360 0.8502101 0.8471197 0.8603604 0.9490640 2.2349377 2.3405505 2.2695137 2.9088968 
C.BW.98.98BWMC14A3.AF443078            0.8117430 0.8880301 0.8654888 0.9269990 1.0183445 1.0509882 1.0208056 0.7371570 0.7250097 0.7448081 0.7678895 0.7024980 0.7183491 0.6283062 0.6739488 0.4132751 0.4868403 0.3557125 0.3718208 0.3816471 0.0000000 0.3365177 0.3945092 0.4540721 0.5070662 0.4762652 0.3435673 0.4196820 0.4353334 0.3945199 0.4108473 0.7491008 0.8655836 0.8458216 0.8932788 1.0672047 0.9135407 0.8820952 0.9498263 0.8868460 0.8734029 0.9993360 1.0909632 0.8021768 0.7740175 0.7395307 0.8002749 1.0909078 1.1139523 1.1871827 1.1960172 1.2075218 1.1896081 1.1786773 1.0950022 1.1666406 1.1142697 1.1076611 1.1484888 1.1571819 1.1253570 1.0944356 1.1071228 1.2147748 1.1717409 1.1243714 1.1892641 1.1576927 1.1525586 1.1159367 1.1447918 1.1550005 1.1314831 1.0928263 1.0967393 1.1378011 1.4167696 1.2134592 1.1429963 1.1709699 1.1358131 1.0889831 1.1130193 1.0947483 1.0151326 1.0274303 1.1273342 0.9833270 0.9378037 0.8947959 0.8748529 1.0534765 0.8553867 0.8492061 0.8579500 0.9149578 2.1339222 2.1914298 2.2898257 2.8178488 
C.ZA.99.99ZALT4.EU293444               0.7867615 0.8655753 0.8435787 0.8772187 1.0112169 1.0242682 0.9743722 0.7023911 0.7147431 0.7264210 0.7326298 0.6920760 0.6970135 0.6231098 0.6544170 0.3985325 0.4594672 0.3296670 0.3472043 0.3503409 0.3365177 0.0000000 0.3099159 0.4246647 0.4757305 0.4327436 0.3103057 0.3972848 0.3995119 0.3528570 0.3810800 0.7126462 0.8284086 0.8284356 0.8589883 1.0319880 0.8792818 0.8483418 0.9208305 0.8369830 0.8609669 0.9863968 1.0624947 0.7632845 0.7454549 0.7203541 0.8018100 1.0749977 1.0897212 1.1443761 1.1926493 1.1764295 1.1748503 1.1530683 1.0744886 1.1562195 1.0947540 1.0927475 1.1256252 1.1212487 1.0966577 1.0887727 1.0834953 1.1823845 1.1463278 1.0774709 1.1284620 1.1251555 1.1113324 1.1108949 1.1162954 1.1476211 1.0910584 1.0678061 1.0604160 1.1212801 1.3941297 1.1647485 1.1117008 1.1542494 1.1269472 1.0803764 1.0812094 1.0676902 1.0134564 1.0160901 1.0971832 0.9568883 0.9275889 0.8929168 0.8586652 1.0017966 0.8297825 0.8134895 0.8371421 0.9124759 2.2077084 2.3406996 2.2775047 2.7899601 
C.ZA.02.02ZAPS015MB1.DQ369995          0.8382980 0.8953806 0.8767435 0.9264837 1.0424156 1.0371662 1.0268194 0.7570999 0.7582998 0.7541458 0.7773184 0.7160663 0.7364497 0.6592137 0.6941999 0.4375220 0.5146189 0.3841441 0.4046890 0.4094687 0.3945092 0.3099159 0.0000000 0.4797435 0.5215598 0.4861731 0.3612730 0.4493868 0.4420089 0.4066353 0.4306668 0.7587483 0.8735926 0.8712022 0.9309649 1.0527491 0.9146352 0.8878665 0.9643630 0.8889377 0.8957475 1.0218309 1.1108844 0.8139244 0.7913769 0.7571624 0.8021614 1.1072402 1.1466463 1.1987564 1.2272619 1.2185222 1.2057558 1.1901495 1.1164513 1.2030848 1.1294923 1.1555783 1.1581703 1.1677082 1.1261840 1.1091268 1.1476965 1.2077642 1.1902323 1.1458726 1.1635421 1.1596567 1.1393288 1.1377064 1.1752051 1.1913430 1.1356481 1.1140738 1.0877057 1.1683233 1.4590940 1.2106967 1.1652076 1.1955878 1.1539115 1.1093099 1.1155671 1.1055128 1.0853040 1.0481304 1.0949861 0.9972108 0.9645165 0.9122071 0.8611502 1.0671553 0.8383898 0.8588960 0.8730330 0.9182444 2.1872950 2.3081862 2.2537415 2.8926953 
C.GB.14.13659_1_48.3.MF109437          0.9234364 0.9632748 0.9409138 1.0274308 1.1133512 1.1359522 1.1420203 0.8090997 0.8225503 0.8402711 0.8117965 0.7789252 0.7885791 0.7156358 0.7587314 0.5011123 0.5799429 0.4561169 0.4557952 0.4727396 0.4540721 0.4246647 0.4797435 0.0000000 0.5464931 0.5074931 0.4238628 0.4963225 0.5023596 0.4609156 0.4809385 0.8350041 0.9166207 0.9261589 0.9588008 1.1367898 0.9842486 0.9547913 1.0290231 0.9610538 0.9761656 1.0751553 1.1492913 0.8795410 0.8445905 0.8068802 0.8819067 1.1695482 1.2050798 1.2615430 1.2875940 1.2988772 1.2645204 1.2598968 1.1811218 1.2499995 1.2208014 1.2074663 1.2042431 1.2538371 1.2034350 1.1671571 1.2185261 1.2840428 1.2747879 1.2064053 1.2230543 1.2366752 1.2081269 1.2046507 1.2435738 1.2314066 1.2074404 1.1815833 1.1684097 1.2426885 1.5090947 1.2862180 1.2314208 1.2768746 1.2363919 1.1932872 1.1623413 1.1843510 1.1344180 1.1211563 1.2038425 1.0473092 1.0195778 0.9910636 0.9525770 1.1113192 0.9289579 0.9291821 0.9530531 1.0288750 2.2902177 2.3793035 2.3403595 2.9669205 
BC.CN.07.07CNYN340.KF835526            0.9577928 1.0074385 0.9937444 1.0510013 1.1408116 1.1670610 1.1624469 0.8387912 0.8503819 0.8619274 0.8862868 0.8433349 0.8277415 0.7648951 0.7953879 0.5158187 0.6301021 0.4990493 0.5051320 0.5172426 0.5070662 0.4757305 0.5215598 0.5464931 0.0000000 0.3966071 0.4606368 0.5354850 0.5369719 0.4997027 0.5276166 0.8816292 0.9839233 0.9803564 1.0203653 1.1755590 1.0304096 0.9982201 1.0803508 1.0310686 1.0045232 1.1362897 1.2311871 0.9009381 0.9006591 0.8619343 0.9465808 1.2550062 1.2817191 1.3064822 1.3797432 1.3354237 1.3347131 1.3042721 1.2414204 1.2915166 1.2797126 1.2887751 1.2818076 1.2725920 1.2492713 1.2171909 1.2746521 1.3233475 1.3480050 1.2715023 1.2701984 1.2735098 1.2525450 1.2621540 1.2470324 1.2973429 1.2798322 1.2335226 1.2313484 1.2996589 1.5528071 1.3369269 1.2722305 1.3186310 1.2796687 1.2358898 1.2427374 1.2063202 1.1665784 1.1335668 1.2265970 1.1272757 1.0589593 1.0387632 1.0085210 1.1549724 0.9532042 0.9568307 0.9655965 1.0491127 2.3230977 2.4349198 2.4652034 3.0285237 
85_BC.CN.14.14CN_SCYB4.KU992932        0.9034307 0.9616322 0.9534569 1.0102234 1.1117889 1.1086842 1.1099170 0.8011219 0.8016543 0.8284904 0.8237063 0.7736104 0.8020436 0.7221997 0.7486724 0.5093285 0.5902312 0.4634615 0.4755855 0.4857850 0.4762652 0.4327436 0.4861731 0.5074931 0.3966071 0.0000000 0.4326398 0.5117914 0.5199276 0.4814886 0.4995039 0.8255212 0.9231509 0.9030309 0.9635384 1.1408261 0.9645467 0.9255862 1.0235762 0.9446110 0.9557704 1.0947540 1.1855644 0.8708919 0.8626238 0.8344033 0.8866267 1.2039996 1.2108703 1.2361686 1.2760268 1.2987901 1.2790766 1.2563536 1.1997020 1.2382868 1.2030737 1.2037507 1.2285133 1.2401816 1.2027128 1.1711779 1.2151028 1.2963203 1.2876190 1.2021013 1.2253655 1.2285732 1.2068923 1.2304437 1.2368453 1.2248476 1.2129160 1.1789410 1.1893853 1.2372925 1.4921079 1.3089036 1.2119827 1.2060595 1.2476638 1.1821322 1.2002101 1.1851119 1.1390555 1.1287576 1.1962892 1.0623608 1.0378816 0.9789622 0.9501649 1.1161618 0.9132359 0.9215282 0.9393121 1.0125123 2.2711783 2.3591037 2.3784264 2.9821520 
C.BW.00.00BW076820.AF443089            0.7732478 0.8472463 0.8347126 0.8812316 0.9920908 1.0018619 0.9984198 0.6764906 0.6869462 0.7087028 0.7063276 0.6721096 0.6596418 0.5858066 0.6169168 0.3769969 0.4475582 0.3329920 0.3437360 0.3529557 0.3435673 0.3103057 0.3612730 0.4238628 0.4606368 0.4326398 0.0000000 0.3852034 0.3918272 0.3435231 0.3600544 0.6950167 0.8100581 0.8158037 0.8507181 1.0124973 0.8515022 0.8276820 0.9093376 0.8317877 0.8381639 0.9669292 1.0309608 0.7484427 0.7282499 0.7019017 0.7741434 1.0813943 1.0929791 1.1375032 1.1818051 1.1507461 1.1564413 1.1770971 1.0867285 1.1447431 1.0894858 1.0881165 1.1092876 1.1143543 1.0855105 1.0749412 1.1070427 1.1571381 1.1549070 1.0972756 1.1431425 1.1379042 1.1019360 1.0988438 1.1000410 1.1361059 1.0896720 1.0805005 1.0530841 1.1195653 1.3611528 1.1467314 1.0948943 1.1535963 1.1168459 1.0696127 1.0849092 1.0754312 1.0233293 1.0050127 1.0745983 0.9615715 0.9102422 0.8622624 0.8250434 1.0173504 0.8051077 0.7773890 0.8112067 0.8751882 2.1365897 2.2547976 2.2230256 2.8932001 
C.ZA.04.04ZASK170B1.DQ093595           0.8268235 0.8820789 0.8652761 0.9137055 0.9818171 1.0080881 1.0148541 0.7192200 0.7197973 0.7398335 0.7427547 0.6998296 0.7135064 0.6343171 0.6815389 0.4170837 0.4948318 0.4268874 0.4344414 0.4490489 0.4196820 0.3972848 0.4493868 0.4963225 0.5354850 0.5117914 0.3852034 0.0000000 0.3465681 0.2972841 0.3599220 0.7394481 0.8400286 0.8445816 0.8621656 1.0279411 0.8861052 0.8676124 0.9279160 0.8692956 0.8884945 1.0228037 1.0656497 0.7862229 0.7726659 0.7289173 0.7970250 1.0694419 1.0947697 1.1199098 1.1739798 1.1480601 1.1568209 1.1441612 1.0879653 1.1279455 1.1189377 1.1192877 1.1259787 1.0901465 1.0932220 1.0676900 1.1016918 1.1576406 1.1674670 1.1050977 1.1569889 1.1226850 1.0954569 1.0856604 1.1087475 1.1252465 1.1222980 1.0678232 1.0872956 1.1219632 1.3816061 1.1548323 1.1209742 1.1931756 1.1308276 1.0731864 1.0860555 1.0474234 1.0289945 0.9851743 1.0981643 1.0023881 0.9510716 0.8802327 0.8747483 1.0524266 0.8495117 0.8321766 0.8660382 0.9271806 2.1191676 2.1653508 2.2865173 2.7122318 
C.TZ.02.CO6721.AY734560                0.8387764 0.8875934 0.8719418 0.9138592 0.9997259 1.0233684 1.0328642 0.7492517 0.7446124 0.7462115 0.7549186 0.7070980 0.7168018 0.6491532 0.6884404 0.4136049 0.4902266 0.4227750 0.4321935 0.4527857 0.4353334 0.3995119 0.4420089 0.5023596 0.5369719 0.5199276 0.3918272 0.3465681 0.0000000 0.2479628 0.3563744 0.7442196 0.8625010 0.8616238 0.8824425 1.0573749 0.9085304 0.8932169 0.9469817 0.8810592 0.8914008 1.0163726 1.0738629 0.7972873 0.7672539 0.7497743 0.7960554 1.1198393 1.1362532 1.1603223 1.1989594 1.1967601 1.1860668 1.1897278 1.1242314 1.1600390 1.1349013 1.1510415 1.1651984 1.1474885 1.1424741 1.1151078 1.1489716 1.1843733 1.1833790 1.1348744 1.1679288 1.1516576 1.1382852 1.1471669 1.1313595 1.1584183 1.1309922 1.1042585 1.0880537 1.1656399 1.4069234 1.2313634 1.1680370 1.1871659 1.1853318 1.0836502 1.1286013 1.0885339 1.0266926 1.0158241 1.1188873 0.9910535 0.9578928 0.8900928 0.8697224 1.0551053 0.8375726 0.8428856 0.8622836 0.9138104 2.2671864 2.3330567 2.3805671 2.9314110 
C.TZ.01.BD39_8.AY253313                0.7842857 0.8159536 0.8204385 0.8936880 0.9802288 0.9885698 0.9829059 0.7008396 0.6861801 0.6828935 0.6987765 0.6455783 0.6650714 0.5954080 0.6460598 0.3825666 0.4449551 0.3850400 0.3891589 0.4041377 0.3945199 0.3528570 0.4066353 0.4609156 0.4997027 0.4814886 0.3435231 0.2972841 0.2479628 0.0000000 0.3272385 0.6901887 0.8202219 0.7959020 0.8271026 0.9978778 0.8501020 0.8240916 0.9114857 0.8245455 0.8248510 0.9697740 1.0225268 0.7323085 0.7328779 0.6809475 0.7495358 1.0702505 1.0783347 1.1343568 1.1796850 1.1405154 1.1423699 1.1177288 1.0642437 1.1259266 1.0702197 1.1005444 1.0818000 1.1103166 1.0791965 1.0639310 1.1015964 1.1509937 1.1410554 1.0675215 1.1378348 1.1123962 1.0917310 1.0853974 1.0915508 1.1073304 1.0812461 1.0661658 1.0597416 1.1287200 1.3537802 1.1572742 1.1036369 1.1483793 1.1011955 1.0373307 1.0438803 1.0438905 0.9979769 0.9567856 1.0644329 0.9275044 0.9180813 0.8333149 0.8157168 0.9983055 0.7796163 0.7619371 0.8130042 0.8683423 2.1709459 2.2805947 2.3534243 2.7768613 
C.ZA.03.03ZAPS067MB2.DQ396389          0.8103818 0.8891553 0.8534410 0.8940064 0.9935196 1.0162232 1.0153874 0.7103643 0.7288711 0.7092096 0.7368192 0.6905794 0.6922908 0.6246703 0.6573557 0.3929959 0.4779763 0.4077972 0.4111672 0.4269476 0.4108473 0.3810800 0.4306668 0.4809385 0.5276166 0.4995039 0.3600544 0.3599220 0.3563744 0.3272385 0.0000000 0.7155973 0.8461007 0.8429274 0.8631191 1.0626959 0.8665402 0.8626835 0.9322377 0.8630921 0.8664190 0.9810562 1.0994480 0.7859691 0.7538099 0.7167473 0.7992375 1.0890216 1.1203791 1.1562169 1.2373655 1.1948518 1.2181381 1.1884587 1.1139216 1.1582156 1.1288174 1.1330347 1.1371423 1.1338848 1.1270399 1.0822076 1.1372168 1.1814356 1.1669626 1.1323483 1.1637978 1.1555843 1.1261144 1.1342735 1.1163584 1.1688365 1.1170160 1.0898311 1.0737051 1.1541677 1.4311700 1.1761263 1.1344789 1.1673646 1.1365180 1.0715548 1.1130821 1.0726716 1.0528393 1.0057161 1.1228261 0.9604083 0.9398167 0.8974377 0.8700678 1.0388372 0.8167687 0.8088240 0.8268141 0.8996743 2.2248417 2.2698737 2.3097320 2.8870985 
A1D.UG.99.99UGJ21953.AF484496          0.5609533 0.6047203 0.5861274 0.6325560 0.7259738 0.7357952 0.7391399 0.4459714 0.4506194 0.4603220 0.4707875 0.4229351 0.4401479 0.4953451 0.7445089 0.7327701 0.8010254 0.7382193 0.7464977 0.7600253 0.7491008 0.7126462 0.7587483 0.8350041 0.8816292 0.8255212 0.6950167 0.7394481 0.7442196 0.6901887 0.7155973 0.0000000 0.5947394 0.5716357 0.6181019 0.7832967 0.6093285 0.6134045 0.7016516 0.5875083 0.6165985 0.7365554 0.7933431 0.5178040 0.4920064 0.4614551 0.5180498 0.8588721 0.8449700 0.9077786 0.9282079 0.9309738 0.9163465 0.9005373 0.8517985 0.9066418 0.8498097 0.8400818 0.8918319 0.8787227 0.8521011 0.8189298 0.8692314 0.9237488 0.9238026 0.8488420 0.9184887 0.8876504 0.8630391 0.8830178 0.8714726 0.8899868 0.8566136 0.8510561 0.8528883 0.9177674 1.1404563 0.8984700 0.8802262 0.9066587 0.8875449 0.8153323 0.8430863 0.8019975 0.7540630 0.7421415 0.8623683 0.7186601 0.6678489 0.6089127 0.5881806 0.7835315 0.5631621 0.5706128 0.5834169 0.6387821 1.9029618 2.0266211 1.9680747 2.6153481 
01_AE.CN.02.YN0236.JX112866            0.6193725 0.6655901 0.6419227 0.7319856 0.8206443 0.8233944 0.8464168 0.5578747 0.5665073 0.5781416 0.5883355 0.5348126 0.5489569 0.6107446 0.8577316 0.8309911 0.9211095 0.8537663 0.8701494 0.8732485 0.8655836 0.8284086 0.8735926 0.9166207 0.9839233 0.9231509 0.8100581 0.8400286 0.8625010 0.8202219 0.8461007 0.5947394 0.0000000 0.1573080 0.2039619 0.3728119 0.2098532 0.2100048 0.2919621 0.2272529 0.2441039 0.4778319 0.5416393 0.4441086 0.5469899 0.5068473 0.5799875 0.9084830 0.9164643 0.9800200 0.9947266 0.9748722 0.9716636 0.9673403 0.9147700 0.9712390 0.9172834 0.9228675 0.9173207 0.9281141 0.9206817 0.8732171 0.9144408 1.0288067 0.9660238 0.9213326 0.9729922 0.9681821 0.9339196 0.9183743 0.9632939 0.9781135 0.9077345 0.9279005 0.9063756 0.9503601 1.1847921 0.9790693 0.9236897 0.9556581 0.9637016 0.8876801 0.8834415 0.8796936 0.8400056 0.8055008 0.8947923 0.7763419 0.7294712 0.6804945 0.6733894 0.8502323 0.6408827 0.6240648 0.6464778 0.7025353 2.0513586 2.0991049 2.0718572 2.6895046 
01_AE.TH.99.99TH_C4460.AY945726        0.6037284 0.6496886 0.6330296 0.7191143 0.7914305 0.8011887 0.8126781 0.5404482 0.5558922 0.5622850 0.5791667 0.5168142 0.5289122 0.6145726 0.8347429 0.8334282 0.9068657 0.8631931 0.8634918 0.8776742 0.8458216 0.8284356 0.8712022 0.9261589 0.9803564 0.9030309 0.8158037 0.8445816 0.8616238 0.7959020 0.8429274 0.5716357 0.1573080 0.0000000 0.2076583 0.3669903 0.2045994 0.2122922 0.2930100 0.2237047 0.2365492 0.4680488 0.5334665 0.4369911 0.5282111 0.5000878 0.5638810 0.8960485 0.8864944 0.9601635 0.9699799 0.9498398 0.9557073 0.9481376 0.8870843 0.9445320 0.9064072 0.9046334 0.9045025 0.9048021 0.9108753 0.8480289 0.9035568 0.9868509 0.9572557 0.9038303 0.9632200 0.9521239 0.9275581 0.9088270 0.9244262 0.9494214 0.8992207 0.8965823 0.8827557 0.9247914 1.1597163 0.9659285 0.9161670 0.9449078 0.9407183 0.8709157 0.8633111 0.8521540 0.7990533 0.7855682 0.8792074 0.7528277 0.7188655 0.6623348 0.6551716 0.8209073 0.6080281 0.6091650 0.6383801 0.7015677 2.0073017 2.1070275 2.0359970 2.7264586 
01_AE.CN.07.GX070143.JX112835          0.6483226 0.7210882 0.6807306 0.7730474 0.8346984 0.8707567 0.8775697 0.5960677 0.5956804 0.6127397 0.6404565 0.5722521 0.5894089 0.6698193 0.8740882 0.8618869 0.9409683 0.8931017 0.8925154 0.9146176 0.8932788 0.8589883 0.9309649 0.9588008 1.0203653 0.9635384 0.8507181 0.8621656 0.8824425 0.8271026 0.8631191 0.6181019 0.2039619 0.2076583 0.0000000 0.4147542 0.2445448 0.2509512 0.3340621 0.2595361 0.2798201 0.5290823 0.5905949 0.4892204 0.5847075 0.5510148 0.6189840 0.9437333 0.9475641 1.0237315 1.0319852 1.0180100 1.0268520 1.0426676 0.9647823 1.0345177 0.9600290 0.9767530 0.9709828 1.0095105 0.9645456 0.9253332 0.9696345 1.0548407 1.0200170 0.9758205 1.0384344 1.0313494 1.0162284 0.9595782 1.0071053 1.0232712 0.9595665 0.9509253 0.9474779 1.0037427 1.2045611 1.0327957 0.9858587 0.9970345 0.9955021 0.9180507 0.9373134 0.9064296 0.8468772 0.8566666 0.9541505 0.8040571 0.7598279 0.7188235 0.7012286 0.8705698 0.6783700 0.6726837 0.6874956 0.7546050 2.0700923 2.1539310 2.0585375 2.7492554 
69_01B.JP.05.05JPMYC113SP420.LC027100  0.7969777 0.8344402 0.8505369 0.9080550 1.0146443 1.0024581 1.0128086 0.7470940 0.7572511 0.7854383 0.7956116 0.7339696 0.7512270 0.8191212 1.0830610 1.0200269 1.1130593 1.0610067 1.0607208 1.1164565 1.0672047 1.0319880 1.0527491 1.1367898 1.1755590 1.1408261 1.0124973 1.0279411 1.0573749 0.9978778 1.0626959 0.7832967 0.3728119 0.3669903 0.4147542 0.0000000 0.4040726 0.4201924 0.4823501 0.4057925 0.4400290 0.6606123 0.7313931 0.6505104 0.7457772 0.7092312 0.7822154 1.1034542 1.0941676 1.1856476 1.1676519 1.1518929 1.1392144 1.1445506 1.1091746 1.1476767 1.0991542 1.0921280 1.1236918 1.0971108 1.1017933 1.0570166 1.1191458 1.1786852 1.1556168 1.1058489 1.1273484 1.1183217 1.1087583 1.1079891 1.1302843 1.1247492 1.0882707 1.1145271 1.0886139 1.1385598 1.3773770 1.1956428 1.1121778 1.1401922 1.1780751 1.0819148 1.0528861 1.0564213 1.0157184 0.9793934 1.0856801 0.9664123 0.9269506 0.8585939 0.8508799 1.0158897 0.8135541 0.8161899 0.8378463 0.9068174 2.2701263 2.3401774 2.2860652 2.8830144 
01_AE.TH.07.AA030a04.JX447057          0.6618816 0.7088214 0.6776929 0.7548407 0.8524346 0.8502151 0.8587342 0.5734402 0.5963934 0.5978136 0.6274640 0.5590652 0.5825461 0.6516337 0.9085409 0.8620343 0.9535798 0.9077467 0.9178658 0.9208344 0.9135407 0.8792818 0.9146352 0.9842486 1.0304096 0.9645467 0.8515022 0.8861052 0.9085304 0.8501020 0.8665402 0.6093285 0.2098532 0.2045994 0.2445448 0.4040726 0.0000000 0.2314105 0.3245289 0.2520731 0.2682574 0.5115522 0.5514225 0.4684658 0.5693911 0.5394003 0.5960948 0.9325482 0.9293236 0.9816713 1.0053330 0.9861823 0.9701252 0.9910351 0.9109494 0.9906859 0.9377966 0.9634938 0.9490868 0.9609803 0.9402876 0.8954428 0.9442149 1.0390348 0.9906501 0.9421838 1.0141438 1.0033949 0.9765020 0.9333450 0.9742797 0.9920766 0.9307468 0.9288957 0.9187686 0.9555563 1.1990219 1.0056788 0.9557632 0.9893544 0.9893128 0.8923277 0.9105177 0.9055498 0.8515052 0.8339905 0.9596007 0.8037839 0.7492977 0.7065696 0.6982603 0.8895891 0.6557887 0.6591976 0.6768306 0.7519069 2.1064954 2.1986396 2.1337129 2.7406582 
01_AE.CN.07.07CNYN326.KF835513         0.6523537 0.7095888 0.6799754 0.7606496 0.8443461 0.8481184 0.8744538 0.5913682 0.5905084 0.5939213 0.6145110 0.5582458 0.5787838 0.6533037 0.8900783 0.8620302 0.9343775 0.8857295 0.8967212 0.9082400 0.8820952 0.8483418 0.8878665 0.9547913 0.9982201 0.9255862 0.8276820 0.8676124 0.8932169 0.8240916 0.8626835 0.6134045 0.2100048 0.2122922 0.2509512 0.4201924 0.2314105 0.0000000 0.3305505 0.2540912 0.2750932 0.5112066 0.5776498 0.4671568 0.5631929 0.5279611 0.6067124 0.9545409 0.9370470 1.0257273 1.0296048 1.0189724 1.0124211 1.0021605 0.9328360 0.9800896 0.9559285 0.9477711 0.9766582 0.9899017 0.9520640 0.9037270 0.9454194 1.0589938 0.9905445 0.9769600 1.0004469 0.9978205 0.9790708 0.9551275 0.9632329 0.9963140 0.9405744 0.9374306 0.9228076 0.9795729 1.1981151 1.0027395 0.9781675 0.9956883 0.9964540 0.9089873 0.9261452 0.9027863 0.8569846 0.8377696 0.9463730 0.8055523 0.7582462 0.6977255 0.6902646 0.8604752 0.6725766 0.6536051 0.6842143 0.7539707 2.1137645 2.1625349 2.0608849 2.7647681 
