94
RESTV_M.fas-tc_USA_89_Philippines89-Pennsylvania_NC_004161 0.0000000 0.0254317 0.0340244 2.0443078 2.0756657 1.9168299 1.9171777 1.9155423 1.9175205 1.9376605 1.9417210 1.9326313 1.9277837 1.9547004 1.9531265 1.9537658 1.9538063 1.9541019 1.9548494 1.9546096 1.9554273 1.9501707 1.9517292 1.9558858 1.9534868 1.9529346 1.9529346 1.9527482 1.9533971 1.9517328 1.9513417 1.9528630 1.9521181 1.9525410 1.9519166 1.9519166 1.9516714 1.9521572 1.9513952 1.9514528 1.9514528 1.9521029 1.9526830 1.9529767 1.9511420 1.9514181 1.9536090 1.9530654 1.9534495 1.9522671 1.9520219 1.9530328 1.9522432 1.9521524 1.9531914 1.9526731 1.9499972 1.9514835 1.9508780 1.9522208 1.9520008 1.9517246 1.9517246 1.9514484 1.9545474 1.9522267 1.9528443 1.9520236 1.9532341 1.9535415 1.9534300 1.9511513 1.9519639 1.9543942 1.9538185 1.9525285 1.9540397 1.9517113 1.9560611 1.9552730 1.9546774 1.9573305 1.9573305 1.9568671 1.9565752 1.9552762 1.9501526 1.9501526 1.9537560 1.9528060 1.9532474 1.9534780 1.8722766 1.8719336 
RESTV_S.dom-tc_PHL_08_Reston08-A_FJ621583                  0.0254317 0.0000000 0.0523500 2.0729933 2.1119037 1.9356683 1.9360171 1.9343609 1.9363569 1.9552847 1.9604985 1.9522128 1.9439990 1.9774224 1.9758274 1.9764134 1.9764530 1.9768167 1.9775898 1.9767359 1.9775649 1.9728419 1.9744241 1.9786230 1.9761997 1.9756411 1.9756411 1.9754532 1.9761059 1.9760283 1.9756363 1.9755697 1.9748132 1.9752480 1.9746106 1.9746106 1.9743654 1.9748517 1.9740886 1.9739183 1.9739183 1.9747984 1.9753462 1.9754565 1.9738216 1.9757113 1.9763215 1.9757713 1.9761596 1.9749627 1.9747175 1.9757486 1.9749410 1.9748396 1.9743091 1.9753826 1.9726761 1.9741779 1.9735587 1.9749162 1.9746970 1.9744201 1.9744201 1.9741432 1.9772685 1.9745369 1.9771641 1.9763294 1.9775661 1.9778654 1.9761399 1.9738235 1.9746613 1.9771190 1.9783822 1.9750163 1.9767530 1.9743985 1.9788193 1.9777798 1.9771744 1.9800956 1.9800956 1.9794071 1.9793342 1.9780119 1.9738193 1.9738193 1.9764757 1.9759556 1.9759725 1.9762526 1.8901688 1.8898238 
RESTV_S.dom-xx_PHL_08_Reston08-C_FJ621584                  0.0340244 0.0523500 0.0000000 2.0480077 2.0845123 1.9116064 1.9113323 1.9097083 1.9115788 1.9322431 1.9359560 1.9276931 1.9235937 1.9539470 1.9521197 1.9519066 1.9519471 1.9527257 1.9534696 1.9530051 1.9538199 1.9492918 1.9505866 1.9547297 1.9520535 1.9515030 1.9515030 1.9513173 1.9519643 1.9503052 1.9499152 1.9514316 1.9506894 1.9511105 1.9504884 1.9504884 1.9502439 1.9507284 1.9499684 1.9500258 1.9500258 1.9511587 1.9512529 1.9515450 1.9497167 1.9499915 1.9524017 1.9516335 1.9520164 1.9508379 1.9505933 1.9516005 1.9508140 1.9507241 1.9517582 1.9512420 1.9485748 1.9500564 1.9494533 1.9512175 1.9505723 1.9502968 1.9502968 1.9500213 1.9531109 1.9507969 1.9514125 1.9505948 1.9524261 1.9521078 1.9537711 1.9497264 1.9505354 1.9527315 1.9502443 1.9513422 1.9526050 1.9502840 1.9546185 1.9538338 1.9532403 1.9558843 1.9558843 1.9554218 1.9551312 1.9538369 1.9485043 1.9485043 1.9523216 1.9513739 1.9518139 1.9522749 1.8738584 1.8735155 
TAFV_H.sap-tc_CIV_94_Pauleoula-CI_NC_014372                2.0443078 2.0729933 2.0480077 0.0000000 0.8226905 1.3977301 1.3974928 1.3988098 1.3998104 1.4071626 1.4091303 1.4051657 1.4087629 1.4239681 1.4252502 1.4241425 1.4241926 1.4240539 1.4253775 1.4260618 1.4266050 1.4242865 1.4235636 1.4232900 1.4240163 1.4237432 1.4237432 1.4235159 1.4239663 1.4232897 1.4233155 1.4243976 1.4243157 1.4220738 1.4227581 1.4227581 1.4229714 1.4229714 1.4227322 1.4230695 1.4230695 1.4229853 1.4229226 1.4235389 1.4229109 1.4230754 1.4234206 1.4240024 1.4237141 1.4234967 1.4232695 1.4219349 1.4228967 1.4237863 1.4228091 1.4232512 1.4225046 1.4224493 1.4231719 1.4221440 1.4231248 1.4234131 1.4234131 1.4231738 1.4241715 1.4220794 1.4243476 1.4237430 1.4249127 1.4241254 1.4244182 1.4241149 1.4238151 1.4238672 1.4228767 1.4243534 1.4232759 1.4220529 1.4273293 1.4251437 1.4254052 1.4257134 1.4257134 1.4253908 1.4269096 1.4245002 1.4239286 1.4239286 1.4231535 1.4214900 1.4253920 1.4252067 2.1259032 2.1255358 
BDBV_H.sap-xx_COD_12_EboBund-122_KC545395                  2.0756657 2.1119037 2.0845123 0.8226905 0.0000000 1.4079445 1.4082333 1.4097709 1.4094523 1.4170019 1.4203047 1.4125824 1.4172882 1.4371264 1.4369231 1.4373928 1.4371625 1.4371763 1.4375774 1.4387548 1.4382583 1.4371451 1.4407693 1.4405075 1.4338419 1.4338459 1.4338459 1.4340620 1.4343186 1.4348280 1.4350201 1.4342290 1.4339826 1.4335492 1.4332006 1.4332006 1.4329705 1.4334167 1.4330086 1.4328711 1.4328711 1.4329845 1.4334786 1.4339951 1.4338936 1.4340759 1.4341443 1.4345344 1.4343388 1.4327543 1.4329705 1.4342924 1.4326150 1.4321987 1.4331563 1.4326169 1.4326854 1.4338368 1.4327874 1.4325722 1.4335419 1.4332993 1.4332993 1.4330568 1.4332288 1.4328301 1.4351799 1.4348769 1.4369322 1.4354278 1.4331371 1.4342134 1.4327320 1.4349694 1.4350838 1.4343594 1.4329899 1.4349604 1.4374091 1.4352950 1.4358441 1.4369697 1.4369697 1.4341195 1.4354847 1.4354549 1.4352444 1.4352444 1.4345907 1.4362979 1.4361699 1.4359420 2.2957197 2.2953362 
EBOV_H.sap-tc_COD_07_1Luebo_KC242786                       1.9168299 1.9356683 1.9116064 1.3977301 1.4079445 0.0000000 0.0000512 0.0003587 0.0005125 0.0230375 0.0241011 0.0228206 0.0190884 0.0331830 0.0327263 0.0327098 0.0327657 0.0322576 0.0327702 0.0323206 0.0323774 0.0330525 0.0330594 0.0328260 0.0328863 0.0326028 0.0326028 0.0326587 0.0327155 0.0326640 0.0328334 0.0328289 0.0326603 0.0327250 0.0326073 0.0326073 0.0326160 0.0326633 0.0327199 0.0328900 0.0328900 0.0326638 0.0327765 0.0327204 0.0326686 0.0328903 0.0330591 0.0329468 0.0327771 0.0328984 0.0328419 0.0327186 0.0328897 0.0329502 0.0328976 0.0328347 0.0328930 0.0330069 0.0329455 0.0328951 0.0329095 0.0328532 0.0328532 0.0329099 0.0329988 0.0330577 0.0329507 0.0331213 0.0330662 0.0329461 0.0330114 0.0331273 0.0329379 0.0332335 0.0330642 0.0329091 0.0333508 0.0331759 0.0334709 0.0331801 0.0330115 0.0331257 0.0331257 0.0334064 0.0331242 0.0332297 0.0334558 0.0334558 0.0333515 0.0332567 0.0332870 0.0332872 2.0142173 2.0144986 
EBOV_H.sap-tc_COD_07_M-M_HQ613403                          1.9171777 1.9360171 1.9113323 1.3974928 1.4082333 0.0000512 0.0000000 0.0003074 0.0004612 0.0229828 0.0240462 0.0227659 0.0190342 0.0331266 0.0326700 0.0326535 0.0327095 0.0322014 0.0327140 0.0322644 0.0323212 0.0329963 0.0330031 0.0327698 0.0328301 0.0325466 0.0325466 0.0326025 0.0326592 0.0326078 0.0327772 0.0327726 0.0326041 0.0326687 0.0325511 0.0325511 0.0325597 0.0326070 0.0326637 0.0328337 0.0328337 0.0326076 0.0327203 0.0326642 0.0326123 0.0328341 0.0330028 0.0328905 0.0327209 0.0328421 0.0327856 0.0326624 0.0328334 0.0328940 0.0328413 0.0327785 0.0328368 0.0329506 0.0328892 0.0328388 0.0328532 0.0327969 0.0327969 0.0328536 0.0329425 0.0330014 0.0328944 0.0330650 0.0330099 0.0328898 0.0329551 0.0330709 0.0328816 0.0331772 0.0330079 0.0328528 0.0332945 0.0331196 0.0334146 0.0331237 0.0329552 0.0330694 0.0330694 0.0333501 0.0330679 0.0331733 0.0333995 0.0333995 0.0332952 0.0332004 0.0332306 0.0332308 2.0139361 2.0142173 
EBOV_H.sap-tc_COD_07_5Luebo_KC242790                       1.9155423 1.9343609 1.9097083 1.3988098 1.4097709 0.0003587 0.0003074 0.0000000 0.0007699 0.0233302 0.0243956 0.0231131 0.0193750 0.0334920 0.0330346 0.0330179 0.0330739 0.0325650 0.0330784 0.0326282 0.0326851 0.0333612 0.0333682 0.0331344 0.0331948 0.0329108 0.0329108 0.0329668 0.0330237 0.0329722 0.0331418 0.0331372 0.0329684 0.0330332 0.0329154 0.0329154 0.0329241 0.0329714 0.0330282 0.0331985 0.0331985 0.0329719 0.0330848 0.0330286 0.0329768 0.0331988 0.0333678 0.0332554 0.0330855 0.0332070 0.0331504 0.0330268 0.0331982 0.0332588 0.0332061 0.0331431 0.0332015 0.0333155 0.0332540 0.0332036 0.0332182 0.0331618 0.0331618 0.0332186 0.0333074 0.0333665 0.0332593 0.0334302 0.0333750 0.0332546 0.0333201 0.0334362 0.0332464 0.0335426 0.0333730 0.0332178 0.0336601 0.0334848 0.0337804 0.0334891 0.0333203 0.0334347 0.0334347 0.0337158 0.0334331 0.0335386 0.0337651 0.0337651 0.0336608 0.0335660 0.0335961 0.0335968 2.0128054 2.0130865 
EBOV_H.sap-tc_COD_08_034-KS_HQ613402                       1.9175205 1.9363569 1.9115788 1.3998104 1.4094523 0.0005125 0.0004612 0.0007699 0.0000000 0.0233692 0.0244341 0.0231521 0.0193642 0.0336392 0.0331819 0.0331651 0.0332211 0.0327124 0.0332257 0.0327756 0.0328324 0.0335084 0.0335154 0.0332816 0.0333420 0.0330581 0.0330581 0.0331141 0.0331709 0.0331195 0.0332891 0.0332845 0.0331157 0.0331806 0.0330627 0.0330627 0.0330715 0.0331187 0.0331754 0.0333457 0.0333457 0.0331192 0.0332321 0.0331759 0.0331241 0.0333461 0.0335150 0.0334026 0.0332327 0.0333542 0.0332977 0.0331741 0.0333454 0.0334061 0.0333534 0.0332904 0.0333488 0.0334628 0.0334013 0.0333509 0.0333655 0.0333091 0.0333091 0.0333659 0.0334546 0.0335137 0.0334066 0.0335774 0.0335222 0.0334019 0.0334674 0.0335835 0.0333936 0.0336898 0.0335202 0.0333651 0.0338073 0.0336320 0.0339276 0.0336363 0.0334675 0.0335819 0.0335819 0.0338629 0.0335804 0.0336858 0.0339123 0.0339123 0.0338080 0.0337133 0.0337432 0.0337442 2.0141844 2.0144656 
EBOV_H.sap-xx_COD_14_Lomela-Lokolia16_KP271018             1.9376605 1.9552847 1.9322431 1.4071626 1.4170019 0.0230375 0.0229828 0.0233302 0.0233692 0.0000000 0.0014374 0.0096165 0.0128780 0.0370259 0.0365638 0.0365454 0.0366019 0.0360883 0.0366069 0.0361527 0.0362102 0.0368923 0.0367342 0.0365577 0.0367247 0.0364380 0.0364380 0.0364944 0.0365518 0.0365003 0.0366716 0.0366665 0.0364962 0.0365625 0.0364430 0.0364430 0.0364526 0.0364995 0.0365568 0.0367288 0.0367288 0.0365001 0.0366140 0.0365574 0.0365589 0.0367292 0.0367860 0.0366727 0.0365012 0.0367380 0.0366809 0.0366263 0.0367284 0.0367286 0.0368532 0.0366731 0.0367322 0.0369081 0.0367326 0.0367345 0.0368040 0.0367471 0.0367471 0.0368045 0.0368383 0.0367845 0.0367906 0.0369632 0.0369076 0.0367854 0.0368525 0.0369699 0.0367242 0.0369628 0.0369055 0.0368074 0.0372415 0.0370182 0.0373177 0.0370228 0.0368526 0.0369682 0.0369682 0.0372517 0.0369665 0.0370722 0.0373008 0.0373008 0.0369688 0.0371023 0.0372446 0.0370229 2.0320411 2.0323237 
EBOV_H.sap-xx_COD_14_Lomela-Lokolia17_KP271019             1.9417210 1.9604985 1.9359560 1.4091303 1.4203047 0.0241011 0.0240462 0.0243956 0.0244341 0.0014374 0.0000000 0.0106777 0.0139520 0.0380238 0.0375601 0.0375413 0.0375979 0.0370827 0.0376030 0.0371475 0.0372051 0.0378893 0.0377311 0.0375539 0.0377213 0.0374336 0.0374336 0.0374902 0.0375479 0.0374963 0.0376681 0.0376629 0.0374921 0.0375588 0.0374389 0.0374389 0.0374486 0.0374955 0.0375530 0.0377255 0.0377255 0.0374961 0.0376104 0.0375535 0.0375552 0.0377259 0.0377829 0.0376692 0.0374972 0.0377350 0.0376777 0.0376229 0.0377251 0.0377253 0.0378506 0.0376697 0.0377290 0.0379055 0.0377294 0.0377314 0.0378014 0.0377443 0.0377443 0.0378019 0.0378353 0.0377814 0.0377876 0.0379608 0.0379051 0.0377823 0.0378498 0.0379059 0.0377207 0.0379604 0.0379029 0.0378049 0.0382398 0.0380159 0.0383167 0.0380207 0.0378500 0.0379660 0.0379660 0.0382503 0.0379642 0.0380700 0.0382993 0.0382993 0.0379665 0.0380391 0.0382429 0.0380222 2.0318366 2.0321191 
EBOV_H.sap-tc_COD_95_Kikwit-9510621_KR867676               1.9326313 1.9522128 1.9276931 1.4051657 1.4125824 0.0228206 0.0227659 0.0231131 0.0231521 0.0096165 0.0106777 0.0000000 0.0123504 0.0366746 0.0363271 0.0361954 0.0362518 0.0358520 0.0363702 0.0359164 0.0359738 0.0366554 0.0364974 0.0363210 0.0364879 0.0362014 0.0362014 0.0362578 0.0363152 0.0362637 0.0364348 0.0364298 0.0362596 0.0363257 0.0362065 0.0362065 0.0362159 0.0362629 0.0362061 0.0363779 0.0363779 0.0362635 0.0363773 0.0363207 0.0363223 0.0364924 0.0365492 0.0364359 0.0362646 0.0365012 0.0364441 0.0363895 0.0364395 0.0364397 0.0366162 0.0364363 0.0364953 0.0366711 0.0364958 0.0364976 0.0365670 0.0365102 0.0365102 0.0365675 0.0366015 0.0365471 0.0365537 0.0367261 0.0366706 0.0365486 0.0366155 0.0366806 0.0364874 0.0367258 0.0366685 0.0365704 0.0368379 0.0367811 0.0370803 0.0367857 0.0366157 0.0367311 0.0367311 0.0369007 0.0367294 0.0368351 0.0370114 0.0370114 0.0367317 0.0368651 0.0370073 0.0367280 2.0332430 2.0335247 
EBOV_H.sap-tc_COD_77_Bonduni_KC242791                      1.9277837 1.9439990 1.9235937 1.4087629 1.4172882 0.0190884 0.0190342 0.0193750 0.0193642 0.0128780 0.0139520 0.0123504 0.0000000 0.0334652 0.0330082 0.0329915 0.0330474 0.0325390 0.0330520 0.0326021 0.0326589 0.0333345 0.0332894 0.0330026 0.0331682 0.0328845 0.0328845 0.0329404 0.0329973 0.0329458 0.0331153 0.0331107 0.0329420 0.0330068 0.0328891 0.0328891 0.0328978 0.0329450 0.0330017 0.0331719 0.0331719 0.0329456 0.0330584 0.0330022 0.0330036 0.0331723 0.0332286 0.0331163 0.0329465 0.0331804 0.0331238 0.0330695 0.0331195 0.0331197 0.0332942 0.0331166 0.0331750 0.0333488 0.0331754 0.0331771 0.0332449 0.0331886 0.0331886 0.0332453 0.0332808 0.0333398 0.0332327 0.0334035 0.0333483 0.0332281 0.0332935 0.0333574 0.0331678 0.0334031 0.0332332 0.0332478 0.0336276 0.0334581 0.0337535 0.0334623 0.0332936 0.0334079 0.0334079 0.0336888 0.0334064 0.0335119 0.0336861 0.0336861 0.0335212 0.0335392 0.0336824 0.0334571 2.0245807 2.0248623 
EBOV_H.sap-wt_GIN_14_Makona-Gueckedou-EM_080076_KR817235   1.9547004 1.9774224 1.9539470 1.4239681 1.4371264 0.0331830 0.0331266 0.0334920 0.0336392 0.0370259 0.0380238 0.0366746 0.0334652 0.0000000 0.0011806 0.0013350 0.0013864 0.0009237 0.0013866 0.0012838 0.0013352 0.0014377 0.0019534 0.0017469 0.0015926 0.0013353 0.0013353 0.0013867 0.0014382 0.0014382 0.0015927 0.0015411 0.0011809 0.0015415 0.0014384 0.0014384 0.0014388 0.0014898 0.0015413 0.0016958 0.0016958 0.0015928 0.0015928 0.0015413 0.0015414 0.0016442 0.0018504 0.0017473 0.0015928 0.0016963 0.0016448 0.0015934 0.0016958 0.0017475 0.0017993 0.0016444 0.0016960 0.0018508 0.0017473 0.0016961 0.0018513 0.0017998 0.0017998 0.0018513 0.0016956 0.0018503 0.0016959 0.0018505 0.0017990 0.0016956 0.0017993 0.0019025 0.0016443 0.0020566 0.0017989 0.0016452 0.0021596 0.0019536 0.0021091 0.0018508 0.0016962 0.0017993 0.0017993 0.0020570 0.0017993 0.0019019 0.0022113 0.0022113 0.0021088 0.0020067 0.0020053 0.0019567 2.0411836 2.0414653 
EBOV_H.sap-wt_GIN_14_Makona-Gueckedou-EM_079702_KR817210   1.9531265 1.9758274 1.9521197 1.4252502 1.4369231 0.0327263 0.0326700 0.0330346 0.0331819 0.0365638 0.0375601 0.0363271 0.0330082 0.0011806 0.0000000 0.0009737 0.0010260 0.0005636 0.0010261 0.0009234 0.0009748 0.0010763 0.0015921 0.0013859 0.0013347 0.0010776 0.0010776 0.0011290 0.0011804 0.0011804 0.0013347 0.0012832 0.0009235 0.0012836 0.0011806 0.0011806 0.0011809 0.0012320 0.0012834 0.0014377 0.0014377 0.0013348 0.0013348 0.0012834 0.0012835 0.0013862 0.0015921 0.0014892 0.0013348 0.0014381 0.0013867 0.0013353 0.0014377 0.0014894 0.0015410 0.0013863 0.0014379 0.0015925 0.0014891 0.0014379 0.0015929 0.0015414 0.0015414 0.0015929 0.0014375 0.0015920 0.0014378 0.0015922 0.0015408 0.0014376 0.0015410 0.0016441 0.0014376 0.0017980 0.0015407 0.0013870 0.0019010 0.0016952 0.0018504 0.0015924 0.0014381 0.0015411 0.0015411 0.0017984 0.0014380 0.0016436 0.0019526 0.0019526 0.0018501 0.0017480 0.0017981 0.0017494 2.0387261 2.0390078 
EBOV_H.sap-tc_GIN_14_Makona-Gueckedou-C07_KP096421         1.9537658 1.9764134 1.9519066 1.4241425 1.4373928 0.0327098 0.0326535 0.0330179 0.0331651 0.0365454 0.0375413 0.0361954 0.0329915 0.0013350 0.0009737 0.0000000 0.0000512 0.0005123 0.0009737 0.0008711 0.0009224 0.0012315 0.0015403 0.0013342 0.0012830 0.0010260 0.0010260 0.0010774 0.0011288 0.0011288 0.0012830 0.0012316 0.0008711 0.0012319 0.0011289 0.0011289 0.0011293 0.0011803 0.0012317 0.0013860 0.0013860 0.0012831 0.0012831 0.0012317 0.0012318 0.0013344 0.0015403 0.0014374 0.0012831 0.0013864 0.0013350 0.0012836 0.0013860 0.0014376 0.0014892 0.0013346 0.0013861 0.0015406 0.0014374 0.0013862 0.0015411 0.0014896 0.0014896 0.0015411 0.0013858 0.0015402 0.0013860 0.0015404 0.0014890 0.0013858 0.0014892 0.0015923 0.0013859 0.0017462 0.0014889 0.0013353 0.0018491 0.0016434 0.0017985 0.0015406 0.0013863 0.0014893 0.0014893 0.0017466 0.0014892 0.0015918 0.0019007 0.0019007 0.0017982 0.0016961 0.0017462 0.0016975 2.0378939 2.0381756 
EBOV_H.sap-wt_GIN_14_Makona-Gueckedou-C07_KT013256         1.9538063 1.9764530 1.9519471 1.4241926 1.4371625 0.0327657 0.0327095 0.0330739 0.0332211 0.0366019 0.0375979 0.0362518 0.0330474 0.0013864 0.0010260 0.0000512 0.0000000 0.0005636 0.0010250 0.0009224 0.0009737 0.0012828 0.0015917 0.0013856 0.0013344 0.0010774 0.0010774 0.0011287 0.0011801 0.0011802 0.0013344 0.0012829 0.0009224 0.0012833 0.0011803 0.0011803 0.0011807 0.0012317 0.0012831 0.0014374 0.0014374 0.0013345 0.0013345 0.0012831 0.0012832 0.0013858 0.0015917 0.0014889 0.0013345 0.0014378 0.0013864 0.0013350 0.0014374 0.0014890 0.0015407 0.0013860 0.0014375 0.0015921 0.0014888 0.0014376 0.0015925 0.0015411 0.0015411 0.0015926 0.0014372 0.0015917 0.0014374 0.0015918 0.0015404 0.0014372 0.0015407 0.0016437 0.0014373 0.0017976 0.0015403 0.0013867 0.0019006 0.0016948 0.0018500 0.0015921 0.0014377 0.0015407 0.0015407 0.0017980 0.0015406 0.0016432 0.0019522 0.0019522 0.0018497 0.0017476 0.0017977 0.0017491 2.0376460 2.0379278 
EBOV_H.sap-wt_GIN_14_Makona-Macenta-EM_079422_KR817187     1.9541019 1.9768167 1.9527257 1.4240539 1.4371763 0.0322576 0.0322014 0.0325650 0.0327124 0.0360883 0.0370827 0.0358520 0.0325390 0.0009237 0.0005636 0.0005123 0.0005636 0.0000000 0.0004611 0.0004611 0.0005123 0.0008199 0.0011289 0.0009224 0.0008711 0.0006148 0.0006148 0.0006661 0.0007173 0.0007173 0.0008711 0.0008199 0.0004611 0.0008199 0.0007173 0.0007173 0.0007173 0.0007686 0.0008199 0.0009748 0.0009748 0.0008711 0.0008711 0.0008199 0.0008199 0.0009224 0.0011289 0.0010261 0.0008711 0.0009750 0.0009237 0.0008723 0.0009747 0.0010262 0.0010778 0.0009224 0.0009748 0.0011291 0.0010261 0.0009749 0.0011295 0.0010781 0.0010781 0.0011295 0.0009737 0.0011288 0.0009748 0.0011290 0.0010776 0.0009737 0.0010778 0.0011807 0.0009737 0.0013345 0.0010775 0.0009231 0.0014373 0.0012318 0.0013866 0.0011291 0.0009750 0.0010778 0.0010778 0.0013348 0.0010778 0.0011803 0.0014888 0.0014888 0.0013864 0.0012842 0.0013346 0.0012852 2.0376578 2.0379394 
EBOV_H.sap-wt_GIN_14_Makona-Macenta-EM_079424_KR817189     1.9548494 1.9775898 1.9534696 1.4253775 1.4375774 0.0327702 0.0327140 0.0330784 0.0332257 0.0366069 0.0376030 0.0363702 0.0330520 0.0013866 0.0010261 0.0009737 0.0010250 0.0004611 0.0000000 0.0009224 0.0009747 0.0012830 0.0015919 0.0013858 0.0013346 0.0010775 0.0010775 0.0011289 0.0011803 0.0011803 0.0013346 0.0012831 0.0009224 0.0012835 0.0011805 0.0011805 0.0011808 0.0012319 0.0012833 0.0014376 0.0014376 0.0013347 0.0013347 0.0012833 0.0012833 0.0013860 0.0015919 0.0014891 0.0013347 0.0014380 0.0013866 0.0013352 0.0014376 0.0014892 0.0015409 0.0013862 0.0014377 0.0015923 0.0014890 0.0014378 0.0015928 0.0015413 0.0015413 0.0015928 0.0014374 0.0015919 0.0014376 0.0015920 0.0015406 0.0014374 0.0015409 0.0016440 0.0014375 0.0017979 0.0015405 0.0013869 0.0019008 0.0016951 0.0018502 0.0015923 0.0014379 0.0015409 0.0015409 0.0017983 0.0015409 0.0016435 0.0018494 0.0018494 0.0018499 0.0017479 0.0017979 0.0017493 2.0392066 2.0394884 
EBOV_H.sap-tc_GIN_14_Makona-Gueckedou-C05_KP096420         1.9546096 1.9767359 1.9530051 1.4260618 1.4387548 0.0323206 0.0322644 0.0326282 0.0327756 0.0361527 0.0371475 0.0359164 0.0326021 0.0012838 0.0009234 0.0008711 0.0009224 0.0004611 0.0009224 0.0000000 0.0000512 0.0011803 0.0014891 0.0012830 0.0012318 0.0009748 0.0009748 0.0010262 0.0010776 0.0010776 0.0012318 0.0011804 0.0008199 0.0011807 0.0010777 0.0010777 0.0010780 0.0011291 0.0011805 0.0013348 0.0013348 0.0012319 0.0012319 0.0011805 0.0011806 0.0012832 0.0014891 0.0013862 0.0012319 0.0013352 0.0012837 0.0012324 0.0013348 0.0013864 0.0014380 0.0012834 0.0013349 0.0014894 0.0013862 0.0013350 0.0014899 0.0014384 0.0014384 0.0014899 0.0013346 0.0014890 0.0013348 0.0014892 0.0014378 0.0013346 0.0014380 0.0015411 0.0013347 0.0016950 0.0014377 0.0012841 0.0017979 0.0015922 0.0017473 0.0014894 0.0013351 0.0014381 0.0014381 0.0016954 0.0014380 0.0015406 0.0018495 0.0018495 0.0017470 0.0016449 0.0016950 0.0016462 2.0385346 2.0388163 
EBOV_H.sap-wt_GIN_14_Makona-Kissidougou-C15_KT013254       1.9554273 1.9775649 1.9538199 1.4266050 1.4382583 0.0323774 0.0323212 0.0326851 0.0328324 0.0362102 0.0372051 0.0359738 0.0326589 0.0013352 0.0009748 0.0009224 0.0009737 0.0005123 0.0009747 0.0000512 0.0000000 0.0012317 0.0015406 0.0013345 0.0012832 0.0010262 0.0010262 0.0010776 0.0011290 0.0011290 0.0012832 0.0012318 0.0008711 0.0012321 0.0011291 0.0011291 0.0011295 0.0011805 0.0012319 0.0013862 0.0013862 0.0012833 0.0012834 0.0012319 0.0012320 0.0013347 0.0015406 0.0014377 0.0012834 0.0013866 0.0013352 0.0012838 0.0013862 0.0014378 0.0014895 0.0013348 0.0013864 0.0015409 0.0014376 0.0013864 0.0015414 0.0014899 0.0014899 0.0015414 0.0013861 0.0015405 0.0013863 0.0015407 0.0014893 0.0013861 0.0014895 0.0015926 0.0013861 0.0017465 0.0014892 0.0013355 0.0018494 0.0016437 0.0017988 0.0015409 0.0013866 0.0014895 0.0014895 0.0017469 0.0014895 0.0015921 0.0019010 0.0019010 0.0017985 0.0016964 0.0017465 0.0016978 2.0376803 2.0379619 
EBOV_H.sap-wt_GIN_14_Makona-Gueckedou-EM_079587_KR817202   1.9501707 1.9728419 1.9492918 1.4242865 1.4371451 0.0330525 0.0329963 0.0333612 0.0335084 0.0368923 0.0378893 0.0366554 0.0333345 0.0014377 0.0010763 0.0012315 0.0012828 0.0008199 0.0012830 0.0011803 0.0012317 0.0000000 0.0018494 0.0016430 0.0015918 0.0013345 0.0013345 0.0013859 0.0014374 0.0014374 0.0015918 0.0015403 0.0011803 0.0015407 0.0014376 0.0014376 0.0014380 0.0014890 0.0015405 0.0016949 0.0016949 0.0015919 0.0015919 0.0015405 0.0015405 0.0016433 0.0018494 0.0017464 0.0015920 0.0016954 0.0016439 0.0015925 0.0016949 0.0017466 0.0017983 0.0016435 0.0016951 0.0018498 0.0017463 0.0016952 0.0018503 0.0017988 0.0017988 0.0018503 0.0016947 0.0018493 0.0016949 0.0018495 0.0017980 0.0016947 0.0017983 0.0019015 0.0016948 0.0020554 0.0017979 0.0016443 0.0021584 0.0019526 0.0021079 0.0018498 0.0016953 0.0017984 0.0017984 0.0020559 0.0017983 0.0019009 0.0022101 0.0022101 0.0021076 0.0020056 0.0020555 0.0020072 2.0395852 2.0398670 
EBOV_H.sap-wt_GIN_14_Makona-Gueckedou-EM_079750_KR817213   1.9517292 1.9744241 1.9505866 1.4235636 1.4407693 0.0330594 0.0330031 0.0333682 0.0335154 0.0367342 0.0377311 0.0364974 0.0332894 0.0019534 0.0015921 0.0015403 0.0015917 0.0011289 0.0015919 0.0014891 0.0015406 0.0018494 0.0000000 0.0005123 0.0019011 0.0016435 0.0016435 0.0016950 0.0017465 0.0017466 0.0019011 0.0018495 0.0014891 0.0018500 0.0017467 0.0017467 0.0017473 0.0017982 0.0018497 0.0020043 0.0020043 0.0019012 0.0019013 0.0018497 0.0018498 0.0019526 0.0021589 0.0020559 0.0019013 0.0020049 0.0019534 0.0019019 0.0020043 0.0020561 0.0021080 0.0019529 0.0020045 0.0021594 0.0020558 0.0020046 0.0021601 0.0021085 0.0021085 0.0021601 0.0020041 0.0021589 0.0020044 0.0021591 0.0021076 0.0020041 0.0021079 0.0022112 0.0020042 0.0023652 0.0021075 0.0019539 0.0024683 0.0022623 0.0024179 0.0021594 0.0020048 0.0021080 0.0021080 0.0023658 0.0021079 0.0022106 0.0025201 0.0025201 0.0024176 0.0023156 0.0023653 0.0023175 2.0345516 2.0348332 
EBOV_H.sap-wt_GIN_14_Makona-Gueckedou-EM_079910_KR817221   1.9558858 1.9786230 1.9547297 1.4232900 1.4405075 0.0328260 0.0327698 0.0331344 0.0332816 0.0365577 0.0375539 0.0363210 0.0330026 0.0017469 0.0013859 0.0013342 0.0013856 0.0009224 0.0013858 0.0012830 0.0013345 0.0016430 0.0005123 0.0000000 0.0016947 0.0014374 0.0014374 0.0014888 0.0015402 0.0015403 0.0016947 0.0016432 0.0012831 0.0016436 0.0015405 0.0015405 0.0015409 0.0015919 0.0016434 0.0017978 0.0017978 0.0016948 0.0016948 0.0016434 0.0016434 0.0017462 0.0019523 0.0018494 0.0016949 0.0017984 0.0017469 0.0016955 0.0017978 0.0018496 0.0019013 0.0017464 0.0017980 0.0019528 0.0018493 0.0017981 0.0019533 0.0019018 0.0019018 0.0019534 0.0017976 0.0019523 0.0017979 0.0019524 0.0019010 0.0017976 0.0019013 0.0020045 0.0017977 0.0021585 0.0019009 0.0017473 0.0022615 0.0020556 0.0022110 0.0019528 0.0017983 0.0019014 0.0019014 0.0021589 0.0019013 0.0020039 0.0023132 0.0023132 0.0022107 0.0021087 0.0021585 0.0021104 2.0368427 2.0371244 
EBOV_H.sap-wt_LBR_14_Makona-LIBR0430_KR006955              1.9534868 1.9761997 1.9520535 1.4240163 1.4338419 0.0328863 0.0328301 0.0331948 0.0333420 0.0367247 0.0377213 0.0364879 0.0331682 0.0015926 0.0013347 0.0012830 0.0013344 0.0008711 0.0013346 0.0012318 0.0012832 0.0015918 0.0019011 0.0016947 0.0000000 0.0002561 0.0002561 0.0003073 0.0003586 0.0003586 0.0005123 0.0004611 0.0004098 0.0004611 0.0003586 0.0003586 0.0004098 0.0004098 0.0004611 0.0006148 0.0006148 0.0005123 0.0005123 0.0004611 0.0004611 0.0005636 0.0007686 0.0006661 0.0005123 0.0006661 0.0006148 0.0005123 0.0006148 0.0006661 0.0007173 0.0005636 0.0006148 0.0007686 0.0006661 0.0006148 0.0007686 0.0007173 0.0007173 0.0007686 0.0006148 0.0007686 0.0006148 0.0007686 0.0007173 0.0006148 0.0007173 0.0008199 0.0006148 0.0009737 0.0007173 0.0005640 0.0010773 0.0008711 0.0010264 0.0007686 0.0006148 0.0007173 0.0007173 0.0009748 0.0007173 0.0008199 0.0011287 0.0011287 0.0010263 0.0009240 0.0009737 0.0009238 2.0393972 2.0396790 
EBOV_H.sap-wt_SLE_14_Makona-G3734.1_KM233055               1.9529346 1.9756411 1.9515030 1.4237432 1.4338459 0.0326028 0.0325466 0.0329108 0.0330581 0.0364380 0.0374336 0.0362014 0.0328845 0.0013353 0.0010776 0.0010260 0.0010774 0.0006148 0.0010775 0.0009748 0.0010262 0.0013345 0.0016435 0.0014374 0.0002561 0.0000000 0.0000010 0.0000512 0.0001024 0.0001024 0.0002561 0.0002049 0.0001537 0.0002049 0.0001024 0.0001024 0.0001537 0.0001537 0.0002049 0.0003586 0.0003586 0.0002561 0.0002561 0.0002049 0.0002049 0.0003073 0.0005123 0.0004098 0.0002561 0.0004098 0.0003586 0.0002561 0.0003586 0.0004098 0.0004611 0.0003073 0.0003586 0.0005123 0.0004098 0.0003586 0.0005123 0.0004611 0.0004611 0.0005123 0.0003586 0.0005123 0.0003586 0.0005123 0.0004611 0.0003586 0.0004611 0.0005636 0.0003586 0.0007173 0.0004611 0.0003076 0.0008199 0.0006148 0.0007686 0.0005123 0.0003586 0.0004611 0.0004611 0.0007173 0.0004611 0.0005636 0.0008711 0.0008711 0.0007686 0.0006671 0.0007173 0.0006671 2.0376786 2.0379602 
EBOV_H.sap-wt_SLE_14_Makona-G3677.2_KM034557               1.9529346 1.9756411 1.9515030 1.4237432 1.4338459 0.0326028 0.0325466 0.0329108 0.0330581 0.0364380 0.0374336 0.0362014 0.0328845 0.0013353 0.0010776 0.0010260 0.0010774 0.0006148 0.0010775 0.0009748 0.0010262 0.0013345 0.0016435 0.0014374 0.0002561 0.0000010 0.0000000 0.0000512 0.0001024 0.0001024 0.0002561 0.0002049 0.0001537 0.0002049 0.0001024 0.0001024 0.0001537 0.0001537 0.0002049 0.0003586 0.0003586 0.0002561 0.0002561 0.0002049 0.0002049 0.0003073 0.0005123 0.0004098 0.0002561 0.0004098 0.0003586 0.0002561 0.0003586 0.0004098 0.0004611 0.0003073 0.0003586 0.0005123 0.0004098 0.0003586 0.0005123 0.0004611 0.0004611 0.0005123 0.0003586 0.0005123 0.0003586 0.0005123 0.0004611 0.0003586 0.0004611 0.0005636 0.0003586 0.0007173 0.0004611 0.0003076 0.0008199 0.0006148 0.0007686 0.0005123 0.0003586 0.0004611 0.0004611 0.0007173 0.0004611 0.0005636 0.0008711 0.0008711 0.0007686 0.0006671 0.0007173 0.0006671 2.0376786 2.0379602 
EBOV_H.sap-wt_SLE_14_Makona-G3788_KM233075                 1.9527482 1.9754532 1.9513173 1.4235159 1.4340620 0.0326587 0.0326025 0.0329668 0.0331141 0.0364944 0.0374902 0.0362578 0.0329404 0.0013867 0.0011290 0.0010774 0.0011287 0.0006661 0.0011289 0.0010262 0.0010776 0.0013859 0.0016950 0.0014888 0.0003073 0.0000512 0.0000512 0.0000000 0.0001537 0.0001537 0.0003073 0.0002561 0.0002049 0.0002561 0.0001537 0.0001537 0.0002049 0.0002049 0.0002561 0.0004098 0.0004098 0.0003073 0.0003073 0.0002561 0.0002561 0.0003586 0.0005636 0.0004611 0.0003073 0.0004611 0.0004098 0.0003073 0.0004098 0.0004611 0.0005123 0.0003586 0.0004098 0.0005636 0.0004611 0.0004098 0.0005636 0.0005123 0.0005123 0.0005636 0.0004098 0.0005636 0.0004098 0.0005636 0.0005123 0.0004098 0.0005123 0.0006148 0.0004098 0.0007686 0.0005123 0.0003588 0.0008711 0.0006661 0.0008209 0.0005636 0.0004098 0.0005123 0.0005123 0.0007686 0.0005123 0.0006148 0.0009224 0.0009224 0.0008199 0.0007184 0.0007686 0.0007184 2.0379239 2.0382055 
EBOV_H.sap-wt_SLE_14_Makona-G3799_KM233080                 1.9533971 1.9761059 1.9519643 1.4239663 1.4343186 0.0327155 0.0326592 0.0330237 0.0331709 0.0365518 0.0375479 0.0363152 0.0329973 0.0014382 0.0011804 0.0011288 0.0011801 0.0007173 0.0011803 0.0010776 0.0011290 0.0014374 0.0017465 0.0015402 0.0003586 0.0001024 0.0001024 0.0001537 0.0000000 0.0002049 0.0003586 0.0003073 0.0002561 0.0003073 0.0002049 0.0002049 0.0002561 0.0002561 0.0003073 0.0004611 0.0004611 0.0003586 0.0003586 0.0003073 0.0003073 0.0004098 0.0006148 0.0005123 0.0003586 0.0005123 0.0004611 0.0003586 0.0004611 0.0005123 0.0005636 0.0004098 0.0004611 0.0006148 0.0005123 0.0004611 0.0006148 0.0005636 0.0005636 0.0006148 0.0004611 0.0006148 0.0004611 0.0006148 0.0005636 0.0004611 0.0005636 0.0006661 0.0004611 0.0008199 0.0005636 0.0004101 0.0009224 0.0007173 0.0008722 0.0006148 0.0004611 0.0005636 0.0005636 0.0008199 0.0005636 0.0006661 0.0009737 0.0009737 0.0008711 0.0007698 0.0008199 0.0007698 2.0382079 2.0384895 
EBOV_H.sap-wt_LBR_14_Makona-EM_080065_KR817232             1.9517328 1.9760283 1.9503052 1.4232897 1.4348280 0.0326640 0.0326078 0.0329722 0.0331195 0.0365003 0.0374963 0.0362637 0.0329458 0.0014382 0.0011804 0.0011288 0.0011802 0.0007173 0.0011803 0.0010776 0.0011290 0.0014374 0.0017466 0.0015403 0.0003586 0.0001024 0.0001024 0.0001537 0.0002049 0.0000000 0.0001537 0.0003073 0.0002561 0.0003073 0.0002049 0.0002049 0.0002561 0.0002561 0.0003073 0.0004611 0.0004611 0.0003586 0.0003586 0.0003073 0.0003073 0.0002049 0.0006148 0.0005123 0.0003586 0.0005123 0.0004611 0.0003586 0.0004611 0.0005123 0.0005636 0.0004098 0.0004611 0.0006148 0.0005123 0.0004611 0.0006148 0.0005636 0.0005636 0.0006148 0.0004611 0.0006148 0.0002561 0.0004098 0.0003586 0.0002561 0.0005636 0.0006661 0.0004611 0.0008199 0.0003586 0.0004101 0.0008722 0.0007173 0.0008723 0.0006148 0.0004611 0.0005636 0.0005636 0.0008199 0.0005636 0.0006661 0.0009737 0.0009737 0.0008722 0.0007699 0.0008199 0.0007698 2.0364053 2.0366869 
EBOV_H.sap-wt_GIN_14_Makona-Macenta-EM_076322_KR817145     1.9513417 1.9756363 1.9499152 1.4233155 1.4350201 0.0328334 0.0327772 0.0331418 0.0332891 0.0366716 0.0376681 0.0364348 0.0331153 0.0015927 0.0013347 0.0012830 0.0013344 0.0008711 0.0013346 0.0012318 0.0012832 0.0015918 0.0019011 0.0016947 0.0005123 0.0002561 0.0002561 0.0003073 0.0003586 0.0001537 0.0000000 0.0004611 0.0004098 0.0004611 0.0003586 0.0003586 0.0004098 0.0004098 0.0004611 0.0006148 0.0006148 0.0005123 0.0005123 0.0004611 0.0004611 0.0003586 0.0007686 0.0006661 0.0005123 0.0006661 0.0006148 0.0005123 0.0006148 0.0006661 0.0007173 0.0005636 0.0006148 0.0007686 0.0006661 0.0006148 0.0007686 0.0007173 0.0007173 0.0007696 0.0006148 0.0007686 0.0004098 0.0005636 0.0005123 0.0004098 0.0007173 0.0008199 0.0006148 0.0009737 0.0005123 0.0005640 0.0010263 0.0008711 0.0010264 0.0007686 0.0006148 0.0007173 0.0007173 0.0009748 0.0007173 0.0008199 0.0011287 0.0011287 0.0010263 0.0009240 0.0009737 0.0009238 2.0362926 2.0365742 
EBOV_H.sap-wt_LBR_15_Makona-Liberia-DQE4_KR074998          1.9528630 1.9755697 1.9514316 1.4243976 1.4342290 0.0328289 0.0327726 0.0331372 0.0332845 0.0366665 0.0376629 0.0364298 0.0331107 0.0015411 0.0012832 0.0012316 0.0012829 0.0008199 0.0012831 0.0011804 0.0012318 0.0015403 0.0018495 0.0016432 0.0004611 0.0002049 0.0002049 0.0002561 0.0003073 0.0003073 0.0004611 0.0000000 0.0003586 0.0004098 0.0003073 0.0003073 0.0003586 0.0003586 0.0004098 0.0005636 0.0005636 0.0004611 0.0004611 0.0004098 0.0004098 0.0005123 0.0007173 0.0006148 0.0004611 0.0006148 0.0005636 0.0004611 0.0005636 0.0006148 0.0006661 0.0005123 0.0005636 0.0007173 0.0006148 0.0005636 0.0007173 0.0006661 0.0006661 0.0007173 0.0005636 0.0007173 0.0005636 0.0007173 0.0006661 0.0005636 0.0006661 0.0007686 0.0005636 0.0009224 0.0006661 0.0005127 0.0010250 0.0008199 0.0009750 0.0007173 0.0005636 0.0006661 0.0006661 0.0009234 0.0006661 0.0007686 0.0010773 0.0010773 0.0009749 0.0008726 0.0009224 0.0008725 2.0377853 2.0380670 
EBOV_H.sap-wt_SLE_14_Makona-G3676.1_KM034554               1.9521181 1.9748132 1.9506894 1.4243157 1.4339826 0.0326603 0.0326041 0.0329684 0.0331157 0.0364962 0.0374921 0.0362596 0.0329420 0.0011809 0.0009235 0.0008711 0.0009224 0.0004611 0.0009224 0.0008199 0.0008711 0.0011803 0.0014891 0.0012831 0.0004098 0.0001537 0.0001537 0.0002049 0.0002561 0.0002561 0.0004098 0.0003586 0.0000000 0.0003586 0.0002561 0.0002561 0.0003073 0.0003073 0.0003586 0.0005123 0.0005123 0.0004098 0.0004098 0.0003586 0.0003586 0.0004611 0.0006661 0.0005636 0.0004098 0.0005636 0.0005123 0.0004098 0.0005123 0.0005636 0.0006148 0.0004611 0.0005123 0.0006661 0.0005636 0.0005123 0.0006661 0.0006148 0.0006148 0.0006661 0.0005123 0.0006661 0.0005123 0.0006661 0.0006148 0.0005123 0.0006148 0.0007173 0.0005123 0.0008711 0.0006148 0.0004614 0.0009737 0.0007686 0.0009236 0.0006661 0.0005123 0.0006148 0.0006148 0.0008711 0.0006148 0.0007173 0.0010250 0.0010250 0.0009235 0.0008212 0.0008711 0.0008211 2.0366295 2.0369111 
EBOV_H.sap-wt_SLE_14_Makona-Kenema-G4702_1_KR105265        1.9525410 1.9752480 1.9511105 1.4220738 1.4335492 0.0327250 0.0326687 0.0330332 0.0331806 0.0365625 0.0375588 0.0363257 0.0330068 0.0015415 0.0012836 0.0012319 0.0012833 0.0008199 0.0012835 0.0011807 0.0012321 0.0015407 0.0018500 0.0016436 0.0004611 0.0002049 0.0002049 0.0002561 0.0003073 0.0003073 0.0004611 0.0004098 0.0003586 0.0000000 0.0001024 0.0001024 0.0001537 0.0001537 0.0002049 0.0003586 0.0003586 0.0002561 0.0002561 0.0002049 0.0002049 0.0005123 0.0005123 0.0004098 0.0002561 0.0004098 0.0003586 0.0002561 0.0003586 0.0004098 0.0004611 0.0003073 0.0003586 0.0005123 0.0004098 0.0003586 0.0003073 0.0002561 0.0002561 0.0003073 0.0005636 0.0005123 0.0005636 0.0007173 0.0006661 0.0005636 0.0004611 0.0005636 0.0005636 0.0007173 0.0006661 0.0005127 0.0008199 0.0006148 0.0009753 0.0007173 0.0005636 0.0006661 0.0006661 0.0009237 0.0006661 0.0007686 0.0008711 0.0008711 0.0007686 0.0004611 0.0009235 0.0006671 2.0388047 2.0390865 
EBOV_H.sap-wt_SLE_14_Makona-G3789.1_KM233076               1.9519166 1.9746106 1.9504884 1.4227581 1.4332006 0.0326073 0.0325511 0.0329154 0.0330627 0.0364430 0.0374389 0.0362065 0.0328891 0.0014384 0.0011806 0.0011289 0.0011803 0.0007173 0.0011805 0.0010777 0.0011291 0.0014376 0.0017467 0.0015405 0.0003586 0.0001024 0.0001024 0.0001537 0.0002049 0.0002049 0.0003586 0.0003073 0.0002561 0.0001024 0.0000000 0.0000010 0.0000512 0.0000512 0.0001024 0.0002561 0.0002561 0.0001537 0.0001537 0.0001024 0.0001024 0.0004098 0.0004098 0.0003073 0.0001537 0.0003073 0.0002561 0.0001537 0.0002561 0.0003073 0.0003586 0.0002049 0.0002561 0.0004098 0.0003073 0.0002561 0.0004098 0.0003586 0.0003586 0.0004098 0.0004611 0.0004098 0.0004611 0.0006148 0.0005636 0.0004611 0.0003586 0.0004611 0.0004611 0.0006148 0.0005636 0.0004101 0.0007173 0.0005123 0.0008724 0.0006148 0.0004611 0.0005636 0.0005636 0.0008199 0.0005636 0.0006661 0.0007686 0.0007686 0.0006661 0.0005636 0.0008199 0.0005644 2.0385049 2.0387866 
EBOV_H.sap-wt_SLE_14_Makona-G3735.2_KM233057               1.9519166 1.9746106 1.9504884 1.4227581 1.4332006 0.0326073 0.0325511 0.0329154 0.0330627 0.0364430 0.0374389 0.0362065 0.0328891 0.0014384 0.0011806 0.0011289 0.0011803 0.0007173 0.0011805 0.0010777 0.0011291 0.0014376 0.0017467 0.0015405 0.0003586 0.0001024 0.0001024 0.0001537 0.0002049 0.0002049 0.0003586 0.0003073 0.0002561 0.0001024 0.0000010 0.0000000 0.0000512 0.0000512 0.0001024 0.0002561 0.0002561 0.0001537 0.0001537 0.0001024 0.0001024 0.0004098 0.0004098 0.0003073 0.0001537 0.0003073 0.0002561 0.0001537 0.0002561 0.0003073 0.0003586 0.0002049 0.0002561 0.0004098 0.0003073 0.0002561 0.0004098 0.0003586 0.0003586 0.0004098 0.0004611 0.0004098 0.0004611 0.0006148 0.0005636 0.0004611 0.0003586 0.0004611 0.0004611 0.0006148 0.0005636 0.0004101 0.0007173 0.0005123 0.0008724 0.0006148 0.0004611 0.0005636 0.0005636 0.0008199 0.0005636 0.0006661 0.0007686 0.0007686 0.0006661 0.0005636 0.0008199 0.0005644 2.0385049 2.0387866 
EBOV_H.sap-wt_SLE_14_Makona-G3827_KM233101                 1.9516714 1.9743654 1.9502439 1.4229714 1.4329705 0.0326160 0.0325597 0.0329241 0.0330715 0.0364526 0.0374486 0.0362159 0.0328978 0.0014388 0.0011809 0.0011293 0.0011807 0.0007173 0.0011808 0.0010780 0.0011295 0.0014380 0.0017473 0.0015409 0.0004098 0.0001537 0.0001537 0.0002049 0.0002561 0.0002561 0.0004098 0.0003586 0.0003073 0.0001537 0.0000512 0.0000512 0.0000000 0.0001024 0.0001537 0.0003073 0.0003073 0.0002049 0.0002049 0.0001537 0.0001537 0.0004611 0.0004611 0.0003586 0.0002049 0.0002561 0.0002049 0.0002049 0.0003073 0.0003586 0.0004098 0.0002561 0.0003073 0.0004611 0.0003586 0.0003073 0.0004611 0.0004098 0.0004098 0.0004611 0.0005123 0.0004611 0.0005123 0.0006661 0.0006148 0.0005123 0.0004098 0.0005123 0.0005123 0.0006661 0.0006148 0.0004614 0.0007686 0.0005636 0.0009237 0.0006661 0.0005123 0.0006148 0.0006148 0.0008722 0.0006148 0.0007173 0.0008199 0.0008199 0.0007173 0.0006148 0.0008711 0.0006158 2.0387503 2.0390320 
EBOV_H.sap-wt_SLE_14_Makona-EM110_KM233037                 1.9521572 1.9748517 1.9507284 1.4229714 1.4334167 0.0326633 0.0326070 0.0329714 0.0331187 0.0364995 0.0374955 0.0362629 0.0329450 0.0014898 0.0012320 0.0011803 0.0012317 0.0007686 0.0012319 0.0011291 0.0011805 0.0014890 0.0017982 0.0015919 0.0004098 0.0001537 0.0001537 0.0002049 0.0002561 0.0002561 0.0004098 0.0003586 0.0003073 0.0001537 0.0000512 0.0000512 0.0001024 0.0000000 0.0001537 0.0003073 0.0003073 0.0002049 0.0002049 0.0001537 0.0001537 0.0004611 0.0004611 0.0003586 0.0002049 0.0003586 0.0003073 0.0002049 0.0003073 0.0003586 0.0004098 0.0002561 0.0003073 0.0004611 0.0003586 0.0003073 0.0004611 0.0004098 0.0004098 0.0004611 0.0005123 0.0004611 0.0005123 0.0006661 0.0006148 0.0005123 0.0004098 0.0005123 0.0005123 0.0006661 0.0006148 0.0004614 0.0007686 0.0005636 0.0009237 0.0006661 0.0005123 0.0006148 0.0006148 0.0008722 0.0006148 0.0007173 0.0008199 0.0008199 0.0007173 0.0006148 0.0008711 0.0006158 2.0387503 2.0390320 
EBOV_H.sap-wt_SLE_14_Makona-G5296_1_KR105303               1.9513952 1.9740886 1.9499684 1.4227322 1.4330086 0.0327199 0.0326637 0.0330282 0.0331754 0.0365568 0.0375530 0.0362061 0.0330017 0.0015413 0.0012834 0.0012317 0.0012831 0.0008199 0.0012833 0.0011805 0.0012319 0.0015405 0.0018497 0.0016434 0.0004611 0.0002049 0.0002049 0.0002561 0.0003073 0.0003073 0.0004611 0.0004098 0.0003586 0.0002049 0.0001024 0.0001024 0.0001537 0.0001537 0.0000000 0.0001537 0.0001537 0.0002561 0.0002561 0.0002049 0.0002049 0.0005123 0.0005123 0.0004098 0.0002561 0.0004098 0.0003586 0.0002561 0.0003586 0.0004098 0.0004611 0.0003073 0.0003586 0.0005123 0.0004098 0.0003586 0.0005123 0.0004611 0.0004611 0.0005123 0.0005636 0.0005123 0.0005636 0.0007173 0.0006661 0.0005636 0.0004611 0.0005636 0.0005636 0.0007173 0.0006661 0.0005127 0.0008199 0.0006148 0.0009751 0.0007173 0.0005636 0.0006661 0.0006661 0.0009235 0.0006661 0.0007686 0.0008711 0.0008711 0.0007686 0.0006661 0.0009224 0.0006671 2.0386713 2.0389530 
