100
02A1.GH.97.97GH_AG2.AB052867           0.0000000 0.3718321 0.4525749 0.5263493 0.5918670 0.6387976 0.6565363 0.5472743 0.5398896 0.5758241 0.5815428 0.5242249 0.5167950 0.5986433 0.8653899 0.8308644 0.8954590 0.8286935 0.8473591 0.8793053 0.8397350 0.8372976 0.8811277 0.9093027 0.9809617 0.9534239 0.7832474 0.8617572 0.8406090 0.7856455 0.8057240 0.5633497 0.6162333 0.6270285 0.6606992 0.7945201 0.6544548 0.6585681 0.7379654 0.6350071 0.6727383 0.7713431 0.8503783 0.5504480 0.5243732 0.4860956 0.4725697 0.7893816 0.7892866 0.8088805 0.8671860 0.8348983 0.8594697 0.8320218 0.7779541 0.7863122 0.7671594 0.7842052 0.7893141 0.7858789 0.7585149 0.7264647 0.8000273 0.8628856 0.8169266 0.7798036 0.8007426 0.7907216 0.7871335 0.7902447 0.8009718 0.8133558 0.7772021 0.7449518 0.7427275 0.7947065 1.0691702 0.8380503 0.7901874 0.8508059 0.8064338 0.7333211 0.7377372 0.7254286 0.6695171 0.6496440 0.7825116 0.6413894 0.4936443 0.4348132 0.4059651 0.5526988 0.3449987 0.3457133 0.3638406 0.4330302 1.9768817 2.0146298 1.9269641 2.5746077 
02A.CI.16.DEURF16CI011.MH078538        0.3718321 0.0000000 0.5045666 0.5561478 0.6329947 0.6729086 0.6802440 0.6010774 0.5929751 0.6178616 0.6309734 0.5807922 0.5591541 0.6446257 0.9052785 0.8836007 0.9442076 0.8843460 0.8958510 0.9110345 0.8964555 0.8877108 0.9265547 0.9696851 1.0171932 0.9885149 0.8409579 0.9316946 0.8950521 0.8374372 0.8653983 0.6049057 0.6619587 0.6697751 0.7122625 0.8534336 0.6840335 0.6973153 0.7561834 0.6815617 0.6942685 0.8042687 0.8803419 0.5936184 0.5823114 0.5398042 0.5132533 0.8296214 0.8397121 0.8554836 0.9051802 0.8786282 0.8953074 0.8710879 0.8287287 0.8239849 0.7958930 0.8136536 0.8440525 0.8121780 0.7872579 0.7445457 0.8142260 0.8962501 0.8480703 0.8310379 0.8444330 0.8304450 0.8424377 0.8264835 0.8421095 0.8515831 0.8141600 0.7863299 0.7929285 0.8352156 1.1057496 0.8746893 0.8244262 0.8670346 0.8221739 0.7814707 0.7819471 0.7622371 0.7278108 0.6873907 0.8329956 0.7007378 0.5358886 0.4749096 0.4482017 0.5992525 0.3857786 0.3907444 0.3949355 0.4779640 1.9501247 1.9780367 1.8861269 2.5968365 
AGU.CM.06.770_8.MH705142               0.4525749 0.5045666 0.0000000 0.5049542 0.5645550 0.6134462 0.6121239 0.5768704 0.5453612 0.5989940 0.6121186 0.5499763 0.5427966 0.6212898 0.8675982 0.8341518 0.9113713 0.8578772 0.8742005 0.9000781 0.8581071 0.8528304 0.9090629 0.9456799 0.9849926 0.9525675 0.7853477 0.8787781 0.8645790 0.8340537 0.8395930 0.5853247 0.6542333 0.6680372 0.6825431 0.8273263 0.6692914 0.6790532 0.7560618 0.6505770 0.6861376 0.8099175 0.8722684 0.5664375 0.5470582 0.5112389 0.4894010 0.8043018 0.8080563 0.8295750 0.8707783 0.8455366 0.8770634 0.8140448 0.7821388 0.7947626 0.7745628 0.7887208 0.7851127 0.8137440 0.7632349 0.7148578 0.7983283 0.8675710 0.8155356 0.8082108 0.8276237 0.8273139 0.8287300 0.8204620 0.8155892 0.8350791 0.7968749 0.7483188 0.7421748 0.8195627 1.1031291 0.8331062 0.7750132 0.8623918 0.8037666 0.7501022 0.7451998 0.7417365 0.6941469 0.6671552 0.8131100 0.6630967 0.5454903 0.5146284 0.4929193 0.6649006 0.4584259 0.4524178 0.4887496 0.5527727 2.0483518 2.1055852 1.9768035 2.7077067 
G.NG.92.92NG083_JV10832.U88826         0.5263493 0.5561478 0.5049542 0.0000000 0.3455486 0.3897197 0.4036971 0.6305761 0.6113382 0.6356817 0.6630600 0.6139610 0.6015481 0.6927262 0.9717271 0.9206999 0.9781990 0.9395261 0.9489263 0.9656678 0.9455509 0.9494592 0.9721023 1.0103917 1.0349852 1.0430592 0.8814891 0.9532370 0.9424112 0.8929643 0.9082446 0.6565086 0.6977190 0.6986823 0.7484058 0.8802947 0.7168671 0.7212173 0.8046040 0.7071547 0.7403679 0.8609245 0.9325085 0.6171099 0.6194373 0.5882177 0.5653183 0.8725380 0.8787186 0.9010572 0.9048153 0.9316567 0.9382446 0.8856356 0.8536299 0.8770294 0.8704536 0.8379226 0.8721417 0.8726012 0.8286197 0.8023280 0.8478029 0.9522332 0.8928045 0.8686557 0.8828170 0.8590699 0.8709227 0.8641011 0.8793706 0.9122405 0.8603784 0.8428408 0.8152033 0.8970476 1.1780350 0.9397199 0.8752929 0.9069708 0.8933139 0.8057390 0.8263918 0.8123121 0.7506034 0.7386635 0.8586356 0.7241780 0.6231445 0.6014675 0.5659234 0.7331752 0.5345085 0.5147035 0.5515071 0.6238029 2.0364980 2.0636506 1.9979020 2.7802013 
G.NG.09.09NG010261.KX389626            0.5918670 0.6329947 0.5645550 0.3455486 0.0000000 0.4480862 0.4676289 0.6867487 0.6718158 0.7125151 0.7299534 0.6831915 0.6797219 0.7706046 1.0090268 0.9488216 1.0191390 0.9890886 1.0043436 1.0157775 0.9638828 0.9684923 0.9939929 1.0634847 1.0922760 1.0969679 0.9117880 0.9925091 0.9976865 0.9311492 0.9336116 0.7154224 0.7852246 0.7884778 0.8320875 0.9420226 0.7981815 0.8080188 0.8677569 0.7695486 0.8075804 0.9386923 0.9997567 0.6923659 0.6891066 0.6439694 0.6242748 0.9199082 0.9296270 0.9630597 0.9451454 0.9673769 0.9683926 0.9786351 0.9019887 0.9165463 0.8983742 0.9019663 0.9213676 0.9131133 0.9031628 0.8487165 0.9172488 1.0123263 0.9555819 0.9227287 0.9391118 0.9341049 0.9217099 0.9241681 0.9508918 0.9406651 0.9076299 0.8715192 0.8481047 0.9373413 1.2582986 0.9721612 0.8893076 0.9728741 0.9480268 0.8587115 0.8591227 0.8519692 0.8126400 0.7980601 0.8897922 0.7856322 0.6662228 0.6508212 0.6267254 0.7962089 0.5928873 0.5901526 0.6266548 0.6904321 2.1373462 2.1830616 2.0852867 2.7496435 
01F2G.CM.02.LT31.JN864056              0.6387976 0.6729086 0.6134462 0.3897197 0.4480862 0.0000000 0.3966321 0.7426552 0.7164312 0.7148143 0.7535721 0.7061310 0.7022481 0.8011495 1.0118734 1.0274360 1.0801844 1.0073205 1.0313242 1.0377291 1.0387731 1.0114765 1.0319332 1.1158662 1.1539364 1.1424756 0.9857725 1.0468176 1.0446611 1.0012945 0.9874875 0.7446292 0.7947619 0.7882495 0.8375837 0.9750290 0.8028984 0.8175152 0.8730403 0.8012496 0.8212899 0.9505520 1.0197491 0.7139478 0.7046081 0.6844973 0.6486941 0.9303408 0.9617742 0.9786235 0.9969109 1.0085243 1.0123204 0.9983364 0.9400881 0.9492105 0.9224940 0.9191996 0.9399266 0.9161732 0.9229740 0.8727271 0.9396937 1.0537262 0.9753245 0.9589321 0.9587636 0.9529932 0.9560163 0.9583541 0.9681309 0.9622125 0.9300874 0.8996870 0.8782264 0.9434169 1.2493671 0.9847285 0.9182950 0.9948846 0.9333476 0.8825866 0.9054103 0.8881955 0.8512045 0.8303102 0.9401121 0.8389602 0.7238060 0.6881371 0.6703195 0.8403365 0.6465226 0.6263000 0.6578910 0.7315412 2.1961984 2.2618442 2.1381197 2.8686728 
BCG.ES.15.100_119.KY496623             0.6565363 0.6802440 0.6121239 0.4036971 0.4676289 0.3966321 0.0000000 0.7646934 0.7405011 0.7467758 0.7915146 0.7557879 0.7330114 0.8301708 1.0780161 1.0473351 1.0838364 1.0454689 1.0798521 1.0751633 1.0647821 1.0497523 1.0705257 1.1332776 1.1491094 1.1976840 0.9969914 1.0813520 1.0656557 1.0259043 1.0203484 0.7612860 0.8530666 0.8572731 0.8907259 1.0241900 0.8682108 0.8872397 0.9415341 0.8440666 0.8764071 1.0001478 1.0396289 0.7437566 0.7355112 0.7103321 0.6667930 0.9863377 0.9962819 1.0251532 1.0311788 1.0497053 1.0631006 1.0398853 0.9830409 0.9788371 0.9692069 0.9749627 0.9844112 0.9571592 0.9596448 0.9171954 0.9595682 1.0856267 1.0252508 1.0089973 1.0157170 1.0019856 1.0107941 1.0089608 0.9926940 1.0064007 0.9678579 0.9609638 0.9432711 1.0167124 1.3155726 1.0704590 0.9696647 1.0343650 0.9958814 0.9447117 0.9501757 0.9349746 0.8776580 0.8451222 0.9733727 0.8606408 0.7454650 0.7149662 0.6727795 0.8799485 0.6487369 0.6386869 0.6636686 0.7433165 2.1900663 2.2077380 2.0797874 2.8185056 
A1.KE.06.06KECst_028.FJ623479          0.5472743 0.6010774 0.5768704 0.6305761 0.6867487 0.7426552 0.7646934 0.0000000 0.3053245 0.4187906 0.4321786 0.3777368 0.3996159 0.4947168 0.7462333 0.7098427 0.7706558 0.7467636 0.7457308 0.7514145 0.7361176 0.7131154 0.7970189 0.7879121 0.8503108 0.8418706 0.6910319 0.7541305 0.7387265 0.7004787 0.7151372 0.4613434 0.5597237 0.5662123 0.6004184 0.7307976 0.5910374 0.5858566 0.6568574 0.5696735 0.5842768 0.7098965 0.7775481 0.4867943 0.4698645 0.4287563 0.5020578 0.8319975 0.8388053 0.8743445 0.9000330 0.8819499 0.8997603 0.8714396 0.8429308 0.8402414 0.8229821 0.8179610 0.8458896 0.8355168 0.7908215 0.7580137 0.8354124 0.9064000 0.8802017 0.8138928 0.8632842 0.8545860 0.8549577 0.8457036 0.8674570 0.8492016 0.8314396 0.7951588 0.7975042 0.8453014 1.1299707 0.8869218 0.8455080 0.8885924 0.8450615 0.7705048 0.8057909 0.7824305 0.7378487 0.7055040 0.8354479 0.6773671 0.6506317 0.6075125 0.5605899 0.7740478 0.5483382 0.5553440 0.5828689 0.6191061 2.1203628 2.1279826 2.0782864 2.7188583 
A1.KE.06.06KECst_013.FJ623485          0.5398896 0.5929751 0.5453612 0.6113382 0.6718158 0.7164312 0.7405011 0.3053245 0.0000000 0.3926299 0.4290187 0.3669352 0.3859026 0.4766836 0.7231470 0.7113027 0.7735174 0.7142781 0.7295177 0.7270804 0.7287235 0.7021276 0.7616874 0.7795993 0.8206153 0.8288390 0.6629488 0.7260301 0.7310624 0.6740703 0.6949156 0.4271643 0.5491267 0.5604990 0.5926391 0.7295969 0.5809431 0.5705844 0.6639675 0.5538686 0.5906439 0.6749227 0.7580151 0.4827549 0.4598389 0.4236414 0.4871561 0.8228205 0.8321796 0.8523704 0.9068498 0.8782984 0.8886615 0.8828824 0.8204661 0.8531416 0.8271001 0.7936972 0.8191282 0.8328312 0.7795859 0.7525968 0.8306938 0.9067797 0.8517321 0.8256953 0.8557187 0.8452327 0.8606340 0.8398235 0.8635358 0.8347462 0.8219502 0.7908702 0.7914216 0.8469307 1.1179060 0.8811979 0.8343274 0.8752412 0.8520879 0.7830118 0.7930994 0.7715091 0.7246315 0.6899570 0.8136508 0.6809698 0.6205414 0.6000408 0.5514062 0.7495085 0.5321931 0.5323973 0.5605792 0.6190431 2.0989054 2.1173643 2.0333753 2.6681775 
35_AD.AF.06.007H.GQ477450              0.5758241 0.6178616 0.5989940 0.6356817 0.7125151 0.7148143 0.7467758 0.4187906 0.3926299 0.0000000 0.4605254 0.4010091 0.4160685 0.5042856 0.7598873 0.7288556 0.7979325 0.7485977 0.7498308 0.7637495 0.7680431 0.7359330 0.7999833 0.8139519 0.8832589 0.8670609 0.6933249 0.7725108 0.7635938 0.7148894 0.7245338 0.4729851 0.5692003 0.5830252 0.6080890 0.7605803 0.5993209 0.6088787 0.6835838 0.5859541 0.6228003 0.7262534 0.8020657 0.5046088 0.4835662 0.4429690 0.5213623 0.8612140 0.8504484 0.8922544 0.9140830 0.8969046 0.9095226 0.8918733 0.8347225 0.8354145 0.8213412 0.8258339 0.8424076 0.8230366 0.8133558 0.7862101 0.8369675 0.9310552 0.8449401 0.8538552 0.8625948 0.8503371 0.8692476 0.8574512 0.8693000 0.8650033 0.8296407 0.8010483 0.8024386 0.8606386 1.1549455 0.9040024 0.8283108 0.8749495 0.8611983 0.8024957 0.8063546 0.8082274 0.7562262 0.7240942 0.8371019 0.7081280 0.6760810 0.6245545 0.5963700 0.7932124 0.5830189 0.5553084 0.5810801 0.6509786 2.1290266 2.1353363 2.0797018 2.6757247 
A1.CY.07.CY208.JF683760                0.5815428 0.6309734 0.6121186 0.6630600 0.7299534 0.7535721 0.7915146 0.4321786 0.4290187 0.4605254 0.0000000 0.2551418 0.4204828 0.5307226 0.7614082 0.7396004 0.7958733 0.7578026 0.7950046 0.8105383 0.7729833 0.7341627 0.7829685 0.8020841 0.8698009 0.8711299 0.7143969 0.7572477 0.7790178 0.7192737 0.7315729 0.4838650 0.5935307 0.6056115 0.6188728 0.7729847 0.6140958 0.6275575 0.7135151 0.6075717 0.6402501 0.7297703 0.8236571 0.5178787 0.5133882 0.4660989 0.5333003 0.8876953 0.8729270 0.8931486 0.9122383 0.9254851 0.9490947 0.9026729 0.8640164 0.8726818 0.8363209 0.8750846 0.8776276 0.8471572 0.8239326 0.8112688 0.8761271 0.9489168 0.8891958 0.8659562 0.8885727 0.8778508 0.8955496 0.8866837 0.8907664 0.8856664 0.8653228 0.8350097 0.8381891 0.9079985 1.1555136 0.9096703 0.8606569 0.9141716 0.8885149 0.8219813 0.8199526 0.8001445 0.7557042 0.7336662 0.8815206 0.7344859 0.6644068 0.6393021 0.6121351 0.8180730 0.5908594 0.5908129 0.6007643 0.6822757 2.1228129 2.1192497 2.0762348 2.7137221 
A1.CY.05.CY051.FJ388903                0.5242249 0.5807922 0.5499763 0.6139610 0.6831915 0.7061310 0.7557879 0.3777368 0.3669352 0.4010091 0.2551418 0.0000000 0.3807206 0.4747538 0.7522069 0.7086932 0.7645956 0.7199089 0.7447080 0.7514671 0.7279157 0.7024228 0.7603158 0.7948905 0.8498188 0.8420070 0.6800152 0.7267924 0.7225177 0.6799947 0.6880147 0.4297560 0.5401430 0.5505350 0.5848666 0.7385575 0.5714480 0.5823327 0.6530419 0.5614983 0.5993096 0.6801822 0.7663946 0.4652666 0.4517621 0.4074571 0.4783176 0.8260435 0.8278808 0.8607484 0.8889643 0.8720534 0.8828610 0.8787182 0.8090932 0.8306205 0.7957297 0.8169466 0.8227276 0.8213146 0.7918912 0.7575357 0.8325495 0.9144222 0.8503311 0.8205596 0.8458137 0.8325565 0.8582011 0.8673312 0.8605593 0.8459283 0.8152004 0.7976739 0.7953634 0.8353898 1.1146175 0.8557755 0.8217077 0.8725851 0.8277218 0.7729576 0.7774956 0.7692599 0.7266030 0.6918399 0.8271011 0.6657794 0.6321862 0.5911041 0.5598958 0.7649029 0.5353453 0.5287160 0.5500783 0.6201335 2.0938549 2.1040540 2.0594336 2.7231016 
A1.UG.11.DEMA110UG001.KF859745         0.5167950 0.5591541 0.5427966 0.6015481 0.6797219 0.7022481 0.7330114 0.3996159 0.3859026 0.4160685 0.4204828 0.3807206 0.0000000 0.4629469 0.7546262 0.7080070 0.7720921 0.7109827 0.7475114 0.7540421 0.7217951 0.6976460 0.7695111 0.7781433 0.8329505 0.8273938 0.6731495 0.7222580 0.7267758 0.6890208 0.7058623 0.4307286 0.5327637 0.5433430 0.5950018 0.7221701 0.5587393 0.5651515 0.6478953 0.5420955 0.5903407 0.6749528 0.7679391 0.4586601 0.4376460 0.4126289 0.4748858 0.8091185 0.8285349 0.8371768 0.8886586 0.8461960 0.8750927 0.8456130 0.8004660 0.8050552 0.8038987 0.7967619 0.8247658 0.8015520 0.7780126 0.7567714 0.8296694 0.8748381 0.8349313 0.8179142 0.8400303 0.8199565 0.8343781 0.8191643 0.8352787 0.8520610 0.8111051 0.7807612 0.7631585 0.8384237 1.0860643 0.8759061 0.7984177 0.8449810 0.8281919 0.7706203 0.7714595 0.7701540 0.7136859 0.6823550 0.7864940 0.6706209 0.6270437 0.5801796 0.5592078 0.7402631 0.5226112 0.5326818 0.5505364 0.6126143 2.1067876 2.1473874 2.0610329 2.7348050 
A1C.UG.99.99UGF25926.AF484491          0.5986433 0.6446257 0.6212898 0.6927262 0.7706046 0.8011495 0.8301708 0.4947168 0.4766836 0.5042856 0.5307226 0.4747538 0.4629469 0.0000000 0.6367504 0.6099672 0.6745170 0.6303791 0.6371088 0.6666156 0.6236371 0.6080779 0.6609534 0.6924244 0.7594937 0.7317587 0.5760746 0.6384322 0.6366511 0.5900852 0.6036987 0.5034668 0.6036181 0.6232123 0.6624078 0.8178826 0.6471635 0.6386695 0.7393027 0.6288625 0.6560607 0.7661325 0.8469683 0.5339510 0.5272402 0.4800542 0.5414757 0.8689839 0.8904153 0.9110574 0.9307744 0.9076030 0.9504493 0.9132561 0.8711710 0.8901996 0.8498382 0.8632332 0.8872941 0.8632905 0.8393298 0.8104709 0.8926507 0.9303207 0.8691269 0.9016819 0.9088730 0.8971446 0.9091222 0.8881396 0.8896632 0.9050603 0.8752650 0.8462714 0.8533335 0.8904082 1.1848787 0.9380602 0.8614238 0.9223674 0.9158243 0.8469136 0.8285040 0.8377267 0.7662147 0.7466857 0.8639574 0.7460720 0.6769039 0.6378920 0.6404108 0.8087244 0.5825678 0.5849900 0.6128389 0.6718027 2.2301069 2.2007227 2.1611781 2.8285914 
A1C.IN.15.SC017.KY713232               0.8653899 0.9052785 0.8675982 0.9717271 1.0090268 1.0118734 1.0780161 0.7462333 0.7231470 0.7598873 0.7614082 0.7522069 0.7546262 0.6367504 0.0000000 0.6416718 0.7001649 0.6549154 0.6833766 0.6696922 0.6754479 0.6297402 0.6974199 0.7251532 0.7719612 0.7645933 0.6052396 0.6931992 0.6781209 0.6315591 0.6311610 0.7664035 0.8829610 0.8823192 0.9153119 1.0780942 0.8970309 0.9071084 0.9659449 0.8823906 0.9025444 0.9964449 1.0721730 0.7834773 0.8031796 0.7555879 0.7899845 1.1425683 1.1612988 1.1587307 1.1685318 1.1922383 1.1935743 1.1830477 1.1228856 1.1490540 1.1054438 1.1233540 1.0959381 1.1460808 1.0810840 1.0687919 1.1232040 1.1893209 1.1241702 1.1761377 1.1231135 1.1536945 1.1589534 1.1589474 1.1464505 1.1723195 1.1122493 1.1072964 1.0795131 1.1664204 1.4180430 1.1739656 1.1300343 1.1849720 1.1518176 1.0893283 1.0770531 1.0434506 1.0234265 0.9782075 1.0915374 0.9817454 0.9667945 0.9296087 0.8904680 1.1063811 0.8454329 0.8632282 0.8690981 0.9428711 2.3380659 2.3365873 2.3964205 3.0056134 
C.IL.99.99ET14.AY255825                0.8308644 0.8836007 0.8341518 0.9206999 0.9488216 1.0274360 1.0473351 0.7098427 0.7113027 0.7288556 0.7396004 0.7086932 0.7080070 0.6099672 0.6416718 0.0000000 0.4293861 0.4186650 0.4215900 0.4398278 0.4208620 0.3992239 0.4527056 0.4904801 0.5325129 0.5279323 0.3548385 0.4351373 0.4363076 0.3676281 0.3843388 0.7184450 0.8575467 0.8538708 0.8948893 1.0038822 0.8852645 0.8572891 0.9469130 0.8595002 0.8787024 0.9809628 1.0440669 0.7593132 0.7637196 0.7044913 0.7614692 1.1170716 1.1793725 1.1427232 1.1937518 1.1818746 1.1998090 1.1756951 1.1032840 1.1493417 1.1111826 1.1054239 1.1141384 1.1266018 1.0942849 1.0660130 1.1152411 1.1931696 1.1171928 1.1345500 1.1328757 1.1220898 1.1519256 1.1317816 1.1145280 1.1566392 1.0975778 1.0682188 1.0612633 1.1159731 1.3757268 1.1868088 1.0999813 1.1373524 1.1438293 1.0781032 1.0792549 1.0461247 1.0034240 0.9769877 1.0963336 0.9666122 0.9318633 0.9003126 0.8512143 1.0353973 0.8185214 0.8284428 0.8431118 0.9112517 2.4791264 2.4969626 2.4021590 3.1294769 
C.SE.09.035ZA.MF373148                 0.8954590 0.9442076 0.9113713 0.9781990 1.0191390 1.0801844 1.0838364 0.7706558 0.7735174 0.7979325 0.7958733 0.7645956 0.7720921 0.6745170 0.7001649 0.4293861 0.0000000 0.4702109 0.4834012 0.5067084 0.4868258 0.4453642 0.5083136 0.5540281 0.6139130 0.5977876 0.4239351 0.4838101 0.4881340 0.4325330 0.4405250 0.7714886 0.9192157 0.9265427 0.9674691 1.0602607 0.9498884 0.9505654 1.0159490 0.9507125 0.9659382 1.0520167 1.1376525 0.8336407 0.8211400 0.7765103 0.8285335 1.2315176 1.2430576 1.2356048 1.2443219 1.2703215 1.2723581 1.2406318 1.1767650 1.2237300 1.1732075 1.1637692 1.1883971 1.2344559 1.1617512 1.1361705 1.1915454 1.2474021 1.1990543 1.2237896 1.1867293 1.1922047 1.2200909 1.2109998 1.2222481 1.2260724 1.1699613 1.1419418 1.1580060 1.2086701 1.4854699 1.2475920 1.1713316 1.2292347 1.2271269 1.1637322 1.1372104 1.0801781 1.0553234 1.0428060 1.1476764 1.0428542 1.0059248 0.9483467 0.9155861 1.0958501 0.8924199 0.9144156 0.9108702 0.9770063 2.4421604 2.4686298 2.3749397 3.1163951 
C.ZA.04.04ZASK135B1.DQ011166           0.8286935 0.8843460 0.8578772 0.9395261 0.9890886 1.0073205 1.0454689 0.7467636 0.7142781 0.7485977 0.7578026 0.7199089 0.7109827 0.6303791 0.6549154 0.4186650 0.4702109 0.0000000 0.3263031 0.3449121 0.3577438 0.3450417 0.4056748 0.4455361 0.5037215 0.4840943 0.3285028 0.4271788 0.4197500 0.3729181 0.3854933 0.7257331 0.8514069 0.8591976 0.8892759 1.0395959 0.8844086 0.8892081 0.9672395 0.8587791 0.8716363 0.9871383 1.0505098 0.7778308 0.7619355 0.7243882 0.7714040 1.1308064 1.1755020 1.1534121 1.1727856 1.2164373 1.1915949 1.1458928 1.1353608 1.1383776 1.1070896 1.1169610 1.1124980 1.1379677 1.1063267 1.0784041 1.1239411 1.1625984 1.1178102 1.1402374 1.1546645 1.1339852 1.1628511 1.1621127 1.1271422 1.1703630 1.1177678 1.0609825 1.0649437 1.1408422 1.3923460 1.1654248 1.1070929 1.1357523 1.1398171 1.0731815 1.0782778 1.0171283 1.0395483 0.9955479 1.0980185 0.9844343 0.9082353 0.8929342 0.8402689 1.0207872 0.8089482 0.8429564 0.8344301 0.9325378 2.3689790 2.3884049 2.3747474 3.1177597 
C.ZA.03.03ZAPS130MB1.DQ275658          0.8473591 0.8958510 0.8742005 0.9489263 1.0043436 1.0313242 1.0798521 0.7457308 0.7295177 0.7498308 0.7950046 0.7447080 0.7475114 0.6371088 0.6833766 0.4215900 0.4834012 0.3263031 0.0000000 0.2971422 0.3734076 0.3490832 0.4104531 0.4639479 0.5213283 0.5009581 0.3395829 0.4478831 0.4301214 0.3849055 0.4047171 0.7535608 0.8451930 0.8636620 0.8963189 1.0377756 0.8889439 0.8762365 0.9975171 0.8690055 0.9016769 0.9904216 1.0858760 0.7792701 0.7789374 0.7402602 0.7925110 1.1376426 1.1755389 1.1738468 1.2074566 1.2171933 1.2274535 1.1977508 1.1333807 1.1532636 1.1547012 1.1305601 1.1319448 1.1407122 1.1135095 1.0904685 1.1253790 1.1845542 1.1074406 1.1435505 1.1559219 1.1490313 1.1728665 1.1478580 1.1419190 1.1646011 1.1310048 1.0702653 1.0643262 1.1437545 1.4275375 1.2123053 1.1164704 1.1741800 1.1866862 1.0735499 1.0758363 1.0734423 1.0407904 1.0072180 1.1300690 1.0000848 0.9374779 0.9197786 0.9057913 1.0727547 0.8336169 0.8547192 0.8723542 0.9442177 2.3856037 2.3942050 2.2974334 3.2060021 
C.ZA.97.97ZA012.AF286227               0.8793053 0.9110345 0.9000781 0.9656678 1.0157775 1.0377291 1.0751633 0.7514145 0.7270804 0.7637495 0.8105383 0.7514671 0.7540421 0.6666156 0.6696922 0.4398278 0.5067084 0.3449121 0.2971422 0.0000000 0.4011576 0.3684257 0.4308264 0.4896984 0.5356009 0.5150504 0.3620366 0.4587968 0.4621302 0.4095113 0.4303113 0.7672726 0.8568329 0.8714586 0.9379330 1.0631259 0.9067985 0.9158408 0.9884999 0.8876069 0.9172721 1.0177935 1.0967044 0.8048528 0.7852740 0.7634734 0.7936264 1.1668599 1.2140967 1.2199595 1.1912437 1.2594692 1.2339805 1.2369812 1.1532524 1.1944107 1.1508920 1.1385712 1.1528016 1.1647346 1.1406193 1.1160181 1.1616401 1.2286392 1.1496466 1.1866026 1.1936273 1.1640070 1.1959558 1.1871271 1.1667528 1.1937708 1.1839481 1.0977644 1.0943978 1.1595151 1.4411406 1.2118968 1.1501030 1.1728411 1.1702448 1.1356155 1.1311278 1.0974833 1.0579733 1.0403445 1.1478071 1.0032085 0.9545237 0.9349646 0.8953749 1.0613443 0.8577106 0.8738496 0.8810433 0.9524727 2.3703863 2.4313600 2.2921711 3.0706381 
C.BW.98.98BWMC14A3.AF443078            0.8397350 0.8964555 0.8581071 0.9455509 0.9638828 1.0387731 1.0647821 0.7361176 0.7287235 0.7680431 0.7729833 0.7279157 0.7217951 0.6236371 0.6754479 0.4208620 0.4868258 0.3577438 0.3734076 0.4011576 0.0000000 0.3518265 0.4043652 0.4607678 0.5074806 0.4936074 0.3376826 0.4467118 0.4305585 0.3853698 0.4046675 0.7318869 0.8778132 0.8789883 0.9189621 1.0600903 0.8932573 0.8943381 0.9800412 0.8715867 0.9001232 0.9915385 1.0758170 0.7914821 0.7737866 0.7307935 0.7977435 1.1258352 1.1733984 1.1664877 1.2056533 1.2084689 1.2034817 1.1694254 1.1132991 1.1197549 1.1091718 1.0926336 1.0855881 1.1400699 1.0857267 1.0727947 1.0953919 1.1898963 1.1117000 1.1267206 1.1479395 1.1496674 1.1716744 1.1516756 1.1534978 1.1452465 1.1284596 1.0637808 1.0782415 1.1479175 1.4071580 1.1829583 1.1252256 1.1742367 1.1505394 1.0955280 1.0957729 1.0541529 1.0215535 0.9839997 1.1115191 0.9825927 0.9330814 0.8907649 0.8735992 1.0467141 0.8219532 0.8350111 0.8548065 0.9346724 2.3045811 2.3547128 2.3366115 2.9932149 
C.ZA.99.99ZALT4.EU293444               0.8372976 0.8877108 0.8528304 0.9494592 0.9684923 1.0114765 1.0497523 0.7131154 0.7021276 0.7359330 0.7341627 0.7024228 0.6976460 0.6080779 0.6297402 0.3992239 0.4453642 0.3450417 0.3490832 0.3684257 0.3518265 0.0000000 0.3351027 0.4284660 0.4924371 0.4677375 0.3004744 0.4079265 0.4102049 0.3610691 0.3736661 0.7099674 0.8573043 0.8481840 0.8906888 1.0270774 0.8757691 0.8803760 0.9469599 0.8605973 0.8821299 1.0036579 1.0514930 0.7540902 0.7404059 0.7073593 0.7634163 1.1467277 1.1515535 1.1541550 1.1800610 1.2201270 1.2375383 1.1624644 1.1283908 1.1408673 1.1126141 1.1276110 1.1279205 1.1583044 1.1063731 1.0701922 1.1359923 1.1811920 1.1186638 1.1298041 1.1297092 1.1098483 1.1422551 1.1553331 1.1411356 1.1716705 1.1085889 1.0810485 1.0652948 1.1517460 1.4203444 1.1863782 1.1303333 1.1688512 1.1302216 1.0953120 1.0753132 1.0277068 1.0039968 0.9751920 1.0989703 0.9621553 0.9235484 0.8780089 0.8879585 1.0055020 0.8271904 0.8518896 0.8550366 0.9246531 2.3278704 2.3944426 2.3531380 2.9448722 
C.ZA.02.02ZAPS015MB1.DQ369995          0.8811277 0.9265547 0.9090629 0.9721023 0.9939929 1.0319332 1.0705257 0.7970189 0.7616874 0.7999833 0.7829685 0.7603158 0.7695111 0.6609534 0.6974199 0.4527056 0.5083136 0.4056748 0.4104531 0.4308264 0.4043652 0.3351027 0.0000000 0.4968104 0.5507062 0.5453457 0.3649153 0.4588019 0.4697172 0.4045371 0.4269154 0.7747707 0.8824883 0.8926539 0.9374877 1.0502790 0.9200316 0.9187341 1.0132742 0.9030793 0.9356701 1.0286943 1.1048252 0.8133624 0.8093265 0.7668435 0.8006166 1.1804493 1.2179973 1.2161425 1.1977474 1.2285213 1.2661921 1.2361406 1.1484185 1.1673711 1.1396724 1.1431625 1.1477426 1.1683332 1.1219761 1.1008860 1.1508006 1.2213658 1.1398393 1.1784289 1.1636379 1.1391393 1.1771590 1.1867621 1.1884881 1.1843257 1.1698463 1.1477359 1.1068910 1.1804129 1.4706181 1.2124801 1.1519761 1.1947135 1.1713139 1.0920933 1.1444091 1.0818513 1.0607645 1.0120583 1.1016082 1.0235399 0.9537552 0.9301317 0.9097874 1.0676918 0.8778633 0.8913298 0.8996074 0.9835819 2.4226106 2.4450133 2.3535245 3.0639990 
C.GB.14.13659_1_48.3.MF109437          0.9093027 0.9696851 0.9456799 1.0103917 1.0634847 1.1158662 1.1332776 0.7879121 0.7795993 0.8139519 0.8020841 0.7948905 0.7781433 0.6924244 0.7251532 0.4904801 0.5540281 0.4455361 0.4639479 0.4896984 0.4607678 0.4284660 0.4968104 0.0000000 0.5465350 0.5336173 0.4114820 0.5058361 0.5046115 0.4500210 0.4710892 0.7936279 0.9287003 0.9383788 0.9455631 1.1081935 0.9460257 0.9644742 1.0497140 0.9142416 0.9556136 1.0764805 1.1394950 0.8290826 0.8448346 0.7875472 0.8585484 1.2055810 1.2130229 1.2205906 1.2340867 1.2896391 1.2787739 1.2641812 1.1785961 1.2076222 1.1773621 1.1785656 1.1902557 1.2053031 1.1459449 1.1319319 1.1744518 1.2713165 1.1930667 1.1856373 1.2263262 1.2015186 1.2225973 1.2076989 1.2113960 1.2227086 1.1818054 1.1552735 1.1395729 1.2317050 1.4733904 1.2430094 1.1572643 1.2195823 1.1908677 1.1607902 1.1535669 1.1287227 1.0860145 1.0563585 1.1733062 1.0455175 0.9885977 0.9666744 0.9522575 1.1326904 0.9082869 0.9131470 0.9340970 0.9937587 2.4729393 2.4609230 2.4543949 3.1129632 
BC.CN.07.07CNYN340.KF835526            0.9809617 1.0171932 0.9849926 1.0349852 1.0922760 1.1539364 1.1491094 0.8503108 0.8206153 0.8832589 0.8698009 0.8498188 0.8329505 0.7594937 0.7719612 0.5325129 0.6139130 0.5037215 0.5213283 0.5356009 0.5074806 0.4924371 0.5507062 0.5465350 0.0000000 0.4137742 0.4660663 0.5461670 0.5535420 0.4971518 0.5004748 0.8574130 0.9813073 0.9888307 1.0171294 1.1554240 1.0153008 1.0088814 1.1002338 0.9883737 1.0179536 1.0931652 1.1668898 0.9003939 0.8959604 0.8290562 0.9150241 1.2887388 1.2851130 1.2970300 1.3250314 1.3141033 1.3235337 1.2884064 1.2413706 1.2539701 1.2141643 1.2246331 1.2437217 1.2413118 1.2083640 1.2067902 1.2720662 1.3037826 1.2324414 1.2558065 1.2721133 1.2695014 1.2925398 1.2838053 1.2767227 1.2885613 1.2388177 1.2284446 1.1948443 1.2708308 1.5190461 1.3224741 1.2281488 1.2692918 1.2652058 1.1928301 1.2174055 1.1867820 1.2015475 1.1252677 1.2136045 1.1019023 1.0407646 1.0129840 0.9951272 1.1648170 0.9798046 0.9790119 0.9823455 1.0372196 2.4879140 2.4741161 2.4169318 3.0727725 
85_BC.CN.14.14CN_SCYB4.KU992932        0.9534239 0.9885149 0.9525675 1.0430592 1.0969679 1.1424756 1.1976840 0.8418706 0.8288390 0.8670609 0.8711299 0.8420070 0.8273938 0.7317587 0.7645933 0.5279323 0.5977876 0.4840943 0.5009581 0.5150504 0.4936074 0.4677375 0.5453457 0.5336173 0.4137742 0.0000000 0.4394084 0.5350952 0.5437040 0.4951277 0.5048448 0.8365379 0.9585826 0.9565652 0.9913987 1.1396979 0.9519566 0.9909609 1.0729378 0.9611975 0.9966215 1.0928186 1.1705300 0.9004260 0.8947105 0.8641377 0.9265816 1.2247697 1.2639525 1.2704574 1.2789859 1.2941821 1.3176879 1.2863332 1.2059047 1.2558281 1.1992441 1.2054979 1.2030779 1.2500080 1.1694085 1.1438528 1.2328365 1.2987519 1.2304121 1.2487487 1.2630057 1.2428013 1.2668899 1.2632500 1.2551675 1.2433348 1.2206862 1.1825474 1.1830056 1.2513108 1.5124380 1.2961265 1.2059433 1.2673938 1.2419969 1.1840923 1.1932671 1.1638826 1.1605788 1.1048214 1.2790553 1.0909854 1.0214843 1.0214372 1.0027024 1.1526250 0.9508362 0.9586552 0.9876040 1.0369340 2.5090676 2.5143405 2.4119291 3.1860339 
C.BW.00.00BW076820.AF443089            0.7832474 0.8409579 0.7853477 0.8814891 0.9117880 0.9857725 0.9969914 0.6910319 0.6629488 0.6933249 0.7143969 0.6800152 0.6731495 0.5760746 0.6052396 0.3548385 0.4239351 0.3285028 0.3395829 0.3620366 0.3376826 0.3004744 0.3649153 0.4114820 0.4660663 0.4394084 0.0000000 0.3789212 0.3769980 0.3295900 0.3487028 0.6758552 0.8127196 0.8115069 0.8695196 0.9715883 0.8431287 0.8241637 0.9235294 0.8259492 0.8320328 0.9443107 1.0191293 0.7245705 0.7264511 0.6763312 0.7153978 1.0647351 1.1038323 1.0676501 1.1084477 1.1608245 1.1636721 1.1093813 1.0626734 1.0794249 1.0663962 1.0575784 1.0550161 1.0970795 1.0407280 1.0093869 1.0641772 1.1282878 1.0604023 1.0809778 1.0598173 1.0808841 1.1010354 1.1057580 1.0935561 1.0880635 1.0585368 1.0148465 0.9916665 1.0873430 1.3204687 1.1191035 1.0537775 1.0948051 1.0676492 1.0077674 1.0282485 0.9918824 0.9729125 0.9264659 1.0562341 0.9194481 0.8810748 0.8229314 0.8091652 1.0039953 0.7696261 0.7718930 0.7936341 0.8624629 2.2634265 2.3197134 2.2578496 3.0190171 
C.ZA.04.04ZASK170B1.DQ093595           0.8617572 0.9316946 0.8787781 0.9532370 0.9925091 1.0468176 1.0813520 0.7541305 0.7260301 0.7725108 0.7572477 0.7267924 0.7222580 0.6384322 0.6931992 0.4351373 0.4838101 0.4271788 0.4478831 0.4587968 0.4467118 0.4079265 0.4588019 0.5058361 0.5461670 0.5350952 0.3789212 0.0000000 0.3555180 0.3105225 0.3714735 0.7613212 0.8685745 0.8812855 0.9111269 1.0538867 0.9086871 0.8866624 0.9753350 0.8735719 0.8984106 0.9899287 1.0933862 0.7947774 0.7842708 0.7516920 0.7980832 1.1367617 1.1625746 1.1347928 1.1413386 1.1926763 1.1767682 1.1592443 1.1084966 1.1431434 1.1190722 1.1264204 1.1368118 1.1299897 1.0832659 1.0755106 1.1296960 1.1993282 1.1028772 1.1537730 1.1602982 1.1320988 1.1580835 1.1562513 1.1299356 1.1501388 1.1042416 1.0704853 1.0770492 1.1304444 1.3928202 1.1757890 1.1160965 1.1535792 1.1481427 1.0764168 1.0905313 1.0425875 1.0285224 1.0004626 1.1017337 0.9786147 0.9688023 0.9010007 0.9052662 1.0578617 0.8548130 0.8678731 0.8753061 0.9574324 2.4395531 2.4112924 2.3486340 3.0786567 
C.TZ.02.CO6721.AY734560                0.8406090 0.8950521 0.8645790 0.9424112 0.9976865 1.0446611 1.0656557 0.7387265 0.7310624 0.7635938 0.7790178 0.7225177 0.7267758 0.6366511 0.6781209 0.4363076 0.4881340 0.4197500 0.4301214 0.4621302 0.4305585 0.4102049 0.4697172 0.5046115 0.5535420 0.5437040 0.3769980 0.3555180 0.0000000 0.2542998 0.3560039 0.7503074 0.8790710 0.8915787 0.9108447 1.0476018 0.9040178 0.9088251 1.0018098 0.8814043 0.9049936 1.0189648 1.0774698 0.7872974 0.7853123 0.7364227 0.7962778 1.1602960 1.1967471 1.1680210 1.1670159 1.1985017 1.2184092 1.2294711 1.1368638 1.1596178 1.1378818 1.1342192 1.1440619 1.1661892 1.1116980 1.0969649 1.1164159 1.1907452 1.1252502 1.1683213 1.1652167 1.1772223 1.2041363 1.1952364 1.1559357 1.2035884 1.1156411 1.0960646 1.0982548 1.1700985 1.4053454 1.1806935 1.1525952 1.1881959 1.1694010 1.1154795 1.1145499 1.0459338 1.0294074 1.0050067 1.1149773 0.9784392 0.9464114 0.9003291 0.8699231 1.0426820 0.8513624 0.8586808 0.8698316 0.9372523 2.4048791 2.4155731 2.3085735 3.0475360 
C.TZ.01.BD39_8.AY253313                0.7856455 0.8374372 0.8340537 0.8929643 0.9311492 1.0012945 1.0259043 0.7004787 0.6740703 0.7148894 0.7192737 0.6799947 0.6890208 0.5900852 0.6315591 0.3676281 0.4325330 0.3729181 0.3849055 0.4095113 0.3853698 0.3610691 0.4045371 0.4500210 0.4971518 0.4951277 0.3295900 0.3105225 0.2542998 0.0000000 0.3130235 0.6999772 0.8245596 0.8377180 0.8578750 1.0025925 0.8670128 0.8462997 0.9219394 0.8351455 0.8424354 0.9396774 1.0358367 0.7413267 0.7391126 0.6897514 0.7398434 1.1226978 1.1366212 1.0968999 1.1291117 1.1343377 1.1730588 1.1371695 1.0745097 1.0882566 1.0502198 1.0715232 1.0630652 1.0836480 1.0414298 1.0138862 1.0746387 1.1441793 1.0692367 1.0883503 1.0862954 1.1054495 1.1176166 1.0909277 1.0988780 1.1226842 1.0623061 1.0239518 1.0218236 1.0731652 1.3189433 1.1510078 1.0770828 1.0959340 1.0968989 1.0285061 1.0428399 0.9943658 0.9972484 0.9500601 1.0502081 0.9428766 0.8997317 0.8471940 0.8185708 0.9988315 0.8037970 0.7985241 0.8202826 0.8975005 2.3374927 2.3141077 2.2460385 3.0045195 
C.ZA.03.03ZAPS067MB2.DQ396389          0.8057240 0.8653983 0.8395930 0.9082446 0.9336116 0.9874875 1.0203484 0.7151372 0.6949156 0.7245338 0.7315729 0.6880147 0.7058623 0.6036987 0.6311610 0.3843388 0.4405250 0.3854933 0.4047171 0.4303113 0.4046675 0.3736661 0.4269154 0.4710892 0.5004748 0.5048448 0.3487028 0.3714735 0.3560039 0.3130235 0.0000000 0.6982545 0.8463608 0.8518694 0.8849523 0.9956032 0.8921307 0.8767541 0.9505588 0.8561367 0.8948634 0.9828822 1.0516996 0.7566527 0.7555434 0.7056589 0.7589559 1.1121720 1.1371993 1.1475120 1.1668367 1.1647963 1.2054157 1.1535087 1.0977753 1.1176724 1.1147687 1.1099780 1.1022949 1.1347199 1.0687010 1.0376599 1.1106222 1.1659307 1.0961215 1.1017924 1.1124532 1.1063395 1.1438026 1.1270906 1.1164475 1.1364331 1.1001496 1.0643684 1.0346516 1.1101703 1.3895458 1.1371623 1.0905740 1.1209066 1.1194704 1.0731284 1.0464613 1.0281989 1.0062278 0.9868947 1.1030246 0.9512012 0.8970408 0.8690689 0.8278056 1.0096162 0.7928566 0.8147884 0.8450581 0.9085945 2.3814021 2.3906392 2.3352487 3.1073495 
A1D.UG.99.99UGJ21953.AF484496          0.5633497 0.6049057 0.5853247 0.6565086 0.7154224 0.7446292 0.7612860 0.4613434 0.4271643 0.4729851 0.4838650 0.4297560 0.4307286 0.5034668 0.7664035 0.7184450 0.7714886 0.7257331 0.7535608 0.7672726 0.7318869 0.7099674 0.7747707 0.7936279 0.8574130 0.8365379 0.6758552 0.7613212 0.7503074 0.6999772 0.6982545 0.0000000 0.5825509 0.5801513 0.6293294 0.7657520 0.6012787 0.6117809 0.6911217 0.5901357 0.6275541 0.7323767 0.8253440 0.4996369 0.4960324 0.4575830 0.5147024 0.8312246 0.8453759 0.8721769 0.9006287 0.8752962 0.8975541 0.8952378 0.8278804 0.8587807 0.8271817 0.8333699 0.8412764 0.8501695 0.8136363 0.7912254 0.8591887 0.9295769 0.8724925 0.8404447 0.8804780 0.8696335 0.8743833 0.8765415 0.8719591 0.8914989 0.8431414 0.8064155 0.8061070 0.8639599 1.0964015 0.8875753 0.8315280 0.9070218 0.8657106 0.7968585 0.8048488 0.8181800 0.7497771 0.7065182 0.8473582 0.7204024 0.6575700 0.6265292 0.5955324 0.7931229 0.5646609 0.5546206 0.5748321 0.6386281 2.2093202 2.2247468 2.1457646 2.7218253 
01_AE.CN.02.YN0236.JX112866            0.6162333 0.6619587 0.6542333 0.6977190 0.7852246 0.7947619 0.8530666 0.5597237 0.5491267 0.5692003 0.5935307 0.5401430 0.5327637 0.6036181 0.8829610 0.8575467 0.9192157 0.8514069 0.8451930 0.8568329 0.8778132 0.8573043 0.8824883 0.9287003 0.9813073 0.9585826 0.8127196 0.8685745 0.8790710 0.8245596 0.8463608 0.5825509 0.0000000 0.1531259 0.1998845 0.3602867 0.2028429 0.2008230 0.2892616 0.2154502 0.2445275 0.4674588 0.5543365 0.4240331 0.5269623 0.4952163 0.5724119 0.8988825 0.9148173 0.9183245 0.9863290 0.9659975 0.9824593 0.9397696 0.8859095 0.9213999 0.8938712 0.8889956 0.9186781 0.9115134 0.8717698 0.8603834 0.9266012 0.9636088 0.9167870 0.9128073 0.9459065 0.9293843 0.9312318 0.9311811 0.9264812 0.9152242 0.8965463 0.8762177 0.8724364 0.9291620 1.1800564 0.9772922 0.9026084 0.9680720 0.9185437 0.8652263 0.8668564 0.8433867 0.8180716 0.7739595 0.8708111 0.7835326 0.7155420 0.6776865 0.6514796 0.8304418 0.6132684 0.6184469 0.6335066 0.7078234 2.1180724 2.1403274 2.0807521 2.7777574 
01_AE.TH.99.99TH_C4460.AY945726        0.6270285 0.6697751 0.6680372 0.6986823 0.7884778 0.7882495 0.8572731 0.5662123 0.5604990 0.5830252 0.6056115 0.5505350 0.5433430 0.6232123 0.8823192 0.8538708 0.9265427 0.8591976 0.8636620 0.8714586 0.8789883 0.8481840 0.8926539 0.9383788 0.9888307 0.9565652 0.8115069 0.8812855 0.8915787 0.8377180 0.8518694 0.5801513 0.1531259 0.0000000 0.1986740 0.3719195 0.2015873 0.2092303 0.2954912 0.2170177 0.2465935 0.4633548 0.5599893 0.4385020 0.5440395 0.5053998 0.5777642 0.9059459 0.9122430 0.9402297 0.9894421 0.9724783 0.9686852 0.9501099 0.8930251 0.9158391 0.9084869 0.8851997 0.9266611 0.9145726 0.8791860 0.8530579 0.9328465 0.9785877 0.9471604 0.9273610 0.9521248 0.9270949 0.9344121 0.9602266 0.9191378 0.9358390 0.8940809 0.8902033 0.8826951 0.9403733 1.1782297 0.9685846 0.9084504 0.9686230 0.9122548 0.8747704 0.8745624 0.8489991 0.8220512 0.7888707 0.8797752 0.7918024 0.7263948 0.6813870 0.6614519 0.8349973 0.6155464 0.6198314 0.6462198 0.7084442 2.1069776 2.1321721 2.1336346 2.7123830 
01_AE.CN.07.GX070143.JX112835          0.6606992 0.7122625 0.6825431 0.7484058 0.8320875 0.8375837 0.8907259 0.6004184 0.5926391 0.6080890 0.6188728 0.5848666 0.5950018 0.6624078 0.9153119 0.8948893 0.9674691 0.8892759 0.8963189 0.9379330 0.9189621 0.8906888 0.9374877 0.9455631 1.0171294 0.9913987 0.8695196 0.9111269 0.9108447 0.8578750 0.8849523 0.6293294 0.1998845 0.1986740 0.0000000 0.4033299 0.2412742 0.2417713 0.3229374 0.2529840 0.2862839 0.5185619 0.6069881 0.4770908 0.5672593 0.5435555 0.6186346 0.9603790 0.9556889 0.9704799 1.0421229 1.0196660 1.0214650 0.9808057 0.9356667 0.9739705 0.9382808 0.9459982 0.9588589 0.9385740 0.9079571 0.8779678 0.9517720 1.0023817 0.9584380 0.9463261 0.9875567 0.9680305 0.9688580 0.9834454 0.9770403 0.9624038 0.9296760 0.9259878 0.9210226 0.9777278 1.2166407 1.0044382 0.9396358 0.9921758 0.9670454 0.9133640 0.8934859 0.8944375 0.8491052 0.8170673 0.9110707 0.8250162 0.7686477 0.7179778 0.6973548 0.8866008 0.6685155 0.6618857 0.6979383 0.7465977 2.1932078 2.1930521 2.1263817 2.8128056 
69_01B.JP.05.05JPMYC113SP420.LC027100  0.7945201 0.8534336 0.8273263 0.8802947 0.9420226 0.9750290 1.0241900 0.7307976 0.7295969 0.7605803 0.7729847 0.7385575 0.7221701 0.8178826 1.0780942 1.0038822 1.0602607 1.0395959 1.0377756 1.0631259 1.0600903 1.0270774 1.0502790 1.1081935 1.1554240 1.1396979 0.9715883 1.0538867 1.0476018 1.0025925 0.9956032 0.7657520 0.3602867 0.3719195 0.4033299 0.0000000 0.3932064 0.4039542 0.4810653 0.3984063 0.4404638 0.6595504 0.7335884 0.6183253 0.7084321 0.7045978 0.7514229 1.0625104 1.0728222 1.0851375 1.1749289 1.1380867 1.1442620 1.0801618 1.0873252 1.0881961 1.0412853 1.0579816 1.0713965 1.0621831 1.0199033 0.9954095 1.0849750 1.1506617 1.1121453 1.0734744 1.1139783 1.0947208 1.0906235 1.1045043 1.0988961 1.0998872 1.0544689 0.9970700 1.0460119 1.0970271 1.3520847 1.1181952 1.0592477 1.0812921 1.0825983 1.0148858 1.0283462 1.0241194 0.9700696 0.9470269 1.0433314 0.9624522 0.9089823 0.8673060 0.8306798 1.0437573 0.8179645 0.7903379 0.8290244 0.9061001 2.3304125 2.3496328 2.3035178 2.9397849 
01_AE.TH.07.AA030a04.JX447057          0.6544548 0.6840335 0.6692914 0.7168671 0.7981815 0.8028984 0.8682108 0.5910374 0.5809431 0.5993209 0.6140958 0.5714480 0.5587393 0.6471635 0.8970309 0.8852645 0.9498884 0.8844086 0.8889439 0.9067985 0.8932573 0.8757691 0.9200316 0.9460257 1.0153008 0.9519566 0.8431287 0.9086871 0.9040178 0.8670128 0.8921307 0.6012787 0.2028429 0.2015873 0.2412742 0.3932064 0.0000000 0.2278238 0.3192776 0.2489367 0.2730529 0.5052751 0.5754230 0.4595656 0.5496466 0.5318216 0.5931275 0.9273393 0.9225324 0.9448348 0.9818823 0.9707531 1.0044012 0.9460644 0.9114748 0.9157295 0.9138804 0.8948109 0.9206667 0.9142447 0.8768388 0.8479530 0.9200681 0.9936494 0.9401422 0.9388874 0.9545362 0.9329261 0.9311540 0.9607075 0.9353226 0.9357619 0.9093132 0.8761085 0.9009472 0.9670027 1.1887382 0.9867250 0.9263298 0.9711724 0.9485582 0.8773002 0.8741140 0.8760007 0.8412950 0.7928521 0.8873724 0.8138605 0.7427530 0.7138217 0.6868821 0.8628810 0.6585763 0.6437348 0.6840133 0.7330685 2.1698932 2.1771924 2.0502036 2.7150644 
01_AE.CN.07.07CNYN326.KF835513         0.6585681 0.6973153 0.6790532 0.7212173 0.8080188 0.8175152 0.8872397 0.5858566 0.5705844 0.6088787 0.6275575 0.5823327 0.5651515 0.6386695 0.9071084 0.8572891 0.9505654 0.8892081 0.8762365 0.9158408 0.8943381 0.8803760 0.9187341 0.9644742 1.0088814 0.9909609 0.8241637 0.8866624 0.9088251 0.8462997 0.8767541 0.6117809 0.2008230 0.2092303 0.2417713 0.4039542 0.2278238 0.0000000 0.3226081 0.2411642 0.2705233 0.5003588 0.5805815 0.4635562 0.5713569 0.5437940 0.6076335 0.9387521 0.9446856 0.9643832 1.0045371 0.9968391 1.0012196 0.9642355 0.9198676 0.9358723 0.9160329 0.9120919 0.9204438 0.9267795 0.8892923 0.8676752 0.9439290 0.9661908 0.9744114 0.9547252 0.9364830 0.9347174 0.9357151 0.9604298 0.9581865 0.9393914 0.9179633 0.8932044 0.8952059 0.9495048 1.2023470 1.0039325 0.9303899 0.9727135 0.9585875 0.9006046 0.8868406 0.8787598 0.8433505 0.8076329 0.9124161 0.8001967 0.7583462 0.7079485 0.6900006 0.8826119 0.6668871 0.6471616 0.6790848 0.7526538 2.1383571 2.1583352 2.0969298 2.7384004 
