93
RESTV_M.fas-tc_USA_89_Philippines89-Pennsylvania_NC_004161 0.0000000 0.0249039 0.0311764 2.0129268 1.9938226 1.7782518 1.7790103 1.7810581 1.7784726 1.7816732 1.7863058 1.7826223 1.7889603 1.7856916 1.7867404 1.7859750 1.7830777 1.7830777 1.7865155 1.7871767 1.7875456 1.7870910 1.7880165 1.7880131 1.7910622 1.7884271 1.7894880 1.7892200 1.7890061 1.7884140 1.7909803 1.7904436 1.7899561 1.7900125 1.7900125 1.7902037 1.7902037 1.7898223 1.7897851 1.7895295 1.7907467 1.7903514 1.7903514 1.7903939 1.7896096 1.7902194 1.7907769 1.7910104 1.7911786 1.7916103 1.7926578 1.7926578 1.7922527 1.7903079 1.7908646 1.7918594 1.7903720 1.7893517 1.7896972 1.7896972 1.7905442 1.7912989 1.7921946 1.7921946 1.7901742 1.7889204 1.7913477 1.7900023 1.7909210 1.7901053 1.7918558 1.7904445 1.7934139 1.7929269 1.7895048 1.7918644 1.7918277 1.7900578 1.7909098 1.7939621 1.7897746 1.7871560 1.7860498 1.7872514 1.7870164 1.7910195 1.7908425 1.7915189 1.7909109 1.7903863 1.7938763 1.7884782 1.7880538 
RESTV_S.dom-tc_PHL_08_Reston08-A_FJ621583                  0.0249039 0.0000000 0.0493405 2.0184290 2.0177963 1.7857612 1.7865235 1.7885848 1.7859827 1.7876035 1.7920916 1.7887371 1.7946878 1.7961751 1.7972366 1.7961492 1.7935498 1.7935498 1.7970114 1.7976780 1.7980422 1.7975873 1.7994697 1.7994613 1.8015809 1.7989294 1.7995843 1.7997277 1.7991018 1.7989204 1.8014979 1.8009604 1.8004681 1.8005243 1.8005243 1.8007153 1.8007153 1.8003340 1.8002968 1.8000409 1.8012633 1.8008634 1.8008634 1.8009055 1.8001162 1.8007310 1.8018007 1.8015279 1.8016969 1.8021336 1.8031878 1.8031878 1.8027815 1.8008205 1.8013777 1.8023774 1.8008824 1.7998593 1.8002041 1.8002041 1.8011046 1.8018164 1.8027237 1.8027237 1.8021532 1.8014129 1.8020473 1.8005133 1.8013942 1.8006165 1.8023740 1.8005783 1.8039480 1.8034566 1.8005223 1.8043655 1.8028568 1.8010761 1.8019335 1.8044962 1.8002852 1.7974373 1.7963257 1.7975324 1.7972967 1.8013237 1.8009493 1.8020403 1.8014289 1.8008997 1.8044112 1.7976899 1.7972660 
RESTV_S.dom-xx_PHL_08_Reston08-C_FJ621584                  0.0311764 0.0493405 0.0000000 2.0032792 2.0006819 1.7804923 1.7812529 1.7835133 1.7807575 1.7802885 1.7834231 1.7810696 1.7841515 1.7885272 1.7897560 1.7889900 1.7880592 1.7880592 1.7895309 1.7901941 1.7905620 1.7906264 1.7905082 1.7905037 1.7940876 1.7914458 1.7925092 1.7922408 1.7920268 1.7914338 1.7940054 1.7934680 1.7929788 1.7930351 1.7930351 1.7932264 1.7932264 1.7928448 1.7927993 1.7925516 1.7923105 1.7933744 1.7933744 1.7934167 1.7926304 1.7932421 1.7943200 1.7940354 1.7942040 1.7946375 1.7956877 1.7956877 1.7952820 1.7933310 1.7940860 1.7948852 1.7919348 1.7923726 1.7927182 1.7927182 1.7936122 1.7943242 1.7952239 1.7952239 1.7946584 1.7934010 1.7943749 1.7930247 1.7939456 1.7933772 1.7948817 1.7934684 1.7964455 1.7959569 1.7930450 1.7954106 1.7953732 1.7935987 1.7942552 1.7969942 1.7927967 1.7901693 1.7890606 1.7902646 1.7900293 1.7940449 1.7933478 1.7945022 1.7939360 1.7935419 1.7967108 1.7942970 1.7942600 
TAFV_H.sap-tc_CIV_94_Pauleoula-CI_NC_014372                2.0129268 2.0184290 2.0032792 0.0000000 0.7653065 1.2938180 1.2933426 1.2938624 1.2908329 1.3114048 1.3118466 1.3104688 1.3079118 1.3196718 1.3200190 1.3176690 1.3203738 1.3203738 1.3192719 1.3187377 1.3196450 1.3196867 1.3187092 1.3178255 1.3212063 1.3193143 1.3190334 1.3188930 1.3194174 1.3195509 1.3208030 1.3204712 1.3199619 1.3202026 1.3202026 1.3203848 1.3203848 1.3203848 1.3200008 1.3202045 1.3206726 1.3198554 1.3198554 1.3202026 1.3193680 1.3206566 1.3196760 1.3203118 1.3215128 1.3211362 1.3216539 1.3216539 1.3215134 1.3204830 1.3201182 1.3191134 1.3189369 1.3205489 1.3212801 1.3212801 1.3210685 1.3203926 1.3198888 1.3198888 1.3206524 1.3201916 1.3196848 1.3193329 1.3217751 1.3200779 1.3199637 1.3204804 1.3209240 1.3208916 1.3189979 1.3190392 1.3201358 1.3204966 1.3201009 1.3218677 1.3190549 1.3206658 1.3209931 1.3214068 1.3214038 1.3195744 1.3197224 1.3197490 1.3205926 1.3216435 1.3190277 2.1518067 2.1515434 
BDBV_H.sap-xx_COD_12_EboBund-122_KC545395                  1.9938226 2.0177963 2.0006819 0.7653065 0.0000000 1.2530749 1.2526421 1.2535644 1.2522421 1.2646642 1.2643512 1.2647961 1.2616410 1.2818216 1.2794862 1.2793915 1.2819284 1.2819284 1.2813232 1.2810938 1.2807495 1.2808088 1.2802970 1.2798746 1.2810309 1.2805905 1.2805859 1.2814070 1.2818555 1.2816472 1.2815790 1.2819545 1.2814640 1.2814617 1.2814617 1.2812904 1.2812904 1.2816419 1.2817001 1.2816342 1.2819294 1.2817542 1.2817542 1.2816396 1.2813061 1.2814901 1.2819267 1.2824138 1.2825551 1.2823534 1.2828456 1.2828456 1.2830570 1.2815151 1.2817538 1.2821072 1.2806821 1.2818534 1.2808436 1.2808436 1.2822584 1.2819506 1.2808625 1.2808625 1.2824646 1.2822273 1.2814571 1.2815240 1.2837095 1.2809183 1.2833516 1.2820143 1.2827568 1.2821025 1.2814278 1.2828685 1.2808791 1.2818676 1.2823243 1.2824488 1.2809389 1.2820127 1.2820773 1.2814790 1.2814778 1.2816673 1.2804155 1.2819149 1.2811049 1.2821772 1.2821553 2.1034428 2.1029873 
EBOV_H.sap-tc_COD_07_1Luebo_KC242786                       1.7782518 1.7857612 1.7804923 1.2938180 1.2530749 0.0000000 0.0000509 0.0003561 0.0004579 0.0250891 0.0256591 0.0234889 0.0210821 0.0332230 0.0325987 0.0321475 0.0316570 0.0316570 0.0314816 0.0316513 0.0313701 0.0314812 0.0323189 0.0323183 0.0323418 0.0320519 0.0322198 0.0317739 0.0323307 0.0322745 0.0323972 0.0323419 0.0323407 0.0322300 0.0322300 0.0322855 0.0322855 0.0322855 0.0322857 0.0323404 0.0322859 0.0323411 0.0323411 0.0324513 0.0323976 0.0324522 0.0325627 0.0324525 0.0325194 0.0323491 0.0324613 0.0324613 0.0326280 0.0325655 0.0325068 0.0325636 0.0325124 0.0324525 0.0325081 0.0325081 0.0325639 0.0326245 0.0325666 0.0325666 0.0326231 0.0327887 0.0325100 0.0325737 0.0326296 0.0326232 0.0327919 0.0327301 0.0326840 0.0326247 0.0329570 0.0332915 0.0330072 0.0330080 0.0331179 0.0327357 0.0323318 0.0325096 0.0324552 0.0323989 0.0323435 0.0324003 0.0326681 0.0331878 0.0330750 0.0330715 0.0328463 1.8892269 1.8893847 
EBOV_H.sap-tc_COD_07_M-M_HQ613403                          1.7790103 1.7865235 1.7812529 1.2933426 1.2526421 0.0000509 0.0000000 0.0003052 0.0004070 0.0250344 0.0256043 0.0234344 0.0210280 0.0331669 0.0325427 0.0320917 0.0316012 0.0316012 0.0314259 0.0315955 0.0313144 0.0314255 0.0322630 0.0322625 0.0322859 0.0319960 0.0321639 0.0317181 0.0322748 0.0322186 0.0323413 0.0322860 0.0322848 0.0321741 0.0321741 0.0322296 0.0322296 0.0322296 0.0322298 0.0322845 0.0322300 0.0322852 0.0322852 0.0323954 0.0323417 0.0323963 0.0325068 0.0323965 0.0324635 0.0322931 0.0324054 0.0324054 0.0325720 0.0325096 0.0324508 0.0325077 0.0324565 0.0323966 0.0324522 0.0324522 0.0325079 0.0325686 0.0325107 0.0325107 0.0325672 0.0327327 0.0324540 0.0325177 0.0325737 0.0325673 0.0327360 0.0326742 0.0326280 0.0325687 0.0329010 0.0332355 0.0329512 0.0329520 0.0330619 0.0326797 0.0322759 0.0324536 0.0323992 0.0323430 0.0322876 0.0323444 0.0326121 0.0331318 0.0330189 0.0330155 0.0327903 1.8884122 1.8885700 
EBOV_H.sap-tc_COD_07_5Luebo_KC242790                       1.7810581 1.7885848 1.7835133 1.2938624 1.2535644 0.0003561 0.0003052 0.0000000 0.0007124 0.0252574 0.0258279 0.0236560 0.0212476 0.0333933 0.0328826 0.0324310 0.0319402 0.0319402 0.0317646 0.0319344 0.0316529 0.0317642 0.0326026 0.0326020 0.0326257 0.0323354 0.0325035 0.0320573 0.0326145 0.0325582 0.0326811 0.0326258 0.0326246 0.0325138 0.0325138 0.0325694 0.0325694 0.0325694 0.0325695 0.0326243 0.0325697 0.0326249 0.0326249 0.0327352 0.0326815 0.0327361 0.0328467 0.0327364 0.0328036 0.0326330 0.0327454 0.0327454 0.0329122 0.0328496 0.0327908 0.0328477 0.0327965 0.0327365 0.0327921 0.0327921 0.0328479 0.0329087 0.0328507 0.0328507 0.0329073 0.0330729 0.0327940 0.0328578 0.0329138 0.0329074 0.0330762 0.0330143 0.0329682 0.0329088 0.0332414 0.0335762 0.0332916 0.0332924 0.0334024 0.0330200 0.0326156 0.0327936 0.0327392 0.0326828 0.0326274 0.0326843 0.0329522 0.0334725 0.0333596 0.0333561 0.0331306 1.8881997 1.8883575 
EBOV_H.sap-tc_COD_08_034-KS_HQ613402                       1.7784726 1.7859827 1.7807575 1.2908329 1.2522421 0.0004579 0.0004070 0.0007124 0.0000000 0.0254202 0.0259909 0.0238814 0.0214706 0.0336309 0.0330056 0.0325537 0.0320626 0.0320626 0.0318869 0.0320568 0.0317752 0.0318865 0.0327254 0.0327248 0.0327486 0.0324581 0.0326263 0.0321798 0.0327373 0.0326810 0.0328040 0.0327487 0.0327475 0.0326366 0.0326366 0.0326922 0.0326922 0.0326922 0.0326924 0.0327472 0.0326926 0.0327478 0.0327478 0.0328582 0.0328045 0.0328591 0.0329698 0.0328594 0.0329266 0.0327559 0.0328684 0.0328684 0.0330353 0.0329726 0.0329138 0.0329707 0.0329195 0.0328595 0.0329151 0.0329151 0.0329710 0.0330318 0.0329738 0.0329738 0.0330303 0.0331961 0.0329170 0.0329809 0.0330369 0.0330304 0.0331994 0.0331374 0.0330913 0.0330319 0.0333647 0.0336997 0.0334149 0.0334157 0.0335258 0.0331431 0.0327385 0.0329166 0.0328622 0.0328058 0.0327503 0.0328072 0.0330752 0.0335959 0.0334829 0.0334794 0.0332538 1.8919054 1.8920630 
EBOV_H.sap-xx_COD_14_Lomela-Lokolia16_KP271018             1.7816732 1.7876035 1.7802885 1.3114048 1.2646642 0.0250891 0.0250344 0.0252574 0.0254202 0.0000000 0.0016337 0.0085017 0.0139045 0.0381681 0.0374744 0.0372410 0.0366343 0.0366343 0.0364555 0.0366276 0.0363425 0.0364550 0.0373034 0.0373028 0.0373296 0.0370346 0.0372645 0.0367533 0.0374907 0.0372599 0.0373856 0.0373297 0.0373283 0.0372163 0.0372163 0.0372725 0.0372725 0.0372725 0.0372727 0.0373280 0.0372730 0.0373287 0.0373287 0.0374401 0.0373861 0.0374411 0.0375529 0.0375089 0.0375109 0.0373380 0.0374517 0.0374517 0.0376204 0.0375561 0.0376081 0.0375539 0.0375028 0.0374416 0.0374978 0.0374978 0.0375543 0.0376164 0.0375575 0.0375575 0.0376147 0.0377820 0.0374499 0.0374979 0.0376221 0.0375023 0.0377858 0.0377224 0.0375651 0.0375046 0.0378400 0.0382911 0.0380025 0.0380035 0.0380624 0.0377289 0.0373182 0.0375593 0.0375045 0.0374474 0.0373914 0.0375109 0.0377187 0.0381873 0.0380730 0.0380689 0.0378409 1.8858849 1.8860430 
EBOV_H.sap-xx_COD_14_Lomela-Lokolia17_KP271019             1.7863058 1.7920916 1.7834231 1.3118466 1.2643512 0.0256591 0.0256043 0.0258279 0.0259909 0.0016337 0.0000000 0.0091333 0.0144981 0.0385838 0.0378889 0.0376551 0.0370477 0.0370477 0.0368685 0.0370409 0.0367553 0.0368680 0.0377177 0.0377171 0.0377441 0.0374485 0.0376788 0.0371668 0.0379054 0.0376742 0.0378002 0.0377442 0.0377428 0.0376307 0.0376307 0.0376870 0.0376870 0.0376870 0.0376872 0.0377425 0.0376874 0.0377432 0.0377432 0.0378548 0.0378007 0.0378558 0.0379677 0.0379238 0.0379258 0.0377526 0.0378665 0.0378665 0.0380354 0.0379709 0.0380231 0.0379688 0.0379176 0.0378562 0.0379126 0.0379126 0.0379691 0.0380314 0.0379724 0.0379724 0.0380297 0.0381972 0.0378647 0.0379127 0.0380371 0.0379172 0.0382011 0.0381375 0.0379345 0.0378739 0.0382553 0.0387071 0.0384180 0.0384190 0.0384780 0.0381441 0.0377326 0.0379742 0.0379193 0.0378621 0.0378060 0.0379259 0.0381337 0.0386032 0.0384887 0.0384845 0.0382562 1.8862642 1.8864221 
EBOV_H.sap-tc_COD_95_Kikwit-9510621_KR867676               1.7826223 1.7887371 1.7810696 1.3104688 1.2647961 0.0234889 0.0234344 0.0236560 0.0238814 0.0085017 0.0091333 0.0000000 0.0122131 0.0361333 0.0354439 0.0352122 0.0346079 0.0346079 0.0344305 0.0346016 0.0343181 0.0344300 0.0352739 0.0352733 0.0352987 0.0350058 0.0352343 0.0347260 0.0354593 0.0352300 0.0353545 0.0352988 0.0352976 0.0351861 0.0351861 0.0352420 0.0352420 0.0352420 0.0352422 0.0352973 0.0352424 0.0352979 0.0352979 0.0354088 0.0353549 0.0354098 0.0355210 0.0354767 0.0354785 0.0353067 0.0354198 0.0354198 0.0355876 0.0355241 0.0355761 0.0355220 0.0354708 0.0354102 0.0354661 0.0354661 0.0355223 0.0355838 0.0355254 0.0355254 0.0355823 0.0357488 0.0354181 0.0354663 0.0355893 0.0354704 0.0357524 0.0356896 0.0356440 0.0355840 0.0359184 0.0361958 0.0359685 0.0359694 0.0360799 0.0356958 0.0352879 0.0355271 0.0354724 0.0354157 0.0353599 0.0354786 0.0356861 0.0361515 0.0360378 0.0360340 0.0358071 1.8893380 1.8894960 
EBOV_H.sap-tc_COD_77_Bonduni_KC242791                      1.7889603 1.7946878 1.7841515 1.3079118 1.2616410 0.0210821 0.0210280 0.0212476 0.0214706 0.0139045 0.0144981 0.0122131 0.0000000 0.0338450 0.0331093 0.0328796 0.0322786 0.0322786 0.0321031 0.0322728 0.0319915 0.0321026 0.0329405 0.0329400 0.0329638 0.0326736 0.0329522 0.0323957 0.0331757 0.0328507 0.0330192 0.0329639 0.0329627 0.0328520 0.0328520 0.0329075 0.0329075 0.0329075 0.0329077 0.0329624 0.0329079 0.0329631 0.0329631 0.0330733 0.0330196 0.0330742 0.0331847 0.0331401 0.0331417 0.0329712 0.0330835 0.0330835 0.0332502 0.0331876 0.0332395 0.0331856 0.0331345 0.0330746 0.0331301 0.0331301 0.0331859 0.0332467 0.0331887 0.0331887 0.0332452 0.0334108 0.0330819 0.0331302 0.0332518 0.0331341 0.0334141 0.0333522 0.0333062 0.0332468 0.0335792 0.0339137 0.0336292 0.0336301 0.0337400 0.0333579 0.0329536 0.0332423 0.0331879 0.0331316 0.0330762 0.0332457 0.0332895 0.0338102 0.0336973 0.0336937 0.0333558 1.8969071 1.8970643 
EBOV_H.sap-wt_GIN_14_Makona-Gueckedou-EM_080076_KR817235   1.7856916 1.7961751 1.7885272 1.3196718 1.2818216 0.0332230 0.0331669 0.0333933 0.0336309 0.0381681 0.0385838 0.0361333 0.0338450 0.0000000 0.0024502 0.0020918 0.0021949 0.0021949 0.0019899 0.0021436 0.0020922 0.0021945 0.0027577 0.0027576 0.0027598 0.0024000 0.0026562 0.0021440 0.0028614 0.0027074 0.0027600 0.0027088 0.0027087 0.0026061 0.0026061 0.0026574 0.0026574 0.0026574 0.0026574 0.0027086 0.0026574 0.0027087 0.0027087 0.0028112 0.0027600 0.0028113 0.0029138 0.0028635 0.0028636 0.0027093 0.0028120 0.0028120 0.0029659 0.0029651 0.0029650 0.0029139 0.0028629 0.0028113 0.0028626 0.0028626 0.0029139 0.0029656 0.0029141 0.0029141 0.0029655 0.0031194 0.0029145 0.0029149 0.0029662 0.0029655 0.0031713 0.0030678 0.0030173 0.0029657 0.0032736 0.0035819 0.0033244 0.0033245 0.0034271 0.0031709 0.0027593 0.0029653 0.0029140 0.0028627 0.0028114 0.0029140 0.0030668 0.0034798 0.0033769 0.0034793 0.0031192 1.9117421 1.9118983 
EBOV_H.sap-wt_GIN_14_Makona-Gueckedou-EM_079702_KR817210   1.7867404 1.7972366 1.7897560 1.3200190 1.2794862 0.0325987 0.0325427 0.0328826 0.0330056 0.0374744 0.0378889 0.0354439 0.0331093 0.0024502 0.0000000 0.0015290 0.0016317 0.0016317 0.0014271 0.0015805 0.0015292 0.0016314 0.0021935 0.0021935 0.0021952 0.0018363 0.0020921 0.0015808 0.0022968 0.0021432 0.0021954 0.0021442 0.0021442 0.0020418 0.0020418 0.0020930 0.0020930 0.0020930 0.0020930 0.0021441 0.0020930 0.0021442 0.0021442 0.0022465 0.0021954 0.0022466 0.0023489 0.0022986 0.0022986 0.0021447 0.0022472 0.0022472 0.0024008 0.0024002 0.0024001 0.0023490 0.0022981 0.0022466 0.0022978 0.0022978 0.0023490 0.0024006 0.0023492 0.0023492 0.0024005 0.0025541 0.0023495 0.0023498 0.0024011 0.0024005 0.0026058 0.0025026 0.0024521 0.0024006 0.0027080 0.0030157 0.0027588 0.0027589 0.0028613 0.0026055 0.0021948 0.0024003 0.0023491 0.0022979 0.0022467 0.0023491 0.0025018 0.0029138 0.0027084 0.0029133 0.0025539 1.9117990 1.9119554 
EBOV_H.sap-wt_GIN_14_Makona-Gueckedou-EM_079587_KR817202   1.7859750 1.7961492 1.7889900 1.3176690 1.2793915 0.0321475 0.0320917 0.0324310 0.0325537 0.0372410 0.0376551 0.0352122 0.0328796 0.0020918 0.0015290 0.0000000 0.0012229 0.0012229 0.0010179 0.0011718 0.0011198 0.0012217 0.0017842 0.0017842 0.0017855 0.0014272 0.0016827 0.0011720 0.0018872 0.0017337 0.0017857 0.0017346 0.0017345 0.0016323 0.0016323 0.0016834 0.0016834 0.0016834 0.0016834 0.0017345 0.0016834 0.0017345 0.0017345 0.0018368 0.0017857 0.0018368 0.0019391 0.0018886 0.0018886 0.0017350 0.0018373 0.0018373 0.0019908 0.0019902 0.0019902 0.0019391 0.0018882 0.0018368 0.0018880 0.0018880 0.0019391 0.0019906 0.0019393 0.0019393 0.0019905 0.0021439 0.0019395 0.0019398 0.0019910 0.0019905 0.0021955 0.0020926 0.0020420 0.0019906 0.0022976 0.0026050 0.0023484 0.0023485 0.0024508 0.0021952 0.0017852 0.0019903 0.0019392 0.0018880 0.0018369 0.0019392 0.0020919 0.0025031 0.0024005 0.0025027 0.0021438 1.9109944 1.9111507 
EBOV_H.sap-tc_GIN_14_Makona-Gueckedou-C07_KP096421         1.7830777 1.7935498 1.7880592 1.3203738 1.2819284 0.0316570 0.0316012 0.0319402 0.0320626 0.0366343 0.0370477 0.0346079 0.0322786 0.0021949 0.0016317 0.0012229 0.0000000 0.0000010 0.0004070 0.0005597 0.0006106 0.0007124 0.0013762 0.0013762 0.0013773 0.0010193 0.0012746 0.0007633 0.0014790 0.0013256 0.0013774 0.0013263 0.0013263 0.0012241 0.0012241 0.0012752 0.0012752 0.0012752 0.0012752 0.0013262 0.0012752 0.0013263 0.0013263 0.0014284 0.0013774 0.0014285 0.0015307 0.0014801 0.0014801 0.0013266 0.0014289 0.0014289 0.0015822 0.0015818 0.0015818 0.0015307 0.0014798 0.0014285 0.0014796 0.0014796 0.0015307 0.0015821 0.0015308 0.0015308 0.0015820 0.0017354 0.0015310 0.0015312 0.0015824 0.0015820 0.0017869 0.0016841 0.0016334 0.0015821 0.0018889 0.0021961 0.0019398 0.0019399 0.0020421 0.0017866 0.0013770 0.0015819 0.0015308 0.0014797 0.0014285 0.0015308 0.0016835 0.0020942 0.0019917 0.0020939 0.0017352 1.9087546 1.9089110 
EBOV_H.sap-wt_GIN_14_Makona-Gueckedou-C07_KT013256         1.7830777 1.7935498 1.7880592 1.3203738 1.2819284 0.0316570 0.0316012 0.0319402 0.0320626 0.0366343 0.0370477 0.0346079 0.0322786 0.0021949 0.0016317 0.0012229 0.0000010 0.0000000 0.0004070 0.0005597 0.0006106 0.0007124 0.0013762 0.0013762 0.0013773 0.0010193 0.0012746 0.0007633 0.0014790 0.0013256 0.0013774 0.0013263 0.0013263 0.0012241 0.0012241 0.0012752 0.0012752 0.0012752 0.0012752 0.0013262 0.0012752 0.0013263 0.0013263 0.0014284 0.0013774 0.0014285 0.0015307 0.0014801 0.0014801 0.0013266 0.0014289 0.0014289 0.0015822 0.0015818 0.0015818 0.0015307 0.0014798 0.0014285 0.0014796 0.0014796 0.0015307 0.0015821 0.0015308 0.0015308 0.0015820 0.0017354 0.0015310 0.0015312 0.0015824 0.0015820 0.0017869 0.0016841 0.0016334 0.0015821 0.0018889 0.0021961 0.0019398 0.0019399 0.0020421 0.0017866 0.0013770 0.0015819 0.0015308 0.0014797 0.0014285 0.0015308 0.0016835 0.0020942 0.0019917 0.0020939 0.0017352 1.9087546 1.9089110 
EBOV_H.sap-wt_GIN_14_Makona-Macenta-EM_079422_KR817187     1.7865155 1.7970114 1.7895309 1.3192719 1.2813232 0.0314816 0.0314259 0.0317646 0.0318869 0.0364555 0.0368685 0.0344305 0.0321031 0.0019899 0.0014271 0.0010179 0.0004070 0.0004070 0.0000000 0.0001526 0.0004070 0.0005088 0.0011718 0.0011718 0.0011727 0.0008142 0.0010702 0.0005597 0.0012744 0.0011212 0.0011728 0.0011218 0.0011217 0.0010197 0.0010197 0.0010707 0.0010707 0.0010707 0.0010707 0.0011217 0.0010707 0.0011218 0.0011218 0.0012239 0.0011729 0.0012239 0.0013260 0.0012754 0.0012754 0.0011220 0.0012242 0.0012242 0.0013775 0.0013771 0.0013771 0.0013261 0.0012751 0.0012239 0.0012750 0.0012750 0.0013261 0.0013774 0.0013262 0.0013262 0.0013773 0.0015306 0.0013263 0.0013265 0.0013776 0.0013773 0.0015820 0.0014793 0.0014286 0.0013774 0.0016840 0.0019910 0.0017349 0.0017349 0.0018371 0.0015818 0.0011725 0.0013772 0.0013261 0.0012750 0.0012240 0.0013261 0.0014788 0.0018891 0.0017866 0.0018888 0.0015305 1.9120905 1.9122467 
EBOV_H.sap-wt_GIN_14_Makona-Macenta-EM_079424_KR817189     1.7871767 1.7976780 1.7901941 1.3187377 1.2810938 0.0316513 0.0315955 0.0319344 0.0320568 0.0366276 0.0370409 0.0346016 0.0322728 0.0021436 0.0015805 0.0011718 0.0005597 0.0005597 0.0001526 0.0000000 0.0005597 0.0006615 0.0013251 0.0013251 0.0013261 0.0009683 0.0012235 0.0007124 0.0014278 0.0012745 0.0013262 0.0012751 0.0012751 0.0011729 0.0011729 0.0012240 0.0012240 0.0012240 0.0012240 0.0012751 0.0012240 0.0012751 0.0012751 0.0013772 0.0013262 0.0013773 0.0014795 0.0014289 0.0014289 0.0012754 0.0013776 0.0013776 0.0015310 0.0015306 0.0015305 0.0014795 0.0014286 0.0013773 0.0014284 0.0014284 0.0014795 0.0015308 0.0014796 0.0014796 0.0015308 0.0016841 0.0014798 0.0014800 0.0015311 0.0015308 0.0017356 0.0016328 0.0015822 0.0015309 0.0018377 0.0021448 0.0018885 0.0018886 0.0019908 0.0017354 0.0013259 0.0015307 0.0014796 0.0014284 0.0013774 0.0014796 0.0016323 0.0020428 0.0019403 0.0020425 0.0016840 1.9110023 1.9111586 
EBOV_H.sap-tc_GIN_14_Makona-Gueckedou-C05_KP096420         1.7875456 1.7980422 1.7905620 1.3196450 1.2807495 0.0313701 0.0313144 0.0316529 0.0317752 0.0363425 0.0367553 0.0343181 0.0319915 0.0020922 0.0015292 0.0011198 0.0006106 0.0006106 0.0004070 0.0005597 0.0000000 0.0001017 0.0012739 0.0012738 0.0012748 0.0009171 0.0011723 0.0006615 0.0013765 0.0012233 0.0012749 0.0012239 0.0012238 0.0011217 0.0011217 0.0011728 0.0011728 0.0011728 0.0011728 0.0012238 0.0011728 0.0012238 0.0012238 0.0013260 0.0012750 0.0013260 0.0014282 0.0013776 0.0013776 0.0012241 0.0013264 0.0013264 0.0014797 0.0014793 0.0014792 0.0014282 0.0013773 0.0013260 0.0013771 0.0013771 0.0014282 0.0014795 0.0014283 0.0014283 0.0014795 0.0016328 0.0014285 0.0014287 0.0014798 0.0014795 0.0016842 0.0015815 0.0015308 0.0014795 0.0017862 0.0020933 0.0018371 0.0018371 0.0019394 0.0016840 0.0012746 0.0014793 0.0014283 0.0013772 0.0013261 0.0014283 0.0015810 0.0019914 0.0018889 0.0019911 0.0016326 1.9104008 1.9105571 
EBOV_H.sap-wt_GIN_14_Makona-Kissidougou-C15_KT013254       1.7870910 1.7975873 1.7906264 1.3196867 1.2808088 0.0314812 0.0314255 0.0317642 0.0318865 0.0364550 0.0368680 0.0344300 0.0321026 0.0021945 0.0016314 0.0012217 0.0007124 0.0007124 0.0005088 0.0006615 0.0001017 0.0000000 0.0013759 0.0013759 0.0013770 0.0010191 0.0012744 0.0007633 0.0014787 0.0013254 0.0013771 0.0013260 0.0013260 0.0012239 0.0012239 0.0012749 0.0012749 0.0012749 0.0012749 0.0013260 0.0012749 0.0013260 0.0013260 0.0014282 0.0013771 0.0014282 0.0015304 0.0014798 0.0014798 0.0013263 0.0014286 0.0014286 0.0015819 0.0015815 0.0015815 0.0015304 0.0014795 0.0014282 0.0014793 0.0014793 0.0015304 0.0015818 0.0015305 0.0015305 0.0015817 0.0017351 0.0015308 0.0015309 0.0015821 0.0015817 0.0017865 0.0016838 0.0016331 0.0015818 0.0018886 0.0021957 0.0019394 0.0019395 0.0020417 0.0017863 0.0013768 0.0015816 0.0015305 0.0014794 0.0014283 0.0015305 0.0016832 0.0020938 0.0019913 0.0020934 0.0017349 1.9104572 1.9106135 
EBOV_H.sap-wt_GIN_14_Makona-Gueckedou-EM_079750_KR817213   1.7880165 1.7994697 1.7905082 1.3187092 1.2802970 0.0323189 0.0322630 0.0326026 0.0327254 0.0373034 0.0377177 0.0352739 0.0329405 0.0027577 0.0021935 0.0017842 0.0013762 0.0013762 0.0011718 0.0013251 0.0012739 0.0013759 0.0000000 0.0003052 0.0019392 0.0015807 0.0018363 0.0013253 0.0020409 0.0018873 0.0019394 0.0018883 0.0018882 0.0017859 0.0017859 0.0018371 0.0018371 0.0018371 0.0018371 0.0018882 0.0018371 0.0018882 0.0018882 0.0019905 0.0019394 0.0019905 0.0020928 0.0020424 0.0020424 0.0018887 0.0019911 0.0019911 0.0021446 0.0021440 0.0021440 0.0020929 0.0020420 0.0019906 0.0020417 0.0020417 0.0020929 0.0021444 0.0020931 0.0020931 0.0021443 0.0022979 0.0020934 0.0020936 0.0021448 0.0021443 0.0023495 0.0022464 0.0021959 0.0021444 0.0024516 0.0027591 0.0025024 0.0025025 0.0026049 0.0023492 0.0019389 0.0021441 0.0020930 0.0020418 0.0019906 0.0020425 0.0022457 0.0026572 0.0025545 0.0026568 0.0022977 1.9109049 1.9110612 
EBOV_H.sap-wt_GIN_14_Makona-Gueckedou-EM_079910_KR817221   1.7880131 1.7994613 1.7905037 1.3178255 1.2798746 0.0323183 0.0322625 0.0326020 0.0327248 0.0373028 0.0377171 0.0352733 0.0329400 0.0027576 0.0021935 0.0017842 0.0013762 0.0013762 0.0011718 0.0013251 0.0012738 0.0013759 0.0003052 0.0000000 0.0019392 0.0015807 0.0018362 0.0013253 0.0020408 0.0018873 0.0019394 0.0018882 0.0018882 0.0017859 0.0017859 0.0018370 0.0018370 0.0018370 0.0018371 0.0018882 0.0018371 0.0018882 0.0018882 0.0019905 0.0019394 0.0019905 0.0020928 0.0020424 0.0020424 0.0018887 0.0019910 0.0019910 0.0021446 0.0021440 0.0021439 0.0020929 0.0020420 0.0019905 0.0020417 0.0020417 0.0020929 0.0021444 0.0020930 0.0020930 0.0021443 0.0022978 0.0020933 0.0020936 0.0021448 0.0021443 0.0023495 0.0022464 0.0021958 0.0021444 0.0024516 0.0027591 0.0025024 0.0025025 0.0026048 0.0023492 0.0019389 0.0021441 0.0020930 0.0020418 0.0019906 0.0020425 0.0022457 0.0026572 0.0025545 0.0026568 0.0022976 1.9115217 1.9116779 
EBOV_H.sap-wt_LBR_14_Makona-LIBR0430_KR006955              1.7910622 1.8015809 1.7940876 1.3212063 1.2810309 0.0323418 0.0322859 0.0326257 0.0327486 0.0373296 0.0377441 0.0352987 0.0329638 0.0027598 0.0021952 0.0017855 0.0013773 0.0013773 0.0011727 0.0013261 0.0012748 0.0013770 0.0019392 0.0019392 0.0000000 0.0003561 0.0006106 0.0006106 0.0008142 0.0006615 0.0007124 0.0006615 0.0006615 0.0005597 0.0005597 0.0006106 0.0006106 0.0006106 0.0006106 0.0006615 0.0006106 0.0006615 0.0006615 0.0007633 0.0007124 0.0007633 0.0008663 0.0008156 0.0008156 0.0006615 0.0007645 0.0007645 0.0009176 0.0009173 0.0009173 0.0008663 0.0008154 0.0007633 0.0008153 0.0008153 0.0008663 0.0009175 0.0008664 0.0008664 0.0009175 0.0010705 0.0008665 0.0008666 0.0009177 0.0009175 0.0011218 0.0010194 0.0009686 0.0009175 0.0012238 0.0015303 0.0012746 0.0012746 0.0013767 0.0011216 0.0007124 0.0009174 0.0008664 0.0008154 0.0007644 0.0008664 0.0010191 0.0014284 0.0013261 0.0014282 0.0010704 1.9167210 1.9168768 
EBOV_H.sap-wt_SLE_14_Makona-G3734.1_KM233055               1.7884271 1.7989294 1.7914458 1.3193143 1.2805905 0.0320519 0.0319960 0.0323354 0.0324581 0.0370346 0.0374485 0.0350058 0.0326736 0.0024000 0.0018363 0.0014272 0.0010193 0.0010193 0.0008142 0.0009683 0.0009171 0.0010191 0.0015807 0.0015807 0.0003561 0.0000000 0.0002544 0.0002544 0.0004579 0.0003052 0.0003561 0.0003052 0.0003052 0.0002035 0.0002035 0.0002544 0.0002544 0.0002544 0.0002544 0.0003052 0.0002544 0.0003052 0.0003052 0.0004070 0.0003561 0.0004070 0.0005088 0.0004579 0.0004579 0.0003052 0.0004070 0.0004070 0.0005597 0.0005597 0.0005597 0.0005088 0.0004579 0.0004070 0.0004579 0.0004579 0.0005088 0.0005597 0.0005088 0.0005088 0.0005597 0.0007124 0.0005088 0.0005088 0.0005597 0.0005597 0.0007633 0.0006615 0.0006106 0.0005597 0.0008652 0.0011722 0.0009161 0.0009161 0.0010190 0.0007633 0.0003561 0.0005597 0.0005088 0.0004579 0.0004070 0.0005088 0.0006615 0.0010704 0.0009683 0.0010702 0.0007124 1.9142989 1.9144549 
EBOV_H.sap-wt_LBR_14_Makona-EM_080065_KR817232             1.7894880 1.7995843 1.7925092 1.3190334 1.2805859 0.0322198 0.0321639 0.0325035 0.0326263 0.0372645 0.0376788 0.0352343 0.0329522 0.0026562 0.0020921 0.0016827 0.0012746 0.0012746 0.0010702 0.0012235 0.0011723 0.0012744 0.0018363 0.0018362 0.0006106 0.0002544 0.0000000 0.0005088 0.0002035 0.0005597 0.0006106 0.0005597 0.0005597 0.0004579 0.0004579 0.0005088 0.0005088 0.0005088 0.0005088 0.0005597 0.0005088 0.0005597 0.0005597 0.0006615 0.0006106 0.0006615 0.0007633 0.0007124 0.0007124 0.0005597 0.0006615 0.0006615 0.0008142 0.0008142 0.0008142 0.0007633 0.0007124 0.0006615 0.0007124 0.0007124 0.0007633 0.0008142 0.0007633 0.0007633 0.0008142 0.0009681 0.0007633 0.0007633 0.0008153 0.0008142 0.0010193 0.0009161 0.0008662 0.0008142 0.0011212 0.0014276 0.0011721 0.0011721 0.0012741 0.0010192 0.0006106 0.0006106 0.0005597 0.0005088 0.0004579 0.0004579 0.0004070 0.0013257 0.0012235 0.0013255 0.0009680 1.9154018 1.9155578 
EBOV_H.sap-wt_SLE_14_Makona-G3676.1_KM034554               1.7892200 1.7997277 1.7922408 1.3188930 1.2814070 0.0317739 0.0317181 0.0320573 0.0321798 0.0367533 0.0371668 0.0347260 0.0323957 0.0021440 0.0015808 0.0011720 0.0007633 0.0007633 0.0005597 0.0007124 0.0006615 0.0007633 0.0013253 0.0013253 0.0006106 0.0002544 0.0005088 0.0000000 0.0007124 0.0005597 0.0006106 0.0005597 0.0005597 0.0004579 0.0004579 0.0005088 0.0005088 0.0005088 0.0005088 0.0005597 0.0005088 0.0005597 0.0005597 0.0006615 0.0006106 0.0006615 0.0007633 0.0007124 0.0007124 0.0005597 0.0006615 0.0006615 0.0008142 0.0008142 0.0008142 0.0007633 0.0007124 0.0006615 0.0007124 0.0007124 0.0007633 0.0008142 0.0007633 0.0007633 0.0008142 0.0009681 0.0007633 0.0007633 0.0008153 0.0008142 0.0010193 0.0009161 0.0008662 0.0008142 0.0011212 0.0014275 0.0011720 0.0011721 0.0012741 0.0010191 0.0006106 0.0008142 0.0007633 0.0007124 0.0006615 0.0007633 0.0009161 0.0013257 0.0012235 0.0013255 0.0009670 1.9136988 1.9138549 
EBOV_H.sap-wt_LBR_14_Makona-Foya-EM_074720_KR817125        1.7890061 1.7991018 1.7920268 1.3194174 1.2818555 0.0323307 0.0322748 0.0326145 0.0327373 0.0374907 0.0379054 0.0354593 0.0331757 0.0028614 0.0022968 0.0018872 0.0014790 0.0014790 0.0012744 0.0014278 0.0013765 0.0014787 0.0020409 0.0020408 0.0008142 0.0004579 0.0002035 0.0007124 0.0000000 0.0007633 0.0008142 0.0007633 0.0007633 0.0006615 0.0006615 0.0007124 0.0007124 0.0007124 0.0007124 0.0007633 0.0007124 0.0007633 0.0007633 0.0008652 0.0008142 0.0008652 0.0009680 0.0009174 0.0009174 0.0007633 0.0008663 0.0008663 0.0010193 0.0010190 0.0010190 0.0009681 0.0009172 0.0008652 0.0009161 0.0009161 0.0009681 0.0010192 0.0009681 0.0009681 0.0010192 0.0011722 0.0009683 0.0009684 0.0010194 0.0010192 0.0012235 0.0011211 0.0010704 0.0010192 0.0013255 0.0016320 0.0013763 0.0013763 0.0014784 0.0012234 0.0008142 0.0008142 0.0007633 0.0007124 0.0006615 0.0006615 0.0006106 0.0015301 0.0014279 0.0015299 0.0011722 1.9154405 1.9155965 
EBOV_H.sap-wt_GIN_14_Makona-Gueckedou-EM_076138_KR817140   1.7884140 1.7989204 1.7914338 1.3195509 1.2816472 0.0322745 0.0322186 0.0325582 0.0326810 0.0372599 0.0376742 0.0352300 0.0328507 0.0027074 0.0021432 0.0017337 0.0013256 0.0013256 0.0011212 0.0012745 0.0012233 0.0013254 0.0018873 0.0018873 0.0006615 0.0003052 0.0005597 0.0005597 0.0007633 0.0000000 0.0006615 0.0006106 0.0006106 0.0005088 0.0005088 0.0005597 0.0005597 0.0005597 0.0005597 0.0006106 0.0005597 0.0006106 0.0006106 0.0007124 0.0006615 0.0007124 0.0008142 0.0007633 0.0007633 0.0006106 0.0007124 0.0007124 0.0008662 0.0008652 0.0008652 0.0008142 0.0007633 0.0007124 0.0007633 0.0007633 0.0008142 0.0008652 0.0008142 0.0008142 0.0008652 0.0010191 0.0008142 0.0008153 0.0008663 0.0008652 0.0010703 0.0009670 0.0009172 0.0008652 0.0011722 0.0014786 0.0012231 0.0012231 0.0013251 0.0010702 0.0006615 0.0008652 0.0008142 0.0007633 0.0007124 0.0008142 0.0009670 0.0013768 0.0012746 0.0013766 0.0010190 1.9134256 1.9135818 
EBOV_H.sap-wt_LBR_15_Makona-Liberia-DQE4_KR074998          1.7909803 1.8014979 1.7940054 1.3208030 1.2815790 0.0323972 0.0323413 0.0326811 0.0328040 0.0373856 0.0378002 0.0353545 0.0330192 0.0027600 0.0021954 0.0017857 0.0013774 0.0013774 0.0011728 0.0013262 0.0012749 0.0013771 0.0019394 0.0019394 0.0007124 0.0003561 0.0006106 0.0006106 0.0008142 0.0006615 0.0000000 0.0002544 0.0002544 0.0001526 0.0001526 0.0002035 0.0002035 0.0002035 0.0002035 0.0002544 0.0002035 0.0002544 0.0002544 0.0003561 0.0003052 0.0003561 0.0004579 0.0004070 0.0004070 0.0002544 0.0003561 0.0003561 0.0005088 0.0005088 0.0005088 0.0004579 0.0004070 0.0003561 0.0004070 0.0004070 0.0004579 0.0005088 0.0004579 0.0004579 0.0005088 0.0006615 0.0004579 0.0004579 0.0005088 0.0005088 0.0007124 0.0006106 0.0005597 0.0005088 0.0008142 0.0011198 0.0008652 0.0008652 0.0009670 0.0007124 0.0004070 0.0009175 0.0008665 0.0008154 0.0007644 0.0008665 0.0010192 0.0010179 0.0009161 0.0010179 0.0010705 1.9164307 1.9165867 
EBOV_H.sap-wt_SLE_14_Makona-G3799_KM233080                 1.7904436 1.8009604 1.7934680 1.3204712 1.2819545 0.0323419 0.0322860 0.0326258 0.0327487 0.0373297 0.0377442 0.0352988 0.0329639 0.0027088 0.0021442 0.0017346 0.0013263 0.0013263 0.0011218 0.0012751 0.0012239 0.0013260 0.0018883 0.0018882 0.0006615 0.0003052 0.0005597 0.0005597 0.0007633 0.0006106 0.0002544 0.0000000 0.0001017 0.0001017 0.0001017 0.0001526 0.0001526 0.0001526 0.0001526 0.0002035 0.0001526 0.0002035 0.0002035 0.0003052 0.0002544 0.0003052 0.0004070 0.0003561 0.0003561 0.0002035 0.0003052 0.0003052 0.0004579 0.0004579 0.0004579 0.0004070 0.0003561 0.0003052 0.0003561 0.0003561 0.0004070 0.0004579 0.0004070 0.0004070 0.0004579 0.0006106 0.0004070 0.0004070 0.0004579 0.0004579 0.0006615 0.0005597 0.0005088 0.0004579 0.0007633 0.0010689 0.0008142 0.0008142 0.0009161 0.0006615 0.0003561 0.0008664 0.0008155 0.0007644 0.0007134 0.0008154 0.0009681 0.0009670 0.0008652 0.0009670 0.0010195 1.9161992 1.9163552 
EBOV_H.sap-wt_SLE_14_Makona-G3788_KM233075                 1.7899561 1.8004681 1.7929788 1.3199619 1.2814640 0.0323407 0.0322848 0.0326246 0.0327475 0.0373283 0.0377428 0.0352976 0.0329627 0.0027087 0.0021442 0.0017345 0.0013263 0.0013263 0.0011217 0.0012751 0.0012238 0.0013260 0.0018882 0.0018882 0.0006615 0.0003052 0.0005597 0.0005597 0.0007633 0.0006106 0.0002544 0.0001017 0.0000000 0.0001017 0.0001017 0.0001526 0.0001526 0.0001526 0.0001526 0.0002035 0.0001526 0.0002035 0.0002035 0.0003052 0.0002544 0.0003052 0.0004070 0.0003561 0.0003561 0.0002035 0.0003052 0.0003052 0.0004579 0.0004579 0.0004579 0.0004070 0.0003561 0.0003052 0.0003561 0.0003561 0.0004070 0.0004579 0.0004070 0.0004070 0.0004579 0.0006106 0.0004070 0.0004070 0.0004579 0.0004579 0.0006615 0.0005597 0.0005088 0.0004579 0.0007633 0.0010689 0.0008142 0.0008142 0.0009161 0.0006615 0.0003561 0.0008664 0.0008154 0.0007644 0.0007124 0.0008154 0.0009681 0.0009670 0.0008652 0.0009670 0.0010195 1.9153868 1.9155429 
EBOV_H.sap-wt_SLE_14_Makona-G3677.2_KM034557               1.7900125 1.8005243 1.7930351 1.3202026 1.2814617 0.0322300 0.0321741 0.0325138 0.0326366 0.0372163 0.0376307 0.0351861 0.0328520 0.0026061 0.0020418 0.0016323 0.0012241 0.0012241 0.0010197 0.0011729 0.0011217 0.0012239 0.0017859 0.0017859 0.0005597 0.0002035 0.0004579 0.0004579 0.0006615 0.0005088 0.0001526 0.0001017 0.0001017 0.0000000 0.0000010 0.0000509 0.0000509 0.0000509 0.0000509 0.0001017 0.0000509 0.0001017 0.0001017 0.0002035 0.0001526 0.0002035 0.0003052 0.0002544 0.0002544 0.0001017 0.0002035 0.0002035 0.0003561 0.0003561 0.0003561 0.0003052 0.0002544 0.0002035 0.0002544 0.0002544 0.0003052 0.0003561 0.0003052 0.0003052 0.0003561 0.0005088 0.0003052 0.0003052 0.0003561 0.0003561 0.0005597 0.0004579 0.0004070 0.0003561 0.0006615 0.0009670 0.0007124 0.0007124 0.0008142 0.0005597 0.0002544 0.0007644 0.0007134 0.0006615 0.0006106 0.0007124 0.0008652 0.0008652 0.0007633 0.0008652 0.0009174 1.9156549 1.9158109 
EBOV_H.sap-wt_SLE_14_Makona-G3735.2_KM233057               1.7900125 1.8005243 1.7930351 1.3202026 1.2814617 0.0322300 0.0321741 0.0325138 0.0326366 0.0372163 0.0376307 0.0351861 0.0328520 0.0026061 0.0020418 0.0016323 0.0012241 0.0012241 0.0010197 0.0011729 0.0011217 0.0012239 0.0017859 0.0017859 0.0005597 0.0002035 0.0004579 0.0004579 0.0006615 0.0005088 0.0001526 0.0001017 0.0001017 0.0000010 0.0000000 0.0000509 0.0000509 0.0000509 0.0000509 0.0001017 0.0000509 0.0001017 0.0001017 0.0002035 0.0001526 0.0002035 0.0003052 0.0002544 0.0002544 0.0001017 0.0002035 0.0002035 0.0003561 0.0003561 0.0003561 0.0003052 0.0002544 0.0002035 0.0002544 0.0002544 0.0003052 0.0003561 0.0003052 0.0003052 0.0003561 0.0005088 0.0003052 0.0003052 0.0003561 0.0003561 0.0005597 0.0004579 0.0004070 0.0003561 0.0006615 0.0009670 0.0007124 0.0007124 0.0008142 0.0005597 0.0002544 0.0007644 0.0007134 0.0006615 0.0006106 0.0007124 0.0008652 0.0008652 0.0007633 0.0008652 0.0009174 1.9156549 1.9158109 
EBOV_H.sap-wt_SLE_14_Makona-Bonthe-G5723_1_KR105319        1.7902037 1.8007153 1.7932264 1.3203848 1.2812904 0.0322855 0.0322296 0.0325694 0.0326922 0.0372725 0.0376870 0.0352420 0.0329075 0.0026574 0.0020930 0.0016834 0.0012752 0.0012752 0.0010707 0.0012240 0.0011728 0.0012749 0.0018371 0.0018370 0.0006106 0.0002544 0.0005088 0.0005088 0.0007124 0.0005597 0.0002035 0.0001526 0.0001526 0.0000509 0.0000509 0.0000000 0.0000010 0.0001017 0.0001017 0.0001526 0.0001017 0.0001526 0.0001526 0.0002544 0.0002035 0.0001526 0.0003561 0.0003052 0.0003052 0.0001526 0.0002544 0.0002544 0.0004070 0.0004070 0.0004070 0.0003561 0.0003052 0.0002544 0.0002035 0.0002035 0.0003561 0.0004070 0.0003561 0.0003561 0.0004070 0.0005597 0.0003561 0.0003561 0.0004070 0.0004070 0.0006106 0.0005088 0.0004579 0.0004070 0.0007124 0.0010179 0.0007633 0.0007633 0.0008652 0.0006106 0.0003052 0.0008154 0.0007644 0.0007124 0.0006615 0.0007644 0.0009171 0.0009161 0.0008142 0.0008142 0.0009685 1.9154584 1.9156144 
EBOV_H.sap-wt_SLE_14_Makona-J0042_KP759711                 1.7902037 1.8007153 1.7932264 1.3203848 1.2812904 0.0322855 0.0322296 0.0325694 0.0326922 0.0372725 0.0376870 0.0352420 0.0329075 0.0026574 0.0020930 0.0016834 0.0012752 0.0012752 0.0010707 0.0012240 0.0011728 0.0012749 0.0018371 0.0018370 0.0006106 0.0002544 0.0005088 0.0005088 0.0007124 0.0005597 0.0002035 0.0001526 0.0001526 0.0000509 0.0000509 0.0000010 0.0000000 0.0001017 0.0001017 0.0001526 0.0001017 0.0001526 0.0001526 0.0002544 0.0002035 0.0001526 0.0003561 0.0003052 0.0003052 0.0001526 0.0002544 0.0002544 0.0004070 0.0004070 0.0004070 0.0003561 0.0003052 0.0002544 0.0002035 0.0002035 0.0003561 0.0004070 0.0003561 0.0003561 0.0004070 0.0005597 0.0003561 0.0003561 0.0004070 0.0004070 0.0006106 0.0005088 0.0004579 0.0004070 0.0007124 0.0010179 0.0007633 0.0007633 0.0008652 0.0006106 0.0003052 0.0008154 0.0007644 0.0007124 0.0006615 0.0007644 0.0009171 0.0009161 0.0008142 0.0008142 0.0009685 1.9154584 1.9156144 
EBOV_H.sap-wt_SLE_14_Makona-G3789.1_KM233076               1.7898223 1.8003340 1.7928448 1.3203848 1.2816419 0.0322855 0.0322296 0.0325694 0.0326922 0.0372725 0.0376870 0.0352420 0.0329075 0.0026574 0.0020930 0.0016834 0.0012752 0.0012752 0.0010707 0.0012240 0.0011728 0.0012749 0.0018371 0.0018370 0.0006106 0.0002544 0.0005088 0.0005088 0.0007124 0.0005597 0.0002035 0.0001526 0.0001526 0.0000509 0.0000509 0.0001017 0.0001017 0.0000000 0.0001017 0.0001526 0.0001017 0.0001526 0.0001526 0.0002544 0.0002035 0.0002544 0.0003561 0.0003052 0.0003052 0.0001526 0.0002544 0.0002544 0.0004070 0.0004070 0.0004070 0.0003561 0.0003052 0.0002544 0.0003052 0.0003052 0.0003561 0.0004070 0.0003561 0.0003561 0.0004070 0.0005597 0.0003561 0.0003561 0.0004070 0.0004070 0.0006106 0.0005088 0.0004579 0.0004070 0.0007124 0.0010179 0.0007633 0.0007633 0.0008652 0.0006106 0.0003052 0.0008154 0.0007644 0.0007124 0.0006615 0.0007644 0.0009171 0.0009161 0.0008142 0.0009161 0.0009685 1.9158498 1.9160058 
EBOV_H.sap-wt_SLE_14_Makona-EM110_KM233037                 1.7897851 1.8002968 1.7927993 1.3200008 1.2817001 0.0322857 0.0322298 0.0325695 0.0326924 0.0372727 0.0376872 0.0352422 0.0329077 0.0026574 0.0020930 0.0016834 0.0012752 0.0012752 0.0010707 0.0012240 0.0011728 0.0012749 0.0018371 0.0018371 0.0006106 0.0002544 0.0005088 0.0005088 0.0007124 0.0005597 0.0002035 0.0001526 0.0001526 0.0000509 0.0000509 0.0001017 0.0001017 0.0001017 0.0000000 0.0001526 0.0001017 0.0001526 0.0001526 0.0002544 0.0002035 0.0002544 0.0003561 0.0003052 0.0003052 0.0001526 0.0002544 0.0002544 0.0004070 0.0004070 0.0004070 0.0003561 0.0003052 0.0002544 0.0003052 0.0003052 0.0003561 0.0004070 0.0003561 0.0003561 0.0004070 0.0005597 0.0003561 0.0003561 0.0004070 0.0004070 0.0006106 0.0005088 0.0004579 0.0004070 0.0007124 0.0010179 0.0007633 0.0007633 0.0008652 0.0006106 0.0003052 0.0008154 0.0007644 0.0007124 0.0006615 0.0007644 0.0009171 0.0009161 0.0008142 0.0009161 0.0009685 1.9154044 1.9155604 
EBOV_H.sap-wt_SLE_14_Makona-G3818_KM233092                 1.7895295 1.8000409 1.7925516 1.3202045 1.2816342 0.0323404 0.0322845 0.0326243 0.0327472 0.0373280 0.0377425 0.0352973 0.0329624 0.0027086 0.0021441 0.0017345 0.0013262 0.0013262 0.0011217 0.0012751 0.0012238 0.0013260 0.0018882 0.0018882 0.0006615 0.0003052 0.0005597 0.0005597 0.0007633 0.0006106 0.0002544 0.0002035 0.0002035 0.0001017 0.0001017 0.0001526 0.0001526 0.0001526 0.0001526 0.0000000 0.0001526 0.0002035 0.0002035 0.0003052 0.0002544 0.0003052 0.0004070 0.0003561 0.0003561 0.0002035 0.0003052 0.0003052 0.0004579 0.0004579 0.0004579 0.0004070 0.0003561 0.0003052 0.0003561 0.0003561 0.0004070 0.0004579 0.0004070 0.0004070 0.0004579 0.0006106 0.0004070 0.0004070 0.0004579 0.0004579 0.0006615 0.0005597 0.0005088 0.0004579 0.0007633 0.0010689 0.0008142 0.0008142 0.0009161 0.0006615 0.0003561 0.0008664 0.0008154 0.0007644 0.0007124 0.0008154 0.0009681 0.0009670 0.0008652 0.0009670 0.0010195 1.9156952 1.9158512 
