100
02A1.GH.97.97GH_AG2.AB052867           0.0000000 0.3665921 0.4443043 0.5060726 0.5780981 0.5965936 0.6360831 0.5420984 0.5513959 0.5634476 0.5531632 0.5146351 0.5205412 0.5772938 0.8279199 0.7941902 0.9016566 0.8389432 0.8570513 0.8691721 0.8643934 0.8217293 0.8762956 0.9037419 0.9816401 0.9369276 0.7883662 0.8737715 0.8657954 0.8295615 0.8133360 0.5798131 0.6043730 0.6311951 0.6480439 0.8221678 0.6436348 0.6631054 0.7198431 0.6320842 0.6720745 0.7890110 0.8459569 0.5460251 0.5268621 0.4891445 0.4796032 0.7678978 0.7956109 0.8188888 0.8623103 0.8323632 0.8427281 0.8490857 0.7748529 0.8271756 0.7841849 0.8091225 0.7772097 0.8203067 0.7800341 0.7210003 0.7881147 0.8700306 0.8284748 0.8131614 0.8429243 0.8240979 0.8305148 0.8389341 0.8170867 0.8074923 0.7928617 0.7621885 0.7338314 0.8327356 1.0781123 0.8861418 0.7812236 0.8234218 0.8124534 0.7356903 0.7603294 0.7202655 0.7026582 0.6526367 0.7503600 0.6077705 0.4946181 0.4086771 0.3965241 0.5316785 0.3489255 0.3344071 0.3501206 0.4216140 1.8651012 1.9147150 1.8817015 2.6480464 
02A.CI.16.DEURF16CI011.MH078538        0.3665921 0.0000000 0.4961542 0.5624752 0.6347832 0.6729103 0.6997676 0.5795625 0.5987150 0.6176745 0.6216051 0.5556483 0.5747394 0.6392873 0.8995769 0.8942356 0.9700031 0.8972236 0.9249832 0.9194325 0.9365197 0.8781520 0.9248060 0.9553389 1.0294582 0.9708336 0.8532442 0.9374216 0.9388415 0.8917660 0.8832752 0.6310678 0.6487328 0.6685636 0.7161981 0.8507593 0.6850181 0.7181083 0.7744151 0.6819933 0.7212941 0.8087854 0.9042281 0.5925496 0.5875956 0.5377693 0.5319896 0.8313931 0.8399871 0.8691963 0.8987070 0.8732595 0.8754972 0.9042861 0.8163172 0.8650257 0.8472520 0.8635161 0.8309412 0.8517635 0.8178224 0.7665743 0.8120518 0.9165095 0.8919368 0.8617212 0.8774926 0.8645916 0.8688577 0.9023402 0.8638739 0.8660538 0.8465242 0.8076226 0.7873810 0.9065594 1.1407842 0.9185742 0.8289635 0.8524863 0.8814891 0.8051906 0.8184574 0.7577008 0.7509274 0.7099197 0.8194007 0.6496694 0.5370225 0.4644996 0.4508027 0.6014554 0.3959750 0.3882349 0.4081414 0.4674819 1.9320765 1.9422204 1.8975148 2.6924048 
AGU.CM.06.770_8.MH705142               0.4443043 0.4961542 0.0000000 0.4943111 0.5503838 0.5884112 0.6284234 0.5708611 0.5612469 0.5799301 0.5838410 0.5390923 0.5366971 0.6306482 0.8710135 0.8209661 0.9261093 0.8696118 0.9066351 0.8792376 0.9093716 0.8507239 0.9076903 0.9266250 1.0152379 0.9507623 0.8206093 0.8848142 0.8906986 0.8346452 0.8546674 0.5872774 0.6363179 0.6544060 0.6863465 0.8474754 0.6710078 0.6913229 0.7518681 0.6649452 0.6992786 0.8079683 0.8801375 0.5566192 0.5590727 0.5306478 0.5086527 0.7945575 0.8200676 0.8547955 0.8806155 0.8568048 0.8586509 0.8659473 0.7975466 0.8391400 0.8155307 0.8177861 0.8106789 0.8310257 0.7910652 0.7417184 0.8097832 0.8756228 0.8636782 0.8304525 0.8605347 0.8304406 0.8264649 0.8613656 0.8333437 0.8382458 0.8061225 0.7772639 0.7759628 0.8362166 1.1169199 0.8918667 0.8034059 0.8483650 0.8390859 0.7761158 0.7831839 0.7518806 0.7228555 0.6657936 0.8164276 0.6468923 0.5650240 0.5131867 0.4897095 0.6455071 0.4581330 0.4444931 0.4664665 0.5191899 2.0073222 2.0123385 1.9594764 2.7084054 
G.NG.92.92NG083_JV10832.U88826         0.5060726 0.5624752 0.4943111 0.0000000 0.3255773 0.3946095 0.4129286 0.6336817 0.6290750 0.6552935 0.6608473 0.6237268 0.6327324 0.6995792 0.9663483 0.9095260 0.9716200 0.9599852 0.9626048 0.9567731 0.9712092 0.9246478 0.9723784 1.0099677 1.0608278 1.0183710 0.9054388 0.9614439 0.9740249 0.9203448 0.9370777 0.6590226 0.6792236 0.7150530 0.7387382 0.8977112 0.7159544 0.7425812 0.8148711 0.7167825 0.7560017 0.8658263 0.9733458 0.6255030 0.6210789 0.5941622 0.5746009 0.8862801 0.8766727 0.9376300 0.9526473 0.9308665 0.9249983 0.9226125 0.8613619 0.9386589 0.8828046 0.8858504 0.8889484 0.9167977 0.8688383 0.8397914 0.8822520 0.9618893 0.9520205 0.8994092 0.9338637 0.9058589 0.9155565 0.9438743 0.9112498 0.9109724 0.8867368 0.8928754 0.8463499 0.9222208 1.1650639 0.9974996 0.8898569 0.9302042 0.9175519 0.8392210 0.8646943 0.8222190 0.7995144 0.7353716 0.8950083 0.7218203 0.6401355 0.5781284 0.5484351 0.7236945 0.5322583 0.5204651 0.5323972 0.5882003 2.0242544 2.0519476 2.0381472 2.8485798 
G.NG.09.09NG010261.KX389626            0.5780981 0.6347832 0.5503838 0.3255773 0.0000000 0.4604601 0.4837565 0.7050059 0.6893252 0.7039508 0.7091962 0.6791085 0.6770242 0.7477429 0.9963256 0.9661187 1.0496814 1.0061254 1.0163443 1.0477299 1.0206588 0.9881732 1.0282525 1.0485700 1.1335186 1.0735071 0.9600988 1.0149896 1.0302833 0.9796949 0.9893528 0.7166844 0.7676768 0.7985601 0.8355128 1.0126257 0.8180269 0.8316296 0.8906845 0.8026194 0.8519882 0.9567256 1.0376117 0.6866295 0.6802189 0.6625436 0.6292734 0.9500550 0.9514953 0.9894747 1.0043545 0.9936787 0.9859780 1.0075251 0.9057763 0.9954217 0.9541270 0.9529110 0.9655078 0.9727526 0.9596448 0.9004310 0.9496867 1.0325589 0.9854065 0.9684795 1.0007819 0.9774665 0.9956802 1.0037244 0.9633211 0.9720552 0.9469700 0.9499821 0.9144791 0.9915941 1.2433719 1.0590534 0.9428643 0.9920722 0.9608651 0.9058506 0.9274054 0.8674525 0.8492260 0.8029139 0.9479156 0.7673466 0.6970660 0.6475494 0.6231941 0.7889645 0.5874759 0.5722063 0.5877032 0.6430971 2.0902332 2.1989713 2.1041128 2.9818562 
01F2G.CM.02.LT31.JN864056              0.5965936 0.6729103 0.5884112 0.3946095 0.4604601 0.0000000 0.4100142 0.7680557 0.7458439 0.7686402 0.7621584 0.7028252 0.7281954 0.8064581 1.0742657 1.0211350 1.0726839 1.0696419 1.0676335 1.0836903 1.0590836 1.0273531 1.1052859 1.1194129 1.1993874 1.1511593 1.0138566 1.0742484 1.0611755 1.0333746 1.0544341 0.7814310 0.8153814 0.8354992 0.8818368 1.0336924 0.8497095 0.8624621 0.9243374 0.8425540 0.8813161 0.9898563 1.1072791 0.7495488 0.7137139 0.7182506 0.6687563 0.9730195 0.9864352 1.0144685 1.0426227 1.0343562 1.0209936 1.0132796 0.9687965 1.0362113 0.9986519 0.9883271 0.9737890 1.0244702 0.9644578 0.9169284 0.9930692 1.0509164 1.0138596 0.9924339 1.0247916 1.0041697 1.0023760 1.0373138 0.9947358 0.9897449 0.9965544 0.9657901 0.9408800 1.0319582 1.2879277 1.1091071 0.9919954 1.0083913 1.0079934 0.9240454 0.9460693 0.9382288 0.9274057 0.8306267 0.9661027 0.7991128 0.7385186 0.6615502 0.6443446 0.8236851 0.6171728 0.6095646 0.6285209 0.6999968 2.1396389 2.1899754 2.2084164 3.1298989 
BCG.ES.15.100_119.KY496623             0.6360831 0.6997676 0.6284234 0.4129286 0.4837565 0.4100142 0.0000000 0.7590828 0.7641146 0.7668108 0.8225761 0.7357341 0.7468051 0.8032955 1.0597460 1.0301870 1.1051711 1.0691012 1.0925266 1.1111832 1.0931011 1.0355923 1.1035665 1.1001852 1.1912933 1.1409453 1.0467431 1.0990404 1.0976160 1.0437364 1.0288312 0.7843588 0.8313354 0.8528435 0.8824840 1.0264240 0.8549043 0.8892101 0.9413539 0.8578680 0.8855553 1.0258082 1.0995958 0.7556426 0.7612197 0.7201877 0.6910570 1.0009452 0.9874769 1.0735794 1.0597014 1.0421143 1.0435757 1.0517376 0.9789744 1.0359368 1.0150264 1.0208437 0.9892021 1.0275032 0.9841113 0.9313293 0.9872495 1.0597422 1.0357615 0.9970906 1.0631478 1.0358751 1.0351556 1.0540225 1.0329496 1.0394926 1.0055944 1.0039378 0.9540288 1.0441653 1.2676098 1.0860234 0.9976175 1.0557510 1.0465448 0.9441627 0.9822297 0.9213018 0.8965864 0.8218708 0.9695474 0.8224366 0.7495239 0.7059441 0.6637724 0.8671372 0.6390275 0.6415178 0.6628177 0.7253315 2.1893292 2.2619365 2.1864292 2.9512920 
A1.KE.06.06KECst_028.FJ623479          0.5420984 0.5795625 0.5708611 0.6336817 0.7050059 0.7680557 0.7590828 0.0000000 0.3231028 0.4106134 0.4293874 0.3795610 0.4037098 0.4888895 0.7439180 0.6948386 0.7984833 0.7617977 0.7732103 0.7607335 0.7683770 0.7044427 0.7754033 0.8335038 0.9052023 0.8446273 0.6891321 0.7697784 0.7504498 0.7225441 0.7239924 0.4552772 0.5721126 0.5826640 0.6120522 0.7801485 0.5985169 0.6051716 0.6954185 0.5851145 0.6100322 0.7360762 0.8029588 0.4951689 0.4719627 0.4408302 0.5171913 0.8599257 0.8768495 0.9101735 0.9156834 0.9318429 0.9063973 0.9310820 0.8554340 0.8912347 0.8786808 0.8837219 0.8654425 0.9117655 0.8560192 0.8051121 0.8650315 0.9432952 0.8909812 0.8859905 0.9116349 0.8916127 0.8841607 0.9058447 0.8792824 0.8787150 0.8636159 0.8352839 0.8247658 0.9120328 1.2079964 0.9631161 0.8630870 0.9004330 0.8979731 0.8320409 0.8288985 0.8091499 0.7883587 0.7229147 0.8554326 0.6819543 0.6295221 0.6141565 0.5735706 0.7660217 0.5444863 0.5527875 0.5584356 0.6262675 2.0926274 2.1566547 2.0804581 2.7682271 
A1.KE.06.06KECst_013.FJ623485          0.5513959 0.5987150 0.5612469 0.6290750 0.6893252 0.7458439 0.7641146 0.3231028 0.0000000 0.3957072 0.4276272 0.3651103 0.4008782 0.4906729 0.7356064 0.6948693 0.7843584 0.7277978 0.7644802 0.7350833 0.7744408 0.6876014 0.7527457 0.8014095 0.8591269 0.8210526 0.6932234 0.7350745 0.7430958 0.7040027 0.7048774 0.4561947 0.5650480 0.5714396 0.6097706 0.7608237 0.5892251 0.6183479 0.6751368 0.5878774 0.6098549 0.7225244 0.8158087 0.4855865 0.4704247 0.4348520 0.5104391 0.8222476 0.8521894 0.8767271 0.9107318 0.9015880 0.8957824 0.8978403 0.8295836 0.8797613 0.8714443 0.8587730 0.8344805 0.8883084 0.8410350 0.7766368 0.8384846 0.9371182 0.8812654 0.8514830 0.9130728 0.8684489 0.8714408 0.8867797 0.8832801 0.8747082 0.8430192 0.8111121 0.8011732 0.8974591 1.1516111 0.9323874 0.8576801 0.9039264 0.8882904 0.8171560 0.8251284 0.7878073 0.7693237 0.7305683 0.8368364 0.6706256 0.6425037 0.6169592 0.5776553 0.7677553 0.5693730 0.5620883 0.5773999 0.6436164 2.1403706 2.2048207 2.1210317 2.8888926 
35_AD.AF.06.007H.GQ477450              0.5634476 0.6176745 0.5799301 0.6552935 0.7039508 0.7686402 0.7668108 0.4106134 0.3957072 0.0000000 0.4384355 0.3971685 0.4241349 0.5175317 0.7930490 0.7268006 0.7877909 0.7451030 0.7785410 0.7680875 0.7957611 0.7223894 0.7965161 0.8134543 0.9027271 0.8734679 0.7171829 0.7812266 0.7727509 0.7414922 0.7404036 0.4894568 0.5986248 0.6130265 0.6405219 0.8001534 0.6255963 0.6345881 0.7271353 0.6162413 0.6373995 0.7486944 0.8345028 0.5086953 0.4824751 0.4636729 0.5259889 0.8664046 0.8803652 0.9341464 0.9128855 0.9165259 0.9128749 0.9126418 0.8731342 0.9086239 0.8901800 0.8887599 0.8813795 0.9078013 0.8653466 0.8000580 0.8842017 0.9654510 0.9264111 0.8852526 0.9291159 0.8976044 0.8962490 0.9239449 0.8806877 0.9064892 0.8772595 0.8429111 0.8365207 0.9222614 1.1651042 0.9726171 0.8649996 0.9107130 0.8852120 0.8314647 0.8346552 0.8043152 0.7873801 0.7389013 0.8555474 0.6883229 0.6518958 0.6224176 0.5953489 0.7793270 0.5808974 0.5695759 0.5871807 0.6455906 2.2045540 2.2101249 2.0971262 2.9006499 
A1.CY.07.CY208.JF683760                0.5531632 0.6216051 0.5838410 0.6608473 0.7091962 0.7621584 0.8225761 0.4293874 0.4276272 0.4384355 0.0000000 0.2358563 0.4156729 0.5056653 0.7613468 0.7199913 0.8169831 0.7585211 0.7857604 0.7786049 0.7753349 0.7088733 0.7718683 0.8061232 0.9078403 0.8489412 0.7024618 0.7624718 0.7827029 0.7435134 0.7418223 0.4868853 0.5858945 0.5839721 0.6420741 0.7951811 0.6102075 0.6303098 0.6916775 0.6055993 0.6235671 0.7588912 0.8527526 0.5128593 0.4831833 0.4611163 0.5304932 0.8672108 0.8613978 0.9230871 0.9169575 0.9095674 0.9116686 0.9192539 0.8521765 0.8918939 0.8830861 0.8831090 0.8831007 0.8898541 0.8585088 0.8038226 0.8537667 0.9693651 0.8917204 0.8831747 0.9324515 0.8940970 0.8994581 0.9157191 0.8766766 0.8986886 0.8743952 0.8418518 0.8214023 0.8859035 1.1500226 0.9501817 0.8478053 0.9087844 0.8995238 0.8167187 0.8561089 0.7943538 0.7754607 0.7492842 0.8541742 0.6851004 0.6828115 0.6257813 0.6150973 0.8000429 0.5822056 0.5790273 0.5911343 0.6693520 2.1487663 2.1583485 2.1357404 2.8113392 
A1.CY.05.CY051.FJ388903                0.5146351 0.5556483 0.5390923 0.6237268 0.6791085 0.7028252 0.7357341 0.3795610 0.3651103 0.3971685 0.2358563 0.0000000 0.3706496 0.4450685 0.7233620 0.6749810 0.7726844 0.7045621 0.7385683 0.7180120 0.7195400 0.6630569 0.7208903 0.7725036 0.8395578 0.8037840 0.6459418 0.7210386 0.7149544 0.6877995 0.6871267 0.4400170 0.5360941 0.5417001 0.5731680 0.7295425 0.5621723 0.5752632 0.6304185 0.5555561 0.5757681 0.6969044 0.7765815 0.4540036 0.4280911 0.4157242 0.4877863 0.7990168 0.8263560 0.8458823 0.8521448 0.8649782 0.8828066 0.8580998 0.7895550 0.8389229 0.8178934 0.8279784 0.8116341 0.8228791 0.7887821 0.7492147 0.8167529 0.9022911 0.8321299 0.8333213 0.8661493 0.8359400 0.8403451 0.8548324 0.8428689 0.8273517 0.8355598 0.7919809 0.7728265 0.8329367 1.1032914 0.8942265 0.8060205 0.8514659 0.8191457 0.7552271 0.7870346 0.7478411 0.7233448 0.6881487 0.8180143 0.6418884 0.6175034 0.5840052 0.5494296 0.7433080 0.5307865 0.5180162 0.5385640 0.6016998 2.1039747 2.1574875 2.0842869 2.8608576 
A1.UG.11.DEMA110UG001.KF859745         0.5205412 0.5747394 0.5366971 0.6327324 0.6770242 0.7281954 0.7468051 0.4037098 0.4008782 0.4241349 0.4156729 0.3706496 0.0000000 0.4644846 0.7242637 0.6570002 0.7567697 0.7112740 0.7312781 0.7324235 0.7216042 0.6636115 0.7321244 0.7804563 0.8571715 0.8078764 0.6664356 0.7189555 0.7186900 0.6913017 0.7140123 0.4335823 0.5453720 0.5474739 0.5816804 0.7554226 0.5773875 0.5909334 0.6568006 0.5661554 0.6027316 0.6939996 0.7686926 0.4601072 0.4298109 0.4159032 0.4880978 0.8240716 0.8330910 0.8727474 0.8890220 0.9041586 0.8685481 0.8791977 0.8168961 0.8790214 0.8427431 0.8337582 0.8192850 0.8591507 0.8261217 0.7870669 0.8187674 0.9094597 0.8779590 0.8435144 0.8910150 0.8393667 0.8567895 0.8700157 0.8716576 0.8679166 0.8235772 0.8233193 0.8084703 0.8958288 1.1442351 0.9203906 0.8384527 0.9012654 0.8584140 0.7881266 0.8195558 0.7636876 0.7322174 0.6971386 0.8428373 0.6533822 0.6135324 0.5922553 0.5537887 0.7454636 0.5534532 0.5377567 0.5489303 0.6017055 2.1171646 2.1816401 2.1309917 3.0026356 
A1C.UG.99.99UGF25926.AF484491          0.5772938 0.6392873 0.6306482 0.6995792 0.7477429 0.8064581 0.8032955 0.4888895 0.4906729 0.5175317 0.5056653 0.4450685 0.4644846 0.0000000 0.6410861 0.5878126 0.6541448 0.6139815 0.6280095 0.6505542 0.6452738 0.5859695 0.6401619 0.7017972 0.7792318 0.7308392 0.5845393 0.6362467 0.6341388 0.5972470 0.6030037 0.4787465 0.6119658 0.6238160 0.6471810 0.7910003 0.6304194 0.6571070 0.7081217 0.6059678 0.6571875 0.7584037 0.8365113 0.5385246 0.5130457 0.4801555 0.5505050 0.8648833 0.8897278 0.9081095 0.9352847 0.9488173 0.9150223 0.9181419 0.8424188 0.9085158 0.8830380 0.8875187 0.8814660 0.8951742 0.8746505 0.8273646 0.8656783 0.9566183 0.9202332 0.8799306 0.9265426 0.8867523 0.9044287 0.9095483 0.8918844 0.8932256 0.8729164 0.8512782 0.8332069 0.9185074 1.1857915 0.9733657 0.8929495 0.9413487 0.9174651 0.8294216 0.8396874 0.7886895 0.7894866 0.7578906 0.9048370 0.7202191 0.6618055 0.6540367 0.6234295 0.8192144 0.6180339 0.5959276 0.6042434 0.6832760 2.1496961 2.2405954 2.1320732 2.8483410 
A1C.IN.15.SC017.KY713232               0.8279199 0.8995769 0.8710135 0.9663483 0.9963256 1.0742657 1.0597460 0.7439180 0.7356064 0.7930490 0.7613468 0.7233620 0.7242637 0.6410861 0.0000000 0.6103135 0.6954297 0.6532676 0.6644817 0.6641111 0.6504427 0.6240607 0.6816204 0.7289601 0.8168473 0.7723869 0.6002345 0.6590882 0.6549687 0.6409277 0.6372605 0.7535466 0.9126106 0.9042395 0.9422442 1.0940852 0.9364885 0.9411965 0.9774374 0.9077836 0.9322329 1.0404664 1.1362328 0.8023930 0.7828994 0.7432894 0.8011893 1.1297817 1.1428518 1.1919544 1.2099922 1.1789476 1.1781461 1.2263082 1.1167979 1.1796209 1.1359388 1.1683354 1.1377411 1.1670906 1.1309683 1.0718513 1.1361618 1.2359233 1.1997255 1.1676604 1.1824995 1.1669671 1.1531783 1.2018394 1.1477992 1.1683601 1.1569927 1.1047841 1.1094146 1.1821666 1.4704593 1.2198477 1.1270149 1.1486493 1.1578231 1.1071322 1.1171820 1.0698894 1.0843878 1.0282469 1.1465781 0.9719156 0.9365873 0.9206806 0.9006855 1.0852737 0.8427465 0.8500650 0.8630551 0.9342143 2.4337561 2.5122189 2.3823002 3.1578270 
C.IL.99.99ET14.AY255825                0.7941902 0.8942356 0.8209661 0.9095260 0.9661187 1.0211350 1.0301870 0.6948386 0.6948693 0.7268006 0.7199913 0.6749810 0.6570002 0.5878126 0.6103135 0.0000000 0.4330372 0.4205090 0.4286900 0.4336864 0.4248024 0.3786302 0.4350949 0.4910537 0.5794067 0.5198739 0.3652403 0.4235399 0.4159188 0.3894850 0.3979229 0.7071369 0.8496987 0.8458031 0.8812713 1.0752989 0.8665519 0.8822755 0.9588166 0.8455412 0.8878186 0.9914380 1.0587541 0.7585587 0.7444717 0.7083874 0.7835910 1.0949580 1.1190549 1.1503326 1.1687992 1.1719976 1.1656939 1.1585048 1.1045144 1.1305968 1.1224489 1.1078249 1.1071685 1.1316532 1.0879645 1.0479395 1.0993525 1.1942713 1.1300625 1.1202137 1.1616979 1.1228598 1.1250006 1.1362947 1.1075100 1.1543040 1.1140582 1.0820199 1.0747650 1.1651329 1.4312205 1.1995888 1.0967492 1.1538391 1.1332615 1.0613911 1.0414206 1.0496022 1.0153759 0.9863171 1.1145516 0.9332501 0.9124759 0.8798101 0.8424275 1.0463259 0.8423199 0.8291129 0.8374532 0.9012503 2.3491391 2.3865354 2.3918990 3.1570548 
C.SE.09.035ZA.MF373148                 0.9016566 0.9700031 0.9261093 0.9716200 1.0496814 1.0726839 1.1051711 0.7984833 0.7843584 0.7877909 0.8169831 0.7726844 0.7567697 0.6541448 0.6954297 0.4330372 0.0000000 0.4991082 0.4962791 0.5058061 0.4991129 0.4562652 0.5116992 0.5575573 0.6330459 0.5831261 0.4305856 0.4884970 0.4856977 0.4500549 0.4707819 0.7920705 0.9502459 0.9435192 0.9935539 1.1442970 0.9546395 1.0074706 1.0668883 0.9574594 0.9938028 1.0742460 1.2073147 0.8398499 0.8155981 0.7857491 0.8470920 1.1960442 1.1881221 1.2152769 1.2204653 1.2533123 1.2432314 1.2322610 1.1595025 1.1985587 1.2320972 1.1969573 1.1722580 1.2195226 1.1607169 1.1221910 1.1717394 1.3025582 1.2322190 1.2082551 1.2444122 1.1934739 1.1894942 1.2070736 1.1744359 1.2017610 1.2172301 1.1658032 1.1534965 1.2309074 1.4992131 1.3113930 1.1722524 1.2645055 1.2471673 1.1671563 1.1386167 1.1147169 1.1210681 1.0994434 1.2108919 1.0494195 0.9882784 0.9818466 0.9496926 1.1054762 0.8874307 0.9241550 0.9178558 0.9729412 2.3924027 2.4528521 2.4781509 3.1773749 
C.ZA.04.04ZASK135B1.DQ011166           0.8389432 0.8972236 0.8696118 0.9599852 1.0061254 1.0696419 1.0691012 0.7617977 0.7277978 0.7451030 0.7585211 0.7045621 0.7112740 0.6139815 0.6532676 0.4205090 0.4991082 0.0000000 0.3296877 0.3421617 0.3646585 0.3379932 0.3901218 0.4696250 0.5176658 0.4861181 0.3356314 0.4433657 0.4277129 0.3946132 0.4072246 0.7606329 0.8625977 0.8620521 0.9092151 1.0852735 0.8848553 0.9116260 0.9645443 0.8731913 0.9170813 1.0084858 1.1112250 0.7746498 0.7612308 0.7471515 0.7935238 1.1294942 1.1442390 1.1737100 1.2127486 1.1702663 1.1912572 1.1798938 1.1005689 1.1468706 1.1353068 1.1385126 1.1313289 1.1587794 1.1121553 1.0566718 1.0976442 1.1795203 1.1916501 1.1534675 1.1709563 1.1485541 1.1492505 1.1889895 1.1564552 1.1500633 1.1422308 1.1061300 1.0881523 1.1965503 1.4306695 1.2249859 1.1409222 1.1569250 1.1665399 1.0901758 1.0909640 1.1053846 1.0842104 1.0216331 1.1537445 0.9621830 0.9360337 0.9030390 0.8830492 1.0497402 0.8445959 0.8436861 0.8415637 0.8939344 2.3924862 2.4357536 2.3700906 3.1675916 
C.ZA.03.03ZAPS130MB1.DQ275658          0.8570513 0.9249832 0.9066351 0.9626048 1.0163443 1.0676335 1.0925266 0.7732103 0.7644802 0.7785410 0.7857604 0.7385683 0.7312781 0.6280095 0.6644817 0.4286900 0.4962791 0.3296877 0.0000000 0.2898823 0.3688967 0.3417812 0.3848594 0.4624377 0.5211473 0.4868812 0.3372860 0.4313227 0.4318518 0.3962407 0.4173013 0.7710801 0.8802531 0.8778339 0.9459792 1.1212885 0.9152914 0.9372394 0.9900809 0.8893067 0.9404577 1.0317854 1.1159377 0.7899214 0.7911803 0.7620138 0.8130519 1.1353697 1.1816117 1.1841763 1.2068744 1.2349582 1.2097720 1.2132311 1.1313944 1.2102383 1.1838777 1.1554386 1.1607110 1.1728419 1.1413291 1.1069339 1.1519658 1.2505140 1.1654891 1.1912835 1.1955102 1.1793876 1.1842624 1.2031785 1.1717012 1.2022533 1.1656054 1.1151369 1.1193261 1.1972188 1.4376156 1.2137580 1.1594075 1.1636224 1.1682991 1.1296318 1.1239215 1.1115815 1.0846486 1.0288684 1.1526286 0.9645293 0.9625407 0.9320525 0.9025545 1.0957219 0.8784213 0.8870038 0.8634968 0.9481948 2.4226284 2.4536121 2.3982476 3.0623994 
C.ZA.97.97ZA012.AF286227               0.8691721 0.9194325 0.8792376 0.9567731 1.0477299 1.0836903 1.1111832 0.7607335 0.7350833 0.7680875 0.7786049 0.7180120 0.7324235 0.6505542 0.6641111 0.4336864 0.5058061 0.3421617 0.2898823 0.0000000 0.3970210 0.3658199 0.4089541 0.4700222 0.5500902 0.5142301 0.3559632 0.4477873 0.4410205 0.4089389 0.4195720 0.7641754 0.9454202 0.9128489 0.9700456 1.1030260 0.9258972 0.9460952 1.0120737 0.9269863 0.9716961 1.0707177 1.1468741 0.8124978 0.7945211 0.7617308 0.8475363 1.1577752 1.1593982 1.2146310 1.2254127 1.2208737 1.2112693 1.1964850 1.1527282 1.1901593 1.1828244 1.1655449 1.1579409 1.1860008 1.1436701 1.0976773 1.1427358 1.2368355 1.1885767 1.1891379 1.1943061 1.1859408 1.1924607 1.1845757 1.1989192 1.2077871 1.1955890 1.1575430 1.1227544 1.2022802 1.4735122 1.2415198 1.1367399 1.1926660 1.1986385 1.1181349 1.1279275 1.1064676 1.0969523 1.0407956 1.1715253 0.9889434 0.9801347 0.9479917 0.9126179 1.1044602 0.8498332 0.8998941 0.8814035 0.9466028 2.3596429 2.4147738 2.4182956 3.1914040 
C.BW.98.98BWMC14A3.AF443078            0.8643934 0.9365197 0.9093716 0.9712092 1.0206588 1.0590836 1.0931011 0.7683770 0.7744408 0.7957611 0.7753349 0.7195400 0.7216042 0.6452738 0.6504427 0.4248024 0.4991129 0.3646585 0.3688967 0.3970210 0.0000000 0.3365747 0.3919891 0.4701029 0.5402611 0.4881888 0.3401859 0.4301008 0.4210185 0.3925661 0.4079234 0.7777479 0.9050682 0.9065340 0.9536677 1.1282816 0.9199803 0.9383932 1.0310997 0.9075790 0.9438010 1.0330572 1.1417639 0.8008285 0.7842020 0.7732599 0.8423710 1.1589893 1.1772971 1.1949861 1.2301852 1.2133372 1.2392633 1.2159292 1.1467141 1.1883013 1.1951546 1.1927206 1.1639125 1.1784253 1.1852370 1.1220809 1.1687450 1.2623736 1.2078949 1.1829419 1.2281634 1.2140328 1.2130014 1.2449241 1.1955377 1.1923093 1.1954867 1.1435781 1.1521633 1.2218935 1.4784118 1.2519337 1.1447853 1.1862227 1.1992231 1.1445280 1.1238371 1.0827368 1.0658861 1.0371470 1.1560234 0.9738596 0.9778384 0.9322751 0.9021328 1.0777470 0.8865369 0.8934989 0.8991624 0.9505747 2.3727817 2.4529597 2.4761199 3.0610380 
C.ZA.99.99ZALT4.EU293444               0.8217293 0.8781520 0.8507239 0.9246478 0.9881732 1.0273531 1.0355923 0.7044427 0.6876014 0.7223894 0.7088733 0.6630569 0.6636115 0.5859695 0.6240607 0.3786302 0.4562652 0.3379932 0.3417812 0.3658199 0.3365747 0.0000000 0.2979596 0.4193415 0.4749925 0.4472184 0.3046346 0.4011083 0.3951997 0.3621451 0.3658531 0.6936352 0.8443144 0.8459043 0.9010285 1.0462338 0.8687013 0.9151966 0.9562427 0.8552530 0.8875524 1.0160171 1.0431035 0.7536054 0.7209128 0.7176595 0.7710820 1.1379559 1.1229626 1.1630303 1.1914572 1.1730935 1.1918617 1.1706462 1.1004349 1.1253983 1.1244490 1.1487196 1.1285378 1.1586365 1.1180333 1.0463703 1.0892543 1.1896069 1.1659757 1.1484052 1.1571384 1.1383789 1.1162441 1.1574610 1.1272336 1.1366495 1.1252400 1.1003528 1.0725691 1.1414378 1.4088106 1.1711759 1.1103249 1.1401367 1.1383425 1.0715740 1.0904470 1.0402507 1.0190377 0.9916867 1.1279833 0.9279613 0.9276781 0.8634263 0.8628506 1.0326954 0.8271409 0.8316064 0.8385724 0.9012211 2.3400508 2.4127401 2.4474012 3.1060002 
C.ZA.02.02ZAPS015MB1.DQ369995          0.8762956 0.9248060 0.9076903 0.9723784 1.0282525 1.1052859 1.1035665 0.7754033 0.7527457 0.7965161 0.7718683 0.7208903 0.7321244 0.6401619 0.6816204 0.4350949 0.5116992 0.3901218 0.3848594 0.4089541 0.3919891 0.2979596 0.0000000 0.4663126 0.5373008 0.5141915 0.3556215 0.4546768 0.4449950 0.4199807 0.4178966 0.7701537 0.9149597 0.9052033 0.9645209 1.1676994 0.9139143 0.9576401 1.0068160 0.9267200 0.9451244 1.0655616 1.1628261 0.8236118 0.7862130 0.7711881 0.8401570 1.1545492 1.1726538 1.2025311 1.2533541 1.2244368 1.2545323 1.2338811 1.1330100 1.2178566 1.1756075 1.1913599 1.1671302 1.2032511 1.1667496 1.1338979 1.1669110 1.2326029 1.2280783 1.2001579 1.2054131 1.1984655 1.1764146 1.2115935 1.2004660 1.1888028 1.1890220 1.1393617 1.1235421 1.1967493 1.4450641 1.2594838 1.1657118 1.2207158 1.2138372 1.1439326 1.1295144 1.0709900 1.0750565 1.0512150 1.1724199 1.0043141 0.9863110 0.9229892 0.9182378 1.0853691 0.8868504 0.8852859 0.8708892 0.9490876 2.4204806 2.4690124 2.4732673 3.2857883 
C.GB.14.13659_1_48.3.MF109437          0.9037419 0.9553389 0.9266250 1.0099677 1.0485700 1.1194129 1.1001852 0.8335038 0.8014095 0.8134543 0.8061232 0.7725036 0.7804563 0.7017972 0.7289601 0.4910537 0.5575573 0.4696250 0.4624377 0.4700222 0.4701029 0.4193415 0.4663126 0.0000000 0.5534755 0.5106129 0.4059849 0.5003650 0.5071126 0.4691497 0.4660573 0.7991016 0.9432034 0.9464339 0.9895432 1.1755661 0.9691470 0.9994842 1.0349795 0.9424697 0.9888366 1.1085815 1.1889099 0.8581028 0.8328559 0.8278702 0.8794128 1.1994847 1.2127122 1.2505687 1.2396636 1.2427336 1.2880408 1.2619776 1.1672407 1.2434453 1.2165248 1.1920921 1.1831753 1.2283816 1.1864042 1.1440472 1.1873906 1.2618491 1.2126595 1.2251836 1.2535265 1.2140641 1.2127088 1.2465459 1.2267504 1.2254867 1.2067697 1.1930483 1.1532790 1.2321230 1.5297323 1.3006772 1.2102528 1.2472000 1.2585008 1.1672421 1.1481620 1.1105266 1.1173286 1.0589082 1.2064068 1.0198801 1.0190416 0.9565557 0.9383248 1.1148479 0.9155417 0.9324184 0.9363205 0.9631079 2.5697233 2.5891679 2.5408720 3.2243134 
BC.CN.07.07CNYN340.KF835526            0.9816401 1.0294582 1.0152379 1.0608278 1.1335186 1.1993874 1.1912933 0.9052023 0.8591269 0.9027271 0.9078403 0.8395578 0.8571715 0.7792318 0.8168473 0.5794067 0.6330459 0.5176658 0.5211473 0.5500902 0.5402611 0.4749925 0.5373008 0.5534755 0.0000000 0.4124737 0.4685554 0.5923240 0.5796806 0.5322009 0.5388911 0.8766965 1.0187715 1.0249062 1.0691822 1.2298695 1.0451477 1.0789105 1.1529368 1.0510035 1.0848683 1.1820889 1.2238224 0.9387766 0.8852110 0.8749111 0.9555036 1.3186985 1.3496946 1.3551245 1.3422010 1.3485823 1.3729889 1.3723398 1.2682726 1.3446065 1.3326622 1.3101002 1.2990851 1.3414545 1.3089376 1.2406824 1.3379628 1.3558969 1.3353088 1.3251390 1.3416660 1.2909192 1.3135062 1.3416552 1.3154569 1.3228125 1.2934844 1.2726361 1.2517781 1.3742306 1.6054551 1.3937215 1.3195250 1.3504056 1.3303425 1.2656934 1.3030593 1.1930056 1.2158783 1.1436083 1.3323207 1.0939951 1.1152835 1.0601971 1.0289532 1.1953563 0.9849122 0.9864727 0.9985405 1.0753754 2.7097971 2.6673701 2.6070795 3.4064649 
85_BC.CN.14.14CN_SCYB4.KU992932        0.9369276 0.9708336 0.9507623 1.0183710 1.0735071 1.1511593 1.1409453 0.8446273 0.8210526 0.8734679 0.8489412 0.8037840 0.8078764 0.7308392 0.7723869 0.5198739 0.5831261 0.4861181 0.4868812 0.5142301 0.4881888 0.4472184 0.5141915 0.5106129 0.4124737 0.0000000 0.4387339 0.5325396 0.5366878 0.5064668 0.5004356 0.8330246 0.9595766 0.9680639 1.0170249 1.1848574 0.9777733 1.0088217 1.0876021 0.9717534 1.0191901 1.1103246 1.1969019 0.8725355 0.8686711 0.8245639 0.9217481 1.2292469 1.2510964 1.2956374 1.3197569 1.2840354 1.3328559 1.3022229 1.2365899 1.2612791 1.2429688 1.2757271 1.2290664 1.2530632 1.2526534 1.1813091 1.2438538 1.3338112 1.2477723 1.2652065 1.2782669 1.2520639 1.2531727 1.2618634 1.2469063 1.3045669 1.2573835 1.2007424 1.2010773 1.2896098 1.5861863 1.3611534 1.2409987 1.2958892 1.2967943 1.2046824 1.2286426 1.1365794 1.1504494 1.1074333 1.2518536 1.0512525 1.0427852 1.0039156 0.9761352 1.1765736 0.9472014 0.9444885 0.9484513 1.0254303 2.6218355 2.6312412 2.5671821 3.4071219 
C.BW.00.00BW076820.AF443089            0.7883662 0.8532442 0.8206093 0.9054388 0.9600988 1.0138566 1.0467431 0.6891321 0.6932234 0.7171829 0.7024618 0.6459418 0.6664356 0.5845393 0.6002345 0.3652403 0.4305856 0.3356314 0.3372860 0.3559632 0.3401859 0.3046346 0.3556215 0.4059849 0.4685554 0.4387339 0.0000000 0.3761608 0.3701400 0.3380129 0.3454940 0.6972387 0.8381314 0.8295894 0.8786585 1.0596887 0.8497124 0.8808191 0.9424151 0.8372066 0.8597931 0.9794841 1.0341748 0.7530979 0.7103023 0.7001392 0.7690960 1.0872327 1.1059277 1.1212017 1.1614007 1.1424088 1.1811767 1.1662141 1.0729509 1.1040365 1.1362888 1.1367299 1.1068634 1.1045341 1.0972061 1.0313878 1.0952489 1.1728081 1.1016079 1.1397429 1.1570374 1.1234963 1.1106605 1.1492805 1.1220975 1.1433842 1.1146080 1.0779327 1.0748614 1.1836761 1.3714682 1.1829589 1.0885007 1.1413989 1.1239534 1.0747751 1.0756974 1.0456205 1.0292137 0.9608715 1.1320136 0.9180991 0.9024731 0.8885865 0.8581051 1.0079540 0.7980117 0.8070802 0.8189973 0.8791524 2.4081792 2.4520495 2.4370634 3.1163920 
C.ZA.04.04ZASK170B1.DQ093595           0.8737715 0.9374216 0.8848142 0.9614439 1.0149896 1.0742484 1.0990404 0.7697784 0.7350745 0.7812266 0.7624718 0.7210386 0.7189555 0.6362467 0.6590882 0.4235399 0.4884970 0.4433657 0.4313227 0.4477873 0.4301008 0.4011083 0.4546768 0.5003650 0.5923240 0.5325396 0.3761608 0.0000000 0.3462148 0.3122538 0.3636807 0.7591478 0.8902492 0.9223967 0.9460234 1.1053543 0.9243456 0.9290284 1.0177322 0.9130688 0.9308270 1.0229524 1.1198333 0.8022656 0.7794764 0.7454484 0.8069961 1.1394777 1.1657201 1.1888647 1.2156994 1.2003494 1.1740381 1.2059161 1.1341761 1.1676276 1.1427204 1.1630174 1.1287386 1.1594000 1.1354846 1.0928134 1.1396551 1.2353925 1.1545312 1.1671972 1.2330578 1.1859090 1.1748643 1.2018984 1.1474737 1.1632323 1.1602081 1.1036135 1.1050569 1.1963945 1.4259592 1.2077526 1.1326523 1.1932670 1.1743446 1.1011979 1.1336274 1.0671561 1.0579655 1.0386525 1.1453971 0.9986307 0.9553284 0.9354645 0.9119270 1.0813504 0.8931369 0.8928071 0.8933426 0.9615734 2.4297140 2.4519500 2.4976650 3.1562523 
C.TZ.02.CO6721.AY734560                0.8657954 0.9388415 0.8906986 0.9740249 1.0302833 1.0611755 1.0976160 0.7504498 0.7430958 0.7727509 0.7827029 0.7149544 0.7186900 0.6341388 0.6549687 0.4159188 0.4856977 0.4277129 0.4318518 0.4410205 0.4210185 0.3951997 0.4449950 0.5071126 0.5796806 0.5366878 0.3701400 0.3462148 0.0000000 0.2444235 0.3645372 0.7551639 0.8874247 0.8961734 0.9251664 1.1014931 0.9161708 0.9362611 1.0008322 0.9186097 0.9257019 1.0168942 1.1206327 0.7889916 0.7754528 0.7527748 0.8142172 1.1617350 1.1812474 1.1918475 1.2381416 1.2279515 1.1972339 1.1902657 1.1395386 1.1796625 1.1633340 1.1888825 1.1354073 1.1683965 1.1279816 1.0961999 1.1475036 1.2197358 1.1941778 1.1478617 1.1997487 1.1751670 1.1685861 1.1672509 1.1609095 1.2028743 1.1729364 1.1323051 1.1058637 1.1886032 1.4721060 1.2393733 1.1528518 1.1638561 1.1521202 1.0975071 1.1107975 1.0885480 1.0682447 1.0378924 1.1494169 0.9729570 0.9571962 0.9214713 0.9239906 1.0906120 0.8690878 0.8750219 0.8791982 0.9571504 2.3059744 2.3945718 2.4408740 3.1364322 
C.TZ.01.BD39_8.AY253313                0.8295615 0.8917660 0.8346452 0.9203448 0.9796949 1.0333746 1.0437364 0.7225441 0.7040027 0.7414922 0.7435134 0.6877995 0.6913017 0.5972470 0.6409277 0.3894850 0.4500549 0.3946132 0.3962407 0.4089389 0.3925661 0.3621451 0.4199807 0.4691497 0.5322009 0.5064668 0.3380129 0.3122538 0.2444235 0.0000000 0.3336224 0.7370721 0.8603883 0.8610127 0.9048615 1.0526707 0.8596711 0.8929643 0.9727625 0.8815110 0.8802118 1.0037687 1.1004738 0.7679784 0.7416559 0.7158396 0.7756017 1.0876337 1.1023981 1.1308043 1.1527448 1.1813581 1.1658180 1.1373241 1.0946662 1.1360939 1.1093034 1.1160508 1.0745085 1.1329131 1.0698946 1.0510495 1.0862005 1.1789146 1.1309746 1.1452948 1.1664028 1.1328056 1.1231074 1.1431325 1.1395611 1.1464643 1.1045693 1.0676671 1.0667764 1.1662161 1.3780861 1.2029123 1.0821625 1.1242089 1.1276020 1.0600309 1.0719648 1.0394001 1.0547095 0.9905428 1.1190491 0.9672377 0.9283176 0.8950648 0.8838719 1.0323735 0.8406478 0.8386670 0.8462474 0.9155551 2.3407797 2.3864820 2.4203697 3.0661529 
C.ZA.03.03ZAPS067MB2.DQ396389          0.8133360 0.8832752 0.8546674 0.9370777 0.9893528 1.0544341 1.0288312 0.7239924 0.7048774 0.7404036 0.7418223 0.6871267 0.7140123 0.6030037 0.6372605 0.3979229 0.4707819 0.4072246 0.4173013 0.4195720 0.4079234 0.3658531 0.4178966 0.4660573 0.5388911 0.5004356 0.3454940 0.3636807 0.3645372 0.3336224 0.0000000 0.7113668 0.8671804 0.8529806 0.8922710 1.0929002 0.8795733 0.9202860 0.9770777 0.8736676 0.9118424 1.0002866 1.0828685 0.7697246 0.7602384 0.7236836 0.7904462 1.1238393 1.1529115 1.1707628 1.1819769 1.1815059 1.1854509 1.1572203 1.0856823 1.1364074 1.1626819 1.1180091 1.1142582 1.1714218 1.0999784 1.0522079 1.0881604 1.2236171 1.1587477 1.1537299 1.1896468 1.1592726 1.1553651 1.1533594 1.1437673 1.1529257 1.1205566 1.0950446 1.0749998 1.1738695 1.4153806 1.2482800 1.1361313 1.1547712 1.1549820 1.1158466 1.0984036 1.0483077 1.0413170 0.9906403 1.1244070 0.9466337 0.9163427 0.8921625 0.8756966 1.0467874 0.8306978 0.8436066 0.8382058 0.8907759 2.3565509 2.3957166 2.3876534 3.0567326 
A1D.UG.99.99UGJ21953.AF484496          0.5798131 0.6310678 0.5872774 0.6590226 0.7166844 0.7814310 0.7843588 0.4552772 0.4561947 0.4894568 0.4868853 0.4400170 0.4335823 0.4787465 0.7535466 0.7071369 0.7920705 0.7606329 0.7710801 0.7641754 0.7777479 0.6936352 0.7701537 0.7991016 0.8766965 0.8330246 0.6972387 0.7591478 0.7551639 0.7370721 0.7113668 0.0000000 0.5862229 0.5956619 0.6234832 0.8011882 0.6097571 0.6259719 0.6920133 0.6051690 0.6355201 0.7302119 0.8123949 0.5161279 0.4832766 0.4585070 0.5262444 0.8395132 0.8472850 0.8886127 0.9206867 0.9235481 0.9012118 0.9097626 0.8367238 0.8879250 0.8626779 0.8657920 0.8399404 0.8917113 0.8438968 0.7887076 0.8400518 0.9276991 0.8882537 0.8531484 0.9027356 0.8544662 0.8709977 0.9088383 0.8868544 0.8939060 0.8589249 0.8375458 0.8312598 0.8781120 1.1439468 0.9203865 0.8301307 0.8892845 0.8977241 0.8121909 0.8240212 0.8009968 0.7709987 0.7449734 0.8573779 0.7028161 0.6750336 0.6407072 0.5929668 0.7742708 0.5860233 0.5760838 0.5948186 0.6553880 2.1302238 2.1466400 2.0743677 2.7895679 
01_AE.CN.02.YN0236.JX112866            0.6043730 0.6487328 0.6363179 0.6792236 0.7676768 0.8153814 0.8313354 0.5721126 0.5650480 0.5986248 0.5858945 0.5360941 0.5453720 0.6119658 0.9126106 0.8496987 0.9502459 0.8625977 0.8802531 0.9454202 0.9050682 0.8443144 0.9149597 0.9432034 1.0187715 0.9595766 0.8381314 0.8902492 0.8874247 0.8603883 0.8671804 0.5862229 0.0000000 0.1604772 0.2129883 0.3739434 0.2032125 0.2172481 0.2986426 0.2211676 0.2501664 0.4887800 0.5474045 0.4481342 0.5252289 0.5181198 0.5943483 0.9306848 0.9272914 0.9641064 1.0002241 0.9910355 0.9552166 0.9807248 0.9029123 0.9757031 0.9550969 0.9312782 0.9023743 0.9578601 0.9215754 0.8683259 0.9366185 1.0107404 0.9641445 0.9593731 0.9743239 0.9450742 0.9319576 0.9636070 0.9640510 0.9476121 0.9197747 0.9204988 0.8958008 0.9813049 1.2323513 1.0277648 0.9224133 0.9742779 0.9770589 0.8717919 0.9312759 0.8682964 0.8511111 0.7998573 0.9430260 0.7425679 0.7095056 0.6921626 0.6491488 0.8308021 0.6345789 0.6352793 0.6407350 0.6967031 2.2021216 2.3050498 2.1702982 3.0959835 
01_AE.TH.99.99TH_C4460.AY945726        0.6311951 0.6685636 0.6544060 0.7150530 0.7985601 0.8354992 0.8528435 0.5826640 0.5714396 0.6130265 0.5839721 0.5417001 0.5474739 0.6238160 0.9042395 0.8458031 0.9435192 0.8620521 0.8778339 0.9128489 0.9065340 0.8459043 0.9052033 0.9464339 1.0249062 0.9680639 0.8295894 0.9223967 0.8961734 0.8610127 0.8529806 0.5956619 0.1604772 0.0000000 0.2133753 0.3821461 0.2033334 0.2142092 0.2973655 0.2189202 0.2498096 0.4898621 0.5397808 0.4528116 0.5511879 0.5165109 0.5852287 0.9178167 0.9283246 0.9536125 0.9957825 0.9761856 0.9490822 1.0012843 0.9056488 0.9611790 0.9367300 0.9314309 0.9034053 0.9648483 0.9061258 0.8515625 0.9301343 1.0127086 0.9769894 0.9517790 0.9662413 0.9493836 0.9446128 0.9701992 0.9602384 0.9416106 0.9053153 0.9001450 0.8993785 0.9693176 1.2509869 1.0155721 0.9364101 0.9697688 0.9715360 0.8804750 0.9290248 0.8574983 0.8548865 0.8102503 0.9466063 0.7580500 0.7241387 0.6901070 0.6487160 0.8424026 0.6419810 0.6364850 0.6424123 0.7215927 2.1724590 2.2606624 2.2489506 3.0781806 
01_AE.CN.07.GX070143.JX112835          0.6480439 0.7161981 0.6863465 0.7387382 0.8355128 0.8818368 0.8824840 0.6120522 0.6097706 0.6405219 0.6420741 0.5731680 0.5816804 0.6471810 0.9422442 0.8812713 0.9935539 0.9092151 0.9459792 0.9700456 0.9536677 0.9010285 0.9645209 0.9895432 1.0691822 1.0170249 0.8786585 0.9460234 0.9251664 0.9048615 0.8922710 0.6234832 0.2129883 0.2133753 0.0000000 0.4166057 0.2453502 0.2559483 0.3352561 0.2578657 0.2929881 0.5377752 0.5887510 0.4880709 0.5704116 0.5651050 0.6326610 0.9496193 0.9436992 1.0061977 1.0429906 1.0320754 0.9883363 1.0114190 0.9500257 1.0066736 0.9709233 0.9706982 0.9468677 0.9905980 0.9439377 0.9109991 0.9598342 1.0614520 1.0198638 0.9732989 1.0014713 0.9854292 0.9683551 1.0051857 0.9861314 0.9998478 0.9579854 0.9361419 0.9367747 1.0061896 1.2560083 1.0540249 0.9697594 1.0020273 1.0032491 0.9033122 0.9603974 0.9167905 0.8807899 0.8462358 0.9874445 0.7989430 0.7630844 0.7351681 0.6956678 0.8810016 0.6891218 0.6777399 0.6858846 0.7480529 2.2167119 2.2736631 2.2282195 3.0483459 
69_01B.JP.05.05JPMYC113SP420.LC027100  0.8221678 0.8507593 0.8474754 0.8977112 1.0126257 1.0336924 1.0264240 0.7801485 0.7608237 0.8001534 0.7951811 0.7295425 0.7554226 0.7910003 1.0940852 1.0752989 1.1442970 1.0852735 1.1212885 1.1030260 1.1282816 1.0462338 1.1676994 1.1755661 1.2298695 1.1848574 1.0596887 1.1053543 1.1014931 1.0526707 1.0929002 0.8011882 0.3739434 0.3821461 0.4166057 0.0000000 0.3994417 0.4172422 0.4865839 0.4165667 0.4502748 0.6727764 0.7402170 0.6486340 0.7300565 0.7314209 0.7952795 1.1113446 1.0944289 1.1524178 1.1773830 1.1581054 1.1496769 1.1885393 1.1012436 1.1642415 1.1267384 1.1186032 1.1077090 1.1523032 1.1056873 1.0444830 1.1321542 1.2100853 1.1554608 1.1373963 1.1763723 1.1613669 1.1350227 1.1589417 1.1489121 1.1405506 1.1205212 1.0943185 1.0818300 1.1882817 1.4099295 1.2149961 1.1373141 1.1593492 1.1468101 1.0579025 1.1100123 1.0417507 1.0366994 0.9999101 1.1379612 0.9607399 0.9217155 0.8936168 0.8455055 1.0369711 0.8193400 0.8279340 0.8448174 0.9083190 2.3222104 2.4529417 2.3510947 3.2844138 
01_AE.TH.07.AA030a04.JX447057          0.6436348 0.6850181 0.6710078 0.7159544 0.8180269 0.8497095 0.8549043 0.5985169 0.5892251 0.6255963 0.6102075 0.5621723 0.5773875 0.6304194 0.9364885 0.8665519 0.9546395 0.8848553 0.9152914 0.9258972 0.9199803 0.8687013 0.9139143 0.9691470 1.0451477 0.9777733 0.8497124 0.9243456 0.9161708 0.8596711 0.8795733 0.6097571 0.2032125 0.2033334 0.2453502 0.3994417 0.0000000 0.2277850 0.3166584 0.2425294 0.2755478 0.5163904 0.5805787 0.4776855 0.5622768 0.5397675 0.6172030 0.9201894 0.9521463 0.9709669 0.9956793 0.9948709 0.9695537 1.0081611 0.9190715 0.9645565 0.9552245 0.9312669 0.9116144 0.9664949 0.9278583 0.8722850 0.9212045 1.0136627 0.9814943 0.9678798 0.9932885 0.9717217 0.9548318 0.9871147 0.9756250 0.9612771 0.9331068 0.9185452 0.9131619 0.9985172 1.2572713 1.0084463 0.9267279 0.9699735 0.9864992 0.9004581 0.9472187 0.8914530 0.8684063 0.8120984 0.9869552 0.7857142 0.7473995 0.7161637 0.6828885 0.8649152 0.6570239 0.6573233 0.6639179 0.7403088 2.2554507 2.3144445 2.2510942 3.0859462 
01_AE.CN.07.07CNYN326.KF835513         0.6631054 0.7181083 0.6913229 0.7425812 0.8316296 0.8624621 0.8892101 0.6051716 0.6183479 0.6345881 0.6303098 0.5752632 0.5909334 0.6571070 0.9411965 0.8822755 1.0074706 0.9116260 0.9372394 0.9460952 0.9383932 0.9151966 0.9576401 0.9994842 1.0789105 1.0088217 0.8808191 0.9290284 0.9362611 0.8929643 0.9202860 0.6259719 0.2172481 0.2142092 0.2559483 0.4172422 0.2277850 0.0000000 0.3325861 0.2556826 0.2857922 0.5255198 0.5860400 0.4799040 0.5689050 0.5591610 0.6339295 0.9543583 0.9596962 0.9924483 1.0335261 1.0283759 0.9858150 0.9927227 0.9532163 1.0018447 0.9768967 0.9749966 0.9428284 1.0023561 0.9733335 0.9050143 0.9565087 1.0851826 1.0108778 0.9884444 0.9869546 0.9625491 0.9573202 1.0092473 0.9597510 0.9907557 0.9501810 0.9467649 0.9356816 0.9930666 1.2620821 1.0522606 0.9671187 0.9995329 1.0154828 0.9142984 0.9715913 0.8986069 0.8811113 0.8418215 0.9692515 0.8163423 0.7684607 0.7422365 0.6888122 0.9118202 0.6834431 0.6858773 0.6999177 0.7596798 2.2106456 2.3557220 2.2393106 2.9672646 
