100
02A1.GH.97.97GH_AG2.AB052867           0.0000000 0.3703076 0.4249388 0.5169942 0.5650261 0.5970950 0.6020289 0.5291359 0.5146264 0.5430580 0.5550898 0.4951372 0.4972267 0.5731447 0.8252071 0.7956827 0.8274562 0.8103427 0.8326563 0.8411389 0.8323279 0.7886499 0.8431781 0.8671326 0.9218671 0.9009528 0.7785895 0.8147139 0.8428267 0.7760308 0.7860704 0.5453193 0.5988101 0.6018474 0.6477241 0.7746464 0.6479917 0.6270756 0.7045876 0.6016985 0.6479912 0.7175813 0.8030436 0.5352598 0.5051202 0.4727305 0.4471771 0.7548949 0.7657000 0.8080576 0.8452075 0.8350992 0.8717010 0.8395414 0.7423625 0.8058720 0.7566731 0.7668660 0.7633499 0.7889613 0.7685127 0.7216088 0.7816574 0.8432542 0.8397454 0.7742622 0.8185043 0.7956534 0.7925250 0.7810614 0.7870387 0.8094426 0.7634628 0.7665063 0.7563402 0.8171475 1.0553392 0.8571884 0.7867996 0.8277019 0.8130534 0.7423412 0.7363934 0.7192420 0.6983909 0.6565178 0.7749639 0.6111327 0.4842520 0.4190157 0.3811093 0.5463173 0.3350238 0.3259553 0.3450233 0.4258999 1.7375320 1.7953340 1.6919785 2.2888465 
02A.CI.16.DEURF16CI011.MH078538        0.3703076 0.0000000 0.4956695 0.5801123 0.6349249 0.6648743 0.6899304 0.6062829 0.5899076 0.6131377 0.6263211 0.5701880 0.5849054 0.6364553 0.9056534 0.8743756 0.9462850 0.8750522 0.8698774 0.8986457 0.9208247 0.8710063 0.9014913 0.9603500 0.9992899 0.9808352 0.8455945 0.8947183 0.9086920 0.8778114 0.8721889 0.5871335 0.6787594 0.6772524 0.7241186 0.8583040 0.7138809 0.7066905 0.7761116 0.6870579 0.7198775 0.8107774 0.8794368 0.6105148 0.5891551 0.5482468 0.5213069 0.8408499 0.8499595 0.8842011 0.9142827 0.9106982 0.9467405 0.8932043 0.8227227 0.8795661 0.8459204 0.8491667 0.8691032 0.8654150 0.8562774 0.7969727 0.8556030 0.9090874 0.8917196 0.8690089 0.9223545 0.8992221 0.8984378 0.8787203 0.8690877 0.8794363 0.8652135 0.8653025 0.8321337 0.8853849 1.1323247 0.9288126 0.8500563 0.9214676 0.8880446 0.8366599 0.8146970 0.8021226 0.7780290 0.7338736 0.8638738 0.6677715 0.5475050 0.4871041 0.4372293 0.6076382 0.3936909 0.3965119 0.3973895 0.4956354 1.7781492 1.8285073 1.8030864 2.4420774 
AGU.CM.06.770_8.MH705142               0.4249388 0.4956695 0.0000000 0.4893678 0.5578720 0.6018172 0.6181417 0.5469566 0.5395235 0.5654621 0.5698019 0.5163391 0.5169296 0.6050809 0.8444883 0.8274385 0.8823469 0.8403673 0.8364850 0.8537451 0.8751371 0.8302649 0.8573556 0.8993781 0.9563875 0.9320993 0.7948614 0.8237518 0.8443584 0.8216596 0.8243763 0.5525840 0.6091150 0.6068496 0.6487887 0.8034810 0.6493923 0.6395314 0.7274313 0.6153343 0.6510314 0.7552148 0.8317504 0.5316524 0.5313604 0.5003479 0.4710534 0.7809667 0.7998399 0.8327332 0.8847327 0.8625264 0.8972419 0.8380031 0.7934785 0.8103564 0.7891509 0.7906106 0.8110347 0.8039094 0.8012070 0.7410099 0.8163911 0.8737984 0.8206820 0.8236372 0.8190569 0.8080080 0.8114489 0.8192094 0.7997051 0.8135481 0.8003247 0.7882481 0.7654076 0.8460965 1.0754822 0.8529565 0.7939658 0.8349452 0.8330297 0.7516777 0.7602804 0.7332750 0.7080446 0.6561371 0.8138769 0.6109192 0.5301145 0.4985716 0.4732477 0.6510468 0.4367036 0.4288761 0.4371819 0.5261263 1.8445789 1.8585880 1.7946140 2.4656983 
G.NG.92.92NG083_JV10832.U88826         0.5169942 0.5801123 0.4893678 0.0000000 0.3391871 0.3865673 0.3846875 0.6550337 0.6269360 0.6644999 0.6597602 0.6162911 0.6212469 0.6915498 0.9593798 0.9054220 0.9592640 0.9379663 0.9301324 0.9295481 0.9548725 0.9215928 0.9514631 0.9901221 1.0388942 1.0193348 0.8739297 0.9078224 0.9480779 0.9313804 0.8822946 0.6210997 0.6960895 0.6867886 0.7293384 0.8764736 0.7290209 0.7181388 0.8090161 0.6961786 0.7372683 0.8193905 0.8835877 0.6145334 0.6026609 0.5804443 0.5469712 0.8478512 0.8637662 0.9176203 0.9645939 0.9402192 0.9874487 0.9338088 0.8564872 0.9066336 0.8868844 0.8862240 0.8814914 0.9018831 0.8732237 0.8353170 0.8752123 0.9286735 0.9234854 0.9032452 0.9326599 0.9198610 0.9319364 0.9031554 0.8983568 0.8874034 0.8933675 0.8756519 0.8412248 0.9356452 1.1603541 0.9651484 0.8694654 0.9133626 0.9054611 0.8622321 0.8499913 0.8130568 0.7911092 0.7428961 0.8704131 0.7096908 0.6226748 0.5856633 0.5680709 0.7394641 0.5287456 0.5204024 0.5350189 0.6387679 1.8884370 1.9686545 1.9135374 2.5320326 
G.NG.09.09NG010261.KX389626            0.5650261 0.6349249 0.5578720 0.3391871 0.0000000 0.4505190 0.4522540 0.6901500 0.6809484 0.7009513 0.7117802 0.6672295 0.6661070 0.7423849 1.0103360 0.9520647 1.0262584 0.9601115 0.9597567 1.0025635 0.9988696 0.9632423 0.9992406 1.0551552 1.0769201 1.0760835 0.9057998 0.9717148 0.9852326 0.9869492 0.9680022 0.6866926 0.7601921 0.7638900 0.8000285 0.9270157 0.7934933 0.7842447 0.8785303 0.7660734 0.8033515 0.8850410 0.9376561 0.6731337 0.6854915 0.6288829 0.5959563 0.9032117 0.9085423 0.9168236 0.9813363 0.9637417 1.0093055 0.9525915 0.8870988 0.9413346 0.9233654 0.9241659 0.9134114 0.9274351 0.9034079 0.8598533 0.9314218 0.9665135 0.9681746 0.9351119 0.9471018 0.9154574 0.9442914 0.9115495 0.9176798 0.9389090 0.9156631 0.8985947 0.8849152 0.9590738 1.1823389 1.0052375 0.9040435 0.9650730 0.9618607 0.8932914 0.8656297 0.8458117 0.8391216 0.7782699 0.9353131 0.7587791 0.6785520 0.6504403 0.6279520 0.7805911 0.6002097 0.5827428 0.5840490 0.6785091 1.9924511 2.0955118 1.9692734 2.5466281 
01F2G.CM.02.LT31.JN864056              0.5970950 0.6648743 0.6018172 0.3865673 0.4505190 0.0000000 0.4034551 0.7381881 0.7191271 0.7484744 0.7490481 0.7051082 0.6966206 0.7738081 1.0548822 0.9858704 1.0431995 1.0346509 1.0363899 1.0277552 1.0255748 0.9980540 1.0272687 1.0968699 1.1447313 1.0791864 0.9525179 0.9881210 1.0305661 1.0018298 0.9917469 0.7252947 0.8034451 0.7941877 0.8306430 0.9906070 0.8217601 0.8365268 0.8790025 0.8062833 0.8327899 0.9301634 1.0043902 0.7334094 0.7114224 0.6632228 0.6396771 0.9376671 0.9460524 0.9954165 1.0174032 1.0101592 1.0395194 1.0047578 0.9311494 0.9827043 0.9533381 0.9556404 0.9486382 0.9769522 0.9528477 0.9138594 0.9745184 1.0309761 1.0003423 0.9652660 0.9873510 0.9888115 0.9914147 0.9668758 0.9825258 0.9674747 0.9423294 0.9290171 0.8945505 1.0080974 1.2068603 1.0465675 0.9688159 1.0126148 1.0159053 0.9118367 0.9106284 0.8824084 0.8774210 0.8451426 0.9752888 0.8199446 0.7231287 0.6688438 0.6408402 0.8211684 0.6133314 0.6045578 0.6397180 0.7136218 1.9439552 1.9920009 1.9262843 2.6645281 
BCG.ES.15.100_119.KY496623             0.6020289 0.6899304 0.6181417 0.3846875 0.4522540 0.4034551 0.0000000 0.7417826 0.7353802 0.7651840 0.7723727 0.7160522 0.6965269 0.7878548 1.0456327 0.9937935 1.0759407 1.0424402 1.0156717 1.0492919 1.0573123 1.0128313 1.0451437 1.1006343 1.1702125 1.1244150 0.9603094 1.0156084 1.0595225 1.0539563 1.0105403 0.7259999 0.8009704 0.7845715 0.8276184 1.0027931 0.8401013 0.8246302 0.8860192 0.8073980 0.8297468 0.8803463 1.0145336 0.7331098 0.7246541 0.6905561 0.6380690 0.9263880 0.9370437 0.9823649 1.0466995 0.9901021 1.0670752 0.9796962 0.9284387 1.0059836 0.9658721 0.9609281 0.9492148 0.9708049 0.9601525 0.8917255 0.9769480 1.0197334 1.0211646 0.9843330 0.9999505 0.9824308 1.0002251 0.9872416 0.9689061 0.9668246 0.9553037 0.9427440 0.9268885 0.9862682 1.2571409 1.0478631 0.9663049 1.0144832 1.0028217 0.9211987 0.9140705 0.8929466 0.8785692 0.8463970 0.9427534 0.8260110 0.7320677 0.6877606 0.6596341 0.8591395 0.6234570 0.6146983 0.6419706 0.7312557 1.9649294 2.0736072 1.9751953 2.7043980 
A1.KE.06.06KECst_028.FJ623479          0.5291359 0.6062829 0.5469566 0.6550337 0.6901500 0.7381881 0.7417826 0.0000000 0.3098128 0.4049183 0.4112033 0.3626593 0.3974290 0.4817497 0.7419337 0.7201518 0.7692215 0.7323762 0.7226622 0.7595411 0.7515435 0.7053157 0.7582940 0.8176779 0.8402357 0.8346657 0.7084021 0.7104063 0.7400691 0.7105805 0.7037738 0.4513351 0.5630558 0.5733906 0.6093392 0.7404921 0.5921272 0.6101404 0.6828677 0.5804104 0.6104051 0.7053375 0.7791877 0.4925730 0.4664746 0.4441744 0.5103518 0.8341202 0.8413070 0.8929009 0.9135388 0.9057494 0.9366372 0.9078838 0.8432984 0.8899267 0.8415819 0.8720520 0.8592081 0.8745812 0.8401178 0.8075172 0.8674097 0.9262087 0.8898360 0.8931361 0.9105611 0.9147111 0.9094651 0.8707951 0.8785145 0.8916020 0.8651566 0.8516926 0.8309722 0.9000326 1.1710878 0.9383274 0.8660197 0.8896321 0.9126167 0.8305182 0.8082836 0.7991315 0.7657685 0.7291211 0.8166898 0.6566246 0.6423709 0.5931510 0.5842828 0.7203213 0.5384580 0.5333689 0.5433830 0.6395830 1.8633304 1.9209001 1.8506349 2.5764546 
A1.KE.06.06KECst_013.FJ623485          0.5146264 0.5899076 0.5395235 0.6269360 0.6809484 0.7191271 0.7353802 0.3098128 0.0000000 0.3898525 0.4089428 0.3553949 0.3843708 0.4695197 0.7424704 0.7135935 0.7578100 0.7171946 0.7249991 0.7333794 0.7268440 0.7008960 0.7274543 0.7929965 0.8515395 0.8222990 0.6866347 0.7078407 0.7158954 0.7035769 0.6855095 0.4332090 0.5493635 0.5483839 0.5864133 0.7323105 0.5783650 0.5862213 0.6548586 0.5640281 0.5880582 0.6897751 0.7805246 0.4855309 0.4534055 0.4346586 0.4805870 0.8231376 0.8223991 0.8868148 0.9029951 0.9124396 0.9195270 0.8893013 0.8270162 0.8695373 0.8463308 0.8473985 0.8445038 0.8577327 0.8292925 0.7880588 0.8620015 0.9107901 0.8867606 0.8762245 0.8877897 0.8908343 0.8861668 0.8760107 0.8655918 0.8616895 0.8594637 0.8262883 0.8211332 0.8803212 1.1398719 0.8984529 0.8474779 0.8936434 0.8824554 0.8296622 0.7913045 0.7784353 0.7495377 0.7035096 0.8417995 0.6720198 0.6186054 0.5887929 0.5612952 0.7461533 0.5457069 0.5278076 0.5508788 0.6366530 1.8372180 1.9028483 1.8124795 2.5138396 
35_AD.AF.06.007H.GQ477450              0.5430580 0.6131377 0.5654621 0.6644999 0.7009513 0.7484744 0.7651840 0.4049183 0.3898525 0.0000000 0.4344348 0.3862654 0.4139676 0.5048089 0.7576356 0.7370842 0.7923574 0.7647880 0.7704157 0.7666673 0.7810330 0.7470455 0.7800067 0.8251225 0.8848662 0.8563344 0.7317625 0.7505631 0.7767581 0.7458247 0.7417123 0.4637333 0.5736608 0.5705896 0.6183730 0.7700188 0.5997168 0.6147337 0.6755078 0.5938386 0.6309227 0.7057135 0.7947789 0.5075614 0.4905433 0.4519377 0.5231570 0.8535076 0.8492240 0.8904778 0.9034951 0.9315694 0.9620176 0.9073211 0.8478283 0.8908045 0.8656496 0.8668491 0.8618081 0.8767044 0.8484605 0.7869094 0.8633919 0.9109910 0.9222248 0.8843498 0.8992554 0.9064820 0.8958275 0.8728305 0.8726950 0.8785386 0.8637751 0.8457208 0.8303155 0.9102744 1.1554829 0.9409035 0.8794457 0.9232748 0.8945656 0.8529472 0.8210616 0.8017896 0.7786636 0.7492466 0.8622638 0.7075476 0.6576945 0.6176612 0.5830247 0.7988359 0.5740382 0.5630574 0.5801535 0.6683861 1.8787325 1.9111992 1.8705341 2.6280268 
A1.CY.07.CY208.JF683760                0.5550898 0.6263211 0.5698019 0.6597602 0.7117802 0.7490481 0.7723727 0.4112033 0.4089428 0.4344348 0.0000000 0.2383012 0.4164866 0.4903752 0.7756001 0.7267681 0.7809658 0.7546158 0.7345594 0.7754659 0.7433995 0.7327566 0.7604349 0.8089220 0.8799688 0.8423735 0.7111923 0.7350675 0.7327135 0.7217574 0.7039984 0.4723691 0.5761286 0.5855653 0.6168874 0.7703029 0.6169199 0.6036380 0.6957101 0.5925359 0.6273446 0.7184850 0.7966934 0.5056665 0.4790198 0.4496313 0.5164250 0.8815037 0.8633728 0.9097381 0.9374046 0.9432296 0.9771243 0.9252105 0.8630941 0.9081411 0.8680961 0.8615496 0.8688710 0.8807684 0.8721747 0.8173279 0.8962868 0.9238672 0.9056898 0.9031912 0.9294367 0.9231746 0.9195435 0.8834840 0.9083486 0.9040156 0.8993909 0.8711074 0.8461382 0.9266551 1.1805385 0.9427856 0.8955365 0.9443407 0.8971570 0.8494438 0.8432363 0.7958521 0.8108857 0.7304357 0.8388825 0.6847216 0.6644207 0.6067554 0.5884870 0.7619250 0.5749164 0.5638439 0.5796110 0.6757008 1.9081030 1.9573213 1.8730770 2.5709842 
A1.CY.05.CY051.FJ388903                0.4951372 0.5701880 0.5163391 0.6162911 0.6672295 0.7051082 0.7160522 0.3626593 0.3553949 0.3862654 0.2383012 0.0000000 0.3616379 0.4527799 0.7238382 0.6878121 0.7389032 0.7049574 0.7001142 0.7228439 0.7100104 0.6781215 0.7133373 0.7660247 0.8387686 0.8106030 0.6757527 0.6977452 0.7130290 0.7002219 0.6819215 0.4057010 0.5238889 0.5313554 0.5619235 0.7120004 0.5607922 0.5695001 0.6310000 0.5436103 0.5684716 0.6561368 0.7556932 0.4513244 0.4303813 0.4035531 0.4696607 0.8202435 0.7986362 0.8768240 0.9026492 0.8815811 0.9238838 0.8643271 0.8040779 0.8553222 0.8049225 0.8238061 0.8134690 0.8269051 0.8095284 0.7706380 0.8390257 0.8707098 0.8521344 0.8587360 0.8595811 0.8716197 0.8516481 0.8328778 0.8324921 0.8443798 0.8356962 0.8157632 0.7925476 0.8694897 1.0882637 0.8743744 0.8333708 0.8859748 0.8487082 0.8031683 0.7583964 0.7599773 0.7496556 0.6810861 0.8016615 0.6431571 0.6012804 0.5602089 0.5459613 0.7150630 0.5276711 0.5069416 0.5302677 0.6156942 1.8400312 1.9004018 1.8555724 2.5548691 
A1.UG.11.DEMA110UG001.KF859745         0.4972267 0.5849054 0.5169296 0.6212469 0.6661070 0.6966206 0.6965269 0.3974290 0.3843708 0.4139676 0.4164866 0.3616379 0.0000000 0.4510789 0.7104094 0.6922747 0.7406195 0.6972916 0.7059287 0.7368084 0.7190169 0.6861235 0.7123034 0.7689980 0.8106055 0.7835679 0.6842679 0.7096488 0.7210290 0.6779826 0.6694461 0.4224207 0.5358405 0.5397157 0.5746417 0.7515071 0.5819228 0.5939593 0.6534031 0.5533712 0.5869349 0.6823951 0.7478736 0.4686081 0.4489209 0.4091506 0.4804584 0.8439324 0.8255568 0.8639479 0.8975283 0.8879223 0.9170577 0.8830326 0.8260100 0.8699475 0.8378548 0.8373538 0.8165905 0.8527623 0.8193160 0.7824062 0.8341587 0.8896120 0.8655634 0.8494940 0.8716651 0.8517093 0.8645240 0.8518203 0.8368482 0.8439529 0.8522969 0.8283349 0.7905053 0.8809845 1.1201711 0.9038799 0.8313277 0.8678630 0.8681975 0.8133518 0.7671797 0.7519191 0.7088106 0.6926115 0.7840141 0.6461527 0.6063194 0.5579346 0.5342335 0.7148249 0.5216388 0.5063902 0.5280637 0.6106223 1.8183767 1.9356640 1.8418269 2.5385624 
A1C.UG.99.99UGF25926.AF484491          0.5731447 0.6364553 0.6050809 0.6915498 0.7423849 0.7738081 0.7878548 0.4817497 0.4695197 0.5048089 0.4903752 0.4527799 0.4510789 0.0000000 0.6499787 0.5977906 0.6662397 0.6118486 0.6152469 0.6283861 0.6326275 0.5858194 0.6340736 0.6896138 0.7323859 0.6951151 0.5706530 0.5950280 0.6204389 0.6020709 0.5853955 0.4682295 0.5964289 0.5973195 0.6416265 0.7704319 0.6301032 0.6305515 0.6981667 0.6182242 0.6506581 0.7595481 0.8283735 0.5261505 0.5154842 0.4748171 0.5417006 0.8891197 0.8852316 0.9232593 0.9533764 0.9564691 0.9816209 0.9505268 0.8711798 0.9063304 0.8894289 0.8899002 0.8574816 0.8932784 0.8663918 0.8378244 0.8877621 0.9417672 0.9315188 0.8924559 0.9268756 0.9116495 0.8989881 0.8949496 0.8939324 0.9027719 0.8801342 0.8802381 0.8691303 0.9184104 1.1435659 0.9441897 0.8785194 0.9577293 0.9420129 0.8637489 0.8221966 0.8302570 0.8002537 0.7722815 0.8838563 0.7136573 0.6794979 0.6505364 0.6158064 0.7738816 0.5966201 0.5654277 0.5817186 0.6591633 1.8593929 1.9565176 1.8556477 2.4547635 
A1C.IN.15.SC017.KY713232               0.8252071 0.9056534 0.8444883 0.9593798 1.0103360 1.0548822 1.0456327 0.7419337 0.7424704 0.7576356 0.7756001 0.7238382 0.7104094 0.6499787 0.0000000 0.6294281 0.6982467 0.6483625 0.6507504 0.6700348 0.6607825 0.6229753 0.6640586 0.7234905 0.7642623 0.7377105 0.5910024 0.6256686 0.6586307 0.6169662 0.6330985 0.7385181 0.8618785 0.8599135 0.8968889 1.0482404 0.9210201 0.9014766 0.9620815 0.8925110 0.9312794 1.0101244 1.0706757 0.8218672 0.7782930 0.7418627 0.8008097 1.1464046 1.1311145 1.2065638 1.2061827 1.2018664 1.2428428 1.1838059 1.1187280 1.1580644 1.1585121 1.1476819 1.1933597 1.1281934 1.1288431 1.1050621 1.1869786 1.2579584 1.1961397 1.1763908 1.1731066 1.1814934 1.1497430 1.1687756 1.1593809 1.1872345 1.1509474 1.1275696 1.1163396 1.1804213 1.4540191 1.1787615 1.1468723 1.2089761 1.1708044 1.1710571 1.1124215 1.0861796 1.0746093 1.0286558 1.1522538 0.9632605 0.9356019 0.9264059 0.8799786 1.0205483 0.8700321 0.8344411 0.8434875 0.9347872 2.1150147 2.1855281 2.1427388 2.8326386 
C.IL.99.99ET14.AY255825                0.7956827 0.8743756 0.8274385 0.9054220 0.9520647 0.9858704 0.9937935 0.7201518 0.7135935 0.7370842 0.7267681 0.6878121 0.6922747 0.5977906 0.6294281 0.0000000 0.4149595 0.4092535 0.4068539 0.4319953 0.4303291 0.3876305 0.4365944 0.4988148 0.5261280 0.5073940 0.3746256 0.4015347 0.4223427 0.3830224 0.3772252 0.7056648 0.8332425 0.8454619 0.8786841 1.0337285 0.8570635 0.8709403 0.9553145 0.8515911 0.9047125 0.9448485 1.0168655 0.7543633 0.7665582 0.7139181 0.7604531 1.0790216 1.1039875 1.1134310 1.1491634 1.1690610 1.1953220 1.1691054 1.0739378 1.1047930 1.0769008 1.1254991 1.0902776 1.1036972 1.0765903 1.0550598 1.1271985 1.1694821 1.1371820 1.1182926 1.1610411 1.1745609 1.1435599 1.1328337 1.1137769 1.1092637 1.0869446 1.0799875 1.0621437 1.1434075 1.4277611 1.1772992 1.1191668 1.1743614 1.1566927 1.0831521 1.0387423 1.0584610 1.0383388 1.0040379 1.0945854 0.9102104 0.9046359 0.9227130 0.8410305 0.9879235 0.8197367 0.8007628 0.8227449 0.9321105 2.0210671 2.0845548 2.1014007 2.6998478 
C.SE.09.035ZA.MF373148                 0.8274562 0.9462850 0.8823469 0.9592640 1.0262584 1.0431995 1.0759407 0.7692215 0.7578100 0.7923574 0.7809658 0.7389032 0.7406195 0.6662397 0.6982467 0.4149595 0.0000000 0.4723942 0.4610625 0.4939650 0.4830977 0.4438056 0.4928644 0.5525001 0.5878207 0.5486405 0.4271149 0.4600120 0.4756897 0.4308703 0.4237458 0.7635223 0.8783088 0.8704923 0.9027448 1.0824766 0.8873337 0.8933425 0.9646086 0.8975372 0.9305086 1.0181541 1.0787533 0.8302546 0.8164496 0.7587717 0.8227121 1.1477545 1.1759177 1.2097634 1.2328919 1.2218807 1.2663181 1.2160452 1.1548903 1.1843594 1.1820725 1.1743923 1.1789668 1.1587598 1.1407147 1.1191372 1.1812569 1.2493640 1.2186647 1.1741894 1.2265956 1.2178452 1.2250423 1.1441034 1.2239435 1.1919123 1.1724634 1.1556451 1.1374640 1.2178145 1.4997141 1.2631593 1.1596919 1.2311639 1.2064588 1.1623309 1.1397865 1.1373457 1.0811704 1.0324872 1.1381080 0.9895520 0.9802219 0.9463259 0.9026225 1.0447143 0.8704016 0.8431734 0.8676573 0.9643652 2.1261185 2.1772326 2.1334698 2.8937097 
C.ZA.04.04ZASK135B1.DQ011166           0.8103427 0.8750522 0.8403673 0.9379663 0.9601115 1.0346509 1.0424402 0.7323762 0.7171946 0.7647880 0.7546158 0.7049574 0.6972916 0.6118486 0.6483625 0.4092535 0.4723942 0.0000000 0.3178633 0.3396106 0.3521670 0.3247935 0.3715760 0.4579553 0.4830066 0.4641951 0.3269991 0.3947486 0.4199468 0.3743152 0.3755696 0.7132354 0.8493783 0.8450651 0.8813638 1.0306482 0.8589320 0.8657180 0.9314258 0.8581230 0.8848855 0.9625028 1.0685670 0.7789035 0.7760423 0.7137077 0.7863562 1.1273244 1.1364315 1.1613932 1.1762373 1.1640880 1.2241353 1.2399908 1.1238923 1.1431450 1.1143465 1.1194557 1.1145249 1.1357056 1.1066914 1.0726608 1.1468979 1.2182217 1.1753534 1.1310314 1.2101868 1.1933909 1.1727888 1.1759419 1.1626038 1.1579163 1.1497300 1.1132290 1.1039941 1.1992702 1.4369515 1.1864535 1.1433665 1.1975882 1.1626738 1.1471088 1.0889079 1.0877811 1.0528171 1.0082666 1.1155463 0.9549871 0.9280350 0.8847375 0.8607640 0.9978009 0.8494500 0.8282751 0.8412748 0.9199632 2.1273746 2.2117533 2.1386716 2.8192710 
C.ZA.03.03ZAPS130MB1.DQ275658          0.8326563 0.8698774 0.8364850 0.9301324 0.9597567 1.0363899 1.0156717 0.7226622 0.7249991 0.7704157 0.7345594 0.7001142 0.7059287 0.6152469 0.6507504 0.4068539 0.4610625 0.3178633 0.0000000 0.2900475 0.3617453 0.3339614 0.3834179 0.4606538 0.4898049 0.4702560 0.3339217 0.4025360 0.4234318 0.3893861 0.3767422 0.7206957 0.8420300 0.8467330 0.8517368 1.0055602 0.8578509 0.8692495 0.9355288 0.8477898 0.8835114 0.9676882 1.0733766 0.7977185 0.7553946 0.7128047 0.7976824 1.1222297 1.1087210 1.1472812 1.1899834 1.1967620 1.2484825 1.2027112 1.1085358 1.1421313 1.1349096 1.1407767 1.1306910 1.1321077 1.1338201 1.1075363 1.1459739 1.2293641 1.1717138 1.1456724 1.1936738 1.1872536 1.1767592 1.1718676 1.1831586 1.1684019 1.1471880 1.1403975 1.1177324 1.2063505 1.4777405 1.2037783 1.1465853 1.1993509 1.1616129 1.1259890 1.1038708 1.0674063 1.0429750 0.9960510 1.1072669 0.9438753 0.9370804 0.9146120 0.8741200 0.9963922 0.8436236 0.8230896 0.8385801 0.9194993 2.1599912 2.1877605 2.0809519 2.7210011 
C.ZA.97.97ZA012.AF286227               0.8411389 0.8986457 0.8537451 0.9295481 1.0025635 1.0277552 1.0492919 0.7595411 0.7333794 0.7666673 0.7754659 0.7228439 0.7368084 0.6283861 0.6700348 0.4319953 0.4939650 0.3396106 0.2900475 0.0000000 0.3956121 0.3479179 0.4010414 0.4836458 0.5059663 0.4760956 0.3571778 0.4353380 0.4543562 0.4158213 0.4097467 0.7342461 0.8774940 0.8810461 0.9067839 1.0674432 0.8872711 0.8932236 0.9836965 0.8805541 0.9173009 1.0116307 1.0995327 0.8151902 0.7972177 0.7285054 0.8050566 1.1236704 1.1386448 1.1509156 1.1972911 1.1961731 1.2538329 1.1962438 1.1215825 1.1843116 1.1506478 1.1425404 1.1340663 1.1276328 1.1619136 1.1073918 1.1487866 1.2421843 1.1823357 1.1585044 1.2085015 1.1923965 1.1738331 1.1954161 1.1853439 1.1714787 1.1535070 1.1296268 1.1167823 1.2017669 1.4652339 1.2235689 1.1622846 1.2296291 1.1980335 1.1450533 1.1179946 1.1065169 1.0781992 1.0247092 1.1369795 0.9727779 0.9363656 0.9389177 0.8912281 1.0361204 0.8741983 0.8571345 0.8720694 0.9366856 2.1463436 2.1862455 2.1293943 2.8318597 
C.BW.98.98BWMC14A3.AF443078            0.8323279 0.9208247 0.8751371 0.9548725 0.9988696 1.0255748 1.0573123 0.7515435 0.7268440 0.7810330 0.7433995 0.7100104 0.7190169 0.6326275 0.6607825 0.4303291 0.4830977 0.3521670 0.3617453 0.3956121 0.0000000 0.3438338 0.3883886 0.4712488 0.4929787 0.4753926 0.3476481 0.4210192 0.4378676 0.3997008 0.3924892 0.7412885 0.8636301 0.8646488 0.8985202 1.0468170 0.8757215 0.8911980 0.9665961 0.8609292 0.9127244 0.9890227 1.0808031 0.7966475 0.8027079 0.7240545 0.8148957 1.1326022 1.1220629 1.1740409 1.1833742 1.1708349 1.2504776 1.2170997 1.1222126 1.1626122 1.1537524 1.1367427 1.1610426 1.1684711 1.1477491 1.1218324 1.1558045 1.2154898 1.1895929 1.1630354 1.2158585 1.2064048 1.1875310 1.1919963 1.1885741 1.1593306 1.1442395 1.1434152 1.1312913 1.2034856 1.4540589 1.2245972 1.1670704 1.2451701 1.1959657 1.1438267 1.0917965 1.1118784 1.0785145 1.0205469 1.1387098 0.9647731 0.9731318 0.9338127 0.8977351 1.0469991 0.8607626 0.8618138 0.8824924 0.9365733 2.1615279 2.1878126 2.1562624 2.8033544 
C.ZA.99.99ZALT4.EU293444               0.7886499 0.8710063 0.8302649 0.9215928 0.9632423 0.9980540 1.0128313 0.7053157 0.7008960 0.7470455 0.7327566 0.6781215 0.6861235 0.5858194 0.6229753 0.3876305 0.4438056 0.3247935 0.3339614 0.3479179 0.3438338 0.0000000 0.2884789 0.4366237 0.4596010 0.4467185 0.3017171 0.3804153 0.3974941 0.3627894 0.3528214 0.7063683 0.8253638 0.8166448 0.8546333 0.9819596 0.8262289 0.8439326 0.9197221 0.8321456 0.8799118 0.9395235 1.0569971 0.7589488 0.7651636 0.7051091 0.7759753 1.0894095 1.0897485 1.1243306 1.1450975 1.1290417 1.2009178 1.1708761 1.0737212 1.1557250 1.0955650 1.1263684 1.1232521 1.1188575 1.0871860 1.0732196 1.1076594 1.1765955 1.1295575 1.1205849 1.1834388 1.1748572 1.1664891 1.1557141 1.1377580 1.1765359 1.0995609 1.1172774 1.0762032 1.1547621 1.4251780 1.1776086 1.1289750 1.1937266 1.1422643 1.1149204 1.0768262 1.0615057 1.0374566 0.9904711 1.1018732 0.9284329 0.9098684 0.9034366 0.8801299 0.9800362 0.8184157 0.8092023 0.8405765 0.9059592 2.1172627 2.1646187 2.1663275 2.8374378 
C.ZA.02.02ZAPS015MB1.DQ369995          0.8431781 0.9014913 0.8573556 0.9514631 0.9992406 1.0272687 1.0451437 0.7582940 0.7274543 0.7800067 0.7604349 0.7133373 0.7123034 0.6340736 0.6640586 0.4365944 0.4928644 0.3715760 0.3834179 0.4010414 0.3883886 0.2884789 0.0000000 0.4768560 0.5125184 0.4832603 0.3512396 0.4171012 0.4402310 0.4065517 0.3991974 0.7283342 0.8625778 0.8576547 0.9015516 1.0424329 0.8823574 0.8798429 0.9618562 0.8671156 0.9289471 0.9913674 1.0909691 0.8130085 0.7970515 0.7422079 0.8026581 1.1419882 1.1351242 1.1544798 1.1999047 1.1812386 1.2480670 1.2277716 1.1138915 1.1726365 1.1271918 1.1604473 1.1582775 1.1572401 1.1437562 1.1116830 1.1564457 1.2238572 1.1904209 1.1806091 1.2067184 1.2206683 1.1744991 1.1929309 1.1814884 1.1721976 1.1708956 1.1394276 1.1135588 1.1707694 1.4115451 1.2117867 1.1486792 1.2035356 1.1884198 1.1394593 1.0894404 1.0894382 1.0841809 1.0230726 1.1242248 0.9591607 0.9607313 0.9201531 0.8834928 1.0223354 0.8575127 0.8153677 0.8738941 0.9534203 2.1849438 2.2178080 2.2162940 2.9117742 
C.GB.14.13659_1_48.3.MF109437          0.8671326 0.9603500 0.8993781 0.9901221 1.0551552 1.0968699 1.1006343 0.8176779 0.7929965 0.8251225 0.8089220 0.7660247 0.7689980 0.6896138 0.7234905 0.4988148 0.5525001 0.4579553 0.4606538 0.4836458 0.4712488 0.4366237 0.4768560 0.0000000 0.5271519 0.5097834 0.4231062 0.4885708 0.4980920 0.4686938 0.4674105 0.7790893 0.9106837 0.8912828 0.9403212 1.0772702 0.9170263 0.9291792 0.9808096 0.9033111 0.9373314 1.0265526 1.1271603 0.8267454 0.8242590 0.7899331 0.8632294 1.1673695 1.1690541 1.2151476 1.2229933 1.2119424 1.2492645 1.2205514 1.1430811 1.2041797 1.1497224 1.1906457 1.1625423 1.1809770 1.1702385 1.1197064 1.1836422 1.2482342 1.2195630 1.1895503 1.2286086 1.2155503 1.2187557 1.1934044 1.2139323 1.1899093 1.1760495 1.1899893 1.1118085 1.2569626 1.4331884 1.2794300 1.1868642 1.2391972 1.2059229 1.1725760 1.1220712 1.1318297 1.1092160 1.0724009 1.1678918 1.0086889 1.0025791 0.9787433 0.9414473 1.0635520 0.9072849 0.9057946 0.9100473 1.0086059 2.2081581 2.2628395 2.2240424 2.8797852 
BC.CN.07.07CNYN340.KF835526            0.9218671 0.9992899 0.9563875 1.0388942 1.0769201 1.1447313 1.1702125 0.8402357 0.8515395 0.8848662 0.8799688 0.8387686 0.8106055 0.7323859 0.7642623 0.5261280 0.5878207 0.4830066 0.4898049 0.5059663 0.4929787 0.4596010 0.5125184 0.5271519 0.0000000 0.3766503 0.4415987 0.5223034 0.5190788 0.5051877 0.5024757 0.8322466 0.9669228 0.9537981 0.9911049 1.1439468 0.9934521 0.9980293 1.0980949 0.9723176 1.0228159 1.0764481 1.1865067 0.9036968 0.8914895 0.8419763 0.8973671 1.2535880 1.2414465 1.2776321 1.3266513 1.3052135 1.3537696 1.3337068 1.2099109 1.2703650 1.2420449 1.2557263 1.2615615 1.2548884 1.2513551 1.2254798 1.2751690 1.3004587 1.2787534 1.2794365 1.2956911 1.2796914 1.2641285 1.2942773 1.2637185 1.2940423 1.2351212 1.2461016 1.2408945 1.2852646 1.5390145 1.3383936 1.2414011 1.2963680 1.3203545 1.2433435 1.2412569 1.2224333 1.2158654 1.1140000 1.2336982 1.1171921 1.0240305 1.0469703 0.9659541 1.1149451 0.9423001 0.9306036 0.9618794 1.0430301 2.2477781 2.2960781 2.2780608 2.8509655 
85_BC.CN.14.14CN_SCYB4.KU992932        0.9009528 0.9808352 0.9320993 1.0193348 1.0760835 1.0791864 1.1244150 0.8346657 0.8222990 0.8563344 0.8423735 0.8106030 0.7835679 0.6951151 0.7377105 0.5073940 0.5486405 0.4641951 0.4702560 0.4760956 0.4753926 0.4467185 0.4832603 0.5097834 0.3766503 0.0000000 0.4355482 0.5040639 0.5270648 0.4879136 0.4896973 0.7949619 0.9431469 0.9230180 0.9688328 1.0887220 0.9392130 0.9514254 1.0368893 0.9418225 0.9886392 1.0264491 1.1544793 0.8813402 0.8557723 0.8184624 0.8789420 1.2028032 1.1995438 1.2272940 1.2353782 1.2691023 1.3204477 1.2904415 1.1717080 1.2156273 1.2286266 1.2245026 1.2181799 1.2059731 1.1980008 1.1758672 1.2213125 1.2925085 1.2449079 1.2348896 1.2642457 1.2541549 1.2383183 1.2181599 1.2302285 1.2617047 1.1987480 1.2183230 1.1879277 1.2419064 1.4896243 1.2601309 1.2137353 1.2844233 1.2416224 1.2089905 1.1753827 1.2046138 1.1334250 1.1064129 1.1602814 1.0608839 1.0112768 1.0186783 0.9559302 1.0894706 0.9516316 0.9156333 0.9521793 1.0013073 2.2449667 2.2920678 2.2721178 2.9825202 
C.BW.00.00BW076820.AF443089            0.7785895 0.8455945 0.7948614 0.8739297 0.9057998 0.9525179 0.9603094 0.7084021 0.6866347 0.7317625 0.7111923 0.6757527 0.6842679 0.5706530 0.5910024 0.3746256 0.4271149 0.3269991 0.3339217 0.3571778 0.3476481 0.3017171 0.3512396 0.4231062 0.4415987 0.4355482 0.0000000 0.3695848 0.3770491 0.3510986 0.3482292 0.6574574 0.8289595 0.8140753 0.8391534 1.0016616 0.8291132 0.8530880 0.9098180 0.8114621 0.8465571 0.9275384 1.0146140 0.7525296 0.7156622 0.6744514 0.7521735 1.0952529 1.0728489 1.1155437 1.1545178 1.1424344 1.1835425 1.1721431 1.0488762 1.1319090 1.0807830 1.0971393 1.1151187 1.1067211 1.0772441 1.0561368 1.1082250 1.1901645 1.1443899 1.1297409 1.1711967 1.1587248 1.1267439 1.1202377 1.1177035 1.1259762 1.0736048 1.1018645 1.0612269 1.1522645 1.3687390 1.1716441 1.0953360 1.1589790 1.1359940 1.0736893 1.0474976 1.0387875 1.0240021 0.9636271 1.0424516 0.8971219 0.8605620 0.8777380 0.8149297 0.9748010 0.8069426 0.7870665 0.8042843 0.8803197 2.1002139 2.1812343 2.1036346 2.6252472 
C.ZA.04.04ZASK170B1.DQ093595           0.8147139 0.8947183 0.8237518 0.9078224 0.9717148 0.9881210 1.0156084 0.7104063 0.7078407 0.7505631 0.7350675 0.6977452 0.7096488 0.5950280 0.6256686 0.4015347 0.4600120 0.3947486 0.4025360 0.4353380 0.4210192 0.3804153 0.4171012 0.4885708 0.5223034 0.5040639 0.3695848 0.0000000 0.3410668 0.3058930 0.3394962 0.7083391 0.8254791 0.8443717 0.8581573 0.9939253 0.8600655 0.8571523 0.9318631 0.8166301 0.8791789 0.9413301 1.0311924 0.7513579 0.7426959 0.7001668 0.7872459 1.1059501 1.1271429 1.1765052 1.1787560 1.2006624 1.2422381 1.2078886 1.1104174 1.1399776 1.1377550 1.1597885 1.1584145 1.1588964 1.1283860 1.1134935 1.1536065 1.1952782 1.1375574 1.1301538 1.1636813 1.1869602 1.1585353 1.1452453 1.1532679 1.1537839 1.1500984 1.1296972 1.1058922 1.1908708 1.4177173 1.1723992 1.1380517 1.1949616 1.1603427 1.1148956 1.0788255 1.0578433 1.0282210 1.0232028 1.0885656 0.9528616 0.8917930 0.8938075 0.8600369 0.9872327 0.8238686 0.8122003 0.8278874 0.9163617 2.0370976 2.1782435 2.1065219 2.7888482 
C.TZ.02.CO6721.AY734560                0.8428267 0.9086920 0.8443584 0.9480779 0.9852326 1.0305661 1.0595225 0.7400691 0.7158954 0.7767581 0.7327135 0.7130290 0.7210290 0.6204389 0.6586307 0.4223427 0.4756897 0.4199468 0.4234318 0.4543562 0.4378676 0.3974941 0.4402310 0.4980920 0.5190788 0.5270648 0.3770491 0.3410668 0.0000000 0.2591049 0.3598048 0.7426618 0.8403204 0.8494847 0.8751584 1.0193784 0.8512354 0.8770066 0.9472457 0.8605902 0.8971156 0.9612240 1.0753358 0.7801168 0.7921395 0.7283070 0.7998778 1.1213427 1.1193581 1.1517515 1.1741117 1.1616814 1.2411232 1.1958575 1.1166319 1.1519098 1.1128851 1.1352692 1.1478791 1.1281300 1.1091488 1.1026174 1.1503885 1.2023135 1.1695285 1.1460697 1.2096888 1.1959754 1.1696559 1.1493201 1.1735704 1.1464790 1.1348282 1.1140886 1.1103121 1.1595749 1.4152537 1.2073319 1.1261596 1.2163044 1.1491217 1.1309199 1.0708395 1.1075643 1.0417853 1.0356817 1.1158390 0.9605061 0.9285278 0.9320348 0.8549645 1.0283139 0.8492935 0.8458392 0.8592330 0.9290213 2.0965710 2.1817040 2.1063276 2.7730167 
C.TZ.01.BD39_8.AY253313                0.7760308 0.8778114 0.8216596 0.9313804 0.9869492 1.0018298 1.0539563 0.7105805 0.7035769 0.7458247 0.7217574 0.7002219 0.6779826 0.6020709 0.6169662 0.3830224 0.4308703 0.3743152 0.3893861 0.4158213 0.3997008 0.3627894 0.4065517 0.4686938 0.5051877 0.4879136 0.3510986 0.3058930 0.2591049 0.0000000 0.3126871 0.7119530 0.8298586 0.8263344 0.8551442 0.9814387 0.8336374 0.8495608 0.9344142 0.8254064 0.8737289 0.9543975 1.0398822 0.7555918 0.7444324 0.6875472 0.7751458 1.0965110 1.0926646 1.1511588 1.1554432 1.1683979 1.1918881 1.1592332 1.0740778 1.1214134 1.0926366 1.1176540 1.1232720 1.1063523 1.1064387 1.0938352 1.1307527 1.2069172 1.1476052 1.1461486 1.1663409 1.1659899 1.1444151 1.1247493 1.1431943 1.1620158 1.1158527 1.0951804 1.0716337 1.1475708 1.3978378 1.1719630 1.1206968 1.1707639 1.1517499 1.1086951 1.0824267 1.0931383 1.0294936 1.0159909 1.1038878 0.9202114 0.8893126 0.8902728 0.8516350 0.9919713 0.8135263 0.8077576 0.8198725 0.8891410 2.0829111 2.1772646 2.1155812 2.7202760 
C.ZA.03.03ZAPS067MB2.DQ396389          0.7860704 0.8721889 0.8243763 0.8822946 0.9680022 0.9917469 1.0105403 0.7037738 0.6855095 0.7417123 0.7039984 0.6819215 0.6694461 0.5853955 0.6330985 0.3772252 0.4237458 0.3755696 0.3767422 0.4097467 0.3924892 0.3528214 0.3991974 0.4674105 0.5024757 0.4896973 0.3482292 0.3394962 0.3598048 0.3126871 0.0000000 0.6789541 0.8161241 0.8122850 0.8434280 1.0071623 0.8272851 0.8366738 0.9200134 0.8347998 0.8673963 0.9400927 1.0397057 0.7650203 0.7438427 0.6974327 0.7658127 1.0669300 1.0851497 1.1113595 1.1497319 1.1495065 1.1836957 1.1548375 1.0614612 1.1326495 1.0920074 1.0988396 1.0782598 1.1081655 1.0927153 1.0582202 1.1155523 1.2045001 1.1427317 1.1180373 1.1517617 1.1585724 1.1263212 1.1150162 1.1268492 1.1229864 1.1040742 1.1089752 1.0766656 1.1339127 1.4024989 1.1703239 1.0892318 1.1478763 1.1374382 1.0968509 1.0722568 1.0274304 1.0000173 0.9696249 1.0740481 0.9088505 0.9113671 0.8860793 0.8518070 0.9798715 0.7857842 0.7956599 0.8253154 0.9020316 2.0214048 2.1513566 2.0252369 2.6557105 
A1D.UG.99.99UGJ21953.AF484496          0.5453193 0.5871335 0.5525840 0.6210997 0.6866926 0.7252947 0.7259999 0.4513351 0.4332090 0.4637333 0.4723691 0.4057010 0.4224207 0.4682295 0.7385181 0.7056648 0.7635223 0.7132354 0.7206957 0.7342461 0.7412885 0.7063683 0.7283342 0.7790893 0.8322466 0.7949619 0.6574574 0.7083391 0.7426618 0.7119530 0.6789541 0.0000000 0.5751824 0.5704291 0.6134787 0.7568167 0.5956194 0.6024971 0.6647717 0.5849889 0.6099241 0.7038977 0.7910248 0.4970921 0.4693285 0.4401889 0.5075498 0.8569744 0.8540096 0.9222198 0.8906302 0.9211357 0.9539101 0.9252142 0.8571271 0.8900175 0.8630299 0.8934132 0.8654099 0.8917466 0.8461197 0.8224566 0.8832224 0.9308692 0.8977967 0.8803476 0.8972217 0.8978966 0.9067280 0.8747253 0.8788556 0.8726995 0.8651974 0.8652351 0.8564540 0.8927866 1.1305747 0.9306213 0.8835232 0.9193260 0.8945185 0.8264447 0.8173270 0.8002988 0.7803076 0.7499872 0.8202053 0.6956493 0.6393705 0.6145947 0.5687474 0.7516393 0.5491445 0.5450549 0.5685314 0.6426586 1.8382222 1.9510393 1.8403738 2.5617913 
01_AE.CN.02.YN0236.JX112866            0.5988101 0.6787594 0.6091150 0.6960895 0.7601921 0.8034451 0.8009704 0.5630558 0.5493635 0.5736608 0.5761286 0.5238889 0.5358405 0.5964289 0.8618785 0.8332425 0.8783088 0.8493783 0.8420300 0.8774940 0.8636301 0.8253638 0.8625778 0.9106837 0.9669228 0.9431469 0.8289595 0.8254791 0.8403204 0.8298586 0.8161241 0.5751824 0.0000000 0.1556532 0.2083077 0.3611586 0.2018062 0.2049244 0.2924173 0.2148466 0.2432968 0.4543059 0.5268934 0.4229814 0.5243139 0.5077566 0.5840211 0.8932290 0.9088265 0.9371965 0.9663369 0.9485135 0.9781721 0.9260345 0.9005498 0.9424747 0.8985437 0.9163892 0.9079686 0.9231636 0.8904071 0.8619138 0.9133209 0.9465875 0.9495231 0.9261039 0.9512216 0.9345343 0.9461687 0.9427019 0.9299785 0.9034673 0.9193401 0.9090011 0.8973426 0.9330135 1.1863967 0.9993700 0.9438555 0.9752752 0.9537642 0.8887065 0.8588665 0.8328809 0.8229913 0.7861842 0.8732026 0.7530587 0.7147865 0.6794945 0.6398205 0.8107613 0.6203614 0.5962794 0.6080680 0.6891582 1.9525237 2.0288998 1.9858139 2.5501669 
01_AE.TH.99.99TH_C4460.AY945726        0.6018474 0.6772524 0.6068496 0.6867886 0.7638900 0.7941877 0.7845715 0.5733906 0.5483839 0.5705896 0.5855653 0.5313554 0.5397157 0.5973195 0.8599135 0.8454619 0.8704923 0.8450651 0.8467330 0.8810461 0.8646488 0.8166448 0.8576547 0.8912828 0.9537981 0.9230180 0.8140753 0.8443717 0.8494847 0.8263344 0.8122850 0.5704291 0.1556532 0.0000000 0.2017400 0.3546401 0.2013668 0.1997241 0.2908677 0.2107904 0.2403378 0.4531219 0.5358481 0.4322780 0.5343054 0.5121972 0.5854857 0.9051078 0.9138703 0.9454630 0.9685025 0.9543192 0.9808500 0.9428816 0.9101908 0.9585115 0.9081844 0.9140199 0.9109779 0.9463084 0.8934838 0.8633991 0.9298843 0.9624173 0.9444411 0.9363058 0.9718821 0.9616222 0.9616174 0.9432987 0.9402796 0.9326701 0.9200189 0.9178275 0.8879590 0.9590432 1.1654229 0.9856865 0.9346804 0.9803787 0.9504215 0.8934480 0.8575337 0.8603241 0.8377401 0.7924751 0.8901639 0.7559241 0.7286324 0.6716528 0.6301390 0.8060197 0.6132969 0.5986905 0.6076070 0.6909257 1.9383183 2.0289005 1.9684391 2.5102509 
01_AE.CN.07.GX070143.JX112835          0.6477241 0.7241186 0.6487887 0.7293384 0.8000285 0.8306430 0.8276184 0.6093392 0.5864133 0.6183730 0.6168874 0.5619235 0.5746417 0.6416265 0.8968889 0.8786841 0.9027448 0.8813638 0.8517368 0.9067839 0.8985202 0.8546333 0.9015516 0.9403212 0.9911049 0.9688328 0.8391534 0.8581573 0.8751584 0.8551442 0.8434280 0.6134787 0.2083077 0.2017400 0.0000000 0.3929798 0.2409956 0.2425827 0.3307589 0.2494934 0.2833912 0.4906545 0.5769496 0.4713548 0.5806426 0.5420932 0.6209410 0.9610609 0.9650414 0.9930733 1.0094138 1.0077283 1.0224224 0.9977559 0.9407832 0.9910297 0.9546138 0.9652597 0.9427035 0.9676894 0.9344420 0.9079658 0.9552916 0.9906059 1.0009432 0.9744291 0.9920653 0.9801503 0.9946931 0.9711930 0.9825257 0.9503540 0.9565006 0.9418752 0.9363683 1.0022445 1.2340519 1.0537238 0.9775847 1.0114971 0.9979489 0.9435627 0.9009424 0.8655271 0.8685239 0.8473688 0.9074243 0.7827170 0.7715386 0.7045260 0.6697696 0.8662053 0.6604139 0.6537891 0.6428753 0.7382817 1.9658386 2.0508698 1.9895823 2.5754116 
69_01B.JP.05.05JPMYC113SP420.LC027100  0.7746464 0.8583040 0.8034810 0.8764736 0.9270157 0.9906070 1.0027931 0.7404921 0.7323105 0.7700188 0.7703029 0.7120004 0.7515071 0.7704319 1.0482404 1.0337285 1.0824766 1.0306482 1.0055602 1.0674432 1.0468170 0.9819596 1.0424329 1.0772702 1.1439468 1.0887220 1.0016616 0.9939253 1.0193784 0.9814387 1.0071623 0.7568167 0.3611586 0.3546401 0.3929798 0.0000000 0.3965162 0.3956079 0.4758783 0.3881407 0.4297114 0.6309106 0.7061537 0.6254036 0.7111222 0.6847865 0.7717333 1.0713333 1.0796800 1.1211323 1.1284823 1.1560937 1.1844287 1.1360332 1.0760740 1.1303004 1.0854149 1.0996542 1.1012695 1.1167085 1.1129813 1.0587060 1.0992501 1.1471345 1.1161213 1.0999987 1.1065108 1.1190272 1.1127509 1.1261015 1.1071650 1.1151216 1.0949051 1.0774855 1.0731225 1.1459624 1.3671157 1.1733753 1.1326190 1.1543054 1.0944831 1.0541012 1.0400458 1.0245702 1.0006271 0.9905427 1.0857029 0.9310183 0.8876869 0.8683742 0.8295156 0.9964449 0.7907134 0.7718990 0.7942913 0.8665565 2.0849995 2.1489315 2.0683472 2.7169298 
01_AE.TH.07.AA030a04.JX447057          0.6479917 0.7138809 0.6493923 0.7290209 0.7934933 0.8217601 0.8401013 0.5921272 0.5783650 0.5997168 0.6169199 0.5607922 0.5819228 0.6301032 0.9210201 0.8570635 0.8873337 0.8589320 0.8578509 0.8872711 0.8757215 0.8262289 0.8823574 0.9170263 0.9934521 0.9392130 0.8291132 0.8600655 0.8512354 0.8336374 0.8272851 0.5956194 0.2018062 0.2013668 0.2409956 0.3965162 0.0000000 0.2271432 0.3248668 0.2428309 0.2629783 0.4853211 0.5702771 0.4494104 0.5580951 0.5404767 0.6106481 0.9259614 0.9494500 0.9750843 0.9904334 1.0131708 1.0197831 0.9744166 0.9463138 0.9888472 0.9469979 0.9771555 0.9676581 0.9674942 0.9433377 0.9120274 0.9524060 1.0002243 0.9901179 0.9553397 0.9711946 0.9707408 0.9823656 0.9542014 0.9471510 0.9605062 0.9611321 0.9496815 0.9371715 1.0071544 1.1951211 1.0244140 0.9886922 1.0224636 0.9610915 0.9192177 0.9000073 0.9058298 0.8605730 0.8285851 0.9129212 0.7922436 0.7553499 0.7030447 0.6698171 0.8362952 0.6497559 0.6518708 0.6316214 0.7224132 1.9602429 2.0193255 2.0159715 2.6034513 
01_AE.CN.07.07CNYN326.KF835513         0.6270756 0.7066905 0.6395314 0.7181388 0.7842447 0.8365268 0.8246302 0.6101404 0.5862213 0.6147337 0.6036380 0.5695001 0.5939593 0.6305515 0.9014766 0.8709403 0.8933425 0.8657180 0.8692495 0.8932236 0.8911980 0.8439326 0.8798429 0.9291792 0.9980293 0.9514254 0.8530880 0.8571523 0.8770066 0.8495608 0.8366738 0.6024971 0.2049244 0.1997241 0.2425827 0.3956079 0.2271432 0.0000000 0.3224384 0.2435163 0.2679379 0.4832542 0.5555519 0.4679084 0.5732344 0.5305962 0.6034398 0.9266529 0.9302605 0.9619521 0.9797036 1.0087126 1.0150660 0.9711705 0.9308186 0.9788550 0.9419656 0.9450335 0.9511056 0.9574367 0.9429541 0.8975697 0.9426596 0.9808270 0.9830302 0.9410478 0.9670562 0.9572994 0.9537643 0.9650327 0.9592974 0.9580965 0.9542635 0.9425345 0.9069468 0.9757232 1.1988651 1.0356160 0.9574243 1.0214664 0.9723773 0.9160028 0.8814062 0.8622275 0.8505309 0.8459976 0.9301988 0.7731407 0.7512226 0.7034156 0.6718957 0.8447268 0.6513861 0.6410826 0.6301249 0.7279240 1.9531165 2.0405079 1.9919039 2.5192229 
