94
EBOV_H.sap-wt_GIN_14_Makona-Gueckedou-EM_079750_KR817213   0.0000000 0.0005123 0.0019534 0.0024179 0.0023657 0.0021594 0.0020048 0.0021079 0.0021079 0.0018493 0.0023653 0.0025200 0.0025200 0.0015921 0.0022105 0.0024683 0.0015403 0.0015917 0.0024175 0.0022622 0.0014891 0.0015405 0.0015919 0.0011289 0.0021079 0.0023156 0.0023652 0.0023175 0.0021588 0.0020040 0.0021074 0.0021075 0.0021079 0.0020041 0.0019538 0.0020558 0.0022112 0.0020045 0.0021594 0.0020043 0.0021590 0.0020043 0.0020561 0.0021600 0.0021600 0.0021085 0.0021085 0.0019010 0.0021589 0.0020046 0.0020041 0.0021079 0.0019528 0.0020049 0.0019533 0.0018495 0.0019526 0.0020558 0.0019012 0.0019012 0.0019012 0.0019019 0.0019010 0.0014891 0.0020043 0.0020043 0.0018500 0.0018497 0.0018498 0.0018497 0.0017472 0.0017982 0.0017467 0.0017467 0.0017465 0.0017465 0.0016435 0.0016435 0.0016950 0.0335043 0.0333575 0.0330488 0.0329925 0.0332786 0.0364842 0.0367209 0.0377171 1.3947098 1.4142131 1.9162657 1.9165031 1.8756996 1.8751714 1.8977684 
EBOV_H.sap-wt_GIN_14_Makona-Gueckedou-EM_079910_KR817221   0.0005123 0.0000000 0.0017469 0.0022110 0.0021589 0.0019527 0.0017982 0.0019013 0.0019013 0.0016430 0.0021585 0.0023131 0.0023131 0.0013859 0.0020039 0.0022614 0.0013342 0.0013856 0.0022107 0.0020555 0.0012830 0.0013345 0.0013858 0.0009224 0.0019012 0.0021087 0.0021584 0.0021104 0.0019522 0.0017976 0.0019008 0.0019010 0.0019013 0.0017976 0.0017473 0.0018492 0.0020045 0.0017980 0.0019527 0.0017978 0.0019524 0.0017978 0.0018495 0.0019533 0.0019533 0.0019018 0.0019018 0.0016946 0.0019523 0.0017981 0.0017976 0.0019013 0.0017464 0.0017983 0.0017468 0.0016431 0.0017462 0.0018493 0.0016948 0.0016948 0.0016948 0.0016954 0.0016947 0.0012831 0.0017978 0.0017978 0.0016436 0.0016434 0.0016434 0.0016433 0.0015409 0.0015919 0.0015404 0.0015404 0.0015403 0.0015402 0.0014373 0.0014373 0.0014887 0.0332706 0.0331238 0.0328154 0.0327592 0.0329919 0.0363080 0.0365445 0.0375400 1.3944496 1.4139623 1.9183383 1.9185759 1.8797025 1.8791831 1.9018209 
EBOV_H.sap-wt_GIN_14_Makona-Gueckedou-EM_080076_KR817235   0.0019534 0.0017469 0.0000000 0.0021090 0.0020570 0.0018508 0.0016962 0.0017993 0.0017993 0.0014376 0.0020053 0.0022113 0.0022113 0.0011806 0.0019019 0.0021596 0.0013350 0.0013864 0.0021087 0.0019536 0.0012838 0.0013352 0.0013866 0.0009237 0.0017993 0.0020067 0.0020565 0.0019567 0.0018503 0.0016956 0.0017989 0.0017990 0.0017993 0.0016443 0.0016452 0.0017473 0.0019025 0.0016960 0.0018508 0.0016958 0.0018504 0.0016958 0.0017475 0.0018513 0.0018513 0.0017998 0.0017998 0.0015926 0.0018503 0.0016961 0.0016956 0.0017993 0.0016444 0.0016963 0.0016448 0.0015411 0.0016442 0.0017473 0.0015928 0.0015928 0.0015928 0.0015934 0.0015926 0.0011809 0.0016958 0.0016958 0.0015415 0.0015413 0.0015414 0.0015413 0.0014388 0.0014898 0.0014384 0.0014384 0.0014382 0.0014381 0.0013352 0.0013352 0.0013867 0.0336282 0.0334813 0.0331723 0.0331160 0.0334542 0.0366613 0.0370124 0.0380096 1.3953379 1.4106163 1.9216013 1.9218392 1.8794036 1.8784872 1.9011121 
EBOV_H.sap-wt_GIN_14_Makona-Kankan-EM_078639_KR817166      0.0024179 0.0022110 0.0021090 0.0000000 0.0009737 0.0007686 0.0006148 0.0007173 0.0007173 0.0021079 0.0014895 0.0016439 0.0016439 0.0018504 0.0013351 0.0015923 0.0017984 0.0018499 0.0015414 0.0013866 0.0017472 0.0017988 0.0018502 0.0013866 0.0010264 0.0014392 0.0014894 0.0014403 0.0012836 0.0011292 0.0012322 0.0012323 0.0012325 0.0011292 0.0010785 0.0011807 0.0013355 0.0011295 0.0012839 0.0011294 0.0012837 0.0011293 0.0011809 0.0012843 0.0012843 0.0012328 0.0012328 0.0010264 0.0012836 0.0011295 0.0011292 0.0012325 0.0010780 0.0011807 0.0011293 0.0009750 0.0010778 0.0011808 0.0010265 0.0010265 0.0010265 0.0010269 0.0010264 0.0009236 0.0011294 0.0011294 0.0009753 0.0009751 0.0009752 0.0009751 0.0009237 0.0009237 0.0008724 0.0008724 0.0008723 0.0008722 0.0007686 0.0007686 0.0008199 0.0339164 0.0337696 0.0334601 0.0334037 0.0337423 0.0370667 0.0373039 0.0383023 1.3984020 1.4109200 1.9250405 1.9252788 1.8794976 1.8792679 1.9019246 
EBOV_H.sap-wt_GIN_14_Makona-Beyla-EM_075931_KR817138       0.0023657 0.0021589 0.0020570 0.0009737 0.0000000 0.0007173 0.0005636 0.0006661 0.0006661 0.0020558 0.0014377 0.0015920 0.0015920 0.0017984 0.0012833 0.0015405 0.0017465 0.0017980 0.0014895 0.0013349 0.0016953 0.0017468 0.0017982 0.0013348 0.0009748 0.0013874 0.0014376 0.0013885 0.0012318 0.0010775 0.0011805 0.0011806 0.0011808 0.0010776 0.0010269 0.0011290 0.0012837 0.0010778 0.0012322 0.0010777 0.0012320 0.0010777 0.0011292 0.0012325 0.0012325 0.0011811 0.0011811 0.0009748 0.0012319 0.0010778 0.0010776 0.0011808 0.0010263 0.0011291 0.0010777 0.0009224 0.0010262 0.0011291 0.0009749 0.0009749 0.0009749 0.0009753 0.0009748 0.0008711 0.0010777 0.0010777 0.0009237 0.0009235 0.0009236 0.0009235 0.0008721 0.0008721 0.0008199 0.0008199 0.0008199 0.0008199 0.0007173 0.0007173 0.0007686 0.0338516 0.0337048 0.0333955 0.0333392 0.0336776 0.0368872 0.0372378 0.0382357 1.3965145 1.4077057 1.9235527 1.9237909 1.8802689 1.8800408 1.9024807 
EBOV_H.sap-wt_GIN_14_Makona-Faranah-EM_078415_KR817160     0.0021594 0.0019527 0.0018508 0.0007686 0.0007173 0.0000000 0.0003586 0.0004611 0.0004611 0.0018497 0.0012319 0.0013862 0.0013862 0.0015924 0.0010777 0.0013347 0.0015406 0.0015921 0.0012837 0.0011292 0.0014894 0.0015409 0.0015923 0.0011291 0.0007686 0.0011815 0.0012319 0.0011824 0.0010262 0.0008711 0.0009749 0.0009750 0.0009751 0.0008711 0.0008205 0.0009235 0.0010780 0.0008723 0.0010265 0.0008722 0.0010263 0.0008722 0.0009236 0.0010268 0.0010268 0.0009754 0.0009754 0.0007686 0.0010263 0.0008723 0.0008711 0.0009752 0.0008199 0.0009235 0.0008721 0.0007173 0.0008199 0.0009235 0.0007686 0.0007686 0.0007686 0.0007697 0.0007686 0.0006661 0.0007686 0.0007686 0.0007173 0.0007173 0.0007173 0.0007173 0.0006661 0.0006661 0.0006148 0.0006148 0.0006148 0.0006148 0.0005123 0.0005123 0.0005636 0.0336252 0.0334783 0.0331693 0.0331130 0.0334513 0.0367723 0.0370092 0.0380064 1.3962703 1.4088567 1.9214175 1.9216555 1.8788090 1.8785780 1.9009870 
EBOV_H.sap-wt_GIN_14_Makona-Macenta-EM_076191_KR817141     0.0020048 0.0017982 0.0016962 0.0006148 0.0005636 0.0003586 0.0000000 0.0003073 0.0003073 0.0016953 0.0010777 0.0012319 0.0012319 0.0014381 0.0009236 0.0011805 0.0013863 0.0014377 0.0011295 0.0009750 0.0013351 0.0013866 0.0014379 0.0009750 0.0006148 0.0010272 0.0010777 0.0010280 0.0008721 0.0007173 0.0008199 0.0008209 0.0008210 0.0007173 0.0006666 0.0007686 0.0009239 0.0007173 0.0008724 0.0007173 0.0008722 0.0007173 0.0007686 0.0008726 0.0008726 0.0008213 0.0008213 0.0006148 0.0008722 0.0007173 0.0007173 0.0008210 0.0006661 0.0007686 0.0007173 0.0005636 0.0006661 0.0007686 0.0006148 0.0006148 0.0006148 0.0006148 0.0006148 0.0005123 0.0007173 0.0007173 0.0005636 0.0005636 0.0005636 0.0005636 0.0005123 0.0005123 0.0004611 0.0004611 0.0004611 0.0004611 0.0003586 0.0003586 0.0004098 0.0334565 0.0333096 0.0330009 0.0329446 0.0332827 0.0366023 0.0368391 0.0378358 1.3965188 1.4093880 1.9210125 1.9212504 1.8782536 1.8780215 1.9004213 
EBOV_H.sap-wt_GIN_14_Makona-Kissidougou-EM_078694_KR817171 0.0021079 0.0019013 0.0017993 0.0007173 0.0006661 0.0004611 0.0003073 0.0000000 0.0000010 0.0017983 0.0011806 0.0013348 0.0013348 0.0015410 0.0010264 0.0012833 0.0014892 0.0015407 0.0012323 0.0010778 0.0014380 0.0014895 0.0015409 0.0010778 0.0007173 0.0011301 0.0011805 0.0011310 0.0009749 0.0008199 0.0009236 0.0009237 0.0009238 0.0008199 0.0007692 0.0008722 0.0010267 0.0008209 0.0009752 0.0008199 0.0009750 0.0008199 0.0008723 0.0009755 0.0009755 0.0009241 0.0009241 0.0007173 0.0009750 0.0008210 0.0008199 0.0009238 0.0007686 0.0008722 0.0008199 0.0006661 0.0007686 0.0008722 0.0007173 0.0007173 0.0007173 0.0007184 0.0007173 0.0006148 0.0008199 0.0008199 0.0006661 0.0006661 0.0006661 0.0006661 0.0006148 0.0006148 0.0005636 0.0005636 0.0005636 0.0005636 0.0004611 0.0004611 0.0005123 0.0335708 0.0334239 0.0331150 0.0330587 0.0333969 0.0367177 0.0369546 0.0379517 1.3968290 1.4104941 1.9239071 1.9241453 1.8807495 1.8805226 1.9031863 
EBOV_H.sap-wt_GIN_14_Makona-Kissidougou-EM_078722_KR817175 0.0021079 0.0019013 0.0017993 0.0007173 0.0006661 0.0004611 0.0003073 0.0000010 0.0000000 0.0017983 0.0011806 0.0013348 0.0013348 0.0015410 0.0010264 0.0012833 0.0014892 0.0015407 0.0012323 0.0010778 0.0014380 0.0014895 0.0015409 0.0010778 0.0007173 0.0011301 0.0011805 0.0011310 0.0009749 0.0008199 0.0009236 0.0009237 0.0009238 0.0008199 0.0007692 0.0008722 0.0010267 0.0008209 0.0009752 0.0008199 0.0009750 0.0008199 0.0008723 0.0009755 0.0009755 0.0009241 0.0009241 0.0007173 0.0009750 0.0008210 0.0008199 0.0009238 0.0007686 0.0008722 0.0008199 0.0006661 0.0007686 0.0008722 0.0007173 0.0007173 0.0007173 0.0007184 0.0007173 0.0006148 0.0008199 0.0008199 0.0006661 0.0006661 0.0006661 0.0006661 0.0006148 0.0006148 0.0005636 0.0005636 0.0005636 0.0005636 0.0004611 0.0004611 0.0005123 0.0335708 0.0334239 0.0331150 0.0330587 0.0333969 0.0367177 0.0369546 0.0379517 1.3968290 1.4104941 1.9239071 1.9241453 1.8807495 1.8805226 1.9031863 
EBOV_H.sap-wt_GIN_14_Makona-Gueckedou-EM_079587_KR817202   0.0018493 0.0016430 0.0014376 0.0021079 0.0020558 0.0018497 0.0016953 0.0017983 0.0017983 0.0000000 0.0020555 0.0022100 0.0022100 0.0010763 0.0019009 0.0021584 0.0012314 0.0012828 0.0021076 0.0019525 0.0011803 0.0012317 0.0012830 0.0008199 0.0017983 0.0020056 0.0020554 0.0020072 0.0018493 0.0016947 0.0017979 0.0017980 0.0017983 0.0016947 0.0016443 0.0017463 0.0019015 0.0016950 0.0018498 0.0016949 0.0018494 0.0016949 0.0017466 0.0018503 0.0018503 0.0017988 0.0017988 0.0015917 0.0018493 0.0016951 0.0016947 0.0017983 0.0016435 0.0016954 0.0016439 0.0015403 0.0016432 0.0017464 0.0015919 0.0015919 0.0015919 0.0015925 0.0015918 0.0011803 0.0016949 0.0016949 0.0015407 0.0015405 0.0015405 0.0015404 0.0014380 0.0014890 0.0014376 0.0014376 0.0014374 0.0014374 0.0013345 0.0013345 0.0013859 0.0334973 0.0333505 0.0330418 0.0329856 0.0333236 0.0366420 0.0368787 0.0378751 1.3954274 1.4108612 1.9202551 1.9204930 1.8740764 1.8732814 1.8958537 
EBOV_H.sap-wt_GIN_14_Makona-Gueckedou-EM_076138_KR817140   0.0023653 0.0021585 0.0020053 0.0014895 0.0014377 0.0012319 0.0010777 0.0011806 0.0011806 0.0020555 0.0000000 0.0015917 0.0015917 0.0017981 0.0012831 0.0015402 0.0017462 0.0017977 0.0014893 0.0013346 0.0016950 0.0017465 0.0017979 0.0013346 0.0011805 0.0013871 0.0014373 0.0013882 0.0012316 0.0010773 0.0011803 0.0011804 0.0011806 0.0008711 0.0010257 0.0011288 0.0012835 0.0010776 0.0012319 0.0010775 0.0012317 0.0010775 0.0011290 0.0012323 0.0012323 0.0011809 0.0011809 0.0009737 0.0012317 0.0010777 0.0010774 0.0010778 0.0009224 0.0011289 0.0010775 0.0009224 0.0010260 0.0011289 0.0009747 0.0009747 0.0009747 0.0009751 0.0009737 0.0008711 0.0010775 0.0010775 0.0009235 0.0009224 0.0009224 0.0009224 0.0008711 0.0008711 0.0008199 0.0008199 0.0008199 0.0008199 0.0007173 0.0007173 0.0007686 0.0337320 0.0335852 0.0332761 0.0332198 0.0336712 0.0369937 0.0372307 0.0382284 1.3965112 1.4096118 1.9187132 1.9189508 1.8768109 1.8765756 1.8992006 
EBOV_H.sap-wt_SLE_14_Makona-J0171_KP759707                 0.0025200 0.0023131 0.0022113 0.0016439 0.0015920 0.0013862 0.0012319 0.0013348 0.0013348 0.0022100 0.0015917 0.0000000 0.0000010 0.0019526 0.0014373 0.0010763 0.0019006 0.0019521 0.0014373 0.0012828 0.0018495 0.0019010 0.0018494 0.0014888 0.0013348 0.0013352 0.0013855 0.0013363 0.0011788 0.0012315 0.0013345 0.0013346 0.0011288 0.0012315 0.0011809 0.0010763 0.0008199 0.0010250 0.0011802 0.0012317 0.0013860 0.0006148 0.0006661 0.0011805 0.0011805 0.0011291 0.0011291 0.0011287 0.0011799 0.0010250 0.0012315 0.0011288 0.0009737 0.0010763 0.0010250 0.0010773 0.0011801 0.0010763 0.0009224 0.0009224 0.0009224 0.0009224 0.0011287 0.0010250 0.0010250 0.0010250 0.0008711 0.0008711 0.0008711 0.0008711 0.0008199 0.0008199 0.0007686 0.0007686 0.0009737 0.0009737 0.0008711 0.0008711 0.0009224 0.0339009 0.0337542 0.0334448 0.0333885 0.0336749 0.0369978 0.0372869 0.0382848 1.3950776 1.4088104 1.9189382 1.9191760 1.8737118 1.8736950 1.8972504 
EBOV_H.sap-wt_SLE_14_Makona-J0174_KP759708                 0.0025200 0.0023131 0.0022113 0.0016439 0.0015920 0.0013862 0.0012319 0.0013348 0.0013348 0.0022100 0.0015917 0.0000010 0.0000000 0.0019526 0.0014373 0.0010763 0.0019006 0.0019521 0.0014373 0.0012828 0.0018495 0.0019010 0.0018494 0.0014888 0.0013348 0.0013352 0.0013855 0.0013363 0.0011788 0.0012315 0.0013345 0.0013346 0.0011288 0.0012315 0.0011809 0.0010763 0.0008199 0.0010250 0.0011802 0.0012317 0.0013860 0.0006148 0.0006661 0.0011805 0.0011805 0.0011291 0.0011291 0.0011287 0.0011799 0.0010250 0.0012315 0.0011288 0.0009737 0.0010763 0.0010250 0.0010773 0.0011801 0.0010763 0.0009224 0.0009224 0.0009224 0.0009224 0.0011287 0.0010250 0.0010250 0.0010250 0.0008711 0.0008711 0.0008711 0.0008711 0.0008199 0.0008199 0.0007686 0.0007686 0.0009737 0.0009737 0.0008711 0.0008711 0.0009224 0.0339009 0.0337542 0.0334448 0.0333885 0.0336749 0.0369978 0.0372869 0.0382848 1.3950776 1.4088104 1.9189382 1.9191760 1.8737118 1.8736950 1.8972504 
EBOV_H.sap-wt_GIN_14_Makona-Gueckedou-EM_079702_KR817210   0.0015921 0.0013859 0.0011806 0.0018504 0.0017984 0.0015924 0.0014381 0.0015410 0.0015410 0.0010763 0.0017981 0.0019526 0.0019526 0.0000000 0.0016436 0.0019010 0.0009737 0.0010260 0.0018501 0.0016952 0.0009234 0.0009748 0.0010261 0.0005636 0.0014380 0.0017480 0.0017980 0.0017494 0.0015920 0.0014375 0.0015406 0.0015407 0.0015410 0.0014376 0.0013870 0.0014891 0.0016441 0.0014378 0.0015924 0.0014377 0.0015922 0.0014377 0.0014893 0.0015929 0.0015929 0.0015414 0.0015414 0.0013347 0.0015921 0.0014379 0.0014375 0.0015410 0.0013863 0.0014381 0.0013867 0.0012832 0.0013861 0.0014892 0.0013348 0.0013348 0.0013348 0.0013353 0.0013347 0.0009235 0.0014377 0.0014377 0.0012836 0.0012834 0.0012834 0.0012834 0.0011809 0.0012319 0.0011806 0.0011806 0.0011804 0.0011804 0.0010776 0.0010776 0.0011290 0.0331711 0.0330242 0.0327159 0.0326597 0.0329975 0.0363141 0.0365506 0.0375463 1.3963770 1.4104395 1.9195193 1.9197571 1.8772162 1.8765593 1.8991627 
EBOV_H.sap-wt_SLE_14_Makona-Kailahun-20140517_KR653263     0.0022105 0.0020039 0.0019019 0.0013351 0.0012833 0.0010777 0.0009236 0.0010264 0.0010264 0.0019009 0.0012831 0.0014373 0.0014373 0.0016436 0.0000000 0.0013858 0.0015918 0.0016432 0.0013349 0.0011803 0.0015406 0.0015921 0.0016434 0.0011803 0.0010263 0.0012327 0.0012831 0.0012337 0.0010774 0.0009224 0.0010261 0.0010262 0.0010263 0.0009224 0.0005640 0.0009737 0.0011292 0.0009234 0.0010777 0.0009224 0.0010775 0.0009224 0.0009748 0.0010780 0.0010780 0.0010266 0.0010266 0.0008199 0.0010775 0.0009235 0.0009224 0.0010263 0.0008711 0.0009747 0.0009224 0.0007686 0.0008711 0.0009747 0.0008199 0.0008199 0.0008199 0.0008209 0.0008199 0.0007173 0.0009224 0.0009224 0.0007686 0.0007686 0.0007686 0.0007686 0.0007173 0.0007173 0.0006661 0.0006661 0.0006661 0.0006661 0.0005636 0.0005636 0.0006148 0.0336746 0.0335278 0.0332188 0.0331625 0.0335007 0.0368216 0.0370585 0.0380556 1.3956395 1.4090141 1.9207544 1.9209924 1.8788060 1.8785750 1.9012109 
EBOV_H.sap-wt_SLE_14_Makona-J0150_KP759696                 0.0024683 0.0022614 0.0021596 0.0015923 0.0015405 0.0013347 0.0011805 0.0012833 0.0012833 0.0021584 0.0015402 0.0010763 0.0010763 0.0019010 0.0013858 0.0000000 0.0018491 0.0019005 0.0013858 0.0012313 0.0017979 0.0018494 0.0019008 0.0014373 0.0012833 0.0012837 0.0013340 0.0012847 0.0011276 0.0011800 0.0012320 0.0012321 0.0010774 0.0011801 0.0011294 0.0010250 0.0007686 0.0009737 0.0011287 0.0011292 0.0012835 0.0005636 0.0006148 0.0011290 0.0011291 0.0010777 0.0010777 0.0010773 0.0011276 0.0009737 0.0011290 0.0010774 0.0009224 0.0010250 0.0009737 0.0010250 0.0010777 0.0010250 0.0008711 0.0008711 0.0008711 0.0008711 0.0010263 0.0009737 0.0009737 0.0009737 0.0008199 0.0008199 0.0008199 0.0008199 0.0007686 0.0007686 0.0007173 0.0007173 0.0008721 0.0009224 0.0008199 0.0008199 0.0008711 0.0337961 0.0336493 0.0333401 0.0332838 0.0336165 0.0368245 0.0372277 0.0382253 1.3944408 1.4065893 1.9186382 1.9188761 1.8776518 1.8774184 1.9000336 
EBOV_H.sap-tc_GIN_14_Makona-Gueckedou-C07_KP096421         0.0015403 0.0013342 0.0013350 0.0017984 0.0017465 0.0015406 0.0013863 0.0014892 0.0014892 0.0012314 0.0017462 0.0019006 0.0019006 0.0009737 0.0015918 0.0018491 0.0000000 0.0000512 0.0017982 0.0016433 0.0008711 0.0009224 0.0009737 0.0005123 0.0014892 0.0016961 0.0017461 0.0016975 0.0015402 0.0013858 0.0014889 0.0014890 0.0014892 0.0013858 0.0013353 0.0014374 0.0015923 0.0013861 0.0015406 0.0013860 0.0015404 0.0013860 0.0014376 0.0015411 0.0015411 0.0014896 0.0014896 0.0012830 0.0015403 0.0013862 0.0013858 0.0014892 0.0013346 0.0013864 0.0013349 0.0012315 0.0013344 0.0014374 0.0012831 0.0012831 0.0012831 0.0012836 0.0012830 0.0008711 0.0013860 0.0013860 0.0012319 0.0012317 0.0012318 0.0012317 0.0011293 0.0011803 0.0011289 0.0011289 0.0011288 0.0011287 0.0010260 0.0010260 0.0010774 0.0331543 0.0330074 0.0326993 0.0326431 0.0329807 0.0361824 0.0365321 0.0375273 1.3952879 1.4109048 1.9186991 1.9189369 1.8769958 1.8771842 1.8997273 
EBOV_H.sap-wt_GIN_14_Makona-Gueckedou-C07_KT013256         0.0015917 0.0013856 0.0013864 0.0018499 0.0017980 0.0015921 0.0014377 0.0015407 0.0015407 0.0012828 0.0017977 0.0019521 0.0019521 0.0010260 0.0016432 0.0019005 0.0000512 0.0000000 0.0018497 0.0016948 0.0009224 0.0009737 0.0010250 0.0005636 0.0015406 0.0017476 0.0017976 0.0017490 0.0015916 0.0014372 0.0015403 0.0015404 0.0015406 0.0014373 0.0013867 0.0014888 0.0016437 0.0014375 0.0015921 0.0014374 0.0015918 0.0014374 0.0014890 0.0015925 0.0015926 0.0015411 0.0015411 0.0013344 0.0015917 0.0014376 0.0014372 0.0015407 0.0013860 0.0014378 0.0013864 0.0012829 0.0013858 0.0014888 0.0013345 0.0013345 0.0013345 0.0013350 0.0013344 0.0009224 0.0014374 0.0014374 0.0012833 0.0012831 0.0012831 0.0012831 0.0011806 0.0012317 0.0011803 0.0011803 0.0011802 0.0011801 0.0010774 0.0010774 0.0011287 0.0332102 0.0330634 0.0327552 0.0326990 0.0330366 0.0362387 0.0365885 0.0375839 1.3953383 1.4106757 1.9184486 1.9186864 1.8770387 1.8772271 1.8997694 
EBOV_H.sap-wt_SLE_14_Makona-Koinadugu-20143659_KR653256    0.0024175 0.0022107 0.0021087 0.0015414 0.0014895 0.0012837 0.0011295 0.0012323 0.0012323 0.0021076 0.0014893 0.0014373 0.0014373 0.0018501 0.0013349 0.0013858 0.0017982 0.0018497 0.0000000 0.0011803 0.0017470 0.0017985 0.0018499 0.0013864 0.0012323 0.0012327 0.0009737 0.0009238 0.0010774 0.0011290 0.0012320 0.0012321 0.0010263 0.0011291 0.0010784 0.0009737 0.0011292 0.0009234 0.0010777 0.0011292 0.0012835 0.0009224 0.0009748 0.0010780 0.0010780 0.0010266 0.0010266 0.0010263 0.0007686 0.0009235 0.0011291 0.0010264 0.0008711 0.0009747 0.0009224 0.0009749 0.0010777 0.0006661 0.0005123 0.0008199 0.0008199 0.0008209 0.0010263 0.0009235 0.0009224 0.0009224 0.0007686 0.0007686 0.0007686 0.0007686 0.0007173 0.0007173 0.0006661 0.0006661 0.0008722 0.0008711 0.0007686 0.0007686 0.0008199 0.0337967 0.0336499 0.0333407 0.0332844 0.0335102 0.0367183 0.0369552 0.0379522 1.3943332 1.4081832 1.9209229 1.9211608 1.8773450 1.8771109 1.8997315 
EBOV_H.sap-wt_SLE_14_Makona-Kenema-G4730_1_KR105268        0.0022622 0.0020555 0.0019536 0.0013866 0.0013349 0.0011292 0.0009750 0.0010778 0.0010778 0.0019525 0.0013346 0.0012828 0.0012828 0.0016952 0.0011803 0.0012313 0.0016433 0.0016948 0.0011803 0.0000000 0.0015922 0.0016436 0.0016950 0.0012318 0.0010778 0.0010781 0.0011286 0.0010790 0.0009224 0.0009737 0.0010776 0.0010776 0.0008711 0.0009747 0.0009231 0.0008199 0.0009748 0.0007686 0.0009224 0.0009748 0.0011290 0.0007686 0.0008199 0.0009236 0.0009236 0.0008722 0.0008722 0.0008711 0.0009224 0.0007686 0.0009737 0.0008711 0.0007173 0.0008199 0.0007686 0.0008199 0.0009224 0.0008199 0.0006661 0.0006661 0.0006661 0.0006661 0.0008711 0.0007686 0.0007686 0.0007686 0.0006148 0.0006148 0.0006148 0.0006148 0.0005636 0.0005636 0.0005123 0.0005123 0.0007173 0.0007173 0.0006148 0.0006148 0.0006661 0.0336208 0.0334740 0.0331651 0.0331088 0.0334469 0.0367676 0.0370045 0.0380015 1.3932398 1.4085360 1.9178148 1.9180524 1.8754234 1.8751853 1.8977753 
EBOV_H.sap-tc_GIN_14_Makona-Gueckedou-C05_KP096420         0.0014891 0.0012830 0.0012838 0.0017472 0.0016953 0.0014894 0.0013351 0.0014380 0.0014380 0.0011803 0.0016950 0.0018495 0.0018495 0.0009234 0.0015406 0.0017979 0.0008711 0.0009224 0.0017470 0.0015922 0.0000000 0.0000512 0.0009224 0.0004611 0.0014380 0.0016449 0.0016950 0.0016462 0.0014890 0.0013346 0.0014377 0.0014378 0.0014380 0.0013347 0.0012841 0.0013862 0.0015411 0.0013349 0.0014894 0.0013348 0.0014892 0.0013348 0.0013864 0.0014899 0.0014899 0.0014384 0.0014384 0.0012318 0.0014891 0.0013350 0.0013346 0.0014380 0.0012834 0.0013352 0.0012837 0.0011804 0.0012832 0.0013862 0.0012319 0.0012319 0.0012319 0.0012324 0.0012318 0.0008199 0.0013348 0.0013348 0.0011807 0.0011805 0.0011806 0.0011805 0.0010780 0.0011291 0.0010777 0.0010777 0.0010776 0.0010775 0.0009748 0.0009748 0.0010262 0.0327650 0.0326180 0.0323104 0.0322542 0.0325916 0.0359036 0.0361397 0.0371339 1.3971622 1.4122317 1.9213447 1.9215826 1.8780221 1.8779491 1.8999881 
EBOV_H.sap-wt_GIN_14_Makona-Kissidougou-C15_KT013254       0.0015405 0.0013345 0.0013352 0.0017988 0.0017468 0.0015409 0.0013866 0.0014895 0.0014895 0.0012317 0.0017465 0.0019010 0.0019010 0.0009748 0.0015921 0.0018494 0.0009224 0.0009737 0.0017985 0.0016436 0.0000512 0.0000000 0.0009747 0.0005123 0.0014895 0.0016964 0.0017465 0.0016978 0.0015405 0.0013860 0.0014891 0.0014892 0.0014895 0.0013861 0.0013355 0.0014376 0.0015926 0.0013864 0.0015409 0.0013862 0.0015406 0.0013862 0.0014378 0.0015414 0.0015414 0.0014899 0.0014899 0.0012832 0.0015405 0.0013864 0.0013861 0.0014895 0.0013348 0.0013866 0.0013352 0.0012318 0.0013347 0.0014377 0.0012834 0.0012833 0.0012833 0.0012838 0.0012832 0.0008711 0.0013862 0.0013862 0.0012321 0.0012319 0.0012320 0.0012319 0.0011295 0.0011805 0.0011291 0.0011291 0.0011290 0.0011289 0.0010262 0.0010262 0.0010775 0.0328218 0.0326748 0.0323671 0.0323110 0.0326483 0.0359609 0.0361971 0.0371914 1.3976898 1.4117491 1.9205672 1.9208050 1.8787951 1.8787238 1.9007736 
EBOV_H.sap-wt_GIN_14_Makona-Macenta-EM_079424_KR817189     0.0015919 0.0013858 0.0013866 0.0018502 0.0017982 0.0015923 0.0014379 0.0015409 0.0015409 0.0012830 0.0017979 0.0018494 0.0018494 0.0010261 0.0016434 0.0019008 0.0009737 0.0010250 0.0018499 0.0016950 0.0009224 0.0009747 0.0000000 0.0004611 0.0015408 0.0017479 0.0017979 0.0017493 0.0015919 0.0014374 0.0015405 0.0015406 0.0015408 0.0014374 0.0013869 0.0014890 0.0016439 0.0014377 0.0015923 0.0014376 0.0015920 0.0014376 0.0014892 0.0015928 0.0015928 0.0015413 0.0015413 0.0013346 0.0015919 0.0014378 0.0014374 0.0015409 0.0013862 0.0014380 0.0013866 0.0012831 0.0013860 0.0014890 0.0013347 0.0013347 0.0013347 0.0013352 0.0013346 0.0009224 0.0014376 0.0014376 0.0012835 0.0012833 0.0012833 0.0012833 0.0011808 0.0012318 0.0011804 0.0011804 0.0011803 0.0011803 0.0010775 0.0010775 0.0011289 0.0332148 0.0330680 0.0327597 0.0327035 0.0330412 0.0363571 0.0365936 0.0375891 1.3964986 1.4110745 1.9199283 1.9201661 1.8784196 1.8781223 1.9007622 
EBOV_H.sap-wt_GIN_14_Makona-Macenta-EM_079422_KR817187     0.0011289 0.0009224 0.0009237 0.0013866 0.0013348 0.0011291 0.0009750 0.0010778 0.0010778 0.0008199 0.0013346 0.0014888 0.0014888 0.0005636 0.0011803 0.0014373 0.0005123 0.0005636 0.0013864 0.0012318 0.0004611 0.0005123 0.0004611 0.0000000 0.0010777 0.0012842 0.0013345 0.0012852 0.0011288 0.0009737 0.0010775 0.0010776 0.0010778 0.0009737 0.0009231 0.0010261 0.0011807 0.0009748 0.0011291 0.0009748 0.0011289 0.0009747 0.0010262 0.0011295 0.0011295 0.0010781 0.0010781 0.0008711 0.0011289 0.0009749 0.0009737 0.0010778 0.0009224 0.0009750 0.0009237 0.0008199 0.0009224 0.0010261 0.0008711 0.0008711 0.0008711 0.0008723 0.0008711 0.0004611 0.0009747 0.0009747 0.0008199 0.0008199 0.0008199 0.0008199 0.0007173 0.0007686 0.0007173 0.0007173 0.0007173 0.0007173 0.0006148 0.0006148 0.0006661 0.0327018 0.0325549 0.0322474 0.0321913 0.0325285 0.0358393 0.0360753 0.0370690 1.3952064 1.4106986 1.9185373 1.9187749 1.8777772 1.8774786 1.9000950 
EBOV_H.sap-wt_LBR_14_Makona-LIBR0505_KR006957              0.0021079 0.0019012 0.0017993 0.0010264 0.0009748 0.0007686 0.0006148 0.0007173 0.0007173 0.0017983 0.0011805 0.0013348 0.0013348 0.0014380 0.0010263 0.0012833 0.0014892 0.0015406 0.0012323 0.0010778 0.0014380 0.0014895 0.0015408 0.0010777 0.0000000 0.0011301 0.0011805 0.0011310 0.0009749 0.0008199 0.0009236 0.0009236 0.0009238 0.0008199 0.0007692 0.0008722 0.0010266 0.0008209 0.0009751 0.0008199 0.0009750 0.0008199 0.0008723 0.0009754 0.0009754 0.0009240 0.0009240 0.0007173 0.0009749 0.0008209 0.0008199 0.0009238 0.0007686 0.0008722 0.0008199 0.0006661 0.0007686 0.0008722 0.0007173 0.0007173 0.0007173 0.0007184 0.0007173 0.0006148 0.0008199 0.0008199 0.0006661 0.0006661 0.0006661 0.0006661 0.0006148 0.0006148 0.0005636 0.0005636 0.0005636 0.0005636 0.0004611 0.0004611 0.0005123 0.0335693 0.0334224 0.0331135 0.0330572 0.0333954 0.0367160 0.0369529 0.0379499 1.3980006 1.4090451 1.9200382 1.9202760 1.8800183 1.8797898 1.9024475 
EBOV_H.sap-wt_SLE_14_Makona-Kenema-G5059_1_KR105296        0.0023156 0.0021087 0.0020067 0.0014392 0.0013874 0.0011815 0.0010272 0.0011301 0.0011301 0.0020056 0.0013871 0.0013352 0.0013352 0.0017480 0.0012327 0.0012837 0.0016961 0.0017476 0.0012327 0.0010781 0.0016449 0.0016964 0.0017479 0.0012842 0.0011301 0.0000000 0.0011809 0.0011313 0.0009752 0.0010268 0.0011298 0.0011299 0.0009241 0.0010269 0.0009761 0.0008724 0.0009239 0.0008212 0.0009755 0.0010270 0.0011813 0.0008211 0.0008726 0.0007699 0.0007699 0.0007185 0.0007185 0.0009240 0.0009752 0.0008212 0.0010268 0.0009241 0.0007697 0.0008724 0.0008211 0.0008726 0.0009754 0.0008725 0.0007184 0.0007183 0.0007183 0.0007186 0.0009240 0.0008212 0.0008211 0.0008211 0.0004611 0.0006661 0.0006661 0.0006661 0.0006148 0.0006148 0.0005636 0.0005636 0.0007699 0.0007698 0.0006671 0.0006671 0.0007184 0.0337023 0.0335554 0.0332461 0.0331898 0.0335283 0.0368518 0.0370889 0.0380249 1.3927033 1.4098378 1.9196356 1.9198735 1.8763859 1.8761496 1.8991957 
EBOV_H.sap-wt_SLE_14_Makona-PortLoko-J0083_KP759752        0.0023652 0.0021584 0.0020565 0.0014894 0.0014376 0.0012319 0.0010777 0.0011805 0.0011805 0.0020554 0.0014373 0.0013855 0.0013855 0.0017980 0.0012831 0.0013340 0.0017461 0.0017976 0.0009737 0.0011286 0.0016950 0.0017465 0.0017979 0.0013345 0.0011805 0.0011809 0.0000000 0.0008725 0.0010250 0.0010773 0.0011802 0.0011803 0.0009737 0.0010774 0.0010257 0.0009224 0.0010775 0.0008711 0.0010260 0.0010775 0.0012317 0.0008711 0.0009224 0.0010263 0.0010263 0.0009749 0.0009749 0.0009737 0.0007173 0.0008711 0.0010773 0.0009737 0.0008199 0.0009224 0.0008711 0.0009224 0.0010250 0.0006148 0.0004611 0.0007686 0.0006661 0.0007686 0.0009737 0.0008711 0.0008711 0.0008711 0.0007173 0.0007173 0.0007173 0.0007173 0.0006661 0.0006661 0.0006148 0.0006148 0.0008199 0.0008199 0.0007173 0.0007173 0.0007686 0.0336786 0.0335318 0.0332228 0.0331665 0.0333922 0.0367124 0.0369492 0.0379462 1.3950207 1.4085462 1.9212440 1.9214819 1.8777431 1.8777349 1.9003605 
EBOV_H.sap-wt_SLE_14_Makona-J0119_KP759667                 0.0023175 0.0021104 0.0019567 0.0014403 0.0013885 0.0011824 0.0010280 0.0011310 0.0011310 0.0020072 0.0013882 0.0013363 0.0013363 0.0017494 0.0012337 0.0012847 0.0016975 0.0017490 0.0009238 0.0010790 0.0016462 0.0016978 0.0017493 0.0012852 0.0011310 0.0011313 0.0008725 0.0000000 0.0009752 0.0010276 0.0011307 0.0011308 0.0009238 0.0010277 0.0009759 0.0008725 0.0010278 0.0008211 0.0009762 0.0010278 0.0011822 0.0008211 0.0008725 0.0009765 0.0009765 0.0009251 0.0009251 0.0009238 0.0006671 0.0008211 0.0010276 0.0009238 0.0007698 0.0008725 0.0008211 0.0008725 0.0009762 0.0005644 0.0004105 0.0007184 0.0007184 0.0007184 0.0009238 0.0008211 0.0008211 0.0008211 0.0006671 0.0006671 0.0006671 0.0006671 0.0006158 0.0006158 0.0005644 0.0005644 0.0007698 0.0007698 0.0006671 0.0006671 0.0007184 0.0337330 0.0335859 0.0332763 0.0332200 0.0334460 0.0367146 0.0370092 0.0380079 1.3963111 1.4091665 1.9216948 1.9219333 1.8767669 1.8763099 1.8989839 
EBOV_H.sap-wt_SLE_14_Makona-G5640_1_KR105313               0.0021588 0.0019522 0.0018503 0.0012836 0.0012318 0.0010262 0.0008721 0.0009749 0.0009749 0.0018493 0.0012316 0.0011788 0.0011788 0.0015920 0.0010774 0.0011276 0.0015402 0.0015916 0.0010774 0.0009224 0.0014890 0.0015405 0.0015919 0.0011288 0.0009749 0.0009752 0.0010250 0.0009752 0.0000000 0.0008711 0.0009737 0.0009747 0.0007686 0.0008711 0.0008205 0.0007173 0.0008711 0.0006661 0.0008199 0.0008711 0.0010261 0.0006661 0.0007173 0.0008199 0.0008199 0.0007686 0.0007686 0.0007686 0.0008199 0.0006661 0.0008711 0.0007686 0.0006148 0.0007173 0.0006661 0.0007173 0.0008199 0.0007173 0.0005636 0.0005636 0.0005636 0.0005636 0.0007686 0.0006661 0.0006661 0.0006661 0.0005123 0.0005123 0.0005123 0.0005123 0.0004611 0.0004611 0.0004098 0.0004098 0.0006148 0.0006148 0.0005123 0.0005123 0.0005636 0.0335026 0.0333558 0.0330471 0.0329908 0.0333288 0.0365338 0.0367711 0.0377673 1.3932781 1.4062193 1.9196690 1.9199069 1.8758529 1.8756156 1.8978374 
EBOV_H.sap-wt_LBR_15_Makona-Liberia-DQE6_KR075000          0.0020040 0.0017976 0.0016956 0.0011292 0.0010775 0.0008711 0.0007173 0.0008199 0.0008199 0.0016947 0.0010773 0.0012315 0.0012315 0.0014375 0.0009224 0.0011800 0.0013858 0.0014372 0.0011290 0.0009737 0.0013346 0.0013860 0.0014374 0.0009737 0.0008199 0.0010268 0.0010773 0.0010276 0.0008711 0.0000000 0.0008199 0.0008199 0.0008199 0.0007173 0.0006666 0.0007686 0.0009235 0.0007173 0.0008711 0.0007173 0.0008711 0.0007173 0.0007686 0.0008723 0.0008723 0.0008209 0.0008209 0.0006148 0.0008711 0.0007173 0.0007173 0.0008199 0.0006661 0.0007686 0.0007173 0.0005636 0.0006661 0.0007686 0.0006148 0.0006148 0.0006148 0.0006148 0.0006148 0.0005123 0.0007173 0.0007173 0.0005636 0.0005636 0.0005636 0.0005636 0.0005123 0.0005123 0.0004611 0.0004611 0.0004611 0.0004611 0.0003586 0.0003586 0.0004098 0.0334436 0.0332967 0.0329881 0.0329319 0.0332698 0.0365881 0.0368248 0.0378211 1.3953179 1.4068346 1.9194112 1.9196489 1.8781386 1.8779062 1.9005287 
EBOV_H.sap-wt_LBR_14_Makona-Foya-EM_074720_KR817125        0.0021074 0.0019008 0.0017989 0.0012322 0.0011805 0.0009749 0.0008199 0.0009236 0.0009236 0.0017979 0.0011803 0.0013345 0.0013345 0.0015406 0.0010261 0.0012320 0.0014889 0.0015403 0.0012320 0.0010776 0.0014377 0.0014891 0.0015405 0.0010775 0.0009236 0.0011298 0.0011802 0.0011307 0.0009737 0.0008199 0.0000000 0.0007173 0.0009236 0.0008199 0.0007692 0.0008711 0.0010264 0.0008199 0.0009749 0.0006148 0.0007686 0.0008199 0.0008711 0.0009752 0.0009752 0.0009238 0.0009238 0.0007173 0.0009747 0.0008199 0.0006148 0.0009236 0.0007686 0.0008711 0.0008199 0.0006661 0.0005636 0.0008711 0.0007173 0.0007173 0.0007173 0.0007173 0.0005123 0.0006148 0.0008199 0.0008199 0.0006661 0.0006661 0.0006661 0.0006661 0.0006148 0.0006148 0.0005636 0.0005636 0.0003586 0.0005636 0.0004611 0.0004611 0.0005123 0.0335091 0.0333623 0.0330535 0.0329972 0.0332222 0.0366550 0.0368918 0.0378886 1.3940542 1.4086455 1.9169630 1.9172006 1.8753490 1.8771456 1.9015062 
EBOV_H.sap-wt_LBR_14_Makona-Foya-EM_074353_KR817112        0.0021075 0.0019010 0.0017990 0.0012323 0.0011806 0.0009750 0.0008209 0.0009237 0.0009237 0.0017980 0.0011804 0.0013346 0.0013346 0.0015407 0.0010262 0.0012321 0.0014890 0.0015404 0.0012321 0.0010776 0.0014378 0.0014892 0.0015406 0.0010776 0.0009236 0.0011299 0.0011803 0.0011308 0.0009747 0.0008199 0.0007173 0.0000000 0.0009236 0.0008199 0.0007692 0.0008711 0.0010265 0.0008199 0.0009750 0.0006148 0.0007686 0.0008199 0.0008722 0.0009753 0.0009753 0.0009239 0.0009239 0.0007173 0.0009748 0.0007173 0.0004098 0.0009236 0.0007686 0.0008711 0.0008199 0.0006661 0.0005636 0.0008711 0.0007173 0.0007173 0.0007173 0.0007173 0.0005123 0.0006148 0.0008199 0.0008199 0.0006661 0.0006661 0.0006661 0.0006661 0.0006148 0.0006148 0.0005636 0.0005636 0.0003586 0.0005636 0.0004611 0.0004611 0.0005123 0.0335111 0.0333643 0.0330555 0.0329992 0.0333373 0.0366572 0.0368941 0.0378909 1.3960452 1.4104553 1.9198567 1.9200945 1.8774165 1.8765606 1.9006909 
EBOV_H.sap-wt_SLE_14_Makona-G4994_1_KR105289               0.0021079 0.0019013 0.0017993 0.0012325 0.0011808 0.0009751 0.0008210 0.0009238 0.0009238 0.0017983 0.0011806 0.0011288 0.0011288 0.0015410 0.0010263 0.0010774 0.0014892 0.0015406 0.0010263 0.0008711 0.0014380 0.0014895 0.0015408 0.0010778 0.0009238 0.0009241 0.0009737 0.0009238 0.0007686 0.0008199 0.0009236 0.0009236 0.0000000 0.0008199 0.0007692 0.0006661 0.0008199 0.0006148 0.0007686 0.0008199 0.0009750 0.0006148 0.0006661 0.0007696 0.0007696 0.0007173 0.0007173 0.0007173 0.0007686 0.0006148 0.0008199 0.0007173 0.0005636 0.0006661 0.0006148 0.0006661 0.0007686 0.0006661 0.0005123 0.0005123 0.0005123 0.0005123 0.0007173 0.0006148 0.0006148 0.0006148 0.0004611 0.0004611 0.0004611 0.0004611 0.0004098 0.0004098 0.0003586 0.0003586 0.0005636 0.0005636 0.0004611 0.0004611 0.0005123 0.0334564 0.0333095 0.0330007 0.0329445 0.0332825 0.0366022 0.0368389 0.0378356 1.3955708 1.4067363 1.9197680 1.9200059 1.8787350 1.8768250 1.8994367 
EBOV_H.sap-wt_GIN_14_Makona-Macenta-EM_000982_KR817086     0.0020041 0.0017976 0.0016443 0.0011292 0.0010776 0.0008711 0.0007173 0.0008199 0.0008199 0.0016947 0.0008711 0.0012315 0.0012315 0.0014376 0.0009224 0.0011801 0.0013858 0.0014373 0.0011291 0.0009747 0.0013347 0.0013861 0.0014374 0.0009737 0.0008199 0.0010269 0.0010774 0.0010277 0.0008711 0.0007173 0.0008199 0.0008199 0.0008199 0.0000000 0.0006666 0.0007686 0.0009236 0.0007173 0.0008711 0.0007173 0.0008711 0.0007173 0.0007686 0.0008723 0.0008724 0.0008210 0.0008210 0.0006148 0.0008711 0.0007173 0.0007173 0.0008199 0.0006661 0.0007686 0.0007173 0.0005636 0.0006661 0.0007686 0.0006148 0.0006148 0.0006148 0.0006148 0.0006148 0.0005123 0.0007173 0.0007173 0.0005636 0.0005636 0.0005636 0.0005636 0.0005123 0.0005123 0.0004611 0.0004611 0.0004611 0.0004611 0.0003586 0.0003586 0.0004098 0.0333825 0.0332357 0.0329272 0.0328710 0.0331569 0.0364741 0.0367107 0.0377066 1.3949681 1.4063414 1.9172949 1.9175325 1.8756387 1.8754010 1.8980003 
EBOV_H.sap-wt_SLE_14_Makona-G4973_1_KR105286               0.0019538 0.0017473 0.0016452 0.0010785 0.0010269 0.0008205 0.0006666 0.0007692 0.0007692 0.0016443 0.0010257 0.0011809 0.0011809 0.0013870 0.0005640 0.0011294 0.0013353 0.0013867 0.0010784 0.0009231 0.0012841 0.0013355 0.0013869 0.0009231 0.0007692 0.0009761 0.0010257 0.0009759 0.0008205 0.0006666 0.0007692 0.0007692 0.0007692 0.0006666 0.0000000 0.0007179 0.0008718 0.0006666 0.0008205 0.0006666 0.0008205 0.0006666 0.0007179 0.0008215 0.0008215 0.0007692 0.0007692 0.0005640 0.0008205 0.0006666 0.0006666 0.0007692 0.0006153 0.0007179 0.0006666 0.0005127 0.0006153 0.0007179 0.0005640 0.0005640 0.0005640 0.0005640 0.0005640 0.0004614 0.0006666 0.0006666 0.0005127 0.0005127 0.0005127 0.0005127 0.0004614 0.0004614 0.0004101 0.0004101 0.0004101 0.0004101 0.0003076 0.0003076 0.0003588 0.0333541 0.0332072 0.0328985 0.0328422 0.0332369 0.0365571 0.0367939 0.0377908 1.3952523 1.4074014 1.9166977 1.9169354 1.8754455 1.8749597 1.8973384 
EBOV_H.sap-wt_SLE_14_Makona-Kenema-G5039_1_KR105295        0.0020558 0.0018492 0.0017473 0.0011807 0.0011290 0.0009235 0.0007686 0.0008722 0.0008722 0.0017463 0.0011288 0.0010763 0.0010763 0.0014891 0.0009737 0.0010250 0.0014374 0.0014888 0.0009737 0.0008199 0.0013862 0.0014376 0.0014890 0.0010261 0.0008722 0.0008724 0.0009224 0.0008725 0.0007173 0.0007686 0.0008711 0.0008711 0.0006661 0.0007686 0.0007179 0.0000000 0.0007686 0.0005636 0.0007173 0.0007686 0.0009224 0.0005636 0.0006148 0.0007173 0.0007173 0.0006661 0.0006661 0.0006661 0.0007173 0.0005636 0.0007686 0.0006661 0.0005123 0.0006148 0.0005636 0.0006148 0.0007173 0.0006148 0.0004611 0.0004611 0.0004611 0.0004611 0.0006661 0.0005636 0.0005636 0.0005636 0.0004098 0.0004098 0.0004098 0.0004098 0.0003586 0.0003586 0.0003073 0.0003073 0.0005123 0.0005123 0.0004098 0.0004098 0.0004611 0.0333903 0.0332435 0.0329349 0.0328786 0.0331646 0.0364826 0.0367192 0.0377154 1.3943656 1.4068648 1.9182736 1.9185112 1.8746142 1.8743744 1.8969580 
EBOV_H.sap-wt_SLE_14_Makona-Bonthe-G5723_1_KR105319        0.0022112 0.0020045 0.0019025 0.0013355 0.0012837 0.0010780 0.0009239 0.0010267 0.0010267 0.0019015 0.0012835 0.0008199 0.0008199 0.0016441 0.0011292 0.0007686 0.0015923 0.0016437 0.0011292 0.0009748 0.0015411 0.0015926 0.0016439 0.0011807 0.0010266 0.0009239 0.0010775 0.0010278 0.0008711 0.0009235 0.0010264 0.0010265 0.0008199 0.0009236 0.0008718 0.0007686 0.0000000 0.0007173 0.0008722 0.0009237 0.0010779 0.0003073 0.0003586 0.0008725 0.0008725 0.0008211 0.0008211 0.0008199 0.0008711 0.0007173 0.0009235 0.0008199 0.0006661 0.0007686 0.0007173 0.0007686 0.0008722 0.0007686 0.0006148 0.0006148 0.0006148 0.0006148 0.0008199 0.0007173 0.0007173 0.0007173 0.0005636 0.0005636 0.0005636 0.0005636 0.0005123 0.0005123 0.0004611 0.0004611 0.0006661 0.0006661 0.0005636 0.0005636 0.0006148 0.0335724 0.0334256 0.0331166 0.0330603 0.0333465 0.0366674 0.0369563 0.0378917 1.3955070 1.4077926 1.9228402 1.9230783 1.8749276 1.8746885 1.8972648 
EBOV_H.sap-wt_SLE_14_Makona-J0117_KP759665                 0.0020045 0.0017980 0.0016960 0.0011295 0.0010778 0.0008723 0.0007173 0.0008209 0.0008209 0.0016950 0.0010776 0.0010250 0.0010250 0.0014378 0.0009234 0.0009737 0.0013861 0.0014375 0.0009234 0.0007686 0.0013349 0.0013864 0.0014377 0.0009748 0.0008209 0.0008212 0.0008711 0.0008211 0.0006661 0.0007173 0.0008199 0.0008199 0.0006148 0.0007173 0.0006666 0.0005636 0.0007173 0.0000000 0.0001537 0.0007173 0.0008711 0.0005123 0.0005636 0.0006661 0.0006661 0.0006148 0.0006148 0.0006148 0.0006661 0.0005123 0.0007173 0.0006148 0.0004611 0.0005636 0.0005123 0.0005636 0.0006661 0.0005636 0.0004098 0.0004098 0.0004098 0.0004098 0.0006148 0.0005123 0.0005123 0.0005123 0.0003586 0.0003586 0.0003586 0.0003586 0.0003073 0.0003073 0.0002561 0.0002561 0.0004611 0.0004611 0.0003586 0.0003586 0.0004098 0.0333379 0.0331911 0.0328825 0.0328263 0.0331642 0.0364822 0.0367188 0.0377150 1.3937019 1.4063072 1.9205832 1.9208211 1.8737343 1.8734926 1.8960740 
EBOV_H.sap-wt_SLE_14_Makona-Kenema-G5685_1_KR105317        0.0021594 0.0019527 0.0018508 0.0012839 0.0012322 0.0010265 0.0008724 0.0009752 0.0009752 0.0018498 0.0012319 0.0011802 0.0011802 0.0015924 0.0010777 0.0011287 0.0015406 0.0015921 0.0010777 0.0009224 0.0014894 0.0015409 0.0015923 0.0011291 0.0009751 0.0009755 0.0010260 0.0009762 0.0008199 0.0008711 0.0009749 0.0009750 0.0007686 0.0008711 0.0008205 0.0007173 0.0008722 0.0001537 0.0000000 0.0008722 0.0010263 0.0006661 0.0007173 0.0008210 0.0008210 0.0007696 0.0007696 0.0007686 0.0008199 0.0006661 0.0008711 0.0007686 0.0006148 0.0007173 0.0006661 0.0007173 0.0008199 0.0007173 0.0005636 0.0005636 0.0005636 0.0005636 0.0007686 0.0006661 0.0006661 0.0006661 0.0005123 0.0005123 0.0005123 0.0005123 0.0004611 0.0004611 0.0004098 0.0004098 0.0006148 0.0006148 0.0005123 0.0005123 0.0005636 0.0334518 0.0333049 0.0329962 0.0329400 0.0333379 0.0366578 0.0368946 0.0378915 1.3936584 1.4074402 1.9220990 1.9223369 1.8751631 1.8749244 1.8975207 
