100
02A1.GH.97.97GH_AG2.AB052867           0.0000000 0.3502462 0.3508421 0.3724068 0.4377470 0.3694043 0.4248320 0.4052667 0.4680630 0.5519064 0.5520128 0.5767028 0.5200669 0.5275168 0.5454850 0.5391969 0.4985238 0.5724309 0.5493748 0.6081450 0.6149219 0.6365760 0.6596801 0.6436337 0.6231733 0.6469797 0.7161984 0.8271160 0.4657471 0.5924206 0.7798786 0.8395769 0.5080999 0.5352609 0.5639258 0.6304995 0.6560124 0.5553340 0.6119277 0.7850701 0.8001096 0.7671502 0.7846849 0.7919659 0.7278718 0.7994201 0.7973507 0.8097779 0.7956851 0.8151299 0.7559597 0.7416319 0.7621305 0.8670731 0.7681305 0.8054247 0.8195360 0.7428030 0.8470175 0.8054546 0.7977786 0.7904707 0.8034492 0.8098709 0.8529820 0.8572174 0.8723859 0.8374273 0.8615897 0.8354883 0.8719372 0.8426967 0.8671178 0.8769225 0.7439970 0.6902764 0.6716074 0.8450627 0.8223627 0.8532434 0.8454379 0.8701059 0.7962844 0.8030168 0.8732267 0.8482488 0.8520653 0.8117997 0.8177472 0.8370732 0.9046412 0.9132071 0.9614761 0.9684363 1.0813982 0.7631349 1.7541379 1.7724957 1.6964735 2.4847616 
02_AG.CM.02.02CM_3217MN.GU201514       0.3502462 0.0000000 0.2599064 0.2771490 0.3542208 0.4035428 0.4369340 0.4106449 0.4645536 0.5641174 0.5628238 0.5855745 0.5382069 0.5428849 0.5641462 0.5409295 0.5120972 0.5932198 0.5855457 0.6299150 0.6337357 0.6344429 0.6547622 0.6513573 0.6455233 0.6609820 0.7200921 0.8331837 0.4685265 0.6230609 0.7954773 0.8744525 0.5233233 0.5469086 0.6008320 0.6561711 0.6673697 0.5561311 0.6284600 0.8197684 0.8584724 0.8035579 0.8095738 0.8204910 0.7736403 0.8348395 0.8391317 0.8371609 0.8319774 0.8500800 0.8011639 0.7821615 0.7987524 0.8894826 0.8016715 0.8326572 0.8371438 0.7674818 0.8993225 0.8551381 0.8641157 0.8410830 0.8608184 0.8333125 0.8728428 0.8656726 0.8897848 0.8715059 0.8949937 0.8696501 0.9069178 0.8682264 0.9009814 0.9148181 0.7565768 0.7019698 0.6834920 0.8754176 0.8594563 0.8486061 0.8695568 0.8995832 0.8214950 0.8121107 0.8911825 0.8925461 0.8740003 0.8359928 0.8501157 0.8746180 0.9817098 0.9303124 0.9987154 1.0067207 1.1152031 0.7720827 1.7421266 1.7620727 1.7516996 2.5261763 
02_AG.GW.04.CC_0030.FJ694791           0.3508421 0.2599064 0.0000000 0.2737098 0.3616507 0.4016338 0.4420359 0.4071605 0.4574125 0.5502246 0.5520422 0.5616335 0.5306784 0.5249407 0.5465367 0.5313252 0.5052014 0.5846723 0.5630997 0.6145526 0.6218402 0.6385167 0.6531992 0.6408865 0.6279392 0.6546606 0.7161100 0.8171923 0.4766266 0.6116271 0.7943863 0.8442764 0.5133913 0.5316484 0.5955202 0.6503854 0.6624164 0.5558636 0.6112858 0.7943522 0.8297934 0.7967951 0.8178983 0.8118393 0.7677487 0.8262539 0.8274876 0.8252667 0.8191274 0.8443779 0.7573572 0.7491930 0.7829501 0.8689241 0.8066160 0.8377354 0.8267737 0.7497026 0.8566690 0.8415659 0.8309272 0.8264832 0.8303094 0.8061515 0.8709004 0.8505982 0.9017657 0.8669433 0.8636934 0.8661722 0.8774633 0.8478902 0.8954870 0.8777356 0.7617967 0.7047919 0.6836386 0.8761433 0.8491989 0.8601717 0.8701282 0.8929991 0.8336935 0.8112556 0.9138773 0.8885766 0.8516846 0.8419970 0.8339768 0.8749142 0.9535569 0.9222282 0.9977713 0.9931181 1.0812386 0.7640408 1.7002418 1.7496458 1.6978469 2.5754739 
02_AG.GW.14.DE00214GW009.MH078544      0.3724068 0.2771490 0.2737098 0.0000000 0.3645729 0.4147446 0.4575567 0.4250785 0.4962011 0.5794279 0.5691855 0.5879725 0.5360740 0.5534712 0.5793363 0.5609991 0.5132457 0.5903715 0.5794033 0.6337028 0.6508155 0.6620801 0.6721292 0.6627685 0.6570467 0.6867697 0.7441709 0.8251787 0.4809041 0.6310269 0.8001542 0.8604687 0.5169711 0.5417410 0.6005208 0.6563438 0.6710837 0.5626433 0.6250154 0.7917509 0.8423299 0.7968951 0.8166091 0.8056219 0.7455175 0.8286788 0.8178464 0.8238736 0.8182597 0.8241036 0.7759711 0.7681915 0.7831065 0.8573912 0.7987941 0.8418626 0.8235606 0.7590134 0.8639644 0.8441090 0.8364231 0.8129181 0.8389197 0.8311064 0.8560195 0.8290931 0.8847661 0.8535174 0.8676766 0.8619935 0.8794798 0.8545113 0.8875074 0.8824890 0.7515227 0.6851721 0.6742973 0.8456420 0.8306831 0.8769457 0.8783113 0.8890841 0.8302408 0.8165559 0.8903130 0.8855288 0.8556926 0.8168107 0.8373312 0.8514938 0.9305758 0.9239448 0.9766213 0.9980015 1.0886309 0.7906438 1.7405844 1.7830814 1.7093269 2.5376968 
02D.GH.03.GHNJ193.AB231897             0.4377470 0.3542208 0.3616507 0.3645729 0.0000000 0.4791577 0.5198138 0.4842944 0.5490466 0.6353196 0.6248018 0.6580458 0.6013524 0.5979844 0.6505906 0.6108361 0.5734508 0.6584840 0.6423362 0.7071133 0.7059712 0.7385803 0.7324190 0.7307039 0.7228221 0.7306060 0.8016068 0.9143329 0.5490674 0.6971353 0.8670354 0.9265778 0.6129997 0.6067866 0.6504800 0.7223695 0.7271604 0.6405978 0.6906395 0.8916310 0.9079068 0.8675775 0.8910527 0.8755553 0.8153060 0.9037130 0.8858098 0.8905850 0.8839455 0.9111504 0.8439168 0.8499628 0.8603786 0.9558584 0.8658929 0.9123902 0.9048821 0.8434321 0.9348272 0.9146363 0.9020199 0.8881263 0.8852372 0.8988361 0.9274452 0.9074842 0.9733595 0.9369993 0.9242996 0.9305640 0.9472266 0.9348893 0.9615894 0.9590425 0.8210293 0.7769900 0.7337628 0.9052488 0.8908854 0.9169013 0.9268524 0.9445988 0.9044941 0.8848246 0.9628992 0.9529265 0.9609226 0.8999583 0.8943671 0.9465715 1.0404819 0.9829983 1.0658674 1.0546108 1.1336921 0.8454387 1.7241445 1.7791821 1.7255621 2.5295408 
02A.CI.16.DEURF16CI011.MH078538        0.3694043 0.4035428 0.4016338 0.4147446 0.4791577 0.0000000 0.4828463 0.4540414 0.5219694 0.6132526 0.6102959 0.6296929 0.5764666 0.5724869 0.6117596 0.5866337 0.5481960 0.6290598 0.6229197 0.6546280 0.6688889 0.6843042 0.7006376 0.6946021 0.6774369 0.6997670 0.7655175 0.8552314 0.5210976 0.6705050 0.8192413 0.8777096 0.5621326 0.5848171 0.6352377 0.6893165 0.7260278 0.6043706 0.6772031 0.8578049 0.8833480 0.8360172 0.8458243 0.8622920 0.8050796 0.8509896 0.8617263 0.8704876 0.8585074 0.8914141 0.8281381 0.8012673 0.8296733 0.9012862 0.8324644 0.8527929 0.8643793 0.8117310 0.8980298 0.8698812 0.8484151 0.8537102 0.8663220 0.8525729 0.9039324 0.8917462 0.9304814 0.9033131 0.8863853 0.8855223 0.9002600 0.9023461 0.9102831 0.9207779 0.7916350 0.7447058 0.7204978 0.9268838 0.8993999 0.9213483 0.9185296 0.9206903 0.8973829 0.8813098 0.9762063 0.9392629 0.9116062 0.8692008 0.8958976 0.9120461 1.0068162 0.9506556 1.0417607 1.0451508 1.1324582 0.8114948 1.7893477 1.8550972 1.7501309 2.5962867 
U.ES.10.DEURF10DZ001.JX140679          0.4248320 0.4369340 0.4420359 0.4575567 0.5198138 0.4828463 0.0000000 0.3999725 0.5389426 0.6110112 0.6094833 0.6390576 0.5818065 0.5693870 0.6023038 0.6041277 0.5685721 0.6320360 0.6240299 0.6658857 0.6765329 0.7125584 0.7161764 0.7023173 0.6789152 0.6998031 0.7873573 0.8889883 0.5326682 0.6664357 0.8469378 0.9235266 0.5803204 0.6091134 0.6530489 0.7160708 0.7336511 0.6186472 0.6925892 0.8601804 0.9040945 0.8600973 0.8629340 0.8488361 0.8091267 0.8781942 0.8667522 0.8716031 0.8932994 0.9008939 0.8156892 0.8230432 0.8337332 0.9245212 0.8558905 0.8692435 0.8736314 0.8119160 0.9018581 0.8817593 0.8689512 0.8931689 0.8716060 0.8758838 0.9123278 0.9038030 0.9105904 0.9057608 0.9359669 0.8989231 0.9130410 0.9104603 0.9380817 0.9646819 0.8194011 0.7656938 0.7376513 0.9326826 0.8768119 0.9168000 0.8970104 0.9505133 0.8972473 0.8626780 0.9395543 0.9468882 0.8923896 0.8740085 0.9015292 0.9115253 0.9864857 0.9539544 1.0273887 1.0430601 1.1408609 0.8353503 1.8258974 1.8507778 1.8119347 2.5908753 
0206.SN.12.LA56Senegl.KU168299         0.4052667 0.4106449 0.4071605 0.4250785 0.4842944 0.4540414 0.3999725 0.0000000 0.4879705 0.5754090 0.5850521 0.6093658 0.5663223 0.5557701 0.5808840 0.5710025 0.5365303 0.6135685 0.5925088 0.6314519 0.6334845 0.6675842 0.6563997 0.6569656 0.6482284 0.6695668 0.7264051 0.8338906 0.4920119 0.6264259 0.8106991 0.8643796 0.5469791 0.5737834 0.6338807 0.6628065 0.7006446 0.6080304 0.6526116 0.8272210 0.8763702 0.8214108 0.8401243 0.8372261 0.7767386 0.8488860 0.8612328 0.8322958 0.8733786 0.8483084 0.7955841 0.7851449 0.8117500 0.8993583 0.8207258 0.8760233 0.8542563 0.7990921 0.8767801 0.8475929 0.8506064 0.8433496 0.8419464 0.8435674 0.8955177 0.8802809 0.8943084 0.8886080 0.8877636 0.8975952 0.9091435 0.8857750 0.9220407 0.9305313 0.7877196 0.7312649 0.6987276 0.8597563 0.8333920 0.8885065 0.8781279 0.8769059 0.8408100 0.8263735 0.9087470 0.8843346 0.8512690 0.8325626 0.8474493 0.8637581 0.9817012 0.9367026 1.0145843 0.9975425 1.1171923 0.7964550 1.8002917 1.8276074 1.8327507 2.5552377 
45_cpx.CD.97.97CD_MBFE185.FN392874     0.4680630 0.4645536 0.4574125 0.4962011 0.5490466 0.5219694 0.5389426 0.4879705 0.0000000 0.5107302 0.5052315 0.5261456 0.4742914 0.4751090 0.4993360 0.5006552 0.4541158 0.5158070 0.5039840 0.5645240 0.5803717 0.5908174 0.5944285 0.5938344 0.5805849 0.6104044 0.6835870 0.7785146 0.4846347 0.5414425 0.7425797 0.8011848 0.5718931 0.5517778 0.6027459 0.6425897 0.6789186 0.6689711 0.5798521 0.7577350 0.7912560 0.7731237 0.7621578 0.7672470 0.7120819 0.7732548 0.7830171 0.7809198 0.7935936 0.7975278 0.7376266 0.7210320 0.7424944 0.8231768 0.7589776 0.8003840 0.7938500 0.7182665 0.8219811 0.7928765 0.7810506 0.7906019 0.7926782 0.7949235 0.8166581 0.8282150 0.8224704 0.8251589 0.8216664 0.8178996 0.8364428 0.7996556 0.8403817 0.8379875 0.7247284 0.6764607 0.6623899 0.8001986 0.7753487 0.7979824 0.8080018 0.8236068 0.7523437 0.7454821 0.8071648 0.8246395 0.8065250 0.7399789 0.7820139 0.7905574 0.8882846 0.8320885 0.9322572 0.9033736 1.0874060 0.7468784 1.8668900 1.9019414 1.8418974 2.5847063 
A1.KE.06.06KECst_028.FJ623479          0.5519064 0.5641174 0.5502246 0.5794279 0.6353196 0.6132526 0.6110112 0.5754090 0.5107302 0.0000000 0.3061905 0.4111482 0.3761102 0.4058616 0.4132520 0.4843953 0.4354469 0.4716027 0.5025997 0.5583910 0.5697367 0.5957356 0.5907570 0.5990820 0.5658220 0.6110671 0.6761767 0.7740447 0.5699690 0.4946660 0.7463891 0.7966967 0.6600204 0.6561543 0.7153984 0.7779772 0.7991588 0.7566066 0.6833974 0.8380715 0.8790495 0.8447753 0.8600533 0.8589532 0.7935785 0.8636429 0.8759244 0.8761947 0.8837391 0.8882024 0.8365633 0.8109368 0.8437516 0.9041805 0.8383924 0.8635336 0.8930321 0.8150017 0.9097748 0.8890883 0.8657785 0.8678395 0.8880476 0.8966182 0.9142436 0.9074141 0.9180047 0.9016268 0.9150430 0.9223891 0.9465001 0.8844222 0.9278619 0.9350842 0.8053040 0.7579704 0.7381642 0.7388305 0.7017939 0.7443045 0.7342586 0.7713696 0.7069952 0.6818472 0.7677157 0.7390268 0.7250113 0.6784563 0.6992213 0.7349210 0.8182099 0.7846643 0.8417355 0.8423323 1.1732085 0.8146961 1.8636267 1.9635948 1.9405865 2.7113417 
A1.KE.06.06KECst_013.FJ623485          0.5520128 0.5628238 0.5520422 0.5691855 0.6248018 0.6102959 0.6094833 0.5850521 0.5052315 0.3061905 0.0000000 0.4134685 0.3699491 0.3896068 0.3869408 0.4726838 0.4324502 0.4608564 0.4913647 0.5517436 0.5508576 0.5638973 0.5826339 0.5759008 0.5647350 0.5937027 0.6666626 0.7602417 0.5695060 0.4905878 0.7227181 0.7909718 0.6491187 0.6378309 0.6810398 0.7485478 0.7791641 0.7624317 0.6730283 0.8399576 0.8821449 0.8491155 0.8400816 0.8423087 0.8009824 0.8598575 0.8763897 0.8789779 0.8726903 0.8914989 0.8188919 0.7907564 0.8324644 0.9178358 0.8407836 0.8572154 0.8842287 0.8299393 0.9028410 0.8735125 0.8760620 0.8565081 0.8867600 0.8915642 0.9068216 0.9096510 0.9391861 0.9207805 0.9014734 0.9290121 0.9200743 0.9073414 0.9454099 0.9608586 0.8220789 0.7538886 0.7276211 0.7187293 0.6974282 0.7282476 0.7291858 0.7508556 0.7027003 0.6831139 0.7618916 0.7425600 0.7112822 0.6871574 0.6901686 0.7108290 0.8213689 0.7926761 0.8471792 0.8343996 1.1312955 0.8234380 1.9373025 2.0006181 1.9485948 2.6906297 
A1.CY.07.CY208.JF683760                0.5767028 0.5855745 0.5616335 0.5879725 0.6580458 0.6296929 0.6390576 0.6093658 0.5261456 0.4111482 0.4134685 0.0000000 0.2418005 0.4143267 0.4348887 0.5030741 0.4655213 0.4860141 0.5176675 0.5741359 0.5709648 0.6011607 0.6154481 0.6139427 0.5875502 0.6196874 0.6814885 0.7862158 0.5896140 0.5214677 0.7577225 0.8124617 0.6794658 0.6716722 0.7079909 0.7785920 0.8116827 0.7659178 0.6737214 0.8628007 0.9085317 0.8654698 0.8730699 0.8801371 0.8196440 0.8930307 0.9028302 0.8962868 0.8959038 0.9106895 0.8441920 0.8209833 0.8598019 0.9399263 0.8586726 0.8651806 0.9127904 0.8433097 0.9177607 0.8992524 0.8832308 0.8823588 0.9042689 0.9092500 0.9458306 0.9219205 0.9486606 0.9384147 0.9508935 0.9527072 0.9507786 0.9225645 0.9722964 0.9803065 0.8468593 0.7780659 0.7823587 0.7311955 0.7265810 0.7464300 0.7576436 0.7839756 0.7201342 0.7000617 0.7789913 0.7712180 0.7586615 0.6911855 0.7177138 0.7603587 0.8449648 0.8058020 0.8781094 0.8805336 1.1883020 0.8518653 1.9528770 1.9594846 2.0004800 2.7858407 
A1.CY.05.CY051.FJ388903                0.5200669 0.5382069 0.5306784 0.5360740 0.6013524 0.5764666 0.5818065 0.5663223 0.4742914 0.3761102 0.3699491 0.2418005 0.0000000 0.3664300 0.3725907 0.4593743 0.4185740 0.4326632 0.4835146 0.5255317 0.5412269 0.5622821 0.5737701 0.5654554 0.5582285 0.5884915 0.6432734 0.7455127 0.5457487 0.4712677 0.7052372 0.7702954 0.6523301 0.6089866 0.6614774 0.7170603 0.7396763 0.7284023 0.6461906 0.8322654 0.8798703 0.8298977 0.8323376 0.8301041 0.7869681 0.8549830 0.8617915 0.8455302 0.8644461 0.8681830 0.8147952 0.7998716 0.8325240 0.9034373 0.8106040 0.8401900 0.8786010 0.8155987 0.8872618 0.8415545 0.8594594 0.8591237 0.8693984 0.8751104 0.8918924 0.8978819 0.9233237 0.8896325 0.9083473 0.9141211 0.9184742 0.8858042 0.9283594 0.9259117 0.8014418 0.7471646 0.7294566 0.6881033 0.6741192 0.6962098 0.7239598 0.7448362 0.6969402 0.6704646 0.7436916 0.7474281 0.7284804 0.6655578 0.6877665 0.7334232 0.8081402 0.7759792 0.8442434 0.8167114 1.1606430 0.7913621 1.9202911 1.9401507 1.9571598 2.7719701 
A1.UG.11.DEMA110UG001.KF859745         0.5275168 0.5428849 0.5249407 0.5534712 0.5979844 0.5724869 0.5693870 0.5557701 0.4751090 0.4058616 0.3896068 0.4143267 0.3664300 0.0000000 0.4145594 0.4524667 0.4156424 0.4406351 0.4880307 0.5284832 0.5299475 0.5516532 0.5724058 0.5722684 0.5418184 0.5738753 0.6383894 0.7625842 0.5344719 0.4745080 0.7122108 0.7504483 0.6517621 0.6230925 0.6784072 0.7381966 0.7614721 0.7389352 0.6378794 0.8091029 0.8503791 0.8251432 0.8371553 0.8360810 0.7768886 0.8423960 0.8331094 0.8486934 0.8417009 0.8538242 0.7995863 0.7605711 0.8153133 0.8784650 0.8272262 0.8308484 0.8461434 0.7997498 0.8836137 0.8625112 0.8402487 0.8248211 0.8556670 0.8510130 0.8768109 0.8824040 0.9095674 0.8808293 0.8646702 0.8776308 0.8926339 0.8658986 0.9015704 0.9165863 0.7979459 0.7293565 0.7108325 0.7231383 0.6853964 0.7240687 0.7224839 0.7596708 0.7010961 0.6795858 0.7680957 0.7482865 0.7138192 0.6815325 0.6908864 0.7313385 0.8028201 0.7679385 0.8548455 0.8283652 1.1340828 0.8077752 1.8915350 1.9890175 2.0015252 2.8054652 
35_AD.AF.06.007H.GQ477450              0.5454850 0.5641462 0.5465367 0.5793363 0.6505906 0.6117596 0.6023038 0.5808840 0.4993360 0.4132520 0.3869408 0.4348887 0.3725907 0.4145594 0.0000000 0.4827506 0.4424880 0.4816166 0.5008434 0.5647227 0.5728699 0.5981080 0.5912845 0.5974418 0.5827446 0.6112348 0.6838769 0.7818673 0.5681824 0.5050703 0.7525825 0.7801804 0.6655578 0.6538230 0.6969774 0.7522338 0.7937888 0.7546964 0.6879229 0.8460853 0.8907982 0.8491526 0.8584371 0.8631909 0.7936904 0.8592572 0.8598042 0.8513170 0.8808660 0.8766136 0.8372127 0.8016753 0.8514231 0.9126675 0.8308553 0.8546378 0.8687054 0.7987164 0.8897001 0.8607073 0.8581724 0.8848829 0.8815017 0.8902125 0.9208717 0.9003486 0.9136222 0.8880862 0.8977119 0.9079276 0.9293853 0.9087450 0.9438094 0.9489205 0.8085502 0.7700994 0.7309733 0.7303772 0.7316912 0.7337993 0.7466907 0.7741535 0.7087483 0.6899478 0.7792026 0.7603988 0.7137519 0.6900409 0.7173953 0.7383288 0.8246250 0.7990697 0.8653207 0.8797871 1.1476860 0.8382346 1.9582230 1.9722721 1.9522857 2.7355356 
A6.UA.12.DEMA112UA036.KU749406         0.5391969 0.5409295 0.5313252 0.5609991 0.6108361 0.5866337 0.6041277 0.5710025 0.5006552 0.4843953 0.4726838 0.5030741 0.4593743 0.4524667 0.4827506 0.0000000 0.4146837 0.4957138 0.4651730 0.5288630 0.5292985 0.5511930 0.5538606 0.5556778 0.5359564 0.5743433 0.6219920 0.7496105 0.5577169 0.5303787 0.7223632 0.7740775 0.6463712 0.6272510 0.6782970 0.7232166 0.7734131 0.7500556 0.6616432 0.8225709 0.8610680 0.8325116 0.8371585 0.8241270 0.7593736 0.8454085 0.8318131 0.8304563 0.8463423 0.8569931 0.8196199 0.7993667 0.8140975 0.8761151 0.8312954 0.8519269 0.8810659 0.8216494 0.8669483 0.8608555 0.8331082 0.8515375 0.8526753 0.8650018 0.8961466 0.8844092 0.8840822 0.8935621 0.8989328 0.9160114 0.9091004 0.8805471 0.8914643 0.9246667 0.8143754 0.7422578 0.7178360 0.7743510 0.7424112 0.8059557 0.7699281 0.8093287 0.7463544 0.7175371 0.8043283 0.8004409 0.7738504 0.7383444 0.7537872 0.7697242 0.8752612 0.8158443 0.9124309 0.8786993 1.1627707 0.8024262 1.8990787 1.9685838 1.9583145 2.7264444 
A1.CY.06.CY154.FJ388943                0.4985238 0.5120972 0.5052014 0.5132457 0.5734508 0.5481960 0.5685721 0.5365303 0.4541158 0.4354469 0.4324502 0.4655213 0.4185740 0.4156424 0.4424880 0.4146837 0.0000000 0.4796740 0.4391643 0.5048111 0.5077645 0.5376661 0.5429637 0.5363888 0.5209834 0.5335064 0.6014659 0.7058431 0.5228583 0.5026633 0.6654732 0.7339079 0.6209214 0.5984728 0.6518337 0.7110388 0.7160105 0.7148101 0.6254162 0.8016587 0.8496284 0.7985228 0.8108001 0.8201043 0.7504418 0.8172033 0.8149736 0.8252451 0.8218189 0.8524102 0.7775045 0.7687803 0.7988817 0.8711751 0.7971267 0.8294775 0.8490555 0.7735430 0.8881946 0.8657609 0.8395015 0.8235173 0.8369522 0.8389691 0.8633121 0.8663154 0.8612266 0.8587001 0.8845155 0.8840331 0.8806686 0.8394150 0.8886356 0.9044310 0.7509133 0.6945451 0.6794001 0.7182173 0.6996099 0.7247810 0.7404460 0.7687522 0.6918335 0.6721170 0.7639651 0.7485375 0.7429313 0.7003046 0.6881584 0.7287385 0.8102130 0.7608563 0.8600528 0.8435926 1.1277321 0.7585749 1.8953477 1.9150590 1.9382789 2.6479701 
A1D.UG.99.99UGJ21953.AF484496          0.5724309 0.5932198 0.5846723 0.5903715 0.6584840 0.6290598 0.6320360 0.6135685 0.5158070 0.4716027 0.4608564 0.4860141 0.4326632 0.4406351 0.4816166 0.4957138 0.4796740 0.0000000 0.5217152 0.5723189 0.5851086 0.6067222 0.6273490 0.6146500 0.6124659 0.6203590 0.7046708 0.7845384 0.5815681 0.5071195 0.7427136 0.7969374 0.7031296 0.6601823 0.7087376 0.7609404 0.8139453 0.7873763 0.7136583 0.8823999 0.9139892 0.8726089 0.8941543 0.8805214 0.8225580 0.9164824 0.9005298 0.9115724 0.9150707 0.9303544 0.8504686 0.8198739 0.8592844 0.9401977 0.8581211 0.9000148 0.8969621 0.8289763 0.9169462 0.9045929 0.8978850 0.8874302 0.8984242 0.9033833 0.9447965 0.9143903 0.9370445 0.9383556 0.9388159 0.9429397 0.9514953 0.9289278 0.9703350 0.9677837 0.8220966 0.7809613 0.7473975 0.7390995 0.7212949 0.7383677 0.7477048 0.7687746 0.7275986 0.6810855 0.7596376 0.7484143 0.7340214 0.6888006 0.7099805 0.7479343 0.8149367 0.7928135 0.8767068 0.8704380 1.1837644 0.8542625 1.9132652 1.9339743 2.0056506 2.6977663 
22_01A1.CM.02.02CM_1867LE.AY371165     0.5493748 0.5855457 0.5630997 0.5794033 0.6423362 0.6229197 0.6240299 0.5925088 0.5039840 0.5025997 0.4913647 0.5176675 0.4835146 0.4880307 0.5008434 0.4651730 0.4391643 0.5217152 0.0000000 0.4243784 0.4309794 0.4510494 0.4663132 0.4667874 0.4444867 0.4679333 0.5422015 0.6288628 0.5748084 0.5657806 0.5990618 0.6321941 0.6552037 0.6597455 0.6978838 0.7484507 0.7797316 0.7474416 0.6938596 0.8555424 0.8880789 0.8601368 0.8601415 0.8481624 0.7863200 0.8701564 0.8876717 0.8604996 0.8659878 0.8750401 0.8060719 0.8137160 0.8470509 0.8879364 0.8514388 0.8782836 0.8631732 0.8129239 0.9125486 0.8953960 0.8812769 0.8841418 0.8915390 0.9200181 0.9011411 0.8961343 0.9157905 0.9152365 0.9173152 0.9308298 0.9121173 0.9048485 0.9407409 0.9243079 0.7901542 0.7242819 0.7220966 0.8016705 0.7734215 0.7969452 0.8043617 0.8198702 0.7820864 0.7608173 0.8502569 0.8230103 0.8383262 0.7572518 0.7743036 0.8025321 0.8654954 0.8306238 0.9410070 0.9190638 1.1456211 0.8238715 1.9027729 1.9949102 1.8864202 2.6494664 
01_AE.CN.02.YN0236.JX112866            0.6081450 0.6299150 0.6145526 0.6337028 0.7071133 0.6546280 0.6658857 0.6314519 0.5645240 0.5583910 0.5517436 0.5741359 0.5255317 0.5284832 0.5647227 0.5288630 0.5048111 0.5723189 0.4243784 0.0000000 0.1528193 0.2016197 0.2051449 0.2097109 0.2067029 0.2386635 0.2856781 0.3654666 0.6256152 0.6115826 0.4678628 0.5163990 0.7487718 0.7096897 0.7713917 0.7954784 0.8469822 0.8282548 0.7281921 0.9122521 0.9264696 0.8927146 0.9164707 0.9098352 0.8499519 0.9303449 0.9230454 0.9313234 0.9260742 0.9381734 0.8856820 0.8746688 0.8958024 0.9804958 0.9090723 0.9074848 0.9606808 0.8560608 0.9674951 0.9452357 0.9431474 0.9266775 0.9356265 0.9522835 0.9557159 0.9510563 0.9727068 0.9771859 0.9761042 0.9658716 0.9905515 0.9649278 0.9859743 0.9739601 0.8691340 0.7914053 0.7900373 0.8505915 0.8251955 0.8677212 0.8806694 0.9119094 0.8452903 0.8205686 0.8974802 0.8718531 0.8912629 0.8407124 0.8347381 0.8534549 0.9342243 0.8870149 0.9958009 0.9763704 1.1684614 0.8798714 1.9333362 1.9531202 1.9223902 2.6883702 
01_AE.TH.99.99TH_C4460.AY945726        0.6149219 0.6337357 0.6218402 0.6508155 0.7059712 0.6688889 0.6765329 0.6334845 0.5803717 0.5697367 0.5508576 0.5709648 0.5412269 0.5299475 0.5728699 0.5292985 0.5077645 0.5851086 0.4309794 0.1528193 0.0000000 0.2056120 0.2087624 0.2188737 0.2130769 0.2409244 0.2899839 0.3727958 0.6301007 0.6021689 0.4738550 0.5299090 0.7397124 0.7121534 0.7752036 0.8016328 0.8548200 0.8306514 0.7372636 0.9176975 0.9415599 0.9164930 0.9292444 0.9153681 0.8413750 0.9487086 0.9489449 0.9349121 0.9557786 0.9464513 0.8890420 0.8672078 0.8941493 0.9804414 0.8946615 0.9243472 0.9611354 0.8798712 0.9838040 0.9436874 0.9493348 0.9068985 0.9428693 0.9673316 0.9719097 0.9504028 0.9856471 0.9862456 0.9913172 0.9856091 0.9884582 0.9747640 1.0074565 0.9815334 0.8933760 0.8112020 0.7966557 0.8505778 0.8154396 0.8653279 0.8806739 0.9077796 0.8484437 0.8057141 0.8922043 0.8669568 0.8706910 0.8184003 0.8345321 0.8454937 0.9202413 0.8739651 1.0008300 0.9893296 1.1736014 0.9050506 1.9609973 1.9953650 1.9908112 2.7059376 
01_AE.TH.07.AA030a04.JX447057          0.6365760 0.6344429 0.6385167 0.6620801 0.7385803 0.6843042 0.7125584 0.6675842 0.5908174 0.5957356 0.5638973 0.6011607 0.5622821 0.5516532 0.5981080 0.5511930 0.5376661 0.6067222 0.4510494 0.2016197 0.2056120 0.0000000 0.2458933 0.2346774 0.2388545 0.2672767 0.3167535 0.3989960 0.6671001 0.6405097 0.5133053 0.5446729 0.7617897 0.7416228 0.8215252 0.8301671 0.8813989 0.8615889 0.7775483 0.9532681 0.9770959 0.9458646 0.9674880 0.9586615 0.8844339 0.9762517 0.9668101 0.9710052 0.9669146 0.9744733 0.9235806 0.9057883 0.9394386 0.9984331 0.9234401 0.9425579 0.9962944 0.8919529 0.9972881 0.9612889 0.9662520 0.9590070 0.9848586 0.9715564 0.9943529 0.9940692 1.0059514 1.0186529 1.0191206 1.0520689 1.0125838 0.9758520 1.0146908 1.0197869 0.9116062 0.8321998 0.8347775 0.8901611 0.8718632 0.8990251 0.9128521 0.9340725 0.8711118 0.8468670 0.9058400 0.8900369 0.9197762 0.8606168 0.8719478 0.8787059 0.9635859 0.9304671 1.0359130 0.9969194 1.2154373 0.9357264 1.9763454 2.0085822 1.9908947 2.7144712 
01_AE.CN.07.GX070143.JX112835          0.6596801 0.6547622 0.6531992 0.6721292 0.7324190 0.7006376 0.7161764 0.6563997 0.5944285 0.5907570 0.5826339 0.6154481 0.5737701 0.5724058 0.5912845 0.5538606 0.5429637 0.6273490 0.4663132 0.2051449 0.2087624 0.2458933 0.0000000 0.2594417 0.2543968 0.2864973 0.3377628 0.4202663 0.6721879 0.6431746 0.5165352 0.5716317 0.7752844 0.7573051 0.8046583 0.8462149 0.8727966 0.8628788 0.7778677 0.9772606 0.9928071 0.9589507 0.9449057 0.9556306 0.9034025 0.9751535 0.9823371 0.9848212 0.9776831 0.9832682 0.9360629 0.9083347 0.9189267 1.0126510 0.9373197 0.9719949 0.9973589 0.9208647 1.0036146 0.9882422 0.9746428 0.9677538 0.9681164 1.0046542 1.0007395 1.0061101 1.0237968 1.0040398 1.0168792 1.0273429 1.0152140 0.9875414 1.0466188 1.0198479 0.9176497 0.8330547 0.8329712 0.9015642 0.8707703 0.9097734 0.8987399 0.9251090 0.8609660 0.8250954 0.9297745 0.9035783 0.9281043 0.8687462 0.8781453 0.8821496 0.9878376 0.9240305 1.0604908 1.0254629 1.2354093 0.9336730 1.9870504 2.0099181 2.0051030 2.7809058 
01_AE.CN.07.07CNYN326.KF835513         0.6436337 0.6513573 0.6408865 0.6627685 0.7307039 0.6946021 0.7023173 0.6569656 0.5938344 0.5990820 0.5759008 0.6139427 0.5654554 0.5722684 0.5974418 0.5556778 0.5363888 0.6146500 0.4667874 0.2097109 0.2188737 0.2346774 0.2594417 0.0000000 0.2491464 0.2812305 0.3271900 0.4152176 0.6734493 0.6393224 0.5044911 0.5599022 0.7584084 0.7398821 0.7931376 0.8391189 0.8664607 0.8394684 0.7603314 0.9564211 0.9619242 0.9262435 0.9421343 0.9467941 0.8737929 0.9801371 0.9483402 0.9648446 0.9650836 0.9731670 0.9113817 0.8830229 0.9246595 0.9977094 0.9203557 0.9400734 0.9799025 0.9053338 1.0042523 0.9759138 0.9748520 0.9482092 0.9573565 0.9828389 0.9680860 0.9947392 1.0149607 0.9931170 1.0050367 1.0187093 1.0388033 1.0001052 1.0422913 1.0146774 0.8867786 0.8315743 0.8238086 0.8808174 0.8671506 0.8904878 0.9001944 0.9321965 0.8749280 0.8423472 0.9192272 0.8900894 0.8922368 0.8621551 0.8630145 0.8867801 0.9563565 0.9236697 1.0251500 1.0305860 1.2166345 0.9170753 2.0406487 2.0369595 1.9925225 2.7810725 
01_AE.TH.05.AA101a_WG1.JX447936        0.6231733 0.6455233 0.6279392 0.6570467 0.7228221 0.6774369 0.6789152 0.6482284 0.5805849 0.5658220 0.5647350 0.5875502 0.5582285 0.5418184 0.5827446 0.5359564 0.5209834 0.6124659 0.4444867 0.2067029 0.2130769 0.2388545 0.2543968 0.2491464 0.0000000 0.2574771 0.3178616 0.4046651 0.6444532 0.6206784 0.4956829 0.5434503 0.7315266 0.7217827 0.7720623 0.8059554 0.8960794 0.8360530 0.7483055 0.9445976 0.9673148 0.9293704 0.9449315 0.9401393 0.8685252 0.9554249 0.9537922 0.9494778 0.9614479 0.9456744 0.9105906 0.8939346 0.9357799 0.9904279 0.9048184 0.9474432 0.9823615 0.8945233 1.0051545 0.9647894 0.9604892 0.9326844 0.9693143 0.9748346 0.9705839 0.9819507 1.0244743 1.0003320 1.0029760 1.0287820 1.0021917 1.0006818 1.0238352 1.0058432 0.8792755 0.8124825 0.8111205 0.8604147 0.8513949 0.8794510 0.8932178 0.9353874 0.8542550 0.8340475 0.8870062 0.8927845 0.8816624 0.8340594 0.8638512 0.8570326 0.9475575 0.9020648 0.9887305 0.9781646 1.2416629 0.9179735 1.9819506 1.9863640 1.9850904 2.8008830 
01_AE.CN.07.07CNYN343.KF835528         0.6469797 0.6609820 0.6546606 0.6867697 0.7306060 0.6997670 0.6998031 0.6695668 0.6104044 0.6110671 0.5937027 0.6196874 0.5884915 0.5738753 0.6112348 0.5743433 0.5335064 0.6203590 0.4679333 0.2386635 0.2409244 0.2672767 0.2864973 0.2812305 0.2574771 0.0000000 0.3556302 0.4354028 0.6623882 0.6480398 0.5130876 0.5641235 0.7781338 0.7444236 0.8192939 0.8290767 0.8889036 0.8560003 0.7807374 0.9401415 0.9608195 0.9341632 0.9631996 0.9494015 0.8762924 0.9622873 0.9881336 0.9571823 0.9751134 0.9747962 0.8994233 0.9148455 0.9359250 1.0044802 0.9098657 0.9487159 0.9741346 0.9054762 1.0179339 0.9630033 0.9604520 0.9404558 0.9606587 0.9690313 0.9898993 0.9999798 0.9990872 0.9792355 1.0117754 1.0304290 1.0210331 1.0045242 1.0259512 1.0404830 0.9213807 0.8477148 0.8463221 0.8854983 0.8516319 0.9095173 0.9138301 0.9196460 0.8791387 0.8471735 0.9358677 0.9324003 0.9124666 0.8806652 0.8835849 0.8932461 0.9602342 0.9233025 1.0488433 1.0178796 1.2131431 0.9383399 1.9571797 2.0509742 1.9665769 2.7140083 
01BC.CN.13.SZ95LS8027.KX379000         0.7161984 0.7200921 0.7161100 0.7441709 0.8016068 0.7655175 0.7873573 0.7264051 0.6835870 0.6761767 0.6666626 0.6814885 0.6432734 0.6383894 0.6838769 0.6219920 0.6014659 0.7046708 0.5422015 0.2856781 0.2899839 0.3167535 0.3377628 0.3271900 0.3178616 0.3556302 0.0000000 0.4954021 0.7280738 0.7006637 0.5763924 0.6411678 0.8386441 0.8122099 0.8522213 0.9079587 0.9603452 0.9277025 0.8398150 1.0167020 1.0481536 1.0202952 1.0333000 1.0330288 0.9656328 1.0367866 1.0524289 1.0264469 1.0370699 1.0690566 1.0064094 0.9716981 1.0055477 1.0575423 1.0015109 1.0385684 1.0713150 0.9762331 1.0810870 1.0416575 1.0442684 1.0470927 1.0340859 1.0341735 1.0809282 1.0565775 1.1178749 1.0641755 1.0709800 1.0891383 1.1053525 1.0608101 1.1086891 1.1192191 0.9936471 0.9416590 0.9387373 0.9628893 0.9431091 0.9692147 0.9920836 1.0307711 0.9405722 0.9177437 0.9912738 0.9796615 0.9629321 0.9318043 0.9430395 0.9479738 1.0545439 1.0070889 1.0937563 1.0796575 1.3119752 1.0162339 2.1188755 2.1146248 2.0737603 2.7949114 
69_01B.JP.05.05JPMYC113SP420.LC027100  0.8271160 0.8331837 0.8171923 0.8251787 0.9143329 0.8552314 0.8889883 0.8338906 0.7785146 0.7740447 0.7602417 0.7862158 0.7455127 0.7625842 0.7818673 0.7496105 0.7058431 0.7845384 0.6288628 0.3654666 0.3727958 0.3989960 0.4202663 0.4152176 0.4046651 0.4354028 0.4954021 0.0000000 0.8451647 0.8353412 0.6700706 0.7175983 0.9297422 0.9219097 0.9917838 1.0043822 1.0348538 1.0121275 0.9339230 1.1089158 1.1281818 1.1182519 1.1340401 1.1207487 1.0280936 1.1141563 1.1236888 1.1333898 1.0977027 1.1361654 1.0552760 1.0586118 1.0867588 1.1478781 1.0578429 1.1062381 1.1162227 1.0458718 1.1874071 1.1266057 1.1327717 1.1353954 1.1211149 1.1334922 1.1662443 1.1451207 1.1805742 1.1858031 1.1868402 1.1754058 1.1613590 1.1383421 1.2088895 1.1727630 1.0457013 0.9773480 1.0120356 1.0557519 1.0390406 1.0899316 1.0789623 1.1088381 1.0493014 1.0118426 1.1140095 1.0600731 1.0849118 1.0216293 1.0393461 1.0485001 1.1246517 1.1108507 1.2035870 1.1780602 1.3758833 1.0991500 2.2126735 2.2637173 2.1542365 2.8727264 
AGU.CM.06.770_8.MH705142               0.4657471 0.4685265 0.4766266 0.4809041 0.5490674 0.5210976 0.5326682 0.4920119 0.4846347 0.5699690 0.5695060 0.5896140 0.5457487 0.5344719 0.5681824 0.5577169 0.5228583 0.5815681 0.5748084 0.6256152 0.6301007 0.6671001 0.6721879 0.6734493 0.6444532 0.6623882 0.7280738 0.8451647 0.0000000 0.6125061 0.8042837 0.8652191 0.5804288 0.5334318 0.5783490 0.6358577 0.6629729 0.6520383 0.6152959 0.7804800 0.8349320 0.7725302 0.7958212 0.7879536 0.7386145 0.8076537 0.8047795 0.8084086 0.8150397 0.8099149 0.7695168 0.7434978 0.7789038 0.8460715 0.7746805 0.8138391 0.8215016 0.7579174 0.8623317 0.8414618 0.8252745 0.8158054 0.8231431 0.8143968 0.8643043 0.8401503 0.8679650 0.8558896 0.8423231 0.8535531 0.8746892 0.8502253 0.8743300 0.8942514 0.7805568 0.6998771 0.6856559 0.8776766 0.8327266 0.8568746 0.8579945 0.8847817 0.8178525 0.8199728 0.8719668 0.8691453 0.8814860 0.8182942 0.8279935 0.8490408 0.9503931 0.9225931 0.9754706 0.9681157 1.0972061 0.7922059 1.9036161 1.9336313 1.8508747 2.5480934 
A1C.UG.99.99UGF25926.AF484491          0.5924206 0.6230609 0.6116271 0.6310269 0.6971353 0.6705050 0.6664357 0.6264259 0.5414425 0.4946660 0.4905878 0.5214677 0.4712677 0.4745080 0.5050703 0.5303787 0.5026633 0.5071195 0.5657806 0.6115826 0.6021689 0.6405097 0.6431746 0.6393224 0.6206784 0.6480398 0.7006637 0.8353412 0.6125061 0.0000000 0.7709278 0.8404986 0.7223535 0.6883706 0.7586040 0.7956687 0.8389807 0.8003280 0.7280487 0.8864955 0.9327623 0.8996605 0.9064265 0.8917695 0.8340081 0.8940938 0.9006756 0.9303193 0.9447494 0.9623726 0.8742723 0.8431427 0.8794502 0.9574986 0.9080811 0.9075714 0.9127175 0.8490400 0.9550170 0.9045597 0.9370590 0.9192442 0.9289541 0.9215682 0.9121825 0.9534358 0.9770780 0.9515275 0.9519981 0.9791737 0.9644484 0.9521841 0.9753863 1.0025352 0.8481157 0.8066469 0.7659874 0.6234031 0.6055521 0.6381263 0.6378590 0.6564931 0.6181043 0.5816551 0.6605878 0.6510643 0.6306164 0.5993438 0.6167940 0.6305492 0.7096602 0.6867737 0.7931438 0.7610443 1.2219536 0.8817022 1.9217014 2.0138339 1.9795657 2.6933626 
0107.CN.15.HB041501.KY019257           0.7798786 0.7954773 0.7943863 0.8001542 0.8670354 0.8192413 0.8469378 0.8106991 0.7425797 0.7463891 0.7227181 0.7577225 0.7052372 0.7122108 0.7525825 0.7223632 0.6654732 0.7427136 0.5990618 0.4678628 0.4738550 0.5133053 0.5165352 0.5044911 0.4956829 0.5130876 0.5763924 0.6700706 0.8042837 0.7709278 0.0000000 0.4276912 0.8998886 0.8895804 0.9445775 0.9733304 1.0033395 0.9911350 0.8943969 1.0795651 1.1239356 1.0745853 1.1019455 1.0929743 1.0286436 1.0814309 1.1066731 1.1288434 1.1051701 1.1321863 1.0525035 1.0371930 1.0673015 1.1198664 1.0514144 1.0924072 1.1167909 1.0402226 1.1223269 1.1093533 1.1015284 1.0967355 1.0946363 1.1150174 1.1388326 1.1153590 1.1421871 1.1417316 1.1511974 1.1365145 1.1195827 1.1554144 1.1640492 1.1825252 1.0471654 0.9750431 0.9800130 1.0243037 0.9643963 0.9913966 0.9979451 1.0368469 1.0108690 0.9531463 1.0412284 1.0197308 0.9944552 0.9472319 0.9998789 0.9815724 1.0632458 1.0455692 1.1360596 1.0812663 1.3522112 1.0474503 2.1853066 2.2612562 2.2537119 2.8833206 
01BC.CN.14.BJ.2014.MSM.SP01.KP668994   0.8395769 0.8744525 0.8442764 0.8604687 0.9265778 0.8777096 0.9235266 0.8643796 0.8011848 0.7966967 0.7909718 0.8124617 0.7702954 0.7504483 0.7801804 0.7740775 0.7339079 0.7969374 0.6321941 0.5163990 0.5299090 0.5446729 0.5716317 0.5599022 0.5434503 0.5641235 0.6411678 0.7175983 0.8652191 0.8404986 0.4276912 0.0000000 0.9642304 0.9417439 0.9784165 1.0063427 1.0822947 1.0561959 0.9351237 1.1425551 1.1645006 1.1366899 1.1592397 1.1655941 1.0861693 1.1515279 1.1529624 1.1869549 1.1622543 1.1713884 1.0740072 1.0874191 1.1148865 1.1665671 1.1033762 1.1501006 1.1463091 1.0820041 1.1846811 1.1559281 1.1442233 1.1612334 1.1678414 1.1557741 1.1875124 1.1896538 1.2082704 1.2330563 1.1736830 1.2142611 1.1644498 1.2118802 1.2662665 1.2123942 1.1265886 1.0622011 1.0410892 1.0743099 1.0137009 1.0630848 1.0973177 1.1205023 1.0583428 1.0250483 1.1086166 1.0930546 1.1015292 1.0305467 1.0455777 1.0526595 1.1563099 1.1069921 1.1899646 1.1726261 1.3891121 1.1044329 2.1949215 2.2236060 2.2153605 2.9060199 
93_cpx.CD.08.DRC653.MF372651           0.5080999 0.5233233 0.5133913 0.5169711 0.6129997 0.5621326 0.5803204 0.5469791 0.5718931 0.6600204 0.6491187 0.6794658 0.6523301 0.6517621 0.6655578 0.6463712 0.6209214 0.7031296 0.6552037 0.7487718 0.7397124 0.7617897 0.7752844 0.7584084 0.7315266 0.7781338 0.8386441 0.9297422 0.5804288 0.7223535 0.8998886 0.9642304 0.0000000 0.6561630 0.6954951 0.7623488 0.7752240 0.7356652 0.7268290 0.9198590 0.9522431 0.9063777 0.9111388 0.9195771 0.8659304 0.9144998 0.9456599 0.9296863 0.9624698 0.9440519 0.9011897 0.8840892 0.9103999 0.9679352 0.9151207 0.9514437 0.9384972 0.8708621 0.9802094 0.9465417 0.9545124 0.9302988 0.9314620 0.9571279 0.9832565 0.9595260 0.9993008 0.9865129 0.9922334 0.9916127 0.9861087 0.9545879 1.0170294 1.0157314 0.8483692 0.7912014 0.7852383 0.9556028 0.9205494 0.9671064 0.9898584 0.9595289 0.9251082 0.9277998 0.9968970 0.9810543 0.9718395 0.9323352 0.9508753 0.9458689 1.0845322 1.0187907 1.0967166 1.1169841 1.2380419 0.8738604 1.9473136 1.9874265 1.9660538 2.6645904 
G.NG.92.92NG083_JV10832.U88826         0.5352609 0.5469086 0.5316484 0.5417410 0.6067866 0.5848171 0.6091134 0.5737834 0.5517778 0.6561543 0.6378309 0.6716722 0.6089866 0.6230925 0.6538230 0.6272510 0.5984728 0.6601823 0.6597455 0.7096897 0.7121534 0.7416228 0.7573051 0.7398821 0.7217827 0.7444236 0.8122099 0.9219097 0.5334318 0.6883706 0.8895804 0.9417439 0.6561630 0.0000000 0.3469244 0.3974246 0.4117842 0.7232237 0.7161326 0.8741354 0.9182020 0.8698269 0.8729991 0.8976729 0.8175327 0.9120269 0.9110976 0.9058695 0.8981471 0.9138044 0.8718486 0.8493639 0.8735816 0.9649016 0.8586359 0.9044123 0.9081446 0.8509160 0.9540885 0.9293060 0.9134854 0.8826079 0.8987117 0.8823653 0.9461703 0.9419384 0.9704265 0.9402458 0.9360262 0.9456819 0.9444732 0.9166849 0.9949975 0.9736468 0.8502592 0.8047002 0.7708129 0.9571750 0.9068490 0.9410337 0.9482341 0.9629049 0.9135636 0.8956237 0.9597930 0.9524729 0.9486209 0.9037516 0.9255273 0.9331871 1.0279070 0.9895039 1.0616786 1.0267498 1.1577426 0.8476218 1.9461540 1.9769914 1.9616636 2.6633550 
G.NG.09.09NG010261.KX389626            0.5639258 0.6008320 0.5955202 0.6005208 0.6504800 0.6352377 0.6530489 0.6338807 0.6027459 0.7153984 0.6810398 0.7079909 0.6614774 0.6784072 0.6969774 0.6782970 0.6518337 0.7087376 0.6978838 0.7713917 0.7752036 0.8215252 0.8046583 0.7931376 0.7720623 0.8192939 0.8522213 0.9917838 0.5783490 0.7586040 0.9445775 0.9784165 0.6954951 0.3469244 0.0000000 0.4718670 0.4995596 0.7891671 0.7442249 0.9313537 0.9747342 0.9562154 0.9734486 0.9893721 0.9003995 0.9762684 0.9771007 0.9661142 0.9913954 0.9702989 0.9270928 0.8927170 0.9155392 1.0035161 0.9327547 0.9556793 0.9807031 0.9330850 1.0001206 0.9880632 0.9739556 0.9658272 0.9642342 0.9710424 1.0065423 1.0016932 1.0553000 1.0041055 0.9995914 0.9861127 0.9953380 0.9950555 1.0288313 1.0246350 0.9139409 0.8628933 0.8350226 0.9724542 0.9369062 0.9966137 1.0212143 1.0161050 0.9738857 0.9425360 1.0529037 0.9952107 0.9916602 0.9431449 0.9494309 0.9867279 1.0799213 1.0323339 1.0660354 1.0932645 1.2297252 0.9170124 1.9776874 2.0048308 2.0668787 2.7858538 
01F2G.CM.02.LT31.JN864056              0.6304995 0.6561711 0.6503854 0.6563438 0.7223695 0.6893165 0.7160708 0.6628065 0.6425897 0.7779772 0.7485478 0.7785920 0.7170603 0.7381966 0.7522338 0.7232166 0.7110388 0.7609404 0.7484507 0.7954784 0.8016328 0.8301671 0.8462149 0.8391189 0.8059554 0.8290767 0.9079587 1.0043822 0.6358577 0.7956687 0.9733304 1.0063427 0.7623488 0.3974246 0.4718670 0.0000000 0.4182146 0.8453090 0.7939967 0.9703817 0.9964328 0.9735720 1.0023281 0.9997059 0.9051807 1.0035826 0.9991757 0.9849119 0.9977965 0.9866298 0.9410778 0.9389784 0.9515456 1.0486890 0.9468684 0.9997321 1.0062915 0.9358735 1.0132154 0.9931941 1.0006593 0.9635455 0.9850919 0.9853529 1.0498605 1.0355157 1.0389203 1.0565583 1.0178043 1.0396792 1.0236885 1.0111668 1.0704285 1.0385850 0.9756096 0.9030451 0.8660394 1.0261660 0.9911819 1.0414449 1.0452981 1.0760423 0.9982071 0.9837676 1.0507960 1.0479381 1.0684310 0.9859052 1.0164815 1.0290640 1.1244036 1.0725277 1.1515291 1.1310990 1.2423497 0.9260058 1.9970410 2.0334576 2.0060138 2.8522944 
BCG.ES.15.100_119.KY496623             0.6560124 0.6673697 0.6624164 0.6710837 0.7271604 0.7260278 0.7336511 0.7006446 0.6789186 0.7991588 0.7791641 0.8116827 0.7396763 0.7614721 0.7937888 0.7734131 0.7160105 0.8139453 0.7797316 0.8469822 0.8548200 0.8813989 0.8727966 0.8664607 0.8960794 0.8889036 0.9603452 1.0348538 0.6629729 0.8389807 1.0033395 1.0822947 0.7752240 0.4117842 0.4995596 0.4182146 0.0000000 0.8749950 0.8262242 1.0200707 1.0437738 1.0160427 1.0142257 1.0503223 0.9611620 1.0352714 1.0518621 1.0335022 1.0332872 1.0381043 1.0150192 0.9658781 1.0203216 1.0859004 0.9801139 1.0359758 1.0417090 0.9915141 1.0821155 1.0501665 1.0530538 1.0259517 1.0232829 1.0267905 1.1094698 1.0810304 1.1183095 1.0891864 1.0793334 1.0999169 1.0726510 1.0558893 1.1255972 1.1166160 0.9811914 0.9560907 0.8804920 1.0896540 1.0049282 1.0576664 1.0895752 1.1017210 1.0545696 1.0274811 1.1119179 1.0659172 1.0856252 1.0377246 1.0585631 1.0674882 1.1547526 1.1498825 1.1733048 1.1545971 1.2910605 0.9598484 2.0084803 2.0208394 2.0971544 2.8580979 
06_cpx.SN.97.97SE1078.AJ288981         0.5553340 0.5561311 0.5558636 0.5626433 0.6405978 0.6043706 0.6186472 0.6080304 0.6689711 0.7566066 0.7624317 0.7659178 0.7284023 0.7389352 0.7546964 0.7500556 0.7148101 0.7873763 0.7474416 0.8282548 0.8306514 0.8615889 0.8628788 0.8394684 0.8360530 0.8560003 0.9277025 1.0121275 0.6520383 0.8003280 0.9911350 1.0561959 0.7356652 0.7232237 0.7891671 0.8453090 0.8749950 0.0000000 0.8146950 0.9881906 1.0149279 0.9813066 0.9893311 1.0136868 0.9309726 0.9965510 0.9989775 1.0142057 1.0178883 1.0114687 0.9700532 0.9435913 0.9762383 1.0560137 0.9808294 1.0078400 1.0217433 0.9688736 1.0589362 1.0403085 1.0264388 0.9936281 1.0205449 1.0303233 1.0511982 1.0096755 1.0472232 1.0255235 1.0864090 1.0462175 1.0630501 1.0366873 1.0457360 1.0542968 0.9632171 0.9009356 0.8528867 1.0501750 1.0122643 1.0410610 1.0472814 1.0603549 1.0271046 1.0068885 1.0847889 1.0831138 1.0223389 0.9856003 1.0154111 1.0555870 1.1653581 1.1118520 1.1863497 1.1831454 1.2774393 0.9683308 2.0201060 2.0283520 1.9512072 2.6619135 
