100
02A1.GH.97.97GH_AG2.AB052867           0.0000000 0.3503529 0.3509529 0.3725281 0.4379024 0.3695169 0.4249873 0.4054033 0.4682410 0.5521445 0.5522482 0.5769479 0.5202685 0.5277385 0.5457089 0.5394213 0.4987117 0.5726632 0.5496099 0.6084112 0.6152013 0.6368588 0.6599781 0.6439198 0.6234476 0.6472677 0.7165474 0.8275398 0.4659280 0.5926780 0.7802567 0.8399926 0.5083041 0.5354751 0.5641603 0.6307767 0.6563074 0.5555618 0.6122075 0.7854625 0.8005093 0.7675238 0.7850795 0.7923717 0.7282289 0.7998259 0.7977576 0.8101865 0.7960777 0.8155318 0.7563292 0.7419942 0.7624993 0.8675347 0.7685195 0.8058286 0.8199561 0.7431638 0.8474517 0.8058634 0.7981726 0.7908567 0.8038527 0.8102805 0.8534286 0.8576590 0.8728373 0.8378648 0.8620445 0.8359185 0.8724014 0.8431343 0.8675629 0.8773766 0.7443607 0.6906023 0.6719223 0.8454882 0.8227952 0.8536885 0.8458696 0.8705527 0.7966804 0.8034239 0.8736869 0.8486856 0.8525003 0.8122067 0.8181600 0.8375080 0.9051262 0.9137019 0.9619912 0.9689653 1.0820239 0.7635192 1.7553454 1.7737202 1.6976149 2.4867089 
02_AG.CM.02.02CM_3217MN.GU201514       0.3503529 0.0000000 0.2599695 0.2772220 0.3543309 0.4036700 0.4370926 0.4107859 0.4647295 0.5643653 0.5630461 0.5858258 0.5384235 0.5430968 0.5643836 0.5411539 0.5122876 0.5934754 0.5857950 0.6301944 0.6340173 0.6347216 0.6550573 0.6516469 0.6458123 0.6612827 0.7204316 0.8336122 0.4687088 0.6233324 0.7958617 0.8748950 0.5235228 0.5471264 0.6010889 0.6564698 0.6676635 0.5563568 0.6287435 0.8201868 0.8589160 0.8039633 0.8099904 0.8209103 0.7740186 0.8352674 0.8395599 0.8375970 0.8324059 0.8505113 0.8015588 0.7825388 0.7991597 0.8899392 0.8020813 0.8330720 0.8375827 0.7678639 0.8997949 0.8555835 0.8645507 0.8415021 0.8612669 0.8337440 0.8732990 0.8661213 0.8902501 0.8719632 0.8954643 0.8701015 0.9073982 0.8686807 0.9014520 0.9153054 0.7569476 0.7022976 0.6838128 0.8758776 0.8599078 0.8490419 0.8700129 0.9000627 0.8219149 0.8125205 0.8916563 0.8930142 0.8744469 0.8364216 0.8505691 0.8750872 0.9822568 0.9308154 0.9992682 1.0072814 1.1158264 0.7724583 1.7433129 1.7632728 1.7529051 2.5281478 
02_AG.GW.04.CC_0030.FJ694791           0.3509529 0.2599695 0.0000000 0.2737870 0.3617744 0.4017668 0.4421873 0.4073023 0.4575771 0.5504637 0.5522667 0.5618662 0.5308913 0.5251500 0.5467617 0.5315452 0.5053954 0.5849244 0.5633279 0.6148206 0.6221167 0.6387977 0.6534912 0.6411648 0.6282148 0.6549581 0.7164531 0.8176167 0.4768130 0.6118996 0.7947772 0.8446932 0.5135870 0.5318623 0.5957785 0.6506754 0.6627192 0.5560978 0.6115471 0.7947489 0.8302178 0.7971881 0.8183127 0.8122427 0.7681234 0.8266696 0.8279081 0.8256905 0.8195476 0.8448045 0.7577174 0.7495547 0.7833445 0.8693743 0.8070228 0.8381621 0.8271918 0.7500779 0.8571132 0.8419964 0.8313428 0.8268928 0.8307341 0.8065550 0.8713510 0.8510384 0.9022408 0.8673971 0.8641433 0.8666287 0.8779217 0.8483276 0.8959549 0.8782004 0.7621679 0.7051188 0.6839588 0.8766003 0.8496414 0.8606072 0.8705790 0.8934764 0.8341231 0.8116722 0.9143652 0.8890456 0.8521249 0.8424363 0.8344103 0.8753707 0.9540765 0.9227298 0.9983291 0.9936717 1.0818621 0.7644237 1.7013839 1.7508191 1.6989918 2.5775349 
02_AG.GW.14.DE00214GW009.MH078544      0.3725281 0.2772220 0.2737870 0.0000000 0.3646914 0.4148874 0.4577251 0.4252343 0.4963982 0.5796820 0.5694246 0.5882243 0.5363014 0.5537001 0.5795862 0.5612481 0.5134360 0.5906300 0.5796585 0.6340008 0.6511248 0.6623853 0.6724442 0.6630807 0.6573493 0.6870910 0.7445384 0.8256076 0.4810914 0.6313169 0.8005595 0.8609086 0.5171789 0.5419542 0.6007889 0.6566433 0.6713981 0.5628868 0.6252889 0.7921494 0.8427766 0.7973028 0.8170283 0.8060266 0.7458929 0.8291167 0.8182763 0.8243007 0.8186793 0.8245285 0.7763511 0.7685733 0.7835031 0.8578374 0.7992053 0.8422993 0.8239896 0.7593949 0.8644152 0.8445479 0.8368490 0.8133259 0.8393542 0.8315436 0.8564726 0.8295171 0.8852447 0.8539625 0.8681318 0.8624486 0.8799391 0.8549616 0.8879732 0.8829536 0.7518933 0.6854974 0.6746192 0.8460877 0.8311123 0.8774030 0.8787632 0.8895501 0.8306618 0.8169715 0.8907870 0.8859879 0.8561254 0.8172308 0.8377603 0.8519390 0.9310777 0.9244371 0.9771659 0.9985576 1.0892661 0.7910443 1.7417817 1.7843019 1.7104933 2.5397048 
02D.GH.03.GHNJ193.AB231897             0.4379024 0.3543309 0.3617744 0.3646914 0.0000000 0.4793394 0.5200218 0.4844795 0.5492764 0.6356166 0.6250700 0.6583409 0.6016051 0.5982446 0.6508864 0.6111064 0.5736826 0.6587800 0.6426308 0.7074483 0.7063031 0.7389322 0.7327657 0.7310522 0.7231692 0.7309558 0.8020051 0.9148159 0.5492977 0.6974625 0.8674880 0.9270712 0.6132572 0.6070528 0.6507795 0.7227212 0.7275059 0.6408885 0.6909598 0.8921045 0.9083902 0.8680458 0.8915283 0.8760193 0.8157322 0.9041959 0.8862753 0.8910512 0.8844039 0.9116426 0.8443483 0.8503957 0.8608244 0.9563798 0.8663380 0.9128731 0.9053609 0.8438756 0.9353260 0.9151176 0.9024934 0.8885867 0.8857044 0.8993215 0.9279356 0.9079712 0.9738911 0.9375027 0.9247996 0.9310733 0.9477348 0.9353896 0.9621076 0.9595546 0.8214476 0.7773822 0.7341178 0.9057352 0.8913529 0.9173789 0.9273488 0.9451070 0.9049615 0.8852844 0.9634052 0.9534430 0.9614381 0.9004275 0.8948348 0.9470848 1.0410443 0.9835286 1.0664642 1.0552013 1.1343564 0.8458698 1.7253126 1.7803908 1.7267357 2.5315385 
02A.CI.16.DEURF16CI011.MH078538        0.3695169 0.4036700 0.4017668 0.4148874 0.4793394 0.0000000 0.4830315 0.4541984 0.5221827 0.6135359 0.6105675 0.6299662 0.5767138 0.5727319 0.6120323 0.5868907 0.5484137 0.6293336 0.6232010 0.6549287 0.6691996 0.6846280 0.7009650 0.6949196 0.6777446 0.7001041 0.7659076 0.8556835 0.5213095 0.6708178 0.8196552 0.8781598 0.5623553 0.5850593 0.6355087 0.6896420 0.7263883 0.6046363 0.6775331 0.8582451 0.8838108 0.8364402 0.8462626 0.8627354 0.8054831 0.8514277 0.8621729 0.8709395 0.8589503 0.8918833 0.8285645 0.8016622 0.8301022 0.9017660 0.8328984 0.8532278 0.8648301 0.8121434 0.8985136 0.8703397 0.8488490 0.8541424 0.8667675 0.8530221 0.9044150 0.8922199 0.9309797 0.9037905 0.8868560 0.8859967 0.9007472 0.9028309 0.9107627 0.9212583 0.7920383 0.7450711 0.7208529 0.9273770 0.8998804 0.9218274 0.9190109 0.9211818 0.8978489 0.8817889 0.9767519 0.9397596 0.9120945 0.8696520 0.8963609 0.9125446 1.0073715 0.9511613 1.0423519 1.0457416 1.1331124 0.8119077 1.7905686 1.8563899 1.7513218 2.5983700 
U.ES.10.DEURF10DZ001.JX140679          0.4249873 0.4370926 0.4421873 0.4577251 0.5200218 0.4830315 0.0000000 0.4001063 0.5391694 0.6112898 0.6097520 0.6393310 0.5820493 0.5696336 0.6025634 0.6044014 0.5688111 0.6323190 0.6243098 0.6661949 0.6768536 0.7129007 0.7165182 0.7026476 0.6792257 0.7001342 0.7877507 0.8894462 0.5328968 0.6667501 0.8473814 0.9240158 0.5805718 0.6093701 0.6533457 0.7164135 0.7340021 0.6189152 0.6929235 0.8606355 0.9045781 0.8605455 0.8633907 0.8492794 0.8095433 0.8786628 0.8672105 0.8720655 0.8937812 0.9013808 0.8161024 0.8234641 0.8341710 0.9250220 0.8563493 0.8697010 0.8740858 0.8123344 0.9023300 0.8822225 0.8693998 0.8936431 0.8720616 0.8763560 0.9128121 0.9042927 0.9110830 0.9062562 0.9364725 0.8994020 0.9135400 0.9109521 0.9385881 0.9651952 0.8198238 0.7660844 0.7380160 0.9331797 0.8772734 0.9172819 0.8974837 0.9510307 0.8977260 0.8631299 0.9400697 0.9474088 0.8928640 0.8744653 0.9020035 0.9120168 0.9870333 0.9544636 1.0279521 1.0436511 1.1415247 0.8357891 1.8271797 1.8520616 1.8131739 2.5929247 
0206.SN.12.LA56Senegl.KU168299         0.4054033 0.4107859 0.4073023 0.4252343 0.4844795 0.4541984 0.4001063 0.0000000 0.4881507 0.5756671 0.5853014 0.6096283 0.5665628 0.5559982 0.5811304 0.5712511 0.5367416 0.6138257 0.5927728 0.6317421 0.6337725 0.6678872 0.6566887 0.6572564 0.6485246 0.6698682 0.7267499 0.8343190 0.4922078 0.6267038 0.8111041 0.8648172 0.5472021 0.5740212 0.6341680 0.6631081 0.7009703 0.6082887 0.6529034 0.8276572 0.8768496 0.8218304 0.8405645 0.8376612 0.7771295 0.8493490 0.8616935 0.8327330 0.8738388 0.8487389 0.7959902 0.7855334 0.8121706 0.8998395 0.8211512 0.8764787 0.8547025 0.7994976 0.8772380 0.8480365 0.8510405 0.8437843 0.8423911 0.8440123 0.8960029 0.8807456 0.8947883 0.8890836 0.8882311 0.8980761 0.9096354 0.8862400 0.9225283 0.9310262 0.7881173 0.7316108 0.6990642 0.8601900 0.8338207 0.8889690 0.8785871 0.8773589 0.8412395 0.8268057 0.9092283 0.8847948 0.8517106 0.8329994 0.8478817 0.8642104 0.9822325 0.9372134 1.0151431 0.9981013 1.1178343 0.7968494 1.8015193 1.8288567 1.8339931 2.5572558 
45_cpx.CD.97.97CD_MBFE185.FN392874     0.4682410 0.4647295 0.4575771 0.4963982 0.5492764 0.5221827 0.5391694 0.4881507 0.0000000 0.5109333 0.5054317 0.5263542 0.4744729 0.4752889 0.4995297 0.5008687 0.4542860 0.5160059 0.5041847 0.5647617 0.5806183 0.5910649 0.5946780 0.5940849 0.5808239 0.6106661 0.6839066 0.7788987 0.4848177 0.5416646 0.7429454 0.8015723 0.5721337 0.5520035 0.6030046 0.6428853 0.6792257 0.6692863 0.5801132 0.7581088 0.7916536 0.7735165 0.7625449 0.7676363 0.7124236 0.7736525 0.7834111 0.7813111 0.7940035 0.7979384 0.7379820 0.7213664 0.7428638 0.8235960 0.7593563 0.8007975 0.7942567 0.7186160 0.8224095 0.7932742 0.7814397 0.7910035 0.7930819 0.7953386 0.8170737 0.8286412 0.8229013 0.8255891 0.8220883 0.8183190 0.8368815 0.8000569 0.8408110 0.8384183 0.7250794 0.6767795 0.6626876 0.8006011 0.7757401 0.7983884 0.8084111 0.8240300 0.7527197 0.7458644 0.8075694 0.8250560 0.8069313 0.7403450 0.7824032 0.7909531 0.8887544 0.8325265 0.9327621 0.9038543 1.0880271 0.7472437 1.8681681 1.9032796 1.8431655 2.5867874 
A1.KE.06.06KECst_028.FJ623479          0.5521445 0.5643653 0.5504637 0.5796820 0.6356166 0.6135359 0.6112898 0.5756671 0.5109333 0.0000000 0.3062738 0.4112933 0.3762256 0.4060009 0.4133964 0.4845910 0.4355994 0.4717739 0.5027975 0.5586318 0.5699820 0.5959888 0.5910130 0.5993418 0.5660649 0.6113390 0.6764977 0.7744413 0.5702168 0.4948505 0.7467612 0.7970900 0.6603187 0.6564612 0.7157416 0.7783619 0.7995715 0.7569806 0.6837267 0.8385044 0.8795202 0.8452189 0.8605117 0.8594079 0.7939779 0.8641059 0.8763891 0.8766523 0.8842081 0.8886824 0.8369959 0.8113456 0.8441951 0.9046637 0.8388267 0.8639822 0.8935139 0.8154324 0.9102594 0.8895562 0.8662261 0.8682899 0.8885221 0.8971005 0.9147444 0.9078900 0.9185049 0.9021065 0.9155339 0.9228950 0.9470233 0.8848947 0.9283600 0.9355963 0.8057100 0.7583530 0.7385303 0.7391958 0.7021438 0.7446756 0.7346249 0.7717641 0.7073427 0.6821917 0.7681125 0.7393945 0.7253685 0.6787814 0.6995676 0.7352900 0.8186331 0.7850640 0.8421798 0.8427841 1.1739030 0.8151146 1.8649240 1.9650053 1.9419969 2.7135977 
A1.KE.06.06KECst_013.FJ623485          0.5522482 0.5630461 0.5522667 0.5694246 0.6250700 0.6105675 0.6097520 0.5853014 0.5054317 0.3062738 0.0000000 0.4136080 0.3700592 0.3897431 0.3870676 0.4728723 0.4326047 0.4610254 0.4915543 0.5519764 0.5510904 0.5641308 0.5828787 0.5761398 0.5649638 0.5939584 0.6669800 0.7606125 0.5697451 0.4907700 0.7230669 0.7913538 0.6494143 0.6381096 0.6813514 0.7489111 0.7795476 0.7628011 0.6733406 0.8403877 0.8826140 0.8495562 0.8405340 0.8427483 0.8013950 0.8603104 0.8768500 0.8794369 0.8731440 0.8919756 0.8193089 0.7911522 0.8328963 0.9183271 0.8412094 0.8576539 0.8846970 0.8303672 0.9033216 0.8739586 0.8765127 0.8569575 0.8872307 0.8920408 0.9073014 0.9101378 0.9396916 0.9212703 0.9019540 0.9295171 0.9205688 0.9078320 0.9459213 0.9613783 0.8225007 0.7542586 0.7279666 0.7190711 0.6977659 0.7285980 0.7295449 0.7512297 0.7030341 0.6834524 0.7622712 0.7429247 0.7116280 0.6874886 0.6904933 0.7111746 0.8217932 0.7930773 0.8476108 0.8348288 1.1319524 0.8238509 1.9386827 2.0020638 1.9499858 2.6928644 
A1.CY.07.CY208.JF683760                0.5769479 0.5858258 0.5618662 0.5882243 0.6583409 0.6299662 0.6393310 0.6096283 0.5263542 0.4112933 0.4136080 0.0000000 0.2418540 0.4144611 0.4350455 0.5032783 0.4656952 0.4861988 0.5178933 0.5743753 0.5712020 0.6014135 0.6157164 0.6142055 0.5878026 0.6199549 0.6818141 0.7866082 0.5898722 0.5216653 0.7580929 0.8128631 0.6797896 0.6719690 0.7083223 0.7789795 0.8120889 0.7662784 0.6740354 0.8632412 0.9090062 0.8659145 0.8735178 0.8805796 0.8200447 0.8934888 0.9033075 0.8967522 0.8963615 0.9111684 0.8446059 0.8213896 0.8602326 0.9404352 0.8591199 0.8656150 0.9132644 0.8437337 0.9182466 0.8997199 0.8836879 0.8828046 0.9047312 0.9097348 0.9463310 0.9224011 0.9491722 0.9389192 0.9513954 0.9532208 0.9512846 0.9230544 0.9728129 0.9808294 0.8472858 0.7784432 0.7827365 0.7315492 0.7269343 0.7467947 0.7580169 0.7843662 0.7204771 0.7004044 0.7793862 0.7715987 0.7590394 0.6915205 0.7180566 0.7607297 0.8454134 0.8062038 0.8785701 0.8809907 1.1889910 0.8523002 1.9542629 1.9608625 2.0019227 2.7881867 
A1.CY.05.CY051.FJ388903                0.5202685 0.5384235 0.5308913 0.5363014 0.6016051 0.5767138 0.5820493 0.5665628 0.4744729 0.3762256 0.3700592 0.2418540 0.0000000 0.3665433 0.3727085 0.4595540 0.4187091 0.4328073 0.4837033 0.5257426 0.5414492 0.5625125 0.5740102 0.5656843 0.5584649 0.5887412 0.6435644 0.7458636 0.5459797 0.4714416 0.7055623 0.7706573 0.6526295 0.6092495 0.6617847 0.7173947 0.7400302 0.7287464 0.6464920 0.8326956 0.8803348 0.8303232 0.8327679 0.8305299 0.7873652 0.8554282 0.8622404 0.8459597 0.8648895 0.8686387 0.8152024 0.8002637 0.8329463 0.9039192 0.8110159 0.8406204 0.8790620 0.8160125 0.8877315 0.8419886 0.8599052 0.8595553 0.8698497 0.8755670 0.8923542 0.8983511 0.9238236 0.8901089 0.9088335 0.9146057 0.9189690 0.8862643 0.9288493 0.9263960 0.8018360 0.7475319 0.7297940 0.6884317 0.6744379 0.6965292 0.7243089 0.7452046 0.6972683 0.6707842 0.7440611 0.7477960 0.7288320 0.6658757 0.6880834 0.7337831 0.8085629 0.7763652 0.8446803 0.8171286 1.1613158 0.7917543 1.9216578 1.9415224 1.9585567 2.7742843 
A1.UG.11.DEMA110UG001.KF859745         0.5277385 0.5430968 0.5251500 0.5537001 0.5982446 0.5727319 0.5696336 0.5559982 0.4752889 0.4060009 0.3897431 0.4144611 0.3665433 0.0000000 0.4147060 0.4526449 0.4157811 0.4407845 0.4882181 0.5286928 0.5301606 0.5518699 0.5726482 0.5725110 0.5420396 0.5741099 0.6386863 0.7629575 0.5346900 0.4746787 0.7125467 0.7508015 0.6520596 0.6233690 0.6787148 0.7385592 0.7618430 0.7392894 0.6381693 0.8095155 0.8508065 0.8255653 0.8375900 0.8365102 0.7772785 0.8428237 0.8335252 0.8491285 0.8421271 0.8542713 0.7999787 0.7609422 0.8157178 0.8789144 0.8276446 0.8312665 0.8465731 0.8001670 0.8840731 0.8629476 0.8406687 0.8252347 0.8561082 0.8514612 0.8772749 0.8828643 0.9100478 0.8812937 0.8651189 0.8780920 0.8931087 0.8663523 0.9020429 0.9170718 0.7983408 0.7297085 0.7111541 0.7234776 0.6857118 0.7244029 0.7228259 0.7600446 0.7014272 0.6799071 0.7684839 0.7486381 0.7141598 0.6818514 0.6912033 0.7316851 0.8032238 0.7683197 0.8552996 0.8287899 1.1347342 0.8081790 1.8928726 1.9904616 2.0029826 2.8077843 
35_AD.AF.06.007H.GQ477450              0.5457089 0.5643836 0.5467617 0.5795862 0.6508864 0.6120323 0.6025634 0.5811304 0.4995297 0.4133964 0.3870676 0.4350455 0.3727085 0.4147060 0.0000000 0.4829420 0.4426393 0.4818097 0.5010377 0.5649643 0.5731059 0.5983613 0.5915229 0.5976957 0.5829935 0.6114896 0.6841997 0.7822644 0.5684295 0.5052594 0.7529513 0.7805740 0.6658585 0.6541080 0.6972957 0.7525981 0.7941866 0.7550682 0.6882397 0.8465236 0.8912742 0.8495969 0.8588869 0.8636421 0.7940933 0.8597133 0.8602429 0.8517548 0.8813223 0.8770772 0.8376420 0.8020781 0.8518677 0.9131516 0.8312810 0.8550737 0.8691572 0.7991242 0.8901705 0.8611482 0.8586123 0.8853544 0.8819707 0.8906946 0.9213574 0.9008327 0.9141072 0.8885509 0.8981856 0.9084105 0.9298788 0.9092303 0.9443212 0.9494277 0.8089539 0.7704861 0.7313318 0.7307315 0.7320609 0.7341522 0.7470510 0.7745354 0.7090753 0.6902815 0.7795951 0.7607692 0.7140963 0.6903672 0.7177397 0.7386963 0.8250511 0.7994729 0.8657742 0.8802491 1.1483528 0.8386504 1.9596281 1.9736924 1.9536791 2.7377951 
A6.UA.12.DEMA112UA036.KU749406         0.5394213 0.5411539 0.5315452 0.5612481 0.6111064 0.5868907 0.6044014 0.5712511 0.5008687 0.4845910 0.4728723 0.5032783 0.4595540 0.4526449 0.4829420 0.0000000 0.4148305 0.4959053 0.4653460 0.5290805 0.5295172 0.5514220 0.5540947 0.5559026 0.5361776 0.5745812 0.6222873 0.7499815 0.5579615 0.5305964 0.7227202 0.7744561 0.6466693 0.6275296 0.6786176 0.7235735 0.7737999 0.7504348 0.6619665 0.8229996 0.8615176 0.8329420 0.8375991 0.8245638 0.7597572 0.8458630 0.8322412 0.8308950 0.8467794 0.8574476 0.8200469 0.7997719 0.8145185 0.8765762 0.8317282 0.8523762 0.8815412 0.8220762 0.8674125 0.8613029 0.8335319 0.8519815 0.8531254 0.8654592 0.8966247 0.8848797 0.8845433 0.8940405 0.8994140 0.9165119 0.9095857 0.8810212 0.8919426 0.9251647 0.8147936 0.7426281 0.7181831 0.7747451 0.7427865 0.8063683 0.7703153 0.8097393 0.7467277 0.7178980 0.8047413 0.8008478 0.7742488 0.7387169 0.7541606 0.7701158 0.8757259 0.8162631 0.9129257 0.8791690 1.1634691 0.8028300 1.9004084 1.9699916 1.9597112 2.7287102 
A1.CY.06.CY154.FJ388943                0.4987117 0.5122876 0.5053954 0.5134360 0.5736826 0.5484137 0.5688111 0.5367416 0.4542860 0.4355994 0.4326047 0.4656952 0.4187091 0.4157811 0.4426393 0.4148305 0.0000000 0.4798476 0.4393217 0.5050059 0.5079648 0.5378724 0.5431786 0.5365905 0.5211763 0.5337100 0.6017325 0.7061657 0.5230715 0.5028566 0.6657774 0.7342407 0.6211946 0.5987239 0.6521211 0.7113713 0.7163530 0.7151439 0.6257093 0.8020538 0.8500620 0.7989196 0.8112123 0.8205118 0.7508005 0.8176091 0.8153721 0.8256510 0.8222312 0.8528433 0.7778802 0.7691483 0.7992673 0.8716226 0.7975291 0.8298885 0.8494997 0.7739287 0.8886598 0.8662096 0.8399254 0.8239259 0.8373821 0.8393941 0.8637507 0.8667585 0.8616596 0.8591428 0.8849809 0.8844973 0.8811320 0.8398460 0.8890972 0.9048875 0.7512697 0.6948685 0.6797163 0.7185527 0.6999453 0.7251213 0.7408002 0.7691272 0.6921543 0.6724327 0.7643408 0.7488954 0.7432919 0.7006466 0.6884686 0.7290825 0.8106186 0.7612323 0.8604991 0.8440181 1.1283771 0.7589309 1.8967014 1.9164219 1.9396441 2.6500915 
A1D.UG.99.99UGJ21953.AF484496          0.5726632 0.5934754 0.5849244 0.5906300 0.6587800 0.6293336 0.6323190 0.6138257 0.5160059 0.4717739 0.4610254 0.4861988 0.4328073 0.4407845 0.4818097 0.4959053 0.4798476 0.0000000 0.5219221 0.5725647 0.5853607 0.6069745 0.6276195 0.6149118 0.6127282 0.6206191 0.7050011 0.7849293 0.5818172 0.5073174 0.7430687 0.7973301 0.7034585 0.6604737 0.7090689 0.7613103 0.8143586 0.7877548 0.7140028 0.8828535 0.9144688 0.8730581 0.8946209 0.8809725 0.8229673 0.9169698 0.9009949 0.9120514 0.9155541 0.9308446 0.8508992 0.8202818 0.8597248 0.9406936 0.8585660 0.9004791 0.8974343 0.8294059 0.9174205 0.9050531 0.8983414 0.8878832 0.8988826 0.9038677 0.9452883 0.9148643 0.9375324 0.9388617 0.9393215 0.9434443 0.9520014 0.9294224 0.9708605 0.9683009 0.8225047 0.7813410 0.7477555 0.7394599 0.7216555 0.7387182 0.7480590 0.7691504 0.7279433 0.6813997 0.7600214 0.7487753 0.7343675 0.6891248 0.7103071 0.7482900 0.8153474 0.7932033 0.8771647 0.8708866 1.1844518 0.8546855 1.9146043 1.9353414 2.0070794 2.6999310 
22_01A1.CM.02.02CM_1867LE.AY371165     0.5496099 0.5857950 0.5633279 0.5796585 0.6426308 0.6232010 0.6243098 0.5927728 0.5041847 0.5027975 0.4915543 0.5178933 0.4837033 0.4882181 0.5010377 0.4653460 0.4393217 0.5219221 0.0000000 0.4245334 0.4311429 0.4512218 0.4664925 0.4669696 0.4446515 0.4681095 0.5424399 0.6291548 0.5750622 0.5660266 0.5993275 0.6324754 0.6555040 0.6600426 0.6982015 0.7488188 0.7801204 0.7478032 0.6941811 0.8559875 0.8885634 0.8605803 0.8605947 0.8486108 0.7867109 0.8706137 0.8881391 0.8609450 0.8664321 0.8755017 0.8064782 0.8141223 0.8474979 0.8884001 0.8518858 0.8787469 0.8636294 0.8133456 0.9130438 0.8958721 0.8817443 0.8846088 0.8920103 0.9205089 0.9016113 0.8966179 0.9162912 0.9157405 0.9178142 0.9313369 0.9126121 0.9053358 0.9412491 0.9247940 0.7905391 0.7246329 0.7224532 0.8020710 0.7738090 0.7973515 0.8047764 0.8202968 0.7824901 0.7612071 0.8507065 0.8234438 0.8387719 0.7576396 0.7746900 0.8029494 0.8659572 0.8310531 0.9415164 0.9195616 1.1462792 0.8242880 1.9041064 1.9963286 1.8877407 2.6515969 
01_AE.CN.02.YN0236.JX112866            0.6084112 0.6301944 0.6148206 0.6340008 0.7074483 0.6549287 0.6661949 0.6317421 0.5647617 0.5586318 0.5519764 0.5743753 0.5257426 0.5286928 0.5649643 0.5290805 0.5050059 0.5725647 0.4245334 0.0000000 0.1528430 0.2016584 0.2051851 0.2097510 0.2067436 0.2387166 0.2857562 0.3655837 0.6259021 0.6118515 0.4680409 0.5165972 0.7491365 0.7100139 0.7717664 0.7958697 0.8474135 0.8286768 0.7285465 0.9127363 0.9269642 0.8931711 0.9169609 0.9103199 0.8503878 0.9308486 0.9235328 0.9318137 0.9265509 0.9386746 0.8861419 0.8751275 0.8962724 0.9810378 0.9095469 0.9079788 0.9612136 0.8565009 0.9680274 0.9457425 0.9436507 0.9271719 0.9361269 0.9527998 0.9562336 0.9515661 0.9732370 0.9777198 0.9766467 0.9664004 0.9911033 0.9654581 0.9865016 0.9744870 0.8695846 0.7917902 0.7904262 0.8510235 0.8256249 0.8681735 0.8811327 0.9123980 0.8457319 0.8209927 0.8979669 0.8723171 0.8917415 0.8411526 0.8351672 0.8539042 0.9347231 0.8874838 0.9963571 0.9768993 1.1691317 0.8803303 1.9347022 1.9545084 1.9237608 2.6905534 
01_AE.TH.99.99TH_C4460.AY945726        0.6152013 0.6340173 0.6221167 0.6511248 0.7063031 0.6691996 0.6768536 0.6337725 0.5806183 0.5699820 0.5510904 0.5712020 0.5414492 0.5301606 0.5731059 0.5295172 0.5079648 0.5853607 0.4311429 0.1528430 0.0000000 0.2056472 0.2088013 0.2189190 0.2131193 0.2409777 0.2900613 0.3729129 0.6303876 0.6024370 0.4740308 0.5301168 0.7400722 0.7124827 0.7755818 0.8020307 0.8552625 0.8310821 0.7376207 0.9181871 0.9420727 0.9169744 0.9297420 0.9158609 0.8418138 0.9492286 0.9494612 0.9354122 0.9562839 0.9469639 0.8895053 0.8676573 0.8946247 0.9809789 0.8951320 0.9248498 0.9616628 0.8803318 0.9843464 0.9441923 0.9498421 0.9073863 0.9433738 0.9678590 0.9724392 0.9509251 0.9861964 0.9867949 0.9918621 0.9861521 0.9890113 0.9752960 1.0080072 0.9820677 0.8938418 0.8116050 0.7970533 0.8510066 0.8158566 0.8657692 0.8811350 0.9082656 0.8488865 0.8061232 0.8926822 0.8674062 0.8711477 0.8188218 0.8349632 0.8459327 0.9207283 0.8744308 1.0013887 0.9898754 1.1742737 0.9055275 1.9624198 1.9968034 1.9922782 2.7081401 
01_AE.TH.07.AA030a04.JX447057          0.6368588 0.6347216 0.6387977 0.6623853 0.7389322 0.6846280 0.7129007 0.6678872 0.5910649 0.5959888 0.5641308 0.6014135 0.5625125 0.5518699 0.5983613 0.5514220 0.5378724 0.6069745 0.4512218 0.2016584 0.2056472 0.0000000 0.2459483 0.2347246 0.2389050 0.2673376 0.3168350 0.3991177 0.6674147 0.6407874 0.5134926 0.5448786 0.7621640 0.7419751 0.8219319 0.8305750 0.8818513 0.8620303 0.7779293 0.9537783 0.9776220 0.9463550 0.9680150 0.9591850 0.8848998 0.9767851 0.9673297 0.9715262 0.9674230 0.9750051 0.9240683 0.9062584 0.9399429 0.9989805 0.9239193 0.9430738 0.9968464 0.8924192 0.9978440 0.9617997 0.9667641 0.9595221 0.9854005 0.9720858 0.9949008 0.9946157 1.0065020 1.0192222 1.0196882 1.0526586 1.0131473 0.9763866 1.0152444 1.0203452 0.9120764 0.8326122 0.8351964 0.8906134 0.8723221 0.8994947 0.9133357 0.9345718 0.8715752 0.8473079 0.9063261 0.8905051 0.9202540 0.8610660 0.8724008 0.8791635 0.9641108 0.9309639 1.0364973 0.9974633 1.2161386 0.9362254 1.9777449 2.0100397 1.9923487 2.7166551 
01_AE.CN.07.GX070143.JX112835          0.6599781 0.6550573 0.6534912 0.6724442 0.7327657 0.7009650 0.7165182 0.6566887 0.5946780 0.5910130 0.5828787 0.6157164 0.5740102 0.5726482 0.5915229 0.5540947 0.5431786 0.6276195 0.4664925 0.2051851 0.2088013 0.2459483 0.0000000 0.2595016 0.2544600 0.2865691 0.3378710 0.4204171 0.6724967 0.6434548 0.5167450 0.5718695 0.7756627 0.7576742 0.8050474 0.8466378 0.8732442 0.8633162 0.7782643 0.9777886 0.9933565 0.9594567 0.9454128 0.9561389 0.9038753 0.9756901 0.9828719 0.9853587 0.9781918 0.9838026 0.9365585 0.9088187 0.9194112 1.0132040 0.9378133 0.9725290 0.9979078 0.9213519 1.0041718 0.9887798 0.9751687 0.9682860 0.9686440 1.0052213 1.0012958 1.0066744 1.0243594 1.0045952 1.0174536 1.0279149 1.0157894 0.9880912 1.0471959 1.0204068 0.9181304 0.8334844 0.8333818 0.9020415 0.8712247 0.9102532 0.8992215 0.9256076 0.8614268 0.8255191 0.9302821 0.9040551 0.9285888 0.8692030 0.8786034 0.8826119 0.9883828 0.9245290 1.0610972 1.0260368 1.2361422 0.9341742 1.9884887 2.0113733 2.0065654 2.7831822 
01_AE.CN.07.07CNYN326.KF835513         0.6439198 0.6516469 0.6411648 0.6630807 0.7310522 0.6949196 0.7026476 0.6572564 0.5940849 0.5993418 0.5761398 0.6142055 0.5656843 0.5725110 0.5976957 0.5559026 0.5365905 0.6149118 0.4669696 0.2097510 0.2189190 0.2347246 0.2595016 0.0000000 0.2492057 0.2813025 0.3272878 0.4153568 0.6737651 0.6395993 0.5046845 0.5601254 0.7587730 0.7402288 0.7935180 0.8395396 0.8669038 0.8399023 0.7606969 0.9569413 0.9624574 0.9267255 0.9426521 0.9473050 0.8742503 0.9806726 0.9488547 0.9653711 0.9655949 0.9736989 0.9118595 0.8834847 0.9251584 0.9982626 0.9208339 0.9405853 0.9804460 0.9058153 1.0048032 0.9764376 0.9753705 0.9487299 0.9578798 0.9833726 0.9686140 0.9952952 1.0155196 0.9936631 1.0055916 1.0192747 1.0393884 1.0006590 1.0428703 1.0152340 0.8872337 0.8320043 0.8242254 0.8812668 0.8676100 0.8909551 0.9006712 0.9327104 0.8753929 0.8427836 0.9197231 0.8905553 0.8927074 0.8626084 0.8634687 0.8872410 0.9568737 0.9241572 1.0257302 1.0311626 1.2173485 0.9175660 2.0421322 2.0384456 1.9939566 2.7833588 
01_AE.TH.05.AA101a_WG1.JX447936        0.6234476 0.6458123 0.6282148 0.6573493 0.7231692 0.6777446 0.6792257 0.6485246 0.5808239 0.5660649 0.5649638 0.5878026 0.5584649 0.5420396 0.5829935 0.5361776 0.5211763 0.6127282 0.4446515 0.2067436 0.2131193 0.2389050 0.2544600 0.2492057 0.0000000 0.2575372 0.3179517 0.4047991 0.6447527 0.6209423 0.4958736 0.5436619 0.7318883 0.7221170 0.7724362 0.8063524 0.8965428 0.8364779 0.7486606 0.9451062 0.9678408 0.9298678 0.9454534 0.9406530 0.8689877 0.9559397 0.9543038 0.9499984 0.9619650 0.9461955 0.9110736 0.8944107 0.9362863 0.9909808 0.9052940 0.9479603 0.9829062 0.8949986 1.0057205 0.9653105 0.9610084 0.9331821 0.9698392 0.9753687 0.9711179 0.9824946 1.0250549 1.0008859 1.0035355 1.0293617 1.0027625 1.0012490 1.0244001 1.0063966 0.8797288 0.8128934 0.8115234 0.8608434 0.8518376 0.8799139 0.8936916 0.9358870 0.8547028 0.8344798 0.8874771 0.8932561 0.8821223 0.8344880 0.8642996 0.8574797 0.9480629 0.9025418 0.9892752 0.9787042 1.2424031 0.9184661 1.9833584 1.9877913 1.9865217 2.8031772 
01_AE.CN.07.07CNYN343.KF835528         0.6472677 0.6612827 0.6549581 0.6870910 0.7309558 0.7001041 0.7001342 0.6698682 0.6106661 0.6113390 0.5939584 0.6199549 0.5887412 0.5741099 0.6114896 0.5745812 0.5337100 0.6206191 0.4681095 0.2387166 0.2409777 0.2673376 0.2865691 0.2813025 0.2575372 0.0000000 0.3557358 0.4355536 0.6626967 0.6483244 0.5132854 0.5643592 0.7785190 0.7447708 0.8196981 0.8294905 0.8893566 0.8564368 0.7811194 0.9406380 0.9613362 0.9346503 0.9637260 0.9499034 0.8767433 0.9628084 0.9886646 0.9576960 0.9756173 0.9753215 0.8998918 0.9153222 0.9364332 1.0050247 0.9103451 0.9492258 0.9746704 0.9059519 1.0184997 0.9635227 0.9609636 0.9409575 0.9611853 0.9695555 0.9904380 1.0005343 0.9996298 0.9797633 1.0123257 1.0310104 1.0215996 1.0050862 1.0265244 1.0410622 0.9218638 0.8481467 0.8467604 0.8859483 0.8520804 0.9099998 0.9143169 0.9201367 0.8796163 0.8476173 0.9363745 0.9328998 0.9129410 0.8811231 0.8840415 0.8937151 0.9607591 0.9237976 1.0494498 1.0184451 1.2138521 0.9388442 1.9585997 2.0524837 1.9680077 2.7162224 
01BC.CN.13.SZ95LS8027.KX379000         0.7165474 0.7204316 0.7164531 0.7445384 0.8020051 0.7659076 0.7877507 0.7267499 0.6839066 0.6764977 0.6669800 0.6818141 0.6435644 0.6386863 0.6841997 0.6222873 0.6017325 0.7050011 0.5424399 0.2857562 0.2900613 0.3168350 0.3378710 0.3272878 0.3179517 0.3557358 0.0000000 0.4955985 0.7284252 0.7010018 0.5766363 0.6414543 0.8390809 0.8126107 0.8526556 0.9084322 0.9608625 0.9282053 0.8402461 1.0172702 1.0487484 1.0208581 1.0338863 1.0336101 0.9661637 1.0373665 1.0530129 1.0270180 1.0376434 1.0696738 1.0069647 0.9722211 1.0061047 1.0581474 1.0020558 1.0391562 1.0719270 0.9767656 1.0817105 1.0422293 1.0448517 1.0476789 1.0346661 1.0347556 1.0815442 1.0571807 1.1185210 1.0647791 1.0715945 1.0897633 1.1059992 1.0614118 1.1093212 1.1198538 0.9941951 0.9421683 0.9392390 0.9634035 0.9436232 0.9697468 0.9926378 1.0313551 0.9410803 0.9182452 0.9918233 0.9802083 0.9634644 0.9323145 0.9435617 0.9484852 1.0551364 1.0076520 1.0943887 1.0802783 1.3127705 1.0167982 2.1204755 2.1162193 2.0753083 2.7972142 
69_01B.JP.05.05JPMYC113SP420.LC027100  0.8275398 0.8336122 0.8176167 0.8256076 0.9148159 0.8556835 0.8894462 0.8343190 0.7788987 0.7744413 0.7606125 0.7866082 0.7458636 0.7629575 0.7822644 0.7499815 0.7061657 0.7849293 0.6291548 0.3655837 0.3729129 0.3991177 0.4204171 0.4153568 0.4047991 0.4355536 0.4955985 0.0000000 0.8456069 0.8357661 0.6703876 0.7179513 0.9302413 0.9223974 0.9923263 1.0049268 1.0354209 1.0126924 0.9344257 1.1095397 1.1288430 1.1188778 1.1347043 1.1213904 1.0286672 1.1148026 1.1243302 1.1340383 1.0983261 1.1368253 1.0558716 1.0592105 1.0873912 1.1485452 1.0584462 1.1068746 1.1168653 1.0464600 1.1881228 1.1272521 1.1334336 1.1360520 1.1217662 1.1341414 1.1669265 1.1457901 1.1812789 1.1865000 1.1875436 1.1761025 1.1620454 1.1390098 1.2096039 1.1734483 1.0462783 0.9778878 1.0126124 1.0563329 1.0396446 1.0905470 1.0795793 1.1094872 1.0498912 1.0124009 1.1146589 1.0606733 1.0855357 1.0222042 1.0399366 1.0490969 1.1252995 1.1114828 1.2043182 1.1787557 1.3767311 1.0997836 2.2143702 2.2654587 2.1558670 2.8751051 
AGU.CM.06.770_8.MH705142               0.4659280 0.4687088 0.4768130 0.4810914 0.5492977 0.5213095 0.5328968 0.4922078 0.4848177 0.5702168 0.5697451 0.5898722 0.5459797 0.5346900 0.5684295 0.5579615 0.5230715 0.5818172 0.5750622 0.6259021 0.6303876 0.6674147 0.6724967 0.6737651 0.6447527 0.6626967 0.7284252 0.8456069 0.0000000 0.6127727 0.8047022 0.8656559 0.5806814 0.5336498 0.5786019 0.6361487 0.6632800 0.6523424 0.6155725 0.7808710 0.8353619 0.7729277 0.7962352 0.7883569 0.7389763 0.8080727 0.8051982 0.8088255 0.8154518 0.8103310 0.7699022 0.7438621 0.7793053 0.8465099 0.7750621 0.8142591 0.8219282 0.7583010 0.8627765 0.8418934 0.8256950 0.8162254 0.8235657 0.8148271 0.8647543 0.8405927 0.8684307 0.8563500 0.8427563 0.8540072 0.8751516 0.8506700 0.8747899 0.8947290 0.7809474 0.7002112 0.6859664 0.8781316 0.8331511 0.8573209 0.8584334 0.8852438 0.8182737 0.8203982 0.8724319 0.8696034 0.8819600 0.8187152 0.8284185 0.8494810 0.9509044 0.9230901 0.9759965 0.9686379 1.0978503 0.7926109 1.9049654 1.9350196 1.8521705 2.5501309 
A1C.UG.99.99UGF25926.AF484491          0.5926780 0.6233324 0.6118996 0.6313169 0.6974625 0.6708178 0.6667501 0.6267038 0.5416646 0.4948505 0.4907700 0.5216653 0.4714416 0.4746787 0.5052594 0.5305964 0.5028566 0.5073174 0.5660266 0.6118515 0.6024370 0.6407874 0.6434548 0.6395993 0.6209423 0.6483244 0.7010018 0.8357661 0.6127727 0.0000000 0.7713017 0.8409104 0.7226966 0.6886825 0.7589569 0.7960618 0.8393913 0.8007290 0.7284025 0.8869565 0.9332626 0.9001205 0.9069108 0.8922353 0.8344393 0.8945646 0.9011440 0.9308112 0.9452548 0.9628691 0.8747221 0.8435704 0.8799035 0.9580099 0.9085526 0.9080387 0.9132046 0.8494705 0.9555343 0.9050251 0.9375579 0.9197340 0.9294451 0.9220570 0.9126731 0.9539433 0.9776044 0.9520306 0.9525014 0.9797070 0.9649606 0.9526972 0.9759191 1.0030734 0.8485421 0.8070507 0.7663622 0.6236713 0.6058165 0.6384029 0.6381362 0.6567860 0.6183784 0.5819048 0.6608870 0.6513649 0.6308890 0.5996075 0.6170595 0.6308311 0.7099958 0.6870900 0.7935383 0.7614172 1.2226717 0.8821552 1.9230501 2.0152891 1.9809635 2.6955670 
0107.CN.15.HB041501.KY019257           0.7802567 0.7958617 0.7947772 0.8005595 0.8674880 0.8196552 0.8473814 0.8111041 0.7429454 0.7467612 0.7230669 0.7580929 0.7055623 0.7125467 0.7529513 0.7227202 0.6657774 0.7430687 0.5993275 0.4680409 0.4740308 0.5134926 0.5167450 0.5046845 0.4958736 0.5132854 0.5766363 0.6703876 0.8047022 0.7713017 0.0000000 0.4278341 0.9003601 0.8900339 0.9450767 0.9738560 1.0038903 0.9916865 0.8948715 1.0801797 1.1245877 1.0752008 1.1025801 1.0936016 1.0292103 1.0820571 1.1072941 1.1295070 1.1057904 1.1328446 1.0530847 1.0377692 1.0678985 1.1205167 1.0520108 1.0930355 1.1174383 1.0408089 1.1229766 1.1099823 1.1021585 1.0973569 1.0952720 1.1156558 1.1394908 1.1159995 1.1428560 1.1423928 1.1518699 1.1371747 1.1202262 1.1560950 1.1647253 1.1832214 1.0477421 0.9755782 0.9805522 1.0248694 0.9649290 0.9919384 0.9984947 1.0374313 1.0114313 0.9536688 1.0418245 1.0203014 0.9950092 0.9477552 1.0004330 0.9821100 1.0638391 1.0461698 1.1367189 1.0818862 1.3530493 1.0480442 2.1869368 2.2629786 2.2554360 2.8857517 
01BC.CN.14.BJ.2014.MSM.SP01.KP668994   0.8399926 0.8748950 0.8446932 0.8609086 0.9270712 0.8781598 0.9240158 0.8648172 0.8015723 0.7970900 0.7913538 0.8128631 0.7706573 0.7508015 0.7805740 0.7744561 0.7342407 0.7973301 0.6324754 0.5165972 0.5301168 0.5448786 0.5718695 0.5601254 0.5436619 0.5643592 0.6414543 0.7179513 0.8656559 0.8409104 0.4278341 0.0000000 0.9647438 0.9422422 0.9789400 1.0068924 1.0828993 1.0567863 0.9356184 1.1432195 1.1651784 1.1373485 1.1599213 1.1662641 1.0867841 1.1521846 1.1536286 1.1876534 1.1629186 1.1720754 1.0746136 1.0880303 1.1155358 1.1672483 1.1040080 1.1507749 1.1469844 1.0826232 1.1853907 1.1566054 1.1448945 1.1619013 1.1685220 1.1564523 1.1882085 1.1903460 1.2089903 1.2338016 1.1743809 1.2149785 1.1651217 1.2125998 1.2670209 1.2131158 1.1272228 1.0628007 1.0416785 1.0749082 1.0142634 1.0636663 1.0979344 1.1211344 1.0589365 1.0256127 1.1092610 1.0936715 1.1021542 1.0311088 1.0461609 1.0532298 1.1569655 1.1076145 1.1906452 1.1732941 1.3899745 1.1050733 2.1965383 2.2252503 2.2170147 2.9084354 
93_cpx.CD.08.DRC653.MF372651           0.5083041 0.5235228 0.5135870 0.5171789 0.6132572 0.5623553 0.5805718 0.5472021 0.5721337 0.6603187 0.6494143 0.6797896 0.6526295 0.6520596 0.6658585 0.6466693 0.6211946 0.7034585 0.6555040 0.7491365 0.7400722 0.7621640 0.7756627 0.7587730 0.7318883 0.7785190 0.8390809 0.9302413 0.5806814 0.7226966 0.9003601 0.9647438 0.0000000 0.6564560 0.6958154 0.7627172 0.7756078 0.7360121 0.7271791 0.9203461 0.9527518 0.9068674 0.9116256 0.9200624 0.8663746 0.9149935 0.9461688 0.9301806 0.9629913 0.9445594 0.9016640 0.8845342 0.9108811 0.9684597 0.9156140 0.9519614 0.9389960 0.8713213 0.9807343 0.9470438 0.9550281 0.9307963 0.9319596 0.9576486 0.9837963 0.9600382 0.9998526 0.9870586 0.9927690 0.9921513 0.9866459 0.9551008 1.0175769 1.0162840 0.8488066 0.7915920 0.7856288 0.9561238 0.9210512 0.9676414 0.9903926 0.9600454 0.9256178 0.9282958 0.9974461 0.9815893 0.9723794 0.9328457 0.9514019 0.9463911 1.0851549 1.0193655 1.0973562 1.1176327 1.2387840 0.8743136 1.9487210 1.9888658 1.9674762 2.6667303 
G.NG.92.92NG083_JV10832.U88826         0.5354751 0.5471264 0.5318623 0.5419542 0.6070528 0.5850593 0.6093701 0.5740212 0.5520035 0.6564612 0.6381096 0.6719690 0.6092495 0.6233690 0.6541080 0.6275296 0.5987239 0.6604737 0.6600426 0.7100139 0.7124827 0.7419751 0.7576742 0.7402288 0.7221170 0.7447708 0.8126107 0.9223974 0.5336498 0.6886825 0.8900339 0.9422422 0.6564560 0.0000000 0.3470278 0.3975577 0.4119263 0.7235631 0.7164740 0.8745823 0.9186880 0.8702806 0.8734558 0.8981488 0.8179470 0.9125045 0.9115779 0.9063386 0.8986128 0.9142854 0.8722944 0.8497888 0.8740276 0.9654244 0.8590727 0.9048923 0.9086144 0.8513459 0.9545983 0.9297972 0.9139635 0.8830587 0.8991786 0.8828376 0.9466631 0.9424486 0.9709621 0.9407498 0.9365283 0.9461860 0.9449809 0.9171629 0.9955350 0.9741827 0.8506918 0.8051068 0.7711903 0.9576746 0.9073342 0.9415344 0.9487303 0.9634254 0.9140409 0.8960928 0.9603107 0.9529932 0.9491262 0.9042330 0.9260090 0.9336834 1.0284716 0.9900528 1.0622677 1.0273105 1.1584236 0.8480484 1.9475189 1.9783769 1.9630416 2.6655161 
G.NG.09.09NG010261.KX389626            0.5641603 0.6010889 0.5957785 0.6007889 0.6507795 0.6355087 0.6533457 0.6341680 0.6030046 0.7157416 0.6813514 0.7083223 0.6617847 0.6787148 0.6972957 0.6786176 0.6521211 0.7090689 0.6982015 0.7717664 0.7755818 0.8219319 0.8050474 0.7935180 0.7724362 0.8196981 0.8526556 0.9923263 0.5786019 0.7589569 0.9450767 0.9789400 0.6958154 0.3470278 0.0000000 0.4720410 0.4997493 0.7895613 0.7445887 0.9318505 0.9752598 0.9567328 0.9739870 0.9899105 0.9008780 0.9767967 0.9776390 0.9666363 0.9919371 0.9708219 0.9275901 0.8931885 0.9160354 1.0040684 0.9332563 0.9561979 0.9812360 0.9335876 1.0006694 0.9885975 0.9744854 0.9663451 0.9647548 0.9715899 1.0070791 1.0022373 1.0559150 1.0046661 1.0001423 0.9866478 0.9958800 0.9956038 1.0293984 1.0252041 0.9144247 0.8633382 0.8354459 0.9729756 0.9374042 0.9971554 1.0217648 1.0166634 0.9744075 0.9430488 1.0534944 0.9957578 0.9922041 0.9436618 0.9499439 0.9872717 1.0805261 1.0329215 1.0666307 1.0938701 1.2304414 0.9175013 1.9790891 2.0062431 2.0683628 2.7881222 
01F2G.CM.02.LT31.JN864056              0.6307767 0.6564698 0.6506754 0.6566433 0.7227212 0.6896420 0.7164135 0.6631081 0.6428853 0.7783619 0.7489111 0.7789795 0.7173947 0.7385592 0.7525981 0.7235735 0.7113713 0.7613103 0.7488188 0.7958697 0.8020307 0.8305750 0.8466378 0.8395396 0.8063524 0.8294905 0.9084322 1.0049268 0.6361487 0.7960618 0.9738560 1.0068924 0.7627172 0.3975577 0.4720410 0.0000000 0.4183644 0.8457351 0.7944001 0.9709023 0.9969721 0.9741015 1.0028949 1.0002663 0.9056613 1.0041371 0.9997272 0.9854531 0.9983452 0.9871678 0.9415841 0.9394731 0.9520631 1.0492771 0.9473729 1.0002862 1.0068530 0.9363797 1.0137686 0.9937328 1.0012045 0.9640704 0.9856293 0.9859014 1.0504406 1.0360921 1.0395065 1.0571635 1.0183760 1.0402590 1.0242523 1.0117074 1.0710372 1.0391630 0.9761359 0.9035316 0.8664960 1.0267353 0.9917189 1.0420224 1.0458766 1.0766511 0.9987646 0.9843103 1.0513868 1.0485272 1.0690307 0.9864649 1.0170389 1.0296418 1.1250510 1.0731389 1.1522049 1.1317522 1.2430940 0.9264918 1.9984661 2.0349218 2.0074457 2.8546763 
BCG.ES.15.100_119.KY496623             0.6563074 0.6676635 0.6627192 0.6713981 0.7275059 0.7263883 0.7340021 0.7009703 0.6792257 0.7995715 0.7795476 0.8120889 0.7400302 0.7618430 0.7941866 0.7737999 0.7163530 0.8143586 0.7801204 0.8474135 0.8552625 0.8818513 0.8732442 0.8669038 0.8965428 0.8893566 0.9608625 1.0354209 0.6632800 0.8393913 1.0038903 1.0828993 0.7756078 0.4119263 0.4997493 0.4183644 0.0000000 0.8754544 0.8266432 1.0206167 1.0443529 1.0166080 1.0147924 1.0509111 0.9616842 1.0358458 1.0524468 1.0340753 1.0338595 1.0386827 1.0155611 0.9664106 1.0208880 1.0865121 0.9806521 1.0365531 1.0422868 0.9920618 1.0827201 1.0507507 1.0536388 1.0265083 1.0238504 1.0273630 1.1100965 1.0816413 1.1189618 1.0898098 1.0799363 1.1005324 1.0732549 1.0564761 1.1262464 1.1172540 0.9817232 0.9566079 0.8809460 1.0902704 1.0054761 1.0582558 1.0901900 1.1023508 1.0551703 1.0280546 1.1125559 1.0665190 1.0862412 1.0383106 1.0591484 1.0680899 1.1554245 1.1505482 1.1739830 1.1552609 1.2918406 0.9603684 2.0099261 2.0223007 2.0986723 2.8604748 
06_cpx.SN.97.97SE1078.AJ288981         0.5555618 0.5563568 0.5560978 0.5628868 0.6408885 0.6046363 0.6189152 0.6082887 0.6692863 0.7569806 0.7628011 0.7662784 0.7287464 0.7392894 0.7550682 0.7504348 0.7151439 0.7877548 0.7478032 0.8286768 0.8310821 0.8620303 0.8633162 0.8399023 0.8364779 0.8564368 0.9282053 1.0126924 0.6523424 0.8007290 0.9916865 1.0567863 0.7360121 0.7235631 0.7895613 0.8457351 0.8754544 0.0000000 0.8151002 0.9887256 1.0154803 0.9818427 0.9898740 1.0142551 0.9314725 0.9970953 0.9995217 1.0147666 1.0184449 1.0120229 0.9705704 0.9440994 0.9767743 1.0566135 0.9813619 1.0083924 1.0223132 0.9694041 1.0595240 1.0408937 1.0270087 0.9941836 1.0211057 1.0309055 1.0517902 1.0102298 1.0478142 1.0260810 1.0870101 1.0468053 1.0636592 1.0372607 1.0463232 1.0548832 0.9637301 0.9014036 0.8533301 1.0507682 1.0128250 1.0416492 1.0478658 1.0609516 1.0276761 1.0074471 1.0854060 1.0837335 1.0229012 0.9861502 1.0159752 1.0561812 1.1660342 1.1124907 1.1870462 1.1838463 1.2782242 0.9688574 2.0215852 2.0298277 1.9526025 2.6640466 
