90
RESTV_M.fas-tc_USA_89_Philippines89-Pennsylvania_NC_004161 0.0000000 0.0244371 0.0330528 1.9641743 1.9641743 2.1802040 2.1885572 1.9409305 1.9409305 1.9419595 1.9428144 1.9770234 1.9700393 1.9716540 1.9699638 1.9704775 1.9682804 1.9692294 1.9693741 1.9705043 1.9671813 1.9702589 1.9686198 1.9725243 1.9725243 1.9694861 1.9663661 1.9673450 1.9689329 1.9692428 1.9692428 1.9704999 1.9698195 1.9692049 1.9709784 1.9706571 1.9680328 1.9717804 1.9717804 1.9710022 1.9683219 1.9700759 1.9689632 1.9695097 1.9701365 1.9694731 1.9691929 1.9702623 1.9704542 1.9704542 1.9704391 1.9696406 1.9678200 1.9692294 1.9683956 1.9676570 1.9670653 1.9696754 1.9683595 1.9687163 1.9693404 1.9695625 1.9691469 1.9676474 1.9692196 1.9694864 1.9694864 1.9672815 1.9714333 1.9689798 1.9700267 1.9688041 1.9697386 1.9701841 1.9701841 1.9687442 1.9692321 1.9690877 1.9710662 1.9697663 1.9718470 1.9718470 1.9710812 1.9698905 1.9713459 1.9718732 1.9849171 1.9805744 1.9853124 1.9674614 
RESTV_S.dom-tc_PHL_08_Reston08-A_FJ621583                  0.0244371 0.0000000 0.0489127 1.9734551 1.9734551 2.1763113 2.1917039 1.9464797 1.9464797 1.9475135 1.9483719 1.9830151 1.9764295 1.9780531 1.9763546 1.9768708 1.9746654 1.9754553 1.9756001 1.9768533 1.9736669 1.9764900 1.9748431 1.9788773 1.9788773 1.9757127 1.9725761 1.9739704 1.9751574 1.9754685 1.9754685 1.9772612 1.9760488 1.9754302 1.9772127 1.9768900 1.9742524 1.9780211 1.9780211 1.9772380 1.9745425 1.9763077 1.9751878 1.9757364 1.9763672 1.9756995 1.9754184 1.9764936 1.9766863 1.9766863 1.9766710 1.9757496 1.9744487 1.9754553 1.9746181 1.9738738 1.9738077 1.9759041 1.9745818 1.9749410 1.9755665 1.9757892 1.9753707 1.9738642 1.9754450 1.9757128 1.9757128 1.9733782 1.9776713 1.9753670 1.9762572 1.9750266 1.9759659 1.9758844 1.9758844 1.9749664 1.9756201 1.9753140 1.9773008 1.9759938 1.9783669 1.9783669 1.9775967 1.9763995 1.9779824 1.9785118 1.9877988 1.9812537 1.9894647 1.9708341 
RESTV_S.dom-xx_PHL_08_Reston08-C_FJ621584                  0.0330528 0.0489127 0.0000000 1.9549806 1.9549806 2.1697451 2.1910108 1.9582113 1.9582113 1.9594156 1.9601177 1.9981332 1.9912541 1.9930232 1.9909071 1.9914272 1.9897340 1.9906914 1.9908359 1.9919775 1.9886074 1.9917346 1.9900754 1.9941418 1.9941418 1.9909497 1.9877847 1.9891903 1.9903914 1.9907042 1.9907042 1.9925106 1.9910171 1.9910961 1.9924625 1.9921377 1.9894782 1.9932831 1.9932831 1.9924913 1.9897695 1.9915547 1.9903028 1.9909734 1.9916117 1.9907729 1.9906539 1.9917389 1.9919330 1.9919330 1.9916348 1.9911062 1.9911118 1.9906914 1.9884332 1.9890940 1.9884949 1.9911452 1.9898126 1.9901763 1.9908027 1.9910263 1.9906022 1.9897885 1.9901483 1.9904175 1.9904175 1.9887137 1.9929282 1.9909859 1.9915014 1.9902561 1.9912037 1.9911222 1.9911222 1.9901957 1.9906924 1.9905519 1.9921195 1.9912317 1.9933424 1.9933424 1.9925649 1.9913569 1.9923047 1.9928370 1.9995377 1.9946230 1.9995496 1.9829176 
SUDV_H.sap-xx_UGA_12_EboSud-603_KC545390                   1.9641743 1.9734551 1.9549806 0.0000000 0.0000010 2.2420689 2.2261483 2.0044731 2.0044731 2.0054017 2.0054451 2.0326522 2.0330696 2.0292822 2.0336663 2.0332833 2.0298598 2.0302308 2.0308766 2.0306273 2.0292589 2.0310582 2.0330903 2.0340208 2.0340208 2.0309784 2.0268555 2.0295517 2.0302921 2.0304941 2.0304941 2.0294512 2.0315243 2.0301808 2.0317911 2.0312256 2.0257211 2.0337946 2.0337946 2.0324582 2.0312888 2.0324847 2.0311170 2.0306444 2.0298908 2.0305979 2.0307172 2.0312809 2.0296925 2.0296925 2.0310527 2.0285228 2.0326452 2.0304826 2.0324922 2.0326439 2.0342277 2.0324173 2.0309237 2.0316658 2.0306129 2.0301493 2.0318324 2.0298081 2.0304888 2.0302255 2.0302255 2.0317638 2.0328998 2.0277126 2.0309306 2.0292515 2.0280776 2.0305702 2.0305702 2.0297663 2.0309368 2.0331568 2.0333119 2.0308591 2.0287828 2.0287828 2.0318207 2.0329294 2.0304091 2.0302899 2.0189167 2.0173372 2.0169588 2.0155712 
SUDV_H.sap-xx_UGA_12_EboSud-609_KC545391                   1.9641743 1.9734551 1.9549806 0.0000010 0.0000000 2.2420689 2.2261483 2.0044731 2.0044731 2.0054017 2.0054451 2.0326522 2.0330696 2.0292822 2.0336663 2.0332833 2.0298598 2.0302308 2.0308766 2.0306273 2.0292589 2.0310582 2.0330903 2.0340208 2.0340208 2.0309784 2.0268555 2.0295517 2.0302921 2.0304941 2.0304941 2.0294512 2.0315243 2.0301808 2.0317911 2.0312256 2.0257211 2.0337946 2.0337946 2.0324582 2.0312888 2.0324847 2.0311170 2.0306444 2.0298908 2.0305979 2.0307172 2.0312809 2.0296925 2.0296925 2.0310527 2.0285228 2.0326452 2.0304826 2.0324922 2.0326439 2.0342277 2.0324173 2.0309237 2.0316658 2.0306129 2.0301493 2.0318324 2.0298081 2.0304888 2.0302255 2.0302255 2.0317638 2.0328998 2.0277126 2.0309306 2.0292515 2.0280776 2.0305702 2.0305702 2.0297663 2.0309368 2.0331568 2.0333119 2.0308591 2.0287828 2.0287828 2.0318207 2.0329294 2.0304091 2.0302899 2.0189167 2.0173372 2.0169588 2.0155712 
TAFV_H.sap-tc_CIV_94_Pauleoula-CI_NC_014372                2.1802040 2.1763113 2.1697451 2.2420689 2.2420689 0.0000000 0.8033595 1.3453478 1.3453478 1.3461569 1.3463689 1.3662923 1.3684441 1.3656761 1.3651713 1.3656166 1.3664587 1.3669608 1.3675868 1.3678828 1.3688268 1.3667032 1.3678164 1.3684340 1.3684340 1.3676277 1.3680137 1.3686912 1.3669870 1.3669870 1.3669870 1.3677922 1.3675937 1.3668382 1.3677482 1.3675019 1.3683339 1.3716719 1.3716719 1.3682550 1.3674466 1.3678774 1.3687278 1.3671945 1.3675167 1.3670187 1.3671547 1.3665156 1.3681097 1.3681097 1.3671923 1.3676389 1.3685462 1.3670968 1.3659680 1.3668569 1.3676795 1.3684497 1.3689385 1.3674496 1.3669219 1.3665799 1.3667476 1.3671086 1.3672782 1.3673157 1.3673157 1.3666632 1.3676582 1.3670871 1.3664541 1.3671327 1.3661739 1.3663086 1.3663086 1.3674295 1.3665690 1.3676865 1.3660581 1.3662243 1.3656081 1.3656081 1.3662019 1.3645235 1.3649581 1.3649581 1.3515546 1.3530475 1.3633766 1.3552344 
BDBV_H.sap-xx_COD_12_EboBund-122_KC545395                  2.1885572 2.1917039 2.1910108 2.2261483 2.2261483 0.8033595 0.0000000 1.3974790 1.3974790 1.3983177 1.3984820 1.4251342 1.4232645 1.4202256 1.4207253 1.4207398 1.4213027 1.4213650 1.4209429 1.4224685 1.4234118 1.4211104 1.4220797 1.4223995 1.4223995 1.4217300 1.4213831 1.4219504 1.4211393 1.4211539 1.4211539 1.4216781 1.4208642 1.4211393 1.4223918 1.4217089 1.4197120 1.4219058 1.4219058 1.4218546 1.4217208 1.4220907 1.4206961 1.4211288 1.4221211 1.4209024 1.4208040 1.4202477 1.4222246 1.4222246 1.4207245 1.4218272 1.4223356 1.4211288 1.4204141 1.4200592 1.4219636 1.4218573 1.4218194 1.4217571 1.4210891 1.4211367 1.4212241 1.4230901 1.4210152 1.4212263 1.4212263 1.4214956 1.4211626 1.4200665 1.4205086 1.4219655 1.4207848 1.4209906 1.4209906 1.4214342 1.4193429 1.4204099 1.4213651 1.4213325 1.4213128 1.4213128 1.4209211 1.4207656 1.4211353 1.4209975 1.4237150 1.4235876 1.4233132 1.4138458 
EBOV_H.sap-tc_COD_07_1Luebo_KC242786                       1.9409305 1.9464797 1.9582113 2.0044731 2.0044731 1.3453478 1.3974790 0.0000000 0.0000010 0.0002033 0.0004575 0.0319127 0.0308873 0.0308946 0.0308423 0.0310637 0.0305504 0.0303846 0.0304945 0.0307709 0.0311664 0.0306611 0.0307181 0.0307780 0.0307780 0.0306052 0.0306655 0.0308322 0.0303849 0.0303292 0.0303292 0.0305546 0.0304993 0.0303849 0.0305541 0.0304418 0.0313361 0.0309707 0.0309707 0.0304987 0.0303851 0.0306097 0.0308390 0.0303846 0.0304466 0.0305502 0.0304398 0.0304434 0.0307181 0.0307181 0.0307728 0.0308311 0.0306668 0.0303846 0.0308377 0.0308914 0.0309510 0.0308848 0.0308880 0.0307748 0.0304957 0.0306064 0.0307777 0.0308843 0.0306065 0.0307723 0.0307723 0.0308918 0.0308304 0.0313278 0.0309426 0.0308279 0.0309429 0.0307746 0.0307746 0.0307736 0.0311051 0.0310623 0.0309996 0.0301625 0.0298805 0.0298805 0.0298250 0.0300008 0.0297134 0.0298236 0.0225477 0.0235848 0.0227256 0.0189511 
EBOV_H.sap-tc_COD_07_M-M_HQ613403                          1.9409305 1.9464797 1.9582113 2.0044731 2.0044731 1.3453478 1.3974790 0.0000010 0.0000000 0.0002033 0.0004575 0.0319127 0.0308873 0.0308946 0.0308423 0.0310637 0.0305504 0.0303846 0.0304945 0.0307709 0.0311664 0.0306611 0.0307181 0.0307780 0.0307780 0.0306052 0.0306655 0.0308322 0.0303849 0.0303292 0.0303292 0.0305546 0.0304993 0.0303849 0.0305541 0.0304418 0.0313361 0.0309707 0.0309707 0.0304987 0.0303851 0.0306097 0.0308390 0.0303846 0.0304466 0.0305502 0.0304398 0.0304434 0.0307181 0.0307181 0.0307728 0.0308311 0.0306668 0.0303846 0.0308377 0.0308914 0.0309510 0.0308848 0.0308880 0.0307748 0.0304957 0.0306064 0.0307777 0.0308843 0.0306065 0.0307723 0.0307723 0.0308918 0.0308304 0.0313278 0.0309426 0.0308279 0.0309429 0.0307746 0.0307746 0.0307736 0.0311051 0.0310623 0.0309996 0.0301625 0.0298805 0.0298805 0.0298250 0.0300008 0.0297134 0.0298236 0.0225477 0.0235848 0.0227256 0.0189511 
EBOV_H.sap-tc_COD_07_5Luebo_KC242790                       1.9419595 1.9475135 1.9594156 2.0054017 2.0054017 1.3461569 1.3983177 0.0002033 0.0002033 0.0000000 0.0006610 0.0321367 0.0311105 0.0311179 0.0310656 0.0312871 0.0307734 0.0306075 0.0307174 0.0309940 0.0313898 0.0308842 0.0309412 0.0310011 0.0310011 0.0308282 0.0308886 0.0310554 0.0306078 0.0305521 0.0305521 0.0307776 0.0307223 0.0306078 0.0307771 0.0306647 0.0315596 0.0311941 0.0311941 0.0307217 0.0306080 0.0308327 0.0310622 0.0306075 0.0306696 0.0307732 0.0306628 0.0306663 0.0309412 0.0309412 0.0309959 0.0310543 0.0308899 0.0306075 0.0310610 0.0311147 0.0311743 0.0311080 0.0311112 0.0309980 0.0307187 0.0308294 0.0310008 0.0311075 0.0308295 0.0309955 0.0309955 0.0311150 0.0310535 0.0315512 0.0311659 0.0310511 0.0311662 0.0309977 0.0309977 0.0309967 0.0313284 0.0312857 0.0312229 0.0303852 0.0301031 0.0301031 0.0300476 0.0302235 0.0299359 0.0300461 0.0227655 0.0238033 0.0229437 0.0191664 
EBOV_H.sap-tc_COD_08_034-KS_HQ613402                       1.9428144 1.9483719 1.9601177 2.0054451 2.0054451 1.3463689 1.3984820 0.0004575 0.0004575 0.0006610 0.0000000 0.0324213 0.0313940 0.0314015 0.0313491 0.0315708 0.0310565 0.0308905 0.0310005 0.0312774 0.0316735 0.0311674 0.0312245 0.0312845 0.0312845 0.0311114 0.0311719 0.0313388 0.0308908 0.0308350 0.0308350 0.0310608 0.0310055 0.0308908 0.0310603 0.0309478 0.0318435 0.0314779 0.0314779 0.0310048 0.0308910 0.0311160 0.0313457 0.0308905 0.0309527 0.0310563 0.0309458 0.0309494 0.0312245 0.0312245 0.0312793 0.0313377 0.0311732 0.0308905 0.0313444 0.0313982 0.0314579 0.0313915 0.0313947 0.0312813 0.0310018 0.0311126 0.0312842 0.0313909 0.0311127 0.0312788 0.0312788 0.0313985 0.0313369 0.0318351 0.0314494 0.0313345 0.0314497 0.0312811 0.0312811 0.0312801 0.0316120 0.0315694 0.0315065 0.0306680 0.0303856 0.0303856 0.0303300 0.0305062 0.0302182 0.0303285 0.0229323 0.0239708 0.0231108 0.0194384 
EBOV_H.sap-wt_GIN_14_Makona-Gueckedou-EM_080076_KR817235   1.9770234 1.9830151 1.9981332 2.0326522 2.0326522 1.3662923 1.4251342 0.0319127 0.0319127 0.0321367 0.0324213 0.0000000 0.0019888 0.0025012 0.0026550 0.0028600 0.0026025 0.0023467 0.0024490 0.0027049 0.0030642 0.0026026 0.0026539 0.0027055 0.0027055 0.0025513 0.0026544 0.0027566 0.0023467 0.0022955 0.0022955 0.0026029 0.0024493 0.0023467 0.0025004 0.0023980 0.0032699 0.0028616 0.0028616 0.0024493 0.0023467 0.0025517 0.0027572 0.0023467 0.0023984 0.0025002 0.0023978 0.0023981 0.0026539 0.0026539 0.0027051 0.0027565 0.0026030 0.0023467 0.0027571 0.0028082 0.0029624 0.0028076 0.0028079 0.0027052 0.0024490 0.0025514 0.0027055 0.0028593 0.0025514 0.0027050 0.0027050 0.0028592 0.0027564 0.0032176 0.0028590 0.0027563 0.0028591 0.0029101 0.0029101 0.0027051 0.0030124 0.0029624 0.0029104 0.0021420 0.0021421 0.0021421 0.0021934 0.0023987 0.0025002 0.0026025 0.0377336 0.0388200 0.0381533 0.0342449 
EBOV_H.sap-wt_GIN_14_Makona-Gueckedou-EM_079702_KR817210   1.9700393 1.9764295 1.9912541 2.0330696 2.0330696 1.3684441 1.4232645 0.0308873 0.0308873 0.0311105 0.0313940 0.0019888 0.0000000 0.0015285 0.0016818 0.0018861 0.0016299 0.0013748 0.0014768 0.0018341 0.0020900 0.0016299 0.0016811 0.0017324 0.0017324 0.0015789 0.0016814 0.0017834 0.0013748 0.0013238 0.0013238 0.0016301 0.0014771 0.0013748 0.0015280 0.0014259 0.0022949 0.0018872 0.0018872 0.0014770 0.0013749 0.0015791 0.0017838 0.0013748 0.0014262 0.0015279 0.0014258 0.0014260 0.0016811 0.0016811 0.0017321 0.0017833 0.0016302 0.0013748 0.0017837 0.0018347 0.0019882 0.0018343 0.0018345 0.0017322 0.0014769 0.0015789 0.0017324 0.0018857 0.0015789 0.0017321 0.0017321 0.0018856 0.0017833 0.0022430 0.0018855 0.0017831 0.0018855 0.0019365 0.0019365 0.0017321 0.0020385 0.0019883 0.0019367 0.0011698 0.0011709 0.0011709 0.0012219 0.0015284 0.0015279 0.0016299 0.0366866 0.0377692 0.0371042 0.0332107 
EBOV_H.sap-wt_GIN_14_Makona-Gueckedou-EM_079587_KR817202   1.9716540 1.9780531 1.9930232 2.0292822 2.0292822 1.3656761 1.4202256 0.0308946 0.0308946 0.0311179 0.0314015 0.0025012 0.0015285 0.0000000 0.0017844 0.0019888 0.0017325 0.0014772 0.0015793 0.0019367 0.0021928 0.0017325 0.0017836 0.0018350 0.0018350 0.0016814 0.0017840 0.0018860 0.0014773 0.0014262 0.0014262 0.0017327 0.0015795 0.0014773 0.0016305 0.0015284 0.0023978 0.0019900 0.0019900 0.0015795 0.0014773 0.0016816 0.0018864 0.0014772 0.0015286 0.0016304 0.0015283 0.0015284 0.0017836 0.0017836 0.0018347 0.0018859 0.0017328 0.0014772 0.0018863 0.0019373 0.0020910 0.0018347 0.0018349 0.0017326 0.0015793 0.0016815 0.0018350 0.0019883 0.0016815 0.0018347 0.0018347 0.0019883 0.0018859 0.0023459 0.0019882 0.0018858 0.0019882 0.0020392 0.0020392 0.0018347 0.0021413 0.0020910 0.0020394 0.0012731 0.0012732 0.0012732 0.0013243 0.0016309 0.0016304 0.0017325 0.0368084 0.0378916 0.0372264 0.0333306 
EBOV_H.sap-wt_GIN_14_Makona-Gueckedou-EM_079750_KR817213   1.9699638 1.9763546 1.9909071 2.0336663 2.0336663 1.3651713 1.4207253 0.0308423 0.0308423 0.0310656 0.0313491 0.0026550 0.0016818 0.0017844 0.0000000 0.0005084 0.0015794 0.0013243 0.0014263 0.0017836 0.0020396 0.0015794 0.0016306 0.0016819 0.0016819 0.0015284 0.0016309 0.0017329 0.0013243 0.0012732 0.0012732 0.0015796 0.0014265 0.0013243 0.0014775 0.0013754 0.0022445 0.0018367 0.0018367 0.0014265 0.0013243 0.0015286 0.0017333 0.0013243 0.0013756 0.0014773 0.0013753 0.0013754 0.0016306 0.0016306 0.0016816 0.0017328 0.0015797 0.0013243 0.0017332 0.0017842 0.0019378 0.0017838 0.0017840 0.0016817 0.0014263 0.0015284 0.0016819 0.0017330 0.0015284 0.0016816 0.0016816 0.0018352 0.0017328 0.0021926 0.0018350 0.0017327 0.0018351 0.0018860 0.0018860 0.0016816 0.0019881 0.0019378 0.0018862 0.0011202 0.0011203 0.0011203 0.0011713 0.0014779 0.0014773 0.0015794 0.0365304 0.0376129 0.0369480 0.0329437 
EBOV_H.sap-wt_GIN_14_Makona-Gueckedou-EM_079910_KR817221   1.9704775 1.9768708 1.9914272 2.0332833 2.0332833 1.3656166 1.4207398 0.0310637 0.0310637 0.0312871 0.0315708 0.0028600 0.0018861 0.0019888 0.0005084 0.0000000 0.0017837 0.0015284 0.0016304 0.0019880 0.0022441 0.0017837 0.0018348 0.0018862 0.0018862 0.0017326 0.0018352 0.0019372 0.0015284 0.0014773 0.0014773 0.0017839 0.0016307 0.0015284 0.0016817 0.0015795 0.0024491 0.0020413 0.0020413 0.0016306 0.0015284 0.0017328 0.0019377 0.0015284 0.0015798 0.0016815 0.0015794 0.0015796 0.0018348 0.0018348 0.0018859 0.0019372 0.0017840 0.0015284 0.0019376 0.0019886 0.0021423 0.0019882 0.0019884 0.0018860 0.0016305 0.0017326 0.0018862 0.0019373 0.0017326 0.0018859 0.0018859 0.0020396 0.0019371 0.0023972 0.0020394 0.0019370 0.0020395 0.0020904 0.0020904 0.0018859 0.0021926 0.0021423 0.0020906 0.0013242 0.0013243 0.0013243 0.0013754 0.0016821 0.0016815 0.0017837 0.0367553 0.0378385 0.0371733 0.0331665 
EBOV_H.sap-wt_LBR_14_Makona-LIBR0430_KR006955              1.9682804 1.9746654 1.9897340 2.0298598 2.0298598 1.3664587 1.4213027 0.0305504 0.0305504 0.0307734 0.0310565 0.0026025 0.0016299 0.0017325 0.0015794 0.0017837 0.0000000 0.0002542 0.0004575 0.0008136 0.0010681 0.0006101 0.0006610 0.0007119 0.0007119 0.0005593 0.0006610 0.0007627 0.0003558 0.0003050 0.0003050 0.0006101 0.0004575 0.0003558 0.0005084 0.0004067 0.0012731 0.0008659 0.0008659 0.0004575 0.0003558 0.0005593 0.0007627 0.0003558 0.0004067 0.0005084 0.0004067 0.0004067 0.0005593 0.0005593 0.0007119 0.0007627 0.0006101 0.0003558 0.0007627 0.0008136 0.0009663 0.0008136 0.0008136 0.0007119 0.0004575 0.0005593 0.0007119 0.0007627 0.0005593 0.0007119 0.0007119 0.0008645 0.0007627 0.0011189 0.0007627 0.0006610 0.0007627 0.0008136 0.0008136 0.0006101 0.0009154 0.0008645 0.0008136 0.0004575 0.0010681 0.0010681 0.0011189 0.0014261 0.0014256 0.0015276 0.0364552 0.0375370 0.0367593 0.0329822 
EBOV_H.sap-wt_SLE_14_Makona-G3734.1_KM233055               1.9692294 1.9754553 1.9906914 2.0302308 2.0302308 1.3669608 1.4213650 0.0303846 0.0303846 0.0306075 0.0308905 0.0023467 0.0013748 0.0014772 0.0013243 0.0015284 0.0002542 0.0000000 0.0002033 0.0005593 0.0008136 0.0003558 0.0004067 0.0004575 0.0004575 0.0003050 0.0004067 0.0005084 0.0001017 0.0000508 0.0000508 0.0003558 0.0002033 0.0001017 0.0002542 0.0001525 0.0010182 0.0006101 0.0006101 0.0002033 0.0001017 0.0003050 0.0005084 0.0001017 0.0001525 0.0002542 0.0001525 0.0001525 0.0004067 0.0004067 0.0004575 0.0005084 0.0003558 0.0001017 0.0005084 0.0005593 0.0007119 0.0005593 0.0005593 0.0004575 0.0002033 0.0003050 0.0004575 0.0005084 0.0003050 0.0004575 0.0004575 0.0006101 0.0005084 0.0008645 0.0005084 0.0004067 0.0005084 0.0005593 0.0005593 0.0003558 0.0006610 0.0006101 0.0005593 0.0002033 0.0008136 0.0008136 0.0008645 0.0011711 0.0011698 0.0012717 0.0361746 0.0372556 0.0364783 0.0327042 
EBOV_H.sap-wt_LBR_15_Makona-Liberia-DQE4_KR074998          1.9693741 1.9756001 1.9908359 2.0308766 2.0308766 1.3675868 1.4209429 0.0304945 0.0304945 0.0307174 0.0310005 0.0024490 0.0014768 0.0015793 0.0014263 0.0016304 0.0004575 0.0002033 0.0000000 0.0006610 0.0009154 0.0004575 0.0005084 0.0005593 0.0005593 0.0004067 0.0005084 0.0006101 0.0002033 0.0001525 0.0001525 0.0004575 0.0003050 0.0002033 0.0003558 0.0002542 0.0011201 0.0007129 0.0007129 0.0003050 0.0002033 0.0004067 0.0006101 0.0002033 0.0002542 0.0003558 0.0002542 0.0002542 0.0005084 0.0005084 0.0005593 0.0006101 0.0004575 0.0002033 0.0006101 0.0006610 0.0008136 0.0006610 0.0006610 0.0005593 0.0003050 0.0004067 0.0005593 0.0007119 0.0004067 0.0005593 0.0005593 0.0007119 0.0006101 0.0010681 0.0007119 0.0006101 0.0007119 0.0007627 0.0007627 0.0005593 0.0008645 0.0008136 0.0007627 0.0003050 0.0009154 0.0009154 0.0009663 0.0012731 0.0012717 0.0013746 0.0362861 0.0373674 0.0365900 0.0328148 
EBOV_H.sap-wt_GIN_14_Makona-Kankan-EM_078639_KR817166      1.9705043 1.9768533 1.9919775 2.0306273 2.0306273 1.3678828 1.4224685 0.0307709 0.0307709 0.0309940 0.0312774 0.0027049 0.0018341 0.0019367 0.0017836 0.0019880 0.0008136 0.0005593 0.0006610 0.0000000 0.0007627 0.0005084 0.0006610 0.0007119 0.0007119 0.0005593 0.0008645 0.0009663 0.0005593 0.0005084 0.0005084 0.0008136 0.0006610 0.0005593 0.0007119 0.0006101 0.0014772 0.0010699 0.0010699 0.0006610 0.0005593 0.0007627 0.0009663 0.0005593 0.0006101 0.0007119 0.0006101 0.0006101 0.0008645 0.0008645 0.0009154 0.0009663 0.0008136 0.0005593 0.0009663 0.0010172 0.0011712 0.0010172 0.0010172 0.0009154 0.0006610 0.0007627 0.0009154 0.0010681 0.0007627 0.0009154 0.0009154 0.0010681 0.0009663 0.0014257 0.0010681 0.0009663 0.0010681 0.0011189 0.0011189 0.0009154 0.0012208 0.0011712 0.0011189 0.0006610 0.0012717 0.0012717 0.0013237 0.0016302 0.0016297 0.0017317 0.0365079 0.0375897 0.0368713 0.0330931 
EBOV_H.sap-wt_GIN_14_Makona-Faranah-EM_078415_KR817160     1.9671813 1.9736669 1.9886074 2.0292589 2.0292589 1.3688268 1.4234118 0.0311664 0.0311664 0.0313898 0.0316735 0.0030642 0.0020900 0.0021928 0.0020396 0.0022441 0.0010681 0.0008136 0.0009154 0.0007627 0.0000000 0.0007627 0.0009154 0.0009663 0.0009663 0.0008136 0.0011202 0.0012221 0.0008136 0.0007627 0.0007627 0.0010691 0.0009154 0.0008136 0.0009663 0.0008645 0.0017328 0.0013253 0.0013253 0.0009154 0.0008136 0.0010172 0.0012224 0.0008136 0.0008645 0.0009663 0.0008645 0.0008645 0.0011200 0.0011200 0.0011710 0.0012221 0.0010692 0.0008136 0.0012223 0.0012733 0.0014266 0.0012730 0.0012731 0.0011710 0.0009154 0.0010172 0.0011711 0.0013242 0.0010172 0.0011710 0.0011710 0.0013242 0.0012220 0.0016812 0.0013241 0.0012220 0.0013241 0.0013750 0.0013750 0.0011710 0.0014770 0.0014266 0.0013752 0.0009154 0.0015280 0.0015280 0.0015792 0.0018860 0.0018853 0.0019875 0.0369113 0.0379945 0.0372754 0.0334918 
EBOV_H.sap-wt_GIN_14_Makona-Macenta-EM_076191_KR817141     1.9702589 1.9764900 1.9917346 2.0310582 2.0310582 1.3667032 1.4211104 0.0306611 0.0306611 0.0308842 0.0311674 0.0026026 0.0016299 0.0017325 0.0015794 0.0017837 0.0006101 0.0003558 0.0004575 0.0005084 0.0007627 0.0000000 0.0004575 0.0005084 0.0005084 0.0003558 0.0006610 0.0007627 0.0003558 0.0003050 0.0003050 0.0006101 0.0004575 0.0003558 0.0005084 0.0004067 0.0012731 0.0008659 0.0008659 0.0004575 0.0003558 0.0005593 0.0007627 0.0003558 0.0004067 0.0005084 0.0004067 0.0004067 0.0006610 0.0006610 0.0007119 0.0007627 0.0006101 0.0003558 0.0007627 0.0008136 0.0009663 0.0008136 0.0008136 0.0007119 0.0004575 0.0005593 0.0007119 0.0008645 0.0005593 0.0007119 0.0007119 0.0008645 0.0007627 0.0012208 0.0008645 0.0007627 0.0008645 0.0009154 0.0009154 0.0007119 0.0010172 0.0009673 0.0009154 0.0004575 0.0010681 0.0010681 0.0011189 0.0014261 0.0014256 0.0015276 0.0363965 0.0374780 0.0367597 0.0329826 
EBOV_H.sap-wt_GIN_14_Makona-Beyla-EM_075931_KR817138       1.9686198 1.9748431 1.9900754 2.0330903 2.0330903 1.3678164 1.4220797 0.0307181 0.0307181 0.0309412 0.0312245 0.0026539 0.0016811 0.0017836 0.0016306 0.0018348 0.0006610 0.0004067 0.0005084 0.0006610 0.0009154 0.0004575 0.0000000 0.0005593 0.0005593 0.0004067 0.0007119 0.0008136 0.0004067 0.0003558 0.0003558 0.0006610 0.0005084 0.0004067 0.0005593 0.0004575 0.0013242 0.0009169 0.0009169 0.0005084 0.0004067 0.0006101 0.0008136 0.0004067 0.0004575 0.0005593 0.0004575 0.0004575 0.0007119 0.0007119 0.0007627 0.0008136 0.0006610 0.0004067 0.0008136 0.0008645 0.0010183 0.0008645 0.0008645 0.0007627 0.0005084 0.0006101 0.0007627 0.0009154 0.0006101 0.0007627 0.0007627 0.0009154 0.0008136 0.0012728 0.0009154 0.0008136 0.0009154 0.0009663 0.0009663 0.0007627 0.0010681 0.0010183 0.0009663 0.0005084 0.0011189 0.0011189 0.0011698 0.0014772 0.0014767 0.0015787 0.0364547 0.0375365 0.0368181 0.0330401 
EBOV_H.sap-wt_GIN_14_Makona-Kissidougou-EM_078694_KR817171 1.9725243 1.9788773 1.9941418 2.0340208 2.0340208 1.3684340 1.4223995 0.0307780 0.0307780 0.0310011 0.0312845 0.0027055 0.0017324 0.0018350 0.0016819 0.0018862 0.0007119 0.0004575 0.0005593 0.0007119 0.0009663 0.0005084 0.0005593 0.0000000 0.0000010 0.0004575 0.0007627 0.0008645 0.0004575 0.0004067 0.0004067 0.0007119 0.0005593 0.0004575 0.0006101 0.0005084 0.0013754 0.0009681 0.0009681 0.0005593 0.0004575 0.0006610 0.0008645 0.0004575 0.0005084 0.0006101 0.0005084 0.0005084 0.0007627 0.0007627 0.0008136 0.0008645 0.0007119 0.0004575 0.0008645 0.0009154 0.0010694 0.0009154 0.0009154 0.0008136 0.0005593 0.0006610 0.0008136 0.0009663 0.0006610 0.0008136 0.0008136 0.0009663 0.0008645 0.0013240 0.0009663 0.0008645 0.0009663 0.0010172 0.0010172 0.0008136 0.0011200 0.0010694 0.0010182 0.0005593 0.0011709 0.0011709 0.0012220 0.0015285 0.0015279 0.0016300 0.0364675 0.0375497 0.0368310 0.0331007 
EBOV_H.sap-wt_GIN_14_Makona-Kissidougou-EM_078722_KR817175 1.9725243 1.9788773 1.9941418 2.0340208 2.0340208 1.3684340 1.4223995 0.0307780 0.0307780 0.0310011 0.0312845 0.0027055 0.0017324 0.0018350 0.0016819 0.0018862 0.0007119 0.0004575 0.0005593 0.0007119 0.0009663 0.0005084 0.0005593 0.0000010 0.0000000 0.0004575 0.0007627 0.0008645 0.0004575 0.0004067 0.0004067 0.0007119 0.0005593 0.0004575 0.0006101 0.0005084 0.0013754 0.0009681 0.0009681 0.0005593 0.0004575 0.0006610 0.0008645 0.0004575 0.0005084 0.0006101 0.0005084 0.0005084 0.0007627 0.0007627 0.0008136 0.0008645 0.0007119 0.0004575 0.0008645 0.0009154 0.0010694 0.0009154 0.0009154 0.0008136 0.0005593 0.0006610 0.0008136 0.0009663 0.0006610 0.0008136 0.0008136 0.0009663 0.0008645 0.0013240 0.0009663 0.0008645 0.0009663 0.0010172 0.0010172 0.0008136 0.0011200 0.0010694 0.0010182 0.0005593 0.0011709 0.0011709 0.0012220 0.0015285 0.0015279 0.0016300 0.0364675 0.0375497 0.0368310 0.0331007 
EBOV_H.sap-wt_LBR_14_Makona-LIBR0505_KR006957              1.9694861 1.9757127 1.9909497 2.0309784 2.0309784 1.3676277 1.4217300 0.0306052 0.0306052 0.0308282 0.0311114 0.0025513 0.0015789 0.0016814 0.0015284 0.0017326 0.0005593 0.0003050 0.0004067 0.0005593 0.0008136 0.0003558 0.0004067 0.0004575 0.0004575 0.0000000 0.0006101 0.0007119 0.0003050 0.0002542 0.0002542 0.0005593 0.0004067 0.0003050 0.0004575 0.0003558 0.0012221 0.0008149 0.0008149 0.0004067 0.0003050 0.0005084 0.0007119 0.0003050 0.0003558 0.0004575 0.0003558 0.0003558 0.0006101 0.0006101 0.0006610 0.0007119 0.0005593 0.0003050 0.0007119 0.0007627 0.0009154 0.0007627 0.0007627 0.0006610 0.0004067 0.0005084 0.0006610 0.0008136 0.0005084 0.0006610 0.0006610 0.0008136 0.0007119 0.0011698 0.0008136 0.0007119 0.0008136 0.0008645 0.0008645 0.0006610 0.0009663 0.0009154 0.0008645 0.0004067 0.0010172 0.0010172 0.0010681 0.0013751 0.0013746 0.0014766 0.0363395 0.0374208 0.0367026 0.0329262 
EBOV_H.sap-wt_SLE_14_Makona-Kailahun-20140517_KR653263     1.9663661 1.9725761 1.9877847 2.0268555 2.0268555 1.3680137 1.4213831 0.0306655 0.0306655 0.0308886 0.0311719 0.0026544 0.0016814 0.0017840 0.0016309 0.0018352 0.0006610 0.0004067 0.0005084 0.0008645 0.0011202 0.0006610 0.0007119 0.0007627 0.0007627 0.0006101 0.0000000 0.0004067 0.0004067 0.0003558 0.0003558 0.0006610 0.0005084 0.0004067 0.0005593 0.0004575 0.0013245 0.0009171 0.0009171 0.0005084 0.0004067 0.0006101 0.0008136 0.0004067 0.0004575 0.0005593 0.0004575 0.0004575 0.0007119 0.0007119 0.0007627 0.0008136 0.0006610 0.0004067 0.0008136 0.0008645 0.0010185 0.0008645 0.0008645 0.0007627 0.0005084 0.0006101 0.0007627 0.0009154 0.0006101 0.0007627 0.0007627 0.0009154 0.0008136 0.0012730 0.0009154 0.0008136 0.0009154 0.0009663 0.0009663 0.0007627 0.0010681 0.0010185 0.0009663 0.0005084 0.0011200 0.0011200 0.0011711 0.0014775 0.0014770 0.0015790 0.0365208 0.0376030 0.0368250 0.0330463 
EBOV_H.sap-wt_SLE_14_Makona-G4973_1_KR105286               1.9673450 1.9739704 1.9891903 2.0295517 2.0295517 1.3686912 1.4219504 0.0308322 0.0308322 0.0310554 0.0313388 0.0027566 0.0017834 0.0018860 0.0017329 0.0019372 0.0007627 0.0005084 0.0006101 0.0009663 0.0012221 0.0007627 0.0008136 0.0008645 0.0008645 0.0007119 0.0004067 0.0000000 0.0005084 0.0004575 0.0004575 0.0007627 0.0006101 0.0005084 0.0006610 0.0005593 0.0014264 0.0010190 0.0010190 0.0006101 0.0005084 0.0007119 0.0009164 0.0005084 0.0005593 0.0006610 0.0005593 0.0005593 0.0008136 0.0008136 0.0008645 0.0009154 0.0007627 0.0005084 0.0009154 0.0009673 0.0011204 0.0009663 0.0009663 0.0008645 0.0006101 0.0007119 0.0008645 0.0010182 0.0007119 0.0008645 0.0008645 0.0010182 0.0009154 0.0013749 0.0010172 0.0009154 0.0010172 0.0010681 0.0010681 0.0008645 0.0011709 0.0011204 0.0010691 0.0006101 0.0012219 0.0012219 0.0012730 0.0015795 0.0015789 0.0016810 0.0366305 0.0377130 0.0369348 0.0331552 
EBOV_H.sap-wt_SLE_14_Makona-G3799_KM233080                 1.9689329 1.9751574 1.9903914 2.0302921 2.0302921 1.3669870 1.4211393 0.0303849 0.0303849 0.0306078 0.0308908 0.0023467 0.0013748 0.0014773 0.0013243 0.0015284 0.0003558 0.0001017 0.0002033 0.0005593 0.0008136 0.0003558 0.0004067 0.0004575 0.0004575 0.0003050 0.0004067 0.0005084 0.0000000 0.0000508 0.0000508 0.0003558 0.0002033 0.0001017 0.0002542 0.0001525 0.0010182 0.0006101 0.0006101 0.0002033 0.0001017 0.0003050 0.0005084 0.0001017 0.0001525 0.0002542 0.0001525 0.0001525 0.0004067 0.0004067 0.0004575 0.0005084 0.0003558 0.0001017 0.0005084 0.0005593 0.0007119 0.0005593 0.0005593 0.0004575 0.0002033 0.0003050 0.0004575 0.0006101 0.0003050 0.0004575 0.0004575 0.0006101 0.0005084 0.0009663 0.0006101 0.0005084 0.0006101 0.0006610 0.0006610 0.0004575 0.0007627 0.0007119 0.0006610 0.0002033 0.0008136 0.0008136 0.0008645 0.0011711 0.0011698 0.0012717 0.0361749 0.0372559 0.0364786 0.0327045 
EBOV_H.sap-wt_SLE_14_Makona-G3788_KM233075                 1.9692428 1.9754685 1.9907042 2.0304941 2.0304941 1.3669870 1.4211539 0.0303292 0.0303292 0.0305521 0.0308350 0.0022955 0.0013238 0.0014262 0.0012732 0.0014773 0.0003050 0.0000508 0.0001525 0.0005084 0.0007627 0.0003050 0.0003558 0.0004067 0.0004067 0.0002542 0.0003558 0.0004575 0.0000508 0.0000000 0.0000010 0.0003050 0.0001525 0.0000508 0.0002033 0.0001017 0.0009663 0.0005593 0.0005593 0.0001525 0.0000508 0.0002542 0.0004575 0.0000508 0.0001017 0.0002033 0.0001017 0.0001017 0.0003558 0.0003558 0.0004067 0.0004575 0.0003050 0.0000508 0.0004575 0.0005084 0.0006610 0.0005084 0.0005084 0.0004067 0.0001525 0.0002542 0.0004067 0.0005593 0.0002542 0.0004067 0.0004067 0.0005593 0.0004575 0.0009154 0.0005593 0.0004575 0.0005593 0.0006101 0.0006101 0.0004067 0.0007119 0.0006610 0.0006101 0.0001525 0.0007627 0.0007627 0.0008136 0.0011201 0.0011189 0.0012208 0.0361182 0.0371991 0.0364218 0.0326484 
EBOV_H.sap-wt_SLE_14_Makona-G3677.2_KM034557               1.9692428 1.9754685 1.9907042 2.0304941 2.0304941 1.3669870 1.4211539 0.0303292 0.0303292 0.0305521 0.0308350 0.0022955 0.0013238 0.0014262 0.0012732 0.0014773 0.0003050 0.0000508 0.0001525 0.0005084 0.0007627 0.0003050 0.0003558 0.0004067 0.0004067 0.0002542 0.0003558 0.0004575 0.0000508 0.0000010 0.0000000 0.0003050 0.0001525 0.0000508 0.0002033 0.0001017 0.0009663 0.0005593 0.0005593 0.0001525 0.0000508 0.0002542 0.0004575 0.0000508 0.0001017 0.0002033 0.0001017 0.0001017 0.0003558 0.0003558 0.0004067 0.0004575 0.0003050 0.0000508 0.0004575 0.0005084 0.0006610 0.0005084 0.0005084 0.0004067 0.0001525 0.0002542 0.0004067 0.0005593 0.0002542 0.0004067 0.0004067 0.0005593 0.0004575 0.0009154 0.0005593 0.0004575 0.0005593 0.0006101 0.0006101 0.0004067 0.0007119 0.0006610 0.0006101 0.0001525 0.0007627 0.0007627 0.0008136 0.0011201 0.0011189 0.0012208 0.0361182 0.0371991 0.0364218 0.0326484 
EBOV_H.sap-wt_SLE_14_Makona-Kenema-G5059_1_KR105296        1.9704999 1.9772612 1.9925106 2.0294512 2.0294512 1.3677922 1.4216781 0.0305546 0.0305546 0.0307776 0.0310608 0.0026029 0.0016301 0.0017327 0.0015796 0.0017839 0.0006101 0.0003558 0.0004575 0.0008136 0.0010691 0.0006101 0.0006610 0.0007119 0.0007119 0.0005593 0.0006610 0.0007627 0.0003558 0.0003050 0.0003050 0.0000000 0.0004575 0.0003558 0.0005084 0.0004067 0.0012733 0.0008660 0.0008660 0.0004575 0.0003558 0.0005593 0.0007627 0.0003558 0.0004067 0.0005084 0.0004067 0.0004067 0.0006101 0.0006101 0.0007119 0.0007627 0.0006101 0.0003558 0.0007627 0.0008136 0.0009674 0.0008136 0.0008136 0.0007119 0.0004575 0.0005593 0.0007119 0.0008645 0.0005593 0.0007119 0.0007119 0.0008645 0.0007627 0.0012219 0.0008645 0.0007627 0.0008645 0.0009154 0.0009154 0.0007119 0.0010172 0.0009674 0.0009154 0.0004575 0.0010681 0.0010681 0.0011200 0.0014263 0.0014258 0.0015278 0.0364603 0.0375422 0.0367644 0.0329868 
EBOV_H.sap-wt_SLE_14_Makona-Kenema-G4702_1_KR105265        1.9698195 1.9760488 1.9910171 2.0315243 2.0315243 1.3675937 1.4208642 0.0304993 0.0304993 0.0307223 0.0310055 0.0024493 0.0014771 0.0015795 0.0014265 0.0016307 0.0004575 0.0002033 0.0003050 0.0006610 0.0009154 0.0004575 0.0005084 0.0005593 0.0005593 0.0004067 0.0005084 0.0006101 0.0002033 0.0001525 0.0001525 0.0004575 0.0000000 0.0002033 0.0003558 0.0002542 0.0011203 0.0007130 0.0007130 0.0003050 0.0002033 0.0004067 0.0006101 0.0002033 0.0002542 0.0003558 0.0002542 0.0002542 0.0005084 0.0005084 0.0005593 0.0006101 0.0004575 0.0002033 0.0006101 0.0006610 0.0008136 0.0006610 0.0006610 0.0005593 0.0003050 0.0004067 0.0005593 0.0007119 0.0004067 0.0005593 0.0005593 0.0007119 0.0006101 0.0010681 0.0007119 0.0006101 0.0007119 0.0007627 0.0007627 0.0005593 0.0008645 0.0008136 0.0007627 0.0003050 0.0009154 0.0009154 0.0009663 0.0012733 0.0012728 0.0013748 0.0362920 0.0373734 0.0365958 0.0328200 
EBOV_H.sap-wt_SLE_14_Makona-Kenema-G4856_1_KR105273        1.9692049 1.9754302 1.9910961 2.0301808 2.0301808 1.3668382 1.4211393 0.0303849 0.0303849 0.0306078 0.0308908 0.0023467 0.0013748 0.0014773 0.0013243 0.0015284 0.0003558 0.0001017 0.0002033 0.0005593 0.0008136 0.0003558 0.0004067 0.0004575 0.0004575 0.0003050 0.0004067 0.0005084 0.0001017 0.0000508 0.0000508 0.0003558 0.0002033 0.0000000 0.0002542 0.0001525 0.0010182 0.0006101 0.0006101 0.0002033 0.0001017 0.0003050 0.0005084 0.0001017 0.0001525 0.0002542 0.0001525 0.0001525 0.0004067 0.0004067 0.0004575 0.0005084 0.0003558 0.0001017 0.0005084 0.0005593 0.0007119 0.0005593 0.0005593 0.0004575 0.0002033 0.0003050 0.0004575 0.0006101 0.0003050 0.0004575 0.0004575 0.0006101 0.0005084 0.0009663 0.0006101 0.0005084 0.0006101 0.0006610 0.0006610 0.0004575 0.0007627 0.0007119 0.0006610 0.0002033 0.0008136 0.0008136 0.0008645 0.0011711 0.0011698 0.0012717 0.0361749 0.0372559 0.0364786 0.0327045 
EBOV_H.sap-wt_SLE_14_Makona-Bonthe-G5723_1_KR105319        1.9709784 1.9772127 1.9924625 2.0317911 2.0317911 1.3677482 1.4223918 0.0305541 0.0305541 0.0307771 0.0310603 0.0025004 0.0015280 0.0016305 0.0014775 0.0016817 0.0005084 0.0002542 0.0003558 0.0007119 0.0009663 0.0005084 0.0005593 0.0006101 0.0006101 0.0004575 0.0005593 0.0006610 0.0002542 0.0002033 0.0002033 0.0005084 0.0003558 0.0002542 0.0000000 0.0002033 0.0010692 0.0006610 0.0006610 0.0002542 0.0002542 0.0004575 0.0006610 0.0002542 0.0003050 0.0004067 0.0003050 0.0003050 0.0005593 0.0005593 0.0006101 0.0006610 0.0005084 0.0002542 0.0006610 0.0007119 0.0008645 0.0007119 0.0007119 0.0006101 0.0003558 0.0004575 0.0006101 0.0007627 0.0004575 0.0006101 0.0006101 0.0007627 0.0006610 0.0011189 0.0007627 0.0006610 0.0007627 0.0008136 0.0008136 0.0006101 0.0009154 0.0008645 0.0008136 0.0003558 0.0009663 0.0009663 0.0010172 0.0013242 0.0013238 0.0014258 0.0363475 0.0374292 0.0366515 0.0328751 
EBOV_H.sap-wt_SLE_14_Makona-J0042_KP759711                 1.9706571 1.9768900 1.9921377 2.0312256 2.0312256 1.3675019 1.4217089 0.0304418 0.0304418 0.0306647 0.0309478 0.0023980 0.0014259 0.0015284 0.0013754 0.0015795 0.0004067 0.0001525 0.0002542 0.0006101 0.0008645 0.0004067 0.0004575 0.0005084 0.0005084 0.0003558 0.0004575 0.0005593 0.0001525 0.0001017 0.0001017 0.0004067 0.0002542 0.0001525 0.0002033 0.0000000 0.0008645 0.0005593 0.0005593 0.0001525 0.0001525 0.0003558 0.0005593 0.0001525 0.0002033 0.0003050 0.0002033 0.0002033 0.0004575 0.0004575 0.0005084 0.0005593 0.0004067 0.0001525 0.0005593 0.0006101 0.0007627 0.0006101 0.0006101 0.0005084 0.0002542 0.0003558 0.0005084 0.0006610 0.0003558 0.0005084 0.0005084 0.0006610 0.0005593 0.0010172 0.0006610 0.0005593 0.0006610 0.0007119 0.0007119 0.0005084 0.0008136 0.0007627 0.0007119 0.0002542 0.0008645 0.0008645 0.0009154 0.0012222 0.0012208 0.0013237 0.0362331 0.0373143 0.0365369 0.0327619 
EBOV_H.sap-wt_SLE_14_Makona-J0150_KP759696                 1.9680328 1.9742524 1.9894782 2.0257211 2.0257211 1.3683339 1.4197120 0.0313361 0.0313361 0.0315596 0.0318435 0.0032699 0.0022949 0.0023978 0.0022445 0.0024491 0.0012731 0.0010182 0.0011201 0.0014772 0.0017328 0.0012731 0.0013242 0.0013754 0.0013754 0.0012221 0.0013245 0.0014264 0.0010182 0.0009663 0.0009663 0.0012733 0.0011203 0.0010182 0.0010692 0.0008645 0.0000000 0.0014276 0.0014276 0.0010182 0.0010182 0.0012223 0.0014267 0.0010182 0.0010694 0.0011711 0.0010692 0.0010693 0.0013242 0.0013242 0.0013752 0.0014264 0.0012734 0.0010182 0.0014267 0.0014776 0.0016311 0.0014773 0.0014775 0.0013753 0.0011202 0.0012222 0.0013754 0.0015286 0.0012222 0.0013752 0.0013752 0.0015286 0.0014263 0.0018858 0.0015285 0.0013242 0.0014264 0.0014774 0.0014774 0.0012732 0.0015794 0.0015289 0.0014775 0.0011201 0.0017325 0.0017325 0.0017837 0.0020908 0.0020901 0.0021923 0.0371438 0.0382279 0.0374489 0.0336038 
EBOV_H.sap-wt_SLE_14_Makona-J0171_KP759707                 1.9717804 1.9780211 1.9932831 2.0337946 2.0337946 1.3716719 1.4219058 0.0309707 0.0309707 0.0311941 0.0314779 0.0028616 0.0018872 0.0019900 0.0018367 0.0020413 0.0008659 0.0006101 0.0007129 0.0010699 0.0013253 0.0008659 0.0009169 0.0009681 0.0009681 0.0008149 0.0009171 0.0010190 0.0006101 0.0005593 0.0005593 0.0008660 0.0007130 0.0006101 0.0006610 0.0005593 0.0014276 0.0000000 0.0000010 0.0006101 0.0006101 0.0008150 0.0010193 0.0006101 0.0006621 0.0007639 0.0006610 0.0006621 0.0009169 0.0009169 0.0009679 0.0010190 0.0008660 0.0006101 0.0010192 0.0010702 0.0012235 0.0010700 0.0010701 0.0009680 0.0007130 0.0008149 0.0009680 0.0011212 0.0008149 0.0009679 0.0009679 0.0011211 0.0010190 0.0014783 0.0011211 0.0010189 0.0011211 0.0011720 0.0011720 0.0009679 0.0012740 0.0012235 0.0011721 0.0007129 0.0013251 0.0013251 0.0013762 0.0016831 0.0016825 0.0017847 0.0367760 0.0378598 0.0370808 0.0332965 
EBOV_H.sap-wt_SLE_14_Makona-J0174_KP759708                 1.9717804 1.9780211 1.9932831 2.0337946 2.0337946 1.3716719 1.4219058 0.0309707 0.0309707 0.0311941 0.0314779 0.0028616 0.0018872 0.0019900 0.0018367 0.0020413 0.0008659 0.0006101 0.0007129 0.0010699 0.0013253 0.0008659 0.0009169 0.0009681 0.0009681 0.0008149 0.0009171 0.0010190 0.0006101 0.0005593 0.0005593 0.0008660 0.0007130 0.0006101 0.0006610 0.0005593 0.0014276 0.0000010 0.0000000 0.0006101 0.0006101 0.0008150 0.0010193 0.0006101 0.0006621 0.0007639 0.0006610 0.0006621 0.0009169 0.0009169 0.0009679 0.0010190 0.0008660 0.0006101 0.0010192 0.0010702 0.0012235 0.0010700 0.0010701 0.0009680 0.0007130 0.0008149 0.0009680 0.0011212 0.0008149 0.0009679 0.0009679 0.0011211 0.0010190 0.0014783 0.0011211 0.0010189 0.0011211 0.0011720 0.0011720 0.0009679 0.0012740 0.0012235 0.0011721 0.0007129 0.0013251 0.0013251 0.0013762 0.0016831 0.0016825 0.0017847 0.0367760 0.0378598 0.0370808 0.0332965 
EBOV_H.sap-wt_SLE_14_Makona-Moyamba-G6103_1_KR105348       1.9710022 1.9772380 1.9924913 2.0324582 2.0324582 1.3682550 1.4218546 0.0304987 0.0304987 0.0307217 0.0310048 0.0024493 0.0014770 0.0015795 0.0014265 0.0016306 0.0004575 0.0002033 0.0003050 0.0006610 0.0009154 0.0004575 0.0005084 0.0005593 0.0005593 0.0004067 0.0005084 0.0006101 0.0002033 0.0001525 0.0001525 0.0004575 0.0003050 0.0002033 0.0002542 0.0001525 0.0010182 0.0006101 0.0006101 0.0000000 0.0002033 0.0004067 0.0006101 0.0002033 0.0002542 0.0003558 0.0002542 0.0002542 0.0005084 0.0005084 0.0005593 0.0006101 0.0004575 0.0002033 0.0006101 0.0006610 0.0008136 0.0006610 0.0006610 0.0005593 0.0003050 0.0004067 0.0005593 0.0007119 0.0004067 0.0005593 0.0005593 0.0007119 0.0006101 0.0010681 0.0007119 0.0006101 0.0007119 0.0007627 0.0007627 0.0005593 0.0008645 0.0008136 0.0007627 0.0003050 0.0009154 0.0009154 0.0009663 0.0012732 0.0012728 0.0013748 0.0362913 0.0373727 0.0365952 0.0328194 
EBOV_H.sap-wt_SLE_14_Makona-G3789.1_KM233076               1.9683219 1.9745425 1.9897695 2.0312888 2.0312888 1.3674466 1.4217208 0.0303851 0.0303851 0.0306080 0.0308910 0.0023467 0.0013749 0.0014773 0.0013243 0.0015284 0.0003558 0.0001017 0.0002033 0.0005593 0.0008136 0.0003558 0.0004067 0.0004575 0.0004575 0.0003050 0.0004067 0.0005084 0.0001017 0.0000508 0.0000508 0.0003558 0.0002033 0.0001017 0.0002542 0.0001525 0.0010182 0.0006101 0.0006101 0.0002033 0.0000000 0.0003050 0.0005084 0.0001017 0.0001525 0.0002542 0.0001525 0.0001525 0.0004067 0.0004067 0.0004575 0.0005084 0.0003558 0.0001017 0.0005084 0.0005593 0.0007119 0.0005593 0.0005593 0.0004575 0.0002033 0.0003050 0.0004575 0.0006101 0.0003050 0.0004575 0.0004575 0.0006101 0.0005084 0.0009663 0.0006101 0.0005084 0.0006101 0.0006610 0.0006610 0.0004575 0.0007627 0.0007119 0.0006610 0.0002033 0.0008136 0.0008136 0.0008645 0.0011711 0.0011698 0.0012717 0.0361752 0.0372562 0.0364789 0.0327048 
