90
SUDV_H.sap-xx_UGA_12_EboSud-603_KC545390                   0.0000000 0.0000512 1.9769692 1.9849439 1.9977374 2.0222666 2.0188459 2.0226888 2.0233901 2.0228802 2.0200192 2.0198963 2.0225235 2.0184163 2.0184163 2.0214181 2.0151279 2.0177438 2.0191734 2.0229814 2.0206498 2.0203099 2.0203099 2.0189740 2.0178077 2.0228168 2.0194908 2.0235851 2.0235851 2.0204651 2.0179804 2.0200843 2.0229967 2.0194686 2.0198404 2.0224853 2.0218958 2.0211511 2.0189608 2.0194896 2.0234411 2.0234411 2.0163176 2.0225202 2.0220514 2.0204769 2.0189102 2.0218689 2.0221921 2.0193048 2.0193048 2.0210846 2.0198399 2.0204408 2.0218881 2.0211164 2.0218350 2.0211725 2.0196535 2.0196535 2.0203236 2.0209524 2.0218685 2.0203179 2.0195742 2.0199207 2.0200525 2.0200780 2.0202008 2.0206314 2.0193558 2.0207028 2.0199336 2.0197224 2.0196078 2.0207110 2.0200861 2.0199125 2.0199336 2.0199336 1.9972892 1.9963772 1.9963772 1.9972922 2.0070590 2.0073545 2.0119165 2.0112354 2.2755079 2.3024976 
SUDV_H.sap-xx_UGA_12_EboSud-609_KC545391                   0.0000512 0.0000000 1.9775827 1.9855597 1.9983586 2.0244276 2.0210040 2.0248499 2.0255527 2.0250424 2.0221778 2.0220550 2.0246854 2.0205724 2.0205724 2.0235785 2.0172810 2.0198998 2.0213313 2.0251443 2.0228087 2.0224686 2.0224686 2.0211310 2.0199633 2.0249793 2.0216483 2.0257488 2.0257488 2.0226245 2.0201359 2.0222428 2.0251604 2.0216262 2.0219986 2.0246471 2.0240570 2.0233121 2.0211186 2.0216478 2.0256045 2.0256045 2.0184714 2.0246819 2.0242129 2.0226363 2.0210671 2.0240298 2.0243538 2.0214620 2.0214620 2.0232446 2.0219983 2.0225995 2.0240494 2.0232770 2.0239964 2.0233333 2.0218117 2.0218117 2.0224822 2.0231123 2.0240299 2.0224767 2.0217324 2.0220791 2.0222112 2.0222366 2.0223594 2.0227910 2.0215129 2.0228626 2.0220920 2.0218806 2.0217659 2.0228707 2.0222447 2.0220710 2.0220920 2.0220920 1.9994174 1.9985035 1.9985035 1.9994199 2.0091973 2.0094997 2.0140665 2.0133849 2.2780427 2.3050513 
RESTV_S.dom-xx_PHL_08_Reston08-C_FJ621584                  1.9769692 1.9775827 0.0000000 0.0331144 0.0491063 1.9467285 1.9418567 1.9401653 1.9400272 1.9404263 1.9415328 1.9420719 1.9406708 1.9425869 1.9425869 1.9418364 1.9384928 1.9400554 1.9392454 1.9413517 1.9399881 1.9404008 1.9404008 1.9395757 1.9404925 1.9397753 1.9395213 1.9421233 1.9421233 1.9405490 1.9400899 1.9409674 1.9382740 1.9389560 1.9391628 1.9419614 1.9374725 1.9377799 1.9381137 1.9391583 1.9430119 1.9430119 1.9368864 1.9390545 1.9381556 1.9406777 1.9414528 1.9400621 1.9402671 1.9408678 1.9408678 1.9390769 1.9389836 1.9399355 1.9404250 1.9400351 1.9396334 1.9421769 1.9393856 1.9393856 1.9398311 1.9399409 1.9413770 1.9402316 1.9400042 1.9391116 1.9397747 1.9397530 1.9396274 1.9410761 1.9405499 1.9406681 1.9399574 1.9393628 1.9400819 1.9396834 1.9399574 1.9396613 1.9396834 1.9396834 1.9115803 1.9097433 1.9097433 1.9109202 1.9343491 1.9489634 1.9498156 1.9447902 2.1805965 2.1677180 
RESTV_M.fas-tc_USA_89_Philippines89-Pennsylvania_NC_004161 1.9849439 1.9855597 0.0331144 0.0000000 0.0245270 1.9241032 1.9189513 1.9174039 1.9175475 1.9179402 1.9190330 1.9195694 1.9176597 1.9195465 1.9195465 1.9188083 1.9155029 1.9165992 1.9162555 1.9187594 1.9169845 1.9179277 1.9179277 1.9165803 1.9174848 1.9167675 1.9165263 1.9190785 1.9190785 1.9178267 1.9170847 1.9179507 1.9152911 1.9159624 1.9162876 1.9189243 1.9158120 1.9148030 1.9147234 1.9154581 1.9198466 1.9198466 1.9139204 1.9160534 1.9151758 1.9176572 1.9178919 1.9170484 1.9172437 1.9178472 1.9178472 1.9160704 1.9159828 1.9169271 1.9174013 1.9152961 1.9166359 1.9191373 1.9169194 1.9169194 1.9168265 1.9172112 1.9183459 1.9172222 1.9169973 1.9166465 1.9167685 1.9169183 1.9166231 1.9180540 1.9175303 1.9176492 1.9169511 1.9163600 1.9166439 1.9166782 1.9169511 1.9166559 1.9166782 1.9166782 1.8923569 1.8905415 1.8905415 1.8915363 1.9170486 1.9327870 1.9328073 1.9283606 2.1769245 2.1778606 
RESTV_S.dom-tc_PHL_08_Reston08-A_FJ621583                  1.9977374 1.9983586 0.0491063 0.0245270 0.0000000 1.9308269 1.9261008 1.9245427 1.9246877 1.9250830 1.9264371 1.9269751 1.9249271 1.9268258 1.9268258 1.9260827 1.9224648 1.9237357 1.9235033 1.9257372 1.9241227 1.9243623 1.9243623 1.9235455 1.9244551 1.9237367 1.9234914 1.9260624 1.9260624 1.9248008 1.9239276 1.9250505 1.9227880 1.9229262 1.9232540 1.9259056 1.9227768 1.9216339 1.9220917 1.9224175 1.9269484 1.9269484 1.9208728 1.9230196 1.9221342 1.9246316 1.9254050 1.9240199 1.9242184 1.9248220 1.9248220 1.9230382 1.9231185 1.9238967 1.9243763 1.9226679 1.9236018 1.9261198 1.9238880 1.9238880 1.9237949 1.9241834 1.9253245 1.9241927 1.9239667 1.9236144 1.9237373 1.9238870 1.9235911 1.9250295 1.9245043 1.9246231 1.9239202 1.9233271 1.9236119 1.9236465 1.9239202 1.9236243 1.9236465 1.9236465 1.8988043 1.8969800 1.8969800 1.8979801 1.9211396 1.9376661 1.9364074 1.9298296 2.1804130 2.1734234 
EBOV_H.sap-wt_GIN_14_Makona-Gueckedou-EM_080076_KR817235   2.0222666 2.0244276 1.9467285 1.9241032 1.9308269 0.0000000 0.0025016 0.0019890 0.0026554 0.0028604 0.0025005 0.0026029 0.0023990 0.0021424 0.0021424 0.0021937 0.0032705 0.0032182 0.0030648 0.0029109 0.0030129 0.0029106 0.0029106 0.0027567 0.0028595 0.0029629 0.0027055 0.0028621 0.0028621 0.0027055 0.0027570 0.0027053 0.0029629 0.0028595 0.0027577 0.0027569 0.0027575 0.0028597 0.0027570 0.0028597 0.0027059 0.0027059 0.0026548 0.0026543 0.0028086 0.0026029 0.0026033 0.0028080 0.0028083 0.0026543 0.0026543 0.0027056 0.0026029 0.0025517 0.0025520 0.0026034 0.0027059 0.0025008 0.0027054 0.0027054 0.0024493 0.0024497 0.0024496 0.0021423 0.0025518 0.0025518 0.0024494 0.0025005 0.0023982 0.0023983 0.0023987 0.0023984 0.0023470 0.0023470 0.0023470 0.0023470 0.0023470 0.0023470 0.0022958 0.0022958 0.0324810 0.0319705 0.0319705 0.0321954 0.0343110 0.0382371 0.0378147 0.0389056 1.4544212 1.3870473 
EBOV_H.sap-wt_GIN_14_Makona-Gueckedou-EM_079587_KR817202   2.0188459 2.0210040 1.9418567 1.9189513 1.9261008 0.0025016 0.0000000 0.0015287 0.0017846 0.0019890 0.0016305 0.0017326 0.0016311 0.0012733 0.0012733 0.0013244 0.0023981 0.0023462 0.0021931 0.0020396 0.0021415 0.0020394 0.0020394 0.0018859 0.0019884 0.0020912 0.0018349 0.0019902 0.0019902 0.0018349 0.0018861 0.0019369 0.0020912 0.0019884 0.0018866 0.0018861 0.0018865 0.0019885 0.0018862 0.0019885 0.0018351 0.0018351 0.0017841 0.0017838 0.0019375 0.0017326 0.0017328 0.0018349 0.0018351 0.0017838 0.0017838 0.0017328 0.0017326 0.0016815 0.0016818 0.0017329 0.0018351 0.0016307 0.0018348 0.0018348 0.0015794 0.0015797 0.0015796 0.0012732 0.0016816 0.0016816 0.0015795 0.0016305 0.0015284 0.0015285 0.0015287 0.0015286 0.0014773 0.0014774 0.0014774 0.0014774 0.0014773 0.0014773 0.0014263 0.0014263 0.0314573 0.0309485 0.0309485 0.0311727 0.0333929 0.0373059 0.0368853 0.0379728 1.4494823 1.3864835 
EBOV_H.sap-wt_GIN_14_Makona-Gueckedou-EM_079702_KR817210   2.0226888 2.0248499 1.9401653 1.9174039 1.9245427 0.0019890 0.0015287 0.0000000 0.0016820 0.0018863 0.0015280 0.0016301 0.0015286 0.0011710 0.0011710 0.0012220 0.0022952 0.0022433 0.0020903 0.0019369 0.0020388 0.0019367 0.0019367 0.0017833 0.0018857 0.0019885 0.0017323 0.0018874 0.0018874 0.0017323 0.0017835 0.0018343 0.0019885 0.0018857 0.0017840 0.0017834 0.0017839 0.0018858 0.0017836 0.0018859 0.0017325 0.0017325 0.0016815 0.0016812 0.0018349 0.0016301 0.0016303 0.0018345 0.0018346 0.0016812 0.0016812 0.0017324 0.0016301 0.0015790 0.0015792 0.0016304 0.0017325 0.0015282 0.0017322 0.0017322 0.0014770 0.0014772 0.0014771 0.0011709 0.0015791 0.0015791 0.0014770 0.0015280 0.0014260 0.0014260 0.0014263 0.0014261 0.0013749 0.0013750 0.0013750 0.0013750 0.0013749 0.0013749 0.0013239 0.0013239 0.0314501 0.0309414 0.0309414 0.0311655 0.0332729 0.0371836 0.0367633 0.0378503 1.4525781 1.3893029 
EBOV_H.sap-wt_GIN_14_Makona-Gueckedou-EM_079750_KR817213   2.0233901 2.0255527 1.9400272 1.9175475 1.9246877 0.0026554 0.0017846 0.0016820 0.0000000 0.0005084 0.0014775 0.0015796 0.0014780 0.0011204 0.0011204 0.0011714 0.0022448 0.0021929 0.0020398 0.0018864 0.0019883 0.0018862 0.0018862 0.0017328 0.0018352 0.0019380 0.0016818 0.0018369 0.0018369 0.0016817 0.0017330 0.0017838 0.0019380 0.0018352 0.0017334 0.0017329 0.0017333 0.0018353 0.0017330 0.0017331 0.0016820 0.0016820 0.0016310 0.0016307 0.0017844 0.0015796 0.0015798 0.0017840 0.0017841 0.0016307 0.0016307 0.0016819 0.0015796 0.0015285 0.0015287 0.0015798 0.0016820 0.0014776 0.0016817 0.0016817 0.0014264 0.0014266 0.0014266 0.0011203 0.0015285 0.0015285 0.0014264 0.0014775 0.0013754 0.0013755 0.0013757 0.0013755 0.0013244 0.0013244 0.0013244 0.0013244 0.0013244 0.0013244 0.0012733 0.0012733 0.0314048 0.0308961 0.0308961 0.0311203 0.0330048 0.0370265 0.0366063 0.0376932 1.4499684 1.3859159 
EBOV_H.sap-wt_GIN_14_Makona-Gueckedou-EM_079910_KR817221   2.0228802 2.0250424 1.9404263 1.9179402 1.9250830 0.0028604 0.0019890 0.0018863 0.0005084 0.0000000 0.0016817 0.0017838 0.0016823 0.0013244 0.0013244 0.0013755 0.0024495 0.0023975 0.0022444 0.0020909 0.0021928 0.0020907 0.0020907 0.0019372 0.0020397 0.0021425 0.0018861 0.0020415 0.0020415 0.0018861 0.0019374 0.0019882 0.0021425 0.0020396 0.0019379 0.0019373 0.0019378 0.0020398 0.0019374 0.0019375 0.0018864 0.0018864 0.0018354 0.0018350 0.0019888 0.0017838 0.0017841 0.0019884 0.0019886 0.0018350 0.0018350 0.0018862 0.0017838 0.0017327 0.0017330 0.0017842 0.0018864 0.0016819 0.0018861 0.0018861 0.0016306 0.0016308 0.0016308 0.0013243 0.0017328 0.0017328 0.0016306 0.0016817 0.0015796 0.0015797 0.0015799 0.0015797 0.0015285 0.0015285 0.0015285 0.0015285 0.0015285 0.0015285 0.0014775 0.0014775 0.0316272 0.0311182 0.0311182 0.0313425 0.0332283 0.0372527 0.0368321 0.0379196 1.4499983 1.3863551 
EBOV_H.sap-tc_GIN_14_Makona-Gueckedou-C05_KP096420         2.0200192 2.0221778 1.9415328 1.9190330 1.9264371 0.0025005 0.0016305 0.0015280 0.0014775 0.0016817 0.0000000 0.0001017 0.0009154 0.0005593 0.0005593 0.0006101 0.0020903 0.0020385 0.0018855 0.0017323 0.0018341 0.0017321 0.0017321 0.0015788 0.0016812 0.0017838 0.0015279 0.0016827 0.0016827 0.0015278 0.0015790 0.0016298 0.0017838 0.0016811 0.0015794 0.0015790 0.0015793 0.0016813 0.0015791 0.0016813 0.0015281 0.0015281 0.0014771 0.0014768 0.0016303 0.0014257 0.0014259 0.0016300 0.0016301 0.0014768 0.0014768 0.0015279 0.0014257 0.0013747 0.0013749 0.0014260 0.0015281 0.0013239 0.0015278 0.0015278 0.0012727 0.0012729 0.0012729 0.0009663 0.0013748 0.0013748 0.0012728 0.0013237 0.0012208 0.0012218 0.0012220 0.0012219 0.0011698 0.0011698 0.0011698 0.0011698 0.0011698 0.0011698 0.0011189 0.0011189 0.0302701 0.0297635 0.0297635 0.0299868 0.0320333 0.0359282 0.0355101 0.0365931 1.4503349 1.3856583 
EBOV_H.sap-wt_GIN_14_Makona-Kissidougou-C15_KT013254       2.0198963 2.0220550 1.9420719 1.9195694 1.9269751 0.0026029 0.0017326 0.0016301 0.0015796 0.0017838 0.0001017 0.0000000 0.0010172 0.0006610 0.0006610 0.0007119 0.0021925 0.0021407 0.0019877 0.0018344 0.0019363 0.0018342 0.0018342 0.0016809 0.0017833 0.0018860 0.0016299 0.0017849 0.0017849 0.0016299 0.0016811 0.0017319 0.0018859 0.0017832 0.0016815 0.0016810 0.0016814 0.0017834 0.0016811 0.0017834 0.0016301 0.0016301 0.0015792 0.0015789 0.0017324 0.0015278 0.0015280 0.0017321 0.0017322 0.0015789 0.0015789 0.0016300 0.0015278 0.0014767 0.0014769 0.0015280 0.0016301 0.0014259 0.0016299 0.0016299 0.0013747 0.0013749 0.0013749 0.0010681 0.0014768 0.0014768 0.0013747 0.0014257 0.0013237 0.0013238 0.0013240 0.0013239 0.0012727 0.0012727 0.0012727 0.0012727 0.0012727 0.0012727 0.0012208 0.0012208 0.0303808 0.0298740 0.0298740 0.0300973 0.0321445 0.0360407 0.0356224 0.0367057 1.4501977 1.3856583 
EBOV_H.sap-wt_GIN_14_Makona-Macenta-EM_079424_KR817189     2.0225235 2.0246854 1.9406708 1.9176597 1.9249271 0.0023990 0.0016311 0.0015286 0.0014780 0.0016823 0.0009154 0.0010172 0.0000000 0.0005593 0.0005593 0.0003050 0.0020910 0.0020392 0.0018862 0.0017329 0.0018348 0.0017327 0.0017327 0.0015794 0.0016817 0.0017844 0.0015284 0.0016833 0.0016833 0.0015284 0.0015796 0.0016304 0.0017844 0.0016817 0.0015800 0.0015795 0.0015799 0.0016818 0.0015796 0.0016819 0.0015286 0.0015286 0.0014776 0.0014773 0.0016309 0.0014262 0.0014264 0.0016305 0.0016307 0.0014773 0.0014773 0.0015285 0.0014262 0.0013752 0.0013754 0.0014265 0.0015286 0.0013243 0.0015283 0.0015283 0.0012731 0.0012733 0.0012733 0.0009663 0.0013752 0.0013752 0.0012732 0.0013242 0.0012222 0.0012222 0.0012225 0.0012223 0.0011712 0.0011712 0.0011712 0.0011712 0.0011712 0.0011712 0.0011202 0.0011202 0.0305590 0.0300518 0.0300518 0.0302753 0.0322655 0.0361641 0.0357455 0.0368295 1.4500002 1.3851826 
EBOV_H.sap-tc_GIN_14_Makona-Gueckedou-C07_KP096421         2.0184163 2.0205724 1.9425869 1.9195465 1.9268258 0.0021424 0.0012733 0.0011710 0.0011204 0.0013244 0.0005593 0.0006610 0.0005593 0.0000000 0.0000010 0.0002542 0.0017327 0.0016811 0.0015282 0.0013751 0.0014769 0.0013749 0.0013749 0.0012218 0.0013240 0.0014264 0.0011709 0.0013252 0.0013252 0.0011698 0.0012219 0.0012727 0.0014264 0.0013240 0.0012223 0.0012219 0.0012222 0.0013241 0.0012220 0.0013241 0.0011710 0.0011710 0.0011201 0.0011189 0.0012731 0.0010681 0.0010681 0.0012729 0.0012730 0.0011189 0.0011189 0.0011709 0.0010681 0.0010172 0.0010172 0.0010681 0.0011710 0.0009663 0.0011698 0.0011698 0.0009154 0.0009154 0.0009154 0.0006101 0.0010172 0.0010172 0.0009154 0.0009663 0.0008645 0.0008645 0.0008645 0.0008645 0.0008136 0.0008136 0.0008136 0.0008136 0.0008136 0.0008136 0.0007627 0.0007627 0.0304381 0.0299312 0.0299312 0.0301546 0.0322547 0.0361520 0.0357335 0.0368171 1.4505408 1.3863509 
EBOV_H.sap-wt_GIN_14_Makona-Gueckedou-C07_KT013256         2.0184163 2.0205724 1.9425869 1.9195465 1.9268258 0.0021424 0.0012733 0.0011710 0.0011204 0.0013244 0.0005593 0.0006610 0.0005593 0.0000010 0.0000000 0.0002542 0.0017327 0.0016811 0.0015282 0.0013751 0.0014769 0.0013749 0.0013749 0.0012218 0.0013240 0.0014264 0.0011709 0.0013252 0.0013252 0.0011698 0.0012219 0.0012727 0.0014264 0.0013240 0.0012223 0.0012219 0.0012222 0.0013241 0.0012220 0.0013241 0.0011710 0.0011710 0.0011201 0.0011189 0.0012731 0.0010681 0.0010681 0.0012729 0.0012730 0.0011189 0.0011189 0.0011709 0.0010681 0.0010172 0.0010172 0.0010681 0.0011710 0.0009663 0.0011698 0.0011698 0.0009154 0.0009154 0.0009154 0.0006101 0.0010172 0.0010172 0.0009154 0.0009663 0.0008645 0.0008645 0.0008645 0.0008645 0.0008136 0.0008136 0.0008136 0.0008136 0.0008136 0.0008136 0.0007627 0.0007627 0.0304381 0.0299312 0.0299312 0.0301546 0.0322547 0.0361520 0.0357335 0.0368171 1.4505408 1.3863509 
EBOV_H.sap-wt_GIN_14_Makona-Macenta-EM_079422_KR817187     2.0214181 2.0235785 1.9418364 1.9188083 1.9260827 0.0021937 0.0013244 0.0012220 0.0011714 0.0013755 0.0006101 0.0007119 0.0003050 0.0002542 0.0002542 0.0000000 0.0017839 0.0017322 0.0015793 0.0014262 0.0015280 0.0014260 0.0014260 0.0012729 0.0013751 0.0014775 0.0012219 0.0013763 0.0013763 0.0012219 0.0012730 0.0013238 0.0014775 0.0013751 0.0012733 0.0012730 0.0012733 0.0013752 0.0012731 0.0013752 0.0012221 0.0012221 0.0011711 0.0011709 0.0013242 0.0011189 0.0011200 0.0013239 0.0013241 0.0011709 0.0011709 0.0012220 0.0011189 0.0010681 0.0010681 0.0011201 0.0012221 0.0010172 0.0012219 0.0012219 0.0009663 0.0009663 0.0009663 0.0006610 0.0010681 0.0010681 0.0009663 0.0010172 0.0009154 0.0009154 0.0009154 0.0009154 0.0008645 0.0008645 0.0008645 0.0008645 0.0008645 0.0008645 0.0008136 0.0008136 0.0303823 0.0298755 0.0298755 0.0300989 0.0321986 0.0360952 0.0356768 0.0367603 1.4501334 1.3869370 
EBOV_H.sap-wt_SLE_14_Makona-J0150_KP759696                 2.0151279 2.0172810 1.9384928 1.9155029 1.9224648 0.0032705 0.0023981 0.0022952 0.0022448 0.0024495 0.0020903 0.0021925 0.0020910 0.0017327 0.0017327 0.0017839 0.0000000 0.0018860 0.0017330 0.0014776 0.0015795 0.0014775 0.0014775 0.0013243 0.0014265 0.0015291 0.0012733 0.0014277 0.0014277 0.0013753 0.0014265 0.0014773 0.0016312 0.0015286 0.0014269 0.0014264 0.0014268 0.0015287 0.0014265 0.0015287 0.0013755 0.0013755 0.0013246 0.0013243 0.0014778 0.0012732 0.0012734 0.0014774 0.0014776 0.0013243 0.0013243 0.0013754 0.0012732 0.0012222 0.0012224 0.0012735 0.0013755 0.0010692 0.0013753 0.0013753 0.0011202 0.0011204 0.0010182 0.0011202 0.0012222 0.0012223 0.0011202 0.0011712 0.0010692 0.0008645 0.0010695 0.0010694 0.0010183 0.0010183 0.0010183 0.0010183 0.0010183 0.0010183 0.0009673 0.0009673 0.0319012 0.0313918 0.0313918 0.0316162 0.0336675 0.0375298 0.0372225 0.0383110 1.4488419 1.3887357 
EBOV_H.sap-wt_GIN_14_Makona-Macenta-EM_000982_KR817086     2.0177438 2.0198998 1.9400554 1.9165992 1.9237357 0.0032182 0.0023462 0.0022433 0.0021929 0.0023975 0.0020385 0.0021407 0.0020392 0.0016811 0.0016811 0.0017322 0.0018860 0.0000000 0.0016814 0.0014261 0.0015279 0.0014260 0.0014260 0.0012729 0.0013751 0.0014775 0.0012219 0.0014784 0.0014784 0.0013239 0.0013750 0.0014258 0.0015796 0.0012730 0.0013754 0.0013750 0.0013753 0.0014772 0.0013750 0.0013751 0.0013241 0.0013241 0.0012731 0.0012729 0.0014262 0.0012218 0.0012220 0.0014259 0.0014261 0.0012729 0.0012729 0.0013239 0.0011189 0.0011698 0.0011710 0.0012220 0.0013241 0.0011200 0.0013238 0.0013238 0.0010681 0.0010681 0.0010681 0.0010681 0.0011709 0.0011709 0.0010681 0.0011189 0.0010172 0.0010172 0.0010172 0.0010172 0.0008645 0.0009663 0.0009663 0.0009663 0.0009663 0.0009663 0.0009154 0.0009154 0.0318922 0.0313830 0.0313830 0.0316073 0.0337173 0.0373571 0.0370500 0.0381379 1.4488707 1.3871773 
EBOV_H.sap-wt_GIN_14_Makona-Faranah-EM_078415_KR817160     2.0191734 2.0213313 1.9392454 1.9162555 1.9235033 0.0030648 0.0021931 0.0020903 0.0020398 0.0022444 0.0018855 0.0019877 0.0018862 0.0015282 0.0015282 0.0015793 0.0017330 0.0016814 0.0000000 0.0013753 0.0014771 0.0013752 0.0013752 0.0012220 0.0013242 0.0014267 0.0011711 0.0013254 0.0013254 0.0011711 0.0012222 0.0007627 0.0014267 0.0013242 0.0012225 0.0012221 0.0012224 0.0013243 0.0012222 0.0013243 0.0009673 0.0009673 0.0011203 0.0009154 0.0012734 0.0007627 0.0010692 0.0012731 0.0012732 0.0011201 0.0011201 0.0011711 0.0010681 0.0008136 0.0010182 0.0010692 0.0011712 0.0009663 0.0011710 0.0011710 0.0009154 0.0009154 0.0009154 0.0009154 0.0010172 0.0010172 0.0009154 0.0009663 0.0008645 0.0008645 0.0008645 0.0008645 0.0008136 0.0008136 0.0008136 0.0008136 0.0008136 0.0008136 0.0007627 0.0007627 0.0317303 0.0312213 0.0312213 0.0314456 0.0335548 0.0373553 0.0369889 0.0380766 1.4519954 1.3885311 
EBOV_H.sap-wt_GIN_14_Makona-Macenta-EM_076322_KR817145     2.0229814 2.0251443 1.9413517 1.9187594 1.9257372 0.0029109 0.0020396 0.0019369 0.0018864 0.0020909 0.0017323 0.0018344 0.0017329 0.0013751 0.0013751 0.0014262 0.0014776 0.0014261 0.0013753 0.0000000 0.0008136 0.0007119 0.0007119 0.0005593 0.0006610 0.0007627 0.0005084 0.0011722 0.0011722 0.0010172 0.0010692 0.0011200 0.0012735 0.0010692 0.0010694 0.0010691 0.0010694 0.0011712 0.0010692 0.0010693 0.0010182 0.0010182 0.0009673 0.0009663 0.0011203 0.0009154 0.0009154 0.0011201 0.0011202 0.0009663 0.0009663 0.0010172 0.0008136 0.0008645 0.0008645 0.0009154 0.0010182 0.0008136 0.0010172 0.0010172 0.0007627 0.0007627 0.0007627 0.0007627 0.0008645 0.0008645 0.0007627 0.0008136 0.0007119 0.0007119 0.0007119 0.0007119 0.0005593 0.0006610 0.0006610 0.0006610 0.0006610 0.0006610 0.0006101 0.0006101 0.0315629 0.0310541 0.0310541 0.0312783 0.0333865 0.0370186 0.0368782 0.0379656 1.4504870 1.3864273 
EBOV_H.sap-wt_GIN_14_Makona-Nzerekore-EM_074437_KR817117   2.0206498 2.0228087 1.9399881 1.9169845 1.9241227 0.0030129 0.0021415 0.0020388 0.0019883 0.0021928 0.0018341 0.0019363 0.0018348 0.0014769 0.0014769 0.0015280 0.0015795 0.0015279 0.0014771 0.0008136 0.0000000 0.0008136 0.0008136 0.0006610 0.0007627 0.0006610 0.0004067 0.0012741 0.0012741 0.0011189 0.0011709 0.0012208 0.0013754 0.0011710 0.0011712 0.0011709 0.0011712 0.0012731 0.0011710 0.0011711 0.0011200 0.0011200 0.0010691 0.0010681 0.0012221 0.0010172 0.0010172 0.0012219 0.0012220 0.0010681 0.0010681 0.0011189 0.0009154 0.0009663 0.0009663 0.0010172 0.0011200 0.0009154 0.0011189 0.0011189 0.0008645 0.0008645 0.0008645 0.0008645 0.0009663 0.0009663 0.0008645 0.0009154 0.0008136 0.0008136 0.0008136 0.0008136 0.0006610 0.0007627 0.0007627 0.0007627 0.0007627 0.0007627 0.0007119 0.0007119 0.0316684 0.0311595 0.0311595 0.0313837 0.0334922 0.0371248 0.0369843 0.0380718 1.4483946 1.3869077 
EBOV_H.sap-wt_GIN_15_Makona-Faranah-EM_004503_KR817102     2.0203099 2.0224686 1.9404008 1.9179277 1.9243623 0.0029106 0.0020394 0.0019367 0.0018862 0.0020907 0.0017321 0.0018342 0.0017327 0.0013749 0.0013749 0.0014260 0.0014775 0.0014260 0.0013752 0.0007119 0.0008136 0.0000000 0.0000010 0.0003558 0.0004575 0.0007627 0.0005084 0.0011721 0.0011721 0.0010172 0.0010681 0.0011189 0.0012734 0.0010691 0.0010693 0.0010681 0.0010693 0.0011711 0.0010691 0.0010692 0.0010172 0.0010172 0.0009663 0.0009663 0.0011202 0.0009154 0.0009154 0.0011200 0.0011201 0.0009663 0.0009663 0.0010172 0.0008136 0.0008645 0.0008645 0.0009154 0.0010172 0.0008136 0.0010172 0.0010172 0.0007627 0.0007627 0.0007627 0.0007627 0.0008645 0.0008645 0.0007627 0.0008136 0.0007119 0.0007119 0.0007119 0.0007119 0.0005593 0.0006610 0.0006610 0.0006610 0.0006610 0.0006610 0.0006101 0.0006101 0.0313364 0.0308280 0.0308280 0.0310520 0.0331584 0.0367876 0.0366474 0.0377340 1.4501004 1.3866367 
EBOV_H.sap-wt_GIN_15_Makona-Kissidougou-EM_004555_KR817103 2.0203099 2.0224686 1.9404008 1.9179277 1.9243623 0.0029106 0.0020394 0.0019367 0.0018862 0.0020907 0.0017321 0.0018342 0.0017327 0.0013749 0.0013749 0.0014260 0.0014775 0.0014260 0.0013752 0.0007119 0.0008136 0.0000010 0.0000000 0.0003558 0.0004575 0.0007627 0.0005084 0.0011721 0.0011721 0.0010172 0.0010681 0.0011189 0.0012734 0.0010691 0.0010693 0.0010681 0.0010693 0.0011711 0.0010691 0.0010692 0.0010172 0.0010172 0.0009663 0.0009663 0.0011202 0.0009154 0.0009154 0.0011200 0.0011201 0.0009663 0.0009663 0.0010172 0.0008136 0.0008645 0.0008645 0.0009154 0.0010172 0.0008136 0.0010172 0.0010172 0.0007627 0.0007627 0.0007627 0.0007627 0.0008645 0.0008645 0.0007627 0.0008136 0.0007119 0.0007119 0.0007119 0.0007119 0.0005593 0.0006610 0.0006610 0.0006610 0.0006610 0.0006610 0.0006101 0.0006101 0.0313364 0.0308280 0.0308280 0.0310520 0.0331584 0.0367876 0.0366474 0.0377340 1.4501004 1.3866367 
EBOV_H.sap-wt_LBR_14_Makona-Foya-EM_074353_KR817112        2.0189740 2.0211310 1.9395757 1.9165803 1.9235455 0.0027567 0.0018859 0.0017833 0.0017328 0.0019372 0.0015788 0.0016809 0.0015794 0.0012218 0.0012218 0.0012729 0.0013243 0.0012729 0.0012220 0.0005593 0.0006610 0.0003558 0.0003558 0.0000000 0.0003050 0.0006101 0.0003558 0.0010190 0.0010190 0.0008645 0.0009154 0.0009663 0.0011203 0.0009154 0.0009154 0.0009154 0.0009154 0.0010172 0.0009154 0.0009154 0.0008645 0.0008645 0.0008136 0.0008136 0.0009663 0.0007627 0.0007627 0.0009663 0.0009663 0.0008136 0.0008136 0.0008645 0.0006610 0.0007119 0.0007119 0.0007627 0.0008645 0.0006610 0.0008645 0.0008645 0.0006101 0.0006101 0.0006101 0.0006101 0.0007119 0.0007119 0.0006101 0.0006610 0.0005593 0.0005593 0.0005593 0.0005593 0.0004067 0.0005084 0.0005084 0.0005084 0.0005084 0.0005084 0.0004575 0.0004575 0.0313899 0.0308815 0.0308815 0.0311055 0.0332121 0.0368416 0.0367014 0.0377881 1.4511188 1.3875041 
EBOV_H.sap-wt_LBR_14_Makona-Foya-EM_074350_KR817109        2.0178077 2.0199633 1.9404925 1.9174848 1.9244551 0.0028595 0.0019884 0.0018857 0.0018352 0.0020397 0.0016812 0.0017833 0.0016817 0.0013240 0.0013240 0.0013751 0.0014265 0.0013751 0.0013242 0.0006610 0.0007627 0.0004575 0.0004575 0.0003050 0.0000000 0.0007119 0.0004575 0.0011212 0.0011212 0.0009663 0.0010172 0.0010681 0.0012225 0.0010182 0.0010184 0.0010172 0.0010183 0.0011202 0.0010182 0.0010183 0.0009663 0.0009663 0.0009154 0.0009154 0.0010693 0.0008645 0.0008645 0.0010691 0.0010692 0.0009154 0.0009154 0.0009663 0.0007627 0.0008136 0.0008136 0.0008645 0.0009663 0.0007627 0.0009663 0.0009663 0.0007119 0.0007119 0.0007119 0.0007119 0.0008136 0.0008136 0.0007119 0.0007627 0.0006610 0.0006610 0.0006610 0.0006610 0.0005084 0.0006101 0.0006101 0.0006101 0.0006101 0.0006101 0.0005593 0.0005593 0.0315055 0.0309969 0.0309969 0.0312210 0.0333286 0.0369599 0.0368195 0.0379067 1.4498853 1.3865246 
EBOV_H.sap-wt_LBR_14_Makona-Foya-EM_074720_KR817125        2.0228168 2.0249793 1.9397753 1.9167675 1.9237367 0.0029629 0.0020912 0.0019885 0.0019380 0.0021425 0.0017838 0.0018860 0.0017844 0.0014264 0.0014264 0.0014775 0.0015291 0.0014775 0.0014267 0.0007627 0.0006610 0.0007627 0.0007627 0.0006101 0.0007119 0.0000000 0.0003558 0.0012236 0.0012236 0.0010693 0.0011204 0.0011712 0.0013249 0.0011204 0.0011207 0.0011204 0.0011206 0.0012226 0.0011205 0.0011205 0.0010695 0.0010695 0.0010185 0.0010184 0.0011716 0.0009673 0.0009674 0.0011714 0.0011715 0.0010184 0.0010184 0.0010694 0.0008645 0.0009154 0.0009165 0.0009675 0.0010695 0.0008645 0.0010693 0.0010693 0.0008136 0.0008136 0.0008136 0.0008136 0.0009154 0.0009154 0.0008136 0.0008645 0.0007627 0.0007627 0.0007627 0.0007627 0.0006101 0.0007119 0.0007119 0.0007119 0.0007119 0.0007119 0.0006610 0.0006610 0.0316257 0.0311167 0.0311167 0.0313410 0.0334499 0.0370835 0.0369430 0.0380307 1.4495075 1.3880896 
EBOV_H.sap-wt_LBR_14_Makona-EM_080065_KR817232             2.0194908 2.0216483 1.9395213 1.9165263 1.9234914 0.0027055 0.0018349 0.0017323 0.0016818 0.0018861 0.0015279 0.0016299 0.0015284 0.0011709 0.0011709 0.0012219 0.0012733 0.0012219 0.0011711 0.0005084 0.0004067 0.0005084 0.0005084 0.0003558 0.0004575 0.0003558 0.0000000 0.0009680 0.0009680 0.0008136 0.0008645 0.0009154 0.0010693 0.0008645 0.0008645 0.0008645 0.0008645 0.0009663 0.0008645 0.0008645 0.0008136 0.0008136 0.0007627 0.0007627 0.0009154 0.0007119 0.0007119 0.0009154 0.0009154 0.0007627 0.0007627 0.0008136 0.0006101 0.0006610 0.0006610 0.0007119 0.0008136 0.0006101 0.0008136 0.0008136 0.0005593 0.0005593 0.0005593 0.0005593 0.0006610 0.0006610 0.0005593 0.0006101 0.0005084 0.0005084 0.0005084 0.0005084 0.0003558 0.0004575 0.0004575 0.0004575 0.0004575 0.0004575 0.0004067 0.0004067 0.0313353 0.0308270 0.0308270 0.0310509 0.0331573 0.0367863 0.0366461 0.0377327 1.4505320 1.3877959 
EBOV_H.sap-wt_SLE_14_Makona-J0171_KP759707                 2.0235851 2.0257488 1.9421233 1.9190785 1.9260624 0.0028621 0.0019902 0.0018874 0.0018369 0.0020415 0.0016827 0.0017849 0.0016833 0.0013252 0.0013252 0.0013763 0.0014277 0.0014784 0.0013254 0.0011722 0.0012741 0.0011721 0.0011721 0.0010190 0.0011212 0.0012236 0.0009680 0.0000000 0.0000010 0.0009680 0.0010191 0.0010699 0.0012236 0.0011211 0.0010193 0.0010190 0.0010193 0.0011212 0.0010191 0.0011212 0.0009681 0.0009681 0.0009171 0.0009170 0.0010703 0.0008659 0.0008660 0.0010700 0.0010701 0.0009170 0.0009170 0.0009680 0.0008659 0.0008149 0.0008150 0.0008661 0.0009681 0.0006620 0.0009679 0.0009679 0.0007130 0.0007131 0.0006101 0.0007130 0.0008150 0.0008150 0.0007130 0.0007639 0.0006620 0.0005593 0.0006622 0.0006621 0.0006101 0.0006101 0.0006101 0.0006101 0.0006101 0.0006101 0.0005593 0.0005593 0.0315343 0.0310251 0.0310251 0.0312494 0.0333590 0.0371601 0.0368531 0.0379412 1.4511203 1.3921728 
EBOV_H.sap-wt_SLE_14_Makona-J0174_KP759708                 2.0235851 2.0257488 1.9421233 1.9190785 1.9260624 0.0028621 0.0019902 0.0018874 0.0018369 0.0020415 0.0016827 0.0017849 0.0016833 0.0013252 0.0013252 0.0013763 0.0014277 0.0014784 0.0013254 0.0011722 0.0012741 0.0011721 0.0011721 0.0010190 0.0011212 0.0012236 0.0009680 0.0000010 0.0000000 0.0009680 0.0010191 0.0010699 0.0012236 0.0011211 0.0010193 0.0010190 0.0010193 0.0011212 0.0010191 0.0011212 0.0009681 0.0009681 0.0009171 0.0009170 0.0010703 0.0008659 0.0008660 0.0010700 0.0010701 0.0009170 0.0009170 0.0009680 0.0008659 0.0008149 0.0008150 0.0008661 0.0009681 0.0006620 0.0009679 0.0009679 0.0007130 0.0007131 0.0006101 0.0007130 0.0008150 0.0008150 0.0007130 0.0007639 0.0006620 0.0005593 0.0006622 0.0006621 0.0006101 0.0006101 0.0006101 0.0006101 0.0006101 0.0006101 0.0005593 0.0005593 0.0315343 0.0310251 0.0310251 0.0312494 0.0333590 0.0371601 0.0368531 0.0379412 1.4511203 1.3921728 
EBOV_H.sap-wt_SLE_14_Makona-J0117_KP759665                 2.0204651 2.0226245 1.9405490 1.9178267 1.9248008 0.0027055 0.0018349 0.0017323 0.0016817 0.0018861 0.0015278 0.0016299 0.0015284 0.0011698 0.0011698 0.0012219 0.0013753 0.0013239 0.0011711 0.0010172 0.0011189 0.0010172 0.0010172 0.0008645 0.0009663 0.0010693 0.0008136 0.0009680 0.0009680 0.0000000 0.0003558 0.0009154 0.0009674 0.0009663 0.0008645 0.0008645 0.0007627 0.0008645 0.0008645 0.0008645 0.0008136 0.0008136 0.0007627 0.0007627 0.0008136 0.0007119 0.0007119 0.0008136 0.0008136 0.0004575 0.0004575 0.0007119 0.0007119 0.0006610 0.0006610 0.0006101 0.0007119 0.0006101 0.0007119 0.0007119 0.0005593 0.0005593 0.0005593 0.0005593 0.0005593 0.0005593 0.0004575 0.0006101 0.0005084 0.0005084 0.0005084 0.0005084 0.0004575 0.0004575 0.0004575 0.0004575 0.0004575 0.0003558 0.0004067 0.0004067 0.0313345 0.0308262 0.0308262 0.0310502 0.0331564 0.0369516 0.0366452 0.0377317 1.4499508 1.3875483 
EBOV_H.sap-wt_SLE_14_Makona-Kenema-G5685_1_KR105317        2.0179804 2.0201359 1.9400899 1.9170847 1.9239276 0.0027570 0.0018861 0.0017835 0.0017330 0.0019374 0.0015790 0.0016811 0.0015796 0.0012219 0.0012219 0.0012730 0.0014265 0.0013750 0.0012222 0.0010692 0.0011709 0.0010681 0.0010681 0.0009154 0.0010172 0.0011204 0.0008645 0.0010191 0.0010191 0.0003558 0.0000000 0.0009663 0.0010184 0.0010172 0.0009164 0.0009154 0.0008136 0.0009154 0.0009154 0.0009154 0.0008645 0.0008645 0.0008136 0.0008136 0.0008645 0.0007627 0.0007627 0.0008645 0.0008645 0.0005084 0.0005084 0.0007627 0.0007627 0.0007119 0.0007119 0.0006610 0.0007627 0.0006610 0.0007627 0.0007627 0.0006101 0.0006101 0.0006101 0.0006101 0.0006101 0.0006101 0.0005084 0.0006610 0.0005593 0.0005593 0.0005593 0.0005593 0.0005084 0.0005084 0.0005084 0.0005084 0.0005084 0.0004067 0.0004575 0.0004575 0.0313932 0.0308847 0.0308847 0.0311088 0.0332156 0.0370118 0.0367053 0.0377921 1.4511168 1.3880018 
EBOV_H.sap-wt_GIN_14_Makona-Kankan-EM_078639_KR817166      2.0200843 2.0222428 1.9409674 1.9179507 1.9250505 0.0027053 0.0019369 0.0018343 0.0017838 0.0019882 0.0016298 0.0017319 0.0016304 0.0012727 0.0012727 0.0013238 0.0014773 0.0014258 0.0007627 0.0011200 0.0012208 0.0011189 0.0011189 0.0009663 0.0010681 0.0011712 0.0009154 0.0010699 0.0010699 0.0009154 0.0009663 0.0000000 0.0011712 0.0010681 0.0009663 0.0009663 0.0009663 0.0010681 0.0009663 0.0010681 0.0007119 0.0007119 0.0008645 0.0006610 0.0010172 0.0005084 0.0008136 0.0010172 0.0010172 0.0008645 0.0008645 0.0009154 0.0008136 0.0005593 0.0007627 0.0008136 0.0009154 0.0007119 0.0009154 0.0009154 0.0006610 0.0006610 0.0006610 0.0006610 0.0007627 0.0007627 0.0006610 0.0007119 0.0006101 0.0006101 0.0006101 0.0006101 0.0005593 0.0005593 0.0005593 0.0005593 0.0005593 0.0005593 0.0005084 0.0005084 0.0313326 0.0308243 0.0308243 0.0310482 0.0331544 0.0369493 0.0365836 0.0376698 1.4517783 1.3883115 
EBOV_H.sap-wt_SLE_14_Makona-J0128_KP759677                 2.0229967 2.0251604 1.9382740 1.9152911 1.9227880 0.0029629 0.0020912 0.0019885 0.0019380 0.0021425 0.0017838 0.0018859 0.0017844 0.0014264 0.0014264 0.0014775 0.0016312 0.0015796 0.0014267 0.0012735 0.0013754 0.0012734 0.0012734 0.0011203 0.0012225 0.0013249 0.0010693 0.0012236 0.0012236 0.0009674 0.0010184 0.0011712 0.0000000 0.0012225 0.0011207 0.0011204 0.0009167 0.0009165 0.0011205 0.0009166 0.0010695 0.0010695 0.0010185 0.0010183 0.0008656 0.0009673 0.0009674 0.0008645 0.0008655 0.0009164 0.0009164 0.0007627 0.0009673 0.0009154 0.0009165 0.0008655 0.0007627 0.0008645 0.0007627 0.0007627 0.0008136 0.0008136 0.0008136 0.0008136 0.0006101 0.0006101 0.0005084 0.0008645 0.0007627 0.0007627 0.0007627 0.0007627 0.0007119 0.0007119 0.0007119 0.0007119 0.0007119 0.0006101 0.0006610 0.0006610 0.0315139 0.0310051 0.0310051 0.0312293 0.0333375 0.0371361 0.0368294 0.0379168 1.4522256 1.3886635 
EBOV_H.sap-wt_GIN_14_Makona-Gueckedou-EM_076138_KR817140   2.0194686 2.0216262 1.9389560 1.9159624 1.9229262 0.0028595 0.0019884 0.0018857 0.0018352 0.0020396 0.0016811 0.0017832 0.0016817 0.0013240 0.0013240 0.0013751 0.0015286 0.0012730 0.0013242 0.0010692 0.0011710 0.0010691 0.0010691 0.0009154 0.0010182 0.0011204 0.0008645 0.0011211 0.0011211 0.0009663 0.0010172 0.0010681 0.0012225 0.0000000 0.0010184 0.0010172 0.0010183 0.0011202 0.0010172 0.0010182 0.0009663 0.0009663 0.0009154 0.0009154 0.0010693 0.0008645 0.0008645 0.0010681 0.0010691 0.0009154 0.0009154 0.0009663 0.0007627 0.0008136 0.0008136 0.0008645 0.0009663 0.0007627 0.0009663 0.0009663 0.0007119 0.0007119 0.0007119 0.0007119 0.0008136 0.0008136 0.0007119 0.0007627 0.0006610 0.0006610 0.0006610 0.0006610 0.0005084 0.0006101 0.0006101 0.0006101 0.0006101 0.0006101 0.0005593 0.0005593 0.0315054 0.0309968 0.0309968 0.0312209 0.0333285 0.0371262 0.0368195 0.0379067 1.4495972 1.3868410 
EBOV_H.sap-wt_SLE_14_Makona-G5640_1_KR105313               2.0198404 2.0219986 1.9391628 1.9162876 1.9232540 0.0027577 0.0018866 0.0017840 0.0017334 0.0019379 0.0015794 0.0016815 0.0015800 0.0012223 0.0012223 0.0012733 0.0014269 0.0013754 0.0012225 0.0010694 0.0011712 0.0010693 0.0010693 0.0009154 0.0010184 0.0011207 0.0008645 0.0010193 0.0010193 0.0008645 0.0009164 0.0009663 0.0011207 0.0010184 0.0000000 0.0009164 0.0009166 0.0010185 0.0009164 0.0010185 0.0008655 0.0008655 0.0008136 0.0008136 0.0009675 0.0007627 0.0007627 0.0009673 0.0009674 0.0008136 0.0008136 0.0008645 0.0007627 0.0007119 0.0007119 0.0007627 0.0008645 0.0006610 0.0008645 0.0008645 0.0006101 0.0006101 0.0006101 0.0006101 0.0007119 0.0007119 0.0006101 0.0006610 0.0005593 0.0005593 0.0005593 0.0005593 0.0005084 0.0005084 0.0005084 0.0005084 0.0005084 0.0005084 0.0004575 0.0004575 0.0314014 0.0308928 0.0308928 0.0311169 0.0332243 0.0370216 0.0367150 0.0378020 1.4504427 1.3890887 
EBOV_H.sap-wt_LBR_15_Makona-Liberia-DQE6_KR075000          2.0224853 2.0246471 1.9419614 1.9189243 1.9259056 0.0027569 0.0018861 0.0017834 0.0017329 0.0019373 0.0015790 0.0016810 0.0015795 0.0012219 0.0012219 0.0012730 0.0014264 0.0013750 0.0012221 0.0010691 0.0011709 0.0010681 0.0010681 0.0009154 0.0010172 0.0011204 0.0008645 0.0010190 0.0010190 0.0008645 0.0009154 0.0009663 0.0011204 0.0010172 0.0009164 0.0000000 0.0009154 0.0010182 0.0009154 0.0010182 0.0008645 0.0008645 0.0008136 0.0008136 0.0009663 0.0007627 0.0007627 0.0009663 0.0009663 0.0008136 0.0008136 0.0008645 0.0007627 0.0007119 0.0007119 0.0007627 0.0008645 0.0006610 0.0008645 0.0008645 0.0006101 0.0006101 0.0006101 0.0006101 0.0007119 0.0007119 0.0006101 0.0006610 0.0005593 0.0005593 0.0005593 0.0005593 0.0005084 0.0005084 0.0005084 0.0005084 0.0005084 0.0005084 0.0004575 0.0004575 0.0313926 0.0308841 0.0308841 0.0311081 0.0332150 0.0370111 0.0367046 0.0377913 1.4502900 1.3880094 
EBOV_H.sap-wt_SLE_14_Makona-Kailahun-G4255_1_KR105226      2.0218958 2.0240570 1.9374725 1.9158120 1.9227768 0.0027575 0.0018865 0.0017839 0.0017333 0.0019378 0.0015793 0.0016814 0.0015799 0.0012222 0.0012222 0.0012733 0.0014268 0.0013753 0.0012224 0.0010694 0.0011712 0.0010693 0.0010693 0.0009154 0.0010183 0.0011206 0.0008645 0.0010193 0.0010193 0.0007627 0.0008136 0.0009663 0.0009167 0.0010183 0.0009166 0.0009154 0.0000000 0.0008136 0.0009164 0.0008136 0.0008645 0.0008645 0.0008136 0.0008136 0.0007627 0.0007627 0.0007627 0.0007627 0.0007627 0.0007119 0.0007119 0.0006610 0.0007627 0.0007119 0.0007119 0.0006610 0.0006610 0.0006610 0.0006610 0.0006610 0.0006101 0.0006101 0.0006101 0.0006101 0.0005084 0.0005084 0.0004067 0.0006610 0.0005593 0.0005593 0.0005593 0.0005593 0.0005084 0.0005084 0.0005084 0.0005084 0.0005084 0.0004067 0.0004575 0.0004575 0.0314001 0.0308914 0.0308914 0.0311155 0.0332229 0.0370200 0.0367134 0.0378004 1.4496318 1.3863449 
EBOV_H.sap-wt_SLE_14_Makona-G4994_1_KR105289               2.0211511 2.0233121 1.9377799 1.9148030 1.9216339 0.0028597 0.0019885 0.0018858 0.0018353 0.0020398 0.0016813 0.0017834 0.0016818 0.0013241 0.0013241 0.0013752 0.0015287 0.0014772 0.0013243 0.0011712 0.0012731 0.0011711 0.0011711 0.0010172 0.0011202 0.0012226 0.0009663 0.0011212 0.0011212 0.0008645 0.0009154 0.0010681 0.0009165 0.0011202 0.0010185 0.0010182 0.0008136 0.0000000 0.0010182 0.0008136 0.0009673 0.0009673 0.0009154 0.0009154 0.0007627 0.0008645 0.0008645 0.0007627 0.0007627 0.0008136 0.0008136 0.0006610 0.0008645 0.0008136 0.0008136 0.0007627 0.0006610 0.0007627 0.0006610 0.0006610 0.0007119 0.0007119 0.0007119 0.0007119 0.0005084 0.0005084 0.0004067 0.0007627 0.0006610 0.0006610 0.0006610 0.0006610 0.0006101 0.0006101 0.0006101 0.0006101 0.0006101 0.0005084 0.0005593 0.0005593 0.0314542 0.0309455 0.0309455 0.0311697 0.0332773 0.0370748 0.0367681 0.0378553 1.4507528 1.3870380 
EBOV_H.sap-wt_SLE_14_Makona-G4973_1_KR105286               2.0189608 2.0211186 1.9381137 1.9147234 1.9220917 0.0027570 0.0018862 0.0017836 0.0017330 0.0019374 0.0015791 0.0016811 0.0015796 0.0012220 0.0012220 0.0012731 0.0014265 0.0013750 0.0012222 0.0010692 0.0011710 0.0010691 0.0010691 0.0009154 0.0010182 0.0011205 0.0008645 0.0010191 0.0010191 0.0008645 0.0009154 0.0009663 0.0011205 0.0010172 0.0009164 0.0009154 0.0009164 0.0010182 0.0000000 0.0010182 0.0008645 0.0008645 0.0004067 0.0008136 0.0009673 0.0007627 0.0007627 0.0009663 0.0009663 0.0008136 0.0008136 0.0008645 0.0007627 0.0007119 0.0007119 0.0007627 0.0008645 0.0006610 0.0008645 0.0008645 0.0006101 0.0006101 0.0006101 0.0006101 0.0007119 0.0007119 0.0006101 0.0006610 0.0005593 0.0005593 0.0005593 0.0005593 0.0005084 0.0005084 0.0005084 0.0005084 0.0005084 0.0005084 0.0004575 0.0004575 0.0313943 0.0308858 0.0308858 0.0311099 0.0332168 0.0370131 0.0367066 0.0377934 1.4511517 1.3891402 
EBOV_H.sap-wt_SLE_14_Makona-Kenema-G5039_1_KR105295        2.0194896 2.0216478 1.9391583 1.9154581 1.9224175 0.0028597 0.0019885 0.0018859 0.0017331 0.0019375 0.0016813 0.0017834 0.0016819 0.0013241 0.0013241 0.0013752 0.0015287 0.0013751 0.0013243 0.0010693 0.0011711 0.0010692 0.0010692 0.0009154 0.0010183 0.0011205 0.0008645 0.0011212 0.0011212 0.0008645 0.0009154 0.0010681 0.0009166 0.0010182 0.0010185 0.0010182 0.0008136 0.0008136 0.0010182 0.0000000 0.0009673 0.0009673 0.0009154 0.0009154 0.0007627 0.0008645 0.0008645 0.0007627 0.0007627 0.0008136 0.0008136 0.0006610 0.0007627 0.0008136 0.0008136 0.0007627 0.0006610 0.0007627 0.0006610 0.0006610 0.0007119 0.0007119 0.0007119 0.0007119 0.0005084 0.0005084 0.0004067 0.0007627 0.0006610 0.0006610 0.0006610 0.0006610 0.0005084 0.0006101 0.0006101 0.0006101 0.0006101 0.0005084 0.0005593 0.0005593 0.0314468 0.0309382 0.0309382 0.0311623 0.0332694 0.0370163 0.0367595 0.0378464 1.4522800 1.3874768 
EBOV_H.sap-wt_GIN_14_Makona-Kissidougou-EM_078694_KR817171 2.0234411 2.0256045 1.9430119 1.9198466 1.9269484 0.0027059 0.0018351 0.0017325 0.0016820 0.0018864 0.0015281 0.0016301 0.0015286 0.0011710 0.0011710 0.0012221 0.0013755 0.0013241 0.0009673 0.0010182 0.0011200 0.0010172 0.0010172 0.0008645 0.0009663 0.0010695 0.0008136 0.0009681 0.0009681 0.0008136 0.0008645 0.0007119 0.0010695 0.0009663 0.0008655 0.0008645 0.0008645 0.0009673 0.0008645 0.0009673 0.0000000 0.0000010 0.0007627 0.0005593 0.0009154 0.0005084 0.0007119 0.0009154 0.0009154 0.0007627 0.0007627 0.0008136 0.0007119 0.0004575 0.0006610 0.0007119 0.0008136 0.0006101 0.0008136 0.0008136 0.0005593 0.0005593 0.0005593 0.0005593 0.0006610 0.0006610 0.0005593 0.0006101 0.0005084 0.0005084 0.0005084 0.0005084 0.0004575 0.0004575 0.0004575 0.0004575 0.0004575 0.0004575 0.0004067 0.0004067 0.0313401 0.0308316 0.0308316 0.0310556 0.0331623 0.0369092 0.0365434 0.0376299 1.4516786 1.3888562 
