100
02A1.GH.97.97GH_AG2.AB052867           0.0000000 0.3394427 0.3412320 0.3629923 0.3605745 0.4334266 0.3886826 0.4135305 0.4464729 0.5555378 0.5375492 0.5395038 0.5137401 0.5138364 0.5578461 0.4757346 0.5422859 0.5414914 0.5587106 0.6167648 0.6056309 0.6602549 0.6504385 0.6673480 0.6271640 0.6485316 0.7554609 0.8282283 0.4547306 0.5960860 0.4948006 0.5216541 0.5829364 0.6142348 0.6406266 0.7672075 0.8213326 0.5392224 0.7596611 0.7705330 0.7490539 0.7772920 0.7222162 0.7773073 0.7831375 0.7871294 0.7769070 0.7946474 0.7227539 0.7565920 0.7408669 0.7957886 0.7593515 0.8022708 0.8098698 0.7990930 0.8304885 0.7557721 0.8148899 0.7177035 0.7871916 0.8119356 0.8338733 0.8194175 0.8266294 0.8089702 0.7875135 0.8066382 0.8273847 0.8081859 0.7916650 0.8758945 0.8632685 0.7160357 0.6860563 0.6275863 0.6228296 0.7851995 0.7943893 0.8428224 0.8321353 0.8595960 0.8131587 0.7897736 0.8824025 0.8521040 0.8509552 0.8035659 0.7977624 0.8212513 0.8891551 0.8979147 0.9648906 0.9207100 1.0531720 0.7682834 1.7996945 1.7970053 1.9104611 2.4863830 
02_AG.CM.02.02CM_3217MN.GU201514       0.3394427 0.0000000 0.2598074 0.2814271 0.4082364 0.3594208 0.4031480 0.4295529 0.4604754 0.5722084 0.5531600 0.5715313 0.5310878 0.5306409 0.5631681 0.5195989 0.5482255 0.5645930 0.5556258 0.6180471 0.6187133 0.6611338 0.6583999 0.6616305 0.6466589 0.6458038 0.7502055 0.8303275 0.4855342 0.6178271 0.5227018 0.5404683 0.5990429 0.6400239 0.6418203 0.7770005 0.8610769 0.5389771 0.7817520 0.7993616 0.7751298 0.7851615 0.7360722 0.8139253 0.8070532 0.8362230 0.7916243 0.7943511 0.7528847 0.7873019 0.7570880 0.8304793 0.8020186 0.8127927 0.8510716 0.8515470 0.8438667 0.7668275 0.8322125 0.7390897 0.7943887 0.8317933 0.8599768 0.8247319 0.8448163 0.8253085 0.8240220 0.8414313 0.8379536 0.8285224 0.8378041 0.8772481 0.8612414 0.7442119 0.7084217 0.6691045 0.6419781 0.8388279 0.8157386 0.8649176 0.8472139 0.8826909 0.8249898 0.8194957 0.8979058 0.8848894 0.8570340 0.7969301 0.8155436 0.8402622 0.8865324 0.9062806 0.9661402 0.9290306 1.0894925 0.7912726 1.8125318 1.8303033 1.8868947 2.4962939 
02_AG.GW.04.CC_0030.FJ694791           0.3412320 0.2598074 0.0000000 0.2886208 0.4087553 0.3598575 0.4091332 0.4377327 0.4767679 0.5735221 0.5609822 0.5738588 0.5426471 0.5429267 0.5740073 0.5241565 0.5566614 0.5734251 0.5761338 0.6393754 0.6184803 0.6626823 0.6582030 0.6689414 0.6551177 0.6645961 0.7499040 0.8304426 0.4852664 0.6051797 0.5184861 0.5570962 0.6036489 0.6296967 0.6330774 0.7951495 0.8754525 0.5592023 0.8078839 0.8084701 0.7934833 0.8077611 0.7665406 0.8373459 0.8381401 0.8351290 0.8168957 0.8155803 0.7701777 0.7970183 0.7633724 0.8419901 0.7905172 0.8352919 0.8446509 0.8490809 0.8498161 0.7890553 0.8419979 0.7465171 0.8197818 0.8439487 0.8723113 0.8424235 0.8534843 0.8290847 0.8312230 0.8489700 0.8628580 0.8421613 0.8524055 0.9051209 0.8873052 0.7481448 0.7166646 0.6866315 0.6468622 0.8364925 0.8341969 0.8618866 0.8749702 0.9002871 0.8400093 0.8172023 0.9111956 0.8588360 0.8664415 0.8073588 0.8290432 0.8554784 0.9069445 0.9312329 0.9922637 0.9323525 1.0945599 0.8158040 1.7444678 1.7865688 1.8422608 2.5463991 
02_AG.GW.14.DE00214GW009.MH078544      0.3629923 0.2814271 0.2886208 0.0000000 0.4334624 0.3802452 0.4292715 0.4418325 0.4968645 0.6016577 0.5959012 0.6060995 0.5709266 0.5675923 0.5821833 0.5358202 0.5926765 0.5916143 0.5908204 0.6654884 0.6516286 0.7057445 0.7062386 0.7016430 0.6796535 0.6877306 0.8025235 0.8591134 0.5133945 0.6430834 0.5355350 0.5773376 0.6333643 0.6594474 0.6718140 0.8124715 0.9093952 0.5686352 0.8165789 0.8196452 0.8131785 0.8269247 0.7764022 0.8453386 0.8468505 0.8453155 0.8237141 0.8314772 0.7857728 0.8087725 0.7821929 0.8274847 0.8128820 0.8512362 0.8718849 0.8797106 0.8771368 0.8117099 0.8662814 0.7528666 0.8386137 0.8618889 0.8766319 0.8672260 0.8644014 0.8544624 0.8477008 0.8699634 0.8532640 0.8606074 0.8853837 0.9072307 0.9038541 0.7754336 0.7087124 0.6769013 0.6691207 0.8543102 0.8467602 0.8968382 0.8741230 0.9325791 0.8576066 0.8348633 0.9235127 0.8755637 0.8896145 0.8388046 0.8562930 0.8843829 0.9285949 0.9672488 1.0167697 0.9684536 1.0970593 0.8306268 1.8091294 1.8216535 1.8417256 2.4939543 
02A.CI.16.DEURF16CI011.MH078538        0.3605745 0.4082364 0.4087553 0.4334624 0.0000000 0.4867220 0.4507448 0.4779747 0.5283777 0.6329363 0.6131577 0.6173734 0.5912714 0.5774468 0.6221157 0.5621198 0.6073285 0.6212099 0.6133492 0.6640366 0.6663666 0.7027429 0.7089260 0.7100445 0.6848967 0.6998168 0.7907963 0.8845959 0.5186198 0.6721701 0.5727722 0.5766343 0.6437910 0.6679400 0.6941106 0.8241990 0.9154963 0.6052672 0.8279807 0.8322118 0.8380785 0.8460562 0.8009818 0.8598449 0.8694718 0.8581097 0.8385412 0.8544143 0.8009478 0.8418770 0.8233455 0.8422784 0.8253233 0.8903060 0.9013498 0.8974111 0.8811909 0.8488098 0.9065903 0.7728325 0.8610525 0.8908719 0.9074366 0.8874452 0.8971924 0.8706346 0.8571169 0.9025891 0.9062921 0.8989459 0.8755013 0.9383072 0.9454532 0.8055944 0.7604926 0.7174059 0.6955600 0.8821916 0.8366683 0.8808820 0.8933447 0.9186951 0.8581473 0.8437021 0.9359210 0.9064568 0.9115588 0.8499296 0.8530024 0.8932770 0.9640642 0.9726190 1.0156044 0.9669396 1.1235670 0.8482962 1.8836816 1.9450293 1.9361951 2.5984268 
02D.GH.03.GHNJ193.AB231897             0.4334266 0.3594208 0.3598575 0.3802452 0.4867220 0.0000000 0.4962318 0.5075988 0.5634542 0.6527824 0.6542301 0.6859238 0.6483400 0.6335152 0.6636796 0.6044722 0.6271424 0.6559883 0.6488066 0.7061194 0.7152271 0.7561971 0.7552694 0.7538434 0.7281216 0.7454005 0.8546275 0.9292697 0.5727706 0.7118473 0.6103360 0.6456807 0.6955799 0.7345704 0.7332342 0.8895281 0.9598143 0.6227007 0.8851084 0.8810841 0.8745080 0.8817091 0.8321838 0.9257666 0.9028973 0.8916937 0.8858558 0.8755925 0.8244542 0.8854609 0.8522903 0.8958774 0.8834899 0.9190436 0.9343138 0.9582651 0.9262971 0.8467418 0.9167514 0.8216206 0.8951890 0.9232078 0.9548695 0.9391484 0.9400357 0.9238337 0.9088849 0.9083985 0.9396946 0.9213759 0.9163310 0.9664536 0.9739624 0.8362967 0.7722928 0.7267529 0.7185343 0.9184730 0.9074463 0.9555231 0.9351976 0.9810225 0.9167465 0.9056870 1.0161266 0.9602930 0.9330369 0.8995222 0.9275641 0.9561923 0.9940538 1.0322475 1.0604526 1.0370519 1.1507597 0.8718651 1.9319862 1.9622310 2.0301447 2.6794520 
0206.SN.12.LA56Senegl.KU168299         0.3886826 0.4031480 0.4091332 0.4292715 0.4507448 0.4962318 0.0000000 0.3884078 0.4853044 0.5920055 0.5783836 0.5880819 0.5471439 0.5559493 0.5844945 0.5308383 0.5978590 0.5920281 0.5961553 0.6436845 0.6432926 0.6829791 0.6878569 0.6902219 0.6694102 0.6782777 0.7757021 0.8562992 0.4951405 0.6270277 0.5406977 0.5623913 0.6186281 0.6425001 0.6542833 0.8308170 0.9046236 0.5898736 0.7879168 0.8064422 0.7885356 0.7922642 0.7386483 0.8190745 0.8073056 0.8098474 0.8071032 0.8147979 0.7674939 0.8193084 0.7945108 0.8293534 0.8081732 0.8271210 0.8897397 0.8576415 0.8516628 0.8042665 0.8659424 0.7560241 0.8253666 0.8298946 0.8610002 0.8427005 0.8557776 0.8239089 0.8216738 0.8613326 0.8622085 0.8667808 0.8557663 0.9033690 0.8917980 0.7695566 0.7372393 0.6927651 0.6513431 0.8519407 0.8292434 0.8944804 0.8708132 0.9246318 0.8529809 0.8310938 0.8917777 0.8929950 0.8896924 0.8397770 0.8421248 0.8731280 0.9177199 0.9435700 0.9992589 0.9731577 1.0897058 0.8268449 1.8494073 1.8598789 1.9473970 2.6012447 
U.ES.10.DEURF10DZ001.JX140679          0.4135305 0.4295529 0.4377327 0.4418325 0.4779747 0.5075988 0.3884078 0.0000000 0.5111334 0.6326496 0.6108001 0.6244124 0.5860162 0.5796894 0.6129016 0.5607107 0.6108698 0.6025692 0.6216934 0.6835045 0.6711564 0.7087522 0.7177548 0.7191887 0.7044616 0.7134473 0.8148159 0.8570955 0.5143417 0.6632904 0.5584091 0.5853725 0.6436170 0.6682477 0.6874614 0.8373570 0.8971962 0.6152251 0.8116592 0.8336140 0.7946689 0.8157812 0.7837250 0.8472517 0.8245442 0.8565197 0.8150841 0.8382898 0.7844031 0.8325150 0.8145164 0.8470972 0.8170752 0.8642022 0.8702364 0.8857682 0.8738356 0.8030591 0.8683605 0.7579618 0.8392473 0.8926239 0.9097397 0.8750432 0.8801862 0.8789892 0.8394710 0.8640570 0.8616083 0.8742769 0.8641304 0.9236886 0.9310774 0.7846697 0.7555428 0.6959495 0.6823449 0.8711808 0.8899867 0.9016013 0.8951374 0.9305276 0.8871895 0.8490810 0.9321332 0.9015901 0.9129520 0.8611304 0.8797977 0.9099757 0.9475865 0.9764237 1.0417249 0.9959518 1.1230623 0.8177330 1.8742448 1.8732520 1.9640256 2.6906836 
AGU.CM.06.770_8.MH705142               0.4464729 0.4604754 0.4767679 0.4968645 0.5283777 0.5634542 0.4853044 0.5111334 0.0000000 0.6031883 0.5838422 0.5842576 0.5424898 0.5295271 0.5971836 0.5264500 0.5693845 0.5673874 0.5993394 0.6245302 0.6376354 0.6742184 0.6871426 0.6745685 0.6623760 0.6629508 0.7647372 0.8278726 0.4861729 0.6309271 0.5615797 0.5294412 0.5838381 0.6109956 0.6215197 0.8058547 0.8760219 0.6534565 0.8111156 0.8004694 0.7899978 0.8021576 0.7570104 0.8205805 0.8207004 0.8346255 0.8155373 0.8182955 0.7592445 0.7855972 0.7677528 0.8450527 0.8013807 0.8282009 0.8550013 0.8798973 0.8643887 0.7810422 0.8441561 0.7536804 0.7985160 0.8360652 0.8522237 0.8354531 0.8511885 0.8500912 0.8117676 0.8659157 0.8802791 0.8382372 0.8523707 0.9078024 0.8824144 0.7637468 0.7119439 0.6672687 0.6521277 0.8455744 0.8354939 0.8652093 0.8674688 0.8608772 0.8123737 0.7937898 0.8791734 0.8594987 0.8835777 0.8135732 0.8197444 0.8570683 0.8931581 0.9026758 1.0041823 0.9516297 1.0731097 0.8149341 1.9960352 1.9749359 2.0489964 2.6953040 
A1.KE.06.06KECst_028.FJ623479          0.5555378 0.5722084 0.5735221 0.6016577 0.6329363 0.6527824 0.5920055 0.6326496 0.6031883 0.0000000 0.3379436 0.4293440 0.3845467 0.4022263 0.4196394 0.4680171 0.4864550 0.4987513 0.4647551 0.5606579 0.5507429 0.5968159 0.6058590 0.5948203 0.5781051 0.5873512 0.6838382 0.7736717 0.5119645 0.5149854 0.6742113 0.6801570 0.7321593 0.7772787 0.7617761 0.7237522 0.7988814 0.7484330 0.8402551 0.8250918 0.8274865 0.8464954 0.7997765 0.8671701 0.8568712 0.8789157 0.8362245 0.8533500 0.8098007 0.8409783 0.8323082 0.8804898 0.8608113 0.8775299 0.8924542 0.8878305 0.9019921 0.8587200 0.8929275 0.7858220 0.8563586 0.9161842 0.9270782 0.8872255 0.8971012 0.8861743 0.8594913 0.9051315 0.9157269 0.8876912 0.9148016 0.9238426 0.9430677 0.8197849 0.7460528 0.7121266 0.6944239 0.7493699 0.7491878 0.7565128 0.7634606 0.8071658 0.7305254 0.7209834 0.8080489 0.7872636 0.7813012 0.7330395 0.7222938 0.7648542 0.8164652 0.8270332 0.9042558 0.8575549 1.1418913 0.8518196 2.1104275 2.1311345 2.1545650 2.8184623 
A1.KE.06.06KECst_013.FJ623485          0.5375492 0.5531600 0.5609822 0.5959012 0.6131577 0.6542301 0.5783836 0.6108001 0.5838422 0.3379436 0.0000000 0.4224736 0.3784521 0.3959447 0.4227531 0.4388891 0.4783261 0.4809116 0.4654614 0.5550411 0.5362002 0.5911795 0.5889520 0.5899040 0.5762381 0.5750908 0.6745776 0.7748831 0.4872532 0.5078899 0.6748943 0.6686092 0.7061794 0.7671492 0.7674247 0.7272393 0.8008484 0.7296959 0.8306218 0.8308933 0.8233388 0.8166370 0.7789914 0.8441351 0.8231783 0.8520335 0.8249689 0.8413014 0.7935159 0.8164115 0.8029677 0.8476705 0.8102264 0.8500946 0.8973472 0.8711094 0.8827864 0.8412139 0.8490731 0.7825268 0.8549616 0.8394288 0.9008888 0.8846717 0.8889648 0.8921612 0.8632263 0.8671206 0.9070814 0.8814242 0.8699492 0.9129749 0.9386164 0.7841409 0.7404446 0.7399767 0.6829065 0.7290855 0.7129842 0.7433502 0.7542084 0.7744344 0.7153836 0.6900500 0.7722372 0.7725576 0.7769254 0.7189467 0.6938039 0.7606141 0.7762393 0.8222716 0.8762176 0.8464067 1.1467037 0.8640800 2.0164078 2.0527521 2.0395472 2.7046577 
A1.CY.07.CY208.JF683760                0.5395038 0.5715313 0.5738588 0.6060995 0.6173734 0.6859238 0.5880819 0.6244124 0.5842576 0.4293440 0.4224736 0.0000000 0.2474265 0.4139365 0.4256575 0.4479601 0.4895225 0.5048192 0.4571106 0.5684980 0.5528228 0.5950005 0.6153966 0.5917756 0.5703383 0.6007201 0.6862626 0.7737197 0.5102809 0.5017056 0.6775072 0.6633927 0.7023336 0.7544217 0.7824324 0.7183421 0.8192508 0.7412066 0.8363293 0.8455832 0.8412945 0.8537798 0.8121249 0.8743555 0.8452230 0.8784399 0.8536529 0.8605461 0.8228514 0.8591627 0.8582375 0.8845226 0.8677860 0.8989103 0.9141521 0.9085499 0.9251858 0.8519794 0.9021402 0.8058921 0.8673871 0.8908679 0.9067646 0.8771221 0.8878503 0.8827632 0.8678168 0.8965051 0.9322639 0.8967934 0.9091743 0.9860403 0.9392073 0.8131789 0.7527208 0.7235432 0.7151071 0.7353895 0.7393360 0.7487827 0.7441436 0.7751362 0.7113297 0.7003710 0.7809619 0.7674089 0.7764620 0.7195866 0.6973055 0.7553762 0.7995308 0.8098933 0.8962768 0.8449635 1.1384079 0.8606793 2.0237744 2.0945067 2.0693328 2.7750866 
A1.CY.05.CY051.FJ388903                0.5137401 0.5310878 0.5426471 0.5709266 0.5912714 0.6483400 0.5471439 0.5860162 0.5424898 0.3845467 0.3784521 0.2474265 0.0000000 0.3746605 0.3943755 0.4126637 0.4509688 0.4538833 0.4286103 0.5246663 0.5123512 0.5602929 0.5612717 0.5610316 0.5394379 0.5559310 0.6368970 0.7383366 0.4723073 0.4595385 0.6303795 0.6282674 0.6848278 0.7284950 0.7310495 0.6668336 0.7563324 0.7287270 0.7865627 0.8003187 0.7949692 0.7961900 0.7519060 0.8033831 0.7950152 0.8267962 0.7895447 0.8051517 0.7637559 0.7863450 0.7863408 0.8337935 0.8298827 0.8270117 0.8427308 0.8552117 0.8522288 0.8116655 0.8320973 0.7487520 0.8063665 0.8307073 0.8662939 0.8388184 0.8473630 0.8455456 0.8143937 0.8455286 0.8701603 0.8338147 0.8825038 0.9090329 0.9066237 0.7543222 0.7185039 0.6692603 0.6620179 0.6991442 0.7040916 0.7048744 0.7145427 0.7518899 0.6873441 0.6701794 0.7570750 0.7367166 0.7436728 0.6856591 0.6721878 0.7202145 0.7606005 0.7752946 0.8696256 0.8012640 1.0995066 0.8102007 2.0021768 1.9903825 2.0251872 2.7021826 
A1.UG.11.DEMA110UG001.KF859745         0.5138364 0.5306409 0.5429267 0.5675923 0.5774468 0.6335152 0.5559493 0.5796894 0.5295271 0.4022263 0.3959447 0.4139365 0.3746605 0.0000000 0.4218529 0.4080598 0.4505591 0.4732926 0.4413052 0.5335153 0.5264458 0.5580335 0.5774079 0.5645156 0.5446684 0.5631537 0.6531359 0.7390053 0.4775932 0.4765808 0.6265162 0.6382094 0.6961499 0.7153542 0.7281006 0.6868317 0.7477867 0.7146056 0.7882147 0.7846177 0.7786717 0.8048811 0.7286706 0.8158748 0.7931670 0.8214456 0.7809534 0.8076235 0.7668111 0.7887158 0.7813909 0.8378228 0.7986171 0.8239944 0.8745670 0.8528466 0.8639219 0.7963937 0.8490709 0.7559048 0.8038738 0.8240798 0.8545071 0.8321687 0.8377160 0.8345738 0.8057140 0.8455225 0.8495313 0.8498047 0.8497915 0.8853826 0.8822939 0.7697322 0.7098199 0.6784729 0.6396057 0.7087082 0.6844780 0.7133234 0.7131138 0.7528221 0.6662474 0.6596416 0.7462604 0.7445712 0.7308732 0.6993842 0.6842993 0.7068046 0.7652774 0.7738146 0.8639374 0.7899482 1.1139763 0.8093588 2.0053859 2.0248640 2.0431007 2.7351149 
35_AD.AF.06.007H.GQ477450              0.5578461 0.5631681 0.5740073 0.5821833 0.6221157 0.6636796 0.5844945 0.6129016 0.5971836 0.4196394 0.4227531 0.4256575 0.3943755 0.4218529 0.0000000 0.4576584 0.4870582 0.4869634 0.4702765 0.5528311 0.5408241 0.5833772 0.6147856 0.6117739 0.5787280 0.6069107 0.6836591 0.7738092 0.5183379 0.5203137 0.6799682 0.6686594 0.7136041 0.7571099 0.7527856 0.7128756 0.7754871 0.7569376 0.8304234 0.8473352 0.8400192 0.8395581 0.7814726 0.8635286 0.8426606 0.8614996 0.8398636 0.8591560 0.8107822 0.8286319 0.8122498 0.8635323 0.8387645 0.8461232 0.8875000 0.8900004 0.8882364 0.8398242 0.8814010 0.7993930 0.8750515 0.8737231 0.9146927 0.8839696 0.8750051 0.8919830 0.8474047 0.8838610 0.9053282 0.8921448 0.9053327 0.9359067 0.9194770 0.8018134 0.7504267 0.7222813 0.6834650 0.7368905 0.7326378 0.7672789 0.7791912 0.7920285 0.7384984 0.7008300 0.7825763 0.7776516 0.7810207 0.7364385 0.7368424 0.7750108 0.8161510 0.8279965 0.8994125 0.8518517 1.1575701 0.8574816 2.1061235 2.1289293 2.1090382 2.7837861 
A1.CY.06.CY154.FJ388943                0.4757346 0.5195989 0.5241565 0.5358202 0.5621198 0.6044722 0.5308383 0.5607107 0.5264500 0.4680171 0.4388891 0.4479601 0.4126637 0.4080598 0.4576584 0.0000000 0.4197332 0.4291159 0.4429834 0.4928752 0.4792705 0.5204467 0.5432493 0.5279513 0.5088814 0.5395535 0.6165200 0.6950094 0.4494364 0.5007015 0.6120924 0.6040577 0.6506501 0.6888018 0.7167475 0.6604510 0.7223379 0.6757520 0.7644870 0.7862377 0.7733122 0.7752508 0.7336996 0.8109608 0.7875844 0.8218168 0.8039913 0.8093933 0.7394316 0.7961855 0.7733180 0.8400203 0.7993763 0.8275604 0.8580807 0.8416831 0.8368455 0.7864209 0.8251155 0.7390235 0.7767775 0.8128786 0.8510406 0.8265920 0.8250214 0.8279092 0.7907641 0.8376459 0.8587389 0.8338990 0.8511602 0.8773843 0.8955807 0.7435341 0.6969226 0.6558154 0.6472746 0.7191280 0.7103839 0.7333601 0.7223560 0.7651968 0.7008526 0.6990348 0.7683000 0.7434640 0.7497496 0.6890484 0.6894057 0.7491171 0.7725928 0.8167933 0.9044013 0.8411896 1.0840535 0.7653437 2.0293610 2.0016642 2.0823506 2.7370514 
22_01A1.CM.02.02CM_1867LE.AY371165     0.5422859 0.5482255 0.5566614 0.5926765 0.6073285 0.6271424 0.5978590 0.6108698 0.5693845 0.4864550 0.4783261 0.4895225 0.4509688 0.4505591 0.4870582 0.4197332 0.0000000 0.4610197 0.4805534 0.4197602 0.4181845 0.4395883 0.4654006 0.4593313 0.4387517 0.4543447 0.5302521 0.6270281 0.5001845 0.5400309 0.6540274 0.6611610 0.7202442 0.7334909 0.7516975 0.5811162 0.6402992 0.7455215 0.8175612 0.8130961 0.8054281 0.8105973 0.7872337 0.8403677 0.8126522 0.8579589 0.8372007 0.8504385 0.7762574 0.8095781 0.8139839 0.8517537 0.8299547 0.8688140 0.8886219 0.8465124 0.8755533 0.8174341 0.8746475 0.7778556 0.8333338 0.8635220 0.8899230 0.8609818 0.8651826 0.8719434 0.8515084 0.8843866 0.9049373 0.8628742 0.8909169 0.9300212 0.9377891 0.7785647 0.7432240 0.6944953 0.6667627 0.7704819 0.7753004 0.7783017 0.7952378 0.8139290 0.7516979 0.7468143 0.8063651 0.8131016 0.8183492 0.7503609 0.7670830 0.8045950 0.8367476 0.8601103 0.9189257 0.8928993 1.1171315 0.8272545 2.0598041 2.0263812 2.0616425 2.6762816 
A6.UA.12.DEMA112UA036.KU749406         0.5414914 0.5645930 0.5734251 0.5916143 0.6212099 0.6559883 0.5920281 0.6025692 0.5673874 0.4987513 0.4809116 0.5048192 0.4538833 0.4732926 0.4869634 0.4291159 0.4610197 0.0000000 0.5071736 0.5239821 0.5172456 0.5452933 0.5688951 0.5550740 0.5413394 0.5669091 0.6538591 0.7381455 0.4961858 0.5497722 0.6754029 0.6596215 0.7038730 0.7444821 0.7740303 0.6986503 0.7425282 0.7505252 0.8152919 0.8172997 0.8146797 0.8435674 0.7807812 0.8361309 0.8421676 0.8561312 0.8305850 0.8478880 0.8023458 0.8311208 0.8025712 0.8495937 0.8453027 0.8610137 0.8900070 0.8799170 0.8747289 0.8294428 0.8509356 0.7757290 0.8367006 0.8811700 0.9015246 0.8818336 0.8879626 0.8877615 0.8584156 0.8983696 0.9161552 0.8696757 0.9040321 0.9196835 0.9196057 0.7851404 0.7452717 0.7159518 0.6871118 0.7730396 0.7813791 0.7840888 0.7919400 0.8154041 0.7620121 0.7296615 0.8336357 0.7915418 0.8123906 0.7594765 0.7617702 0.7918645 0.8566954 0.8533308 0.9375622 0.8681692 1.1407778 0.8424362 2.1116900 2.1133677 2.1135140 2.7647987 
A1D.UG.99.99UGJ21953.AF484496          0.5587106 0.5556258 0.5761338 0.5908204 0.6133492 0.6488066 0.5961553 0.6216934 0.5993394 0.4647551 0.4654614 0.4571106 0.4286103 0.4413052 0.4702765 0.4429834 0.4805534 0.5071736 0.0000000 0.5559605 0.5531077 0.6021010 0.6111476 0.6140472 0.5909590 0.5934863 0.6765035 0.7687263 0.5196439 0.5000528 0.6580013 0.6536958 0.7198804 0.7424080 0.7550385 0.7046882 0.7826520 0.7362193 0.8177784 0.8379862 0.8288584 0.8544828 0.8001170 0.8677024 0.8453551 0.8839595 0.8460613 0.8390283 0.8113178 0.8391091 0.8283482 0.9001920 0.8414040 0.8839055 0.9032291 0.8860597 0.8956378 0.8287334 0.8731113 0.8003806 0.8417842 0.8891711 0.9255673 0.8956944 0.8902419 0.8843154 0.8602621 0.8895340 0.9288391 0.8892865 0.9105782 0.9033812 0.9363646 0.8011827 0.7510932 0.7149062 0.6875124 0.7270388 0.7318778 0.7168374 0.7421544 0.7698606 0.7250834 0.6803747 0.7660422 0.7688504 0.7479694 0.7227557 0.7077118 0.7392399 0.8015896 0.8053671 0.9024272 0.8272703 1.1564327 0.8633911 2.0291507 2.0356325 2.0329693 2.7799430 
01_AE.CN.02.YN0236.JX112866            0.6167648 0.6180471 0.6393754 0.6654884 0.6640366 0.7061194 0.6436845 0.6835045 0.6245302 0.5606579 0.5550411 0.5684980 0.5246663 0.5335153 0.5528311 0.4928752 0.4197602 0.5239821 0.5559605 0.0000000 0.1515691 0.2025423 0.2084543 0.2121729 0.2208237 0.2392252 0.3042110 0.3688612 0.5587392 0.6132877 0.7323996 0.7273224 0.7850757 0.8210755 0.8405057 0.4759306 0.5454701 0.8177973 0.8879259 0.8980034 0.8936335 0.9074520 0.8454937 0.9385018 0.9127618 0.9427055 0.9077149 0.9002129 0.8530691 0.8831392 0.8679860 0.9318150 0.9074230 0.9245162 0.9562637 0.9383916 0.9825382 0.8753417 0.9521411 0.8433278 0.8927186 0.9455727 0.9601790 0.9385511 0.9502134 0.9424354 0.9102506 0.9613062 0.9926458 0.9677040 0.9686706 0.9980859 0.9847560 0.8627701 0.8026959 0.7711053 0.7519329 0.8130255 0.8280918 0.8451900 0.8528960 0.8804569 0.8105597 0.8037280 0.8826806 0.8785095 0.8721517 0.8295588 0.8362487 0.8592219 0.9025722 0.9268613 0.9996909 0.9548273 1.2036863 0.9303120 2.1471845 2.1199034 2.1521376 2.8475646 
01_AE.TH.99.99TH_C4460.AY945726        0.6056309 0.6187133 0.6184803 0.6516286 0.6663666 0.7152271 0.6432926 0.6711564 0.6376354 0.5507429 0.5362002 0.5528228 0.5123512 0.5264458 0.5408241 0.4792705 0.4181845 0.5172456 0.5531077 0.1515691 0.0000000 0.2016710 0.2082730 0.2156023 0.2157616 0.2354975 0.3008195 0.3614557 0.5488054 0.6089090 0.7177614 0.7219623 0.7809853 0.8386527 0.8344434 0.4813590 0.5410572 0.8288271 0.8801557 0.9060496 0.8997411 0.9133285 0.8581997 0.9266414 0.9204566 0.9223488 0.9038886 0.8966706 0.8508034 0.8901862 0.8722516 0.9244618 0.8978302 0.9203596 0.9604243 0.9473823 0.9758210 0.8790780 0.9414419 0.8429217 0.8955789 0.9367702 0.9712578 0.9597706 0.9630951 0.9416192 0.9156583 0.9537312 0.9938468 0.9539168 0.9665764 0.9731028 0.9832361 0.8676196 0.8080715 0.7744015 0.7501689 0.8271398 0.8326222 0.8729011 0.8456014 0.8874126 0.8298416 0.8153454 0.8836525 0.8753200 0.8676983 0.8407933 0.8360939 0.8590152 0.9120870 0.9338160 1.0104475 0.9633742 1.2045004 0.9037889 2.1455839 2.1624930 2.1718656 2.8419203 
01_AE.TH.07.AA030a04.JX447057          0.6602549 0.6611338 0.6626823 0.7057445 0.7027429 0.7561971 0.6829791 0.7087522 0.6742184 0.5968159 0.5911795 0.5950005 0.5602929 0.5580335 0.5833772 0.5204467 0.4395883 0.5452933 0.6021010 0.2025423 0.2016710 0.0000000 0.2492104 0.2396927 0.2497809 0.2726038 0.3425842 0.4089549 0.5976599 0.6466292 0.7355839 0.7668532 0.8125079 0.8534592 0.8652484 0.5060142 0.5732236 0.8498545 0.9267584 0.9278966 0.9410382 0.9250906 0.8807607 0.9769869 0.9501997 0.9566455 0.9544270 0.9601372 0.8889004 0.9358647 0.9183880 0.9671657 0.9488792 0.9589071 1.0012430 0.9877492 1.0175303 0.9309939 0.9750141 0.8934521 0.9636484 0.9798787 1.0272803 1.0020512 0.9991476 0.9925892 0.9488190 1.0077622 1.0267036 0.9985978 1.0208382 1.0418129 1.0246109 0.8967784 0.8380984 0.7968099 0.7784374 0.8622286 0.8610787 0.8735017 0.8845081 0.9191840 0.8313286 0.8281641 0.9200647 0.8968514 0.9095016 0.8467784 0.8447960 0.8772192 0.9333781 0.9575304 1.0260091 0.9790352 1.2553174 0.9447132 2.1732989 2.1276828 2.2235396 2.8549258 
01_AE.CN.07.GX070143.JX112835          0.6504385 0.6583999 0.6582030 0.7062386 0.7089260 0.7552694 0.6878569 0.7177548 0.6871426 0.6058590 0.5889520 0.6153966 0.5612717 0.5774079 0.6147856 0.5432493 0.4654006 0.5688951 0.6111476 0.2084543 0.2082730 0.2492104 0.0000000 0.2633287 0.2749357 0.2984881 0.3466826 0.4082861 0.6032763 0.6550850 0.7521037 0.7548300 0.8117848 0.8762862 0.8847967 0.5294800 0.5941776 0.8553445 0.9382167 0.9504316 0.9550288 0.9462653 0.8953449 0.9837142 0.9530644 0.9925203 0.9477519 0.9615093 0.9049449 0.9436866 0.9240280 0.9833670 0.9697798 0.9732796 1.0063025 0.9866300 1.0109877 0.9259188 1.0082048 0.9047989 0.9719963 0.9879992 1.0151711 0.9895569 0.9993654 0.9757837 0.9569884 1.0042671 1.0482909 1.0168215 1.0239237 1.0555153 1.0351016 0.9032582 0.8400079 0.8150322 0.7924931 0.8754846 0.8747574 0.8957929 0.8918231 0.9353125 0.8616865 0.8621901 0.9116102 0.9199584 0.9197575 0.8639041 0.8768460 0.8923937 0.9433346 0.9617927 1.0608322 1.0048786 1.2469879 0.9623975 2.1636060 2.1240022 2.2107053 2.9721341 
01_AE.CN.07.07CNYN326.KF835513         0.6673480 0.6616305 0.6689414 0.7016430 0.7100445 0.7538434 0.6902219 0.7191887 0.6745685 0.5948203 0.5899040 0.5917756 0.5610316 0.5645156 0.6117739 0.5279513 0.4593313 0.5550740 0.6140472 0.2121729 0.2156023 0.2396927 0.2633287 0.0000000 0.2546306 0.2831032 0.3422054 0.4179381 0.6027236 0.6506917 0.7622007 0.7564627 0.8134847 0.8657019 0.8845038 0.5314213 0.6015758 0.8545992 0.9493836 0.9497301 0.9516760 0.9624071 0.9021616 0.9530815 0.9743966 0.9943801 0.9578101 0.9509502 0.9035325 0.9516153 0.9349902 0.9862818 0.9421520 0.9703273 1.0100098 1.0026732 1.0226077 0.9290618 0.9948672 0.9208951 0.9601454 0.9829657 1.0305566 0.9996889 1.0071054 0.9884308 0.9543729 1.0026407 1.0206093 0.9839521 1.0307502 1.0417686 1.0543736 0.8960302 0.8432327 0.8185835 0.7973418 0.8715868 0.8630645 0.8962917 0.8809545 0.9232704 0.8596003 0.8403005 0.9126631 0.9132331 0.9072528 0.8609246 0.8890868 0.8897601 0.9494168 0.9729807 1.0563291 0.9916470 1.2400666 0.9590446 2.1803529 2.1861106 2.2071637 3.0083009 
01_AE.TH.05.AA101a_WG1.JX447936        0.6271640 0.6466589 0.6551177 0.6796535 0.6848967 0.7281216 0.6694102 0.7044616 0.6623760 0.5781051 0.5762381 0.5703383 0.5394379 0.5446684 0.5787280 0.5088814 0.4387517 0.5413394 0.5909590 0.2208237 0.2157616 0.2497809 0.2749357 0.2546306 0.0000000 0.2621414 0.3433343 0.4192920 0.5639256 0.6267295 0.7593746 0.7462158 0.8079406 0.8650016 0.8695980 0.4917317 0.5590178 0.8184244 0.9149474 0.9144053 0.9211908 0.9203647 0.8724184 0.9480035 0.9409725 0.9594512 0.9406456 0.9374298 0.8768125 0.9345727 0.8961511 0.9737322 0.9284561 0.9465295 0.9892926 0.9684422 1.0076290 0.9189372 0.9653722 0.8797997 0.9306220 0.9648026 1.0052668 0.9751663 0.9868916 0.9808133 0.9400904 0.9943438 1.0009346 0.9887683 0.9927044 1.0428524 1.0216930 0.8962887 0.8339348 0.7928349 0.7590595 0.8534233 0.8460972 0.8835105 0.8426296 0.8848756 0.8286217 0.8308947 0.8940977 0.8920918 0.8730764 0.8413708 0.8538150 0.8671444 0.9112336 0.9360007 1.0102598 0.9853104 1.2099277 0.9476270 2.1423398 2.1581356 2.2415865 2.9446478 
01_AE.CN.07.07CNYN343.KF835528         0.6485316 0.6458038 0.6645961 0.6877306 0.6998168 0.7454005 0.6782777 0.7134473 0.6629508 0.5873512 0.5750908 0.6007201 0.5559310 0.5631537 0.6069107 0.5395535 0.4543447 0.5669091 0.5934863 0.2392252 0.2354975 0.2726038 0.2984881 0.2831032 0.2621414 0.0000000 0.3532644 0.4448101 0.6014555 0.6549321 0.7291270 0.7541270 0.8120204 0.8565820 0.8547361 0.5009864 0.5820707 0.8431685 0.9017001 0.9118349 0.9047786 0.9214452 0.8767486 0.9320675 0.9397322 0.9686375 0.9309799 0.9213084 0.8865105 0.9179665 0.9099743 0.9421791 0.9270434 0.9394930 0.9821823 0.9624131 0.9759056 0.9037401 0.9528422 0.8809073 0.9280269 0.9585771 0.9693018 0.9574549 0.9743957 0.9694580 0.9451487 0.9707885 0.9929199 0.9661928 1.0075789 1.0237547 1.0175133 0.8745361 0.8279298 0.7997000 0.7602372 0.8680860 0.8616724 0.8662692 0.8618152 0.9238355 0.8447554 0.8511326 0.9061789 0.8993280 0.8977067 0.8426545 0.8618294 0.8850114 0.9255752 0.9689673 1.0342289 1.0025731 1.2243788 0.9290872 2.1468435 2.1018426 2.2133484 2.9135714 
01BC.CN.13.SZ95LS8027.KX379000         0.7554609 0.7502055 0.7499040 0.8025235 0.7907963 0.8546275 0.7757021 0.8148159 0.7647372 0.6838382 0.6745776 0.6862626 0.6368970 0.6531359 0.6836591 0.6165200 0.5302521 0.6538591 0.6765035 0.3042110 0.3008195 0.3425842 0.3466826 0.3422054 0.3433343 0.3532644 0.0000000 0.5212581 0.6956480 0.7224825 0.8538258 0.8575348 0.8838329 0.9424508 0.9611062 0.6027891 0.6602143 0.9433148 1.0109815 1.0271576 1.0054126 1.0351733 0.9918977 1.0377166 1.0224107 1.0709586 1.0316471 1.0199597 0.9874940 1.0393657 0.9944446 1.0697629 1.0259130 1.0458905 1.0934753 1.0839468 1.1212030 1.0094116 1.0810710 0.9883346 1.0441708 1.1048937 1.0906819 1.0685878 1.0790740 1.0778639 1.0418384 1.1048666 1.1195875 1.0693621 1.1204090 1.1210415 1.1136079 0.9802892 0.9468481 0.9117557 0.8730302 0.9468435 0.9584279 0.9646388 0.9733031 1.0032320 0.9464741 0.9305084 0.9975440 1.0093586 1.0025675 0.9401246 0.9568266 0.9799722 1.0335087 1.0555765 1.1293275 1.1060123 1.3678995 1.0703084 2.2025225 2.1971531 2.2553499 2.8993718 
69_01B.JP.05.05JPMYC113SP420.LC027100  0.8282283 0.8303275 0.8304426 0.8591134 0.8845959 0.9292697 0.8562992 0.8570955 0.8278726 0.7736717 0.7748831 0.7737197 0.7383366 0.7390053 0.7738092 0.6950094 0.6270281 0.7381455 0.7687263 0.3688612 0.3614557 0.4089549 0.4082861 0.4179381 0.4192920 0.4448101 0.5212581 0.0000000 0.7724144 0.8293710 0.9080508 0.9287138 0.9770016 1.0222342 1.0316753 0.7002343 0.7529343 1.0078296 1.1007151 1.1328443 1.1002373 1.1158184 1.0625348 1.1298874 1.1526330 1.1828295 1.1352191 1.1021385 1.0815369 1.1260320 1.0615926 1.1481162 1.1093876 1.1358967 1.1880684 1.1597415 1.2032409 1.1310086 1.1481406 1.0807385 1.1135262 1.1472278 1.1575809 1.1504264 1.1507390 1.1392642 1.1173251 1.1760888 1.1840023 1.1335570 1.1674253 1.2317146 1.1984470 1.0562115 0.9932380 0.9769190 0.9380227 1.0350121 1.0288683 1.0607687 1.0377499 1.0583088 1.0039579 0.9974796 1.0668287 1.0910750 1.0608399 1.0144530 1.0186488 1.0363610 1.0744085 1.1461544 1.2214556 1.1654219 1.4102365 1.1235644 2.3308658 2.3458975 2.3660961 3.1058055 
45_cpx.CD.97.97CD_MBFE185.FN392874     0.4547306 0.4855342 0.4852664 0.5133945 0.5186198 0.5727706 0.4951405 0.5143417 0.4861729 0.5119645 0.4872532 0.5102809 0.4723073 0.4775932 0.5183379 0.4494364 0.5001845 0.4961858 0.5196439 0.5587392 0.5488054 0.5976599 0.6032763 0.6027236 0.5639256 0.6014555 0.6956480 0.7724144 0.0000000 0.5382033 0.5866631 0.5626852 0.6133620 0.6475104 0.6617100 0.7188645 0.7829778 0.6748968 0.7323267 0.7577928 0.7297928 0.7343871 0.6756187 0.7393422 0.7464914 0.7642860 0.7596351 0.7399429 0.6947943 0.7458448 0.7120832 0.7528883 0.7417930 0.7695068 0.7956611 0.7931624 0.7925370 0.7233422 0.7844112 0.6966328 0.7486727 0.7647480 0.8060801 0.7761854 0.7889570 0.7922837 0.7513197 0.7809949 0.8335382 0.7666846 0.7876446 0.8286277 0.8395497 0.6923931 0.6646752 0.6080843 0.5989610 0.7661294 0.7540991 0.7894673 0.7615135 0.8077142 0.7585625 0.7301923 0.8184444 0.7874682 0.7941148 0.7400921 0.7420699 0.7872183 0.8498660 0.8502105 0.9250664 0.8765970 1.0118916 0.7610250 2.0037908 2.0372952 2.0565148 2.6804105 
A1C.UG.99.99UGF25926.AF484491          0.5960860 0.6178271 0.6051797 0.6430834 0.6721701 0.7118473 0.6270277 0.6632904 0.6309271 0.5149854 0.5078899 0.5017056 0.4595385 0.4765808 0.5203137 0.5007015 0.5400309 0.5497722 0.5000528 0.6132877 0.6089090 0.6466292 0.6550850 0.6506917 0.6267295 0.6549321 0.7224825 0.8293710 0.5382033 0.0000000 0.7170132 0.7059515 0.7446929 0.7972069 0.8100181 0.7637561 0.8529050 0.7847478 0.8823868 0.8612890 0.8659324 0.9008580 0.8503992 0.8996929 0.8924250 0.9334998 0.8877763 0.9092931 0.8473219 0.8792798 0.8501831 0.9066738 0.8891923 0.9182381 0.9497194 0.9690426 0.9538410 0.8789604 0.9364863 0.8308746 0.8864357 0.9272564 0.9602304 0.9534933 0.9469083 0.9153793 0.9021328 0.9396056 0.9616414 0.9349997 0.9513163 0.9917085 0.9754039 0.8504208 0.8049934 0.7534440 0.7195869 0.6319145 0.6107167 0.6381749 0.6338220 0.6644609 0.6219774 0.5978438 0.6639260 0.6532545 0.6675580 0.6072638 0.6249716 0.6406297 0.7000231 0.7285035 0.7759520 0.7418937 1.2096224 0.8973929 2.0798233 2.1294956 2.1156414 2.8489960 
93_cpx.CD.08.DRC653.MF372651           0.4948006 0.5227018 0.5184861 0.5355350 0.5727722 0.6103360 0.5406977 0.5584091 0.5615797 0.6742113 0.6748943 0.6775072 0.6303795 0.6265162 0.6799682 0.6120924 0.6540274 0.6754029 0.6580013 0.7323996 0.7177614 0.7355839 0.7521037 0.7622007 0.7593746 0.7291270 0.8538258 0.9080508 0.5866631 0.7170132 0.0000000 0.6523480 0.7015616 0.7563664 0.7839782 0.9038712 0.9598576 0.7162722 0.8764090 0.8839414 0.8638341 0.8825981 0.8427801 0.9071898 0.8892883 0.9287381 0.8940886 0.9051323 0.8479914 0.8889272 0.8524728 0.9115073 0.8738029 0.8985095 0.9418310 0.9537078 0.9302762 0.8670731 0.9549782 0.8233211 0.9182169 0.9385196 0.9657958 0.9364057 0.9331185 0.9054846 0.8995768 0.9185191 0.9437435 0.9544287 0.9320643 0.9863430 0.9964166 0.8425976 0.7794733 0.7567853 0.7511895 0.9095735 0.8809432 0.9387646 0.9188130 0.9493645 0.8840629 0.8908974 0.9820605 0.9408525 0.9526129 0.8939847 0.8842251 0.9451994 0.9792326 1.0028758 1.0583464 1.0167650 1.1871233 0.9056746 2.0015112 1.9945265 2.0597277 2.7874856 
G.NG.92.92NG083_JV10832.U88826         0.5216541 0.5404683 0.5570962 0.5773376 0.5766343 0.6456807 0.5623913 0.5853725 0.5294412 0.6801570 0.6686092 0.6633927 0.6282674 0.6382094 0.6686594 0.6040577 0.6611610 0.6596215 0.6536958 0.7273224 0.7219623 0.7668532 0.7548300 0.7564627 0.7462158 0.7541270 0.8575348 0.9287138 0.5626852 0.7059515 0.6523480 0.0000000 0.3414774 0.3945445 0.4080935 0.8743386 0.9551548 0.7201400 0.8471800 0.8642145 0.8242390 0.8575524 0.8010399 0.8920123 0.8665076 0.8848746 0.8686800 0.8872285 0.7888129 0.8475945 0.8257564 0.8999415 0.8730663 0.8714970 0.9045492 0.9193000 0.9039994 0.8523497 0.8940039 0.8184208 0.8642199 0.8903729 0.9213630 0.9129200 0.9046801 0.8845112 0.8761059 0.9088057 0.9257737 0.9191670 0.9180876 0.9401847 0.9606260 0.8352008 0.7856191 0.7536128 0.7412924 0.9159891 0.9440906 0.9753458 0.9512164 0.9737428 0.9366384 0.9112154 1.0071142 0.9615459 0.9748331 0.9268956 0.9318859 0.9316835 1.0078329 1.0255204 1.0866267 1.0634706 1.1649062 0.8971867 2.0681108 2.0989007 2.1016644 2.8227429 
G.NG.09.09NG010261.KX389626            0.5829364 0.5990429 0.6036489 0.6333643 0.6437910 0.6955799 0.6186281 0.6436170 0.5838381 0.7321593 0.7061794 0.7023336 0.6848278 0.6961499 0.7136041 0.6506501 0.7202442 0.7038730 0.7198804 0.7850757 0.7809853 0.8125079 0.8117848 0.8134847 0.8079406 0.8120204 0.8838329 0.9770016 0.6133620 0.7446929 0.7015616 0.3414774 0.0000000 0.4411223 0.4575460 0.9341133 0.9974755 0.7850313 0.9201190 0.9192764 0.9135561 0.9266608 0.8651528 0.9611824 0.9377430 0.9481214 0.9405841 0.9403628 0.8732650 0.9225571 0.8984971 0.9652574 0.9143991 0.9255332 0.9504529 0.9855183 0.9703498 0.9054276 0.9658704 0.8716805 0.9110960 0.9472099 0.9856940 0.9710015 0.9604364 0.9485375 0.9199528 0.9785430 0.9973469 0.9813454 0.9775874 1.0205303 1.0254194 0.8837139 0.8257710 0.8148395 0.8003974 0.9790073 0.9725102 1.0059575 0.9836698 1.0115574 0.9775634 0.9683639 1.0180270 1.0332167 1.0182368 0.9478809 0.9594590 0.9736163 1.0481772 1.0583843 1.1214606 1.0763201 1.2429214 0.9322579 2.1583897 2.1515272 2.1532755 2.7531052 
01F2G.CM.02.LT31.JN864056              0.6142348 0.6400239 0.6296967 0.6594474 0.6679400 0.7345704 0.6425001 0.6682477 0.6109956 0.7772787 0.7671492 0.7544217 0.7284950 0.7153542 0.7571099 0.6888018 0.7334909 0.7444821 0.7424080 0.8210755 0.8386527 0.8534592 0.8762862 0.8657019 0.8650016 0.8565820 0.9424508 1.0222342 0.6475104 0.7972069 0.7563664 0.3945445 0.4411223 0.0000000 0.4093377 0.9755676 1.0743928 0.8327616 0.9554978 0.9441571 0.9309783 0.9503463 0.9026229 0.9640946 0.9506543 0.9681396 0.9725985 0.9634581 0.9153121 0.9515376 0.9350606 0.9984211 0.9642205 0.9974703 1.0140362 1.0004178 0.9825853 0.9180435 0.9890293 0.9069171 0.9454030 0.9704854 0.9922506 0.9998694 1.0000339 0.9844123 0.9731736 1.0174681 1.0164235 1.0022076 1.0229813 1.0436463 1.0465195 0.9016521 0.8543331 0.8331039 0.8337015 1.0448752 1.0085281 1.0542377 1.0210793 1.0805504 1.0213070 1.0010986 1.0999934 1.0602707 1.0412583 0.9914934 1.0012182 1.0276167 1.1127675 1.1268098 1.1787298 1.1165995 1.2534847 0.9545785 2.2211737 2.2190219 2.2301884 2.9862735 
BCG.ES.15.100_119.KY496623             0.6406266 0.6418203 0.6330774 0.6718140 0.6941106 0.7332342 0.6542833 0.6874614 0.6215197 0.7617761 0.7674247 0.7824324 0.7310495 0.7281006 0.7527856 0.7167475 0.7516975 0.7740303 0.7550385 0.8405057 0.8344434 0.8652484 0.8847967 0.8845038 0.8695980 0.8547361 0.9611062 1.0316753 0.6617100 0.8100181 0.7839782 0.4080935 0.4575460 0.4093377 0.0000000 0.9740385 1.0599865 0.8414845 0.9928588 1.0064047 0.9794494 0.9976191 0.9418750 1.0175923 1.0080987 1.0217197 1.0046053 1.0079844 0.9521851 0.9758158 0.9553517 1.0229279 1.0180944 0.9822505 1.0258284 1.0528224 1.0422817 0.9762192 1.0635503 0.9372829 1.0179179 1.0432110 1.0771640 1.0601811 1.0456432 1.0148820 1.0166532 1.0430703 1.0704526 1.0570286 1.0469647 1.0947158 1.0982539 0.9295400 0.8900521 0.8729438 0.8545564 1.0409346 1.0119063 1.0590307 1.0435570 1.0907973 1.0305791 1.0061849 1.0855331 1.0669494 1.0889700 1.0224486 1.0046796 1.0418618 1.1470810 1.0964264 1.1521952 1.1309246 1.2634660 0.9981092 2.2103763 2.2302405 2.2039374 2.9048993 
0107.CN.15.HB041501.KY019257           0.7672075 0.7770005 0.7951495 0.8124715 0.8241990 0.8895281 0.8308170 0.8373570 0.8058547 0.7237522 0.7272393 0.7183421 0.6668336 0.6868317 0.7128756 0.6604510 0.5811162 0.6986503 0.7046882 0.4759306 0.4813590 0.5060142 0.5294800 0.5314213 0.4917317 0.5009864 0.6027891 0.7002343 0.7188645 0.7637561 0.9038712 0.8743386 0.9341133 0.9755676 0.9740385 0.0000000 0.4338441 0.9603624 1.0724668 1.0658103 1.0514871 1.0579398 1.0268918 1.1190445 1.0901448 1.1046117 1.0755596 1.0983555 1.0268509 1.0685818 1.0335141 1.1021528 1.0719464 1.0935211 1.1241547 1.1290881 1.1329714 1.0306770 1.1224550 1.0156236 1.0824327 1.0999780 1.1326684 1.1073605 1.1126284 1.1152125 1.0854460 1.1207615 1.1435027 1.1092131 1.1235591 1.1664634 1.1723761 1.0043974 0.9540588 0.9413879 0.9010402 0.9736678 0.9932155 1.0224280 0.9944652 1.0246862 0.9770427 0.9564380 1.0434148 1.0098455 0.9935527 0.9682067 0.9548154 0.9972020 1.0545474 1.0824277 1.1437350 1.1001259 1.3622066 1.0501575 2.3117378 2.2744901 2.2868351 3.0165458 
01BC.CN.14.BJ.2014.MSM.SP01.KP668994   0.8213326 0.8610769 0.8754525 0.9093952 0.9154963 0.9598143 0.9046236 0.8971962 0.8760219 0.7988814 0.8008484 0.8192508 0.7563324 0.7477867 0.7754871 0.7223379 0.6402992 0.7425282 0.7826520 0.5454701 0.5410572 0.5732236 0.5941776 0.6015758 0.5590178 0.5820707 0.6602143 0.7529343 0.7829778 0.8529050 0.9598576 0.9551548 0.9974755 1.0743928 1.0599865 0.4338441 0.0000000 1.0489041 1.1242539 1.1582865 1.1246605 1.1273362 1.0994257 1.1710187 1.1433451 1.1372860 1.1446295 1.1843534 1.1199504 1.1266698 1.1095801 1.1713356 1.1264210 1.1488217 1.1909042 1.1765633 1.1676103 1.1165541 1.1829359 1.0740899 1.1309162 1.1582319 1.1837869 1.1434162 1.1737797 1.1744387 1.1531403 1.1870267 1.2105877 1.1949896 1.2170638 1.2323365 1.2526289 1.0846854 1.0321978 1.0124865 0.9700466 1.0562423 1.0919355 1.0837736 1.0665222 1.1056495 1.0516048 1.0275494 1.1130488 1.1137692 1.0879703 1.0599067 1.0566870 1.0885462 1.1557042 1.1645732 1.1989988 1.1575442 1.4227163 1.1332590 2.3661454 2.3581504 2.4010947 3.1453549 
06_cpx.SN.97.97SE1078.AJ288981         0.5392224 0.5389771 0.5592023 0.5686352 0.6052672 0.6227007 0.5898736 0.6152251 0.6534565 0.7484330 0.7296959 0.7412066 0.7287270 0.7146056 0.7569376 0.6757520 0.7455215 0.7505252 0.7362193 0.8177973 0.8288271 0.8498545 0.8553445 0.8545992 0.8184244 0.8431685 0.9433148 1.0078296 0.6748968 0.7847478 0.7162722 0.7201400 0.7850313 0.8327616 0.8414845 0.9603624 1.0489041 0.0000000 0.9683591 0.9666313 0.9597527 0.9531819 0.9340368 1.0128639 0.9797999 0.9927619 1.0117115 0.9995778 0.9323329 0.9804692 0.9451672 1.0081435 0.9367977 1.0018570 1.0273983 0.9939892 1.0003980 0.9615534 1.0294133 0.9002926 0.9930355 1.0160715 1.0375080 1.0394811 1.0272620 1.0315588 0.9887980 1.0000096 1.0631542 0.9969793 1.0449689 1.0725690 1.0451138 0.9277769 0.8827431 0.8335440 0.7905490 1.0075244 0.9661374 1.0352800 1.0107980 1.0518354 0.9982969 0.9964503 1.0577690 1.0447816 1.0363295 0.9756249 1.0123292 1.0413584 1.0683070 1.1058077 1.1309364 1.1162909 1.2174140 0.9991418 1.9336936 1.9396236 2.0231928 2.7853291 
