100
02A1.GH.97.97GH_AG2.AB052867           0.0000000 0.3549671 0.3592765 0.3803630 0.4349459 0.3704287 0.4477186 0.4141078 0.4621132 0.5630483 0.5626347 0.5851228 0.5282330 0.5418477 0.5775088 0.5200480 0.5364642 0.5820675 0.6460006 0.6519321 0.6800001 0.6760346 0.6869071 0.6683369 0.6808741 0.7342838 0.8585228 0.5516777 0.4882350 0.5906256 0.8023759 0.8826064 0.5098262 0.5573784 0.6027953 0.6456434 0.6684488 0.5639373 0.8080345 0.8351565 0.7890771 0.7992595 0.7512624 0.8379860 0.8126597 0.8122263 0.8175565 0.8144008 0.8219587 0.8107144 0.7618252 0.7988941 0.8152356 0.8368263 0.8001060 0.7835601 0.8717998 0.8304859 0.8185627 0.8305598 0.8064846 0.8155689 0.8730969 0.8753115 0.8537086 0.8393481 0.8523256 0.8044647 0.8482338 0.8539964 0.8677532 0.8650073 0.8883933 0.7505868 0.7101050 0.6797564 0.6511050 0.8894295 0.8137752 0.8643558 0.8681262 0.8980080 0.7904473 0.7950191 0.8846873 0.8618169 0.8384848 0.8127559 0.8164592 0.8464140 0.8858442 0.9405588 0.9911483 0.9500646 1.1242575 0.7698356 1.7907588 1.8230006 1.8182531 2.5710987 
02_AG.CM.02.02CM_3217MN.GU201514       0.3549671 0.0000000 0.2562275 0.2878945 0.3539097 0.4111725 0.4449226 0.4156508 0.4851777 0.5750147 0.5668267 0.5991374 0.5328032 0.5474391 0.5989866 0.5142655 0.5545301 0.5700561 0.6409173 0.6479240 0.6802408 0.6764708 0.6707550 0.6551856 0.6810146 0.7365511 0.8577227 0.5593345 0.4864042 0.5958072 0.8013400 0.8812396 0.5305547 0.5611609 0.6136223 0.6571922 0.6574107 0.5627139 0.8365968 0.8680876 0.8057690 0.8202042 0.7792385 0.8521695 0.8282048 0.8482896 0.8418270 0.8588324 0.8531266 0.8298679 0.7850768 0.7970597 0.8350696 0.8868238 0.7939177 0.8072225 0.8826324 0.8322401 0.8393130 0.8646618 0.8344055 0.8512545 0.9171761 0.9109170 0.8719744 0.8341814 0.8657392 0.8399466 0.8641717 0.8786016 0.9117802 0.8665468 0.9290315 0.7507032 0.7150297 0.6823772 0.6357254 0.8835546 0.8189962 0.8547431 0.8492365 0.8667944 0.8135277 0.8009751 0.8834860 0.8609046 0.8548956 0.8525757 0.8331011 0.8577054 0.8675460 0.9240822 1.0102806 0.9372834 1.1340820 0.8039040 1.6980984 1.7724809 1.7504877 2.4503799 
02_AG.GW.04.CC_0030.FJ694791           0.3592765 0.2562275 0.0000000 0.2814825 0.3626168 0.4013821 0.4573369 0.4145776 0.4822181 0.5688917 0.5675368 0.6185586 0.5542715 0.5518751 0.6062393 0.5380580 0.5523164 0.5884548 0.6391053 0.6534743 0.6784795 0.6687018 0.6826538 0.6489102 0.6922134 0.7550675 0.8633530 0.5620387 0.4975094 0.6106153 0.7939518 0.8714012 0.5225600 0.5594035 0.5997594 0.6518535 0.6570584 0.5586689 0.8117222 0.8568045 0.8073830 0.7986406 0.7567740 0.8369364 0.8174586 0.8320206 0.8182111 0.8363789 0.8290881 0.8181005 0.7719947 0.7828670 0.8273254 0.8510055 0.7875765 0.7881486 0.8848506 0.8204834 0.8284690 0.8586846 0.8447155 0.8468766 0.8852583 0.8755406 0.8760622 0.8464208 0.8651298 0.8215545 0.8549681 0.8642552 0.8625671 0.8393218 0.8988462 0.7693353 0.7248903 0.6776896 0.6421285 0.8838810 0.8373707 0.8767738 0.8772907 0.8848751 0.8425686 0.8199005 0.8858497 0.8830013 0.8879724 0.8401267 0.8247283 0.8620304 0.8778504 0.9471945 1.0088996 0.9709121 1.1064107 0.8042144 1.7165221 1.7599441 1.7462878 2.5448116 
02_AG.GW.14.DE00214GW009.MH078544      0.3803630 0.2878945 0.2814825 0.0000000 0.3805576 0.4308402 0.4617092 0.4253804 0.5015595 0.5782257 0.5863227 0.6193787 0.5398760 0.5636489 0.6138733 0.5363309 0.5649298 0.6027516 0.6653569 0.6588161 0.6841249 0.6795091 0.6938958 0.6686384 0.7043260 0.7460615 0.8986103 0.5759797 0.5040941 0.6074649 0.8000763 0.9013234 0.5431753 0.5647130 0.6253357 0.6753778 0.6843132 0.5672018 0.8432998 0.8766957 0.8395391 0.8448138 0.8052523 0.8605454 0.8507126 0.8540086 0.8405801 0.8620696 0.8618034 0.8357524 0.7920469 0.8253253 0.8755452 0.8889212 0.8247729 0.8238623 0.9063068 0.8627365 0.8570539 0.8599116 0.8561673 0.8713697 0.9172123 0.9074356 0.8936019 0.8699282 0.8890064 0.8420253 0.8821724 0.9183906 0.9065638 0.8730308 0.9557336 0.7876350 0.7365134 0.7094547 0.6647133 0.8971711 0.8463678 0.8769494 0.8822919 0.8871852 0.8452380 0.8396480 0.8870799 0.8673785 0.8630848 0.8649264 0.8209883 0.8627594 0.9196990 0.9453373 1.0278218 0.9706559 1.1445754 0.8048740 1.7676829 1.8276284 1.8276149 2.6119034 
02D.GH.03.GHNJ193.AB231897             0.4349459 0.3539097 0.3626168 0.3805576 0.0000000 0.5026293 0.5174720 0.5018958 0.5559350 0.6367642 0.6457782 0.6834783 0.6208221 0.6426468 0.6891980 0.6088159 0.6378044 0.6876742 0.7337527 0.7389810 0.7495916 0.7470161 0.7639221 0.7377135 0.7622232 0.8388276 0.9385628 0.6530909 0.5700676 0.6914962 0.8980825 0.9723051 0.6051845 0.6580555 0.7049886 0.7507844 0.7410453 0.6426521 0.8902324 0.9295871 0.8904123 0.9063454 0.8514339 0.9336279 0.9047586 0.9146926 0.9180972 0.9380477 0.9241233 0.9004326 0.8527742 0.9126124 0.9260375 0.9326482 0.8928019 0.8861506 0.9466540 0.9173770 0.9201141 0.9320452 0.9291542 0.9285672 0.9842926 0.9452370 0.9872016 0.9374309 0.9592384 0.9274027 0.9460416 0.9650780 0.9617562 0.9573094 1.0133409 0.8679849 0.8186452 0.7864737 0.7451788 0.9621162 0.9169712 0.9265820 0.9566019 0.9752759 0.9271006 0.9093780 0.9799839 0.9624905 0.9788449 0.9310643 0.8993785 0.9574233 0.9894862 1.0382192 1.1182117 1.0476362 1.2474357 0.9140102 1.7793221 1.8382742 1.8368718 2.5524194 
02A.CI.16.DEURF16CI011.MH078538        0.3704287 0.4111725 0.4013821 0.4308402 0.5026293 0.0000000 0.4812089 0.4540669 0.5267327 0.6101686 0.6159262 0.6334735 0.5831941 0.5982312 0.6366548 0.5745112 0.6035184 0.6478671 0.7071077 0.7051840 0.7529306 0.7218586 0.7552321 0.7199297 0.7540018 0.8073400 0.9149006 0.6183518 0.5536540 0.6526645 0.8430835 0.9372195 0.5764703 0.6187612 0.6587851 0.7081166 0.7125066 0.6247662 0.8639799 0.8968011 0.8527023 0.8547484 0.8031060 0.8921002 0.8788809 0.8767884 0.8867325 0.8749344 0.8968419 0.8447268 0.8144397 0.8422613 0.8839584 0.9128543 0.8527291 0.8589508 0.9461237 0.8926321 0.8726285 0.9053191 0.8718830 0.8873793 0.9677673 0.9386100 0.9093453 0.9004458 0.9115807 0.8683967 0.9203119 0.9223360 0.9301905 0.9098583 0.9725377 0.8077213 0.7508584 0.7424007 0.7057218 0.9300737 0.8766869 0.8772345 0.8782153 0.9143871 0.8472777 0.8438062 0.9222658 0.8820027 0.8925248 0.8687332 0.8606159 0.8809034 0.9022261 0.9656520 1.0320263 0.9860481 1.1713133 0.8548554 1.8026268 1.8816650 1.8966118 2.6301236 
U.ES.10.DEURF10DZ001.JX140679          0.4477186 0.4449226 0.4573369 0.4617092 0.5174720 0.4812089 0.0000000 0.4144035 0.5358318 0.6255776 0.6115070 0.6510546 0.5908727 0.5966449 0.6598820 0.5771304 0.6277989 0.6549322 0.7014279 0.7019240 0.7250355 0.7175065 0.7424422 0.7190446 0.7302066 0.7892751 0.9231059 0.6247113 0.5590932 0.6540330 0.8673969 0.9400258 0.5712560 0.6138539 0.6560132 0.7295122 0.7292657 0.6570719 0.8863715 0.9353533 0.8693247 0.8754747 0.8389123 0.9076190 0.8955085 0.9047783 0.8942803 0.9226425 0.9112877 0.8926209 0.8703419 0.8528211 0.8969689 0.9123787 0.8989635 0.8762744 0.9671904 0.9199291 0.9042073 0.9250879 0.8981816 0.9204318 0.9780439 0.9713503 0.9314889 0.9224982 0.9561509 0.9120116 0.9348398 0.9714337 0.9392985 0.9322511 0.9923193 0.8227248 0.7760145 0.7621583 0.7059201 0.9515507 0.8989412 0.9029284 0.8976066 0.9144322 0.8587178 0.8649037 0.9157187 0.9158416 0.8877396 0.8723465 0.8445408 0.8902933 0.9433602 0.9788382 1.0636507 0.9963467 1.2293080 0.8716364 1.8217720 1.9464043 1.9341798 2.6713674 
0206.SN.12.LA56Senegl.KU168299         0.4141078 0.4156508 0.4145776 0.4253804 0.5018958 0.4540669 0.4144035 0.0000000 0.5011926 0.5896501 0.5828566 0.6093882 0.5516320 0.5490085 0.6193477 0.5443539 0.5760866 0.6185629 0.6490845 0.6670586 0.6974366 0.6873023 0.6920947 0.6730306 0.7008605 0.7869274 0.8827134 0.5871199 0.5156433 0.6376958 0.8388933 0.9219136 0.5572813 0.5920027 0.6283852 0.6888072 0.7015024 0.6414967 0.8387391 0.8737384 0.8405938 0.8594755 0.8030467 0.8731261 0.8678833 0.8645086 0.8732450 0.8893366 0.8535483 0.8399833 0.8010169 0.8321205 0.8606597 0.8901148 0.8455262 0.8243436 0.9190257 0.8755963 0.8520881 0.8824553 0.8475850 0.8775288 0.9295061 0.9114423 0.8836498 0.8771650 0.9089377 0.8384156 0.8926655 0.9052072 0.9189541 0.9015789 0.9278048 0.8016235 0.7582445 0.7108609 0.6547518 0.8971333 0.8381081 0.8894744 0.8850537 0.8918389 0.8310435 0.8136221 0.9156451 0.8907464 0.8711300 0.8724657 0.8350095 0.8786286 0.9070449 0.9681852 1.0337467 0.9600544 1.1839021 0.8301725 1.8259687 1.8832831 1.8643441 2.6594809 
AGU.CM.06.770_8.MH705142               0.4621132 0.4851777 0.4822181 0.5015595 0.5559350 0.5267327 0.5358318 0.5011926 0.0000000 0.5694765 0.5595646 0.6044114 0.5499191 0.5372912 0.5903476 0.5152831 0.5622066 0.5928824 0.6667683 0.6612088 0.6862465 0.6809672 0.7052629 0.6688337 0.6929503 0.7547483 0.8739361 0.5577692 0.4993904 0.6100539 0.7978225 0.8795970 0.5715631 0.5318837 0.5857062 0.6202815 0.6453395 0.6889182 0.8428541 0.8830035 0.8285333 0.8340615 0.7769825 0.8746645 0.8442098 0.8552091 0.8334996 0.8733287 0.8541250 0.8159718 0.7863229 0.8054853 0.8448370 0.9163609 0.8348337 0.8052571 0.8891103 0.8642141 0.8486479 0.8876926 0.8696262 0.8866686 0.9065399 0.9360475 0.8698624 0.8679232 0.8832295 0.8387039 0.8872189 0.8805461 0.8953307 0.8981860 0.9094413 0.7817819 0.7299147 0.6889138 0.6562338 0.8684635 0.8310344 0.8792040 0.8569312 0.9004082 0.8315207 0.8202738 0.8790467 0.8688908 0.8708210 0.8222213 0.8098024 0.8328550 0.8772514 0.9623311 0.9815813 0.9557105 1.1491084 0.8170867 1.8655348 1.8784431 1.9322125 2.6493173 
A1.KE.06.06KECst_028.FJ623479          0.5630483 0.5750147 0.5688917 0.5782257 0.6367642 0.6101686 0.6255776 0.5896501 0.5694765 0.0000000 0.3222726 0.4313954 0.3759043 0.4086194 0.4224508 0.4480226 0.4733609 0.4816341 0.5555762 0.5592322 0.5851298 0.5789089 0.6094982 0.5690484 0.5832428 0.6590007 0.7816853 0.4971945 0.5001102 0.4877538 0.7061356 0.8126470 0.6638750 0.6705556 0.7196466 0.7725881 0.7851373 0.7715234 0.8653513 0.8804943 0.8508310 0.8646194 0.8245613 0.8849847 0.8525793 0.8612594 0.8669653 0.8920327 0.8625743 0.8515182 0.8158320 0.8281868 0.8746203 0.9272121 0.8547490 0.8565245 0.9215971 0.8981377 0.8673529 0.8994803 0.8713009 0.8769314 0.9598114 0.9439002 0.8990455 0.8967424 0.8862091 0.8683008 0.9293053 0.9378456 0.9077078 0.9132505 0.9232425 0.8107823 0.7562103 0.7277225 0.6996326 0.7658349 0.6873231 0.7429057 0.7236272 0.7575766 0.7023203 0.6972303 0.7622891 0.7262714 0.7232682 0.7189995 0.6973607 0.7199256 0.7399200 0.8382143 0.8687230 0.8159271 1.1747488 0.8614080 1.9999720 2.0535394 2.0356128 2.7453788 
A1.KE.06.06KECst_013.FJ623485          0.5626347 0.5668267 0.5675368 0.5863227 0.6457782 0.6159262 0.6115070 0.5828566 0.5595646 0.3222726 0.0000000 0.4232267 0.3739943 0.3980156 0.4204648 0.4469697 0.4718806 0.4717180 0.5453419 0.5477603 0.6046226 0.5884354 0.5934657 0.5671914 0.5786274 0.6548226 0.7821951 0.4748331 0.5103820 0.4861452 0.7090872 0.7935237 0.6785077 0.6700843 0.7179451 0.7783981 0.7764729 0.7793836 0.8604083 0.8785524 0.8405964 0.8608356 0.8278518 0.8878886 0.8615116 0.8572975 0.8528854 0.8767344 0.8806467 0.8437290 0.8198914 0.8487433 0.8583025 0.9166342 0.8722952 0.8522758 0.9110958 0.8838979 0.8561732 0.8908764 0.8640248 0.8905843 0.9387744 0.9488666 0.9081402 0.8761778 0.9045432 0.8741597 0.9083526 0.9391679 0.9321347 0.9112670 0.9519213 0.8178098 0.7672490 0.7372950 0.6770365 0.7778836 0.7038356 0.7407583 0.7241676 0.7495902 0.7025933 0.6880975 0.7705695 0.7433586 0.7482069 0.7198389 0.6806379 0.7338061 0.7604552 0.8120683 0.8965602 0.8342405 1.1825439 0.8732785 2.0069016 2.0287139 2.0495513 2.7678408 
A1.CY.07.CY208.JF683760                0.5851228 0.5991374 0.6185586 0.6193787 0.6834783 0.6334735 0.6510546 0.6093882 0.6044114 0.4313954 0.4232267 0.0000000 0.2579235 0.4210334 0.4608371 0.4695395 0.5068564 0.4986423 0.5866190 0.5807825 0.6114572 0.5929784 0.6248829 0.6101705 0.6235208 0.6873472 0.7997575 0.5051895 0.5276177 0.5113872 0.7313646 0.8281870 0.7103407 0.7172970 0.7558979 0.7908390 0.8009208 0.8006488 0.8838703 0.9006858 0.8723918 0.8880079 0.8410143 0.8791218 0.9042831 0.8951457 0.8931414 0.8986479 0.9050651 0.8776841 0.8419981 0.8614279 0.8821916 0.9459462 0.8876544 0.8619563 0.9596148 0.9162659 0.9086727 0.9016990 0.9050192 0.8822405 0.9631621 0.9379134 0.9152385 0.8935264 0.9240981 0.9082321 0.9273069 0.9504513 0.9588311 0.9413247 0.9826046 0.8399250 0.7908663 0.7692431 0.7091788 0.7829486 0.7155062 0.7484490 0.7624816 0.7865032 0.7337737 0.7158991 0.8046118 0.7558010 0.7663501 0.7469727 0.7173390 0.7717537 0.7896300 0.8747296 0.8999730 0.8370602 1.2042939 0.9062313 2.0307943 2.0839738 2.0789033 2.7916047 
A1.CY.05.CY051.FJ388903                0.5282330 0.5328032 0.5542715 0.5398760 0.6208221 0.5831941 0.5908727 0.5516320 0.5499191 0.3759043 0.3739943 0.2579235 0.0000000 0.3725968 0.3999824 0.4138556 0.4484009 0.4510719 0.5325043 0.5262441 0.5671551 0.5619017 0.5693179 0.5571393 0.5690765 0.6314931 0.7715617 0.4640372 0.4833986 0.4613508 0.6812556 0.7877471 0.6552089 0.6465992 0.7057259 0.7540162 0.7517090 0.7569604 0.8307186 0.8586633 0.8282957 0.8381765 0.8001038 0.8555360 0.8323229 0.8338088 0.8370927 0.8410729 0.8611760 0.8383211 0.7979306 0.8283874 0.8518740 0.9048870 0.8433552 0.8358106 0.8950419 0.8642297 0.8474325 0.8740971 0.8695454 0.8741186 0.9228322 0.9118093 0.8786126 0.8555746 0.8840017 0.8438676 0.8692325 0.9025327 0.9076863 0.8944705 0.9260479 0.7826072 0.7460108 0.7243054 0.6651538 0.7414211 0.6696590 0.7167875 0.7044931 0.7300889 0.6602740 0.6491718 0.7284931 0.6982881 0.7009350 0.6886716 0.6473964 0.6900401 0.7355915 0.8039199 0.8378788 0.7796107 1.1608591 0.8412234 1.9486789 2.0130359 2.0094741 2.8090928 
A1.UG.11.DEMA110UG001.KF859745         0.5418477 0.5474391 0.5518751 0.5636489 0.6426468 0.5982312 0.5966449 0.5490085 0.5372912 0.4086194 0.3980156 0.4210334 0.3725968 0.0000000 0.4201728 0.4110699 0.4520887 0.4353676 0.5306012 0.5280419 0.5735888 0.5499127 0.5683647 0.5390826 0.5710739 0.6333615 0.7424563 0.4550729 0.4853282 0.4662460 0.6937251 0.7682171 0.6526136 0.6424301 0.6955981 0.7473256 0.7665492 0.7466970 0.8299392 0.8640513 0.8270468 0.8298088 0.7913994 0.8589557 0.8387167 0.8196228 0.8239250 0.8613918 0.8552707 0.8349504 0.8017044 0.8235876 0.8598288 0.9028183 0.8227550 0.8327824 0.8902583 0.8669873 0.8628423 0.8670515 0.8698908 0.8548826 0.8965590 0.9133022 0.8906360 0.8796293 0.8961538 0.8664567 0.8721106 0.8911235 0.9075040 0.8674822 0.9155081 0.7989614 0.7465382 0.7266481 0.6581815 0.7463039 0.6771777 0.7000336 0.6979214 0.7410301 0.6798026 0.6568409 0.7466985 0.7178013 0.7179051 0.6995945 0.6607548 0.7060586 0.7359559 0.8116497 0.8550478 0.7955526 1.1555830 0.8120110 1.9726773 2.0084929 2.0789532 2.7834808 
35_AD.AF.06.007H.GQ477450              0.5775088 0.5989866 0.6062393 0.6138733 0.6891980 0.6366548 0.6598820 0.6193477 0.5903476 0.4224508 0.4204648 0.4608371 0.3999824 0.4201728 0.0000000 0.4598690 0.4886162 0.4878305 0.5620983 0.5714723 0.6058006 0.5884361 0.6063711 0.5924767 0.6097546 0.6849809 0.7767926 0.5017546 0.5240230 0.4940240 0.7148953 0.8122976 0.6945750 0.6806528 0.7347010 0.7887795 0.8073528 0.7989337 0.9029831 0.9208012 0.8951189 0.8812326 0.8376552 0.9302581 0.8905291 0.8853939 0.8933874 0.9211056 0.9097406 0.9045963 0.8569799 0.8804951 0.8890299 0.9464763 0.8787185 0.8771842 0.9586124 0.9151284 0.9061196 0.9146937 0.8983207 0.9187147 0.9848877 0.9720932 0.9184388 0.9271321 0.9249002 0.8984371 0.9272203 0.9460657 0.9409781 0.9188017 0.9977071 0.8416712 0.8045914 0.7751409 0.6751840 0.7858879 0.7350850 0.7761041 0.7539648 0.7797423 0.7148695 0.7187020 0.7984907 0.7666498 0.7514243 0.7391000 0.7049679 0.7520657 0.7956340 0.8324290 0.8972207 0.8220478 1.2021847 0.8635136 2.0236270 2.0262464 2.0997555 2.7208302 
A1.CY.06.CY154.FJ388943                0.5200480 0.5142655 0.5380580 0.5363309 0.6088159 0.5745112 0.5771304 0.5443539 0.5152831 0.4480226 0.4469697 0.4695395 0.4138556 0.4110699 0.4598690 0.0000000 0.4256540 0.4725424 0.5065995 0.5076113 0.5327758 0.5272712 0.5329464 0.5236103 0.5536913 0.6076647 0.7402167 0.4321367 0.4640178 0.4910927 0.6690504 0.7702822 0.6228048 0.6172930 0.6647134 0.7267082 0.7183198 0.7280741 0.8230811 0.8565023 0.8010374 0.8128170 0.7573663 0.8439707 0.8162712 0.8249272 0.8136616 0.8402210 0.8335316 0.8127361 0.7867730 0.8062876 0.8313231 0.8911944 0.8170310 0.8027594 0.9055298 0.8356142 0.8475763 0.8519028 0.8319557 0.8281294 0.9005326 0.8717676 0.8638678 0.8475648 0.8444760 0.8301128 0.8455879 0.8806452 0.8862497 0.8952602 0.8948535 0.7755757 0.7172911 0.6929721 0.6505768 0.7906742 0.7164536 0.7298823 0.7397944 0.7684278 0.7102440 0.6925152 0.7827346 0.7546010 0.7293660 0.7375679 0.6992011 0.7420484 0.7691042 0.8176558 0.8573546 0.8249056 1.1455060 0.8095807 1.9676557 2.0079836 1.9829477 2.7859397 
A6.UA.12.DEMA112UA036.KU749406         0.5364642 0.5545301 0.5523164 0.5649298 0.6378044 0.6035184 0.6277989 0.5760866 0.5622066 0.4733609 0.4718806 0.5068564 0.4484009 0.4520887 0.4886162 0.4256540 0.0000000 0.4944058 0.5221393 0.5277402 0.5574250 0.5415132 0.5662393 0.5422320 0.5644408 0.6211548 0.7420681 0.4597636 0.5017364 0.5189013 0.7072489 0.7695962 0.6619460 0.6434455 0.6970303 0.7462653 0.7497721 0.7661579 0.8337650 0.8588592 0.8318535 0.8340605 0.8184773 0.8647038 0.8690643 0.8458434 0.8526624 0.8526827 0.8652384 0.8118861 0.8014473 0.8137699 0.8509468 0.8913244 0.8310762 0.8219545 0.9022455 0.8476808 0.8670276 0.8875491 0.8574290 0.8594887 0.8944299 0.9238919 0.9005983 0.8582710 0.8735613 0.8610082 0.8915927 0.8799206 0.9113093 0.8832226 0.9204970 0.7925738 0.7467290 0.7146488 0.6680708 0.7865238 0.7317360 0.7598172 0.7470194 0.7924197 0.7108407 0.6878591 0.7950584 0.7826124 0.7601820 0.7588679 0.7176764 0.7582393 0.7721860 0.8206308 0.8885204 0.8431558 1.1538816 0.8334571 1.9384429 2.0029705 1.9509092 2.7728784 
A1D.UG.99.99UGJ21953.AF484496          0.5820675 0.5700561 0.5884548 0.6027516 0.6876742 0.6478671 0.6549322 0.6185629 0.5928824 0.4816341 0.4717180 0.4986423 0.4510719 0.4353676 0.4878305 0.4725424 0.4944058 0.0000000 0.5888936 0.5967760 0.6318570 0.6104424 0.6361349 0.6105367 0.6291066 0.7032503 0.8179755 0.5040393 0.5355996 0.5055141 0.7370161 0.8193213 0.7029505 0.6806021 0.7418013 0.7922414 0.7856190 0.7754336 0.8989700 0.9238114 0.8793792 0.8796064 0.8449219 0.9241411 0.9016367 0.8969483 0.8864140 0.9133024 0.9140787 0.8870579 0.8491244 0.8589976 0.8912328 0.9417908 0.8653968 0.8641826 0.9488203 0.8975426 0.9027698 0.9076834 0.9053934 0.8981955 0.9735712 0.9559769 0.9250997 0.9086320 0.9228702 0.9169520 0.9105011 0.9219811 0.9495866 0.9377104 0.9765239 0.8492915 0.7958248 0.7592632 0.7269381 0.7636236 0.7169701 0.7496658 0.7381476 0.7705506 0.7051761 0.6846776 0.7514003 0.7334041 0.7418191 0.7359250 0.6985550 0.7308089 0.7703682 0.8118744 0.8787169 0.8094743 1.2080842 0.8583232 1.9528131 2.0023035 1.9788232 2.6942310 
01_AE.CN.02.YN0236.JX112866            0.6460006 0.6409173 0.6391053 0.6653569 0.7337527 0.7071077 0.7014279 0.6490845 0.6667683 0.5555762 0.5453419 0.5866190 0.5325043 0.5306012 0.5620983 0.5065995 0.5221393 0.5888936 0.0000000 0.1545838 0.2025496 0.2127605 0.2156749 0.2222303 0.2453093 0.3031824 0.3880831 0.4346630 0.5764657 0.6025920 0.4703249 0.5429549 0.7523301 0.7384559 0.8116872 0.8327111 0.8552257 0.8820856 0.9255298 0.9615319 0.9345574 0.9382403 0.8975407 0.9742081 0.9577287 0.9396356 0.9361932 0.9641235 0.9611505 0.9277723 0.8987437 0.9184514 0.9471307 0.9975656 0.9543170 0.9374605 0.9966947 0.9606002 0.9390377 0.9857124 0.9486594 0.9633762 1.0073845 1.0217406 0.9881272 0.9805731 1.0023165 0.9743730 0.9844196 0.9946716 1.0196921 0.9578042 1.0442690 0.8844040 0.8414507 0.8175107 0.7893823 0.8871523 0.8205772 0.8991705 0.8733048 0.8863007 0.8374244 0.8259522 0.9108864 0.8663640 0.8655695 0.8498498 0.8243434 0.8735894 0.9029021 0.9400535 1.0112101 0.9365381 1.2793660 0.9473240 2.0703747 2.0880575 2.0926187 2.8715122 
01_AE.TH.99.99TH_C4460.AY945726        0.6519321 0.6479240 0.6534743 0.6588161 0.7389810 0.7051840 0.7019240 0.6670586 0.6612088 0.5592322 0.5477603 0.5807825 0.5262441 0.5280419 0.5714723 0.5076113 0.5277402 0.5967760 0.1545838 0.0000000 0.2006974 0.2066622 0.2056620 0.2154939 0.2419531 0.2923157 0.3724917 0.4281312 0.5686551 0.6085384 0.4646175 0.5361910 0.7356306 0.7457303 0.7879299 0.8362503 0.8409530 0.8729761 0.9311361 0.9824594 0.9349581 0.9278144 0.9012356 0.9762171 0.9537784 0.9534595 0.9624025 0.9563190 0.9681187 0.9458626 0.9013996 0.9149695 0.9477961 0.9876543 0.9441770 0.9350842 1.0074917 0.9783883 0.9249733 0.9861368 0.9605549 0.9727733 0.9980948 1.0244846 0.9821690 0.9580344 0.9851006 0.9684053 0.9853638 0.9932423 1.0247757 0.9680419 1.0355371 0.8752183 0.8318282 0.8106653 0.7996822 0.9056901 0.8329927 0.8982161 0.8515556 0.8948572 0.8404100 0.8071421 0.9132428 0.8640227 0.8651478 0.8624870 0.8103661 0.8453048 0.8974131 0.9494044 0.9854666 0.9249683 1.2550701 0.9446379 2.0916308 2.1054088 2.1073703 2.8943423 
01_AE.TH.07.AA030a04.JX447057          0.6800001 0.6802408 0.6784795 0.6841249 0.7495916 0.7529306 0.7250355 0.6974366 0.6862465 0.5851298 0.6046226 0.6114572 0.5671551 0.5735888 0.6058006 0.5327758 0.5574250 0.6318570 0.2025496 0.2006974 0.0000000 0.2290856 0.2500549 0.2470719 0.2693759 0.3353486 0.4195916 0.4576364 0.6011137 0.6330847 0.4895658 0.5731037 0.7605963 0.7666788 0.8334848 0.8548618 0.8811824 0.8922624 0.9662423 1.0179491 0.9682802 0.9753078 0.9256650 0.9908346 0.9989514 0.9764756 0.9855331 1.0071676 0.9971727 0.9762308 0.9236633 0.9421633 0.9765243 1.0256000 0.9744996 0.9675745 1.0306286 0.9989839 0.9780345 1.0033342 0.9964833 1.0005155 1.0549858 1.0477548 1.0256752 1.0067329 1.0241898 0.9947926 1.0377794 1.0390664 1.0440218 1.0131828 1.0794094 0.9085177 0.8824922 0.8543465 0.7959715 0.9149283 0.8511722 0.9162122 0.8999679 0.9287479 0.8686575 0.8494172 0.9354345 0.8895676 0.8681317 0.8774023 0.8433872 0.8726585 0.9157761 0.9747884 1.0294472 0.9650972 1.3261416 0.9650387 2.1386274 2.1308684 2.1398441 2.8821444 
01_AE.CN.07.07CNYN326.KF835513         0.6760346 0.6764708 0.6687018 0.6795091 0.7470161 0.7218586 0.7175065 0.6873023 0.6809672 0.5789089 0.5884354 0.5929784 0.5619017 0.5499127 0.5884361 0.5272712 0.5415132 0.6104424 0.2127605 0.2066622 0.2290856 0.0000000 0.2541192 0.2498068 0.2824842 0.3345584 0.4070332 0.4481520 0.5984171 0.6144502 0.5004841 0.5690581 0.7725378 0.7561115 0.8191239 0.8506238 0.8575330 0.8879667 0.9417424 0.9907953 0.9611680 0.9606328 0.9248098 0.9799368 0.9644110 0.9427777 0.9752486 0.9800163 0.9656446 0.9559138 0.9192639 0.9423287 0.9616023 0.9995807 0.9486104 0.9521368 1.0159703 0.9744721 0.9671098 0.9948217 0.9693467 0.9633733 1.0319329 1.0479111 1.0043551 0.9806126 0.9942397 0.9790151 1.0190941 1.0059641 1.0409608 0.9790617 1.0350636 0.9175448 0.8586024 0.8437760 0.7793816 0.9064802 0.8366174 0.9050182 0.8835479 0.8760581 0.8511161 0.7978348 0.9055174 0.8747073 0.8593062 0.8581371 0.8223495 0.8505175 0.9188463 0.9487302 1.0181699 0.9475434 1.2815336 0.9582535 2.0925780 2.1131855 2.1228858 2.9079458 
01_AE.CN.07.GX070143.JX112835          0.6869071 0.6707550 0.6826538 0.6938958 0.7639221 0.7552321 0.7424422 0.6920947 0.7052629 0.6094982 0.5934657 0.6248829 0.5693179 0.5683647 0.6063711 0.5329464 0.5662393 0.6361349 0.2156749 0.2056620 0.2500549 0.2541192 0.0000000 0.2647655 0.2861529 0.3417680 0.4223055 0.4628466 0.6225141 0.6517057 0.5198489 0.5850813 0.7894356 0.7727671 0.8279845 0.8629797 0.8806339 0.8936423 0.9809260 1.0279483 0.9881279 0.9724806 0.9299782 1.0223261 0.9938815 0.9708984 0.9834573 1.0095669 0.9957917 0.9922152 0.9410919 0.9767212 0.9858790 1.0268152 1.0059521 0.9537482 1.0578606 1.0120302 0.9838798 1.0343414 1.0214622 1.0056007 1.0681814 1.0667390 1.0427857 1.0158712 1.0191156 1.0232650 1.0509775 1.0412958 1.0639467 1.0174562 1.0793434 0.9165616 0.8859068 0.8582726 0.8141613 0.9415123 0.8465159 0.9301217 0.8888613 0.9348546 0.8760148 0.8382735 0.9287081 0.9023817 0.8825720 0.8839801 0.8377459 0.8799964 0.9237105 0.9899344 1.0267685 0.9731939 1.3000862 0.9522932 2.1422485 2.1740721 2.1404796 2.9976794 
01_AE.TH.05.AA101a_WG1.JX447936        0.6683369 0.6551856 0.6489102 0.6686384 0.7377135 0.7199297 0.7190446 0.6730306 0.6688337 0.5690484 0.5671914 0.6101705 0.5571393 0.5390826 0.5924767 0.5236103 0.5422320 0.6105367 0.2222303 0.2154939 0.2470719 0.2498068 0.2647655 0.0000000 0.2688210 0.3340453 0.4369640 0.4478573 0.5942669 0.6164338 0.4989020 0.5676538 0.7604313 0.7534806 0.8111416 0.8521064 0.8607894 0.8865545 0.9327317 1.0011948 0.9584214 0.9601835 0.9266959 0.9813629 0.9578870 0.9488923 0.9782725 0.9699462 0.9993465 0.9509259 0.9120305 0.9253338 0.9707157 0.9945461 0.9625341 0.9540741 0.9979865 0.9703553 0.9617277 1.0062290 0.9712458 0.9732866 1.0311665 1.0457964 1.0027793 0.9800372 1.0048032 0.9873243 1.0196263 1.0109566 1.0368101 0.9994336 1.0490621 0.9051942 0.8603656 0.8344980 0.7795164 0.9092949 0.8693828 0.9020515 0.8902305 0.8956803 0.8630849 0.8304202 0.9173453 0.8802544 0.8741923 0.8717144 0.8318550 0.8756981 0.9167767 0.9569341 1.0053562 0.9678779 1.2637337 0.9522607 2.1541472 2.2082162 2.1529075 2.9853947 
01_AE.CN.07.07CNYN343.KF835528         0.6808741 0.6810146 0.6922134 0.7043260 0.7622232 0.7540018 0.7302066 0.7008605 0.6929503 0.5832428 0.5786274 0.6235208 0.5690765 0.5710739 0.6097546 0.5536913 0.5644408 0.6291066 0.2453093 0.2419531 0.2693759 0.2824842 0.2861529 0.2688210 0.0000000 0.3603248 0.4494521 0.4696238 0.6175618 0.6403543 0.5205999 0.5871403 0.7844462 0.7781385 0.8335849 0.8817386 0.9092872 0.9242569 0.9558779 1.0291802 0.9658439 0.9970707 0.9413554 1.0180884 0.9996567 0.9914889 1.0102068 1.0109730 0.9922510 0.9691156 0.9309642 0.9505911 0.9909826 1.0122279 0.9948639 0.9870034 1.0567365 1.0003199 0.9987912 1.0154513 1.0122345 1.0088241 1.0492265 1.0605372 1.0147120 1.0054899 1.0360150 1.0019912 1.0566289 1.0387475 1.0496428 1.0378484 1.0676793 0.9352179 0.8687710 0.8402593 0.8344174 0.9338176 0.8561216 0.9140669 0.8946898 0.9260749 0.8703290 0.8534179 0.9323793 0.9043377 0.8937526 0.8808261 0.8688093 0.8951507 0.9082096 0.9742678 1.0522584 0.9623097 1.2894085 0.9709329 2.1340405 2.1383274 2.1164231 3.0101247 
01BC.CN.13.SZ95LS8027.KX379000         0.7342838 0.7365511 0.7550675 0.7460615 0.8388276 0.8073400 0.7892751 0.7869274 0.7547483 0.6590007 0.6548226 0.6873472 0.6314931 0.6333615 0.6849809 0.6076647 0.6211548 0.7032503 0.3031824 0.2923157 0.3353486 0.3345584 0.3417680 0.3340453 0.3603248 0.0000000 0.5030428 0.5239348 0.6894392 0.7086257 0.5866799 0.6633131 0.8338370 0.8627498 0.9359343 0.9306149 0.9534946 0.9706094 1.0332548 1.0630818 1.0202879 1.0430775 0.9873902 1.0760569 1.0320271 1.0192198 1.0201608 1.0415947 1.0540340 1.0130763 0.9588683 1.0350195 1.0541535 1.0785843 1.0370435 1.0004304 1.0881949 1.0571865 1.0370151 1.0965179 1.0535721 1.0647053 1.1014002 1.1160571 1.0707940 1.0541787 1.0892212 1.0501041 1.1064912 1.0777404 1.1230788 1.0848348 1.1253420 0.9813306 0.9229184 0.9115903 0.8785850 1.0055019 0.9155013 0.9940211 0.9708741 0.9894769 0.9405326 0.9085614 1.0071224 0.9600507 0.9565624 0.9302903 0.9021530 0.9566400 0.9705872 1.0351410 1.0813027 1.0175947 1.3592909 1.0313540 2.1737439 2.1981361 2.1799827 3.0725800 
69_01B.JP.05.05JPMYC113SP420.LC027100  0.8585228 0.8577227 0.8633530 0.8986103 0.9385628 0.9149006 0.9231059 0.8827134 0.8739361 0.7816853 0.7821951 0.7997575 0.7715617 0.7424563 0.7767926 0.7402167 0.7420681 0.8179755 0.3880831 0.3724917 0.4195916 0.4070332 0.4223055 0.4369640 0.4494521 0.5030428 0.0000000 0.6315123 0.7816210 0.8290663 0.6762189 0.7651978 0.9704962 0.9479386 1.0152767 1.0423007 1.0494124 1.0702037 1.1394274 1.1745597 1.1387205 1.1754159 1.1072747 1.1557716 1.1364572 1.1452462 1.1374124 1.1945789 1.1638313 1.1436694 1.0944968 1.0992615 1.1159475 1.1791929 1.1490755 1.1299112 1.2061858 1.1708284 1.1146512 1.1913974 1.1690983 1.1677160 1.2133263 1.2101108 1.1778872 1.1654668 1.1585954 1.1700787 1.2129638 1.1954036 1.2031074 1.1824482 1.2223664 1.1051866 1.0399270 0.9941770 0.9990015 1.0984786 1.0383963 1.0963377 1.0488238 1.0903432 1.0494111 1.0338995 1.1206838 1.0598635 1.0412182 1.0495246 1.0367233 1.0517140 1.0706412 1.1647000 1.2075758 1.1300164 1.4527063 1.1316640 2.2583609 2.2816202 2.2745874 3.1205267 
22_01A1.CM.02.02CM_1867LE.AY371165     0.5516777 0.5593345 0.5620387 0.5759797 0.6530909 0.6183518 0.6247113 0.5871199 0.5577692 0.4971945 0.4748331 0.5051895 0.4640372 0.4550729 0.5017546 0.4321367 0.4597636 0.5040393 0.4346630 0.4281312 0.4576364 0.4481520 0.4628466 0.4478573 0.4696238 0.5239348 0.6315123 0.0000000 0.5015504 0.5356674 0.5920826 0.6628444 0.6679921 0.6797314 0.7099822 0.7660177 0.7657310 0.7849721 0.8540677 0.8912124 0.8562223 0.8390148 0.8079646 0.8881522 0.8602262 0.8471560 0.8659061 0.8691596 0.8813667 0.8416395 0.8246986 0.8317328 0.8622403 0.9009684 0.8338942 0.8379810 0.9087571 0.8761280 0.8634748 0.8759175 0.8564517 0.8602642 0.9555099 0.9247886 0.8863357 0.8746519 0.8915398 0.8678833 0.8941886 0.9043453 0.9239093 0.8958179 0.9499744 0.7996405 0.7683060 0.7476421 0.6976541 0.8129639 0.7404024 0.7819027 0.7662486 0.7946916 0.7208599 0.7076825 0.8128349 0.7717929 0.7768979 0.7626105 0.7248385 0.7549544 0.8027340 0.8670708 0.9023306 0.8641309 1.1765480 0.8443841 1.9821562 2.0577099 2.0029100 2.7973602 
45_cpx.CD.97.97CD_MBFE185.FN392874     0.4882350 0.4864042 0.4975094 0.5040941 0.5700676 0.5536540 0.5590932 0.5156433 0.4993904 0.5001102 0.5103820 0.5276177 0.4833986 0.4853282 0.5240230 0.4640178 0.5017364 0.5355996 0.5764657 0.5686551 0.6011137 0.5984171 0.6225141 0.5942669 0.6175618 0.6894392 0.7816210 0.5015504 0.0000000 0.5555926 0.7279245 0.8078866 0.5872050 0.5934683 0.6503301 0.7001912 0.7090545 0.7116916 0.8031458 0.8187744 0.7650829 0.8099615 0.7490216 0.8266606 0.7953788 0.7950800 0.8063027 0.8100194 0.8157892 0.7836912 0.7586404 0.7471082 0.7947102 0.8503006 0.7903369 0.7673184 0.8406247 0.7985459 0.8254709 0.8364027 0.8292560 0.8349415 0.8702902 0.8653590 0.8465350 0.8134996 0.8316572 0.8190745 0.8330271 0.8400763 0.8384580 0.8405583 0.8533559 0.7394343 0.6903287 0.6761834 0.6227628 0.8098812 0.7638505 0.8066923 0.7756383 0.8247796 0.7507483 0.7326317 0.8251917 0.7874971 0.7824978 0.7826428 0.7433874 0.7966241 0.8100030 0.8481716 0.9314031 0.8753661 1.0963190 0.7731229 1.8372083 1.8536826 1.9097605 2.6967766 
A1C.UG.99.99UGF25926.AF484491          0.5906256 0.5958072 0.6106153 0.6074649 0.6914962 0.6526645 0.6540330 0.6376958 0.6100539 0.4877538 0.4861452 0.5113872 0.4613508 0.4662460 0.4940240 0.4910927 0.5189013 0.5055141 0.6025920 0.6085384 0.6330847 0.6144502 0.6517057 0.6164338 0.6403543 0.7086257 0.8290663 0.5356674 0.5555926 0.0000000 0.7778268 0.8594599 0.7164193 0.7062266 0.7807799 0.8123885 0.8111803 0.8127822 0.9135994 0.9442150 0.8947004 0.9184376 0.8709942 0.9510520 0.9135453 0.9154006 0.9257994 0.9265203 0.9344283 0.8933199 0.8643059 0.9013902 0.9191884 0.9877996 0.9066890 0.9128552 0.9952306 0.9358640 0.9042428 0.9666262 0.9390174 0.9451229 0.9998477 1.0065241 0.9424061 0.9254541 0.9531495 0.9075341 0.9717518 0.9503326 0.9799962 0.9537564 1.0373685 0.8812231 0.8157646 0.7838791 0.7401154 0.6472413 0.6099963 0.6359489 0.6522938 0.6810562 0.6061706 0.5955370 0.6902881 0.6559908 0.6515143 0.6303413 0.5920151 0.6306715 0.6733240 0.7372381 0.7690958 0.7195128 1.2060177 0.8928330 2.0796764 2.1160586 2.0917849 2.7800638 
0107.CN.15.HB041501.KY019257           0.8023759 0.8013400 0.7939518 0.8000763 0.8980825 0.8430835 0.8673969 0.8388933 0.7978225 0.7061356 0.7090872 0.7313646 0.6812556 0.6937251 0.7148953 0.6690504 0.7072489 0.7370161 0.4703249 0.4646175 0.4895658 0.5004841 0.5198489 0.4989020 0.5205999 0.5866799 0.6762189 0.5920826 0.7279245 0.7778268 0.0000000 0.4380569 0.8767382 0.8781341 0.9342531 0.9610735 1.0130983 1.0221592 1.0417060 1.1006148 1.0386563 1.0722317 1.0282285 1.0936780 1.0582249 1.0487471 1.0724452 1.1000977 1.0686028 1.0786406 1.0017421 1.0355444 1.0875629 1.1166831 1.0367510 1.0585313 1.1069593 1.0802015 1.0690052 1.1245788 1.0929365 1.1075419 1.1026737 1.1315115 1.1004728 1.0992229 1.1196459 1.0855747 1.1245028 1.1122965 1.1182442 1.1142614 1.1474844 1.0219395 0.9587687 0.9213322 0.8876861 0.9901516 0.9906769 1.0286417 1.0104094 1.0249934 0.9797771 0.9722013 1.0309123 1.0114162 1.0042440 0.9862064 0.9633464 1.0034035 1.0631364 1.1174899 1.1379615 1.1124237 1.3519653 1.0512327 2.2258206 2.2720059 2.2738892 3.0040187 
01BC.CN.14.BJ.2014.MSM.SP01.KP668994   0.8826064 0.8812396 0.8714012 0.9013234 0.9723051 0.9372195 0.9400258 0.9219136 0.8795970 0.8126470 0.7935237 0.8281870 0.7877471 0.7682171 0.8122976 0.7702822 0.7695962 0.8193213 0.5429549 0.5361910 0.5731037 0.5690581 0.5850813 0.5676538 0.5871403 0.6633131 0.7651978 0.6628444 0.8078866 0.8594599 0.4380569 0.0000000 0.9883085 0.9509329 1.0319159 1.0862782 1.1201494 1.0871791 1.1647500 1.1946756 1.1522029 1.1561524 1.1237687 1.2041182 1.1804978 1.1524830 1.1884862 1.2181845 1.1983147 1.1702878 1.1268959 1.1504994 1.1780375 1.1955759 1.1396533 1.1526495 1.2288830 1.1846606 1.1521988 1.1706677 1.1550968 1.1969046 1.2216982 1.2259576 1.2103717 1.2199588 1.2261539 1.2033171 1.2248845 1.2088403 1.2447910 1.2115738 1.2560901 1.1374778 1.0607939 1.0398234 0.9993904 1.1391122 1.0365901 1.1275797 1.1277714 1.1434686 1.0589717 1.0878310 1.1145380 1.0979978 1.0942757 1.0757522 1.0470258 1.0870506 1.0864852 1.1960739 1.2609528 1.2125628 1.5285158 1.1200755 2.3731371 2.3989869 2.4140636 3.0618543 
93_cpx.CD.08.DRC653.MF372651           0.5098262 0.5305547 0.5225600 0.5431753 0.6051845 0.5764703 0.5712560 0.5572813 0.5715631 0.6638750 0.6785077 0.7103407 0.6552089 0.6526136 0.6945750 0.6228048 0.6619460 0.7029505 0.7523301 0.7356306 0.7605963 0.7725378 0.7894356 0.7604313 0.7844462 0.8338370 0.9704962 0.6679921 0.5872050 0.7164193 0.8767382 0.9883085 0.0000000 0.6521257 0.6956004 0.7553813 0.7781770 0.7238168 0.9225127 0.9895102 0.9417928 0.9272575 0.8789829 0.9463133 0.9442534 0.9408225 0.9596897 0.9663863 0.9599237 0.9454662 0.9083329 0.9224464 0.9462049 0.9912030 0.9370574 0.9338523 0.9971410 0.9290040 0.9261665 0.9851863 0.9641220 0.9619790 1.0116054 1.0124581 0.9610433 0.9570344 0.9664543 0.9337901 0.9975823 0.9893233 0.9957888 0.9720193 0.9957502 0.8726775 0.8218726 0.7910501 0.7694964 1.0064343 0.8977174 0.9487322 0.9430421 0.9811954 0.8912077 0.8983193 0.9624505 0.9327615 0.9556367 0.9083265 0.8845353 0.9565178 0.9626020 1.0207858 1.0728737 1.0181849 1.2369956 0.9004650 1.9327586 1.9734817 1.9388597 2.6949453 
G.NG.92.92NG083_JV10832.U88826         0.5573784 0.5611609 0.5594035 0.5647130 0.6580555 0.6187612 0.6138539 0.5920027 0.5318837 0.6705556 0.6700843 0.7172970 0.6465992 0.6424301 0.6806528 0.6172930 0.6434455 0.6806021 0.7384559 0.7457303 0.7666788 0.7561115 0.7727671 0.7534806 0.7781385 0.8627498 0.9479386 0.6797314 0.5934683 0.7062266 0.8781341 0.9509329 0.6521257 0.0000000 0.3536779 0.3977851 0.4327748 0.7645183 0.9321910 0.9702198 0.9235721 0.9220502 0.8840425 0.9561671 0.9109840 0.9328437 0.9337316 0.9515459 0.9457680 0.9027174 0.8796315 0.8798906 0.9301528 1.0016112 0.9309020 0.8887622 0.9899294 0.9304437 0.9192301 0.9715913 0.9413867 0.9445074 1.0171748 1.0005370 0.9503301 0.9475702 0.9531888 0.9305660 0.9501758 0.9961212 0.9697540 0.9531827 1.0042149 0.8787475 0.8260944 0.7915105 0.7379740 0.9844324 0.9156335 0.9720533 0.9342690 0.9764718 0.8909848 0.9094131 0.9753201 0.9427352 0.9408904 0.9204201 0.9050878 0.9503588 0.9594986 1.0346331 1.0808972 1.0357502 1.2058833 0.8981572 1.9348718 2.0035761 2.0411831 2.6618369 
G.NG.09.09NG010261.KX389626            0.6027953 0.6136223 0.5997594 0.6253357 0.7049886 0.6587851 0.6560132 0.6283852 0.5857062 0.7196466 0.7179451 0.7558979 0.7057259 0.6955981 0.7347010 0.6647134 0.6970303 0.7418013 0.8116872 0.7879299 0.8334848 0.8191239 0.8279845 0.8111416 0.8335849 0.9359343 1.0152767 0.7099822 0.6503301 0.7807799 0.9342531 1.0319159 0.6956004 0.3536779 0.0000000 0.4566705 0.4919385 0.8165890 0.9581882 1.0092463 0.9586616 0.9470355 0.9045925 0.9958585 0.9649332 0.9856376 0.9807657 0.9837041 0.9868031 0.9470984 0.9276118 0.9144763 0.9882278 1.0214535 0.9671086 0.9544645 1.0346943 0.9762520 0.9748118 1.0116061 0.9769964 0.9733992 1.0473865 1.0389066 0.9821648 1.0082927 1.0072692 0.9707460 0.9983802 1.0298896 1.0259100 1.0264662 1.0511563 0.9267388 0.8781799 0.8289957 0.7961432 1.0372300 0.9560389 0.9906775 1.0031566 1.0421882 0.9517579 0.9587562 1.0328864 0.9970731 0.9910925 0.9752417 0.9690499 1.0154688 1.0190603 1.0890786 1.1467546 1.0759004 1.2653190 0.9320894 1.9937059 2.0613735 2.1291586 2.7588810 
01F2G.CM.02.LT31.JN864056              0.6456434 0.6571922 0.6518535 0.6753778 0.7507844 0.7081166 0.7295122 0.6888072 0.6202815 0.7725881 0.7783981 0.7908390 0.7540162 0.7473256 0.7887795 0.7267082 0.7462653 0.7922414 0.8327111 0.8362503 0.8548618 0.8506238 0.8629797 0.8521064 0.8817386 0.9306149 1.0423007 0.7660177 0.7001912 0.8123885 0.9610735 1.0862782 0.7553813 0.3977851 0.4566705 0.0000000 0.4259429 0.8717998 1.0263547 1.0544724 1.0167226 0.9940762 0.9600387 1.0612008 1.0105099 1.0379111 1.0269992 1.0236242 1.0521024 1.0215457 0.9735253 1.0060184 1.0562311 1.0919771 1.0320666 1.0103790 1.0490209 1.0291792 1.0221672 1.0729208 1.0347820 1.0781245 1.1148720 1.0966876 1.0586525 1.0628469 1.0565185 1.0324214 1.0633494 1.1014615 1.0800318 1.0695606 1.1106674 0.9882986 0.9272867 0.8932305 0.8489626 1.1243262 1.0102843 1.0374160 1.0597695 1.0681217 1.0198212 1.0104824 1.0986626 1.0448690 1.0275273 1.0138170 0.9889342 1.0370266 1.0553998 1.1068269 1.1808004 1.1525923 1.3015164 1.0071864 2.0363841 2.0948337 2.0934969 2.7251274 
BCG.ES.15.100_119.KY496623             0.6684488 0.6574107 0.6570584 0.6843132 0.7410453 0.7125066 0.7292657 0.7015024 0.6453395 0.7851373 0.7764729 0.8009208 0.7517090 0.7665492 0.8073528 0.7183198 0.7497721 0.7856190 0.8552257 0.8409530 0.8811824 0.8575330 0.8806339 0.8607894 0.9092872 0.9534946 1.0494124 0.7657310 0.7090545 0.8111803 1.0130983 1.1201494 0.7781770 0.4327748 0.4919385 0.4259429 0.0000000 0.8894906 1.0259473 1.0755545 1.0165372 1.0252227 0.9898112 1.0619140 1.0247772 1.0487229 1.0523518 1.0584115 1.0766263 1.0236541 1.0040347 1.0066949 1.0563600 1.1230924 1.0242691 1.0044482 1.1206892 1.0499665 1.0454532 1.0819130 1.0322795 1.0652198 1.1169840 1.0939281 1.0724108 1.0620332 1.0742480 1.0779940 1.0873277 1.0857275 1.0803915 1.0973219 1.1512115 0.9728639 0.9494872 0.9164377 0.8706938 1.0872581 1.0347159 1.0744921 1.0763048 1.0898037 1.0290172 1.0234547 1.1258224 1.0675687 1.0619297 1.0290788 1.0109441 1.0652128 1.0890671 1.1393821 1.2117778 1.1425890 1.3705997 1.0226941 2.0356026 2.0708953 2.1570918 2.8771255 
06_cpx.SN.97.97SE1078.AJ288981         0.5639373 0.5627139 0.5586689 0.5672018 0.6426521 0.6247662 0.6570719 0.6414967 0.6889182 0.7715234 0.7793836 0.8006488 0.7569604 0.7466970 0.7989337 0.7280741 0.7661579 0.7754336 0.8820856 0.8729761 0.8922624 0.8879667 0.8936423 0.8865545 0.9242569 0.9706094 1.0702037 0.7849721 0.7116916 0.8127822 1.0221592 1.0871791 0.7238168 0.7645183 0.8165890 0.8717998 0.8894906 0.0000000 1.0337313 1.0841303 1.0211517 1.0265137 0.9726658 1.0425568 1.0296158 1.0335559 1.0246586 1.0383002 1.0391516 1.0125078 0.9658781 1.0100826 1.0531330 1.0587484 1.0309380 1.0209306 1.0670571 1.0351648 1.0453515 1.0660806 1.0505602 1.0359202 1.1045997 1.0721833 1.0711855 1.0824267 1.0726579 1.0392915 1.0767979 1.0539139 1.0697244 1.0659282 1.1113361 0.9842384 0.9160454 0.8950322 0.8624442 1.1162999 1.0090115 1.0394187 1.0523919 1.0983909 1.0328761 1.0042214 1.0617853 1.0607654 1.0466879 1.0073631 0.9920625 1.0533994 1.0699317 1.0785775 1.1830055 1.1249183 1.3606380 1.0186480 2.0179999 2.0245713 2.0504049 2.7224250 
