100
02A1.GH.97.97GH_AG2.AB052867           0.0000000 0.3549659 0.3592743 0.3803604 0.4349415 0.3704263 0.4477115 0.4141047 0.4621055 0.5630391 0.5626243 0.5851118 0.5282224 0.5418382 0.5774950 0.5200409 0.5364586 0.5820503 0.6459827 0.6519118 0.6799817 0.6760175 0.6868848 0.6683162 0.6808564 0.7342580 0.8584779 0.5516684 0.4882278 0.5906131 0.8023373 0.8825585 0.5098162 0.5573667 0.6027846 0.6456230 0.6684300 0.5639263 0.8079969 0.8351149 0.7890442 0.7992237 0.7512367 0.8379456 0.8126260 0.8121913 0.8175173 0.8143580 0.8219172 0.8106776 0.7617944 0.7988609 0.8151972 0.8367857 0.8000693 0.7835282 0.8717562 0.8304448 0.8185247 0.8305170 0.8064456 0.8155298 0.8730530 0.8752661 0.8536675 0.8393063 0.8522759 0.8044361 0.8481887 0.8539504 0.8677067 0.8649590 0.8883391 0.7505599 0.7100828 0.6797325 0.6510858 0.8893780 0.8137381 0.8643148 0.8680804 0.8979565 0.7904138 0.7949858 0.8846361 0.8617760 0.8384433 0.8127223 0.8164185 0.8463742 0.8858002 0.9405024 0.9910847 0.9500126 1.1241603 0.7698018 1.7905096 1.8227513 1.8179975 2.5706493 
02_AG.CM.02.02CM_3217MN.GU201514       0.3549659 0.0000000 0.2562270 0.2878939 0.3539093 0.4111675 0.4449139 0.4156433 0.4851653 0.5750022 0.5668145 0.5991223 0.5327917 0.5474271 0.5989689 0.5142533 0.5545157 0.5700370 0.6408934 0.6478991 0.6802182 0.6764467 0.6707271 0.6551582 0.6809893 0.7365206 0.8576772 0.5593226 0.4863945 0.5957889 0.8012941 0.8811872 0.5305423 0.5611442 0.6136057 0.6571696 0.6573864 0.5626927 0.8365552 0.8680429 0.8057270 0.8201624 0.7792045 0.8521199 0.8281633 0.8482432 0.8417866 0.8587816 0.8530775 0.8298223 0.7850370 0.7970218 0.8350261 0.8867731 0.7938803 0.8071812 0.8825833 0.8321952 0.8392690 0.8646090 0.8343523 0.8512064 0.9171167 0.9108603 0.8719212 0.8341378 0.8656800 0.8399017 0.8641175 0.8785501 0.9117198 0.8664928 0.9289668 0.7506690 0.7150033 0.6823478 0.6357060 0.8835002 0.8189527 0.8547000 0.8491932 0.8667461 0.8134832 0.8009365 0.8834319 0.8608547 0.8548446 0.8525285 0.8330552 0.8576561 0.8674944 0.9240213 1.0102079 0.9372240 1.1339807 0.8038658 1.6978721 1.7722377 1.7502351 2.4499458 
02_AG.GW.04.CC_0030.FJ694791           0.3592743 0.2562270 0.0000000 0.2814810 0.3626112 0.4013748 0.4573219 0.4145710 0.4822057 0.5688738 0.5675185 0.6185390 0.5542555 0.5518566 0.6062165 0.5380421 0.5523015 0.5884313 0.6390801 0.6534445 0.6784529 0.6686766 0.6826210 0.6488785 0.6921812 0.7550259 0.8632995 0.5620224 0.4974952 0.6105921 0.7939047 0.8713451 0.5225442 0.5593854 0.5997418 0.6518255 0.6570324 0.5586476 0.8116770 0.8567522 0.8073430 0.7985973 0.7567419 0.8368856 0.8174208 0.8319723 0.8181667 0.8363327 0.8290388 0.8180484 0.7719515 0.7828288 0.8272773 0.8509536 0.7875338 0.7881081 0.8847963 0.8204345 0.8284209 0.8586290 0.8446613 0.8468247 0.8852027 0.8754924 0.8760087 0.8463701 0.8650693 0.8215082 0.8549094 0.8642013 0.8625128 0.8392701 0.8987876 0.7692980 0.7248569 0.6776574 0.6421086 0.8838240 0.8373213 0.8767205 0.8772347 0.8848166 0.8425169 0.8198549 0.8857880 0.8829468 0.8879164 0.8400810 0.8246803 0.8619786 0.8777970 0.9471257 1.0088224 0.9708429 1.1063088 0.8041725 1.7162837 1.7597021 1.7460322 2.5443333 
02_AG.GW.14.DE00214GW009.MH078544      0.3803604 0.2878939 0.2814810 0.0000000 0.3805520 0.4308341 0.4616998 0.4253747 0.5015468 0.5782074 0.5863052 0.6193593 0.5398612 0.5636316 0.6138548 0.5363173 0.5649123 0.6027311 0.6653328 0.6587877 0.6841023 0.6794837 0.6938685 0.6686127 0.7042968 0.7460258 0.8985574 0.5759653 0.5040853 0.6074461 0.8000350 0.9012666 0.5431633 0.5647002 0.6253215 0.6753523 0.6842877 0.5671870 0.8432513 0.8766442 0.8394929 0.8447667 0.8052133 0.8604927 0.8506692 0.8539574 0.8405341 0.8620176 0.8617523 0.8357046 0.7920046 0.8252831 0.8754946 0.8888659 0.8247286 0.8238146 0.9062478 0.8626848 0.8570054 0.8598596 0.8561173 0.8713208 0.9171552 0.9073798 0.8935459 0.8698781 0.8889501 0.8419815 0.8821157 0.9183303 0.9065061 0.8729784 0.9556670 0.7875956 0.7364860 0.7094232 0.6646909 0.8971181 0.8463250 0.8768996 0.8822441 0.8871314 0.8451934 0.8396044 0.8870275 0.8673292 0.8630351 0.8648808 0.8209457 0.8627160 0.9196428 0.9452743 1.0277499 0.9705946 1.1444745 0.8048377 1.7674366 1.8273608 1.8273439 2.6114128 
02D.GH.03.GHNJ193.AB231897             0.4349415 0.3539093 0.3626112 0.3805520 0.0000000 0.5026188 0.5174600 0.5018878 0.5559155 0.6367422 0.6457569 0.6834526 0.6208020 0.6426261 0.6891721 0.6087969 0.6377842 0.6876417 0.7337194 0.7389468 0.7495627 0.7469829 0.7638818 0.7376786 0.7621865 0.8387758 0.9385033 0.6530685 0.5700506 0.6914694 0.8980218 0.9722343 0.6051657 0.6580348 0.7049589 0.7507475 0.7410100 0.6426266 0.8901784 0.9295301 0.8903572 0.9062927 0.8513883 0.9335667 0.9047027 0.9146362 0.9180441 0.9379821 0.9240649 0.9003760 0.8527239 0.9125558 0.9259758 0.9325886 0.8927469 0.8861019 0.9465905 0.9173175 0.9200570 0.9319855 0.9290900 0.9285078 0.9842228 0.9451827 0.9871219 0.9373676 0.9591695 0.9273437 0.9459803 0.9650103 0.9616870 0.9572396 1.0132591 0.8679337 0.8186029 0.7864325 0.7451460 0.9620485 0.9169129 0.9265240 0.9565375 0.9752048 0.9270393 0.9093240 0.9799144 0.9624302 0.9787811 0.9310064 0.8993263 0.9573657 0.9894164 1.0381376 1.1181120 1.0475526 1.2473133 0.9139499 1.7790694 1.8380065 1.8366057 2.5519586 
02A.CI.16.DEURF16CI011.MH078538        0.3704263 0.4111675 0.4013748 0.4308341 0.5026188 0.0000000 0.4811979 0.4540574 0.5267190 0.6101488 0.6159035 0.6334541 0.5831752 0.5982127 0.6366325 0.5744957 0.6034992 0.6478367 0.7070793 0.7051533 0.7529018 0.7218319 0.7551971 0.7199032 0.7539684 0.8072968 0.9148480 0.6183315 0.5536383 0.6526394 0.8430347 0.9371589 0.5764561 0.6187397 0.6587661 0.7080904 0.7124770 0.6247428 0.8639315 0.8967488 0.8526523 0.8547003 0.8030648 0.8920424 0.8788319 0.8767355 0.8866795 0.8748799 0.8967871 0.8446811 0.8143975 0.8422171 0.8839042 0.9127950 0.8526823 0.8589025 0.9460640 0.8925770 0.8725805 0.9052619 0.8718280 0.8873273 0.9676978 0.9385516 0.9092854 0.9003898 0.9115177 0.8683499 0.9202442 0.9222775 0.9301247 0.9097975 0.9724698 0.8076819 0.7508251 0.7423638 0.7056934 0.9300153 0.8766280 0.8771843 0.8781637 0.9143269 0.8472283 0.8437597 0.9222002 0.8819448 0.8924723 0.8686829 0.8605643 0.8808505 0.9021676 0.9655826 1.0319480 0.9859844 1.1712027 0.8548095 1.8023625 1.8813959 1.8963178 2.6296359 
U.ES.10.DEURF10DZ001.JX140679          0.4477115 0.4449139 0.4573219 0.4616998 0.5174600 0.4811979 0.0000000 0.4143960 0.5358157 0.6255578 0.6114901 0.6510344 0.5908543 0.5966241 0.6598564 0.5771177 0.6277770 0.6549004 0.7013959 0.7018915 0.7250045 0.7174780 0.7424056 0.7190130 0.7301751 0.7892331 0.9230496 0.6246921 0.5590804 0.6540071 0.8673415 0.9399591 0.5712373 0.6138371 0.6559893 0.7294804 0.7292353 0.6570425 0.8863154 0.9352931 0.8692729 0.8754240 0.8388704 0.9075608 0.8954576 0.9047255 0.8942268 0.9225829 0.9112279 0.8925622 0.8702885 0.8527740 0.8969103 0.9123170 0.8989090 0.8762218 0.9671220 0.9198687 0.9041505 0.9250251 0.8981212 0.9203697 0.9779775 0.9712838 0.9314288 0.9224381 0.9560822 0.9119550 0.9347781 0.9713668 0.9392278 0.9321850 0.9922454 0.8226782 0.7759772 0.7621214 0.7058913 0.9514899 0.8988856 0.9028750 0.8975551 0.9143747 0.8586698 0.8648569 0.9156590 0.9157799 0.8876857 0.8723001 0.8444960 0.8902393 0.9432963 0.9787666 1.0635706 0.9962769 1.2291798 0.8715875 1.8215063 1.9461064 1.9338822 2.6708738 
0206.SN.12.LA56Senegl.KU168299         0.4141047 0.4156433 0.4145710 0.4253747 0.5018878 0.4540574 0.4143960 0.0000000 0.5011830 0.5896331 0.5828360 0.6093707 0.5516166 0.5489910 0.6193249 0.5443392 0.5760746 0.6185373 0.6490585 0.6670318 0.6974088 0.6872778 0.6920653 0.6730032 0.7008333 0.7868871 0.8826632 0.5871029 0.5156292 0.6376711 0.8388451 0.9218524 0.5572662 0.5919847 0.6283698 0.6887799 0.7014762 0.6414711 0.8386929 0.8736864 0.8405503 0.8594299 0.8030144 0.8730752 0.8678398 0.8644616 0.8731960 0.8892833 0.8534998 0.8399388 0.8009802 0.8320753 0.8606093 0.8900609 0.8454817 0.8243026 0.9189681 0.8755418 0.8520446 0.8824034 0.8475359 0.8774793 0.9294459 0.9113901 0.8836008 0.8771119 0.9088742 0.8383709 0.8926081 0.9051535 0.9188916 0.9015252 0.9277422 0.8015842 0.7582103 0.7108320 0.6547270 0.8970828 0.8380660 0.8894260 0.8850041 0.8917859 0.8310008 0.8135829 0.9155839 0.8906960 0.8710802 0.8724168 0.8349611 0.8785787 0.9069929 0.9681222 1.0336719 0.9599943 1.1837880 0.8301276 1.8257048 1.8830012 1.8640605 2.6589919 
AGU.CM.06.770_8.MH705142               0.4621055 0.4851653 0.4822057 0.5015468 0.5559155 0.5267190 0.5358157 0.5011830 0.0000000 0.5694608 0.5595507 0.6043918 0.5499038 0.5372744 0.5903306 0.5152737 0.5621906 0.5928616 0.6667401 0.6611786 0.6862218 0.6809424 0.7052312 0.6688086 0.6929195 0.7547088 0.8738801 0.5577547 0.4993798 0.6100325 0.7977831 0.8795394 0.5715428 0.5318723 0.5856921 0.6202631 0.6453174 0.6888883 0.8428009 0.8829457 0.8284867 0.8340156 0.7769447 0.8746097 0.8441618 0.8551566 0.8334563 0.8732726 0.8540714 0.8159275 0.7862813 0.8054440 0.8447878 0.9162991 0.8347851 0.8052163 0.8890552 0.8641606 0.8485991 0.8876334 0.8695696 0.8866103 0.9064778 0.9359858 0.8698069 0.8678681 0.8831675 0.8386536 0.8871572 0.8804906 0.8952685 0.8981241 0.9093773 0.7817420 0.7298819 0.6888830 0.6562138 0.8684051 0.8309892 0.8791479 0.8568792 0.9003469 0.8314732 0.8202280 0.8789861 0.8688363 0.8707659 0.8221766 0.8097595 0.8328036 0.8771982 0.9622597 0.9815130 0.9556448 1.1490008 0.8170440 1.8652496 1.8781580 1.9319014 2.6488181 
A1.KE.06.06KECst_028.FJ623479          0.5630391 0.5750022 0.5688738 0.5782074 0.6367422 0.6101488 0.6255578 0.5896331 0.5694608 0.0000000 0.3222697 0.4313906 0.3759001 0.4086140 0.4224462 0.4480164 0.4733522 0.4816238 0.5555612 0.5592149 0.5851155 0.5788945 0.6094790 0.5690362 0.5832272 0.6589776 0.7816520 0.4971855 0.5000994 0.4877445 0.7061053 0.8126058 0.6638505 0.6705317 0.7196226 0.7725520 0.7851023 0.7714875 0.8653002 0.8804440 0.8507820 0.8645744 0.8245213 0.8849319 0.8525356 0.8612123 0.8669155 0.8919800 0.8625244 0.8514687 0.8157881 0.8281446 0.8745699 0.9271539 0.8547040 0.8564779 0.9215381 0.8980818 0.8673064 0.8994208 0.8712470 0.8768801 0.9597436 0.9438380 0.8989887 0.8966911 0.8861530 0.8682513 0.9292405 0.9377825 0.9076482 0.9131914 0.9231813 0.8107402 0.7561758 0.7276889 0.6996073 0.7658006 0.6872963 0.7428730 0.7236006 0.7575416 0.7022931 0.6972030 0.7622539 0.7262423 0.7232369 0.7189713 0.6973335 0.7198972 0.7398890 0.8381700 0.8686766 0.8158911 1.1746387 0.8613616 1.9996633 2.0532175 2.0352856 2.7448557 
A1.KE.06.06KECst_013.FJ623485          0.5626243 0.5668145 0.5675185 0.5863052 0.6457569 0.6159035 0.6114901 0.5828360 0.5595507 0.3222697 0.0000000 0.4232201 0.3739872 0.3980089 0.4204586 0.4469649 0.4718702 0.4717055 0.5453268 0.5477435 0.6046045 0.5884208 0.5934459 0.5671759 0.5786108 0.6547964 0.7821560 0.4748228 0.5103687 0.4861353 0.7090546 0.7934848 0.6784786 0.6700593 0.7179143 0.7783607 0.7764340 0.7793445 0.8603597 0.8784957 0.8405486 0.8607864 0.8278094 0.8878299 0.8614634 0.8572477 0.8528351 0.8766799 0.8805919 0.8436791 0.8198454 0.8486957 0.8582541 0.9165709 0.8722460 0.8522262 0.9110343 0.8838447 0.8561218 0.8908216 0.8639690 0.8905294 0.9387070 0.9488032 0.9080760 0.8761255 0.9044854 0.8741051 0.9082936 0.9391018 0.9320719 0.9112025 0.9518529 0.8177690 0.7672131 0.7372601 0.6770105 0.7778447 0.7038067 0.7407292 0.7241412 0.7495575 0.7025655 0.6880736 0.7705353 0.7433244 0.7481717 0.7198099 0.6806113 0.7337762 0.7604176 0.8120268 0.8965088 0.8342038 1.1824305 0.8732309 2.0065948 2.0283982 2.0492298 2.7673209 
A1.CY.07.CY208.JF683760                0.5851118 0.5991223 0.6185390 0.6193593 0.6834526 0.6334541 0.6510344 0.6093707 0.6043918 0.4313906 0.4232201 0.0000000 0.2579223 0.4210249 0.4608280 0.4695301 0.5068472 0.4986269 0.5866008 0.5807608 0.6114388 0.5929611 0.6248597 0.6101498 0.6235028 0.6873163 0.7997201 0.5051797 0.5276095 0.5113756 0.7313333 0.8281453 0.7103142 0.7172705 0.7558683 0.7908033 0.8008849 0.8006082 0.8838170 0.9006311 0.8723464 0.8879578 0.8409697 0.8790662 0.9042319 0.8950888 0.8930877 0.8985918 0.9050071 0.8776319 0.8419529 0.8613784 0.8821359 0.9458834 0.8876037 0.8619030 0.9595512 0.9162055 0.9086195 0.9016409 0.9049614 0.8821875 0.9630924 0.9378551 0.9151782 0.8934765 0.9240372 0.9081738 0.9272485 0.9503850 0.9587698 0.9412604 0.9825355 0.8398822 0.7908294 0.7692089 0.7091513 0.7829075 0.7154759 0.7484184 0.7624494 0.7864652 0.7337484 0.7158713 0.8045697 0.7557681 0.7663179 0.7469413 0.7173119 0.7717209 0.7895883 0.8746806 0.8999194 0.8370209 1.2041781 0.9061823 2.0304739 2.0836399 2.0785691 2.7910849 
A1.CY.05.CY051.FJ388903                0.5282224 0.5327917 0.5542555 0.5398612 0.6208020 0.5831752 0.5908543 0.5516166 0.5499038 0.3759001 0.3739872 0.2579223 0.0000000 0.3725930 0.3999783 0.4138491 0.4483944 0.4510582 0.5324900 0.5262296 0.5671413 0.5618869 0.5693009 0.5571263 0.5690630 0.6314690 0.7715280 0.4640291 0.4833876 0.4613411 0.6812242 0.7877076 0.6551821 0.6465764 0.7057022 0.7539818 0.7516725 0.7569247 0.8306739 0.8586163 0.8282544 0.8381341 0.8000688 0.8554851 0.8322805 0.8337636 0.8370467 0.8410279 0.8611259 0.8382725 0.7978914 0.8283435 0.8518221 0.9048283 0.8433105 0.8357625 0.8949896 0.8641774 0.8473860 0.8740425 0.8694913 0.8740658 0.9227660 0.9117557 0.8785603 0.8555264 0.8839469 0.8438199 0.8691804 0.9024743 0.9076257 0.8944153 0.9259873 0.7825713 0.7459776 0.7242732 0.6651301 0.7413847 0.6696342 0.7167577 0.7044702 0.7300554 0.6602532 0.6491519 0.7284607 0.6982610 0.7009100 0.6886463 0.6473769 0.6900156 0.7355627 0.8038789 0.8378348 0.7795786 1.1607483 0.8411798 1.9483798 2.0127193 2.0091536 2.8085607 
A1.UG.11.DEMA110UG001.KF859745         0.5418382 0.5474271 0.5518566 0.5636316 0.6426261 0.5982127 0.5966241 0.5489910 0.5372744 0.4086140 0.3980089 0.4210249 0.3725930 0.0000000 0.4201668 0.4110644 0.4520798 0.4353573 0.5305890 0.5280310 0.5735769 0.5499012 0.5683490 0.5390705 0.5710590 0.6333375 0.7424266 0.4550670 0.4853201 0.4662341 0.6936955 0.7681770 0.6525873 0.6424079 0.6955719 0.7472913 0.7665117 0.7466660 0.8298949 0.8640070 0.8270031 0.8297690 0.7913696 0.8589060 0.8386765 0.8195825 0.8238808 0.8613462 0.8552222 0.8349051 0.8016684 0.8235487 0.8597822 0.9027643 0.8227106 0.8327369 0.8902092 0.8669371 0.8627957 0.8670016 0.8698381 0.8548356 0.8965012 0.9132488 0.8905826 0.8795770 0.8960950 0.8664051 0.8720587 0.8910728 0.9074474 0.8674358 0.9154505 0.7989253 0.7465030 0.7266186 0.6581588 0.7462671 0.6771558 0.7000064 0.6978958 0.7409996 0.6797814 0.6568223 0.7466704 0.7177766 0.7178792 0.6995691 0.6607342 0.7060324 0.7359244 0.8116120 0.8550018 0.7955162 1.1554765 0.8119776 1.9723665 2.0081761 2.0786121 2.7829561 
35_AD.AF.06.007H.GQ477450              0.5774950 0.5989689 0.6062165 0.6138548 0.6891721 0.6366325 0.6598564 0.6193249 0.5903306 0.4224462 0.4204586 0.4608280 0.3999783 0.4201668 0.0000000 0.4598592 0.4886056 0.4878159 0.5620826 0.5714538 0.6057835 0.5884199 0.6063528 0.5924585 0.6097355 0.6849506 0.7767568 0.5017427 0.5240094 0.4940120 0.7148640 0.8122549 0.6945443 0.6806301 0.7346729 0.7887423 0.8073134 0.7988932 0.9029252 0.9207430 0.8950644 0.8811865 0.8376142 0.9301935 0.8904798 0.8853440 0.8933342 0.9210441 0.9096838 0.9045407 0.8569327 0.8804435 0.8889758 0.9464136 0.8786687 0.8771333 0.9585492 0.9150708 0.9060662 0.9146326 0.8982631 0.9186589 0.9848164 0.9720279 0.9183774 0.9270767 0.9248371 0.8983837 0.9271587 0.9460043 0.9409153 0.9187477 0.9976304 0.8416246 0.8045483 0.7751007 0.6751583 0.7858458 0.7350522 0.7760675 0.7539287 0.7797012 0.7148398 0.7186710 0.7984507 0.7666159 0.7513899 0.7390676 0.7049393 0.7520304 0.7955960 0.8323792 0.8971673 0.8220074 1.2020632 0.8634659 2.0233019 2.0259249 2.0994020 2.7203219 
A1.CY.06.CY154.FJ388943                0.5200409 0.5142533 0.5380421 0.5363173 0.6087969 0.5744957 0.5771177 0.5443392 0.5152737 0.4480164 0.4469649 0.4695301 0.4138491 0.4110644 0.4598592 0.0000000 0.4256483 0.4725312 0.5065870 0.5075966 0.5327619 0.5272558 0.5329326 0.5235950 0.5536751 0.6076437 0.7401850 0.4321269 0.4640120 0.4910827 0.6690216 0.7702483 0.6227785 0.6172768 0.6646928 0.7266815 0.7182951 0.7280415 0.8230377 0.8564531 0.8009996 0.8127750 0.7573378 0.8439222 0.8162302 0.8248864 0.8136207 0.8401763 0.8334854 0.8126929 0.7867391 0.8062457 0.8312793 0.8911387 0.8169901 0.8027169 0.9054768 0.8355689 0.8475288 0.8518581 0.8319044 0.8280856 0.9004770 0.8717236 0.8638203 0.8475216 0.8444265 0.8300734 0.8455422 0.8805925 0.8861955 0.8952076 0.8947979 0.7755419 0.7172647 0.6929462 0.6505558 0.7906312 0.7164258 0.7298497 0.7397657 0.7683883 0.7102153 0.6924857 0.7826967 0.7545673 0.7293353 0.7375359 0.6991715 0.7420156 0.7690661 0.8176122 0.8573077 0.8248650 1.1454075 0.8095421 1.9673610 2.0076811 1.9826409 2.7854207 
A6.UA.12.DEMA112UA036.KU749406         0.5364586 0.5545157 0.5523015 0.5649123 0.6377842 0.6034992 0.6277770 0.5760746 0.5621906 0.4733522 0.4718702 0.5068472 0.4483944 0.4520798 0.4886056 0.4256483 0.0000000 0.4943919 0.5221281 0.5277256 0.5574136 0.5415036 0.5662249 0.5422219 0.5644247 0.6211346 0.7420377 0.4597551 0.5017262 0.5188895 0.7072166 0.7695591 0.6619242 0.6434228 0.6970075 0.7462373 0.7497402 0.7661258 0.8337148 0.8588128 0.8318113 0.8340186 0.8184389 0.8646536 0.8690154 0.8457978 0.8526163 0.8526350 0.8651887 0.8118440 0.8014082 0.8137262 0.8508985 0.8912720 0.8310327 0.8219086 0.9021920 0.8476315 0.8669797 0.8874958 0.8573782 0.8594407 0.8943760 0.9238331 0.9005404 0.8582237 0.8735115 0.8609643 0.8915356 0.8798688 0.9112530 0.8831740 0.9204376 0.7925353 0.7466967 0.7146122 0.6680457 0.7864786 0.7316991 0.7597831 0.7469866 0.7923797 0.7108098 0.6878335 0.7950137 0.7825738 0.7601472 0.7588311 0.7176395 0.7582044 0.7721481 0.8205865 0.8884704 0.8431099 1.1537767 0.8334136 1.9381505 2.0026610 1.9506095 2.7723585 
A1D.UG.99.99UGJ21953.AF484496          0.5820503 0.5700370 0.5884313 0.6027311 0.6876417 0.6478367 0.6549004 0.6185373 0.5928616 0.4816238 0.4717055 0.4986269 0.4510582 0.4353573 0.4878159 0.4725312 0.4943919 0.0000000 0.5888729 0.5967503 0.6318349 0.6104191 0.6361091 0.6105139 0.6290820 0.7032119 0.8179279 0.5040248 0.5355821 0.5054954 0.7369736 0.8192745 0.7029134 0.6805755 0.7417684 0.7921990 0.7855782 0.7753889 0.8989091 0.9237467 0.8793229 0.8795510 0.8448737 0.9240742 0.9015777 0.8968875 0.8863564 0.9132391 0.9140167 0.8869990 0.8490665 0.8589456 0.8911752 0.9417256 0.8653393 0.8641234 0.9487516 0.8974823 0.9027094 0.9076177 0.9053259 0.8981308 0.9735016 0.9559101 0.9250325 0.9085696 0.9228015 0.9168925 0.9104357 0.9219135 0.9495162 0.9376388 0.9764496 0.8492419 0.7957799 0.7592205 0.7269011 0.7635798 0.7169356 0.7496274 0.7381137 0.7705077 0.7051400 0.6846460 0.7513581 0.7333688 0.7417820 0.7358854 0.6985170 0.7307741 0.7703271 0.8118280 0.8786581 0.8094301 1.2079674 0.8582700 1.9525130 2.0019937 1.9785117 2.6937178 
01_AE.CN.02.YN0236.JX112866            0.6459827 0.6408934 0.6390801 0.6653328 0.7337194 0.7070793 0.7013959 0.6490585 0.6667401 0.5555612 0.5453268 0.5866008 0.5324900 0.5305890 0.5620826 0.5065870 0.5221281 0.5888729 0.0000000 0.1545829 0.2025498 0.2127603 0.2156740 0.2222288 0.2453089 0.3031779 0.3880800 0.4346589 0.5764503 0.6025715 0.4703147 0.5429431 0.7522932 0.7384201 0.8116442 0.8326595 0.8551757 0.8820333 0.9254723 0.9614691 0.9345022 0.9381825 0.8974973 0.9741456 0.9576670 0.9395801 0.9361370 0.9640600 0.9610885 0.9277098 0.8986911 0.9183947 0.9470686 0.9975003 0.9542568 0.9374039 0.9966226 0.9605388 0.9389791 0.9856427 0.9485931 0.9633096 1.0073149 1.0216700 0.9880551 0.9805101 1.0022442 0.9743095 0.9843558 0.9946045 1.0196147 0.9577402 1.0441896 0.8843554 0.8414075 0.8174699 0.7893438 0.8870992 0.8205328 0.8991135 0.8732529 0.8862461 0.8373786 0.8259055 0.9108251 0.8663164 0.8655182 0.8497984 0.8242993 0.8735371 0.9028466 0.9399835 1.0111319 0.9364754 1.2792344 0.9472642 2.0700415 2.0877205 2.0922679 2.8709677 
01_AE.TH.99.99TH_C4460.AY945726        0.6519118 0.6478991 0.6534445 0.6587877 0.7389468 0.7051533 0.7018915 0.6670318 0.6611786 0.5592149 0.5477435 0.5807608 0.5262296 0.5280310 0.5714538 0.5075966 0.5277256 0.5967503 0.1545829 0.0000000 0.2006963 0.2066616 0.2056601 0.2154926 0.2419519 0.2923111 0.3724892 0.4281236 0.5686395 0.6085135 0.4646047 0.5361750 0.7355923 0.7456935 0.7878920 0.8361978 0.8409021 0.8729218 0.9310741 0.9823908 0.9349032 0.9277552 0.9011865 0.9761530 0.9537160 0.9533946 0.9623404 0.9562558 0.9680508 0.9457968 0.9013472 0.9149168 0.9477330 0.9875877 0.9441155 0.9350239 1.0074198 0.9783200 0.9249195 0.9860705 0.9604895 0.9727076 0.9980246 1.0244129 0.9821025 0.9579758 0.9850301 0.9683383 0.9852994 0.9931777 1.0246996 0.9679791 1.0354614 0.8751705 0.8317833 0.8106235 0.7996398 0.9056316 0.8329441 0.8981615 0.8515094 0.8948027 0.8403647 0.8071008 0.9131788 0.8639759 0.8650954 0.8624345 0.8103229 0.8452590 0.8973574 0.9493304 0.9853960 0.9249107 1.2549382 0.9445761 2.0913008 2.1050687 2.1070099 2.8937849 
01_AE.TH.07.AA030a04.JX447057          0.6799817 0.6802182 0.6784529 0.6841023 0.7495627 0.7529018 0.7250045 0.6974088 0.6862218 0.5851155 0.6046045 0.6114388 0.5671413 0.5735769 0.6057835 0.5327619 0.5574136 0.6318349 0.2025498 0.2006963 0.0000000 0.2290852 0.2500542 0.2470706 0.2693748 0.3353445 0.4195849 0.4576310 0.6011007 0.6330639 0.4895570 0.5730885 0.7605621 0.7666447 0.8334400 0.8548137 0.8811343 0.8922093 0.9661754 1.0178766 0.9682168 0.9752425 0.9256129 0.9907701 0.9988821 0.9764154 0.9854676 1.0070963 0.9971017 0.9761601 0.9236093 0.9421064 0.9764599 1.0255341 0.9744339 0.9675141 1.0305518 0.9989139 0.9779720 1.0032622 0.9964107 1.0004437 1.0549063 1.0476805 1.0255946 1.0066645 1.0241152 0.9947263 1.0377051 1.0389902 1.0439419 1.0131087 1.0793265 0.9084650 0.8824400 0.8543024 0.7959331 0.9148734 0.8511237 0.9161578 0.8999182 0.9286889 0.8686098 0.8493726 0.9353738 0.8895201 0.8680845 0.8773544 0.8433441 0.8726131 0.9157204 0.9747187 1.0293742 0.9650375 1.3260018 0.9649779 2.1382848 2.1305316 2.1394846 2.8815877 
01_AE.CN.07.07CNYN326.KF835513         0.6760175 0.6764467 0.6686766 0.6794837 0.7469829 0.7218319 0.7174780 0.6872778 0.6809424 0.5788945 0.5884208 0.5929611 0.5618869 0.5499012 0.5884199 0.5272558 0.5415036 0.6104191 0.2127603 0.2066616 0.2290852 0.0000000 0.2541171 0.2498063 0.2824844 0.3345532 0.4070296 0.4481474 0.5984023 0.6144283 0.5004724 0.5690445 0.7725032 0.7560775 0.8190894 0.8505742 0.8574858 0.8879126 0.9416833 0.9907298 0.9611049 0.9605724 0.9247579 0.9798750 0.9643513 0.9427201 0.9751842 0.9799508 0.9655805 0.9558502 0.9192117 0.9422740 0.9615384 0.9995192 0.9485528 0.9520779 1.0158978 0.9744046 0.9670489 0.9947549 0.9692803 0.9633119 1.0318596 1.0478395 1.0042833 0.9805515 0.9941683 0.9789518 1.0190245 1.0058978 1.0408831 0.9789964 1.0349898 0.9174941 0.8585582 0.8437338 0.7793497 0.9064279 0.8365718 0.9049634 0.8834978 0.8760071 0.8510730 0.7977980 0.9054599 0.8746563 0.8592599 0.8580873 0.8223043 0.8504735 0.9187887 0.9486598 1.0180954 0.9474807 1.2814066 0.9581948 2.0922433 2.1128491 2.1225312 2.9073859 
01_AE.CN.07.GX070143.JX112835          0.6868848 0.6707271 0.6826210 0.6938685 0.7638818 0.7551971 0.7424056 0.6920653 0.7052312 0.6094790 0.5934459 0.6248597 0.5693009 0.5683490 0.6063528 0.5329326 0.5662249 0.6361091 0.2156740 0.2056601 0.2500542 0.2541171 0.0000000 0.2647647 0.2861513 0.3417620 0.4222991 0.4628383 0.6224947 0.6516802 0.5198336 0.5850636 0.7893926 0.7727298 0.8279411 0.8629240 0.8805804 0.8935838 0.9808518 1.0278738 0.9880591 0.9724183 0.9299265 1.0222537 0.9938103 0.9708341 0.9833922 1.0094913 0.9957201 0.9921422 0.9410339 0.9766546 0.9858125 1.0267437 1.0058783 0.9536863 1.0577749 1.0119537 0.9838170 1.0342670 1.0213832 1.0055305 1.0680979 1.0666601 1.0427054 1.0158013 1.0190412 1.0231906 1.0508977 1.0412216 1.0638672 1.0173809 1.0792590 0.9165049 0.8858515 0.8582240 0.8141193 0.9414473 0.8464670 0.9300612 0.8888076 0.9347882 0.8759613 0.8382259 0.9286430 0.9023284 0.8825185 0.8839264 0.8376996 0.8799433 0.9236519 0.9898602 1.0266911 0.9731238 1.2999553 0.9522324 2.1419079 2.1737217 2.1401152 2.9970926 
01_AE.TH.05.AA101a_WG1.JX447936        0.6683162 0.6551582 0.6488785 0.6686127 0.7376786 0.7199032 0.7190130 0.6730032 0.6688086 0.5690362 0.5671759 0.6101498 0.5571263 0.5390705 0.5924585 0.5235950 0.5422219 0.6105139 0.2222288 0.2154926 0.2470706 0.2498063 0.2647647 0.0000000 0.2688211 0.3340405 0.4369573 0.4478497 0.5942504 0.6164121 0.4988893 0.5676391 0.7603945 0.7534457 0.8111036 0.8520554 0.8607425 0.8865015 0.9326687 1.0011221 0.9583612 0.9601187 0.9266425 0.9812968 0.9578254 0.9488330 0.9782067 0.9698783 0.9992721 0.9508586 0.9119756 0.9252782 0.9706459 0.9944771 0.9624687 0.9540123 0.9979145 0.9702861 0.9616654 1.0061603 0.9711791 0.9732234 1.0310854 1.0457195 1.0027072 0.9799735 1.0047263 0.9872524 1.0195492 1.0108831 1.0367289 0.9993637 1.0489842 0.9051380 0.8603165 0.8344523 0.7794803 0.9092444 0.8693331 0.9020002 0.8901815 0.8956252 0.8630360 0.8303782 0.9172863 0.8802060 0.8741414 0.8716691 0.8318118 0.8756509 0.9167201 0.9568615 1.0052876 0.9678177 1.2636046 0.9521967 2.1537958 2.2078546 2.1525367 2.9848022 
01_AE.CN.07.07CNYN343.KF835528         0.6808564 0.6809893 0.6921812 0.7042968 0.7621865 0.7539684 0.7301751 0.7008333 0.6929195 0.5832272 0.5786108 0.6235028 0.5690630 0.5710590 0.6097355 0.5536751 0.5644247 0.6290820 0.2453089 0.2419519 0.2693748 0.2824844 0.2861513 0.2688211 0.0000000 0.3603203 0.4494458 0.4696198 0.6175429 0.6403291 0.5205853 0.5871223 0.7844069 0.7781027 0.8335432 0.8816825 0.9092321 0.9241999 0.9558133 1.0291049 0.9657799 0.9970005 0.9412971 1.0180158 0.9995834 0.9914183 1.0101352 1.0108942 0.9921770 0.9690458 0.9309056 0.9505276 0.9909120 1.0121577 0.9947962 0.9869345 1.0566526 1.0002471 0.9987182 1.0153750 1.0121556 1.0087496 1.0491465 1.0604602 1.0146366 1.0054204 1.0359331 1.0019222 1.0565516 1.0386746 1.0495587 1.0377687 1.0675976 0.9351589 0.8687230 0.8402126 0.8343675 0.9337580 0.8560752 0.9140140 0.8946375 0.9260123 0.8702818 0.8533724 0.9323174 0.9042888 0.8937019 0.8807741 0.8687616 0.8950990 0.9081601 0.9741950 1.0521775 0.9622451 1.2892749 0.9708660 2.1336909 2.1379804 2.1160671 3.0095272 
01BC.CN.13.SZ95LS8027.KX379000         0.7342580 0.7365206 0.7550259 0.7460258 0.8387758 0.8072968 0.7892331 0.7868871 0.7547088 0.6589776 0.6547964 0.6873163 0.6314690 0.6333375 0.6849506 0.6076437 0.6211346 0.7032119 0.3031779 0.2923111 0.3353445 0.3345532 0.3417620 0.3340405 0.3603203 0.0000000 0.5030306 0.5239218 0.6894139 0.7085903 0.5866612 0.6632882 0.8337880 0.8626933 0.9358731 0.9305512 0.9534288 0.9705393 1.0331728 1.0630001 1.0202113 1.0429984 0.9873255 1.0759675 1.0319509 1.0191490 1.0200834 1.0415129 1.0539523 1.0129984 0.9588056 1.0349411 1.0540712 1.0785018 1.0369662 1.0003559 1.0881040 1.0571005 1.0369366 1.0964311 1.0534886 1.0646223 1.1013067 1.1159646 1.0707079 1.0541007 1.0891308 1.0500242 1.1064030 1.0776555 1.1229833 1.0847470 1.1252433 0.9812605 0.9228586 0.9115320 0.8785316 1.0054290 0.9154403 0.9939508 0.9708062 0.9894049 0.9404736 0.9085019 1.0070452 0.9599858 0.9564967 0.9302295 0.9020974 0.9565750 0.9705189 1.0350555 1.0812193 1.0175220 1.3591429 1.0312769 2.1733847 2.1977675 2.1796035 3.0719459 
69_01B.JP.05.05JPMYC113SP420.LC027100  0.8584779 0.8576772 0.8632995 0.8985574 0.9385033 0.9148480 0.9230496 0.8826632 0.8738801 0.7816520 0.7821560 0.7997201 0.7715280 0.7424266 0.7767568 0.7401850 0.7420377 0.8179279 0.3880800 0.3724892 0.4195849 0.4070296 0.4222991 0.4369573 0.4494458 0.5030306 0.0000000 0.6314931 0.7815875 0.8290221 0.6761954 0.7651617 0.9704292 0.9478762 1.0152077 1.0422213 1.0493385 1.0701170 1.1393339 1.1744613 1.1386304 1.1753197 1.1071913 1.1556756 1.1363677 1.1451526 1.1373196 1.1944723 1.1637290 1.1435749 1.0944128 1.0991755 1.1158555 1.1790955 1.1489779 1.1298181 1.2060800 1.1707242 1.1145643 1.1912921 1.1689975 1.1676171 1.2132173 1.2100080 1.1777827 1.1653678 1.1584925 1.1699771 1.2128553 1.1952972 1.2029959 1.1823465 1.2222507 1.1051049 1.0398528 0.9941089 0.9989288 1.0983937 1.0383188 1.0962560 1.0487549 1.0902620 1.0493354 1.0338280 1.1205918 1.0597889 1.0411476 1.0494419 1.0366499 1.0516413 1.0705628 1.1645967 1.2074724 1.1299324 1.4525331 1.1315701 2.2579838 2.2812385 2.2741959 3.1198903 
22_01A1.CM.02.02CM_1867LE.AY371165     0.5516684 0.5593226 0.5620224 0.5759653 0.6530685 0.6183315 0.6246921 0.5871029 0.5577547 0.4971855 0.4748228 0.5051797 0.4640291 0.4550670 0.5017427 0.4321269 0.4597551 0.5040248 0.4346589 0.4281236 0.4576310 0.4481474 0.4628383 0.4478497 0.4696198 0.5239218 0.6314931 0.0000000 0.5015415 0.5356556 0.5920650 0.6628203 0.6679664 0.6797048 0.7099589 0.7659829 0.7656958 0.7849337 0.8540200 0.8911600 0.8561754 0.8389726 0.8079294 0.8880985 0.8601785 0.8471107 0.8658527 0.8691097 0.8813103 0.8415913 0.8246565 0.8316852 0.8621937 0.9009149 0.8338522 0.8379377 0.9087021 0.8760786 0.8634324 0.8758685 0.8564023 0.8602155 0.9554515 0.9247311 0.8862822 0.8745988 0.8914805 0.8678352 0.8941310 0.9042891 0.9238460 0.8957640 0.9499097 0.7996051 0.7682729 0.7476079 0.6976264 0.8129209 0.7403727 0.7818622 0.7662153 0.7946522 0.7208314 0.7076545 0.8127888 0.7717617 0.7768607 0.7625769 0.7248050 0.7549202 0.8026939 0.8670188 0.9022777 0.8640836 1.1764373 0.8443323 1.9818491 2.0573832 2.0025893 2.7968311 
45_cpx.CD.97.97CD_MBFE185.FN392874     0.4882278 0.4863945 0.4974952 0.5040853 0.5700506 0.5536383 0.5590804 0.5156292 0.4993798 0.5000994 0.5103687 0.5276095 0.4833876 0.4853201 0.5240094 0.4640120 0.5017262 0.5355821 0.5764503 0.5686395 0.6011007 0.5984023 0.6224947 0.5942504 0.6175429 0.6894139 0.7815875 0.5015415 0.0000000 0.5555772 0.7278918 0.8078465 0.5871865 0.5934544 0.6503113 0.7001676 0.7090297 0.7116593 0.8031037 0.8187276 0.7650470 0.8099183 0.7489930 0.8266152 0.7953406 0.7950391 0.8062641 0.8099759 0.8157446 0.7836536 0.7586028 0.7470771 0.7946729 0.8502532 0.7902994 0.7672797 0.8405780 0.7985036 0.8254278 0.8363490 0.8292030 0.8348942 0.8702398 0.8653115 0.8464900 0.8134559 0.8316074 0.8190303 0.8329797 0.8400252 0.8384104 0.8405085 0.8533051 0.7394060 0.6903021 0.6761534 0.6227433 0.8098430 0.7638181 0.8066534 0.7756024 0.8247341 0.7507114 0.7325981 0.8251441 0.7874590 0.7824612 0.7826099 0.7433538 0.7965813 0.8099616 0.8481214 0.9313473 0.8753204 1.0962186 0.7730915 1.8369366 1.8534069 1.9094680 2.6962700 
A1C.UG.99.99UGF25926.AF484491          0.5906131 0.5957889 0.6105921 0.6074461 0.6914694 0.6526394 0.6540071 0.6376711 0.6100325 0.4877445 0.4861353 0.5113756 0.4613411 0.4662341 0.4940120 0.4910827 0.5188895 0.5054954 0.6025715 0.6085135 0.6330639 0.6144283 0.6516802 0.6164121 0.6403291 0.7085903 0.8290221 0.5356556 0.5555772 0.0000000 0.7777829 0.8594106 0.7163854 0.7061963 0.7807442 0.8123472 0.8111358 0.8127400 0.9135396 0.9441492 0.8946436 0.9183822 0.8709444 0.9509854 0.9134866 0.9153449 0.9257386 0.9264613 0.9343596 0.8932627 0.8642545 0.9013309 0.9191286 0.9877259 0.9066310 0.9127897 0.9951599 0.9358018 0.9041877 0.9665532 0.9389514 0.9450586 0.9997710 1.0064504 0.9423372 0.9253911 0.9530809 0.9074793 0.9716826 0.9502661 0.9799266 0.9536878 1.0372839 0.8811714 0.8157224 0.7838394 0.7400853 0.6472111 0.6099720 0.6359239 0.6522685 0.6810255 0.6061497 0.5955174 0.6902533 0.6559631 0.6514904 0.6303207 0.5919944 0.6306509 0.6732939 0.7371962 0.7690555 0.7194789 1.2058999 0.8927787 2.0793372 2.1157131 2.0914320 2.7795320 
0107.CN.15.HB041501.KY019257           0.8023373 0.8012941 0.7939047 0.8000350 0.8980218 0.8430347 0.8673415 0.8388451 0.7977831 0.7061053 0.7090546 0.7313333 0.6812242 0.6936955 0.7148640 0.6690216 0.7072166 0.7369736 0.4703147 0.4646047 0.4895570 0.5004724 0.5198336 0.4988893 0.5205853 0.5866612 0.6761954 0.5920650 0.7278918 0.7777829 0.0000000 0.4380471 0.8766806 0.8780811 0.9341933 0.9610051 1.0130201 1.0220772 1.0416157 1.1005157 1.0385698 1.0721339 1.0281487 1.0935726 1.0581367 1.0486609 1.0723545 1.0999960 1.0685091 1.0785432 1.0016587 1.0354584 1.0874607 1.1165775 1.0366579 1.0584417 1.1068572 1.0801033 1.0689162 1.1244692 1.0928381 1.1074388 1.1025731 1.1314078 1.1003656 1.0991281 1.1195348 1.0854857 1.1243944 1.1121973 1.1181393 1.1141550 1.1473791 1.0218609 0.9587015 0.9212651 0.8876311 0.9900795 0.9906048 1.0285609 1.0103339 1.0249162 0.9797036 0.9721282 1.0308222 1.0113354 1.0041687 0.9861344 0.9632754 1.0033321 1.0630527 1.1173867 1.1378566 1.1123245 1.3518119 1.0511527 2.2254468 2.2716223 2.2734836 3.0034200 
01BC.CN.14.BJ.2014.MSM.SP01.KP668994   0.8825585 0.8811872 0.8713451 0.9012666 0.9722343 0.9371589 0.9399591 0.9218524 0.8795394 0.8126058 0.7934848 0.8281453 0.7877076 0.7681770 0.8122549 0.7702483 0.7695591 0.8192745 0.5429431 0.5361750 0.5730885 0.5690445 0.5850636 0.5676391 0.5871223 0.6632882 0.7651617 0.6628203 0.8078465 0.8594106 0.4380471 0.0000000 0.9882346 0.9508636 1.0318479 1.0861896 1.1200549 1.0870881 1.1646410 1.1945647 1.1520959 1.1560521 1.1236771 1.2039993 1.1803876 1.1523821 1.1883764 1.2180627 1.1981999 1.1701763 1.1267962 1.1503945 1.1779270 1.1954689 1.1395532 1.1525454 1.2287641 1.1845498 1.1520970 1.1705577 1.1549893 1.1967901 1.2215889 1.2258435 1.2102536 1.2198422 1.2260260 1.2032022 1.2247666 1.2087306 1.2446625 1.2114549 1.2559628 1.1373808 1.0607109 1.0397458 0.9993186 1.1390177 1.0365153 1.1274814 1.1276781 1.1433684 1.0588922 1.0877437 1.1144408 1.0979102 1.0941840 1.0756649 1.0469449 1.0869713 1.0864011 1.1959632 1.2608287 1.2124487 1.5283175 1.1199842 2.3727240 2.3985735 2.4136177 3.0612451 
93_cpx.CD.08.DRC653.MF372651           0.5098162 0.5305423 0.5225442 0.5431633 0.6051657 0.5764561 0.5712373 0.5572662 0.5715428 0.6638505 0.6784786 0.7103142 0.6551821 0.6525873 0.6945443 0.6227785 0.6619242 0.7029134 0.7522932 0.7355923 0.7605621 0.7725032 0.7893926 0.7603945 0.7844069 0.8337880 0.9704292 0.6679664 0.5871865 0.7163854 0.8766806 0.9882346 0.0000000 0.6520997 0.6955738 0.7553443 0.7781373 0.7237833 0.9224513 0.9894377 0.9417278 0.9271960 0.8789334 0.9462461 0.9441914 0.9407614 0.9596223 0.9663173 0.9598529 0.9453995 0.9082707 0.9223866 0.9461397 0.9911292 0.9369929 0.9337900 0.9970661 0.9289390 0.9261033 0.9851076 0.9640496 0.9619122 1.0115323 1.0123826 0.9609769 0.9569696 0.9663802 0.9337300 0.9975074 0.9892509 0.9957116 0.9719479 0.9956776 0.8726298 0.8218305 0.7910063 0.7694552 1.0063598 0.8976599 0.9486752 0.9429824 0.9811247 0.8911500 0.8982620 0.9623818 0.9326996 0.9555681 0.9082684 0.8844821 0.9564509 0.9625368 1.0207058 1.0727945 1.0181159 1.2368723 0.9004137 1.9324624 1.9731734 1.9385603 2.6944329 
G.NG.92.92NG083_JV10832.U88826         0.5573667 0.5611442 0.5593854 0.5647002 0.6580348 0.6187397 0.6138371 0.5919847 0.5318723 0.6705317 0.6700593 0.7172705 0.6465764 0.6424079 0.6806301 0.6172768 0.6434228 0.6805755 0.7384201 0.7456935 0.7666447 0.7560775 0.7727298 0.7534457 0.7781027 0.8626933 0.9478762 0.6797048 0.5934544 0.7061963 0.8780811 0.9508636 0.6520997 0.0000000 0.3536753 0.3977792 0.4327668 0.7644803 0.9321221 0.9701498 0.9235071 0.9219898 0.8839929 0.9560978 0.9109264 0.9327834 0.9336713 0.9514792 0.9456995 0.9026541 0.8795757 0.8798355 0.9300876 1.0015342 0.9308376 0.8887083 0.9898532 0.9303767 0.9191708 0.9715217 0.9413143 0.9444413 1.0170993 1.0004680 0.9502649 0.9475005 0.9531192 0.9305091 0.9501059 0.9960446 0.9696804 0.9531109 1.0041344 0.8786981 0.8260496 0.7914687 0.7379468 0.9843669 0.9155727 0.9719825 0.9342025 0.9763953 0.8909278 0.9093526 0.9752449 0.9426683 0.9408309 0.9203612 0.9050298 0.9502905 0.9594292 1.0345488 1.0808054 1.0356728 1.2057620 0.8981030 1.9345679 2.0032628 2.0408535 2.6613361 
G.NG.09.09NG010261.KX389626            0.6027846 0.6136057 0.5997418 0.6253215 0.7049589 0.6587661 0.6559893 0.6283698 0.5856921 0.7196226 0.7179143 0.7558683 0.7057022 0.6955719 0.7346729 0.6646928 0.6970075 0.7417684 0.8116442 0.7878920 0.8334400 0.8190894 0.8279411 0.8111036 0.8335432 0.9358731 1.0152077 0.7099589 0.6503113 0.7807442 0.9341933 1.0318479 0.6955738 0.3536753 0.0000000 0.4566628 0.4919301 0.8165523 0.9581244 1.0091704 0.9585961 0.9469763 0.9045407 0.9957858 0.9648706 0.9855769 0.9807029 0.9836393 0.9867327 0.9470336 0.9275520 0.9144234 0.9881629 1.0213784 0.9670473 0.9544047 1.0346152 0.9761812 0.9747466 1.0115334 0.9769284 0.9733322 1.0473096 1.0388352 0.9820997 1.0082190 1.0071856 0.9706832 0.9983121 1.0298147 1.0258315 1.0263869 1.0510724 0.9266843 0.8781376 0.8289600 0.7961060 1.0371599 0.9559783 0.9906163 1.0030885 1.0421152 0.9516998 0.9586936 1.0328118 0.9970065 0.9910312 0.9751788 0.9689864 1.0154021 1.0189930 1.0889927 1.1466577 1.0758215 1.2651925 0.9320349 1.9933982 2.0610551 2.1288043 2.7583558 
01F2G.CM.02.LT31.JN864056              0.6456230 0.6571696 0.6518255 0.6753523 0.7507475 0.7080904 0.7294804 0.6887799 0.6202631 0.7725520 0.7783607 0.7908033 0.7539818 0.7472913 0.7887423 0.7266815 0.7462373 0.7921990 0.8326595 0.8361978 0.8548137 0.8505742 0.8629240 0.8520554 0.8816825 0.9305512 1.0422213 0.7659829 0.7001676 0.8123472 0.9610051 1.0861896 0.7553443 0.3977792 0.4566628 0.0000000 0.4259357 0.8717464 1.0262772 1.0543960 1.0166462 0.9940087 0.9599801 1.0611204 1.0104407 1.0378380 1.0269293 1.0235519 1.0520204 1.0214771 0.9734568 1.0059513 1.0561513 1.0918941 1.0319947 1.0103123 1.0489466 1.0291031 1.0220947 1.0728420 1.0347045 1.0780436 1.1147836 1.0966090 1.0585702 1.0627655 1.0564296 1.0323537 1.0632729 1.1013770 1.0799467 1.0694718 1.1105711 0.9882306 0.9272318 0.8931796 0.8489163 1.1242298 1.0102069 1.0373376 1.0596889 1.0680359 1.0197445 1.0104034 1.0985666 1.0447910 1.0274534 1.0137401 0.9888629 1.0369460 1.0553224 1.1067294 1.1806912 1.1524875 1.3013774 1.0071122 2.0360629 2.0944951 2.0931570 2.7246176 
BCG.ES.15.100_119.KY496623             0.6684300 0.6573864 0.6570324 0.6842877 0.7410100 0.7124770 0.7292353 0.7014762 0.6453174 0.7851023 0.7764340 0.8008849 0.7516725 0.7665117 0.8073134 0.7182951 0.7497402 0.7855782 0.8551757 0.8409021 0.8811343 0.8574858 0.8805804 0.8607425 0.9092321 0.9534288 1.0493385 0.7656958 0.7090297 0.8111358 1.0130201 1.1200549 0.7781373 0.4327668 0.4919301 0.4259357 0.0000000 0.8894394 1.0258666 1.0754705 1.0164577 1.0251467 0.9897413 1.0618290 1.0247020 1.0486460 1.0522692 1.0583173 1.0765382 1.0235762 1.0039588 1.0066250 1.0562785 1.1229962 1.0241955 1.0043761 1.1205943 1.0498822 1.0453745 1.0818274 1.0321983 1.0651372 1.1168879 1.0938407 1.0723258 1.0619468 1.0741612 1.0779069 1.0872384 1.0856413 1.0803031 1.0972279 1.1511068 0.9727952 0.9494253 0.9163801 0.8706475 1.0871678 1.0346392 1.0744069 1.0762196 1.0897195 1.0289394 1.0233742 1.1257222 1.0674835 1.0618469 1.0290008 1.0108714 1.0651306 1.0889788 1.1392780 1.2116664 1.1424914 1.3704462 1.0226174 2.0352709 2.0705531 2.1567183 2.8765618 
06_cpx.SN.97.97SE1078.AJ288981         0.5639263 0.5626927 0.5586476 0.5671870 0.6426266 0.6247428 0.6570425 0.6414711 0.6888883 0.7714875 0.7793445 0.8006082 0.7569247 0.7466660 0.7988932 0.7280415 0.7661258 0.7753889 0.8820333 0.8729218 0.8922093 0.8879126 0.8935838 0.8865015 0.9241999 0.9705393 1.0701170 0.7849337 0.7116593 0.8127400 1.0220772 1.0870881 0.7237833 0.7644803 0.8165523 0.8717464 0.8894394 0.0000000 1.0336506 1.0840393 1.0210670 1.0264311 0.9725963 1.0424740 1.0295374 1.0334742 1.0245801 1.0382185 1.0390652 1.0124275 0.9658060 1.0100031 1.0530448 1.0586596 1.0308570 1.0208458 1.0669704 1.0350762 1.0452667 1.0659907 1.0504744 1.0358385 1.1045088 1.0720936 1.0710992 1.0823341 1.0725667 1.0392055 1.0767042 1.0538232 1.0696301 1.0658394 1.1112338 0.9841676 0.9159822 0.8949743 0.8623905 1.1162005 1.0089360 1.0393449 1.0523080 1.0982957 1.0328003 1.0041529 1.0616981 1.0606836 1.0466112 1.0072921 0.9919903 1.0533191 1.0698440 1.0784887 1.1828937 1.1248210 1.3604899 1.0185688 2.0176827 2.0242450 2.0500676 2.7218959 
