100
F1.BR.10.DEMF110BR015.KU749395         0.0000000 1.0521070 1.1749255 1.2305105 1.1085649 1.1315790 1.0638970 1.0710056 1.0654767 1.0663442 1.0776400 1.0195256 1.0688003 1.0576729 1.0266419 1.0639625 1.1086762 1.0930199 1.1426079 0.9556147 0.8965666 0.9086992 0.8792292 0.8822038 0.8853606 0.8777824 0.8685652 0.8710425 0.8602665 0.8891293 0.8547924 0.8146040 0.9102655 0.8997486 0.8909721 0.8577076 0.8459974 0.8425320 0.8949183 0.8436691 0.8163519 0.8969617 0.8352425 0.8644097 0.8386685 0.8565840 0.8707276 0.8260124 0.8377225 0.8212859 0.8587433 0.8426224 0.8223794 0.7811279 0.7241533 0.7911545 0.7501798 0.7109084 0.9515237 0.9513041 0.9143316 0.8384349 0.8670574 0.8152408 1.0623080 0.9977159 0.7905567 0.8270394 0.7767632 0.8098330 0.8403499 0.7625799 0.7588407 0.7648626 0.7571173 0.8423227 0.7574355 0.8047941 1.0083580 0.9723903 0.8974043 0.8644718 0.8635410 0.8869236 0.8852298 0.8465604 0.8557003 0.8253148 0.7845300 0.7522666 0.8171881 0.7668907 0.8589811 0.8064764 0.8109328 0.7933958 2.5717157 2.0512171 2.0930666 2.1127078 
A1C.IN.15.SC017.KY713232               1.0521070 0.0000000 0.7541781 0.7484024 0.6849200 0.7092487 0.6287036 0.6633053 0.6194066 0.6809668 0.6661948 0.6199757 0.6826845 0.6137419 0.5935719 0.6430476 0.6551707 0.6697238 1.3672204 1.1522539 1.1347163 1.1467816 1.0888420 1.1076039 1.1105820 1.1335971 1.0860515 1.1188241 1.1224659 1.1208168 1.1304008 1.0438175 1.1528293 1.1310777 1.1492113 1.1335333 1.0973643 1.0761585 1.1435479 1.0719086 1.0452196 1.1206300 1.0547736 1.1116581 1.1261652 1.0608055 1.1051286 1.1070290 1.0880007 1.0944404 1.0888649 1.0716054 1.0484247 1.0345120 0.9509240 1.0097825 0.9932553 0.9538268 1.0729276 1.0475924 0.9832767 0.9446200 0.9810484 0.9373060 1.0379074 0.9675695 0.8453668 0.9056899 0.8673632 0.8805360 0.9171299 0.8431825 0.8453873 0.8241968 0.8414184 0.6237104 0.7709513 0.7628340 1.0420867 0.9395473 0.8781862 0.8574016 0.8735990 0.8805811 0.8886822 0.8585897 0.8575193 0.7495743 0.7821940 0.7372997 0.7431261 0.7365146 0.7440529 0.7351893 0.7281023 0.7064670 2.6472005 2.1761019 2.1765251 2.1859589 
BC.CN.07.07CNYN340.KF835526            1.1749255 0.7541781 0.0000000 0.4069257 0.6046342 0.5370797 0.5249016 0.4995613 0.4937785 0.5375475 0.5446346 0.4894267 0.5421656 0.4818734 0.4582808 0.4958832 0.5243931 0.5118455 1.4638816 1.2608608 1.2831425 1.2272641 1.1948011 1.2323436 1.2256805 1.2444806 1.2289465 1.2311750 1.2475498 1.2368562 1.2293379 1.1731070 1.2758050 1.2830757 1.2671924 1.2132428 1.1920104 1.1982693 1.2484828 1.1903487 1.1617743 1.2556731 1.1539103 1.2168169 1.2427056 1.2065307 1.2471764 1.2027003 1.2025738 1.1875431 1.2287482 1.1779734 1.1695069 1.1673525 1.0903230 1.1487014 1.1617905 1.0657584 1.1240420 1.1102012 1.1161706 1.0045743 1.0589914 1.0068267 1.1304170 1.0592737 0.9570440 0.9843031 0.9673086 0.9848418 1.0036267 0.9532452 0.9540138 0.9502907 0.9512747 0.7410245 0.8898622 0.8761182 1.1185508 1.0694173 0.9871677 0.9597975 0.9867217 0.9800952 0.9867780 0.9517847 0.9612621 0.8337171 0.8704456 0.8085408 0.8583715 0.8086441 0.8474143 0.8277904 0.8299153 0.7995662 2.7265014 2.2174357 2.3009796 2.3005981 
85_BC.CN.14.14CN_SCYB4.KU992932        1.2305105 0.7484024 0.4069257 0.0000000 0.5884337 0.5258529 0.5207851 0.4876323 0.4966456 0.5274510 0.5346401 0.4880564 0.5373566 0.4583966 0.4342654 0.4774496 0.5059966 0.4947050 1.4597365 1.2559367 1.2559360 1.2256840 1.1886455 1.2122853 1.2004732 1.2004930 1.2196926 1.2061492 1.2240918 1.2213928 1.2153711 1.1542050 1.2698107 1.2354927 1.2513920 1.2065586 1.1702262 1.1803718 1.2429355 1.1475369 1.1489290 1.2302788 1.1467273 1.2158937 1.2211490 1.1647346 1.1826253 1.2030770 1.1699044 1.1703821 1.1894883 1.1604367 1.1344054 1.1062330 1.0712745 1.1227595 1.1221164 1.0569832 1.1148225 1.1586322 1.1068730 1.0157618 1.0651214 0.9907097 1.1304795 1.0598546 0.9270181 0.9935377 0.9743438 0.9578990 1.0050427 0.9273389 0.9592467 0.9245615 0.9299465 0.7162337 0.9004890 0.8749797 1.1002712 1.0417320 0.9689047 0.9334084 0.9268438 0.9627915 0.9618841 0.9317103 0.9307282 0.8154752 0.8714072 0.8424944 0.8451431 0.8061520 0.8499765 0.8203877 0.8189927 0.8089637 2.7924835 2.1957076 2.3140383 2.3189528 
C.SE.09.035ZA.MF373148                 1.1085649 0.6849200 0.6046342 0.5884337 0.0000000 0.5444863 0.4234975 0.4801363 0.4347703 0.4775075 0.4807517 0.4275001 0.4998545 0.4373977 0.4182824 0.4639669 0.4984248 0.4770005 1.4303024 1.2016476 1.2101904 1.1894269 1.1602261 1.1819148 1.1926880 1.1812191 1.1532918 1.1599976 1.1805380 1.1729300 1.1727123 1.1023664 1.2252017 1.2014310 1.2301586 1.1836315 1.1371179 1.1356576 1.1968188 1.1095353 1.1223922 1.1969336 1.1310008 1.1831648 1.2039528 1.1486022 1.1894966 1.1913597 1.1414862 1.1304074 1.1496429 1.1405772 1.1247764 1.0982682 1.0127438 1.0451623 1.0233627 1.0087635 1.0621207 1.0502458 1.0439612 0.9487198 0.9892938 0.9752354 1.1049276 1.0216992 0.8849212 0.9220391 0.8932229 0.9172423 0.9467021 0.8695808 0.8860112 0.8675385 0.8908032 0.6605099 0.8072250 0.8136566 1.0316315 0.9888678 0.9414103 0.9265690 0.9268963 0.9269020 0.9401059 0.8966356 0.9044576 0.7529514 0.8009019 0.7563927 0.7786566 0.7537570 0.7750083 0.7474046 0.7520706 0.7541169 2.7479642 2.1931035 2.2653704 2.2943799 
C.GB.14.13659_1_48.3.MF109437          1.1315790 0.7092487 0.5370797 0.5258529 0.5444863 0.0000000 0.4817400 0.4544260 0.4642880 0.4979964 0.4962121 0.4428009 0.4880676 0.4205428 0.4060580 0.4392913 0.4805932 0.4572652 1.4215399 1.2268514 1.2029214 1.1805836 1.1538001 1.1699346 1.1530917 1.1787312 1.1867913 1.1668011 1.1807844 1.1668813 1.1926548 1.1197038 1.2314909 1.1906882 1.2431070 1.1436406 1.1220195 1.1417679 1.2212269 1.1187250 1.1028192 1.1818668 1.1224699 1.1683691 1.1737880 1.1519393 1.1659008 1.1619716 1.1397093 1.1392296 1.1350325 1.1396312 1.1089790 1.0935031 1.0245943 1.0915891 1.0531562 1.0139064 1.0968155 1.0973256 1.0783218 0.9807714 1.0339928 0.9571740 1.1010956 1.0438430 0.9186062 0.9394262 0.9267437 0.9410889 0.9651399 0.8851177 0.9096374 0.8838086 0.8900447 0.6760771 0.8353815 0.8079931 1.0710981 1.0180927 0.9280437 0.8913233 0.9199392 0.9380930 0.9188978 0.9031794 0.9125303 0.7738558 0.8239414 0.7680459 0.7934647 0.7571832 0.7822020 0.7752370 0.7665849 0.7599831 2.7035920 2.2420057 2.2885168 2.2907856 
C.IL.99.99ET14.AY255825                1.0638970 0.6287036 0.5249016 0.5207851 0.4234975 0.4817400 0.0000000 0.4149245 0.3789308 0.4286207 0.4298272 0.3625083 0.4454426 0.3904649 0.3507966 0.4123974 0.4320347 0.4151043 1.3275252 1.1552458 1.1518122 1.1037511 1.0832022 1.0803975 1.1110217 1.1162358 1.0998337 1.0911579 1.1154971 1.0975852 1.0860395 1.0482394 1.1558678 1.1544936 1.1424726 1.0993286 1.0704744 1.0659492 1.1394270 1.0383164 1.0314507 1.1105998 1.0478759 1.1152977 1.1444142 1.0780272 1.0826392 1.0861942 1.0713581 1.0736267 1.0795646 1.0767588 1.0617365 1.0343743 0.9508445 1.0160008 0.9779340 0.9409691 1.0051277 1.0171303 0.9981152 0.8954528 0.9226219 0.9062804 1.0139119 0.9538017 0.8152648 0.8773197 0.8295581 0.8605287 0.8871712 0.8115327 0.8231315 0.7982911 0.8093221 0.5988863 0.7437767 0.7411821 0.9744804 0.9228635 0.8565379 0.8383705 0.8652685 0.8375301 0.8734227 0.8377848 0.8337028 0.7030986 0.7444077 0.6890875 0.7129411 0.6924118 0.7233051 0.6937539 0.6931763 0.6961242 2.7479583 2.2128624 2.3211869 2.3330875 
C.BW.98.98BWMC14A3.AF443078            1.0710056 0.6633053 0.4995613 0.4876323 0.4801363 0.4544260 0.4149245 0.0000000 0.3996622 0.4404382 0.4245432 0.3802275 0.3993774 0.3449141 0.3345130 0.3542309 0.3958189 0.3688516 1.3631453 1.1501550 1.1469480 1.1355786 1.0762649 1.1157824 1.1124564 1.1039109 1.1138639 1.1185673 1.1320328 1.1122241 1.1139287 1.0594470 1.1593783 1.1661402 1.1681981 1.0906620 1.0900156 1.0906130 1.1314194 1.0347339 1.0447125 1.1321295 1.0621162 1.0846543 1.1333487 1.0506198 1.0903072 1.0979059 1.0774507 1.0609652 1.0603736 1.0749009 1.0519451 1.0386115 0.9547793 1.0233869 0.9904258 0.9566459 1.0161779 1.0324252 1.0087662 0.9189604 0.9381668 0.9061765 1.0412181 0.9630442 0.8350206 0.8687501 0.8515084 0.8720629 0.9098556 0.8198113 0.8332257 0.8003374 0.8137769 0.6102224 0.7762958 0.7690931 1.0232105 0.9547899 0.8758476 0.8479943 0.8705673 0.8705566 0.8944385 0.8548492 0.8561423 0.7133051 0.7543591 0.7130371 0.7475191 0.7035174 0.7536208 0.7109087 0.7186639 0.7101835 2.6053380 2.1303446 2.1633949 2.2102549 
C.ZA.03.03ZAPS067MB2.DQ396389          1.0654767 0.6194066 0.4937785 0.4966456 0.4347703 0.4642880 0.3789308 0.3996622 0.0000000 0.3672970 0.3524255 0.3096819 0.4208404 0.3665283 0.3450960 0.3809582 0.4233497 0.3989037 1.3453737 1.1311218 1.1102539 1.0892982 1.0643953 1.0823857 1.0894741 1.0982906 1.0816342 1.0780361 1.1091976 1.0921973 1.0828445 1.0153472 1.1700088 1.1310365 1.1268444 1.0669592 1.0644672 1.0668935 1.1174524 1.0390034 1.0103862 1.1132433 1.0447818 1.0862943 1.1021297 1.0693677 1.0791710 1.0994560 1.0677374 1.0778136 1.0751176 1.0815165 1.0373546 1.0055848 0.9564463 0.9978501 0.9771029 0.9227532 0.9793450 0.9903427 0.9603205 0.8847613 0.9122804 0.8706047 1.0212963 0.9537696 0.8179038 0.8465148 0.8074036 0.8399619 0.8814421 0.7856115 0.8239573 0.7717422 0.7928912 0.5910660 0.7395761 0.7356119 0.9658472 0.9261931 0.8725769 0.8329934 0.8693109 0.8531141 0.8602194 0.8250623 0.8300625 0.6821743 0.7364807 0.6903431 0.7073443 0.6891690 0.7153665 0.6725499 0.6975873 0.6796630 2.7079660 2.1498644 2.2146878 2.2220075 
C.ZA.04.04ZASK170B1.DQ093595           1.0663442 0.6809668 0.5375475 0.5274510 0.4775075 0.4979964 0.4286207 0.4404382 0.3672970 0.0000000 0.3520606 0.3070908 0.4519176 0.3995440 0.3741386 0.4205514 0.4503444 0.4411764 1.3481213 1.1625558 1.1420643 1.1207293 1.0735261 1.0957128 1.1134559 1.1104344 1.1254912 1.1056718 1.1218196 1.1220276 1.0990036 1.0581454 1.1389098 1.1069650 1.1538647 1.1186995 1.0846415 1.0729303 1.1247466 1.0420171 1.0467615 1.1029657 1.0463851 1.1106689 1.1279647 1.1035517 1.1024155 1.0903959 1.0752946 1.0943994 1.0944056 1.0855944 1.0515638 1.0438256 0.9721044 1.0111175 0.9985773 0.9517402 1.0270174 1.0501330 1.0174066 0.9283696 0.9656283 0.9401328 1.0596089 0.9604415 0.8565276 0.8785239 0.8825735 0.9058651 0.9311828 0.8408089 0.8544520 0.8343183 0.8471345 0.6256302 0.7786475 0.7747217 1.0214153 0.9500459 0.8743821 0.8511411 0.8864568 0.8650828 0.8879799 0.8478997 0.8593469 0.7442697 0.7656315 0.7352559 0.7552189 0.7060483 0.7406293 0.7114101 0.7360229 0.7093792 2.6826160 2.1474976 2.2586445 2.2394548 
C.TZ.02.CO6721.AY734560                1.0776400 0.6661948 0.5446346 0.5346401 0.4807517 0.4962121 0.4298272 0.4245432 0.3524255 0.3520606 0.0000000 0.2525619 0.4628249 0.4025755 0.3726895 0.4136411 0.4537703 0.4251191 1.3567086 1.1497074 1.1428085 1.1465232 1.0895956 1.1174547 1.1299035 1.1596026 1.1269073 1.1407234 1.1612759 1.1539949 1.1334516 1.0791286 1.1754100 1.1276807 1.1592711 1.1263054 1.1150121 1.0792946 1.1884344 1.0661606 1.0635366 1.1316552 1.0808757 1.1229690 1.1576268 1.1067297 1.1210766 1.1236878 1.0999995 1.0967957 1.0781768 1.1018133 1.0770095 1.0602212 0.9742326 1.0101344 0.9977755 0.9506123 1.0109599 1.0315343 1.0121042 0.9165491 0.9689690 0.9182050 1.0432415 0.9888145 0.8419846 0.8791212 0.8474264 0.8693558 0.9107041 0.8206059 0.8476923 0.8294682 0.8351849 0.6249118 0.7753339 0.7664142 1.0151587 0.9743170 0.8787070 0.8559864 0.8803874 0.8836488 0.8844029 0.8555578 0.8669508 0.7323048 0.7640852 0.7191635 0.7461121 0.7083302 0.7601787 0.7050825 0.7205385 0.7145982 2.6726988 2.1299295 2.2308393 2.2472112 
C.TZ.01.BD39_8.AY253313                1.0195256 0.6199757 0.4894267 0.4880564 0.4275001 0.4428009 0.3625083 0.3802275 0.3096819 0.3070908 0.2525619 0.0000000 0.3990167 0.3546625 0.3257905 0.3673715 0.4027330 0.3793871 1.2776523 1.1089008 1.1197945 1.0635042 1.0391267 1.0665279 1.0677642 1.0868028 1.0567040 1.0771896 1.0839790 1.0577310 1.0454310 1.0119784 1.1351852 1.0955463 1.1009652 1.0562021 1.0472166 1.0327349 1.1041112 0.9989475 0.9945623 1.0669332 1.0014835 1.0581105 1.1033040 1.0328392 1.0883840 1.0496134 1.0437041 1.0448564 1.0419460 1.0209133 1.0126082 0.9852928 0.9256306 0.9656993 0.9692812 0.9178716 0.9701281 0.9962421 0.9748388 0.8704086 0.9081373 0.8740619 1.0029076 0.9122491 0.8140960 0.8273472 0.7993192 0.8148948 0.8735043 0.7685618 0.8003286 0.7839237 0.7799031 0.5789217 0.7224936 0.7214812 0.9719869 0.8984110 0.8212907 0.8131277 0.8453650 0.8248213 0.8370025 0.8042011 0.8172001 0.6846557 0.7229268 0.6752049 0.6997732 0.6729113 0.7032870 0.6657211 0.6846283 0.6592424 2.6367345 2.0762943 2.1703588 2.1539940 
C.ZA.02.02ZAPS015MB1.DQ369995          1.0688003 0.6826845 0.5421656 0.5373566 0.4998545 0.4880676 0.4454426 0.3993774 0.4208404 0.4519176 0.4628249 0.3990167 0.0000000 0.3294314 0.3608414 0.3993851 0.4239732 0.4045422 1.4223193 1.1832293 1.1771760 1.1574897 1.1037281 1.1524589 1.1359494 1.1412280 1.1280972 1.1059447 1.1384775 1.1494177 1.1457568 1.1062072 1.2212054 1.1615208 1.1872530 1.1411787 1.1181413 1.1341375 1.1948150 1.1148811 1.0755628 1.1789676 1.0600804 1.1312223 1.1789010 1.1124558 1.1428999 1.1276772 1.1135740 1.1112027 1.1136866 1.1062158 1.0876273 1.0666165 0.9829435 1.0485731 1.0271135 0.9961622 1.0368976 1.0370637 1.0033982 0.9454352 0.9674296 0.9268165 1.0671373 0.9994484 0.8859575 0.9065596 0.8870074 0.9005136 0.9559584 0.8606090 0.8767170 0.8550555 0.8672871 0.6475791 0.7810232 0.7906573 1.0145462 0.9856593 0.9101602 0.8795259 0.8960872 0.8935229 0.9121714 0.8602034 0.8701544 0.7560472 0.7899397 0.7487076 0.7805032 0.7493564 0.7650439 0.7424276 0.7746564 0.7430177 2.7100542 2.1739389 2.2578058 2.2785364 
C.ZA.99.99ZALT4.EU293444               1.0576729 0.6137419 0.4818734 0.4583966 0.4373977 0.4205428 0.3904649 0.3449141 0.3665283 0.3995440 0.4025755 0.3546625 0.3294314 0.0000000 0.2957115 0.3388788 0.3605248 0.3432985 1.3658428 1.1406992 1.1476056 1.1254558 1.0791726 1.1013381 1.0926391 1.1268656 1.0949172 1.0771380 1.1034093 1.1125192 1.1178394 1.0378340 1.1863369 1.1366709 1.1722110 1.0910143 1.0930251 1.0703346 1.1185145 1.0474858 1.0290610 1.1142616 1.0590351 1.1008464 1.1091047 1.0887681 1.1033046 1.1122975 1.0882013 1.0910904 1.0955038 1.0740362 1.0675540 1.0307540 0.9420000 0.9907537 0.9674105 0.9314828 0.9693958 1.0098004 0.9768106 0.9179717 0.9359839 0.8903697 1.0107609 0.9682745 0.8254546 0.8480928 0.8591751 0.8552579 0.8906680 0.8107312 0.8295847 0.7984649 0.8238533 0.5921115 0.7398481 0.7297688 0.9889626 0.9162235 0.8544990 0.8310044 0.8485974 0.8508746 0.8605278 0.8300251 0.8218833 0.6880716 0.7173533 0.6873460 0.7122319 0.6753207 0.7122796 0.6813833 0.6887124 0.6793798 2.5540300 2.1485159 2.1493892 2.2125878 
C.BW.00.00BW076820.AF443089            1.0266419 0.5935719 0.4582808 0.4342654 0.4182824 0.4060580 0.3507966 0.3345130 0.3450960 0.3741386 0.3726895 0.3257905 0.3608414 0.2957115 0.0000000 0.3254327 0.3572604 0.3363303 1.2817080 1.0931584 1.0888036 1.0627602 1.0312205 1.0611450 1.0344717 1.0523040 1.0302777 1.0532099 1.0655668 1.0718501 1.0575648 0.9980320 1.1242437 1.0746456 1.1240046 1.0487942 1.0254758 1.0273566 1.0762782 0.9882295 0.9650598 1.0375618 0.9793298 1.0489938 1.0716784 1.0251340 1.0341856 1.0622720 1.0315169 1.0282329 1.0307049 1.0372319 1.0106871 0.9787348 0.9013436 0.9621564 0.9448719 0.8950544 0.9761031 0.9674936 0.9592818 0.8581983 0.8875284 0.8563166 0.9859790 0.9179883 0.7667594 0.8044115 0.7906956 0.8182322 0.8412692 0.7645297 0.7754503 0.7523870 0.7535253 0.5651190 0.6998811 0.7063895 0.9419271 0.8999329 0.8102415 0.8056062 0.8215671 0.8031044 0.8472271 0.7922965 0.7919912 0.6611600 0.7095588 0.6612210 0.6787923 0.6571413 0.6985018 0.6651188 0.6759399 0.6486009 2.6055268 2.0757783 2.1013027 2.1632125 
C.ZA.04.04ZASK135B1.DQ011166           1.0639625 0.6430476 0.4958832 0.4774496 0.4639669 0.4392913 0.4123974 0.3542309 0.3809582 0.4205514 0.4136411 0.3673715 0.3993851 0.3388788 0.3254327 0.0000000 0.3393899 0.3219976 1.3434589 1.1270405 1.1333257 1.1018169 1.0826461 1.0930440 1.1038797 1.1300816 1.1228734 1.1049995 1.1266154 1.1258287 1.1069336 1.0448727 1.1494673 1.1385664 1.1765191 1.1045314 1.0756746 1.0835257 1.1111030 1.0313430 1.0347273 1.1203417 1.0418390 1.1051390 1.1426896 1.0798116 1.0976384 1.0987937 1.1003269 1.0811382 1.0903720 1.0770517 1.0751345 1.0470281 0.9669874 0.9870131 1.0060971 0.9580121 0.9929437 1.0119842 0.9778652 0.9140052 0.9612944 0.8822475 1.0176101 0.9592813 0.8349927 0.8690666 0.8183775 0.8581229 0.9064812 0.8090817 0.8140030 0.7886946 0.8228191 0.6159758 0.7533650 0.7575300 1.0041990 0.9406646 0.8485440 0.8351097 0.8616940 0.8658241 0.8646036 0.8284258 0.8363775 0.7089762 0.7445669 0.7073440 0.7317092 0.6940694 0.7399473 0.7043032 0.7288803 0.6969397 2.6963504 2.1855592 2.2054280 2.2372140 
C.ZA.97.97ZA012.AF286227               1.1086762 0.6551707 0.5243931 0.5059966 0.4984248 0.4805932 0.4320347 0.3958189 0.4233497 0.4503444 0.4537703 0.4027330 0.4239732 0.3605248 0.3572604 0.3393899 0.0000000 0.2929679 1.3886577 1.1884213 1.1747600 1.1354423 1.1120346 1.1284039 1.1349904 1.1522359 1.1550426 1.1283069 1.1550039 1.1463916 1.1251351 1.0950107 1.1885724 1.1516790 1.2151896 1.1469272 1.1157337 1.1464466 1.1949994 1.0671022 1.0611626 1.1804241 1.1010869 1.1569481 1.1745985 1.1152855 1.1276330 1.1237696 1.1166494 1.1034796 1.1226109 1.1149185 1.1045174 1.0798890 1.0068306 1.0621220 1.0252477 0.9757795 1.0283070 1.0390359 1.0083530 0.9380294 0.9848903 0.9262669 1.0592745 0.9876840 0.8747557 0.9098980 0.8707492 0.8830910 0.9248149 0.8572024 0.8574225 0.8363745 0.8505976 0.6520541 0.7733714 0.7815128 1.0273627 0.9598931 0.8906463 0.8622786 0.8821379 0.8900436 0.9118058 0.8345834 0.8479880 0.7483503 0.7636501 0.7443017 0.7462126 0.7349437 0.7896416 0.7331194 0.7313008 0.7114420 2.6835320 2.1172972 2.2202964 2.2792481 
C.ZA.03.03ZAPS130MB1.DQ275658          1.0930199 0.6697238 0.5118455 0.4947050 0.4770005 0.4572652 0.4151043 0.3688516 0.3989037 0.4411764 0.4251191 0.3793871 0.4045422 0.3432985 0.3363303 0.3219976 0.2929679 0.0000000 1.3786109 1.1450973 1.1833969 1.1340730 1.0722227 1.1053204 1.1471525 1.1222083 1.1202143 1.1173395 1.1349970 1.1108480 1.1120297 1.0430156 1.1863661 1.1668927 1.1793517 1.1050242 1.0828312 1.0963503 1.1559228 1.0403969 1.0326060 1.1372894 1.0433855 1.1184711 1.1364151 1.0954558 1.1010448 1.1009282 1.0999709 1.0971878 1.0877760 1.1199816 1.0787880 1.0558177 0.9787338 1.0402574 1.0072689 0.9739614 1.0416052 1.0457958 1.0034757 0.9220212 0.9780151 0.9101024 1.0482742 0.9634407 0.8517562 0.8943512 0.8820412 0.8704493 0.9170038 0.8262955 0.8498864 0.8126979 0.8326303 0.6236297 0.7731511 0.7587414 1.0046644 0.9727331 0.8774263 0.8475334 0.8674398 0.8543083 0.8722680 0.8248470 0.8427291 0.7348026 0.7597053 0.7235121 0.7311094 0.7291020 0.7757581 0.7271803 0.7272632 0.7123387 2.7867003 2.1122989 2.2235372 2.2374091 
BF1.BR.10.10BR_RJ029.KT427782          1.1426079 1.3672204 1.4638816 1.4597365 1.4303024 1.4215399 1.3275252 1.3631453 1.3453737 1.3481213 1.3567086 1.2776523 1.4223193 1.3658428 1.2817080 1.3434589 1.3886577 1.3786109 0.0000000 0.7491208 0.6367641 0.6713493 0.7138879 0.7096835 0.6473101 0.7250227 0.7078766 0.7028597 0.7050795 0.6995661 0.5930987 0.6697273 0.7414714 0.7529825 0.7431576 0.6796443 0.5831817 0.6719221 0.7421232 0.6096806 0.6130112 0.7192354 0.6324239 0.6977975 0.7003104 0.6908963 0.6873445 0.6902012 0.6809375 0.6910787 0.7049174 0.6822701 0.6519108 0.6184523 0.8328312 0.8848908 0.8415335 1.0459379 1.2476183 1.2757440 1.2144119 1.1427156 1.2207562 1.1043069 1.3420088 1.2753816 1.0731816 1.1033580 1.0763860 1.0742611 1.1434432 1.0402126 1.0477586 1.0332253 1.0573139 1.1515979 1.0218742 1.0765577 1.3006997 1.2875247 1.1727475 1.1503425 1.1527516 1.1664850 1.1796074 1.1461110 1.1436140 1.0672938 1.0823375 1.0333117 1.1238244 1.0552997 1.1238317 1.0856541 1.0930291 1.0851661 2.8561706 2.4219129 2.4057260 2.4172607 
51_01B.MY.11.11MYKL055.KJ485697        0.9556147 1.1522539 1.2608608 1.2559367 1.2016476 1.2268514 1.1552458 1.1501550 1.1311218 1.1625558 1.1497074 1.1089008 1.1832293 1.1406992 1.0931584 1.1270405 1.1884213 1.1450973 0.7491208 0.0000000 0.5312805 0.5365943 0.4868422 0.4776899 0.5057159 0.4907109 0.4801585 0.4720340 0.4688721 0.4692124 0.5123062 0.4589812 0.5061962 0.4817679 0.4896185 0.4564211 0.4650715 0.4523061 0.4719836 0.4303317 0.4471476 0.4784670 0.4270113 0.4459724 0.4405602 0.4476094 0.4322687 0.4483577 0.4355694 0.4298691 0.4511413 0.4282356 0.4113046 0.3782447 0.6363454 0.6536655 0.6242193 0.8333081 1.0852592 1.0529588 1.0212799 0.9246469 0.9814394 0.9027655 1.1834704 1.1106904 0.8456878 0.8968464 0.8701948 0.8719086 0.9146018 0.8375733 0.8643539 0.8450361 0.8533502 0.9066215 0.8107923 0.8867353 1.1089791 1.0621768 0.9679116 0.9429092 0.9656875 0.9403083 0.9729425 0.9367816 0.9514868 0.9034729 0.8700826 0.8409310 0.9046449 0.8507122 0.9242813 0.8921471 0.8787496 0.8823543 2.7124725 2.2304688 2.2419559 2.2933798 
BF1.BR.10.10BR_MG052.KT427668          0.8965666 1.1347163 1.2831425 1.2559360 1.2101904 1.2029214 1.1518122 1.1469480 1.1102539 1.1420643 1.1428085 1.1197945 1.1771760 1.1476056 1.0888036 1.1333257 1.1747600 1.1833969 0.6367641 0.5312805 0.0000000 0.4387618 0.5069757 0.5160648 0.4320155 0.4862596 0.4852275 0.4831331 0.4916007 0.4865113 0.3970342 0.4574441 0.5361581 0.5125388 0.5308757 0.4631287 0.3788010 0.4540100 0.5144203 0.3961005 0.4023696 0.5073868 0.3989342 0.4671959 0.4609143 0.4725018 0.4678949 0.4674825 0.4420587 0.4522502 0.4581267 0.4455997 0.4330015 0.3992911 0.6344809 0.6432011 0.6008770 0.8214324 1.0056949 1.0414325 0.9568054 0.9161597 0.9489539 0.9038549 1.1402149 1.0860125 0.8114832 0.8779255 0.8523991 0.8518333 0.9117921 0.8183582 0.8360712 0.8211241 0.8167345 0.9147568 0.7958499 0.8594972 1.0786521 1.0514640 0.9776497 0.9410203 0.9599958 0.9775626 0.9771375 0.9518121 0.9437464 0.8650429 0.8560605 0.8257677 0.8825339 0.8546122 0.8876308 0.8378792 0.8633164 0.8587796 2.6686776 2.1776369 2.1660154 2.2134462 
B.GB.14.14667_1_16.3.MF109578          0.9086992 1.1467816 1.2272641 1.2256840 1.1894269 1.1805836 1.1037511 1.1355786 1.0892982 1.1207293 1.1465232 1.0635042 1.1574897 1.1254558 1.0627602 1.1018169 1.1354423 1.1340730 0.6713493 0.5365943 0.4387618 0.0000000 0.4799701 0.4907814 0.4034409 0.4786889 0.4914102 0.4781364 0.4753079 0.4825755 0.4163251 0.4508316 0.5253005 0.5252836 0.5105071 0.4559863 0.3719026 0.4450355 0.4942559 0.3807172 0.3911413 0.4869492 0.3986692 0.4791747 0.4565951 0.4716987 0.4569412 0.4594820 0.4427920 0.4370799 0.4608226 0.4462994 0.4220914 0.4030771 0.6328858 0.6658056 0.6151631 0.7958876 1.0229328 1.0059015 0.9679456 0.8829234 0.9451052 0.9173769 1.1168968 1.0950306 0.8413775 0.8898758 0.8335635 0.8453415 0.9074730 0.8290877 0.8488731 0.8074725 0.8121562 0.9004843 0.7966362 0.8635958 1.0457705 1.0477990 0.9739923 0.9079715 0.9469432 0.9485957 0.9660119 0.9439986 0.9438747 0.8836110 0.8499548 0.8198547 0.8530750 0.8242697 0.8914237 0.8511380 0.8651993 0.8534489 2.7078202 2.0712941 2.1488055 2.1674099 
B.JP.11.NMC851C_clone_13.AB731669      0.8792292 1.0888420 1.1948011 1.1886455 1.1602261 1.1538001 1.0832022 1.0762649 1.0643953 1.0735261 1.0895956 1.0391267 1.1037281 1.0791726 1.0312205 1.0826461 1.1120346 1.0722227 0.7138879 0.4868422 0.5069757 0.4799701 0.0000000 0.4566955 0.4634104 0.4501002 0.4628153 0.4486611 0.4503611 0.4569764 0.4665478 0.4430753 0.4854856 0.4725797 0.4820215 0.4203768 0.4242082 0.4158612 0.4587437 0.4001458 0.3996172 0.4563336 0.4002578 0.4400821 0.4296254 0.4367979 0.4239380 0.4293397 0.4182299 0.4132209 0.4344766 0.4058725 0.3950166 0.3687406 0.5940779 0.6301727 0.5826374 0.7737713 1.0188603 0.9979620 0.9477382 0.8708611 0.9307525 0.8947319 1.1082181 1.0567102 0.7958357 0.8578635 0.8219395 0.8254448 0.8782150 0.7973400 0.8251685 0.7916575 0.7898073 0.8489249 0.7546727 0.8425318 1.0763508 1.0225470 0.9411850 0.8931026 0.9174431 0.9513484 0.9341039 0.8951359 0.9237987 0.8519810 0.8145556 0.7924528 0.8238402 0.8151402 0.8683438 0.8318254 0.8567344 0.8312289 2.6492781 2.1425174 2.2183251 2.2170733 
B.CY.08.CY224.JF683773                 0.8822038 1.1076039 1.2323436 1.2122853 1.1819148 1.1699346 1.0803975 1.1157824 1.0823857 1.0957128 1.1174547 1.0665279 1.1524589 1.1013381 1.0611450 1.0930440 1.1284039 1.1053204 0.7096835 0.4776899 0.5160648 0.4907814 0.4566955 0.0000000 0.4628329 0.4187333 0.4205718 0.4127079 0.4002235 0.4076586 0.4724687 0.4311030 0.4784620 0.4848620 0.4785117 0.3846510 0.4299964 0.4168854 0.4618119 0.3997851 0.3846466 0.4632645 0.3931475 0.4347601 0.4316321 0.4271522 0.4300500 0.4328251 0.4156764 0.4124041 0.4382553 0.4096935 0.3953897 0.3625574 0.6058681 0.6379782 0.5921886 0.7716691 0.9739374 0.9656085 0.9399231 0.8563513 0.9212596 0.8701926 1.1073024 1.0436467 0.7936753 0.8196494 0.8077793 0.8181353 0.8611043 0.7796841 0.8064147 0.7637294 0.7864541 0.8658620 0.7715469 0.8423417 1.0587982 1.0010879 0.9391121 0.9085669 0.9093542 0.9309878 0.9488620 0.9004332 0.8940412 0.8477296 0.8305959 0.7890893 0.8466271 0.8113947 0.8659700 0.8386663 0.8388885 0.8398935 2.6575652 2.0857325 2.1564383 2.1828209 
B.BR.10.10BR_PE013.KT427743            0.8853606 1.1105820 1.2256805 1.2004732 1.1926880 1.1530917 1.1110217 1.1124564 1.0894741 1.1134559 1.1299035 1.0677642 1.1359494 1.0926391 1.0344717 1.1038797 1.1349904 1.1471525 0.6473101 0.5057159 0.4320155 0.4034409 0.4634104 0.4628329 0.0000000 0.4598870 0.4607922 0.4531559 0.4536294 0.4635859 0.3959261 0.4300013 0.5048962 0.4941125 0.4947327 0.4332412 0.3521367 0.4369117 0.4816016 0.3725283 0.3654068 0.4811392 0.3657288 0.4512372 0.4470041 0.4539793 0.4471617 0.4353252 0.4286661 0.4254525 0.4434171 0.4245138 0.4029276 0.3754113 0.6024747 0.6308854 0.5974264 0.7940556 1.0063269 0.9673880 0.9074981 0.8697360 0.9217658 0.8757319 1.1159952 1.0409674 0.7840963 0.8265816 0.8168982 0.8004447 0.8783645 0.7872389 0.8098697 0.7898925 0.7767551 0.8919380 0.7443904 0.8338481 1.0468366 1.0074798 0.9387970 0.8982838 0.9239361 0.9326266 0.9402209 0.8959133 0.8884469 0.8437906 0.8335874 0.7846686 0.8382010 0.8063399 0.8656854 0.8083482 0.8204136 0.8296323 2.6089745 2.1485298 2.1146705 2.1861873 
B.TH.06.AA010a_WG3.JX446800            0.8777824 1.1335971 1.2444806 1.2004930 1.1812191 1.1787312 1.1162358 1.1039109 1.0982906 1.1104344 1.1596026 1.0868028 1.1412280 1.1268656 1.0523040 1.1300816 1.1522359 1.1222083 0.7250227 0.4907109 0.4862596 0.4786889 0.4501002 0.4187333 0.4598870 0.0000000 0.4235556 0.4088907 0.4206312 0.4218089 0.4576687 0.4179514 0.4775150 0.4647974 0.4755928 0.3900098 0.4364408 0.4172482 0.4433965 0.4000914 0.3940736 0.4523434 0.3912829 0.4304104 0.4106618 0.4219703 0.4103712 0.4274611 0.4006301 0.4027162 0.4220935 0.4030872 0.3812434 0.3480976 0.5845493 0.6097941 0.5896597 0.7808259 0.9900877 0.9773699 0.9344690 0.8872955 0.9134159 0.8728204 1.0821434 1.0240199 0.8126187 0.8257392 0.8093103 0.8291608 0.8636617 0.7911317 0.8125640 0.7837954 0.7993932 0.8811473 0.7667739 0.8273832 1.0638662 1.0061707 0.9324587 0.8961777 0.9112893 0.9143524 0.9346487 0.8909864 0.9103932 0.8669128 0.8318238 0.7846956 0.8403882 0.8276104 0.8621909 0.8239117 0.8233977 0.8119115 2.5535042 2.0922126 2.1806809 2.1920670 
B.CN.07.CBJC261.JF932474               0.8685652 1.0860515 1.2289465 1.2196926 1.1532918 1.1867913 1.0998337 1.1138639 1.0816342 1.1254912 1.1269073 1.0567040 1.1280972 1.0949172 1.0302777 1.1228734 1.1550426 1.1202143 0.7078766 0.4801585 0.4852275 0.4914102 0.4628153 0.4205718 0.4607922 0.4235556 0.0000000 0.1694360 0.1699001 0.4003479 0.4574615 0.4315230 0.4879666 0.4830157 0.4717877 0.3714131 0.4364150 0.4130160 0.4640185 0.4064784 0.4008159 0.4549171 0.4035037 0.4294886 0.4357974 0.4283048 0.4236802 0.4290909 0.4066575 0.4148066 0.4276223 0.4065757 0.3868087 0.3601665 0.5795801 0.6195502 0.5775541 0.7848113 1.0080104 0.9894530 0.9313156 0.8605957 0.9132249 0.8687951 1.0966169 1.0636990 0.8074613 0.8620583 0.8105514 0.8213829 0.8898589 0.7794896 0.8034517 0.7945533 0.8216282 0.8881511 0.7779407 0.8416724 1.0791125 1.0501411 0.9512278 0.9159452 0.9311304 0.9135824 0.9604759 0.9213737 0.9280031 0.8576852 0.8191828 0.8149874 0.8420782 0.8193278 0.8683092 0.8264603 0.8374966 0.8339418 2.7166595 2.1112880 2.1839985 2.2205769 
B.CN.01.CNHN24.AY180905                0.8710425 1.1188241 1.2311750 1.2061492 1.1599976 1.1668011 1.0911579 1.1185673 1.0780361 1.1056718 1.1407234 1.0771896 1.1059447 1.0771380 1.0532099 1.1049995 1.1283069 1.1173395 0.7028597 0.4720340 0.4831331 0.4781364 0.4486611 0.4127079 0.4531559 0.4088907 0.1694360 0.0000000 0.1644742 0.3910142 0.4601248 0.4227269 0.4835779 0.4680298 0.4640518 0.3547501 0.4293464 0.4092882 0.4522850 0.3951687 0.3848186 0.4526670 0.3783563 0.4260121 0.4237568 0.4115307 0.4046885 0.4094601 0.3961071 0.3974777 0.4207006 0.4069420 0.3739830 0.3456354 0.5834624 0.6186939 0.5760877 0.7630162 1.0050430 0.9784003 0.9296139 0.8402262 0.9128490 0.8739784 1.0748109 1.0438250 0.8067520 0.8564228 0.8112311 0.8101476 0.8746735 0.7730534 0.8190565 0.8014213 0.8082821 0.8798427 0.7813940 0.8205495 1.0607855 1.0137818 0.9385469 0.9028034 0.9126542 0.9139499 0.9470922 0.9087213 0.9081083 0.8478039 0.8217286 0.8044455 0.8314341 0.8010231 0.8594510 0.8155004 0.8306368 0.8250581 2.7133857 2.0789420 2.1662322 2.1909887 
B.CN.08.cbjc468.JF932498               0.8602665 1.1224659 1.2475498 1.2240918 1.1805380 1.1807844 1.1154971 1.1320328 1.1091976 1.1218196 1.1612759 1.0839790 1.1384775 1.1034093 1.0655668 1.1266154 1.1550039 1.1349970 0.7050795 0.4688721 0.4916007 0.4753079 0.4503611 0.4002235 0.4536294 0.4206312 0.1699001 0.1644742 0.0000000 0.3874086 0.4484489 0.4139540 0.4779405 0.4737007 0.4644847 0.3551097 0.4306287 0.4025730 0.4444364 0.3878971 0.3814217 0.4480970 0.3874499 0.4193226 0.4201828 0.4146938 0.4013856 0.4143168 0.3989035 0.4017580 0.4179747 0.4002720 0.3676494 0.3453928 0.5767839 0.6110872 0.5678280 0.7639882 1.0059228 0.9831591 0.9299095 0.8479318 0.8968118 0.8522054 1.0463534 1.0252122 0.8077946 0.8336722 0.8035058 0.8192051 0.8749798 0.7665850 0.7993235 0.7918283 0.7872027 0.8866348 0.7781405 0.8281856 1.0515649 1.0039588 0.9221513 0.8927984 0.9057987 0.9093076 0.9405162 0.9056010 0.9087855 0.8500211 0.8065948 0.8005314 0.8480462 0.8114511 0.8726555 0.8372985 0.8294027 0.8363365 2.6513609 2.0801599 2.1611401 2.1948108 
B.JP.04.DR6174.AB480692                0.8891293 1.1208168 1.2368562 1.2213928 1.1729300 1.1668813 1.0975852 1.1122241 1.0921973 1.1220276 1.1539949 1.0577310 1.1494177 1.1125192 1.0718501 1.1258287 1.1463916 1.1108480 0.6995661 0.4692124 0.4865113 0.4825755 0.4569764 0.4076586 0.4635859 0.4218089 0.4003479 0.3910142 0.3874086 0.0000000 0.4454829 0.4243455 0.4768513 0.4543920 0.4497252 0.3687142 0.4244759 0.4087775 0.4471673 0.3771486 0.3873876 0.4426868 0.3768419 0.4221818 0.4103256 0.4142221 0.4103489 0.4059323 0.3885971 0.3959609 0.4053430 0.3906416 0.3709221 0.3387862 0.5782778 0.6254298 0.5640547 0.7840220 1.0026200 0.9820736 0.9310105 0.8423300 0.8990902 0.8685999 1.1030708 1.0336886 0.7988719 0.8260741 0.8072820 0.8049858 0.8621349 0.7706173 0.8151529 0.7738119 0.7877847 0.8668114 0.7544196 0.8113480 1.0697043 1.0015271 0.9314471 0.9053423 0.9355346 0.9363051 0.9563895 0.9067929 0.9356196 0.8535794 0.8161382 0.8024178 0.8355702 0.7993202 0.8646183 0.8463103 0.8218662 0.8194874 2.6380691 2.1426160 2.1783166 2.1927010 
BF1.BR.00.BREPM13853.DQ085875          0.8547924 1.1304008 1.2293379 1.2153711 1.1727123 1.1926548 1.0860395 1.1139287 1.0828445 1.0990036 1.1334516 1.0454310 1.1457568 1.1178394 1.0575648 1.1069336 1.1251351 1.1120297 0.5930987 0.5123062 0.3970342 0.4163251 0.4665478 0.4724687 0.3959261 0.4576687 0.4574615 0.4601248 0.4484489 0.4454829 0.0000000 0.4224931 0.4953888 0.4878381 0.4768934 0.4261969 0.3388741 0.4281947 0.4592478 0.3721473 0.3631087 0.4593169 0.3753104 0.4457093 0.4327021 0.4300535 0.4357206 0.4304415 0.4249201 0.4239169 0.4439551 0.4099464 0.4010142 0.3623025 0.5898561 0.6204908 0.5754206 0.7707020 1.0033474 0.9898880 0.9163682 0.8739943 0.9103028 0.8568935 1.1020951 1.0485857 0.7999783 0.8256073 0.8142138 0.8135087 0.8641064 0.7749026 0.8014710 0.7765584 0.7933627 0.8700661 0.7693856 0.8353342 1.0596992 1.0363566 0.9301549 0.9052885 0.9416207 0.9246276 0.9506275 0.9048278 0.9159918 0.8425622 0.8312833 0.7732696 0.8386767 0.8193515 0.8857851 0.8160141 0.8213515 0.8259889 2.4989757 2.0591361 2.1034736 2.1511090 
B.US.15.3693.KX505555                  0.8146040 1.0438175 1.1731070 1.1542050 1.1023664 1.1197038 1.0482394 1.0594470 1.0153472 1.0581454 1.0791286 1.0119784 1.1062072 1.0378340 0.9980320 1.0448727 1.0950107 1.0430156 0.6697273 0.4589812 0.4574441 0.4508316 0.4430753 0.4311030 0.4300013 0.4179514 0.4315230 0.4227269 0.4139540 0.4243455 0.4224931 0.0000000 0.4667715 0.4577506 0.4553679 0.4056339 0.3931012 0.3834250 0.4442530 0.3652132 0.3671366 0.4336046 0.3685320 0.4178147 0.4137355 0.4055428 0.4050477 0.3998482 0.3897865 0.3946201 0.4109899 0.3764131 0.3644476 0.3365603 0.5233906 0.5676701 0.5227014 0.7187374 0.9404095 0.9236683 0.8815400 0.8039500 0.8345319 0.7883038 1.0246849 0.9913894 0.7272061 0.7894761 0.7575580 0.7610658 0.8269702 0.7185363 0.7400978 0.7319927 0.7357646 0.8081599 0.7077036 0.7824579 0.9936074 0.9462048 0.8866151 0.8202479 0.8516749 0.8634796 0.8695717 0.8450688 0.8516641 0.7844136 0.7613227 0.7468806 0.7864974 0.7531600 0.8007512 0.7602129 0.7837151 0.7724844 2.5228646 2.0813245 2.0791926 2.1470652 
B.US.15.2521.KX505446                  0.9102655 1.1528293 1.2758050 1.2698107 1.2252017 1.2314909 1.1558678 1.1593783 1.1700088 1.1389098 1.1754100 1.1351852 1.2212054 1.1863369 1.1242437 1.1494673 1.1885724 1.1863661 0.7414714 0.5061962 0.5361581 0.5253005 0.4854856 0.4784620 0.5048962 0.4775150 0.4879666 0.4835779 0.4779405 0.4768513 0.4953888 0.4667715 0.0000000 0.4493089 0.4464329 0.4591724 0.4760578 0.4435872 0.4219919 0.4385054 0.4294965 0.4381780 0.4274641 0.4064404 0.4006174 0.4048989 0.4053788 0.4093339 0.3946737 0.4022152 0.4173559 0.4012996 0.3754754 0.3435574 0.6389320 0.6735105 0.6178407 0.8217416 1.0443431 1.0308929 0.9820716 0.9116202 0.9391996 0.9201697 1.1101133 1.0882021 0.8516909 0.8935342 0.8619509 0.8698148 0.8991099 0.8348896 0.8389079 0.8265096 0.8369932 0.9264946 0.8172575 0.8873510 1.1057386 1.0420975 0.9606732 0.9501225 0.9765239 0.9743423 0.9911198 0.9552670 0.9417308 0.8738256 0.8855836 0.8580035 0.8845748 0.8533250 0.9221763 0.8595727 0.8724389 0.8633991 2.6932200 2.2240048 2.1788942 2.2579754 
B.GB.14.14535_1_7.3.MF109534           0.8997486 1.1310777 1.2830757 1.2354927 1.2014310 1.1906882 1.1544936 1.1661402 1.1310365 1.1069650 1.1276807 1.0955463 1.1615208 1.1366709 1.0746456 1.1385664 1.1516790 1.1668927 0.7529825 0.4817679 0.5125388 0.5252836 0.4725797 0.4848620 0.4941125 0.4647974 0.4830157 0.4680298 0.4737007 0.4543920 0.4878381 0.4577506 0.4493089 0.0000000 0.4384967 0.4483211 0.4690445 0.4425845 0.4321864 0.4223919 0.4241223 0.4011181 0.4116289 0.4017978 0.3635157 0.4080788 0.3717484 0.4080650 0.3860771 0.4012234 0.4071367 0.3923511 0.3775749 0.3361718 0.6093757 0.6666729 0.6168162 0.8322394 1.0478023 1.0047111 0.9687609 0.8811000 0.9192089 0.9010910 1.1341872 1.0738306 0.8468537 0.8770459 0.8631136 0.8799296 0.9254124 0.8441550 0.8622384 0.8367334 0.8440079 0.9083594 0.7999654 0.8837808 1.1329637 1.0633014 0.9762188 0.9315122 0.9557060 0.9771179 1.0127869 0.9587299 0.9614916 0.8770130 0.8731058 0.8494419 0.8894089 0.8672412 0.8888279 0.8678829 0.8728548 0.8825386 2.6941259 2.1770725 2.2187171 2.2633491 
B.ES.14.ARP1202.KT276262               0.8909721 1.1492113 1.2671924 1.2513920 1.2301586 1.2431070 1.1424726 1.1681981 1.1268444 1.1538647 1.1592711 1.1009652 1.1872530 1.1722110 1.1240046 1.1765191 1.2151896 1.1793517 0.7431576 0.4896185 0.5308757 0.5105071 0.4820215 0.4785117 0.4947327 0.4755928 0.4717877 0.4640518 0.4644847 0.4497252 0.4768934 0.4553679 0.4464329 0.4384967 0.0000000 0.4365355 0.4557639 0.4323151 0.4256338 0.4253881 0.4179003 0.4149013 0.4119288 0.4118465 0.3783077 0.4073227 0.3780449 0.3906758 0.3820565 0.3812724 0.4022238 0.3728671 0.3631559 0.3279806 0.5975521 0.6407729 0.6065037 0.8160310 1.0458849 1.0225423 0.9801193 0.9043473 0.9383973 0.8974590 1.1358763 1.0717684 0.8215825 0.8687827 0.8463681 0.8545430 0.8867218 0.8136240 0.8336862 0.8153840 0.8178994 0.8844672 0.7961853 0.8613473 1.0989492 1.0443315 0.9847627 0.9303606 0.9452996 0.9685113 0.9889688 0.9378770 0.9454219 0.8520167 0.8612792 0.8341806 0.8729029 0.8251604 0.9006029 0.8491878 0.8573568 0.8559248 2.6275142 2.0898660 2.2054320 2.2935483 
B.DE.10.iso4_w10.KU612900              0.8577076 1.1335333 1.2132428 1.2065586 1.1836315 1.1436406 1.0993286 1.0906620 1.0669592 1.1186995 1.1263054 1.0562021 1.1411787 1.0910143 1.0487942 1.1045314 1.1469272 1.1050242 0.6796443 0.4564211 0.4631287 0.4559863 0.4203768 0.3846510 0.4332412 0.3900098 0.3714131 0.3547501 0.3551097 0.3687142 0.4261969 0.4056339 0.4591724 0.4483211 0.4365355 0.0000000 0.3926544 0.3781522 0.4295754 0.3626138 0.3607456 0.4304846 0.3562333 0.4029730 0.4004739 0.4049040 0.3923675 0.3998812 0.3673867 0.3864475 0.3971374 0.3789101 0.3608408 0.3254505 0.5624096 0.6133354 0.5634063 0.7615681 0.9672051 0.9790011 0.9305753 0.8464537 0.8977823 0.8811114 1.0539267 1.0123869 0.7871729 0.8233528 0.8160730 0.8071590 0.8446796 0.7599681 0.8052588 0.7702561 0.7841737 0.8783528 0.7659816 0.8181157 1.0343676 1.0020384 0.9231830 0.8960047 0.9133392 0.9287668 0.9194981 0.8889875 0.9025589 0.8183808 0.8004809 0.7825559 0.8325867 0.7956257 0.8449227 0.7998454 0.7907215 0.8054741 2.5563001 2.1086982 2.1226674 2.1929637 
B.BR.02.02BR2041.JN692443              0.8459974 1.0973643 1.1920104 1.1702262 1.1371179 1.1220195 1.0704744 1.0900156 1.0644672 1.0846415 1.1150121 1.0472166 1.1181413 1.0930251 1.0254758 1.0756746 1.1157337 1.0828312 0.5831817 0.4650715 0.3788010 0.3719026 0.4242082 0.4299964 0.3521367 0.4364408 0.4364150 0.4293464 0.4306287 0.4244759 0.3388741 0.3931012 0.4760578 0.4690445 0.4557639 0.3926544 0.0000000 0.3892133 0.4492032 0.3264757 0.3374824 0.4504929 0.3389246 0.4164869 0.4019333 0.4122308 0.4130482 0.4119146 0.3927607 0.3893355 0.4157798 0.3998437 0.3783745 0.3430030 0.5657702 0.5998705 0.5587140 0.7547368 0.9852034 0.9461152 0.8946158 0.8542129 0.8662884 0.8373780 1.0593003 1.0103152 0.7564712 0.8120799 0.7930379 0.8036124 0.8449676 0.7710200 0.7910919 0.7613414 0.7742601 0.8416841 0.7364258 0.8154572 1.0238443 0.9782805 0.9053974 0.8500263 0.9039517 0.9076187 0.9158595 0.8804297 0.8856964 0.8118403 0.7987394 0.7679631 0.8078609 0.7787167 0.8404507 0.8026244 0.8220435 0.8136642 2.5835400 2.1284956 2.1199061 2.1724583 
B.BR.10.10BR_PE101.KT427697            0.8425320 1.0761585 1.1982693 1.1803718 1.1356576 1.1417679 1.0659492 1.0906130 1.0668935 1.0729303 1.0792946 1.0327349 1.1341375 1.0703346 1.0273566 1.0835257 1.1464466 1.0963503 0.6719221 0.4523061 0.4540100 0.4450355 0.4158612 0.4168854 0.4369117 0.4172482 0.4130160 0.4092882 0.4025730 0.4087775 0.4281947 0.3834250 0.4435872 0.4425845 0.4323151 0.3781522 0.3892133 0.0000000 0.4301903 0.3586432 0.3583251 0.4110120 0.3467628 0.4067378 0.3903499 0.3973589 0.3840017 0.4005757 0.3709276 0.3812573 0.3955434 0.3805680 0.3522814 0.3257020 0.5654395 0.5968600 0.5564980 0.7378565 0.9839701 0.9449607 0.9044337 0.8383346 0.8814328 0.8499604 1.0470165 0.9941308 0.7759765 0.8187959 0.7983005 0.7926159 0.8249701 0.7580970 0.7801570 0.7598085 0.7629262 0.8547384 0.7301560 0.8050318 1.0188916 0.9632576 0.8939348 0.8585054 0.8859446 0.8937029 0.9034280 0.8729885 0.8703318 0.8221446 0.7938124 0.7751749 0.8077988 0.7906091 0.8438030 0.7959637 0.8072721 0.7997954 2.5562575 2.1415306 2.1582623 2.1779199 
