100
02A1.GH.97.97GH_AG2.AB052867           0.0000000 0.3747972 0.4593518 0.5329033 0.6115336 0.6362953 0.6334233 0.5399598 0.5551349 0.5544231 0.5836084 0.5223830 0.5276248 0.6032084 0.8348928 0.8172281 0.9061968 0.8607654 0.8446802 0.8734606 0.8377430 0.8113716 0.8657021 0.9559394 0.9923228 0.9346715 0.7971060 0.8535825 0.8662808 0.8087406 0.8362971 0.5746421 0.6356645 0.6193218 0.6660775 0.8222215 0.6801545 0.6701507 0.7473525 0.6432193 0.6849657 0.8262704 0.8765758 0.5656630 0.5509345 0.5005966 0.4716106 0.7999261 0.8053279 0.8578446 0.8839598 0.8814971 0.8481202 0.8692692 0.7982545 0.8462685 0.8004260 0.7991024 0.8514603 0.8491522 0.7888390 0.7662192 0.8317876 0.8771596 0.8707324 0.8149605 0.8521750 0.8465835 0.8252808 0.8132865 0.8400299 0.8355244 0.7957520 0.7767724 0.7905600 0.8577385 1.1105276 0.8705012 0.8139800 0.8713205 0.8581908 0.7614724 0.7765243 0.7524621 0.6906067 0.6763580 0.7855704 0.6423797 0.5218981 0.4306426 0.3939958 0.5674122 0.3490423 0.3491564 0.3633165 0.4464237 1.8560201 1.9257928 1.8376308 2.5361385 
02A.CI.16.DEURF16CI011.MH078538        0.3747972 0.0000000 0.5136897 0.5910267 0.6641548 0.7091235 0.6939915 0.6045085 0.6016737 0.6063390 0.6285564 0.5738014 0.5776440 0.6656820 0.9227817 0.8847141 0.9597089 0.9003374 0.9161218 0.9225554 0.9183513 0.8945603 0.9260893 0.9982221 1.0450894 0.9964123 0.8752319 0.9120264 0.9179082 0.8421592 0.9195069 0.6203098 0.6840771 0.6675313 0.7423575 0.8617801 0.7294705 0.7301910 0.7956851 0.7068312 0.7261518 0.8651304 0.9218515 0.6255336 0.5980153 0.5670615 0.5180716 0.8643973 0.8793600 0.9332668 0.9459547 0.9323466 0.9117163 0.9219921 0.8403392 0.8852904 0.8516802 0.8597857 0.8923275 0.8947769 0.8549580 0.8175417 0.8690391 0.9231361 0.9039775 0.8723530 0.9135442 0.9030182 0.8742361 0.8898702 0.8865564 0.8930086 0.8422828 0.8380572 0.8374829 0.9128374 1.1746435 0.9378434 0.8856605 0.9172472 0.8989899 0.8257685 0.8316917 0.7938335 0.7358624 0.7359128 0.8461210 0.6877120 0.5701445 0.4938094 0.4637336 0.6079885 0.4119080 0.3984314 0.4241759 0.5027329 1.9513629 1.9899397 1.9173895 2.6605709 
AGU.CM.06.770_8.MH705142               0.4593518 0.5136897 0.0000000 0.5182975 0.6075446 0.6277662 0.6410178 0.5695072 0.5758465 0.5773455 0.5981840 0.5544987 0.5568406 0.6274495 0.8879316 0.8751009 0.9550507 0.8798062 0.8954769 0.9245363 0.8944843 0.8713495 0.9063847 0.9744514 1.0305674 0.9877590 0.8619079 0.8942689 0.9013404 0.8469131 0.8817212 0.6008497 0.6593294 0.6499213 0.6999768 0.8787552 0.6967823 0.6991003 0.7855837 0.6937086 0.7007275 0.8329463 0.9083187 0.5922520 0.5885640 0.5349759 0.4903157 0.8149608 0.8212587 0.8877816 0.8792059 0.8984435 0.8635117 0.8595886 0.8036880 0.8758839 0.8200333 0.8132691 0.8479105 0.8332089 0.7959574 0.7760112 0.8152321 0.8900095 0.8739320 0.8256953 0.8572965 0.8411637 0.8150452 0.8258339 0.8405579 0.8486856 0.7962649 0.7984547 0.7974683 0.8715277 1.1240872 0.8796363 0.8246221 0.8785737 0.8477529 0.7920828 0.7858308 0.7995964 0.7199007 0.6958797 0.8144079 0.6623539 0.5697336 0.5345540 0.4929658 0.6911387 0.4641594 0.4665705 0.4860597 0.5600859 1.9425731 1.9792205 1.9630713 2.5829361 
G.NG.92.92NG083_JV10832.U88826         0.5329033 0.5910267 0.5182975 0.0000000 0.3576306 0.3850264 0.3953418 0.6445596 0.6393004 0.6427669 0.6617404 0.6301553 0.6183643 0.6997325 0.9938989 0.9251579 1.0407472 0.9655404 0.9662644 0.9572904 0.9596566 0.9069403 0.9591431 1.0664018 1.0915194 1.0480863 0.9112160 0.9455594 0.9457920 0.9244271 0.9247223 0.6494326 0.7537737 0.7403137 0.7970138 0.9396537 0.7778452 0.7838812 0.8664644 0.7398228 0.7670636 0.9220243 0.9899455 0.6574202 0.6469753 0.6054626 0.5793887 0.9465038 0.9207816 1.0033340 0.9969754 0.9905915 0.9719048 0.9755506 0.9072639 0.9665791 0.9403045 0.9251915 0.9467677 0.9459660 0.9244234 0.8945449 0.9485291 0.9895979 0.9836234 0.9282389 0.9576693 0.9421830 0.9327266 0.9427463 0.9414939 0.9481403 0.9073311 0.9137131 0.9129385 0.9640214 1.2177118 0.9905083 0.9536276 0.9904994 0.9651789 0.8850564 0.8856730 0.8693859 0.8240182 0.7763188 0.8970511 0.7382278 0.6666764 0.5902192 0.5626360 0.7487105 0.5386183 0.5359689 0.5618175 0.6230369 2.1132627 2.1338473 2.1389152 2.7229013 
G.NG.09.09NG010261.KX389626            0.6115336 0.6641548 0.6075446 0.3576306 0.0000000 0.4746066 0.4859044 0.7245081 0.7178256 0.7353395 0.7482836 0.6995600 0.6947957 0.7978663 1.0861479 1.0293821 1.1656638 1.0450587 1.0501896 1.0761034 1.0567151 1.0491766 1.0823876 1.1580296 1.1873564 1.1563403 1.0287709 1.0178684 1.0369136 1.0162048 1.0303290 0.7475173 0.8471710 0.8163899 0.8620458 1.0528163 0.8806965 0.8721799 0.9272667 0.8220700 0.8660515 0.9792239 1.0828678 0.7352751 0.7456867 0.6897112 0.6694521 1.0284633 1.0132276 1.0859610 1.1043027 1.0854806 1.0536815 1.0725056 1.0098848 1.0573294 1.0397718 1.0345428 1.0526703 1.0509166 1.0382076 0.9940840 1.0293748 1.0861856 1.0562444 1.0285808 1.0922918 1.0399787 1.0534081 1.0370556 1.0380150 1.0409289 1.0017001 0.9947337 0.9853668 1.0820858 1.3133520 1.0664434 1.0164297 1.0883541 1.0699159 0.9722105 1.0131890 0.9419745 0.8922015 0.8540731 0.9636358 0.8372260 0.7577592 0.6896264 0.6547040 0.8537582 0.6295003 0.6257618 0.6464203 0.7149329 2.1572454 2.2122253 2.1486510 2.8637879 
01F2G.CM.02.LT31.JN864056              0.6362953 0.7091235 0.6277662 0.3850264 0.4746066 0.0000000 0.3880380 0.7411411 0.7601303 0.7636003 0.7787774 0.7337422 0.7354806 0.8032078 1.1306064 1.0613175 1.1637602 1.0764925 1.0794166 1.1112409 1.0914570 1.0630203 1.0767288 1.1821519 1.2154621 1.1530206 1.0391624 1.0457940 1.0620493 1.0250618 1.0544589 0.7577148 0.8500304 0.8265899 0.9000552 1.0398416 0.8783747 0.8761372 0.9771991 0.8467234 0.8750249 1.0358438 1.0864366 0.7688122 0.7491866 0.7127741 0.6874316 1.0267433 1.0326407 1.0804240 1.1182577 1.0789646 1.0642370 1.0486394 0.9968200 1.0454827 1.0302371 0.9815874 1.0357571 1.0467650 1.0228384 0.9894703 1.0186713 1.0962871 1.0734691 1.0111261 1.0478049 1.0156367 1.0107262 1.0294625 1.0468069 1.0472098 1.0076644 1.0047492 0.9908801 1.0660738 1.3450252 1.0874027 1.0213615 1.0785499 1.0590782 0.9658941 1.0157973 0.9592095 0.9142807 0.8835316 1.0220078 0.8490062 0.7668108 0.6865304 0.6584409 0.8614634 0.6503415 0.6521308 0.6502544 0.7386891 2.1185903 2.2023270 2.1683914 2.8506540 
BCG.ES.15.100_119.KY496623             0.6334233 0.6939915 0.6410178 0.3953418 0.4859044 0.3880380 0.0000000 0.7291284 0.7553803 0.7527177 0.7730208 0.7365663 0.7232875 0.7936413 1.1003621 1.0204427 1.1253534 1.0540385 1.0528707 1.0811350 1.0593125 1.0100531 1.0658038 1.1887305 1.2105980 1.1543859 1.0355602 1.0530319 1.0722288 1.0190832 1.0535597 0.7612117 0.8744220 0.8387763 0.9073270 1.0508290 0.8874193 0.9040709 0.9718175 0.8698922 0.8864286 1.0525815 1.1021799 0.7737695 0.7551257 0.6994095 0.6734700 1.0205269 1.0242194 1.1086693 1.1068831 1.0893525 1.0451568 1.1026935 1.0346385 1.0769767 1.0497621 1.0465650 1.0506254 1.0465030 1.0323773 1.0025254 1.0600804 1.1182472 1.1009824 1.0212093 1.0828641 1.0410974 1.0268579 1.0167809 1.0530432 1.0504329 1.0215178 0.9880332 1.0000650 1.0911175 1.3312872 1.1018706 1.0473660 1.0887728 1.0690659 0.9893739 1.0127214 0.9726085 0.9106952 0.8906344 0.9986851 0.8483802 0.7763071 0.7153638 0.6761065 0.8579797 0.6504308 0.6456301 0.6564680 0.7538742 2.2051473 2.2334338 2.2178668 2.9408667 
A1.KE.06.06KECst_028.FJ623479          0.5399598 0.6045085 0.5695072 0.6445596 0.7245081 0.7411411 0.7291284 0.0000000 0.3279322 0.4029093 0.4249972 0.3781395 0.4080767 0.5069441 0.7517470 0.7395982 0.8070212 0.7559718 0.7456540 0.7785590 0.7591452 0.7225905 0.7800942 0.8349635 0.8663064 0.8265146 0.6954844 0.7403345 0.7719063 0.7210001 0.7309456 0.4549676 0.5714879 0.5532241 0.6112473 0.7696117 0.5876874 0.6063315 0.6888925 0.5873345 0.6100975 0.7327542 0.7949081 0.5117494 0.4932045 0.4359794 0.5060077 0.8471792 0.8713843 0.9255384 0.9327985 0.9250467 0.9050768 0.8995993 0.8412248 0.8890814 0.8582516 0.8739656 0.8916366 0.8885708 0.8438196 0.8314429 0.8413243 0.9399561 0.9370010 0.8651681 0.9288881 0.8853093 0.8917487 0.8691499 0.8837241 0.8973379 0.8306347 0.8398863 0.8365666 0.9017924 1.1862554 0.9320484 0.8769401 0.9027340 0.8820783 0.8241059 0.8447787 0.8058851 0.7718713 0.7430410 0.8475319 0.6895747 0.6441692 0.5947274 0.5872804 0.7544161 0.5387708 0.5434243 0.5623795 0.6446493 2.1254893 2.1388610 2.1496823 2.7429443 
A1.KE.06.06KECst_013.FJ623485          0.5551349 0.6016737 0.5758465 0.6393004 0.7178256 0.7601303 0.7553803 0.3279322 0.0000000 0.3965711 0.4285321 0.3825668 0.4006333 0.4902044 0.7455966 0.7374025 0.8018804 0.7375769 0.7507689 0.7914742 0.7464692 0.7356631 0.7813648 0.8491611 0.8785943 0.8271621 0.7065098 0.7409931 0.7670826 0.7057385 0.7504777 0.4598760 0.5805537 0.5694734 0.6111277 0.7803797 0.6118133 0.6055745 0.6752603 0.5870952 0.6054792 0.7366948 0.7987066 0.4988186 0.4959480 0.4441797 0.4955770 0.8427969 0.8490276 0.9068379 0.9506441 0.9423610 0.9187843 0.9110335 0.8461327 0.9246931 0.8838859 0.8792714 0.9109876 0.9118986 0.8719625 0.8241932 0.8832394 0.9722720 0.9125056 0.8497010 0.9184102 0.8872837 0.8818661 0.8659400 0.8941395 0.8993075 0.8642349 0.8521816 0.8624132 0.9285118 1.2025356 0.9526717 0.8755307 0.9218917 0.9026709 0.8403721 0.8414550 0.8262356 0.7796123 0.7242199 0.8339997 0.6866846 0.6513331 0.6024329 0.6015947 0.7437288 0.5397235 0.5554043 0.5783273 0.6380605 2.0455469 2.1425644 2.1434387 2.6568731 
35_AD.AF.06.007H.GQ477450              0.5544231 0.6063390 0.5773455 0.6427669 0.7353395 0.7636003 0.7527177 0.4029093 0.3965711 0.0000000 0.4373079 0.3851204 0.4174918 0.5046666 0.7598714 0.7230963 0.8089522 0.7670238 0.7848776 0.7694087 0.7671767 0.7478934 0.7769917 0.8679058 0.8907511 0.8554635 0.7293245 0.7620811 0.7688153 0.7022132 0.7298043 0.4698444 0.5928156 0.5761524 0.6289217 0.8101057 0.6133243 0.6093228 0.6934284 0.6074199 0.6227260 0.7455203 0.7981513 0.5109497 0.4962624 0.4347012 0.5186806 0.8648349 0.8783195 0.9362962 0.9544486 0.9503854 0.9382043 0.9276498 0.8542611 0.9085599 0.8477630 0.8705882 0.8893010 0.8918587 0.8556375 0.8002210 0.8621611 0.9651456 0.9252360 0.8627547 0.9328412 0.8874944 0.8622311 0.8599462 0.9027708 0.8771188 0.8566289 0.8643531 0.8478339 0.9123873 1.1764087 0.9835472 0.8987883 0.9214396 0.9078827 0.8312734 0.8542978 0.8248773 0.7651964 0.7408814 0.8596447 0.6831745 0.6623195 0.6154022 0.6045751 0.7839193 0.5545614 0.5550391 0.5794644 0.6459171 2.0198515 2.0580562 2.0531229 2.7150244 
A1.CY.07.CY208.JF683760                0.5836084 0.6285564 0.5981840 0.6617404 0.7482836 0.7787774 0.7730208 0.4249972 0.4285321 0.4373079 0.0000000 0.2545816 0.4220098 0.5219564 0.7705042 0.7494150 0.8205172 0.7795466 0.7630552 0.8011559 0.7915563 0.7544001 0.8014562 0.8378989 0.9165728 0.8503779 0.7268249 0.7650106 0.7778970 0.7188270 0.7588515 0.4808204 0.6032354 0.5937364 0.6578862 0.8208378 0.6441698 0.6306677 0.7155791 0.6234472 0.6240159 0.7898838 0.8184532 0.5200556 0.5202451 0.4547625 0.5406960 0.8731019 0.9026442 0.9705926 0.9740844 0.9614933 0.9442086 0.9441700 0.8739808 0.9340812 0.8891444 0.8817888 0.9107226 0.9019587 0.8777300 0.8456388 0.8960656 0.9675855 0.9511274 0.8781976 0.9299221 0.9092980 0.9186702 0.8889329 0.9051472 0.9236819 0.8743540 0.8641012 0.8553304 0.9366727 1.2144172 0.9671980 0.9211940 0.9401674 0.9248478 0.8343685 0.8833235 0.8326922 0.7808756 0.7524811 0.8609212 0.6942142 0.7019584 0.6108157 0.6191518 0.7936858 0.5749076 0.5794314 0.6232232 0.6646400 2.0805778 2.1295967 2.1413627 2.7724302 
A1.CY.05.CY051.FJ388903                0.5223830 0.5738014 0.5544987 0.6301553 0.6995600 0.7337422 0.7365663 0.3781395 0.3825668 0.3851204 0.2545816 0.0000000 0.3728108 0.4621796 0.7218903 0.6968801 0.7764089 0.7225635 0.7215036 0.7618916 0.7226897 0.7118112 0.7369686 0.8032178 0.8711243 0.7975721 0.6908521 0.7199874 0.7275960 0.6630412 0.7102679 0.4312663 0.5473187 0.5286241 0.5864742 0.7558937 0.5727460 0.5716873 0.6505995 0.5626001 0.5679660 0.7064358 0.7577992 0.4812829 0.4636351 0.4007117 0.4666528 0.8288526 0.8408545 0.8951948 0.9143281 0.9144136 0.9048256 0.8978040 0.8215091 0.8775526 0.8279239 0.8463737 0.8749383 0.8513439 0.8470237 0.7974860 0.8393882 0.9030089 0.8995940 0.8446136 0.9025132 0.8625439 0.8504713 0.8422313 0.8607108 0.8687573 0.8133317 0.8165454 0.8112629 0.8677809 1.1388547 0.9178833 0.8595667 0.8885154 0.8740360 0.7962374 0.8107236 0.7631668 0.7278283 0.6960735 0.8112807 0.6515175 0.6293619 0.5583581 0.5634852 0.7402581 0.5174131 0.5134942 0.5424461 0.6045858 2.0449160 2.1287815 2.1632222 2.7069548 
A1.UG.11.DEMA110UG001.KF859745         0.5276248 0.5776440 0.5568406 0.6183643 0.6947957 0.7354806 0.7232875 0.4080767 0.4006333 0.4174918 0.4220098 0.3728108 0.0000000 0.4702214 0.7427073 0.7213386 0.8005183 0.7407452 0.7307500 0.7639989 0.7394116 0.7169600 0.7583587 0.8133068 0.8547342 0.8275004 0.6778956 0.7342728 0.7379330 0.6836647 0.7120783 0.4491126 0.5621510 0.5412777 0.6044440 0.7740653 0.5973016 0.5932057 0.6676931 0.5706646 0.5911856 0.7209012 0.7777487 0.4735813 0.4667071 0.3989081 0.4801867 0.8398067 0.8485734 0.9044970 0.9194739 0.9091246 0.8774376 0.9084304 0.8311839 0.8778146 0.8433813 0.8664677 0.8780705 0.8683033 0.8530447 0.8092092 0.8542324 0.9192289 0.8931045 0.8638971 0.8940219 0.8846757 0.8538444 0.8549909 0.8825152 0.8762598 0.8313242 0.8261510 0.8319454 0.8874945 1.1391539 0.9032353 0.8669096 0.9057281 0.8886768 0.8001900 0.7938632 0.7921085 0.7391552 0.7177577 0.8097380 0.6668861 0.6290657 0.5920806 0.5542205 0.7499220 0.5358798 0.5232260 0.5529552 0.6074581 2.0235171 2.1178348 2.1154287 2.6905279 
A1C.UG.99.99UGF25926.AF484491          0.6032084 0.6656820 0.6274495 0.6997325 0.7978663 0.8032078 0.7936413 0.5069441 0.4902044 0.5046666 0.5219564 0.4621796 0.4702214 0.0000000 0.6664109 0.6356178 0.6945771 0.6662774 0.6647783 0.6665584 0.6450579 0.6395816 0.6773387 0.7366580 0.7884414 0.7434426 0.6006294 0.6514054 0.6669941 0.6108498 0.6413521 0.5063997 0.6268390 0.6307644 0.6886537 0.8456228 0.6694811 0.6712229 0.7438708 0.6607275 0.6707650 0.8024858 0.8804202 0.5613712 0.5352307 0.4894295 0.5488366 0.8962739 0.9128154 0.9428952 0.9649173 0.9847411 0.9642101 0.9375477 0.8822339 0.9440596 0.9046529 0.9039267 0.9259509 0.9202493 0.9034170 0.8590472 0.9115566 0.9879597 0.9941241 0.9223770 0.9525613 0.9471191 0.9273171 0.9262040 0.9290381 0.9429956 0.8943283 0.9000272 0.8789142 0.9674906 1.2239356 1.0033653 0.9356736 0.9867259 0.9634547 0.8624192 0.8849198 0.8477923 0.7970516 0.7689698 0.8966901 0.7391538 0.7040061 0.6513981 0.6251471 0.8397345 0.5976546 0.6027564 0.6433688 0.6749289 2.0557058 2.1742068 2.0980763 2.7694541 
A1C.IN.15.SC017.KY713232               0.8348928 0.9227817 0.8879316 0.9938989 1.0861479 1.1306064 1.1003621 0.7517470 0.7455966 0.7598714 0.7705042 0.7218903 0.7427073 0.6664109 0.0000000 0.6602719 0.7426321 0.7005907 0.6982648 0.7039589 0.6927311 0.6723708 0.7139925 0.7818650 0.8205680 0.7713911 0.6332173 0.7007968 0.7080864 0.6636019 0.6754655 0.7669976 0.8863484 0.8620500 0.9036518 1.1258724 0.9400899 0.9205512 0.9649083 0.8880198 0.9079327 1.0676706 1.1760840 0.8190699 0.7942922 0.7591287 0.8301616 1.1776613 1.1837869 1.2485167 1.2678436 1.2566992 1.2714707 1.2638546 1.1759798 1.2638653 1.2029492 1.2097688 1.2001979 1.2318028 1.1987041 1.1766729 1.2115920 1.2829061 1.2494753 1.2270489 1.2944254 1.2654291 1.2358115 1.1971684 1.1846337 1.2229314 1.2087406 1.1759744 1.1847047 1.2500374 1.4848244 1.2511845 1.2081112 1.2506553 1.2634230 1.1732015 1.1819474 1.1507362 1.1091285 1.0951297 1.1564305 1.0115020 0.9846053 0.9133879 0.8983395 1.0903655 0.8789851 0.8723927 0.9078810 0.9589992 2.3462767 2.4859681 2.3957128 3.0801942 
C.IL.99.99ET14.AY255825                0.8172281 0.8847141 0.8751009 0.9251579 1.0293821 1.0613175 1.0204427 0.7395982 0.7374025 0.7230963 0.7494150 0.6968801 0.7213386 0.6356178 0.6602719 0.0000000 0.4483053 0.4287223 0.4312026 0.4573223 0.4213072 0.4058883 0.4464340 0.5123545 0.5277130 0.5208472 0.3836736 0.4252746 0.4215774 0.3895852 0.4003418 0.7545923 0.8580525 0.8606856 0.8907612 1.0584812 0.8908644 0.8908445 0.9753409 0.8883026 0.8788679 1.0575042 1.0922223 0.8159620 0.7960816 0.7397913 0.7945416 1.1629147 1.1732330 1.1938074 1.2454652 1.2414329 1.2459858 1.2202166 1.1354732 1.1961044 1.1491995 1.1624201 1.1726050 1.1819926 1.1605677 1.1337022 1.1684801 1.2259997 1.2352028 1.1648665 1.2178333 1.2002082 1.1867306 1.1659060 1.2008160 1.1825897 1.1559015 1.1332853 1.1322975 1.1935284 1.4633629 1.2527501 1.1716598 1.2125868 1.2018178 1.1280564 1.1275198 1.1134900 1.0743606 1.0439692 1.1209720 0.9941325 0.9726517 0.9036909 0.8562353 1.0840708 0.8594179 0.8433785 0.8672975 0.9231444 2.2077232 2.2962641 2.3711949 3.0035083 
C.SE.09.035ZA.MF373148                 0.9061968 0.9597089 0.9550507 1.0407472 1.1656638 1.1637602 1.1253534 0.8070212 0.8018804 0.8089522 0.8205172 0.7764089 0.8005183 0.6945771 0.7426321 0.4483053 0.0000000 0.4980341 0.4998770 0.5189962 0.4973886 0.4690404 0.5262437 0.5943928 0.6468350 0.6051584 0.4566038 0.5058345 0.5010503 0.4539635 0.4883668 0.8263908 0.9535383 0.9383967 0.9745692 1.1578502 0.9879505 0.9675755 1.0234036 0.9591872 0.9645935 1.1193272 1.1632690 0.8879397 0.8464191 0.8174595 0.8982104 1.2282685 1.2282789 1.3040402 1.3248713 1.3268673 1.3161981 1.3132551 1.1998933 1.2914089 1.2048062 1.2295811 1.2876322 1.2795891 1.2173753 1.2061224 1.2714567 1.3163891 1.3081709 1.2518957 1.2980679 1.2575976 1.2328690 1.2599248 1.2673575 1.2337373 1.2538136 1.2147684 1.2038232 1.3012456 1.5989649 1.3093901 1.2701529 1.3160808 1.2806421 1.2031948 1.1821815 1.1403796 1.1262760 1.1132774 1.2041811 1.0483705 1.0366997 0.9852186 0.9325961 1.1240953 0.8982275 0.9001757 0.9271965 0.9876823 2.3568007 2.4277168 2.4750024 2.9869708 
C.ZA.04.04ZASK135B1.DQ011166           0.8607654 0.9003374 0.8798062 0.9655404 1.0450587 1.0764925 1.0540385 0.7559718 0.7375769 0.7670238 0.7795466 0.7225635 0.7407452 0.6662774 0.7005907 0.4287223 0.4980341 0.0000000 0.3443152 0.3467861 0.3616640 0.3349121 0.3910700 0.4655383 0.5102099 0.4732228 0.3383475 0.4352733 0.4310555 0.3920275 0.4156627 0.7602503 0.8821736 0.8921471 0.9237629 1.1021867 0.9392528 0.9159281 0.9873236 0.9146476 0.9069957 1.0622280 1.1427828 0.8155703 0.7846164 0.7706323 0.8335276 1.1380790 1.1668645 1.1871134 1.2173424 1.2259175 1.2438799 1.2481571 1.1243231 1.2079773 1.1319438 1.1614627 1.1688666 1.1902003 1.1515966 1.1497156 1.1637204 1.2558645 1.2319481 1.1817107 1.2141808 1.2049687 1.1866989 1.1595727 1.1909580 1.1923163 1.1638444 1.1482017 1.1299253 1.2044271 1.4764082 1.2463309 1.1768130 1.2455882 1.2068482 1.1352241 1.1604913 1.1342616 1.0854844 1.0615895 1.1534335 1.0200566 0.9613054 0.9103759 0.8787503 1.0661454 0.8549646 0.8505260 0.8778299 0.9359522 2.3470486 2.4412598 2.4529638 3.0345982 
C.ZA.03.03ZAPS130MB1.DQ275658          0.8446802 0.9161218 0.8954769 0.9662644 1.0501896 1.0794166 1.0528707 0.7456540 0.7507689 0.7848776 0.7630552 0.7215036 0.7307500 0.6647783 0.6982648 0.4312026 0.4998770 0.3443152 0.0000000 0.3025657 0.3783087 0.3530293 0.4123163 0.4652463 0.5165914 0.4858593 0.3493736 0.4431057 0.4409135 0.3963218 0.4191450 0.7688983 0.8994677 0.8924295 0.9231236 1.1019208 0.9500263 0.9275733 0.9948262 0.9138967 0.9178660 1.0555262 1.1185200 0.8386484 0.8086229 0.7668354 0.8204690 1.1443364 1.1862579 1.2190085 1.2534780 1.2562384 1.2734691 1.2636434 1.1514861 1.2428348 1.1763934 1.1890272 1.1976081 1.2062207 1.1925727 1.1751584 1.2014437 1.3005365 1.2458983 1.2073035 1.2216630 1.1999614 1.1805963 1.1799365 1.2084405 1.2170574 1.1728467 1.1679492 1.1435721 1.2170827 1.5111348 1.2443048 1.1872471 1.2621169 1.2058025 1.1594322 1.1577805 1.1338879 1.0948256 1.0498215 1.1498704 1.0325335 0.9865479 0.9307774 0.8802925 1.0587640 0.8619296 0.8497921 0.8922915 0.9416138 2.3446987 2.4139885 2.3795407 3.1278080 
C.ZA.97.97ZA012.AF286227               0.8734606 0.9225554 0.9245363 0.9572904 1.0761034 1.1112409 1.0811350 0.7785590 0.7914742 0.7694087 0.8011559 0.7618916 0.7639989 0.6665584 0.7039589 0.4573223 0.5189962 0.3467861 0.3025657 0.0000000 0.3884258 0.3561488 0.4172046 0.4827050 0.5290428 0.4963731 0.3587887 0.4581264 0.4621037 0.4117400 0.4352364 0.7831235 0.9027004 0.9073820 0.9465364 1.1614322 0.9531270 0.9397764 1.0069734 0.9268263 0.9261303 1.0458080 1.1506781 0.8407574 0.7911490 0.7714799 0.8438027 1.1711081 1.2062635 1.2356180 1.2728236 1.2374719 1.2522314 1.2812666 1.1587696 1.2273072 1.1860695 1.2016884 1.1878300 1.2136147 1.1861559 1.1732627 1.1979992 1.2643865 1.2428742 1.1811566 1.2232609 1.2228432 1.2157388 1.1917304 1.1895489 1.2040774 1.1650767 1.1731911 1.1399421 1.2157239 1.4936790 1.2626578 1.1952257 1.2568282 1.2028478 1.1623823 1.1475174 1.1442210 1.0839308 1.0857597 1.1776796 1.0305263 0.9897657 0.9616013 0.9097199 1.0835104 0.8782210 0.8749926 0.8890568 0.9830780 2.3797641 2.4967684 2.4191640 3.1373181 
C.BW.98.98BWMC14A3.AF443078            0.8377430 0.9183513 0.8944843 0.9596566 1.0567151 1.0914570 1.0593125 0.7591452 0.7464692 0.7671767 0.7915563 0.7226897 0.7394116 0.6450579 0.6927311 0.4213072 0.4973886 0.3616640 0.3783087 0.3884258 0.0000000 0.3419677 0.4018365 0.4634567 0.5185250 0.4865317 0.3492030 0.4277986 0.4441107 0.4018529 0.4187162 0.7717449 0.8946497 0.8737614 0.9239333 1.1088237 0.9454179 0.9120995 0.9839747 0.9171693 0.9029387 1.0364821 1.1341364 0.8275945 0.7979548 0.7617342 0.8256395 1.1340299 1.1586420 1.2370091 1.2464634 1.2587854 1.2396324 1.2278961 1.1384556 1.2149998 1.1590033 1.1519193 1.1956312 1.2049244 1.1708728 1.1378237 1.1513979 1.2665989 1.2204584 1.1697795 1.2392603 1.2054225 1.1999737 1.1608315 1.1916814 1.2026168 1.1774008 1.1360452 1.1402681 1.1842401 1.4840625 1.2652038 1.1896446 1.2196462 1.1819906 1.1320291 1.1576442 1.1381667 1.0533176 1.0663781 1.1729689 1.0195215 0.9711466 0.9256026 0.9044017 1.0941689 0.8838036 0.8772577 0.8865822 0.9468947 2.2681321 2.3308826 2.4417157 3.0329260 
C.ZA.99.99ZALT4.EU293444               0.8113716 0.8945603 0.8713495 0.9069403 1.0491766 1.0630203 1.0100531 0.7225905 0.7356631 0.7478934 0.7544001 0.7118112 0.7169600 0.6395816 0.6723708 0.4058883 0.4690404 0.3349121 0.3530293 0.3561488 0.3419677 0.0000000 0.3145666 0.4330012 0.4860132 0.4413825 0.3149885 0.4047337 0.4070111 0.3589271 0.3880330 0.7335356 0.8553167 0.8554145 0.8876350 1.0712679 0.9091216 0.8763689 0.9531385 0.8643862 0.8897561 1.0228200 1.1037460 0.7865851 0.7679029 0.7414883 0.8272263 1.1170591 1.1327685 1.1912529 1.2428492 1.2255112 1.2238021 1.2004576 1.1165794 1.2038795 1.1381300 1.1359570 1.1711529 1.1664774 1.1402186 1.1318008 1.1261823 1.2319141 1.1932414 1.1197458 1.1741945 1.1706591 1.1559161 1.1555030 1.1611991 1.1947011 1.1342766 1.1093955 1.1015156 1.1665324 1.4596182 1.2130409 1.1562719 1.2017531 1.1725701 1.1228989 1.1236870 1.1093397 1.0515217 1.0543218 1.1408007 0.9914137 0.9603004 0.9235713 0.8872950 1.0390771 0.8566987 0.8395676 0.8644854 0.9442839 2.3496772 2.4961231 2.4276319 3.0033537 
C.ZA.02.02ZAPS015MB1.DQ369995          0.8657021 0.9260893 0.9063847 0.9591431 1.0823876 1.0767288 1.0658038 0.7800942 0.7813648 0.7769917 0.8014562 0.7369686 0.7583587 0.6773387 0.7139925 0.4464340 0.5262437 0.3910700 0.4123163 0.4172046 0.4018365 0.3145666 0.0000000 0.4902209 0.5336003 0.4967458 0.3675235 0.4586429 0.4510514 0.4143999 0.4392372 0.7818482 0.9031487 0.9005721 0.9638978 1.0934253 0.9465878 0.9182082 0.9994033 0.9192885 0.9265507 1.0604682 1.1554310 0.8399906 0.8161885 0.7803223 0.8275128 1.1515338 1.1936400 1.2494685 1.2799552 1.2706797 1.2569648 1.2402135 1.1613909 1.2541233 1.1753315 1.2032149 1.2060160 1.2162728 1.1717930 1.1535836 1.1948292 1.2591361 1.2403538 1.1928424 1.2117786 1.2076137 1.1858762 1.1842228 1.2243096 1.2415943 1.1819850 1.1588698 1.1307070 1.2169485 1.5297642 1.2622750 1.2135286 1.2461054 1.2014303 1.1538677 1.1604191 1.1497782 1.1281534 1.0884851 1.1385163 1.0342938 0.9994810 0.9439594 0.8898786 1.1087115 0.8658064 0.8874319 0.9024142 0.9503562 2.3265930 2.4598516 2.4012988 3.1177294 
C.GB.14.13659_1_48.3.MF109437          0.9559394 0.9982221 0.9744514 1.0664018 1.1580296 1.1821519 1.1887305 0.8349635 0.8491611 0.8679058 0.8378989 0.8032178 0.8133068 0.7366580 0.7818650 0.5123545 0.5943928 0.4655383 0.4652463 0.4827050 0.4634567 0.4330012 0.4902209 0.0000000 0.5593780 0.5187903 0.4321186 0.5073982 0.5135148 0.4705449 0.4914377 0.8624333 0.9487167 0.9588080 0.9934614 1.1831484 1.0205034 0.9891631 1.0681233 0.9958794 1.0119138 1.1172910 1.1964312 0.9094045 0.8724849 0.8326948 0.9119006 1.2180947 1.2561774 1.3167598 1.3447676 1.3569118 1.3199819 1.3149432 1.2305475 1.3044216 1.2730484 1.2587146 1.2553044 1.3085044 1.2544521 1.2156109 1.2706165 1.3409685 1.3310197 1.2576197 1.2755120 1.2901635 1.2595310 1.2557683 1.2975189 1.2844328 1.2587186 1.2309989 1.2169008 1.2965738 1.5839085 1.3433309 1.2844327 1.3332619 1.2897622 1.2436167 1.2103715 1.2340305 1.1805785 1.1663849 1.2548905 1.0875790 1.0580150 1.0278068 0.9869438 1.1558697 0.9617428 0.9620131 0.9873474 1.0679889 2.4414480 2.5409875 2.4975709 3.1999486 
BC.CN.07.07CNYN340.KF835526            0.9923228 1.0450894 1.0305674 1.0915194 1.1873564 1.2154621 1.2105980 0.8663064 0.8785943 0.8907511 0.9165728 0.8711243 0.8547342 0.7884414 0.8205680 0.5277130 0.6468350 0.5102099 0.5165914 0.5290428 0.5185250 0.4860132 0.5336003 0.5593780 0.0000000 0.4039814 0.4703502 0.5481741 0.5496838 0.5108517 0.5399348 0.9117029 1.0201627 1.0163604 1.0589110 1.2245869 1.0696108 1.0352893 1.1228728 1.0703232 1.0420270 1.1826143 1.2842392 0.9321104 0.9318277 0.8908056 0.9804906 1.3097591 1.3384782 1.3651698 1.4441140 1.3963718 1.3955249 1.3627760 1.2952040 1.3490335 1.3363360 1.3460867 1.3386061 1.3287219 1.3036573 1.2691616 1.3309063 1.3832701 1.4098733 1.3274843 1.3260805 1.3296434 1.3071454 1.3174540 1.3012193 1.3553127 1.3365181 1.2866961 1.2842954 1.3577715 1.6315784 1.3979317 1.3282893 1.3781416 1.3362535 1.2893275 1.2965781 1.2575361 1.2149634 1.1796707 1.2792502 1.1729324 1.0999828 1.0785577 1.0462639 1.2025667 0.9874507 0.9912939 1.0006525 1.0894820 2.4795761 2.6032055 2.6375187 3.2714455 
85_BC.CN.14.14CN_SCYB4.KU992932        0.9346715 0.9964123 0.9877590 1.0480863 1.1563403 1.1530206 1.1543859 0.8265146 0.8271621 0.8554635 0.8503779 0.7975721 0.8275004 0.7434426 0.7713911 0.5208472 0.6051584 0.4732228 0.4858593 0.4963731 0.4865317 0.4413825 0.4967458 0.5187903 0.4039814 0.0000000 0.4412557 0.5234208 0.5318943 0.4919773 0.5106886 0.8523326 0.9555970 0.9343036 0.9984723 1.1873984 0.9995410 0.9582344 1.0623631 0.9784209 0.9901737 1.1381972 1.2352790 0.9002853 0.8914504 0.8616266 0.9169143 1.2550441 1.2623836 1.2895566 1.3323541 1.3568310 1.3356294 1.3111795 1.2504612 1.2918274 1.2541228 1.2547362 1.2813466 1.2939269 1.2537246 1.2199162 1.2669604 1.3542096 1.3447661 1.2530009 1.2780110 1.2815046 1.2581927 1.2834126 1.2902861 1.2774062 1.2646355 1.2282231 1.2393268 1.2907983 1.5655648 1.3677530 1.2635405 1.2572506 1.3018740 1.2316642 1.2509791 1.2347903 1.1854981 1.1745330 1.2467605 1.1036390 1.0775497 1.0148444 0.9842301 1.1610125 0.9450920 0.9538345 0.9727166 1.0505522 2.4199143 2.5174125 2.5414876 3.2191843 
C.BW.00.00BW076820.AF443089            0.7971060 0.8752319 0.8619079 0.9112160 1.0287709 1.0391624 1.0355602 0.6954844 0.7065098 0.7293245 0.7268249 0.6908521 0.6778956 0.6006294 0.6332173 0.3836736 0.4566038 0.3383475 0.3493736 0.3587887 0.3492030 0.3149885 0.3675235 0.4321186 0.4703502 0.4412557 0.0000000 0.3922139 0.3990749 0.3492893 0.3663251 0.7149291 0.8359385 0.8420564 0.8789783 1.0504930 0.8797314 0.8545337 0.9409296 0.8589365 0.8656539 1.0020365 1.0701820 0.7709397 0.7497403 0.7221723 0.7980312 1.1239731 1.1362820 1.1839648 1.2312991 1.1980593 1.2041524 1.2263229 1.1297163 1.1917013 1.1326403 1.1311011 1.1537821 1.1592073 1.1283841 1.1171256 1.1514341 1.2049208 1.2024624 1.1408808 1.1900007 1.1843933 1.1459481 1.1426484 1.1438969 1.1824802 1.1328590 1.1230234 1.0937780 1.1647744 1.4240521 1.1938357 1.1383416 1.2011334 1.1618458 1.1114737 1.1277336 1.1176517 1.0621040 1.0425957 1.1166911 0.9964590 0.9418775 0.8911184 0.8517229 1.0556609 0.8306514 0.8014481 0.8371020 0.9047806 2.2703430 2.4011766 2.3660873 3.1168235 
C.ZA.04.04ZASK170B1.DQ093595           0.8535825 0.9120264 0.8942689 0.9455594 1.0178684 1.0457940 1.0530319 0.7403345 0.7409931 0.7620811 0.7650106 0.7199874 0.7342728 0.6514054 0.7007968 0.4252746 0.5058345 0.4352733 0.4431057 0.4581264 0.4277986 0.4047337 0.4586429 0.5073982 0.5481741 0.5234208 0.3922139 0.0000000 0.3522286 0.3015493 0.3662349 0.7615989 0.8676630 0.8724749 0.8910252 1.0669419 0.9163460 0.8967634 0.9606362 0.8985750 0.9189014 1.0614753 1.1071082 0.8108848 0.7965678 0.7505268 0.8221118 1.1112686 1.1381968 1.1651096 1.2229252 1.1951929 1.2045688 1.1910330 1.1310323 1.1737459 1.1641151 1.1644598 1.1716219 1.1333317 1.1365381 1.1093892 1.1457112 1.2054781 1.2159554 1.1492549 1.2047850 1.1680421 1.1390176 1.1285476 1.1531763 1.1708449 1.1677116 1.1095264 1.1302726 1.1673291 1.4462230 1.2024542 1.1662647 1.2435547 1.1768001 1.1153124 1.1289130 1.0877503 1.0681133 1.0215015 1.1418583 1.0397751 0.9851791 0.9101311 0.9042752 1.0929864 0.8775819 0.8592488 0.8950024 0.9598721 2.2515386 2.3026785 2.4370022 2.9157396 
C.TZ.02.CO6721.AY734560                0.8662808 0.9179082 0.9013404 0.9457920 1.0369136 1.0620493 1.0722288 0.7719063 0.7670826 0.7688153 0.7778970 0.7275960 0.7379330 0.6669941 0.7080864 0.4215774 0.5010503 0.4310555 0.4409135 0.4621037 0.4441107 0.4070111 0.4510514 0.5135148 0.5496838 0.5318943 0.3990749 0.3522286 0.0000000 0.2509189 0.3625449 0.7667120 0.8913636 0.8904975 0.9124708 1.0982338 0.9400946 0.9238967 0.9809011 0.9110455 0.9219968 1.0545812 1.1159099 0.8224849 0.7909058 0.7724835 0.8211558 1.1649984 1.1825129 1.2082776 1.2495701 1.2472692 1.2358253 1.2397313 1.1696602 1.2079814 1.1810495 1.1983120 1.2134876 1.1945476 1.1891637 1.1599254 1.1961699 1.2340603 1.2329640 1.1810686 1.2164781 1.1989966 1.1846982 1.1942059 1.1773341 1.2062155 1.1769097 1.1483493 1.1309822 1.2140512 1.4734770 1.2845081 1.2165251 1.2370966 1.2350582 1.1264037 1.1743439 1.1315402 1.0656527 1.0540917 1.1638879 1.0277213 0.9924485 0.9206192 0.8990403 1.0958668 0.8649686 0.8705700 0.8910862 0.9456736 2.4166982 2.4894434 2.5434270 3.1617993 
C.TZ.01.BD39_8.AY253313                0.8087406 0.8421592 0.8469131 0.9244271 1.0162048 1.0250618 1.0190832 0.7210001 0.7057385 0.7022132 0.7188270 0.6630412 0.6836647 0.6108498 0.6636019 0.3895852 0.4539635 0.3920275 0.3963218 0.4117400 0.4018529 0.3589271 0.4143999 0.4705449 0.5108517 0.4919773 0.3492893 0.3015493 0.2509189 0.0000000 0.3324623 0.7099830 0.8466519 0.8210807 0.8539650 1.0349565 0.8783079 0.8507631 0.9432418 0.8512604 0.8516406 1.0050325 1.0611505 0.7540948 0.7546761 0.7001849 0.7721971 1.1120384 1.1206551 1.1805127 1.2290153 1.1870494 1.1891094 1.1627398 1.1056583 1.1715213 1.1120031 1.1443611 1.1243262 1.1548203 1.1215732 1.1053387 1.1455263 1.1983083 1.1876639 1.1091484 1.1842719 1.1570214 1.1349594 1.1282502 1.1348240 1.1516039 1.1238163 1.1076671 1.1009085 1.1746064 1.4161496 1.2050465 1.1476529 1.1955751 1.1451055 1.0770501 1.0839291 1.0839852 1.0350115 0.9913203 1.1058745 0.9602419 0.9502244 0.8605734 0.8419439 1.0353844 0.8038452 0.7851822 0.8391122 0.8975129 2.3103615 2.4321745 2.5121824 2.9873855 
C.ZA.03.03ZAPS067MB2.DQ396389          0.8362971 0.9195069 0.8817212 0.9247223 1.0303290 1.0544589 1.0535597 0.7309456 0.7504777 0.7298043 0.7588515 0.7102679 0.7120783 0.6413521 0.6754655 0.4003418 0.4883668 0.4156627 0.4191450 0.4352364 0.4187162 0.3880330 0.4392372 0.4914377 0.5399348 0.5106886 0.3663251 0.3662349 0.3625449 0.3324623 0.0000000 0.7365885 0.8739829 0.8706112 0.8919952 1.1040795 0.8956194 0.8915068 0.9652308 0.8919995 0.8954849 1.0170633 1.1432057 0.8104503 0.7766670 0.7377049 0.8245375 1.1320708 1.1655244 1.2038910 1.2908743 1.2452686 1.2702278 1.2384367 1.1587020 1.2061027 1.1745992 1.1790931 1.1834447 1.1799778 1.1726816 1.1247848 1.1836113 1.2309122 1.2153912 1.1783444 1.2120004 1.2031960 1.1716867 1.1804040 1.1612976 1.2174352 1.1619875 1.1329305 1.1157331 1.2017208 1.4996882 1.2252058 1.1806109 1.2158633 1.1828373 1.1134831 1.1577387 1.1146350 1.0934467 1.0432900 1.1681828 0.9951863 0.9733109 0.9284153 0.8993740 1.0785184 0.8429755 0.8345746 0.8536412 0.9307024 2.3691663 2.4193141 2.4648052 3.1120981 
A1D.UG.99.99UGJ21953.AF484496          0.5746421 0.6203098 0.6008497 0.6494326 0.7475173 0.7577148 0.7612117 0.4549676 0.4598760 0.4698444 0.4808204 0.4312663 0.4491126 0.5063997 0.7669976 0.7545923 0.8263908 0.7602503 0.7688983 0.7831235 0.7717449 0.7335356 0.7818482 0.8624333 0.9117029 0.8523326 0.7149291 0.7615989 0.7667120 0.7099830 0.7365885 0.0000000 0.6099455 0.5857598 0.6343736 0.8077821 0.6251175 0.6294769 0.7218688 0.6024536 0.6327464 0.7585377 0.8184528 0.5296984 0.5028339 0.4711662 0.5298773 0.8875173 0.8728168 0.9392562 0.9608537 0.9638227 0.9483898 0.9315624 0.8799674 0.9380721 0.8777828 0.8676194 0.9222730 0.9084705 0.8803088 0.8452804 0.8984131 0.9561952 0.9562309 0.8768924 0.9506256 0.9179100 0.8919103 0.9130717 0.9008615 0.9204616 0.8850267 0.8792468 0.8811873 0.9499080 1.1870286 0.9294108 0.9100631 0.9380806 0.9177979 0.8414844 0.8708296 0.8275666 0.7769721 0.7643050 0.8912521 0.7397815 0.6865326 0.6248031 0.6030177 0.8079297 0.5769953 0.5846826 0.5981107 0.6559881 2.0142164 2.1495474 2.0856032 2.8053939 
01_AE.CN.02.YN0236.JX112866            0.6356645 0.6840771 0.6593294 0.7537737 0.8471710 0.8500304 0.8744220 0.5714879 0.5805537 0.5928156 0.6032354 0.5473187 0.5621510 0.6268390 0.8863484 0.8580525 0.9535383 0.8821736 0.8994677 0.9027004 0.8946497 0.8553167 0.9031487 0.9487167 1.0201627 0.9555970 0.8359385 0.8676630 0.8913636 0.8466519 0.8739829 0.6099455 0.0000000 0.1585488 0.2060510 0.3793425 0.2120816 0.2122308 0.2961480 0.2298046 0.2470438 0.4879962 0.5545608 0.4531081 0.5601164 0.5183981 0.5945306 0.9400936 0.9485898 1.0160400 1.0316479 1.0105217 1.0070993 1.0025413 0.9467667 1.0066721 0.9493708 0.9553490 0.9494613 0.9609278 0.9530739 0.9028165 0.9464418 1.0678960 1.0011353 0.9537267 1.0085826 1.0034427 0.9670855 0.9505784 0.9982544 1.0140290 0.9392676 0.9606703 0.9378435 0.9845469 1.2346235 1.0149972 0.9562248 0.9901491 0.9986563 0.9180746 0.9136102 0.9096146 0.8676736 0.8312535 0.9255665 0.8004682 0.7511588 0.6996028 0.6922052 0.8784913 0.6582699 0.6406209 0.6641107 0.7227811 2.1794452 2.2322911 2.2007644 2.8909925 
01_AE.TH.99.99TH_C4460.AY945726        0.6193218 0.6675313 0.6499213 0.7403137 0.8163899 0.8265899 0.8387763 0.5532241 0.5694734 0.5761524 0.5937364 0.5286241 0.5412777 0.6307644 0.8620500 0.8606856 0.9383967 0.8921471 0.8924295 0.9073820 0.8737614 0.8554145 0.9005721 0.9588080 1.0163604 0.9343036 0.8420564 0.8724749 0.8904975 0.8210807 0.8706112 0.5857598 0.1585488 0.0000000 0.2097916 0.3733003 0.2066902 0.2145456 0.2972075 0.2261591 0.2393078 0.4779404 0.5460068 0.4458018 0.5406047 0.5113080 0.5777256 0.9269411 0.9168590 0.9949538 1.0053727 0.9839532 0.9901571 0.9821466 0.9173966 0.9783608 0.9378825 0.9360315 0.9359016 0.9362311 0.9426651 0.8761317 0.9348977 1.0232640 0.9918448 0.9351488 0.9982109 0.9863515 0.9603095 0.9404130 0.9570509 0.9835030 0.9302464 0.9274977 0.9128628 0.9574075 1.2076691 1.0010544 0.9482562 0.9787209 0.9742848 0.9002908 0.8922492 0.8805036 0.8244920 0.8102589 0.9091156 0.7758332 0.7399225 0.6805409 0.6731011 0.8474200 0.6238465 0.6249767 0.6555737 0.7218310 2.1300264 2.2403180 2.1613967 2.9305610 
01_AE.CN.07.GX070143.JX112835          0.6660775 0.7423575 0.6999768 0.7970138 0.8620458 0.9000552 0.9073270 0.6112473 0.6111277 0.6289217 0.6578862 0.5864742 0.6044440 0.6886537 0.9036518 0.8907612 0.9745692 0.9237629 0.9231236 0.9465364 0.9239333 0.8876350 0.9638978 0.9934614 1.0589110 0.9984723 0.8789783 0.8910252 0.9124708 0.8539650 0.8919952 0.6343736 0.2060510 0.2097916 0.0000000 0.4226872 0.2475005 0.2541014 0.3394562 0.2628197 0.2836898 0.5413149 0.6055909 0.4998760 0.5995719 0.5642849 0.6353211 0.9774636 0.9815271 1.0624850 1.0712344 1.0563500 1.0658115 1.0825727 0.9997886 1.0739333 0.9947549 1.0124655 1.0063138 1.0473524 0.9995574 0.9579851 1.0049590 1.0956529 1.0584908 1.0115261 1.0782131 1.0706057 1.0545187 0.9942247 1.0448041 1.0619654 0.9941614 0.9850379 0.9814082 1.0412570 1.2557454 1.0721704 1.0221878 1.0340704 1.0323940 0.9501981 0.9706225 0.9379565 0.8749164 0.8852132 0.9884447 0.8297789 0.7831441 0.7399388 0.7214497 0.8999097 0.6976578 0.6916550 0.7071985 0.7776360 2.1988904 2.2910279 2.1855470 2.9556790 
69_01B.JP.05.05JPMYC113SP420.LC027100  0.8222215 0.8617801 0.8787552 0.9396537 1.0528163 1.0398416 1.0508290 0.7696117 0.7803797 0.8101057 0.8208378 0.7558937 0.7740653 0.8456228 1.1258724 1.0584812 1.1578502 1.1021867 1.1019208 1.1614322 1.1088237 1.0712679 1.0934253 1.1831484 1.2245869 1.1873984 1.0504930 1.0669419 1.0982338 1.0349565 1.1040795 0.8077821 0.3793425 0.3733003 0.4226872 0.0000000 0.4117354 0.4283692 0.4928481 0.4134877 0.4489926 0.6787810 0.7531991 0.6682297 0.7683230 0.7299322 0.8067079 1.1474552 1.1375222 1.2354413 1.2160988 1.1992601 1.1857226 1.1913990 1.1536084 1.1947400 1.1428421 1.1354016 1.1691255 1.1407333 1.1457332 1.0979797 1.1642566 1.2279488 1.2032331 1.1500805 1.1730954 1.1633998 1.1531982 1.1523735 1.1761588 1.1702599 1.1312860 1.1592302 1.1315996 1.1849895 1.4417079 1.2461016 1.1567603 1.1867292 1.2272722 1.1245357 1.0934713 1.0973510 1.0539401 1.0153342 1.1285249 1.0015981 0.9596474 0.8872810 0.8790932 1.0541542 0.8397320 0.8425042 0.8653934 0.9383394 2.4211378 2.4986837 2.4368421 3.1080078 
01_AE.TH.07.AA030a04.JX447057          0.6801545 0.7294705 0.6967823 0.7778452 0.8806965 0.8783747 0.8874193 0.5876874 0.6118133 0.6133243 0.6441698 0.5727460 0.5973016 0.6694811 0.9400899 0.8908644 0.9879505 0.9392528 0.9500263 0.9531270 0.9454179 0.9091216 0.9465878 1.0205034 1.0696108 0.9995410 0.8797314 0.9163460 0.9400946 0.8783079 0.8956194 0.6251175 0.2120816 0.2066902 0.2475005 0.4117354 0.0000000 0.2341025 0.3296197 0.2552106 0.2718387 0.5231506 0.5649140 0.4783534 0.5835531 0.5521718 0.6114902 0.9655624 0.9621507 1.0177772 1.0429182 1.0224674 1.0054632 1.0276833 0.9426542 1.0273372 0.9711453 0.9984130 0.9831554 0.9957748 0.9738364 0.9263028 0.9778891 1.0788240 1.0273122 0.9757751 1.0523177 1.0408518 1.0122501 0.9664219 1.0098813 1.0287671 0.9636256 0.9616841 0.9509500 0.9900368 1.2498212 1.0432831 0.9902132 1.0258864 1.0258462 0.9229320 0.9421452 0.9369879 0.8797848 0.8612480 0.9942483 0.8294676 0.7720541 0.7270168 0.7183656 0.9201553 0.6739325 0.6774014 0.6960053 0.7747566 2.2395036 2.3418704 2.2683002 2.9469638 
01_AE.CN.07.07CNYN326.KF835513         0.6701507 0.7301910 0.6991003 0.7838812 0.8721799 0.8761372 0.9040709 0.6063315 0.6055745 0.6093228 0.6306677 0.5716873 0.5932057 0.6712229 0.9205512 0.8908445 0.9675755 0.9159281 0.9275733 0.9397764 0.9120995 0.8763689 0.9182082 0.9891631 1.0352893 0.9582344 0.8545337 0.8967634 0.9238967 0.8507631 0.8915068 0.6294769 0.2122308 0.2145456 0.2541014 0.4283692 0.2341025 0.0000000 0.3358996 0.2572477 0.2787717 0.5227485 0.5922403 0.4769905 0.5772337 0.5402723 0.6224667 0.9889504 0.9703664 1.0646058 1.0686829 1.0573579 1.0503870 1.0395151 0.9658440 1.0160579 0.9903574 0.9817103 1.0123858 1.0265457 0.9863086 0.9350669 0.9792053 1.1000478 1.0271675 1.0127386 1.0376990 1.0349051 1.0149241 0.9895190 0.9981708 1.0333028 0.9740519 0.9707737 0.9552244 1.0155250 1.2488800 1.0401786 1.0139989 1.0326271 1.0334224 0.9405584 0.9587055 0.9340334 0.8855274 0.8652593 0.9802366 0.8312347 0.7813519 0.7176636 0.7099718 0.8892775 0.6915000 0.6715812 0.7037309 0.7768760 2.2475317 2.3012988 2.1887909 2.9733690 
