100
02A1.GH.97.97GH_AG2.AB052867           0.0000000 0.3638569 0.4417519 0.5030356 0.5744446 0.5920758 0.6327394 0.5391727 0.5468128 0.5595297 0.5509051 0.5131746 0.5176610 0.5734115 0.8215058 0.7900227 0.8928632 0.8320050 0.8482136 0.8620950 0.8575177 0.8159874 0.8687540 0.8969690 0.9716035 0.9283250 0.7825946 0.8639553 0.8583089 0.8234924 0.8067303 0.5760633 0.6011725 0.6274846 0.6446552 0.8163997 0.6402241 0.6592175 0.7141336 0.6285637 0.6676419 0.7854651 0.8390978 0.5416636 0.5239207 0.4876931 0.4764858 0.7620305 0.7892056 0.8123013 0.8548954 0.8277805 0.8356825 0.8412834 0.7685462 0.8214237 0.7776137 0.8039860 0.7700849 0.8152888 0.7738126 0.7146368 0.7826834 0.8622867 0.8249627 0.8063038 0.8377204 0.8169275 0.8264596 0.8329661 0.8129286 0.8019039 0.7879452 0.7560704 0.7293087 0.8269815 1.0678281 0.8769208 0.7741424 0.8153685 0.8078570 0.7316412 0.7551918 0.7148435 0.6998966 0.6477733 0.7456409 0.6030408 0.4903242 0.4065536 0.3942043 0.5269267 0.3472799 0.3328795 0.3484284 0.4193505 1.8850840 1.9229988 1.9041617 2.6481535 
02A.CI.16.DEURF16CI011.MH078538        0.3638569 0.0000000 0.4926736 0.5574714 0.6278479 0.6660705 0.6954443 0.5742194 0.5924932 0.6115881 0.6168837 0.5519811 0.5706848 0.6333435 0.8910555 0.8853870 0.9593073 0.8856930 0.9148533 0.9114880 0.9284086 0.8727387 0.9157226 0.9431903 1.0185094 0.9623330 0.8439871 0.9258342 0.9267787 0.8817989 0.8729193 0.6247070 0.6430111 0.6623269 0.7093496 0.8434647 0.6792890 0.7117526 0.7664181 0.6757699 0.7144530 0.8011753 0.8946196 0.5863769 0.5818057 0.5343167 0.5279437 0.8235755 0.8314878 0.8614587 0.8909599 0.8686739 0.8677476 0.8952083 0.8084256 0.8568448 0.8369581 0.8561888 0.8217222 0.8448753 0.8092328 0.7585789 0.8036386 0.9082907 0.8855260 0.8527987 0.8714783 0.8580842 0.8634772 0.8931273 0.8582043 0.8574371 0.8389515 0.7995040 0.7797530 0.8987104 1.1272799 0.9062573 0.8208747 0.8432637 0.8744081 0.7986964 0.8098171 0.7489934 0.7442680 0.7034231 0.8133796 0.6428453 0.5312529 0.4606308 0.4471795 0.5969656 0.3931330 0.3856593 0.4045333 0.4640288 1.9415611 1.9435345 1.9016339 2.6672057 
AGU.CM.06.770_8.MH705142               0.4417519 0.4926736 0.0000000 0.4917275 0.5471294 0.5851054 0.6261501 0.5674943 0.5573155 0.5760584 0.5809172 0.5366205 0.5334028 0.6263712 0.8657769 0.8165649 0.9190768 0.8631046 0.8985311 0.8726417 0.9032886 0.8457167 0.9016000 0.9210135 1.0089519 0.9452474 0.8141104 0.8771394 0.8831104 0.8289808 0.8490281 0.5834965 0.6331894 0.6508316 0.6817783 0.8393253 0.6673118 0.6867290 0.7465844 0.6613283 0.6952141 0.8034757 0.8744857 0.5528848 0.5552768 0.5280921 0.5062154 0.7879878 0.8119715 0.8472897 0.8724900 0.8528830 0.8508677 0.8571236 0.7914638 0.8324187 0.8073301 0.8132763 0.8039341 0.8243123 0.7859291 0.7351810 0.8043661 0.8687495 0.8589771 0.8238610 0.8548203 0.8247246 0.8221538 0.8570100 0.8300452 0.8311163 0.7990352 0.7713425 0.7689022 0.8300907 1.1092596 0.8840503 0.7972900 0.8397687 0.8341355 0.7709261 0.7764006 0.7476126 0.7211130 0.6618053 0.8139275 0.6421412 0.5606021 0.5102830 0.4871365 0.6393305 0.4552823 0.4417781 0.4632254 0.5162455 2.0272538 2.0174022 1.9852579 2.7103120 
G.NG.92.92NG083_JV10832.U88826         0.5030356 0.5574714 0.4917275 0.0000000 0.3235495 0.3924812 0.4115681 0.6292818 0.6235662 0.6500980 0.6573741 0.6213167 0.6279310 0.6933443 0.9597333 0.9034016 0.9618374 0.9493109 0.9521169 0.9476408 0.9626267 0.9173759 0.9618622 1.0005479 1.0518945 1.0124421 0.8969092 0.9516934 0.9623763 0.9112022 0.9276037 0.6533415 0.6733008 0.7093571 0.7319986 0.8896454 0.7095952 0.7359494 0.8057858 0.7110217 0.7502070 0.8573920 0.9623323 0.6199859 0.6162719 0.5908331 0.5695894 0.8779821 0.8680224 0.9290211 0.9454633 0.9232158 0.9152411 0.9130743 0.8536663 0.9304925 0.8748054 0.8810812 0.8809529 0.9103067 0.8621707 0.8312057 0.8739451 0.9535199 0.9450229 0.8904899 0.9280849 0.8986572 0.9097850 0.9370624 0.9035347 0.9020931 0.8809636 0.8827791 0.8389625 0.9120494 1.1517268 0.9843601 0.8795320 0.9195905 0.9099204 0.8324990 0.8563306 0.8150294 0.7939442 0.7304027 0.8880663 0.7142576 0.6343295 0.5737562 0.5450664 0.7185877 0.5288335 0.5171317 0.5289459 0.5845367 2.0388484 2.0466855 2.0493853 2.8155706 
G.NG.09.09NG010261.KX389626            0.5744446 0.6278479 0.5471294 0.3235495 0.0000000 0.4575108 0.4809590 0.6993295 0.6827410 0.6969730 0.7046201 0.6748956 0.6712880 0.7415613 0.9877909 0.9576668 1.0378887 0.9942042 1.0066158 1.0370291 1.0103991 0.9795965 1.0148941 1.0370401 1.1229950 1.0642511 0.9496594 1.0027006 1.0177172 0.9694799 0.9786658 0.7088348 0.7613114 0.7922088 0.8287096 1.0012715 0.8118233 0.8252661 0.8819219 0.7964778 0.8445208 0.9500593 1.0275489 0.6806003 0.6744796 0.6576609 0.6241286 0.9417865 0.9407793 0.9815469 0.9940019 0.9854608 0.9747771 0.9963972 0.8969653 0.9841686 0.9471250 0.9461882 0.9547729 0.9633150 0.9502259 0.8912270 0.9414402 1.0204995 0.9769308 0.9576107 0.9923702 0.9665029 0.9861882 0.9931977 0.9563196 0.9602443 0.9374719 0.9374547 0.9048961 0.9820809 1.2306937 1.0422600 0.9293014 0.9807151 0.9493520 0.8974469 0.9176430 0.8593645 0.8430818 0.7956677 0.9361534 0.7594961 0.6892207 0.6411765 0.6180384 0.7806666 0.5829442 0.5676692 0.5832528 0.6382294 2.1032182 2.1821573 2.1164631 2.9578884 
01F2G.CM.02.LT31.JN864056              0.5920758 0.6660705 0.5851054 0.3924812 0.4575108 0.0000000 0.4090816 0.7607339 0.7385689 0.7617233 0.7572632 0.6993363 0.7217581 0.8003330 1.0643174 1.0112995 1.0614019 1.0576627 1.0561629 1.0716636 1.0481986 1.0181588 1.0914896 1.1083562 1.1878922 1.1417586 1.0035386 1.0615095 1.0489391 1.0225645 1.0440322 0.7736447 0.8086649 0.8290845 0.8727476 1.0217413 0.8424611 0.8554561 0.9148554 0.8361850 0.8743562 0.9794463 1.0942541 0.7425047 0.7079664 0.7119243 0.6647310 0.9634816 0.9750728 1.0045411 1.0312362 1.0251553 1.0096003 1.0043976 0.9601512 1.0274116 0.9894047 0.9829392 0.9631383 1.0156059 0.9551536 0.9080815 0.9841456 1.0407673 1.0061203 0.9826422 1.0160736 0.9941579 0.9929300 1.0286326 0.9889044 0.9780854 0.9861594 0.9551661 0.9327308 1.0201343 1.2752441 1.0928389 0.9818321 0.9958949 0.9956982 0.9163587 0.9367455 0.9293114 0.9207652 0.8224257 0.9581566 0.7938058 0.7305592 0.6572457 0.6392493 0.8163219 0.6118117 0.6040150 0.6223342 0.6936475 2.1634764 2.1850399 2.2224024 3.0581930 
BCG.ES.15.100_119.KY496623             0.6327394 0.6954443 0.6261501 0.4115681 0.4809590 0.4090816 0.0000000 0.7554237 0.7594894 0.7619042 0.8187451 0.7334316 0.7427018 0.8014762 1.0513424 1.0209120 1.0940749 1.0596670 1.0822625 1.1030922 1.0834779 1.0258884 1.0922363 1.0890541 1.1803590 1.1332748 1.0356599 1.0895568 1.0873158 1.0351449 1.0182281 0.7781012 0.8261462 0.8486784 0.8765585 1.0214964 0.8504350 0.8843666 0.9363829 0.8542580 0.8802489 1.0173827 1.0898536 0.7509290 0.7561268 0.7159718 0.6852805 0.9953199 0.9800722 1.0652610 1.0532026 1.0386064 1.0352417 1.0442415 0.9706809 1.0307852 1.0053232 1.0167892 0.9824832 1.0226437 0.9791431 0.9241327 0.9806301 1.0523089 1.0310636 0.9882219 1.0597026 1.0310502 1.0322295 1.0482347 1.0292775 1.0318281 0.9987550 0.9941381 0.9476151 1.0370980 1.2608907 1.0767342 0.9886935 1.0424179 1.0426700 0.9390194 0.9731373 0.9185799 0.8929995 0.8168971 0.9667965 0.8167437 0.7458227 0.7022890 0.6600520 0.8621361 0.6358023 0.6387563 0.6593467 0.7227146 2.2288089 2.2682958 2.2133608 2.9523143 
A1.KE.06.06KECst_028.FJ623479          0.5391727 0.5742194 0.5674943 0.6292818 0.6993295 0.7607339 0.7554237 0.0000000 0.3214015 0.4087382 0.4281848 0.3793946 0.4009242 0.4860257 0.7396657 0.6913651 0.7921756 0.7548193 0.7673479 0.7546192 0.7628364 0.7027287 0.7706540 0.8279398 0.8992159 0.8395679 0.6842375 0.7635253 0.7443445 0.7166202 0.7189675 0.4533668 0.5687840 0.5795094 0.6085200 0.7736808 0.5949725 0.6012219 0.6890857 0.5819585 0.6058183 0.7307372 0.7972864 0.4917547 0.4685586 0.4369473 0.5141852 0.8492071 0.8663096 0.9004411 0.9067092 0.9212810 0.8954621 0.9192729 0.8485726 0.8821148 0.8666248 0.8763957 0.8533242 0.9036519 0.8467085 0.7960035 0.8562633 0.9311217 0.8831890 0.8768632 0.9017798 0.8796804 0.8744755 0.8977899 0.8721743 0.8697707 0.8546409 0.8242495 0.8163501 0.9027563 1.1964296 0.9515773 0.8530462 0.8883000 0.8896120 0.8241413 0.8211277 0.8008636 0.7813751 0.7175759 0.8489170 0.6757052 0.6257228 0.6105560 0.5702480 0.7594557 0.5408343 0.5478720 0.5547531 0.6236537 2.1113857 2.1488832 2.0757223 2.7555788 
A1.KE.06.06KECst_013.FJ623485          0.5468128 0.5924932 0.5573155 0.6235662 0.6827410 0.7385689 0.7594894 0.3214015 0.0000000 0.3937939 0.4257842 0.3641055 0.3984874 0.4869428 0.7314409 0.6905504 0.7772805 0.7222598 0.7580247 0.7298203 0.7684368 0.6837851 0.7470475 0.7956876 0.8503720 0.8145963 0.6871761 0.7288974 0.7370648 0.6985187 0.6995267 0.4528818 0.5605210 0.5680635 0.6049101 0.7538084 0.5851155 0.6133676 0.6687723 0.5836840 0.6055878 0.7177894 0.8087191 0.4819142 0.4671283 0.4324651 0.5081093 0.8169422 0.8436661 0.8688262 0.9011049 0.8938987 0.8869375 0.8870242 0.8228133 0.8719672 0.8627628 0.8514184 0.8266820 0.8798935 0.8326824 0.7698512 0.8319005 0.9303275 0.8745657 0.8438203 0.9055959 0.8600980 0.8639477 0.8786065 0.8763481 0.8667786 0.8350352 0.8038193 0.7935993 0.8888967 1.1441037 0.9194506 0.8476383 0.8915819 0.8805190 0.8087914 0.8169155 0.7806205 0.7634410 0.7248095 0.8298705 0.6653345 0.6354853 0.6123566 0.5717795 0.7601312 0.5646723 0.5574493 0.5718077 0.6381734 2.1494651 2.2039551 2.1287198 2.8814403 
35_AD.AF.06.007H.GQ477450              0.5595297 0.6115881 0.5760584 0.6500980 0.6969730 0.7617233 0.7619042 0.4087382 0.3937939 0.0000000 0.4367437 0.3961802 0.4218220 0.5140150 0.7871911 0.7224663 0.7827013 0.7395958 0.7712203 0.7615100 0.7909766 0.7181855 0.7908925 0.8086630 0.8964717 0.8678360 0.7111706 0.7745249 0.7671542 0.7367321 0.7342339 0.4860332 0.5945262 0.6095911 0.6360307 0.7932901 0.6225888 0.6303784 0.7207106 0.6124634 0.6334781 0.7434918 0.8296143 0.5055442 0.4798241 0.4613860 0.5232903 0.8587495 0.8720838 0.9265134 0.9057092 0.9084659 0.9035963 0.9060801 0.8666973 0.9027215 0.8823369 0.8826401 0.8730556 0.9005886 0.8590444 0.7927344 0.8754710 0.9589373 0.9208821 0.8772514 0.9210615 0.8902171 0.8888173 0.9171235 0.8764643 0.8980943 0.8702314 0.8323747 0.8303902 0.9122403 1.1506291 0.9615475 0.8587465 0.9030784 0.8786669 0.8262123 0.8276338 0.7978413 0.7834028 0.7344159 0.8491978 0.6804575 0.6481514 0.6174752 0.5912822 0.7718012 0.5765712 0.5662092 0.5821217 0.6422120 2.2367378 2.2177412 2.1097750 2.8943661 
A1.CY.07.CY208.JF683760                0.5509051 0.6168837 0.5809172 0.6573741 0.7046201 0.7572632 0.8187451 0.4281848 0.4257842 0.4367437 0.0000000 0.2348060 0.4153123 0.5026871 0.7589256 0.7173184 0.8106580 0.7536374 0.7800515 0.7737631 0.7711266 0.7058842 0.7660718 0.8018963 0.9035070 0.8444295 0.6985966 0.7576966 0.7762571 0.7381623 0.7373679 0.4849418 0.5840132 0.5821745 0.6390984 0.7891325 0.6084393 0.6273487 0.6885083 0.6038277 0.6216309 0.7555248 0.8470244 0.5107401 0.4814781 0.4598233 0.5285992 0.8602847 0.8532824 0.9142575 0.9088227 0.9039383 0.9039569 0.9127280 0.8449751 0.8844002 0.8753268 0.8780258 0.8749265 0.8827711 0.8523843 0.7957439 0.8458240 0.9625862 0.8860064 0.8756648 0.9255550 0.8865174 0.8934138 0.9094352 0.8734387 0.8923567 0.8676126 0.8329290 0.8158680 0.8782694 1.1392319 0.9400856 0.8433461 0.9004730 0.8930934 0.8104948 0.8489009 0.7908307 0.7728192 0.7440926 0.8493868 0.6798457 0.6778276 0.6224837 0.6125544 0.7945758 0.5795134 0.5765410 0.5888163 0.6666370 2.1643311 2.1471668 2.1423771 2.8044380 
A1.CY.05.CY051.FJ388903                0.5131746 0.5519811 0.5366205 0.6213167 0.6748956 0.6993363 0.7334316 0.3793946 0.3641055 0.3961802 0.2348060 0.0000000 0.3707175 0.4438620 0.7209652 0.6732928 0.7678912 0.7011389 0.7344842 0.7147293 0.7175594 0.6627892 0.7177871 0.7684739 0.8363240 0.8008530 0.6432377 0.7174736 0.7115202 0.6844487 0.6842461 0.4389938 0.5348638 0.5411621 0.5718851 0.7247390 0.5615710 0.5740617 0.6282357 0.5547451 0.5745648 0.6958955 0.7740247 0.4527703 0.4270375 0.4155772 0.4860490 0.7947050 0.8198982 0.8394116 0.8470110 0.8605356 0.8759527 0.8532821 0.7841374 0.8330257 0.8114652 0.8236210 0.8051851 0.8174724 0.7838235 0.7429804 0.8101242 0.8971067 0.8281476 0.8281216 0.8601488 0.8288015 0.8345886 0.8508738 0.8411919 0.8220521 0.8298909 0.7852574 0.7675207 0.8266360 1.0945578 0.8854257 0.8009876 0.8443630 0.8128559 0.7500418 0.7827028 0.7444920 0.7206026 0.6844798 0.8137945 0.6396620 0.6139357 0.5818084 0.5478879 0.7397713 0.5292040 0.5166634 0.5372213 0.6003362 2.1404179 2.1579855 2.1021800 2.8685493 
A1.UG.11.DEMA110UG001.KF859745         0.5176610 0.5706848 0.5334028 0.6279310 0.6712880 0.7217581 0.7427018 0.4009242 0.3984874 0.4218220 0.4153123 0.3707175 0.0000000 0.4614839 0.7202741 0.6519407 0.7507905 0.7060516 0.7245266 0.7269939 0.7165066 0.6604134 0.7271739 0.7743012 0.8520557 0.8038547 0.6607980 0.7120653 0.7125799 0.6857793 0.7078860 0.4310045 0.5426919 0.5450327 0.5787319 0.7490484 0.5747078 0.5882267 0.6524570 0.5636164 0.5995253 0.6891836 0.7629970 0.4572448 0.4273604 0.4139666 0.4849869 0.8179508 0.8250788 0.8645714 0.8813268 0.8962593 0.8606501 0.8725735 0.8092552 0.8727002 0.8345554 0.8286947 0.8128765 0.8529160 0.8191039 0.7797698 0.8122408 0.9018764 0.8712407 0.8359514 0.8843145 0.8317387 0.8503845 0.8642949 0.8666442 0.8602822 0.8168330 0.8138268 0.8016354 0.8871902 1.1322956 0.9100544 0.8306482 0.8913396 0.8509777 0.7814780 0.8123189 0.7576432 0.7275666 0.6928248 0.8360823 0.6477590 0.6084915 0.5877340 0.5502968 0.7390750 0.5501237 0.5345557 0.5453354 0.5985374 2.1369895 2.1738356 2.1521120 2.9810514 
A1C.UG.99.99UGF25926.AF484491          0.5734115 0.6333435 0.6263712 0.6933443 0.7415613 0.8003330 0.8014762 0.4860257 0.4869428 0.5140150 0.5026871 0.4438620 0.4614839 0.0000000 0.6370270 0.5855097 0.6477628 0.6098558 0.6237237 0.6476880 0.6417383 0.5831830 0.6356174 0.6965484 0.7747169 0.7287363 0.5803569 0.6310201 0.6288514 0.5932686 0.5992187 0.4754376 0.6077166 0.6199877 0.6431387 0.7843757 0.6259063 0.6530435 0.7013296 0.6031217 0.6520291 0.7534306 0.8300630 0.5351997 0.5080720 0.4768997 0.5476687 0.8580198 0.8805677 0.8993364 0.9267466 0.9413961 0.9063566 0.9101273 0.8346990 0.9024368 0.8754560 0.8833930 0.8733187 0.8878877 0.8673903 0.8210813 0.8579741 0.9480509 0.9133859 0.8734526 0.9210080 0.8797780 0.8991579 0.9024702 0.8872475 0.8863615 0.8659909 0.8434026 0.8273816 0.9109782 1.1742757 0.9645643 0.8839079 0.9300863 0.9084307 0.8240182 0.8337036 0.7838888 0.7847965 0.7517416 0.8982605 0.7173004 0.6563914 0.6479941 0.6186346 0.8109582 0.6137267 0.5915100 0.6002565 0.6790003 2.1831601 2.2464005 2.1662133 2.8555888 
A1C.IN.15.SC017.KY713232               0.8215058 0.8910555 0.8657769 0.9597333 0.9877909 1.0643174 1.0513424 0.7396657 0.7314409 0.7871911 0.7589256 0.7209652 0.7202741 0.6370270 0.0000000 0.6067731 0.6897494 0.6487906 0.6584867 0.6597605 0.6456404 0.6209556 0.6773770 0.7225351 0.8094783 0.7642378 0.5952747 0.6541915 0.6485459 0.6368105 0.6333610 0.7470350 0.9043473 0.8979233 0.9357813 1.0832615 0.9300922 0.9345806 0.9687420 0.9020898 0.9262576 1.0364087 1.1266750 0.7953123 0.7777480 0.7383694 0.7978027 1.1191080 1.1289275 1.1765677 1.1954403 1.1683845 1.1657284 1.2119712 1.1068791 1.1671850 1.1242627 1.1572684 1.1265825 1.1527868 1.1204891 1.0626633 1.1252537 1.2258495 1.1880309 1.1550955 1.1709652 1.1529382 1.1432225 1.1900709 1.1397559 1.1558343 1.1441028 1.0931998 1.0995175 1.1699528 1.4490737 1.2019703 1.1142079 1.1308710 1.1470356 1.0971247 1.1054441 1.0595091 1.0784651 1.0205809 1.1359128 0.9653346 0.9252549 0.9142529 0.8917600 1.0710461 0.8341111 0.8419042 0.8532442 0.9276157 2.4314823 2.5013353 2.3873165 3.1597629 
C.IL.99.99ET14.AY255825                0.7900227 0.8853870 0.8165649 0.9034016 0.9576668 1.0112995 1.0209120 0.6913651 0.6905504 0.7224663 0.7173184 0.6732928 0.6519407 0.5855097 0.6067731 0.0000000 0.4307070 0.4198842 0.4270524 0.4324547 0.4229626 0.3781588 0.4355464 0.4898965 0.5782735 0.5192082 0.3635383 0.4211141 0.4144188 0.3877274 0.3965116 0.7022466 0.8434516 0.8407744 0.8764712 1.0660920 0.8619813 0.8773186 0.9506975 0.8402403 0.8809749 0.9869576 1.0563125 0.7534045 0.7396617 0.7053096 0.7796070 1.0880034 1.1093395 1.1399837 1.1583180 1.1635997 1.1577880 1.1453412 1.0940604 1.1216653 1.1111145 1.1011979 1.0970615 1.1212528 1.0768517 1.0362063 1.0901934 1.1844860 1.1206272 1.1091696 1.1550275 1.1134279 1.1174236 1.1252973 1.0994663 1.1432108 1.1018285 1.0695933 1.0637492 1.1571375 1.4202674 1.1877512 1.0844930 1.1379535 1.1212148 1.0502627 1.0319392 1.0396802 1.0063103 0.9793317 1.1054947 0.9268322 0.9021014 0.8729647 0.8363824 1.0397991 0.8364594 0.8230008 0.8296568 0.8951584 2.3686389 2.3856956 2.4069742 3.1722038 
C.SE.09.035ZA.MF373148                 0.8928632 0.9593073 0.9190768 0.9618374 1.0378887 1.0614019 1.0940749 0.7921756 0.7772805 0.7827013 0.8106580 0.7678912 0.7507905 0.6477628 0.6897494 0.4307070 0.0000000 0.4959496 0.4931103 0.5032967 0.4970241 0.4540908 0.5095244 0.5552605 0.6293030 0.5813209 0.4285658 0.4853986 0.4832403 0.4476379 0.4681163 0.7845325 0.9428658 0.9372620 0.9859534 1.1326938 0.9469218 0.9989373 1.0582237 0.9496969 0.9854967 1.0667118 1.1990364 0.8320091 0.8077513 0.7806919 0.8398109 1.1878297 1.1770020 1.2032906 1.2092541 1.2433717 1.2309102 1.2171234 1.1485139 1.1892604 1.2215404 1.1895896 1.1615659 1.2099255 1.1512303 1.1120482 1.1610204 1.2890873 1.2223431 1.1977893 1.2341682 1.1807409 1.1785903 1.1961884 1.1676086 1.1887720 1.2056621 1.1522281 1.1437080 1.2182717 1.4884597 1.2959357 1.1598204 1.2496589 1.2356535 1.1560894 1.1287703 1.1044298 1.1131754 1.0913159 1.1992363 1.0376486 0.9755381 0.9727035 0.9416124 1.0946625 0.8795471 0.9153372 0.9079805 0.9658424 2.4111792 2.4635084 2.4853030 3.1760427 
C.ZA.04.04ZASK135B1.DQ011166           0.8320050 0.8856930 0.8631046 0.9493109 0.9942042 1.0576627 1.0596670 0.7548193 0.7222598 0.7395958 0.7536374 0.7011389 0.7060516 0.6098558 0.6487906 0.4198842 0.4959496 0.0000000 0.3281101 0.3410194 0.3642633 0.3378843 0.3893825 0.4683264 0.5151827 0.4856025 0.3343379 0.4409485 0.4254789 0.3929275 0.4053407 0.7541197 0.8546658 0.8554558 0.9024272 1.0741047 0.8781376 0.9042797 0.9551582 0.8661148 0.9085435 1.0021020 1.1042191 0.7672854 0.7550669 0.7431598 0.7869222 1.1199201 1.1315302 1.1595760 1.1992131 1.1601237 1.1793966 1.1656587 1.0881878 1.1353733 1.1229344 1.1292691 1.1179007 1.1462519 1.1010515 1.0441544 1.0847221 1.1688939 1.1767832 1.1425331 1.1570280 1.1342677 1.1374054 1.1751507 1.1464545 1.1366202 1.1281771 1.0903564 1.0771783 1.1849399 1.4130982 1.2086980 1.1246645 1.1420701 1.1551193 1.0804447 1.0787077 1.0940441 1.0745296 1.0142122 1.1450369 0.9533173 0.9262546 0.8941576 0.8747111 1.0403643 0.8376900 0.8360854 0.8327280 0.8874838 2.4429768 2.4388635 2.3882779 3.1899369 
C.ZA.03.03ZAPS130MB1.DQ275658          0.8482136 0.9148533 0.8985311 0.9521169 1.0066158 1.0561629 1.0822625 0.7673479 0.7580247 0.7712203 0.7800515 0.7344842 0.7245266 0.6237237 0.6584867 0.4270524 0.4931103 0.3281101 0.0000000 0.2890828 0.3682526 0.3412275 0.3842671 0.4612088 0.5188671 0.4872973 0.3357614 0.4284466 0.4288933 0.3941040 0.4150018 0.7647166 0.8723103 0.8707691 0.9391235 1.1091951 0.9080628 0.9288074 0.9796525 0.8814486 0.9308776 1.0243850 1.1117707 0.7815804 0.7833888 0.7570095 0.8065458 1.1237581 1.1677033 1.1722501 1.1912954 1.2212320 1.1952875 1.1981423 1.1186537 1.1987432 1.1719878 1.1450380 1.1475071 1.1612185 1.1285825 1.0941771 1.1383271 1.2384870 1.1530984 1.1778869 1.1841296 1.1659190 1.1725188 1.1884895 1.1607619 1.1870131 1.1530821 1.1001663 1.1081508 1.1825031 1.4227307 1.1961815 1.1440407 1.1503352 1.1562819 1.1193201 1.1126653 1.0991908 1.0758200 1.0185421 1.1421741 0.9531630 0.9497773 0.9211609 0.8939919 1.0857992 0.8700648 0.8780495 0.8548795 0.9401148 2.4438549 2.4578054 2.4136361 3.0292301 
C.ZA.97.97ZA012.AF286227               0.8620950 0.9114880 0.8726417 0.9476408 1.0370291 1.0716636 1.1030922 0.7546192 0.7298203 0.7615100 0.7737631 0.7147293 0.7269939 0.6476880 0.6597605 0.4324547 0.5032967 0.3410194 0.2890828 0.0000000 0.3963066 0.3657640 0.4089343 0.4691884 0.5490780 0.5142290 0.3550836 0.4456447 0.4389413 0.4079626 0.4182747 0.7585337 0.9388719 0.9070256 0.9638245 1.0926472 0.9202231 0.9389154 1.0034949 0.9204260 0.9630059 1.0629130 1.1408384 0.8044213 0.7872875 0.7580237 0.8435007 1.1485512 1.1458927 1.2023889 1.2131459 1.2128395 1.2009270 1.1820485 1.1414974 1.1814822 1.1715926 1.1579369 1.1468376 1.1767299 1.1336676 1.0872441 1.1317789 1.2265596 1.1801522 1.1768971 1.1872456 1.1755320 1.1852709 1.1730667 1.1872664 1.1953836 1.1818259 1.1441856 1.1131518 1.1909082 1.4579280 1.2271753 1.1240704 1.1815384 1.1877917 1.1096953 1.1169711 1.0955789 1.0894206 1.0359535 1.1660109 0.9785570 0.9693769 0.9401198 0.9046347 1.0938001 0.8430276 0.8918017 0.8737054 0.9398622 2.4026189 2.4290181 2.4518083 3.1763935 
C.BW.98.98BWMC14A3.AF443078            0.8575177 0.9284086 0.9032886 0.9626267 1.0103991 1.0481986 1.0834779 0.7628364 0.7684368 0.7909766 0.7711266 0.7175594 0.7165066 0.6417383 0.6456404 0.4229626 0.4970241 0.3642633 0.3682526 0.3963066 0.0000000 0.3367496 0.3921290 0.4692874 0.5397974 0.4889229 0.3398174 0.4286099 0.4200754 0.3917189 0.4074549 0.7725833 0.8986968 0.9001859 0.9474065 1.1179907 0.9138888 0.9325392 1.0217632 0.9019968 0.9355270 1.0280918 1.1335234 0.7939754 0.7785311 0.7693999 0.8360362 1.1481696 1.1637430 1.1819503 1.2150733 1.2009943 1.2242041 1.2038706 1.1344652 1.1771127 1.1858351 1.1805404 1.1511829 1.1670638 1.1731884 1.1096607 1.1559910 1.2512772 1.1923975 1.1695384 1.2154653 1.1975368 1.2005211 1.2298295 1.1859052 1.1776722 1.1824208 1.1283582 1.1399921 1.2071000 1.4639103 1.2341238 1.1306188 1.1723253 1.1875979 1.1324131 1.1140005 1.0696879 1.0591981 1.0298916 1.1455371 0.9636917 0.9685088 0.9236809 0.8954439 1.0679696 0.8790901 0.8860292 0.8917677 0.9427159 2.4007756 2.4420357 2.4796959 3.0412353 
C.ZA.99.99ZALT4.EU293444               0.8159874 0.8727387 0.8457167 0.9173759 0.9795965 1.0181588 1.0258884 0.7027287 0.6837851 0.7181855 0.7058842 0.6627892 0.6604134 0.5831830 0.6209556 0.3781588 0.4540908 0.3378843 0.3412275 0.3657640 0.3367496 0.0000000 0.2963185 0.4184706 0.4735297 0.4480685 0.3042065 0.3993547 0.3938183 0.3615623 0.3657521 0.6896273 0.8402516 0.8428841 0.8973702 1.0361740 0.8654074 0.9109402 0.9518038 0.8521341 0.8827909 1.0142396 1.0419737 0.7501843 0.7173542 0.7155025 0.7664826 1.1314351 1.1137997 1.1524815 1.1804206 1.1652963 1.1823332 1.1570427 1.0900852 1.1191050 1.1172856 1.1410332 1.1210054 1.1506720 1.1086293 1.0376317 1.0805674 1.1834786 1.1554912 1.1400744 1.1482682 1.1249703 1.1062986 1.1474997 1.1209652 1.1292353 1.1178435 1.0897357 1.0662193 1.1324901 1.3984177 1.1579294 1.0984174 1.1300757 1.1285545 1.0628387 1.0826114 1.0297327 1.0138803 0.9880318 1.1181978 0.9236010 0.9190747 0.8568886 0.8586764 1.0234517 0.8214357 0.8248604 0.8318263 0.8959177 2.3641091 2.4256900 2.4607768 3.0832320 
C.ZA.02.02ZAPS015MB1.DQ369995          0.8687540 0.9157226 0.9016000 0.9618622 1.0148941 1.0914896 1.0922363 0.7706540 0.7470475 0.7908925 0.7660718 0.7177871 0.7271739 0.6356174 0.6773770 0.4355464 0.5095244 0.3893825 0.3842671 0.4089343 0.3921290 0.2963185 0.0000000 0.4638494 0.5344277 0.5148279 0.3546709 0.4531771 0.4438218 0.4185683 0.4165066 0.7659385 0.9077752 0.9004746 0.9603303 1.1545581 0.9097931 0.9491833 0.9994173 0.9218413 0.9375905 1.0636607 1.1571345 0.8181219 0.7797776 0.7679239 0.8361426 1.1479952 1.1622439 1.1902716 1.2423698 1.2173043 1.2424627 1.2203481 1.1237711 1.2083720 1.1695918 1.1831178 1.1578863 1.1925624 1.1562864 1.1252877 1.1580796 1.2275020 1.2183912 1.1911683 1.1976545 1.1865118 1.1664798 1.1984820 1.1943978 1.1758209 1.1791457 1.1257519 1.1131124 1.1859918 1.4402792 1.2454079 1.1522302 1.2052628 1.2010561 1.1348200 1.1205520 1.0630603 1.0682769 1.0452149 1.1598697 0.9962298 0.9762993 0.9152367 0.9142756 1.0750540 0.8800879 0.8792106 0.8628994 0.9427699 2.4571796 2.4677660 2.4969448 3.2761578 
C.GB.14.13659_1_48.3.MF109437          0.8969690 0.9431903 0.9210135 1.0005479 1.0370401 1.1083562 1.0890541 0.8279398 0.7956876 0.8086630 0.8018963 0.7684739 0.7743012 0.6965484 0.7225351 0.4898965 0.5552605 0.4683264 0.4612088 0.4691884 0.4692874 0.4184706 0.4638494 0.0000000 0.5498051 0.5089864 0.4048512 0.4982210 0.5054789 0.4673063 0.4645521 0.7933693 0.9354238 0.9392685 0.9825113 1.1621522 0.9622661 0.9923671 1.0256053 0.9352612 0.9795613 1.1048213 1.1834344 0.8498684 0.8256824 0.8224059 0.8734708 1.1899348 1.1997070 1.2375740 1.2251106 1.2287823 1.2754337 1.2462684 1.1560375 1.2331074 1.2046219 1.1848453 1.1709759 1.2175423 1.1743518 1.1320658 1.1757020 1.2515587 1.2001485 1.2128183 1.2425948 1.2011158 1.2015293 1.2356698 1.2166507 1.2129077 1.1963449 1.1800087 1.1428005 1.2194291 1.5154041 1.2826703 1.1953981 1.2338139 1.2468980 1.1555861 1.1389462 1.1002815 1.1069509 1.0501786 1.1968492 1.0108025 1.0062520 0.9495661 0.9291314 1.1047130 0.9065705 0.9241849 0.9276342 0.9526548 2.5732131 2.5807327 2.5442496 3.1886689 
BC.CN.07.07CNYN340.KF835526            0.9716035 1.0185094 1.0089519 1.0518945 1.1229950 1.1878922 1.1803590 0.8992159 0.8503720 0.8964717 0.9035070 0.8363240 0.8520557 0.7747169 0.8094783 0.5782735 0.6293030 0.5151827 0.5188671 0.5490780 0.5397974 0.4735297 0.5344277 0.5498051 0.0000000 0.4132045 0.4669560 0.5894843 0.5761903 0.5291301 0.5373128 0.8696455 1.0110993 1.0188150 1.0615946 1.2148897 1.0377606 1.0703599 1.1410819 1.0431598 1.0740494 1.1767129 1.2176161 0.9305933 0.8775605 0.8706330 0.9491640 1.3117564 1.3370881 1.3453510 1.3331179 1.3356882 1.3602885 1.3591580 1.2581324 1.3345083 1.3213604 1.3025187 1.2879471 1.3314654 1.2982317 1.2301495 1.3241089 1.3468891 1.3255725 1.3135139 1.3316987 1.2792726 1.3000912 1.3319081 1.3081534 1.3104557 1.2845297 1.2614551 1.2432788 1.3631524 1.5922310 1.3814959 1.3040882 1.3371901 1.3200802 1.2593718 1.2926818 1.1824424 1.2074674 1.1379145 1.3215004 1.0804110 1.1034095 1.0525733 1.0185179 1.1824642 0.9754199 0.9773779 0.9891355 1.0647515 2.7490227 2.6701523 2.6347890 3.3746662 
85_BC.CN.14.14CN_SCYB4.KU992932        0.9283250 0.9623330 0.9452474 1.0124421 1.0642511 1.1417586 1.1332748 0.8395679 0.8145963 0.8678360 0.8444295 0.8008530 0.8038547 0.7287363 0.7642378 0.5192082 0.5813209 0.4856025 0.4872973 0.5142290 0.4889229 0.4480685 0.5148279 0.5089864 0.4132045 0.0000000 0.4380815 0.5310149 0.5363591 0.5049045 0.4997543 0.8280728 0.9540415 0.9624969 1.0102065 1.1740970 0.9720251 1.0023112 1.0805385 0.9664099 1.0125422 1.1063333 1.1927480 0.8656924 0.8616125 0.8202524 0.9179913 1.2223426 1.2397698 1.2836367 1.3085161 1.2749693 1.3225802 1.2865496 1.2258169 1.2505418 1.2328951 1.2664506 1.2196978 1.2435583 1.2415619 1.1689746 1.2331869 1.3267302 1.2383480 1.2550248 1.2695066 1.2423854 1.2425911 1.2508730 1.2359914 1.2926181 1.2476145 1.1895286 1.1909901 1.2798497 1.5839983 1.3492121 1.2290324 1.2821691 1.2839481 1.1952376 1.2169289 1.1285079 1.1452817 1.1000865 1.2407102 1.0399124 1.0325370 0.9962539 0.9679614 1.1671841 0.9403253 0.9391785 0.9421815 1.0190485 2.6517201 2.6363616 2.5893592 3.3890513 
C.BW.00.00BW076820.AF443089            0.7825946 0.8439871 0.8141104 0.8969092 0.9496594 1.0035386 1.0356599 0.6842375 0.6871761 0.7111706 0.6985966 0.6432377 0.6607980 0.5803569 0.5952747 0.3635383 0.4285658 0.3343379 0.3357614 0.3550836 0.3398174 0.3042065 0.3546709 0.4048512 0.4669560 0.4380815 0.0000000 0.3738311 0.3680458 0.3364328 0.3441151 0.6917672 0.8308477 0.8234576 0.8718516 1.0464266 0.8433749 0.8730326 0.9336618 0.8304024 0.8514698 0.9729473 1.0301352 0.7461113 0.7039529 0.6961092 0.7626656 1.0779798 1.0941841 1.1102973 1.1483330 1.1331745 1.1685849 1.1517037 1.0609630 1.0953994 1.1267459 1.1287432 1.0952557 1.0947273 1.0862402 1.0208404 1.0839381 1.1618951 1.0918520 1.1297523 1.1470848 1.1104340 1.1010978 1.1362855 1.1135893 1.1323719 1.1043272 1.0651091 1.0659366 1.1719965 1.3607834 1.1677726 1.0741343 1.1304000 1.1131676 1.0655165 1.0671659 1.0347786 1.0214124 0.9549626 1.1231238 0.9091887 0.8935772 0.8792125 0.8515565 0.9977652 0.7917933 0.8003948 0.8123901 0.8733391 2.4421282 2.4543031 2.4548050 3.1205147 
C.ZA.04.04ZASK170B1.DQ093595           0.8639553 0.9258342 0.8771394 0.9516934 1.0027006 1.0615095 1.0895568 0.7635253 0.7288974 0.7745249 0.7576966 0.7174736 0.7120653 0.6310201 0.6541915 0.4211141 0.4853986 0.4409485 0.4284466 0.4456447 0.4286099 0.3993547 0.4531771 0.4982210 0.5894843 0.5310149 0.3738311 0.0000000 0.3439510 0.3109429 0.3619628 0.7516467 0.8835417 0.9149152 0.9382769 1.0919329 0.9162629 0.9192095 1.0073930 0.9044639 0.9209118 1.0171737 1.1118741 0.7928915 0.7709670 0.7397867 0.8014660 1.1263379 1.1503034 1.1759671 1.2009419 1.1875442 1.1573496 1.1926569 1.1206856 1.1575379 1.1330521 1.1523926 1.1155503 1.1466256 1.1241543 1.0808816 1.1264099 1.2203970 1.1426220 1.1536343 1.2202003 1.1719477 1.1638481 1.1892497 1.1381024 1.1488400 1.1492474 1.0888708 1.0948259 1.1843462 1.4127588 1.1915902 1.1164134 1.1763755 1.1618698 1.0925087 1.1222896 1.0543644 1.0467037 1.0284674 1.1338925 0.9869001 0.9459586 0.9256477 0.9034937 1.0687766 0.8840903 0.8836627 0.8822513 0.9531860 2.4534528 2.4559408 2.5080700 3.1331739 
C.TZ.02.CO6721.AY734560                0.8583089 0.9267787 0.8831104 0.9623763 1.0177172 1.0489391 1.0873158 0.7443445 0.7370648 0.7671542 0.7762571 0.7115202 0.7125799 0.6288514 0.6485459 0.4144188 0.4832403 0.4254789 0.4288933 0.4389413 0.4200754 0.3938183 0.4438218 0.5054789 0.5761903 0.5363591 0.3680458 0.3439510 0.0000000 0.2435811 0.3619826 0.7501298 0.8785903 0.8882528 0.9176378 1.0889724 0.9078045 0.9262417 0.9906205 0.9098588 0.9181066 1.0110517 1.1117306 0.7814326 0.7677826 0.7464002 0.8069684 1.1507035 1.1686362 1.1800593 1.2246657 1.2187687 1.1842771 1.1764868 1.1286309 1.1700753 1.1504064 1.1799831 1.1244179 1.1595130 1.1169421 1.0855905 1.1350797 1.2061259 1.1815555 1.1366447 1.1872800 1.1636516 1.1582703 1.1575701 1.1525343 1.1930568 1.1613235 1.1184533 1.0965730 1.1781002 1.4554835 1.2261922 1.1375429 1.1513775 1.1428137 1.0901276 1.1000667 1.0789092 1.0585282 1.0299253 1.1409499 0.9632360 0.9469164 0.9118271 0.9159216 1.0797264 0.8615398 0.8667129 0.8697721 0.9492275 2.3231476 2.3812201 2.4460615 3.1294780 
C.TZ.01.BD39_8.AY253313                0.8234924 0.8817989 0.8289808 0.9112022 0.9694799 1.0225645 1.0351449 0.7166202 0.6985187 0.7367321 0.7381623 0.6844487 0.6857793 0.5932686 0.6368105 0.3877274 0.4476379 0.3929275 0.3941040 0.4079626 0.3917189 0.3615623 0.4185683 0.4673063 0.5291301 0.5049045 0.3364328 0.3109429 0.2435811 0.0000000 0.3317928 0.7315320 0.8529176 0.8546984 0.8979946 1.0418770 0.8530988 0.8846551 0.9627719 0.8739518 0.8730410 0.9996724 1.0932065 0.7607517 0.7353986 0.7116676 0.7702700 1.0791070 1.0928133 1.1210583 1.1408700 1.1737779 1.1539858 1.1255425 1.0852699 1.1283102 1.1008684 1.1111597 1.0641608 1.1260706 1.0599656 1.0426216 1.0771918 1.1715304 1.1231819 1.1345281 1.1586786 1.1231069 1.1152484 1.1325518 1.1338094 1.1368535 1.0962113 1.0570345 1.0605210 1.1558427 1.3664008 1.1886238 1.0698254 1.1126480 1.1190744 1.0537214 1.0647987 1.0294931 1.0459538 0.9827318 1.1097075 0.9586812 0.9164521 0.8856022 0.8758024 1.0226814 0.8346725 0.8323555 0.8377001 0.9099013 2.3621583 2.3726558 2.4240982 3.0509599 
C.ZA.03.03ZAPS067MB2.DQ396389          0.8067303 0.8729193 0.8490281 0.9276037 0.9786658 1.0440322 1.0182281 0.7189675 0.6995267 0.7342339 0.7373679 0.6842461 0.7078860 0.5992187 0.6333610 0.3965116 0.4681163 0.4053407 0.4150018 0.4182747 0.4074549 0.3657521 0.4165066 0.4645521 0.5373128 0.4997543 0.3441151 0.3619628 0.3619826 0.3317928 0.0000000 0.7062018 0.8608396 0.8464208 0.8856726 1.0831502 0.8721988 0.9114518 0.9699073 0.8670547 0.9042035 0.9956412 1.0770761 0.7630240 0.7537161 0.7198151 0.7848934 1.1142290 1.1413766 1.1606142 1.1704053 1.1712147 1.1717724 1.1454343 1.0764706 1.1269227 1.1483471 1.1119754 1.1032710 1.1622687 1.0912066 1.0437864 1.0772311 1.2122710 1.1499690 1.1409859 1.1778023 1.1460333 1.1456378 1.1429068 1.1319386 1.1428938 1.1104802 1.0821864 1.0666061 1.1629327 1.4034593 1.2339994 1.1249794 1.1414237 1.1452027 1.1069399 1.0889218 1.0381384 1.0318909 0.9834675 1.1159993 0.9382481 0.9058215 0.8818202 0.8681743 1.0364228 0.8244130 0.8370889 0.8297334 0.8850767 2.3879733 2.4095761 2.4060295 3.0442973 
A1D.UG.99.99UGJ21953.AF484496          0.5760633 0.6247070 0.5834965 0.6533415 0.7088348 0.7736447 0.7781012 0.4533668 0.4528818 0.4860332 0.4849418 0.4389938 0.4310045 0.4754376 0.7470350 0.7022466 0.7845325 0.7541197 0.7647166 0.7585337 0.7725833 0.6896273 0.7659385 0.7933693 0.8696455 0.8280728 0.6917672 0.7516467 0.7501298 0.7315320 0.7062018 0.0000000 0.5807298 0.5900113 0.6181296 0.7934988 0.6048098 0.6203957 0.6864751 0.6000601 0.6306858 0.7258883 0.8052981 0.5130462 0.4800251 0.4554170 0.5224183 0.8306714 0.8382382 0.8794352 0.9121517 0.9159099 0.8909515 0.9028295 0.8290075 0.8797455 0.8557008 0.8601855 0.8314923 0.8840266 0.8380875 0.7811541 0.8318473 0.9194264 0.8805714 0.8445481 0.8968774 0.8461285 0.8638335 0.9015854 0.8806984 0.8852606 0.8505266 0.8287074 0.8233644 0.8705150 1.1303371 0.9085642 0.8218726 0.8788790 0.8912739 0.8054363 0.8178893 0.7939919 0.7646731 0.7395234 0.8517983 0.6952652 0.6689562 0.6353104 0.5880983 0.7666458 0.5824333 0.5721947 0.5906938 0.6515483 2.1487325 2.1437860 2.0898194 2.7886785 
01_AE.CN.02.YN0236.JX112866            0.6011725 0.6430111 0.6331894 0.6733008 0.7613114 0.8086649 0.8261462 0.5687840 0.5605210 0.5945262 0.5840132 0.5348638 0.5426919 0.6077166 0.9043473 0.8434516 0.9428658 0.8546658 0.8723103 0.9388719 0.8986968 0.8402516 0.9077752 0.9354238 1.0110993 0.9540415 0.8308477 0.8835417 0.8785903 0.8529176 0.8608396 0.5807298 0.0000000 0.1599898 0.2121146 0.3723266 0.2024466 0.2165661 0.2970109 0.2202872 0.2491269 0.4856534 0.5435584 0.4457847 0.5220761 0.5152138 0.5888306 0.9218488 0.9169176 0.9542400 0.9900686 0.9820591 0.9446638 0.9713282 0.8942462 0.9662914 0.9457357 0.9243552 0.8919631 0.9493839 0.9131216 0.8584168 0.9261110 1.0023312 0.9571581 0.9488345 0.9664046 0.9372898 0.9252546 0.9546287 0.9556496 0.9379392 0.9118732 0.9072344 0.8876540 0.9710159 1.2212543 1.0136437 0.9139656 0.9637405 0.9671753 0.8637717 0.9234520 0.8616443 0.8454290 0.7928354 0.9361602 0.7359908 0.7052537 0.6874450 0.6466862 0.8247396 0.6308288 0.6314444 0.6366406 0.6947108 2.2191836 2.2920442 2.1866434 3.0808136 
01_AE.TH.99.99TH_C4460.AY945726        0.6274846 0.6623269 0.6508316 0.7093571 0.7922088 0.8290845 0.8486784 0.5795094 0.5680635 0.6095911 0.5821745 0.5411621 0.5450327 0.6199877 0.8979233 0.8407744 0.9372620 0.8554558 0.8707691 0.9070256 0.9001859 0.8428841 0.9004746 0.9392685 1.0188150 0.9624969 0.8234576 0.9149152 0.8882528 0.8546984 0.8464208 0.5900113 0.1599898 0.0000000 0.2127268 0.3804163 0.2027826 0.2134643 0.2960022 0.2183871 0.2487748 0.4876364 0.5355818 0.4507908 0.5484946 0.5143907 0.5816526 0.9079922 0.9168579 0.9435126 0.9855898 0.9674868 0.9386786 0.9950425 0.8957593 0.9520892 0.9291677 0.9254862 0.8945821 0.9557946 0.8985669 0.8433727 0.9223016 1.0039511 0.9702712 0.9400487 0.9589505 0.9409362 0.9388224 0.9625543 0.9527909 0.9331118 0.8984487 0.8882708 0.8916094 0.9603368 1.2405113 1.0018613 0.9257610 0.9604823 0.9639103 0.8722569 0.9204036 0.8498099 0.8492386 0.8030430 0.9392037 0.7509747 0.7201482 0.6855722 0.6463624 0.8357250 0.6382866 0.6331240 0.6392040 0.7182897 2.2008008 2.2631091 2.2737945 3.0689109 
01_AE.CN.07.GX070143.JX112835          0.6446552 0.7093496 0.6817783 0.7319986 0.8287096 0.8727476 0.8765585 0.6085200 0.6049101 0.6360307 0.6390984 0.5718851 0.5787319 0.6431387 0.9357813 0.8764712 0.9859534 0.9024272 0.9391235 0.9638245 0.9474065 0.8973702 0.9603303 0.9825113 1.0615946 1.0102065 0.8718516 0.9382769 0.9176378 0.8979946 0.8856726 0.6181296 0.2121146 0.2127268 0.0000000 0.4144452 0.2444528 0.2551620 0.3333921 0.2568652 0.2917677 0.5347470 0.5846245 0.4852343 0.5672500 0.5617300 0.6280760 0.9407262 0.9340137 0.9971888 1.0325980 1.0233026 0.9793808 1.0043390 0.9414212 0.9987568 0.9611223 0.9642871 0.9376172 0.9828097 0.9347790 0.9007591 0.9498163 1.0516562 1.0112127 0.9634760 0.9941405 0.9780112 0.9612940 0.9965280 0.9799033 0.9916354 0.9513264 0.9249435 0.9299532 0.9968735 1.2404868 1.0404785 0.9600404 0.9917621 0.9954312 0.8962059 0.9533769 0.9109599 0.8754505 0.8391074 0.9795559 0.7929443 0.7595641 0.7295769 0.6930394 0.8735626 0.6850373 0.6734158 0.6816763 0.7445773 2.2279861 2.2568555 2.2481872 3.0278810 
69_01B.JP.05.05JPMYC113SP420.LC027100  0.8163997 0.8434647 0.8393253 0.8896454 1.0012715 1.0217413 1.0214964 0.7736808 0.7538084 0.7932901 0.7891325 0.7247390 0.7490484 0.7843757 1.0832615 1.0660920 1.1326938 1.0741047 1.1091951 1.0926472 1.1179907 1.0361740 1.1545581 1.1621522 1.2148897 1.1740970 1.0464266 1.0919329 1.0889724 1.0418770 1.0831502 0.7934988 0.3723266 0.3804163 0.4144452 0.0000000 0.3975210 0.4152839 0.4826888 0.4143752 0.4474993 0.6676218 0.7347940 0.6441439 0.7249098 0.7253029 0.7884804 1.0977935 1.0821497 1.1403578 1.1656996 1.1473026 1.1358421 1.1776325 1.0880964 1.1510363 1.1155321 1.1108400 1.0969414 1.1415336 1.0939749 1.0337086 1.1204974 1.1956271 1.1416587 1.1224632 1.1682198 1.1519536 1.1268109 1.1480176 1.1426300 1.1292425 1.1103781 1.0813146 1.0704403 1.1736704 1.3964480 1.2010642 1.1226494 1.1451626 1.1332896 1.0478904 1.0986416 1.0326940 1.0268122 0.9892417 1.1274886 0.9480027 0.9125411 0.8839451 0.8371960 1.0254609 0.8118696 0.8208087 0.8360114 0.9027657 2.3197255 2.4255050 2.3537787 3.2721906 
01_AE.TH.07.AA030a04.JX447057          0.6402241 0.6792890 0.6673118 0.7095952 0.8118233 0.8424611 0.8504350 0.5949725 0.5851155 0.6225888 0.6084393 0.5615710 0.5747078 0.6259063 0.9300922 0.8619813 0.9469218 0.8781376 0.9080628 0.9202231 0.9138888 0.8654074 0.9097931 0.9622661 1.0377606 0.9720251 0.8433749 0.9162629 0.9078045 0.8530988 0.8721988 0.6048098 0.2024466 0.2027826 0.2444528 0.3975210 0.0000000 0.2269115 0.3152407 0.2416980 0.2745441 0.5140017 0.5767385 0.4755420 0.5596340 0.5378250 0.6130931 0.9111248 0.9408767 0.9606598 0.9856023 0.9864109 0.9603401 0.9999864 0.9105615 0.9559650 0.9466033 0.9253685 0.9018208 0.9584824 0.9196564 0.8641950 0.9126802 1.0063964 0.9728648 0.9576231 0.9870664 0.9647183 0.9487125 0.9796162 0.9675760 0.9531224 0.9246816 0.9075481 0.9056651 0.9891449 1.2408903 0.9964202 0.9176528 0.9598663 0.9785401 0.8931643 0.9399816 0.8843848 0.8633398 0.8047488 0.9788356 0.7790998 0.7439120 0.7113015 0.6799111 0.8584681 0.6535764 0.6536773 0.6603744 0.7378177 2.2821202 2.3130786 2.2771956 3.0817108 
01_AE.CN.07.07CNYN326.KF835513         0.6592175 0.7117526 0.6867290 0.7359494 0.8252661 0.8554561 0.8843666 0.6012219 0.6133676 0.6303784 0.6273487 0.5740617 0.5882267 0.6530435 0.9345806 0.8773186 0.9989373 0.9042797 0.9288074 0.9389154 0.9325392 0.9109402 0.9491833 0.9923671 1.0703599 1.0023112 0.8730326 0.9192095 0.9262417 0.8846551 0.9114518 0.6203957 0.2165661 0.2134643 0.2551620 0.4152839 0.2269115 0.0000000 0.3308376 0.2546167 0.2847832 0.5229712 0.5820153 0.4774012 0.5655163 0.5568409 0.6287942 0.9447881 0.9494858 0.9827756 1.0247168 1.0191237 0.9768565 0.9865083 0.9446315 0.9926155 0.9671059 0.9703453 0.9333841 0.9936477 0.9646895 0.8973522 0.9475724 1.0778009 1.0027893 0.9775539 0.9822278 0.9571047 0.9515660 0.9998697 0.9541025 0.9824997 0.9427146 0.9350127 0.9291148 0.9830189 1.2478339 1.0407099 0.9587183 0.9908642 1.0070249 0.9083042 0.9644874 0.8917722 0.8756937 0.8344596 0.9618939 0.8083688 0.7641680 0.7367021 0.6854754 0.9039909 0.6803232 0.6818756 0.6955757 0.7570311 2.2386639 2.3553546 2.2636915 2.9756282 
