100
02A1.GH.97.97GH_AG2.AB052867           0.0000000 0.3716600 0.4540288 0.5261896 0.6036856 0.6282733 0.6257784 0.5333009 0.5482433 0.5477359 0.5785449 0.5178529 0.5217687 0.5951184 0.8199391 0.8057183 0.8920729 0.8466247 0.8313816 0.8586281 0.8240248 0.7993448 0.8526548 0.9406284 0.9733565 0.9192895 0.7846133 0.8419827 0.8521876 0.7986171 0.8228031 0.5698333 0.6290607 0.6107224 0.6565633 0.8082684 0.6706580 0.6611459 0.7375512 0.6351322 0.6755628 0.8106282 0.8600540 0.5585414 0.5454436 0.4943012 0.4675732 0.7913545 0.7959534 0.8463057 0.8734536 0.8704365 0.8397845 0.8580904 0.7907068 0.8362923 0.7918203 0.7921319 0.8411631 0.8380584 0.7798726 0.7582454 0.8229581 0.8655321 0.8600667 0.8061539 0.8409565 0.8366669 0.8156139 0.8036507 0.8306848 0.8250301 0.7879350 0.7671895 0.7866873 0.8467972 1.1007800 0.8598754 0.8052373 0.8611795 0.8465309 0.7537491 0.7690017 0.7442339 0.6827593 0.6710324 0.7750874 0.6351437 0.5153286 0.4263149 0.3903091 0.5593007 0.3459032 0.3462174 0.3604327 0.4421318 1.8224349 1.8970411 1.8123067 2.4851424 
02A.CI.16.DEURF16CI011.MH078538        0.3716600 0.0000000 0.5079398 0.5834102 0.6555189 0.6993852 0.6853956 0.5973153 0.5938186 0.5979085 0.6214748 0.5681822 0.5714234 0.6560484 0.9076072 0.8719274 0.9450831 0.8867687 0.9009765 0.9072585 0.9031897 0.8806034 0.9134167 0.9820267 1.0267855 0.9799125 0.8609316 0.8979242 0.9025560 0.8302191 0.9043155 0.6158227 0.6763099 0.6582978 0.7310206 0.8467116 0.7188060 0.7197469 0.7839431 0.6967826 0.7156689 0.8485590 0.9038865 0.6172217 0.5912424 0.5605613 0.5132026 0.8554173 0.8689362 0.9192919 0.9337650 0.9208062 0.9014697 0.9094796 0.8299295 0.8756021 0.8426608 0.8517905 0.8827397 0.8835090 0.8443915 0.8090172 0.8587909 0.9109054 0.8935161 0.8619142 0.9029398 0.8934883 0.8637269 0.8803952 0.8761960 0.8820687 0.8340420 0.8268792 0.8345937 0.8994011 1.1610602 0.9274530 0.8755195 0.9062736 0.8869423 0.8164808 0.8240561 0.7835743 0.7278550 0.7309446 0.8353053 0.6791647 0.5633123 0.4887032 0.4588022 0.5999301 0.4082209 0.3947390 0.4203906 0.4973930 1.9183596 1.9573177 1.8808114 2.6066734 
AGU.CM.06.770_8.MH705142               0.4540288 0.5079398 0.0000000 0.5124257 0.5996516 0.6185293 0.6331966 0.5638085 0.5685696 0.5699807 0.5929663 0.5502143 0.5521213 0.6202348 0.8735985 0.8612132 0.9381035 0.8651283 0.8815544 0.9084741 0.8800047 0.8586245 0.8908364 0.9574575 1.0137588 0.9709378 0.8505117 0.8827662 0.8877775 0.8354075 0.8666754 0.5962178 0.6527433 0.6421785 0.6891051 0.8639153 0.6881960 0.6900487 0.7761646 0.6853149 0.6911187 0.8189138 0.8939094 0.5853424 0.5841952 0.5289621 0.4860170 0.8080463 0.8142414 0.8765193 0.8701161 0.8885100 0.8565664 0.8494015 0.7970040 0.8670948 0.8126998 0.8081572 0.8402362 0.8261082 0.7879943 0.7688757 0.8090153 0.8787823 0.8659975 0.8196754 0.8493361 0.8335131 0.8077079 0.8213356 0.8332816 0.8376210 0.7905764 0.7896796 0.7954506 0.8619563 1.1089892 0.8727650 0.8168642 0.8712518 0.8387565 0.7844383 0.7793784 0.7920780 0.7130376 0.6910040 0.8027330 0.6555335 0.5633062 0.5296981 0.4871559 0.6803939 0.4600916 0.4608196 0.4810298 0.5527846 1.8956457 1.9389068 1.9266177 2.5402794 
G.NG.92.92NG083_JV10832.U88826         0.5261896 0.5834102 0.5124257 0.0000000 0.3543718 0.3812559 0.3919096 0.6365287 0.6302509 0.6315772 0.6546702 0.6213715 0.6103641 0.6911671 0.9726315 0.9095140 1.0201709 0.9461965 0.9490299 0.9417104 0.9404347 0.8914102 0.9415875 1.0467544 1.0697567 1.0287722 0.8958584 0.9308182 0.9297189 0.9095644 0.9085451 0.6424204 0.7450080 0.7308059 0.7844205 0.9207887 0.7673277 0.7715912 0.8545702 0.7302548 0.7566383 0.9054616 0.9705585 0.6474158 0.6385772 0.5975299 0.5725387 0.9314137 0.9058495 0.9847345 0.9831997 0.9746238 0.9564275 0.9573435 0.8928764 0.9525425 0.9245684 0.9100878 0.9316443 0.9325495 0.9098676 0.8796432 0.9345547 0.9739478 0.9681914 0.9129319 0.9433823 0.9273990 0.9172633 0.9318450 0.9270762 0.9312949 0.8957058 0.8993681 0.9041292 0.9487481 1.2082685 0.9780428 0.9390860 0.9775145 0.9504172 0.8720079 0.8713879 0.8577863 0.8122043 0.7668278 0.8827684 0.7301718 0.6572696 0.5830107 0.5568377 0.7357836 0.5324140 0.5291507 0.5559468 0.6157822 2.0534223 2.0766357 2.0868655 2.6561797 
G.NG.09.09NG010261.KX389626            0.6036856 0.6555189 0.5996516 0.3543718 0.0000000 0.4698841 0.4809950 0.7148932 0.7067293 0.7235484 0.7389279 0.6897396 0.6864230 0.7865991 1.0633885 1.0112778 1.1408294 1.0248175 1.0307683 1.0560635 1.0375416 1.0294861 1.0618543 1.1379007 1.1646142 1.1337319 1.0111824 1.0012215 1.0180139 0.9980947 1.0113003 0.7389249 0.8350623 0.8043709 0.8469793 1.0305280 0.8660855 0.8587257 0.9138072 0.8103067 0.8521941 0.9617065 1.0578140 0.7236141 0.7362739 0.6797132 0.6613167 1.0152185 0.9981076 1.0706533 1.0905974 1.0708152 1.0372314 1.0557812 0.9934808 1.0448716 1.0241676 1.0207551 1.0363520 1.0361021 1.0238836 0.9804979 1.0154201 1.0700843 1.0413191 1.0128696 1.0778335 1.0266121 1.0396901 1.0222287 1.0234004 1.0234646 0.9904930 0.9794129 0.9785937 1.0659558 1.3015349 1.0535946 1.0034830 1.0731477 1.0536822 0.9590681 0.9974950 0.9305681 0.8792540 0.8461194 0.9505394 0.8260713 0.7471365 0.6804883 0.6459694 0.8383451 0.6212312 0.6172950 0.6380070 0.7057840 2.1099615 2.1702911 2.1076080 2.8005712 
01F2G.CM.02.LT31.JN864056              0.6282733 0.6993852 0.6185293 0.3812559 0.4698841 0.0000000 0.3849187 0.7292651 0.7484287 0.7504202 0.7694503 0.7236103 0.7261694 0.7927811 1.1068716 1.0435740 1.1390502 1.0567947 1.0602797 1.0895097 1.0706508 1.0440119 1.0577149 1.1591450 1.1899279 1.1294315 1.0214705 1.0300345 1.0434863 1.0072138 1.0365460 0.7489809 0.8375767 0.8128245 0.8847260 1.0167363 0.8641539 0.8617232 0.9603616 0.8347871 0.8614625 1.0167354 1.0633799 0.7563509 0.7377411 0.7014343 0.6782379 1.0128970 1.0162244 1.0633583 1.1003105 1.0614034 1.0497342 1.0308595 0.9814044 1.0315010 1.0141052 0.9701460 1.0204114 1.0322681 1.0088023 0.9746289 1.0052562 1.0805557 1.0568324 0.9969210 1.0352400 1.0005341 0.9969537 1.0186692 1.0325429 1.0315185 0.9949247 0.9882469 0.9819789 1.0496463 1.3292850 1.0708890 1.0085372 1.0624589 1.0423842 0.9530900 1.0016888 0.9465049 0.9014405 0.8763011 1.0026813 0.8380566 0.7562529 0.6773165 0.6504479 0.8450236 0.6418125 0.6426817 0.6414505 0.7285454 2.0766958 2.1622586 2.1236791 2.7787471 
BCG.ES.15.100_119.KY496623             0.6257784 0.6853956 0.6331966 0.3919096 0.4809950 0.3849187 0.0000000 0.7212954 0.7451218 0.7432805 0.7644672 0.7265124 0.7148598 0.7822413 1.0794202 1.0036912 1.1044056 1.0346168 1.0337184 1.0607801 1.0407091 0.9951306 1.0469014 1.1632688 1.1859141 1.1307397 1.0182574 1.0376655 1.0528417 1.0041508 1.0336324 0.7550776 0.8610050 0.8251679 0.8904657 1.0301054 0.8735704 0.8877156 0.9553027 0.8556857 0.8719046 1.0301786 1.0813344 0.7625186 0.7442522 0.6906475 0.6668139 1.0064631 1.0098255 1.0889625 1.0904846 1.0715169 1.0305937 1.0852065 1.0211970 1.0621529 1.0345677 1.0319337 1.0374888 1.0322548 1.0171415 0.9879259 1.0437384 1.1025898 1.0833089 1.0081407 1.0690747 1.0286332 1.0134533 1.0066325 1.0378365 1.0337415 1.0093768 0.9719254 0.9884186 1.0730337 1.3163921 1.0866639 1.0338242 1.0703794 1.0518522 0.9757657 1.0020644 0.9579399 0.8973645 0.8807590 0.9857626 0.8369211 0.7626756 0.7056262 0.6677639 0.8398069 0.6409088 0.6358814 0.6483372 0.7409061 2.1501974 2.1796695 2.1723772 2.8424450 
A1.KE.06.06KECst_028.FJ623479          0.5333009 0.5973153 0.5638085 0.6365287 0.7148932 0.7292651 0.7212954 0.0000000 0.3252346 0.3988378 0.4220274 0.3756332 0.4051366 0.5017323 0.7412368 0.7297604 0.7966348 0.7460072 0.7342749 0.7686766 0.7494742 0.7130022 0.7689212 0.8234471 0.8533098 0.8152119 0.6866694 0.7320871 0.7612017 0.7112561 0.7208079 0.4518899 0.5659215 0.5465161 0.6024310 0.7577156 0.5806097 0.5992999 0.6806184 0.5802118 0.6027396 0.7213728 0.7819138 0.5053938 0.4886092 0.4308269 0.5016338 0.8362424 0.8599426 0.9115757 0.9185842 0.9105177 0.8934043 0.8869057 0.8316672 0.8768997 0.8474496 0.8640978 0.8786283 0.8759982 0.8322049 0.8213134 0.8282696 0.9276524 0.9243822 0.8540950 0.9162974 0.8749319 0.8795508 0.8574330 0.8727856 0.8843413 0.8224327 0.8279017 0.8321928 0.8886265 1.1729575 0.9211943 0.8661711 0.8896740 0.8688066 0.8141214 0.8345188 0.7977184 0.7636593 0.7358259 0.8348750 0.6806134 0.6357430 0.5873284 0.5794217 0.7414465 0.5324578 0.5374332 0.5559322 0.6367492 2.0920460 2.1108879 2.1209412 2.6786103 
A1.KE.06.06KECst_013.FJ623485          0.5482433 0.5938186 0.5685696 0.6302509 0.7067293 0.7484287 0.7451218 0.3252346 0.0000000 0.3923091 0.4254033 0.3797881 0.3978299 0.4847931 0.7324363 0.7262389 0.7881967 0.7249265 0.7391333 0.7770877 0.7349269 0.7241478 0.7686202 0.8367106 0.8644082 0.8135328 0.6966295 0.7322712 0.7559896 0.6961035 0.7402237 0.4574130 0.5735425 0.5628284 0.6022788 0.7668984 0.6039673 0.5978234 0.6658803 0.5792395 0.5978606 0.7223810 0.7866538 0.4931741 0.4908223 0.4391830 0.4913913 0.8312540 0.8377914 0.8924161 0.9363377 0.9273330 0.9056965 0.8967041 0.8366165 0.9111494 0.8698769 0.8684514 0.8976908 0.8989603 0.8582576 0.8138058 0.8702960 0.9556144 0.8995298 0.8374764 0.9057021 0.8754096 0.8702666 0.8544113 0.8817718 0.8852730 0.8541797 0.8399054 0.8563495 0.9133894 1.1860670 0.9376627 0.8638478 0.9095848 0.8886337 0.8290722 0.8301347 0.8160422 0.7694021 0.7177888 0.8221645 0.6760723 0.6409995 0.5941530 0.5929289 0.7315905 0.5333523 0.5480945 0.5711046 0.6295293 2.0014625 2.0944033 2.1016205 2.5687079 
35_AD.AF.06.007H.GQ477450              0.5477359 0.5979085 0.5699807 0.6315772 0.7235484 0.7504202 0.7432805 0.3988378 0.3923091 0.0000000 0.4343942 0.3820675 0.4133718 0.4991044 0.7475495 0.7132506 0.7964106 0.7549288 0.7731548 0.7576144 0.7566499 0.7369410 0.7648726 0.8573275 0.8769334 0.8426679 0.7189384 0.7535764 0.7589583 0.6949352 0.7207686 0.4646577 0.5864357 0.5691279 0.6204971 0.7960748 0.6053742 0.6017156 0.6845466 0.5995642 0.6143574 0.7322416 0.7849736 0.5036394 0.4904736 0.4295155 0.5131563 0.8520702 0.8653337 0.9205360 0.9394402 0.9358165 0.9259507 0.9148690 0.8448460 0.8962511 0.8359710 0.8600583 0.8778016 0.8797687 0.8434160 0.7899616 0.8503677 0.9490230 0.9127652 0.8520052 0.9181440 0.8753529 0.8509772 0.8488360 0.8908155 0.8663915 0.8481338 0.8516012 0.8417260 0.8984193 1.1681442 0.9694969 0.8852199 0.9088403 0.8943746 0.8206974 0.8436577 0.8156540 0.7543456 0.7328975 0.8478906 0.6754049 0.6523171 0.6065173 0.5966171 0.7724646 0.5474940 0.5480189 0.5718605 0.6367450 1.9741120 2.0152985 2.0237801 2.6402578 
A1.CY.07.CY208.JF683760                0.5785449 0.6214748 0.5929663 0.6546702 0.7389279 0.7694503 0.7644672 0.4220274 0.4254033 0.4343942 0.0000000 0.2536630 0.4190690 0.5184980 0.7632620 0.7413592 0.8097661 0.7711241 0.7548697 0.7910400 0.7841409 0.7483876 0.7931679 0.8287943 0.9056025 0.8389122 0.7196286 0.7587868 0.7682790 0.7114869 0.7505133 0.4781203 0.5979882 0.5876317 0.6497300 0.8085333 0.6371131 0.6239834 0.7069131 0.6160549 0.6170868 0.7765338 0.8079497 0.5139949 0.5137201 0.4504960 0.5353033 0.8629485 0.8910978 0.9571104 0.9607061 0.9493269 0.9335140 0.9307049 0.8637677 0.9230039 0.8787658 0.8717816 0.9005228 0.8893868 0.8661565 0.8362153 0.8842861 0.9542350 0.9387684 0.8671035 0.9181641 0.8980316 0.9067733 0.8796391 0.8943301 0.9116364 0.8660677 0.8531857 0.8495412 0.9224328 1.1959827 0.9553080 0.9088734 0.9277323 0.9145341 0.8259069 0.8725845 0.8246874 0.7731453 0.7456835 0.8504617 0.6862380 0.6940534 0.6052746 0.6121468 0.7809739 0.5693566 0.5733483 0.6166497 0.6566347 2.0362837 2.0941330 2.1016593 2.7058339 
A1.CY.05.CY051.FJ388903                0.5178529 0.5681822 0.5502143 0.6213715 0.6897396 0.7236103 0.7265124 0.3756332 0.3797881 0.3820675 0.2536630 0.0000000 0.3699608 0.4593206 0.7141898 0.6887574 0.7646423 0.7123610 0.7127868 0.7531129 0.7142323 0.7047403 0.7295662 0.7963356 0.8592649 0.7876128 0.6838620 0.7143302 0.7216436 0.6566107 0.7020371 0.4278054 0.5430519 0.5238161 0.5798982 0.7443112 0.5677220 0.5657352 0.6429908 0.5567170 0.5620798 0.6953773 0.7465899 0.4754286 0.4592647 0.3971617 0.4631195 0.8195174 0.8295367 0.8797913 0.9006056 0.9018241 0.8936507 0.8852447 0.8120963 0.8661462 0.8181649 0.8360017 0.8636388 0.8399674 0.8348435 0.7879787 0.8300391 0.8902381 0.8870948 0.8331516 0.8906664 0.8502544 0.8371746 0.8331791 0.8504695 0.8552401 0.8033591 0.8066943 0.8057652 0.8553665 1.1279135 0.9064648 0.8479988 0.8764443 0.8616706 0.7866019 0.8011569 0.7565572 0.7206047 0.6918179 0.8005165 0.6435608 0.6212902 0.5534109 0.5568089 0.7293872 0.5118154 0.5079066 0.5384595 0.5967494 2.0019098 2.0969518 2.1282904 2.6627795 
A1.UG.11.DEMA110UG001.KF859745         0.5217687 0.5714234 0.5521213 0.6103641 0.6864230 0.7261694 0.7148598 0.4051366 0.3978299 0.4133718 0.4190690 0.3699608 0.0000000 0.4668800 0.7311024 0.7121978 0.7887266 0.7302668 0.7217494 0.7543552 0.7284196 0.7071583 0.7484166 0.8019587 0.8413983 0.8151127 0.6698652 0.7263461 0.7284342 0.6767221 0.7034552 0.4466280 0.5569315 0.5355627 0.5968309 0.7622987 0.5899069 0.5872965 0.6601444 0.5641084 0.5848070 0.7092668 0.7652901 0.4689701 0.4623399 0.3957882 0.4757456 0.8281607 0.8359643 0.8906866 0.9066630 0.8966901 0.8652656 0.8960086 0.8219690 0.8672242 0.8320983 0.8574619 0.8671251 0.8578214 0.8418633 0.7985314 0.8429949 0.9054630 0.8819566 0.8527634 0.8825026 0.8726706 0.8421881 0.8444547 0.8709850 0.8651420 0.8218155 0.8153483 0.8260570 0.8734037 1.1251167 0.8925131 0.8560651 0.8934418 0.8756598 0.7910544 0.7854670 0.7844795 0.7295538 0.7104174 0.7978245 0.6589693 0.6200656 0.5858904 0.5477989 0.7382623 0.5300986 0.5179129 0.5474090 0.6005783 1.9668548 2.0616477 2.0691487 2.6226352 
A1C.UG.99.99UGF25926.AF484491          0.5951184 0.6560484 0.6202348 0.6911671 0.7865991 0.7927811 0.7822413 0.5017323 0.4847931 0.4991044 0.5184980 0.4593206 0.4668800 0.0000000 0.6577574 0.6290807 0.6863855 0.6583439 0.6566441 0.6590401 0.6376303 0.6322013 0.6699654 0.7272532 0.7782025 0.7344782 0.5949411 0.6455937 0.6599086 0.6051650 0.6351229 0.5024933 0.6196888 0.6220906 0.6787579 0.8327844 0.6615520 0.6628819 0.7331036 0.6521579 0.6616637 0.7883517 0.8667386 0.5543968 0.5303255 0.4836212 0.5423783 0.8837144 0.8999900 0.9288909 0.9510086 0.9686134 0.9509293 0.9226484 0.8704313 0.9308782 0.8915731 0.8919965 0.9119662 0.9063091 0.8909794 0.8480650 0.8998556 0.9739748 0.9800162 0.9093908 0.9409735 0.9359999 0.9170553 0.9155574 0.9159823 0.9283952 0.8819782 0.8866810 0.8723230 0.9519177 1.2141019 0.9903799 0.9237262 0.9744658 0.9511487 0.8512978 0.8730841 0.8379042 0.7872826 0.7628881 0.8822011 0.7279643 0.6939210 0.6428938 0.6174247 0.8244298 0.5896420 0.5951625 0.6346523 0.6666085 1.9993393 2.1238081 2.0564255 2.6612742 
A1C.IN.15.SC017.KY713232               0.8199391 0.9076072 0.8735985 0.9726315 1.0633885 1.1068716 1.0794202 0.7412368 0.7324363 0.7475495 0.7632620 0.7141898 0.7311024 0.6577574 0.0000000 0.6510786 0.7325114 0.6898593 0.6879777 0.6937968 0.6818757 0.6636852 0.7049466 0.7711674 0.8069188 0.7602244 0.6241931 0.6897187 0.6971484 0.6557099 0.6651080 0.7581402 0.8751252 0.8486276 0.8904929 1.1047403 0.9248662 0.9072055 0.9500571 0.8725590 0.8949959 1.0469699 1.1518810 0.8066118 0.7838097 0.7484269 0.8193297 1.1586032 1.1625292 1.2193885 1.2423495 1.2343968 1.2452622 1.2346165 1.1505563 1.2362529 1.1767032 1.1849365 1.1737652 1.2080127 1.1781049 1.1540725 1.1872148 1.2547759 1.2245087 1.2025727 1.2689474 1.2409928 1.2115081 1.1780735 1.1618099 1.1992958 1.1889037 1.1534580 1.1656957 1.2237776 1.4671779 1.2286858 1.1850342 1.2277957 1.2356195 1.1507871 1.1583093 1.1310915 1.0863827 1.0777051 1.1360914 0.9925687 0.9659496 0.8961618 0.8834156 1.0674235 0.8646504 0.8580162 0.8925827 0.9407260 2.2934435 2.4293300 2.3667858 2.9779438 
C.IL.99.99ET14.AY255825                0.8057183 0.8719274 0.8612132 0.9095140 1.0112778 1.0435740 1.0036912 0.7297604 0.7262389 0.7132506 0.7413592 0.6887574 0.7121978 0.6290807 0.6510786 0.0000000 0.4438204 0.4244944 0.4270048 0.4523366 0.4169266 0.4027215 0.4423034 0.5064411 0.5218060 0.5155304 0.3802579 0.4217958 0.4180610 0.3859339 0.3962414 0.7435305 0.8464814 0.8469293 0.8764533 1.0394172 0.8783617 0.8781538 0.9601131 0.8741148 0.8655766 1.0381123 1.0714430 0.8043507 0.7855364 0.7291602 0.7837175 1.1420312 1.1500923 1.1689594 1.2250266 1.2186712 1.2236506 1.1968933 1.1136163 1.1744876 1.1270066 1.1419775 1.1532369 1.1607815 1.1416368 1.1120311 1.1480864 1.2018779 1.2110845 1.1445829 1.1968961 1.1798867 1.1655685 1.1436664 1.1777161 1.1625370 1.1386649 1.1111140 1.1176699 1.1692325 1.4429858 1.2288285 1.1478001 1.1926005 1.1788505 1.1095397 1.1071057 1.0939049 1.0562909 1.0258321 1.1026238 0.9774903 0.9556110 0.8889511 0.8429097 1.0614112 0.8473108 0.8294749 0.8544013 0.9066060 2.1583246 2.2565955 2.3279999 2.9692074 
C.SE.09.035ZA.MF373148                 0.8920729 0.9450831 0.9381035 1.0201709 1.1408294 1.1390502 1.1044056 0.7966348 0.7881967 0.7964106 0.8097661 0.7646423 0.7887266 0.6863855 0.7325114 0.4438204 0.0000000 0.4926885 0.4934880 0.5126343 0.4907891 0.4648688 0.5205447 0.5880402 0.6385718 0.5996852 0.4522610 0.5028151 0.4955823 0.4490932 0.4830058 0.8140647 0.9384757 0.9225752 0.9566940 1.1347321 0.9704812 0.9513513 1.0084265 0.9415753 0.9485159 1.0972683 1.1389380 0.8743336 0.8352977 0.8031910 0.8858199 1.2042699 1.2036365 1.2754114 1.2984550 1.3018179 1.2897838 1.2863802 1.1750869 1.2666793 1.1791542 1.2045066 1.2618634 1.2536045 1.1944627 1.1825572 1.2461809 1.2882021 1.2811087 1.2282505 1.2735730 1.2331747 1.2105886 1.2352095 1.2404866 1.2087405 1.2295324 1.1889882 1.1875730 1.2720190 1.5807798 1.2843278 1.2456389 1.2922601 1.2540440 1.1806138 1.1625575 1.1213992 1.1054453 1.0914617 1.1845656 1.0293723 1.0213618 0.9690320 0.9156843 1.1028457 0.8850558 0.8847684 0.9131936 0.9700041 2.3099470 2.3850798 2.4239947 2.9129978 
C.ZA.04.04ZASK135B1.DQ011166           0.8466247 0.8867687 0.8651283 0.9461965 1.0248175 1.0567947 1.0346168 0.7460072 0.7249265 0.7549288 0.7711241 0.7123610 0.7302668 0.6583439 0.6898593 0.4244944 0.4926885 0.0000000 0.3415128 0.3441086 0.3590919 0.3326730 0.3873333 0.4603423 0.5052724 0.4685743 0.3355413 0.4318887 0.4266861 0.3887326 0.4115467 0.7501484 0.8716138 0.8796773 0.9096696 1.0820380 0.9237163 0.9027717 0.9719537 0.9000077 0.8928065 1.0429611 1.1209368 0.8030564 0.7744057 0.7580229 0.8203523 1.1171434 1.1418809 1.1587951 1.1937978 1.2026179 1.2162682 1.2199848 1.1027083 1.1822468 1.1071096 1.1375313 1.1451428 1.1663248 1.1285936 1.1268701 1.1415468 1.2288195 1.2070045 1.1570587 1.1920628 1.1829474 1.1643875 1.1368298 1.1668639 1.1665023 1.1440347 1.1242479 1.1156056 1.1781737 1.4527034 1.2203402 1.1524635 1.2218611 1.1811754 1.1124428 1.1374092 1.1130263 1.0626189 1.0425597 1.1297301 1.0006333 0.9414817 0.8937613 0.8652937 1.0413983 0.8412388 0.8368402 0.8630096 0.9171923 2.2939219 2.3885675 2.3792981 2.9448400 
C.ZA.03.03ZAPS130MB1.DQ275658          0.8313816 0.9009765 0.8815544 0.9490299 1.0307683 1.0602797 1.0337184 0.7342749 0.7391333 0.7731548 0.7548697 0.7127868 0.7217494 0.6566441 0.6879777 0.4270048 0.4934880 0.3415128 0.0000000 0.3001473 0.3745255 0.3504567 0.4083023 0.4608767 0.5109577 0.4804414 0.3458866 0.4384162 0.4351903 0.3922908 0.4147364 0.7604817 0.8859784 0.8767479 0.9076876 1.0810894 0.9335951 0.9122841 0.9785953 0.8992457 0.9029143 1.0334264 1.0973204 0.8258392 0.7965020 0.7560805 0.8080212 1.1254902 1.1635028 1.1929578 1.2310020 1.2325131 1.2465741 1.2369583 1.1309203 1.2149325 1.1504240 1.1641847 1.1721976 1.1847585 1.1677999 1.1527108 1.1775225 1.2747665 1.2210188 1.1836467 1.1996136 1.1798730 1.1581957 1.1566584 1.1847907 1.1954550 1.1509570 1.1465679 1.1277279 1.1917668 1.4889934 1.2208571 1.1645932 1.2360624 1.1803226 1.1370026 1.1337707 1.1152447 1.0754708 1.0318552 1.1282321 1.0129659 0.9642673 0.9135780 0.8663547 1.0375999 0.8483236 0.8354159 0.8767842 0.9216935 2.2966119 2.3701673 2.3296335 3.0479638 
C.ZA.97.97ZA012.AF286227               0.8586281 0.9072585 0.9084741 0.9417104 1.0560635 1.0895097 1.0607801 0.7686766 0.7770877 0.7576144 0.7910400 0.7531129 0.7543552 0.6590401 0.6937968 0.4523366 0.5126343 0.3441086 0.3001473 0.0000000 0.3844491 0.3536511 0.4126559 0.4781883 0.5229399 0.4905474 0.3555987 0.4546943 0.4577107 0.4087190 0.4302926 0.7756481 0.8909463 0.8931765 0.9315852 1.1373152 0.9377804 0.9249801 0.9924430 0.9115784 0.9118122 1.0268936 1.1265136 0.8273457 0.7823481 0.7597939 0.8299575 1.1513199 1.1835573 1.2067375 1.2496321 1.2152238 1.2272975 1.2541722 1.1356087 1.2014116 1.1610965 1.1767013 1.1640536 1.1918698 1.1632071 1.1520135 1.1770510 1.2367696 1.2195097 1.1591304 1.2003057 1.2025306 1.1945438 1.1692633 1.1665256 1.1819674 1.1446753 1.1493112 1.1244411 1.1908255 1.4775356 1.2377769 1.1712344 1.2334859 1.1784531 1.1407267 1.1265928 1.1274647 1.0642162 1.0708005 1.1526581 1.0109134 0.9687555 0.9438970 0.8951072 1.0581084 0.8655976 0.8592614 0.8744192 0.9608629 2.3156621 2.4397340 2.3714933 3.0378806 
C.BW.98.98BWMC14A3.AF443078            0.8240248 0.9031897 0.8800047 0.9404347 1.0375416 1.0706508 1.0407091 0.7494742 0.7349269 0.7566499 0.7841409 0.7142323 0.7284196 0.6376303 0.6818757 0.4169266 0.4907891 0.3590919 0.3745255 0.3844491 0.0000000 0.3390767 0.3977543 0.4594769 0.5122005 0.4804513 0.3448765 0.4243720 0.4387956 0.3980996 0.4143802 0.7625230 0.8818984 0.8596191 0.9071239 1.0894240 0.9292470 0.8979705 0.9703012 0.9040285 0.8882100 1.0154507 1.1129102 0.8160891 0.7888143 0.7525703 0.8130520 1.1140762 1.1346567 1.2068523 1.2210817 1.2350288 1.2123947 1.2011557 1.1182587 1.1908588 1.1358119 1.1288179 1.1741568 1.1832770 1.1448429 1.1150710 1.1306293 1.2388768 1.1956953 1.1466171 1.2129318 1.1831861 1.1766442 1.1361611 1.1674242 1.1761461 1.1586910 1.1114463 1.1257356 1.1582053 1.4548567 1.2391783 1.1663305 1.1966320 1.1569552 1.1116166 1.1342489 1.1203961 1.0344373 1.0487294 1.1489058 0.9995533 0.9513955 0.9089589 0.8888655 1.0724467 0.8692311 0.8620843 0.8707541 0.9294300 2.2074643 2.2702600 2.3775154 2.9438046 
C.ZA.99.99ZALT4.EU293444               0.7993448 0.8806034 0.8586245 0.8914102 1.0294861 1.0440119 0.9951306 0.7130022 0.7241478 0.7369410 0.7483876 0.7047403 0.7071583 0.6322013 0.6636852 0.4027215 0.4648688 0.3326730 0.3504567 0.3536511 0.3390767 0.0000000 0.3120098 0.4285336 0.4805724 0.4372464 0.3123999 0.4025584 0.4034620 0.3566192 0.3847426 0.7263101 0.8451270 0.8433143 0.8740099 1.0521203 0.8952936 0.8638229 0.9395952 0.8522851 0.8771963 1.0077117 1.0868267 0.7765745 0.7585478 0.7309992 0.8145921 1.0984372 1.1098478 1.1628640 1.2206486 1.2033410 1.1957140 1.1761059 1.0935005 1.1789180 1.1133372 1.1143199 1.1469443 1.1464814 1.1189297 1.1091465 1.1045029 1.2059714 1.1690797 1.0970267 1.1495814 1.1486528 1.1315594 1.1348008 1.1386203 1.1699961 1.1167748 1.0873923 1.0855500 1.1436046 1.4375926 1.1885358 1.1326514 1.1784858 1.1502921 1.1036138 1.1019396 1.0914216 1.0331536 1.0354463 1.1183862 0.9738277 0.9419127 0.9076288 0.8715427 1.0163395 0.8437933 0.8239353 0.8506258 0.9259886 2.2981219 2.4333526 2.3887644 2.9268832 
C.ZA.02.02ZAPS015MB1.DQ369995          0.8526548 0.9134167 0.8908364 0.9415875 1.0618543 1.0577149 1.0469014 0.7689212 0.7686202 0.7648726 0.7931679 0.7295662 0.7484166 0.6699654 0.7049466 0.4423034 0.5205447 0.3873333 0.4083023 0.4126559 0.3977543 0.3120098 0.0000000 0.4840215 0.5270483 0.4909678 0.3638811 0.4554996 0.4463486 0.4109597 0.4347689 0.7730603 0.8918422 0.8870445 0.9492107 1.0721132 0.9322942 0.9047776 0.9849783 0.9030106 0.9130107 1.0383427 1.1328683 0.8276890 0.8053936 0.7685213 0.8150805 1.1328441 1.1703632 1.2225740 1.2547618 1.2491683 1.2337925 1.2168622 1.1398486 1.2273036 1.1530235 1.1803802 1.1835989 1.1952849 1.1487209 1.1347284 1.1708980 1.2351665 1.2163293 1.1704857 1.1900726 1.1880756 1.1653969 1.1631667 1.2007976 1.2204628 1.1631351 1.1367945 1.1185485 1.1931145 1.5091453 1.2370186 1.1894757 1.2235245 1.1772284 1.1351271 1.1412325 1.1288359 1.1049771 1.0694983 1.1185112 1.0149901 0.9801242 0.9286635 0.8768605 1.0835271 0.8548731 0.8733240 0.8897579 0.9325337 2.2676941 2.3979496 2.3569651 3.0283493 
C.GB.14.13659_1_48.3.MF109437          0.9406284 0.9820267 0.9574575 1.0467544 1.1379007 1.1591450 1.1632688 0.8234471 0.8367106 0.8573275 0.8287943 0.7963356 0.8019587 0.7272532 0.7711674 0.5064411 0.5880402 0.4603423 0.4608767 0.4781883 0.4594769 0.4285336 0.4840215 0.0000000 0.5544313 0.5134823 0.4286014 0.5026315 0.5081739 0.4669795 0.4870571 0.8482337 0.9349118 0.9428532 0.9763099 1.1600239 1.0034319 0.9745624 1.0521404 0.9811225 0.9958784 1.0967002 1.1720731 0.8959403 0.8606146 0.8210696 0.8968398 1.1996927 1.2324169 1.2883469 1.3183039 1.3317711 1.2916295 1.2904208 1.2093888 1.2779065 1.2494838 1.2374580 1.2349886 1.2865919 1.2321376 1.1953451 1.2447069 1.3152960 1.3057627 1.2362469 1.2551387 1.2654418 1.2373747 1.2275511 1.2749079 1.2624780 1.2368020 1.2079036 1.2018840 1.2686636 1.5635300 1.3156809 1.2601970 1.3099318 1.2620390 1.2230863 1.1886093 1.2138451 1.1622174 1.1490208 1.2316739 1.0682146 1.0387956 1.0092343 0.9704307 1.1272485 0.9449047 0.9424916 0.9722029 1.0484496 2.3739756 2.4846483 2.4561563 3.1232350 
BC.CN.07.07CNYN340.KF835526            0.9733565 1.0267855 1.0137588 1.0697567 1.1646142 1.1899279 1.1859141 0.8533098 0.8644082 0.8769334 0.9056025 0.8592649 0.8413983 0.7782025 0.8069188 0.5218060 0.6385718 0.5052724 0.5109577 0.5229399 0.5122005 0.4805724 0.5270483 0.5544313 0.0000000 0.4000829 0.4657564 0.5430105 0.5431707 0.5049185 0.5326017 0.8994007 1.0028968 0.9963714 1.0396480 1.1987730 1.0481027 1.0174131 1.1027029 1.0508298 1.0235888 1.1588642 1.2563543 0.9180464 0.9185162 0.8770975 0.9636842 1.2859638 1.3111866 1.3373686 1.4131426 1.3700841 1.3664952 1.3330352 1.2658506 1.3195288 1.3097540 1.3190203 1.3140592 1.3044760 1.2774199 1.2432818 1.3053124 1.3511384 1.3797860 1.3003384 1.3013874 1.3056623 1.2808999 1.2896091 1.2765153 1.3261161 1.3121542 1.2603243 1.2685295 1.3277956 1.6027651 1.3673073 1.3013708 1.3511073 1.3069577 1.2656280 1.2731273 1.2327202 1.1916381 1.1597297 1.2502324 1.1479120 1.0764891 1.0579966 1.0273013 1.1736514 0.9703150 0.9724468 0.9819475 1.0649796 2.4140554 2.5421178 2.5690438 3.1790099 
85_BC.CN.14.14CN_SCYB4.KU992932        0.9192895 0.9799125 0.9709378 1.0287722 1.1337319 1.1294315 1.1307397 0.8152119 0.8135328 0.8426679 0.8389122 0.7876128 0.8151127 0.7344782 0.7602244 0.5155304 0.5996852 0.4685743 0.4804414 0.4905474 0.4804513 0.4372464 0.4909678 0.5134823 0.4000829 0.0000000 0.4373835 0.5184972 0.5262736 0.4866021 0.5051199 0.8401766 0.9408555 0.9177224 0.9809097 1.1621374 0.9817778 0.9422753 1.0443011 0.9616183 0.9734038 1.1131094 1.2072331 0.8876135 0.8803746 0.8467885 0.9023512 1.2297973 1.2361744 1.2647130 1.3042267 1.3313622 1.3061373 1.2844327 1.2239515 1.2656116 1.2286776 1.2301790 1.2579448 1.2697205 1.2298268 1.1960806 1.2423703 1.3237657 1.3176364 1.2291080 1.2577523 1.2606972 1.2361196 1.2578633 1.2638616 1.2561406 1.2407698 1.2028563 1.2211849 1.2625189 1.5388765 1.3385031 1.2375577 1.2359051 1.2760300 1.2094498 1.2267269 1.2114075 1.1619810 1.1538126 1.2210629 1.0808379 1.0571356 0.9978810 0.9666311 1.1363424 0.9298015 0.9355293 0.9561265 1.0299902 2.3640437 2.4618059 2.4799847 3.1183892 
C.BW.00.00BW076820.AF443089            0.7846133 0.8609316 0.8505117 0.8958584 1.0111824 1.0214705 1.0182574 0.6866694 0.6966295 0.7189384 0.7196286 0.6838620 0.6698652 0.5949411 0.6241931 0.3802579 0.4522610 0.3355413 0.3458866 0.3555987 0.3448765 0.3123999 0.3638811 0.4286014 0.4657564 0.4373835 0.0000000 0.3888868 0.3954850 0.3469860 0.3632126 0.7061432 0.8246941 0.8291676 0.8645928 1.0296794 0.8670430 0.8416917 0.9267207 0.8467771 0.8524119 0.9831662 1.0501471 0.7611344 0.7424359 0.7102669 0.7871177 1.1037549 1.1115770 1.1561798 1.2090045 1.1760124 1.1789302 1.1993085 1.1087851 1.1658646 1.1081397 1.1093420 1.1312947 1.1383824 1.1061966 1.0953182 1.1283540 1.1804449 1.1801846 1.1201435 1.1678425 1.1629592 1.1250323 1.1204508 1.1207049 1.1572166 1.1105094 1.1006286 1.0794865 1.1380467 1.4074051 1.1712976 1.1150956 1.1779454 1.1364515 1.0898880 1.1069962 1.0984467 1.0412745 1.0242938 1.0959131 0.9755813 0.9232497 0.8754133 0.8386166 1.0327769 0.8173081 0.7880891 0.8246198 0.8888003 2.2285181 2.3542901 2.3284971 3.0036123 
C.ZA.04.04ZASK170B1.DQ093595           0.8419827 0.8979242 0.8827662 0.9308182 1.0012215 1.0300345 1.0376655 0.7320871 0.7322712 0.7535764 0.7587868 0.7143302 0.7263461 0.6455937 0.6897187 0.4217958 0.5028151 0.4318887 0.4384162 0.4546943 0.4243720 0.4025584 0.4554996 0.5026315 0.5430105 0.5184972 0.3888868 0.0000000 0.3494916 0.3000846 0.3634177 0.7525492 0.8580481 0.8592048 0.8759248 1.0492256 0.9032928 0.8837844 0.9462520 0.8889334 0.9041533 1.0417911 1.0844986 0.8017195 0.7899283 0.7405772 0.8108674 1.0964214 1.1216756 1.1429818 1.2046404 1.1777520 1.1847363 1.1731216 1.1116863 1.1544329 1.1428629 1.1476713 1.1531749 1.1170221 1.1181194 1.0915935 1.1273976 1.1859117 1.1985142 1.1335421 1.1894345 1.1531666 1.1227570 1.1090843 1.1360892 1.1527741 1.1505821 1.0945439 1.1218792 1.1480615 1.4313804 1.1822101 1.1473400 1.2264166 1.1561112 1.0992396 1.1118970 1.0692627 1.0490809 1.0049471 1.1232045 1.0221902 0.9682232 0.8969941 0.8916484 1.0730878 0.8659752 0.8475960 0.8828366 0.9479069 2.1973799 2.2499265 2.3992875 2.8490677 
C.TZ.02.CO6721.AY734560                0.8521876 0.9025560 0.8877775 0.9297189 1.0180139 1.0434863 1.0528417 0.7612017 0.7559896 0.7589583 0.7682790 0.7216436 0.7284342 0.6599086 0.6971484 0.4180610 0.4955823 0.4266861 0.4351903 0.4577107 0.4387956 0.4034620 0.4463486 0.5081739 0.5431707 0.5262736 0.3954850 0.3494916 0.0000000 0.2489138 0.3592318 0.7577509 0.8790171 0.8783692 0.8979977 1.0786068 0.9262486 0.9111413 0.9663524 0.8993065 0.9088184 1.0336688 1.0940047 0.8098400 0.7813800 0.7598118 0.8100674 1.1448294 1.1631963 1.1808569 1.2279287 1.2279810 1.2142373 1.2171828 1.1513188 1.1860022 1.1606097 1.1796678 1.1945380 1.1767358 1.1684481 1.1432965 1.1767963 1.2124453 1.2143830 1.1627758 1.2009693 1.1810352 1.1680580 1.1730776 1.1595581 1.1862179 1.1602242 1.1285023 1.1206923 1.1935530 1.4568860 1.2617606 1.1948993 1.2173644 1.2120159 1.1103164 1.1563429 1.1141929 1.0488433 1.0381842 1.1429623 1.0118196 0.9755445 0.9057334 0.8821458 1.0726001 0.8532617 0.8566906 0.8768324 0.9271362 2.3580015 2.4302856 2.4914396 3.0704459 
C.TZ.01.BD39_8.AY253313                0.7986171 0.8302191 0.8354075 0.9095644 0.9980947 1.0072138 1.0041508 0.7112561 0.6961035 0.6949352 0.7114869 0.6566107 0.6767221 0.6051650 0.6557099 0.3859339 0.4490932 0.3887326 0.3922908 0.4087190 0.3980996 0.3566192 0.4109597 0.4669795 0.5049185 0.4866021 0.3469860 0.3000846 0.2489138 0.0000000 0.3304796 0.7030156 0.8355915 0.8109427 0.8412296 1.0182316 0.8656154 0.8403691 0.9273601 0.8390735 0.8389294 0.9863018 1.0400476 0.7437525 0.7470382 0.6902271 0.7631180 1.0934744 1.1016663 1.1567170 1.2091666 1.1658703 1.1670086 1.1410563 1.0842987 1.1482625 1.0926748 1.1273042 1.1058856 1.1376935 1.1020638 1.0862180 1.1252084 1.1759257 1.1669419 1.0926873 1.1675681 1.1399514 1.1154893 1.1081057 1.1150581 1.1310727 1.1065967 1.0872616 1.0875094 1.1529197 1.4017878 1.1828086 1.1254336 1.1772654 1.1250729 1.0589584 1.0648526 1.0681030 1.0181775 0.9746997 1.0880544 0.9459097 0.9353609 0.8492442 0.8302314 1.0203248 0.7942425 0.7751504 0.8281244 0.8836399 2.2669815 2.3829598 2.4764376 2.9128352 
C.ZA.03.03ZAPS067MB2.DQ396389          0.8228031 0.9043155 0.8666754 0.9085451 1.0113003 1.0365460 1.0336324 0.7208079 0.7402237 0.7207686 0.7505133 0.7020371 0.7034552 0.6351229 0.6651080 0.3962414 0.4830058 0.4115467 0.4147364 0.4302926 0.4143802 0.3847426 0.4347689 0.4870571 0.5326017 0.5051199 0.3632126 0.3634177 0.3592318 0.3304796 0.0000000 0.7289695 0.8620799 0.8575702 0.8773608 1.0833539 0.8817581 0.8782417 0.9496396 0.8780106 0.8815097 1.0002486 1.1186826 0.7989349 0.7661004 0.7267869 0.8123470 1.1116668 1.1430239 1.1778610 1.2663098 1.2214589 1.2450082 1.2137117 1.1357742 1.1822728 1.1513214 1.1581861 1.1625552 1.1593983 1.1509025 1.1033589 1.1606575 1.2062798 1.1960203 1.1572370 1.1908799 1.1824235 1.1508043 1.1558577 1.1389676 1.1919934 1.1423389 1.1120091 1.1017107 1.1775604 1.4759866 1.2025152 1.1569285 1.1944834 1.1608982 1.0942752 1.1372862 1.0997170 1.0755080 1.0239732 1.1475308 0.9772729 0.9541161 0.9129761 0.8850504 1.0573998 0.8301409 0.8205934 0.8399905 0.9118916 2.3127860 2.3651616 2.4151242 3.0492599 
A1D.UG.99.99UGJ21953.AF484496          0.5698333 0.6158227 0.5962178 0.6424204 0.7389249 0.7489809 0.7550776 0.4518899 0.4574130 0.4646577 0.4781203 0.4278054 0.4466280 0.5024933 0.7581402 0.7435305 0.8140647 0.7501484 0.7604817 0.7756481 0.7625230 0.7263101 0.7730603 0.8482337 0.8994007 0.8401766 0.7061432 0.7525492 0.7577509 0.7030156 0.7289695 0.0000000 0.6049320 0.5802025 0.6274688 0.7967612 0.6193522 0.6234677 0.7144362 0.5967165 0.6255116 0.7465965 0.8071974 0.5244132 0.5005554 0.4658714 0.5261706 0.8766929 0.8627768 0.9249456 0.9479679 0.9500803 0.9346806 0.9196701 0.8674516 0.9254264 0.8671427 0.8552708 0.9087733 0.8950487 0.8687422 0.8343397 0.8861760 0.9418840 0.9432985 0.8667834 0.9421240 0.9080080 0.8816018 0.9027756 0.8898441 0.9097553 0.8765438 0.8692537 0.8736492 0.9375326 1.1697034 0.9189560 0.8975738 0.9253518 0.9058266 0.8318912 0.8596214 0.8187343 0.7676713 0.7567121 0.8798876 0.7299367 0.6803925 0.6186818 0.5976542 0.7949513 0.5712809 0.5800154 0.5922716 0.6496716 1.9798119 2.1082525 2.0555620 2.7344558 
01_AE.CN.02.YN0236.JX112866            0.6290607 0.6763099 0.6527433 0.7450080 0.8350623 0.8375767 0.8610050 0.5659215 0.5735425 0.5864357 0.5979882 0.5430519 0.5569315 0.6196888 0.8751252 0.8464814 0.9384757 0.8716138 0.8859784 0.8909463 0.8818984 0.8451270 0.8918422 0.9349118 1.0028968 0.9408555 0.8246941 0.8580481 0.8790171 0.8355915 0.8620799 0.6049320 0.0000000 0.1583477 0.2054867 0.3765652 0.2114788 0.2117468 0.2951990 0.2291298 0.2462665 0.4828530 0.5489226 0.4490158 0.5553224 0.5127326 0.5895357 0.9271395 0.9368661 0.9984675 1.0182268 0.9946723 0.9928252 0.9877210 0.9355984 0.9927349 0.9358728 0.9439936 0.9355582 0.9481599 0.9405727 0.8908187 0.9329914 1.0524895 0.9873127 0.9409505 0.9951417 0.9882634 0.9545431 0.9385611 0.9845468 0.9989408 0.9273028 0.9482583 0.9309582 0.9709718 1.2299105 0.9999768 0.9435936 0.9772578 0.9839007 0.9072497 0.9021784 0.8992338 0.8564660 0.8225140 0.9140883 0.7910269 0.7404690 0.6908304 0.6844363 0.8650954 0.6511338 0.6335672 0.6560975 0.7129080 2.1239937 2.1864935 2.1428922 2.8090411 
01_AE.TH.99.99TH_C4460.AY945726        0.6107224 0.6582978 0.6421785 0.7308059 0.8043709 0.8128245 0.8251679 0.5465161 0.5628284 0.5691279 0.5876317 0.5238161 0.5355627 0.6220906 0.8486276 0.8469293 0.9225752 0.8796773 0.8767479 0.8931765 0.8596191 0.8433143 0.8870445 0.9428532 0.9963714 0.9177224 0.8291676 0.8592048 0.8783692 0.8109427 0.8575702 0.5802025 0.1583477 0.0000000 0.2086828 0.3700313 0.2056472 0.2133262 0.2951112 0.2251858 0.2380255 0.4728354 0.5396255 0.4410638 0.5357242 0.5049023 0.5725014 0.9120367 0.9025842 0.9750563 0.9883210 0.9669252 0.9707978 0.9648817 0.9044581 0.9614293 0.9206655 0.9219357 0.9190795 0.9208284 0.9257923 0.8614095 0.9181471 1.0059159 0.9747103 0.9194131 0.9803512 0.9695813 0.9448570 0.9248155 0.9405462 0.9685580 0.9171553 0.9121690 0.9027739 0.9411527 1.1929930 0.9835294 0.9328612 0.9611410 0.9573299 0.8868819 0.8788460 0.8677390 0.8124053 0.8000103 0.8939908 0.7640247 0.7278756 0.6706218 0.6643464 0.8336700 0.6162854 0.6170289 0.6460021 0.7100394 2.0840453 2.1979593 2.1062642 2.8466137 
01_AE.CN.07.GX070143.JX112835          0.6565633 0.7310206 0.6891051 0.7844205 0.8469793 0.8847260 0.8904657 0.6024310 0.6022788 0.6204971 0.6497300 0.5798982 0.5968309 0.6787579 0.8904929 0.8764533 0.9566940 0.9096696 0.9076876 0.9315852 0.9071239 0.8740099 0.9492107 0.9763099 1.0396480 0.9809097 0.8645928 0.8759248 0.8979977 0.8412296 0.8773608 0.6274688 0.2054867 0.2086828 0.0000000 0.4183428 0.2458942 0.2525268 0.3368415 0.2611742 0.2817593 0.5353260 0.5980521 0.4938237 0.5929241 0.5566603 0.6273036 0.9614378 0.9649631 1.0399939 1.0543529 1.0355765 1.0451583 1.0623854 0.9839118 1.0540913 0.9769937 0.9968277 0.9868636 1.0273275 0.9813672 0.9410050 0.9856551 1.0752221 1.0388738 0.9933863 1.0576717 1.0518696 1.0367969 0.9761583 1.0252360 1.0416253 0.9788238 0.9679870 0.9701232 1.0215996 1.2434038 1.0543735 1.0048721 1.0146872 1.0140041 0.9346787 0.9557890 0.9230738 0.8606630 0.8749297 0.9720687 0.8165559 0.7699405 0.7286693 0.7105952 0.8849562 0.6866792 0.6819692 0.6966638 0.7647314 2.1482149 2.2449692 2.1323070 2.8800342 
69_01B.JP.05.05JPMYC113SP420.LC027100  0.8082684 0.8467116 0.8639153 0.9207887 1.0305280 1.0167363 1.0301054 0.7577156 0.7668984 0.7960748 0.8085333 0.7443112 0.7622987 0.8327844 1.1047403 1.0394172 1.1347321 1.0820380 1.0810894 1.1373152 1.0894240 1.0521203 1.0721132 1.1600239 1.1987730 1.1621374 1.0296794 1.0492256 1.0786068 1.0182316 1.0833539 0.7967612 0.3765652 0.3700313 0.4183428 0.0000000 0.4070483 0.4237851 0.4878939 0.4084620 0.4439617 0.6686034 0.7420875 0.6578811 0.7583968 0.7181358 0.7954970 1.1260638 1.1166802 1.2082166 1.1917342 1.1762140 1.1614551 1.1673908 1.1334576 1.1707830 1.1198202 1.1131894 1.1457120 1.1192631 1.1228683 1.0774480 1.1399540 1.2030307 1.1791422 1.1267243 1.1505998 1.1412301 1.1309760 1.1288032 1.1528430 1.1456531 1.1102910 1.1358549 1.1148473 1.1599173 1.4229392 1.2205796 1.1352394 1.1619501 1.2024558 1.1032947 1.0736435 1.0773788 1.0327289 0.9990315 1.1122245 0.9837376 0.9407125 0.8717018 0.8640605 1.0323430 0.8254463 0.8273944 0.8496576 0.9212493 2.3636860 2.4484072 2.3736909 3.0137799 
01_AE.TH.07.AA030a04.JX447057          0.6706580 0.7188060 0.6881960 0.7673277 0.8660855 0.8641539 0.8735704 0.5806097 0.6039673 0.6053742 0.6371131 0.5677220 0.5899069 0.6615520 0.9248662 0.8783617 0.9704812 0.9237163 0.9335951 0.9377804 0.9292470 0.8952936 0.9322942 1.0034319 1.0481027 0.9817778 0.8670430 0.9032928 0.9262486 0.8656154 0.8817581 0.6193522 0.2114788 0.2056472 0.2458942 0.4070483 0.0000000 0.2326320 0.3271073 0.2534493 0.2698998 0.5164008 0.5582895 0.4727096 0.5782388 0.5447088 0.6051717 0.9503846 0.9474711 0.9968386 1.0259076 1.0059326 0.9895443 1.0103368 0.9287111 1.0101773 0.9534067 0.9844391 0.9655893 0.9795524 0.9575159 0.9113941 0.9606380 1.0590817 1.0103971 0.9605415 1.0341997 1.0243262 0.9966285 0.9512587 0.9939442 1.0107633 0.9485789 0.9464573 0.9404041 0.9742203 1.2393017 1.0259733 0.9744750 1.0082678 1.0081156 0.9094331 0.9283085 0.9238687 0.8664451 0.8496654 0.9778591 0.8174675 0.7606302 0.7168429 0.7082771 0.9041545 0.6640130 0.6684107 0.6858395 0.7622669 2.1763205 2.2845989 2.2032737 2.8475910 
01_AE.CN.07.07CNYN326.KF835513         0.6611459 0.7197469 0.6900487 0.7715912 0.8587257 0.8617232 0.8877156 0.5992999 0.5978234 0.6017156 0.6239834 0.5657352 0.5872965 0.6628819 0.9072055 0.8781538 0.9513513 0.9027717 0.9122841 0.9249801 0.8979705 0.8638229 0.9047776 0.9745624 1.0174131 0.9422753 0.8416917 0.8837844 0.9111413 0.8403691 0.8782417 0.6234677 0.2117468 0.2133262 0.2525268 0.4237851 0.2326320 0.0000000 0.3333072 0.2556103 0.2769312 0.5160323 0.5848153 0.4714124 0.5709615 0.5330666 0.6157114 0.9731039 0.9560660 1.0442800 1.0510169 1.0394137 1.0321365 1.0217834 0.9518901 0.9991879 0.9729593 0.9662003 0.9939599 1.0099871 0.9707893 0.9196112 0.9624751 1.0806758 1.0102267 0.9955400 1.0199240 1.0175732 0.9991305 0.9748818 0.9821285 1.0179494 0.9596347 0.9548959 0.9455956 0.9990821 1.2356247 1.0234434 0.9979125 1.0156522 1.0163565 0.9265707 0.9443825 0.9217106 0.8718906 0.8536283 0.9656804 0.8192284 0.7691807 0.7075594 0.7000222 0.8750444 0.6808926 0.6630965 0.6933768 0.7640322 2.1961046 2.2528410 2.1434965 2.8998231 
