93
SUDV_H.sap-xx_UGA_12_EboSud-603_KC545390                   0.0000000 0.0002079 1.7954462 1.7889360 1.7972275 1.8892520 1.8892897 1.8933787 1.8933632 1.8931679 1.8927149 1.8972750 1.8958457 1.8941789 1.8941444 1.8942187 1.8929778 1.8962894 1.8962964 1.8939947 1.8951032 1.8934731 1.8933668 1.8926295 1.8931206 1.8966441 1.8959579 1.8964953 1.8943332 1.8941886 1.8925471 1.8962224 1.8962224 1.8943300 1.8935879 1.8915838 1.8909242 1.8928766 1.8929147 1.8959417 1.8933041 1.8938682 1.8936297 1.8912008 1.8937476 1.8917869 1.8939557 1.8939557 1.8928683 1.8938229 1.8937385 1.8954969 1.8938832 1.8933342 1.8930640 1.8940592 1.8913174 1.8933471 1.8933471 1.8947243 1.8932270 1.8931151 1.8931151 1.8939164 1.8936499 1.8928432 1.8931555 1.8929175 1.8929175 1.8933138 1.8922756 1.8928682 1.8931163 1.8931163 1.8884356 1.8890403 1.8885404 1.8879411 1.8880004 1.8863181 1.8863181 1.8895974 1.8885131 1.8696503 1.8659989 1.8669917 1.8661909 1.8754637 1.8679290 1.8648240 1.8652340 2.1339066 2.0888090 
SUDV_H.sap-xx_UGA_12_EboSud-609_KC545391                   0.0002079 0.0000000 1.7954097 1.7885070 1.7967988 1.8894154 1.8894532 1.8935418 1.8935263 1.8933310 1.8928782 1.8974378 1.8960087 1.8943420 1.8943075 1.8943818 1.8931410 1.8964523 1.8964594 1.8941578 1.8952661 1.8936363 1.8935298 1.8927927 1.8932838 1.8968071 1.8961209 1.8966582 1.8944963 1.8943516 1.8927103 1.8963854 1.8963854 1.8944931 1.8937510 1.8917470 1.8910874 1.8930397 1.8930778 1.8961046 1.8934673 1.8940312 1.8937928 1.8913640 1.8939106 1.8919501 1.8941188 1.8941188 1.8930313 1.8939860 1.8939015 1.8956599 1.8940463 1.8934973 1.8932271 1.8942223 1.8914806 1.8935103 1.8935103 1.8948874 1.8933901 1.8932782 1.8932782 1.8940795 1.8938130 1.8930064 1.8933186 1.8930807 1.8930807 1.8934770 1.8924388 1.8930313 1.8932794 1.8932794 1.8885990 1.8892037 1.8887038 1.8881045 1.8881638 1.8864816 1.8864816 1.8897607 1.8886765 1.8698150 1.8661637 1.8671566 1.8663557 1.8756278 1.8680938 1.8649889 1.8653987 2.1336455 2.0883561 
RESTV_S.dom-xx_PHL_08_Reston08-C_FJ621584                  1.7954462 1.7954097 0.0000000 0.0311784 0.0493450 1.7830361 1.7842513 1.7898804 1.7881114 1.7899115 1.7880390 1.7911962 1.7889916 1.7847720 1.7845378 1.7846768 1.7835659 1.7914892 1.7884250 1.7887587 1.7879681 1.7885352 1.7878324 1.7891570 1.7878972 1.7909328 1.7904485 1.7888203 1.7875504 1.7885761 1.7878808 1.7897099 1.7897099 1.7881049 1.7888599 1.7875217 1.7859214 1.7870047 1.7865185 1.7893874 1.7884416 1.7878299 1.7885893 1.7867286 1.7872959 1.7859393 1.7872193 1.7872193 1.7868701 1.7893894 1.7888243 1.7886995 1.7885014 1.7897685 1.7877401 1.7885297 1.7864437 1.7901744 1.7901744 1.7891297 1.7879174 1.7878742 1.7878742 1.7871341 1.7879607 1.7874721 1.7870437 1.7877248 1.7877248 1.7873384 1.7868083 1.7872964 1.7875311 1.7875311 1.7849931 1.7849932 1.7834755 1.7850532 1.7851174 1.7825522 1.7825522 1.7840142 1.7846716 1.7757843 1.7785367 1.7755217 1.7762818 1.7772737 1.7742320 1.7734034 1.7765304 1.9981730 2.0032848 
RESTV_M.fas-tc_USA_89_Philippines89-Pennsylvania_NC_004161 1.7889360 1.7885070 0.0311784 0.0000000 0.0249052 1.7811891 1.7822231 1.7873229 1.7855569 1.7873535 1.7858718 1.7893601 1.7870008 1.7827454 1.7825114 1.7826501 1.7815408 1.7894506 1.7863909 1.7864052 1.7859347 1.7865008 1.7863213 1.7856656 1.7844085 1.7888945 1.7884112 1.7867860 1.7849962 1.7865417 1.7855960 1.7876731 1.7876731 1.7860267 1.7868244 1.7854892 1.7838905 1.7849731 1.7844872 1.7873528 1.7864078 1.7857970 1.7863536 1.7846971 1.7852636 1.7839092 1.7851878 1.7851878 1.7848386 1.7873548 1.7862684 1.7866652 1.7864673 1.7877317 1.7857075 1.7864956 1.7858682 1.7881372 1.7881372 1.7870942 1.7858847 1.7858414 1.7858414 1.7851026 1.7859269 1.7854396 1.7850114 1.7856922 1.7856922 1.7853059 1.7862324 1.7852693 1.7854985 1.7854985 1.7834907 1.7834914 1.7814476 1.7830246 1.7825663 1.7785538 1.7785538 1.7819862 1.7826422 1.7744908 1.7770750 1.7742734 1.7750320 1.7830939 1.7767740 1.7757706 1.7803933 2.0054919 1.9954837 
RESTV_S.dom-tc_PHL_08_Reston08-A_FJ621583                  1.7972275 1.7967988 0.0493450 0.0249052 0.0000000 1.7911270 1.7921733 1.7978132 1.7960363 1.7993143 1.7958396 1.7993494 1.7969764 1.7924791 1.7922444 1.7923841 1.7912693 1.7994392 1.7963631 1.7968900 1.7955178 1.7962600 1.7958783 1.7970977 1.7963575 1.7988829 1.7983953 1.7967580 1.7954747 1.7965147 1.7955617 1.7976563 1.7976563 1.7960423 1.7969809 1.7954546 1.7938509 1.7945196 1.7940329 1.7973257 1.7963345 1.7957640 1.7963212 1.7946591 1.7952285 1.7938658 1.7951492 1.7951492 1.7948004 1.7973275 1.7967532 1.7966378 1.7964393 1.7977146 1.7956735 1.7964675 1.7958331 1.7981214 1.7981214 1.7970718 1.7958509 1.7958079 1.7958079 1.7950637 1.7958980 1.7954058 1.7949770 1.7956582 1.7956582 1.7952719 1.7962034 1.7952352 1.7954646 1.7954646 1.7943926 1.7943887 1.7910767 1.7929754 1.7925167 1.7884798 1.7884798 1.7919359 1.7925973 1.7814460 1.7840466 1.7812279 1.7819905 1.7882405 1.7823286 1.7811330 1.7856101 2.0100949 2.0184529 
EBOV_H.sap-wt_GIN_14_Makona-Gueckedou-EM_080076_KR817235   1.8892520 1.8894154 1.7830361 1.7811891 1.7911270 0.0000000 0.0024502 0.0033244 0.0033245 0.0035819 0.0034793 0.0031192 0.0034798 0.0028627 0.0028114 0.0029653 0.0029140 0.0031709 0.0033769 0.0034271 0.0030678 0.0029140 0.0030668 0.0029655 0.0031194 0.0030173 0.0029656 0.0029656 0.0032736 0.0027597 0.0029655 0.0029141 0.0029141 0.0029139 0.0029145 0.0029148 0.0027074 0.0026562 0.0028614 0.0031713 0.0029662 0.0029651 0.0029650 0.0021440 0.0027593 0.0024000 0.0028626 0.0028626 0.0028113 0.0029139 0.0029138 0.0028635 0.0027600 0.0029659 0.0028112 0.0028635 0.0028629 0.0028120 0.0028120 0.0027093 0.0028112 0.0027087 0.0027087 0.0027600 0.0027087 0.0027086 0.0027086 0.0026574 0.0026574 0.0026574 0.0026574 0.0026574 0.0026061 0.0026061 0.0027577 0.0027576 0.0020918 0.0020922 0.0021945 0.0021949 0.0021949 0.0019899 0.0021436 0.0336328 0.0333953 0.0332248 0.0331688 0.0338466 0.0361353 0.0381702 0.0385859 1.3181905 1.2849465 
EBOV_H.sap-wt_GIN_14_Makona-Gueckedou-EM_079702_KR817210   1.8892897 1.8894532 1.7842513 1.7822231 1.7921733 0.0024502 0.0000000 0.0027588 0.0027589 0.0030157 0.0029133 0.0025539 0.0029138 0.0022979 0.0022467 0.0024003 0.0023491 0.0026055 0.0027084 0.0028613 0.0025026 0.0023491 0.0025018 0.0024005 0.0025541 0.0024521 0.0024006 0.0024006 0.0027080 0.0021952 0.0024005 0.0023492 0.0023492 0.0023490 0.0023495 0.0023498 0.0021432 0.0020921 0.0022968 0.0026058 0.0024010 0.0024002 0.0024001 0.0015808 0.0021949 0.0018363 0.0022978 0.0022978 0.0022466 0.0023490 0.0023489 0.0022986 0.0021954 0.0024008 0.0022466 0.0022986 0.0022981 0.0022472 0.0022472 0.0021447 0.0022465 0.0021442 0.0021442 0.0021954 0.0021442 0.0021442 0.0021441 0.0020930 0.0020930 0.0020930 0.0020930 0.0020930 0.0020418 0.0020418 0.0021935 0.0021935 0.0015290 0.0015292 0.0016314 0.0016317 0.0016317 0.0014271 0.0015805 0.0330076 0.0328846 0.0326006 0.0325447 0.0331110 0.0354459 0.0374765 0.0378911 1.3185431 1.2826030 
EBOV_H.sap-wt_SLE_14_Makona-PortLoko-J0083_KP759752        1.8933787 1.8935418 1.7898804 1.7873229 1.7978132 0.0033244 0.0027588 0.0000000 0.0003052 0.0005597 0.0015801 0.0016324 0.0015803 0.0013769 0.0013259 0.0014791 0.0014280 0.0012737 0.0014781 0.0009161 0.0011707 0.0014280 0.0015807 0.0008652 0.0010179 0.0011198 0.0010689 0.0010689 0.0007633 0.0012746 0.0010689 0.0010179 0.0010179 0.0010179 0.0010179 0.0010179 0.0012231 0.0011721 0.0013763 0.0010689 0.0008652 0.0008652 0.0008652 0.0011720 0.0009670 0.0009161 0.0009670 0.0009670 0.0009161 0.0008142 0.0004070 0.0009670 0.0008652 0.0010689 0.0009161 0.0007633 0.0007633 0.0009161 0.0009161 0.0008142 0.0007124 0.0006106 0.0006106 0.0006615 0.0008142 0.0008142 0.0008142 0.0007633 0.0007633 0.0007633 0.0007633 0.0007633 0.0007124 0.0007124 0.0025024 0.0025024 0.0023484 0.0018371 0.0019394 0.0019398 0.0019398 0.0017349 0.0018885 0.0334168 0.0332935 0.0330090 0.0329530 0.0336309 0.0359704 0.0380045 0.0384200 1.3186533 1.2839907 
EBOV_H.sap-wt_SLE_14_Makona-J0158_KP759700                 1.8933632 1.8935263 1.7881114 1.7855569 1.7960363 0.0033245 0.0027589 0.0003052 0.0000000 0.0005597 0.0015801 0.0016324 0.0015804 0.0013770 0.0013259 0.0014791 0.0014281 0.0012737 0.0014781 0.0009161 0.0011707 0.0014281 0.0015808 0.0008652 0.0010179 0.0011208 0.0010689 0.0010689 0.0007633 0.0012746 0.0010689 0.0010179 0.0010179 0.0010179 0.0010179 0.0010179 0.0012231 0.0011721 0.0013763 0.0010689 0.0008652 0.0008652 0.0008652 0.0011721 0.0009670 0.0009161 0.0009670 0.0009670 0.0009161 0.0008142 0.0004070 0.0009670 0.0008652 0.0010689 0.0009161 0.0007633 0.0007633 0.0009161 0.0009161 0.0008142 0.0007124 0.0006106 0.0006106 0.0006615 0.0008142 0.0008142 0.0008142 0.0007633 0.0007633 0.0007633 0.0007633 0.0007633 0.0007124 0.0007124 0.0025025 0.0025025 0.0023485 0.0018371 0.0019395 0.0019399 0.0019399 0.0017349 0.0018886 0.0334176 0.0332943 0.0330098 0.0329538 0.0336317 0.0359713 0.0380055 0.0384210 1.3190168 1.2849853 
EBOV_H.sap-wt_SLE_14_Makona-J0119_KP759667                 1.8931679 1.8933310 1.7899115 1.7873535 1.7993143 0.0035819 0.0030157 0.0005597 0.0005597 0.0000000 0.0018358 0.0018884 0.0018361 0.0016327 0.0015816 0.0017350 0.0016839 0.0015292 0.0017338 0.0011707 0.0014268 0.0016838 0.0018366 0.0011208 0.0012739 0.0013762 0.0013250 0.0013250 0.0010179 0.0015303 0.0013249 0.0012738 0.0012738 0.0012737 0.0012740 0.0012742 0.0014786 0.0014276 0.0016320 0.0013252 0.0011211 0.0011198 0.0011198 0.0014275 0.0012233 0.0011722 0.0012227 0.0012227 0.0011707 0.0010689 0.0006615 0.0012231 0.0011198 0.0013251 0.0011707 0.0010190 0.0010179 0.0011720 0.0011720 0.0010699 0.0009670 0.0008652 0.0008652 0.0009161 0.0010689 0.0010689 0.0010689 0.0010179 0.0010179 0.0010179 0.0010179 0.0010179 0.0009670 0.0009670 0.0027591 0.0027591 0.0026050 0.0020933 0.0021957 0.0021961 0.0021961 0.0019910 0.0021448 0.0337016 0.0335782 0.0332934 0.0332374 0.0339154 0.0361977 0.0382932 0.0387092 1.3175584 1.2859911 
EBOV_H.sap-wt_SLE_14_Makona-J0150_KP759696                 1.8927149 1.8928782 1.7880390 1.7858718 1.7958396 0.0034793 0.0029133 0.0015801 0.0015801 0.0018358 0.0000000 0.0017862 0.0017340 0.0015306 0.0014795 0.0016328 0.0015817 0.0014271 0.0016317 0.0016822 0.0013248 0.0015817 0.0017345 0.0012229 0.0013760 0.0012742 0.0012230 0.0012230 0.0015293 0.0014282 0.0012229 0.0011719 0.0011719 0.0011718 0.0011720 0.0011722 0.0013766 0.0013255 0.0015299 0.0014273 0.0012232 0.0012228 0.0012227 0.0013255 0.0011213 0.0010702 0.0010179 0.0010179 0.0010689 0.0011718 0.0011707 0.0011211 0.0010179 0.0012231 0.0009670 0.0011211 0.0011209 0.0010700 0.0010700 0.0009670 0.0010689 0.0009670 0.0009670 0.0010179 0.0009670 0.0009670 0.0009670 0.0008142 0.0008142 0.0009161 0.0009161 0.0009161 0.0008652 0.0008652 0.0026568 0.0026568 0.0025027 0.0019911 0.0020935 0.0020939 0.0020939 0.0018888 0.0020425 0.0334814 0.0333580 0.0330734 0.0330174 0.0336954 0.0360360 0.0380709 0.0384867 1.3209020 1.2853006 
EBOV_H.sap-wt_GIN_14_Makona-Macenta-EM_000982_KR817086     1.8972750 1.8974378 1.7911962 1.7893601 1.7993494 0.0031192 0.0025539 0.0016324 0.0016324 0.0018884 0.0017862 0.0000000 0.0017865 0.0011727 0.0011216 0.0012748 0.0012238 0.0014793 0.0016841 0.0017346 0.0013769 0.0012238 0.0013765 0.0012749 0.0014281 0.0013262 0.0012750 0.0012750 0.0015815 0.0010704 0.0012749 0.0012238 0.0012238 0.0012237 0.0012240 0.0012241 0.0010190 0.0009680 0.0011722 0.0014795 0.0012752 0.0012748 0.0012747 0.0009670 0.0010703 0.0007124 0.0011726 0.0011726 0.0010195 0.0012237 0.0012237 0.0011730 0.0010705 0.0012751 0.0011216 0.0010709 0.0011728 0.0011219 0.0011219 0.0010197 0.0011216 0.0010195 0.0010195 0.0010706 0.0010195 0.0010195 0.0010195 0.0009685 0.0009685 0.0009685 0.0009685 0.0009685 0.0009174 0.0009174 0.0022977 0.0022976 0.0021438 0.0016326 0.0017349 0.0017353 0.0017353 0.0015305 0.0016840 0.0332559 0.0331327 0.0328483 0.0327923 0.0333576 0.0358092 0.0378430 0.0382584 1.3175563 1.2852830 
EBOV_H.sap-wt_GIN_14_Makona-Kankan-EM_078639_KR817166      1.8958457 1.8960087 1.7889916 1.7870008 1.7969764 0.0034798 0.0029138 0.0015803 0.0015804 0.0018361 0.0017340 0.0017865 0.0000000 0.0015308 0.0014797 0.0016331 0.0015820 0.0010179 0.0008142 0.0016825 0.0012230 0.0015819 0.0017347 0.0012231 0.0013762 0.0012744 0.0012232 0.0006106 0.0015295 0.0014284 0.0012231 0.0008652 0.0008652 0.0009670 0.0011722 0.0011723 0.0013768 0.0013257 0.0015301 0.0014275 0.0012234 0.0012230 0.0012229 0.0013257 0.0011214 0.0010704 0.0011209 0.0011209 0.0010699 0.0011719 0.0011719 0.0011213 0.0010179 0.0012233 0.0010699 0.0011213 0.0011211 0.0010702 0.0010702 0.0009681 0.0010689 0.0009670 0.0009670 0.0010179 0.0009670 0.0009670 0.0009670 0.0009161 0.0009161 0.0009161 0.0009161 0.0009161 0.0008652 0.0008652 0.0026572 0.0026572 0.0025031 0.0019914 0.0020938 0.0020942 0.0020942 0.0018891 0.0020428 0.0335979 0.0334745 0.0331898 0.0331337 0.0338119 0.0361536 0.0381894 0.0386054 1.3182711 1.2850280 
EBOV_H.sap-wt_GIN_15_Makona-Faranah-EM_004503_KR817102     1.8941789 1.8943420 1.7847720 1.7827454 1.7924791 0.0028627 0.0022979 0.0013769 0.0013770 0.0016327 0.0015306 0.0011727 0.0015308 0.0000000 0.0000509 0.0004070 0.0003561 0.0012239 0.0014285 0.0014791 0.0011216 0.0007644 0.0009171 0.0010197 0.0011728 0.0010709 0.0010197 0.0010197 0.0013261 0.0008154 0.0010197 0.0009686 0.0009686 0.0009685 0.0009687 0.0009688 0.0007633 0.0005088 0.0007124 0.0012241 0.0010199 0.0010195 0.0010195 0.0007124 0.0008142 0.0004579 0.0009175 0.0009175 0.0008664 0.0009685 0.0009685 0.0009178 0.0008154 0.0010198 0.0008664 0.0009178 0.0009176 0.0008667 0.0008667 0.0007646 0.0008664 0.0007644 0.0007644 0.0008154 0.0007644 0.0007644 0.0007644 0.0007124 0.0007124 0.0007124 0.0007124 0.0007124 0.0006615 0.0006615 0.0020418 0.0020418 0.0018880 0.0013771 0.0014794 0.0014797 0.0014797 0.0012750 0.0014284 0.0328076 0.0326847 0.0324007 0.0323447 0.0331332 0.0354176 0.0374493 0.0378641 1.3199238 1.2845940 
EBOV_H.sap-wt_GIN_15_Makona-Kissidougou-EM_004555_KR817103 1.8941444 1.8943075 1.7845378 1.7825114 1.7922444 0.0028114 0.0022467 0.0013259 0.0013259 0.0015816 0.0014795 0.0011216 0.0014797 0.0000509 0.0000000 0.0003561 0.0003052 0.0011729 0.0013774 0.0014280 0.0010706 0.0007134 0.0008652 0.0009686 0.0011217 0.0010198 0.0009687 0.0009686 0.0012750 0.0007643 0.0009686 0.0009175 0.0009175 0.0009175 0.0009177 0.0009178 0.0007124 0.0004579 0.0006615 0.0011730 0.0009688 0.0009685 0.0009685 0.0006615 0.0007633 0.0004070 0.0008664 0.0008664 0.0008154 0.0009175 0.0009174 0.0008667 0.0007644 0.0009688 0.0008154 0.0008667 0.0008666 0.0008156 0.0008156 0.0007136 0.0008154 0.0007124 0.0007124 0.0007644 0.0007134 0.0007124 0.0007124 0.0006615 0.0006615 0.0006615 0.0006615 0.0006615 0.0006106 0.0006106 0.0019906 0.0019906 0.0018369 0.0013261 0.0014283 0.0014285 0.0014285 0.0012240 0.0013774 0.0327521 0.0326292 0.0323453 0.0322894 0.0330778 0.0353618 0.0373933 0.0378080 1.3199228 1.2845945 
EBOV_H.sap-wt_LBR_14_Makona-Foya-EM_074353_KR817112        1.8942187 1.8943818 1.7846768 1.7826501 1.7923841 0.0029653 0.0024003 0.0014791 0.0014791 0.0017350 0.0016328 0.0012748 0.0016331 0.0004070 0.0003561 0.0000000 0.0001526 0.0013261 0.0015307 0.0015813 0.0012237 0.0008664 0.0010192 0.0011217 0.0012749 0.0011730 0.0011218 0.0011218 0.0014282 0.0009174 0.0011217 0.0010706 0.0010706 0.0010706 0.0010708 0.0010709 0.0008652 0.0006106 0.0008142 0.0013262 0.0011220 0.0011216 0.0011216 0.0008142 0.0009172 0.0005597 0.0010195 0.0010195 0.0009685 0.0010706 0.0010705 0.0010199 0.0009175 0.0011219 0.0009685 0.0010199 0.0010197 0.0009687 0.0009687 0.0008666 0.0009685 0.0008664 0.0008664 0.0009175 0.0008664 0.0008664 0.0008664 0.0008154 0.0008154 0.0008154 0.0008154 0.0008154 0.0007644 0.0007644 0.0021441 0.0021441 0.0019903 0.0014793 0.0015816 0.0015819 0.0015819 0.0013772 0.0015307 0.0329184 0.0327954 0.0325114 0.0324554 0.0332439 0.0355290 0.0375613 0.0379762 1.3191846 1.2851316 
EBOV_H.sap-wt_LBR_14_Makona-Foya-EM_074350_KR817109        1.8929778 1.8931410 1.7835659 1.7815408 1.7912693 0.0029140 0.0023491 0.0014280 0.0014281 0.0016839 0.0015817 0.0012238 0.0015820 0.0003561 0.0003052 0.0001526 0.0000000 0.0012750 0.0014796 0.0015302 0.0011727 0.0008155 0.0009682 0.0010707 0.0012239 0.0011220 0.0010708 0.0010708 0.0013772 0.0008664 0.0010707 0.0010196 0.0010196 0.0010196 0.0010198 0.0010199 0.0008142 0.0005597 0.0007633 0.0012752 0.0010710 0.0010706 0.0010705 0.0007633 0.0008662 0.0005088 0.0009685 0.0009685 0.0009175 0.0010196 0.0010195 0.0009688 0.0008665 0.0010709 0.0009175 0.0009688 0.0009686 0.0009177 0.0009177 0.0008156 0.0009175 0.0008154 0.0008154 0.0008665 0.0008154 0.0008154 0.0008154 0.0007644 0.0007644 0.0007644 0.0007644 0.0007644 0.0007134 0.0007134 0.0020930 0.0020930 0.0019392 0.0014283 0.0015305 0.0015308 0.0015308 0.0013261 0.0014796 0.0328640 0.0327410 0.0324570 0.0324010 0.0331895 0.0354743 0.0375064 0.0379213 1.3195124 1.2851973 
EBOV_H.sap-wt_GIN_14_Makona-Beyla-EM_075931_KR817138       1.8962894 1.8964523 1.7914892 1.7894506 1.7994392 0.0031709 0.0026055 0.0012737 0.0012737 0.0015292 0.0014271 0.0014793 0.0010179 0.0012239 0.0011729 0.0013261 0.0012750 0.0000000 0.0009161 0.0013757 0.0009161 0.0012750 0.0014277 0.0009161 0.0010689 0.0009670 0.0009161 0.0005088 0.0012229 0.0011216 0.0009161 0.0005597 0.0005597 0.0006615 0.0008652 0.0008652 0.0010702 0.0010192 0.0012234 0.0011210 0.0009161 0.0009161 0.0009161 0.0010191 0.0008142 0.0007633 0.0008142 0.0008142 0.0007633 0.0008652 0.0008652 0.0008142 0.0007124 0.0009161 0.0007633 0.0008142 0.0008142 0.0007633 0.0007633 0.0006615 0.0007633 0.0006615 0.0006615 0.0007124 0.0006615 0.0006615 0.0006615 0.0006106 0.0006106 0.0006106 0.0006106 0.0006106 0.0005597 0.0005597 0.0023492 0.0023492 0.0021952 0.0016840 0.0017863 0.0017866 0.0017866 0.0015818 0.0017354 0.0331450 0.0330219 0.0327376 0.0326816 0.0333595 0.0356977 0.0377309 0.0381461 1.3203935 1.2855700 
EBOV_H.sap-wt_GIN_14_Makona-Faranah-EM_078415_KR817160     1.8962964 1.8964594 1.7884250 1.7863909 1.7963631 0.0033769 0.0027084 0.0014781 0.0014781 0.0017338 0.0016317 0.0016841 0.0008142 0.0014285 0.0013774 0.0015307 0.0014796 0.0009161 0.0000000 0.0015802 0.0010689 0.0014796 0.0016324 0.0011210 0.0012741 0.0011722 0.0011210 0.0005088 0.0014273 0.0013261 0.0011210 0.0007633 0.0007633 0.0008652 0.0010701 0.0010702 0.0012746 0.0012235 0.0014279 0.0013253 0.0011213 0.0011208 0.0011208 0.0012235 0.0010193 0.0009683 0.0010179 0.0010179 0.0009670 0.0010689 0.0010689 0.0010192 0.0009161 0.0011212 0.0009670 0.0010192 0.0010190 0.0009681 0.0009681 0.0008652 0.0009670 0.0008652 0.0008652 0.0009161 0.0008652 0.0008652 0.0008652 0.0008142 0.0008142 0.0008142 0.0008142 0.0008142 0.0007633 0.0007633 0.0025545 0.0025545 0.0024005 0.0018889 0.0019913 0.0019917 0.0019917 0.0017866 0.0019403 0.0334849 0.0333615 0.0330769 0.0330208 0.0336990 0.0360398 0.0380750 0.0384908 1.3191180 1.2842213 
EBOV_H.sap-wt_SLE_14_Makona-J0128_KP759677                 1.8939947 1.8941578 1.7887587 1.7864052 1.7968900 0.0034271 0.0028613 0.0009161 0.0009161 0.0011707 0.0016822 0.0017346 0.0016825 0.0014791 0.0014280 0.0015813 0.0015302 0.0013757 0.0015802 0.0000000 0.0012726 0.0015302 0.0016829 0.0009670 0.0011198 0.0012228 0.0011707 0.0011707 0.0008652 0.0013767 0.0011707 0.0011198 0.0011198 0.0011198 0.0011198 0.0011208 0.0013251 0.0012741 0.0014784 0.0011718 0.0009670 0.0009670 0.0009670 0.0012741 0.0010700 0.0010190 0.0010689 0.0010689 0.0010179 0.0009161 0.0005088 0.0010689 0.0009670 0.0011718 0.0010179 0.0008652 0.0008652 0.0010179 0.0010179 0.0009161 0.0008142 0.0007124 0.0007124 0.0007633 0.0009161 0.0009161 0.0009161 0.0008652 0.0008652 0.0008652 0.0008652 0.0008652 0.0008142 0.0008142 0.0026049 0.0026048 0.0024508 0.0019394 0.0020417 0.0020421 0.0020421 0.0018371 0.0019908 0.0335277 0.0334043 0.0331198 0.0330637 0.0337416 0.0360818 0.0380644 0.0384800 1.3186200 1.2854464 
EBOV_H.sap-wt_SLE_14_Makona-G5640_1_KR105313               1.8951032 1.8952661 1.7879681 1.7859347 1.7955178 0.0030678 0.0025026 0.0011707 0.0011707 0.0014268 0.0013248 0.0013769 0.0012230 0.0011216 0.0010706 0.0012237 0.0011727 0.0009161 0.0010689 0.0012726 0.0000000 0.0011727 0.0013254 0.0008142 0.0009670 0.0008652 0.0008142 0.0007124 0.0011198 0.0010194 0.0008142 0.0007633 0.0007633 0.0007633 0.0007633 0.0007633 0.0009670 0.0009161 0.0011211 0.0010179 0.0008142 0.0008142 0.0008142 0.0009161 0.0007124 0.0006615 0.0007124 0.0007124 0.0006615 0.0007633 0.0007633 0.0007124 0.0006106 0.0008142 0.0006615 0.0007124 0.0007124 0.0006615 0.0006615 0.0005597 0.0006615 0.0005597 0.0005597 0.0006106 0.0005597 0.0005597 0.0005597 0.0005088 0.0005088 0.0005088 0.0005088 0.0005088 0.0004579 0.0004579 0.0022464 0.0022464 0.0020926 0.0015815 0.0016838 0.0016841 0.0016841 0.0014793 0.0016328 0.0331393 0.0330162 0.0327319 0.0326760 0.0333538 0.0356915 0.0377243 0.0381395 1.3190033 1.2851340 
EBOV_H.sap-wt_GIN_14_Makona-Macenta-EM_076322_KR817145     1.8934731 1.8936363 1.7885352 1.7865008 1.7962600 0.0029140 0.0023491 0.0014280 0.0014281 0.0016838 0.0015817 0.0012238 0.0015819 0.0007644 0.0007134 0.0008664 0.0008155 0.0012750 0.0014796 0.0015302 0.0011727 0.0000000 0.0008652 0.0010707 0.0012239 0.0011219 0.0010708 0.0010707 0.0013772 0.0008664 0.0010707 0.0010196 0.0010196 0.0010195 0.0010198 0.0010199 0.0008142 0.0004579 0.0006615 0.0012752 0.0010710 0.0010706 0.0010705 0.0007633 0.0008662 0.0005088 0.0009685 0.0009685 0.0009175 0.0010195 0.0010195 0.0009688 0.0008664 0.0010709 0.0009175 0.0009688 0.0009686 0.0009177 0.0009177 0.0008156 0.0009174 0.0008154 0.0008154 0.0008665 0.0008154 0.0008154 0.0008154 0.0007644 0.0007644 0.0007644 0.0007644 0.0007644 0.0007124 0.0007124 0.0020425 0.0020425 0.0019392 0.0014283 0.0015305 0.0015308 0.0015308 0.0013261 0.0014796 0.0328091 0.0326862 0.0324022 0.0323462 0.0332473 0.0354806 0.0375130 0.0379279 1.3180967 1.2847914 
EBOV_H.sap-wt_GIN_14_Makona-Nzerekore-EM_074437_KR817117   1.8933668 1.8935298 1.7878324 1.7863213 1.7958783 0.0030668 0.0025018 0.0015807 0.0015808 0.0018366 0.0017345 0.0013765 0.0017347 0.0009171 0.0008652 0.0010192 0.0009682 0.0014277 0.0016324 0.0016829 0.0013254 0.0008652 0.0000000 0.0012234 0.0013766 0.0012747 0.0012235 0.0012235 0.0015299 0.0010191 0.0012234 0.0011723 0.0011723 0.0011723 0.0011725 0.0011726 0.0009670 0.0004070 0.0006106 0.0014279 0.0012237 0.0012233 0.0012232 0.0009161 0.0010179 0.0006615 0.0011212 0.0011212 0.0010702 0.0011722 0.0011722 0.0011216 0.0010192 0.0012236 0.0010702 0.0011216 0.0011214 0.0010705 0.0010705 0.0009684 0.0010701 0.0009681 0.0009681 0.0010192 0.0009681 0.0009681 0.0009681 0.0009171 0.0009171 0.0009171 0.0009171 0.0009171 0.0008652 0.0008652 0.0022457 0.0022457 0.0020919 0.0015810 0.0016832 0.0016835 0.0016835 0.0014788 0.0016323 0.0330772 0.0329541 0.0326700 0.0326140 0.0332912 0.0356881 0.0377208 0.0381359 1.3182409 1.2835317 
EBOV_H.sap-wt_SLE_14_Makona-J0117_KP759665                 1.8926295 1.8927927 1.7891570 1.7856656 1.7970977 0.0029655 0.0024005 0.0008652 0.0008652 0.0011208 0.0012229 0.0012749 0.0012231 0.0010197 0.0009686 0.0011217 0.0010707 0.0009161 0.0011210 0.0009670 0.0008142 0.0010707 0.0012234 0.0000000 0.0002544 0.0007633 0.0007124 0.0007124 0.0008142 0.0009175 0.0007124 0.0006615 0.0006615 0.0006615 0.0006615 0.0006615 0.0008652 0.0008142 0.0010192 0.0007124 0.0005088 0.0005088 0.0005088 0.0008142 0.0006106 0.0005597 0.0006106 0.0006106 0.0005597 0.0004579 0.0004579 0.0006106 0.0005088 0.0007124 0.0005597 0.0004070 0.0004070 0.0005597 0.0005597 0.0004579 0.0003561 0.0002544 0.0002544 0.0003052 0.0004579 0.0004579 0.0004579 0.0004070 0.0004070 0.0004070 0.0004070 0.0004070 0.0003561 0.0003561 0.0021443 0.0021443 0.0019905 0.0014795 0.0015817 0.0015820 0.0015820 0.0013773 0.0015308 0.0330322 0.0329092 0.0326250 0.0325690 0.0332469 0.0355842 0.0376167 0.0380317 1.3191715 1.2855889 
EBOV_H.sap-wt_SLE_14_Makona-Kenema-G5685_1_KR105317        1.8931206 1.8932838 1.7878972 1.7844085 1.7963575 0.0031194 0.0025541 0.0010179 0.0010179 0.0012739 0.0013760 0.0014281 0.0013762 0.0011728 0.0011217 0.0012749 0.0012239 0.0010689 0.0012741 0.0011198 0.0009670 0.0012239 0.0013766 0.0002544 0.0000000 0.0009161 0.0008652 0.0008652 0.0009670 0.0010705 0.0008652 0.0008142 0.0008142 0.0008142 0.0008142 0.0008142 0.0010191 0.0009681 0.0011722 0.0008652 0.0006615 0.0006615 0.0006615 0.0009681 0.0007633 0.0007124 0.0007633 0.0007633 0.0007124 0.0006106 0.0006106 0.0007633 0.0006615 0.0008652 0.0007124 0.0005597 0.0005597 0.0007124 0.0007124 0.0006106 0.0005088 0.0004070 0.0004070 0.0004579 0.0006106 0.0006106 0.0006106 0.0005597 0.0005597 0.0005597 0.0005597 0.0005597 0.0005088 0.0005088 0.0022979 0.0022978 0.0021439 0.0016328 0.0017350 0.0017354 0.0017354 0.0015306 0.0016841 0.0331980 0.0330748 0.0327905 0.0327345 0.0334124 0.0357507 0.0377840 0.0381992 1.3187145 1.2853491 
EBOV_H.sap-wt_SLE_14_Makona-Moyamba-G5763_1_KR105325       1.8966441 1.8968071 1.7909328 1.7888945 1.7988829 0.0030173 0.0024521 0.0011198 0.0011208 0.0013762 0.0012742 0.0013262 0.0012744 0.0010709 0.0010198 0.0011730 0.0011220 0.0009670 0.0011722 0.0012228 0.0008652 0.0011219 0.0012747 0.0007633 0.0009161 0.0000000 0.0001526 0.0007633 0.0010699 0.0009686 0.0007633 0.0007124 0.0007124 0.0007124 0.0007124 0.0007124 0.0009172 0.0008662 0.0010704 0.0009681 0.0007633 0.0007633 0.0007633 0.0008662 0.0006615 0.0006106 0.0006615 0.0006615 0.0006106 0.0007124 0.0007124 0.0006615 0.0005597 0.0007633 0.0006106 0.0006615 0.0006615 0.0006106 0.0006106 0.0005088 0.0006106 0.0005088 0.0005088 0.0005597 0.0005088 0.0005088 0.0005088 0.0004579 0.0004579 0.0004579 0.0004579 0.0004579 0.0004070 0.0004070 0.0021959 0.0021958 0.0020420 0.0015308 0.0016331 0.0016334 0.0016334 0.0014286 0.0015822 0.0330933 0.0329701 0.0326858 0.0326299 0.0333078 0.0356459 0.0375671 0.0379365 1.3194443 1.2858807 
EBOV_H.sap-wt_SLE_14_Makona-Moyamba-G5844_1_KR105328       1.8959579 1.8961209 1.7904485 1.7884112 1.7983953 0.0029656 0.0024006 0.0010689 0.0010689 0.0013250 0.0012230 0.0012750 0.0012232 0.0010197 0.0009687 0.0011218 0.0010708 0.0009161 0.0011210 0.0011707 0.0008142 0.0010708 0.0012235 0.0007124 0.0008652 0.0001526 0.0000000 0.0007124 0.0010179 0.0009175 0.0007124 0.0006615 0.0006615 0.0006615 0.0006615 0.0006615 0.0008652 0.0008142 0.0010192 0.0009161 0.0007124 0.0007124 0.0007124 0.0008142 0.0006106 0.0005597 0.0006106 0.0006106 0.0005597 0.0006615 0.0006615 0.0006106 0.0005088 0.0007124 0.0005597 0.0006106 0.0006106 0.0005597 0.0005597 0.0004579 0.0005597 0.0004579 0.0004579 0.0005088 0.0004579 0.0004579 0.0004579 0.0004070 0.0004070 0.0004070 0.0004070 0.0004070 0.0003561 0.0003561 0.0021444 0.0021444 0.0019906 0.0014795 0.0015818 0.0015821 0.0015821 0.0013774 0.0015309 0.0330338 0.0329107 0.0326265 0.0325706 0.0332484 0.0355859 0.0375065 0.0378758 1.3194153 1.2852226 
EBOV_H.sap-wt_GIN_14_Makona-Macenta-EM_076191_KR817141     1.8964953 1.8966582 1.7888203 1.7867860 1.7967580 0.0029656 0.0024006 0.0010689 0.0010689 0.0013250 0.0012230 0.0012750 0.0006106 0.0010197 0.0009686 0.0011218 0.0010708 0.0005088 0.0005088 0.0011707 0.0007124 0.0010707 0.0012235 0.0007124 0.0008652 0.0007633 0.0007124 0.0000000 0.0010179 0.0009175 0.0007124 0.0003561 0.0003561 0.0004579 0.0006615 0.0006615 0.0008652 0.0008142 0.0010192 0.0009161 0.0007124 0.0007124 0.0007124 0.0008142 0.0006106 0.0005597 0.0006106 0.0006106 0.0005597 0.0006615 0.0006615 0.0006106 0.0005088 0.0007124 0.0005597 0.0006106 0.0006106 0.0005597 0.0005597 0.0004579 0.0005597 0.0004579 0.0004579 0.0005088 0.0004579 0.0004579 0.0004579 0.0004070 0.0004070 0.0004070 0.0004070 0.0004070 0.0003561 0.0003561 0.0021444 0.0021444 0.0019906 0.0014795 0.0015818 0.0015821 0.0015821 0.0013774 0.0015308 0.0330336 0.0329106 0.0326263 0.0325704 0.0332483 0.0355857 0.0376183 0.0380334 1.3189153 1.2850685 
EBOV_H.sap-wt_SLE_14_Makona-Koinadugu-20143659_KR653256    1.8943332 1.8944963 1.7875504 1.7849962 1.7954747 0.0032736 0.0027080 0.0007633 0.0007633 0.0010179 0.0015293 0.0015815 0.0015295 0.0013261 0.0012750 0.0014282 0.0013772 0.0012229 0.0014273 0.0008652 0.0011198 0.0013772 0.0015299 0.0008142 0.0009670 0.0010699 0.0010179 0.0010179 0.0000000 0.0012237 0.0010179 0.0009670 0.0009670 0.0009670 0.0009670 0.0009670 0.0011722 0.0011212 0.0013255 0.0010189 0.0008142 0.0008142 0.0008142 0.0011212 0.0009171 0.0008652 0.0009161 0.0009161 0.0008652 0.0007633 0.0003561 0.0009161 0.0008142 0.0010179 0.0008652 0.0007124 0.0007124 0.0008652 0.0008652 0.0007633 0.0006615 0.0005597 0.0005597 0.0006106 0.0007633 0.0007633 0.0007633 0.0007124 0.0007124 0.0007124 0.0007124 0.0007124 0.0006615 0.0006615 0.0024516 0.0024516 0.0022976 0.0017862 0.0018886 0.0018889 0.0018889 0.0016840 0.0018377 0.0333666 0.0332434 0.0329589 0.0329029 0.0335808 0.0359204 0.0378420 0.0382573 1.3175176 1.2845460 
EBOV_H.sap-wt_LBR_14_Makona-LIBR0430_KR006955              1.8941886 1.8943516 1.7885761 1.7865417 1.7965147 0.0027597 0.0021952 0.0012746 0.0012746 0.0015303 0.0014282 0.0010704 0.0014284 0.0008154 0.0007643 0.0009174 0.0008664 0.0011216 0.0013261 0.0013767 0.0010194 0.0008664 0.0010191 0.0009175 0.0010705 0.0009686 0.0009175 0.0009175 0.0012237 0.0000000 0.0009175 0.0008664 0.0008664 0.0008663 0.0008665 0.0008666 0.0006615 0.0006106 0.0008142 0.0011218 0.0009177 0.0009173 0.0009173 0.0006106 0.0007124 0.0003561 0.0008153 0.0008153 0.0007633 0.0008663 0.0008663 0.0008156 0.0007124 0.0009176 0.0007633 0.0008156 0.0008154 0.0007645 0.0007645 0.0006615 0.0007633 0.0006615 0.0006615 0.0007124 0.0006615 0.0006615 0.0006615 0.0006106 0.0006106 0.0006106 0.0006106 0.0006106 0.0005597 0.0005597 0.0019392 0.0019392 0.0017855 0.0012748 0.0013770 0.0013773 0.0013773 0.0011727 0.0013261 0.0327504 0.0326275 0.0323436 0.0322877 0.0329654 0.0353006 0.0373315 0.0377461 1.3197303 1.2841504 
EBOV_H.sap-wt_SLE_14_Makona-Kailahun-20140517_KR653263     1.8925471 1.8927103 1.7878808 1.7855960 1.7955617 0.0029655 0.0024005 0.0010689 0.0010689 0.0013249 0.0012229 0.0012749 0.0012231 0.0010197 0.0009686 0.0011217 0.0010707 0.0009161 0.0011210 0.0011707 0.0008142 0.0010707 0.0012234 0.0007124 0.0008652 0.0007633 0.0007124 0.0007124 0.0010179 0.0009175 0.0000000 0.0006615 0.0006615 0.0006615 0.0005597 0.0006615 0.0008652 0.0008142 0.0010192 0.0009161 0.0007124 0.0007124 0.0007124 0.0008142 0.0006106 0.0005597 0.0006106 0.0006106 0.0005597 0.0006615 0.0006615 0.0006106 0.0005088 0.0007124 0.0005597 0.0006106 0.0006106 0.0005597 0.0005597 0.0004579 0.0005597 0.0004579 0.0004579 0.0005088 0.0004579 0.0004579 0.0004579 0.0004070 0.0004070 0.0004070 0.0004070 0.0004070 0.0003561 0.0003561 0.0021443 0.0021443 0.0019905 0.0014795 0.0015817 0.0015820 0.0015820 0.0013773 0.0015308 0.0330323 0.0329093 0.0326251 0.0325691 0.0331358 0.0354723 0.0375043 0.0379192 1.3185977 1.2840317 
EBOV_H.sap-wt_GIN_14_Makona-Kissidougou-EM_078694_KR817171 1.8962224 1.8963854 1.7897099 1.7876731 1.7976563 0.0029141 0.0023492 0.0010179 0.0010179 0.0012738 0.0011719 0.0012238 0.0008652 0.0009686 0.0009175 0.0010706 0.0010196 0.0005597 0.0007633 0.0011198 0.0007633 0.0010196 0.0011723 0.0006615 0.0008142 0.0007124 0.0006615 0.0003561 0.0009670 0.0008664 0.0006615 0.0000000 0.0000010 0.0004070 0.0006106 0.0006106 0.0008142 0.0007633 0.0009681 0.0008652 0.0006615 0.0006615 0.0006615 0.0007633 0.0005597 0.0005088 0.0005597 0.0005597 0.0005088 0.0006106 0.0006106 0.0005597 0.0004579 0.0006615 0.0005088 0.0005597 0.0005597 0.0005088 0.0005088 0.0004070 0.0005088 0.0004070 0.0004070 0.0004579 0.0004070 0.0004070 0.0004070 0.0003561 0.0003561 0.0003561 0.0003561 0.0003561 0.0003052 0.0003052 0.0020931 0.0020930 0.0019393 0.0014283 0.0015305 0.0015308 0.0015308 0.0013262 0.0014796 0.0329756 0.0328526 0.0325684 0.0325125 0.0331903 0.0355272 0.0375594 0.0379743 1.3184133 1.2839749 
EBOV_H.sap-wt_GIN_14_Makona-Kissidougou-EM_078722_KR817175 1.8962224 1.8963854 1.7897099 1.7876731 1.7976563 0.0029141 0.0023492 0.0010179 0.0010179 0.0012738 0.0011719 0.0012238 0.0008652 0.0009686 0.0009175 0.0010706 0.0010196 0.0005597 0.0007633 0.0011198 0.0007633 0.0010196 0.0011723 0.0006615 0.0008142 0.0007124 0.0006615 0.0003561 0.0009670 0.0008664 0.0006615 0.0000010 0.0000000 0.0004070 0.0006106 0.0006106 0.0008142 0.0007633 0.0009681 0.0008652 0.0006615 0.0006615 0.0006615 0.0007633 0.0005597 0.0005088 0.0005597 0.0005597 0.0005088 0.0006106 0.0006106 0.0005597 0.0004579 0.0006615 0.0005088 0.0005597 0.0005597 0.0005088 0.0005088 0.0004070 0.0005088 0.0004070 0.0004070 0.0004579 0.0004070 0.0004070 0.0004070 0.0003561 0.0003561 0.0003561 0.0003561 0.0003561 0.0003052 0.0003052 0.0020931 0.0020930 0.0019393 0.0014283 0.0015305 0.0015308 0.0015308 0.0013262 0.0014796 0.0329756 0.0328526 0.0325684 0.0325125 0.0331903 0.0355272 0.0375594 0.0379743 1.3184133 1.2839749 
EBOV_H.sap-wt_LBR_14_Makona-LIBR0505_KR006957              1.8943300 1.8944931 1.7881049 1.7860267 1.7960423 0.0029139 0.0023490 0.0010179 0.0010179 0.0012737 0.0011718 0.0012237 0.0009670 0.0009685 0.0009175 0.0010706 0.0010196 0.0006615 0.0008652 0.0011198 0.0007633 0.0010195 0.0011723 0.0006615 0.0008142 0.0007124 0.0006615 0.0004579 0.0009670 0.0008663 0.0006615 0.0004070 0.0004070 0.0000000 0.0006106 0.0006106 0.0008142 0.0007633 0.0009681 0.0008652 0.0006615 0.0006615 0.0006615 0.0007633 0.0005597 0.0005088 0.0005597 0.0005597 0.0005088 0.0006106 0.0006106 0.0005597 0.0004579 0.0006615 0.0005088 0.0005597 0.0005597 0.0005088 0.0005088 0.0004070 0.0005088 0.0004070 0.0004070 0.0004579 0.0004070 0.0004070 0.0004070 0.0003561 0.0003561 0.0003561 0.0003561 0.0003561 0.0003052 0.0003052 0.0020929 0.0020929 0.0019391 0.0014282 0.0015304 0.0015307 0.0015307 0.0013261 0.0014795 0.0329728 0.0328498 0.0325657 0.0325097 0.0331875 0.0355242 0.0375562 0.0379711 1.3195904 1.2853774 
EBOV_H.sap-wt_SLE_14_Makona-G4973_1_KR105286               1.8935879 1.8937510 1.7888599 1.7868244 1.7969809 0.0029145 0.0023495 0.0010179 0.0010179 0.0012740 0.0011720 0.0012240 0.0011722 0.0009687 0.0009177 0.0010708 0.0010198 0.0008652 0.0010701 0.0011198 0.0007633 0.0010198 0.0011725 0.0006615 0.0008142 0.0007124 0.0006615 0.0006615 0.0009670 0.0008665 0.0005597 0.0006106 0.0006106 0.0006106 0.0000000 0.0006106 0.0008142 0.0007633 0.0009683 0.0008652 0.0006615 0.0006615 0.0006615 0.0007633 0.0005597 0.0005088 0.0005597 0.0005597 0.0005088 0.0006106 0.0006106 0.0005597 0.0004579 0.0006615 0.0005088 0.0005597 0.0005597 0.0005088 0.0005088 0.0004070 0.0005088 0.0004070 0.0004070 0.0004579 0.0004070 0.0004070 0.0004070 0.0003561 0.0003561 0.0003561 0.0003561 0.0003561 0.0003052 0.0003052 0.0020934 0.0020933 0.0019395 0.0014285 0.0015308 0.0015310 0.0015310 0.0013263 0.0014798 0.0329189 0.0327959 0.0325118 0.0324559 0.0330836 0.0354200 0.0374519 0.0378667 1.3182052 1.2845729 
EBOV_H.sap-wt_SLE_14_Makona-G3949_1_KR105209               1.8915838 1.8917470 1.7875217 1.7854892 1.7954546 0.0029148 0.0023498 0.0010179 0.0010179 0.0012742 0.0011722 0.0012241 0.0011723 0.0009688 0.0009178 0.0010709 0.0010199 0.0008652 0.0010702 0.0011208 0.0007633 0.0010199 0.0011726 0.0006615 0.0008142 0.0007124 0.0006615 0.0006615 0.0009670 0.0008666 0.0006615 0.0006106 0.0006106 0.0006106 0.0006106 0.0000000 0.0008153 0.0007633 0.0009684 0.0008652 0.0006615 0.0006615 0.0006615 0.0007633 0.0005597 0.0005088 0.0005597 0.0005597 0.0005088 0.0006106 0.0006106 0.0005597 0.0004579 0.0006615 0.0005088 0.0005597 0.0005597 0.0005088 0.0005088 0.0004070 0.0005088 0.0004070 0.0004070 0.0004579 0.0004070 0.0004070 0.0004070 0.0003561 0.0003561 0.0003561 0.0003561 0.0003561 0.0003052 0.0003052 0.0020936 0.0020936 0.0019398 0.0014287 0.0015309 0.0015312 0.0015312 0.0013265 0.0014800 0.0329827 0.0328596 0.0325754 0.0325195 0.0331318 0.0354681 0.0374998 0.0379147 1.3178583 1.2846441 
EBOV_H.sap-wt_GIN_14_Makona-Gueckedou-EM_076138_KR817140   1.8909242 1.8910874 1.7859214 1.7838905 1.7938509 0.0027074 0.0021432 0.0012231 0.0012231 0.0014786 0.0013766 0.0010190 0.0013768 0.0007633 0.0007124 0.0008652 0.0008142 0.0010702 0.0012746 0.0013251 0.0009670 0.0008142 0.0009670 0.0008652 0.0010191 0.0009172 0.0008652 0.0008652 0.0011722 0.0006615 0.0008652 0.0008142 0.0008142 0.0008142 0.0008142 0.0008153 0.0000000 0.0005597 0.0007633 0.0010703 0.0008663 0.0008652 0.0008652 0.0005597 0.0006615 0.0003052 0.0007633 0.0007633 0.0007124 0.0008142 0.0008142 0.0007633 0.0006615 0.0008662 0.0007124 0.0007633 0.0007633 0.0007124 0.0007124 0.0006106 0.0007124 0.0006106 0.0006106 0.0006615 0.0006106 0.0006106 0.0006106 0.0005597 0.0005597 0.0005597 0.0005597 0.0005597 0.0005088 0.0005088 0.0018873 0.0018873 0.0017337 0.0012233 0.0013254 0.0013257 0.0013257 0.0011212 0.0012745 0.0326829 0.0325601 0.0322763 0.0322204 0.0328523 0.0352319 0.0372619 0.0376762 1.3180749 1.2847705 
EBOV_H.sap-wt_LBR_14_Makona-EM_080065_KR817232             1.8928766 1.8930397 1.7870047 1.7849731 1.7945196 0.0026562 0.0020921 0.0011721 0.0011721 0.0014276 0.0013255 0.0009680 0.0013257 0.0005088 0.0004579 0.0006106 0.0005597 0.0010192 0.0012235 0.0012741 0.0009161 0.0004579 0.0004070 0.0008142 0.0009681 0.0008662 0.0008142 0.0008142 0.0011212 0.0006106 0.0008142 0.0007633 0.0007633 0.0007633 0.0007633 0.0007633 0.0005597 0.0000000 0.0002035 0.0010193 0.0008153 0.0008142 0.0008142 0.0005088 0.0006106 0.0002544 0.0007124 0.0007124 0.0006615 0.0007633 0.0007633 0.0007124 0.0006106 0.0008142 0.0006615 0.0007124 0.0007124 0.0006615 0.0006615 0.0005597 0.0006615 0.0005597 0.0005597 0.0006106 0.0005597 0.0005597 0.0005597 0.0005088 0.0005088 0.0005088 0.0005088 0.0005088 0.0004579 0.0004579 0.0018363 0.0018362 0.0016827 0.0011723 0.0012744 0.0012746 0.0012746 0.0010702 0.0012235 0.0326282 0.0325054 0.0322217 0.0321658 0.0329539 0.0352363 0.0372665 0.0376809 1.3175535 1.2837032 
EBOV_H.sap-wt_LBR_14_Makona-Foya-EM_074720_KR817125        1.8929147 1.8930778 1.7865185 1.7844872 1.7940329 0.0028614 0.0022968 0.0013763 0.0013763 0.0016320 0.0015299 0.0011722 0.0015301 0.0007124 0.0006615 0.0008142 0.0007633 0.0012234 0.0014279 0.0014784 0.0011211 0.0006615 0.0006106 0.0010192 0.0011722 0.0010704 0.0010192 0.0010192 0.0013255 0.0008142 0.0010192 0.0009681 0.0009681 0.0009681 0.0009683 0.0009684 0.0007633 0.0002035 0.0000000 0.0012235 0.0010194 0.0010190 0.0010190 0.0007124 0.0008142 0.0004579 0.0009161 0.0009161 0.0008652 0.0009680 0.0009680 0.0009174 0.0008142 0.0010193 0.0008652 0.0009174 0.0009172 0.0008663 0.0008663 0.0007633 0.0008652 0.0007633 0.0007633 0.0008142 0.0007633 0.0007633 0.0007633 0.0007124 0.0007124 0.0007124 0.0007124 0.0007124 0.0006615 0.0006615 0.0020409 0.0020408 0.0018872 0.0013765 0.0014787 0.0014790 0.0014790 0.0012744 0.0014278 0.0327392 0.0326164 0.0323325 0.0322766 0.0331773 0.0354613 0.0374927 0.0379074 1.3179392 1.2849793 
EBOV_H.sap-wt_SLE_14_Makona-J0093_KP759760                 1.8959417 1.8961046 1.7893874 1.7873528 1.7973257 0.0031713 0.0026058 0.0010689 0.0010689 0.0013252 0.0014273 0.0014795 0.0014275 0.0012241 0.0011730 0.0013262 0.0012752 0.0011210 0.0013253 0.0011718 0.0010179 0.0012752 0.0014279 0.0007124 0.0008652 0.0009681 0.0009161 0.0009161 0.0010189 0.0011218 0.0009161 0.0008652 0.0008652 0.0008652 0.0008652 0.0008652 0.0010703 0.0010193 0.0012235 0.0000000 0.0007124 0.0007124 0.0007124 0.0010193 0.0008142 0.0007633 0.0008142 0.0008142 0.0007633 0.0002544 0.0006615 0.0008142 0.0007124 0.0009161 0.0007633 0.0006106 0.0006106 0.0007633 0.0007633 0.0006615 0.0005597 0.0004579 0.0004579 0.0005088 0.0006615 0.0006615 0.0006615 0.0006106 0.0006106 0.0006106 0.0006106 0.0006106 0.0005597 0.0005597 0.0023495 0.0023495 0.0021955 0.0016842 0.0017865 0.0017869 0.0017869 0.0015820 0.0017356 0.0332013 0.0330782 0.0327938 0.0327378 0.0334158 0.0357544 0.0377878 0.0382031 1.3184829 1.2864837 
