100
02A1.GH.97.97GH_AG2.AB052867           0.0000000 0.3337204 0.3250081 0.3437478 0.4236399 0.3688154 0.3800028 0.4171177 0.4225779 0.5276949 0.5145051 0.5515234 0.4933264 0.4964211 0.5417736 0.4723746 0.5038462 0.5438661 0.5323115 0.5971242 0.6004368 0.6255027 0.6462457 0.6456370 0.6014394 0.6465034 0.7018487 0.7700221 0.4461857 0.5705371 0.7165650 0.7990084 0.4822293 0.5172595 0.5642036 0.5935349 0.5981709 0.5425563 0.6084547 0.8212436 0.7911221 0.8087778 0.8291482 0.8354482 0.7889337 0.8398995 0.7736750 0.8117909 0.8391685 0.7734328 0.7863340 0.8253255 0.8246203 0.8626770 0.9182955 0.8980170 0.7503539 0.7624255 0.7396862 0.7644891 0.7189315 0.7773976 0.7517854 0.7855794 0.7600125 0.7639184 0.8025438 0.7636937 0.7538146 0.7393343 0.7828573 0.8349655 0.8046492 0.8401011 0.7617359 0.8099023 0.8154153 0.7323251 0.8316682 0.7706548 0.8130399 0.7914388 0.7891291 0.7842216 0.7774079 0.8074398 0.8662057 0.8352042 0.8235201 0.8514715 0.8391087 0.7160690 0.6940071 0.6536783 1.0496197 0.7722717 1.7192321 1.7692157 1.6719055 2.2672346 
02_AG.CM.02.02CM_3217MN.GU201514       0.3337204 0.0000000 0.2535752 0.2671019 0.3552527 0.3921164 0.3945193 0.4265575 0.4341407 0.5361409 0.5438287 0.5707715 0.5248654 0.5194143 0.5712719 0.4971283 0.5277087 0.5467375 0.5554319 0.6170749 0.6101589 0.6473147 0.6462673 0.6567084 0.6319603 0.6487567 0.7351640 0.7834574 0.4619481 0.5928604 0.7428796 0.8091575 0.4971726 0.5285007 0.5971643 0.6101870 0.6201173 0.5507021 0.6257206 0.8649050 0.8146652 0.8450066 0.8375481 0.8685226 0.8154579 0.8527046 0.8016530 0.8186216 0.8459072 0.8094287 0.7844472 0.8536327 0.8645253 0.9012129 0.9379899 0.9466831 0.7715186 0.7948854 0.7714965 0.8030154 0.7454623 0.7934709 0.7923200 0.8203483 0.7840817 0.8035470 0.8137346 0.7941762 0.7729787 0.7525519 0.7960237 0.8454474 0.8504091 0.8597304 0.7866132 0.8291920 0.8008256 0.7650080 0.8542790 0.7971061 0.8141205 0.8128045 0.8119724 0.7933006 0.8198536 0.8166801 0.8912743 0.8270488 0.8467775 0.8690537 0.8321891 0.7274574 0.6992195 0.6756984 1.0629037 0.7809180 1.6594347 1.7128370 1.6214421 2.3194099 
02_AG.GW.04.CC_0030.FJ694791           0.3250081 0.2535752 0.0000000 0.2558935 0.3473251 0.3948124 0.3904852 0.4310787 0.4267209 0.5318430 0.5266675 0.5610124 0.5042650 0.5044746 0.5608537 0.4715325 0.5118741 0.5434200 0.5351567 0.5935127 0.5959144 0.6379269 0.6486019 0.6507429 0.6212953 0.6445246 0.7035034 0.7656573 0.4535428 0.5633103 0.7244680 0.8031162 0.4838550 0.5198732 0.5801148 0.6012888 0.6103155 0.5275187 0.6072461 0.8296942 0.7984508 0.8248127 0.8190445 0.8533693 0.8079421 0.8110918 0.7834809 0.8078748 0.8427434 0.8054223 0.7975964 0.8560379 0.8404726 0.8995811 0.9253272 0.9110272 0.7521311 0.7656254 0.7620433 0.7804562 0.7322606 0.7678489 0.7787267 0.7865598 0.7740857 0.7835545 0.7987016 0.7612017 0.7503542 0.7603197 0.7918326 0.8438432 0.8330483 0.8469814 0.7672226 0.8120825 0.8198156 0.7407137 0.8400072 0.7844331 0.8054996 0.8133547 0.8114673 0.7708439 0.8023556 0.8023114 0.8628411 0.8227263 0.8281987 0.8509936 0.8285248 0.7131078 0.6947816 0.6507429 1.0481848 0.7798954 1.7178629 1.7509192 1.6542543 2.3292305 
02_AG.GW.14.DE00214GW009.MH078544      0.3437478 0.2671019 0.2558935 0.0000000 0.3607009 0.3959790 0.3966735 0.4287914 0.4346073 0.5420709 0.5497424 0.5761329 0.5270466 0.5261285 0.5782595 0.5034040 0.5259925 0.5674243 0.5478550 0.6062392 0.6058592 0.6281435 0.6296955 0.6408463 0.6149954 0.6439613 0.7202315 0.7898216 0.4646836 0.5790587 0.7534926 0.8129908 0.4936433 0.5350764 0.5831951 0.6355363 0.6389734 0.5576495 0.6146520 0.8376353 0.8191944 0.8365777 0.8327527 0.8666695 0.8370357 0.8689562 0.7996337 0.8237383 0.8549052 0.8155805 0.8248268 0.8753306 0.8623131 0.9061732 0.9552086 0.9482077 0.7788450 0.7989948 0.7851525 0.8035038 0.7566853 0.8264460 0.7999805 0.8097297 0.8176442 0.7979806 0.8203145 0.7991927 0.7934900 0.7775963 0.8122992 0.8739634 0.8538754 0.8752773 0.8063726 0.8281259 0.8510014 0.7875856 0.8612090 0.8074891 0.8283089 0.8417239 0.8334281 0.7899745 0.8246231 0.8174555 0.8756291 0.8398770 0.8604602 0.8764018 0.8645217 0.7343200 0.7086774 0.6863413 1.0531069 0.7996585 1.7046816 1.7288050 1.6754378 2.3094969 
02D.GH.03.GHNJ193.AB231897             0.4236399 0.3552527 0.3473251 0.3607009 0.0000000 0.4928426 0.4777735 0.5255316 0.5225631 0.6372697 0.6348400 0.6713340 0.6116563 0.6077761 0.6654002 0.5918296 0.6266297 0.6405413 0.6405598 0.6851036 0.6872796 0.7243095 0.7184590 0.7349434 0.7027503 0.7439957 0.7974727 0.8597263 0.5448503 0.6568826 0.8130941 0.8841758 0.5826017 0.6382818 0.6761651 0.7094092 0.7265319 0.6341746 0.7099491 0.9277344 0.9269826 0.9150605 0.9143634 0.9314271 0.9043355 0.9480953 0.8750385 0.9098747 0.9246939 0.8861151 0.9018968 0.9288725 0.9585789 1.0023039 1.0384677 0.9960100 0.8630608 0.8788589 0.8784595 0.8661693 0.8357161 0.8709019 0.8851820 0.8825417 0.8801713 0.8953181 0.8990355 0.8842968 0.8625591 0.8593015 0.8901776 0.9371338 0.9442456 0.9575537 0.8720260 0.9163611 0.9142674 0.8471080 0.9352505 0.8749332 0.9285683 0.9116193 0.9108772 0.9011663 0.9113133 0.9307896 0.9689086 0.9161769 0.9623773 0.9517176 0.9181093 0.8125474 0.7724444 0.7527638 1.1466450 0.8519259 1.7955461 1.8150618 1.7296029 2.4427238 
02A.CI.16.DEURF16CI011.MH078538        0.3688154 0.3921164 0.3948124 0.3959790 0.4928426 0.0000000 0.4347910 0.4837486 0.4933302 0.6031713 0.5878619 0.6227930 0.5662802 0.5817407 0.6104211 0.5464652 0.5859838 0.5844277 0.6070037 0.6754654 0.6734537 0.7025736 0.7100923 0.7196144 0.6840077 0.7160069 0.7720055 0.8517999 0.5184857 0.6328356 0.8053707 0.8723600 0.5451504 0.5784497 0.6302327 0.6617280 0.6854023 0.6034326 0.6636625 0.8982066 0.8691839 0.8690700 0.8644306 0.8930174 0.8660806 0.8949274 0.8406760 0.8881658 0.9029373 0.8719854 0.8694105 0.9126973 0.9415014 0.9548150 0.9913932 0.9750845 0.8358289 0.8456185 0.8197222 0.8527379 0.7937504 0.8497843 0.8400939 0.8601194 0.8643372 0.8453627 0.8749751 0.8611800 0.8281944 0.8310740 0.8432552 0.8861354 0.8783368 0.9096005 0.8606303 0.8822819 0.8790913 0.8098850 0.9052720 0.8630225 0.9152051 0.8938539 0.8929918 0.8639795 0.8733953 0.8751000 0.9401643 0.8856323 0.9147447 0.9212729 0.9020035 0.7963779 0.7722883 0.7295423 1.1228250 0.8592777 1.7788474 1.8191157 1.7802054 2.4219254 
0206.SN.12.LA56Senegl.KU168299         0.3800028 0.3945193 0.3904852 0.3966735 0.4777735 0.4347910 0.0000000 0.3863377 0.4701681 0.5821681 0.5604071 0.5848260 0.5429940 0.5325915 0.5814680 0.5267401 0.5710130 0.5660181 0.5754416 0.6366332 0.6273474 0.6695346 0.6671913 0.6667460 0.6520578 0.6778609 0.7451743 0.8220847 0.4795013 0.6130833 0.7636868 0.8515571 0.5177267 0.5679641 0.6254766 0.6380447 0.6551834 0.6020481 0.6360640 0.8750496 0.8350509 0.8541197 0.8679551 0.8851204 0.8768526 0.8766702 0.8103489 0.8535969 0.8509553 0.8450819 0.8502396 0.8893205 0.8985777 0.9345936 0.9589402 0.9509899 0.7830377 0.8140141 0.7922575 0.8149489 0.7610860 0.8073283 0.7854599 0.8201486 0.8128909 0.8017836 0.8498491 0.7893510 0.7706165 0.8016437 0.8141631 0.8821848 0.8534201 0.8744730 0.8154157 0.8659645 0.8291261 0.7713324 0.8721473 0.8139082 0.8605033 0.8416405 0.8506592 0.8181935 0.8438090 0.8345140 0.8927031 0.8615793 0.8694675 0.8670915 0.8806052 0.7474678 0.7204010 0.6705164 1.0942846 0.8349354 1.7597279 1.8211970 1.7562852 2.3625783 
U.ES.10.DEURF10DZ001.JX140679          0.4171177 0.4265575 0.4310787 0.4287914 0.5255316 0.4837486 0.3863377 0.0000000 0.4950230 0.5900586 0.5857592 0.6022962 0.5550024 0.5537217 0.6133160 0.5578861 0.5758891 0.6107261 0.5851616 0.6741569 0.6668283 0.6981215 0.6982020 0.6994757 0.6783287 0.7055040 0.7805023 0.8582426 0.5236176 0.6450776 0.7749993 0.8618235 0.5494808 0.5829771 0.6472074 0.6640049 0.6826633 0.6301885 0.6895920 0.9152120 0.9133132 0.8763619 0.9050853 0.9289757 0.8974978 0.9107728 0.8688603 0.8837087 0.9250753 0.8822718 0.8834891 0.9227715 0.9388243 0.9673915 1.0391175 1.0101251 0.8093906 0.8232275 0.8218016 0.8315110 0.7918115 0.8397545 0.8256952 0.8420802 0.8385941 0.8243605 0.8480608 0.8051022 0.8041311 0.8021287 0.8271696 0.9126425 0.8858412 0.8934087 0.8578315 0.8672820 0.8783940 0.8073568 0.9093068 0.8354081 0.8711442 0.8515263 0.8635133 0.8473517 0.8530226 0.8327443 0.9259280 0.8659654 0.8784849 0.9098912 0.8788992 0.7558758 0.7473246 0.7028107 1.1179789 0.8237774 1.7794799 1.8224211 1.7760817 2.3941471 
AGU.CM.06.770_8.MH705142               0.4225779 0.4341407 0.4267209 0.4346073 0.5225631 0.4933302 0.4701681 0.4950230 0.0000000 0.5438173 0.5371911 0.5652892 0.5142368 0.5153514 0.5625004 0.4989618 0.5281687 0.5499935 0.5284921 0.6061025 0.6038304 0.6350303 0.6450950 0.6448329 0.6117433 0.6467259 0.7214282 0.7975154 0.4688256 0.6009025 0.7511719 0.8269087 0.5283623 0.4899744 0.5555037 0.5980426 0.6139752 0.6443627 0.6089301 0.8393131 0.8222648 0.8352091 0.8287924 0.8464306 0.8247798 0.8502380 0.7894217 0.8165893 0.8386895 0.8159321 0.8224676 0.8653591 0.8770241 0.8940908 0.9513391 0.9282228 0.7750005 0.7935186 0.7882503 0.7956381 0.7360625 0.8100587 0.7817646 0.7988707 0.8037748 0.7866417 0.8046610 0.7848587 0.7601580 0.7473266 0.7884315 0.8314456 0.8275292 0.8779709 0.7963527 0.8278589 0.8411982 0.7581894 0.8581516 0.8184405 0.8125261 0.8021335 0.8066460 0.7957096 0.8134849 0.8110493 0.8897658 0.8151536 0.8311144 0.8433720 0.8680015 0.7291795 0.7041844 0.6530526 1.0721854 0.8111602 1.8444285 1.8481814 1.7764257 2.4477134 
A1.KE.06.06KECst_028.FJ623479          0.5276949 0.5361409 0.5318430 0.5420709 0.6372697 0.6031713 0.5821681 0.5900586 0.5438173 0.0000000 0.3081840 0.4091201 0.3612697 0.3958301 0.4040491 0.4416552 0.4639581 0.4494842 0.4890464 0.5610502 0.5713270 0.6065212 0.5889313 0.6056294 0.5775796 0.6075380 0.6798312 0.7359188 0.5082651 0.4803001 0.7013982 0.7753421 0.6417033 0.6521618 0.6889393 0.7337463 0.7386225 0.7159696 0.6535608 0.7368603 0.7170049 0.7287833 0.7197435 0.7549127 0.7017852 0.7538152 0.7038087 0.7065873 0.7364740 0.7068541 0.7028217 0.7450515 0.7653657 0.8134201 0.8349785 0.8306316 0.8290057 0.8376614 0.8386579 0.8344653 0.8037430 0.8617405 0.8357230 0.8695405 0.8536961 0.8686228 0.8830818 0.8474814 0.8261162 0.8275219 0.8591511 0.9009008 0.8883288 0.9080559 0.8601376 0.9066570 0.8956707 0.8046787 0.9003600 0.8881674 0.9055331 0.9099760 0.9040327 0.8735802 0.8643589 0.8873751 0.9311582 0.8838454 0.8851226 0.9313801 0.9190815 0.7949684 0.7604304 0.7249356 1.1642491 0.8160574 1.8660948 1.9046707 1.8341451 2.5627949 
A1.KE.06.06KECst_013.FJ623485          0.5145051 0.5438287 0.5266675 0.5497424 0.6348400 0.5878619 0.5604071 0.5857592 0.5371911 0.3081840 0.0000000 0.4074719 0.3546551 0.3837543 0.3895379 0.4337229 0.4516577 0.4318245 0.4816949 0.5469527 0.5459868 0.5833197 0.5757019 0.5831001 0.5621276 0.5848405 0.6515805 0.7289968 0.4789007 0.4690325 0.6864624 0.7767748 0.6186336 0.6254177 0.6793657 0.7163953 0.7326801 0.7419933 0.6710558 0.7396921 0.7099889 0.7135011 0.7217625 0.7293531 0.6985895 0.7234874 0.6830741 0.7043833 0.7134924 0.7001893 0.6849075 0.7225467 0.7549941 0.7881073 0.8467405 0.8187568 0.8200097 0.8201493 0.8241078 0.8254991 0.7862562 0.8574218 0.8425716 0.8544895 0.8424612 0.8454451 0.8646349 0.8233043 0.8169858 0.8262144 0.8435713 0.8841762 0.8846776 0.8988328 0.8574249 0.8760417 0.8767148 0.7893869 0.9086880 0.8710694 0.8835373 0.8869159 0.8822186 0.8623234 0.8712243 0.8583610 0.9155181 0.8821463 0.8885376 0.8928906 0.9039294 0.7733948 0.7459367 0.7012162 1.1339699 0.8397168 1.8300829 1.8799459 1.7964212 2.4960594 
A1.CY.07.CY208.JF683760                0.5515234 0.5707715 0.5610124 0.5761329 0.6713340 0.6227930 0.5848260 0.6022962 0.5652892 0.4091201 0.4074719 0.0000000 0.2373599 0.4137292 0.4320541 0.4470596 0.4754573 0.4690541 0.5014461 0.5720159 0.5818746 0.5991496 0.6126532 0.6125194 0.5884734 0.6236700 0.6898594 0.7640420 0.5129336 0.4870742 0.7146571 0.7904591 0.6614724 0.6537924 0.7083320 0.7416284 0.7653340 0.7562526 0.6814421 0.7688871 0.7187237 0.7489386 0.7277831 0.7680242 0.7268000 0.7532233 0.7046468 0.7290018 0.7270492 0.7156918 0.7017428 0.7357732 0.7750332 0.8011579 0.8724721 0.8351389 0.8746521 0.8564551 0.8561817 0.8659906 0.8130224 0.8883201 0.8604873 0.8733637 0.8613386 0.8566912 0.8973844 0.8643018 0.8399059 0.8426169 0.8881333 0.9156233 0.9031496 0.9310428 0.8902671 0.8898032 0.9190037 0.8385513 0.9359874 0.8955294 0.9236996 0.9182485 0.9146202 0.9025634 0.8766155 0.8963977 0.9709054 0.8975700 0.9365678 0.9343677 0.9166731 0.7895003 0.8031618 0.7251845 1.1703458 0.8349718 1.8928168 1.9261606 1.8505544 2.5566411 
A1.CY.05.CY051.FJ388903                0.4933264 0.5248654 0.5042650 0.5270466 0.6116563 0.5662802 0.5429940 0.5550024 0.5142368 0.3612697 0.3546551 0.2373599 0.0000000 0.3599959 0.3848066 0.4012174 0.4274726 0.4031830 0.4483639 0.5210316 0.5282216 0.5658603 0.5575794 0.5594258 0.5407200 0.5649599 0.6268568 0.7071654 0.4673481 0.4507432 0.6530013 0.7493437 0.5994061 0.6115119 0.6651339 0.7016379 0.7123014 0.7094007 0.6401955 0.7200692 0.6813142 0.7011657 0.6959663 0.7172474 0.6740815 0.7073688 0.6693425 0.6927447 0.7092161 0.6952302 0.6802285 0.7038688 0.7341813 0.7606306 0.8339039 0.8039519 0.8144626 0.7934072 0.7983776 0.8042549 0.7669325 0.8322169 0.7994408 0.8199730 0.8078719 0.8191859 0.8475570 0.8112008 0.7869152 0.7991097 0.8282095 0.8575070 0.8705361 0.8964129 0.8291530 0.8426050 0.8626696 0.7538787 0.8749367 0.8529744 0.8543434 0.8668492 0.8468468 0.8268367 0.8280512 0.8374363 0.9179044 0.8446605 0.8789700 0.8668846 0.8645665 0.7543861 0.7438194 0.6766326 1.0785866 0.7995578 1.8313792 1.8840515 1.8365870 2.5435097 
A1.UG.11.DEMA110UG001.KF859745         0.4964211 0.5194143 0.5044746 0.5261285 0.6077761 0.5817407 0.5325915 0.5537217 0.5153514 0.3958301 0.3837543 0.4137292 0.3599959 0.0000000 0.4124610 0.4070942 0.4462247 0.4207774 0.4657532 0.5331873 0.5374502 0.5905340 0.5788471 0.5716092 0.5512450 0.5840461 0.6505982 0.7477185 0.4786733 0.4487117 0.6798011 0.7432573 0.6048421 0.6174559 0.6630485 0.6911085 0.6932817 0.7098804 0.6433630 0.7066318 0.6864574 0.6912716 0.7006711 0.7300859 0.6807771 0.7053018 0.6771865 0.7039843 0.7164188 0.6721911 0.6669028 0.7109653 0.7357815 0.7629189 0.8044831 0.7787139 0.8385013 0.8204399 0.8216616 0.8138155 0.7787618 0.8293807 0.8324028 0.8473382 0.8122309 0.8332314 0.8641148 0.8220402 0.7848098 0.8085610 0.8267036 0.8754163 0.8581832 0.8920482 0.8477965 0.8615713 0.8755193 0.7638863 0.8809021 0.8440855 0.8651708 0.8467417 0.8594638 0.8315049 0.8461542 0.8403578 0.9110995 0.8597196 0.8622371 0.8981296 0.8826084 0.7466058 0.7039241 0.6884909 1.1102440 0.7817419 1.8069724 1.9078272 1.8196731 2.5271934 
35_AD.AF.06.007H.GQ477450              0.5417736 0.5712719 0.5608537 0.5782595 0.6654002 0.6104211 0.5814680 0.6133160 0.5625004 0.4040491 0.3895379 0.4320541 0.3848066 0.4124610 0.0000000 0.4493986 0.4884821 0.4619128 0.5040371 0.5715349 0.5684874 0.6120221 0.5973811 0.6158796 0.5918789 0.6283267 0.6720128 0.7657692 0.5211049 0.5022230 0.7020392 0.7899658 0.6568213 0.6631560 0.6995679 0.7433987 0.7612614 0.7937412 0.7057412 0.7523645 0.7320114 0.7596723 0.7639393 0.7606529 0.7409494 0.7735594 0.7254333 0.7457857 0.7708591 0.7409211 0.7406142 0.7745223 0.7877205 0.8170876 0.8775327 0.8488943 0.8479784 0.8454948 0.8424812 0.8430396 0.7827682 0.8581872 0.8604540 0.8697404 0.8567281 0.8628096 0.8831861 0.8403254 0.8257861 0.8470105 0.8751448 0.8987491 0.8851205 0.8986524 0.8582870 0.8870245 0.9036667 0.8160097 0.9261098 0.8787467 0.8922843 0.8995704 0.8913747 0.8679879 0.8668167 0.8744083 0.9545908 0.9165791 0.9151144 0.9337103 0.9028764 0.7967615 0.7725718 0.7445572 1.1452489 0.8595581 1.8721680 1.8969914 1.8519538 2.6083400 
A1.CY.06.CY154.FJ388943                0.4723746 0.4971283 0.4715325 0.5034040 0.5918296 0.5464652 0.5267401 0.5578861 0.4989618 0.4416552 0.4337229 0.4470596 0.4012174 0.4070942 0.4493986 0.0000000 0.4093837 0.4385525 0.4205858 0.5053461 0.5093212 0.5284504 0.5376478 0.5395478 0.5224790 0.5341994 0.6155027 0.6805808 0.4364920 0.4723388 0.6501969 0.7277431 0.5914344 0.5792289 0.6265804 0.6586169 0.6854776 0.6999353 0.6178708 0.7357356 0.7090249 0.7089616 0.7079058 0.7227591 0.7004045 0.7370215 0.6686375 0.6947637 0.7234969 0.6831662 0.6956119 0.7172775 0.7532200 0.7842103 0.8347390 0.8133458 0.8018721 0.7964864 0.7997480 0.7951971 0.7579837 0.8180328 0.8059015 0.8167346 0.7979055 0.8085118 0.8517601 0.7943643 0.7802893 0.7953069 0.8107210 0.8574814 0.8400745 0.8749657 0.8031879 0.8377097 0.8373815 0.7581107 0.8597038 0.8116241 0.8491242 0.8252366 0.8311685 0.8165411 0.8117403 0.8231747 0.9100535 0.8262251 0.8450214 0.8898819 0.8481989 0.7516891 0.7088542 0.6759556 1.0905548 0.7954873 1.8017537 1.8853014 1.7710345 2.4776960 
A6.UA.12.DEMA112UA036.KU749406         0.5038462 0.5277087 0.5118741 0.5259925 0.6266297 0.5859838 0.5710130 0.5758891 0.5281687 0.4639581 0.4516577 0.4754573 0.4274726 0.4462247 0.4884821 0.4093837 0.0000000 0.4665415 0.4620146 0.5212384 0.5311528 0.5688996 0.5551358 0.5779251 0.5502195 0.5671228 0.6304255 0.7060595 0.4828550 0.5122504 0.6591367 0.7568627 0.6195496 0.5992924 0.6821607 0.7053305 0.7201420 0.7077512 0.6639335 0.7727238 0.7610010 0.7706078 0.7508790 0.7906417 0.7601869 0.7912823 0.7109219 0.7374489 0.7853441 0.7396255 0.7426182 0.7966736 0.8087982 0.8180169 0.8861553 0.8499149 0.8051048 0.8168772 0.8101425 0.8199668 0.7813672 0.8560321 0.7983167 0.8528301 0.8379687 0.8361611 0.8516648 0.8148074 0.8290774 0.7962318 0.8262525 0.8734489 0.8437817 0.8743441 0.8505297 0.8672495 0.8679166 0.7765392 0.8670487 0.8477865 0.8751338 0.8829660 0.8694699 0.8384256 0.8485893 0.8445250 0.9172565 0.8721865 0.8761739 0.9015054 0.8863831 0.7692809 0.7510932 0.7133826 1.1103178 0.8236129 1.8427260 1.9325099 1.8350878 2.5068391 
A1D.UG.99.99UGJ21953.AF484496          0.5438661 0.5467375 0.5434200 0.5674243 0.6405413 0.5844277 0.5660181 0.6107261 0.5499935 0.4494842 0.4318245 0.4690541 0.4031830 0.4207774 0.4619128 0.4385525 0.4665415 0.0000000 0.4935851 0.5724296 0.5677304 0.5991615 0.5926938 0.6103830 0.5824810 0.6067795 0.6603098 0.7535214 0.5053616 0.4656348 0.7001385 0.7863533 0.6365657 0.6208466 0.6844946 0.7196255 0.7207440 0.7457834 0.6913853 0.7323579 0.7000255 0.7082928 0.7159307 0.7274792 0.7024581 0.7224024 0.6517744 0.7036221 0.7374901 0.7069417 0.6775757 0.7343230 0.7576781 0.7722072 0.8271901 0.7883853 0.8507024 0.8482028 0.8522833 0.8400166 0.8190663 0.8760419 0.8579726 0.8852668 0.8595592 0.8880481 0.8820444 0.8585310 0.8494579 0.8210208 0.8782359 0.9173397 0.9156853 0.8858287 0.8620992 0.8892608 0.8863328 0.8134988 0.9144667 0.8760693 0.8901265 0.8921075 0.9009060 0.8722554 0.8685046 0.8682696 0.9467717 0.8914357 0.9129639 0.9241067 0.9224350 0.7952620 0.7728792 0.7440963 1.1230403 0.8171299 1.8359480 1.9350668 1.8198299 2.5569283 
22_01A1.CM.02.02CM_1867LE.AY371165     0.5323115 0.5554319 0.5351567 0.5478550 0.6405598 0.6070037 0.5754416 0.5851616 0.5284921 0.4890464 0.4816949 0.5014461 0.4483639 0.4657532 0.5040371 0.4205858 0.4620146 0.4935851 0.0000000 0.4213778 0.4295193 0.4651100 0.4473605 0.4689095 0.4358200 0.4634017 0.5270864 0.6217349 0.5103011 0.5224789 0.5583902 0.6511354 0.6296072 0.6116914 0.6703647 0.7257419 0.7283109 0.7300541 0.6911165 0.8132710 0.7466807 0.7706281 0.7919823 0.8059989 0.7537218 0.8033589 0.7458370 0.7443348 0.7731400 0.7490548 0.7621150 0.7879147 0.8237742 0.8175163 0.8970846 0.8736542 0.8224872 0.8198821 0.8061242 0.8203619 0.7836791 0.8534383 0.8277600 0.8410590 0.8136992 0.8478218 0.8717258 0.8121517 0.8061637 0.8032667 0.8632102 0.8641201 0.8552095 0.8840683 0.8397980 0.8768713 0.8636400 0.7880877 0.8898650 0.8370558 0.8650161 0.8597338 0.8460736 0.8454116 0.8417616 0.8454114 0.9137525 0.8713801 0.9014085 0.8988491 0.8686149 0.7650705 0.7417984 0.7060184 1.1397961 0.8126328 1.8678361 1.9238901 1.8378642 2.5051192 
01_AE.CN.02.YN0236.JX112866            0.5971242 0.6170749 0.5935127 0.6062392 0.6851036 0.6754654 0.6366332 0.6741569 0.6061025 0.5610502 0.5469527 0.5720159 0.5210316 0.5331873 0.5715349 0.5053461 0.5212384 0.5724296 0.4213778 0.0000000 0.1553932 0.2044641 0.2013580 0.2078459 0.2146211 0.2426831 0.2913294 0.3599904 0.5804639 0.5923276 0.4524666 0.5243914 0.7120673 0.6929104 0.7574619 0.7979235 0.7968543 0.8028866 0.7477654 0.8550870 0.8265972 0.8423872 0.8354708 0.8685007 0.8209888 0.8548815 0.8216690 0.8195466 0.8355438 0.8247220 0.8147832 0.8551267 0.8725139 0.9040801 0.9573154 0.9357822 0.8865286 0.9034966 0.8945318 0.8836530 0.8574170 0.9065386 0.8919902 0.9173305 0.9029758 0.9120814 0.9355568 0.9034949 0.8908905 0.8826851 0.9360122 0.9180187 0.9312843 0.9595719 0.9158054 0.9460941 0.9279550 0.8540679 0.9434726 0.9191439 0.9433255 0.9278086 0.9400830 0.9239481 0.9351501 0.8993784 0.9696005 0.9415684 0.9674996 0.9902687 0.9382803 0.8273379 0.8164343 0.7804751 1.1767718 0.8728151 1.9351854 2.0039280 1.9537615 2.5251958 
01_AE.TH.99.99TH_C4460.AY945726        0.6004368 0.6101589 0.5959144 0.6058592 0.6872796 0.6734537 0.6273474 0.6668283 0.6038304 0.5713270 0.5459868 0.5818746 0.5282216 0.5374502 0.5684874 0.5093212 0.5311528 0.5677304 0.4295193 0.1553932 0.0000000 0.1991150 0.2009219 0.2012971 0.2101987 0.2397282 0.2897812 0.3535193 0.5819880 0.5933094 0.4513387 0.5335831 0.7260636 0.6835861 0.7613921 0.7873292 0.7800245 0.7990389 0.7509300 0.8534098 0.8392882 0.8377285 0.8401272 0.8713391 0.8113576 0.8500241 0.8069881 0.8382225 0.8442992 0.8212385 0.8119353 0.8553962 0.8645661 0.8844777 0.9445610 0.9173853 0.8982483 0.9087123 0.9040429 0.8881310 0.8592252 0.9232291 0.9018393 0.9398265 0.9062785 0.9097287 0.9509815 0.9129073 0.8812205 0.8871234 0.9273206 0.9352389 0.9394468 0.9616089 0.9184163 0.9444015 0.9537164 0.8517641 0.9494625 0.9303105 0.9640879 0.9552948 0.9560890 0.9337582 0.9358068 0.9266058 0.9725365 0.9364431 0.9729065 0.9761379 0.9543088 0.8540038 0.8313286 0.7859193 1.1554576 0.8872369 1.9175275 1.9990633 1.9359874 2.4870292 
01_AE.CN.07.07CNYN326.KF835513         0.6255027 0.6473147 0.6379269 0.6281435 0.7243095 0.7025736 0.6695346 0.6981215 0.6350303 0.6065212 0.5833197 0.5991496 0.5658603 0.5905340 0.6120221 0.5284504 0.5688996 0.5991615 0.4651100 0.2044641 0.1991150 0.0000000 0.2265688 0.2419409 0.2426786 0.2671676 0.3211171 0.3941286 0.5994374 0.6259617 0.4811211 0.5531106 0.7470565 0.7140592 0.7809693 0.8312050 0.8195963 0.8369768 0.7679206 0.8938184 0.8645209 0.8592566 0.8615865 0.8844446 0.8387522 0.8718619 0.8454348 0.8501521 0.8707395 0.8442985 0.8361924 0.8814954 0.8863023 0.9200167 0.9885640 0.9452465 0.9186356 0.9245554 0.9242417 0.9333650 0.8912491 0.9346318 0.9340538 0.9498386 0.9426547 0.9390027 0.9710655 0.9365388 0.8986620 0.9086261 0.9481213 0.9612229 0.9544325 0.9725307 0.9498701 0.9644683 0.9681576 0.8757902 1.0011847 0.9345940 0.9575050 0.9492148 0.9477551 0.9524889 0.9569703 0.9503731 1.0043720 0.9755891 1.0112602 1.0253538 0.9716645 0.8563220 0.8439042 0.8378309 1.1868866 0.9277609 1.9261181 2.0036688 1.9537177 2.4905248 
01_AE.TH.07.AA030a04.JX447057          0.6462457 0.6462673 0.6486019 0.6296955 0.7184590 0.7100923 0.6671913 0.6982020 0.6450950 0.5889313 0.5757019 0.6126532 0.5575794 0.5788471 0.5973811 0.5376478 0.5551358 0.5926938 0.4473605 0.2013580 0.2009219 0.2265688 0.0000000 0.2403652 0.2420694 0.2622376 0.3238575 0.3949578 0.6068708 0.6256347 0.4832400 0.5679451 0.7520662 0.7265137 0.7901052 0.8162006 0.8356285 0.8288251 0.7872467 0.9141726 0.8501055 0.8508382 0.8514115 0.8777883 0.8213699 0.8743728 0.8217334 0.8530589 0.8455902 0.8278001 0.8265587 0.8665626 0.8816827 0.9079923 0.9838860 0.9326138 0.9188439 0.9438258 0.9397412 0.9366046 0.9075619 0.9460812 0.9401793 0.9607659 0.9629430 0.9717222 0.9810933 0.9444256 0.9311948 0.9125939 0.9808480 0.9655218 0.9692165 0.9833828 0.9571697 0.9543286 1.0003254 0.8944362 1.0052207 0.9500329 0.9634358 0.9643314 0.9766263 0.9409222 0.9462838 0.9555008 1.0114293 0.9812309 1.0153077 1.0151300 0.9903668 0.8998379 0.8524967 0.8229990 1.1851434 0.9106367 1.9388501 1.9856891 1.9842585 2.5807624 
01_AE.CN.07.GX070143.JX112835          0.6456370 0.6567084 0.6507429 0.6408463 0.7349434 0.7196144 0.6667460 0.6994757 0.6448329 0.6056294 0.5831001 0.6125194 0.5594258 0.5716092 0.6158796 0.5395478 0.5779251 0.6103830 0.4689095 0.2078459 0.2012971 0.2419409 0.2403652 0.0000000 0.2489251 0.2824107 0.3293095 0.3911279 0.6174130 0.6371894 0.4881334 0.5739457 0.7682546 0.7272775 0.7966844 0.8246710 0.8233498 0.8593297 0.7785877 0.8898677 0.8715883 0.8732222 0.8448545 0.8967354 0.8482878 0.8942733 0.8320650 0.8514647 0.8689554 0.8497879 0.8429784 0.8894522 0.8963611 0.9307491 0.9819928 0.9615527 0.9535761 0.9601730 0.9339868 0.9283420 0.9034119 0.9496803 0.9482565 0.9606830 0.9381311 0.9602251 0.9845474 0.9370633 0.9290284 0.9370102 0.9700202 0.9890383 0.9866043 1.0027571 0.9527794 0.9906343 0.9970184 0.8945929 0.9999340 0.9691391 0.9832352 0.9728544 0.9885517 0.9758613 0.9637148 0.9455433 1.0137171 0.9909705 1.0050239 1.0444070 0.9809415 0.8599555 0.8608403 0.8400766 1.2248866 0.9052589 1.9513579 2.0207907 1.9696336 2.5665302 
01_AE.TH.05.AA101a_WG1.JX447936        0.6014394 0.6319603 0.6212953 0.6149954 0.7027503 0.6840077 0.6520578 0.6783287 0.6117433 0.5775796 0.5621276 0.5884734 0.5407200 0.5512450 0.5918789 0.5224790 0.5502195 0.5824810 0.4358200 0.2146211 0.2101987 0.2426786 0.2420694 0.2489251 0.0000000 0.2477365 0.3210484 0.3862744 0.5928396 0.6128519 0.4697664 0.5520139 0.7251686 0.6934297 0.7624769 0.8025258 0.8029382 0.8229150 0.7577543 0.8846617 0.8439723 0.8495288 0.8398812 0.8700894 0.8248275 0.8581258 0.8029975 0.8094696 0.8537873 0.8191918 0.8331234 0.8520442 0.8891384 0.8943167 0.9612735 0.9343381 0.9001517 0.9318335 0.9074065 0.9074858 0.8839621 0.9281994 0.9054445 0.9419888 0.9118630 0.9313521 0.9575163 0.9390482 0.9064369 0.9001495 0.9451966 0.9552911 0.9695259 0.9881083 0.9136403 0.9251837 0.9822742 0.8666633 0.9660432 0.9338758 0.9603725 0.9454980 0.9703359 0.9502402 0.9444053 0.9212956 0.9902101 0.9590202 0.9845769 0.9820846 0.9649117 0.8413131 0.8174805 0.8015050 1.1987239 0.9044354 1.9608303 2.0193162 1.9380575 2.6021939 
01_AE.CN.07.07CNYN343.KF835528         0.6465034 0.6487567 0.6445246 0.6439613 0.7439957 0.7160069 0.6778609 0.7055040 0.6467259 0.6075380 0.5848405 0.6236700 0.5649599 0.5840461 0.6283267 0.5341994 0.5671228 0.6067795 0.4634017 0.2426831 0.2397282 0.2671676 0.2622376 0.2824107 0.2477365 0.0000000 0.3514030 0.4280669 0.6069137 0.6460537 0.4999265 0.5811607 0.7441468 0.7358552 0.8019682 0.8289528 0.8243109 0.8419518 0.7888682 0.9230973 0.8969421 0.8776039 0.8759813 0.9068089 0.8736707 0.9200901 0.8388452 0.8717387 0.8901852 0.8674670 0.8662476 0.9025355 0.9233801 0.9278809 1.0115399 0.9812074 0.9209739 0.9618562 0.9509648 0.9373466 0.8925033 0.9769239 0.9406894 0.9504843 0.9699321 0.9742747 1.0002996 0.9471580 0.9197051 0.9130606 0.9638767 1.0041576 0.9976401 1.0256254 0.9494596 0.9682366 0.9781036 0.8959274 1.0142423 0.9591709 0.9819997 0.9752688 0.9972324 0.9631637 0.9743390 0.9447778 1.0306415 0.9874541 1.0339623 1.0202118 0.9887260 0.8904806 0.8740854 0.8461496 1.2218043 0.9246665 1.9464254 1.9777119 1.9668629 2.5632052 
01BC.CN.13.SZ95LS8027.KX379000         0.7018487 0.7351640 0.7035034 0.7202315 0.7974727 0.7720055 0.7451743 0.7805023 0.7214282 0.6798312 0.6515805 0.6898594 0.6268568 0.6505982 0.6720128 0.6155027 0.6304255 0.6603098 0.5270864 0.2913294 0.2897812 0.3211171 0.3238575 0.3293095 0.3210484 0.3514030 0.0000000 0.4733922 0.6813264 0.6937445 0.5488442 0.6222528 0.8220595 0.8055042 0.8741977 0.8713476 0.8794484 0.9148160 0.8462695 0.9551755 0.9475066 0.9229756 0.9265099 0.9717700 0.9130095 0.9519362 0.9001878 0.9239929 0.9393338 0.9253759 0.9168017 0.9562786 0.9541510 0.9728607 1.0857285 1.0279304 0.9861439 1.0216895 0.9918218 1.0225622 0.9692339 1.0133836 1.0045203 1.0214462 1.0232913 1.0186306 1.0384605 1.0302497 0.9834136 0.9926111 1.0430244 1.0304505 1.0524221 1.0593886 1.0367200 1.0411357 1.0525532 0.9514093 1.0769154 1.0454832 1.0539412 1.0464078 1.0635550 1.0323946 1.0400306 1.0057662 1.0905049 1.0535979 1.0864570 1.0891513 1.0955452 0.9382821 0.9316364 0.8840771 1.2749130 0.9707685 1.9076735 1.9392165 1.9483575 2.5912018 
69_01B.JP.05.05JPMYC113SP420.LC027100  0.7700221 0.7834574 0.7656573 0.7898216 0.8597263 0.8517999 0.8220847 0.8582426 0.7975154 0.7359188 0.7289968 0.7640420 0.7071654 0.7477185 0.7657692 0.6805808 0.7060595 0.7535214 0.6217349 0.3599904 0.3535193 0.3941286 0.3949578 0.3911279 0.3862744 0.4280669 0.4733922 0.0000000 0.7665603 0.7647576 0.6279986 0.7036576 0.8815439 0.8682485 0.9200863 0.9800454 0.9950920 0.9864283 0.9258934 1.0397926 1.0244150 1.0199154 0.9964944 1.0556033 0.9759519 1.0334757 0.9919549 0.9854200 1.0118984 0.9733727 1.0043713 1.0339763 1.0744987 1.0674263 1.1353170 1.0799974 1.0616998 1.0741999 1.0697517 1.1070893 1.0531431 1.0894450 1.0783648 1.1089746 1.0948833 1.0919241 1.1185000 1.0696697 1.0641561 1.0450957 1.1225794 1.1260541 1.1127170 1.1213042 1.0869145 1.0835854 1.1355271 1.0340527 1.1454126 1.0925049 1.0957527 1.1104358 1.1048271 1.0974809 1.1182954 1.1079497 1.1736171 1.1074127 1.1452819 1.1622253 1.1344031 1.0170630 0.9930496 0.9795518 1.3532058 1.0803100 2.0666002 2.1177431 2.0359106 2.6978966 
45_cpx.CD.97.97CD_MBFE185.FN392874     0.4461857 0.4619481 0.4535428 0.4646836 0.5448503 0.5184857 0.4795013 0.5236176 0.4688256 0.5082651 0.4789007 0.5129336 0.4673481 0.4786733 0.5211049 0.4364920 0.4828550 0.5053616 0.5103011 0.5804639 0.5819880 0.5994374 0.6068708 0.6174130 0.5928396 0.6069137 0.6813264 0.7665603 0.0000000 0.5388783 0.6996101 0.7874866 0.5602062 0.5440297 0.5952237 0.6353626 0.6339279 0.6607833 0.5913936 0.7948382 0.7553107 0.7803024 0.7913976 0.7981010 0.7715113 0.7957453 0.7472110 0.7821422 0.7934136 0.7694477 0.7651754 0.8076771 0.8157965 0.8582288 0.8916269 0.8741124 0.7366450 0.7436160 0.7372823 0.7403505 0.7034573 0.7711540 0.7539871 0.7758669 0.7343751 0.7547001 0.7868657 0.7685467 0.7396029 0.7368159 0.7670136 0.8100679 0.7916328 0.8209472 0.7814521 0.7913389 0.7976931 0.7223749 0.8182151 0.7746289 0.7955949 0.7774186 0.8000820 0.7740651 0.7748824 0.7752567 0.8548054 0.7857679 0.8207492 0.8456687 0.8194431 0.6947486 0.6704741 0.6359032 1.0305279 0.7458296 1.8049741 1.8245009 1.7752366 2.4756984 
A1C.UG.99.99UGF25926.AF484491          0.5705371 0.5928604 0.5633103 0.5790587 0.6568826 0.6328356 0.6130833 0.6450776 0.6009025 0.4803001 0.4690325 0.4870742 0.4507432 0.4487117 0.5022230 0.4723388 0.5122504 0.4656348 0.5224789 0.5923276 0.5933094 0.6259617 0.6256347 0.6371894 0.6128519 0.6460537 0.6937445 0.7647576 0.5388783 0.0000000 0.7553449 0.8229521 0.6770173 0.6875679 0.7373651 0.7669941 0.7833734 0.7671918 0.7101145 0.6461730 0.5941714 0.6091968 0.6122662 0.6243052 0.5844186 0.6305338 0.5671449 0.5920803 0.6179707 0.5983770 0.5857260 0.6282354 0.6628798 0.6862657 0.7295019 0.6911632 0.8835399 0.8793536 0.8651994 0.8604145 0.8335009 0.8808583 0.8833886 0.8855163 0.8512520 0.8852983 0.8984057 0.8750746 0.8625423 0.8566885 0.8738738 0.9431140 0.9163217 0.9449797 0.8733109 0.9355162 0.9097771 0.8170403 0.9503385 0.8859361 0.9217277 0.9077665 0.8947787 0.8882930 0.8887259 0.8981186 0.9727138 0.9246513 0.9494574 0.9355252 0.9350696 0.8236811 0.7939514 0.7676348 1.1341507 0.8785246 1.8560166 1.9359400 1.8324124 2.4384932 
0107.CN.15.HB041501.KY019257           0.7165650 0.7428796 0.7244680 0.7534926 0.8130941 0.8053707 0.7636868 0.7749993 0.7511719 0.7013982 0.6864624 0.7146571 0.6530013 0.6798011 0.7020392 0.6501969 0.6591367 0.7001385 0.5583902 0.4524666 0.4513387 0.4811211 0.4832400 0.4881334 0.4697664 0.4999265 0.5488442 0.6279986 0.6996101 0.7553449 0.0000000 0.4200007 0.8366241 0.8163951 0.8798946 0.9250595 0.8750817 0.9174879 0.8690769 1.0035099 0.9370887 0.9539842 0.9589230 1.0007662 0.9320567 0.9824694 0.9208656 0.9342770 0.9545502 0.9472903 0.9370689 0.9787504 1.0090707 1.0164344 1.0679412 1.0193318 1.0237974 1.0346539 1.0231986 1.0365459 1.0041660 1.0315985 1.0192188 1.0566903 1.0415415 1.0604638 1.0885554 1.0453957 1.0279498 1.0071599 1.0637729 1.1079782 1.0636900 1.1023016 1.0558734 1.0828540 1.0903979 0.9930610 1.1019795 1.0687853 1.0807036 1.0539636 1.0749558 1.0388151 1.0794400 1.0391812 1.1655893 1.0894543 1.1167520 1.1394211 1.1070637 0.9847218 0.9682283 0.9297779 1.2946025 1.0517007 2.0908621 2.1496551 2.1250194 2.7120429 
01BC.CN.14.BJ.2014.MSM.SP01.KP668994   0.7990084 0.8091575 0.8031162 0.8129908 0.8841758 0.8723600 0.8515571 0.8618235 0.8269087 0.7753421 0.7767748 0.7904591 0.7493437 0.7432573 0.7899658 0.7277431 0.7568627 0.7863533 0.6511354 0.5243914 0.5335831 0.5531106 0.5679451 0.5739457 0.5520139 0.5811607 0.6222528 0.7036576 0.7874866 0.8229521 0.4200007 0.0000000 0.9216607 0.8790007 0.9324880 0.9973100 1.0055007 0.9780572 0.9306209 1.0626465 1.0106619 1.0596976 1.0630047 1.0872989 1.0496210 1.0814556 1.0066824 1.0228662 1.0653020 1.0325613 1.0336019 1.0691811 1.0677262 1.1133414 1.1744647 1.1441938 1.0940115 1.1097084 1.0831011 1.1239955 1.0836763 1.1127180 1.0932414 1.1289916 1.1348255 1.1210926 1.1309589 1.1171133 1.1022339 1.0941589 1.1304625 1.1633038 1.1364569 1.1692855 1.1445784 1.1513940 1.1377207 1.0530399 1.1602974 1.1168063 1.1574679 1.1238217 1.1541202 1.1378847 1.1130779 1.0939624 1.1917149 1.1613394 1.1810787 1.2119154 1.1568092 1.0356614 1.0233883 1.0067487 1.3540202 1.0934544 2.1054597 2.2254925 2.1245082 2.7521275 
93_cpx.CD.08.DRC653.MF372651           0.4822293 0.4971726 0.4838550 0.4936433 0.5826017 0.5451504 0.5177267 0.5494808 0.5283623 0.6417033 0.6186336 0.6614724 0.5994061 0.6048421 0.6568213 0.5914344 0.6195496 0.6365657 0.6296072 0.7120673 0.7260636 0.7470565 0.7520662 0.7682546 0.7251686 0.7441468 0.8220595 0.8815439 0.5602062 0.6770173 0.8366241 0.9216607 0.0000000 0.6215892 0.6758181 0.7194673 0.7262925 0.6960552 0.6833670 0.9327911 0.9032164 0.9263995 0.9330791 0.9338698 0.9084696 0.9540831 0.8563947 0.8881148 0.9257589 0.8870765 0.9134073 0.9690161 0.9782580 0.9993881 1.0194583 1.0087304 0.8764747 0.8830443 0.8561451 0.8763650 0.8248235 0.8791239 0.8583066 0.8858364 0.8894065 0.8858717 0.8951891 0.8748669 0.8617406 0.8603278 0.8933662 0.9353851 0.9152684 0.9458199 0.8772857 0.9018869 0.9098611 0.8379120 0.9301838 0.8916788 0.9130798 0.9148366 0.9054266 0.8778452 0.8970237 0.8854971 0.9877419 0.9062906 0.9409121 0.9666726 0.8957049 0.8199002 0.7879463 0.7371109 1.1665037 0.8780336 1.8281332 1.8758202 1.8375252 2.4610041 
G.NG.92.92NG083_JV10832.U88826         0.5172595 0.5285007 0.5198732 0.5350764 0.6382818 0.5784497 0.5679641 0.5829771 0.4899744 0.6521618 0.6254177 0.6537924 0.6115119 0.6174559 0.6631560 0.5792289 0.5992924 0.6208466 0.6116914 0.6929104 0.6835861 0.7140592 0.7265137 0.7272775 0.6934297 0.7358552 0.8055042 0.8682485 0.5440297 0.6875679 0.8163951 0.8790007 0.6215892 0.0000000 0.3380188 0.3855820 0.3850566 0.7365525 0.7066451 0.9517432 0.8996045 0.9310907 0.9222217 0.9218008 0.9183442 0.9472518 0.8664419 0.9005003 0.9417413 0.9261721 0.8801484 0.9461994 0.9555353 0.9821397 1.0345969 1.0150574 0.8419748 0.8580823 0.8521796 0.8670310 0.8310814 0.8690403 0.8797555 0.8962918 0.8737065 0.8817042 0.9006095 0.8714188 0.8377347 0.8551190 0.8637488 0.9260618 0.9122794 0.9596568 0.8888535 0.8984761 0.9289812 0.8461329 0.9368972 0.8990841 0.9270157 0.9134272 0.9270884 0.8927434 0.8966751 0.8843181 0.9798390 0.9184274 0.9098501 0.9594592 0.9219621 0.8071220 0.7847541 0.7376978 1.1543525 0.8666393 1.8660477 1.9423748 1.8987286 2.5101197 
G.NG.09.09NG010261.KX389626            0.5642036 0.5971643 0.5801148 0.5831951 0.6761651 0.6302327 0.6254766 0.6472074 0.5555037 0.6889393 0.6793657 0.7083320 0.6651339 0.6630485 0.6995679 0.6265804 0.6821607 0.6844946 0.6703647 0.7574619 0.7613921 0.7809693 0.7901052 0.7966844 0.7624769 0.8019682 0.8741977 0.9200863 0.5952237 0.7373651 0.8798946 0.9324880 0.6758181 0.3380188 0.0000000 0.4481282 0.4505562 0.7749678 0.7567118 1.0000373 0.9459121 0.9501892 0.9521223 0.9934893 0.9580761 0.9881027 0.8983724 0.9621135 0.9777632 0.9778394 0.9626612 0.9865158 1.0195315 1.0443742 1.0668540 1.0662439 0.8980057 0.9049706 0.8829704 0.8979344 0.8546250 0.9275793 0.9165736 0.9224000 0.9039589 0.9203461 0.9337377 0.8948461 0.8803709 0.8896761 0.8974445 0.9454049 0.9133117 0.9756343 0.9119341 0.9536042 0.9544197 0.8631718 0.9623337 0.9320561 0.9425404 0.9106492 0.9411877 0.9129134 0.9065782 0.9354483 1.0027152 0.9630614 0.9596451 1.0006191 0.9605112 0.8410691 0.8311045 0.7739240 1.1765018 0.9302918 1.9915367 2.0820813 1.9591836 2.5577701 
01F2G.CM.02.LT31.JN864056              0.5935349 0.6101870 0.6012888 0.6355363 0.7094092 0.6617280 0.6380447 0.6640049 0.5980426 0.7337463 0.7163953 0.7416284 0.7016379 0.6911085 0.7433987 0.6586169 0.7053305 0.7196255 0.7257419 0.7979235 0.7873292 0.8312050 0.8162006 0.8246710 0.8025258 0.8289528 0.8713476 0.9800454 0.6353626 0.7669941 0.9250595 0.9973100 0.7194673 0.3855820 0.4481282 0.0000000 0.4016410 0.8145092 0.8155995 1.0458593 0.9782144 1.0269249 1.0266933 1.0171319 0.9910054 1.0173054 0.9434481 0.9794585 1.0225659 0.9927922 0.9885772 1.0153673 1.0338009 1.0833779 1.1314589 1.0698817 0.9300190 0.9380726 0.9226199 0.9451530 0.9056818 0.9659955 0.9453654 0.9689828 0.9411689 0.9497571 0.9748291 0.9233715 0.8883262 0.9038822 0.9607084 0.9935428 0.9885313 1.0107039 0.9349377 1.0082290 0.9991764 0.9049398 1.0022649 0.9594759 0.9795049 0.9815374 0.9861869 0.9751484 0.9594957 0.9613689 1.0320854 0.9939647 1.0034354 1.0381851 1.0209464 0.8738406 0.8690546 0.8393135 1.1982652 0.9700157 1.9294319 1.9753601 1.9115470 2.6679605 
BCG.ES.15.100_119.KY496623             0.5981709 0.6201173 0.6103155 0.6389734 0.7265319 0.6854023 0.6551834 0.6826633 0.6139752 0.7386225 0.7326801 0.7653340 0.7123014 0.6932817 0.7612614 0.6854776 0.7201420 0.7207440 0.7283109 0.7968543 0.7800245 0.8195963 0.8356285 0.8233498 0.8029382 0.8243109 0.8794484 0.9950920 0.6339279 0.7833734 0.8750817 1.0055007 0.7262925 0.3850566 0.4505562 0.4016410 0.0000000 0.8514346 0.8196146 1.0370115 0.9840804 1.0344533 1.0073058 1.0395117 1.0076664 1.0370375 0.9514521 1.0096938 1.0510125 1.0443740 1.0056266 1.0479815 1.0681615 1.0943020 1.1599305 1.1150854 0.9216548 0.9314522 0.9243256 0.9513621 0.8858928 0.9678445 0.9572778 0.9645937 0.9428089 0.9540909 0.9987080 0.9381798 0.9200620 0.9155407 0.9594702 0.9725058 0.9773807 1.0396037 0.9499295 0.9944316 0.9788146 0.9103475 0.9875523 0.9793299 0.9941474 0.9756189 0.9936730 0.9624371 0.9802208 0.9612876 1.0593138 1.0133448 1.0060623 1.0432898 1.0130125 0.8878019 0.8722654 0.8396210 1.2495332 0.9390962 1.9502301 2.0488911 1.9632757 2.6935460 
06_cpx.SN.97.97SE1078.AJ288981         0.5425563 0.5507021 0.5275187 0.5576495 0.6341746 0.6034326 0.6020481 0.6301885 0.6443627 0.7159696 0.7419933 0.7562526 0.7094007 0.7098804 0.7937412 0.6999353 0.7077512 0.7457834 0.7300541 0.8028866 0.7990389 0.8369768 0.8288251 0.8593297 0.8229150 0.8419518 0.9148160 0.9864283 0.6607833 0.7671918 0.9174879 0.9780572 0.6960552 0.7365525 0.7749678 0.8145092 0.8514346 0.0000000 0.8124143 1.0097687 0.9768332 0.9903571 0.9850614 1.0267774 0.9730883 1.0150055 0.9656359 0.9786467 1.0188361 0.9850992 0.9777252 1.0343474 1.0365724 1.0554830 1.1050085 1.0822199 0.9693600 0.9779500 0.9714326 0.9622101 0.9297768 0.9790159 0.9722144 1.0028988 0.9802313 0.9921167 0.9895186 0.9670741 0.9553842 0.9385489 0.9686592 1.0469207 0.9972209 1.0530580 0.9850705 1.0110104 0.9989812 0.9181519 1.0448604 1.0155312 0.9882252 0.9764221 1.0066342 0.9946964 0.9889368 0.9924934 1.0727439 1.0216398 1.0218336 1.0122179 1.0280326 0.9063861 0.9291557 0.8598448 1.3015105 0.9589273 1.8521668 1.8618815 1.8620338 2.4928215 
