90
SUDV_H.sap-xx_UGA_12_EboSud-603_KC545390                   0.0000000 0.0000512 1.9335220 1.9410994 1.9534603 1.9766127 1.9733550 1.9770379 1.9777104 1.9772197 1.9744590 1.9743327 1.9768801 1.9728915 1.9728915 1.9758072 1.9697406 1.9722807 1.9736468 1.9773421 1.9750740 1.9747302 1.9747302 1.9734500 1.9723114 1.9771911 1.9739392 1.9779554 1.9779554 1.9749215 1.9724971 1.9745219 1.9773659 1.9739145 1.9743091 1.9768385 1.9762961 1.9755659 1.9734601 1.9739624 1.9777580 1.9777580 1.9708779 1.9768928 1.9764419 1.9749255 1.9733976 1.9762311 1.9765727 1.9737780 1.9737780 1.9755002 1.9742870 1.9748727 1.9762815 1.9755606 1.9762313 1.9756030 1.9741165 1.9741165 1.9747719 1.9753716 1.9762627 1.9747464 1.9740430 1.9743760 1.9744928 1.9745194 1.9746457 1.9750732 1.9738271 1.9751318 1.9743861 1.9741923 1.9740781 1.9751439 1.9745279 1.9743676 1.9743861 1.9743861 1.9523832 1.9514704 1.9514704 1.9523563 1.9617631 1.9621564 1.9666581 1.9659991 2.2222042 2.2470050 
SUDV_H.sap-xx_UGA_12_EboSud-609_KC545391                   0.0000512 0.0000000 1.9341236 1.9417032 1.9540690 1.9787084 1.9754474 1.9791340 1.9798077 1.9793166 1.9765522 1.9764258 1.9789765 1.9749824 1.9749824 1.9779022 1.9718282 1.9743713 1.9757391 1.9794393 1.9771676 1.9768233 1.9768233 1.9755417 1.9744016 1.9792880 1.9760314 1.9800536 1.9800536 1.9770155 1.9745876 1.9766151 1.9794639 1.9760068 1.9764021 1.9789348 1.9783920 1.9776611 1.9755523 1.9760554 1.9798558 1.9798558 1.9729664 1.9789893 1.9785380 1.9770195 1.9754894 1.9783265 1.9786690 1.9758700 1.9758700 1.9775950 1.9763799 1.9769662 1.9783773 1.9776557 1.9783272 1.9776982 1.9762095 1.9762095 1.9768654 1.9774662 1.9783585 1.9768398 1.9761360 1.9764692 1.9765861 1.9766126 1.9767390 1.9771674 1.9759192 1.9772261 1.9764793 1.9762852 1.9761710 1.9772382 1.9766211 1.9764607 1.9764793 1.9764793 1.9544463 1.9535317 1.9535317 1.9544188 1.9638368 1.9642349 1.9687422 1.9680825 2.2246550 2.2494650 
RESTV_S.dom-xx_PHL_08_Reston08-C_FJ621584                  1.9335220 1.9341236 0.0000000 0.0330592 0.0489873 1.9039317 1.8991761 1.8975435 1.8974481 1.8978092 1.8988931 1.8994116 1.8980530 1.8999058 1.8999058 1.8991748 1.8959628 1.8974333 1.8966431 1.8987309 1.8974121 1.8977970 1.8977970 1.8969962 1.8978939 1.8972421 1.8969432 1.8994954 1.8994954 1.8979666 1.8975124 1.8983211 1.8957180 1.8963940 1.8966200 1.8993143 1.8949648 1.8952630 1.8955767 1.8965705 1.9003314 1.9003314 1.8943863 1.8965102 1.8956242 1.8980699 1.8988204 1.8975040 1.8977221 1.8982628 1.8982628 1.8965677 1.8964439 1.8973425 1.8978648 1.8974779 1.8970478 1.8995163 1.8968342 1.8968342 1.8972579 1.8973810 1.8987706 1.8976269 1.8974246 1.8965706 1.8972009 1.8971890 1.8970648 1.8984592 1.8979524 1.8980739 1.8973765 1.8968104 1.8974888 1.8971129 1.8973765 1.8970921 1.8971129 1.8971129 1.8698404 1.8680442 1.8680442 1.8691758 1.8918981 1.9061411 1.9068674 1.9020497 2.1310534 2.1177039 
RESTV_M.fas-tc_USA_89_Philippines89-Pennsylvania_NC_004161 1.9410994 1.9417032 0.0330592 0.0000000 0.0244967 1.8818398 1.8768402 1.8753409 1.8755126 1.8758683 1.8769444 1.8774580 1.8756108 1.8774343 1.8774343 1.8767152 1.8735444 1.8745701 1.8742232 1.8766786 1.8749768 1.8758704 1.8758704 1.8745696 1.8754540 1.8748031 1.8745169 1.8770197 1.8770197 1.8758004 1.8750740 1.8758750 1.8733083 1.8739725 1.8743137 1.8768453 1.8738587 1.8728579 1.8727787 1.8734810 1.8777400 1.8777400 1.8719947 1.8740816 1.8732145 1.8756212 1.8758505 1.8750614 1.8752713 1.8758110 1.8758110 1.8741348 1.8740154 1.8749059 1.8754131 1.8733500 1.8746196 1.8770465 1.8749166 1.8749166 1.8748230 1.8752085 1.8763086 1.8751885 1.8749879 1.8746553 1.8747657 1.8749134 1.8746309 1.8760057 1.8755042 1.8756244 1.8749398 1.8743790 1.8746489 1.8746786 1.8749398 1.8746573 1.8746786 1.8746786 1.8511104 1.8493373 1.8493373 1.8502961 1.8749568 1.8903046 1.8901851 1.8859291 2.1271609 2.1270563 
RESTV_S.dom-tc_PHL_08_Reston08-A_FJ621583                  1.9534603 1.9540690 0.0489873 0.0244967 0.0000000 1.8884553 1.8838568 1.8823482 1.8825216 1.8828795 1.8842108 1.8847266 1.8827439 1.8845789 1.8845789 1.8838552 1.8803842 1.8815749 1.8813351 1.8835348 1.8819834 1.8822058 1.8822058 1.8814132 1.8823028 1.8816508 1.8813603 1.8838814 1.8838814 1.8826529 1.8817982 1.8828499 1.8806601 1.8808138 1.8811582 1.8837048 1.8807014 1.8795692 1.8800046 1.8803186 1.8847150 1.8847150 1.8788243 1.8809252 1.8800512 1.8824728 1.8832189 1.8819105 1.8821232 1.8826639 1.8826639 1.8809798 1.8810187 1.8817530 1.8822654 1.8805800 1.8814637 1.8839064 1.8817634 1.8817634 1.8816695 1.8820583 1.8831652 1.8820365 1.8818351 1.8815011 1.8816122 1.8817603 1.8814768 1.8828593 1.8823556 1.8824764 1.8817870 1.8812238 1.8814946 1.8815247 1.8817870 1.8815035 1.8815247 1.8815247 1.8573867 1.8556047 1.8556047 1.8565686 1.8790609 1.8951354 1.8938034 1.8874907 2.1309011 2.1226218 
EBOV_H.sap-wt_GIN_14_Makona-Gueckedou-EM_080076_KR817235   1.9766127 1.9787084 1.9039317 1.8818398 1.8884553 0.0000000 0.0025013 0.0019888 0.0026551 0.0028600 0.0025002 0.0026026 0.0023987 0.0021422 0.0021422 0.0021934 0.0032700 0.0032176 0.0030643 0.0029104 0.0030125 0.0029102 0.0029102 0.0027563 0.0028591 0.0029624 0.0027052 0.0028617 0.0028617 0.0027051 0.0027566 0.0027049 0.0029624 0.0028591 0.0027573 0.0027565 0.0027571 0.0028593 0.0027567 0.0028593 0.0027055 0.0027055 0.0026544 0.0026539 0.0028082 0.0026026 0.0026029 0.0028076 0.0028079 0.0026539 0.0026539 0.0027052 0.0026026 0.0025514 0.0025517 0.0026031 0.0027055 0.0025005 0.0027051 0.0027051 0.0024490 0.0024494 0.0024493 0.0021420 0.0025515 0.0025515 0.0024491 0.0025002 0.0023979 0.0023980 0.0023984 0.0023981 0.0023467 0.0023467 0.0023467 0.0023467 0.0023467 0.0023467 0.0022955 0.0022955 0.0324277 0.0319189 0.0319189 0.0321430 0.0342519 0.0381622 0.0377424 0.0388293 1.4255066 1.3592748 
EBOV_H.sap-wt_GIN_14_Makona-Gueckedou-EM_079587_KR817202   1.9733550 1.9754474 1.8991761 1.8768402 1.8838568 0.0025013 0.0000000 0.0015285 0.0017844 0.0019888 0.0016304 0.0017325 0.0016309 0.0012732 0.0012732 0.0013243 0.0023978 0.0023459 0.0021928 0.0020394 0.0021413 0.0020392 0.0020392 0.0018858 0.0019882 0.0020910 0.0018347 0.0019900 0.0019900 0.0018347 0.0018860 0.0019368 0.0020910 0.0019882 0.0018864 0.0018859 0.0018863 0.0019883 0.0018860 0.0019884 0.0018350 0.0018350 0.0017840 0.0017837 0.0019374 0.0017325 0.0017327 0.0018347 0.0018349 0.0017837 0.0017837 0.0017326 0.0017325 0.0016814 0.0016816 0.0017328 0.0018350 0.0016305 0.0018347 0.0018347 0.0015793 0.0015795 0.0015795 0.0012731 0.0016815 0.0016815 0.0015794 0.0016304 0.0015283 0.0015284 0.0015286 0.0015285 0.0014773 0.0014773 0.0014773 0.0014773 0.0014773 0.0014773 0.0014262 0.0014262 0.0314074 0.0309004 0.0309004 0.0311238 0.0333371 0.0372348 0.0368167 0.0379004 1.4206382 1.3586870 
EBOV_H.sap-wt_GIN_14_Makona-Gueckedou-EM_079702_KR817210   1.9770379 1.9791340 1.8975435 1.8753409 1.8823482 0.0019888 0.0015285 0.0000000 0.0016818 0.0018861 0.0015279 0.0016300 0.0015284 0.0011709 0.0011709 0.0012220 0.0022949 0.0022431 0.0020900 0.0019367 0.0020386 0.0019365 0.0019365 0.0017832 0.0018855 0.0019883 0.0017322 0.0018873 0.0018873 0.0017321 0.0017833 0.0018341 0.0019883 0.0018855 0.0017838 0.0017833 0.0017837 0.0018857 0.0017834 0.0018857 0.0017324 0.0017324 0.0016814 0.0016811 0.0018347 0.0016300 0.0016302 0.0018343 0.0018345 0.0016811 0.0016811 0.0017322 0.0016300 0.0015789 0.0015791 0.0016302 0.0017324 0.0015281 0.0017321 0.0017321 0.0014768 0.0014771 0.0014770 0.0011698 0.0015790 0.0015790 0.0014769 0.0015279 0.0014259 0.0014259 0.0014262 0.0014260 0.0013748 0.0013749 0.0013749 0.0013749 0.0013748 0.0013748 0.0013238 0.0013238 0.0314000 0.0308931 0.0308931 0.0311164 0.0332172 0.0371126 0.0366948 0.0377779 1.4236619 1.3614269 
EBOV_H.sap-wt_GIN_14_Makona-Gueckedou-EM_079750_KR817213   1.9777104 1.9798077 1.8974481 1.8755126 1.8825216 0.0026551 0.0017844 0.0016818 0.0000000 0.0005084 0.0014774 0.0015794 0.0014779 0.0011203 0.0011203 0.0011714 0.0022445 0.0021927 0.0020396 0.0018862 0.0019881 0.0018860 0.0018860 0.0017327 0.0018351 0.0019378 0.0016817 0.0018367 0.0018367 0.0016816 0.0017328 0.0017836 0.0019378 0.0018350 0.0017333 0.0017328 0.0017332 0.0018352 0.0017329 0.0017330 0.0016819 0.0016819 0.0016309 0.0016306 0.0017842 0.0015794 0.0015796 0.0017838 0.0017840 0.0016306 0.0016306 0.0016817 0.0015794 0.0015284 0.0015286 0.0015797 0.0016819 0.0014775 0.0016816 0.0016816 0.0014263 0.0014265 0.0014265 0.0011202 0.0015284 0.0015284 0.0014264 0.0014774 0.0013753 0.0013754 0.0013756 0.0013755 0.0013243 0.0013243 0.0013243 0.0013243 0.0013243 0.0013243 0.0012733 0.0012733 0.0313551 0.0308481 0.0308481 0.0310714 0.0329502 0.0369563 0.0365386 0.0376216 1.4211364 1.3581746 
EBOV_H.sap-wt_GIN_14_Makona-Gueckedou-EM_079910_KR817221   1.9772197 1.9793166 1.8978092 1.8758683 1.8828795 0.0028600 0.0019888 0.0018861 0.0005084 0.0000000 0.0016816 0.0017837 0.0016821 0.0013243 0.0013243 0.0013754 0.0024492 0.0023972 0.0022441 0.0020907 0.0021926 0.0020905 0.0020905 0.0019370 0.0020395 0.0021423 0.0018860 0.0020413 0.0020413 0.0018859 0.0019372 0.0019880 0.0021423 0.0020394 0.0019377 0.0019371 0.0019376 0.0020396 0.0019373 0.0019374 0.0018862 0.0018862 0.0018352 0.0018349 0.0019886 0.0017837 0.0017839 0.0019882 0.0019884 0.0018349 0.0018349 0.0018860 0.0017837 0.0017326 0.0017328 0.0017840 0.0018862 0.0016817 0.0018859 0.0018859 0.0016305 0.0016307 0.0016307 0.0013242 0.0017327 0.0017327 0.0016305 0.0016815 0.0015794 0.0015795 0.0015798 0.0015796 0.0015284 0.0015284 0.0015284 0.0015284 0.0015284 0.0015284 0.0014773 0.0014773 0.0315768 0.0310695 0.0310695 0.0312930 0.0331730 0.0371817 0.0367636 0.0378473 1.4211531 1.3586148 
EBOV_H.sap-tc_GIN_14_Makona-Gueckedou-C05_KP096420         1.9744590 1.9765522 1.8988931 1.8769444 1.8842108 0.0025002 0.0016304 0.0015279 0.0014774 0.0016816 0.0000000 0.0001017 0.0009154 0.0005593 0.0005593 0.0006101 0.0020901 0.0020383 0.0018854 0.0017321 0.0018340 0.0017320 0.0017320 0.0015787 0.0016810 0.0017836 0.0015278 0.0016826 0.0016826 0.0015277 0.0015789 0.0016297 0.0017836 0.0016810 0.0015793 0.0015789 0.0015792 0.0016811 0.0015790 0.0016811 0.0015280 0.0015280 0.0014770 0.0014767 0.0016302 0.0014257 0.0014258 0.0016298 0.0016300 0.0014767 0.0014767 0.0015278 0.0014256 0.0013746 0.0013748 0.0014259 0.0015280 0.0013238 0.0015277 0.0015277 0.0012717 0.0012728 0.0012728 0.0009663 0.0013747 0.0013747 0.0012727 0.0013236 0.0012208 0.0012208 0.0012220 0.0012218 0.0011698 0.0011698 0.0011698 0.0011698 0.0011698 0.0011698 0.0011189 0.0011189 0.0302238 0.0297188 0.0297188 0.0299413 0.0319818 0.0358619 0.0354462 0.0365255 1.4215360 1.3579513 
EBOV_H.sap-wt_GIN_14_Makona-Kissidougou-C15_KT013254       1.9743327 1.9764258 1.8994116 1.8774580 1.8847266 0.0026026 0.0017325 0.0016300 0.0015794 0.0017837 0.0001017 0.0000000 0.0010172 0.0006610 0.0006610 0.0007119 0.0021923 0.0021405 0.0019875 0.0018342 0.0019361 0.0018341 0.0018341 0.0016808 0.0017831 0.0018858 0.0016298 0.0017848 0.0017848 0.0016298 0.0016810 0.0017317 0.0018858 0.0017831 0.0016814 0.0016809 0.0016813 0.0017832 0.0016810 0.0017832 0.0016300 0.0016300 0.0015791 0.0015788 0.0017323 0.0015277 0.0015279 0.0017319 0.0017321 0.0015788 0.0015788 0.0016299 0.0015277 0.0014766 0.0014768 0.0015279 0.0016300 0.0014258 0.0016298 0.0016298 0.0013746 0.0013748 0.0013748 0.0010681 0.0014767 0.0014767 0.0013747 0.0014256 0.0013236 0.0013237 0.0013240 0.0013238 0.0012717 0.0012727 0.0012727 0.0012727 0.0012717 0.0012717 0.0012208 0.0012208 0.0303341 0.0298290 0.0298290 0.0300516 0.0320927 0.0359740 0.0355582 0.0366377 1.4213977 1.3579513 
EBOV_H.sap-wt_GIN_14_Makona-Macenta-EM_079424_KR817189     1.9768801 1.9789765 1.8980530 1.8756108 1.8827439 0.0023987 0.0016309 0.0015284 0.0014779 0.0016821 0.0009154 0.0010172 0.0000000 0.0005593 0.0005593 0.0003050 0.0020908 0.0020390 0.0018860 0.0017327 0.0018346 0.0017326 0.0017326 0.0015793 0.0016816 0.0017843 0.0015283 0.0016831 0.0016831 0.0015283 0.0015794 0.0016302 0.0017843 0.0016816 0.0015798 0.0015794 0.0015798 0.0016817 0.0015795 0.0016817 0.0015285 0.0015285 0.0014775 0.0014772 0.0016307 0.0014261 0.0014263 0.0016304 0.0016306 0.0014772 0.0014772 0.0015283 0.0014261 0.0013751 0.0013753 0.0014264 0.0015285 0.0013242 0.0015282 0.0015282 0.0012731 0.0012733 0.0012732 0.0009663 0.0013751 0.0013752 0.0012731 0.0013241 0.0012221 0.0012222 0.0012224 0.0012222 0.0011711 0.0011711 0.0011711 0.0011711 0.0011711 0.0011711 0.0011201 0.0011201 0.0305118 0.0300062 0.0300062 0.0302290 0.0322132 0.0360969 0.0356807 0.0367609 1.4211688 1.3575074 
EBOV_H.sap-tc_GIN_14_Makona-Gueckedou-C07_KP096421         1.9728915 1.9749824 1.8999058 1.8774343 1.8845789 0.0021422 0.0012732 0.0011709 0.0011203 0.0013243 0.0005593 0.0006610 0.0005593 0.0000000 0.0000010 0.0002542 0.0017325 0.0016809 0.0015281 0.0013750 0.0014768 0.0013748 0.0013748 0.0012218 0.0013239 0.0014263 0.0011698 0.0013251 0.0013251 0.0011698 0.0012219 0.0012727 0.0014263 0.0013239 0.0012222 0.0012218 0.0012221 0.0013240 0.0012219 0.0013240 0.0011710 0.0011710 0.0011200 0.0011189 0.0012731 0.0010681 0.0010681 0.0012728 0.0012729 0.0011189 0.0011189 0.0011698 0.0010681 0.0010172 0.0010172 0.0010681 0.0011710 0.0009663 0.0011698 0.0011698 0.0009154 0.0009154 0.0009154 0.0006101 0.0010172 0.0010172 0.0009154 0.0009663 0.0008645 0.0008645 0.0008645 0.0008645 0.0008136 0.0008136 0.0008136 0.0008136 0.0008136 0.0008136 0.0007627 0.0007627 0.0303911 0.0298859 0.0298859 0.0301085 0.0322023 0.0360847 0.0356687 0.0367486 1.4217144 1.3586043 
EBOV_H.sap-wt_GIN_14_Makona-Gueckedou-C07_KT013256         1.9728915 1.9749824 1.8999058 1.8774343 1.8845789 0.0021422 0.0012732 0.0011709 0.0011203 0.0013243 0.0005593 0.0006610 0.0005593 0.0000010 0.0000000 0.0002542 0.0017325 0.0016809 0.0015281 0.0013750 0.0014768 0.0013748 0.0013748 0.0012218 0.0013239 0.0014263 0.0011698 0.0013251 0.0013251 0.0011698 0.0012219 0.0012727 0.0014263 0.0013239 0.0012222 0.0012218 0.0012221 0.0013240 0.0012219 0.0013240 0.0011710 0.0011710 0.0011200 0.0011189 0.0012731 0.0010681 0.0010681 0.0012728 0.0012729 0.0011189 0.0011189 0.0011698 0.0010681 0.0010172 0.0010172 0.0010681 0.0011710 0.0009663 0.0011698 0.0011698 0.0009154 0.0009154 0.0009154 0.0006101 0.0010172 0.0010172 0.0009154 0.0009663 0.0008645 0.0008645 0.0008645 0.0008645 0.0008136 0.0008136 0.0008136 0.0008136 0.0008136 0.0008136 0.0007627 0.0007627 0.0303911 0.0298859 0.0298859 0.0301085 0.0322023 0.0360847 0.0356687 0.0367486 1.4217144 1.3586043 
EBOV_H.sap-wt_GIN_14_Makona-Macenta-EM_079422_KR817187     1.9758072 1.9779022 1.8991748 1.8767152 1.8838552 0.0021934 0.0013243 0.0012220 0.0011714 0.0013754 0.0006101 0.0007119 0.0003050 0.0002542 0.0002542 0.0000000 0.0017837 0.0017321 0.0015792 0.0014260 0.0015279 0.0014259 0.0014259 0.0012728 0.0013750 0.0014774 0.0012219 0.0013762 0.0013762 0.0012218 0.0012729 0.0013237 0.0014774 0.0013750 0.0012733 0.0012729 0.0012732 0.0013751 0.0012730 0.0013751 0.0012220 0.0012220 0.0011711 0.0011709 0.0013241 0.0011189 0.0011200 0.0013239 0.0013240 0.0011709 0.0011709 0.0012219 0.0011189 0.0010681 0.0010681 0.0011200 0.0012220 0.0010172 0.0012218 0.0012218 0.0009663 0.0009663 0.0009663 0.0006610 0.0010681 0.0010681 0.0009663 0.0010172 0.0009154 0.0009154 0.0009154 0.0009154 0.0008645 0.0008645 0.0008645 0.0008645 0.0008645 0.0008645 0.0008136 0.0008136 0.0303355 0.0298304 0.0298304 0.0300529 0.0321464 0.0360282 0.0356123 0.0366919 1.4213201 1.3591830 
EBOV_H.sap-wt_SLE_14_Makona-J0150_KP759696                 1.9697406 1.9718282 1.8959628 1.8735444 1.8803842 0.0032700 0.0023978 0.0022949 0.0022445 0.0024492 0.0020901 0.0021923 0.0020908 0.0017325 0.0017325 0.0017837 0.0000000 0.0018858 0.0017328 0.0014775 0.0015794 0.0014774 0.0014774 0.0013242 0.0014264 0.0015290 0.0012732 0.0014276 0.0014276 0.0013752 0.0014264 0.0014772 0.0016311 0.0015285 0.0014267 0.0014263 0.0014267 0.0015286 0.0014264 0.0015286 0.0013754 0.0013754 0.0013245 0.0013242 0.0014776 0.0012732 0.0012733 0.0014773 0.0014775 0.0013242 0.0013242 0.0013753 0.0012731 0.0012221 0.0012223 0.0012734 0.0013754 0.0010692 0.0013752 0.0013752 0.0011201 0.0011203 0.0010182 0.0011201 0.0012222 0.0012222 0.0011202 0.0011711 0.0010692 0.0008645 0.0010694 0.0010693 0.0010182 0.0010182 0.0010182 0.0010182 0.0010182 0.0010182 0.0009663 0.0009663 0.0318498 0.0313421 0.0313421 0.0315657 0.0336106 0.0374576 0.0371524 0.0382370 1.4201013 1.3608834 
EBOV_H.sap-wt_GIN_14_Makona-Macenta-EM_000982_KR817086     1.9722807 1.9743713 1.8974333 1.8745701 1.8815749 0.0032176 0.0023459 0.0022431 0.0021927 0.0023972 0.0020383 0.0021405 0.0020390 0.0016809 0.0016809 0.0017321 0.0018858 0.0000000 0.0016812 0.0014260 0.0015278 0.0014259 0.0014259 0.0012728 0.0013750 0.0014774 0.0012218 0.0014783 0.0014783 0.0013238 0.0013749 0.0014257 0.0015795 0.0012729 0.0013753 0.0013749 0.0013752 0.0014771 0.0013750 0.0013751 0.0013240 0.0013240 0.0012730 0.0012728 0.0014261 0.0012208 0.0012219 0.0014258 0.0014260 0.0012728 0.0012728 0.0013239 0.0011189 0.0011698 0.0011709 0.0012220 0.0013240 0.0011189 0.0013238 0.0013238 0.0010681 0.0010681 0.0010681 0.0010681 0.0011698 0.0011698 0.0010681 0.0011189 0.0010172 0.0010172 0.0010172 0.0010172 0.0008645 0.0009663 0.0009663 0.0009663 0.0009663 0.0009663 0.0009154 0.0009154 0.0318412 0.0313337 0.0313337 0.0315572 0.0336606 0.0372859 0.0369810 0.0380650 1.4201280 1.3593704 
EBOV_H.sap-wt_GIN_14_Makona-Faranah-EM_078415_KR817160     1.9736468 1.9757391 1.8966431 1.8742232 1.8813351 0.0030643 0.0021928 0.0020900 0.0020396 0.0022441 0.0018854 0.0019875 0.0018860 0.0015281 0.0015281 0.0015792 0.0017328 0.0016812 0.0000000 0.0013752 0.0014770 0.0013751 0.0013751 0.0012220 0.0013241 0.0014266 0.0011710 0.0013253 0.0013253 0.0011710 0.0012221 0.0007627 0.0014266 0.0013241 0.0012224 0.0012220 0.0012223 0.0013242 0.0012221 0.0013242 0.0009663 0.0009663 0.0011202 0.0009154 0.0012733 0.0007627 0.0010691 0.0012730 0.0012731 0.0011200 0.0011200 0.0011710 0.0010681 0.0008136 0.0010172 0.0010692 0.0011712 0.0009663 0.0011710 0.0011710 0.0009154 0.0009154 0.0009154 0.0009154 0.0010172 0.0010172 0.0009154 0.0009663 0.0008645 0.0008645 0.0008645 0.0008645 0.0008136 0.0008136 0.0008136 0.0008136 0.0008136 0.0008136 0.0007627 0.0007627 0.0316796 0.0311722 0.0311722 0.0313957 0.0334984 0.0372838 0.0369196 0.0380034 1.4231124 1.3607059 
EBOV_H.sap-wt_GIN_14_Makona-Macenta-EM_076322_KR817145     1.9773421 1.9794393 1.8987309 1.8766786 1.8835348 0.0029104 0.0020394 0.0019367 0.0018862 0.0020907 0.0017321 0.0018342 0.0017327 0.0013750 0.0013750 0.0014260 0.0014775 0.0014260 0.0013752 0.0000000 0.0008136 0.0007119 0.0007119 0.0005593 0.0006610 0.0007627 0.0005084 0.0011722 0.0011722 0.0010172 0.0010691 0.0011189 0.0012734 0.0010691 0.0010694 0.0010691 0.0010693 0.0011712 0.0010691 0.0010692 0.0010182 0.0010182 0.0009663 0.0009663 0.0011202 0.0009154 0.0009154 0.0011200 0.0011201 0.0009663 0.0009663 0.0010172 0.0008136 0.0008645 0.0008645 0.0009154 0.0010182 0.0008136 0.0010172 0.0010172 0.0007627 0.0007627 0.0007627 0.0007627 0.0008645 0.0008645 0.0007627 0.0008136 0.0007119 0.0007119 0.0007119 0.0007119 0.0005593 0.0006610 0.0006610 0.0006610 0.0006610 0.0006610 0.0006101 0.0006101 0.0315126 0.0310055 0.0310055 0.0312288 0.0333305 0.0369482 0.0368094 0.0378929 1.4216740 1.3586372 
EBOV_H.sap-wt_GIN_14_Makona-Nzerekore-EM_074437_KR817117   1.9750740 1.9771676 1.8974121 1.8749768 1.8819834 0.0030125 0.0021413 0.0020386 0.0019881 0.0021926 0.0018340 0.0019361 0.0018346 0.0014768 0.0014768 0.0015279 0.0015794 0.0015278 0.0014770 0.0008136 0.0000000 0.0008136 0.0008136 0.0006610 0.0007627 0.0006610 0.0004067 0.0012741 0.0012741 0.0011189 0.0011709 0.0012208 0.0013753 0.0011709 0.0011712 0.0011698 0.0011711 0.0012730 0.0011709 0.0011710 0.0011200 0.0011200 0.0010681 0.0010681 0.0012221 0.0010172 0.0010172 0.0012218 0.0012219 0.0010681 0.0010681 0.0011189 0.0009154 0.0009663 0.0009663 0.0010172 0.0011200 0.0009154 0.0011189 0.0011189 0.0008645 0.0008645 0.0008645 0.0008645 0.0009663 0.0009663 0.0008645 0.0009154 0.0008136 0.0008136 0.0008136 0.0008136 0.0006610 0.0007627 0.0007627 0.0007627 0.0007627 0.0007627 0.0007119 0.0007119 0.0316181 0.0311110 0.0311110 0.0313344 0.0334363 0.0370545 0.0369156 0.0379992 1.4196407 1.3591293 
EBOV_H.sap-wt_GIN_15_Makona-Faranah-EM_004503_KR817102     1.9747302 1.9768233 1.8977970 1.8758704 1.8822058 0.0029102 0.0020392 0.0019365 0.0018860 0.0020905 0.0017320 0.0018341 0.0017326 0.0013748 0.0013748 0.0014259 0.0014774 0.0014259 0.0013751 0.0007119 0.0008136 0.0000000 0.0000010 0.0003558 0.0004575 0.0007627 0.0005084 0.0011721 0.0011721 0.0010172 0.0010681 0.0011189 0.0012733 0.0010681 0.0010693 0.0010681 0.0010692 0.0011711 0.0010681 0.0010691 0.0010172 0.0010172 0.0009663 0.0009663 0.0011201 0.0009154 0.0009154 0.0011189 0.0011200 0.0009663 0.0009663 0.0010172 0.0008136 0.0008645 0.0008645 0.0009154 0.0010172 0.0008136 0.0010172 0.0010172 0.0007627 0.0007627 0.0007627 0.0007627 0.0008645 0.0008645 0.0007627 0.0008136 0.0007119 0.0007119 0.0007119 0.0007119 0.0005593 0.0006610 0.0006610 0.0006610 0.0006610 0.0006610 0.0006101 0.0006101 0.0312870 0.0307803 0.0307803 0.0310036 0.0331035 0.0367184 0.0365798 0.0376625 1.4212817 1.3588586 
EBOV_H.sap-wt_GIN_15_Makona-Kissidougou-EM_004555_KR817103 1.9747302 1.9768233 1.8977970 1.8758704 1.8822058 0.0029102 0.0020392 0.0019365 0.0018860 0.0020905 0.0017320 0.0018341 0.0017326 0.0013748 0.0013748 0.0014259 0.0014774 0.0014259 0.0013751 0.0007119 0.0008136 0.0000010 0.0000000 0.0003558 0.0004575 0.0007627 0.0005084 0.0011721 0.0011721 0.0010172 0.0010681 0.0011189 0.0012733 0.0010681 0.0010693 0.0010681 0.0010692 0.0011711 0.0010681 0.0010691 0.0010172 0.0010172 0.0009663 0.0009663 0.0011201 0.0009154 0.0009154 0.0011189 0.0011200 0.0009663 0.0009663 0.0010172 0.0008136 0.0008645 0.0008645 0.0009154 0.0010172 0.0008136 0.0010172 0.0010172 0.0007627 0.0007627 0.0007627 0.0007627 0.0008645 0.0008645 0.0007627 0.0008136 0.0007119 0.0007119 0.0007119 0.0007119 0.0005593 0.0006610 0.0006610 0.0006610 0.0006610 0.0006610 0.0006101 0.0006101 0.0312870 0.0307803 0.0307803 0.0310036 0.0331035 0.0367184 0.0365798 0.0376625 1.4212817 1.3588586 
EBOV_H.sap-wt_LBR_14_Makona-Foya-EM_074353_KR817112        1.9734500 1.9755417 1.8969962 1.8745696 1.8814132 0.0027563 0.0018858 0.0017832 0.0017327 0.0019370 0.0015787 0.0016808 0.0015793 0.0012218 0.0012218 0.0012728 0.0013242 0.0012728 0.0012220 0.0005593 0.0006610 0.0003558 0.0003558 0.0000000 0.0003050 0.0006101 0.0003558 0.0010189 0.0010189 0.0008645 0.0009154 0.0009663 0.0011202 0.0009154 0.0009154 0.0009154 0.0009154 0.0010172 0.0009154 0.0009154 0.0008645 0.0008645 0.0008136 0.0008136 0.0009663 0.0007627 0.0007627 0.0009663 0.0009663 0.0008136 0.0008136 0.0008645 0.0006610 0.0007119 0.0007119 0.0007627 0.0008645 0.0006610 0.0008645 0.0008645 0.0006101 0.0006101 0.0006101 0.0006101 0.0007119 0.0007119 0.0006101 0.0006610 0.0005593 0.0005593 0.0005593 0.0005593 0.0004067 0.0005084 0.0005084 0.0005084 0.0005084 0.0005084 0.0004575 0.0004575 0.0313405 0.0308337 0.0308337 0.0310570 0.0331571 0.0367723 0.0366337 0.0377164 1.4222693 1.3596913 
EBOV_H.sap-wt_LBR_14_Makona-Foya-EM_074350_KR817109        1.9723114 1.9744016 1.8978939 1.8754540 1.8823028 0.0028591 0.0019882 0.0018855 0.0018351 0.0020395 0.0016810 0.0017831 0.0016816 0.0013239 0.0013239 0.0013750 0.0014264 0.0013750 0.0013241 0.0006610 0.0007627 0.0004575 0.0004575 0.0003050 0.0000000 0.0007119 0.0004575 0.0011211 0.0011211 0.0009663 0.0010172 0.0010681 0.0012224 0.0010172 0.0010184 0.0010172 0.0010183 0.0011201 0.0010172 0.0010182 0.0009663 0.0009663 0.0009154 0.0009154 0.0010692 0.0008645 0.0008645 0.0010681 0.0010691 0.0009154 0.0009154 0.0009663 0.0007627 0.0008136 0.0008136 0.0008645 0.0009663 0.0007627 0.0009663 0.0009663 0.0007119 0.0007119 0.0007119 0.0007119 0.0008136 0.0008136 0.0007119 0.0007627 0.0006610 0.0006610 0.0006610 0.0006610 0.0005084 0.0006101 0.0006101 0.0006101 0.0006101 0.0006101 0.0005593 0.0005593 0.0314557 0.0309488 0.0309488 0.0311721 0.0332733 0.0368901 0.0367514 0.0378346 1.4210884 1.3587413 
EBOV_H.sap-wt_LBR_14_Makona-Foya-EM_074720_KR817125        1.9771911 1.9792880 1.8972421 1.8748031 1.8816508 0.0029624 0.0020910 0.0019883 0.0019378 0.0021423 0.0017836 0.0018858 0.0017843 0.0014263 0.0014263 0.0014774 0.0015290 0.0014774 0.0014266 0.0007627 0.0006610 0.0007627 0.0007627 0.0006101 0.0007119 0.0000000 0.0003558 0.0012235 0.0012235 0.0010693 0.0011204 0.0011712 0.0013248 0.0011204 0.0011206 0.0011203 0.0011206 0.0012225 0.0011204 0.0011205 0.0010694 0.0010694 0.0010185 0.0010183 0.0011715 0.0009673 0.0009674 0.0011713 0.0011714 0.0010183 0.0010183 0.0010693 0.0008645 0.0009154 0.0009164 0.0009674 0.0010694 0.0008645 0.0010693 0.0010693 0.0008136 0.0008136 0.0008136 0.0008136 0.0009154 0.0009154 0.0008136 0.0008645 0.0007627 0.0007627 0.0007627 0.0007627 0.0006101 0.0007119 0.0007119 0.0007119 0.0007119 0.0007119 0.0006610 0.0006610 0.0315755 0.0310683 0.0310683 0.0312917 0.0333942 0.0370133 0.0368743 0.0379582 1.4207148 1.3602530 
EBOV_H.sap-wt_LBR_14_Makona-EM_080065_KR817232             1.9739392 1.9760314 1.8969432 1.8745169 1.8813603 0.0027052 0.0018347 0.0017322 0.0016817 0.0018860 0.0015278 0.0016298 0.0015283 0.0011698 0.0011698 0.0012219 0.0012732 0.0012218 0.0011710 0.0005084 0.0004067 0.0005084 0.0005084 0.0003558 0.0004575 0.0003558 0.0000000 0.0009679 0.0009679 0.0008136 0.0008645 0.0009154 0.0010693 0.0008645 0.0008645 0.0008645 0.0008645 0.0009663 0.0008645 0.0008645 0.0008136 0.0008136 0.0007627 0.0007627 0.0009154 0.0007119 0.0007119 0.0009154 0.0009154 0.0007627 0.0007627 0.0008136 0.0006101 0.0006610 0.0006610 0.0007119 0.0008136 0.0006101 0.0008136 0.0008136 0.0005593 0.0005593 0.0005593 0.0005593 0.0006610 0.0006610 0.0005593 0.0006101 0.0005084 0.0005084 0.0005084 0.0005084 0.0003558 0.0004575 0.0004575 0.0004575 0.0004575 0.0004575 0.0004067 0.0004067 0.0312860 0.0307793 0.0307793 0.0310025 0.0331025 0.0367171 0.0365786 0.0376612 1.4217302 1.3599827 
EBOV_H.sap-wt_SLE_14_Makona-J0171_KP759707                 1.9779554 1.9800536 1.8994954 1.8770197 1.8838814 0.0028617 0.0019900 0.0018873 0.0018367 0.0020413 0.0016826 0.0017848 0.0016831 0.0013251 0.0013251 0.0013762 0.0014276 0.0014783 0.0013253 0.0011722 0.0012741 0.0011721 0.0011721 0.0010189 0.0011211 0.0012235 0.0009679 0.0000000 0.0000010 0.0009679 0.0010190 0.0010699 0.0012235 0.0011211 0.0010193 0.0010190 0.0010192 0.0011212 0.0010191 0.0011212 0.0009681 0.0009681 0.0009171 0.0009169 0.0010702 0.0008659 0.0008660 0.0010700 0.0010701 0.0009169 0.0009169 0.0009680 0.0008659 0.0008149 0.0008150 0.0008660 0.0009681 0.0006610 0.0009679 0.0009679 0.0007129 0.0007130 0.0006101 0.0007129 0.0008149 0.0008149 0.0007130 0.0007639 0.0006610 0.0005593 0.0006621 0.0006621 0.0006101 0.0006101 0.0006101 0.0006101 0.0006101 0.0006101 0.0005593 0.0005593 0.0314841 0.0309767 0.0309767 0.0312002 0.0333033 0.0370894 0.0367846 0.0378688 1.4223077 1.3642122 
EBOV_H.sap-wt_SLE_14_Makona-J0174_KP759708                 1.9779554 1.9800536 1.8994954 1.8770197 1.8838814 0.0028617 0.0019900 0.0018873 0.0018367 0.0020413 0.0016826 0.0017848 0.0016831 0.0013251 0.0013251 0.0013762 0.0014276 0.0014783 0.0013253 0.0011722 0.0012741 0.0011721 0.0011721 0.0010189 0.0011211 0.0012235 0.0009679 0.0000010 0.0000000 0.0009679 0.0010190 0.0010699 0.0012235 0.0011211 0.0010193 0.0010190 0.0010192 0.0011212 0.0010191 0.0011212 0.0009681 0.0009681 0.0009171 0.0009169 0.0010702 0.0008659 0.0008660 0.0010700 0.0010701 0.0009169 0.0009169 0.0009680 0.0008659 0.0008149 0.0008150 0.0008660 0.0009681 0.0006610 0.0009679 0.0009679 0.0007129 0.0007130 0.0006101 0.0007129 0.0008149 0.0008149 0.0007130 0.0007639 0.0006610 0.0005593 0.0006621 0.0006621 0.0006101 0.0006101 0.0006101 0.0006101 0.0006101 0.0006101 0.0005593 0.0005593 0.0314841 0.0309767 0.0309767 0.0312002 0.0333033 0.0370894 0.0367846 0.0378688 1.4223077 1.3642122 
EBOV_H.sap-wt_SLE_14_Makona-J0117_KP759665                 1.9749215 1.9770155 1.8979666 1.8758004 1.8826529 0.0027051 0.0018347 0.0017321 0.0016816 0.0018859 0.0015277 0.0016298 0.0015283 0.0011698 0.0011698 0.0012218 0.0013752 0.0013238 0.0011710 0.0010172 0.0011189 0.0010172 0.0010172 0.0008645 0.0009663 0.0010693 0.0008136 0.0009679 0.0009679 0.0000000 0.0003558 0.0009154 0.0009673 0.0009663 0.0008645 0.0008645 0.0007627 0.0008645 0.0008645 0.0008645 0.0008136 0.0008136 0.0007627 0.0007627 0.0008136 0.0007119 0.0007119 0.0008136 0.0008136 0.0004575 0.0004575 0.0007119 0.0007119 0.0006610 0.0006610 0.0006101 0.0007119 0.0006101 0.0007119 0.0007119 0.0005593 0.0005593 0.0005593 0.0005593 0.0005593 0.0005593 0.0004575 0.0006101 0.0005084 0.0005084 0.0005084 0.0005084 0.0004575 0.0004575 0.0004575 0.0004575 0.0004575 0.0003558 0.0004067 0.0004067 0.0312852 0.0307786 0.0307786 0.0310018 0.0331016 0.0368819 0.0365776 0.0376603 1.4211286 1.3597517 
EBOV_H.sap-wt_SLE_14_Makona-Kenema-G5685_1_KR105317        1.9724971 1.9745876 1.8975124 1.8750740 1.8817982 0.0027566 0.0018860 0.0017833 0.0017328 0.0019372 0.0015789 0.0016810 0.0015794 0.0012219 0.0012219 0.0012729 0.0014264 0.0013749 0.0012221 0.0010691 0.0011709 0.0010681 0.0010681 0.0009154 0.0010172 0.0011204 0.0008645 0.0010190 0.0010190 0.0003558 0.0000000 0.0009663 0.0010184 0.0010172 0.0009154 0.0009154 0.0008136 0.0009154 0.0009154 0.0009154 0.0008645 0.0008645 0.0008136 0.0008136 0.0008645 0.0007627 0.0007627 0.0008645 0.0008645 0.0005084 0.0005084 0.0007627 0.0007627 0.0007119 0.0007119 0.0006610 0.0007627 0.0006610 0.0007627 0.0007627 0.0006101 0.0006101 0.0006101 0.0006101 0.0006101 0.0006101 0.0005084 0.0006610 0.0005593 0.0005593 0.0005593 0.0005593 0.0005084 0.0005084 0.0005084 0.0005084 0.0005084 0.0004067 0.0004575 0.0004575 0.0313437 0.0308369 0.0308369 0.0310602 0.0331606 0.0369419 0.0366375 0.0377204 1.4222461 1.3601972 
EBOV_H.sap-wt_GIN_14_Makona-Kankan-EM_078639_KR817166      1.9745219 1.9766151 1.8983211 1.8758750 1.8828499 0.0027049 0.0019368 0.0018341 0.0017836 0.0019880 0.0016297 0.0017317 0.0016302 0.0012727 0.0012727 0.0013237 0.0014772 0.0014257 0.0007627 0.0011189 0.0012208 0.0011189 0.0011189 0.0009663 0.0010681 0.0011712 0.0009154 0.0010699 0.0010699 0.0009154 0.0009663 0.0000000 0.0011712 0.0010681 0.0009663 0.0009663 0.0009663 0.0010681 0.0009663 0.0010681 0.0007119 0.0007119 0.0008645 0.0006610 0.0010172 0.0005084 0.0008136 0.0010172 0.0010172 0.0008645 0.0008645 0.0009154 0.0008136 0.0005593 0.0007627 0.0008136 0.0009154 0.0007119 0.0009154 0.0009154 0.0006610 0.0006610 0.0006610 0.0006610 0.0007627 0.0007627 0.0006610 0.0007119 0.0006101 0.0006101 0.0006101 0.0006101 0.0005593 0.0005593 0.0005593 0.0005593 0.0005593 0.0005593 0.0005084 0.0005084 0.0312833 0.0307767 0.0307767 0.0309999 0.0330996 0.0368796 0.0365161 0.0375984 1.4228732 1.3604447 
EBOV_H.sap-wt_SLE_14_Makona-J0128_KP759677                 1.9773659 1.9794639 1.8957180 1.8733083 1.8806601 0.0029624 0.0020910 0.0019883 0.0019378 0.0021423 0.0017836 0.0018858 0.0017843 0.0014263 0.0014263 0.0014774 0.0016311 0.0015795 0.0014266 0.0012734 0.0013753 0.0012733 0.0012733 0.0011202 0.0012224 0.0013248 0.0010693 0.0012235 0.0012235 0.0009673 0.0010184 0.0011712 0.0000000 0.0012224 0.0011206 0.0011203 0.0009166 0.0009165 0.0011204 0.0009165 0.0010694 0.0010694 0.0010185 0.0010183 0.0008656 0.0009673 0.0009674 0.0008645 0.0008645 0.0009154 0.0009154 0.0007627 0.0009673 0.0009154 0.0009164 0.0008655 0.0007627 0.0008645 0.0007627 0.0007627 0.0008136 0.0008136 0.0008136 0.0008136 0.0006101 0.0006101 0.0005084 0.0008645 0.0007627 0.0007627 0.0007627 0.0007627 0.0007119 0.0007119 0.0007119 0.0007119 0.0007119 0.0006101 0.0006610 0.0006610 0.0314640 0.0309569 0.0309569 0.0311803 0.0332820 0.0370657 0.0367611 0.0378446 1.4233421 1.3607841 
EBOV_H.sap-wt_GIN_14_Makona-Gueckedou-EM_076138_KR817140   1.9739145 1.9760068 1.8963940 1.8739725 1.8808138 0.0028591 0.0019882 0.0018855 0.0018350 0.0020394 0.0016810 0.0017831 0.0016816 0.0013239 0.0013239 0.0013750 0.0015285 0.0012729 0.0013241 0.0010691 0.0011709 0.0010681 0.0010681 0.0009154 0.0010172 0.0011204 0.0008645 0.0011211 0.0011211 0.0009663 0.0010172 0.0010681 0.0012224 0.0000000 0.0010183 0.0010172 0.0010183 0.0011201 0.0010172 0.0010182 0.0009663 0.0009663 0.0009154 0.0009154 0.0010692 0.0008645 0.0008645 0.0010681 0.0010691 0.0009154 0.0009154 0.0009663 0.0007627 0.0008136 0.0008136 0.0008645 0.0009663 0.0007627 0.0009663 0.0009663 0.0007119 0.0007119 0.0007119 0.0007119 0.0008136 0.0008136 0.0007119 0.0007627 0.0006610 0.0006610 0.0006610 0.0006610 0.0005084 0.0006101 0.0006101 0.0006101 0.0006101 0.0006101 0.0005593 0.0005593 0.0314554 0.0309484 0.0309484 0.0311717 0.0332729 0.0370556 0.0367511 0.0378343 1.4208043 1.3590309 
EBOV_H.sap-wt_SLE_14_Makona-G5640_1_KR105313               1.9743091 1.9764021 1.8966200 1.8743137 1.8811582 0.0027573 0.0018864 0.0017838 0.0017333 0.0019377 0.0015793 0.0016814 0.0015798 0.0012222 0.0012222 0.0012733 0.0014267 0.0013753 0.0012224 0.0010694 0.0011712 0.0010693 0.0010693 0.0009154 0.0010184 0.0011206 0.0008645 0.0010193 0.0010193 0.0008645 0.0009154 0.0009663 0.0011206 0.0010183 0.0000000 0.0009154 0.0009166 0.0010184 0.0009164 0.0010184 0.0008645 0.0008645 0.0008136 0.0008136 0.0009675 0.0007627 0.0007627 0.0009673 0.0009674 0.0008136 0.0008136 0.0008645 0.0007627 0.0007119 0.0007119 0.0007627 0.0008645 0.0006610 0.0008645 0.0008645 0.0006101 0.0006101 0.0006101 0.0006101 0.0007119 0.0007119 0.0006101 0.0006610 0.0005593 0.0005593 0.0005593 0.0005593 0.0005084 0.0005084 0.0005084 0.0005084 0.0005084 0.0005084 0.0004575 0.0004575 0.0313518 0.0308449 0.0308449 0.0310682 0.0331692 0.0369515 0.0366470 0.0377302 1.4216196 1.3612602 
EBOV_H.sap-wt_LBR_15_Makona-Liberia-DQE6_KR075000          1.9768385 1.9789348 1.8993143 1.8768453 1.8837048 0.0027565 0.0018859 0.0017833 0.0017328 0.0019371 0.0015789 0.0016809 0.0015794 0.0012218 0.0012218 0.0012729 0.0014263 0.0013749 0.0012220 0.0010691 0.0011698 0.0010681 0.0010681 0.0009154 0.0010172 0.0011203 0.0008645 0.0010190 0.0010190 0.0008645 0.0009154 0.0009663 0.0011203 0.0010172 0.0009154 0.0000000 0.0009154 0.0010172 0.0009154 0.0010172 0.0008645 0.0008645 0.0008136 0.0008136 0.0009663 0.0007627 0.0007627 0.0009663 0.0009663 0.0008136 0.0008136 0.0008645 0.0007627 0.0007119 0.0007119 0.0007627 0.0008645 0.0006610 0.0008645 0.0008645 0.0006101 0.0006101 0.0006101 0.0006101 0.0007119 0.0007119 0.0006101 0.0006610 0.0005593 0.0005593 0.0005593 0.0005593 0.0005084 0.0005084 0.0005084 0.0005084 0.0005084 0.0005084 0.0004575 0.0004575 0.0313429 0.0308361 0.0308361 0.0310594 0.0331597 0.0369410 0.0366366 0.0377195 1.4215370 1.3602076 
EBOV_H.sap-wt_SLE_14_Makona-Kailahun-G4255_1_KR105226      1.9762961 1.9783920 1.8949648 1.8738587 1.8807014 0.0027571 0.0018863 0.0017837 0.0017332 0.0019376 0.0015792 0.0016813 0.0015798 0.0012221 0.0012221 0.0012732 0.0014267 0.0013752 0.0012223 0.0010693 0.0011711 0.0010692 0.0010692 0.0009154 0.0010183 0.0011206 0.0008645 0.0010192 0.0010192 0.0007627 0.0008136 0.0009663 0.0009166 0.0010183 0.0009166 0.0009154 0.0000000 0.0008136 0.0009154 0.0008136 0.0008645 0.0008645 0.0008136 0.0008136 0.0007627 0.0007627 0.0007627 0.0007627 0.0007627 0.0007119 0.0007119 0.0006610 0.0007627 0.0007119 0.0007119 0.0006610 0.0006610 0.0006610 0.0006610 0.0006610 0.0006101 0.0006101 0.0006101 0.0006101 0.0005084 0.0005084 0.0004067 0.0006610 0.0005593 0.0005593 0.0005593 0.0005593 0.0005084 0.0005084 0.0005084 0.0005084 0.0005084 0.0004067 0.0004575 0.0004575 0.0313504 0.0308435 0.0308435 0.0310668 0.0331677 0.0369499 0.0366454 0.0377285 1.4208116 1.3585418 
EBOV_H.sap-wt_SLE_14_Makona-G4994_1_KR105289               1.9755659 1.9776611 1.8952630 1.8728579 1.8795692 0.0028593 0.0019883 0.0018857 0.0018352 0.0020396 0.0016811 0.0017832 0.0016817 0.0013240 0.0013240 0.0013751 0.0015286 0.0014771 0.0013242 0.0011712 0.0012730 0.0011711 0.0011711 0.0010172 0.0011201 0.0012225 0.0009663 0.0011212 0.0011212 0.0008645 0.0009154 0.0010681 0.0009165 0.0011201 0.0010184 0.0010172 0.0008136 0.0000000 0.0010182 0.0008136 0.0009663 0.0009663 0.0009154 0.0009154 0.0007627 0.0008645 0.0008645 0.0007627 0.0007627 0.0008136 0.0008136 0.0006610 0.0008645 0.0008136 0.0008136 0.0007627 0.0006610 0.0007627 0.0006610 0.0006610 0.0007119 0.0007119 0.0007119 0.0007119 0.0005084 0.0005084 0.0004067 0.0007627 0.0006610 0.0006610 0.0006610 0.0006610 0.0006101 0.0006101 0.0006101 0.0006101 0.0006101 0.0005084 0.0005593 0.0005593 0.0314046 0.0308976 0.0308976 0.0311209 0.0332221 0.0370047 0.0367002 0.0377834 1.4219083 1.3592360 
EBOV_H.sap-wt_SLE_14_Makona-G4973_1_KR105286               1.9734601 1.9755523 1.8955767 1.8727787 1.8800046 0.0027567 0.0018860 0.0017834 0.0017329 0.0019373 0.0015790 0.0016810 0.0015795 0.0012219 0.0012219 0.0012730 0.0014264 0.0013750 0.0012221 0.0010691 0.0011709 0.0010681 0.0010681 0.0009154 0.0010172 0.0011204 0.0008645 0.0010191 0.0010191 0.0008645 0.0009154 0.0009663 0.0011204 0.0010172 0.0009164 0.0009154 0.0009154 0.0010182 0.0000000 0.0010182 0.0008645 0.0008645 0.0004067 0.0008136 0.0009673 0.0007627 0.0007627 0.0009663 0.0009663 0.0008136 0.0008136 0.0008645 0.0007627 0.0007119 0.0007119 0.0007627 0.0008645 0.0006610 0.0008645 0.0008645 0.0006101 0.0006101 0.0006101 0.0006101 0.0007119 0.0007119 0.0006101 0.0006610 0.0005593 0.0005593 0.0005593 0.0005593 0.0005084 0.0005084 0.0005084 0.0005084 0.0005084 0.0005084 0.0004575 0.0004575 0.0313448 0.0308380 0.0308380 0.0310613 0.0331618 0.0369432 0.0366388 0.0377217 1.4223532 1.3612592 
EBOV_H.sap-wt_SLE_14_Makona-Kenema-G5039_1_KR105295        1.9739624 1.9760554 1.8965705 1.8734810 1.8803186 0.0028593 0.0019884 0.0018857 0.0017330 0.0019374 0.0016811 0.0017832 0.0016817 0.0013240 0.0013240 0.0013751 0.0015286 0.0013751 0.0013242 0.0010692 0.0011710 0.0010691 0.0010691 0.0009154 0.0010182 0.0011205 0.0008645 0.0011212 0.0011212 0.0008645 0.0009154 0.0010681 0.0009165 0.0010182 0.0010184 0.0010172 0.0008136 0.0008136 0.0010182 0.0000000 0.0009663 0.0009663 0.0009154 0.0009154 0.0007627 0.0008645 0.0008645 0.0007627 0.0007627 0.0008136 0.0008136 0.0006610 0.0007627 0.0008136 0.0008136 0.0007627 0.0006610 0.0007627 0.0006610 0.0006610 0.0007119 0.0007119 0.0007119 0.0007119 0.0005084 0.0005084 0.0004067 0.0007627 0.0006610 0.0006610 0.0006610 0.0006610 0.0005084 0.0006101 0.0006101 0.0006101 0.0006101 0.0005084 0.0005593 0.0005593 0.0313968 0.0308900 0.0308900 0.0311132 0.0332139 0.0369461 0.0366911 0.0377741 1.4233889 1.3596659 
EBOV_H.sap-wt_GIN_14_Makona-Kissidougou-EM_078694_KR817171 1.9777580 1.9798558 1.9003314 1.8777400 1.8847150 0.0027055 0.0018350 0.0017324 0.0016819 0.0018862 0.0015280 0.0016300 0.0015285 0.0011710 0.0011710 0.0012220 0.0013754 0.0013240 0.0009663 0.0010182 0.0011200 0.0010172 0.0010172 0.0008645 0.0009663 0.0010694 0.0008136 0.0009681 0.0009681 0.0008136 0.0008645 0.0007119 0.0010694 0.0009663 0.0008645 0.0008645 0.0008645 0.0009663 0.0008645 0.0009663 0.0000000 0.0000010 0.0007627 0.0005593 0.0009154 0.0005084 0.0007119 0.0009154 0.0009154 0.0007627 0.0007627 0.0008136 0.0007119 0.0004575 0.0006610 0.0007119 0.0008136 0.0006101 0.0008136 0.0008136 0.0005593 0.0005593 0.0005593 0.0005593 0.0006610 0.0006610 0.0005593 0.0006101 0.0005084 0.0005084 0.0005084 0.0005084 0.0004575 0.0004575 0.0004575 0.0004575 0.0004575 0.0004575 0.0004067 0.0004067 0.0312905 0.0307837 0.0307837 0.0310069 0.0331072 0.0368393 0.0364758 0.0375584 1.4227981 1.3609869 
