96
RESTV_M.fas-tc_USA_89_Philippines89-Pennsylvania_NC_004161 0.0000000 0.0237524 0.0320702 1.8451454 1.8445732 2.0287444 2.1137706 1.8882669 1.8892348 1.8899211 1.8847651 1.9205987 1.9246143 1.9208948 1.9203605 1.9208890 1.9215084 1.9190137 1.9187093 1.9187775 1.9182756 1.9168294 1.9188785 1.9185211 1.9185211 1.9199409 1.9211399 1.9206591 1.9190137 1.9187470 1.9199063 1.9183377 1.9196654 1.9196654 1.9200054 1.9200054 1.9169207 1.9180831 1.9185742 1.9157185 1.9157185 1.9177969 1.9186739 1.9186720 1.9181186 1.9204879 1.9207466 1.9219881 1.9204879 1.9207547 1.9204960 1.9196971 1.9196971 1.9180249 1.9182652 1.9183030 1.9188694 1.9188694 1.9191695 1.9186739 1.9192538 1.9192130 1.9203724 1.9202270 1.9196900 1.9203198 1.9194312 1.9164234 1.9212871 1.9183666 1.9184558 1.9187956 1.9187956 1.9180297 1.9174440 1.9206671 1.9179049 1.9179795 1.9179795 1.9191266 1.9198668 1.9181598 1.9175350 1.9188039 1.9186194 1.9189820 1.9186899 1.9184391 1.9188335 1.9165208 1.9187254 1.9185451 1.8965993 1.8977555 1.8846466 1.9054835 
RESTV_S.dom-tc_PHL_08_Reston08-A_FJ621583                  0.0237524 0.0000000 0.0491000 1.8613784 1.8608485 2.0518793 2.1414619 1.9010314 1.9020054 1.9026453 1.8981867 1.9396242 1.9419814 1.9401454 1.9396035 1.9399683 1.9411416 1.9384269 1.9381215 1.9378092 1.9376793 1.9362224 1.9389042 1.9379269 1.9379269 1.9393655 1.9405759 1.9400856 1.9384269 1.9381599 1.9393292 1.9377482 1.9390873 1.9390873 1.9394284 1.9394284 1.9363116 1.9374841 1.9379760 1.9351000 1.9351000 1.9371984 1.9380860 1.9380847 1.9369215 1.9399203 1.9401788 1.9414402 1.9399203 1.9401874 1.9399289 1.9391196 1.9391196 1.9373224 1.9376739 1.9377124 1.9386863 1.9386863 1.9385815 1.9380860 1.9386747 1.9385276 1.9396973 1.9395438 1.9390070 1.9396394 1.9387474 1.9364305 1.9407215 1.9377763 1.9378663 1.9382072 1.9382072 1.9374420 1.9368462 1.9403279 1.9380478 1.9375639 1.9375639 1.9383198 1.9390714 1.9375639 1.9369300 1.9382101 1.9380323 1.9383947 1.9379199 1.9376689 1.9380628 1.9358269 1.9379609 1.9377796 1.9155224 1.9165975 1.9041673 1.9239297 
RESTV_S.dom-xx_PHL_08_Reston08-C_FJ621584                  0.0320702 0.0491000 0.0000000 1.8332517 1.8326855 2.0391957 2.1077903 1.8710836 1.8720414 1.8728306 1.8676901 1.9093130 1.9123759 1.9094311 1.9089020 1.9100246 1.9104184 1.9075638 1.9072604 1.9078377 1.9073408 1.9059030 1.9085398 1.9075848 1.9075848 1.9089915 1.9096734 1.9091989 1.9075638 1.9072977 1.9084493 1.9068903 1.9082094 1.9082094 1.9085482 1.9085482 1.9054870 1.9066417 1.9071316 1.9042922 1.9042922 1.9063557 1.9072251 1.9072229 1.9066714 1.9090245 1.9092829 1.9105109 1.9090245 1.9092907 1.9090322 1.9082407 1.9082407 1.9065830 1.9068191 1.9068564 1.9077964 1.9077964 1.9077200 1.9072251 1.9077989 1.9077592 1.9086883 1.9087705 1.9082342 1.9088616 1.9079762 1.9056738 1.9098212 1.9069198 1.9070082 1.9073469 1.9073469 1.9065818 1.9065115 1.9098348 1.9064586 1.9067165 1.9067165 1.9076743 1.9084066 1.9067165 1.9060980 1.9073584 1.9071703 1.9075325 1.9072416 1.9069914 1.9073854 1.9051993 1.9072739 1.9070943 1.8849667 1.8855079 1.8734565 1.8885351 
SUDV_H.sap-xx_UGA_12_EboSud-603_KC545390                   1.8451454 1.8613784 1.8332517 0.0000000 0.0001537 2.1473329 2.1304771 1.8909248 1.8918979 1.8913333 1.8927268 1.9348421 1.9356210 1.9346615 1.9348343 1.9372114 1.9349809 1.9339364 1.9340104 1.9332203 1.9329133 1.9320377 1.9316919 1.9349398 1.9349398 1.9349297 1.9346028 1.9337081 1.9339364 1.9342783 1.9362020 1.9354926 1.9344153 1.9344153 1.9347573 1.9347573 1.9330199 1.9321018 1.9318805 1.9328779 1.9328779 1.9323261 1.9335945 1.9354164 1.9339279 1.9334402 1.9336996 1.9319840 1.9334402 1.9337081 1.9334487 1.9325926 1.9325926 1.9335450 1.9330308 1.9326891 1.9340723 1.9346820 1.9340917 1.9335945 1.9327343 1.9338479 1.9343255 1.9335608 1.9330480 1.9332756 1.9334231 1.9336350 1.9358754 1.9317587 1.9335560 1.9338979 1.9338979 1.9335953 1.9325770 1.9339781 1.9316551 1.9325329 1.9325329 1.9340344 1.9336082 1.9319284 1.9311569 1.9334726 1.9315753 1.9334981 1.9343417 1.9340900 1.9339999 1.9331984 1.9341625 1.9337565 1.9080018 1.9100729 1.8981951 1.8991742 
SUDV_H.sap-xx_UGA_12_EboSud-609_KC545391                   1.8445732 1.8608485 1.8326855 0.0001537 0.0000000 2.1458167 2.1311667 1.8920341 1.8930080 1.8924433 1.8938374 1.9359855 1.9367651 1.9358043 1.9359776 1.9383561 1.9361250 1.9350790 1.9351531 1.9343625 1.9340550 1.9331788 1.9328331 1.9360831 1.9360831 1.9360730 1.9357457 1.9348502 1.9350790 1.9354211 1.9373465 1.9366366 1.9355585 1.9355585 1.9359007 1.9359007 1.9341621 1.9332433 1.9330220 1.9340198 1.9340198 1.9334677 1.9347370 1.9365606 1.9350705 1.9345827 1.9348421 1.9331250 1.9345827 1.9348506 1.9345912 1.9337344 1.9337344 1.9346870 1.9341721 1.9338304 1.9352150 1.9358249 1.9352344 1.9347370 1.9338761 1.9349899 1.9354682 1.9347028 1.9341899 1.9344176 1.9345650 1.9347778 1.9370196 1.9328996 1.9346985 1.9350405 1.9350405 1.9347377 1.9337187 1.9351208 1.9327961 1.9336747 1.9336747 1.9351780 1.9347513 1.9330699 1.9322977 1.9346155 1.9327163 1.9346406 1.9354844 1.9352326 1.9351424 1.9343401 1.9353054 1.9348991 1.9091222 1.9111954 1.8993080 1.9002877 
TAFV_H.sap-tc_CIV_94_Pauleoula-CI_NC_014372                2.0287444 2.0518793 2.0391957 2.1473329 2.1458167 0.0000000 0.7985725 1.3216112 1.3209688 1.3211408 1.3229082 1.3434804 1.3452988 1.3458160 1.3421676 1.3439634 1.3425228 1.3416542 1.3417650 1.3418855 1.3412735 1.3412727 1.3416394 1.3423643 1.3423643 1.3422162 1.3436273 1.3429671 1.3416542 1.3416385 1.3414322 1.3419429 1.3413990 1.3413990 1.3411770 1.3411770 1.3417963 1.3427576 1.3423702 1.3429645 1.3429645 1.3423221 1.3418763 1.3429560 1.3411470 1.3429980 1.3432232 1.3428838 1.3429980 1.3432202 1.3429949 1.3425315 1.3425315 1.3416280 1.3410990 1.3413211 1.3419842 1.3419842 1.3416092 1.3418763 1.3422343 1.3422889 1.3418707 1.3417282 1.3410291 1.3409425 1.3413713 1.3423433 1.3418893 1.3435136 1.3417200 1.3419870 1.3419870 1.3402909 1.3414190 1.3429649 1.3427729 1.3430360 1.3430360 1.3434194 1.3438230 1.3428702 1.3425328 1.3438638 1.3436074 1.3426157 1.3429367 1.3431620 1.3430932 1.3433307 1.3432018 1.3430846 1.3359327 1.3360306 1.3377831 1.3340943 
BDBV_H.sap-xx_COD_12_EboBund-122_KC545395                  2.1137706 2.1414619 2.1077903 2.1304771 2.1311667 0.7985725 0.0000000 1.3527404 1.3531729 1.3536198 1.3549563 1.3786573 1.3801008 1.3801203 1.3771782 1.3780853 1.3786591 1.3794008 1.3794470 1.3783033 1.3786012 1.3791967 1.3792103 1.3793498 1.3793498 1.3801961 1.3812259 1.3801210 1.3794008 1.3793840 1.3794232 1.3801185 1.3791339 1.3791339 1.3794028 1.3794028 1.3796605 1.3798797 1.3798124 1.3815543 1.3815543 1.3802000 1.3796236 1.3807277 1.3797791 1.3807718 1.3809973 1.3816614 1.3807718 1.3809947 1.3812057 1.3802926 1.3802926 1.3806231 1.3788554 1.3788722 1.3795984 1.3800902 1.3793546 1.3796236 1.3803780 1.3809921 1.3810826 1.3798810 1.3799651 1.3804582 1.3801327 1.3799656 1.3796323 1.3795789 1.3794655 1.3797344 1.3797344 1.3788015 1.3788315 1.3777902 1.3808631 1.3780466 1.3780466 1.3781327 1.3785466 1.3783080 1.3786394 1.3796478 1.3792369 1.3780641 1.3784481 1.3785574 1.3789280 1.3774404 1.3776230 1.3776230 1.3724504 1.3729990 1.3696246 1.3739357 
EBOV_H.sap-tc_COD_07_1Luebo_KC242786                       1.8882669 1.9010314 1.8710836 1.8909248 1.8920341 1.3216112 1.3527404 0.0000000 0.0000515 0.0004117 0.0006177 0.0325358 0.0323270 0.0315833 0.0317422 0.0321472 0.0319731 0.0316330 0.0316334 0.0323131 0.0322547 0.0322594 0.0322604 0.0322579 0.0322579 0.0319770 0.0322628 0.0321468 0.0316330 0.0316894 0.0321469 0.0319170 0.0318022 0.0318022 0.0318587 0.0318587 0.0318045 0.0318028 0.0319161 0.0318663 0.0318663 0.0316907 0.0316890 0.0318588 0.0321956 0.0318059 0.0318622 0.0320920 0.0318059 0.0318619 0.0319178 0.0317490 0.0317490 0.0319725 0.0321970 0.0321404 0.0321990 0.0323116 0.0318576 0.0316890 0.0318017 0.0324846 0.0324253 0.0323640 0.0321955 0.0322521 0.0320866 0.0321963 0.0322042 0.0320899 0.0317455 0.0318019 0.0318019 0.0321450 0.0318034 0.0321438 0.0319827 0.0321348 0.0321348 0.0322606 0.0324308 0.0319100 0.0320798 0.0321349 0.0319680 0.0314598 0.0311212 0.0311242 0.0311772 0.0314593 0.0312363 0.0313483 0.0244280 0.0253730 0.0236399 0.0204084 
EBOV_H.sap-tc_COD_07_M-M_HQ613403                          1.8892348 1.9020054 1.8720414 1.8918979 1.8930080 1.3209688 1.3531729 0.0000515 0.0000000 0.0004632 0.0006692 0.0325959 0.0323871 0.0316432 0.0318021 0.0322072 0.0320330 0.0316929 0.0316933 0.0323732 0.0323147 0.0323195 0.0323204 0.0323180 0.0323180 0.0320370 0.0323229 0.0322068 0.0316929 0.0317493 0.0322069 0.0319769 0.0318621 0.0318621 0.0319186 0.0319186 0.0318644 0.0318627 0.0319760 0.0319263 0.0319263 0.0317506 0.0317489 0.0319187 0.0322556 0.0318658 0.0319222 0.0321521 0.0318658 0.0319219 0.0319777 0.0318089 0.0318089 0.0320325 0.0322570 0.0322005 0.0322590 0.0323717 0.0319175 0.0317489 0.0318616 0.0325447 0.0324854 0.0324241 0.0322555 0.0323121 0.0321466 0.0322563 0.0322643 0.0321499 0.0318054 0.0318618 0.0318618 0.0322050 0.0318634 0.0322038 0.0320427 0.0321948 0.0321948 0.0323207 0.0324909 0.0319700 0.0321398 0.0321949 0.0320280 0.0315197 0.0311810 0.0311839 0.0312369 0.0315191 0.0312961 0.0314081 0.0244859 0.0254311 0.0236976 0.0204652 
EBOV_H.sap-tc_COD_07_5Luebo_KC242790                       1.8899211 1.9026453 1.8728306 1.8913333 1.8924433 1.3211408 1.3536198 0.0004117 0.0004632 0.0000000 0.0010308 0.0329873 0.0327786 0.0320339 0.0321928 0.0325984 0.0324240 0.0320836 0.0320840 0.0327645 0.0327060 0.0327108 0.0327117 0.0327093 0.0327093 0.0324280 0.0327142 0.0325980 0.0320836 0.0321401 0.0325982 0.0323679 0.0322530 0.0322530 0.0323095 0.0323095 0.0322553 0.0322536 0.0323669 0.0323172 0.0323172 0.0321413 0.0321396 0.0323096 0.0326468 0.0322567 0.0323131 0.0325432 0.0322567 0.0323128 0.0323687 0.0321997 0.0321997 0.0324235 0.0326482 0.0325916 0.0326502 0.0327630 0.0323083 0.0321396 0.0322524 0.0329362 0.0328768 0.0328154 0.0326467 0.0327033 0.0325377 0.0326474 0.0326555 0.0325411 0.0321961 0.0322527 0.0322527 0.0325962 0.0322542 0.0325950 0.0324338 0.0325858 0.0325858 0.0327120 0.0328823 0.0323608 0.0325308 0.0325860 0.0324189 0.0319101 0.0315711 0.0315742 0.0316271 0.0319096 0.0316864 0.0317985 0.0248694 0.0258156 0.0240802 0.0208451 
EBOV_H.sap-tc_COD_08_034-KS_HQ613402                       1.8847651 1.8981867 1.8676901 1.8927268 1.8938374 1.3229082 1.3549563 0.0006177 0.0006692 0.0010308 0.0000000 0.0330089 0.0328000 0.0320548 0.0322138 0.0326197 0.0324452 0.0321045 0.0321049 0.0327859 0.0327273 0.0327321 0.0327331 0.0327306 0.0327306 0.0324492 0.0327356 0.0326193 0.0321045 0.0321610 0.0326194 0.0323890 0.0322740 0.0322740 0.0323306 0.0323306 0.0322763 0.0322746 0.0323881 0.0323383 0.0323383 0.0321623 0.0321606 0.0323307 0.0326681 0.0322777 0.0323342 0.0325645 0.0322777 0.0323339 0.0323898 0.0322208 0.0322208 0.0324447 0.0326695 0.0326129 0.0326715 0.0327844 0.0323294 0.0321606 0.0322735 0.0329577 0.0328983 0.0328368 0.0326680 0.0327247 0.0325589 0.0326687 0.0326768 0.0325623 0.0322172 0.0322737 0.0322737 0.0326175 0.0322753 0.0326163 0.0324550 0.0326071 0.0326071 0.0327333 0.0329038 0.0323819 0.0325521 0.0326072 0.0324401 0.0319310 0.0315918 0.0315948 0.0316478 0.0319305 0.0317071 0.0318193 0.0249961 0.0259432 0.0241467 0.0209680 
EBOV_H.sap-wt_GIN_14_Makona-Gueckedou-EM_080076_KR817235   1.9205987 1.9396242 1.9093130 1.9348421 1.9359855 1.3434804 1.3786573 0.0325358 0.0325959 0.0329873 0.0330089 0.0000000 0.0016516 0.0019093 0.0020644 0.0024277 0.0022718 0.0019611 0.0020646 0.0026865 0.0025309 0.0026349 0.0026349 0.0025311 0.0025311 0.0022721 0.0027388 0.0024276 0.0019611 0.0020129 0.0025312 0.0022201 0.0021164 0.0021164 0.0021682 0.0021682 0.0022200 0.0022199 0.0024271 0.0023239 0.0023239 0.0021164 0.0020129 0.0021682 0.0024788 0.0021166 0.0021684 0.0023759 0.0021166 0.0021684 0.0022201 0.0020648 0.0020648 0.0022718 0.0024789 0.0024271 0.0024791 0.0025827 0.0021681 0.0020129 0.0021164 0.0027385 0.0026865 0.0026863 0.0025309 0.0025827 0.0023755 0.0024789 0.0026344 0.0023757 0.0020646 0.0021164 0.0021164 0.0024791 0.0021165 0.0024274 0.0024790 0.0024267 0.0024267 0.0027903 0.0029460 0.0022196 0.0023750 0.0024786 0.0024786 0.0018057 0.0014955 0.0015472 0.0015472 0.0018057 0.0019092 0.0020126 0.0374576 0.0383265 0.0367719 0.0335287 
EBOV_H.sap-wt_GIN_14_Makona-Gueckedou-EM_079702_KR817210   1.9246143 1.9419814 1.9123759 1.9356210 1.9367651 1.3452988 1.3801008 0.0323270 0.0323871 0.0327786 0.0328000 0.0016516 0.0000000 0.0015999 0.0017550 0.0021180 0.0019623 0.0016517 0.0017552 0.0023768 0.0022212 0.0023252 0.0023252 0.0022214 0.0022214 0.0019625 0.0024290 0.0021179 0.0016517 0.0017034 0.0022215 0.0019105 0.0018069 0.0018069 0.0018587 0.0018587 0.0019105 0.0019104 0.0021176 0.0020143 0.0020143 0.0018069 0.0017034 0.0018587 0.0021693 0.0018071 0.0018589 0.0020662 0.0018071 0.0018588 0.0019106 0.0017553 0.0017553 0.0019623 0.0021693 0.0021175 0.0021695 0.0022731 0.0018586 0.0017034 0.0018069 0.0024288 0.0023768 0.0023766 0.0022212 0.0022731 0.0020659 0.0021693 0.0023248 0.0020661 0.0017551 0.0018069 0.0018069 0.0021695 0.0018070 0.0021178 0.0021694 0.0021172 0.0021172 0.0024806 0.0026362 0.0019101 0.0020655 0.0021691 0.0021691 0.0014963 0.0011862 0.0012379 0.0012379 0.0014963 0.0015998 0.0017032 0.0374272 0.0382966 0.0367401 0.0335456 
EBOV_H.sap-wt_GIN_14_Makona-Gueckedou-EM_079587_KR817202   1.9208948 1.9401454 1.9094311 1.9346615 1.9358043 1.3458160 1.3801203 0.0315833 0.0316432 0.0320339 0.0320548 0.0019093 0.0015999 0.0000000 0.0011858 0.0015479 0.0013926 0.0010826 0.0011859 0.0018062 0.0016510 0.0017547 0.0017547 0.0016511 0.0016511 0.0013927 0.0018583 0.0015478 0.0010826 0.0011342 0.0016512 0.0013409 0.0012375 0.0012375 0.0012892 0.0012892 0.0013409 0.0013408 0.0015475 0.0014444 0.0014444 0.0012375 0.0011342 0.0012892 0.0015992 0.0012376 0.0012893 0.0014962 0.0012376 0.0012893 0.0013409 0.0011860 0.0011860 0.0013925 0.0015992 0.0015475 0.0015993 0.0017027 0.0012891 0.0011342 0.0012375 0.0018581 0.0018062 0.0018061 0.0016510 0.0017027 0.0014960 0.0015992 0.0017544 0.0014961 0.0011859 0.0012375 0.0012375 0.0015993 0.0012376 0.0015477 0.0015993 0.0015473 0.0015473 0.0019098 0.0020651 0.0013406 0.0014957 0.0015990 0.0015990 0.0009267 0.0006177 0.0006692 0.0006177 0.0008752 0.0010309 0.0011341 0.0368302 0.0376976 0.0361456 0.0328539 
EBOV_H.sap-wt_GIN_14_Makona-Gueckedou-EM_079750_KR817213   1.9203605 1.9396035 1.9089020 1.9348343 1.9359776 1.3421676 1.3771782 0.0317422 0.0318021 0.0321928 0.0322138 0.0020644 0.0017550 0.0011858 0.0000000 0.0005662 0.0014440 0.0011340 0.0012373 0.0018576 0.0017024 0.0018061 0.0018061 0.0017026 0.0017026 0.0014442 0.0019097 0.0015993 0.0011340 0.0011857 0.0017026 0.0013923 0.0012889 0.0012889 0.0013406 0.0013406 0.0013923 0.0013923 0.0015990 0.0014958 0.0014958 0.0012890 0.0011856 0.0013406 0.0016506 0.0012891 0.0013407 0.0015476 0.0012891 0.0013407 0.0013924 0.0012374 0.0012374 0.0014440 0.0016506 0.0015989 0.0016508 0.0017542 0.0013406 0.0011856 0.0012889 0.0019095 0.0018576 0.0018575 0.0017024 0.0017541 0.0015474 0.0016506 0.0018058 0.0015475 0.0012373 0.0012889 0.0012889 0.0016508 0.0012890 0.0015991 0.0016507 0.0015987 0.0015987 0.0019612 0.0021165 0.0013921 0.0015471 0.0016505 0.0016504 0.0009782 0.0006692 0.0007207 0.0007207 0.0009782 0.0010823 0.0011855 0.0368804 0.0377477 0.0361958 0.0329577 
EBOV_H.sap-wt_GIN_14_Makona-Gueckedou-EM_079910_KR817221   1.9208890 1.9399683 1.9100246 1.9372114 1.9383561 1.3439634 1.3780853 0.0321472 0.0322072 0.0325984 0.0326197 0.0024277 0.0021180 0.0015479 0.0005662 0.0000000 0.0018064 0.0014961 0.0015995 0.0022207 0.0020652 0.0021691 0.0021691 0.0020654 0.0020654 0.0018067 0.0022728 0.0019620 0.0014961 0.0015478 0.0020655 0.0017547 0.0016512 0.0016512 0.0017029 0.0017029 0.0017547 0.0017546 0.0019616 0.0018584 0.0018584 0.0016512 0.0015478 0.0017029 0.0020133 0.0016514 0.0017031 0.0019103 0.0016514 0.0017031 0.0017548 0.0015996 0.0015996 0.0018064 0.0020134 0.0019616 0.0020135 0.0021170 0.0017029 0.0015478 0.0016512 0.0022726 0.0022207 0.0022205 0.0020652 0.0021170 0.0019100 0.0020133 0.0021168 0.0019102 0.0015995 0.0016512 0.0016512 0.0020135 0.0016512 0.0019618 0.0020134 0.0019613 0.0019613 0.0023243 0.0024799 0.0017544 0.0019096 0.0020131 0.0020131 0.0013409 0.0010310 0.0010826 0.0010826 0.0013408 0.0014442 0.0015476 0.0372925 0.0381611 0.0366070 0.0333646 
EBOV_H.sap-wt_LBR_14_Makona-LIBR0430_KR006955              1.9215084 1.9411416 1.9104184 1.9349809 1.9361250 1.3425228 1.3786591 0.0319731 0.0320330 0.0324240 0.0324452 0.0022718 0.0019623 0.0013926 0.0014440 0.0018064 0.0000000 0.0004117 0.0005147 0.0011342 0.0009793 0.0010826 0.0010827 0.0009794 0.0009794 0.0007207 0.0011860 0.0008762 0.0004117 0.0004632 0.0009794 0.0006692 0.0005662 0.0005662 0.0006177 0.0006177 0.0006692 0.0006692 0.0008752 0.0007722 0.0007722 0.0005662 0.0004632 0.0006177 0.0009267 0.0005662 0.0006177 0.0008237 0.0005662 0.0006177 0.0006692 0.0005147 0.0005147 0.0007207 0.0009267 0.0008752 0.0009267 0.0010309 0.0006177 0.0004632 0.0005662 0.0011859 0.0011342 0.0011341 0.0009793 0.0010309 0.0008237 0.0009267 0.0010825 0.0008237 0.0005147 0.0005662 0.0005662 0.0009267 0.0005662 0.0008752 0.0009267 0.0008752 0.0008752 0.0012375 0.0013925 0.0006692 0.0008237 0.0009267 0.0009267 0.0004632 0.0008752 0.0009267 0.0009267 0.0011857 0.0012890 0.0013923 0.0371154 0.0379835 0.0364303 0.0331897 
EBOV_H.sap-wt_SLE_14_Makona-G3734.1_KM233055               1.9190137 1.9384269 1.9075638 1.9339364 1.9350790 1.3416542 1.3794008 0.0316330 0.0316929 0.0320836 0.0321045 0.0019611 0.0016517 0.0010826 0.0011340 0.0014961 0.0004117 0.0000000 0.0001029 0.0007207 0.0005662 0.0006692 0.0006692 0.0005662 0.0005662 0.0003088 0.0007722 0.0004632 0.0000010 0.0000515 0.0005662 0.0002573 0.0001544 0.0001544 0.0002058 0.0002058 0.0002573 0.0002573 0.0004632 0.0003602 0.0003602 0.0001544 0.0000515 0.0002058 0.0005147 0.0001544 0.0002058 0.0004117 0.0001544 0.0002058 0.0002573 0.0001029 0.0001029 0.0003088 0.0005147 0.0004632 0.0005147 0.0006177 0.0002058 0.0000515 0.0001544 0.0007722 0.0007207 0.0007207 0.0005662 0.0006177 0.0004117 0.0005147 0.0006692 0.0004117 0.0001029 0.0001544 0.0001544 0.0005147 0.0001544 0.0005662 0.0006177 0.0005662 0.0005662 0.0009267 0.0010825 0.0003602 0.0005147 0.0006177 0.0006177 0.0001544 0.0005662 0.0006177 0.0006177 0.0008752 0.0009782 0.0010824 0.0367703 0.0376375 0.0360858 0.0328483 
EBOV_H.sap-wt_LBR_15_Makona-Liberia-DQE4_KR074998          1.9187093 1.9381215 1.9072604 1.9340104 1.9351531 1.3417650 1.3794470 0.0316334 0.0316933 0.0320840 0.0321049 0.0020646 0.0017552 0.0011859 0.0012373 0.0015995 0.0005147 0.0001029 0.0000000 0.0008237 0.0006692 0.0007722 0.0007722 0.0006692 0.0006692 0.0004117 0.0008752 0.0005662 0.0001029 0.0001544 0.0006692 0.0003602 0.0002573 0.0002573 0.0003088 0.0003088 0.0003602 0.0003602 0.0005662 0.0004632 0.0004632 0.0002573 0.0001544 0.0003088 0.0006177 0.0002573 0.0003088 0.0005147 0.0002573 0.0003088 0.0003602 0.0002058 0.0002058 0.0004117 0.0006177 0.0005662 0.0006177 0.0007207 0.0003088 0.0001544 0.0002573 0.0008752 0.0008237 0.0008237 0.0006692 0.0007207 0.0005147 0.0006177 0.0007722 0.0005147 0.0002058 0.0002573 0.0002573 0.0006177 0.0002573 0.0006692 0.0007207 0.0006692 0.0006692 0.0010309 0.0011858 0.0004632 0.0006177 0.0007207 0.0007207 0.0002573 0.0006692 0.0007207 0.0007207 0.0009782 0.0010824 0.0011856 0.0368848 0.0377522 0.0362001 0.0329616 
EBOV_H.sap-wt_GIN_14_Makona-Kankan-EM_078639_KR817166      1.9187775 1.9378092 1.9078377 1.9332203 1.9343625 1.3418855 1.3783033 0.0323131 0.0323732 0.0327645 0.0327859 0.0026865 0.0023768 0.0018062 0.0018576 0.0022207 0.0011342 0.0007207 0.0008237 0.0000000 0.0004632 0.0005662 0.0007722 0.0006692 0.0006692 0.0007207 0.0013924 0.0011857 0.0007207 0.0007722 0.0012890 0.0009782 0.0008752 0.0008752 0.0009267 0.0009267 0.0009782 0.0009782 0.0011855 0.0010824 0.0010824 0.0008752 0.0007722 0.0009267 0.0012371 0.0008752 0.0009267 0.0011341 0.0008752 0.0009267 0.0009782 0.0008237 0.0008237 0.0010297 0.0012371 0.0011855 0.0012372 0.0013405 0.0009267 0.0007722 0.0008752 0.0014956 0.0014438 0.0014437 0.0012888 0.0013405 0.0011340 0.0012371 0.0013920 0.0011341 0.0008237 0.0008752 0.0008752 0.0012372 0.0008752 0.0012892 0.0013407 0.0012888 0.0012888 0.0016510 0.0018062 0.0010823 0.0012372 0.0013405 0.0013405 0.0008752 0.0012890 0.0013406 0.0013406 0.0015990 0.0017025 0.0018059 0.0374604 0.0383294 0.0366610 0.0335312 
EBOV_H.sap-wt_GIN_14_Makona-Faranah-EM_078415_KR817160     1.9182756 1.9376793 1.9073408 1.9329133 1.9340550 1.3412735 1.3786012 0.0322547 0.0323147 0.0327060 0.0327273 0.0025309 0.0022212 0.0016510 0.0017024 0.0020652 0.0009793 0.0005662 0.0006692 0.0004632 0.0000000 0.0004117 0.0006177 0.0005147 0.0005147 0.0005662 0.0013407 0.0010308 0.0005662 0.0006177 0.0011340 0.0008237 0.0007207 0.0007207 0.0007722 0.0007722 0.0008237 0.0008237 0.0010297 0.0009267 0.0009267 0.0007207 0.0006177 0.0007722 0.0010812 0.0007207 0.0007722 0.0009792 0.0007207 0.0007722 0.0008237 0.0006692 0.0006692 0.0008752 0.0010812 0.0010297 0.0010823 0.0011855 0.0007722 0.0006177 0.0007207 0.0013406 0.0012888 0.0012887 0.0011339 0.0011855 0.0009782 0.0010812 0.0012371 0.0009782 0.0006692 0.0007207 0.0007207 0.0010823 0.0007207 0.0011342 0.0011857 0.0011339 0.0011339 0.0014958 0.0016509 0.0009267 0.0010823 0.0011856 0.0011856 0.0007207 0.0011340 0.0011857 0.0011856 0.0014439 0.0015473 0.0016507 0.0374008 0.0382696 0.0366016 0.0334724 
EBOV_H.sap-wt_GIN_14_Makona-Macenta-EM_076191_KR817141     1.9168294 1.9362224 1.9059030 1.9320377 1.9331788 1.3412727 1.3791967 0.0322594 0.0323195 0.0327108 0.0327321 0.0026349 0.0023252 0.0017547 0.0018061 0.0021691 0.0010826 0.0006692 0.0007722 0.0005662 0.0004117 0.0000000 0.0007207 0.0006177 0.0006177 0.0006692 0.0014442 0.0011342 0.0006692 0.0007207 0.0012375 0.0009267 0.0008237 0.0008237 0.0008752 0.0008752 0.0009267 0.0009267 0.0011340 0.0010309 0.0010309 0.0008237 0.0007207 0.0008752 0.0011856 0.0008237 0.0008752 0.0010826 0.0008237 0.0008752 0.0009267 0.0007722 0.0007722 0.0009782 0.0011856 0.0011340 0.0011857 0.0012890 0.0008752 0.0007207 0.0008237 0.0014441 0.0013923 0.0013922 0.0012373 0.0012889 0.0010824 0.0011856 0.0013405 0.0010826 0.0007722 0.0008237 0.0008237 0.0011857 0.0008237 0.0012376 0.0012892 0.0012373 0.0012373 0.0015994 0.0017546 0.0010308 0.0011857 0.0012890 0.0012890 0.0008237 0.0012375 0.0012891 0.0012891 0.0015475 0.0016509 0.0017543 0.0375205 0.0383897 0.0367210 0.0335281 
EBOV_H.sap-wt_GIN_14_Makona-Beyla-EM_075931_KR817138       1.9188785 1.9389042 1.9085398 1.9316919 1.9328331 1.3416394 1.3792103 0.0322604 0.0323204 0.0327117 0.0327331 0.0026349 0.0023252 0.0017547 0.0018061 0.0021691 0.0010827 0.0006692 0.0007722 0.0007722 0.0006177 0.0007207 0.0000000 0.0006177 0.0006177 0.0006692 0.0014442 0.0011342 0.0006692 0.0007207 0.0012375 0.0009267 0.0008237 0.0008237 0.0008752 0.0008752 0.0009267 0.0009267 0.0011340 0.0010309 0.0010309 0.0008237 0.0007207 0.0008752 0.0011856 0.0008237 0.0008752 0.0010826 0.0008237 0.0008752 0.0009267 0.0007722 0.0007722 0.0009782 0.0011856 0.0011340 0.0011857 0.0012890 0.0008752 0.0007207 0.0008237 0.0014441 0.0013923 0.0013922 0.0012373 0.0012890 0.0010825 0.0011856 0.0013406 0.0010826 0.0007722 0.0008237 0.0008237 0.0011857 0.0008237 0.0012377 0.0012892 0.0012373 0.0012373 0.0015995 0.0017546 0.0010308 0.0011857 0.0012890 0.0012890 0.0008237 0.0012375 0.0012891 0.0012891 0.0015475 0.0016510 0.0017544 0.0375217 0.0383909 0.0368357 0.0335915 
EBOV_H.sap-wt_GIN_14_Makona-Kissidougou-EM_078694_KR817171 1.9185211 1.9379269 1.9075848 1.9349398 1.9360831 1.3423643 1.3793498 0.0322579 0.0323180 0.0327093 0.0327306 0.0025311 0.0022214 0.0016511 0.0017026 0.0020654 0.0009794 0.0005662 0.0006692 0.0006692 0.0005147 0.0006177 0.0006177 0.0000000 0.0000010 0.0005662 0.0013408 0.0010309 0.0005662 0.0006177 0.0011341 0.0008237 0.0007207 0.0007207 0.0007722 0.0007722 0.0008237 0.0008237 0.0010297 0.0009267 0.0009267 0.0007207 0.0006177 0.0007722 0.0010823 0.0007207 0.0007722 0.0009793 0.0007207 0.0007722 0.0008237 0.0006692 0.0006692 0.0008752 0.0010823 0.0010297 0.0010824 0.0011856 0.0007722 0.0006177 0.0007207 0.0013407 0.0012889 0.0012888 0.0011340 0.0011856 0.0009782 0.0010823 0.0012372 0.0009793 0.0006692 0.0007207 0.0007207 0.0010824 0.0007207 0.0011343 0.0011858 0.0011340 0.0011340 0.0013926 0.0015477 0.0009267 0.0010824 0.0011857 0.0011857 0.0007207 0.0011341 0.0011858 0.0011857 0.0014440 0.0015475 0.0016508 0.0374047 0.0382735 0.0367190 0.0334758 
EBOV_H.sap-wt_GIN_14_Makona-Kissidougou-EM_078722_KR817175 1.9185211 1.9379269 1.9075848 1.9349398 1.9360831 1.3423643 1.3793498 0.0322579 0.0323180 0.0327093 0.0327306 0.0025311 0.0022214 0.0016511 0.0017026 0.0020654 0.0009794 0.0005662 0.0006692 0.0006692 0.0005147 0.0006177 0.0006177 0.0000010 0.0000000 0.0005662 0.0013408 0.0010309 0.0005662 0.0006177 0.0011341 0.0008237 0.0007207 0.0007207 0.0007722 0.0007722 0.0008237 0.0008237 0.0010297 0.0009267 0.0009267 0.0007207 0.0006177 0.0007722 0.0010823 0.0007207 0.0007722 0.0009793 0.0007207 0.0007722 0.0008237 0.0006692 0.0006692 0.0008752 0.0010823 0.0010297 0.0010824 0.0011856 0.0007722 0.0006177 0.0007207 0.0013407 0.0012889 0.0012888 0.0011340 0.0011856 0.0009782 0.0010823 0.0012372 0.0009793 0.0006692 0.0007207 0.0007207 0.0010824 0.0007207 0.0011343 0.0011858 0.0011340 0.0011340 0.0013926 0.0015477 0.0009267 0.0010824 0.0011857 0.0011857 0.0007207 0.0011341 0.0011858 0.0011857 0.0014440 0.0015475 0.0016508 0.0374047 0.0382735 0.0367190 0.0334758 
EBOV_H.sap-wt_LBR_14_Makona-LIBR0505_KR006957              1.9199409 1.9393655 1.9089915 1.9349297 1.9360730 1.3422162 1.3801961 0.0319770 0.0320370 0.0324280 0.0324492 0.0022721 0.0019625 0.0013927 0.0014442 0.0018067 0.0007207 0.0003088 0.0004117 0.0007207 0.0005662 0.0006692 0.0006692 0.0005662 0.0005662 0.0000000 0.0010826 0.0007722 0.0003088 0.0003602 0.0008752 0.0005662 0.0004632 0.0004632 0.0005147 0.0005147 0.0005662 0.0005662 0.0007722 0.0006692 0.0006692 0.0004632 0.0003602 0.0005147 0.0008237 0.0004632 0.0005147 0.0007207 0.0004632 0.0005147 0.0005662 0.0004117 0.0004117 0.0006177 0.0008237 0.0007722 0.0008237 0.0009267 0.0005147 0.0003602 0.0004632 0.0010825 0.0010308 0.0010308 0.0008752 0.0009267 0.0007207 0.0008237 0.0009782 0.0007207 0.0004117 0.0004632 0.0004632 0.0008237 0.0004632 0.0008762 0.0009278 0.0008752 0.0008752 0.0012376 0.0013927 0.0006692 0.0008237 0.0009267 0.0009267 0.0004632 0.0008752 0.0009277 0.0009267 0.0011858 0.0012891 0.0013924 0.0371200 0.0379882 0.0364348 0.0331938 
EBOV_H.sap-wt_SLE_14_Makona-Kailahun-20140517_KR653263     1.9211399 1.9405759 1.9096734 1.9346028 1.9357457 1.3436273 1.3812259 0.0322628 0.0323229 0.0327142 0.0327356 0.0027388 0.0024290 0.0018583 0.0019097 0.0022728 0.0011860 0.0007722 0.0008752 0.0013924 0.0013407 0.0014442 0.0014442 0.0013408 0.0013408 0.0010826 0.0000000 0.0006177 0.0007722 0.0008237 0.0013409 0.0010309 0.0009267 0.0009267 0.0009792 0.0009792 0.0010309 0.0010308 0.0012373 0.0011342 0.0011342 0.0009267 0.0008237 0.0009792 0.0012889 0.0009277 0.0009793 0.0011860 0.0009277 0.0009793 0.0010309 0.0008752 0.0008752 0.0010825 0.0012890 0.0012373 0.0012890 0.0013924 0.0009782 0.0008237 0.0009267 0.0015475 0.0014957 0.0014956 0.0013407 0.0013923 0.0011858 0.0012889 0.0014439 0.0011859 0.0008752 0.0009267 0.0009267 0.0012891 0.0009267 0.0012895 0.0013411 0.0013407 0.0013407 0.0017029 0.0018582 0.0011341 0.0012891 0.0013924 0.0012891 0.0009277 0.0013409 0.0013925 0.0013925 0.0016510 0.0017545 0.0018579 0.0375242 0.0383935 0.0368382 0.0335937 
EBOV_H.sap-wt_SLE_14_Makona-G4973_1_KR105286               1.9206591 1.9400856 1.9091989 1.9337081 1.9348502 1.3429671 1.3801210 0.0321468 0.0322068 0.0325980 0.0326193 0.0024276 0.0021179 0.0015478 0.0015993 0.0019620 0.0008762 0.0004632 0.0005662 0.0011857 0.0010308 0.0011342 0.0011342 0.0010309 0.0010309 0.0007722 0.0006177 0.0000000 0.0004632 0.0005147 0.0010309 0.0007207 0.0006177 0.0006177 0.0006692 0.0006692 0.0007207 0.0007207 0.0009267 0.0008237 0.0008237 0.0006177 0.0005147 0.0006692 0.0009782 0.0006177 0.0006692 0.0008752 0.0006177 0.0006692 0.0007207 0.0005662 0.0005662 0.0007722 0.0009782 0.0009267 0.0009792 0.0010824 0.0006692 0.0005147 0.0006177 0.0012374 0.0011857 0.0011856 0.0010308 0.0010824 0.0008752 0.0009782 0.0011340 0.0008752 0.0005662 0.0006177 0.0006177 0.0009792 0.0006177 0.0009796 0.0010311 0.0010308 0.0010308 0.0013927 0.0015478 0.0008237 0.0009792 0.0010825 0.0010825 0.0006177 0.0010309 0.0010826 0.0010826 0.0013408 0.0014442 0.0015475 0.0372922 0.0381608 0.0366067 0.0333643 
EBOV_H.sap-wt_SLE_14_Makona-G3799_KM233080                 1.9190137 1.9384269 1.9075638 1.9339364 1.9350790 1.3416542 1.3794008 0.0316330 0.0316929 0.0320836 0.0321045 0.0019611 0.0016517 0.0010826 0.0011340 0.0014961 0.0004117 0.0000010 0.0001029 0.0007207 0.0005662 0.0006692 0.0006692 0.0005662 0.0005662 0.0003088 0.0007722 0.0004632 0.0000000 0.0000515 0.0005662 0.0002573 0.0001544 0.0001544 0.0002058 0.0002058 0.0002573 0.0002573 0.0004632 0.0003602 0.0003602 0.0001544 0.0000515 0.0002058 0.0005147 0.0001544 0.0002058 0.0004117 0.0001544 0.0002058 0.0002573 0.0001029 0.0001029 0.0003088 0.0005147 0.0004632 0.0005147 0.0006177 0.0002058 0.0000515 0.0001544 0.0007722 0.0007207 0.0007207 0.0005662 0.0006177 0.0004117 0.0005147 0.0006692 0.0004117 0.0001029 0.0001544 0.0001544 0.0005147 0.0001544 0.0005662 0.0006177 0.0005662 0.0005662 0.0009267 0.0010825 0.0003602 0.0005147 0.0006177 0.0006177 0.0001544 0.0005662 0.0006177 0.0006177 0.0008752 0.0009782 0.0010824 0.0367703 0.0376375 0.0360858 0.0328483 
EBOV_H.sap-wt_SLE_14_Makona-G3788_KM233075                 1.9187470 1.9381599 1.9072977 1.9342783 1.9354211 1.3416385 1.3793840 0.0316894 0.0317493 0.0321401 0.0321610 0.0020129 0.0017034 0.0011342 0.0011857 0.0015478 0.0004632 0.0000515 0.0001544 0.0007722 0.0006177 0.0007207 0.0007207 0.0006177 0.0006177 0.0003602 0.0008237 0.0005147 0.0000515 0.0000000 0.0006177 0.0003088 0.0002058 0.0002058 0.0002573 0.0002573 0.0003088 0.0003088 0.0005147 0.0004117 0.0004117 0.0002058 0.0001029 0.0002573 0.0005662 0.0002058 0.0002573 0.0004632 0.0002058 0.0002573 0.0003088 0.0001544 0.0001544 0.0003602 0.0005662 0.0005147 0.0005662 0.0006692 0.0002573 0.0001029 0.0002058 0.0008237 0.0007722 0.0007722 0.0006177 0.0006692 0.0004632 0.0005662 0.0007207 0.0004632 0.0001544 0.0002058 0.0002058 0.0005662 0.0002058 0.0006177 0.0006692 0.0006177 0.0006177 0.0009793 0.0011342 0.0004117 0.0005662 0.0006692 0.0006692 0.0002058 0.0006177 0.0006692 0.0006692 0.0009267 0.0010308 0.0011340 0.0368275 0.0376949 0.0361429 0.0329049 
EBOV_H.sap-wt_SLE_14_Makona-Kenema-G5059_1_KR105296        1.9199063 1.9393292 1.9084493 1.9362020 1.9373465 1.3414322 1.3794232 0.0321469 0.0322069 0.0325982 0.0326194 0.0025312 0.0022215 0.0016512 0.0017026 0.0020655 0.0009794 0.0005662 0.0006692 0.0012890 0.0011340 0.0012375 0.0012375 0.0011341 0.0011341 0.0008752 0.0013409 0.0010309 0.0005662 0.0006177 0.0000000 0.0005147 0.0004117 0.0004117 0.0004632 0.0004632 0.0007207 0.0007207 0.0009267 0.0008237 0.0008237 0.0006177 0.0005147 0.0006692 0.0009782 0.0006177 0.0006692 0.0008752 0.0006177 0.0006692 0.0007207 0.0005662 0.0005662 0.0007722 0.0009782 0.0009267 0.0009792 0.0010824 0.0006692 0.0005147 0.0006177 0.0012374 0.0011857 0.0011856 0.0010308 0.0010824 0.0008752 0.0009782 0.0011340 0.0008752 0.0005662 0.0006177 0.0006177 0.0009792 0.0007207 0.0011343 0.0011859 0.0011340 0.0011340 0.0014960 0.0016512 0.0009267 0.0010825 0.0011857 0.0011857 0.0007207 0.0011342 0.0011858 0.0011858 0.0014441 0.0015475 0.0016509 0.0372924 0.0381610 0.0366068 0.0333644 
EBOV_H.sap-wt_SLE_14_Makona-Kenema-G4702_1_KR105265        1.9183377 1.9377482 1.9068903 1.9354926 1.9366366 1.3419429 1.3801185 0.0319170 0.0319769 0.0323679 0.0323890 0.0022201 0.0019105 0.0013409 0.0013923 0.0017547 0.0006692 0.0002573 0.0003602 0.0009782 0.0008237 0.0009267 0.0009267 0.0008237 0.0008237 0.0005662 0.0010309 0.0007207 0.0002573 0.0003088 0.0005147 0.0000000 0.0001029 0.0001029 0.0001544 0.0001544 0.0004117 0.0004117 0.0006177 0.0005147 0.0005147 0.0003088 0.0002058 0.0003602 0.0006692 0.0003088 0.0003602 0.0005662 0.0003088 0.0003602 0.0004117 0.0002573 0.0002573 0.0004632 0.0006692 0.0006177 0.0006692 0.0007722 0.0003602 0.0002058 0.0003088 0.0009267 0.0008752 0.0008752 0.0007207 0.0007722 0.0005662 0.0006692 0.0008237 0.0005662 0.0002573 0.0003088 0.0003088 0.0006692 0.0004117 0.0008237 0.0008752 0.0008237 0.0008237 0.0011859 0.0013408 0.0006177 0.0007722 0.0008752 0.0008752 0.0004117 0.0008237 0.0008752 0.0008752 0.0011340 0.0012374 0.0013406 0.0370586 0.0379266 0.0363736 0.0331334 
EBOV_H.sap-wt_SLE_14_Makona-Kenema-G4350_1_KR105242        1.9196654 1.9390873 1.9082094 1.9344153 1.9355585 1.3413990 1.3791339 0.0318022 0.0318621 0.0322530 0.0322740 0.0021164 0.0018069 0.0012375 0.0012889 0.0016512 0.0005662 0.0001544 0.0002573 0.0008752 0.0007207 0.0008237 0.0008237 0.0007207 0.0007207 0.0004632 0.0009267 0.0006177 0.0001544 0.0002058 0.0004117 0.0001029 0.0000000 0.0000010 0.0000515 0.0000515 0.0003088 0.0003088 0.0005147 0.0004117 0.0004117 0.0002058 0.0001029 0.0002573 0.0005662 0.0002058 0.0002573 0.0004632 0.0002058 0.0002573 0.0003088 0.0001544 0.0001544 0.0003602 0.0005662 0.0005147 0.0005662 0.0006692 0.0002573 0.0001029 0.0002058 0.0008237 0.0007722 0.0007722 0.0006177 0.0006692 0.0004632 0.0005662 0.0007207 0.0004632 0.0001544 0.0002058 0.0002058 0.0005662 0.0003088 0.0007207 0.0007722 0.0007207 0.0007207 0.0010825 0.0012375 0.0005147 0.0006692 0.0007722 0.0007722 0.0003088 0.0007207 0.0007722 0.0007722 0.0010307 0.0011340 0.0012373 0.0369419 0.0378095 0.0362571 0.0330181 
EBOV_H.sap-wt_SLE_14_Makona-Kenema-G4971_1_KR105284        1.9196654 1.9390873 1.9082094 1.9344153 1.9355585 1.3413990 1.3791339 0.0318022 0.0318621 0.0322530 0.0322740 0.0021164 0.0018069 0.0012375 0.0012889 0.0016512 0.0005662 0.0001544 0.0002573 0.0008752 0.0007207 0.0008237 0.0008237 0.0007207 0.0007207 0.0004632 0.0009267 0.0006177 0.0001544 0.0002058 0.0004117 0.0001029 0.0000010 0.0000000 0.0000515 0.0000515 0.0003088 0.0003088 0.0005147 0.0004117 0.0004117 0.0002058 0.0001029 0.0002573 0.0005662 0.0002058 0.0002573 0.0004632 0.0002058 0.0002573 0.0003088 0.0001544 0.0001544 0.0003602 0.0005662 0.0005147 0.0005662 0.0006692 0.0002573 0.0001029 0.0002058 0.0008237 0.0007722 0.0007722 0.0006177 0.0006692 0.0004632 0.0005662 0.0007207 0.0004632 0.0001544 0.0002058 0.0002058 0.0005662 0.0003088 0.0007207 0.0007722 0.0007207 0.0007207 0.0010825 0.0012375 0.0005147 0.0006692 0.0007722 0.0007722 0.0003088 0.0007207 0.0007722 0.0007722 0.0010307 0.0011340 0.0012373 0.0369419 0.0378095 0.0362571 0.0330181 
EBOV_H.sap-wt_SLE_14_Makona-Kenema-G4937_1_KR105278        1.9200054 1.9394284 1.9085482 1.9347573 1.9359007 1.3411770 1.3794028 0.0318587 0.0319186 0.0323095 0.0323306 0.0021682 0.0018587 0.0012892 0.0013406 0.0017029 0.0006177 0.0002058 0.0003088 0.0009267 0.0007722 0.0008752 0.0008752 0.0007722 0.0007722 0.0005147 0.0009792 0.0006692 0.0002058 0.0002573 0.0004632 0.0001544 0.0000515 0.0000515 0.0000000 0.0000010 0.0003602 0.0003602 0.0005662 0.0004632 0.0004632 0.0002573 0.0001544 0.0003088 0.0006177 0.0002573 0.0003088 0.0005147 0.0002573 0.0003088 0.0003602 0.0002058 0.0002058 0.0004117 0.0006177 0.0005662 0.0006177 0.0007207 0.0003088 0.0001544 0.0002573 0.0008752 0.0008237 0.0008237 0.0006692 0.0007207 0.0005147 0.0006177 0.0007722 0.0005147 0.0002058 0.0002573 0.0002573 0.0006177 0.0003602 0.0007722 0.0008237 0.0007722 0.0007722 0.0011342 0.0012891 0.0005662 0.0007207 0.0008237 0.0008237 0.0003602 0.0007722 0.0008237 0.0008237 0.0010824 0.0011857 0.0012889 0.0369992 0.0378669 0.0363143 0.0330748 
EBOV_H.sap-wt_SLE_14_Makona-Kenema-G4856_1_KR105273        1.9200054 1.9394284 1.9085482 1.9347573 1.9359007 1.3411770 1.3794028 0.0318587 0.0319186 0.0323095 0.0323306 0.0021682 0.0018587 0.0012892 0.0013406 0.0017029 0.0006177 0.0002058 0.0003088 0.0009267 0.0007722 0.0008752 0.0008752 0.0007722 0.0007722 0.0005147 0.0009792 0.0006692 0.0002058 0.0002573 0.0004632 0.0001544 0.0000515 0.0000515 0.0000010 0.0000000 0.0003602 0.0003602 0.0005662 0.0004632 0.0004632 0.0002573 0.0001544 0.0003088 0.0006177 0.0002573 0.0003088 0.0005147 0.0002573 0.0003088 0.0003602 0.0002058 0.0002058 0.0004117 0.0006177 0.0005662 0.0006177 0.0007207 0.0003088 0.0001544 0.0002573 0.0008752 0.0008237 0.0008237 0.0006692 0.0007207 0.0005147 0.0006177 0.0007722 0.0005147 0.0002058 0.0002573 0.0002573 0.0006177 0.0003602 0.0007722 0.0008237 0.0007722 0.0007722 0.0011342 0.0012891 0.0005662 0.0007207 0.0008237 0.0008237 0.0003602 0.0007722 0.0008237 0.0008237 0.0010824 0.0011857 0.0012889 0.0369992 0.0378669 0.0363143 0.0330748 
EBOV_H.sap-wt_SLE_14_Makona-Bonthe-G5723_1_KR105319        1.9169207 1.9363116 1.9054870 1.9330199 1.9341621 1.3417963 1.3796605 0.0318045 0.0318644 0.0322553 0.0322763 0.0022200 0.0019105 0.0013409 0.0013923 0.0017547 0.0006692 0.0002573 0.0003602 0.0009782 0.0008237 0.0009267 0.0009267 0.0008237 0.0008237 0.0005662 0.0010309 0.0007207 0.0002573 0.0003088 0.0007207 0.0004117 0.0003088 0.0003088 0.0003602 0.0003602 0.0000000 0.0002058 0.0004117 0.0003088 0.0003088 0.0001029 0.0002058 0.0003602 0.0006692 0.0003088 0.0003602 0.0005662 0.0003088 0.0003602 0.0004117 0.0002573 0.0002573 0.0004632 0.0006692 0.0006177 0.0006692 0.0007722 0.0003602 0.0002058 0.0003088 0.0009267 0.0008752 0.0008752 0.0007207 0.0007722 0.0005662 0.0006692 0.0008237 0.0005662 0.0002573 0.0003088 0.0003088 0.0006692 0.0004117 0.0008237 0.0008752 0.0008237 0.0008237 0.0011858 0.0013408 0.0006177 0.0007722 0.0008752 0.0008752 0.0004117 0.0008237 0.0008752 0.0008752 0.0011340 0.0012373 0.0013406 0.0369446 0.0378123 0.0362597 0.0330205 
EBOV_H.sap-wt_SLE_14_Makona-J0042_KP759711                 1.9180831 1.9374841 1.9066417 1.9321018 1.9332433 1.3427576 1.3798797 0.0318028 0.0318627 0.0322536 0.0322746 0.0022199 0.0019104 0.0013408 0.0013923 0.0017546 0.0006692 0.0002573 0.0003602 0.0009782 0.0008237 0.0009267 0.0009267 0.0008237 0.0008237 0.0005662 0.0010308 0.0007207 0.0002573 0.0003088 0.0007207 0.0004117 0.0003088 0.0003088 0.0003602 0.0003602 0.0002058 0.0000000 0.0003088 0.0003088 0.0003088 0.0001029 0.0002058 0.0003602 0.0006692 0.0003088 0.0003602 0.0005662 0.0003088 0.0003602 0.0004117 0.0002573 0.0002573 0.0004632 0.0006692 0.0006177 0.0006692 0.0007722 0.0003602 0.0002058 0.0003088 0.0009267 0.0008752 0.0008752 0.0007207 0.0007722 0.0005662 0.0006692 0.0008237 0.0005662 0.0002573 0.0003088 0.0003088 0.0006692 0.0004117 0.0008237 0.0008752 0.0008237 0.0008237 0.0011858 0.0013408 0.0006177 0.0007722 0.0008752 0.0008752 0.0004117 0.0008237 0.0008752 0.0008752 0.0011340 0.0012373 0.0013406 0.0369426 0.0378103 0.0362578 0.0330188 
EBOV_H.sap-wt_SLE_14_Makona-J0150_KP759696                 1.9185742 1.9379760 1.9071316 1.9318805 1.9330220 1.3423702 1.3798124 0.0319161 0.0319760 0.0323669 0.0323881 0.0024271 0.0021176 0.0015475 0.0015990 0.0019616 0.0008752 0.0004632 0.0005662 0.0011855 0.0010297 0.0011340 0.0011340 0.0010297 0.0010297 0.0007722 0.0012373 0.0009267 0.0004632 0.0005147 0.0009267 0.0006177 0.0005147 0.0005147 0.0005662 0.0005662 0.0004117 0.0003088 0.0000000 0.0005147 0.0005147 0.0003088 0.0004117 0.0005662 0.0008752 0.0005147 0.0005662 0.0007722 0.0005147 0.0005662 0.0006177 0.0004632 0.0004632 0.0006692 0.0008752 0.0008237 0.0008752 0.0009782 0.0005662 0.0004117 0.0005147 0.0011340 0.0010823 0.0010812 0.0009267 0.0009782 0.0007722 0.0008752 0.0010297 0.0007722 0.0004632 0.0005147 0.0005147 0.0008752 0.0006177 0.0010309 0.0010824 0.0010297 0.0010297 0.0013924 0.0015475 0.0008237 0.0009782 0.0010823 0.0010823 0.0006177 0.0010308 0.0010824 0.0010824 0.0013405 0.0014439 0.0015472 0.0370575 0.0379254 0.0363725 0.0331325 
