100
02A1.GH.97.97GH_AG2.AB052867           0.0000000 0.3415211 0.3421425 0.3558120 0.4356461 0.3669420 0.3851287 0.4204639 0.4472611 0.5253661 0.5384556 0.5664161 0.5086900 0.5133783 0.5381072 0.4869024 0.5574509 0.5351396 0.5482584 0.6162562 0.6002467 0.6438555 0.6479439 0.6575932 0.6231256 0.6625715 0.7210949 0.7904215 0.5842443 0.4589056 0.5173236 0.5926833 0.6159676 0.6139003 0.5070696 0.7945681 0.8410706 0.5507914 0.7728313 0.7765345 0.7696248 0.7603292 0.7394124 0.8010743 0.7714382 0.7720411 0.8140586 0.8183952 0.8169720 0.8247451 0.7696695 0.7489764 0.7634477 0.7371876 0.7850445 0.8236863 0.8365714 0.8500112 0.7495713 0.7862978 0.8191250 0.8143576 0.7943126 0.7832163 0.8256375 0.8177188 0.8501830 0.8052303 0.8094325 0.8407762 0.8376945 0.8389763 0.8442066 0.7266452 0.6689933 0.6543011 0.6240701 0.8002192 0.7876828 0.8258089 0.7800804 0.8326416 0.7674251 0.8042746 0.8117401 0.8380356 0.8192721 0.8311712 0.7784719 0.8038791 0.9161169 0.9496220 0.8973645 0.8696848 0.7549227 1.0696219 1.7443382 1.8063378 1.7338058 2.3527829 
02_AG.CM.02.02CM_3217MN.GU201514       0.3415211 0.0000000 0.2537459 0.2794073 0.3566878 0.4022380 0.4105168 0.4269218 0.4523633 0.5240367 0.5239563 0.5578676 0.5025982 0.5213022 0.5372337 0.4940835 0.5579530 0.5292111 0.5536048 0.6375685 0.6045190 0.6720664 0.6668019 0.6509407 0.6291894 0.6663597 0.7255332 0.8064705 0.5785149 0.4707789 0.5235745 0.6100388 0.6292582 0.6283511 0.5142882 0.7855457 0.8403130 0.5247312 0.7715711 0.7614732 0.7635614 0.7564112 0.7154258 0.7962895 0.7923510 0.7841666 0.8149929 0.8028204 0.8078287 0.8229475 0.7603897 0.7546655 0.7748776 0.7434041 0.7898527 0.8192596 0.8210825 0.8419118 0.7542962 0.7781235 0.8068409 0.7868462 0.7718883 0.7987994 0.8239718 0.8124304 0.8405549 0.8079667 0.7905124 0.8119236 0.8439832 0.8093299 0.8418805 0.7114763 0.6523659 0.6573745 0.6422065 0.8428928 0.8267540 0.8210718 0.8228828 0.8349050 0.7985664 0.8470444 0.8293082 0.8461949 0.8433730 0.8321198 0.7749001 0.8112634 0.9213222 0.9489647 0.9064197 0.8631832 0.7760703 1.0606272 1.6709925 1.7378247 1.7133129 2.3103816 
02_AG.GW.04.CC_0030.FJ694791           0.3421425 0.2537459 0.0000000 0.2859354 0.3528778 0.3895677 0.4065876 0.4282870 0.4543253 0.5288505 0.5388019 0.5618076 0.4992309 0.5094889 0.5386710 0.4908229 0.5672692 0.5411276 0.5538678 0.6210207 0.6052830 0.6677206 0.6501107 0.6548582 0.6289222 0.6556485 0.7215156 0.8081362 0.5838677 0.4670276 0.5201684 0.6057492 0.6302615 0.6243605 0.5131076 0.7877630 0.8449172 0.5295652 0.7808376 0.7759853 0.7845424 0.7752818 0.7255652 0.7993727 0.7804890 0.7807657 0.8152045 0.8081917 0.7976749 0.8386377 0.7644186 0.7600206 0.7707733 0.7394783 0.8036203 0.8113436 0.8270008 0.8369573 0.7486727 0.7880730 0.7994744 0.7862907 0.7797048 0.7923376 0.8385116 0.8328020 0.8526272 0.8207946 0.7851716 0.8433335 0.8458020 0.8324442 0.8543783 0.7236253 0.6844568 0.6520682 0.6220639 0.8369018 0.8099345 0.8168448 0.8040860 0.8531003 0.7718098 0.8408430 0.8161661 0.8390644 0.8256774 0.8361080 0.7561906 0.8016200 0.9176340 0.9490315 0.9130846 0.8627586 0.7723187 1.0676860 1.6938211 1.7262815 1.7113755 2.3188150 
02_AG.GW.14.DE00214GW009.MH078544      0.3558120 0.2794073 0.2859354 0.0000000 0.3784739 0.4145735 0.4161989 0.4414165 0.4730371 0.5466455 0.5608484 0.6038717 0.5276971 0.5372954 0.5607229 0.5116501 0.5789575 0.5674176 0.5696610 0.6428149 0.6336229 0.6815772 0.6789663 0.6714577 0.6493583 0.6825239 0.7423845 0.8288346 0.6213738 0.4832910 0.5461624 0.6263238 0.6296433 0.6351524 0.5358146 0.8150227 0.8805809 0.5418011 0.8054574 0.8027104 0.7834716 0.7792391 0.7488269 0.8127585 0.7841768 0.7959722 0.8333473 0.8361010 0.8256946 0.8479587 0.7869224 0.7723449 0.7967153 0.7597212 0.8006077 0.8414914 0.8489883 0.8476651 0.7702709 0.7885881 0.8170468 0.8099185 0.7953418 0.8211061 0.8487746 0.8544118 0.8640943 0.8291903 0.8200015 0.8421202 0.8593891 0.8406456 0.8857017 0.7332538 0.6856129 0.6675663 0.6429323 0.8695105 0.8340653 0.8411688 0.8294679 0.8680495 0.8054838 0.8489451 0.8549645 0.8538643 0.8582647 0.8553328 0.8072317 0.8207372 0.9453580 0.9593296 0.9313601 0.8901446 0.7798365 1.0807503 1.6535350 1.7469216 1.6830311 2.3529874 
02D.GH.03.GHNJ193.AB231897             0.4356461 0.3566878 0.3528778 0.3784739 0.0000000 0.4894378 0.4917900 0.5186051 0.5431236 0.6254682 0.6179874 0.6418620 0.5850756 0.5901567 0.6247034 0.5721675 0.6349314 0.6261836 0.6314240 0.6985515 0.6966664 0.7494789 0.7487537 0.7466007 0.7129540 0.7503702 0.8074859 0.9002737 0.6526163 0.5407407 0.6043984 0.6914967 0.7126925 0.7246968 0.5966445 0.8677438 0.9284386 0.6268722 0.8599271 0.8628645 0.8492917 0.8467714 0.8035070 0.8656224 0.8664392 0.8584982 0.9071588 0.8868614 0.8918350 0.9128476 0.8561267 0.8662552 0.8700128 0.8350574 0.8770699 0.9091574 0.9285046 0.9278596 0.8496746 0.8683802 0.9179452 0.8999889 0.8787556 0.8891361 0.9083869 0.9102076 0.9264599 0.9189387 0.8773251 0.9312715 0.9328356 0.9051386 0.9385589 0.8065082 0.7609215 0.7434197 0.7049349 0.9166387 0.8837046 0.8939873 0.9022549 0.9096121 0.8688230 0.9064559 0.9000321 0.9367808 0.9207623 0.9037102 0.8611329 0.8902914 1.0183730 1.0388332 1.0026170 0.9448976 0.8580424 1.1558984 1.7270480 1.8185840 1.7707653 2.3271166 
02A.CI.16.DEURF16CI011.MH078538        0.3669420 0.4022380 0.3895677 0.4145735 0.4894378 0.0000000 0.4522298 0.4809492 0.4997707 0.5872500 0.5824359 0.6082819 0.5575216 0.5615590 0.5866145 0.5511940 0.6005889 0.5791634 0.6056218 0.6617749 0.6454894 0.7152279 0.7052412 0.7037092 0.6827276 0.7007063 0.7659045 0.8267428 0.6438400 0.5029832 0.5728236 0.6433452 0.6850850 0.6707431 0.5533036 0.8297287 0.8843525 0.5906286 0.8330146 0.8459670 0.8081788 0.8237595 0.7880388 0.8371813 0.8200499 0.8293069 0.8520013 0.8591338 0.8601853 0.8948201 0.8122074 0.8059252 0.8071911 0.7962790 0.8516909 0.8744700 0.8852025 0.8983033 0.8022969 0.8406105 0.8772334 0.8673660 0.8402674 0.8555727 0.8639823 0.8765892 0.9074876 0.8600284 0.8537911 0.8833312 0.9010668 0.8703087 0.8864103 0.7658771 0.7131069 0.7106544 0.6659842 0.8835729 0.8509802 0.8641598 0.8582610 0.8910703 0.8406456 0.8807408 0.8801545 0.8855804 0.8757569 0.8797102 0.8096400 0.8823573 0.9552547 1.0006627 0.9546618 0.9209455 0.8107188 1.1249191 1.8162147 1.8473340 1.7844770 2.4480171 
0206.SN.12.LA56Senegl.KU168299         0.3851287 0.4105168 0.4065876 0.4161989 0.4917900 0.4522298 0.0000000 0.3982835 0.4799936 0.5694243 0.5816706 0.5998321 0.5463951 0.5389493 0.5854559 0.5266412 0.5840583 0.5779017 0.5829980 0.6695826 0.6509446 0.6957512 0.6850185 0.6935761 0.6619234 0.6921588 0.7626308 0.8427616 0.6045753 0.4906557 0.5469033 0.6336345 0.6367436 0.6539048 0.5351251 0.8389988 0.8963338 0.6000387 0.7879042 0.7945049 0.7918217 0.7832068 0.7584704 0.8216127 0.8024184 0.8032482 0.8324776 0.8381813 0.8373355 0.8604688 0.7844192 0.7854374 0.7975668 0.7705600 0.8176472 0.8604090 0.8472765 0.8507596 0.7794298 0.8091458 0.8258597 0.8230469 0.8092817 0.8063474 0.8544807 0.8576627 0.8554319 0.8211791 0.8367967 0.8809331 0.8705307 0.8506257 0.8655630 0.7408374 0.7110313 0.6859931 0.6502221 0.8613311 0.8218009 0.8421414 0.8505459 0.8553709 0.8190669 0.8664464 0.8448983 0.8725628 0.8662892 0.8619397 0.8091761 0.8619718 0.9440835 0.9999268 0.9414163 0.8952077 0.7936792 1.1093167 1.8123265 1.8698313 1.7638010 2.3869041 
U.ES.10.DEURF10DZ001.JX140679          0.4204639 0.4269218 0.4282870 0.4414165 0.5186051 0.4809492 0.3982835 0.0000000 0.5199735 0.5781664 0.5836447 0.5933785 0.5430961 0.5768343 0.5952484 0.5455289 0.6061258 0.5894726 0.5970728 0.6766887 0.6581819 0.7134394 0.6934812 0.7027826 0.6806895 0.6985191 0.7635891 0.8519097 0.6307330 0.5126588 0.5726545 0.6674325 0.6639842 0.6917753 0.5607571 0.8600867 0.9022182 0.6434947 0.8246886 0.8234218 0.8102750 0.8225774 0.8015061 0.8452054 0.8324993 0.8340106 0.8678142 0.8472540 0.8637028 0.8796432 0.8259617 0.8186255 0.8058349 0.7891038 0.8327365 0.8657319 0.8756766 0.8916840 0.8188250 0.8626227 0.8716517 0.8655799 0.8466520 0.8444014 0.8849417 0.8602893 0.8840831 0.8551994 0.8646929 0.8933106 0.8860268 0.8716887 0.9062707 0.7626163 0.7161784 0.7114561 0.6760055 0.8740127 0.8681634 0.8721057 0.8859076 0.9068550 0.8554230 0.8869916 0.8933268 0.9217096 0.8744206 0.8843306 0.8284780 0.8907547 0.9819835 1.0321407 0.9731351 0.9439891 0.8382105 1.1499865 1.8209113 1.8712152 1.8385813 2.5018497 
AGU.CM.06.770_8.MH705142               0.4472611 0.4523633 0.4543253 0.4730371 0.5431236 0.4997707 0.4799936 0.5199735 0.0000000 0.5538147 0.5585076 0.5800164 0.5389432 0.5412956 0.5590273 0.5199281 0.5821906 0.5707274 0.5736158 0.6386103 0.6287422 0.6743766 0.6748599 0.6728389 0.6699267 0.6764408 0.7564160 0.8430217 0.6071747 0.4758227 0.5032057 0.5880546 0.6073955 0.6205283 0.5526827 0.8002393 0.8733554 0.6655525 0.7879203 0.7914051 0.7751571 0.7687092 0.7497150 0.7860832 0.7917880 0.7869596 0.8431475 0.8175907 0.8045564 0.8541150 0.7696994 0.7711745 0.7699953 0.7665647 0.7954126 0.8384342 0.8266002 0.8667071 0.7589399 0.7981449 0.8256590 0.8106215 0.7864475 0.7978226 0.8165288 0.8328227 0.8466631 0.8176629 0.8119270 0.8460984 0.8465859 0.8425769 0.8567643 0.7714397 0.6972052 0.6734155 0.6428856 0.8513310 0.8411040 0.8438055 0.8379818 0.8697710 0.8303224 0.8577868 0.8594930 0.8867102 0.8595433 0.8652532 0.8145790 0.8462897 0.9330445 0.9864213 0.9460035 0.9146037 0.7819039 1.0749124 1.8007636 1.8344202 1.8289653 2.3786490 
A1.KE.06.06KECst_028.FJ623479          0.5253661 0.5240367 0.5288505 0.5466455 0.6254682 0.5872500 0.5694243 0.5781664 0.5538147 0.0000000 0.3216803 0.4159971 0.3708263 0.3997246 0.3937584 0.4251646 0.4436508 0.4793639 0.4976218 0.5553623 0.5377752 0.5917566 0.5885158 0.5710880 0.5701414 0.5923946 0.6654102 0.7420387 0.4936341 0.4925097 0.6260459 0.7022376 0.7161782 0.7054179 0.6224334 0.7071923 0.7673438 0.7251877 0.8173936 0.8399098 0.8109624 0.8132635 0.8023666 0.8091324 0.8253394 0.8438230 0.8545365 0.8571428 0.8551614 0.8890372 0.8033073 0.8110299 0.8082330 0.7967849 0.8457131 0.8675924 0.8670806 0.8914963 0.8148985 0.8341326 0.8940597 0.8530543 0.8589393 0.8392795 0.8510540 0.8707525 0.8970825 0.8643765 0.8524590 0.8699779 0.8963899 0.9024575 0.9057287 0.7792683 0.7476843 0.7185500 0.6678418 0.7253515 0.7137991 0.7303679 0.6990808 0.7521585 0.6738169 0.7336707 0.7190449 0.7521111 0.7154221 0.7451818 0.6954370 0.7062852 0.8030983 0.8348059 0.7979077 0.7790579 0.8132769 1.1364969 1.9708802 1.9886479 1.9956266 2.5252869 
A1.KE.06.06KECst_013.FJ623485          0.5384556 0.5239563 0.5388019 0.5608484 0.6179874 0.5824359 0.5816706 0.5836447 0.5585076 0.3216803 0.0000000 0.4183213 0.3742263 0.3919972 0.3871817 0.4328735 0.4479629 0.4820127 0.4850573 0.5634304 0.5524621 0.5910259 0.5866529 0.5922730 0.5683606 0.5863292 0.6515794 0.7506075 0.4759952 0.4818894 0.6185506 0.6934343 0.7340487 0.7279395 0.6281002 0.7103017 0.7714918 0.7137309 0.8126351 0.8173150 0.8151146 0.8381073 0.7940887 0.8496565 0.8478032 0.8463337 0.8868467 0.8742699 0.8770093 0.8705535 0.8332746 0.8220583 0.8304085 0.8100888 0.8427312 0.8904488 0.8754233 0.9065663 0.8106409 0.8182996 0.8821866 0.8536255 0.8486844 0.8346353 0.8685958 0.8834563 0.9129094 0.8639877 0.8598143 0.8888905 0.9143189 0.8783922 0.9319766 0.7967784 0.7539861 0.7014972 0.6657218 0.7150510 0.7094204 0.7082565 0.7086791 0.7511610 0.6818022 0.7182853 0.7217416 0.7596406 0.7145298 0.7384923 0.6795949 0.7246420 0.8151687 0.8438636 0.7938546 0.7700048 0.7991903 1.1470756 1.8999416 1.9834785 1.9805364 2.4337735 
A1.CY.07.CY208.JF683760                0.5664161 0.5578676 0.5618076 0.6038717 0.6418620 0.6082819 0.5998321 0.5933785 0.5800164 0.4159971 0.4183213 0.0000000 0.2504949 0.4115560 0.4265872 0.4430911 0.4678825 0.5042648 0.5047424 0.5851995 0.5759241 0.6350598 0.6115748 0.6235062 0.6033553 0.6041725 0.6898081 0.7885255 0.5070993 0.5244956 0.6396509 0.7202093 0.7501800 0.7447306 0.6757488 0.7600740 0.7900312 0.7611742 0.8394353 0.8655808 0.8384751 0.8418592 0.8119749 0.8582228 0.8508573 0.8473256 0.8945594 0.8719790 0.8660000 0.9282542 0.8413585 0.8292145 0.8232725 0.8039549 0.8841883 0.8962402 0.9049117 0.9226441 0.8480463 0.8420037 0.8906357 0.8711720 0.8801980 0.8556957 0.8873831 0.9058874 0.9324389 0.8861192 0.8689907 0.9035929 0.9271600 0.9119783 0.9278043 0.8021029 0.7540225 0.7263675 0.6714608 0.7424205 0.7232027 0.7513248 0.7282687 0.7723781 0.7020909 0.7627218 0.7364880 0.7720141 0.7381835 0.7486867 0.6939302 0.7312672 0.8063478 0.8826028 0.8167832 0.7874544 0.8233975 1.1532238 1.9223343 1.9661774 1.9721687 2.5290911 
A1.CY.05.CY051.FJ388903                0.5086900 0.5025982 0.4992309 0.5276971 0.5850756 0.5575216 0.5463951 0.5430961 0.5389432 0.3708263 0.3742263 0.2504949 0.0000000 0.3646498 0.3764390 0.3910599 0.4201147 0.4505693 0.4673090 0.5319695 0.5135851 0.5678324 0.5551545 0.5560955 0.5459125 0.5510434 0.6290711 0.7274526 0.4504787 0.4538182 0.6090667 0.6755573 0.7068869 0.7096106 0.6076293 0.6821354 0.7328616 0.7120145 0.8009448 0.8091747 0.7901679 0.8140471 0.7686398 0.8067498 0.7969663 0.8149112 0.8431122 0.8402790 0.8195267 0.8574296 0.7838755 0.7870522 0.7823468 0.7687372 0.8267554 0.8337068 0.8619886 0.8802713 0.7822476 0.8122650 0.8661527 0.8286556 0.8166654 0.8114790 0.8403791 0.8697098 0.8778052 0.8353062 0.8283377 0.8547982 0.8823361 0.8654460 0.8677107 0.7390279 0.7064041 0.6734838 0.6316331 0.6971714 0.6749174 0.6971844 0.6887351 0.7126718 0.6694028 0.6978829 0.6971621 0.7357921 0.6969185 0.7051703 0.6421086 0.6868371 0.7758810 0.8392695 0.7689508 0.7470997 0.7771817 1.0895171 1.8834170 1.9713601 1.9934836 2.4899107 
A1.UG.11.DEMA110UG001.KF859745         0.5133783 0.5213022 0.5094889 0.5372954 0.5901567 0.5615590 0.5389493 0.5768343 0.5412956 0.3997246 0.3919972 0.4115560 0.3646498 0.0000000 0.4074877 0.3901025 0.4377888 0.4544701 0.4612334 0.5464267 0.5261853 0.5854848 0.5764494 0.5792841 0.5541859 0.5737735 0.6463338 0.7463403 0.4581758 0.4674310 0.5991980 0.6729021 0.7100256 0.7003186 0.6079158 0.6975595 0.7506690 0.7202341 0.8103255 0.8169906 0.8010629 0.8214331 0.7803932 0.8210966 0.8121338 0.8342457 0.8441557 0.8445859 0.8369246 0.8684374 0.8015542 0.7972340 0.8031469 0.7746044 0.8357951 0.8525098 0.8732667 0.8757932 0.7672940 0.8319952 0.8611077 0.8510471 0.8223082 0.8256168 0.8554104 0.8429877 0.8839122 0.8442574 0.8501662 0.8724416 0.8697970 0.8610963 0.8832922 0.7664254 0.7159383 0.6951573 0.6482986 0.7152104 0.6966597 0.7142445 0.6908490 0.7313168 0.6562259 0.7123994 0.7058997 0.7382453 0.7099599 0.7120984 0.6618651 0.6897544 0.7826421 0.8228284 0.7971542 0.7708368 0.7781075 1.0880666 1.8686419 1.9550284 1.9631486 2.4820489 
35_AD.AF.06.007H.GQ477450              0.5381072 0.5372337 0.5386710 0.5607229 0.6247034 0.5866145 0.5854559 0.5952484 0.5590273 0.3937584 0.3871817 0.4265872 0.3764390 0.4074877 0.0000000 0.4233657 0.4563767 0.4815145 0.4949725 0.5747044 0.5590065 0.6093509 0.5903530 0.5940560 0.5885118 0.6031924 0.6701892 0.7790751 0.4903088 0.5037185 0.6200846 0.7097388 0.7338805 0.7258705 0.6395252 0.7202389 0.7700312 0.7527249 0.8317914 0.8439864 0.8226635 0.8230330 0.7712828 0.8284313 0.8159110 0.8375239 0.8717347 0.8557797 0.8569648 0.8967302 0.8242516 0.8317066 0.8162970 0.8013783 0.8630595 0.8744863 0.8917567 0.9131023 0.8229653 0.8314076 0.8943069 0.8526368 0.8294479 0.8271262 0.8719710 0.9013055 0.9148005 0.8441480 0.8681765 0.8865950 0.9424056 0.8908800 0.9239474 0.7952399 0.7389047 0.7146995 0.6628155 0.7303565 0.6974936 0.7381938 0.7203149 0.7485104 0.7037479 0.7385126 0.7562505 0.7418070 0.7348195 0.7412486 0.6791832 0.7065443 0.8352898 0.8565219 0.8217411 0.7773734 0.8238843 1.1270928 1.8675431 1.9171800 1.9141896 2.4840921 
A1.CY.06.CY154.FJ388943                0.4869024 0.4940835 0.4908229 0.5116501 0.5721675 0.5511940 0.5266412 0.5455289 0.5199281 0.4251646 0.4328735 0.4430911 0.3910599 0.3901025 0.4233657 0.0000000 0.4573822 0.4213955 0.4396654 0.5036261 0.4963488 0.5467646 0.5238766 0.5352241 0.5208421 0.5387584 0.6001345 0.7040203 0.4753171 0.4383284 0.5873598 0.6667670 0.6877597 0.6754004 0.6016449 0.6855553 0.7413579 0.6902281 0.7791292 0.7929456 0.7557586 0.7712634 0.7523882 0.7882262 0.7746663 0.7954915 0.8086405 0.8037509 0.8060190 0.8340536 0.7633504 0.7778276 0.7660478 0.7387910 0.8007542 0.8187973 0.8322965 0.8482599 0.7681488 0.7929132 0.8108045 0.7823571 0.7853567 0.7892294 0.8275635 0.8557448 0.8450940 0.8129233 0.8012590 0.8532791 0.8361657 0.8399698 0.8719976 0.7238539 0.6811335 0.6664248 0.6287272 0.7308002 0.7136172 0.7409460 0.7140317 0.7516890 0.6955763 0.7352178 0.7398106 0.7441400 0.7230190 0.7429175 0.6748742 0.7117346 0.8013445 0.8582688 0.8268417 0.7849978 0.7517252 1.0559164 1.8675983 1.9143679 1.9218768 2.4530696 
A1D.UG.99.99UGJ21953.AF484496          0.5574509 0.5579530 0.5672692 0.5789575 0.6349314 0.6005889 0.5840583 0.6061258 0.5821906 0.4436508 0.4479629 0.4678825 0.4201147 0.4377888 0.4563767 0.4573822 0.0000000 0.4889122 0.5138689 0.5903749 0.5678197 0.6125316 0.6098973 0.6044954 0.5830406 0.6118408 0.6966384 0.7768260 0.4914638 0.5139030 0.6284387 0.7211640 0.7305753 0.7329959 0.6636790 0.7293838 0.7901401 0.7742757 0.8534404 0.8404215 0.8451643 0.8454659 0.8130073 0.8623931 0.8431105 0.8354665 0.8993026 0.8845501 0.8726692 0.9010175 0.8528287 0.8460060 0.8471037 0.8118583 0.8753483 0.9103178 0.8933376 0.9265250 0.8373047 0.8448034 0.9128321 0.8826612 0.8570707 0.8791657 0.8820215 0.9089041 0.9222396 0.8839683 0.8660890 0.9030116 0.8937239 0.9179692 0.9163614 0.7972402 0.7499590 0.7371193 0.7143351 0.7386846 0.7260450 0.7328495 0.7091161 0.7535330 0.6909430 0.7423572 0.7404941 0.7542794 0.7353269 0.7381549 0.6853803 0.7120239 0.8251285 0.8764563 0.8196852 0.7930040 0.8529500 1.1307124 1.8671213 1.9924040 1.9404085 2.5547696 
A6.UA.12.DEMA112UA036.KU749406         0.5351396 0.5292111 0.5411276 0.5674176 0.6261836 0.5791634 0.5779017 0.5894726 0.5707274 0.4793639 0.4820127 0.5042648 0.4505693 0.4544701 0.4815145 0.4213955 0.4889122 0.0000000 0.4615953 0.5439041 0.5253781 0.5803155 0.5595567 0.5661338 0.5520270 0.5698848 0.6405877 0.7411027 0.5196159 0.4789215 0.6249298 0.7195619 0.7202130 0.7272833 0.6370961 0.6922057 0.7578687 0.7256739 0.8270398 0.8296310 0.8183337 0.8212651 0.8076780 0.8300627 0.8270440 0.8299397 0.8605513 0.8372002 0.8555694 0.8697389 0.8036014 0.8054637 0.8039814 0.7814900 0.8401763 0.8721442 0.8844252 0.8836363 0.8089124 0.8294699 0.8787144 0.8637175 0.8441279 0.8309354 0.8829260 0.8861763 0.8853912 0.8593952 0.8360016 0.8663261 0.8704675 0.8749953 0.9071142 0.7665823 0.7048813 0.6980611 0.6630476 0.7642753 0.7666230 0.7552219 0.7386608 0.7860181 0.7247013 0.7690764 0.7779537 0.7642627 0.7686451 0.7618658 0.7276044 0.7486431 0.8388396 0.8949738 0.8585499 0.8148285 0.7994129 1.1093111 1.9385112 1.9863632 1.9340327 2.4231252 
22_01A1.CM.02.02CM_1867LE.AY371165     0.5482584 0.5536048 0.5538678 0.5696610 0.6314240 0.6056218 0.5829980 0.5970728 0.5736158 0.4976218 0.4850573 0.5047424 0.4673090 0.4612334 0.4949725 0.4396654 0.5138689 0.4615953 0.0000000 0.4416251 0.4343097 0.4861224 0.4644152 0.4655615 0.4499203 0.4761058 0.5370371 0.6459928 0.5433424 0.4977150 0.6341224 0.7076774 0.7382672 0.7446170 0.6544710 0.5933628 0.6591928 0.7480473 0.8309670 0.8472647 0.8227717 0.8468218 0.8116048 0.8504865 0.8336333 0.8346842 0.8637592 0.8563805 0.8643278 0.8995978 0.8212208 0.8373225 0.8154852 0.8009276 0.8436985 0.8719465 0.8869660 0.8957416 0.8108824 0.8510849 0.8911665 0.8713022 0.8509243 0.8461182 0.8737704 0.8885930 0.9162626 0.8736350 0.8595822 0.8803059 0.9008028 0.8797719 0.9325165 0.7887130 0.7355174 0.7268646 0.6914272 0.7869476 0.7863573 0.7840793 0.7579815 0.8078303 0.7439519 0.7966055 0.8068504 0.8084930 0.7813395 0.7913479 0.7263101 0.7810442 0.8726249 0.8964636 0.8653392 0.8525563 0.8107439 1.0970966 1.8791065 1.9731442 1.9598816 2.5330200 
01_AE.CN.02.YN0236.JX112866            0.6162562 0.6375685 0.6210207 0.6428149 0.6985515 0.6617749 0.6695826 0.6766887 0.6386103 0.5553623 0.5634304 0.5851995 0.5319695 0.5464267 0.5747044 0.5036261 0.5903749 0.5439041 0.4416251 0.0000000 0.1568778 0.2034883 0.2097128 0.2092587 0.2265572 0.2437049 0.2911620 0.3706181 0.6066395 0.5756126 0.7275654 0.8147922 0.8175056 0.8389516 0.7235768 0.4758366 0.5397078 0.8422430 0.9034966 0.9103229 0.9076689 0.9132280 0.8672615 0.9063383 0.9084369 0.9170430 0.9637479 0.9088370 0.9219386 0.9714578 0.9038991 0.9227352 0.9007717 0.8816852 0.9173392 0.9409725 0.9599049 0.9689003 0.8759243 0.9146192 0.9650843 0.9598030 0.9268421 0.9152315 0.9565131 0.9632813 0.9879156 0.9716834 0.9557848 0.9507518 0.9723100 0.9598165 1.0216079 0.8740074 0.8363821 0.7998718 0.7733639 0.8521215 0.8264370 0.8512351 0.8247551 0.8705864 0.8053069 0.8610469 0.8653005 0.8700236 0.8365060 0.8564983 0.8141244 0.8410191 0.9103169 0.9773192 0.9164339 0.9132850 0.8845980 1.1844880 2.0120896 2.0744548 2.0334559 2.6407010 
01_AE.TH.99.99TH_C4460.AY945726        0.6002467 0.6045190 0.6052830 0.6336229 0.6966664 0.6454894 0.6509446 0.6581819 0.6287422 0.5377752 0.5524621 0.5759241 0.5135851 0.5261853 0.5590065 0.4963488 0.5678197 0.5253781 0.4343097 0.1568778 0.0000000 0.2071889 0.2117681 0.2039049 0.2229563 0.2358629 0.2917496 0.3651238 0.6099995 0.5594875 0.7151461 0.7856994 0.7952094 0.8060464 0.7128803 0.4667485 0.5318391 0.8125447 0.8907410 0.8802485 0.8805838 0.9030677 0.8416259 0.8946860 0.8972313 0.8990968 0.9368922 0.8953623 0.8983473 0.9505824 0.8954531 0.8909409 0.8773869 0.8660193 0.9102900 0.9173214 0.9413723 0.9445083 0.8575349 0.8969986 0.9557805 0.9448625 0.9208745 0.9055176 0.9347949 0.9458929 0.9631111 0.9433708 0.9179623 0.9387827 0.9606821 0.9510426 0.9806499 0.8475500 0.7956107 0.7803651 0.7498812 0.8279427 0.8282545 0.8593470 0.8229250 0.8658564 0.8106506 0.8401029 0.8581456 0.8733410 0.8385343 0.8571871 0.7905832 0.8380551 0.9177526 0.9734210 0.8960629 0.9001295 0.8688584 1.1565117 1.9663552 2.0756201 1.9945961 2.6740925 
01_AE.CN.07.GX070143.JX112835          0.6438555 0.6720664 0.6677206 0.6815772 0.7494789 0.7152279 0.6957512 0.7134394 0.6743766 0.5917566 0.5910259 0.6350598 0.5678324 0.5854848 0.6093509 0.5467646 0.6125316 0.5803155 0.4861224 0.2034883 0.2071889 0.0000000 0.2499833 0.2437557 0.2585249 0.2789469 0.3326978 0.4127453 0.6641948 0.6125107 0.7665923 0.8273782 0.8625397 0.8679739 0.7512242 0.5277575 0.5891821 0.8627152 0.9372037 0.9387875 0.9565003 0.9542930 0.9171547 0.9590852 0.9490638 0.9703286 1.0244836 0.9606626 1.0006844 1.0128183 0.9536438 0.9436378 0.9404246 0.9105782 0.9776073 0.9932715 1.0346026 1.0102061 0.9293053 0.9672554 1.0287709 1.0213253 1.0067826 0.9546168 0.9875719 1.0155279 1.0235672 1.0131397 0.9974484 0.9904894 1.0251000 1.0116595 1.0474694 0.8997940 0.8418136 0.8510820 0.8003017 0.8684456 0.8547589 0.8877550 0.8524953 0.9249167 0.8448019 0.8853604 0.8851273 0.9091831 0.8555125 0.8750347 0.8196666 0.8565242 0.9488865 1.0127342 0.9540075 0.9314831 0.9406599 1.2032935 2.0245420 2.1158895 2.0177505 2.6950632 
01_AE.CN.07.07CNYN326.KF835513         0.6479439 0.6668019 0.6501107 0.6789663 0.7487537 0.7052412 0.6850185 0.6934812 0.6748599 0.5885158 0.5866529 0.6115748 0.5551545 0.5764494 0.5903530 0.5238766 0.6098973 0.5595567 0.4644152 0.2097128 0.2117681 0.2499833 0.0000000 0.2307067 0.2532579 0.2743505 0.3292704 0.4178452 0.6493283 0.6021960 0.7546839 0.8376466 0.8421706 0.8663568 0.7504780 0.5094916 0.5763494 0.8525320 0.9490434 0.9314509 0.9252118 0.9445391 0.8968517 0.9362803 0.9462293 0.9419833 0.9721778 0.9672639 0.9828699 1.0168184 0.9359911 0.9322878 0.9188633 0.9038103 0.9727966 0.9710638 0.9958722 1.0136272 0.9198667 0.9694190 0.9937207 0.9905473 0.9722449 0.9518974 0.9918113 1.0054215 1.0217945 0.9925730 0.9569007 0.9918030 0.9970672 0.9845302 1.0513401 0.8986448 0.8535825 0.8321697 0.8024198 0.8834274 0.8577547 0.8806736 0.8419685 0.8833849 0.8217747 0.8768736 0.8907218 0.9024300 0.8620063 0.8883850 0.8190721 0.8569307 0.9466109 0.9914855 0.9175309 0.9279761 0.9341633 1.1944950 2.0697450 2.1289813 2.0388401 2.7113110 
01_AE.TH.07.AA030a04.JX447057          0.6575932 0.6509407 0.6548582 0.6714577 0.7466007 0.7037092 0.6935761 0.7027826 0.6728389 0.5710880 0.5922730 0.6235062 0.5560955 0.5792841 0.5940560 0.5352241 0.6044954 0.5661338 0.4655615 0.2092587 0.2039049 0.2437557 0.2307067 0.0000000 0.2509594 0.2672392 0.3229342 0.4014905 0.6469279 0.5914003 0.7504014 0.8461951 0.8431688 0.8520834 0.7424700 0.5089306 0.5489622 0.8810847 0.9276871 0.9236165 0.9040876 0.9330812 0.8886862 0.9353947 0.9290852 0.9583081 0.9820358 0.9408832 0.9547522 0.9713612 0.9265429 0.9234775 0.9140865 0.8870136 0.9506023 0.9486416 0.9844176 0.9819598 0.9048246 0.9362016 1.0080633 0.9964496 0.9707542 0.9310074 0.9841027 0.9631103 0.9985044 0.9871605 0.9678233 0.9838833 1.0005520 0.9847173 1.0317567 0.9011817 0.8475330 0.8289207 0.8012663 0.9004651 0.8566731 0.9010195 0.8724488 0.9095876 0.8457425 0.9062644 0.9106014 0.9153623 0.8810439 0.9031897 0.8432648 0.8611524 0.9739440 1.0220742 0.9562862 0.9453265 0.9456777 1.1980375 2.0512095 2.1572206 2.0898908 2.6708848 
01_AE.TH.05.AA101a_WG1.JX447936        0.6231256 0.6291894 0.6289222 0.6493583 0.7129540 0.6827276 0.6619234 0.6806895 0.6699267 0.5701414 0.5683606 0.6033553 0.5459125 0.5541859 0.5885118 0.5208421 0.5830406 0.5520270 0.4499203 0.2265572 0.2229563 0.2585249 0.2532579 0.2509594 0.0000000 0.2596630 0.3260912 0.4029134 0.6379995 0.5880259 0.7147698 0.7924466 0.8145641 0.8356774 0.7243468 0.4806441 0.5550758 0.8419022 0.9134764 0.9092305 0.8962962 0.9177945 0.8677751 0.9338208 0.9083688 0.9241552 0.9468313 0.9254616 0.9215713 0.9690266 0.9060169 0.9126787 0.9004328 0.8854783 0.9245602 0.9465954 0.9546437 0.9531082 0.8901745 0.9260818 0.9401283 0.9521363 0.9306434 0.9231330 0.9662539 0.9796634 0.9935085 0.9375149 0.9472626 0.9453644 0.9702125 0.9653616 1.0066698 0.8685705 0.8260282 0.8106323 0.7769226 0.8503605 0.8528965 0.8784893 0.8306122 0.8806779 0.8265900 0.8814023 0.8771845 0.8902681 0.8651538 0.8768498 0.8177025 0.8575668 0.9534123 1.0237369 0.9373049 0.9174320 0.9003572 1.1847931 2.0426638 2.1254341 2.0791451 2.6986565 
01_AE.CN.07.07CNYN343.KF835528         0.6625715 0.6663597 0.6556485 0.6825239 0.7503702 0.7007063 0.6921588 0.6985191 0.6764408 0.5923946 0.5863292 0.6041725 0.5510434 0.5737735 0.6031924 0.5387584 0.6118408 0.5698848 0.4761058 0.2437049 0.2358629 0.2789469 0.2743505 0.2672392 0.2596630 0.0000000 0.3416351 0.4373747 0.6480323 0.6103261 0.7408460 0.8327622 0.8405670 0.8510002 0.7397878 0.5103950 0.5634163 0.8643910 0.9399388 0.9232725 0.9089624 0.9321880 0.8910788 0.9378486 0.9330795 0.9248957 0.9752961 0.9474714 0.9704645 0.9958063 0.9287046 0.9434047 0.9202130 0.9070324 0.9820407 0.9914749 0.9870214 1.0071137 0.9409806 0.9505335 1.0109355 0.9958259 0.9808924 0.9598234 0.9860182 0.9840686 1.0378018 0.9946696 0.9912666 0.9729933 1.0003834 1.0025102 1.0259869 0.9114781 0.8455686 0.8374738 0.8085427 0.8730960 0.8445857 0.8720848 0.8555203 0.8906416 0.8329639 0.8672458 0.8822603 0.8905642 0.8838350 0.8852092 0.8187647 0.8615789 0.9677178 0.9988111 0.9490973 0.9241790 0.9216078 1.2219614 2.1222204 2.1995888 2.1546220 2.7024313 
01BC.CN.13.SZ95LS8027.KX379000         0.7210949 0.7255332 0.7215156 0.7423845 0.8074859 0.7659045 0.7626308 0.7635891 0.7564160 0.6654102 0.6515794 0.6898081 0.6290711 0.6463338 0.6701892 0.6001345 0.6966384 0.6405877 0.5370371 0.2911620 0.2917496 0.3326978 0.3292704 0.3229342 0.3260912 0.3416351 0.0000000 0.4791822 0.7162094 0.6785025 0.8331189 0.8917512 0.9352983 0.9301167 0.8223363 0.5869496 0.6542455 0.9177855 0.9937840 0.9858507 0.9767663 1.0151306 0.9661642 1.0255058 1.0163784 1.0230055 1.0170758 1.0259015 1.0225223 1.0727704 0.9931071 0.9952646 1.0009845 0.9630905 1.0012173 1.0364177 1.0481470 1.0696460 0.9945903 1.0147013 1.0407623 1.0492570 1.0189966 1.0511798 1.0246498 1.0599775 1.0665426 1.0487600 1.0558760 1.0522376 1.0631087 1.0560851 1.1085968 0.9717088 0.9280253 0.9048259 0.8591874 0.9233423 0.9342169 0.9489766 0.9161861 0.9594631 0.9028474 0.9449428 0.9527432 0.9658997 0.9217699 0.9392409 0.9017063 0.9250488 1.0202517 1.0723822 1.0147496 0.9791248 0.9717276 1.2697898 2.1064131 2.2002608 2.1213015 2.7658791 
69_01B.JP.05.05JPMYC113SP420.LC027100  0.7904215 0.8064705 0.8081362 0.8288346 0.9002737 0.8267428 0.8427616 0.8519097 0.8430217 0.7420387 0.7506075 0.7885255 0.7274526 0.7463403 0.7790751 0.7040203 0.7768260 0.7411027 0.6459928 0.3706181 0.3651238 0.4127453 0.4178452 0.4014905 0.4029134 0.4373747 0.4791822 0.0000000 0.8110023 0.7739887 0.8985618 1.0034054 0.9918806 1.0015522 0.9173561 0.6574653 0.7284301 1.0032384 1.0960475 1.0834346 1.0976126 1.0900457 1.0465977 1.1071701 1.0897147 1.0803953 1.1356931 1.1102756 1.0867002 1.1726551 1.0802543 1.1047321 1.0797204 1.0724806 1.1037635 1.1256620 1.1328447 1.1434902 1.0421706 1.0928840 1.1143637 1.1072441 1.0972481 1.1020163 1.1686401 1.1276208 1.1558058 1.1149805 1.1193613 1.1299638 1.1847818 1.1466802 1.1691839 1.0489201 1.0071058 0.9711221 0.9607861 1.0745230 1.0107778 1.0530563 1.0233953 1.0449063 1.0021923 1.0597499 1.0533718 1.1056370 1.0209273 1.0487994 0.9896104 1.0529667 1.1253297 1.1668179 1.1278788 1.1016250 1.0722838 1.3736104 2.2216550 2.3069970 2.2434528 2.8043337 
A1C.UG.99.99UGF25926.AF484491          0.5842443 0.5785149 0.5838677 0.6213738 0.6526163 0.6438400 0.6045753 0.6307330 0.6071747 0.4936341 0.4759952 0.5070993 0.4504787 0.4581758 0.4903088 0.4753171 0.4914638 0.5196159 0.5433424 0.6066395 0.6099995 0.6641948 0.6493283 0.6469279 0.6379995 0.6480323 0.7162094 0.8110023 0.0000000 0.5311649 0.6761291 0.7686864 0.7730692 0.7634469 0.6771654 0.7733353 0.8487423 0.8012163 0.8611053 0.8765320 0.8472421 0.8672378 0.8254337 0.8737739 0.8666217 0.8682425 0.9036952 0.8880851 0.8832893 0.9031604 0.8576136 0.8639725 0.8443848 0.8307001 0.8975147 0.9249643 0.8974692 0.9440527 0.8489844 0.8864689 0.9141880 0.9079633 0.8900097 0.8895684 0.9239865 0.9235710 0.9239128 0.9035138 0.8918148 0.9480880 0.9608016 0.9523591 0.9458361 0.8170188 0.7693511 0.7414732 0.7145471 0.6434667 0.6154846 0.6438223 0.6189278 0.6557559 0.5833780 0.6242353 0.6426446 0.6461235 0.6310933 0.6458419 0.5917863 0.6216844 0.7102776 0.7622307 0.7179283 0.6715664 0.8557488 1.1680771 1.8975054 2.0082514 1.9518206 2.5286688 
45_cpx.CD.97.97CD_MBFE185.FN392874     0.4589056 0.4707789 0.4670276 0.4832910 0.5407407 0.5029832 0.4906557 0.5126588 0.4758227 0.4925097 0.4818894 0.5244956 0.4538182 0.4674310 0.5037185 0.4383284 0.5139030 0.4789215 0.4977150 0.5756126 0.5594875 0.6125107 0.6021960 0.5914003 0.5880259 0.6103261 0.6785025 0.7739887 0.5311649 0.0000000 0.5620097 0.6481346 0.6638065 0.6512521 0.5761233 0.7206673 0.7801617 0.6727569 0.7319188 0.7514438 0.7270162 0.7443186 0.7121857 0.7455578 0.7531108 0.7466006 0.7693953 0.7520861 0.7698178 0.7993853 0.7264086 0.7192458 0.7311055 0.6934735 0.7692523 0.7648114 0.7983421 0.8093032 0.7078478 0.7478906 0.7981188 0.7610778 0.7475670 0.7596111 0.8012474 0.7888321 0.8062204 0.7717116 0.7720619 0.8026093 0.8284455 0.7816377 0.8274820 0.6963378 0.6454829 0.6271697 0.6057491 0.7979250 0.7640486 0.8001416 0.7937445 0.7959637 0.7687710 0.7926534 0.7896958 0.8125033 0.7913368 0.7903323 0.7447049 0.7944268 0.8734518 0.9399905 0.8798179 0.8615522 0.7305340 1.0153631 1.7924067 1.8245448 1.7954075 2.3797963 
G.NG.92.92NG083_JV10832.U88826         0.5173236 0.5235745 0.5201684 0.5461624 0.6043984 0.5728236 0.5469033 0.5726545 0.5032057 0.6260459 0.6185506 0.6396509 0.6090667 0.5991980 0.6200846 0.5873598 0.6284387 0.6249298 0.6341224 0.7275654 0.7151461 0.7665923 0.7546839 0.7504014 0.7147698 0.7408460 0.8331189 0.8985618 0.6761291 0.5620097 0.0000000 0.3499331 0.3761902 0.3863703 0.6442796 0.8848167 0.9495310 0.7216272 0.9102945 0.8841856 0.8698429 0.8880474 0.8595909 0.9093408 0.8999587 0.8872138 0.9284782 0.9088252 0.9087484 0.9596901 0.8729739 0.8789206 0.8776771 0.8530684 0.9164230 0.9234339 0.9343795 0.9518031 0.8520780 0.8913954 0.9192971 0.9045933 0.8951619 0.9073195 0.9268334 0.9321027 0.9566685 0.9110252 0.9041716 0.9530664 0.9517926 0.9439037 0.9497836 0.8372915 0.7949758 0.7489487 0.7146748 0.9472217 0.8865546 0.9228707 0.8695797 0.9180820 0.8741484 0.9165486 0.9257836 0.9191640 0.9040076 0.9050173 0.8865715 0.8871323 1.0182564 1.0420570 1.0020708 0.9920585 0.8587110 1.1661369 1.9529894 1.9710416 1.9922770 2.5078345 
G.NG.09.09NG010261.KX389626            0.5926833 0.6100388 0.6057492 0.6263238 0.6914967 0.6433452 0.6336345 0.6674325 0.5880546 0.7022376 0.6934343 0.7202093 0.6755573 0.6729021 0.7097388 0.6667670 0.7211640 0.7195619 0.7076774 0.8147922 0.7856994 0.8273782 0.8376466 0.8461951 0.7924466 0.8327622 0.8917512 1.0034054 0.7686864 0.6481346 0.3499331 0.0000000 0.4629210 0.4732459 0.7304762 0.9370423 1.0331584 0.8213752 0.9892058 0.9708284 0.9655479 0.9968436 0.9552165 0.9873476 0.9945043 0.9931022 1.0156909 1.0093484 1.0088154 1.0398118 0.9639895 0.9551527 0.9481094 0.9376650 0.9770410 1.0360308 1.0282815 1.0430558 0.9720655 0.9877485 1.0490410 0.9992310 1.0106161 0.9951184 1.0267909 1.0087791 1.0584691 0.9963819 0.9966454 1.0458620 1.0253004 1.0147752 1.0398947 0.9074611 0.8605658 0.8240992 0.8068594 1.0354224 0.9831832 0.9972121 1.0026793 1.0327508 0.9849188 1.0086567 1.0048989 1.0286234 0.9721064 0.9902311 0.9708956 0.9850052 1.1046274 1.1330844 1.1024313 1.1094617 0.9217939 1.2599619 1.9977501 2.0406674 1.9952952 2.6314287 
01F2G.CM.02.LT31.JN864056              0.6159676 0.6292582 0.6302615 0.6296433 0.7126925 0.6850850 0.6367436 0.6639842 0.6073955 0.7161782 0.7340487 0.7501800 0.7068869 0.7100256 0.7338805 0.6877597 0.7305753 0.7202130 0.7382672 0.8175056 0.7952094 0.8625397 0.8421706 0.8431688 0.8145641 0.8405670 0.9352983 0.9918806 0.7730692 0.6638065 0.3761902 0.4629210 0.0000000 0.3796463 0.7386926 0.9924178 1.0369953 0.8266511 0.9861742 0.9889927 0.9546653 0.9813937 0.9497516 0.9760118 0.9856814 0.9437886 1.0025964 0.9927615 1.0035952 1.0344167 0.9681554 0.9638469 0.9514323 0.9295109 0.9809185 1.0196008 1.0056737 1.0360774 0.9754678 0.9706954 1.0054076 0.9737930 0.9698018 0.9888012 1.0157515 1.0202581 1.0684249 1.0027892 1.0038997 1.0329758 1.0421551 1.0285133 1.0500949 0.9219273 0.8807003 0.8506354 0.8191447 1.0742816 1.0144707 1.0261618 1.0141150 1.0288106 0.9938943 1.0399258 1.0307900 1.0593357 0.9991803 1.0146052 0.9787920 1.0087756 1.1256261 1.1557902 1.0979380 1.1067857 0.9741577 1.2837873 1.9722470 2.0414941 2.0185836 2.6156720 
BCG.ES.15.100_119.KY496623             0.6139003 0.6283511 0.6243605 0.6351524 0.7246968 0.6707431 0.6539048 0.6917753 0.6205283 0.7054179 0.7279395 0.7447306 0.7096106 0.7003186 0.7258705 0.6754004 0.7329959 0.7272833 0.7446170 0.8389516 0.8060464 0.8679739 0.8663568 0.8520834 0.8356774 0.8510002 0.9301167 1.0015522 0.7634469 0.6512521 0.3863703 0.4732459 0.3796463 0.0000000 0.7462081 1.0039776 1.0522829 0.8200139 0.9813646 0.9831264 0.9904750 0.9901000 0.9619953 1.0150066 1.0061465 1.0037402 1.0326813 1.0073989 1.0033550 1.0580426 0.9810059 0.9482607 0.9596070 0.9522206 1.0046754 1.0421266 1.0540504 1.0452711 0.9738982 0.9808244 1.0375499 0.9983705 0.9852323 0.9800042 1.0240206 1.0023617 1.0589325 1.0079392 1.0092953 1.0432437 1.0537447 1.0548417 1.0716633 0.9340786 0.8763735 0.8561148 0.8184000 1.0473320 0.9765042 1.0064343 0.9670276 1.0186698 0.9895069 1.0100062 1.0052715 1.0317600 1.0065333 1.0230944 0.9750705 1.0056545 1.1289736 1.1506082 1.0976722 1.0724717 0.9544773 1.2731959 2.0364685 2.0624078 2.0550017 2.6791554 
93_cpx.CD.08.DRC653.MF372651           0.5070696 0.5142882 0.5131076 0.5358146 0.5966445 0.5533036 0.5351251 0.5607571 0.5526827 0.6224334 0.6281002 0.6757488 0.6076293 0.6079158 0.6395252 0.6016449 0.6636790 0.6370961 0.6544710 0.7235768 0.7128803 0.7512242 0.7504780 0.7424700 0.7243468 0.7397878 0.8223363 0.9173561 0.6771654 0.5761233 0.6442796 0.7304762 0.7386926 0.7462081 0.0000000 0.8846071 0.9231751 0.7162498 0.8790915 0.8783977 0.8775430 0.8683489 0.8308059 0.8900911 0.8611269 0.8661226 0.9111116 0.8960411 0.9099706 0.9114336 0.8598917 0.8712723 0.8618089 0.8627097 0.8875393 0.9212249 0.9303585 0.9476279 0.8431493 0.8625518 0.9257176 0.8988043 0.8918499 0.8855372 0.9094307 0.9310144 0.9171602 0.8740153 0.8834049 0.9401274 0.9352683 0.9348572 0.9250227 0.8166987 0.7719428 0.7661485 0.7265531 0.9400818 0.9297187 0.9143860 0.9149104 0.9533320 0.9013650 0.9255790 0.9381538 0.9422481 0.9384976 0.9470136 0.9083349 0.9302074 1.0079405 1.0498526 1.0278180 0.9892327 0.8574795 1.1827264 2.0434165 2.0604803 2.0413166 2.5701198 
0107.CN.15.HB041501.KY019257           0.7945681 0.7855457 0.7877630 0.8150227 0.8677438 0.8297287 0.8389988 0.8600867 0.8002393 0.7071923 0.7103017 0.7600740 0.6821354 0.6975595 0.7202389 0.6855553 0.7293838 0.6922057 0.5933628 0.4758366 0.4667485 0.5277575 0.5094916 0.5089306 0.4806441 0.5103950 0.5869496 0.6574653 0.7733353 0.7206673 0.8848167 0.9370423 0.9924178 1.0039776 0.8846071 0.0000000 0.4348022 0.9886961 1.0691377 1.0725756 1.0649992 1.0998130 1.0314067 1.1113107 1.0881049 1.0814005 1.1323164 1.0652509 1.1167075 1.1430379 1.0671996 1.0725052 1.0776806 1.0647626 1.1080699 1.1382556 1.1259600 1.1389804 1.0806579 1.0852405 1.1263463 1.1095907 1.1032730 1.0713738 1.1231674 1.1436437 1.1368330 1.1218018 1.1055525 1.1185734 1.1519415 1.1169740 1.1690433 0.9996945 0.9698834 0.9623055 0.9422431 1.0213489 1.0108966 1.0150742 0.9812166 1.0112183 0.9574971 0.9899415 1.0056957 1.0018188 1.0127615 1.0062573 0.9600840 0.9760656 1.0635869 1.1276132 1.0839608 1.0668711 1.0584190 1.3354512 2.0925557 2.1919704 2.2241274 2.6915644 
01BC.CN.14.BJ.2014.MSM.SP01.KP668994   0.8410706 0.8403130 0.8449172 0.8805809 0.9284386 0.8843525 0.8963338 0.9022182 0.8733554 0.7673438 0.7714918 0.7900312 0.7328616 0.7506690 0.7700312 0.7413579 0.7901401 0.7578687 0.6591928 0.5397078 0.5318391 0.5891821 0.5763494 0.5489622 0.5550758 0.5634163 0.6542455 0.7284301 0.8487423 0.7801617 0.9495310 1.0331584 1.0369953 1.0522829 0.9231751 0.4348022 0.0000000 1.0271012 1.1027652 1.1180161 1.0881303 1.1417349 1.1090719 1.1422029 1.1118743 1.1210719 1.1566812 1.1397342 1.1741741 1.1904981 1.1163512 1.1063565 1.1028551 1.1107888 1.1488928 1.1962361 1.1809769 1.1741147 1.1108395 1.1346733 1.1723195 1.1624389 1.1715028 1.1493722 1.2174533 1.2014098 1.2174749 1.1543375 1.1619879 1.1574609 1.2134577 1.1614191 1.1951949 1.0654696 1.0271687 1.0212627 0.9984638 1.1215227 1.0449212 1.0915860 1.0600653 1.1055645 1.0231338 1.0830704 1.0717245 1.0994589 1.0562293 1.0650424 1.0148988 1.0906215 1.1374418 1.2245840 1.1740097 1.1106405 1.1250997 1.3970940 2.2298148 2.3110289 2.2628477 2.9165948 
06_cpx.SN.97.97SE1078.AJ288981         0.5507914 0.5247312 0.5295652 0.5418011 0.6268722 0.5906286 0.6000387 0.6434947 0.6655525 0.7251877 0.7137309 0.7611742 0.7120145 0.7202341 0.7527249 0.6902281 0.7742757 0.7256739 0.7480473 0.8422430 0.8125447 0.8627152 0.8525320 0.8810847 0.8419022 0.8643910 0.9177855 1.0032384 0.8012163 0.6727569 0.7216272 0.8213752 0.8266511 0.8200139 0.7162498 0.9886961 1.0271012 0.0000000 0.9864990 0.9583729 0.9634857 0.9528634 0.9089635 0.9870413 0.9608137 0.9627100 1.0058256 0.9927036 0.9925248 0.9971219 0.9645542 0.9524953 0.9790193 0.9349954 0.9930155 1.0050644 1.0278835 1.0469557 0.9842831 0.9945556 0.9937632 1.0173823 1.0025328 0.9974871 1.0160746 1.0471391 1.0341002 1.0139872 1.0066178 1.0231164 1.0426475 1.0222654 1.0354806 0.9227555 0.8911346 0.8637133 0.8349606 1.0359725 1.0327343 1.0129620 0.9887336 1.0547910 1.0051451 1.0411395 1.0113877 1.0314071 1.0404546 1.0444688 0.9912002 1.0295848 1.0985975 1.1395153 1.1041265 1.0702065 0.9720029 1.2901993 1.8884684 1.9298593 1.9383988 2.4651396 
