100
F1.BR.10.DEMF110BR015.KU749395         0.0000000 1.1375186 1.2168432 1.1485961 1.1536672 1.1238597 1.0811072 1.0649303 1.0743229 1.1030346 1.0878960 1.1225625 1.0292019 1.1109737 1.0884452 1.0999045 1.1206691 1.0922802 1.1508130 0.9788965 0.9333976 0.9219678 0.9226241 0.9359827 0.8870649 0.9385802 0.9601827 0.9050383 0.8912950 0.9545747 0.9459377 0.9335440 0.9258101 0.8290028 0.8809394 0.9242741 0.8824788 0.9067581 0.8628827 0.8544822 0.9174826 0.8287425 0.9265949 0.9095459 0.8673853 0.8864677 0.8759094 0.8734815 0.8977097 0.8790438 0.8706487 0.8760323 0.8738437 0.8332552 0.7502897 0.8206810 0.7941638 0.7434987 0.9534246 0.9641805 0.9371393 0.8611656 0.9242978 0.8732594 1.0901868 1.0465266 0.8093207 0.8196050 0.8297060 0.8561297 0.8468421 0.7681105 0.7948710 0.7750496 0.7752408 0.8745444 1.0756870 0.9700451 0.9214179 0.9013194 0.9020062 0.9072736 0.9244306 0.8699420 0.8847144 0.7439467 0.8085192 0.8202831 0.8130722 0.7909810 0.8556626 0.7777397 0.8311881 0.7957116 0.8129166 0.8351598 2.7081206 2.0742378 2.0415407 2.1372274 
A1C.IN.15.SC017.KY713232               1.1375186 0.0000000 0.7584585 0.7326926 0.7161281 0.6913328 0.6243762 0.6313627 0.6202838 0.6526166 0.6139981 0.6547297 0.5862486 0.6583348 0.6179637 0.6421246 0.6627117 0.6455351 1.4316126 1.1685507 1.2447032 1.1971034 1.1782291 1.1598334 1.1500774 1.1658486 1.2269361 1.1561365 1.1751619 1.1906665 1.1618694 1.1716748 1.1381257 1.0996920 1.1600622 1.1862515 1.1395168 1.1351697 1.1155364 1.1067300 1.1720230 1.1596002 1.1924066 1.1443819 1.1376991 1.1341589 1.1202780 1.1775088 1.1170066 1.1458761 1.1063883 1.1756110 1.1160127 1.0923790 1.0158571 1.0759944 1.0644902 0.9534018 1.0098337 1.0427188 1.0361241 0.9484096 0.9986443 0.9320830 1.0637361 1.0019475 0.8391604 0.9146589 0.8742298 0.8976933 0.9245739 0.8203671 0.8355045 0.8286897 0.8640995 0.6462807 1.0377543 0.9552718 0.9234432 0.8853449 0.8885528 0.9143034 0.8935783 0.8548610 0.8534298 0.7936374 0.8130704 0.7730413 0.7332142 0.7361953 0.7534878 0.7069252 0.7695973 0.7203646 0.7372961 0.7386066 2.7479837 2.0756324 2.0719442 2.1371634 
BC.CN.07.07CNYN340.KF835526            1.2168432 0.7584585 0.0000000 0.3757234 0.5254639 0.5862563 0.5247766 0.5057304 0.5200612 0.5175873 0.5029981 0.4922132 0.4407266 0.5125486 0.4586083 0.4814244 0.5053208 0.4889591 1.5240379 1.3201239 1.2830803 1.2765449 1.2628552 1.3017267 1.2485514 1.2659582 1.3384949 1.2816346 1.2756876 1.3098207 1.2774059 1.2625521 1.2477991 1.2257755 1.2643348 1.2883720 1.2227417 1.2268842 1.2321373 1.2279766 1.3151508 1.2277261 1.2637166 1.2547931 1.2438572 1.2360495 1.2276012 1.2464767 1.2385936 1.2301042 1.1966693 1.2582307 1.2368675 1.2095540 1.1054570 1.2124993 1.2043407 1.1099929 1.1039260 1.1316919 1.1586606 1.0296801 1.0642367 1.0148619 1.1762482 1.0671806 0.9487635 1.0354441 0.9579489 0.9896107 1.0353816 0.9156949 0.9541416 0.9246456 0.9367313 0.7315904 1.1329457 1.0846991 1.0116684 0.9624133 0.9839630 0.9868344 0.9903569 0.9597357 0.9471461 0.8911050 0.8960099 0.8878271 0.8276049 0.8361191 0.8804456 0.8069417 0.8732465 0.8344949 0.8392768 0.8472449 2.7634535 2.1981271 2.2154122 2.2473010 
85_BC.CN.14.14CN_SCYB4.KU992932        1.1485961 0.7326926 0.3757234 0.0000000 0.5073073 0.5460443 0.5055730 0.4912573 0.5022907 0.5255544 0.4863441 0.4743720 0.4337944 0.4812165 0.4450392 0.4620336 0.4739977 0.4685369 1.4694444 1.2476981 1.2758446 1.2683100 1.2281350 1.2282849 1.2168705 1.2269406 1.3034538 1.2030873 1.2427169 1.2241991 1.2504073 1.2408853 1.2239363 1.1627819 1.2190116 1.2576239 1.1863302 1.1983103 1.2063282 1.1744840 1.2776112 1.1972757 1.2142431 1.2043873 1.2133573 1.1902935 1.1843480 1.2066002 1.1909701 1.2148440 1.1609406 1.2094811 1.1847047 1.1629661 1.0970034 1.1935940 1.1208555 1.0533560 1.0821986 1.0682495 1.1146324 1.0110205 1.0656980 1.0068107 1.1486185 1.0202550 0.9280914 1.0107692 0.9508751 0.9742953 0.9920933 0.8967618 0.9464097 0.9097852 0.9466982 0.6924573 1.0804732 1.0288845 0.9822510 0.9362347 0.9613141 0.9338750 0.9456735 0.9365815 0.9179772 0.8732538 0.8753274 0.8510630 0.7897763 0.8138871 0.8512246 0.7798767 0.8360199 0.8053360 0.8318902 0.8182195 2.8492994 2.1912933 2.1903850 2.2271377 
C.GB.14.13659_1_48.3.MF109437          1.1536672 0.7161281 0.5254639 0.5073073 0.0000000 0.5487030 0.4951373 0.4664905 0.4860166 0.4949808 0.4665192 0.4679809 0.4204585 0.4748439 0.4334909 0.4556908 0.4812906 0.4577027 1.4140791 1.2663198 1.2342840 1.2244372 1.2067362 1.1955180 1.2021149 1.2432141 1.2383131 1.1823441 1.1774566 1.2080908 1.2168155 1.2044411 1.2067062 1.1143332 1.1769739 1.1990698 1.1643624 1.1746849 1.1775126 1.0997599 1.2108583 1.1604787 1.2001365 1.1917749 1.1788829 1.1532325 1.1547241 1.1489006 1.1666148 1.1362471 1.1307022 1.1732293 1.1585382 1.1076339 1.0613448 1.1241607 1.0982885 0.9998548 1.0555395 1.0836511 1.0934317 0.9797449 1.0442953 0.9985913 1.1161385 1.0181095 0.8933155 0.9660324 0.9335406 0.9540911 0.9994350 0.8598435 0.9033142 0.8980728 0.8999516 0.6870595 1.0676620 0.9738329 0.9285529 0.8959437 0.9309632 0.9092812 0.9209897 0.9049090 0.8851037 0.8574343 0.8181366 0.8191723 0.7728096 0.7843964 0.8191490 0.7641387 0.8020589 0.7614020 0.8138301 0.7876399 2.7472326 2.1258195 2.1536017 2.1996737 
C.SE.09.035ZA.MF373148                 1.1238597 0.6913328 0.5862563 0.5460443 0.5487030 0.0000000 0.4124287 0.4252560 0.4585318 0.4736577 0.4292942 0.4811112 0.4251903 0.4895910 0.4408041 0.4697676 0.4910612 0.4586088 1.4795858 1.2503004 1.2355554 1.2207213 1.2034709 1.1917613 1.2094870 1.2039015 1.2516844 1.1315133 1.1780121 1.2209765 1.2125001 1.2048295 1.2120351 1.1283144 1.1608555 1.2043768 1.1564810 1.1464729 1.1441115 1.1248389 1.2066050 1.1509377 1.1956868 1.1722467 1.1650512 1.1364831 1.1651298 1.1649980 1.1458059 1.1693535 1.1429081 1.1719818 1.1287686 1.1095872 1.0196607 1.1263050 1.0718007 0.9803400 1.0344332 1.0312746 1.0659762 0.9502241 1.0164171 0.9766237 1.0688779 1.0074670 0.8775749 0.9361537 0.8969010 0.9396197 0.9541580 0.8230908 0.8599793 0.8383521 0.8638921 0.6633502 1.0722188 0.9543655 0.9249633 0.8903194 0.8957772 0.8822664 0.8864127 0.8726544 0.8645285 0.8157893 0.8229909 0.8092558 0.7591857 0.7536604 0.7886670 0.7368644 0.7752584 0.7346794 0.7657072 0.7545799 2.8122686 2.0686620 2.0802824 2.1334621 
C.IL.99.99ET14.AY255825                1.0811072 0.6243762 0.5247766 0.5055730 0.4951373 0.4124287 0.0000000 0.3788876 0.3996159 0.4200468 0.3818283 0.4279862 0.3719947 0.4338099 0.3852830 0.4072936 0.4297293 0.4043465 1.4077568 1.1662627 1.1572230 1.1613703 1.1245159 1.1450342 1.1051896 1.1286664 1.1823407 1.1198316 1.0968734 1.1383551 1.1505832 1.1646700 1.1319978 1.0293433 1.1064628 1.1528877 1.0782704 1.1080280 1.0691965 1.0514405 1.1582482 1.0741214 1.1019643 1.0950031 1.1169678 1.0683071 1.0912778 1.0786746 1.0942447 1.0656851 1.0654683 1.1163143 1.0652229 1.0444892 0.9926536 1.0479850 1.0267555 0.9020372 0.9760823 0.9748768 0.9829086 0.8982800 0.9445960 0.9025646 1.0105085 0.9360362 0.8223745 0.9141068 0.8354093 0.8683472 0.9237371 0.7899350 0.8174199 0.7971789 0.8138408 0.5948437 1.0245520 0.9478991 0.8974326 0.8452564 0.8709237 0.8510983 0.8644664 0.8268768 0.8390966 0.7554389 0.7464663 0.7617201 0.7012772 0.7089980 0.7328226 0.6877927 0.7191337 0.6819725 0.7177325 0.7091638 2.5946206 2.0318955 1.9774739 2.0371413 
C.ZA.03.03ZAPS067MB2.DQ396389          1.0649303 0.6313627 0.5057304 0.4912573 0.4664905 0.4252560 0.3788876 0.0000000 0.3400004 0.3606673 0.3140056 0.3934420 0.3502554 0.4005203 0.3541256 0.3767193 0.4108216 0.3775264 1.3816257 1.1583536 1.1903288 1.1379811 1.1334556 1.1253470 1.1183622 1.1189649 1.1759339 1.1018971 1.1120065 1.1392181 1.1413847 1.1483928 1.1168222 1.0621348 1.1045401 1.1375909 1.0950750 1.0762067 1.1004990 1.0664310 1.1423006 1.0901137 1.0999819 1.1246388 1.0924950 1.0571719 1.0771510 1.0662360 1.1000501 1.0807841 1.0518771 1.1070208 1.0804578 1.0484705 0.9584596 1.0197377 0.9929309 0.9027342 0.9713226 0.9820613 1.0001577 0.8743631 0.9582698 0.9075008 1.0312893 0.9333577 0.8197101 0.8792911 0.8485988 0.8668610 0.8978589 0.7814346 0.8212839 0.7928980 0.7814335 0.5855249 0.9982298 0.9120557 0.8633404 0.8311540 0.8394503 0.8232673 0.8327856 0.8116742 0.8078323 0.7627500 0.7580657 0.7404013 0.6773400 0.6930331 0.7414902 0.6676216 0.7008461 0.6786515 0.7024912 0.6846619 2.5601627 1.9641777 1.9912803 2.1134435 
C.ZA.04.04ZASK170B1.DQ093595           1.0743229 0.6202838 0.5200612 0.5022907 0.4860166 0.4585318 0.3996159 0.3400004 0.0000000 0.3399905 0.3055859 0.4200384 0.3680593 0.4150088 0.3785525 0.3929811 0.4334178 0.4010488 1.3964803 1.1579354 1.1817647 1.1808907 1.1226506 1.1445996 1.1417360 1.1748752 1.2226601 1.1293637 1.1387420 1.1667466 1.1496005 1.1744572 1.1440755 1.0668119 1.1139336 1.1834302 1.1349358 1.1229519 1.1153587 1.0929047 1.1940578 1.1040061 1.1620132 1.1261731 1.1469946 1.0928124 1.1125736 1.1452921 1.1452395 1.1229270 1.0979523 1.1390698 1.1124642 1.0995638 1.0089954 1.0468721 1.0186404 0.9442771 0.9775082 0.9764484 1.0075220 0.8975389 0.9598889 0.8877557 1.0237504 0.9330899 0.8167140 0.8833311 0.8531568 0.8864387 0.9085242 0.8091668 0.8212951 0.8060333 0.8162211 0.5929793 0.9853058 0.9238820 0.8729664 0.8107758 0.8517111 0.8543344 0.8499566 0.8196840 0.8384272 0.7809044 0.7442250 0.7384575 0.7051326 0.6952802 0.7462261 0.7044253 0.7291118 0.6930461 0.7067334 0.7028959 2.6656130 2.0345427 2.0012685 2.1259216 
C.TZ.02.CO6721.AY734560                1.1030346 0.6526166 0.5175873 0.5255544 0.4949808 0.4736577 0.4200468 0.3606673 0.3399905 0.0000000 0.2590287 0.4359684 0.3752036 0.4381706 0.3956700 0.4181357 0.4524944 0.4217278 1.3958628 1.1947985 1.1908566 1.2025482 1.1579109 1.1351909 1.1625091 1.1464699 1.2270181 1.1360064 1.1343652 1.1622439 1.1965509 1.1841180 1.1572783 1.0620133 1.1322904 1.1457911 1.1217056 1.1131873 1.1031987 1.0972422 1.1838751 1.1203480 1.1405147 1.1413130 1.1260169 1.1093772 1.1065642 1.1359865 1.1171656 1.1004634 1.1070596 1.1370813 1.0960839 1.0908753 1.0248359 1.0978748 1.0327649 0.9525418 1.0179761 1.0228502 1.0499080 0.9387105 0.9751090 0.9221518 1.0677674 0.9537326 0.8370990 0.9240189 0.8507679 0.9028857 0.9206504 0.8378202 0.8529682 0.8414341 0.8445233 0.6185770 1.0104667 0.9404141 0.8915014 0.8553898 0.8684361 0.8466264 0.8710112 0.8351878 0.8447319 0.7927904 0.7731185 0.7865169 0.7382935 0.7241304 0.7722883 0.7176800 0.7274583 0.7091652 0.7360171 0.7128785 2.6822463 2.0462631 2.0630300 2.1363724 
C.TZ.01.BD39_8.AY253313                1.0878960 0.6139981 0.5029981 0.4863441 0.4665192 0.4292942 0.3818283 0.3140056 0.3055859 0.2590287 0.0000000 0.3981493 0.3494792 0.4051677 0.3614325 0.3734108 0.4137551 0.3877926 1.3763741 1.1575142 1.1923832 1.1570312 1.1311680 1.1359965 1.1312854 1.1321484 1.1742152 1.1080875 1.1463352 1.1405651 1.1522498 1.1530524 1.1307871 1.0699439 1.1300356 1.1517507 1.1010678 1.1052276 1.0801337 1.0599186 1.1467860 1.0976462 1.1351137 1.1076521 1.1065438 1.0829332 1.0799927 1.1088347 1.0922002 1.0772548 1.0611698 1.1179530 1.0913709 1.0800868 1.0031136 1.0826978 1.0204126 0.9103551 0.9831217 0.9889075 1.0413278 0.9212054 0.9752052 0.8845080 1.0343272 0.9460821 0.8166339 0.8810814 0.8435737 0.8697432 0.8819832 0.7711722 0.8112998 0.8029626 0.8067711 0.5986956 0.9733059 0.9254149 0.8679781 0.8202377 0.8488608 0.8285573 0.8428032 0.8242801 0.8211123 0.7681000 0.7481681 0.7405266 0.7081028 0.6818656 0.7413638 0.6732236 0.7155461 0.6956252 0.7060584 0.6992881 2.6212712 2.0321763 2.0334517 2.1192221 
C.BW.98.98BWMC14A3.AF443078            1.1225625 0.6547297 0.4922132 0.4743720 0.4679809 0.4811112 0.4279862 0.3934420 0.4200384 0.4359684 0.3981493 0.0000000 0.3458840 0.3868669 0.3425066 0.3509975 0.3943383 0.3603093 1.4282369 1.2093681 1.1999730 1.2288514 1.1761952 1.1794600 1.1738201 1.1850398 1.2340704 1.1780133 1.1443233 1.1694404 1.1992666 1.1946561 1.1724986 1.0775458 1.1452383 1.1516167 1.1276384 1.1502481 1.1291574 1.1165944 1.2016966 1.1303020 1.1585510 1.1447306 1.1259413 1.1202305 1.1104060 1.1471451 1.1527600 1.1401075 1.1116823 1.1418581 1.1323075 1.1072231 1.0066766 1.0992422 1.0680136 0.9542100 1.0342905 1.0111773 1.0467238 0.9419794 0.9853463 0.9689441 1.0681204 0.9765913 0.8660982 0.9219790 0.8885467 0.9140642 0.9254120 0.8241179 0.8744407 0.8553844 0.8533273 0.6292323 1.0340817 0.9566400 0.9029480 0.8534971 0.8886511 0.8666731 0.8807917 0.8556199 0.8562300 0.8059679 0.7864989 0.7966389 0.7354806 0.7178480 0.7752018 0.7129101 0.7355676 0.7036033 0.7454186 0.7212992 2.7126894 2.1075743 2.1385265 2.1479197 
C.BW.00.00BW076820.AF443089            1.0292019 0.5862486 0.4407266 0.4337944 0.4204585 0.4251903 0.3719947 0.3502554 0.3680593 0.3752036 0.3494792 0.3458840 0.0000000 0.3494366 0.3001752 0.3260999 0.3558231 0.3327346 1.3502716 1.1566237 1.1760938 1.1435928 1.1313661 1.1229023 1.1069311 1.1352205 1.1691801 1.1066768 1.1104891 1.1438680 1.1553194 1.1453128 1.1144841 1.0340732 1.1145771 1.1218621 1.0581346 1.0816022 1.0863044 1.0492243 1.1589341 1.0643370 1.1012538 1.1157372 1.0868403 1.0812185 1.0616144 1.1013155 1.0937910 1.0685087 1.0393123 1.0956059 1.0635095 1.0444607 0.9500306 1.0299954 1.0121502 0.8858201 0.9635807 0.9408543 0.9506067 0.8633330 0.8961606 0.8547870 1.0047887 0.9165658 0.7884739 0.8669957 0.8076796 0.8384025 0.8706902 0.7715678 0.7959953 0.7811624 0.7995439 0.5667499 0.9896748 0.8986298 0.8356165 0.8010717 0.8292257 0.8189051 0.8431033 0.8181902 0.8039629 0.7458446 0.7435600 0.7092414 0.6510199 0.6681371 0.7244447 0.6781420 0.7027608 0.6679318 0.7024588 0.6800320 2.5207780 2.0262369 2.0555313 2.1250299 
C.ZA.02.02ZAPS015MB1.DQ369995          1.1109737 0.6583348 0.5125486 0.4812165 0.4748439 0.4895910 0.4338099 0.4005203 0.4150088 0.4381706 0.4051677 0.3868669 0.3494366 0.0000000 0.2874695 0.3708997 0.3988652 0.3822241 1.3929716 1.1975781 1.2069455 1.1851894 1.1718550 1.1708132 1.1649038 1.1516530 1.2263113 1.1753495 1.1534808 1.1837497 1.1877691 1.2047915 1.1588537 1.0744342 1.1619332 1.1605978 1.1529128 1.1328458 1.1209453 1.0970687 1.2088063 1.1271666 1.1352771 1.1561361 1.1466116 1.1247142 1.1191370 1.1395415 1.1414949 1.1130381 1.1017883 1.1398711 1.1260995 1.0955557 1.0088074 1.0798323 1.0718390 0.9495728 1.0143351 1.0126145 1.0348433 0.9425334 0.9894009 0.9510544 1.0824013 0.9819707 0.8508901 0.9119906 0.8763302 0.8927409 0.9445175 0.8369493 0.8661445 0.8090743 0.8500710 0.6303505 1.0331568 0.9525142 0.9210474 0.8591542 0.8931852 0.8751979 0.8719734 0.8545030 0.8509565 0.7931372 0.8023408 0.7907859 0.7233881 0.7372637 0.7735531 0.7064896 0.7523141 0.7075281 0.7525197 0.7210123 2.7823447 2.1343617 2.1303754 2.1543871 
C.ZA.99.99ZALT4.EU293444               1.0884452 0.6179637 0.4586083 0.4450392 0.4334909 0.4408041 0.3852830 0.3541256 0.3785525 0.3956700 0.3614325 0.3425066 0.3001752 0.2874695 0.0000000 0.3233279 0.3468838 0.3325757 1.4031181 1.1629581 1.1618755 1.1774085 1.1179787 1.1284200 1.1255476 1.1362068 1.1847670 1.1416380 1.1601742 1.1324566 1.1684898 1.1623799 1.1525603 1.0622873 1.1050017 1.1126222 1.0864360 1.1139172 1.1045266 1.0635078 1.1557437 1.1038100 1.1109695 1.1397494 1.1155352 1.0775235 1.0757462 1.1106444 1.1058711 1.0842022 1.0650211 1.0972332 1.0738120 1.0609390 0.9824027 1.0523336 1.0278003 0.9198612 0.9708804 0.9853981 1.0018856 0.9132249 0.9533552 0.9039410 1.0472819 0.9287214 0.8248965 0.8965437 0.8734134 0.8648134 0.9009790 0.7840930 0.8339273 0.8049279 0.8124768 0.5838169 0.9713063 0.9108210 0.8697623 0.8232898 0.8453486 0.8200819 0.8352941 0.8182313 0.8098089 0.7702522 0.7510479 0.7600062 0.7025139 0.7001488 0.7424099 0.6820777 0.7270549 0.6735843 0.7014965 0.6979286 2.7292293 2.0856114 2.0602662 2.1149884 
C.ZA.04.04ZASK135B1.DQ011166           1.0999045 0.6421246 0.4814244 0.4620336 0.4556908 0.4697676 0.4072936 0.3767193 0.3929811 0.4181357 0.3734108 0.3509975 0.3260999 0.3708997 0.3233279 0.0000000 0.3381333 0.3171053 1.4149470 1.1724981 1.2040281 1.1812294 1.1588554 1.1472645 1.1486631 1.1813406 1.2067542 1.1596411 1.1425342 1.1628236 1.1940395 1.1780415 1.1561609 1.0743460 1.1135783 1.1448165 1.1347083 1.1280192 1.0983044 1.0901130 1.2228388 1.1351045 1.1451444 1.1283189 1.1077058 1.1129151 1.1216349 1.0989089 1.1210080 1.0991529 1.1106066 1.1324369 1.0906909 1.0602112 0.9934026 1.0763911 1.0400559 0.9435379 0.9887812 1.0219485 1.0311003 0.9258287 0.9488162 0.9234269 1.0595577 0.9521624 0.8346278 0.8749389 0.8530720 0.8667574 0.9109169 0.8055745 0.8332437 0.8218031 0.8430538 0.6092062 1.0196347 0.9229070 0.8768655 0.8504192 0.8726160 0.8513982 0.8583683 0.8418544 0.8384953 0.7789016 0.7697820 0.7705009 0.7091337 0.7082552 0.7596762 0.6921278 0.7483275 0.7007961 0.7279654 0.7119668 2.6777928 2.0708171 2.0845690 2.1617030 
C.ZA.97.97ZA012.AF286227               1.1206691 0.6627117 0.5053208 0.4739977 0.4812906 0.4910612 0.4297293 0.4108216 0.4334178 0.4524944 0.4137551 0.3943383 0.3558231 0.3988652 0.3468838 0.3381333 0.0000000 0.2893914 1.4418132 1.2090922 1.2289330 1.2142528 1.1690056 1.1842533 1.1723621 1.1839828 1.2378111 1.1809404 1.1566846 1.1828632 1.1939304 1.1820601 1.1624604 1.1042307 1.1431325 1.1755781 1.1399602 1.1488441 1.1172185 1.1041594 1.1822188 1.1327244 1.1365587 1.1716660 1.1308343 1.1118952 1.1241243 1.1217723 1.1159188 1.1374494 1.1103004 1.1356604 1.1473101 1.0962399 1.0126454 1.0954153 1.0671987 0.9611415 1.0253974 1.0138437 1.0360245 0.9182273 0.9919021 0.9320656 1.0870961 0.9981329 0.8452202 0.9285234 0.8835614 0.8908078 0.9268005 0.8340863 0.8636888 0.8510994 0.8653026 0.6247108 1.0545797 0.9709411 0.9065292 0.8704142 0.8946004 0.8777802 0.8831404 0.8680402 0.8717388 0.7969432 0.8044523 0.7905143 0.7292092 0.7221195 0.7611164 0.7309966 0.7675692 0.7172927 0.7545132 0.7288074 2.7183161 2.0492375 2.0867858 2.1337273 
C.ZA.03.03ZAPS130MB1.DQ275658          1.0922802 0.6455351 0.4889591 0.4685369 0.4577027 0.4586088 0.4043465 0.3775264 0.4010488 0.4217278 0.3877926 0.3603093 0.3327346 0.3822241 0.3325757 0.3171053 0.2893914 0.0000000 1.4525433 1.1874636 1.2149064 1.1844940 1.1580627 1.1459590 1.1691827 1.1868097 1.2309406 1.1585470 1.1526395 1.1763473 1.1763236 1.1725994 1.1620157 1.0896892 1.1304743 1.1778330 1.1327451 1.1323086 1.1273516 1.1050994 1.1880321 1.1129247 1.1321220 1.1284501 1.1279281 1.1096377 1.0942109 1.1174393 1.1172763 1.1218876 1.0966850 1.1314393 1.1186905 1.0928434 0.9850366 1.0561277 1.0311623 0.9335106 0.9819426 1.0230950 1.0059839 0.9188014 0.9505424 0.9306680 1.0619846 0.9573724 0.8272519 0.9029637 0.8659971 0.8619414 0.9101508 0.8256892 0.8299717 0.8170882 0.8353108 0.6121773 0.9943231 0.9251711 0.8743327 0.8398728 0.8430590 0.8502964 0.8607282 0.8345275 0.8394003 0.7888923 0.7907132 0.7504259 0.7155741 0.7062658 0.7637831 0.7006135 0.7273112 0.6962586 0.7184972 0.7197806 2.6209092 2.0085672 2.1289038 2.1494007 
BF1.BR.10.10BR_RJ029.KT427782          1.1508130 1.4316126 1.5240379 1.4694444 1.4140791 1.4795858 1.4077568 1.3816257 1.3964803 1.3958628 1.3763741 1.4282369 1.3502716 1.3929716 1.4031181 1.4149470 1.4418132 1.4525433 0.0000000 0.6395995 0.7356028 0.6369564 0.7063751 0.6316714 0.6858105 0.5969448 0.7450449 0.6812706 0.6730766 0.7234626 0.7078410 0.6937484 0.7050251 0.6668410 0.6575892 0.7203927 0.6768281 0.5885228 0.6352137 0.6087587 0.7121615 0.6135407 0.7078759 0.6959296 0.6766169 0.6649182 0.6693817 0.6777312 0.7001727 0.6563903 0.6723726 0.6753077 0.6528719 0.6272314 0.8634076 0.8816763 0.8414427 1.0595262 1.3001987 1.1962394 1.2451893 1.1463240 1.1737316 1.1632406 1.3507035 1.2911306 1.0668694 1.1121806 1.0902739 1.1201171 1.1386997 1.0450117 1.0503963 1.0465344 1.0580482 1.1309661 1.3489844 1.2730331 1.2151143 1.1966012 1.2183459 1.1803511 1.1840737 1.1735236 1.1508057 1.0269464 1.1362809 1.1070774 1.1192081 1.0888681 1.1446258 1.1069307 1.1661934 1.0757281 1.1601403 1.1297712 3.0665015 2.3078322 2.2665570 2.3456023 
BF1.BR.10.10BR_MG052.KT427668          0.9788965 1.1685507 1.3201239 1.2476981 1.2663198 1.2503004 1.1662627 1.1583536 1.1579354 1.1947985 1.1575142 1.2093681 1.1566237 1.1975781 1.1629581 1.1724981 1.2090922 1.1874636 0.6395995 0.0000000 0.5239195 0.4436845 0.4948406 0.4196491 0.4810511 0.4019650 0.5415593 0.4812731 0.4737571 0.5271344 0.4922993 0.4729061 0.4790226 0.4587982 0.4705963 0.5157071 0.4696918 0.3815383 0.4180708 0.3977355 0.5202366 0.4172251 0.4913652 0.4811876 0.4760143 0.4427561 0.4619991 0.4747710 0.4658012 0.4603293 0.4575549 0.4624657 0.4579249 0.4131657 0.6410519 0.6544186 0.6481039 0.8409856 1.0111904 1.0372781 1.0413700 0.9522986 0.9977996 0.9627683 1.2085919 1.1383955 0.8436116 0.9078175 0.8650491 0.9186964 0.9479624 0.8504569 0.8769145 0.8497037 0.8679076 0.9341417 1.1592983 1.0874321 1.0180962 0.9827715 1.0415177 1.0133353 1.0245084 0.9888132 0.9744337 0.8446826 0.8972802 0.9006656 0.9221735 0.8881272 0.9332515 0.8952941 0.9335701 0.8660303 0.9311971 0.8915914 2.8258065 2.0748392 2.1335793 2.1698278 
51_01B.MY.11.11MYKL055.KJ485697        0.9333976 1.2447032 1.2830803 1.2758446 1.2342840 1.2355554 1.1572230 1.1903288 1.1817647 1.1908566 1.1923832 1.1999730 1.1760938 1.2069455 1.1618755 1.2040281 1.2289330 1.2149064 0.7356028 0.5239195 0.0000000 0.5013677 0.4730051 0.4949532 0.4605359 0.4951602 0.4905110 0.4705676 0.4546656 0.4735514 0.4760557 0.4683971 0.4768811 0.4560121 0.4569612 0.4802745 0.4477530 0.4617042 0.4509738 0.4388417 0.4666951 0.4332509 0.4540737 0.4554307 0.4324278 0.4222569 0.4320339 0.4309832 0.4286909 0.4106913 0.4158205 0.4335160 0.4145749 0.3873150 0.6624452 0.6659333 0.6494424 0.8501540 1.0248893 1.0191573 1.0118068 0.9159355 0.9568337 0.8926703 1.1594363 1.1067829 0.8652578 0.8753533 0.8787158 0.9003326 0.9151009 0.8369142 0.8645469 0.8277864 0.8274253 0.9335817 1.1340120 1.0953438 0.9894020 0.9651591 0.9798444 0.9896427 0.9712657 0.9381644 0.9523691 0.8190758 0.8684950 0.8873261 0.9221024 0.8471792 0.9026836 0.8820268 0.9167181 0.8644658 0.9183763 0.9026104 2.8507607 2.0691977 2.0951013 2.1623769 
B.GB.14.14667_1_16.3.MF109578          0.9219678 1.1971034 1.2765449 1.2683100 1.2244372 1.2207213 1.1613703 1.1379811 1.1808907 1.2025482 1.1570312 1.2288514 1.1435928 1.1851894 1.1774085 1.1812294 1.2142528 1.1844940 0.6369564 0.4436845 0.5013677 0.0000000 0.4660241 0.4058871 0.4700969 0.4177496 0.5225145 0.4589328 0.4641658 0.4974248 0.4753465 0.4645007 0.4586605 0.4473619 0.4556972 0.4995882 0.4424591 0.3786524 0.3825257 0.3844096 0.4974506 0.3911980 0.4782193 0.4625940 0.4532454 0.4322482 0.4409749 0.4531529 0.4468469 0.4287630 0.4301023 0.4460956 0.4260109 0.3958485 0.6160537 0.6525508 0.6097817 0.8152398 1.0209805 1.0020886 1.0031591 0.9040971 0.9572295 0.9372101 1.1802006 1.1142838 0.8295503 0.8774562 0.8671401 0.9134726 0.9588913 0.8217929 0.8595584 0.8269170 0.8435717 0.9473657 1.1424227 1.0840011 1.0321601 0.9835989 1.0014587 1.0130819 1.0109066 0.9656641 0.9707910 0.8189463 0.8995597 0.8754855 0.9111215 0.8417030 0.9140374 0.8595342 0.9351605 0.8778904 0.8831646 0.8864956 2.8351697 2.0628151 2.0864188 2.1240608 
B.JP.11.NMC851C_clone_13.AB731669      0.9226241 1.1782291 1.2628552 1.2281350 1.2067362 1.2034709 1.1245159 1.1334556 1.1226506 1.1579109 1.1311680 1.1761952 1.1313661 1.1718550 1.1179787 1.1588554 1.1690056 1.1580627 0.7063751 0.4948406 0.4730051 0.4660241 0.0000000 0.4600263 0.4252024 0.4739892 0.4680359 0.4379364 0.4247893 0.4670870 0.4440110 0.4280527 0.4421978 0.4167036 0.4116814 0.4541390 0.4174724 0.4388021 0.4083447 0.3935527 0.4481290 0.3961566 0.4252714 0.4364638 0.3948636 0.3900352 0.3976948 0.4087691 0.4052494 0.3897170 0.3958804 0.3958569 0.3862250 0.3568079 0.6096910 0.6395126 0.6081936 0.8149064 1.0220307 0.9907678 1.0121881 0.9139360 0.9596370 0.9041943 1.1616688 1.0892868 0.8156898 0.8648209 0.8610170 0.8854274 0.9133115 0.8345049 0.8397798 0.8225216 0.8251037 0.9237358 1.1059464 1.0533006 0.9864973 0.9592213 0.9895157 0.9804395 0.9755706 0.9413740 0.9359849 0.7850140 0.8706748 0.8722390 0.8912605 0.8250251 0.9145060 0.8592836 0.8980003 0.8446493 0.8833256 0.8809340 2.7299288 2.1369047 2.0612466 2.1006791 
B.BR.10.10BR_PE013.KT427743            0.9359827 1.1598334 1.3017267 1.2282849 1.1955180 1.1917613 1.1450342 1.1253470 1.1445996 1.1351909 1.1359965 1.1794600 1.1229023 1.1708132 1.1284200 1.1472645 1.1842533 1.1459590 0.6316714 0.4196491 0.4949532 0.4058871 0.4600263 0.0000000 0.4396798 0.3947032 0.5097323 0.4461493 0.4475243 0.4797883 0.4608943 0.4480969 0.4541713 0.4169290 0.4323114 0.4815444 0.4355747 0.3585368 0.3745567 0.3610870 0.4794528 0.3807618 0.4549539 0.4504732 0.4451018 0.4206740 0.4167768 0.4471091 0.4376702 0.4284169 0.4279668 0.4383618 0.4166478 0.3781465 0.6062274 0.6417291 0.6158160 0.7829758 1.0099718 1.0069863 0.9920435 0.8947190 0.9512400 0.8986713 1.1508439 1.0815042 0.8257083 0.8645772 0.8641499 0.8809720 0.9124200 0.8077325 0.8264867 0.8111311 0.8267922 0.9328469 1.0828557 1.0397790 0.9663012 0.9244233 0.9885970 0.9525146 0.9639356 0.9449308 0.9422388 0.7890858 0.8752411 0.8662445 0.8869963 0.8356404 0.8864113 0.8592852 0.8895888 0.8419782 0.9057174 0.8742041 2.6785319 2.0490054 2.1055202 2.1287244 
B.CY.08.CY224.JF683773                 0.8870649 1.1500774 1.2485514 1.2168705 1.2021149 1.2094870 1.1051896 1.1183622 1.1417360 1.1625091 1.1312854 1.1738201 1.1069311 1.1649038 1.1255476 1.1486631 1.1723621 1.1691827 0.6858105 0.4810511 0.4605359 0.4700969 0.4252024 0.4396798 0.0000000 0.4509723 0.4725648 0.3845094 0.3952453 0.4567139 0.3978617 0.3870908 0.3916946 0.4055662 0.3754790 0.4508494 0.3980368 0.4186691 0.3960645 0.3760828 0.4322312 0.3840495 0.4235302 0.4192225 0.3981055 0.3870051 0.3936567 0.4157508 0.4117805 0.3909578 0.3825805 0.4041706 0.3853630 0.3507501 0.5876969 0.6017358 0.5844830 0.7737994 0.9928069 0.9730170 0.9561514 0.8884509 0.9106270 0.8746904 1.1366272 1.0373809 0.7927251 0.8425645 0.8156496 0.8624945 0.8960538 0.7813930 0.7881821 0.7687375 0.7884430 0.8864840 1.0954185 1.0296464 0.9609487 0.9490907 0.9736252 0.9380349 0.9503820 0.9217291 0.9315986 0.7716143 0.8436046 0.8375928 0.8712741 0.8148268 0.8650038 0.8289261 0.9006522 0.8250851 0.8709114 0.8592625 2.7348391 2.0096244 2.0555828 2.1190377 
BF1.BR.00.BREPM13853.DQ085875          0.9385802 1.1658486 1.2659582 1.2269406 1.2432141 1.2039015 1.1286664 1.1189649 1.1748752 1.1464699 1.1321484 1.1850398 1.1352205 1.1516530 1.1362068 1.1813406 1.1839828 1.1868097 0.5969448 0.4019650 0.4951602 0.4177496 0.4739892 0.3947032 0.4509723 0.0000000 0.5128789 0.4573077 0.4466971 0.4918407 0.4756442 0.4497430 0.4507164 0.4310325 0.4470066 0.4805256 0.4321229 0.3494762 0.3816176 0.3641532 0.4632982 0.3772846 0.4568923 0.4681358 0.4423322 0.4306410 0.4337829 0.4333567 0.4500207 0.4327981 0.4291960 0.4462129 0.4274351 0.3889229 0.6306326 0.6505027 0.6142103 0.7669429 0.9971024 0.9973517 0.9738175 0.9234761 0.9483384 0.9054696 1.1362825 1.0882835 0.8385311 0.8729424 0.8260493 0.8775353 0.9083722 0.8111253 0.8479506 0.8163144 0.7963995 0.9089811 1.1330135 1.0486861 0.9737590 0.9816243 0.9931794 0.9979088 0.9666679 0.9254494 0.9505630 0.7943744 0.8602626 0.8660474 0.8839987 0.8330813 0.9010273 0.8721086 0.9174711 0.8618197 0.8930678 0.8737404 2.7134635 2.0426175 2.0449877 2.1053931 
B.US.15.2521.KX505446                  0.9601827 1.2269361 1.3384949 1.3034538 1.2383131 1.2516844 1.1823407 1.1759339 1.2226601 1.2270181 1.1742152 1.2340704 1.1691801 1.2263113 1.1847670 1.2067542 1.2378111 1.2309406 0.7450449 0.5415593 0.4905110 0.5225145 0.4680359 0.5097323 0.4725648 0.5128789 0.0000000 0.4716506 0.4832197 0.4515119 0.4852362 0.4805861 0.4861076 0.4709012 0.4665767 0.4458780 0.4717048 0.4775565 0.4520519 0.4433415 0.4191819 0.4512311 0.4342968 0.4256612 0.4063342 0.3975792 0.3916540 0.3969855 0.4078100 0.4020754 0.3937447 0.4108404 0.3932489 0.3490835 0.6562080 0.6931198 0.6479807 0.8281989 1.0717154 1.0283360 1.0555112 0.9752541 0.9990255 0.9861015 1.1920953 1.1642996 0.8884462 0.9258102 0.8917231 0.9397953 0.9658381 0.8652049 0.8749189 0.8627590 0.8895984 0.9709526 1.1697142 1.0891039 1.0296381 0.9887874 1.0110529 1.0104306 1.0042196 0.9686616 0.9713934 0.8531539 0.9127718 0.9160949 0.9442932 0.9092700 0.9536233 0.9086833 0.9690183 0.9166396 0.9289287 0.9128928 2.8479045 2.1387410 2.1991918 2.2139252 
B.JP.04.DR6174.AB480692                0.9050383 1.1561365 1.2816346 1.2030873 1.1823441 1.1315133 1.1198316 1.1018971 1.1293637 1.1360064 1.1080875 1.1780133 1.1066768 1.1753495 1.1416380 1.1596411 1.1809404 1.1585470 0.6812706 0.4812731 0.4705676 0.4589328 0.4379364 0.4461493 0.3845094 0.4573077 0.4716506 0.0000000 0.3971390 0.4488788 0.3888976 0.3836685 0.3842203 0.4062292 0.3667973 0.4566191 0.4126820 0.4183894 0.3874188 0.3785162 0.4437176 0.3855641 0.4171299 0.4247563 0.3982466 0.3799723 0.4012593 0.4013047 0.4123968 0.3885279 0.3884972 0.3966823 0.3949116 0.3461038 0.6024941 0.6341287 0.5892700 0.7753899 0.9870310 0.9589355 0.9773868 0.8921265 0.9037223 0.8947688 1.1121875 1.0761119 0.8129551 0.8493352 0.8424986 0.8714111 0.9079406 0.7753673 0.8225139 0.8011780 0.8159842 0.8869009 1.1147271 1.0387493 0.9724769 0.9436850 0.9610193 0.9449019 0.9562177 0.9340612 0.9337121 0.7736401 0.8405996 0.8483620 0.8670224 0.8106519 0.8652062 0.8430353 0.8761413 0.8272697 0.8632096 0.8691331 2.6739521 2.0812657 2.1341781 2.1885930 
B.TH.06.AA010a_WG3.JX446800            0.8912950 1.1751619 1.2756876 1.2427169 1.1774566 1.1780121 1.0968734 1.1120065 1.1387420 1.1343652 1.1463352 1.1443233 1.1104891 1.1534808 1.1601742 1.1425342 1.1566846 1.1526395 0.6730766 0.4737571 0.4546656 0.4641658 0.4247893 0.4475243 0.3952453 0.4466971 0.4832197 0.3971390 0.0000000 0.4610062 0.4189310 0.3981904 0.4024222 0.3956917 0.3788770 0.4455782 0.4053690 0.4097813 0.3910302 0.3900399 0.4394405 0.3756002 0.4337133 0.4183597 0.3981839 0.3825750 0.4022878 0.4007735 0.4065588 0.3762853 0.3869132 0.3934021 0.3831283 0.3442451 0.6006648 0.6162469 0.5770659 0.7762878 0.9903439 0.9602553 0.9568191 0.8805393 0.9307622 0.8811277 1.0940378 1.0373549 0.8091063 0.8308071 0.8328099 0.8743553 0.9266482 0.8047853 0.8163583 0.8007568 0.8133873 0.8956063 1.1051822 1.0040743 0.9429927 0.9205215 0.9433781 0.9536760 0.9501916 0.8981810 0.9245466 0.7734114 0.8438516 0.8442862 0.8659655 0.8213555 0.8723751 0.8370765 0.8952048 0.8368982 0.8852543 0.8565066 2.7520588 2.0319908 2.0258179 2.1092201 
B.GB.14.14535_1_7.3.MF109534           0.9545747 1.1906665 1.3098207 1.2241991 1.2080908 1.2209765 1.1383551 1.1392181 1.1667466 1.1622439 1.1405651 1.1694404 1.1438680 1.1837497 1.1324566 1.1628236 1.1828632 1.1763473 0.7234626 0.5271344 0.4735514 0.4974248 0.4670870 0.4797883 0.4567139 0.4918407 0.4515119 0.4488788 0.4610062 0.0000000 0.4723294 0.4582107 0.4689449 0.4523988 0.4450162 0.4210996 0.4494462 0.4456055 0.4323957 0.4283581 0.4183518 0.4239666 0.3884367 0.4061058 0.3937993 0.3541239 0.3565580 0.3990096 0.4027408 0.3848664 0.3778979 0.3956471 0.3753122 0.3435282 0.6450860 0.6625650 0.6388525 0.8145049 1.0531241 1.0073920 1.0356831 0.9549798 0.9733999 0.9452024 1.1699172 1.1012772 0.8784402 0.8926591 0.8731767 0.9092785 0.9539598 0.8387893 0.8751692 0.8470981 0.8572781 0.9434887 1.1188090 1.0590681 1.0254461 0.9869603 1.0006530 0.9831622 0.9729770 0.9592719 0.9610462 0.8206350 0.8842940 0.8746337 0.8851540 0.8734535 0.8980823 0.8909230 0.9309513 0.8963834 0.9070743 0.8971790 2.7807995 2.1585662 2.1412179 2.1689497 
B.CN.07.CBJC261.JF932474               0.9459377 1.1618694 1.2774059 1.2504073 1.2168155 1.2125001 1.1505832 1.1413847 1.1496005 1.1965509 1.1522498 1.1992666 1.1553194 1.1877691 1.1684898 1.1940395 1.1939304 1.1763236 0.7078410 0.4922993 0.4760557 0.4753465 0.4440110 0.4608943 0.3978617 0.4756442 0.4852362 0.3888976 0.4189310 0.4723294 0.0000000 0.1595089 0.1700878 0.4225184 0.3592389 0.4628739 0.4174591 0.4283896 0.4010254 0.3985887 0.4606354 0.3971281 0.4340441 0.4299700 0.4050213 0.4083513 0.4155420 0.4131991 0.4211857 0.3919779 0.3979451 0.4127350 0.4026893 0.3697814 0.6238115 0.6171204 0.6038079 0.8048676 0.9857322 0.9802363 0.9910048 0.9225249 0.9390005 0.9113324 1.1592872 1.0791878 0.8124049 0.8684723 0.8594842 0.9121667 0.9237264 0.8109210 0.8271009 0.8037849 0.8117518 0.9197711 1.0943678 1.0535032 0.9796389 0.9592049 0.9815777 0.9629949 0.9574403 0.9432048 0.9636652 0.7945605 0.8635126 0.8751523 0.8890593 0.8469249 0.8927045 0.8632649 0.9216824 0.8532098 0.9028528 0.8814403 2.7734470 2.0954654 2.1047777 2.1448509 
B.CN.01.CNHN24.AY180905                0.9335440 1.1716748 1.2625521 1.2408853 1.2044411 1.2048295 1.1646700 1.1483928 1.1744572 1.1841180 1.1530524 1.1946561 1.1453128 1.2047915 1.1623799 1.1780415 1.1820601 1.1725994 0.6937484 0.4729061 0.4683971 0.4645007 0.4280527 0.4480969 0.3870908 0.4497430 0.4805861 0.3836685 0.3981904 0.4582107 0.1595089 0.0000000 0.1575867 0.4079408 0.3458232 0.4606130 0.4107796 0.4214884 0.3941945 0.3908959 0.4472561 0.3866857 0.4262020 0.4251368 0.3963015 0.3886903 0.3986299 0.4155088 0.4116858 0.3863037 0.3909792 0.4030558 0.3940223 0.3562322 0.6093112 0.6112832 0.5864565 0.7867655 0.9747869 0.9810490 0.9729850 0.9094973 0.9074082 0.9134835 1.1268075 1.0539633 0.8018735 0.8507270 0.8413601 0.8913829 0.9077071 0.7886640 0.8424460 0.8132482 0.8106890 0.9066132 1.1088208 1.0469298 0.9755523 0.9448354 0.9721152 0.9651861 0.9500290 0.9285479 0.9554011 0.7770645 0.8597120 0.8837270 0.8914141 0.8241937 0.9008170 0.8452934 0.9167381 0.8661734 0.9089785 0.8855589 2.7264922 2.0863814 2.1253716 2.1788721 
B.CN.08.cbjc468.JF932498               0.9258101 1.1381257 1.2477991 1.2239363 1.2067062 1.2120351 1.1319978 1.1168222 1.1440755 1.1572783 1.1307871 1.1724986 1.1144841 1.1588537 1.1525603 1.1561609 1.1624604 1.1620157 0.7050251 0.4790226 0.4768811 0.4586605 0.4421978 0.4541713 0.3916946 0.4507164 0.4861076 0.3842203 0.4024222 0.4689449 0.1700878 0.1575867 0.0000000 0.4154834 0.3515600 0.4586905 0.4135312 0.4203051 0.3964220 0.3849211 0.4523287 0.3855645 0.4245206 0.4343787 0.3946592 0.3970013 0.4050781 0.4013548 0.4174067 0.3881494 0.3922309 0.4036310 0.4003104 0.3581388 0.6158749 0.6135212 0.5855980 0.7923254 1.0039627 0.9844645 0.9914512 0.9229503 0.9363441 0.9027674 1.1556221 1.0739084 0.8062815 0.8622676 0.8484851 0.8892232 0.9054763 0.7858226 0.8324825 0.8101805 0.8093057 0.8934951 1.1033650 1.0622072 0.9951970 0.9694739 0.9868408 0.9761714 0.9464360 0.9399238 0.9552691 0.7985527 0.8455584 0.8693030 0.9000469 0.8289117 0.8915827 0.8575816 0.9128521 0.8459420 0.9032409 0.8803545 2.7620282 2.0439849 2.1094562 2.1648769 
B.US.15.3693.KX505555                  0.8290028 1.0996920 1.2257755 1.1627819 1.1143332 1.1283144 1.0293433 1.0621348 1.0668119 1.0620133 1.0699439 1.0775458 1.0340732 1.0744342 1.0622873 1.0743460 1.1042307 1.0896892 0.6668410 0.4587982 0.4560121 0.4473619 0.4167036 0.4169290 0.4055662 0.4310325 0.4709012 0.4062292 0.3956917 0.4523988 0.4225184 0.4079408 0.4154834 0.0000000 0.4075054 0.4473885 0.3904728 0.3988044 0.3710257 0.3600829 0.4419771 0.3561665 0.4105373 0.4146431 0.3919227 0.3797552 0.3949193 0.3957869 0.4090853 0.3871455 0.3834093 0.4028370 0.3898632 0.3415280 0.5322472 0.5597970 0.5256531 0.7032506 0.9174794 0.9021161 0.9068040 0.8402083 0.8580687 0.8355954 1.0502053 0.9904225 0.7550638 0.8037772 0.7711071 0.8097100 0.8415950 0.7323319 0.7848983 0.7385775 0.7627505 0.8146496 1.0292802 0.9478874 0.8925579 0.8656870 0.8922898 0.8916040 0.8735270 0.8516155 0.8490700 0.7199086 0.7850212 0.7737156 0.8111453 0.7549308 0.8142278 0.7609351 0.8355330 0.7522125 0.8011927 0.7860622 2.6836517 2.0045809 2.0331895 2.0631520 
B.DE.10.iso4_w10.KU612900              0.8809394 1.1600622 1.2643348 1.2190116 1.1769739 1.1608555 1.1064628 1.1045401 1.1139336 1.1322904 1.1300356 1.1452383 1.1145771 1.1619332 1.1050017 1.1135783 1.1431325 1.1304743 0.6575892 0.4705963 0.4569612 0.4556972 0.4116814 0.4323114 0.3754790 0.4470066 0.4665767 0.3667973 0.3788770 0.4450162 0.3592389 0.3458232 0.3515600 0.4075054 0.0000000 0.4481263 0.4020275 0.4060505 0.3759436 0.3712156 0.4358368 0.3724903 0.4090432 0.4060088 0.3900879 0.3774848 0.3929696 0.3960946 0.3966615 0.3754854 0.3874255 0.3877879 0.3815430 0.3432086 0.5998647 0.6087881 0.5849147 0.7953421 1.0134238 0.9574116 0.9740018 0.8923143 0.9272279 0.8878410 1.1142134 1.0656122 0.8161992 0.8322333 0.8113831 0.8608330 0.8711995 0.7671946 0.8065330 0.7828907 0.7919785 0.8831670 1.0883634 1.0424965 0.9553470 0.9312787 0.9643258 0.9468814 0.9327853 0.9166225 0.9281829 0.7727357 0.8343317 0.8472120 0.8730069 0.8087334 0.8753136 0.8409320 0.8946399 0.8522872 0.8841078 0.8681168 2.7283213 2.0496482 2.1142728 2.1575483 
B.ES.14.ARP1202.KT276262               0.9242741 1.1862515 1.2883720 1.2576239 1.1990698 1.2043768 1.1528877 1.1375909 1.1834302 1.1457911 1.1517507 1.1516167 1.1218621 1.1605978 1.1126222 1.1448165 1.1755781 1.1778330 0.7203927 0.5157071 0.4802745 0.4995882 0.4541390 0.4815444 0.4508494 0.4805256 0.4458780 0.4566191 0.4455782 0.4210996 0.4628739 0.4606130 0.4586905 0.4473885 0.4481263 0.0000000 0.4457298 0.4466804 0.4307700 0.4136442 0.4196283 0.4168039 0.3943463 0.4066235 0.3827903 0.3507938 0.3635167 0.3774428 0.3851149 0.3718639 0.3639426 0.3845039 0.3717365 0.3343889 0.6448482 0.6488261 0.6192663 0.7864239 1.0422803 0.9931136 0.9800932 0.9261315 0.9539414 0.9245575 1.1573591 1.0960953 0.8575535 0.9038398 0.8665886 0.8991106 0.9281599 0.8246836 0.8537935 0.8327320 0.8469828 0.9443341 1.1399630 1.0694863 1.0072178 0.9590441 0.9930713 0.9983417 0.9951731 0.9378870 0.9411248 0.8140709 0.8846800 0.8647681 0.9086294 0.8522819 0.9196140 0.8773409 0.9302949 0.8692657 0.8967648 0.9020937 2.7945834 2.0333256 2.1063769 2.1431170 
B.BR.10.10BR_PE101.KT427697            0.8824788 1.1395168 1.2227417 1.1863302 1.1643624 1.1564810 1.0782704 1.0950750 1.1349358 1.1217056 1.1010678 1.1276384 1.0581346 1.1529128 1.0864360 1.1347083 1.1399602 1.1327451 0.6768281 0.4696918 0.4477530 0.4424591 0.4174724 0.4355747 0.3980368 0.4321229 0.4717048 0.4126820 0.4053690 0.4494462 0.4174591 0.4107796 0.4135312 0.3904728 0.4020275 0.4457298 0.0000000 0.3922603 0.3735012 0.3679564 0.4345310 0.3618374 0.4146271 0.4156172 0.3878061 0.3773995 0.3843934 0.3810368 0.4004224 0.3827529 0.3765371 0.3918486 0.3858520 0.3366719 0.5880967 0.5843758 0.5737142 0.7626617 0.9836205 0.9320311 0.9462614 0.8808403 0.9051776 0.8729995 1.1413412 1.0507614 0.7930898 0.8540155 0.8117470 0.8578057 0.8646780 0.7579808 0.8028513 0.7645044 0.7815896 0.8691955 1.0822570 1.0326584 0.9442546 0.9107605 0.9476801 0.9538659 0.9460699 0.9109563 0.9132985 0.7785760 0.8367163 0.8482110 0.8578387 0.7994302 0.8552560 0.8433475 0.8880116 0.8267356 0.8576192 0.8529573 2.7038811 2.0471612 2.1102041 2.1452043 
B.BR.02.02BR2041.JN692443              0.9067581 1.1351697 1.2268842 1.1983103 1.1746849 1.1464729 1.1080280 1.0762067 1.1229519 1.1131873 1.1052276 1.1502481 1.0816022 1.1328458 1.1139172 1.1280192 1.1488441 1.1323086 0.5885228 0.3815383 0.4617042 0.3786524 0.4388021 0.3585368 0.4186691 0.3494762 0.4775565 0.4183894 0.4097813 0.4456055 0.4283896 0.4214884 0.4203051 0.3988044 0.4060505 0.4466804 0.3922603 0.0000000 0.3331346 0.3272536 0.4478779 0.3429073 0.4310041 0.4222763 0.4014662 0.3855606 0.4078549 0.3981211 0.4063094 0.3953645 0.3885622 0.4074909 0.3869239 0.3592816 0.5792578 0.6116819 0.5822790 0.7679801 0.9676625 0.9603715 0.9581038 0.8608591 0.8930534 0.8913435 1.1318082 1.0636518 0.7873650 0.8261373 0.8127917 0.8426181 0.8861865 0.7820480 0.8118570 0.7915579 0.7942062 0.8714142 1.1209606 1.0417945 0.9620840 0.9449316 0.9677730 0.9799775 0.9481131 0.9353633 0.9256967 0.7653046 0.8618172 0.8254133 0.8760256 0.8088273 0.8742640 0.8242960 0.8877051 0.8273914 0.8587176 0.8419221 2.7269053 2.0325321 2.0768721 2.1161706 
