100
02A1.GH.97.97GH_AG2.AB052867           0.0000000 0.3721640 0.4280449 0.5215213 0.5713107 0.6014022 0.6072871 0.5338721 0.5198599 0.5467666 0.5588685 0.4988572 0.5016397 0.5782920 0.8368869 0.8040862 0.8389951 0.8196298 0.8431832 0.8508238 0.8424313 0.7999095 0.8547846 0.8766392 0.9348626 0.9137928 0.7881072 0.8246411 0.8544504 0.7852359 0.7999509 0.5494790 0.6044222 0.6071124 0.6537767 0.7862029 0.6542405 0.6352264 0.7113375 0.6075526 0.6547945 0.7253604 0.8106574 0.5408743 0.5095720 0.4763935 0.4503904 0.7628457 0.7739426 0.8203548 0.8558750 0.8447476 0.8812090 0.8476138 0.7507389 0.8151926 0.7634623 0.7746160 0.7710975 0.7972323 0.7765089 0.7291915 0.7892263 0.8531295 0.8495562 0.7801566 0.8255517 0.8024488 0.7998208 0.7886080 0.7953574 0.8193170 0.7708860 0.7740575 0.7632375 0.8257807 1.0678221 0.8649041 0.7942365 0.8361089 0.8215180 0.7502375 0.7451086 0.7273345 0.7053400 0.6634939 0.7826561 0.6165444 0.4889523 0.4216649 0.3832833 0.5499471 0.3366331 0.3276168 0.3472296 0.4287686 1.7917215 1.8515734 1.7509881 2.3778260 
02A.CI.16.DEURF16CI011.MH078538        0.3721640 0.0000000 0.5013229 0.5840001 0.6394244 0.6722219 0.6971835 0.6125691 0.5961721 0.6192402 0.6321377 0.5749918 0.5902142 0.6447577 0.9177303 0.8865941 0.9602574 0.8845531 0.8795788 0.9092846 0.9328558 0.8832929 0.9134009 0.9733095 1.0123491 0.9946674 0.8558161 0.9052302 0.9218164 0.8885400 0.8895491 0.5923462 0.6859703 0.6836080 0.7312905 0.8717198 0.7218322 0.7156420 0.7849745 0.6941900 0.7274604 0.8195498 0.8875159 0.6179452 0.5947799 0.5541117 0.5259747 0.8509557 0.8603451 0.8983996 0.9269134 0.9207598 0.9590466 0.9045018 0.8343146 0.8908060 0.8552826 0.8604975 0.8812535 0.8749680 0.8686307 0.8068597 0.8645498 0.9213449 0.9031225 0.8775780 0.9318425 0.9091864 0.9093804 0.8895757 0.8797080 0.8912168 0.8747845 0.8736765 0.8425443 0.8949473 1.1482344 0.9392394 0.8589156 0.9315677 0.8987449 0.8459598 0.8261427 0.8111601 0.7863928 0.7422955 0.8720470 0.6729656 0.5525938 0.4896518 0.4395992 0.6112627 0.3956621 0.3987164 0.4001191 0.4989424 1.8335375 1.8866041 1.8583911 2.5439561 
AGU.CM.06.770_8.MH705142               0.4280449 0.5013229 0.0000000 0.4943390 0.5642487 0.6080888 0.6262761 0.5521399 0.5449420 0.5702468 0.5733716 0.5213465 0.5228194 0.6120655 0.8587414 0.8386846 0.8960569 0.8478997 0.8461093 0.8619461 0.8845012 0.8412810 0.8681026 0.9139535 0.9705737 0.9456162 0.8050278 0.8336549 0.8543226 0.8314636 0.8396581 0.5575898 0.6162656 0.6137798 0.6552933 0.8181133 0.6562824 0.6462972 0.7355435 0.6209363 0.6570802 0.7632547 0.8425028 0.5375476 0.5371710 0.5061081 0.4753050 0.7909567 0.8101104 0.8455884 0.8966967 0.8746283 0.9093529 0.8480490 0.8044204 0.8209438 0.7977924 0.8007445 0.8202976 0.8140341 0.8110142 0.7507011 0.8255760 0.8861512 0.8298025 0.8330296 0.8274294 0.8165641 0.8214702 0.8300728 0.8113166 0.8241919 0.8096944 0.7985918 0.7731855 0.8572118 1.0927351 0.8601347 0.8041640 0.8470254 0.8439317 0.7618327 0.7707346 0.7416434 0.7166000 0.6650043 0.8226666 0.6183238 0.5368531 0.5029860 0.4768469 0.6565921 0.4442350 0.4331751 0.4420611 0.5316899 1.9225454 1.9406968 1.8548961 2.5745786 
G.NG.92.92NG083_JV10832.U88826         0.5215213 0.5840001 0.4943390 0.0000000 0.3407262 0.3885352 0.3875461 0.6612686 0.6326451 0.6714065 0.6633990 0.6197467 0.6258509 0.6986668 0.9722093 0.9157802 0.9726742 0.9459453 0.9401189 0.9384102 0.9633825 0.9324878 0.9621170 1.0009458 1.0521718 1.0318399 0.8819652 0.9178716 0.9584549 0.9414175 0.8976914 0.6278570 0.7028748 0.6931649 0.7363086 0.8881573 0.7365945 0.7272126 0.8181285 0.7021642 0.7455773 0.8280802 0.8930265 0.6215022 0.6073410 0.5855253 0.5511316 0.8584680 0.8746240 0.9311305 0.9786147 0.9518451 0.9988694 0.9445521 0.8666021 0.9172815 0.8949815 0.8977083 0.8899365 0.9115343 0.8821017 0.8441162 0.8834353 0.9401291 0.9333116 0.9141080 0.9417975 0.9278383 0.9428132 0.9129485 0.9085315 0.8990378 0.9030387 0.8854358 0.8496870 0.9446609 1.1763557 0.9759145 0.8808915 0.9248575 0.9142589 0.8713345 0.8616618 0.8208789 0.7976792 0.7507438 0.8774794 0.7174401 0.6310049 0.5896380 0.5732678 0.7456434 0.5325951 0.5238896 0.5401202 0.6462819 1.9343213 2.0306703 1.9644960 2.6267442 
G.NG.09.09NG010261.KX389626            0.5713107 0.6394244 0.5642487 0.3407262 0.0000000 0.4535585 0.4565279 0.6983147 0.6890634 0.7087743 0.7179346 0.6735430 0.6718548 0.7491493 1.0209308 0.9633102 1.0390061 0.9676869 0.9725383 1.0131120 1.0068627 0.9739986 1.0090411 1.0653776 1.0872721 1.0861086 0.9133330 0.9793048 0.9950841 0.9942120 0.9842911 0.6933978 0.7688305 0.7713799 0.8079895 0.9396630 0.8011985 0.7939859 0.8895073 0.7728854 0.8140404 0.8937055 0.9488593 0.6816142 0.6916271 0.6350838 0.6025426 0.9139523 0.9208702 0.9284888 0.9939155 0.9757225 1.0204704 0.9638725 0.8974998 0.9508603 0.9325601 0.9345578 0.9202168 0.9367170 0.9123811 0.8686750 0.9415734 0.9783291 0.9789594 0.9447840 0.9551664 0.9233708 0.9543049 0.9214467 0.9268543 0.9492779 0.9246026 0.9086937 0.8930094 0.9688242 1.1982920 1.0176726 0.9123206 0.9753891 0.9692791 0.9033190 0.8783746 0.8532253 0.8443489 0.7868697 0.9426908 0.7681789 0.6865360 0.6550939 0.6347562 0.7876855 0.6055532 0.5881278 0.5901736 0.6865607 2.0540146 2.1621642 2.0253365 2.6493112 
01F2G.CM.02.LT31.JN864056              0.6014022 0.6722219 0.6080888 0.3885352 0.4535585 0.0000000 0.4061303 0.7454219 0.7272731 0.7548394 0.7531148 0.7114129 0.7020547 0.7815068 1.0696177 0.9950473 1.0545554 1.0443432 1.0486685 1.0381075 1.0362415 1.0078735 1.0374554 1.1089028 1.1571661 1.0902336 0.9628376 0.9991964 1.0420457 1.0115287 1.0092790 0.7315641 0.8110534 0.8005498 0.8381446 1.0040323 0.8296746 0.8451727 0.8878376 0.8134159 0.8423680 0.9397824 1.0158132 0.7400736 0.7166361 0.6683642 0.6449046 0.9479947 0.9565862 1.0095008 1.0318377 1.0200225 1.0523191 1.0161693 0.9410430 0.9930857 0.9631127 0.9679205 0.9613041 0.9865926 0.9636837 0.9232712 0.9838979 1.0459011 1.0114815 0.9741993 0.9969118 0.9994958 1.0045095 0.9777760 0.9936134 0.9776395 0.9510231 0.9409808 0.9040378 1.0172700 1.2218414 1.0592065 0.9822174 1.0233695 1.0292275 0.9212451 0.9216629 0.8912837 0.8866533 0.8558575 0.9847805 0.8275978 0.7324913 0.6726987 0.6462995 0.8275670 0.6188040 0.6098457 0.6459331 0.7207427 1.9928233 2.0519308 1.9899575 2.8043436 
BCG.ES.15.100_119.KY496623             0.6072871 0.6971835 0.6262761 0.3875461 0.4565279 0.4061303 0.0000000 0.7500624 0.7440001 0.7731574 0.7770534 0.7231147 0.7033052 0.7962995 1.0599212 1.0043410 1.0894325 1.0546565 1.0278310 1.0605748 1.0680186 1.0246922 1.0571195 1.1149470 1.1838121 1.1384813 0.9687848 1.0289658 1.0746731 1.0668351 1.0297765 0.7323512 0.8097631 0.7914922 0.8356442 1.0178156 0.8486455 0.8343977 0.8952551 0.8161601 0.8387742 0.8899493 1.0257074 0.7416181 0.7318261 0.6974347 0.6438978 0.9387039 0.9469462 0.9991096 1.0606782 1.0022812 1.0806463 0.9910520 0.9392126 1.0177460 0.9758580 0.9735994 0.9607033 0.9825257 0.9691898 0.9011958 0.9860473 1.0344420 1.0334835 0.9963325 1.0124107 0.9932393 1.0122804 0.9992223 0.9808753 0.9771412 0.9652501 0.9555749 0.9377653 0.9980791 1.2760690 1.0638876 0.9820302 1.0241049 1.0144420 0.9320198 0.9282094 0.9036246 0.8880542 0.8570923 0.9514648 0.8347809 0.7410806 0.6945120 0.6655762 0.8648391 0.6303536 0.6201844 0.6487552 0.7394019 2.0264240 2.1477463 2.0345714 2.8221169 
A1.KE.06.06KECst_028.FJ623479          0.5338721 0.6125691 0.5521399 0.6612686 0.6983147 0.7454219 0.7500624 0.0000000 0.3107026 0.4077993 0.4132910 0.3646130 0.3997756 0.4860799 0.7500908 0.7291831 0.7789050 0.7395069 0.7302884 0.7662532 0.7583547 0.7125294 0.7675498 0.8285716 0.8512920 0.8453138 0.7161091 0.7165142 0.7492856 0.7174707 0.7165559 0.4543619 0.5679979 0.5784615 0.6132063 0.7503944 0.5964699 0.6161852 0.6896416 0.5846446 0.6155926 0.7115984 0.7878330 0.4964977 0.4694029 0.4464571 0.5149870 0.8444323 0.8521069 0.9069009 0.9257841 0.9165668 0.9489883 0.9186571 0.8542995 0.8993268 0.8497846 0.8852077 0.8705841 0.8863788 0.8500145 0.8167881 0.8767484 0.9373849 0.9000026 0.9017897 0.9218910 0.9265623 0.9200180 0.8810502 0.8889236 0.9045159 0.8741498 0.8638894 0.8390927 0.9107340 1.1878840 0.9488000 0.8763283 0.9013253 0.9238548 0.8420378 0.8196323 0.8082605 0.7728707 0.7376720 0.8266200 0.6640190 0.6526520 0.5992266 0.5903427 0.7294123 0.5445237 0.5390960 0.5499671 0.6470191 1.9289824 1.9825918 1.9056058 2.6889747 
A1.KE.06.06KECst_013.FJ623485          0.5198599 0.5961721 0.5449420 0.6326451 0.6890634 0.7272731 0.7440001 0.3107026 0.0000000 0.3922562 0.4110240 0.3573055 0.3867772 0.4735435 0.7533368 0.7210988 0.7678640 0.7247390 0.7329931 0.7406966 0.7346164 0.7085277 0.7364541 0.8012296 0.8640567 0.8333750 0.6929065 0.7145956 0.7247708 0.7112672 0.6966395 0.4362722 0.5536725 0.5526425 0.5909987 0.7421330 0.5831133 0.5925370 0.6610848 0.5687786 0.5924841 0.6955897 0.7896284 0.4894218 0.4563937 0.4376062 0.4841056 0.8330948 0.8312602 0.9027786 0.9144149 0.9228348 0.9309658 0.8999270 0.8373549 0.8778515 0.8546249 0.8586383 0.8564184 0.8685956 0.8388439 0.7973622 0.8704141 0.9212796 0.8971270 0.8844773 0.8976146 0.9011562 0.8962269 0.8862775 0.8763064 0.8727644 0.8692736 0.8369087 0.8296319 0.8897557 1.1554247 0.9076592 0.8585667 0.9030579 0.8916433 0.8390459 0.8012793 0.7860838 0.7575343 0.7124844 0.8506570 0.6797209 0.6282169 0.5939286 0.5671139 0.7545076 0.5503404 0.5328469 0.5562447 0.6435035 1.8876584 1.9563345 1.8582758 2.6177683 
35_AD.AF.06.007H.GQ477450              0.5467666 0.6192402 0.5702468 0.6714065 0.7087743 0.7548394 0.7731574 0.4077993 0.3922562 0.0000000 0.4364511 0.3883279 0.4163375 0.5082048 0.7678509 0.7445525 0.8020970 0.7712393 0.7767090 0.7727136 0.7886744 0.7521908 0.7872382 0.8324651 0.8944838 0.8652454 0.7383219 0.7579557 0.7847193 0.7534773 0.7542628 0.4665197 0.5780665 0.5749941 0.6229529 0.7796900 0.6044930 0.6212044 0.6817101 0.5981533 0.6361062 0.7112238 0.8025752 0.5115623 0.4938206 0.4543348 0.5270214 0.8630941 0.8580331 0.9028276 0.9161521 0.9407903 0.9728567 0.9173101 0.8572705 0.8984437 0.8747054 0.8773142 0.8725395 0.8860322 0.8578899 0.7950209 0.8738170 0.9197648 0.9334332 0.8920269 0.9088430 0.9164558 0.9074194 0.8825713 0.8821341 0.8909219 0.8717143 0.8561480 0.8382851 0.9191716 1.1694446 0.9507478 0.8927916 0.9315689 0.9033454 0.8615147 0.8289724 0.8099124 0.7856251 0.7579434 0.8721420 0.7153131 0.6679257 0.6219288 0.5882103 0.8080692 0.5786556 0.5681711 0.5857518 0.6744217 1.9428089 1.9763178 1.9333009 2.7480297 
A1.CY.07.CY208.JF683760                0.5588685 0.6321377 0.5733716 0.6633990 0.7179346 0.7531148 0.7770534 0.4132910 0.4110240 0.4364511 0.0000000 0.2388577 0.4174751 0.4932054 0.7846587 0.7301423 0.7889774 0.7606578 0.7406794 0.7807284 0.7483894 0.7386205 0.7670254 0.8161257 0.8892911 0.8514457 0.7163012 0.7414014 0.7401575 0.7276946 0.7150834 0.4748744 0.5794338 0.5893333 0.6203730 0.7776722 0.6207930 0.6085841 0.7006423 0.5961982 0.6319310 0.7251536 0.8038211 0.5102477 0.4811280 0.4519696 0.5195904 0.8921176 0.8732159 0.9247937 0.9500416 0.9535938 0.9904358 0.9337345 0.8728152 0.9152738 0.8763966 0.8722274 0.8788295 0.8910408 0.8831520 0.8262145 0.9061611 0.9362909 0.9145669 0.9118672 0.9401741 0.9341450 0.9313579 0.8944817 0.9202933 0.9139682 0.9067644 0.8818113 0.8548915 0.9382215 1.1972985 0.9513857 0.9051771 0.9548640 0.9069552 0.8576482 0.8544370 0.8039811 0.8175361 0.7378735 0.8474684 0.6921178 0.6709958 0.6111846 0.5926601 0.7690362 0.5795815 0.5688298 0.5847344 0.6815867 1.9653820 2.0173220 1.9271342 2.6752832 
A1.CY.05.CY051.FJ388903                0.4988572 0.5749918 0.5213465 0.6197467 0.6735430 0.7114129 0.7231147 0.3646130 0.3573055 0.3883279 0.2388577 0.0000000 0.3628187 0.4563881 0.7347003 0.6937373 0.7475309 0.7112473 0.7079820 0.7281304 0.7163744 0.6842604 0.7200830 0.7749549 0.8494746 0.8201243 0.6813507 0.7040514 0.7220644 0.7060510 0.6931285 0.4075514 0.5279115 0.5350767 0.5664673 0.7202095 0.5650492 0.5750096 0.6361673 0.5477137 0.5724785 0.6614061 0.7627748 0.4562504 0.4318887 0.4052924 0.4730254 0.8298484 0.8064834 0.8889272 0.9143591 0.8907584 0.9362022 0.8753907 0.8126334 0.8643956 0.8133811 0.8340004 0.8245261 0.8351007 0.8188563 0.7788248 0.8489420 0.8831979 0.8604674 0.8688693 0.8688288 0.8812693 0.8616251 0.8442810 0.8417133 0.8537330 0.8437840 0.8261625 0.7998222 0.8777516 1.1016688 0.8825887 0.8434288 0.8961244 0.8585446 0.8128386 0.7679939 0.7682594 0.7562322 0.6881117 0.8102829 0.6498932 0.6084633 0.5635268 0.5499272 0.7212758 0.5327403 0.5112133 0.5344766 0.6215037 1.8910383 1.9591530 1.9169679 2.6778300 
A1.UG.11.DEMA110UG001.KF859745         0.5016397 0.5902142 0.5228194 0.6258509 0.6718548 0.7020547 0.7033052 0.3997756 0.3867772 0.4163375 0.4174751 0.3628187 0.0000000 0.4543238 0.7189487 0.6981041 0.7492289 0.7035157 0.7121107 0.7421677 0.7239712 0.6915732 0.7182237 0.7757676 0.8194716 0.7919100 0.6895978 0.7154004 0.7294488 0.6837604 0.6790523 0.4244760 0.5391188 0.5430964 0.5780467 0.7609087 0.5857587 0.5993713 0.6592252 0.5573610 0.5908398 0.6880385 0.7550339 0.4735407 0.4509049 0.4112933 0.4837621 0.8543260 0.8356115 0.8759679 0.9095731 0.8984015 0.9283053 0.8934561 0.8354718 0.8791764 0.8464431 0.8468235 0.8259483 0.8626203 0.8274365 0.7910979 0.8432699 0.9005115 0.8751713 0.8573743 0.8801049 0.8605739 0.8741391 0.8607181 0.8465222 0.8547507 0.8604388 0.8371910 0.7972782 0.8896149 1.1343357 0.9130641 0.8409923 0.8770668 0.8776535 0.8225274 0.7771183 0.7581958 0.7150440 0.6994648 0.7907241 0.6520237 0.6142820 0.5606281 0.5383302 0.7225743 0.5257629 0.5109934 0.5321912 0.6161176 1.8747065 1.9954046 1.8943049 2.6497650 
A1C.UG.99.99UGF25926.AF484491          0.5782920 0.6447577 0.6120655 0.6986668 0.7491493 0.7815068 0.7962995 0.4860799 0.4735435 0.5082048 0.4932054 0.4563881 0.4543238 0.0000000 0.6569365 0.6032229 0.6733363 0.6187435 0.6209966 0.6332269 0.6382127 0.5911670 0.6409782 0.6976748 0.7425647 0.7027625 0.5760540 0.6006207 0.6273560 0.6075991 0.5960944 0.4714199 0.6015581 0.6022348 0.6472363 0.7808794 0.6352906 0.6381142 0.7045204 0.6232372 0.6563104 0.7665916 0.8378914 0.5318493 0.5191738 0.4779067 0.5464058 0.9006947 0.8957514 0.9339333 0.9652545 0.9666383 0.9933939 0.9621588 0.8809973 0.9173337 0.8993101 0.9026332 0.8667845 0.9038409 0.8764393 0.8466784 0.8970171 0.9532959 0.9433461 0.9016212 0.9371422 0.9235210 0.9091906 0.9050717 0.9043992 0.9148073 0.8894688 0.8928329 0.8770947 0.9272712 1.1591677 0.9548014 0.8900069 0.9676014 0.9539058 0.8722499 0.8317010 0.8384919 0.8084196 0.7808853 0.8908036 0.7212795 0.6894571 0.6554750 0.6225952 0.7824507 0.6023170 0.5719938 0.5881007 0.6687389 1.9259488 2.0237112 1.9193778 2.5601598 
A1C.IN.15.SC017.KY713232               0.8368869 0.9177303 0.8587414 0.9722093 1.0209308 1.0696177 1.0599212 0.7500908 0.7533368 0.7678509 0.7846587 0.7347003 0.7189487 0.6569365 0.0000000 0.6355490 0.7060665 0.6555269 0.6580285 0.6762763 0.6678481 0.6305747 0.6725095 0.7301717 0.7737773 0.7461862 0.5991653 0.6323302 0.6656441 0.6243247 0.6455292 0.7476609 0.8713837 0.8691911 0.9067355 1.0648737 0.9334438 0.9135306 0.9735158 0.9022359 0.9418534 1.0242930 1.0856156 0.8350884 0.7879182 0.7490611 0.8127594 1.1628286 1.1472098 1.2281070 1.2207672 1.2195549 1.2568552 1.2009856 1.1318147 1.1731361 1.1753784 1.1659080 1.2080867 1.1473419 1.1442732 1.1168545 1.2048275 1.2768628 1.2092548 1.1901248 1.1926399 1.2011223 1.1675628 1.1855749 1.1788924 1.2058606 1.1674101 1.1449870 1.1322778 1.1966695 1.4732676 1.1966847 1.1660415 1.2266898 1.1897002 1.1880325 1.1308230 1.1008591 1.0902287 1.0424788 1.1641844 0.9762153 0.9541750 0.9357708 0.8933056 1.0347356 0.8825593 0.8462149 0.8533431 0.9453218 2.2002542 2.2761081 2.2283253 2.9838764 
C.IL.99.99ET14.AY255825                0.8040862 0.8865941 0.8386846 0.9157802 0.9633102 0.9950473 1.0043410 0.7291831 0.7210988 0.7445525 0.7301423 0.6937373 0.6981041 0.6032229 0.6355490 0.0000000 0.4171927 0.4131836 0.4093619 0.4345479 0.4330370 0.3907500 0.4389209 0.5016479 0.5301775 0.5102427 0.3765083 0.4043028 0.4250231 0.3855894 0.3837198 0.7121048 0.8399944 0.8527138 0.8857735 1.0486178 0.8652471 0.8804151 0.9641235 0.8581654 0.9120878 0.9534747 1.0297533 0.7619885 0.7758410 0.7204408 0.7687987 1.0911139 1.1161372 1.1322745 1.1645390 1.1845667 1.2090411 1.1843371 1.0875872 1.1187074 1.0898752 1.1416241 1.1037928 1.1197260 1.0908448 1.0662364 1.1418790 1.1844607 1.1505125 1.1311323 1.1783214 1.1910325 1.1593402 1.1461592 1.1299382 1.1222111 1.1013787 1.0944921 1.0728105 1.1564167 1.4471513 1.1911280 1.1347924 1.1877089 1.1702542 1.0965193 1.0532499 1.0725022 1.0512658 1.0156059 1.1029638 0.9214460 0.9227773 0.9321149 0.8508974 1.0000128 0.8290360 0.8122738 0.8339884 0.9463730 2.1044894 2.1833738 2.1864682 2.8414936 
C.SE.09.035ZA.MF373148                 0.8389951 0.9602574 0.8960569 0.9726742 1.0390061 1.0545554 1.0894325 0.7789050 0.7678640 0.8020970 0.7889774 0.7475309 0.7492289 0.6733363 0.7060665 0.4171927 0.0000000 0.4762231 0.4638714 0.4972391 0.4859706 0.4467704 0.4961800 0.5558409 0.5926555 0.5524158 0.4300865 0.4635373 0.4790180 0.4333671 0.4303110 0.7723556 0.8875513 0.8786541 0.9116323 1.0977267 0.8976676 0.9038504 0.9711932 0.9057096 0.9396560 1.0290030 1.0924139 0.8418742 0.8251265 0.7662115 0.8315775 1.1627877 1.1921680 1.2297198 1.2506204 1.2379698 1.2840957 1.2356847 1.1700418 1.1960423 1.1967141 1.1914117 1.1930856 1.1739402 1.1566582 1.1344027 1.1993364 1.2665578 1.2325115 1.1908378 1.2438760 1.2337024 1.2440461 1.1585065 1.2409735 1.2104478 1.1853993 1.1745566 1.1501006 1.2343353 1.5198700 1.2786199 1.1764671 1.2518844 1.2213116 1.1792819 1.1576811 1.1525951 1.0952325 1.0451241 1.1494836 1.0026353 0.9999660 0.9579654 0.9152737 1.0604952 0.8813743 0.8558567 0.8784166 0.9782077 2.1978674 2.2604515 2.2004745 3.0461318 
C.ZA.04.04ZASK135B1.DQ011166           0.8196298 0.8845531 0.8478997 0.9459453 0.9676869 1.0443432 1.0546565 0.7395069 0.7247390 0.7712393 0.7606578 0.7112473 0.7035157 0.6187435 0.6555269 0.4131836 0.4762231 0.0000000 0.3197878 0.3414678 0.3541809 0.3276133 0.3738742 0.4606162 0.4866482 0.4675830 0.3295068 0.3981654 0.4235017 0.3773641 0.3816523 0.7203787 0.8554241 0.8506857 0.8876470 1.0447593 0.8659650 0.8728899 0.9401564 0.8632469 0.8921200 0.9704033 1.0788822 0.7838325 0.7828477 0.7191253 0.7939981 1.1404057 1.1501741 1.1787333 1.1902622 1.1796451 1.2387727 1.2558906 1.1390142 1.1524882 1.1272769 1.1354669 1.1294067 1.1509863 1.1198028 1.0853590 1.1615976 1.2334134 1.1915891 1.1439245 1.2244560 1.2056690 1.1832925 1.1907105 1.1798053 1.1745082 1.1652543 1.1280758 1.1158986 1.2146339 1.4539246 1.1995994 1.1561196 1.2108900 1.1761322 1.1609821 1.1030729 1.0985901 1.0626508 1.0173322 1.1283983 0.9634963 0.9479488 0.8931801 0.8700641 1.0100908 0.8582191 0.8384055 0.8503414 0.9291425 2.1896555 2.2899089 2.2128988 2.9439242 
C.ZA.03.03ZAPS130MB1.DQ275658          0.8431832 0.8795788 0.8461093 0.9401189 0.9725383 1.0486685 1.0278310 0.7302884 0.7329931 0.7767090 0.7406794 0.7079820 0.7121107 0.6209966 0.6580285 0.4093619 0.4638714 0.3197878 0.0000000 0.2913461 0.3628322 0.3360412 0.3850231 0.4625710 0.4932537 0.4734207 0.3359589 0.4055480 0.4264600 0.3912991 0.3818534 0.7284407 0.8498145 0.8542744 0.8585270 1.0186701 0.8674840 0.8790452 0.9418473 0.8543742 0.8910240 0.9763157 1.0830566 0.8073111 0.7630802 0.7185857 0.8066417 1.1371579 1.1204780 1.1648011 1.2037379 1.2101848 1.2659334 1.2189701 1.1226726 1.1551858 1.1487246 1.1561997 1.1479314 1.1456874 1.1492731 1.1216032 1.1592593 1.2464415 1.1872708 1.1595802 1.2057353 1.2003142 1.1914310 1.1906700 1.2016847 1.1845100 1.1623511 1.1592506 1.1319301 1.2174756 1.4911999 1.2155668 1.1620186 1.2154540 1.1766908 1.1398423 1.1173695 1.0781795 1.0548659 1.0088832 1.1174495 0.9556408 0.9547514 0.9253881 0.8870695 1.0040671 0.8544785 0.8348418 0.8467989 0.9339747 2.2507394 2.2903561 2.1617094 2.8804345 
C.ZA.97.97ZA012.AF286227               0.8508238 0.9092846 0.8619461 0.9384102 1.0131120 1.0381075 1.0605748 0.7662532 0.7406966 0.7727136 0.7807284 0.7281304 0.7421677 0.6332269 0.6762763 0.4345479 0.4972391 0.3414678 0.2913461 0.0000000 0.3975539 0.3506955 0.4033988 0.4866904 0.5101775 0.4788687 0.3598102 0.4380493 0.4572836 0.4180172 0.4150822 0.7407856 0.8818751 0.8854835 0.9100590 1.0803740 0.8928350 0.8995761 0.9909200 0.8836670 0.9217119 1.0177050 1.1081358 0.8194650 0.8037214 0.7342166 0.8138698 1.1388567 1.1508799 1.1649600 1.2121875 1.2095266 1.2707294 1.2109862 1.1360291 1.1963184 1.1662659 1.1587480 1.1480131 1.1421061 1.1776589 1.1213130 1.1624342 1.2604972 1.1994654 1.1717645 1.2237351 1.2096918 1.1908890 1.2120366 1.2034584 1.1889533 1.1679820 1.1471967 1.1316118 1.2160298 1.4830147 1.2386956 1.1770998 1.2460921 1.2149072 1.1602075 1.1328390 1.1172499 1.0899000 1.0382499 1.1433465 0.9811145 0.9544611 0.9475468 0.9025661 1.0488969 0.8830213 0.8696734 0.8824569 0.9498967 2.2100080 2.2655278 2.2008685 2.9682029 
C.BW.98.98BWMC14A3.AF443078            0.8424313 0.9328558 0.8845012 0.9633825 1.0068627 1.0362415 1.0680186 0.7583547 0.7346164 0.7886744 0.7483894 0.7163744 0.7239712 0.6382127 0.6678481 0.4330370 0.4859706 0.3541809 0.3628322 0.3975539 0.0000000 0.3457688 0.3902542 0.4735199 0.4966216 0.4779462 0.3490370 0.4238785 0.4404353 0.4017102 0.3976897 0.7480818 0.8702965 0.8705656 0.9049768 1.0585658 0.8828244 0.8991129 0.9740961 0.8671355 0.9186123 0.9967900 1.0923563 0.8033923 0.8104717 0.7295542 0.8222697 1.1470773 1.1371392 1.1895779 1.1977762 1.1838044 1.2625807 1.2332801 1.1364211 1.1730894 1.1663987 1.1527589 1.1735994 1.1830899 1.1614755 1.1328495 1.1693498 1.2311987 1.2051171 1.1735399 1.2299648 1.2233641 1.2039634 1.2079035 1.2052926 1.1704638 1.1570222 1.1576221 1.1441974 1.2172233 1.4662022 1.2381717 1.1790401 1.2606734 1.2084036 1.1569888 1.1042590 1.1238390 1.0931897 1.0290118 1.1460422 0.9752658 0.9936128 0.9446444 0.9094441 1.0608148 0.8703068 0.8745251 0.8938628 0.9492728 2.2524713 2.2829371 2.2441574 2.9355146 
C.ZA.99.99ZALT4.EU293444               0.7999095 0.8832929 0.8412810 0.9324878 0.9739986 1.0078735 1.0246922 0.7125294 0.7085277 0.7521908 0.7386205 0.6842604 0.6915732 0.5911670 0.6305747 0.3907500 0.4467704 0.3276133 0.3360412 0.3506955 0.3457688 0.0000000 0.2895737 0.4393205 0.4630989 0.4485788 0.3042640 0.3829560 0.4010571 0.3655021 0.3590296 0.7144747 0.8318555 0.8216606 0.8591243 0.9947309 0.8337736 0.8507893 0.9288101 0.8359393 0.8850853 0.9465801 1.0681619 0.7659956 0.7729919 0.7110087 0.7851923 1.1030794 1.1002629 1.1397695 1.1581545 1.1411160 1.2157995 1.1812922 1.0895105 1.1664004 1.1090286 1.1406382 1.1389140 1.1341206 1.1008352 1.0854815 1.1234417 1.1933497 1.1440056 1.1322307 1.1988238 1.1896200 1.1811768 1.1694805 1.1552123 1.1909698 1.1140395 1.1306961 1.0883254 1.1647229 1.4419718 1.1887037 1.1409900 1.2060375 1.1554091 1.1304011 1.0909296 1.0729762 1.0495335 1.0058429 1.1132724 0.9389870 0.9262972 0.9133365 0.8928093 0.9943580 0.8275583 0.8211834 0.8516876 0.9199271 2.1636175 2.2339906 2.2215762 2.9704782 
C.ZA.02.02ZAPS015MB1.DQ369995          0.8547846 0.9134009 0.8681026 0.9621170 1.0090411 1.0374554 1.0571195 0.7675498 0.7364541 0.7872382 0.7670254 0.7200830 0.7182237 0.6409782 0.6725095 0.4389209 0.4961800 0.3738742 0.3850231 0.4033988 0.3902542 0.2895737 0.0000000 0.4800357 0.5161418 0.4861340 0.3537635 0.4195159 0.4426626 0.4093043 0.4050282 0.7364945 0.8696861 0.8646315 0.9088294 1.0566233 0.8916621 0.8862331 0.9700951 0.8729896 0.9363146 1.0020878 1.1035328 0.8204169 0.8066718 0.7492656 0.8107335 1.1528168 1.1481769 1.1686959 1.2138424 1.1929706 1.2624560 1.2418628 1.1287726 1.1817791 1.1403846 1.1766284 1.1741992 1.1707100 1.1558048 1.1213786 1.1720811 1.2361964 1.2038301 1.1940512 1.2201406 1.2344959 1.1890374 1.2077898 1.1992183 1.1866692 1.1850514 1.1525474 1.1242893 1.1826827 1.4278983 1.2258768 1.1603092 1.2161890 1.2007195 1.1539751 1.1033459 1.1036243 1.0981053 1.0358279 1.1324122 0.9701991 0.9758520 0.9305021 0.8956671 1.0377862 0.8695689 0.8270610 0.8854757 0.9694675 2.2559330 2.3018975 2.2849257 3.0359763 
C.GB.14.13659_1_48.3.MF109437          0.8766392 0.9733095 0.9139535 1.0009458 1.0653776 1.1089028 1.1149470 0.8285716 0.8012296 0.8324651 0.8161257 0.7749549 0.7757676 0.6976748 0.7301717 0.5016479 0.5558409 0.4606162 0.4625710 0.4866904 0.4735199 0.4393205 0.4800357 0.0000000 0.5312422 0.5129838 0.4257730 0.4918334 0.5011639 0.4714165 0.4739328 0.7859267 0.9209587 0.9003596 0.9471416 1.0934088 0.9260462 0.9399019 0.9909170 0.9111265 0.9445097 1.0371498 1.1420251 0.8342484 0.8333872 0.7973695 0.8743213 1.1800693 1.1823767 1.2312858 1.2356971 1.2282187 1.2686710 1.2398522 1.1553908 1.2152463 1.1610577 1.2054503 1.1762743 1.1965778 1.1859719 1.1344634 1.2012027 1.2637873 1.2315813 1.2053957 1.2443279 1.2286924 1.2331376 1.2095755 1.2311913 1.2073138 1.1910529 1.2080202 1.1247437 1.2752886 1.4517292 1.2954607 1.2045876 1.2572412 1.2231103 1.1865605 1.1381390 1.1465589 1.1224312 1.0850416 1.1798255 1.0214627 1.0192395 0.9876328 0.9525680 1.0795160 0.9187422 0.9178169 0.9223158 1.0221894 2.2945679 2.3663702 2.2969073 3.0045358 
BC.CN.07.07CNYN340.KF835526            0.9348626 1.0123491 0.9705737 1.0521718 1.0872721 1.1571661 1.1838121 0.8512920 0.8640567 0.8944838 0.8892911 0.8494746 0.8194716 0.7425647 0.7737773 0.5301775 0.5926555 0.4866482 0.4932537 0.5101775 0.4966216 0.4630989 0.5161418 0.5312422 0.0000000 0.3780530 0.4452368 0.5269582 0.5231429 0.5086003 0.5110023 0.8426369 0.9754087 0.9614502 0.9994401 1.1597533 1.0045198 1.0087502 1.1075729 0.9805773 1.0311722 1.0897654 1.2005245 0.9148223 0.9041096 0.8497799 0.9088970 1.2666984 1.2559098 1.2954157 1.3414062 1.3199256 1.3694426 1.3502561 1.2239216 1.2828448 1.2586626 1.2741890 1.2794559 1.2686888 1.2681660 1.2380982 1.2887358 1.3123491 1.2950088 1.2900821 1.3097090 1.2940651 1.2799978 1.3122489 1.2823602 1.3090903 1.2504839 1.2623767 1.2548771 1.2972970 1.5569740 1.3524017 1.2570672 1.3089951 1.3353722 1.2568064 1.2595086 1.2386908 1.2318526 1.1310584 1.2500103 1.1351319 1.0442138 1.0625935 0.9797905 1.1316630 0.9579118 0.9454226 0.9741586 1.0611502 2.3362728 2.4020792 2.3663800 2.9958917 
85_BC.CN.14.14CN_SCYB4.KU992932        0.9137928 0.9946674 0.9456162 1.0318399 1.0861086 1.0902336 1.1384813 0.8453138 0.8333750 0.8652454 0.8514457 0.8201243 0.7919100 0.7027625 0.7461862 0.5102427 0.5524158 0.4675830 0.4734207 0.4788687 0.4779462 0.4485788 0.4861340 0.5129838 0.3780530 0.0000000 0.4387959 0.5077411 0.5304246 0.4909522 0.4972168 0.8036539 0.9525857 0.9313801 0.9782874 1.1058486 0.9501867 0.9626158 1.0470681 0.9503687 0.9984152 1.0374333 1.1690086 0.8936561 0.8647790 0.8264265 0.8905639 1.2186160 1.2138023 1.2486605 1.2499396 1.2864554 1.3402334 1.3072234 1.1886652 1.2288788 1.2447137 1.2408689 1.2351913 1.2249540 1.2171255 1.1914950 1.2383727 1.3068211 1.2608840 1.2513214 1.2814685 1.2702860 1.2551556 1.2334870 1.2505637 1.2780000 1.2157871 1.2359349 1.2014554 1.2583157 1.5068047 1.2755785 1.2281260 1.3017890 1.2581700 1.2267921 1.1921195 1.2182463 1.1462758 1.1235902 1.1766901 1.0772124 1.0314825 1.0324770 0.9684624 1.1070805 0.9641780 0.9281748 0.9649798 1.0170178 2.3226918 2.3831620 2.3614349 3.1357496 
C.BW.00.00BW076820.AF443089            0.7881072 0.8558161 0.8050278 0.8819652 0.9133330 0.9628376 0.9687848 0.7161091 0.6929065 0.7383219 0.7163012 0.6813507 0.6895978 0.5760540 0.5991653 0.3765083 0.4300865 0.3295068 0.3359589 0.3598102 0.3490370 0.3042640 0.3537635 0.4257730 0.4452368 0.4387959 0.0000000 0.3726538 0.3798017 0.3537644 0.3543570 0.6640043 0.8357240 0.8202634 0.8468017 1.0151384 0.8367620 0.8626768 0.9169463 0.8161106 0.8536710 0.9355359 1.0264098 0.7588144 0.7227536 0.6801167 0.7611736 1.1062626 1.0854100 1.1313499 1.1694919 1.1523338 1.1971161 1.1858959 1.0600051 1.1390164 1.0936696 1.1098207 1.1275496 1.1200693 1.0871401 1.0668052 1.1201455 1.2016691 1.1570543 1.1393240 1.1851733 1.1732057 1.1419098 1.1316321 1.1338360 1.1378633 1.0834039 1.1119772 1.0721271 1.1627058 1.3886151 1.1835427 1.1099533 1.1711129 1.1470691 1.0883578 1.0609487 1.0520386 1.0371606 0.9746720 1.0520391 0.9053798 0.8769158 0.8869821 0.8248084 0.9865071 0.8162425 0.7983097 0.8141201 0.8921897 2.1797034 2.2693838 2.1762108 2.7442685 
C.ZA.04.04ZASK170B1.DQ093595           0.8246411 0.9052302 0.8336549 0.9178716 0.9793048 0.9991964 1.0289658 0.7165142 0.7145956 0.7579557 0.7414014 0.7040514 0.7154004 0.6006207 0.6323302 0.4043028 0.4635373 0.3981654 0.4055480 0.4380493 0.4238785 0.3829560 0.4195159 0.4918334 0.5269582 0.5077411 0.3726538 0.0000000 0.3431574 0.3073502 0.3441953 0.7156534 0.8328776 0.8520108 0.8661493 1.0074190 0.8691353 0.8659275 0.9416472 0.8238418 0.8868238 0.9506759 1.0434255 0.7589986 0.7513861 0.7051594 0.7958069 1.1169861 1.1382176 1.1892099 1.1923778 1.2100547 1.2539055 1.2221503 1.1210736 1.1506661 1.1473185 1.1733453 1.1691382 1.1727918 1.1380584 1.1230907 1.1666235 1.2131230 1.1512463 1.1404870 1.1774470 1.2018690 1.1732207 1.1569534 1.1680958 1.1681133 1.1622719 1.1453206 1.1173843 1.2011222 1.4360199 1.1833255 1.1523927 1.2069655 1.1743220 1.1292738 1.0907566 1.0698320 1.0395402 1.0347131 1.0996506 0.9657669 0.9067193 0.9020934 0.8704299 1.0020124 0.8330093 0.8225180 0.8365876 0.9306399 2.1154174 2.2711371 2.1848043 2.9324382 
C.TZ.02.CO6721.AY734560                0.8544504 0.9218164 0.8543226 0.9584549 0.9950841 1.0420457 1.0746731 0.7492856 0.7247708 0.7847193 0.7401575 0.7220644 0.7294488 0.6273560 0.6656441 0.4250231 0.4790180 0.4235017 0.4264600 0.4572836 0.4404353 0.4010571 0.4426626 0.5011639 0.5231429 0.5304246 0.3798017 0.3431574 0.0000000 0.2604063 0.3657758 0.7512565 0.8486976 0.8577001 0.8825489 1.0365245 0.8602367 0.8863035 0.9559631 0.8680830 0.9052094 0.9704901 1.0880710 0.7878149 0.8006329 0.7354020 0.8081452 1.1338096 1.1295905 1.1674506 1.1875030 1.1738298 1.2567930 1.2109469 1.1303902 1.1635870 1.1243261 1.1512099 1.1622681 1.1431824 1.1219005 1.1135038 1.1627063 1.2185244 1.1856307 1.1610168 1.2272660 1.2125098 1.1857363 1.1636585 1.1913874 1.1641364 1.1484182 1.1319230 1.1218024 1.1745558 1.4317322 1.2211358 1.1426972 1.2325833 1.1630576 1.1468358 1.0859640 1.1216488 1.0531567 1.0496797 1.1274532 0.9730088 0.9461296 0.9445431 0.8672106 1.0421460 0.8610080 0.8589540 0.8701306 0.9442108 2.1783573 2.2696711 2.1847645 2.9277218 
C.TZ.01.BD39_8.AY253313                0.7852359 0.8885400 0.8314636 0.9414175 0.9942120 1.0115287 1.0668351 0.7174707 0.7112672 0.7534773 0.7276946 0.7060510 0.6837604 0.6075991 0.6243247 0.3855894 0.4333671 0.3773641 0.3912991 0.4180172 0.4017102 0.3655021 0.4093043 0.4714165 0.5086003 0.4909522 0.3537644 0.3073502 0.2604063 0.0000000 0.3179557 0.7196035 0.8368830 0.8330307 0.8618868 0.9935467 0.8410644 0.8567253 0.9422443 0.8313305 0.8803840 0.9628571 1.0523178 0.7615959 0.7532887 0.6932846 0.7822412 1.1066933 1.1042696 1.1623123 1.1678178 1.1791472 1.2018140 1.1701872 1.0841133 1.1301333 1.1007573 1.1316162 1.1347675 1.1187410 1.1167084 1.1040541 1.1443415 1.2230622 1.1570651 1.1561823 1.1810965 1.1797016 1.1586336 1.1337484 1.1573366 1.1757376 1.1266384 1.1091341 1.0821003 1.1599322 1.4157481 1.1862123 1.1328622 1.1851163 1.1638670 1.1222958 1.0946777 1.1068478 1.0437723 1.0262423 1.1130043 0.9301039 0.9047084 0.8992091 0.8598952 1.0038588 0.8226921 0.8187791 0.8290130 0.9025425 2.1625780 2.2623916 2.1887476 2.8420118 
C.ZA.03.03ZAPS067MB2.DQ396389          0.7999509 0.8895491 0.8396581 0.8976914 0.9842911 1.0092790 1.0297765 0.7165559 0.6966395 0.7542628 0.7150834 0.6931285 0.6790523 0.5960944 0.6455292 0.3837198 0.4303110 0.3816523 0.3818534 0.4150822 0.3976897 0.3590296 0.4050282 0.4739328 0.5110023 0.4972168 0.3543570 0.3441953 0.3657758 0.3179557 0.0000000 0.6900174 0.8278572 0.8237811 0.8563575 1.0261612 0.8403663 0.8511009 0.9333117 0.8466645 0.8808094 0.9536320 1.0562223 0.7769467 0.7566701 0.7071511 0.7798837 1.0860617 1.1074639 1.1355544 1.1737465 1.1727893 1.2100191 1.1766974 1.0816345 1.1502969 1.1126627 1.1248371 1.0976976 1.1314826 1.1132679 1.0778726 1.1391633 1.2248004 1.1657620 1.1365167 1.1769091 1.1825252 1.1500764 1.1342800 1.1503569 1.1446611 1.1229714 1.1301947 1.0943199 1.1530400 1.4237355 1.1925279 1.1081546 1.1715466 1.1571181 1.1205027 1.0936517 1.0473980 1.0204002 0.9844058 1.0930009 0.9264316 0.9321945 0.9016629 0.8662673 0.9982741 0.8017004 0.8118664 0.8411767 0.9211601 2.1088634 2.2676787 2.1141638 2.8235530 
A1D.UG.99.99UGJ21953.AF484496          0.5494790 0.5923462 0.5575898 0.6278570 0.6933978 0.7315641 0.7323512 0.4543619 0.4362722 0.4665197 0.4748744 0.4075514 0.4244760 0.4714199 0.7476609 0.7121048 0.7723556 0.7203787 0.7284407 0.7407856 0.7480818 0.7144747 0.7364945 0.7859267 0.8426369 0.8036539 0.6640043 0.7156534 0.7512565 0.7196035 0.6900174 0.0000000 0.5790820 0.5743046 0.6174584 0.7672389 0.5997769 0.6080091 0.6698085 0.5885567 0.6144631 0.7090569 0.7984752 0.5024908 0.4714204 0.4429392 0.5112137 0.8659996 0.8629095 0.9356439 0.9025960 0.9283684 0.9644232 0.9347997 0.8674449 0.8980523 0.8717534 0.9056396 0.8747611 0.9020919 0.8548809 0.8305775 0.8909443 0.9398532 0.9075016 0.8893207 0.9060957 0.9078640 0.9168178 0.8841855 0.8868974 0.8839261 0.8755328 0.8746338 0.8626470 0.9008182 1.1459265 0.9406719 0.8941736 0.9291907 0.9051757 0.8347079 0.8273305 0.8078682 0.7857988 0.7571877 0.8266595 0.7016276 0.6469587 0.6185762 0.5729643 0.7574924 0.5529831 0.5495739 0.5738780 0.6482620 1.8969103 2.0164483 1.9011275 2.6693323 
01_AE.CN.02.YN0236.JX112866            0.6044222 0.6859703 0.6162656 0.7028748 0.7688305 0.8110534 0.8097631 0.5679979 0.5536725 0.5780665 0.5794338 0.5279115 0.5391188 0.6015581 0.8713837 0.8399944 0.8875513 0.8554241 0.8498145 0.8818751 0.8702965 0.8318555 0.8696861 0.9209587 0.9754087 0.9525857 0.8357240 0.8328776 0.8486976 0.8368830 0.8278572 0.5790820 0.0000000 0.1560175 0.2090264 0.3645765 0.2024555 0.2064313 0.2933536 0.2157027 0.2441863 0.4569835 0.5299965 0.4268065 0.5270081 0.5114447 0.5883021 0.9034197 0.9193178 0.9505517 0.9789967 0.9594309 0.9893459 0.9363309 0.9111492 0.9530817 0.9074694 0.9283597 0.9213668 0.9331018 0.8996774 0.8714227 0.9231050 0.9574071 0.9591566 0.9345044 0.9612269 0.9450675 0.9575401 0.9533080 0.9413573 0.9143960 0.9302871 0.9197002 0.9062978 0.9427344 1.2028628 1.0087503 0.9538373 0.9853217 0.9641065 0.8984315 0.8705336 0.8415814 0.8313242 0.7942750 0.8845481 0.7593040 0.7239731 0.6851658 0.6453831 0.8188944 0.6269046 0.6019473 0.6138071 0.6970389 2.0224547 2.0901272 2.0376092 2.6504782 
01_AE.TH.99.99TH_C4460.AY945726        0.6071124 0.6836080 0.6137798 0.6931649 0.7713799 0.8005498 0.7914922 0.5784615 0.5526425 0.5749941 0.5893333 0.5350767 0.5430964 0.6022348 0.8691911 0.8527138 0.8786541 0.8506857 0.8542744 0.8854835 0.8705656 0.8216606 0.8646315 0.9003596 0.9614502 0.9313801 0.8202634 0.8520108 0.8577001 0.8330307 0.8237811 0.5743046 0.1560175 0.0000000 0.2022865 0.3579030 0.2021241 0.2011931 0.2919431 0.2114783 0.2410721 0.4558464 0.5396306 0.4349571 0.5371768 0.5155265 0.5902046 0.9151493 0.9239525 0.9587975 0.9819335 0.9662260 0.9936590 0.9549659 0.9205614 0.9682287 0.9179446 0.9259225 0.9251200 0.9566339 0.9046448 0.8725730 0.9402228 0.9739938 0.9542190 0.9467217 0.9830506 0.9738317 0.9744263 0.9539521 0.9518472 0.9429989 0.9325817 0.9286687 0.8961035 0.9698053 1.1808353 0.9941787 0.9458170 0.9912761 0.9619576 0.9031185 0.8671284 0.8690393 0.8464149 0.8004718 0.9003577 0.7629241 0.7389373 0.6781807 0.6353333 0.8139955 0.6194340 0.6039064 0.6128440 0.6991972 2.0024547 2.0935113 2.0178148 2.6174490 
01_AE.CN.07.GX070143.JX112835          0.6537767 0.7312905 0.6552933 0.7363086 0.8079895 0.8381446 0.8356442 0.6132063 0.5909987 0.6229529 0.6203730 0.5664673 0.5780467 0.6472363 0.9067355 0.8857735 0.9116323 0.8876470 0.8585270 0.9100590 0.9049768 0.8591243 0.9088294 0.9471416 0.9994401 0.9782874 0.8468017 0.8661493 0.8825489 0.8618868 0.8563575 0.6174584 0.2090264 0.2022865 0.0000000 0.3969761 0.2417821 0.2444631 0.3319577 0.2506731 0.2846673 0.4941599 0.5816121 0.4744803 0.5843594 0.5457263 0.6260735 0.9717451 0.9753037 1.0074521 1.0232016 1.0187536 1.0347612 1.0089238 0.9509578 1.0021194 0.9645269 0.9779083 0.9563744 0.9775919 0.9448402 0.9182069 0.9679576 1.0010316 1.0099226 0.9841773 1.0015986 0.9910533 1.0074294 0.9822043 0.9940345 0.9615070 0.9685063 0.9545520 0.9472043 1.0129036 1.2503702 1.0638353 0.9900987 1.0230097 1.0102760 0.9538335 0.9120524 0.8743069 0.8765847 0.8554118 0.9176854 0.7894031 0.7832670 0.7102461 0.6753751 0.8761444 0.6667305 0.6600742 0.6488766 0.7464909 2.0372586 2.1189998 2.0425224 2.6888128 
69_01B.JP.05.05JPMYC113SP420.LC027100  0.7862029 0.8717198 0.8181133 0.8881573 0.9396630 1.0040323 1.0178156 0.7503944 0.7421330 0.7796900 0.7776722 0.7202095 0.7609087 0.7808794 1.0648737 1.0486178 1.0977267 1.0447593 1.0186701 1.0803740 1.0585658 0.9947309 1.0566233 1.0934088 1.1597533 1.1058486 1.0151384 1.0074190 1.0365245 0.9935467 1.0261612 0.7672389 0.3645765 0.3579030 0.3969761 0.0000000 0.4004719 0.4011080 0.4809453 0.3915814 0.4341039 0.6376405 0.7150989 0.6334044 0.7180955 0.6934621 0.7810661 1.0868646 1.0982475 1.1437519 1.1479776 1.1725869 1.2028988 1.1545791 1.0940730 1.1459061 1.1017968 1.1197166 1.1229322 1.1343138 1.1339397 1.0754063 1.1149418 1.1653289 1.1333219 1.1159305 1.1220476 1.1365620 1.1307729 1.1451655 1.1266029 1.1343262 1.1121556 1.0959638 1.0890029 1.1641786 1.3889369 1.1908801 1.1500276 1.1712968 1.1117156 1.0703059 1.0593921 1.0390373 1.0149041 1.0056880 1.1023600 0.9445465 0.9047996 0.8794632 0.8414276 1.0150880 0.8026871 0.7834312 0.8056698 0.8810197 2.1507775 2.2107107 2.1196420 2.8296106 
01_AE.TH.07.AA030a04.JX447057          0.6542405 0.7218322 0.6562824 0.7365945 0.8011985 0.8296746 0.8486455 0.5964699 0.5831133 0.6044930 0.6207930 0.5650492 0.5857587 0.6352906 0.9334438 0.8652471 0.8976676 0.8659650 0.8674840 0.8928350 0.8828244 0.8337736 0.8916621 0.9260462 1.0045198 0.9501867 0.8367620 0.8691353 0.8602367 0.8410644 0.8403663 0.5997769 0.2024555 0.2021241 0.2417821 0.4004719 0.0000000 0.2286794 0.3265811 0.2436325 0.2640614 0.4883715 0.5746595 0.4541005 0.5618550 0.5444292 0.6156317 0.9368810 0.9607286 0.9916960 1.0036211 1.0249817 1.0334589 0.9862045 0.9578079 1.0001038 0.9571005 0.9913103 0.9832174 0.9778703 0.9543123 0.9224291 0.9635720 1.0110483 1.0001446 0.9664620 0.9820195 0.9827732 0.9952849 0.9647976 0.9589124 0.9724566 0.9738200 0.9607764 0.9473259 1.0184459 1.2117846 1.0344216 1.0012735 1.0346809 0.9726433 0.9292980 0.9112817 0.9159067 0.8679295 0.8376438 0.9244745 0.7997863 0.7658668 0.7088449 0.6762134 0.8453783 0.6563570 0.6584090 0.6377312 0.7303412 2.0353954 2.0885898 2.0738026 2.7255283 
01_AE.CN.07.07CNYN326.KF835513         0.6352264 0.7156420 0.6462972 0.7272126 0.7939859 0.8451727 0.8343977 0.6161852 0.5925370 0.6212044 0.6085841 0.5750096 0.5993713 0.6381142 0.9135306 0.8804151 0.9038504 0.8728899 0.8790452 0.8995761 0.8991129 0.8507893 0.8862331 0.9399019 1.0087502 0.9626158 0.8626768 0.8659275 0.8863035 0.8567253 0.8511009 0.6080091 0.2064313 0.2011931 0.2444631 0.4011080 0.2286794 0.0000000 0.3252770 0.2452395 0.2702242 0.4870858 0.5617531 0.4734776 0.5780864 0.5363295 0.6088524 0.9373614 0.9405681 0.9780977 0.9938094 1.0221645 1.0258051 0.9816391 0.9424035 0.9898923 0.9511979 0.9584438 0.9624364 0.9669430 0.9519720 0.9074235 0.9523251 0.9934245 0.9949927 0.9513143 0.9766136 0.9681796 0.9654179 0.9749730 0.9718773 0.9696236 0.9668368 0.9541313 0.9161374 0.9847281 1.2142808 1.0464041 0.9692209 1.0307789 0.9841024 0.9255035 0.8918156 0.8734381 0.8616671 0.8553661 0.9418678 0.7837575 0.7632130 0.7119769 0.6791008 0.8549065 0.6579616 0.6486472 0.6374110 0.7376695 2.0212305 2.1064910 2.0551026 2.6300670 
