100
F1.BR.10.DEMF110BR015.KU749395         0.0000000 1.1646030 0.9394578 0.9012910 0.9099731 0.9426922 0.8986891 0.8399437 0.8705842 0.8857714 0.9216822 0.8862206 0.8648248 0.9002579 0.8719775 0.8622681 0.9304186 0.8719913 0.9274693 0.8445677 0.9195032 0.8436875 0.9426997 0.8480937 0.8566403 0.8237912 0.9269439 0.8918148 0.8762434 0.9096122 0.8899273 0.8638379 0.8749063 0.8619775 0.8954407 0.8696060 0.8367562 0.7246494 0.8379763 0.7831154 1.1031100 0.7279999 1.1807037 1.2096161 1.1472366 1.1862124 1.0682706 1.1111405 1.0870621 1.1080396 1.0527174 1.1209587 1.0934078 1.1160678 1.0960399 1.0652295 1.0852031 1.0828989 0.9755447 0.9561506 0.9795247 0.9274156 0.8619262 0.8601091 1.0601656 1.1261686 0.7845486 0.8417966 0.7968807 0.8151550 0.8611678 0.7581183 0.7828771 0.7795631 0.7752077 0.8606892 0.8146352 1.0787496 0.9740826 0.9242411 0.9029822 0.9379809 0.9480571 0.9447208 0.8875024 0.8711526 0.7330988 0.8021516 0.8544898 0.7541762 0.8279639 0.8154963 0.8015885 0.7797949 0.8270819 0.7806189 2.6863284 2.2179126 2.1435273 2.1552540 
BF1.BR.10.10BR_RJ029.KT427782          1.1646030 0.0000000 0.7408450 0.6657815 0.7331217 0.6686925 0.6606446 0.7098045 0.7111818 0.7169168 0.7864952 0.6102475 0.7087628 0.7299281 0.7360263 0.7166643 0.7452265 0.6185599 0.7421477 0.6904639 0.7503210 0.6829702 0.7495179 0.6309888 0.6250356 0.6249234 0.7290005 0.6824844 0.6986834 0.7063210 0.7053182 0.6721161 0.6854968 0.6959679 0.6960950 0.6781424 0.6511071 0.8675890 0.8735007 0.8673192 1.4077950 1.0313347 1.4822903 1.5367724 1.5097918 1.4923646 1.3844053 1.4178249 1.3712225 1.3955288 1.3430203 1.4199708 1.4298786 1.3999543 1.3947943 1.3515049 1.3780388 1.4480765 1.2840060 1.2638595 1.2790256 1.2536382 1.1613170 1.1823990 1.3294486 1.3839918 1.0719636 1.1476677 1.1048195 1.1217283 1.1520107 1.0673242 1.0758318 1.0573422 1.0670029 1.1675624 1.0949371 1.3728034 1.2677191 1.2218896 1.1835880 1.1926924 1.1944699 1.2014827 1.1828789 1.1540843 1.0148252 1.1080355 1.1291343 1.0522203 1.1251742 1.1352340 1.1458016 1.0891715 1.1550172 1.0881730 2.8847980 2.3787314 2.4187278 2.4157478 
51_01B.MY.11.11MYKL055.KJ485697        0.9394578 0.7408450 0.0000000 0.5353235 0.4916091 0.5239237 0.5079440 0.4758012 0.4760033 0.4837398 0.5073450 0.4909595 0.4784182 0.4914658 0.4709572 0.4608668 0.4908688 0.4605069 0.4798522 0.4440286 0.4998323 0.4433543 0.4819262 0.4432243 0.4587071 0.4313338 0.4527789 0.4288527 0.4505050 0.4536041 0.4502795 0.4265845 0.4316076 0.4220143 0.4525579 0.4322739 0.3947194 0.6481661 0.6749610 0.6422192 1.2161852 0.8114258 1.2796243 1.3073429 1.2490169 1.2698847 1.1669825 1.1709998 1.1468035 1.1741755 1.1403516 1.2025581 1.2367932 1.2044607 1.1929206 1.1475286 1.1707257 1.1986329 1.0364956 1.0694227 1.0510930 1.0359909 0.9491921 0.9248893 1.1641205 1.1846925 0.8562671 0.9037353 0.8638026 0.8866918 0.9378390 0.8438721 0.8860918 0.8426085 0.8553371 0.9462004 0.9319247 1.1672944 1.1053319 1.0241449 1.0056820 1.0490471 1.0292736 1.0463929 1.0207368 0.9784357 0.8267842 0.9050522 0.9160024 0.8709065 0.9243449 0.9030342 0.9301384 0.8830070 0.9283253 0.8676132 2.5600234 2.1420222 2.2353681 2.2671181 
B.GB.14.14667_1_16.3.MF109578          0.9012910 0.6657815 0.5353235 0.0000000 0.4822951 0.4389500 0.3980585 0.4422080 0.4711512 0.4731808 0.5231950 0.4169614 0.4582057 0.4769656 0.4678115 0.4581902 0.5100465 0.3842628 0.5011442 0.4479418 0.4930648 0.4362709 0.4895010 0.3820433 0.3841483 0.3914817 0.4810029 0.4379438 0.4371533 0.4716392 0.4589809 0.4361181 0.4527943 0.4368671 0.4443201 0.4418096 0.4016813 0.6354570 0.6652030 0.6185227 1.1906527 0.7978128 1.1944935 1.3083031 1.2491562 1.2681519 1.1567460 1.1575095 1.1848429 1.1779274 1.1387289 1.1984607 1.2019440 1.1599870 1.1846349 1.1451134 1.1440358 1.1879481 1.0207187 1.0416949 1.0336286 1.0436622 0.9520086 0.9390562 1.1153738 1.1502093 0.8479379 0.8895435 0.8782367 0.8820233 0.9293699 0.8392584 0.8419591 0.8099509 0.8417052 0.9481968 0.8788180 1.1304288 1.0482173 0.9719786 0.9441194 0.9885808 0.9816347 0.9909659 0.9518639 0.9386331 0.7993996 0.8665065 0.9010437 0.8505012 0.8856597 0.8674348 0.8870407 0.8721487 0.9022777 0.8537037 2.6620982 2.1701006 2.1948047 2.2287179 
B.JP.11.NMC851C_clone_13.AB731669      0.9099731 0.7331217 0.4916091 0.4822951 0.0000000 0.4976426 0.4881092 0.4402481 0.4383558 0.4366728 0.4829303 0.4698540 0.4443309 0.4562229 0.4466137 0.4334269 0.4891685 0.4450306 0.4776391 0.4263179 0.4777511 0.4056550 0.4702376 0.4145381 0.4146184 0.3995418 0.4480462 0.4174849 0.4219619 0.4453532 0.4239930 0.4110904 0.4270999 0.4071092 0.4318961 0.4047464 0.3825464 0.6182227 0.6440930 0.5903699 1.1909118 0.7892047 1.2730083 1.3350814 1.2404415 1.2618494 1.1767438 1.1583068 1.1600171 1.1719377 1.1299667 1.1842230 1.1858821 1.1627549 1.1702880 1.1479301 1.1334845 1.1799729 1.0212636 1.0530419 1.0302683 1.0066382 0.9431480 0.9354518 1.1171653 1.1567403 0.8418313 0.8682749 0.8479398 0.8694936 0.9038357 0.8379635 0.8405351 0.8073170 0.8319538 0.9541860 0.8782762 1.1455599 1.0505173 0.9994832 0.9631734 0.9825619 0.9821775 1.0108904 0.9588447 0.9481734 0.7790322 0.8723512 0.9167349 0.8374759 0.8888722 0.8993550 0.8753356 0.8596119 0.9120768 0.8637758 2.6633474 2.1224451 2.1723922 2.1980890 
BF1.BR.10.10BR_MG052.KT427668          0.9426922 0.6686925 0.5239237 0.4389500 0.4976426 0.0000000 0.4261062 0.4613079 0.4777279 0.4896845 0.5303137 0.3948058 0.4817027 0.4978800 0.4778221 0.4612536 0.5186477 0.3726838 0.5033849 0.4457529 0.4958958 0.4499090 0.5012960 0.3965825 0.3915749 0.3884477 0.4772606 0.4501436 0.4534614 0.4764605 0.4645194 0.4344505 0.4540451 0.4503462 0.4686020 0.4396556 0.4168033 0.6272819 0.6689693 0.6208501 1.1926758 0.8195057 1.2934405 1.3261525 1.2450059 1.2734533 1.1942547 1.1674771 1.1478597 1.2196127 1.1466681 1.2032113 1.1859976 1.2039366 1.1863181 1.1381343 1.1567788 1.2020054 1.0427620 1.0531471 1.0421521 1.0219381 0.9517432 0.9346255 1.1516087 1.2094918 0.8468148 0.8832153 0.8689881 0.9014586 0.9320569 0.8384564 0.8594009 0.8439815 0.8460267 0.9610399 0.8999595 1.1849397 1.0633437 0.9993952 0.9684389 0.9959459 0.9987284 1.0253494 0.9742481 0.9590255 0.8272338 0.8689335 0.8927028 0.8350167 0.9424981 0.8950304 0.9139813 0.8690628 0.9288644 0.8823468 2.6219718 2.1775854 2.2344643 2.3216759 
B.BR.10.10BR_PE013.KT427743            0.8986891 0.6606446 0.5079440 0.3980585 0.4881092 0.4261062 0.0000000 0.4514007 0.4623320 0.4675033 0.5170727 0.4001580 0.4549174 0.4845457 0.4603999 0.4461570 0.5030846 0.3688106 0.4938178 0.4396931 0.5122603 0.4218779 0.4977694 0.3725343 0.3830808 0.3766601 0.4712468 0.4515701 0.4374857 0.4685628 0.4507811 0.4338198 0.4453009 0.4376846 0.4423971 0.4396464 0.4036685 0.6027359 0.6522745 0.5930855 1.2009323 0.7965727 1.2337416 1.2676737 1.2155063 1.2228127 1.1447720 1.1272721 1.1217516 1.1756061 1.0904005 1.1456169 1.1477609 1.1273412 1.1484201 1.1066534 1.1180298 1.1443825 1.0145007 1.0233972 1.0160640 1.0223291 0.9269740 0.9096165 1.1210932 1.2109566 0.8172384 0.8823720 0.8535804 0.8643753 0.9071300 0.8261812 0.8497685 0.8233708 0.8382030 0.9246334 0.8727894 1.1675778 1.0215776 0.9834590 0.9649788 0.9897727 0.9815689 0.9875366 0.9578008 0.9329099 0.7997711 0.8810752 0.8817050 0.8266479 0.8714539 0.8482017 0.8669491 0.8546312 0.8891191 0.8397328 2.6650561 2.1615514 2.2380222 2.2656395 
B.US.15.3693.KX505555                  0.8399437 0.7098045 0.4758012 0.4422080 0.4402481 0.4613079 0.4514007 0.0000000 0.4294620 0.4374599 0.4696621 0.4413000 0.4181117 0.4423635 0.4309889 0.4125748 0.4637229 0.4124871 0.4540829 0.3990574 0.4411354 0.3930457 0.4500877 0.3739965 0.3767871 0.3663731 0.4263451 0.3872628 0.4137633 0.4436745 0.4107850 0.4006934 0.3988391 0.3860324 0.4067704 0.3933641 0.3622584 0.5473375 0.5640466 0.5236680 1.1244541 0.7227502 1.1863838 1.2316030 1.1250776 1.1507504 1.0758712 1.1049317 1.0760059 1.1176645 1.0326757 1.0954491 1.1040589 1.1021711 1.1034652 1.0767867 1.0703642 1.1062985 0.9837937 0.9721527 0.9758281 0.9679211 0.8523511 0.8431156 1.0789166 1.1060309 0.7589592 0.8160480 0.7771540 0.8016859 0.8485774 0.7485828 0.7701869 0.7527701 0.7486572 0.8485873 0.8099066 1.0430384 0.9918552 0.9387861 0.8878902 0.9188848 0.9033312 0.9301799 0.8773216 0.8557446 0.7052359 0.8063451 0.8357652 0.7658502 0.8212036 0.8120547 0.8090568 0.7650260 0.8485197 0.7806986 2.6398522 2.0597457 2.1630192 2.1561405 
B.TH.06.AA010a_WG3.JX446800            0.8705842 0.7111818 0.4760033 0.4711512 0.4383558 0.4777279 0.4623320 0.4294620 0.0000000 0.4052455 0.4640874 0.4551497 0.4065481 0.4296221 0.4146128 0.4010703 0.4634826 0.4299625 0.4544781 0.3855364 0.4529183 0.3928446 0.4527709 0.3929224 0.3946838 0.3640000 0.4324260 0.3926597 0.4083722 0.4275525 0.4171957 0.3946985 0.4138206 0.3841081 0.4226552 0.3988620 0.3715237 0.5967624 0.6118985 0.5688264 1.1634008 0.7684793 1.2141773 1.2794937 1.1723731 1.2192104 1.1284451 1.1596731 1.1169107 1.1474180 1.0974806 1.1477427 1.1600550 1.1436159 1.1332287 1.1254951 1.1351376 1.1810636 1.0125230 1.0031727 1.0041512 0.9950458 0.9098854 0.8743540 1.1197429 1.1482196 0.8163389 0.8527078 0.8193747 0.8585880 0.9165593 0.8040904 0.8283204 0.8057371 0.8209903 0.9038623 0.8734597 1.1128486 1.0448104 0.9937367 0.9357758 0.9906421 0.9837996 1.0147129 0.9709298 0.9431943 0.7702101 0.8593576 0.8840032 0.8116787 0.8434574 0.8616064 0.8639946 0.8425850 0.8855555 0.8338874 2.7112487 2.1439308 2.1657098 2.1869008 
B.CY.08.CY224.JF683773                 0.8857714 0.7169168 0.4837398 0.4731808 0.4366728 0.4896845 0.4675033 0.4374599 0.4052455 0.0000000 0.4701493 0.4536436 0.3976618 0.4172238 0.3975686 0.3847429 0.4620152 0.4309997 0.4464390 0.3829093 0.4450382 0.3938142 0.4484533 0.3929028 0.4020074 0.3776759 0.4389436 0.4016451 0.3998313 0.4273105 0.4113503 0.4027554 0.4049538 0.3875316 0.4122322 0.3925394 0.3593838 0.5930767 0.6194378 0.5605974 1.1296458 0.7848087 1.2214902 1.2365300 1.2035659 1.2335624 1.1442119 1.1090301 1.1010157 1.1220859 1.0808380 1.1343073 1.1527368 1.1359271 1.1338110 1.0903361 1.1071896 1.1679066 1.0073506 1.0063121 1.0058244 0.9917151 0.9031759 0.8839375 1.1017334 1.1516799 0.8105904 0.8631058 0.8350493 0.8527962 0.8764912 0.8098612 0.8190717 0.7893210 0.7850968 0.8914684 0.8582661 1.1205586 1.0529746 0.9904940 0.9440773 0.9558818 0.9665250 0.9987292 0.9558805 0.9167610 0.7703208 0.8351725 0.8652071 0.7987186 0.8670470 0.8519356 0.8610380 0.8492495 0.8706990 0.8283679 2.6707929 2.0787464 2.1801743 2.1494018 
B.GB.14.14535_1_7.3.MF109534           0.9216822 0.7864952 0.5073450 0.5231950 0.4829303 0.5303137 0.5170727 0.4696621 0.4640874 0.4701493 0.0000000 0.4976411 0.4709307 0.4889774 0.4676661 0.4587084 0.4584483 0.4678733 0.4377697 0.4466563 0.4402577 0.4302916 0.4038221 0.4321353 0.4438039 0.4243302 0.4121609 0.3692003 0.3749618 0.4152256 0.4101594 0.3885389 0.3951553 0.3791588 0.4107639 0.3877160 0.3528274 0.6314330 0.6665853 0.6135927 1.2068084 0.8330168 1.2647997 1.3695822 1.2577140 1.2765914 1.1874297 1.2273860 1.1680493 1.1878466 1.1692787 1.2118004 1.1947423 1.1872815 1.1584896 1.1745303 1.1826861 1.2182153 1.0367794 1.0589433 1.0700510 1.0567744 0.9570342 0.9171197 1.1342111 1.2113309 0.8473443 0.8819269 0.8543551 0.9090522 0.9282573 0.8500967 0.8655616 0.8406694 0.8529843 0.9249760 0.9152033 1.1594282 1.0657276 1.0380804 0.9929590 1.0208222 0.9981331 1.0230350 0.9878555 0.9622334 0.8056675 0.8842650 0.9218980 0.8429403 0.9151406 0.8954822 0.9113802 0.8824504 0.9335796 0.8766710 2.6626021 2.2327987 2.2260274 2.2682036 
BF1.BR.00.BREPM13853.DQ085875          0.8862206 0.6102475 0.4909595 0.4169614 0.4698540 0.3948058 0.4001580 0.4413000 0.4551497 0.4536436 0.4976411 0.0000000 0.4525778 0.4559998 0.4493578 0.4307154 0.4866054 0.3540510 0.4826313 0.4284759 0.4872669 0.4175397 0.4748333 0.3749898 0.3723364 0.3779208 0.4554234 0.4268674 0.4342921 0.4657006 0.4417228 0.4215043 0.4340476 0.4342131 0.4421554 0.4132492 0.3882383 0.5970067 0.6392199 0.5823092 1.1868343 0.7675725 1.2243425 1.2846899 1.2330088 1.2279758 1.1358853 1.1423153 1.1119234 1.1546064 1.1150138 1.1571073 1.1594075 1.1258482 1.1452044 1.1083634 1.1115589 1.1580018 1.0064886 1.0413096 1.0206267 1.0319973 0.9243927 0.9222046 1.1383627 1.1917954 0.8378668 0.8640749 0.8604800 0.8753192 0.9094624 0.8237558 0.8428453 0.8191368 0.8122084 0.9264128 0.8705890 1.1276999 1.0362333 0.9908595 0.9464302 0.9700389 0.9480861 0.9949235 0.9430045 0.9165929 0.7640779 0.8702110 0.9106026 0.8181296 0.8740617 0.8652071 0.8894638 0.8527953 0.8978271 0.8337142 2.6282123 2.1802870 2.2061944 2.2405191 
B.JP.04.DR6174.AB480692                0.8648248 0.7087628 0.4784182 0.4582057 0.4443309 0.4817027 0.4549174 0.4181117 0.4065481 0.3976618 0.4709307 0.4525778 0.0000000 0.4054785 0.3853616 0.3769232 0.4535705 0.4312906 0.4386024 0.3612286 0.4421029 0.3929898 0.4530336 0.3921125 0.3884957 0.3754634 0.4265468 0.3923351 0.3966875 0.4152213 0.4043220 0.3936056 0.4049450 0.3970845 0.4101707 0.3945695 0.3539433 0.5877887 0.6229503 0.5778717 1.1395019 0.7708752 1.2170559 1.2492561 1.1997626 1.1901974 1.1135570 1.1257545 1.0785572 1.1366251 1.0758970 1.1364156 1.1255405 1.1064280 1.1048588 1.0915629 1.1032753 1.1309177 0.9971007 0.9820297 0.9879348 0.9914386 0.9060461 0.8857564 1.0671156 1.1419859 0.7973955 0.8434199 0.8043403 0.8561892 0.8879254 0.7845208 0.8202507 0.7964872 0.7919779 0.8884754 0.8441271 1.1013039 1.0483784 0.9589767 0.9222081 0.9494408 0.9271526 0.9535844 0.9138704 0.9030506 0.7585297 0.8295769 0.8774666 0.7872653 0.8266104 0.8368689 0.8337912 0.8236198 0.8564353 0.8105480 2.5093847 2.0459154 2.0889916 2.1574068 
B.CN.07.CBJC261.JF932474               0.9002579 0.7299281 0.4914658 0.4769656 0.4562229 0.4978800 0.4845457 0.4423635 0.4296221 0.4172238 0.4889774 0.4559998 0.4054785 0.0000000 0.1751873 0.1761126 0.4806616 0.4426167 0.4783915 0.3789219 0.4634937 0.4164849 0.4721831 0.4075315 0.4162914 0.3981003 0.4408443 0.4204273 0.4207913 0.4488539 0.4235886 0.4219033 0.4278034 0.4156747 0.4333034 0.4071658 0.3757112 0.6045285 0.6336204 0.5848731 1.2319724 0.7934070 1.2171078 1.2603203 1.2359066 1.2125598 1.1624073 1.1572597 1.1516583 1.1626679 1.1310111 1.1688599 1.1677680 1.1810796 1.1588181 1.1367971 1.1192232 1.1572903 0.9949110 1.0362886 1.0053685 1.0454233 0.9194551 0.9269570 1.1236364 1.1654564 0.8253044 0.8702284 0.8252118 0.8790161 0.9179077 0.8208008 0.8182397 0.8064796 0.7997893 0.9163032 0.8912482 1.1163150 1.0404597 1.0114107 0.9404038 0.9927462 1.0073701 1.0297905 0.9671441 0.9560035 0.7966592 0.8779014 0.9132311 0.8094966 0.8947369 0.8927187 0.8822389 0.8609730 0.8928673 0.8676388 2.6427596 2.0757191 2.2106771 2.2509552 
B.CN.01.CNHN24.AY180905                0.8719775 0.7360263 0.4709572 0.4678115 0.4466137 0.4778221 0.4603999 0.4309889 0.4146128 0.3975686 0.4676661 0.4493578 0.3853616 0.1751873 0.0000000 0.1591281 0.4690690 0.4168927 0.4601145 0.3654692 0.4527179 0.4023340 0.4525807 0.3960181 0.3995187 0.3847372 0.4247583 0.3995796 0.4021740 0.4385320 0.4036587 0.4009172 0.4098942 0.4019587 0.4038243 0.3943443 0.3567436 0.5971731 0.6186567 0.5779528 1.2052442 0.7744147 1.2191068 1.2631724 1.1969666 1.2253848 1.1452995 1.1481503 1.1183505 1.1430584 1.1054420 1.1676234 1.1468581 1.1509903 1.1499751 1.1326509 1.1171863 1.1533925 1.0183389 0.9975377 0.9724691 0.9934627 0.9034172 0.9004046 1.1071488 1.1573867 0.8101111 0.8636833 0.8221072 0.8692840 0.8999855 0.8160224 0.8108683 0.7866195 0.7866501 0.9098743 0.8708776 1.1079380 1.0488564 0.9959279 0.9530829 0.9902747 0.9963530 1.0227686 0.9610265 0.9450873 0.7591642 0.8629843 0.8828493 0.7806342 0.8525233 0.8517098 0.8535694 0.8514542 0.8740348 0.8299267 2.6757395 2.0633308 2.1705681 2.1840260 
B.CN.08.cbjc468.JF932498               0.8622681 0.7166643 0.4608668 0.4581902 0.4334269 0.4612536 0.4461570 0.4125748 0.4010703 0.3847429 0.4587084 0.4307154 0.3769232 0.1761126 0.1591281 0.0000000 0.4492782 0.4008781 0.4301174 0.3535544 0.4516241 0.3841681 0.4359240 0.3823193 0.3824851 0.3657865 0.4119615 0.3933040 0.3935199 0.4220524 0.3960737 0.3854753 0.4012162 0.3832208 0.3972392 0.3856416 0.3460140 0.5661712 0.5940206 0.5505482 1.1769039 0.7609035 1.1933252 1.2384256 1.1728574 1.1942074 1.1317842 1.1174531 1.0894624 1.1302005 1.0816929 1.1592830 1.1259376 1.1430937 1.1292712 1.0942584 1.0985864 1.1314870 1.0022324 0.9825745 0.9690747 1.0072334 0.8945824 0.8952336 1.1024074 1.1642544 0.7854595 0.8445966 0.8076776 0.8407182 0.8777233 0.7945173 0.7958643 0.7715869 0.7793900 0.8897117 0.8500755 1.0971305 1.0153612 0.9799268 0.9308901 0.9695135 0.9679616 1.0063903 0.9257343 0.9205170 0.7463766 0.8425588 0.8577196 0.7834748 0.8284529 0.8571344 0.8467663 0.8227998 0.8813455 0.8179474 2.6232386 2.0926678 2.1840862 2.2272785 
B.US.15.2521.KX505446                  0.9304186 0.7452265 0.4908688 0.5100465 0.4891685 0.5186477 0.5030846 0.4637229 0.4634826 0.4620152 0.4584483 0.4866054 0.4535705 0.4806616 0.4690690 0.4492782 0.0000000 0.4624751 0.4357265 0.4336794 0.4020012 0.4422087 0.4257591 0.4411083 0.4370581 0.4159476 0.4179173 0.3792855 0.3908886 0.4140010 0.4004392 0.3844061 0.3916869 0.3732279 0.3910555 0.3817056 0.3437094 0.6310427 0.6605724 0.6058685 1.2076899 0.8201252 1.2603980 1.3204069 1.2487489 1.2514433 1.1874892 1.2078827 1.1464289 1.1751300 1.1314915 1.1922518 1.2117210 1.1791454 1.1808088 1.1464204 1.1631416 1.1954785 1.0460501 1.0008586 1.0202430 1.0025350 0.9315956 0.9302598 1.1389569 1.1941499 0.8322018 0.8571940 0.8552538 0.8766085 0.9093889 0.8170332 0.8550108 0.8111842 0.8326550 0.9241845 0.8872881 1.1297548 1.0593289 0.9833620 0.9791095 1.0047194 0.9613941 1.0172524 0.9640637 0.9465362 0.7877710 0.8849953 0.9084655 0.8542256 0.9005105 0.8692332 0.8822598 0.8430748 0.9063625 0.8683788 2.6641835 2.1971894 2.1800939 2.1705375 
B.BR.02.02BR2041.JN692443              0.8719913 0.6185599 0.4605069 0.3842628 0.4450306 0.3726838 0.3688106 0.4124871 0.4299625 0.4309997 0.4678733 0.3540510 0.4312906 0.4426167 0.4168927 0.4008781 0.4624751 0.0000000 0.4577374 0.4024168 0.4549765 0.3888255 0.4539350 0.3424503 0.3514344 0.3435362 0.4349828 0.4027301 0.4143541 0.4327060 0.4167177 0.4007205 0.4120828 0.3911425 0.4101498 0.3982695 0.3624870 0.5816265 0.6220341 0.5620223 1.1504236 0.7881883 1.1987581 1.2580546 1.2079815 1.2187328 1.1180016 1.1259262 1.1135992 1.1573885 1.0930520 1.1408943 1.1326880 1.1342432 1.1213459 1.0871424 1.1035713 1.1570220 0.9939190 1.0032482 0.9802500 0.9699868 0.9170052 0.8877901 1.1079604 1.1428330 0.7950461 0.8299072 0.8162239 0.8519732 0.8760742 0.7852354 0.8011462 0.7899365 0.8038387 0.8984353 0.8418917 1.1041834 0.9987835 0.9805724 0.9223573 0.9708448 0.9477665 0.9780814 0.9183801 0.9088182 0.7675945 0.8379404 0.8746533 0.7996708 0.8623106 0.8433399 0.8419320 0.8347812 0.8850742 0.8267268 2.6358590 2.1761125 2.1609017 2.2204346 
B.ES.14.ARP1202.KT276262               0.9274693 0.7421477 0.4798522 0.5011442 0.4776391 0.5033849 0.4938178 0.4540829 0.4544781 0.4464390 0.4377697 0.4826313 0.4386024 0.4783915 0.4601145 0.4301174 0.4357265 0.4577374 0.0000000 0.4337519 0.4260646 0.4192248 0.4098908 0.4318942 0.4247296 0.4038692 0.4043040 0.3679167 0.3639603 0.4100901 0.3876601 0.3757215 0.3682933 0.3642116 0.3902804 0.3703776 0.3382439 0.6258435 0.6625707 0.5940571 1.1963266 0.8051534 1.2850947 1.3220143 1.2610979 1.2844997 1.1834889 1.1861424 1.1426599 1.1871836 1.1311454 1.1800924 1.1979393 1.1986969 1.1680269 1.1434851 1.1686913 1.2110689 1.0456930 1.0404543 1.0336437 1.0369488 0.9506545 0.9452321 1.1321144 1.1663223 0.8645146 0.8888635 0.8469616 0.8958441 0.9259191 0.8486144 0.8459216 0.8399158 0.8342223 0.9414480 0.8926762 1.1433114 1.0633170 1.0046485 0.9491866 1.0093219 0.9781208 1.0088677 0.9675279 0.9409399 0.8065155 0.8789873 0.9235926 0.8446667 0.9104477 0.8872489 0.9029053 0.8742417 0.9217730 0.8769142 2.5526961 2.1384791 2.1635446 2.2146154 
B.DE.10.iso4_w10.KU612900              0.8445677 0.6904639 0.4440286 0.4479418 0.4263179 0.4457529 0.4396931 0.3990574 0.3855364 0.3829093 0.4466563 0.4284759 0.3612286 0.3789219 0.3654692 0.3535544 0.4336794 0.4024168 0.4337519 0.0000000 0.4287830 0.3728037 0.4151261 0.3757401 0.3731069 0.3550537 0.4153396 0.3767693 0.3817406 0.4075986 0.3861672 0.3738564 0.3857710 0.3679178 0.3798440 0.3650114 0.3312049 0.5667170 0.5983141 0.5476012 1.1699253 0.7528658 1.1885748 1.2579870 1.1921673 1.1960644 1.1125932 1.1252654 1.0980353 1.1242590 1.0619890 1.1285122 1.1514670 1.1182653 1.1257105 1.0924736 1.0681073 1.1367838 0.9946225 0.9779916 0.9708163 0.9837542 0.8909247 0.8614420 1.0847229 1.1294600 0.7970892 0.8608381 0.8069317 0.8401273 0.8676389 0.7863125 0.7882761 0.7770175 0.7889742 0.8855617 0.8497258 1.0962400 1.0135930 0.9484845 0.9250267 0.9685260 0.9350213 0.9678796 0.9148223 0.8960430 0.7483542 0.8276199 0.8439740 0.7915448 0.8303857 0.8325942 0.8170950 0.8313550 0.8439073 0.8125075 2.5556676 2.1233447 2.1393611 2.1314798 
B.GB.14.13659_1_64.3.MF109452          0.9195032 0.7503210 0.4998323 0.4930648 0.4777511 0.4958958 0.5122603 0.4411354 0.4529183 0.4450382 0.4402577 0.4872669 0.4421029 0.4634937 0.4527179 0.4516241 0.4020012 0.4549765 0.4260646 0.4287830 0.0000000 0.4183148 0.4078271 0.4116673 0.4211575 0.4097289 0.4016024 0.3594673 0.3642454 0.4013546 0.3863850 0.3668022 0.3759931 0.3484662 0.3824308 0.3606517 0.3278543 0.6320661 0.6538176 0.5976778 1.1991502 0.8203945 1.2412622 1.2907920 1.2468269 1.2477029 1.1608873 1.1774792 1.1353147 1.1756788 1.1032486 1.2181487 1.2010025 1.1680084 1.1848713 1.1659142 1.1416147 1.1788507 1.0265686 1.0519949 1.0040045 1.0212915 0.9337245 0.9296401 1.1235983 1.1718161 0.8258118 0.8717191 0.8442391 0.8846126 0.9264510 0.8351007 0.8483880 0.8192158 0.8266544 0.8970184 0.8835083 1.1324312 1.0443681 0.9841413 0.9528738 0.9945514 0.9816842 1.0335140 0.9580059 0.9390385 0.7957116 0.8808359 0.8918991 0.8300236 0.8897218 0.8628729 0.8732544 0.8714788 0.9047855 0.8604837 2.5683783 2.1048166 2.1704508 2.1790809 
B.BR.10.10BR_PE101.KT427697            0.8436875 0.6829702 0.4433543 0.4362709 0.4056550 0.4499090 0.4218779 0.3930457 0.3928446 0.3938142 0.4302916 0.4175397 0.3929898 0.4164849 0.4023340 0.3841681 0.4422087 0.3888255 0.4192248 0.3728037 0.4183148 0.0000000 0.4221749 0.3592047 0.3610205 0.3348770 0.4068371 0.3756179 0.3802965 0.3959327 0.3818008 0.3595975 0.3740602 0.3585544 0.3744648 0.3656518 0.3261159 0.5469792 0.5826713 0.5381002 1.1520445 0.7337097 1.2010953 1.2650130 1.1923894 1.1972902 1.1043935 1.1090209 1.1152460 1.1227832 1.0723566 1.1129801 1.1197937 1.1242422 1.1103926 1.0820892 1.0834159 1.1285647 0.9640942 0.9791007 0.9693682 0.9591725 0.8726977 0.8595049 1.0631868 1.1083887 0.7691971 0.8221366 0.7817725 0.8115204 0.8549179 0.7679919 0.7858990 0.7581278 0.7627173 0.8585159 0.8205334 1.0797015 0.9891593 0.9259679 0.9040602 0.9346111 0.9249608 0.9528013 0.9022483 0.8938523 0.7242878 0.8011148 0.8521578 0.7617181 0.8247994 0.8000665 0.8318759 0.8011587 0.8417623 0.7839650 2.6381035 2.0887445 2.1788314 2.1848897 
B.US.10.DEMB10US011.KC473830           0.9426997 0.7495179 0.4819262 0.4895010 0.4702376 0.5012960 0.4977694 0.4500877 0.4527709 0.4484533 0.4038221 0.4748333 0.4530336 0.4721831 0.4525807 0.4359240 0.4257591 0.4539350 0.4098908 0.4151261 0.4078271 0.4221749 0.0000000 0.4142534 0.4194422 0.4085786 0.4022061 0.3254772 0.3395183 0.4018827 0.3930930 0.3555212 0.3788831 0.3559492 0.3809757 0.3681520 0.3242513 0.6363360 0.6358141 0.6020484 1.1834955 0.8129146 1.2225848 1.2934448 1.2369180 1.2464489 1.1365701 1.1460364 1.1078660 1.1456753 1.1221181 1.1743826 1.1615750 1.1746826 1.1286460 1.1256465 1.1303514 1.1879969 0.9960501 1.0568711 1.0351472 1.0345794 0.9598530 0.9111913 1.1410660 1.1825686 0.8530273 0.8782056 0.8600867 0.8943374 0.9110883 0.8252928 0.8486371 0.8223213 0.8377444 0.9025817 0.8999589 1.1721609 1.0674190 0.9958095 0.9684001 1.0153933 0.9729614 1.0138537 0.9704102 0.9500833 0.7981080 0.8693768 0.8996066 0.8315310 0.8955289 0.8874486 0.8700671 0.8671643 0.9288665 0.8566719 2.6154766 2.2246191 2.2198014 2.2637402 
B.US.07.502_0823_05.JF320530           0.8480937 0.6309888 0.4432243 0.3820433 0.4145381 0.3965825 0.3725343 0.3739965 0.3929224 0.3929028 0.4321353 0.3749898 0.3921125 0.4075315 0.3960181 0.3823193 0.4411083 0.3424503 0.4318942 0.3757401 0.4116673 0.3592047 0.4142534 0.0000000 0.3017627 0.3131208 0.4004540 0.3667552 0.3778964 0.3979819 0.3913484 0.3584379 0.3773097 0.3581330 0.3757546 0.3637856 0.3312018 0.5447067 0.5651981 0.5273746 1.1217101 0.7244609 1.1640582 1.2193805 1.1552124 1.1694477 1.0805480 1.0813047 1.0594155 1.0944449 1.0557289 1.1197256 1.1125844 1.0839064 1.0928902 1.0725826 1.0589111 1.1046535 0.9540586 0.9471295 0.9643992 0.9517149 0.8792402 0.8715039 1.0672690 1.0986660 0.7707313 0.8163812 0.7846332 0.8071141 0.8661371 0.7497120 0.7728696 0.7544893 0.7606043 0.8647301 0.8365485 1.1050242 0.9893732 0.9420512 0.9109562 0.9312018 0.9231037 0.9429768 0.9221442 0.8889135 0.7178411 0.8042493 0.8456122 0.7767969 0.8316115 0.8093214 0.8211576 0.7967682 0.8308336 0.7867135 2.6316489 2.1735624 2.0980721 2.1414848 
B.US.07.HIV_US_BID_V4516_2007.JQ403096 0.8566403 0.6250356 0.4587071 0.3841483 0.4146184 0.3915749 0.3830808 0.3767871 0.3946838 0.4020074 0.4438039 0.3723364 0.3884957 0.4162914 0.3995187 0.3824851 0.4370581 0.3514344 0.4247296 0.3731069 0.4211575 0.3610205 0.4194422 0.3017627 0.0000000 0.3153750 0.4100151 0.3650022 0.3873171 0.3990119 0.3921982 0.3629497 0.3707123 0.3690881 0.3771002 0.3664745 0.3355751 0.5534602 0.5789462 0.5381347 1.1291052 0.7315861 1.1763712 1.2203178 1.1469316 1.1588147 1.0814154 1.0655188 1.0785521 1.0790929 1.0492035 1.0887901 1.0925969 1.0894824 1.0774662 1.0470736 1.0515056 1.0804675 0.9794147 0.9580691 0.9520200 0.9448846 0.8778420 0.8619971 1.0746497 1.0935609 0.7694938 0.8040024 0.7960503 0.8073821 0.8690126 0.7640205 0.7971585 0.7745333 0.7708499 0.8448409 0.8136618 1.0796754 0.9984990 0.9187170 0.8990955 0.9173605 0.9134756 0.9408293 0.9013828 0.8761571 0.7294009 0.8016701 0.8462937 0.7648714 0.8151615 0.8052350 0.8287350 0.8023119 0.8240631 0.7813424 2.6533732 2.0921692 2.1714191 2.1820304 
B.KR.05.05YJN2.JQ316134                0.8237912 0.6249234 0.4313338 0.3914817 0.3995418 0.3884477 0.3766601 0.3663731 0.3640000 0.3776759 0.4243302 0.3779208 0.3754634 0.3981003 0.3847372 0.3657865 0.4159476 0.3435362 0.4038692 0.3550537 0.4097289 0.3348770 0.4085786 0.3131208 0.3153750 0.0000000 0.3840902 0.3557288 0.3614261 0.3690074 0.3624396 0.3411388 0.3547260 0.3489123 0.3657673 0.3399404 0.3097283 0.5285207 0.5525599 0.5146734 1.1184283 0.7121538 1.1708167 1.2252359 1.1473015 1.1838413 1.0786314 1.0642468 1.0660617 1.0767611 1.0279423 1.1118763 1.1078515 1.0816036 1.0829556 1.0618206 1.0723038 1.1024360 0.9353516 0.9498672 0.9291503 0.9293805 0.8524287 0.8617115 1.0628137 1.1041904 0.7649897 0.7852774 0.7683467 0.7969765 0.8331804 0.7361522 0.7590316 0.7418630 0.7381944 0.8301708 0.7987250 1.0722636 0.9605843 0.9055626 0.8848551 0.9042904 0.8865841 0.9117650 0.8820188 0.8652385 0.6923867 0.7794650 0.8104526 0.7372985 0.7996789 0.7941546 0.8096395 0.7719918 0.8043558 0.7674701 2.5458017 2.0705208 2.1293995 2.1388882 
B.BR.10.10BR_RJ088.KT427763            0.9269439 0.7290005 0.4527789 0.4810029 0.4480462 0.4772606 0.4712468 0.4263451 0.4324260 0.4389436 0.4121609 0.4554234 0.4265468 0.4408443 0.4247583 0.4119615 0.4179173 0.4349828 0.4043040 0.4153396 0.4016024 0.4068371 0.4022061 0.4004540 0.4100151 0.3840902 0.0000000 0.3588200 0.3620905 0.3545240 0.3445575 0.3283678 0.3351868 0.3283330 0.3492407 0.3378479 0.2956464 0.5942441 0.6389152 0.5687655 1.1711771 0.7949485 1.2244195 1.2589422 1.2167340 1.2391416 1.1277781 1.1258262 1.0833021 1.1383133 1.1009446 1.1573222 1.1494079 1.1475239 1.1330926 1.1055035 1.1132351 1.1584317 0.9942609 1.0022556 1.0044815 1.0035164 0.9086461 0.9110936 1.1161017 1.1661217 0.8034123 0.8615123 0.8370889 0.8606006 0.8909557 0.8175348 0.8256220 0.8080317 0.7976570 0.8836873 0.8641617 1.0873971 1.0198556 0.9692006 0.9203415 0.9828372 0.9539210 1.0015936 0.9221915 0.8985235 0.7681278 0.8545675 0.8714146 0.8041768 0.8564808 0.8534380 0.8757255 0.8353232 0.8667385 0.8185467 2.6146037 2.1288278 2.1974764 2.2026588 
B.US.06.502_0341_FL05.JF320003         0.8918148 0.6824844 0.4288527 0.4379438 0.4174849 0.4501436 0.4515701 0.3872628 0.3926597 0.4016451 0.3692003 0.4268674 0.3923351 0.4204273 0.3995796 0.3933040 0.3792855 0.4027301 0.3679167 0.3767693 0.3594673 0.3756179 0.3254772 0.3667552 0.3650022 0.3557288 0.3588200 0.0000000 0.2760195 0.3552453 0.3408796 0.3196111 0.3251447 0.3081240 0.3278012 0.3205568 0.2808746 0.5750116 0.5930550 0.5504269 1.1223064 0.7561589 1.1918108 1.2415310 1.1681840 1.1588905 1.1106142 1.0794407 1.0627165 1.1094758 1.0615992 1.1180573 1.0941700 1.0824096 1.0848915 1.0728189 1.0663125 1.0998330 0.9840157 0.9794125 0.9864929 0.9834034 0.9092211 0.8790292 1.0635568 1.0954722 0.7862496 0.8233836 0.7844564 0.8328558 0.8584633 0.7710539 0.8045015 0.7702701 0.7795159 0.8600687 0.8289454 1.0961022 0.9891241 0.9385724 0.9128418 0.9479680 0.9273648 0.9376535 0.9016939 0.8904913 0.7290936 0.8240384 0.8518657 0.7759161 0.8298480 0.8142544 0.8102388 0.8081686 0.8390871 0.7980260 2.5903828 2.0742900 2.1056810 2.1386821 
B.US.98.98USHVTN3605c9.AY560108        0.8762434 0.6986834 0.4505050 0.4371533 0.4219619 0.4534614 0.4374857 0.4137633 0.4083722 0.3998313 0.3749618 0.4342921 0.3966875 0.4207913 0.4021740 0.3935199 0.3908886 0.4143541 0.3639603 0.3817406 0.3642454 0.3802965 0.3395183 0.3778964 0.3873171 0.3614261 0.3620905 0.2760195 0.0000000 0.3507935 0.3398751 0.3242513 0.3291416 0.3141617 0.3340574 0.3271031 0.2875482 0.5680548 0.6085733 0.5604862 1.1289557 0.7630965 1.1990766 1.2702480 1.1681109 1.1932535 1.1181181 1.1117926 1.0865659 1.1243151 1.0678386 1.1504418 1.1313216 1.1057200 1.1104472 1.0831385 1.0792535 1.1372029 0.9579428 0.9819788 0.9908564 0.9692472 0.8847249 0.8786053 1.0706221 1.1086713 0.7914434 0.8212233 0.7924241 0.8462374 0.8620519 0.7763904 0.8031621 0.7610372 0.7757519 0.8776658 0.8462577 1.0845442 0.9838245 0.9216206 0.9075801 0.9304355 0.9226734 0.9391498 0.9095746 0.8793499 0.7504345 0.8270178 0.8395676 0.7911337 0.8428115 0.8376550 0.8164463 0.8172220 0.8662883 0.8086021 2.5550310 2.1739578 2.1748434 2.1747534 
B.ES.13.P6.KT200348                    0.9096122 0.7063210 0.4536041 0.4716392 0.4453532 0.4764605 0.4685628 0.4436745 0.4275525 0.4273105 0.4152256 0.4657006 0.4152213 0.4488539 0.4385320 0.4220524 0.4140010 0.4327060 0.4100901 0.4075986 0.4013546 0.3959327 0.4018827 0.3979819 0.3990119 0.3690074 0.3545240 0.3552453 0.3507935 0.0000000 0.3437846 0.2852993 0.3256079 0.3133141 0.3564655 0.3373084 0.3019100 0.5859481 0.6177260 0.5839410 1.2009559 0.7909916 1.2250177 1.2802931 1.2267113 1.2365713 1.1415392 1.1495652 1.1188293 1.1499583 1.1153213 1.1691911 1.1827527 1.1571399 1.1486227 1.1358373 1.1457235 1.1933366 1.0075962 1.0314181 1.0041568 1.0120906 0.9296414 0.9126079 1.1281396 1.1503964 0.8431884 0.8666212 0.8318199 0.8522635 0.9078818 0.8155863 0.8341895 0.8175759 0.8156327 0.9052121 0.8640445 1.1400292 1.0160320 0.9758596 0.9462169 0.9727544 0.9834715 1.0270620 0.9646908 0.9374463 0.7698907 0.8594997 0.8995303 0.8086097 0.8721934 0.8541853 0.8865678 0.8451280 0.8970934 0.8434964 2.6241946 2.1134812 2.1605510 2.1683586 
B.US.14.CP10.KX505739                  0.8899273 0.7053182 0.4502795 0.4589809 0.4239930 0.4645194 0.4507811 0.4107850 0.4171957 0.4113503 0.4101594 0.4417228 0.4043220 0.4235886 0.4036587 0.3960737 0.4004392 0.4167177 0.3876601 0.3861672 0.3863850 0.3818008 0.3930930 0.3913484 0.3921982 0.3624396 0.3445575 0.3408796 0.3398751 0.3437846 0.0000000 0.3157482 0.3175403 0.3028383 0.3397282 0.3117175 0.2788185 0.5820475 0.6142274 0.5732665 1.1422422 0.7668149 1.2163997 1.2685113 1.2200278 1.1915374 1.1175196 1.1271009 1.1167853 1.1528820 1.0715712 1.1308413 1.1399172 1.1431324 1.1115313 1.0994152 1.1118196 1.1478719 0.9929689 1.0047725 0.9926439 1.0050648 0.9086260 0.8959562 1.0648387 1.1331123 0.8181138 0.8455830 0.8354044 0.8575767 0.8857923 0.8180946 0.8354883 0.8027451 0.8069557 0.8881275 0.8566689 1.1128638 1.0232817 0.9467131 0.9236304 0.9669050 0.9388050 0.9614460 0.9083078 0.8962180 0.7501956 0.8358794 0.8832272 0.7999808 0.8530322 0.8545021 0.8728903 0.8436821 0.8723359 0.8391810 2.6293012 2.1151290 2.1614004 2.1792187 
B.ES.14.EUR_0043.KU685583              0.8638379 0.6721161 0.4265845 0.4361181 0.4110904 0.4344505 0.4338198 0.4006934 0.3946985 0.4027554 0.3885389 0.4215043 0.3936056 0.4219033 0.4009172 0.3854753 0.3844061 0.4007205 0.3757215 0.3738564 0.3668022 0.3595975 0.3555212 0.3584379 0.3629497 0.3411388 0.3283678 0.3196111 0.3242513 0.2852993 0.3157482 0.0000000 0.2955859 0.2738056 0.3187174 0.3049273 0.2680281 0.5638357 0.6039120 0.5532920 1.1441745 0.7409075 1.1874774 1.2672153 1.1439245 1.2048190 1.0955558 1.1175567 1.1092355 1.1232602 1.0589422 1.1292330 1.1185005 1.1058174 1.0769014 1.0790370 1.0813291 1.1179513 0.9605108 1.0056800 0.9878758 0.9911747 0.9018575 0.8614373 1.0871272 1.1080996 0.7910099 0.8325326 0.8017233 0.8199337 0.8679334 0.7710908 0.7848251 0.7920695 0.7797134 0.8675213 0.8347098 1.0895243 1.0156738 0.9325420 0.9081566 0.9473529 0.9296517 0.9516167 0.9085079 0.8974977 0.7521254 0.8250269 0.8420173 0.7720663 0.8144114 0.8241938 0.8472582 0.8110668 0.8525215 0.7952211 2.5247228 2.0828357 2.1345899 2.1182647 
B.US.97.1013_03.AY331287               0.8749063 0.6854968 0.4316076 0.4527943 0.4270999 0.4540451 0.4453009 0.3988391 0.4138206 0.4049538 0.3951553 0.4340476 0.4049450 0.4278034 0.4098942 0.4012162 0.3916869 0.4120828 0.3682933 0.3857710 0.3759931 0.3740602 0.3788831 0.3773097 0.3707123 0.3547260 0.3351868 0.3251447 0.3291416 0.3256079 0.3175403 0.2955859 0.0000000 0.2840960 0.3282174 0.3060927 0.2704094 0.5782096 0.5893833 0.5442136 1.1521695 0.7743631 1.1879640 1.2766618 1.1685607 1.1975550 1.1101074 1.1251437 1.1130335 1.1414989 1.0927066 1.1461767 1.1340068 1.1017550 1.1069498 1.0804813 1.0831778 1.1471882 0.9646632 1.0023636 0.9453694 0.9876245 0.8882515 0.8671360 1.0813364 1.1156641 0.7864013 0.8335984 0.8023295 0.8295519 0.8587720 0.7733027 0.7962042 0.7840918 0.7812224 0.8681769 0.8339999 1.0825421 1.0214340 0.9241251 0.9231526 0.9417093 0.9579944 0.9724222 0.9181128 0.9004135 0.7454755 0.8292954 0.8350484 0.7940787 0.8377042 0.8428468 0.8465911 0.8346947 0.8488798 0.8149811 2.6038953 2.1241212 2.1733548 2.2240969 
B.DK.01.CTL_043.EF514712               0.8619775 0.6959679 0.4220143 0.4368671 0.4071092 0.4503462 0.4376846 0.3860324 0.3841081 0.3875316 0.3791588 0.4342131 0.3970845 0.4156747 0.4019587 0.3832208 0.3732279 0.3911425 0.3642116 0.3679178 0.3484662 0.3585544 0.3559492 0.3581330 0.3690881 0.3489123 0.3283330 0.3081240 0.3141617 0.3133141 0.3028383 0.2738056 0.2840960 0.0000000 0.3145587 0.2958695 0.2629888 0.5534385 0.5808824 0.5339816 1.1203192 0.7519989 1.1851530 1.2277469 1.1435847 1.1719300 1.0838027 1.1054556 1.0803511 1.1144066 1.0546216 1.1073598 1.0996307 1.0886973 1.0721073 1.0810232 1.0644730 1.1085120 0.9662408 0.9899066 0.9566321 0.9626842 0.8704194 0.8803153 1.0634569 1.0840053 0.7759820 0.8096395 0.7919539 0.8092292 0.8501952 0.7710201 0.7844877 0.7648084 0.7852065 0.8470677 0.8228739 1.1001969 0.9762864 0.9093105 0.8959735 0.9264404 0.9043595 0.9582991 0.9098123 0.8812869 0.7276161 0.8175894 0.8456354 0.7551560 0.8226924 0.8102289 0.8151134 0.8010823 0.8409569 0.7905053 2.5793093 2.0739167 2.1082646 2.0971643 
B.DK.04.PMVL_039.EF514703              0.8954407 0.6960950 0.4525579 0.4443201 0.4318961 0.4686020 0.4423971 0.4067704 0.4226552 0.4122322 0.4107639 0.4421554 0.4101707 0.4333034 0.4038243 0.3972392 0.3910555 0.4101498 0.3902804 0.3798440 0.3824308 0.3744648 0.3809757 0.3757546 0.3771002 0.3657673 0.3492407 0.3278012 0.3340574 0.3564655 0.3397282 0.3187174 0.3282174 0.3145587 0.0000000 0.2875643 0.2519290 0.5938445 0.6117624 0.5751821 1.1508369 0.7500681 1.1984252 1.2617382 1.2056981 1.2056413 1.1144084 1.1255675 1.0908609 1.1353624 1.0887757 1.1400127 1.1439255 1.0987157 1.1058956 1.0973268 1.0721338 1.1362844 0.9893293 1.0133617 0.9789822 0.9820017 0.9097738 0.8894758 1.1070262 1.1358104 0.7855531 0.8432186 0.8204205 0.8359709 0.8671922 0.8014791 0.8132968 0.7961791 0.7999911 0.8736792 0.8502791 1.1080094 1.0216117 0.9369821 0.9337502 0.9359587 0.9348630 0.9609826 0.9065568 0.8952637 0.7451425 0.8290186 0.8626683 0.7883364 0.8277120 0.8079717 0.8479632 0.8214680 0.8593594 0.8067790 2.6727105 2.1960529 2.2104360 2.2482682 
B.US.05.05US_SAJ_NVS16.JF689854        0.8696060 0.6781424 0.4322739 0.4418096 0.4047464 0.4396556 0.4396464 0.3933641 0.3988620 0.3925394 0.3877160 0.4132492 0.3945695 0.4071658 0.3943443 0.3856416 0.3817056 0.3982695 0.3703776 0.3650114 0.3606517 0.3656518 0.3681520 0.3637856 0.3664745 0.3399404 0.3378479 0.3205568 0.3271031 0.3373084 0.3117175 0.3049273 0.3060927 0.2958695 0.2875643 0.0000000 0.2067884 0.5657939 0.6019934 0.5464879 1.1425188 0.7600660 1.1891187 1.2349044 1.1585728 1.1917722 1.1092685 1.1183948 1.0847073 1.1319440 1.0685359 1.1318632 1.1372887 1.1147570 1.0958042 1.0763396 1.0875579 1.1159319 0.9537055 0.9899186 0.9817963 0.9933445 0.8897930 0.8697225 1.0976906 1.1337260 0.7690220 0.8209656 0.7821904 0.8239832 0.8470980 0.7608995 0.7799457 0.7562287 0.7744339 0.8680602 0.8472005 1.0923357 1.0124084 0.9317660 0.9168873 0.9451235 0.9334888 0.9559852 0.9130067 0.9030903 0.7439287 0.8197914 0.8449371 0.7705742 0.8221938 0.8118762 0.8376012 0.8211471 0.8436529 0.8138714 2.6559032 2.1021260 2.1284105 2.1733322 
B.US.06.06US_SAJ_NVS31.JF689873        0.8367562 0.6511071 0.3947194 0.4016813 0.3825464 0.4168033 0.4036685 0.3622584 0.3715237 0.3593838 0.3528274 0.3882383 0.3539433 0.3757112 0.3567436 0.3460140 0.3437094 0.3624870 0.3382439 0.3312049 0.3278543 0.3261159 0.3242513 0.3312018 0.3355751 0.3097283 0.2956464 0.2808746 0.2875482 0.3019100 0.2788185 0.2680281 0.2704094 0.2629888 0.2519290 0.2067884 0.0000000 0.5346322 0.5658118 0.5164685 1.1212409 0.7228005 1.1572644 1.2045360 1.1485804 1.1578156 1.0828897 1.0746112 1.0612706 1.1048889 1.0550314 1.1181066 1.1209559 1.0864609 1.0963225 1.0670163 1.0809439 1.1006484 0.9111248 0.9610312 0.9510813 0.9521185 0.8599062 0.8327149 1.0317324 1.1055248 0.7496264 0.8000389 0.7583457 0.7888153 0.8039797 0.7407058 0.7494719 0.7156952 0.7258292 0.8261547 0.8122133 1.0482497 0.9639090 0.8912901 0.8674242 0.8966198 0.8894162 0.9187975 0.8677149 0.8411191 0.7111361 0.8069206 0.8134008 0.7517632 0.7710144 0.8016094 0.7936302 0.7803534 0.8140295 0.7683367 2.5793392 2.0794674 2.1109901 2.1604788 
21_A2D.KE.91.KNH1254.AY945737          0.7246494 0.8675890 0.6481661 0.6354570 0.6182227 0.6272819 0.6027359 0.5473375 0.5967624 0.5930767 0.6314330 0.5970067 0.5877887 0.6045285 0.5971731 0.5661712 0.6310427 0.5816265 0.6258435 0.5667170 0.6320661 0.5469792 0.6363360 0.5447067 0.5534602 0.5285207 0.5942441 0.5750116 0.5680548 0.5859481 0.5820475 0.5638357 0.5782096 0.5534385 0.5938445 0.5657939 0.5346322 0.0000000 0.5236415 0.4687101 1.0445414 0.6192740 1.1170646 1.1237787 1.0622803 1.1132008 0.9998339 0.9962277 0.9773608 1.0063919 0.9468749 1.0413923 1.0052001 1.0183576 1.0138068 0.9980306 1.0065883 1.0402146 0.8648157 0.8557534 0.8519929 0.8209434 0.7490427 0.7660979 0.9597125 1.0158770 0.6735458 0.7101062 0.6844082 0.7113913 0.7427544 0.6548481 0.6678401 0.6577724 0.6519619 0.7418327 0.7258586 0.9707075 0.9045991 0.8360177 0.8106844 0.8320158 0.8277327 0.8509759 0.7999625 0.7793098 0.6270276 0.6961186 0.7365270 0.6656717 0.7134439 0.7160168 0.6990104 0.6936629 0.7261750 0.6724419 2.4860810 1.9986818 1.9664132 2.0437318 
