94
RESTV_M.fas-tc_USA_89_Philippines89-Pennsylvania_NC_004161 0.0000000 0.0254164 0.0339971 2.0431526 2.0747258 1.9148802 1.9152310 1.9136032 1.9155882 1.9357858 1.9397865 1.9307607 1.9255661 1.9527800 1.9511879 1.9518265 1.9518613 1.9521463 1.9528488 1.9526581 1.9534803 1.9481900 1.9498125 1.9539647 1.9515475 1.9510149 1.9510149 1.9508360 1.9514744 1.9498219 1.9494321 1.9509553 1.9501941 1.9506270 1.9500027 1.9500027 1.9497470 1.9502523 1.9494664 1.9495206 1.9495206 1.9501815 1.9507947 1.9510575 1.9492312 1.9494971 1.9517345 1.9511590 1.9515547 1.9503577 1.9501019 1.9511144 1.9503431 1.9502693 1.9512380 1.9507352 1.9480641 1.9495463 1.9489647 1.9503204 1.9500868 1.9498063 1.9498063 1.9495257 1.9526620 1.9502855 1.9509272 1.9501137 1.9512951 1.9516202 1.9515379 1.9492843 1.9500330 1.9524783 1.9519096 1.9505605 1.9521608 1.9497914 1.9541384 1.9533331 1.9527499 1.9554004 1.9554004 1.9549041 1.9546603 1.9533465 1.9482467 1.9482467 1.9518606 1.9508723 1.9513132 1.9515155 1.8707800 1.8704357 
RESTV_S.dom-tc_PHL_08_Reston08-A_FJ621583                  0.0254164 0.0000000 0.0522875 2.0717682 2.1112316 1.9336973 1.9340500 1.9324012 1.9344063 1.9532106 1.9583244 1.9501492 1.9416287 1.9754495 1.9738361 1.9744038 1.9744384 1.9748087 1.9755351 1.9747350 1.9755689 1.9708042 1.9724496 1.9766510 1.9742058 1.9736660 1.9736660 1.9734852 1.9741291 1.9740401 1.9736476 1.9736057 1.9728332 1.9732765 1.9726399 1.9726399 1.9723835 1.9728906 1.9721014 1.9719406 1.9719406 1.9728207 1.9733891 1.9734937 1.9718546 1.9737126 1.9743911 1.9738097 1.9742095 1.9729976 1.9727412 1.9737729 1.9729840 1.9729013 1.9723182 1.9733875 1.9706829 1.9721826 1.9715877 1.9729594 1.9727259 1.9724438 1.9724438 1.9721617 1.9753299 1.9725491 1.9751689 1.9743412 1.9755474 1.9758676 1.9741930 1.9719009 1.9726733 1.9751484 1.9763831 1.9730065 1.9748208 1.9724225 1.9768411 1.9757996 1.9752060 1.9781130 1.9781130 1.9774016 1.9773653 1.9760290 1.9718751 1.9718751 1.9745242 1.9739655 1.9739802 1.9742503 1.8886527 1.8883059 
RESTV_S.dom-xx_PHL_08_Reston08-C_FJ621584                  0.0339971 0.0522875 0.0000000 2.0468749 2.0833501 1.9098430 1.9095660 1.9079486 1.9097957 1.9306259 1.9342314 1.9260300 1.9216835 1.9521394 1.9502919 1.9500504 1.9500851 1.9508732 1.9515729 1.9511701 1.9519898 1.9474316 1.9487587 1.9528999 1.9501990 1.9496678 1.9496678 1.9494894 1.9501262 1.9484782 1.9480893 1.9496084 1.9488493 1.9492808 1.9486585 1.9486585 1.9484032 1.9489074 1.9481233 1.9481774 1.9481774 1.9493410 1.9494487 1.9497104 1.9478892 1.9481541 1.9505990 1.9498116 1.9502063 1.9490126 1.9487573 1.9497667 1.9489980 1.9489248 1.9498897 1.9493886 1.9467246 1.9482029 1.9476233 1.9494027 1.9487423 1.9484624 1.9484624 1.9481824 1.9513108 1.9489400 1.9495800 1.9487689 1.9505812 1.9502714 1.9519586 1.9479427 1.9486885 1.9509139 1.9484175 1.9494691 1.9508110 1.9484479 1.9527822 1.9519797 1.9513983 1.9540411 1.9540411 1.9535458 1.9533029 1.9519931 1.9466944 1.9466944 1.9505111 1.9495249 1.9499646 1.9503877 1.8722227 1.8718784 
TAFV_H.sap-tc_CIV_94_Pauleoula-CI_NC_014372                2.0431526 2.0717682 2.0468749 0.0000000 0.8211684 1.3967049 1.3964759 1.3977840 1.3987833 1.4062269 1.4081834 1.4042319 1.4077599 1.4229980 1.4242719 1.4231762 1.4232160 1.4230692 1.4243964 1.4250656 1.4256125 1.4233318 1.4226044 1.4223138 1.4230159 1.4227492 1.4227492 1.4225260 1.4229762 1.4222812 1.4223028 1.4233842 1.4233258 1.4211008 1.4217746 1.4217746 1.4219843 1.4219843 1.4217531 1.4220803 1.4220803 1.4219978 1.4219286 1.4225513 1.4219420 1.4220798 1.4224559 1.4230025 1.4227232 1.4224900 1.4222669 1.4209330 1.4219071 1.4227986 1.4218389 1.4222774 1.4215163 1.4214345 1.4221590 1.4211386 1.4221660 1.4224453 1.4224453 1.4222140 1.4231922 1.4210983 1.4233510 1.4227519 1.4239102 1.4231296 1.4234157 1.4231346 1.4228358 1.4228909 1.4219043 1.4233569 1.4223032 1.4210968 1.4263301 1.4241453 1.4244218 1.4247037 1.4247037 1.4243945 1.4259011 1.4235141 1.4229662 1.4229662 1.4221626 1.4205197 1.4243945 1.4241995 2.1243287 2.1239495 
BDBV_H.sap-xx_COD_12_EboBund-122_KC545395                  2.0747258 2.1112316 2.0833501 0.8211684 0.0000000 1.4071316 1.4074109 1.4089462 1.4086342 1.4162146 1.4195038 1.4118338 1.4164001 1.4362611 1.4360273 1.4364833 1.4362571 1.4362567 1.4366825 1.4378519 1.4373543 1.4362776 1.4398415 1.4395673 1.4329693 1.4329652 1.4329652 1.4331776 1.4334254 1.4339427 1.4341371 1.4333430 1.4331134 1.4326861 1.4323215 1.4323215 1.4320956 1.4325339 1.4321273 1.4319976 1.4319976 1.4321091 1.4325946 1.4331109 1.4330111 1.4332214 1.4332709 1.4336283 1.4334579 1.4318833 1.4320956 1.4334236 1.4317641 1.4313315 1.4322749 1.4317272 1.4317932 1.4329291 1.4319251 1.4316719 1.4326857 1.4324514 1.4324514 1.4322170 1.4323328 1.4319518 1.4343280 1.4340068 1.4360303 1.4345448 1.4322825 1.4333601 1.4318585 1.4340709 1.4341999 1.4334393 1.4321648 1.4340518 1.4365161 1.4344185 1.4349605 1.4360654 1.4360654 1.4332208 1.4345989 1.4345408 1.4343424 1.4343424 1.4337037 1.4354089 1.4353225 1.4350896 2.2951027 2.2947009 
EBOV_H.sap-tc_COD_07_1Luebo_KC242786                       1.9148802 1.9336973 1.9098430 1.3967049 1.4071316 0.0000000 0.0000512 0.0003587 0.0005125 0.0230249 0.0240871 0.0228081 0.0190795 0.0331564 0.0327004 0.0326841 0.0327400 0.0322326 0.0327444 0.0322954 0.0323521 0.0330264 0.0330331 0.0328002 0.0328603 0.0325772 0.0325772 0.0326330 0.0326897 0.0326382 0.0328074 0.0328030 0.0326346 0.0326990 0.0325817 0.0325817 0.0325902 0.0326375 0.0326941 0.0328639 0.0328639 0.0326380 0.0327506 0.0326946 0.0326427 0.0328643 0.0330328 0.0329206 0.0327512 0.0328722 0.0328158 0.0326928 0.0328636 0.0329240 0.0328714 0.0328087 0.0328669 0.0329805 0.0329193 0.0328689 0.0328831 0.0328269 0.0328269 0.0328836 0.0329727 0.0330314 0.0329245 0.0330948 0.0330397 0.0329199 0.0329850 0.0331007 0.0329119 0.0332069 0.0330378 0.0328831 0.0333240 0.0331493 0.0334438 0.0331535 0.0329852 0.0330992 0.0330992 0.0333795 0.0330977 0.0332031 0.0334289 0.0334289 0.0333247 0.0332298 0.0332603 0.0332605 2.0120850 2.0123727 
EBOV_H.sap-tc_COD_07_M-M_HQ613403                          1.9152310 1.9340500 1.9095660 1.3964759 1.4074109 0.0000512 0.0000000 0.0003074 0.0004612 0.0229702 0.0240323 0.0227535 0.0190255 0.0331001 0.0326443 0.0326280 0.0326838 0.0321765 0.0326882 0.0322393 0.0322960 0.0329702 0.0329769 0.0327440 0.0328041 0.0325210 0.0325210 0.0325769 0.0326336 0.0325821 0.0327512 0.0327468 0.0325785 0.0326429 0.0325255 0.0325255 0.0325340 0.0325813 0.0326379 0.0328077 0.0328077 0.0325819 0.0326944 0.0326384 0.0325865 0.0328081 0.0329766 0.0328644 0.0326950 0.0328160 0.0327596 0.0326366 0.0328074 0.0328678 0.0328152 0.0327525 0.0328107 0.0329243 0.0328631 0.0328127 0.0328269 0.0327707 0.0327707 0.0328273 0.0329165 0.0329752 0.0328683 0.0330386 0.0329835 0.0328637 0.0329288 0.0330444 0.0328557 0.0331506 0.0329816 0.0328269 0.0332677 0.0330931 0.0333875 0.0330972 0.0329289 0.0330429 0.0330429 0.0333233 0.0330415 0.0331469 0.0333726 0.0333726 0.0332684 0.0331735 0.0332041 0.0332041 2.0117973 2.0120850 
EBOV_H.sap-tc_COD_07_5Luebo_KC242790                       1.9136032 1.9324012 1.9079486 1.3977840 1.4089462 0.0003587 0.0003074 0.0000000 0.0007699 0.0233171 0.0243811 0.0231000 0.0193657 0.0334646 0.0330079 0.0329915 0.0330474 0.0325393 0.0330519 0.0326023 0.0326590 0.0333343 0.0333411 0.0331078 0.0331680 0.0328844 0.0328844 0.0329404 0.0329972 0.0329456 0.0331151 0.0331106 0.0329420 0.0330065 0.0328890 0.0328890 0.0328976 0.0329449 0.0330016 0.0331716 0.0331716 0.0329454 0.0330582 0.0330020 0.0329501 0.0331720 0.0333408 0.0332284 0.0330588 0.0331800 0.0331235 0.0330002 0.0331713 0.0332318 0.0331792 0.0331164 0.0331747 0.0332885 0.0332271 0.0331767 0.0331910 0.0331347 0.0331347 0.0331915 0.0332805 0.0333394 0.0332323 0.0334029 0.0333477 0.0332277 0.0332930 0.0334088 0.0332196 0.0335151 0.0333458 0.0331910 0.0336325 0.0334575 0.0337525 0.0334617 0.0332931 0.0334073 0.0334073 0.0336881 0.0334058 0.0335113 0.0337374 0.0337374 0.0336332 0.0335382 0.0335686 0.0335693 2.0106956 2.0109831 
EBOV_H.sap-tc_COD_08_034-KS_HQ613402                       1.9155882 1.9344063 1.9097957 1.3987833 1.4086342 0.0005125 0.0004612 0.0007699 0.0000000 0.0233562 0.0244198 0.0231393 0.0193551 0.0336120 0.0331554 0.0331388 0.0331947 0.0326867 0.0331992 0.0327497 0.0328065 0.0334816 0.0334884 0.0332551 0.0333153 0.0330318 0.0330318 0.0330877 0.0331445 0.0330930 0.0332624 0.0332579 0.0330894 0.0331540 0.0330364 0.0330364 0.0330450 0.0330923 0.0331489 0.0333190 0.0333190 0.0330928 0.0332055 0.0331494 0.0330976 0.0333194 0.0334881 0.0333758 0.0332062 0.0333274 0.0332709 0.0331476 0.0333187 0.0333792 0.0333266 0.0332638 0.0333220 0.0334358 0.0333745 0.0333241 0.0333385 0.0332822 0.0332822 0.0333389 0.0334278 0.0334867 0.0333797 0.0335502 0.0334951 0.0333751 0.0334404 0.0335562 0.0333669 0.0336624 0.0334932 0.0333384 0.0337798 0.0336048 0.0338998 0.0336090 0.0334405 0.0335547 0.0335547 0.0338354 0.0335532 0.0336586 0.0338847 0.0338847 0.0337805 0.0336856 0.0337159 0.0337168 2.0120355 2.0123232 
EBOV_H.sap-xx_COD_14_Lomela-Lokolia16_KP271018             1.9357858 1.9532106 1.9306259 1.4062269 1.4162146 0.0230249 0.0229702 0.0233171 0.0233562 0.0000000 0.0014373 0.0096144 0.0128738 0.0369930 0.0365317 0.0365135 0.0365699 0.0360571 0.0365749 0.0361214 0.0361787 0.0368599 0.0367018 0.0365256 0.0366924 0.0364061 0.0364061 0.0364625 0.0365198 0.0364683 0.0366393 0.0366343 0.0364643 0.0365303 0.0364111 0.0364111 0.0364205 0.0364675 0.0365247 0.0366964 0.0366964 0.0364681 0.0365819 0.0365253 0.0365268 0.0366968 0.0367536 0.0366404 0.0364692 0.0367056 0.0366485 0.0365939 0.0366961 0.0366963 0.0368205 0.0366408 0.0366998 0.0368753 0.0367002 0.0367021 0.0367713 0.0367145 0.0367145 0.0367718 0.0368059 0.0367521 0.0367581 0.0369304 0.0368749 0.0367530 0.0368198 0.0369369 0.0366919 0.0369300 0.0368728 0.0367750 0.0372083 0.0369853 0.0372842 0.0369899 0.0368199 0.0369353 0.0369353 0.0372184 0.0369336 0.0370393 0.0372675 0.0372675 0.0369359 0.0370690 0.0372114 0.0369899 2.0296799 2.0299695 
EBOV_H.sap-xx_COD_14_Lomela-Lokolia17_KP271019             1.9397865 1.9583244 1.9342314 1.4081834 1.4195038 0.0240871 0.0240323 0.0243811 0.0244198 0.0014373 0.0000000 0.0106740 0.0139472 0.0379889 0.0375261 0.0375075 0.0375640 0.0370496 0.0375691 0.0371142 0.0371718 0.0378550 0.0376967 0.0375199 0.0376871 0.0373999 0.0373999 0.0374564 0.0375139 0.0374624 0.0376339 0.0376288 0.0374583 0.0375247 0.0374050 0.0374050 0.0374147 0.0374616 0.0375190 0.0376912 0.0376912 0.0374622 0.0375763 0.0375195 0.0375211 0.0376916 0.0377486 0.0376350 0.0374633 0.0377006 0.0376433 0.0375887 0.0376909 0.0376910 0.0378160 0.0376355 0.0376946 0.0378708 0.0376950 0.0376970 0.0377667 0.0377098 0.0377098 0.0377672 0.0378009 0.0377470 0.0377532 0.0379260 0.0378704 0.0377480 0.0378152 0.0378711 0.0376865 0.0379256 0.0378682 0.0377706 0.0382047 0.0379811 0.0382812 0.0379858 0.0378153 0.0379311 0.0379311 0.0382150 0.0379294 0.0380352 0.0382641 0.0382641 0.0379316 0.0380040 0.0382078 0.0379873 2.0295213 2.0298108 
EBOV_H.sap-tc_COD_95_Kikwit-9510621_KR867676               1.9307607 1.9501492 1.9260300 1.4042319 1.4118338 0.0228081 0.0227535 0.0231000 0.0231393 0.0096144 0.0106740 0.0000000 0.0123465 0.0366422 0.0362953 0.0361640 0.0362203 0.0358212 0.0363385 0.0358854 0.0359426 0.0366233 0.0364653 0.0362893 0.0364560 0.0361699 0.0361699 0.0362262 0.0362835 0.0362320 0.0364029 0.0363979 0.0362280 0.0362939 0.0361749 0.0361749 0.0361842 0.0362312 0.0361745 0.0363460 0.0363460 0.0362318 0.0363455 0.0362889 0.0362905 0.0364603 0.0365171 0.0364039 0.0362328 0.0364690 0.0364120 0.0363575 0.0364074 0.0364076 0.0365839 0.0364044 0.0364633 0.0366386 0.0364636 0.0364655 0.0365347 0.0364779 0.0364779 0.0365351 0.0365694 0.0365150 0.0365215 0.0366937 0.0366382 0.0365165 0.0365831 0.0366480 0.0364554 0.0366933 0.0366361 0.0365384 0.0368052 0.0367486 0.0370471 0.0367531 0.0365833 0.0366986 0.0366986 0.0368679 0.0366969 0.0368025 0.0369784 0.0369784 0.0366991 0.0368320 0.0369745 0.0366955 2.0310440 2.0313329 
EBOV_H.sap-tc_COD_77_Bonduni_KC242791                      1.9255661 1.9416287 1.9216835 1.4077599 1.4164001 0.0190795 0.0190255 0.0193657 0.0193551 0.0128738 0.0139472 0.0123465 0.0000000 0.0334380 0.0329817 0.0329652 0.0330211 0.0325133 0.0330256 0.0325763 0.0326330 0.0333078 0.0332625 0.0329761 0.0331416 0.0328583 0.0328583 0.0329141 0.0329709 0.0329194 0.0330887 0.0330842 0.0329157 0.0329803 0.0328628 0.0328628 0.0328714 0.0329186 0.0329753 0.0331452 0.0331452 0.0329192 0.0330318 0.0329757 0.0329771 0.0331456 0.0332018 0.0330896 0.0329201 0.0331536 0.0330971 0.0330428 0.0330928 0.0330930 0.0332672 0.0330900 0.0331482 0.0333217 0.0331486 0.0331503 0.0332179 0.0331616 0.0331616 0.0332183 0.0332540 0.0333129 0.0332059 0.0333763 0.0333212 0.0332013 0.0332665 0.0333301 0.0331411 0.0333760 0.0332064 0.0332211 0.0336002 0.0334309 0.0337256 0.0334351 0.0332666 0.0333807 0.0333807 0.0336613 0.0333793 0.0334847 0.0336585 0.0336585 0.0334939 0.0335115 0.0336550 0.0334299 2.0223831 2.0226716 
EBOV_H.sap-wt_GIN_14_Makona-Gueckedou-EM_080076_KR817235   1.9527800 1.9754495 1.9521394 1.4229980 1.4362611 0.0331564 0.0331001 0.0334646 0.0336120 0.0369930 0.0379889 0.0366422 0.0334380 0.0000000 0.0011806 0.0013349 0.0013864 0.0009237 0.0013865 0.0012837 0.0013352 0.0014376 0.0019533 0.0017468 0.0015926 0.0013352 0.0013352 0.0013866 0.0014381 0.0014382 0.0015926 0.0015411 0.0011809 0.0015415 0.0014383 0.0014383 0.0014387 0.0014897 0.0015412 0.0016957 0.0016957 0.0015927 0.0015927 0.0015413 0.0015413 0.0016441 0.0018503 0.0017473 0.0015927 0.0016962 0.0016447 0.0015933 0.0016957 0.0017474 0.0017992 0.0016443 0.0016959 0.0018507 0.0017472 0.0016960 0.0018512 0.0017997 0.0017997 0.0018512 0.0016955 0.0018502 0.0016958 0.0018504 0.0017989 0.0016955 0.0017992 0.0019024 0.0016443 0.0020564 0.0017988 0.0016452 0.0021595 0.0019535 0.0021089 0.0018507 0.0016961 0.0017992 0.0017992 0.0020569 0.0017992 0.0019018 0.0022112 0.0022112 0.0021086 0.0020066 0.0020052 0.0019566 2.0392153 2.0395046 
EBOV_H.sap-wt_GIN_14_Makona-Gueckedou-EM_079702_KR817210   1.9511879 1.9738361 1.9502919 1.4242719 1.4360273 0.0327004 0.0326443 0.0330079 0.0331554 0.0365317 0.0375261 0.0362953 0.0329817 0.0011806 0.0000000 0.0009737 0.0010260 0.0005636 0.0010261 0.0009234 0.0009748 0.0010763 0.0015920 0.0013859 0.0013346 0.0010776 0.0010776 0.0011290 0.0011804 0.0011804 0.0013347 0.0012832 0.0009234 0.0012835 0.0011805 0.0011805 0.0011809 0.0012319 0.0012833 0.0014377 0.0014377 0.0013348 0.0013348 0.0012834 0.0012834 0.0013861 0.0015920 0.0014891 0.0013348 0.0014381 0.0013866 0.0013353 0.0014377 0.0014893 0.0015410 0.0013863 0.0014378 0.0015924 0.0014891 0.0014379 0.0015928 0.0015413 0.0015413 0.0015928 0.0014375 0.0015920 0.0014377 0.0015921 0.0015407 0.0014375 0.0015409 0.0016440 0.0014375 0.0017980 0.0015406 0.0013870 0.0019009 0.0016951 0.0018503 0.0015924 0.0014380 0.0015410 0.0015410 0.0017983 0.0014379 0.0016435 0.0019525 0.0019525 0.0018500 0.0017479 0.0017980 0.0017494 2.0367487 2.0370379 
EBOV_H.sap-tc_GIN_14_Makona-Gueckedou-C07_KP096421         1.9518265 1.9744038 1.9500504 1.4231762 1.4364833 0.0326841 0.0326280 0.0329915 0.0331388 0.0365135 0.0375075 0.0361640 0.0329652 0.0013349 0.0009737 0.0000000 0.0000512 0.0005123 0.0009737 0.0008711 0.0009224 0.0012314 0.0015402 0.0013342 0.0012830 0.0010260 0.0010260 0.0010773 0.0011287 0.0011288 0.0012830 0.0012315 0.0008711 0.0012319 0.0011289 0.0011289 0.0011292 0.0011803 0.0012317 0.0013859 0.0013859 0.0012831 0.0012831 0.0012317 0.0012317 0.0013344 0.0015402 0.0014374 0.0012831 0.0013863 0.0013349 0.0012835 0.0013859 0.0014375 0.0014892 0.0013346 0.0013861 0.0015406 0.0014373 0.0013861 0.0015410 0.0014896 0.0014896 0.0015410 0.0013858 0.0015402 0.0013860 0.0015403 0.0014889 0.0013858 0.0014892 0.0015922 0.0013858 0.0017461 0.0014888 0.0013353 0.0018490 0.0016433 0.0017984 0.0015406 0.0013863 0.0014892 0.0014892 0.0017465 0.0014892 0.0015917 0.0019006 0.0019006 0.0017981 0.0016960 0.0017462 0.0016974 2.0359085 2.0361976 
EBOV_H.sap-wt_GIN_14_Makona-Gueckedou-C07_KT013256         1.9518613 1.9744384 1.9500851 1.4232160 1.4362571 0.0327400 0.0326838 0.0330474 0.0331947 0.0365699 0.0375640 0.0362203 0.0330211 0.0013864 0.0010260 0.0000512 0.0000000 0.0005636 0.0010250 0.0009224 0.0009737 0.0012828 0.0015917 0.0013856 0.0013343 0.0010773 0.0010773 0.0011287 0.0011801 0.0011801 0.0013344 0.0012829 0.0009224 0.0012832 0.0011803 0.0011803 0.0011806 0.0012316 0.0012831 0.0014374 0.0014374 0.0013345 0.0013345 0.0012831 0.0012831 0.0013858 0.0015917 0.0014888 0.0013345 0.0014378 0.0013863 0.0013350 0.0014373 0.0014890 0.0015406 0.0013860 0.0014375 0.0015920 0.0014887 0.0014376 0.0015925 0.0015410 0.0015410 0.0015925 0.0014372 0.0015916 0.0014374 0.0015918 0.0015404 0.0014372 0.0015406 0.0016437 0.0014372 0.0017976 0.0015403 0.0013867 0.0019005 0.0016948 0.0018499 0.0015920 0.0014377 0.0015406 0.0015406 0.0017979 0.0015406 0.0016432 0.0019521 0.0019521 0.0018496 0.0017475 0.0017976 0.0017490 2.0356479 2.0359370 
EBOV_H.sap-wt_GIN_14_Makona-Macenta-EM_079422_KR817187     1.9521463 1.9748087 1.9508732 1.4230692 1.4362567 0.0322326 0.0321765 0.0325393 0.0326867 0.0360571 0.0370496 0.0358212 0.0325133 0.0009237 0.0005636 0.0005123 0.0005636 0.0000000 0.0004611 0.0004611 0.0005123 0.0008199 0.0011289 0.0009224 0.0008711 0.0006148 0.0006148 0.0006661 0.0007173 0.0007173 0.0008711 0.0008199 0.0004611 0.0008199 0.0007173 0.0007173 0.0007173 0.0007686 0.0008199 0.0009747 0.0009747 0.0008711 0.0008711 0.0008199 0.0008199 0.0009224 0.0011289 0.0010261 0.0008711 0.0009750 0.0009236 0.0008723 0.0009747 0.0010262 0.0010777 0.0009224 0.0009748 0.0011291 0.0010261 0.0009749 0.0011294 0.0010780 0.0010780 0.0011294 0.0009737 0.0011288 0.0009747 0.0011289 0.0010776 0.0009737 0.0010777 0.0011806 0.0009737 0.0013345 0.0010775 0.0009231 0.0014373 0.0012318 0.0013865 0.0011291 0.0009750 0.0010778 0.0010778 0.0013348 0.0010777 0.0011803 0.0014888 0.0014888 0.0013863 0.0012841 0.0013345 0.0012852 2.0356960 2.0359850 
EBOV_H.sap-wt_GIN_14_Makona-Macenta-EM_079424_KR817189     1.9528488 1.9755351 1.9515729 1.4243964 1.4366825 0.0327444 0.0326882 0.0330519 0.0331992 0.0365749 0.0375691 0.0363385 0.0330256 0.0013865 0.0010261 0.0009737 0.0010250 0.0004611 0.0000000 0.0009224 0.0009747 0.0012830 0.0015919 0.0013858 0.0013345 0.0010775 0.0010775 0.0011289 0.0011803 0.0011803 0.0013345 0.0012831 0.0009224 0.0012834 0.0011804 0.0011804 0.0011808 0.0012318 0.0012832 0.0014375 0.0014375 0.0013346 0.0013347 0.0012832 0.0012833 0.0013860 0.0015919 0.0014890 0.0013347 0.0014380 0.0013865 0.0013351 0.0014375 0.0014892 0.0015408 0.0013862 0.0014377 0.0015922 0.0014889 0.0014378 0.0015927 0.0015412 0.0015412 0.0015927 0.0014374 0.0015918 0.0014376 0.0015920 0.0015406 0.0014374 0.0015408 0.0016439 0.0014374 0.0017978 0.0015405 0.0013869 0.0019007 0.0016950 0.0018501 0.0015922 0.0014379 0.0015408 0.0015408 0.0017982 0.0015408 0.0016434 0.0018493 0.0018493 0.0018499 0.0017478 0.0017979 0.0017492 2.0372263 2.0375155 
EBOV_H.sap-tc_GIN_14_Makona-Gueckedou-C05_KP096420         1.9526581 1.9747350 1.9511701 1.4250656 1.4378519 0.0322954 0.0322393 0.0326023 0.0327497 0.0361214 0.0371142 0.0358854 0.0325763 0.0012837 0.0009234 0.0008711 0.0009224 0.0004611 0.0009224 0.0000000 0.0000512 0.0011802 0.0014890 0.0012830 0.0012318 0.0009748 0.0009748 0.0010261 0.0010775 0.0010776 0.0012318 0.0011803 0.0008199 0.0011806 0.0010777 0.0010777 0.0010780 0.0011291 0.0011805 0.0013347 0.0013347 0.0012319 0.0012319 0.0011805 0.0011805 0.0012832 0.0014890 0.0013862 0.0012319 0.0013351 0.0012837 0.0012323 0.0013347 0.0013863 0.0014380 0.0012834 0.0013349 0.0014894 0.0013861 0.0013349 0.0014898 0.0014383 0.0014383 0.0014898 0.0013346 0.0014890 0.0013348 0.0014891 0.0014377 0.0013346 0.0014379 0.0015410 0.0013346 0.0016949 0.0014376 0.0012840 0.0017978 0.0015921 0.0017472 0.0014894 0.0013351 0.0014380 0.0014380 0.0016953 0.0014379 0.0015405 0.0018494 0.0018494 0.0017469 0.0016448 0.0016950 0.0016462 2.0365377 2.0368269 
EBOV_H.sap-wt_GIN_14_Makona-Kissidougou-C15_KT013254       1.9534803 1.9755689 1.9519898 1.4256125 1.4373543 0.0323521 0.0322960 0.0326590 0.0328065 0.0361787 0.0371718 0.0359426 0.0326330 0.0013352 0.0009748 0.0009224 0.0009737 0.0005123 0.0009747 0.0000512 0.0000000 0.0012316 0.0015405 0.0013344 0.0012832 0.0010262 0.0010262 0.0010775 0.0011289 0.0011290 0.0012832 0.0012317 0.0008711 0.0012321 0.0011291 0.0011291 0.0011294 0.0011805 0.0012319 0.0013862 0.0013862 0.0012833 0.0012833 0.0012319 0.0012319 0.0013346 0.0015405 0.0014376 0.0012833 0.0013866 0.0013351 0.0012838 0.0013862 0.0014378 0.0014894 0.0013348 0.0013863 0.0015409 0.0014376 0.0013864 0.0015413 0.0014898 0.0014898 0.0015413 0.0013860 0.0015404 0.0013862 0.0015406 0.0014892 0.0013860 0.0014894 0.0015925 0.0013861 0.0017464 0.0014891 0.0013355 0.0018493 0.0016436 0.0017987 0.0015409 0.0013865 0.0014895 0.0014895 0.0017468 0.0014894 0.0015920 0.0019009 0.0019009 0.0017984 0.0016963 0.0017465 0.0016977 2.0356951 2.0359841 
EBOV_H.sap-wt_GIN_14_Makona-Gueckedou-EM_079587_KR817202   1.9481900 1.9708042 1.9474316 1.4233318 1.4362776 0.0330264 0.0329702 0.0333343 0.0334816 0.0368599 0.0378550 0.0366233 0.0333078 0.0014376 0.0010763 0.0012314 0.0012828 0.0008199 0.0012830 0.0011802 0.0012316 0.0000000 0.0018493 0.0016430 0.0015917 0.0013345 0.0013345 0.0013859 0.0014373 0.0014374 0.0015917 0.0015402 0.0011803 0.0015406 0.0014375 0.0014375 0.0014380 0.0014889 0.0015404 0.0016948 0.0016948 0.0015919 0.0015919 0.0015404 0.0015405 0.0016432 0.0018493 0.0017463 0.0015919 0.0016953 0.0016438 0.0015924 0.0016948 0.0017465 0.0017983 0.0016434 0.0016950 0.0018497 0.0017463 0.0016951 0.0018502 0.0017987 0.0017987 0.0018502 0.0016946 0.0018492 0.0016949 0.0018494 0.0017979 0.0016946 0.0017982 0.0019014 0.0016947 0.0020553 0.0017978 0.0016443 0.0021583 0.0019525 0.0021078 0.0018497 0.0016952 0.0017983 0.0017983 0.0020558 0.0017982 0.0019008 0.0022100 0.0022100 0.0021075 0.0020055 0.0020554 0.0020071 2.0375923 2.0378816 
EBOV_H.sap-wt_GIN_14_Makona-Gueckedou-EM_079750_KR817213   1.9498125 1.9724496 1.9487587 1.4226044 1.4398415 0.0330331 0.0329769 0.0333411 0.0334884 0.0367018 0.0376967 0.0364653 0.0332625 0.0019533 0.0015920 0.0015402 0.0015917 0.0011289 0.0015919 0.0014890 0.0015405 0.0018493 0.0000000 0.0005123 0.0019010 0.0016435 0.0016435 0.0016949 0.0017464 0.0017465 0.0019010 0.0018494 0.0014891 0.0018499 0.0017467 0.0017467 0.0017472 0.0017981 0.0018496 0.0020042 0.0020042 0.0019011 0.0019012 0.0018497 0.0018497 0.0019525 0.0021588 0.0020558 0.0019012 0.0020048 0.0019533 0.0019018 0.0020042 0.0020560 0.0021078 0.0019528 0.0020044 0.0021593 0.0020557 0.0020045 0.0021599 0.0021084 0.0021084 0.0021599 0.0020040 0.0021587 0.0020043 0.0021589 0.0021075 0.0020040 0.0021078 0.0022111 0.0020041 0.0023651 0.0021073 0.0019538 0.0024682 0.0022622 0.0024178 0.0021593 0.0020047 0.0021079 0.0021079 0.0023656 0.0021078 0.0022104 0.0025199 0.0025199 0.0024174 0.0023155 0.0023652 0.0023174 2.0326265 2.0329153 
EBOV_H.sap-wt_GIN_14_Makona-Gueckedou-EM_079910_KR817221   1.9539647 1.9766510 1.9528999 1.4223138 1.4395673 0.0328002 0.0327440 0.0331078 0.0332551 0.0365256 0.0375199 0.0362893 0.0329761 0.0017468 0.0013859 0.0013342 0.0013856 0.0009224 0.0013858 0.0012830 0.0013344 0.0016430 0.0005123 0.0000000 0.0016946 0.0014373 0.0014373 0.0014887 0.0015402 0.0015402 0.0016946 0.0016431 0.0012830 0.0016435 0.0015404 0.0015404 0.0015408 0.0015918 0.0016433 0.0017978 0.0017978 0.0016948 0.0016948 0.0016433 0.0016434 0.0017461 0.0019522 0.0018493 0.0016948 0.0017983 0.0017468 0.0016954 0.0017978 0.0018495 0.0019012 0.0017463 0.0017979 0.0019527 0.0018492 0.0017980 0.0019532 0.0019017 0.0019017 0.0019533 0.0017975 0.0019522 0.0017978 0.0019524 0.0019009 0.0017976 0.0019012 0.0020044 0.0017976 0.0021584 0.0019008 0.0017472 0.0022614 0.0020555 0.0022109 0.0019527 0.0017982 0.0019013 0.0019013 0.0021588 0.0019012 0.0020038 0.0023130 0.0023130 0.0022106 0.0021086 0.0021584 0.0021103 2.0348644 2.0351535 
EBOV_H.sap-wt_LBR_14_Makona-LIBR0430_KR006955              1.9515475 1.9742058 1.9501990 1.4230159 1.4329693 0.0328603 0.0328041 0.0331680 0.0333153 0.0366924 0.0376871 0.0364560 0.0331416 0.0015926 0.0013346 0.0012830 0.0013343 0.0008711 0.0013345 0.0012318 0.0012832 0.0015917 0.0019010 0.0016946 0.0000000 0.0002561 0.0002561 0.0003073 0.0003586 0.0003586 0.0005123 0.0004611 0.0004098 0.0004611 0.0003586 0.0003586 0.0004098 0.0004098 0.0004611 0.0006148 0.0006148 0.0005123 0.0005123 0.0004611 0.0004611 0.0005636 0.0007686 0.0006661 0.0005123 0.0006661 0.0006148 0.0005123 0.0006148 0.0006661 0.0007173 0.0005636 0.0006148 0.0007686 0.0006661 0.0006148 0.0007686 0.0007173 0.0007173 0.0007686 0.0006148 0.0007686 0.0006148 0.0007686 0.0007173 0.0006148 0.0007173 0.0008199 0.0006148 0.0009737 0.0007173 0.0005640 0.0010773 0.0008711 0.0010264 0.0007686 0.0006148 0.0007173 0.0007173 0.0009748 0.0007173 0.0008199 0.0011287 0.0011287 0.0010263 0.0009240 0.0009737 0.0009238 2.0374170 2.0377062 
EBOV_H.sap-wt_SLE_14_Makona-G3734.1_KM233055               1.9510149 1.9736660 1.9496678 1.4227492 1.4329652 0.0325772 0.0325210 0.0328844 0.0330318 0.0364061 0.0373999 0.0361699 0.0328583 0.0013352 0.0010776 0.0010260 0.0010773 0.0006148 0.0010775 0.0009748 0.0010262 0.0013345 0.0016435 0.0014373 0.0002561 0.0000000 0.0000010 0.0000512 0.0001024 0.0001024 0.0002561 0.0002049 0.0001537 0.0002049 0.0001024 0.0001024 0.0001537 0.0001537 0.0002049 0.0003586 0.0003586 0.0002561 0.0002561 0.0002049 0.0002049 0.0003073 0.0005123 0.0004098 0.0002561 0.0004098 0.0003586 0.0002561 0.0003586 0.0004098 0.0004611 0.0003073 0.0003586 0.0005123 0.0004098 0.0003586 0.0005123 0.0004611 0.0004611 0.0005123 0.0003586 0.0005123 0.0003586 0.0005123 0.0004611 0.0003586 0.0004611 0.0005636 0.0003586 0.0007173 0.0004611 0.0003076 0.0008199 0.0006148 0.0007686 0.0005123 0.0003586 0.0004611 0.0004611 0.0007173 0.0004611 0.0005636 0.0008711 0.0008711 0.0007686 0.0006661 0.0007173 0.0006671 2.0357192 2.0360083 
EBOV_H.sap-wt_SLE_14_Makona-G3677.2_KM034557               1.9510149 1.9736660 1.9496678 1.4227492 1.4329652 0.0325772 0.0325210 0.0328844 0.0330318 0.0364061 0.0373999 0.0361699 0.0328583 0.0013352 0.0010776 0.0010260 0.0010773 0.0006148 0.0010775 0.0009748 0.0010262 0.0013345 0.0016435 0.0014373 0.0002561 0.0000010 0.0000000 0.0000512 0.0001024 0.0001024 0.0002561 0.0002049 0.0001537 0.0002049 0.0001024 0.0001024 0.0001537 0.0001537 0.0002049 0.0003586 0.0003586 0.0002561 0.0002561 0.0002049 0.0002049 0.0003073 0.0005123 0.0004098 0.0002561 0.0004098 0.0003586 0.0002561 0.0003586 0.0004098 0.0004611 0.0003073 0.0003586 0.0005123 0.0004098 0.0003586 0.0005123 0.0004611 0.0004611 0.0005123 0.0003586 0.0005123 0.0003586 0.0005123 0.0004611 0.0003586 0.0004611 0.0005636 0.0003586 0.0007173 0.0004611 0.0003076 0.0008199 0.0006148 0.0007686 0.0005123 0.0003586 0.0004611 0.0004611 0.0007173 0.0004611 0.0005636 0.0008711 0.0008711 0.0007686 0.0006661 0.0007173 0.0006671 2.0357192 2.0360083 
EBOV_H.sap-wt_SLE_14_Makona-G3788_KM233075                 1.9508360 1.9734852 1.9494894 1.4225260 1.4331776 0.0326330 0.0325769 0.0329404 0.0330877 0.0364625 0.0374564 0.0362262 0.0329141 0.0013866 0.0011290 0.0010773 0.0011287 0.0006661 0.0011289 0.0010261 0.0010775 0.0013859 0.0016949 0.0014887 0.0003073 0.0000512 0.0000512 0.0000000 0.0001537 0.0001537 0.0003073 0.0002561 0.0002049 0.0002561 0.0001537 0.0001537 0.0002049 0.0002049 0.0002561 0.0004098 0.0004098 0.0003073 0.0003073 0.0002561 0.0002561 0.0003586 0.0005636 0.0004611 0.0003073 0.0004611 0.0004098 0.0003073 0.0004098 0.0004611 0.0005123 0.0003586 0.0004098 0.0005636 0.0004611 0.0004098 0.0005636 0.0005123 0.0005123 0.0005636 0.0004098 0.0005636 0.0004098 0.0005636 0.0005123 0.0004098 0.0005123 0.0006148 0.0004098 0.0007686 0.0005123 0.0003588 0.0008711 0.0006661 0.0008199 0.0005636 0.0004098 0.0005123 0.0005123 0.0007686 0.0005123 0.0006148 0.0009224 0.0009224 0.0008199 0.0007184 0.0007686 0.0007184 2.0359753 2.0362643 
EBOV_H.sap-wt_SLE_14_Makona-G3799_KM233080                 1.9514744 1.9741291 1.9501262 1.4229762 1.4334254 0.0326897 0.0326336 0.0329972 0.0331445 0.0365198 0.0375139 0.0362835 0.0329709 0.0014381 0.0011804 0.0011287 0.0011801 0.0007173 0.0011803 0.0010775 0.0011289 0.0014373 0.0017464 0.0015402 0.0003586 0.0001024 0.0001024 0.0001537 0.0000000 0.0002049 0.0003586 0.0003073 0.0002561 0.0003073 0.0002049 0.0002049 0.0002561 0.0002561 0.0003073 0.0004611 0.0004611 0.0003586 0.0003586 0.0003073 0.0003073 0.0004098 0.0006148 0.0005123 0.0003586 0.0005123 0.0004611 0.0003586 0.0004611 0.0005123 0.0005636 0.0004098 0.0004611 0.0006148 0.0005123 0.0004611 0.0006148 0.0005636 0.0005636 0.0006148 0.0004611 0.0006148 0.0004611 0.0006148 0.0005636 0.0004611 0.0005636 0.0006661 0.0004611 0.0008199 0.0005636 0.0004101 0.0009224 0.0007173 0.0008722 0.0006148 0.0004611 0.0005636 0.0005636 0.0008199 0.0005636 0.0006661 0.0009737 0.0009737 0.0008711 0.0007698 0.0008199 0.0007698 2.0362687 2.0365578 
EBOV_H.sap-wt_LBR_14_Makona-EM_080065_KR817232             1.9498219 1.9740401 1.9484782 1.4222812 1.4339427 0.0326382 0.0325821 0.0329456 0.0330930 0.0364683 0.0374624 0.0362320 0.0329194 0.0014382 0.0011804 0.0011288 0.0011801 0.0007173 0.0011803 0.0010776 0.0011290 0.0014374 0.0017465 0.0015402 0.0003586 0.0001024 0.0001024 0.0001537 0.0002049 0.0000000 0.0001537 0.0003073 0.0002561 0.0003073 0.0002049 0.0002049 0.0002561 0.0002561 0.0003073 0.0004611 0.0004611 0.0003586 0.0003586 0.0003073 0.0003073 0.0002049 0.0006148 0.0005123 0.0003586 0.0005123 0.0004611 0.0003586 0.0004611 0.0005123 0.0005636 0.0004098 0.0004611 0.0006148 0.0005123 0.0004611 0.0006148 0.0005636 0.0005636 0.0006148 0.0004611 0.0006148 0.0002561 0.0004098 0.0003586 0.0002561 0.0005636 0.0006661 0.0004611 0.0008199 0.0003586 0.0004101 0.0008711 0.0007173 0.0008723 0.0006148 0.0004611 0.0005636 0.0005636 0.0008199 0.0005636 0.0006661 0.0009737 0.0009737 0.0008711 0.0007698 0.0008199 0.0007698 2.0344514 2.0347403 
EBOV_H.sap-wt_GIN_14_Makona-Macenta-EM_076322_KR817145     1.9494321 1.9736476 1.9480893 1.4223028 1.4341371 0.0328074 0.0327512 0.0331151 0.0332624 0.0366393 0.0376339 0.0364029 0.0330887 0.0015926 0.0013347 0.0012830 0.0013344 0.0008711 0.0013345 0.0012318 0.0012832 0.0015917 0.0019010 0.0016946 0.0005123 0.0002561 0.0002561 0.0003073 0.0003586 0.0001537 0.0000000 0.0004611 0.0004098 0.0004611 0.0003586 0.0003586 0.0004098 0.0004098 0.0004611 0.0006148 0.0006148 0.0005123 0.0005123 0.0004611 0.0004611 0.0003586 0.0007686 0.0006661 0.0005123 0.0006661 0.0006148 0.0005123 0.0006148 0.0006661 0.0007173 0.0005636 0.0006148 0.0007686 0.0006661 0.0006148 0.0007686 0.0007173 0.0007173 0.0007686 0.0006148 0.0007686 0.0004098 0.0005636 0.0005123 0.0004098 0.0007173 0.0008199 0.0006148 0.0009737 0.0005123 0.0005640 0.0010262 0.0008711 0.0010264 0.0007686 0.0006148 0.0007173 0.0007173 0.0009748 0.0007173 0.0008199 0.0011287 0.0011287 0.0010263 0.0009240 0.0009737 0.0009238 2.0343435 2.0346324 
EBOV_H.sap-wt_LBR_15_Makona-Liberia-DQE4_KR074998          1.9509553 1.9736057 1.9496084 1.4233842 1.4333430 0.0328030 0.0327468 0.0331106 0.0332579 0.0366343 0.0376288 0.0363979 0.0330842 0.0015411 0.0012832 0.0012315 0.0012829 0.0008199 0.0012831 0.0011803 0.0012317 0.0015402 0.0018494 0.0016431 0.0004611 0.0002049 0.0002049 0.0002561 0.0003073 0.0003073 0.0004611 0.0000000 0.0003586 0.0004098 0.0003073 0.0003073 0.0003586 0.0003586 0.0004098 0.0005636 0.0005636 0.0004611 0.0004611 0.0004098 0.0004098 0.0005123 0.0007173 0.0006148 0.0004611 0.0006148 0.0005636 0.0004611 0.0005636 0.0006148 0.0006661 0.0005123 0.0005636 0.0007173 0.0006148 0.0005636 0.0007173 0.0006661 0.0006661 0.0007173 0.0005636 0.0007173 0.0005636 0.0007173 0.0006661 0.0005636 0.0006661 0.0007686 0.0005636 0.0009224 0.0006661 0.0005127 0.0010250 0.0008199 0.0009750 0.0007173 0.0005636 0.0006661 0.0006661 0.0009224 0.0006661 0.0007686 0.0010773 0.0010773 0.0009749 0.0008726 0.0009224 0.0008725 2.0358062 2.0360952 
EBOV_H.sap-wt_SLE_14_Makona-G3676.1_KM034554               1.9501941 1.9728332 1.9488493 1.4233258 1.4331134 0.0326346 0.0325785 0.0329420 0.0330894 0.0364643 0.0374583 0.0362280 0.0329157 0.0011809 0.0009234 0.0008711 0.0009224 0.0004611 0.0009224 0.0008199 0.0008711 0.0011803 0.0014891 0.0012830 0.0004098 0.0001537 0.0001537 0.0002049 0.0002561 0.0002561 0.0004098 0.0003586 0.0000000 0.0003586 0.0002561 0.0002561 0.0003073 0.0003073 0.0003586 0.0005123 0.0005123 0.0004098 0.0004098 0.0003586 0.0003586 0.0004611 0.0006661 0.0005636 0.0004098 0.0005636 0.0005123 0.0004098 0.0005123 0.0005636 0.0006148 0.0004611 0.0005123 0.0006661 0.0005636 0.0005123 0.0006661 0.0006148 0.0006148 0.0006661 0.0005123 0.0006661 0.0005123 0.0006661 0.0006148 0.0005123 0.0006148 0.0007173 0.0005123 0.0008711 0.0006148 0.0004614 0.0009737 0.0007686 0.0009236 0.0006661 0.0005123 0.0006148 0.0006148 0.0008711 0.0006148 0.0007173 0.0010250 0.0010250 0.0009235 0.0008212 0.0008711 0.0008211 2.0346668 2.0349558 
EBOV_H.sap-wt_SLE_14_Makona-Kenema-G4702_1_KR105265        1.9506270 1.9732765 1.9492808 1.4211008 1.4326861 0.0326990 0.0326429 0.0330065 0.0331540 0.0365303 0.0375247 0.0362939 0.0329803 0.0015415 0.0012835 0.0012319 0.0012832 0.0008199 0.0012834 0.0011806 0.0012321 0.0015406 0.0018499 0.0016435 0.0004611 0.0002049 0.0002049 0.0002561 0.0003073 0.0003073 0.0004611 0.0004098 0.0003586 0.0000000 0.0001024 0.0001024 0.0001537 0.0001537 0.0002049 0.0003586 0.0003586 0.0002561 0.0002561 0.0002049 0.0002049 0.0005123 0.0005123 0.0004098 0.0002561 0.0004098 0.0003586 0.0002561 0.0003586 0.0004098 0.0004611 0.0003073 0.0003586 0.0005123 0.0004098 0.0003586 0.0003073 0.0002561 0.0002561 0.0003073 0.0005636 0.0005123 0.0005636 0.0007173 0.0006661 0.0005636 0.0004611 0.0005636 0.0005636 0.0007173 0.0006661 0.0005127 0.0008199 0.0006148 0.0009752 0.0007173 0.0005636 0.0006661 0.0006661 0.0009236 0.0006661 0.0007686 0.0008711 0.0008711 0.0007686 0.0004611 0.0009235 0.0006671 2.0368257 2.0371150 
EBOV_H.sap-wt_SLE_14_Makona-G3789.1_KM233076               1.9500027 1.9726399 1.9486585 1.4217746 1.4323215 0.0325817 0.0325255 0.0328890 0.0330364 0.0364111 0.0374050 0.0361749 0.0328628 0.0014383 0.0011805 0.0011289 0.0011803 0.0007173 0.0011804 0.0010777 0.0011291 0.0014375 0.0017467 0.0015404 0.0003586 0.0001024 0.0001024 0.0001537 0.0002049 0.0002049 0.0003586 0.0003073 0.0002561 0.0001024 0.0000000 0.0000010 0.0000512 0.0000512 0.0001024 0.0002561 0.0002561 0.0001537 0.0001537 0.0001024 0.0001024 0.0004098 0.0004098 0.0003073 0.0001537 0.0003073 0.0002561 0.0001537 0.0002561 0.0003073 0.0003586 0.0002049 0.0002561 0.0004098 0.0003073 0.0002561 0.0004098 0.0003586 0.0003586 0.0004098 0.0004611 0.0004098 0.0004611 0.0006148 0.0005636 0.0004611 0.0003586 0.0004611 0.0004611 0.0006148 0.0005636 0.0004101 0.0007173 0.0005123 0.0008723 0.0006148 0.0004611 0.0005636 0.0005636 0.0008199 0.0005636 0.0006661 0.0007686 0.0007686 0.0006661 0.0005636 0.0008199 0.0005644 2.0365395 2.0368287 
EBOV_H.sap-wt_SLE_14_Makona-G3735.2_KM233057               1.9500027 1.9726399 1.9486585 1.4217746 1.4323215 0.0325817 0.0325255 0.0328890 0.0330364 0.0364111 0.0374050 0.0361749 0.0328628 0.0014383 0.0011805 0.0011289 0.0011803 0.0007173 0.0011804 0.0010777 0.0011291 0.0014375 0.0017467 0.0015404 0.0003586 0.0001024 0.0001024 0.0001537 0.0002049 0.0002049 0.0003586 0.0003073 0.0002561 0.0001024 0.0000010 0.0000000 0.0000512 0.0000512 0.0001024 0.0002561 0.0002561 0.0001537 0.0001537 0.0001024 0.0001024 0.0004098 0.0004098 0.0003073 0.0001537 0.0003073 0.0002561 0.0001537 0.0002561 0.0003073 0.0003586 0.0002049 0.0002561 0.0004098 0.0003073 0.0002561 0.0004098 0.0003586 0.0003586 0.0004098 0.0004611 0.0004098 0.0004611 0.0006148 0.0005636 0.0004611 0.0003586 0.0004611 0.0004611 0.0006148 0.0005636 0.0004101 0.0007173 0.0005123 0.0008723 0.0006148 0.0004611 0.0005636 0.0005636 0.0008199 0.0005636 0.0006661 0.0007686 0.0007686 0.0006661 0.0005636 0.0008199 0.0005644 2.0365395 2.0368287 
EBOV_H.sap-wt_SLE_14_Makona-G3827_KM233101                 1.9497470 1.9723835 1.9484032 1.4219843 1.4320956 0.0325902 0.0325340 0.0328976 0.0330450 0.0364205 0.0374147 0.0361842 0.0328714 0.0014387 0.0011809 0.0011292 0.0011806 0.0007173 0.0011808 0.0010780 0.0011294 0.0014380 0.0017472 0.0015408 0.0004098 0.0001537 0.0001537 0.0002049 0.0002561 0.0002561 0.0004098 0.0003586 0.0003073 0.0001537 0.0000512 0.0000512 0.0000000 0.0001024 0.0001537 0.0003073 0.0003073 0.0002049 0.0002049 0.0001537 0.0001537 0.0004611 0.0004611 0.0003586 0.0002049 0.0002561 0.0002049 0.0002049 0.0003073 0.0003586 0.0004098 0.0002561 0.0003073 0.0004611 0.0003586 0.0003073 0.0004611 0.0004098 0.0004098 0.0004611 0.0005123 0.0004611 0.0005123 0.0006661 0.0006148 0.0005123 0.0004098 0.0005123 0.0005123 0.0006661 0.0006148 0.0004614 0.0007686 0.0005636 0.0009237 0.0006661 0.0005123 0.0006148 0.0006148 0.0008711 0.0006148 0.0007173 0.0008199 0.0008199 0.0007173 0.0006148 0.0008711 0.0006158 2.0367957 2.0370848 
EBOV_H.sap-wt_SLE_14_Makona-EM110_KM233037                 1.9502523 1.9728906 1.9489074 1.4219843 1.4325339 0.0326375 0.0325813 0.0329449 0.0330923 0.0364675 0.0374616 0.0362312 0.0329186 0.0014897 0.0012319 0.0011803 0.0012316 0.0007686 0.0012318 0.0011291 0.0011805 0.0014889 0.0017981 0.0015918 0.0004098 0.0001537 0.0001537 0.0002049 0.0002561 0.0002561 0.0004098 0.0003586 0.0003073 0.0001537 0.0000512 0.0000512 0.0001024 0.0000000 0.0001537 0.0003073 0.0003073 0.0002049 0.0002049 0.0001537 0.0001537 0.0004611 0.0004611 0.0003586 0.0002049 0.0003586 0.0003073 0.0002049 0.0003073 0.0003586 0.0004098 0.0002561 0.0003073 0.0004611 0.0003586 0.0003073 0.0004611 0.0004098 0.0004098 0.0004611 0.0005123 0.0004611 0.0005123 0.0006661 0.0006148 0.0005123 0.0004098 0.0005123 0.0005123 0.0006661 0.0006148 0.0004614 0.0007686 0.0005636 0.0009237 0.0006661 0.0005123 0.0006148 0.0006148 0.0008711 0.0006148 0.0007173 0.0008199 0.0008199 0.0007173 0.0006148 0.0008711 0.0006158 2.0367957 2.0370848 
EBOV_H.sap-wt_SLE_14_Makona-G5296_1_KR105303               1.9494664 1.9721014 1.9481233 1.4217531 1.4321273 0.0326941 0.0326379 0.0330016 0.0331489 0.0365247 0.0375190 0.0361745 0.0329753 0.0015412 0.0012833 0.0012317 0.0012831 0.0008199 0.0012832 0.0011805 0.0012319 0.0015404 0.0018496 0.0016433 0.0004611 0.0002049 0.0002049 0.0002561 0.0003073 0.0003073 0.0004611 0.0004098 0.0003586 0.0002049 0.0001024 0.0001024 0.0001537 0.0001537 0.0000000 0.0001537 0.0001537 0.0002561 0.0002561 0.0002049 0.0002049 0.0005123 0.0005123 0.0004098 0.0002561 0.0004098 0.0003586 0.0002561 0.0003586 0.0004098 0.0004611 0.0003073 0.0003586 0.0005123 0.0004098 0.0003586 0.0005123 0.0004611 0.0004611 0.0005123 0.0005636 0.0005123 0.0005636 0.0007173 0.0006661 0.0005636 0.0004611 0.0005636 0.0005636 0.0007173 0.0006661 0.0005127 0.0008199 0.0006148 0.0009751 0.0007173 0.0005636 0.0006661 0.0006661 0.0009235 0.0006661 0.0007686 0.0008711 0.0008711 0.0007686 0.0006661 0.0009224 0.0006671 2.0367201 2.0370092 
