94
RESTV_M.fas-tc_USA_89_Philippines89-Pennsylvania_NC_004161 0.0000000 0.0242763 0.0331615 2.2145774 2.1822950 1.9148363 1.9152128 1.9151701 1.9155751 1.9297623 1.9327927 1.9332323 1.9205180 1.9352900 1.9364024 1.9316082 1.9398317 1.9385339 1.9338753 1.9349253 1.9349253 1.9346522 1.9352092 1.9352092 1.9351557 1.9349414 1.9345127 1.9340999 1.9349566 1.9356698 1.9356698 1.9353534 1.9353966 1.9353966 1.9353698 1.9360827 1.9355482 1.9354393 1.9361963 1.9360138 1.9340305 1.9334676 1.9337838 1.9341334 1.9341067 1.9341067 1.9359966 1.9352723 1.9323168 1.9350458 1.9338388 1.9372841 1.9361876 1.9363799 1.9370932 1.9358428 1.9336431 1.9334758 1.9334758 1.9334598 1.9357669 1.9357566 1.9357566 1.9352907 1.9350763 1.9356842 1.9356842 1.9363193 1.9369629 1.9372362 1.9367977 1.9352356 1.9344932 1.9346895 1.9348413 1.9325259 1.9336893 1.9346899 1.9354888 1.9354888 1.9335429 1.9354449 1.9355093 1.9360738 1.9380544 1.9370954 1.9367648 1.9364546 1.9334290 1.9361287 1.9369581 1.9359110 1.9914161 1.9924717 
RESTV_S.dom-tc_PHL_08_Reston08-A_FJ621583                  0.0242763 0.0000000 0.0497085 2.2348510 2.1812329 1.9248152 1.9251960 1.9254094 1.9255597 1.9400919 1.9431437 1.9443926 1.9336065 1.9430715 1.9441916 1.9393724 1.9476354 1.9463312 1.9418364 1.9428913 1.9428913 1.9426175 1.9431757 1.9431757 1.9431226 1.9429072 1.9426613 1.9420616 1.9429248 1.9436403 1.9436403 1.9433230 1.9433664 1.9433664 1.9433399 1.9440544 1.9435159 1.9434089 1.9441685 1.9439853 1.9419935 1.9414275 1.9417445 1.9413802 1.9418846 1.9418846 1.9439705 1.9432416 1.9400854 1.9430121 1.9417990 1.9452611 1.9441621 1.9443523 1.9450679 1.9433655 1.9411560 1.9409881 1.9409881 1.9409722 1.9437375 1.9437273 1.9437273 1.9432570 1.9428577 1.9432836 1.9432836 1.9441067 1.9447535 1.9450274 1.9447751 1.9432068 1.9424600 1.9422097 1.9425338 1.9402225 1.9416902 1.9426559 1.9434571 1.9434571 1.9415009 1.9434159 1.9434810 1.9436019 1.9460370 1.9450724 1.9449242 1.9444240 1.9413907 1.9439199 1.9449363 1.9430636 2.0044926 2.0055526 
RESTV_S.dom-xx_PHL_08_Reston08-C_FJ621584                  0.0331615 0.0497085 0.0000000 2.2421393 2.1919605 1.9308671 1.9312503 1.9312073 1.9321715 1.9448925 1.9480500 1.9471375 1.9337793 1.9436700 1.9448756 1.9412777 1.9482322 1.9469285 1.9422518 1.9433062 1.9433062 1.9430325 1.9435904 1.9435904 1.9435374 1.9433220 1.9428924 1.9424768 1.9433398 1.9440548 1.9440548 1.9437378 1.9437811 1.9437811 1.9437546 1.9444688 1.9439304 1.9438236 1.9445828 1.9443997 1.9424088 1.9418430 1.9421599 1.9425103 1.9424838 1.9424838 1.9446429 1.9439143 1.9406852 1.9434269 1.9422144 1.9456749 1.9445765 1.9448826 1.9455978 1.9442252 1.9421325 1.9418484 1.9418484 1.9418325 1.9435939 1.9448570 1.9448570 1.9436716 1.9434563 1.9440659 1.9440659 1.9447049 1.9460668 1.9463406 1.9451893 1.9436217 1.9435902 1.9430701 1.9432221 1.9423867 1.9420631 1.9430709 1.9438717 1.9438717 1.9421001 1.9438307 1.9446111 1.9442780 1.9460506 1.9449703 1.9448962 1.9445802 1.9418064 1.9445186 1.9453503 1.9442940 1.9954551 1.9965127 
TAFV_H.sap-tc_CIV_94_Pauleoula-CI_NC_014372                2.2145774 2.2348510 2.2421393 0.0000000 0.8107837 1.3334508 1.3329428 1.3325852 1.3327184 1.3587495 1.3608023 1.3607133 1.3563358 1.3532565 1.3553150 1.3524612 1.3552489 1.3535869 1.3519046 1.3539101 1.3539101 1.3536958 1.3536958 1.3536958 1.3539328 1.3541245 1.3539089 1.3543496 1.3532217 1.3534646 1.3534646 1.3532217 1.3532504 1.3532504 1.3536549 1.3534359 1.3541714 1.3532217 1.3533226 1.3541645 1.3539280 1.3533213 1.3535642 1.3535189 1.3533213 1.3533213 1.3536209 1.3541615 1.3550359 1.3538518 1.3546974 1.3540404 1.3538142 1.3533855 1.3539184 1.3534509 1.3538329 1.3538569 1.3538569 1.3539758 1.3540706 1.3556757 1.3556757 1.3531191 1.3529002 1.3535742 1.3535742 1.3538748 1.3526210 1.3523911 1.3548027 1.3524280 1.3543404 1.3541901 1.3538555 1.3547750 1.3557923 1.3543328 1.3547886 1.3547886 1.3555382 1.3539865 1.3538872 1.3537725 1.3541330 1.3532429 1.3554331 1.3542545 1.3530928 1.3560878 1.3541172 1.3573727 2.1751070 2.1750108 
BDBV_H.sap-xx_COD_12_EboBund-122_KC545395                  2.1822950 2.1812329 2.1919605 0.8107837 0.0000000 1.4127459 1.4125881 1.4140193 1.4131069 1.4285448 1.4287269 1.4282655 1.4229434 1.4315824 1.4329743 1.4305204 1.4339467 1.4346654 1.4336060 1.4332814 1.4332814 1.4330593 1.4330593 1.4330593 1.4335341 1.4330438 1.4327557 1.4327219 1.4325486 1.4327219 1.4327219 1.4324693 1.4328466 1.4328466 1.4327219 1.4323446 1.4332076 1.4330430 1.4342446 1.4335678 1.4339351 1.4329837 1.4331571 1.4326517 1.4324781 1.4324781 1.4326349 1.4331328 1.4342267 1.4332384 1.4339851 1.4326309 1.4337405 1.4336885 1.4336885 1.4321507 1.4324600 1.4326821 1.4326821 1.4328069 1.4326244 1.4339149 1.4339149 1.4323433 1.4321136 1.4320908 1.4320908 1.4331771 1.4322875 1.4325096 1.4335562 1.4329515 1.4333623 1.4318820 1.4338097 1.4337772 1.4340435 1.4330206 1.4336970 1.4336970 1.4316781 1.4328765 1.4325582 1.4325091 1.4321915 1.4316837 1.4334062 1.4323364 1.4327945 1.4344448 1.4329201 1.4360461 2.2565388 2.2563532 
EBOV_H.sap-tc_COD_07_1Luebo_KC242786                       1.9148363 1.9248152 1.9308671 1.3334508 1.4127459 0.0000000 0.0001544 0.0004633 0.0008238 0.0229319 0.0239395 0.0229189 0.0202438 0.0310722 0.0309010 0.0306218 0.0306218 0.0305088 0.0306783 0.0303320 0.0303320 0.0303884 0.0302762 0.0302762 0.0303882 0.0303878 0.0304446 0.0303895 0.0303895 0.0303895 0.0303895 0.0303332 0.0304459 0.0304459 0.0305017 0.0305020 0.0304416 0.0304455 0.0305049 0.0303911 0.0305566 0.0305622 0.0305056 0.0306189 0.0306745 0.0306745 0.0307878 0.0306144 0.0306828 0.0306162 0.0305641 0.0305620 0.0306726 0.0306741 0.0306741 0.0305608 0.0304482 0.0303918 0.0303918 0.0304482 0.0306155 0.0307278 0.0307278 0.0300491 0.0299366 0.0301050 0.0301050 0.0302342 0.0301661 0.0302220 0.0306166 0.0306209 0.0305613 0.0306793 0.0306722 0.0310791 0.0309087 0.0308484 0.0307360 0.0307360 0.0308454 0.0306719 0.0307874 0.0307294 0.0309630 0.0307355 0.0306751 0.0310083 0.0309612 0.0309697 0.0307352 0.0313621 2.0310115 2.0313880 
EBOV_H.sap-tc_COD_07_M-M_HQ613403                          1.9152128 1.9251960 1.9312503 1.3329428 1.4125881 0.0001544 0.0000000 0.0003088 0.0006693 0.0227634 0.0237704 0.0227506 0.0200772 0.0308990 0.0307278 0.0304488 0.0304488 0.0303358 0.0305052 0.0301592 0.0301592 0.0302155 0.0301034 0.0301034 0.0302154 0.0302150 0.0302718 0.0302166 0.0302166 0.0302166 0.0302166 0.0301604 0.0302730 0.0302730 0.0303288 0.0303291 0.0302688 0.0302726 0.0303320 0.0302182 0.0303837 0.0303893 0.0303326 0.0304459 0.0305015 0.0305015 0.0306148 0.0304415 0.0305098 0.0304433 0.0303912 0.0303891 0.0304996 0.0305011 0.0305011 0.0303879 0.0302753 0.0302189 0.0302189 0.0302753 0.0304426 0.0305548 0.0305548 0.0298765 0.0297640 0.0299324 0.0299324 0.0300613 0.0299934 0.0300492 0.0304437 0.0304479 0.0303884 0.0305062 0.0304992 0.0309058 0.0307356 0.0306753 0.0305630 0.0305630 0.0306723 0.0304989 0.0306143 0.0305564 0.0307898 0.0305624 0.0305021 0.0308351 0.0307880 0.0307964 0.0305621 0.0311886 2.0314373 2.0318140 
EBOV_H.sap-tc_COD_07_5Luebo_KC242790                       1.9151701 1.9254094 1.9312073 1.3325852 1.4140193 0.0004633 0.0003088 0.0000000 0.0009784 0.0230973 0.0241055 0.0230843 0.0204077 0.0310793 0.0309080 0.0306288 0.0306288 0.0305157 0.0306853 0.0303389 0.0303389 0.0303953 0.0302831 0.0302831 0.0303952 0.0303948 0.0304516 0.0303964 0.0303964 0.0303964 0.0303964 0.0303402 0.0304528 0.0304528 0.0305087 0.0305089 0.0304486 0.0304524 0.0305119 0.0303980 0.0305636 0.0305692 0.0305125 0.0306259 0.0306815 0.0306815 0.0307949 0.0306214 0.0306898 0.0306232 0.0305711 0.0305690 0.0306796 0.0306812 0.0306812 0.0305678 0.0304551 0.0303987 0.0303987 0.0304551 0.0306225 0.0307348 0.0307348 0.0300560 0.0299434 0.0301119 0.0301119 0.0302411 0.0301730 0.0302289 0.0306236 0.0306279 0.0305683 0.0306863 0.0306792 0.0310862 0.0309158 0.0308555 0.0307431 0.0307431 0.0308524 0.0306789 0.0307945 0.0307364 0.0309700 0.0307425 0.0306821 0.0310154 0.0309683 0.0309768 0.0307422 0.0313692 2.0313918 2.0317684 
EBOV_H.sap-tc_COD_08_034-KS_HQ613402                       1.9155751 1.9255597 1.9321715 1.3327184 1.4131069 0.0008238 0.0006693 0.0009784 0.0000000 0.0233694 0.0243782 0.0233562 0.0207875 0.0315716 0.0314002 0.0311208 0.0311208 0.0310076 0.0311773 0.0308306 0.0308306 0.0308870 0.0307747 0.0307747 0.0308869 0.0308865 0.0309433 0.0308881 0.0308881 0.0308881 0.0308881 0.0308318 0.0309446 0.0309446 0.0310005 0.0310007 0.0309403 0.0309442 0.0310037 0.0308897 0.0310554 0.0310611 0.0310044 0.0311178 0.0311735 0.0311735 0.0312869 0.0311133 0.0311819 0.0311151 0.0310630 0.0310609 0.0311716 0.0311731 0.0311731 0.0310597 0.0309469 0.0308905 0.0308905 0.0309469 0.0311144 0.0312268 0.0312268 0.0305474 0.0304347 0.0306034 0.0306034 0.0307329 0.0306051 0.0306610 0.0311155 0.0311199 0.0310602 0.0311784 0.0311711 0.0315786 0.0314081 0.0313476 0.0312352 0.0312352 0.0313446 0.0311708 0.0312865 0.0312284 0.0314623 0.0312346 0.0311741 0.0315075 0.0314605 0.0314691 0.0312343 0.0318619 2.0304245 2.0308011 
EBOV_H.sap-xx_COD_14_Lomela-Lokolia16_KP271018             1.9297623 1.9400919 1.9448925 1.3587495 1.4285448 0.0229319 0.0227634 0.0230973 0.0233694 0.0000000 0.0013413 0.0079334 0.0129446 0.0339377 0.0337650 0.0334838 0.0334838 0.0333698 0.0335407 0.0331909 0.0331909 0.0332477 0.0331347 0.0331347 0.0332476 0.0332471 0.0333044 0.0332490 0.0331960 0.0331960 0.0331960 0.0331394 0.0332529 0.0332529 0.0333092 0.0333094 0.0333012 0.0333663 0.0333656 0.0332507 0.0334172 0.0334234 0.0333663 0.0334805 0.0336505 0.0336505 0.0335979 0.0334227 0.0335457 0.0334777 0.0334255 0.0334232 0.0334816 0.0335362 0.0335362 0.0335358 0.0334222 0.0333653 0.0333653 0.0334222 0.0334769 0.0335900 0.0335900 0.0329056 0.0327922 0.0329619 0.0329619 0.0330935 0.0330240 0.0330802 0.0334252 0.0335967 0.0335364 0.0336558 0.0336538 0.0338313 0.0337735 0.0337123 0.0335991 0.0335991 0.0337090 0.0333676 0.0335867 0.0336528 0.0337750 0.0335455 0.0335372 0.0338726 0.0338259 0.0337185 0.0336591 0.0342306 2.0552640 2.0556441 
EBOV_H.sap-xx_COD_14_Lomela-Lokolia17_KP271019             1.9327927 1.9431437 1.9480500 1.3608023 1.4287269 0.0239395 0.0237704 0.0241055 0.0243782 0.0013413 0.0000000 0.0087828 0.0138093 0.0348803 0.0347069 0.0344250 0.0343595 0.0342451 0.0344165 0.0340655 0.0340655 0.0341225 0.0340091 0.0340091 0.0341223 0.0341219 0.0341793 0.0341237 0.0340708 0.0340708 0.0340708 0.0340139 0.0341278 0.0341278 0.0341842 0.0341844 0.0341759 0.0342414 0.0342407 0.0341255 0.0342924 0.0342987 0.0342414 0.0343560 0.0345264 0.0345264 0.0344739 0.0342981 0.0344216 0.0343531 0.0343010 0.0342985 0.0343571 0.0344118 0.0344118 0.0344114 0.0342975 0.0342405 0.0342405 0.0342975 0.0343523 0.0344657 0.0344657 0.0337793 0.0336656 0.0338358 0.0338358 0.0339682 0.0338982 0.0339545 0.0343006 0.0344726 0.0344120 0.0345319 0.0345298 0.0347080 0.0346500 0.0345885 0.0344750 0.0344750 0.0345852 0.0342428 0.0344624 0.0345288 0.0346516 0.0344214 0.0344129 0.0347491 0.0347025 0.0345950 0.0345353 0.0351085 2.0603449 2.0607260 
EBOV_H.sap-tc_COD_95_Kikwit-9510621_KR867676               1.9332323 1.9443926 1.9471375 1.3607133 1.4282655 0.0229189 0.0227506 0.0230843 0.0233562 0.0079334 0.0087828 0.0000000 0.0126721 0.0334320 0.0332594 0.0329785 0.0329136 0.0327998 0.0329704 0.0326213 0.0326213 0.0325651 0.0325651 0.0325651 0.0326779 0.0326774 0.0327346 0.0326792 0.0326792 0.0326792 0.0326792 0.0326226 0.0327360 0.0327360 0.0327922 0.0327924 0.0327314 0.0328492 0.0327956 0.0326809 0.0328473 0.0328533 0.0327963 0.0329104 0.0330801 0.0330801 0.0330805 0.0329056 0.0329753 0.0329076 0.0328554 0.0328531 0.0329643 0.0329659 0.0329659 0.0329656 0.0328521 0.0327953 0.0327953 0.0328521 0.0329068 0.0330198 0.0330198 0.0323364 0.0322232 0.0323927 0.0323927 0.0325238 0.0323410 0.0323971 0.0329080 0.0330263 0.0329661 0.0330853 0.0330833 0.0331954 0.0332027 0.0331417 0.0330286 0.0330286 0.0331385 0.0328505 0.0330694 0.0331352 0.0332572 0.0330280 0.0329670 0.0333020 0.0332552 0.0332643 0.0331415 0.0336592 2.0621356 2.0625169 
EBOV_H.sap-tc_COD_77_Bonduni_KC242791                      1.9205180 1.9336065 1.9337793 1.3563358 1.4229434 0.0202438 0.0200772 0.0204077 0.0207875 0.0129446 0.0138093 0.0126721 0.0000000 0.0312706 0.0310994 0.0308204 0.0307564 0.0306434 0.0308128 0.0304667 0.0304667 0.0305230 0.0304109 0.0304109 0.0305229 0.0305225 0.0305793 0.0305242 0.0305242 0.0305242 0.0305242 0.0304680 0.0305805 0.0305805 0.0306363 0.0306366 0.0305762 0.0306929 0.0306395 0.0305257 0.0306911 0.0306968 0.0306402 0.0307534 0.0309219 0.0309219 0.0309222 0.0307489 0.0308173 0.0307508 0.0306987 0.0306966 0.0308071 0.0308086 0.0308086 0.0308083 0.0306956 0.0306393 0.0306393 0.0306956 0.0307500 0.0308622 0.0308622 0.0301840 0.0300716 0.0302399 0.0302399 0.0303690 0.0303010 0.0303568 0.0307512 0.0308195 0.0308088 0.0309267 0.0309249 0.0311003 0.0310431 0.0309828 0.0308705 0.0308705 0.0308668 0.0306941 0.0309218 0.0309768 0.0310973 0.0308699 0.0308096 0.0310302 0.0310955 0.0311040 0.0309230 0.0314961 2.0465624 2.0469415 
EBOV_H.sap-wt_GIN_14_Makona-Gueckedou-EM_080076_KR817235   1.9352900 1.9430715 1.9436700 1.3532565 1.4315824 0.0310722 0.0308990 0.0310793 0.0315716 0.0339377 0.0348803 0.0334320 0.0312706 0.0000000 0.0013921 0.0012891 0.0017549 0.0016514 0.0018070 0.0014444 0.0014444 0.0014961 0.0014961 0.0014961 0.0014961 0.0014961 0.0015478 0.0014961 0.0015995 0.0014961 0.0014961 0.0015478 0.0015478 0.0015478 0.0015995 0.0015995 0.0015995 0.0016512 0.0015997 0.0015996 0.0016512 0.0016514 0.0015997 0.0017032 0.0018584 0.0018584 0.0018584 0.0017029 0.0018070 0.0017030 0.0016515 0.0016514 0.0017548 0.0017549 0.0018584 0.0018583 0.0017548 0.0017031 0.0017031 0.0017548 0.0018064 0.0018064 0.0018064 0.0011860 0.0010827 0.0012376 0.0012376 0.0013417 0.0013929 0.0014445 0.0018065 0.0018068 0.0017548 0.0019621 0.0018586 0.0021694 0.0020139 0.0019619 0.0018584 0.0018584 0.0019102 0.0017547 0.0019100 0.0019100 0.0020140 0.0019103 0.0019619 0.0021687 0.0020140 0.0020145 0.0020139 0.0024285 2.0557214 2.0561022 
EBOV_H.sap-wt_GIN_14_Makona-Gueckedou-EM_079702_KR817210   1.9364024 1.9441916 1.9448756 1.3553150 1.4329743 0.0309010 0.0307278 0.0309080 0.0314002 0.0337650 0.0347069 0.0332594 0.0310994 0.0013921 0.0000000 0.0012889 0.0017030 0.0015996 0.0017551 0.0013926 0.0013926 0.0014443 0.0014443 0.0014443 0.0014443 0.0014443 0.0014960 0.0014444 0.0015477 0.0014444 0.0014444 0.0014961 0.0014960 0.0014960 0.0015477 0.0015477 0.0015477 0.0015994 0.0015479 0.0015478 0.0015993 0.0015996 0.0015479 0.0016514 0.0018065 0.0018065 0.0018065 0.0016511 0.0017551 0.0016512 0.0015997 0.0015996 0.0017029 0.0017030 0.0018065 0.0018064 0.0017030 0.0016512 0.0016512 0.0017030 0.0017546 0.0017546 0.0017546 0.0011343 0.0010310 0.0011859 0.0011859 0.0012899 0.0013411 0.0013928 0.0017547 0.0017549 0.0017030 0.0019102 0.0018067 0.0021174 0.0019620 0.0019101 0.0018066 0.0018066 0.0018583 0.0017029 0.0018581 0.0018582 0.0019621 0.0018585 0.0019100 0.0021168 0.0019621 0.0018591 0.0019620 0.0023765 2.0567949 2.0571758 
EBOV_H.sap-wt_GIN_14_Makona-Gueckedou-EM_079587_KR817202   1.9316082 1.9393724 1.9412777 1.3524612 1.4305204 0.0306218 0.0304488 0.0306288 0.0311208 0.0334838 0.0344250 0.0329785 0.0308204 0.0012891 0.0012889 0.0000000 0.0013412 0.0012379 0.0013932 0.0010312 0.0010312 0.0010828 0.0010828 0.0010828 0.0010828 0.0010828 0.0011344 0.0010828 0.0011861 0.0010828 0.0010828 0.0011345 0.0011345 0.0011345 0.0011861 0.0011861 0.0011861 0.0012378 0.0011862 0.0011862 0.0012377 0.0012379 0.0011862 0.0012896 0.0014446 0.0014446 0.0014446 0.0012894 0.0013932 0.0012895 0.0012380 0.0012379 0.0013412 0.0013412 0.0014446 0.0014446 0.0013412 0.0012895 0.0012895 0.0013412 0.0013928 0.0013928 0.0013928 0.0007722 0.0006692 0.0008238 0.0008238 0.0009284 0.0009796 0.0010312 0.0013929 0.0013931 0.0013412 0.0015482 0.0014448 0.0017552 0.0016000 0.0015481 0.0014447 0.0014447 0.0014964 0.0013411 0.0014962 0.0014963 0.0016000 0.0014965 0.0015480 0.0017547 0.0016000 0.0016004 0.0015999 0.0020141 2.0553944 2.0557750 
EBOV_H.sap-wt_GIN_14_Makona-Gueckedou-EM_079750_KR817213   1.9398317 1.9476354 1.9482322 1.3552489 1.4339467 0.0306218 0.0304488 0.0306288 0.0311208 0.0334838 0.0343595 0.0329136 0.0307564 0.0017549 0.0017030 0.0013412 0.0000000 0.0003088 0.0013927 0.0010298 0.0010298 0.0010824 0.0010824 0.0010824 0.0010824 0.0010824 0.0011340 0.0010824 0.0011857 0.0010824 0.0010824 0.0011340 0.0011340 0.0011340 0.0011856 0.0011857 0.0011856 0.0012373 0.0011858 0.0011857 0.0012372 0.0012374 0.0011858 0.0012891 0.0014441 0.0014441 0.0014441 0.0012889 0.0013927 0.0012890 0.0012375 0.0012374 0.0013406 0.0013407 0.0014441 0.0014440 0.0013407 0.0012890 0.0012890 0.0013407 0.0013923 0.0013923 0.0013923 0.0007722 0.0006692 0.0008238 0.0008238 0.0009280 0.0009783 0.0010309 0.0013923 0.0013925 0.0013407 0.0015476 0.0014442 0.0017545 0.0015994 0.0015475 0.0014441 0.0014441 0.0014958 0.0013406 0.0014956 0.0014957 0.0015994 0.0014959 0.0015474 0.0017540 0.0015994 0.0015998 0.0015993 0.0020133 2.0560699 2.0564508 
EBOV_H.sap-wt_GIN_14_Makona-Gueckedou-EM_079910_KR817221   1.9385339 1.9463312 1.9469285 1.3535869 1.4346654 0.0305088 0.0303358 0.0305157 0.0310076 0.0333698 0.0342451 0.0327998 0.0306434 0.0016514 0.0015996 0.0012379 0.0003088 0.0000000 0.0012893 0.0009268 0.0009268 0.0009783 0.0009783 0.0009783 0.0009783 0.0009783 0.0010298 0.0009783 0.0010824 0.0009783 0.0009783 0.0010298 0.0010298 0.0010298 0.0010824 0.0010824 0.0010824 0.0011340 0.0010825 0.0010824 0.0011340 0.0011342 0.0010825 0.0011858 0.0013407 0.0013407 0.0013407 0.0011856 0.0012893 0.0011857 0.0011342 0.0011342 0.0012373 0.0012374 0.0013407 0.0013407 0.0012374 0.0011857 0.0011857 0.0012374 0.0012889 0.0012889 0.0012889 0.0006692 0.0005662 0.0007207 0.0007207 0.0008248 0.0008753 0.0009268 0.0012890 0.0012892 0.0012374 0.0014442 0.0013409 0.0016511 0.0014959 0.0014441 0.0013408 0.0013408 0.0013925 0.0012373 0.0013923 0.0013923 0.0014960 0.0013925 0.0014441 0.0016506 0.0014960 0.0014964 0.0014959 0.0019098 2.0545948 2.0549754 
EBOV_H.sap-wt_LBR_14_Makona-LIBR0430_KR006955              1.9338753 1.9418364 1.9422518 1.3519046 1.4336060 0.0306783 0.0305052 0.0306853 0.0311773 0.0335407 0.0344165 0.0329704 0.0308128 0.0018070 0.0017551 0.0013932 0.0013927 0.0012893 0.0000000 0.0003603 0.0003603 0.0004118 0.0004118 0.0004118 0.0004118 0.0004118 0.0004632 0.0004118 0.0005147 0.0004118 0.0004118 0.0004632 0.0004632 0.0004632 0.0005147 0.0005147 0.0005147 0.0005662 0.0005147 0.0005147 0.0005662 0.0005662 0.0005147 0.0006177 0.0007722 0.0007722 0.0007722 0.0006177 0.0007207 0.0006177 0.0005662 0.0005662 0.0006692 0.0006692 0.0007722 0.0007722 0.0006692 0.0006177 0.0006177 0.0006692 0.0007207 0.0007207 0.0007207 0.0006177 0.0007207 0.0008753 0.0008753 0.0009799 0.0010311 0.0010827 0.0007207 0.0007207 0.0006692 0.0008764 0.0007722 0.0010829 0.0009280 0.0008763 0.0007722 0.0007722 0.0008238 0.0006693 0.0008238 0.0008238 0.0009280 0.0008238 0.0008753 0.0010826 0.0009280 0.0009283 0.0009280 0.0013412 2.0519962 2.0523762 
EBOV_H.sap-wt_SLE_14_Makona-G3734.1_KM233055               1.9349253 1.9428913 1.9433062 1.3539101 1.4332814 0.0303320 0.0301592 0.0303389 0.0308306 0.0331909 0.0340655 0.0326213 0.0304667 0.0014444 0.0013926 0.0010312 0.0010298 0.0009268 0.0003603 0.0000000 0.0000010 0.0000515 0.0000515 0.0000515 0.0000515 0.0000515 0.0001029 0.0000515 0.0001544 0.0000515 0.0000515 0.0001029 0.0001029 0.0001029 0.0001544 0.0001544 0.0001544 0.0002059 0.0001544 0.0001544 0.0002059 0.0002059 0.0001544 0.0002573 0.0004118 0.0004118 0.0004118 0.0002573 0.0003603 0.0002573 0.0002059 0.0002059 0.0003088 0.0003088 0.0004118 0.0004118 0.0003088 0.0002573 0.0002573 0.0003088 0.0003603 0.0003603 0.0003603 0.0002573 0.0003603 0.0005147 0.0005147 0.0006177 0.0006692 0.0007207 0.0003603 0.0003603 0.0003088 0.0005147 0.0004118 0.0007207 0.0005662 0.0005147 0.0004118 0.0004118 0.0004632 0.0003088 0.0004633 0.0004633 0.0005662 0.0004632 0.0005147 0.0007207 0.0005662 0.0005662 0.0005662 0.0009793 2.0543560 2.0547365 
EBOV_H.sap-wt_SLE_14_Makona-G3788_KM233075                 1.9349253 1.9428913 1.9433062 1.3539101 1.4332814 0.0303320 0.0301592 0.0303389 0.0308306 0.0331909 0.0340655 0.0326213 0.0304667 0.0014444 0.0013926 0.0010312 0.0010298 0.0009268 0.0003603 0.0000010 0.0000000 0.0000515 0.0000515 0.0000515 0.0000515 0.0000515 0.0001029 0.0000515 0.0001544 0.0000515 0.0000515 0.0001029 0.0001029 0.0001029 0.0001544 0.0001544 0.0001544 0.0002059 0.0001544 0.0001544 0.0002059 0.0002059 0.0001544 0.0002573 0.0004118 0.0004118 0.0004118 0.0002573 0.0003603 0.0002573 0.0002059 0.0002059 0.0003088 0.0003088 0.0004118 0.0004118 0.0003088 0.0002573 0.0002573 0.0003088 0.0003603 0.0003603 0.0003603 0.0002573 0.0003603 0.0005147 0.0005147 0.0006177 0.0006692 0.0007207 0.0003603 0.0003603 0.0003088 0.0005147 0.0004118 0.0007207 0.0005662 0.0005147 0.0004118 0.0004118 0.0004632 0.0003088 0.0004633 0.0004633 0.0005662 0.0004632 0.0005147 0.0007207 0.0005662 0.0005662 0.0005662 0.0009793 2.0543560 2.0547365 
EBOV_H.sap-wt_SLE_14_Makona-G3799_KM233080                 1.9346522 1.9426175 1.9430325 1.3536958 1.4330593 0.0303884 0.0302155 0.0303953 0.0308870 0.0332477 0.0341225 0.0325651 0.0305230 0.0014961 0.0014443 0.0010828 0.0010824 0.0009783 0.0004118 0.0000515 0.0000515 0.0000000 0.0001029 0.0001029 0.0001029 0.0001029 0.0001544 0.0001029 0.0002059 0.0001029 0.0001029 0.0001544 0.0001544 0.0001544 0.0002059 0.0002059 0.0002059 0.0002573 0.0002059 0.0002059 0.0002573 0.0002573 0.0002059 0.0003088 0.0004632 0.0004632 0.0004632 0.0003088 0.0004118 0.0003088 0.0002573 0.0002573 0.0003603 0.0003603 0.0004632 0.0004632 0.0003603 0.0003088 0.0003088 0.0003603 0.0004118 0.0004118 0.0004118 0.0003088 0.0004118 0.0005662 0.0005662 0.0006692 0.0007207 0.0007722 0.0004118 0.0004118 0.0003603 0.0005662 0.0004632 0.0007722 0.0006177 0.0005662 0.0004632 0.0004632 0.0005147 0.0003603 0.0005148 0.0005148 0.0006177 0.0005147 0.0005662 0.0007722 0.0006177 0.0006177 0.0006177 0.0010309 2.0545332 2.0549137 
EBOV_H.sap-wt_SLE_14_Makona-EM110_KM233037                 1.9352092 1.9431757 1.9435904 1.3536958 1.4330593 0.0302762 0.0301034 0.0302831 0.0307747 0.0331347 0.0340091 0.0325651 0.0304109 0.0014961 0.0014443 0.0010828 0.0010824 0.0009783 0.0004118 0.0000515 0.0000515 0.0001029 0.0000000 0.0000010 0.0001029 0.0001029 0.0001544 0.0001029 0.0002059 0.0001029 0.0001029 0.0001544 0.0001544 0.0001544 0.0002059 0.0002059 0.0002059 0.0002573 0.0002059 0.0001029 0.0002573 0.0002573 0.0002059 0.0003088 0.0004632 0.0004632 0.0004632 0.0003088 0.0004118 0.0003088 0.0002573 0.0002573 0.0003603 0.0003603 0.0004632 0.0004632 0.0003603 0.0003088 0.0003088 0.0003603 0.0004118 0.0004118 0.0004118 0.0003088 0.0004118 0.0005662 0.0005662 0.0006692 0.0007207 0.0007722 0.0004118 0.0004118 0.0003603 0.0005662 0.0004632 0.0007722 0.0006177 0.0005662 0.0004632 0.0004632 0.0005147 0.0003603 0.0005148 0.0005148 0.0006177 0.0005147 0.0005662 0.0007722 0.0006177 0.0006177 0.0006177 0.0010309 2.0540738 2.0544543 
EBOV_H.sap-wt_SLE_14_Makona-NM042.3_KM233118               1.9352092 1.9431757 1.9435904 1.3536958 1.4330593 0.0302762 0.0301034 0.0302831 0.0307747 0.0331347 0.0340091 0.0325651 0.0304109 0.0014961 0.0014443 0.0010828 0.0010824 0.0009783 0.0004118 0.0000515 0.0000515 0.0001029 0.0000010 0.0000000 0.0001029 0.0001029 0.0001544 0.0001029 0.0002059 0.0001029 0.0001029 0.0001544 0.0001544 0.0001544 0.0002059 0.0002059 0.0002059 0.0002573 0.0002059 0.0001029 0.0002573 0.0002573 0.0002059 0.0003088 0.0004632 0.0004632 0.0004632 0.0003088 0.0004118 0.0003088 0.0002573 0.0002573 0.0003603 0.0003603 0.0004632 0.0004632 0.0003603 0.0003088 0.0003088 0.0003603 0.0004118 0.0004118 0.0004118 0.0003088 0.0004118 0.0005662 0.0005662 0.0006692 0.0007207 0.0007722 0.0004118 0.0004118 0.0003603 0.0005662 0.0004632 0.0007722 0.0006177 0.0005662 0.0004632 0.0004632 0.0005147 0.0003603 0.0005148 0.0005148 0.0006177 0.0005147 0.0005662 0.0007722 0.0006177 0.0006177 0.0006177 0.0010309 2.0540738 2.0544543 
EBOV_H.sap-wt_LBR_14_Makona-EM_080065_KR817232             1.9351557 1.9431226 1.9435374 1.3539328 1.4335341 0.0303882 0.0302154 0.0303952 0.0308869 0.0332476 0.0341223 0.0326779 0.0305229 0.0014961 0.0014443 0.0010828 0.0010824 0.0009783 0.0004118 0.0000515 0.0000515 0.0001029 0.0001029 0.0001029 0.0000000 0.0001029 0.0001544 0.0001029 0.0002059 0.0001029 0.0001029 0.0001544 0.0001544 0.0001544 0.0002059 0.0002059 0.0002059 0.0002573 0.0001029 0.0002059 0.0002573 0.0002573 0.0002059 0.0003088 0.0004632 0.0004632 0.0004632 0.0003088 0.0004118 0.0003088 0.0002573 0.0002573 0.0003603 0.0003603 0.0004632 0.0004632 0.0003603 0.0003088 0.0003088 0.0003603 0.0003088 0.0004118 0.0004118 0.0003088 0.0004118 0.0005662 0.0005662 0.0006692 0.0007207 0.0007722 0.0004118 0.0004118 0.0003603 0.0005662 0.0004632 0.0007722 0.0006177 0.0005662 0.0004632 0.0004632 0.0005147 0.0003603 0.0005148 0.0005148 0.0006177 0.0005147 0.0005662 0.0007722 0.0006177 0.0006177 0.0006177 0.0010309 2.0539401 2.0543205 
EBOV_H.sap-wt_GIN_14_Makona-Macenta-EM_076322_KR817145     1.9349414 1.9429072 1.9433220 1.3541245 1.4330438 0.0303878 0.0302150 0.0303948 0.0308865 0.0332471 0.0341219 0.0326774 0.0305225 0.0014961 0.0014443 0.0010828 0.0010824 0.0009783 0.0004118 0.0000515 0.0000515 0.0001029 0.0001029 0.0001029 0.0001029 0.0000000 0.0001544 0.0001029 0.0002059 0.0001029 0.0001029 0.0001544 0.0001544 0.0001544 0.0002059 0.0002059 0.0002059 0.0002573 0.0002059 0.0002059 0.0002573 0.0002573 0.0002059 0.0003088 0.0004632 0.0004632 0.0004632 0.0003088 0.0004118 0.0003088 0.0002573 0.0002573 0.0003603 0.0003603 0.0004632 0.0004632 0.0003603 0.0003088 0.0003088 0.0003603 0.0004118 0.0004118 0.0004118 0.0003088 0.0004118 0.0005662 0.0005662 0.0006692 0.0007207 0.0007722 0.0004118 0.0004118 0.0003603 0.0005662 0.0004632 0.0007722 0.0006177 0.0005662 0.0004632 0.0004632 0.0005147 0.0003603 0.0005148 0.0005148 0.0006177 0.0005147 0.0005662 0.0007722 0.0006177 0.0006177 0.0006177 0.0010309 2.0546381 2.0550186 
EBOV_H.sap-wt_SLE_14_Makona-G3770.2_KM233070               1.9345127 1.9426613 1.9428924 1.3539089 1.4327557 0.0304446 0.0302718 0.0304516 0.0309433 0.0333044 0.0341793 0.0327346 0.0305793 0.0015478 0.0014960 0.0011344 0.0011340 0.0010298 0.0004632 0.0001029 0.0001029 0.0001544 0.0001544 0.0001544 0.0001544 0.0001544 0.0000000 0.0001544 0.0002573 0.0001544 0.0001544 0.0002059 0.0002059 0.0002059 0.0002573 0.0002573 0.0002573 0.0003088 0.0002573 0.0002573 0.0003088 0.0003088 0.0002573 0.0003603 0.0005147 0.0005147 0.0005147 0.0003603 0.0004632 0.0003603 0.0003088 0.0003088 0.0004118 0.0004118 0.0005147 0.0005147 0.0004118 0.0003603 0.0003603 0.0004118 0.0004632 0.0004632 0.0004632 0.0003603 0.0004632 0.0006177 0.0006177 0.0007207 0.0007722 0.0008238 0.0004632 0.0004632 0.0004118 0.0006177 0.0005147 0.0008238 0.0006692 0.0006177 0.0005147 0.0005147 0.0005662 0.0004118 0.0005663 0.0005663 0.0006692 0.0005662 0.0005147 0.0008238 0.0006692 0.0006692 0.0006692 0.0010825 2.0546702 2.0550507 
EBOV_H.sap-wt_SLE_14_Makona-G3827_KM233101                 1.9340999 1.9420616 1.9424768 1.3543496 1.4327219 0.0303895 0.0302166 0.0303964 0.0308881 0.0332490 0.0341237 0.0326792 0.0305242 0.0014961 0.0014444 0.0010828 0.0010824 0.0009783 0.0004118 0.0000515 0.0000515 0.0001029 0.0001029 0.0001029 0.0001029 0.0001029 0.0001544 0.0000000 0.0002059 0.0001029 0.0001029 0.0001544 0.0001544 0.0001544 0.0002059 0.0002059 0.0002059 0.0002573 0.0002059 0.0002059 0.0002573 0.0002573 0.0002059 0.0003088 0.0004632 0.0004632 0.0004632 0.0003088 0.0004118 0.0003088 0.0002573 0.0002573 0.0003603 0.0003603 0.0004632 0.0004632 0.0003603 0.0003088 0.0003088 0.0003603 0.0004118 0.0004118 0.0004118 0.0003088 0.0004118 0.0005662 0.0005662 0.0006692 0.0007207 0.0007722 0.0004118 0.0004118 0.0003603 0.0005662 0.0004632 0.0007722 0.0006177 0.0005662 0.0004632 0.0004632 0.0005147 0.0003603 0.0005148 0.0005148 0.0006177 0.0005147 0.0005662 0.0007722 0.0006177 0.0006177 0.0006177 0.0010310 2.0535520 2.0539323 
EBOV_H.sap-wt_SLE_14_Makona-Kenema-20140590_KR653278       1.9349566 1.9429248 1.9433398 1.3532217 1.4325486 0.0303895 0.0302166 0.0303964 0.0308881 0.0331960 0.0340708 0.0326792 0.0305242 0.0015995 0.0015477 0.0011861 0.0011857 0.0010824 0.0005147 0.0001544 0.0001544 0.0002059 0.0002059 0.0002059 0.0002059 0.0002059 0.0002573 0.0002059 0.0000000 0.0001029 0.0001029 0.0001544 0.0001544 0.0001544 0.0002059 0.0002059 0.0003088 0.0002573 0.0003088 0.0003088 0.0003603 0.0003603 0.0003088 0.0004118 0.0005662 0.0005662 0.0004632 0.0003088 0.0005147 0.0004118 0.0003603 0.0003603 0.0003603 0.0004632 0.0005662 0.0005662 0.0004632 0.0004118 0.0004118 0.0004632 0.0005147 0.0005147 0.0005147 0.0004118 0.0005147 0.0006692 0.0006692 0.0007722 0.0008238 0.0008753 0.0004118 0.0005147 0.0004632 0.0006692 0.0005662 0.0008753 0.0007207 0.0006692 0.0005662 0.0005662 0.0006177 0.0003603 0.0005148 0.0005148 0.0006177 0.0005147 0.0006692 0.0008753 0.0007207 0.0006177 0.0006177 0.0011342 2.0534671 2.0538475 
EBOV_H.sap-wt_SLE_14_Makona-G3825.1_KM233098               1.9356698 1.9436403 1.9440548 1.3534646 1.4327219 0.0303895 0.0302166 0.0303964 0.0308881 0.0331960 0.0340708 0.0326792 0.0305242 0.0014961 0.0014444 0.0010828 0.0010824 0.0009783 0.0004118 0.0000515 0.0000515 0.0001029 0.0001029 0.0001029 0.0001029 0.0001029 0.0001544 0.0001029 0.0001029 0.0000000 0.0000010 0.0000515 0.0000515 0.0000515 0.0001029 0.0001029 0.0002059 0.0001544 0.0002059 0.0002059 0.0002573 0.0002573 0.0002059 0.0003088 0.0004632 0.0004632 0.0003603 0.0002059 0.0004118 0.0003088 0.0002573 0.0002573 0.0002573 0.0003603 0.0004632 0.0004632 0.0003603 0.0003088 0.0003088 0.0003603 0.0004118 0.0004118 0.0004118 0.0003088 0.0004118 0.0005662 0.0005662 0.0006692 0.0007207 0.0007722 0.0003088 0.0004118 0.0003603 0.0005662 0.0004632 0.0007722 0.0006177 0.0005662 0.0004632 0.0004632 0.0005147 0.0002573 0.0004118 0.0004118 0.0005147 0.0004118 0.0005662 0.0007722 0.0006177 0.0005147 0.0005147 0.0010310 2.0535520 2.0539323 
EBOV_H.sap-wt_SLE_14_Makona-G5296_1_KR105303               1.9356698 1.9436403 1.9440548 1.3534646 1.4327219 0.0303895 0.0302166 0.0303964 0.0308881 0.0331960 0.0340708 0.0326792 0.0305242 0.0014961 0.0014444 0.0010828 0.0010824 0.0009783 0.0004118 0.0000515 0.0000515 0.0001029 0.0001029 0.0001029 0.0001029 0.0001029 0.0001544 0.0001029 0.0001029 0.0000010 0.0000000 0.0000515 0.0000515 0.0000515 0.0001029 0.0001029 0.0002059 0.0001544 0.0002059 0.0002059 0.0002573 0.0002573 0.0002059 0.0003088 0.0004632 0.0004632 0.0003603 0.0002059 0.0004118 0.0003088 0.0002573 0.0002573 0.0002573 0.0003603 0.0004632 0.0004632 0.0003603 0.0003088 0.0003088 0.0003603 0.0004118 0.0004118 0.0004118 0.0003088 0.0004118 0.0005662 0.0005662 0.0006692 0.0007207 0.0007722 0.0003088 0.0004118 0.0003603 0.0005662 0.0004632 0.0007722 0.0006177 0.0005662 0.0004632 0.0004632 0.0005147 0.0002573 0.0004118 0.0004118 0.0005147 0.0004118 0.0005662 0.0007722 0.0006177 0.0005147 0.0005147 0.0010310 2.0535520 2.0539323 
EBOV_H.sap-wt_SLE_14_Makona-G4748_1_KR105270               1.9353534 1.9433230 1.9437378 1.3532217 1.4324693 0.0303332 0.0301604 0.0303402 0.0308318 0.0331394 0.0340139 0.0326226 0.0304680 0.0015478 0.0014961 0.0011345 0.0011340 0.0010298 0.0004632 0.0001029 0.0001029 0.0001544 0.0001544 0.0001544 0.0001544 0.0001544 0.0002059 0.0001544 0.0001544 0.0000515 0.0000515 0.0000000 0.0001029 0.0001029 0.0001544 0.0001544 0.0002573 0.0002059 0.0002573 0.0002573 0.0003088 0.0003088 0.0002573 0.0003603 0.0005147 0.0005147 0.0004118 0.0002573 0.0004632 0.0003603 0.0003088 0.0003088 0.0003088 0.0004118 0.0005147 0.0005147 0.0004118 0.0003603 0.0003603 0.0004118 0.0004632 0.0004632 0.0004632 0.0003603 0.0004632 0.0006177 0.0006177 0.0007207 0.0007722 0.0008238 0.0003603 0.0004632 0.0004118 0.0006177 0.0005147 0.0008238 0.0006692 0.0006177 0.0005147 0.0005147 0.0005662 0.0003088 0.0004633 0.0004633 0.0005662 0.0004632 0.0006177 0.0008238 0.0006692 0.0005662 0.0005662 0.0010826 2.0533086 2.0536889 
EBOV_H.sap-wt_SLE_14_Makona-Bombali-J0022_KP759757         1.9353966 1.9433664 1.9437811 1.3532504 1.4328466 0.0304459 0.0302730 0.0304528 0.0309446 0.0332529 0.0341278 0.0327360 0.0305805 0.0015478 0.0014960 0.0011345 0.0011340 0.0010298 0.0004632 0.0001029 0.0001029 0.0001544 0.0001544 0.0001544 0.0001544 0.0001544 0.0002059 0.0001544 0.0001544 0.0000515 0.0000515 0.0001029 0.0000000 0.0000010 0.0001544 0.0001544 0.0002573 0.0002059 0.0002573 0.0002573 0.0003088 0.0003088 0.0002573 0.0003603 0.0005147 0.0005147 0.0004118 0.0002573 0.0004632 0.0003603 0.0003088 0.0003088 0.0003088 0.0004118 0.0005147 0.0005147 0.0004118 0.0003603 0.0003603 0.0004118 0.0004632 0.0004632 0.0004632 0.0003603 0.0004632 0.0006177 0.0006177 0.0007207 0.0007722 0.0008238 0.0003603 0.0004632 0.0004118 0.0006177 0.0005147 0.0008238 0.0006692 0.0006177 0.0005147 0.0005147 0.0005662 0.0003088 0.0004633 0.0004633 0.0005662 0.0004632 0.0006177 0.0008238 0.0006692 0.0005662 0.0005662 0.0010826 2.0535378 2.0539181 
EBOV_H.sap-wt_SLE_14_Makona-Bombali-J0019_KP759754         1.9353966 1.9433664 1.9437811 1.3532504 1.4328466 0.0304459 0.0302730 0.0304528 0.0309446 0.0332529 0.0341278 0.0327360 0.0305805 0.0015478 0.0014960 0.0011345 0.0011340 0.0010298 0.0004632 0.0001029 0.0001029 0.0001544 0.0001544 0.0001544 0.0001544 0.0001544 0.0002059 0.0001544 0.0001544 0.0000515 0.0000515 0.0001029 0.0000010 0.0000000 0.0001544 0.0001544 0.0002573 0.0002059 0.0002573 0.0002573 0.0003088 0.0003088 0.0002573 0.0003603 0.0005147 0.0005147 0.0004118 0.0002573 0.0004632 0.0003603 0.0003088 0.0003088 0.0003088 0.0004118 0.0005147 0.0005147 0.0004118 0.0003603 0.0003603 0.0004118 0.0004632 0.0004632 0.0004632 0.0003603 0.0004632 0.0006177 0.0006177 0.0007207 0.0007722 0.0008238 0.0003603 0.0004632 0.0004118 0.0006177 0.0005147 0.0008238 0.0006692 0.0006177 0.0005147 0.0005147 0.0005662 0.0003088 0.0004633 0.0004633 0.0005662 0.0004632 0.0006177 0.0008238 0.0006692 0.0005662 0.0005662 0.0010826 2.0535378 2.0539181 
EBOV_H.sap-wt_SLE_14_Makona-PortLoko-20140024_KR653252     1.9353698 1.9433399 1.9437546 1.3536549 1.4327219 0.0305017 0.0303288 0.0305087 0.0310005 0.0333092 0.0341842 0.0327922 0.0306363 0.0015995 0.0015477 0.0011861 0.0011856 0.0010824 0.0005147 0.0001544 0.0001544 0.0002059 0.0002059 0.0002059 0.0002059 0.0002059 0.0002573 0.0002059 0.0002059 0.0001029 0.0001029 0.0001544 0.0001544 0.0001544 0.0000000 0.0002059 0.0003088 0.0002573 0.0003088 0.0003088 0.0003603 0.0003603 0.0003088 0.0004118 0.0005662 0.0005662 0.0004632 0.0003088 0.0005147 0.0004118 0.0003603 0.0003603 0.0002573 0.0004632 0.0005662 0.0005662 0.0004632 0.0004118 0.0004118 0.0004632 0.0005147 0.0005147 0.0005147 0.0004118 0.0005147 0.0006692 0.0006692 0.0007722 0.0008238 0.0008753 0.0004118 0.0005147 0.0004632 0.0006692 0.0005662 0.0008753 0.0007207 0.0006692 0.0005662 0.0005662 0.0006177 0.0001544 0.0003088 0.0003088 0.0006177 0.0005147 0.0006692 0.0008753 0.0007207 0.0005147 0.0006177 0.0011342 2.0534383 2.0538186 
EBOV_H.sap-wt_SLE_14_Makona-Kenema-G4730_1_KR105268        1.9360827 1.9440544 1.9444688 1.3534359 1.4323446 0.0305020 0.0303291 0.0305089 0.0310007 0.0333094 0.0341844 0.0327924 0.0306366 0.0015995 0.0015477 0.0011861 0.0011857 0.0010824 0.0005147 0.0001544 0.0001544 0.0002059 0.0002059 0.0002059 0.0002059 0.0002059 0.0002573 0.0002059 0.0002059 0.0001029 0.0001029 0.0001544 0.0001544 0.0001544 0.0002059 0.0000000 0.0003088 0.0002573 0.0003088 0.0003088 0.0003603 0.0003603 0.0003088 0.0004118 0.0005662 0.0005662 0.0004632 0.0003088 0.0005147 0.0004118 0.0003603 0.0003603 0.0003603 0.0004632 0.0005662 0.0005662 0.0004632 0.0004118 0.0004118 0.0004632 0.0005147 0.0005147 0.0005147 0.0004118 0.0005147 0.0006692 0.0006692 0.0007722 0.0008238 0.0008753 0.0004118 0.0005147 0.0004632 0.0006692 0.0005662 0.0008753 0.0007207 0.0006692 0.0005662 0.0005662 0.0006177 0.0003603 0.0005148 0.0005148 0.0006177 0.0005147 0.0006692 0.0008753 0.0007207 0.0006177 0.0006177 0.0011342 2.0529330 2.0533133 
EBOV_H.sap-wt_SLE_14_Makona-G3949_1_KR105209               1.9355482 1.9435159 1.9439304 1.3541714 1.4332076 0.0304416 0.0302688 0.0304486 0.0309403 0.0333012 0.0341759 0.0327314 0.0305762 0.0015995 0.0015477 0.0011861 0.0011856 0.0010824 0.0005147 0.0001544 0.0001544 0.0002059 0.0002059 0.0002059 0.0002059 0.0002059 0.0002573 0.0002059 0.0003088 0.0002059 0.0002059 0.0002573 0.0002573 0.0002573 0.0003088 0.0003088 0.0000000 0.0003603 0.0003088 0.0003088 0.0003603 0.0003603 0.0003088 0.0004118 0.0005662 0.0005662 0.0005662 0.0004118 0.0005147 0.0004118 0.0003603 0.0003603 0.0004632 0.0004632 0.0005662 0.0005662 0.0004632 0.0004118 0.0004118 0.0004632 0.0005147 0.0005147 0.0005147 0.0004118 0.0005147 0.0006692 0.0006692 0.0007722 0.0008238 0.0008753 0.0005147 0.0005147 0.0004632 0.0006692 0.0005662 0.0008753 0.0007207 0.0006692 0.0005662 0.0005662 0.0006177 0.0004633 0.0006178 0.0006178 0.0007207 0.0006177 0.0006692 0.0008753 0.0007207 0.0007207 0.0007207 0.0011342 2.0550020 2.0553825 
EBOV_H.sap-wt_SLE_14_Makona-Kailahun-G4255_1_KR105226      1.9354393 1.9434089 1.9438236 1.3532217 1.4330430 0.0304455 0.0302726 0.0304524 0.0309442 0.0333663 0.0342414 0.0328492 0.0306929 0.0016512 0.0015994 0.0012378 0.0012373 0.0011340 0.0005662 0.0002059 0.0002059 0.0002573 0.0002573 0.0002573 0.0002573 0.0002573 0.0003088 0.0002573 0.0002573 0.0001544 0.0001544 0.0002059 0.0002059 0.0002059 0.0002573 0.0002573 0.0003603 0.0000000 0.0003603 0.0003603 0.0004118 0.0004118 0.0003603 0.0004632 0.0006177 0.0006177 0.0005147 0.0003603 0.0005662 0.0004632 0.0004118 0.0004118 0.0004118 0.0005147 0.0006177 0.0006177 0.0005147 0.0004632 0.0004632 0.0005147 0.0005662 0.0005662 0.0005662 0.0004632 0.0005662 0.0007207 0.0007207 0.0008238 0.0008753 0.0009268 0.0004632 0.0005662 0.0005147 0.0007207 0.0006177 0.0009268 0.0007722 0.0007207 0.0006177 0.0006177 0.0006692 0.0004118 0.0005663 0.0005663 0.0006692 0.0005662 0.0007207 0.0009268 0.0007722 0.0006692 0.0006692 0.0011858 2.0532238 2.0536041 
EBOV_H.sap-wt_LBR_14_Makona-Foya-EM_074720_KR817125        1.9361963 1.9441685 1.9445828 1.3533226 1.4342446 0.0305049 0.0303320 0.0305119 0.0310037 0.0333656 0.0342407 0.0327956 0.0306395 0.0015997 0.0015479 0.0011862 0.0011858 0.0010825 0.0005147 0.0001544 0.0001544 0.0002059 0.0002059 0.0002059 0.0001029 0.0002059 0.0002573 0.0002059 0.0003088 0.0002059 0.0002059 0.0002573 0.0002573 0.0002573 0.0003088 0.0003088 0.0003088 0.0003603 0.0000000 0.0003088 0.0003603 0.0003603 0.0003088 0.0004118 0.0005662 0.0005662 0.0005662 0.0004118 0.0005147 0.0004118 0.0003603 0.0003603 0.0004632 0.0004632 0.0005662 0.0005662 0.0004632 0.0004118 0.0004118 0.0004632 0.0004118 0.0005147 0.0005147 0.0004118 0.0005147 0.0006692 0.0006692 0.0007722 0.0008238 0.0008753 0.0005147 0.0005147 0.0004632 0.0006692 0.0005662 0.0008753 0.0007207 0.0006692 0.0005662 0.0005662 0.0006177 0.0004633 0.0006178 0.0006178 0.0007207 0.0006177 0.0006692 0.0008753 0.0007207 0.0007207 0.0007207 0.0011343 2.0553350 2.0557156 
