100
F1.BR.10.DEMF110BR015.KU749395         0.0000000 1.1155148 1.2611834 1.1959662 1.1984600 1.1892130 1.0930797 1.1291203 1.0949997 1.1248148 1.1437514 1.0730567 1.1475102 1.1440305 1.1271153 1.1529545 1.0936183 1.0672775 1.0819790 0.8715437 0.8724353 0.9173053 0.8617132 0.8915073 0.8676952 0.8659411 0.8595503 0.8672052 0.9176147 0.8740862 0.8471461 0.8524467 0.8500677 0.8572222 0.8183987 0.9029657 0.7794758 0.8832790 0.8884738 0.8734197 0.8391716 0.8174422 0.8110445 0.8674635 0.8379749 0.8586653 0.8685627 0.8134850 0.8318822 0.8302452 0.8361410 0.8638327 0.8383281 0.7949212 0.7184468 0.8094447 0.7605372 0.7463814 0.9787213 0.9752135 0.9319516 0.8777580 0.9115798 1.0186056 1.1014282 0.8851756 0.7999721 0.8000405 0.8099484 0.8538442 0.8321587 0.7524733 0.8126076 0.7976927 0.7728653 0.8742676 0.7463270 1.0895588 1.0382997 0.9086503 0.9215428 0.9317245 0.9368282 0.9210938 0.9040728 0.8765218 0.8208187 0.8434395 0.8088512 0.7486491 0.8380747 0.8316188 0.8436656 0.7918895 0.8416006 0.7933510 2.8582044 2.3124708 2.2658534 2.2218251 
A1C.IN.15.SC017.KY713232               1.1155148 0.0000000 0.7929862 0.7462435 0.7062398 0.6861219 0.6029462 0.6524191 0.6085888 0.6497227 0.6488390 0.6037482 0.6433570 0.6681107 0.6328945 0.6605072 0.6123228 0.5964382 1.3662038 1.1444247 1.1021874 1.1784107 1.1147075 1.1459083 1.1276878 1.1427178 1.1573366 1.1309706 1.1779828 1.1514319 1.1426294 1.1236433 1.0944658 1.1033431 1.0690889 1.1685945 1.0154001 1.1229853 1.1496276 1.1218159 1.0948984 1.0613286 1.0438431 1.1069134 1.0966959 1.1242154 1.1218851 1.0911828 1.0945418 1.0898831 1.0569164 1.1079636 1.0740816 1.0328561 0.9730992 1.0315410 1.0071110 0.9388381 0.9890210 1.0173583 1.0192874 0.8986758 0.9582691 0.9536199 1.0338721 0.8918344 0.8298784 0.8515160 0.8375218 0.9010294 0.8654817 0.7709251 0.8387160 0.8220769 0.8219487 0.6213495 0.7556459 1.0152592 0.9297836 0.8551518 0.8379194 0.8569829 0.8610217 0.8487343 0.8004765 0.8144287 0.7597996 0.7153985 0.7579660 0.7090187 0.7239209 0.7373362 0.7166630 0.6974943 0.7235064 0.6882153 2.8144206 2.1885791 2.1677021 2.1874827 
BC.CN.07.07CNYN340.KF835526            1.2611834 0.7929862 0.0000000 0.4083327 0.5532241 0.6123145 0.5503555 0.5154668 0.5207957 0.5666550 0.5734179 0.5177648 0.5157664 0.5385548 0.5105905 0.5348033 0.4861672 0.4795684 1.5164608 1.2889578 1.2982347 1.3274309 1.2666560 1.2926860 1.2616510 1.2918652 1.2388960 1.2363273 1.3250545 1.3285991 1.2364174 1.2907907 1.2298207 1.2415350 1.2159328 1.2896787 1.1661140 1.2820560 1.2735209 1.3291893 1.2451300 1.2357465 1.1907900 1.2985878 1.2545982 1.2388266 1.2479564 1.2426294 1.2491468 1.2282168 1.2130614 1.2278780 1.2251192 1.2016457 1.1382715 1.2050419 1.1451211 1.1092475 1.1065049 1.1255816 1.1498617 1.0603723 1.0929739 1.1126979 1.1682269 1.0350003 0.9827260 1.0166352 0.9789576 1.0376048 0.9951174 0.9446461 0.9941137 0.9730446 0.9438685 0.7592876 0.9082299 1.1917164 1.1041136 1.0121314 0.9885984 1.0345346 1.0353520 1.0030473 0.9785843 0.9894212 0.9172185 0.8839781 0.9018619 0.8881550 0.8821007 0.8860640 0.8583618 0.8461581 0.8781482 0.8536947 2.9418957 2.4585313 2.3334093 2.3365160 
85_BC.CN.14.14CN_SCYB4.KU992932        1.1959662 0.7462435 0.4083327 0.0000000 0.5069690 0.5810439 0.4995231 0.4701090 0.4774097 0.5335778 0.5363102 0.4732015 0.4744427 0.5054809 0.4690178 0.5024540 0.4529571 0.4350761 1.5166399 1.2574062 1.2298843 1.2821014 1.2338579 1.2329767 1.2356407 1.2509127 1.2124833 1.1725727 1.2747533 1.2685405 1.1920127 1.1664997 1.1449543 1.1775472 1.1515277 1.2490368 1.1063384 1.1872032 1.1943698 1.2208469 1.1676442 1.1381299 1.1260414 1.2157754 1.1695194 1.1841249 1.1868275 1.1619449 1.1720663 1.1654749 1.1732734 1.1797515 1.1857188 1.1325176 1.0769870 1.1361402 1.1002920 1.0656114 1.0954768 1.1082045 1.0935907 1.0425984 1.0533113 1.0758790 1.1343549 0.9979976 0.9349185 0.9743323 0.9564371 1.0168678 0.9506586 0.9058344 0.9513365 0.9168574 0.9112899 0.7282534 0.8629084 1.1431014 1.0858838 0.9854220 0.9667785 0.9751589 0.9851781 0.9620421 0.9400402 0.9460104 0.8538009 0.8137328 0.8789476 0.8289816 0.8383396 0.8429874 0.8316038 0.7759516 0.8305506 0.7879992 2.9624123 2.3577531 2.3522286 2.2966866 
C.GB.14.13659_1_48.3.MF109437          1.1984600 0.7062398 0.5532241 0.5069690 0.0000000 0.5634366 0.5090722 0.4653331 0.4781723 0.5000720 0.5180034 0.4526751 0.4537701 0.4873813 0.4708568 0.4833122 0.4311334 0.4204463 1.4497110 1.2217040 1.2144960 1.2854373 1.2297943 1.2255525 1.2208394 1.2230850 1.2346456 1.1705027 1.2961201 1.2315081 1.1776154 1.1820127 1.1537920 1.1560262 1.1580282 1.2247650 1.1040562 1.1799574 1.2020390 1.2020937 1.1648998 1.1643481 1.0879208 1.2108577 1.1742440 1.1790470 1.1866900 1.1516518 1.1565633 1.1531968 1.1638035 1.1796885 1.1533464 1.1120728 1.0523848 1.1244510 1.0608742 1.0615587 1.0838587 1.0723069 1.1017140 1.0051831 1.0375435 1.0587582 1.1436088 0.9827870 0.8864037 0.9551874 0.9266632 1.0132425 0.9535699 0.8825634 0.9472098 0.9131713 0.8869345 0.7154209 0.8375865 1.1231780 1.0365606 0.9534132 0.9181373 0.9564054 0.9451563 0.9405535 0.9115167 0.9176922 0.8396709 0.7936176 0.8452133 0.8046576 0.8147383 0.8146235 0.8097900 0.7621289 0.7981445 0.7646257 2.9117273 2.3562803 2.2757214 2.2897799 
C.SE.09.035ZA.MF373148                 1.1892130 0.6861219 0.6123145 0.5810439 0.5634366 0.0000000 0.4151107 0.4843647 0.4646393 0.4933200 0.4919547 0.4428744 0.4755182 0.4985981 0.4774830 0.5014663 0.4495584 0.4424087 1.4764803 1.2251994 1.2112877 1.2893497 1.2160880 1.2250366 1.2046867 1.2284301 1.1896216 1.1776864 1.2438448 1.2221942 1.2101202 1.1571845 1.1444896 1.1716395 1.1388388 1.1826718 1.1138403 1.2041741 1.2286142 1.2470296 1.1695470 1.1345538 1.1424611 1.2057418 1.1819939 1.1836777 1.1960806 1.1680866 1.1822559 1.1459408 1.1692182 1.1793332 1.1430891 1.0946144 1.0587521 1.1432125 1.0829818 1.0125638 1.0490942 1.1254224 1.0896714 0.9912009 1.0281726 1.0315326 1.1310550 0.9608657 0.8766871 0.9262494 0.9036777 0.9749542 0.9476882 0.8753270 0.9117120 0.8916132 0.8693869 0.6878265 0.8376485 1.0538239 1.0152116 0.9113392 0.8948403 0.9339111 0.9242931 0.9180951 0.8872966 0.8959685 0.8440751 0.7885210 0.8243487 0.7622867 0.8022198 0.8033661 0.7630692 0.7519471 0.7863296 0.7482899 2.8945035 2.2982106 2.2639622 2.2746363 
C.IL.99.99ET14.AY255825                1.0930797 0.6029462 0.5503555 0.4995231 0.5090722 0.4151107 0.0000000 0.4196168 0.3849834 0.4252438 0.4285506 0.3811632 0.4164121 0.4344152 0.4029502 0.4292172 0.3806323 0.3784857 1.3809790 1.1186991 1.1438316 1.1611510 1.1519960 1.1692459 1.1443250 1.1309480 1.1042322 1.0905215 1.1756212 1.1834831 1.1293003 1.0831201 1.0827196 1.0880348 1.0684334 1.1523938 1.0332716 1.1119145 1.1274101 1.1416300 1.0923478 1.0722873 1.0691609 1.1237583 1.1179693 1.0956708 1.1207059 1.0802266 1.0897251 1.0828602 1.0687205 1.1106095 1.0795626 1.0205791 0.9679639 1.0454368 0.9800096 0.9694955 0.9508090 0.9918210 0.9892409 0.9269151 0.9543647 0.9704513 1.0702100 0.8650587 0.8215916 0.8706621 0.8175047 0.8916832 0.8238187 0.7829570 0.8325045 0.8210865 0.7999316 0.5998028 0.7439275 1.0106645 0.9421977 0.8482673 0.8318158 0.8496796 0.8603648 0.8475591 0.8155851 0.8188091 0.7700511 0.7202747 0.7638715 0.7009949 0.7211761 0.7378007 0.7013031 0.6732428 0.7281650 0.6933874 2.7330739 2.2419284 2.1279912 2.1183967 
C.BW.98.98BWMC14A3.AF443078            1.1291203 0.6524191 0.5154668 0.4701090 0.4653331 0.4843647 0.4196168 0.0000000 0.3945963 0.4331446 0.4242851 0.3755436 0.3715673 0.3910481 0.3604388 0.3980309 0.3427497 0.3442367 1.4332443 1.1741630 1.1770286 1.1750758 1.1723033 1.1822580 1.1712899 1.1947333 1.1527212 1.1264917 1.2185331 1.1687723 1.1581112 1.1216460 1.0923904 1.0911733 1.0994364 1.1454103 1.0633374 1.1449866 1.1564269 1.1415736 1.0968767 1.0915449 1.0727565 1.1535575 1.1132755 1.1420767 1.1469949 1.1136969 1.0833312 1.0862753 1.1011724 1.1130080 1.0939773 1.0635329 0.9798802 1.0533267 1.0349658 0.9827150 1.0218466 1.0197511 1.0059934 0.9151258 0.9540315 0.9784886 1.0674854 0.9272551 0.8415527 0.8902113 0.8586907 0.9377012 0.8788433 0.8082322 0.8688054 0.8409695 0.8247838 0.6296935 0.7759479 1.0163130 0.9635274 0.8710186 0.8528957 0.8760742 0.8783619 0.8630326 0.8456471 0.8458568 0.7801600 0.7279335 0.7931730 0.7390762 0.7625419 0.7524783 0.7478670 0.6949324 0.7435070 0.7093646 2.8256554 2.3006633 2.1878627 2.2271535 
C.ZA.03.03ZAPS067MB2.DQ396389          1.0949997 0.6085888 0.5207957 0.4774097 0.4781723 0.4646393 0.3849834 0.3945963 0.0000000 0.3539575 0.3575577 0.3133212 0.3853920 0.4160256 0.3928433 0.4005912 0.3641555 0.3360732 1.4299810 1.1492040 1.1383682 1.1971923 1.1165485 1.1389021 1.1132754 1.1436459 1.1074435 1.0989708 1.1493441 1.1651255 1.1286011 1.0841093 1.0774758 1.0778982 1.0495022 1.1223940 1.0302570 1.1170229 1.1058541 1.1004722 1.0708705 1.0340419 1.0448359 1.0965181 1.0660212 1.1025805 1.0796821 1.0514378 1.0649887 1.0484401 1.0693974 1.0618466 1.0643142 1.0227422 0.9741536 1.0154739 1.0076068 0.9277900 0.9940340 0.9831172 0.9800730 0.9145287 0.9404826 0.9351234 1.0354457 0.8688738 0.8044214 0.8614940 0.8282924 0.9092031 0.8375028 0.7845544 0.8392934 0.8131972 0.7992108 0.6140578 0.7329925 1.0011153 0.9399999 0.8491398 0.8382621 0.8732641 0.8616460 0.8310194 0.8230713 0.8228909 0.7497796 0.6972334 0.7546291 0.6799489 0.7253434 0.7113397 0.6832999 0.6739933 0.6877353 0.6628500 2.7683729 2.2209308 2.1420419 2.2120575 
C.ZA.04.04ZASK170B1.DQ093595           1.1248148 0.6497227 0.5666550 0.5335778 0.5000720 0.4933200 0.4252438 0.4331446 0.3539575 0.0000000 0.3599520 0.3117813 0.4312215 0.4426856 0.4168209 0.4531218 0.3976754 0.3840954 1.4306936 1.1820022 1.2013262 1.2512551 1.1503705 1.2022518 1.1706101 1.1753130 1.1451136 1.1229960 1.2206925 1.2110287 1.1475269 1.1529519 1.1284051 1.1443624 1.1011593 1.1861422 1.0725068 1.1626799 1.1763827 1.1655297 1.1117350 1.0861997 1.0967813 1.1644994 1.1165659 1.1453330 1.1399177 1.0999710 1.1240751 1.1342388 1.1345613 1.1524429 1.1275971 1.0781791 1.0186145 1.0442465 1.0520919 0.9884561 1.0255232 1.0433998 1.0379176 0.9438682 1.0128725 0.9862781 1.0914316 0.9236204 0.8435616 0.8817148 0.8785964 0.9424417 0.8901135 0.8384358 0.8598280 0.8437366 0.8677762 0.6415326 0.7774340 1.0673654 0.9909744 0.8850090 0.8753431 0.8971996 0.9048594 0.8815778 0.8631500 0.8604484 0.7792000 0.7553731 0.7997684 0.7325715 0.7645892 0.7733938 0.7595567 0.7314535 0.7542052 0.7244315 2.8363028 2.3673973 2.2272798 2.2749592 
C.TZ.02.CO6721.AY734560                1.1437514 0.6488390 0.5734179 0.5363102 0.5180034 0.4919547 0.4285506 0.4242851 0.3575577 0.3599520 0.0000000 0.2535059 0.4318103 0.4543935 0.4254404 0.4651142 0.3974387 0.3885780 1.4097350 1.1902248 1.1833397 1.2273435 1.1762606 1.2343069 1.1851375 1.1795012 1.1583487 1.1303452 1.2111953 1.1927212 1.1774239 1.1369723 1.1173624 1.1121061 1.0929017 1.1829139 1.0769412 1.1557540 1.1912893 1.1621402 1.1177656 1.0984042 1.0972622 1.1613484 1.1265568 1.1477319 1.1374543 1.1113657 1.1051364 1.0974077 1.1177044 1.1283483 1.1034204 1.0576475 0.9882473 1.0954368 1.0621302 0.9814121 1.0160852 1.0663166 1.0189567 0.9563056 0.9981459 0.9752243 1.0672918 0.9340951 0.8669989 0.8915930 0.8739409 0.9148160 0.8955365 0.8367725 0.8720009 0.8497939 0.8371760 0.6558224 0.7832726 1.0407372 0.9845985 0.8841714 0.8581102 0.8926204 0.9028144 0.8949349 0.8583175 0.8520814 0.7992044 0.7367038 0.8055853 0.7398603 0.7677544 0.7693274 0.7639807 0.7189074 0.7642746 0.7328338 2.8969818 2.2851203 2.2453813 2.2287811 
C.TZ.01.BD39_8.AY253313                1.0730567 0.6037482 0.5177648 0.4732015 0.4526751 0.4428744 0.3811632 0.3755436 0.3133212 0.3117813 0.2535059 0.0000000 0.3797279 0.4058689 0.3822574 0.4129924 0.3537310 0.3379262 1.3772145 1.1129252 1.1106518 1.1851571 1.1003863 1.1336234 1.1107879 1.1431750 1.0830724 1.0735387 1.1780477 1.1321220 1.1075505 1.0598419 1.0463607 1.0523531 1.0199230 1.1423823 1.0059625 1.0878249 1.1149294 1.1043627 1.0455457 1.0363305 1.0181483 1.0930185 1.0587915 1.0816177 1.0999220 1.0345520 1.0578052 1.0294042 1.0471499 1.0760392 1.0665444 1.0021075 0.9572621 1.0373574 0.9887451 0.9299207 0.9587794 1.0013165 0.9715034 0.9113512 0.9298561 0.9496610 1.0384581 0.8774588 0.7994906 0.8417539 0.8271473 0.8836697 0.8365188 0.7915848 0.8242781 0.7937090 0.7814581 0.5973131 0.7311306 0.9947503 0.9240327 0.8300318 0.8268720 0.8469558 0.8494397 0.8334084 0.8167002 0.8270569 0.7475281 0.7112806 0.7385906 0.6801053 0.7242426 0.7211271 0.7072918 0.6880088 0.7081220 0.6751517 2.7190881 2.1984718 2.1432630 2.1052248 
C.ZA.03.03ZAPS130MB1.DQ275658          1.1475102 0.6433570 0.5157664 0.4744427 0.4537701 0.4755182 0.4164121 0.3715673 0.3853920 0.4312215 0.4318103 0.3797279 0.0000000 0.2908269 0.3364191 0.4009621 0.3329348 0.3393591 1.3981329 1.1714520 1.1409562 1.1887698 1.1515764 1.1755657 1.1794875 1.1654193 1.1324464 1.1218093 1.1588034 1.1457879 1.1220265 1.1213568 1.0867443 1.0954709 1.0470455 1.1421442 1.0397018 1.1170372 1.1324425 1.1212491 1.0747643 1.0601025 1.0536668 1.1111616 1.0964171 1.0803712 1.1147175 1.0692885 1.0806738 1.0642284 1.0713520 1.1012700 1.0761247 1.0204199 0.9667035 1.0671918 1.0094974 0.9545548 0.9907916 1.0211256 0.9981149 0.9320508 0.9619121 0.9742399 1.0461626 0.9001189 0.8508678 0.8745195 0.8555586 0.9165655 0.8752730 0.8166297 0.8575491 0.8590593 0.8307915 0.6219076 0.7506273 1.0177450 0.9555522 0.8476555 0.8271615 0.8660917 0.8750570 0.8694225 0.8373729 0.8304381 0.7792363 0.7304549 0.7824110 0.7120821 0.7654978 0.7519386 0.7414487 0.7016128 0.7321498 0.7037733 2.8132486 2.2869796 2.2029537 2.2139014 
C.ZA.97.97ZA012.AF286227               1.1440305 0.6681107 0.5385548 0.5054809 0.4873813 0.4985981 0.4344152 0.3910481 0.4160256 0.4426856 0.4543935 0.4058689 0.2908269 0.0000000 0.3446943 0.4186578 0.3630076 0.3567466 1.4136629 1.1983859 1.2022042 1.2153857 1.1715149 1.1944714 1.1899143 1.1798884 1.1862698 1.1705331 1.2104149 1.1986434 1.1691952 1.1528528 1.1251883 1.1276860 1.0947362 1.1908279 1.0824418 1.1650884 1.1969574 1.1779115 1.1259288 1.0869741 1.0866073 1.1750723 1.1197634 1.1435505 1.1631674 1.1222777 1.1181215 1.0982158 1.1058864 1.1454317 1.1319224 1.0749927 1.0137362 1.0881539 1.0269054 0.9916011 1.0328163 1.0649413 1.0545448 0.9541408 0.9896721 1.0012704 1.0789897 0.9296532 0.8433387 0.9098488 0.9084050 0.9599585 0.9015104 0.8433343 0.9145393 0.8823867 0.8636866 0.6523657 0.7946629 1.0352511 0.9838317 0.9058219 0.8679038 0.9046529 0.9165551 0.9009476 0.8638418 0.8700474 0.8008618 0.7574327 0.8002023 0.7531240 0.7771106 0.7928580 0.7607855 0.7387835 0.7624659 0.7387847 2.8278531 2.2006614 2.1292389 2.1517803 
C.ZA.04.04ZASK135B1.DQ011166           1.1271153 0.6328945 0.5105905 0.4690178 0.4708568 0.4774830 0.4029502 0.3604388 0.3928433 0.4168209 0.4254404 0.3822574 0.3364191 0.3446943 0.0000000 0.3951564 0.3361126 0.3365772 1.4106665 1.1674070 1.1557779 1.2294580 1.1568899 1.1917936 1.1439245 1.1590470 1.1284641 1.1045197 1.1877276 1.1822128 1.1291643 1.1293724 1.0914076 1.0970891 1.0608156 1.1586783 1.0809031 1.1356046 1.1489001 1.1382582 1.0933257 1.0727781 1.0416095 1.1461875 1.1210509 1.1164926 1.1362647 1.0833767 1.0773101 1.0961876 1.1140295 1.1063827 1.0778587 1.0467068 0.9797750 1.0461590 1.0377202 0.9739509 1.0162017 1.0367640 1.0316614 0.9586072 0.9863536 1.0006448 1.0622982 0.9214755 0.8497576 0.8820638 0.8799856 0.9374015 0.8676093 0.8294338 0.8796975 0.8466392 0.8469285 0.6275250 0.7781193 1.0389462 0.9475202 0.8524926 0.8672182 0.8817905 0.8792149 0.8593979 0.8310399 0.8582653 0.7716748 0.7061574 0.7665034 0.7233871 0.7540490 0.7442946 0.7305617 0.7018787 0.7364920 0.6940063 2.8160570 2.2257634 2.2085662 2.1845565 
C.ZA.02.02ZAPS015MB1.DQ369995          1.1529545 0.6605072 0.5348033 0.5024540 0.4833122 0.5014663 0.4292172 0.3980309 0.4005912 0.4531218 0.4651142 0.4129924 0.4009621 0.4186578 0.3951564 0.0000000 0.3084563 0.3628027 1.4105968 1.1976219 1.2031502 1.2265140 1.1633265 1.1993712 1.1844603 1.1801423 1.1675774 1.1508754 1.2377251 1.1958606 1.1623647 1.1475616 1.1408233 1.1213105 1.0927802 1.1558748 1.0737342 1.1599008 1.1642929 1.1823444 1.1181951 1.1003303 1.1082585 1.1431954 1.1342388 1.1516552 1.1628854 1.0900273 1.1113068 1.0916271 1.1218080 1.1483989 1.1340908 1.0794968 1.0032797 1.0928657 1.0201050 1.0286618 1.0388890 1.0598266 1.0744931 0.9867788 0.9965691 1.0204796 1.0914970 0.9628408 0.8634653 0.9137481 0.8780674 0.9963970 0.9187445 0.8676365 0.9064602 0.8953294 0.8806988 0.6518291 0.8078971 1.0476498 0.9802435 0.8919038 0.8781755 0.8973596 0.8957047 0.9050641 0.8688788 0.8690353 0.8200642 0.7537840 0.7945395 0.7579863 0.7699387 0.7948622 0.7585165 0.7337231 0.7685973 0.7456799 2.8590588 2.3110249 2.2220072 2.2544449 
C.ZA.99.99ZALT4.EU293444               1.0936183 0.6123228 0.4861672 0.4529571 0.4311334 0.4495584 0.3806323 0.3427497 0.3641555 0.3976754 0.3974387 0.3537310 0.3329348 0.3630076 0.3361126 0.3084563 0.0000000 0.3028806 1.3869379 1.1553324 1.1457734 1.1951845 1.1265501 1.1652788 1.1695038 1.1652823 1.1201344 1.1124858 1.1928155 1.1497988 1.1189874 1.1087421 1.0729342 1.0921351 1.0595767 1.1272073 1.0410313 1.1015026 1.1403593 1.1085554 1.0709459 1.0725697 1.0341662 1.1131171 1.0753159 1.0870881 1.1050316 1.0696393 1.0790784 1.0578118 1.0709994 1.0824572 1.0614596 1.0214517 0.9453359 1.0428413 1.0013659 0.9365010 0.9807308 1.0104734 1.0004476 0.9201110 0.9585254 0.9574267 1.0320743 0.8674694 0.7987347 0.8691978 0.8395750 0.9011858 0.8438204 0.8003650 0.8427598 0.8260797 0.8100152 0.6110608 0.7486978 0.9862854 0.9308764 0.8323061 0.8147513 0.8467487 0.8477681 0.8189459 0.7978861 0.8164907 0.7511060 0.7139105 0.7412287 0.6919832 0.7269546 0.7194126 0.7044901 0.6557764 0.7008932 0.6775663 2.7923328 2.2330762 2.2412668 2.2385123 
C.BW.00.00BW076820.AF443089            1.0672775 0.5964382 0.4795684 0.4350761 0.4204463 0.4424087 0.3784857 0.3442367 0.3360732 0.3840954 0.3885780 0.3379262 0.3393591 0.3567466 0.3365772 0.3628027 0.3028806 0.0000000 1.3566197 1.1038781 1.1209952 1.1541749 1.0988090 1.1408493 1.1153213 1.1079212 1.0961875 1.0577512 1.1223608 1.1277740 1.1120017 1.0689186 1.0450609 1.0662450 1.0319413 1.1281821 0.9917786 1.1038363 1.0971668 1.0954342 1.0568003 1.0398822 1.0207448 1.1001766 1.0496420 1.0591515 1.0720343 1.0585822 1.0617584 1.0374503 1.0614484 1.0635992 1.0546456 1.0095331 0.9328626 1.0230318 0.9815366 0.9102987 0.9792277 0.9856958 0.9815165 0.8950445 0.9484856 0.9375340 1.0070531 0.8743336 0.7798951 0.8299835 0.8185820 0.8894886 0.8299902 0.7776382 0.8201365 0.8037334 0.8038172 0.5872869 0.7205950 0.9791015 0.9147042 0.8382363 0.8167714 0.8275549 0.8475871 0.8156079 0.7909016 0.8011695 0.7189195 0.6700072 0.7357895 0.6900135 0.6897998 0.7092027 0.6789823 0.6490881 0.6896542 0.6605483 2.6923475 2.2160092 2.1329767 2.1312211 
BF1.BR.10.10BR_RJ029.KT427782          1.0819790 1.3662038 1.5164608 1.5166399 1.4497110 1.4764803 1.3809790 1.4332443 1.4299810 1.4306936 1.4097350 1.3772145 1.3981329 1.4136629 1.4106665 1.4105968 1.3869379 1.3566197 0.0000000 0.7037244 0.6658618 0.7594812 0.6930739 0.7268994 0.7317886 0.7305505 0.7448485 0.6754186 0.7641581 0.6485716 0.7305642 0.7116644 0.6346618 0.6929132 0.6810253 0.7438423 0.6898336 0.7215705 0.7213460 0.7386077 0.6608692 0.6329999 0.6546032 0.7300588 0.7054959 0.7166002 0.7178383 0.7050979 0.6886956 0.6871637 0.7051219 0.7025977 0.6743826 0.6409300 0.8503748 0.8802444 0.8395164 1.0197606 1.1862641 1.2285288 1.2193916 1.1318531 1.2090581 1.3212161 1.3819930 1.1581508 1.0501551 1.0958231 1.0652154 1.1242943 1.0946453 1.0249635 1.0683851 1.0673762 1.0619945 1.1759216 0.9879628 1.3692801 1.3256613 1.1937763 1.1732481 1.2074123 1.2088447 1.2206137 1.1693023 1.1660840 1.1099415 1.1288596 1.0861909 1.0557558 1.1280817 1.1104415 1.1173334 1.0900600 1.1089866 1.0703852 3.0972608 2.5278657 2.4257651 2.4489829 
B.GB.14.14667_1_16.3.MF109578          0.8715437 1.1444247 1.2889578 1.2574062 1.2217040 1.2251994 1.1186991 1.1741630 1.1492040 1.1820022 1.1902248 1.1129252 1.1714520 1.1983859 1.1674070 1.1976219 1.1553324 1.1038781 0.7037244 0.0000000 0.4349894 0.5206620 0.4828286 0.4841668 0.4668014 0.4701264 0.4747293 0.3942788 0.5340756 0.4281369 0.4582409 0.4624333 0.3793931 0.4488475 0.4408371 0.4998048 0.4314406 0.4993570 0.4832540 0.4955544 0.3909067 0.3864957 0.3872459 0.4730656 0.4456263 0.4614793 0.4483182 0.4368784 0.4460819 0.4405310 0.4374708 0.4541591 0.4403084 0.3854124 0.6037583 0.6098059 0.5970932 0.7898114 1.0233399 1.0209788 0.9995551 0.8987031 0.9555630 1.0886415 1.1877848 0.9124438 0.8369284 0.8478651 0.8392024 0.8998368 0.8592653 0.7762953 0.8688888 0.8360127 0.8208450 0.9305637 0.7751201 1.1387954 1.0948152 0.9876416 0.9712218 1.0083581 0.9958893 0.9992749 0.9458818 0.9430859 0.8855031 0.8934148 0.8748019 0.8362614 0.8866043 0.8965852 0.8534550 0.8349793 0.8899402 0.8662950 2.7982724 2.2880993 2.2348156 2.2594675 
BF1.BR.10.10BR_MG052.KT427668          0.8724353 1.1021874 1.2982347 1.2298843 1.2144960 1.2112877 1.1438316 1.1770286 1.1383682 1.2013262 1.1833397 1.1106518 1.1409562 1.2022042 1.1557779 1.2031502 1.1457734 1.1209952 0.6658618 0.4349894 0.0000000 0.5142975 0.4660003 0.4925439 0.4787446 0.4817424 0.4749846 0.4118331 0.5361168 0.3965386 0.4615441 0.4648646 0.3688440 0.4524796 0.4555579 0.5085751 0.4395996 0.4901132 0.4897754 0.4883376 0.3964414 0.3895003 0.3994471 0.4653541 0.4528532 0.4669796 0.4578454 0.4322468 0.4419724 0.4389008 0.4387516 0.4630516 0.4433268 0.3871806 0.6008205 0.6176975 0.5947750 0.8048081 0.9791406 1.0178556 0.9935951 0.8896028 0.9564610 1.0860977 1.1571649 0.8990912 0.8494523 0.8472964 0.8443908 0.8932431 0.8844200 0.7892762 0.8524843 0.8317807 0.8230014 0.9188016 0.7670203 1.1485808 1.0788989 0.9512269 0.9717116 0.9791356 0.9775538 0.9847779 0.9376967 0.9297128 0.8791316 0.8718683 0.8671089 0.8240800 0.8646464 0.8865563 0.8506496 0.8292928 0.8767898 0.8292344 2.8482075 2.2895109 2.2270923 2.2170099 
51_01B.MY.11.11MYKL055.KJ485697        0.9173053 1.1784107 1.3274309 1.2821014 1.2854373 1.2893497 1.1611510 1.1750758 1.1971923 1.2512551 1.2273435 1.1851571 1.1887698 1.2153857 1.2294580 1.2265140 1.1951845 1.1541749 0.7594812 0.5206620 0.5142975 0.0000000 0.4792468 0.4942950 0.4882006 0.4921806 0.4860266 0.4708611 0.5058557 0.5096637 0.4594938 0.4728797 0.4620952 0.4673935 0.4626120 0.4911225 0.4548843 0.4733757 0.4783189 0.4773096 0.4427818 0.4392433 0.4310206 0.4543279 0.4422096 0.4533931 0.4367531 0.4387239 0.4343816 0.4278586 0.4190734 0.4404256 0.4226693 0.3680867 0.6183301 0.6572227 0.6123765 0.8235127 1.0229093 1.0716598 1.0224177 0.9388983 0.9997954 1.1353221 1.2203202 0.9750438 0.8660088 0.9129378 0.8751995 0.9562439 0.9240144 0.8452927 0.8860872 0.8691026 0.8434800 0.9532130 0.8235157 1.1677568 1.0861738 0.9961737 0.9943724 1.0274187 1.0052469 0.9996070 0.9603815 0.9570148 0.9002617 0.9171596 0.9174612 0.8789484 0.8963245 0.9222508 0.9188819 0.8661321 0.9179996 0.8888055 2.8918488 2.3781215 2.3198587 2.2658188 
B.CY.08.CY224.JF683773                 0.8617132 1.1147075 1.2666560 1.2338579 1.2297943 1.2160880 1.1519960 1.1723033 1.1165485 1.1503705 1.1762606 1.1003863 1.1515764 1.1715149 1.1568899 1.1633265 1.1265501 1.0988090 0.6930739 0.4828286 0.4660003 0.4792468 0.0000000 0.4302835 0.4174631 0.4155940 0.4405952 0.4511736 0.4828838 0.4672087 0.3977249 0.3893890 0.4113472 0.3824558 0.4120256 0.4754101 0.4214869 0.4546432 0.4519496 0.4600212 0.4019812 0.3954515 0.3797925 0.4401044 0.4038190 0.4350977 0.4213154 0.4044315 0.4103528 0.4009177 0.4034454 0.4150914 0.4014310 0.3493338 0.5848389 0.6077277 0.5797846 0.7849182 1.0101970 0.9899314 0.9617596 0.8659029 0.9269842 1.0833352 1.1480863 0.8874329 0.8337694 0.8639711 0.8083477 0.9073641 0.8550476 0.7925925 0.8393445 0.8146764 0.8096599 0.8958382 0.7782929 1.1108873 1.0533548 0.9493554 0.9582400 0.9662684 0.9500098 0.9697359 0.9231504 0.9181448 0.8709036 0.8684373 0.8559226 0.8124157 0.8717176 0.8666628 0.8735896 0.8195350 0.8645328 0.8290645 2.8505244 2.2320638 2.1809098 2.2048734 
B.CN.07.CBJC261.JF932474               0.8915073 1.1459083 1.2926860 1.2329767 1.2255525 1.2250366 1.1692459 1.1822580 1.1389021 1.2022518 1.2343069 1.1336234 1.1755657 1.1944714 1.1917936 1.1993712 1.1652788 1.1408493 0.7268994 0.4841668 0.4925439 0.4942950 0.4302835 0.0000000 0.1682095 0.1744096 0.4655959 0.4713355 0.5032195 0.4851244 0.4116085 0.4108802 0.4388055 0.3855837 0.4338415 0.4933931 0.4257037 0.4662740 0.4702760 0.4739156 0.4184092 0.4215686 0.4081489 0.4539324 0.4270856 0.4410813 0.4438437 0.4297521 0.4271624 0.4085818 0.4165433 0.4373010 0.4103324 0.3688610 0.6065853 0.6343793 0.5966518 0.7941878 1.0163081 1.0506507 0.9710174 0.9038464 0.9645520 1.0998999 1.1546611 0.9455243 0.8370345 0.8935523 0.8455326 0.9366979 0.8925336 0.8172223 0.8597980 0.8562124 0.8458524 0.9384516 0.7932177 1.1293876 1.0660422 0.9503282 0.9832698 1.0090606 0.9917575 1.0039141 0.9403391 0.9484489 0.8814610 0.9085743 0.8721300 0.8379068 0.8969631 0.9069814 0.8834779 0.8395633 0.8900605 0.8519930 2.8556853 2.2986239 2.2533083 2.2335751 
B.CN.01.CNHN24.AY180905                0.8676952 1.1276878 1.2616510 1.2356407 1.2208394 1.2046867 1.1443250 1.1712899 1.1132754 1.1706101 1.1851375 1.1107879 1.1794875 1.1899143 1.1439245 1.1844603 1.1695038 1.1153213 0.7317886 0.4668014 0.4787446 0.4882006 0.4174631 0.1682095 0.0000000 0.1635772 0.4535756 0.4523879 0.5020907 0.4742485 0.4045302 0.4052174 0.4283675 0.3733777 0.4259597 0.4781630 0.4201471 0.4579354 0.4595338 0.4669398 0.4124911 0.4026271 0.3838806 0.4424326 0.4265670 0.4326623 0.4252111 0.4058647 0.4242326 0.4019471 0.4032661 0.4287140 0.4044206 0.3583697 0.6005456 0.6204934 0.5806656 0.7863387 1.0179833 1.0361296 0.9769490 0.8962390 0.9510427 1.0764693 1.1173797 0.9175282 0.8200906 0.8590177 0.8281881 0.9219779 0.8713043 0.8030020 0.8511970 0.8286732 0.8114756 0.9320024 0.7642889 1.1235182 1.0459288 0.9397478 0.9535482 0.9797559 0.9667025 0.9803712 0.9186049 0.9378353 0.8636039 0.8787392 0.8451897 0.8145155 0.8655889 0.8691848 0.8669698 0.8179202 0.8614071 0.8244173 2.8794436 2.3400489 2.2176438 2.2519305 
B.CN.08.cbjc468.JF932498               0.8659411 1.1427178 1.2918652 1.2509127 1.2230850 1.2284301 1.1309480 1.1947333 1.1436459 1.1753130 1.1795012 1.1431750 1.1654193 1.1798884 1.1590470 1.1801423 1.1652823 1.1079212 0.7305505 0.4701264 0.4817424 0.4921806 0.4155940 0.1744096 0.1635772 0.0000000 0.4430582 0.4524985 0.4947475 0.4809791 0.3965284 0.3981847 0.4220277 0.3698262 0.4199814 0.4824549 0.4139393 0.4516941 0.4570497 0.4617842 0.4101876 0.4006968 0.3938217 0.4332160 0.4218022 0.4270865 0.4226037 0.4050714 0.4155085 0.4027446 0.4044237 0.4243474 0.4010488 0.3521886 0.5964311 0.6060517 0.5718612 0.7800672 1.0064181 1.0219612 0.9779236 0.8887506 0.9415514 1.0819812 1.1485511 0.9146237 0.8358773 0.8645059 0.8401720 0.9230354 0.8811445 0.8108868 0.8486839 0.8392559 0.8309088 0.9263220 0.7758978 1.1217866 1.0559556 0.9563453 0.9654469 0.9867599 0.9756910 0.9777288 0.9295400 0.9404104 0.8696778 0.8739701 0.8497655 0.8115692 0.8576209 0.8793669 0.8713281 0.8238078 0.8716295 0.8331057 2.8946518 2.2735392 2.2191829 2.1927884 
B.JP.11.NMC851C_clone_13.AB731669      0.8595503 1.1573366 1.2388960 1.2124833 1.2346456 1.1896216 1.1042322 1.1527212 1.1074435 1.1451136 1.1583487 1.0830724 1.1324464 1.1862698 1.1284641 1.1675774 1.1201344 1.0961875 0.7448485 0.4747293 0.4749846 0.4860266 0.4405952 0.4655959 0.4535756 0.4430582 0.0000000 0.4543438 0.4864740 0.4741708 0.4352609 0.4274425 0.4226407 0.4160012 0.4187267 0.4704704 0.4265776 0.4474094 0.4569385 0.4563729 0.4027473 0.4015644 0.3932323 0.4502046 0.4109905 0.4208400 0.4128287 0.4147626 0.4239298 0.4053218 0.4004518 0.4168162 0.3997424 0.3518945 0.5770567 0.6071684 0.5622763 0.7621520 0.9768690 1.0344971 0.9800303 0.9026316 0.9622052 1.0760949 1.1657912 0.9354587 0.8237140 0.8592751 0.8505058 0.9051563 0.8812959 0.7920450 0.8436439 0.8272649 0.8131544 0.9153062 0.7544997 1.1049026 1.0452037 0.9475515 0.9672917 0.9629650 0.9906546 0.9774391 0.9460646 0.9319059 0.8502089 0.8713547 0.8460064 0.8202648 0.8739467 0.8681108 0.8636346 0.8341526 0.8785207 0.8186837 2.7673710 2.2891672 2.1772967 2.1595154 
B.BR.10.10BR_PE013.KT427743            0.8672052 1.1309706 1.2363273 1.1725727 1.1705027 1.1776864 1.0905215 1.1264917 1.0989708 1.1229960 1.1303452 1.0735387 1.1218093 1.1705331 1.1045197 1.1508754 1.1124858 1.0577512 0.6754186 0.3942788 0.4118331 0.4708611 0.4511736 0.4713355 0.4523879 0.4524985 0.4543438 0.0000000 0.5073336 0.3982970 0.4261012 0.4347583 0.3501430 0.4279399 0.4130103 0.4733166 0.4045182 0.4679537 0.4568193 0.4536966 0.3653667 0.3582025 0.3641571 0.4439559 0.4121283 0.4312935 0.4214092 0.4090825 0.4045556 0.4000299 0.4107433 0.4219646 0.4027073 0.3492945 0.5640082 0.5905084 0.5548103 0.7613327 0.9816288 0.9574004 0.9769916 0.8539515 0.9059288 1.0602825 1.1227895 0.8811707 0.8141341 0.8477516 0.8113350 0.9028748 0.8717451 0.7859485 0.8344923 0.8190992 0.7970357 0.8970639 0.7550593 1.1082804 1.0218233 0.9214995 0.9248305 0.9480433 0.9470688 0.9378962 0.9030200 0.8955249 0.8442948 0.8654980 0.8520740 0.8113229 0.8273174 0.8594917 0.8328604 0.8096299 0.8802471 0.8103421 2.8382096 2.2128877 2.1545203 2.1534821 
B.US.15.2521.KX505446                  0.9176147 1.1779828 1.3250545 1.2747533 1.2961201 1.2438448 1.1756212 1.2185331 1.1493441 1.2206925 1.2111953 1.1780477 1.1588034 1.2104149 1.1877276 1.2377251 1.1928155 1.1223608 0.7641581 0.5340756 0.5361168 0.5058557 0.4828838 0.5032195 0.5020907 0.4947475 0.4864740 0.5073336 0.0000000 0.5125679 0.4638418 0.4709121 0.4635811 0.4604619 0.4646528 0.4548703 0.4719989 0.4070626 0.4545538 0.4414922 0.4435078 0.4462861 0.4377360 0.4369212 0.3930857 0.4193743 0.4104702 0.3958395 0.4180577 0.3958484 0.3984846 0.4120524 0.4022394 0.3460845 0.6295693 0.6546119 0.6301171 0.8100280 1.0482240 1.0685842 1.0179055 0.9203404 0.9967156 1.1324792 1.2012264 0.9645959 0.8884170 0.9044800 0.8846711 0.9478117 0.9198472 0.8553022 0.8878697 0.8861693 0.8589506 0.9675084 0.8139606 1.2007896 1.0982049 1.0049791 1.0181713 1.0187991 1.0280165 1.0201773 0.9759879 0.9507465 0.8994591 0.8850856 0.9096452 0.8603126 0.9146375 0.9032171 0.8951792 0.8686961 0.9646033 0.8902746 2.9072034 2.2872172 2.2674244 2.2577276 
BF1.BR.00.BREPM13853.DQ085875          0.8740862 1.1514319 1.3285991 1.2685405 1.2315081 1.2221942 1.1834831 1.1687723 1.1651255 1.2110287 1.1927212 1.1321220 1.1457879 1.1986434 1.1822128 1.1958606 1.1497988 1.1277740 0.6485716 0.4281369 0.3965386 0.5096637 0.4672087 0.4851244 0.4742485 0.4809791 0.4741708 0.3982970 0.5125679 0.0000000 0.4597028 0.4674032 0.3468329 0.4452132 0.4363025 0.5060545 0.4317121 0.4796033 0.4773318 0.4782374 0.3857873 0.3871824 0.3856733 0.4443923 0.4433453 0.4512810 0.4416340 0.4288845 0.4286872 0.4384586 0.4322462 0.4540759 0.4296803 0.3853974 0.5878088 0.6051488 0.5897880 0.7914479 1.0061227 1.0026240 0.9898495 0.8863544 0.9295743 1.0908759 1.1649480 0.9217957 0.8391100 0.8518415 0.8727572 0.9177194 0.8851310 0.7934758 0.8548334 0.8287902 0.8345505 0.9296432 0.7804064 1.1591160 1.0680742 0.9639720 0.9664179 0.9872867 0.9801910 0.9796202 0.9344692 0.9360549 0.8711541 0.8853663 0.8700014 0.8407174 0.8672901 0.8734370 0.8784678 0.8595553 0.8967851 0.8266851 2.9629892 2.2920107 2.2262397 2.2186069 
B.TH.06.AA010a_WG3.JX446800            0.8471461 1.1426294 1.2364174 1.1920127 1.1776154 1.2101202 1.1293003 1.1581112 1.1286011 1.1475269 1.1774239 1.1075505 1.1220265 1.1691952 1.1291643 1.1623647 1.1189874 1.1120017 0.7305642 0.4582409 0.4615441 0.4594938 0.3977249 0.4116085 0.4045302 0.3965284 0.4352609 0.4261012 0.4638418 0.4597028 0.0000000 0.3948853 0.4116258 0.3807006 0.3963278 0.4554898 0.3927558 0.4350305 0.4372913 0.4319217 0.3860705 0.3831539 0.3686271 0.4268611 0.3923056 0.4115552 0.3998106 0.3818352 0.3976889 0.3824130 0.3902314 0.4122237 0.3899371 0.3401396 0.5695106 0.5890097 0.5575351 0.7509988 0.9692057 0.9934501 0.9510889 0.8586258 0.9001919 1.0546928 1.1268928 0.8819645 0.7963587 0.8242670 0.8059516 0.8931997 0.8397501 0.7711456 0.8311186 0.8154811 0.8077581 0.8817450 0.7380738 1.0917986 1.0185701 0.9285105 0.9191219 0.9341976 0.9340095 0.9287167 0.8907902 0.8937152 0.8417917 0.8441605 0.8356744 0.7782828 0.8299123 0.8421404 0.8461528 0.7920423 0.8508275 0.7986576 2.8419649 2.2238629 2.1839323 2.1353635 
B.JP.04.DR6174.AB480692                0.8524467 1.1236433 1.2907907 1.1664997 1.1820127 1.1571845 1.0831201 1.1216460 1.0841093 1.1529519 1.1369723 1.0598419 1.1213568 1.1528528 1.1293724 1.1475616 1.1087421 1.0689186 0.7116644 0.4624333 0.4648646 0.4728797 0.3893890 0.4108802 0.4052174 0.3981847 0.4274425 0.4347583 0.4709121 0.4674032 0.3948853 0.0000000 0.4081611 0.3635024 0.4082711 0.4633314 0.4084706 0.4428733 0.4332835 0.4381042 0.3871263 0.3880066 0.3732163 0.4280675 0.3979694 0.4031684 0.4081346 0.3948117 0.4089967 0.3852513 0.3977765 0.4225237 0.3901517 0.3399416 0.5781289 0.6075055 0.5659689 0.7700709 0.9953229 1.0187210 0.9479659 0.8748171 0.9280548 1.0697225 1.1300921 0.9201837 0.8209952 0.8753603 0.8143461 0.9073514 0.8743366 0.7963383 0.8459242 0.8289315 0.8171058 0.9068889 0.7521081 1.1176261 1.0791405 0.9398377 0.9442130 0.9611769 0.9610845 0.9580967 0.9236159 0.9142689 0.8624849 0.8731387 0.8463075 0.7997073 0.8557363 0.8969139 0.8235719 0.8096806 0.8731186 0.8152658 3.0151517 2.2960143 2.2540587 2.2528150 
B.BR.02.02BR2041.JN692443              0.8500677 1.0944658 1.2298207 1.1449543 1.1537920 1.1444896 1.0827196 1.0923904 1.0774758 1.1284051 1.1173624 1.0463607 1.0867443 1.1251883 1.0914076 1.1408233 1.0729342 1.0450609 0.6346618 0.3793931 0.3688440 0.4620952 0.4113472 0.4388055 0.4283675 0.4220277 0.4226407 0.3501430 0.4635811 0.3468329 0.4116258 0.4081611 0.0000000 0.3984657 0.3914077 0.4530729 0.3850839 0.4268398 0.4383961 0.4408442 0.3379165 0.3341803 0.3417229 0.4167817 0.3981930 0.4095449 0.4056200 0.3921293 0.3928964 0.3879185 0.3829258 0.3985350 0.3799421 0.3365907 0.5572106 0.5821860 0.5545490 0.7222879 0.9177938 0.9925832 0.9422520 0.8556104 0.8949366 1.0382024 1.0985896 0.8558841 0.7876900 0.8014896 0.7930700 0.8683559 0.8089967 0.7436258 0.7971442 0.7752548 0.7857332 0.8687276 0.7273433 1.0804735 1.0010233 0.9085116 0.9066195 0.9196354 0.9416106 0.9267985 0.8844876 0.8736151 0.8273810 0.8243293 0.8129884 0.7849939 0.8178177 0.8425536 0.7935441 0.7840799 0.8484898 0.8131332 2.8080900 2.2324854 2.2033081 2.1774540 
B.DE.10.iso4_w10.KU612900              0.8572222 1.1033431 1.2415350 1.1775472 1.1560262 1.1716395 1.0880348 1.0911733 1.0778982 1.1443624 1.1121061 1.0523531 1.0954709 1.1276860 1.0970891 1.1213105 1.0921351 1.0662450 0.6929132 0.4488475 0.4524796 0.4673935 0.3824558 0.3855837 0.3733777 0.3698262 0.4160012 0.4279399 0.4604619 0.4452132 0.3807006 0.3635024 0.3984657 0.0000000 0.3999524 0.4348252 0.3982761 0.4321571 0.4151918 0.4220522 0.3767388 0.3688062 0.3528570 0.4104235 0.3825781 0.3985033 0.3939902 0.3825645 0.3855053 0.3784222 0.3722330 0.3969758 0.3799167 0.3291179 0.5525917 0.5792080 0.5549455 0.7274997 0.9742210 0.9933311 0.9262662 0.8492542 0.8937339 1.0516136 1.1102922 0.9002276 0.7857474 0.8251776 0.8099534 0.8806234 0.8475133 0.7729552 0.8251619 0.8056158 0.7814383 0.8701601 0.7364407 1.0872300 1.0202617 0.9105666 0.9087529 0.9414994 0.9494844 0.9441864 0.8764775 0.8775815 0.8218881 0.8276445 0.8188850 0.7643317 0.8571202 0.8393876 0.8411731 0.7918720 0.8529194 0.7918496 2.7797977 2.2234209 2.1908995 2.2046032 
B.BR.10.10BR_PE101.KT427697            0.8183987 1.0690889 1.2159328 1.1515277 1.1580282 1.1388388 1.0684334 1.0994364 1.0495022 1.1011593 1.0929017 1.0199230 1.0470455 1.0947362 1.0608156 1.0927802 1.0595767 1.0319413 0.6810253 0.4408371 0.4555579 0.4626120 0.4120256 0.4338415 0.4259597 0.4199814 0.4187267 0.4130103 0.4646528 0.4363025 0.3963278 0.4082711 0.3914077 0.3999524 0.0000000 0.4470386 0.3847130 0.4366534 0.4294127 0.4392402 0.3685340 0.3720506 0.3514241 0.4203667 0.3867185 0.3998944 0.3936629 0.3745104 0.3926417 0.3821571 0.3815472 0.3912437 0.3809546 0.3296996 0.5369896 0.5760851 0.5455307 0.7290461 0.9438756 0.9568089 0.9013223 0.8359284 0.8887320 1.0038513 1.0937685 0.8489819 0.7688300 0.7902644 0.7909799 0.8321841 0.8326907 0.7425753 0.7966004 0.7749575 0.7533769 0.8627064 0.7110467 1.1072749 0.9884715 0.8889150 0.8990617 0.9107079 0.9036105 0.9131161 0.8590218 0.8606424 0.8141729 0.8154265 0.8031014 0.7738524 0.8230704 0.8429684 0.8257185 0.7841112 0.8352014 0.7983187 2.8232810 2.1569960 2.2129282 2.1578445 
B.GB.14.14535_1_7.3.MF109534           0.9029657 1.1685945 1.2896787 1.2490368 1.2247650 1.1826718 1.1523938 1.1454103 1.1223940 1.1861422 1.1829139 1.1423823 1.1421442 1.1908279 1.1586783 1.1558748 1.1272073 1.1281821 0.7438423 0.4998048 0.5085751 0.4911225 0.4754101 0.4933931 0.4781630 0.4824549 0.4704704 0.4733166 0.4548703 0.5060545 0.4554898 0.4633314 0.4530729 0.4348252 0.4470386 0.0000000 0.4453977 0.4297893 0.4073527 0.4201995 0.4341692 0.4251608 0.4251127 0.4089311 0.3684179 0.4011081 0.3979948 0.3522631 0.3894507 0.3693851 0.3804712 0.3995395 0.3834593 0.3297876 0.6077312 0.6283524 0.6011721 0.7927313 1.0394791 1.0441839 0.9906065 0.9059144 0.9741491 1.1086159 1.1808144 0.9235507 0.8624420 0.8432509 0.8449344 0.9223612 0.8881043 0.8093690 0.8365396 0.8456491 0.8193526 0.9406997 0.8177670 1.1538173 1.0918397 0.9710668 0.9754613 0.9960862 1.0175062 1.0009178 0.9681623 0.9655275 0.8953494 0.9114641 0.8853847 0.8409856 0.8846010 0.8952275 0.8861055 0.8345335 0.9107247 0.8523102 2.8081255 2.2943927 2.2385934 2.2392471 
B.US.15.3693.KX505555                  0.7794758 1.0154001 1.1661140 1.1063384 1.1040562 1.1138403 1.0332716 1.0633374 1.0302570 1.0725068 1.0769412 1.0059625 1.0397018 1.0824418 1.0809031 1.0737342 1.0410313 0.9917786 0.6898336 0.4314406 0.4395996 0.4548843 0.4214869 0.4257037 0.4201471 0.4139393 0.4265776 0.4045182 0.4719989 0.4317121 0.3927558 0.4084706 0.3850839 0.3982761 0.3847130 0.4453977 0.0000000 0.4308686 0.4351881 0.4329067 0.3550849 0.3625532 0.3479249 0.4186719 0.3963293 0.4060938 0.3986451 0.3824264 0.3893218 0.3910953 0.3797071 0.3974057 0.3857672 0.3251837 0.5067513 0.5232551 0.4839370 0.6898178 0.8812907 0.9144309 0.8871176 0.8023376 0.8519162 0.9861311 1.0496019 0.8065474 0.7399808 0.7441768 0.7428290 0.8074531 0.7577725 0.7030827 0.7387773 0.7321788 0.7248155 0.8135122 0.6833793 1.0557870 0.9669737 0.8647694 0.8587042 0.8995624 0.8816516 0.8742969 0.8261521 0.8210876 0.7578684 0.7834977 0.7604757 0.7250054 0.7806386 0.7691725 0.7648328 0.7426239 0.7891870 0.7342917 2.7256400 2.1593659 2.0919327 2.0686596 
B.GB.14.13659_1_64.3.MF109452          0.8832790 1.1229853 1.2820560 1.1872032 1.1799574 1.2041741 1.1119145 1.1449866 1.1170229 1.1626799 1.1557540 1.0878249 1.1170372 1.1650884 1.1356046 1.1599008 1.1015026 1.1038363 0.7215705 0.4993570 0.4901132 0.4733757 0.4546432 0.4662740 0.4579354 0.4516941 0.4474094 0.4679537 0.4070626 0.4796033 0.4350305 0.4428733 0.4268398 0.4321571 0.4366534 0.4297893 0.4308686 0.0000000 0.4150374 0.4123369 0.4229977 0.4122932 0.3912805 0.3975204 0.3727093 0.3928729 0.3847164 0.3723079 0.3923539 0.3624954 0.3713624 0.3885118 0.3758948 0.3230673 0.5884213 0.6165920 0.6054169 0.7694755 1.0089724 1.0427254 0.9696871 0.8778029 0.9483579 1.0908368 1.1554190 0.9353263 0.8292331 0.8537187 0.8507334 0.8999949 0.8902625 0.7987571 0.8499275 0.8280250 0.8172361 0.9176579 0.7727284 1.1235763 1.0593144 0.9363821 0.9468388 0.9758704 0.9842846 0.9562444 0.9335162 0.9208093 0.8356972 0.8587102 0.8593738 0.8135717 0.8646396 0.8764024 0.8339232 0.8343981 0.8869010 0.8188247 2.8171366 2.3110985 2.2471418 2.2383033 
