93
RESTV_M.fas-tc_USA_89_Philippines89-Pennsylvania_NC_004161 0.0000000 0.0235244 0.0324331 1.7961109 1.7961503 2.0284346 1.9988018 1.8511124 1.8509410 1.8506586 1.8529458 1.8618162 1.8574629 1.8599493 1.8579575 1.8580807 1.8599482 1.8593305 1.8589676 1.8574951 1.8593180 1.8580939 1.8610840 1.8578131 1.8578131 1.8582895 1.8628057 1.8612239 1.8596858 1.8591043 1.8599347 1.8619532 1.8591570 1.8601445 1.8601445 1.8601791 1.8607340 1.8610491 1.8607624 1.8624885 1.8624885 1.8604332 1.8599347 1.8615049 1.8616119 1.8600580 1.8600580 1.8607860 1.8591522 1.8591522 1.8600580 1.8595837 1.8597541 1.8597541 1.8600082 1.8592260 1.8602886 1.8599692 1.8600375 1.8645066 1.8607392 1.8606547 1.8606681 1.8584761 1.8594517 1.8603796 1.8587901 1.8598564 1.8602656 1.8602656 1.8596642 1.8601467 1.8585365 1.8592967 1.8586891 1.8574659 1.8593388 1.8593050 1.8582203 1.8571768 1.8608407 1.8576409 1.8590501 1.8575520 1.8576753 1.8589023 1.8591365 1.8595183 1.8598904 1.8717559 1.8740176 1.8652464 1.8621012 
RESTV_S.dom-tc_PHL_08_Reston08-A_FJ621583                  0.0235244 0.0000000 0.0484995 1.8202706 1.8203103 2.0545445 2.0118497 1.8762128 1.8760326 1.8757467 1.8780729 1.8880013 1.8838175 1.8863622 1.8841154 1.8842399 1.8863523 1.8857198 1.8853515 1.8838565 1.8857137 1.8844690 1.8875118 1.8841769 1.8841769 1.8846584 1.8892596 1.8876578 1.8860865 1.8854911 1.8863374 1.8882052 1.8855442 1.8865492 1.8865492 1.8865853 1.8871528 1.8874714 1.8871763 1.8889398 1.8889398 1.8868411 1.8863374 1.8879304 1.8880414 1.8864620 1.8864620 1.8872045 1.8855462 1.8855462 1.8864620 1.8859837 1.8861567 1.8861567 1.8864126 1.8855600 1.8866957 1.8863735 1.8858734 1.8912732 1.8874273 1.8871724 1.8871869 1.8849568 1.8861194 1.8867959 1.8851757 1.8862492 1.8866725 1.8866725 1.8860586 1.8865608 1.8849197 1.8853661 1.8852231 1.8836604 1.8857297 1.8856955 1.8847507 1.8836895 1.8872599 1.8840061 1.8854367 1.8839178 1.8840423 1.8852819 1.8855258 1.8859097 1.8862850 1.8994273 1.9017215 1.8918344 1.8894876 
RESTV_S.dom-xx_PHL_08_Reston08-C_FJ621584                  0.0324331 0.0484995 0.0000000 1.8158887 1.8159284 2.0453291 2.0121266 1.8464629 1.8462931 1.8460114 1.8483464 1.8592904 1.8548537 1.8575097 1.8551873 1.8553106 1.8571763 1.8565596 1.8561971 1.8547258 1.8565464 1.8553237 1.8578853 1.8550438 1.8550438 1.8555201 1.8600305 1.8584497 1.8569141 1.8563335 1.8571628 1.8592349 1.8563863 1.8573726 1.8573726 1.8574071 1.8579610 1.8582760 1.8577757 1.8600468 1.8600468 1.8576611 1.8571628 1.8589733 1.8586790 1.8572861 1.8572861 1.8580131 1.8565402 1.8565402 1.8572861 1.8568119 1.8569822 1.8569822 1.8572362 1.8564551 1.8575166 1.8571973 1.8572655 1.8622930 1.8579662 1.8577233 1.8571181 1.8555471 1.8566799 1.8576067 1.8560193 1.8569938 1.8570687 1.8570687 1.8568931 1.8573738 1.8557657 1.8564710 1.8559194 1.8551219 1.8565677 1.8565340 1.8554506 1.8544082 1.8579760 1.8548714 1.8562794 1.8547824 1.8549056 1.8561322 1.8563655 1.8571721 1.8575441 1.8671995 1.8688883 1.8583875 1.8583650 
SUDV_H.sap-xx_UGA_12_EboSud-603_KC545390                   1.7961109 1.8202706 1.8158887 0.0000000 0.0001044 2.1195512 2.1350362 1.9628806 1.9644023 1.9645418 1.9646528 1.9877576 1.9849764 1.9861130 1.9848563 1.9848563 1.9864353 1.9857269 1.9838845 1.9820576 1.9818335 1.9833402 1.9823518 1.9848203 1.9848203 1.9838976 1.9870384 1.9868221 1.9844177 1.9838496 1.9846837 1.9845661 1.9833543 1.9845514 1.9845514 1.9848174 1.9848081 1.9847653 1.9867048 1.9847692 1.9847692 1.9837054 1.9846837 1.9860622 1.9860099 1.9848160 1.9848160 1.9861847 1.9826066 1.9826066 1.9849131 1.9849162 1.9842108 1.9842108 1.9843836 1.9835057 1.9845195 1.9843431 1.9836953 1.9891178 1.9832403 1.9809124 1.9820785 1.9839358 1.9825121 1.9830544 1.9848071 1.9849175 1.9838491 1.9838491 1.9859439 1.9834514 1.9841984 1.9871634 1.9880795 1.9873698 1.9892881 1.9896294 1.9863850 1.9878641 1.9871067 1.9863688 1.9853860 1.9849164 1.9851458 1.9849106 1.9853909 1.9836516 1.9827572 1.9876353 1.9905729 1.9790413 1.9735763 
SUDV_H.sap-xx_UGA_12_EboSud-609_KC545391                   1.7961503 1.8203103 1.8159284 0.0001044 0.0000000 2.1195919 2.1346436 1.9631104 1.9646322 1.9647717 1.9648827 1.9879906 1.9852091 1.9863457 1.9850889 1.9850889 1.9866681 1.9859596 1.9841169 1.9822899 1.9820657 1.9835726 1.9825841 1.9850529 1.9850529 1.9841301 1.9872713 1.9870550 1.9846502 1.9840820 1.9849162 1.9847986 1.9835867 1.9847840 1.9847840 1.9850500 1.9850407 1.9849979 1.9869376 1.9850018 1.9850018 1.9839379 1.9849162 1.9862949 1.9862427 1.9850485 1.9850485 1.9864175 1.9828389 1.9828389 1.9851457 1.9851488 1.9844433 1.9844433 1.9846162 1.9837381 1.9847521 1.9845756 1.9839278 1.9893509 1.9834727 1.9811445 1.9823108 1.9841683 1.9827444 1.9832868 1.9850397 1.9851501 1.9840816 1.9840816 1.9861766 1.9836838 1.9844309 1.9873963 1.9883126 1.9876027 1.9895212 1.9898626 1.9866178 1.9880971 1.9873396 1.9866016 1.9856187 1.9851490 1.9853784 1.9851432 1.9856236 1.9838841 1.9829895 1.9878689 1.9908070 1.9792738 1.9738082 
TAFV_H.sap-tc_CIV_94_Pauleoula-CI_NC_014372                2.0284346 2.0545445 2.0453291 2.1195512 2.1195919 0.0000000 0.7720488 1.2910832 1.2908388 1.2901714 1.2912024 1.3105120 1.3084362 1.3082632 1.3111455 1.3116095 1.3110034 1.3102119 1.3109555 1.3106739 1.3125280 1.3113111 1.3118870 1.3117400 1.3117400 1.3120218 1.3103801 1.3103787 1.3109099 1.3101232 1.3106595 1.3094407 1.3107753 1.3104709 1.3104709 1.3104793 1.3100042 1.3097953 1.3097324 1.3117527 1.3117527 1.3094478 1.3106595 1.3113580 1.3117656 1.3106131 1.3106131 1.3108711 1.3099595 1.3099595 1.3108481 1.3106902 1.3108461 1.3108461 1.3109738 1.3101548 1.3104724 1.3106679 1.3111429 1.3099474 1.3100944 1.3098488 1.3103114 1.3108920 1.3107101 1.3100913 1.3110760 1.3096926 1.3107040 1.3107040 1.3114339 1.3110341 1.3107502 1.3098007 1.3113609 1.3102068 1.3114299 1.3113125 1.3104593 1.3102508 1.3111071 1.3100652 1.3098144 1.3095531 1.3097416 1.3088888 1.3096766 1.3099266 1.3111906 1.3106971 1.3135494 1.3079857 1.3075506 
BDBV_H.sap-xx_COD_12_EboBund-122_KC545395                  1.9988018 2.0118497 2.0121266 2.1350362 2.1346436 0.7720488 0.0000000 1.3153018 1.3146883 1.3140773 1.3162315 1.3464279 1.3440937 1.3448731 1.3449929 1.3453667 1.3452494 1.3449211 1.3445259 1.3458930 1.3450083 1.3459810 1.3444914 1.3445388 1.3445388 1.3466130 1.3452519 1.3467668 1.3454873 1.3446885 1.3452357 1.3466379 1.3447478 1.3454138 1.3454138 1.3454236 1.3456184 1.3458701 1.3454663 1.3478404 1.3478404 1.3455107 1.3452357 1.3459473 1.3468383 1.3451902 1.3451902 1.3454596 1.3458084 1.3458084 1.3453335 1.3452668 1.3451477 1.3451477 1.3453529 1.3457930 1.3455098 1.3452454 1.3457624 1.3487608 1.3456616 1.3449560 1.3448445 1.3448379 1.3454168 1.3445128 1.3461645 1.3455856 1.3455039 1.3455039 1.3453629 1.3458997 1.3454833 1.3439523 1.3459157 1.3454037 1.3449004 1.3452423 1.3445002 1.3445766 1.3443854 1.3449250 1.3449804 1.3455010 1.3453230 1.3445055 1.3451722 1.3458075 1.3461143 1.3345832 1.3337215 1.3370516 1.3354009 
EBOV_H.sap-tc_COD_07_1Luebo_KC242786                       1.8511124 1.8762128 1.8464629 1.9628806 1.9631104 1.2910832 1.3153018 0.0000000 0.0002043 0.0004086 0.0006130 0.0332942 0.0323237 0.0321640 0.0328947 0.0328391 0.0327809 0.0323256 0.0325579 0.0331780 0.0331876 0.0330063 0.0330156 0.0329525 0.0329525 0.0329504 0.0328425 0.0331200 0.0324943 0.0324947 0.0324382 0.0328859 0.0325572 0.0324937 0.0324937 0.0325494 0.0326622 0.0326064 0.0329988 0.0331241 0.0331241 0.0326659 0.0324382 0.0327243 0.0331688 0.0324941 0.0324941 0.0326098 0.0328349 0.0328349 0.0324941 0.0325499 0.0325494 0.0325494 0.0326057 0.0325511 0.0326119 0.0324940 0.0326616 0.0334609 0.0329411 0.0332771 0.0330501 0.0330520 0.0328296 0.0325504 0.0327201 0.0327229 0.0325490 0.0325490 0.0327248 0.0326063 0.0327183 0.0326763 0.0326137 0.0325530 0.0328354 0.0330031 0.0323294 0.0325565 0.0327792 0.0326644 0.0321026 0.0319846 0.0320404 0.0319789 0.0319236 0.0320385 0.0322107 0.0234718 0.0246309 0.0230709 0.0198432 
EBOV_H.sap-tc_COD_07_M-M_HQ613403                          1.8509410 1.8760326 1.8462931 1.9644023 1.9646322 1.2908388 1.3146883 0.0002043 0.0000000 0.0002043 0.0004086 0.0330683 0.0320985 0.0319387 0.0326690 0.0326135 0.0325553 0.0321003 0.0323324 0.0329521 0.0329616 0.0327806 0.0327898 0.0327268 0.0327268 0.0327247 0.0326168 0.0328942 0.0322690 0.0322693 0.0322128 0.0326603 0.0323317 0.0322683 0.0322683 0.0323240 0.0324367 0.0323809 0.0327732 0.0328983 0.0328983 0.0324404 0.0322128 0.0324987 0.0329430 0.0322687 0.0322687 0.0323843 0.0326093 0.0326093 0.0322687 0.0323245 0.0323240 0.0323240 0.0323802 0.0323257 0.0323864 0.0322686 0.0324362 0.0332349 0.0327155 0.0330512 0.0328244 0.0328263 0.0326041 0.0323250 0.0324946 0.0324974 0.0323236 0.0323236 0.0324993 0.0323809 0.0324928 0.0324507 0.0323882 0.0323276 0.0326098 0.0327774 0.0321041 0.0323310 0.0325536 0.0324389 0.0318775 0.0317595 0.0318154 0.0317539 0.0316986 0.0318134 0.0319855 0.0232521 0.0244105 0.0228517 0.0196260 
EBOV_H.sap-tc_COD_07_5Luebo_KC242790                       1.8506586 1.8757467 1.8460114 1.9645418 1.9647717 1.2901714 1.3140773 0.0004086 0.0002043 0.0000000 0.0006130 0.0332930 0.0323226 0.0321628 0.0328935 0.0328379 0.0327797 0.0323244 0.0325567 0.0331768 0.0331863 0.0330051 0.0330144 0.0329513 0.0329513 0.0329492 0.0328413 0.0331188 0.0324932 0.0324935 0.0324370 0.0328847 0.0325560 0.0324925 0.0324925 0.0325482 0.0326610 0.0326052 0.0329976 0.0331229 0.0331229 0.0326647 0.0324370 0.0327231 0.0331676 0.0324929 0.0324929 0.0326086 0.0328337 0.0328337 0.0324929 0.0325487 0.0325482 0.0325482 0.0326045 0.0325499 0.0326107 0.0324928 0.0326604 0.0334597 0.0329399 0.0332759 0.0330488 0.0330508 0.0328284 0.0325493 0.0327189 0.0327217 0.0325478 0.0325478 0.0327236 0.0326051 0.0327171 0.0326751 0.0326125 0.0325518 0.0328342 0.0330019 0.0323282 0.0325553 0.0327780 0.0326632 0.0321014 0.0319834 0.0320393 0.0319778 0.0319224 0.0320373 0.0322095 0.0234710 0.0246301 0.0230701 0.0198425 
EBOV_H.sap-tc_COD_08_034-KS_HQ613402                       1.8529458 1.8780729 1.8483464 1.9646528 1.9648827 1.2912024 1.3162315 0.0006130 0.0004086 0.0006130 0.0000000 0.0334615 0.0324906 0.0323308 0.0330618 0.0330062 0.0329479 0.0324924 0.0327249 0.0333452 0.0333548 0.0331735 0.0331828 0.0331197 0.0331197 0.0331175 0.0330096 0.0332872 0.0326613 0.0326616 0.0326051 0.0330530 0.0327242 0.0326606 0.0326606 0.0327164 0.0328291 0.0327733 0.0331660 0.0332914 0.0332914 0.0328329 0.0326051 0.0328913 0.0333360 0.0326610 0.0326610 0.0327768 0.0330020 0.0330020 0.0326610 0.0327168 0.0327164 0.0327164 0.0327726 0.0327181 0.0327789 0.0326609 0.0328286 0.0336283 0.0331082 0.0334443 0.0332172 0.0332192 0.0329967 0.0327174 0.0328872 0.0328900 0.0327159 0.0327159 0.0328919 0.0327733 0.0328853 0.0328434 0.0327807 0.0327200 0.0330025 0.0331703 0.0324963 0.0327235 0.0329463 0.0328314 0.0322694 0.0321513 0.0322072 0.0321456 0.0320902 0.0322052 0.0323775 0.0236916 0.0248515 0.0232904 0.0200605 
EBOV_H.sap-wt_GIN_14_Makona-Gueckedou-EM_080076_KR817235   1.8618162 1.8880013 1.8592904 1.9877576 1.9879906 1.3105120 1.3464279 0.0332942 0.0330683 0.0332930 0.0334615 0.0000000 0.0016400 0.0018461 0.0025663 0.0025149 0.0023603 0.0019484 0.0021546 0.0027211 0.0027219 0.0025663 0.0026183 0.0025150 0.0025150 0.0025148 0.0024631 0.0027211 0.0021026 0.0021027 0.0020512 0.0025656 0.0022055 0.0021026 0.0021026 0.0021540 0.0023598 0.0023084 0.0026687 0.0027719 0.0027719 0.0023601 0.0020512 0.0023598 0.0027203 0.0021026 0.0021026 0.0022057 0.0024116 0.0024116 0.0021026 0.0021540 0.0021540 0.0021540 0.0022054 0.0021541 0.0022568 0.0021026 0.0023597 0.0030820 0.0026170 0.0029781 0.0028231 0.0027720 0.0025141 0.0022569 0.0024113 0.0025145 0.0022568 0.0022568 0.0025659 0.0022571 0.0023084 0.0023091 0.0022572 0.0022571 0.0025145 0.0026690 0.0021542 0.0023602 0.0024630 0.0022571 0.0017429 0.0017943 0.0018457 0.0018969 0.0018455 0.0020512 0.0022058 0.0377851 0.0388833 0.0372564 0.0339362 
EBOV_H.sap-wt_GIN_14_Makona-Gueckedou-EM_079702_KR817210   1.8574629 1.8838175 1.8548537 1.9849764 1.9852091 1.3084362 1.3440937 0.0323237 0.0320985 0.0323226 0.0324906 0.0016400 0.0000000 0.0008184 0.0015373 0.0014860 0.0013319 0.0009208 0.0011268 0.0016915 0.0016920 0.0015373 0.0015890 0.0014860 0.0014860 0.0014860 0.0014345 0.0016915 0.0010744 0.0010744 0.0010232 0.0015369 0.0011768 0.0010744 0.0010744 0.0011256 0.0013316 0.0012803 0.0016396 0.0017425 0.0017425 0.0013318 0.0010232 0.0013316 0.0016910 0.0010744 0.0010744 0.0011779 0.0013831 0.0013831 0.0010744 0.0011256 0.0011256 0.0011256 0.0011768 0.0011256 0.0012290 0.0010744 0.0013316 0.0020514 0.0015882 0.0019480 0.0017936 0.0017425 0.0014855 0.0012290 0.0013830 0.0014857 0.0012280 0.0012280 0.0015370 0.0012291 0.0012803 0.0012808 0.0012292 0.0012291 0.0014858 0.0016398 0.0011256 0.0013319 0.0014344 0.0012291 0.0007161 0.0007673 0.0008184 0.0008696 0.0008184 0.0010232 0.0011779 0.0368616 0.0379566 0.0363247 0.0330238 
EBOV_H.sap-wt_GIN_14_Makona-Gueckedou-EM_079587_KR817202   1.8599493 1.8863622 1.8575097 1.9861130 1.9863457 1.3082632 1.3448731 0.0321640 0.0319387 0.0321628 0.0323308 0.0018461 0.0008184 0.0000000 0.0014351 0.0013838 0.0012297 0.0008184 0.0010245 0.0015893 0.0015898 0.0014351 0.0014867 0.0013838 0.0013838 0.0013837 0.0013323 0.0015893 0.0009730 0.0009730 0.0009208 0.0014347 0.0010756 0.0009720 0.0009720 0.0010243 0.0012294 0.0011781 0.0015374 0.0016403 0.0016403 0.0012296 0.0009208 0.0012294 0.0015889 0.0009720 0.0009720 0.0010757 0.0012809 0.0012809 0.0009720 0.0010243 0.0010243 0.0010243 0.0010755 0.0010243 0.0011268 0.0009720 0.0012294 0.0019492 0.0014860 0.0018459 0.0016914 0.0016403 0.0013834 0.0011268 0.0012808 0.0013835 0.0011268 0.0011268 0.0014348 0.0011269 0.0011781 0.0011785 0.0011270 0.0011269 0.0013836 0.0015376 0.0010244 0.0012297 0.0013322 0.0011269 0.0006137 0.0006649 0.0007161 0.0007673 0.0007161 0.0009208 0.0010757 0.0367595 0.0378546 0.0362227 0.0329218 
EBOV_H.sap-wt_GIN_14_Makona-Gueckedou-EM_079750_KR817213   1.8579575 1.8841154 1.8551873 1.9848563 1.9850889 1.3111455 1.3449929 0.0328947 0.0326690 0.0328935 0.0330618 0.0025663 0.0015373 0.0014351 0.0000000 0.0001534 0.0019488 0.0015374 0.0017433 0.0023092 0.0023098 0.0021546 0.0022065 0.0021033 0.0021033 0.0021031 0.0020515 0.0023091 0.0016915 0.0016915 0.0016401 0.0021540 0.0017942 0.0016914 0.0016914 0.0017428 0.0019484 0.0018970 0.0022569 0.0023600 0.0023600 0.0019486 0.0016401 0.0019484 0.0023085 0.0016915 0.0016915 0.0017944 0.0020001 0.0020001 0.0016915 0.0017428 0.0017428 0.0017428 0.0017942 0.0017429 0.0018455 0.0016915 0.0019483 0.0026697 0.0022054 0.0025660 0.0024112 0.0023601 0.0021025 0.0018456 0.0019999 0.0021028 0.0018455 0.0018455 0.0021542 0.0018457 0.0018970 0.0018976 0.0018458 0.0018457 0.0021029 0.0022572 0.0017430 0.0019487 0.0020515 0.0018457 0.0013321 0.0013834 0.0014348 0.0014860 0.0014347 0.0016401 0.0017944 0.0374424 0.0384255 0.0369042 0.0335973 
EBOV_H.sap-wt_GIN_14_Makona-Gueckedou-EM_079910_KR817221   1.8580807 1.8842399 1.8553106 1.9848563 1.9850889 1.3116095 1.3453667 0.0328391 0.0326135 0.0328379 0.0330062 0.0025149 0.0014860 0.0013838 0.0001534 0.0000000 0.0018974 0.0014861 0.0016919 0.0022577 0.0022584 0.0021032 0.0021550 0.0020519 0.0020519 0.0020517 0.0020001 0.0022577 0.0016401 0.0016401 0.0015888 0.0021026 0.0017429 0.0016401 0.0016401 0.0016915 0.0018970 0.0018456 0.0022055 0.0023086 0.0023086 0.0018972 0.0015888 0.0018970 0.0022571 0.0016401 0.0016401 0.0017431 0.0019487 0.0019487 0.0016401 0.0016915 0.0016915 0.0016915 0.0017428 0.0016915 0.0017942 0.0016401 0.0018970 0.0026182 0.0021540 0.0025146 0.0023598 0.0023086 0.0020512 0.0017942 0.0019485 0.0020514 0.0017942 0.0017942 0.0021028 0.0017944 0.0018456 0.0018462 0.0017945 0.0017944 0.0020515 0.0022058 0.0016916 0.0018973 0.0020001 0.0017944 0.0012808 0.0013321 0.0013834 0.0014347 0.0013834 0.0015888 0.0017431 0.0373861 0.0383690 0.0368480 0.0335416 
EBOV_H.sap-wt_LBR_14_Makona-LIBR0430_KR006955              1.8599482 1.8863523 1.8571763 1.9864353 1.9866681 1.3110034 1.3452494 0.0327809 0.0325553 0.0327797 0.0329479 0.0023603 0.0013319 0.0012297 0.0019488 0.0018974 0.0000000 0.0005114 0.0007161 0.0012810 0.0012814 0.0011270 0.0011785 0.0010757 0.0010757 0.0010757 0.0010243 0.0012810 0.0006649 0.0006649 0.0006137 0.0011267 0.0007673 0.0006649 0.0006649 0.0007161 0.0009208 0.0008696 0.0012293 0.0013320 0.0013320 0.0009208 0.0006137 0.0009208 0.0012807 0.0006649 0.0006649 0.0007673 0.0009720 0.0009720 0.0006649 0.0007161 0.0007161 0.0007161 0.0007673 0.0007161 0.0008184 0.0006649 0.0009208 0.0016405 0.0011779 0.0015374 0.0013832 0.0013320 0.0010744 0.0008184 0.0009720 0.0010755 0.0008184 0.0008184 0.0011268 0.0008184 0.0008696 0.0008706 0.0008184 0.0008184 0.0010756 0.0012294 0.0007161 0.0009208 0.0010243 0.0008184 0.0006137 0.0011781 0.0012294 0.0012806 0.0012293 0.0014346 0.0015889 0.0373267 0.0384235 0.0367888 0.0334830 
EBOV_H.sap-wt_SLE_14_Makona-G3734.1_KM233055               1.8593305 1.8857198 1.8565596 1.9857269 1.9859596 1.3102119 1.3449211 0.0323256 0.0321003 0.0323244 0.0324924 0.0019484 0.0009208 0.0008184 0.0015374 0.0014861 0.0005114 0.0000000 0.0002045 0.0007673 0.0007673 0.0006137 0.0006649 0.0005626 0.0005626 0.0005626 0.0005114 0.0007673 0.0001534 0.0001534 0.0001023 0.0006137 0.0002557 0.0001534 0.0001534 0.0002045 0.0004091 0.0003580 0.0007161 0.0008184 0.0008184 0.0004091 0.0001023 0.0004091 0.0007673 0.0001534 0.0001534 0.0002557 0.0004603 0.0004603 0.0001534 0.0002045 0.0002045 0.0002045 0.0002557 0.0002045 0.0003068 0.0001534 0.0004091 0.0011269 0.0006649 0.0010232 0.0008696 0.0008184 0.0005626 0.0003068 0.0004603 0.0005626 0.0003068 0.0003068 0.0006137 0.0003068 0.0004603 0.0004603 0.0004091 0.0004091 0.0006649 0.0008184 0.0003068 0.0005114 0.0006137 0.0004091 0.0002045 0.0007673 0.0008184 0.0008696 0.0008184 0.0010232 0.0011780 0.0368637 0.0379588 0.0363267 0.0330257 
EBOV_H.sap-wt_LBR_15_Makona-Liberia-DQE4_KR074998          1.8589676 1.8853515 1.8561971 1.9838845 1.9841169 1.3109555 1.3445259 0.0325579 0.0323324 0.0325567 0.0327249 0.0021546 0.0011268 0.0010245 0.0017433 0.0016919 0.0007161 0.0002045 0.0000000 0.0007673 0.0007684 0.0006137 0.0006649 0.0005626 0.0005626 0.0005626 0.0005114 0.0007673 0.0001534 0.0001534 0.0001023 0.0006137 0.0002557 0.0001534 0.0001534 0.0002045 0.0004091 0.0003580 0.0007161 0.0008184 0.0008184 0.0004091 0.0001023 0.0004091 0.0007673 0.0001534 0.0001534 0.0002557 0.0004603 0.0004603 0.0001534 0.0002045 0.0002045 0.0002045 0.0002557 0.0002045 0.0003068 0.0001534 0.0004091 0.0011272 0.0006649 0.0010243 0.0008696 0.0008184 0.0005626 0.0003068 0.0004603 0.0005626 0.0003068 0.0003068 0.0006137 0.0003068 0.0006649 0.0006649 0.0006137 0.0006137 0.0008696 0.0010243 0.0005114 0.0007161 0.0008184 0.0006137 0.0004091 0.0009730 0.0010243 0.0010755 0.0010242 0.0012294 0.0013836 0.0371005 0.0381966 0.0365630 0.0332591 
EBOV_H.sap-wt_GIN_14_Makona-Kankan-EM_078639_KR817166      1.8574951 1.8838565 1.8547258 1.9820576 1.9822899 1.3106739 1.3458930 0.0331780 0.0329521 0.0331768 0.0333452 0.0027211 0.0016915 0.0015893 0.0023092 0.0022577 0.0012810 0.0007673 0.0007673 0.0000000 0.0004091 0.0003580 0.0006137 0.0005114 0.0005114 0.0008184 0.0010757 0.0013325 0.0007161 0.0007161 0.0006649 0.0011781 0.0008184 0.0007161 0.0007161 0.0007673 0.0009720 0.0009208 0.0012808 0.0013835 0.0013835 0.0009731 0.0006649 0.0009720 0.0013321 0.0007161 0.0007161 0.0008184 0.0010244 0.0010244 0.0007161 0.0007673 0.0007673 0.0007673 0.0008184 0.0007673 0.0008696 0.0007161 0.0009720 0.0016921 0.0012294 0.0015889 0.0014347 0.0013835 0.0011268 0.0008696 0.0010243 0.0011270 0.0008696 0.0008696 0.0011782 0.0008696 0.0012295 0.0012299 0.0011783 0.0011782 0.0014349 0.0015890 0.0010757 0.0012810 0.0013836 0.0011782 0.0009720 0.0015376 0.0015890 0.0016402 0.0015888 0.0017944 0.0019488 0.0376813 0.0387794 0.0371425 0.0338327 
EBOV_H.sap-wt_GIN_14_Makona-Faranah-EM_078415_KR817160     1.8593180 1.8857137 1.8565464 1.9818335 1.9820657 1.3125280 1.3450083 0.0331876 0.0329616 0.0331863 0.0333548 0.0027219 0.0016920 0.0015898 0.0023098 0.0022584 0.0012814 0.0007673 0.0007684 0.0004091 0.0000000 0.0003580 0.0006137 0.0005114 0.0005114 0.0008184 0.0010760 0.0013329 0.0007161 0.0007161 0.0006649 0.0011785 0.0008184 0.0007161 0.0007161 0.0007673 0.0009733 0.0009220 0.0012811 0.0013839 0.0013839 0.0009734 0.0006649 0.0009733 0.0013325 0.0007161 0.0007161 0.0008195 0.0010247 0.0010247 0.0007161 0.0007673 0.0007673 0.0007673 0.0008184 0.0007673 0.0008707 0.0007161 0.0009732 0.0016926 0.0012297 0.0015894 0.0014351 0.0013839 0.0011271 0.0008707 0.0010246 0.0011273 0.0008707 0.0008707 0.0011786 0.0008708 0.0012298 0.0012302 0.0011787 0.0011786 0.0014354 0.0015894 0.0010760 0.0012814 0.0013840 0.0011786 0.0009733 0.0015380 0.0015894 0.0016407 0.0015893 0.0017949 0.0019494 0.0376922 0.0387906 0.0371532 0.0338424 
EBOV_H.sap-wt_GIN_14_Makona-Macenta-EM_076191_KR817141     1.8580939 1.8844690 1.8553237 1.9833402 1.9835726 1.3113111 1.3459810 0.0330063 0.0327806 0.0330051 0.0331735 0.0025663 0.0015373 0.0014351 0.0021546 0.0021032 0.0011270 0.0006137 0.0006137 0.0003580 0.0003580 0.0000000 0.0004603 0.0003580 0.0003580 0.0006649 0.0009208 0.0011784 0.0005626 0.0005626 0.0005114 0.0010232 0.0006649 0.0005626 0.0005626 0.0006137 0.0008184 0.0007673 0.0011267 0.0012294 0.0012294 0.0008184 0.0005114 0.0008184 0.0011781 0.0005626 0.0005626 0.0006649 0.0008696 0.0008696 0.0005626 0.0006137 0.0006137 0.0006137 0.0006649 0.0006137 0.0007161 0.0005626 0.0008184 0.0015378 0.0010744 0.0014348 0.0012806 0.0012295 0.0009720 0.0007161 0.0008696 0.0009720 0.0007161 0.0007161 0.0010242 0.0007161 0.0010755 0.0010758 0.0010243 0.0010243 0.0012808 0.0014348 0.0009208 0.0011269 0.0012295 0.0010243 0.0008184 0.0013834 0.0014348 0.0014860 0.0014347 0.0016401 0.0017944 0.0375066 0.0386041 0.0369682 0.0336602 
EBOV_H.sap-wt_GIN_14_Makona-Beyla-EM_075931_KR817138       1.8610840 1.8875118 1.8578853 1.9823518 1.9825841 1.3118870 1.3444914 0.0330156 0.0327898 0.0330144 0.0331828 0.0026183 0.0015890 0.0014867 0.0022065 0.0021550 0.0011785 0.0006649 0.0006649 0.0006137 0.0006137 0.0004603 0.0000000 0.0004091 0.0004091 0.0007161 0.0009732 0.0012300 0.0006137 0.0006137 0.0005626 0.0010756 0.0007161 0.0006137 0.0006137 0.0006649 0.0008696 0.0008184 0.0011783 0.0012810 0.0012810 0.0008706 0.0005626 0.0008696 0.0012296 0.0006137 0.0006137 0.0007161 0.0009219 0.0009219 0.0006137 0.0006649 0.0006649 0.0006649 0.0007161 0.0006649 0.0007673 0.0006137 0.0008696 0.0015895 0.0011269 0.0014864 0.0013322 0.0012810 0.0010243 0.0007673 0.0009218 0.0010245 0.0007673 0.0007673 0.0010757 0.0007673 0.0011270 0.0011274 0.0010758 0.0010758 0.0013324 0.0014864 0.0009732 0.0011785 0.0012811 0.0010758 0.0008696 0.0014351 0.0014864 0.0015376 0.0014863 0.0016918 0.0018462 0.0375718 0.0386698 0.0369799 0.0337239 
EBOV_H.sap-wt_GIN_14_Makona-Kissidougou-EM_078694_KR817171 1.8578131 1.8841769 1.8550438 1.9848203 1.9850529 1.3117400 1.3445388 0.0329525 0.0327268 0.0329513 0.0331197 0.0025150 0.0014860 0.0013838 0.0021033 0.0020519 0.0010757 0.0005626 0.0005626 0.0005114 0.0005114 0.0003580 0.0004091 0.0000000 0.0000010 0.0006137 0.0008696 0.0011272 0.0005114 0.0005114 0.0004603 0.0009720 0.0006137 0.0005114 0.0005114 0.0005626 0.0007673 0.0007161 0.0010755 0.0011782 0.0011782 0.0007673 0.0004603 0.0007673 0.0011269 0.0005114 0.0005114 0.0006137 0.0008184 0.0008184 0.0005114 0.0005626 0.0005626 0.0005626 0.0006137 0.0005626 0.0006649 0.0005114 0.0007673 0.0014866 0.0010232 0.0013835 0.0012293 0.0011782 0.0009208 0.0006649 0.0008184 0.0009208 0.0006649 0.0006649 0.0009730 0.0006649 0.0010243 0.0010246 0.0009731 0.0009730 0.0012296 0.0013835 0.0008696 0.0010757 0.0011783 0.0009730 0.0007673 0.0013322 0.0013835 0.0014347 0.0013834 0.0015888 0.0017432 0.0374523 0.0385497 0.0369140 0.0336062 
EBOV_H.sap-wt_GIN_14_Makona-Kissidougou-EM_078722_KR817175 1.8578131 1.8841769 1.8550438 1.9848203 1.9850529 1.3117400 1.3445388 0.0329525 0.0327268 0.0329513 0.0331197 0.0025150 0.0014860 0.0013838 0.0021033 0.0020519 0.0010757 0.0005626 0.0005626 0.0005114 0.0005114 0.0003580 0.0004091 0.0000010 0.0000000 0.0006137 0.0008696 0.0011272 0.0005114 0.0005114 0.0004603 0.0009720 0.0006137 0.0005114 0.0005114 0.0005626 0.0007673 0.0007161 0.0010755 0.0011782 0.0011782 0.0007673 0.0004603 0.0007673 0.0011269 0.0005114 0.0005114 0.0006137 0.0008184 0.0008184 0.0005114 0.0005626 0.0005626 0.0005626 0.0006137 0.0005626 0.0006649 0.0005114 0.0007673 0.0014866 0.0010232 0.0013835 0.0012293 0.0011782 0.0009208 0.0006649 0.0008184 0.0009208 0.0006649 0.0006649 0.0009730 0.0006649 0.0010243 0.0010246 0.0009731 0.0009730 0.0012296 0.0013835 0.0008696 0.0010757 0.0011783 0.0009730 0.0007673 0.0013322 0.0013835 0.0014347 0.0013834 0.0015888 0.0017432 0.0374523 0.0385497 0.0369140 0.0336062 
EBOV_H.sap-wt_LBR_14_Makona-LIBR0505_KR006957              1.8582895 1.8846584 1.8555201 1.9838976 1.9841301 1.3120218 1.3466130 0.0329504 0.0327247 0.0329492 0.0331175 0.0025148 0.0014860 0.0013837 0.0021031 0.0020517 0.0010757 0.0005626 0.0005626 0.0008184 0.0008184 0.0006649 0.0007161 0.0006137 0.0006137 0.0000000 0.0008696 0.0011271 0.0005114 0.0005114 0.0004603 0.0008696 0.0006137 0.0005114 0.0005114 0.0005626 0.0007673 0.0007161 0.0010755 0.0011781 0.0011781 0.0007673 0.0004603 0.0007673 0.0011268 0.0005114 0.0005114 0.0006137 0.0008184 0.0008184 0.0005114 0.0005626 0.0005626 0.0005626 0.0006137 0.0005626 0.0006649 0.0005114 0.0007673 0.0014865 0.0010232 0.0013834 0.0012293 0.0011782 0.0009208 0.0006649 0.0008184 0.0009208 0.0006649 0.0006649 0.0009720 0.0006649 0.0010242 0.0010245 0.0009730 0.0009720 0.0012295 0.0013835 0.0008696 0.0010757 0.0011782 0.0009720 0.0007673 0.0013321 0.0013834 0.0014347 0.0013833 0.0015887 0.0017431 0.0373932 0.0384904 0.0368551 0.0335480 
EBOV_H.sap-wt_SLE_14_Makona-Kailahun-20140517_KR653263     1.8628057 1.8892596 1.8600305 1.9870384 1.9872713 1.3103801 1.3452519 0.0328425 0.0326168 0.0328413 0.0330096 0.0024631 0.0014345 0.0013323 0.0020515 0.0020001 0.0010243 0.0005114 0.0005114 0.0010757 0.0010760 0.0009208 0.0009732 0.0008696 0.0008696 0.0008696 0.0000000 0.0008696 0.0004603 0.0004603 0.0004091 0.0009208 0.0005626 0.0004603 0.0004603 0.0005114 0.0007161 0.0006649 0.0010232 0.0011267 0.0011267 0.0007161 0.0004091 0.0007161 0.0010754 0.0004603 0.0004603 0.0005626 0.0007673 0.0007673 0.0004603 0.0005114 0.0005114 0.0005114 0.0005626 0.0005114 0.0006137 0.0004603 0.0007161 0.0014350 0.0009720 0.0013320 0.0011779 0.0011268 0.0008696 0.0006137 0.0007673 0.0008696 0.0006137 0.0006137 0.0009208 0.0006137 0.0009720 0.0009732 0.0009208 0.0009208 0.0011781 0.0013320 0.0008184 0.0010243 0.0011268 0.0009208 0.0007161 0.0012807 0.0013320 0.0013832 0.0013319 0.0015373 0.0016915 0.0374395 0.0385366 0.0369014 0.0335947 
EBOV_H.sap-wt_SLE_14_Makona-G4973_1_KR105286               1.8612239 1.8876578 1.8584497 1.9868221 1.9870550 1.3103787 1.3467668 0.0331200 0.0328942 0.0331188 0.0332872 0.0027211 0.0016915 0.0015893 0.0023091 0.0022577 0.0012810 0.0007673 0.0007673 0.0013325 0.0013329 0.0011784 0.0012300 0.0011272 0.0011272 0.0011271 0.0008696 0.0000000 0.0007161 0.0007161 0.0006649 0.0011781 0.0008184 0.0007161 0.0007161 0.0007673 0.0009720 0.0009208 0.0012807 0.0013835 0.0013835 0.0009731 0.0006649 0.0009720 0.0013321 0.0007161 0.0007161 0.0008184 0.0010244 0.0010244 0.0007161 0.0007673 0.0007673 0.0007673 0.0008184 0.0007673 0.0008696 0.0007161 0.0009720 0.0016921 0.0012294 0.0015889 0.0014347 0.0013835 0.0011268 0.0008696 0.0010243 0.0011269 0.0008696 0.0008696 0.0011782 0.0008696 0.0012295 0.0012299 0.0011783 0.0011782 0.0014349 0.0015890 0.0010756 0.0012810 0.0013836 0.0011782 0.0009720 0.0015376 0.0015889 0.0016402 0.0015888 0.0017944 0.0019488 0.0376713 0.0387692 0.0371327 0.0338236 
EBOV_H.sap-wt_SLE_14_Makona-G3799_KM233080                 1.8596858 1.8860865 1.8569141 1.9844177 1.9846502 1.3109099 1.3454873 0.0324943 0.0322690 0.0324932 0.0326613 0.0021026 0.0010744 0.0009730 0.0016915 0.0016401 0.0006649 0.0001534 0.0001534 0.0007161 0.0007161 0.0005626 0.0006137 0.0005114 0.0005114 0.0005114 0.0004603 0.0007161 0.0000000 0.0001023 0.0000511 0.0005626 0.0002045 0.0001023 0.0001023 0.0001534 0.0003580 0.0003068 0.0006649 0.0007673 0.0007673 0.0003580 0.0000511 0.0003580 0.0007161 0.0001023 0.0001023 0.0002045 0.0004091 0.0004091 0.0001023 0.0001534 0.0001534 0.0001534 0.0002045 0.0001534 0.0002557 0.0001023 0.0003580 0.0010756 0.0006137 0.0009720 0.0008184 0.0007673 0.0005114 0.0002557 0.0004091 0.0005114 0.0002557 0.0002557 0.0005626 0.0002557 0.0006137 0.0006137 0.0005626 0.0005626 0.0008184 0.0009720 0.0004603 0.0006649 0.0007673 0.0005626 0.0003580 0.0009208 0.0009720 0.0010232 0.0009720 0.0011778 0.0013319 0.0370351 0.0381308 0.0364978 0.0331952 
EBOV_H.sap-wt_SLE_14_Makona-G3788_KM233075                 1.8591043 1.8854911 1.8563335 1.9838496 1.9840820 1.3101232 1.3446885 0.0324947 0.0322693 0.0324935 0.0326616 0.0021027 0.0010744 0.0009730 0.0016915 0.0016401 0.0006649 0.0001534 0.0001534 0.0007161 0.0007161 0.0005626 0.0006137 0.0005114 0.0005114 0.0005114 0.0004603 0.0007161 0.0001023 0.0000000 0.0000511 0.0005626 0.0002045 0.0001023 0.0001023 0.0001534 0.0003580 0.0003068 0.0006649 0.0007673 0.0007673 0.0003580 0.0000511 0.0003580 0.0007161 0.0001023 0.0001023 0.0002045 0.0004091 0.0004091 0.0001023 0.0001534 0.0001534 0.0001534 0.0002045 0.0001534 0.0002557 0.0001023 0.0003580 0.0010756 0.0006137 0.0009720 0.0008184 0.0007673 0.0005114 0.0002557 0.0004091 0.0005114 0.0002557 0.0002557 0.0005626 0.0002557 0.0006137 0.0006137 0.0005626 0.0005626 0.0008184 0.0009720 0.0004603 0.0006649 0.0007673 0.0005626 0.0003580 0.0009208 0.0009720 0.0010232 0.0009720 0.0011779 0.0013319 0.0370355 0.0381312 0.0364982 0.0331955 
EBOV_H.sap-wt_SLE_14_Makona-G3677.2_KM034557               1.8599347 1.8863374 1.8571628 1.9846837 1.9849162 1.3106595 1.3452357 0.0324382 0.0322128 0.0324370 0.0326051 0.0020512 0.0010232 0.0009208 0.0016401 0.0015888 0.0006137 0.0001023 0.0001023 0.0006649 0.0006649 0.0005114 0.0005626 0.0004603 0.0004603 0.0004603 0.0004091 0.0006649 0.0000511 0.0000511 0.0000000 0.0005114 0.0001534 0.0000511 0.0000511 0.0001023 0.0003068 0.0002557 0.0006137 0.0007161 0.0007161 0.0003068 0.0000010 0.0003068 0.0006649 0.0000511 0.0000511 0.0001534 0.0003580 0.0003580 0.0000511 0.0001023 0.0001023 0.0001023 0.0001534 0.0001023 0.0002045 0.0000511 0.0003068 0.0010243 0.0005626 0.0009208 0.0007673 0.0007161 0.0004603 0.0002045 0.0003580 0.0004603 0.0002045 0.0002045 0.0005114 0.0002045 0.0005626 0.0005626 0.0005114 0.0005114 0.0007673 0.0009208 0.0004091 0.0006137 0.0007161 0.0005114 0.0003068 0.0008696 0.0009208 0.0009720 0.0009208 0.0011256 0.0012806 0.0369781 0.0380736 0.0364409 0.0331388 
EBOV_H.sap-wt_SLE_14_Makona-Kenema-G5059_1_KR105296        1.8619532 1.8882052 1.8592349 1.9845661 1.9847986 1.3094407 1.3466379 0.0328859 0.0326603 0.0328847 0.0330530 0.0025656 0.0015369 0.0014347 0.0021540 0.0021026 0.0011267 0.0006137 0.0006137 0.0011781 0.0011785 0.0010232 0.0010756 0.0009720 0.0009720 0.0008696 0.0009208 0.0011781 0.0005626 0.0005626 0.0005114 0.0000000 0.0005626 0.0004603 0.0004603 0.0005114 0.0008184 0.0007673 0.0011256 0.0012291 0.0012291 0.0008184 0.0005114 0.0008184 0.0011768 0.0005626 0.0005626 0.0006649 0.0008696 0.0008696 0.0005626 0.0006137 0.0006137 0.0006137 0.0006649 0.0006137 0.0007161 0.0005626 0.0008184 0.0015374 0.0010744 0.0014344 0.0012802 0.0012291 0.0009720 0.0007161 0.0008696 0.0009720 0.0007161 0.0007161 0.0010232 0.0007161 0.0010744 0.0010755 0.0010232 0.0010232 0.0012805 0.0014344 0.0009208 0.0011267 0.0012292 0.0010232 0.0008184 0.0013831 0.0014344 0.0014856 0.0014343 0.0016397 0.0017940 0.0373193 0.0384158 0.0368943 0.0335883 
EBOV_H.sap-wt_SLE_14_Makona-Kenema-G4702_1_KR105265        1.8591570 1.8855442 1.8563863 1.9833543 1.9835867 1.3107753 1.3447478 0.0325572 0.0323317 0.0325560 0.0327242 0.0022055 0.0011768 0.0010756 0.0017942 0.0017429 0.0007673 0.0002557 0.0002557 0.0008184 0.0008184 0.0006649 0.0007161 0.0006137 0.0006137 0.0006137 0.0005626 0.0008184 0.0002045 0.0002045 0.0001534 0.0005626 0.0000000 0.0001023 0.0001023 0.0001534 0.0004603 0.0004091 0.0007673 0.0008696 0.0008696 0.0004603 0.0001534 0.0004603 0.0008184 0.0002045 0.0002045 0.0003068 0.0005114 0.0005114 0.0002045 0.0002557 0.0002557 0.0002557 0.0003068 0.0002557 0.0003580 0.0002045 0.0004603 0.0011782 0.0007161 0.0010744 0.0009208 0.0008696 0.0006137 0.0003580 0.0005114 0.0006137 0.0003580 0.0003580 0.0006649 0.0003580 0.0007161 0.0007161 0.0006649 0.0006649 0.0009208 0.0010744 0.0005626 0.0007673 0.0008696 0.0006649 0.0004603 0.0010232 0.0010744 0.0011256 0.0010744 0.0012804 0.0014345 0.0370997 0.0381958 0.0365622 0.0332584 
EBOV_H.sap-wt_SLE_14_Makona-Kenema-G4350_1_KR105242        1.8601445 1.8865492 1.8573726 1.9845514 1.9847840 1.3104709 1.3454138 0.0324937 0.0322683 0.0324925 0.0326606 0.0021026 0.0010744 0.0009720 0.0016914 0.0016401 0.0006649 0.0001534 0.0001534 0.0007161 0.0007161 0.0005626 0.0006137 0.0005114 0.0005114 0.0005114 0.0004603 0.0007161 0.0001023 0.0001023 0.0000511 0.0004603 0.0001023 0.0000000 0.0000010 0.0000511 0.0003580 0.0003068 0.0006649 0.0007673 0.0007673 0.0003580 0.0000511 0.0003580 0.0007161 0.0001023 0.0001023 0.0002045 0.0004091 0.0004091 0.0001023 0.0001534 0.0001534 0.0001534 0.0002045 0.0001534 0.0002557 0.0001023 0.0003580 0.0010756 0.0006137 0.0009720 0.0008184 0.0007673 0.0005114 0.0002557 0.0004091 0.0005114 0.0002557 0.0002557 0.0005626 0.0002557 0.0006137 0.0006137 0.0005626 0.0005626 0.0008184 0.0009720 0.0004603 0.0006649 0.0007673 0.0005626 0.0003580 0.0009208 0.0009720 0.0010232 0.0009720 0.0011778 0.0013319 0.0370343 0.0381299 0.0364970 0.0331945 
EBOV_H.sap-wt_SLE_14_Makona-Kenema-G4971_1_KR105284        1.8601445 1.8865492 1.8573726 1.9845514 1.9847840 1.3104709 1.3454138 0.0324937 0.0322683 0.0324925 0.0326606 0.0021026 0.0010744 0.0009720 0.0016914 0.0016401 0.0006649 0.0001534 0.0001534 0.0007161 0.0007161 0.0005626 0.0006137 0.0005114 0.0005114 0.0005114 0.0004603 0.0007161 0.0001023 0.0001023 0.0000511 0.0004603 0.0001023 0.0000010 0.0000000 0.0000511 0.0003580 0.0003068 0.0006649 0.0007673 0.0007673 0.0003580 0.0000511 0.0003580 0.0007161 0.0001023 0.0001023 0.0002045 0.0004091 0.0004091 0.0001023 0.0001534 0.0001534 0.0001534 0.0002045 0.0001534 0.0002557 0.0001023 0.0003580 0.0010756 0.0006137 0.0009720 0.0008184 0.0007673 0.0005114 0.0002557 0.0004091 0.0005114 0.0002557 0.0002557 0.0005626 0.0002557 0.0006137 0.0006137 0.0005626 0.0005626 0.0008184 0.0009720 0.0004603 0.0006649 0.0007673 0.0005626 0.0003580 0.0009208 0.0009720 0.0010232 0.0009720 0.0011778 0.0013319 0.0370343 0.0381299 0.0364970 0.0331945 
EBOV_H.sap-wt_SLE_14_Makona-Kenema-G4856_1_KR105273        1.8601791 1.8865853 1.8574071 1.9848174 1.9850500 1.3104793 1.3454236 0.0325494 0.0323240 0.0325482 0.0327164 0.0021540 0.0011256 0.0010243 0.0017428 0.0016915 0.0007161 0.0002045 0.0002045 0.0007673 0.0007673 0.0006137 0.0006649 0.0005626 0.0005626 0.0005626 0.0005114 0.0007673 0.0001534 0.0001534 0.0001023 0.0005114 0.0001534 0.0000511 0.0000511 0.0000000 0.0004091 0.0003580 0.0007161 0.0008184 0.0008184 0.0004091 0.0001023 0.0004091 0.0007673 0.0001534 0.0001534 0.0002557 0.0004603 0.0004603 0.0001534 0.0002045 0.0002045 0.0002045 0.0002557 0.0002045 0.0003068 0.0001534 0.0004091 0.0011269 0.0006649 0.0010232 0.0008696 0.0008184 0.0005626 0.0003068 0.0004603 0.0005626 0.0003068 0.0003068 0.0006137 0.0003068 0.0006649 0.0006649 0.0006137 0.0006137 0.0008696 0.0010232 0.0005114 0.0007161 0.0008184 0.0006137 0.0004091 0.0009720 0.0010232 0.0010744 0.0010232 0.0012291 0.0013832 0.0370909 0.0381867 0.0365535 0.0332505 
EBOV_H.sap-wt_SLE_14_Makona-Bonthe-G5723_1_KR105319        1.8607340 1.8871528 1.8579610 1.9848081 1.9850407 1.3100042 1.3456184 0.0326622 0.0324367 0.0326610 0.0328291 0.0023598 0.0013316 0.0012294 0.0019484 0.0018970 0.0009208 0.0004091 0.0004091 0.0009720 0.0009733 0.0008184 0.0008696 0.0007673 0.0007673 0.0007673 0.0007161 0.0009720 0.0003580 0.0003580 0.0003068 0.0008184 0.0004603 0.0003580 0.0003580 0.0004091 0.0000000 0.0000511 0.0004091 0.0005626 0.0005626 0.0001023 0.0003068 0.0006137 0.0009720 0.0003580 0.0003580 0.0004603 0.0006649 0.0006649 0.0003580 0.0004091 0.0004091 0.0004091 0.0004603 0.0004091 0.0005114 0.0003580 0.0006137 0.0013321 0.0008696 0.0012292 0.0010744 0.0010232 0.0007673 0.0005114 0.0006649 0.0007673 0.0005114 0.0005114 0.0008184 0.0005114 0.0008696 0.0008696 0.0008184 0.0008184 0.0010744 0.0012292 0.0007161 0.0009208 0.0010232 0.0008184 0.0006137 0.0011779 0.0012292 0.0012804 0.0012291 0.0014344 0.0015886 0.0372054 0.0383015 0.0366678 0.0333637 
EBOV_H.sap-wt_SLE_14_Makona-J0042_KP759711                 1.8610491 1.8874714 1.8582760 1.9847653 1.9849979 1.3097953 1.3458701 0.0326064 0.0323809 0.0326052 0.0327733 0.0023084 0.0012803 0.0011781 0.0018970 0.0018456 0.0008696 0.0003580 0.0003580 0.0009208 0.0009220 0.0007673 0.0008184 0.0007161 0.0007161 0.0007161 0.0006649 0.0009208 0.0003068 0.0003068 0.0002557 0.0007673 0.0004091 0.0003068 0.0003068 0.0003580 0.0000511 0.0000000 0.0003580 0.0005114 0.0005114 0.0000511 0.0002557 0.0005626 0.0009208 0.0003068 0.0003068 0.0004091 0.0006137 0.0006137 0.0003068 0.0003580 0.0003580 0.0003580 0.0004091 0.0003580 0.0004603 0.0003068 0.0005626 0.0012808 0.0008184 0.0011779 0.0010232 0.0009720 0.0007161 0.0004603 0.0006137 0.0007161 0.0004603 0.0004603 0.0007673 0.0004603 0.0008184 0.0008184 0.0007673 0.0007673 0.0010232 0.0011779 0.0006649 0.0008696 0.0009720 0.0007673 0.0005626 0.0011266 0.0011779 0.0012291 0.0011778 0.0013830 0.0015372 0.0371488 0.0382448 0.0366113 0.0333076 
EBOV_H.sap-wt_SLE_14_Makona-J0150_KP759696                 1.8607624 1.8871763 1.8577757 1.9867048 1.9869376 1.3097324 1.3454663 0.0329988 0.0327732 0.0329976 0.0331660 0.0026687 0.0016396 0.0015374 0.0022569 0.0022055 0.0012293 0.0007161 0.0007161 0.0012808 0.0012811 0.0011267 0.0011783 0.0010755 0.0010755 0.0010755 0.0010232 0.0012807 0.0006649 0.0006649 0.0006137 0.0011256 0.0007673 0.0006649 0.0006649 0.0007161 0.0004091 0.0003580 0.0000000 0.0008696 0.0008696 0.0004091 0.0006137 0.0009208 0.0012804 0.0006649 0.0006649 0.0007673 0.0009720 0.0009720 0.0006649 0.0007161 0.0007161 0.0007161 0.0007673 0.0007161 0.0008184 0.0006649 0.0009208 0.0016402 0.0011768 0.0015371 0.0013829 0.0013318 0.0010744 0.0008184 0.0009720 0.0010744 0.0008184 0.0008184 0.0011256 0.0008184 0.0011768 0.0011782 0.0011266 0.0011256 0.0013831 0.0015371 0.0010232 0.0012293 0.0013318 0.0011256 0.0009208 0.0014857 0.0015371 0.0015883 0.0015370 0.0017424 0.0018968 0.0375471 0.0386443 0.0370089 0.0337017 
EBOV_H.sap-wt_SLE_14_Makona-J0171_KP759707                 1.8624885 1.8889398 1.8600468 1.9847692 1.9850018 1.3117527 1.3478404 0.0331241 0.0328983 0.0331229 0.0332914 0.0027719 0.0017425 0.0016403 0.0023600 0.0023086 0.0013320 0.0008184 0.0008184 0.0013835 0.0013839 0.0012294 0.0012810 0.0011782 0.0011782 0.0011781 0.0011267 0.0013835 0.0007673 0.0007673 0.0007161 0.0012291 0.0008696 0.0007673 0.0007673 0.0008184 0.0005626 0.0005114 0.0008696 0.0000000 0.0000010 0.0005626 0.0007161 0.0010232 0.0013831 0.0007673 0.0007673 0.0008696 0.0010754 0.0010754 0.0007673 0.0008184 0.0008184 0.0008184 0.0008696 0.0008184 0.0009208 0.0007673 0.0010232 0.0017431 0.0012804 0.0016399 0.0014856 0.0014345 0.0011778 0.0009208 0.0010744 0.0011780 0.0009208 0.0009208 0.0012292 0.0009208 0.0012805 0.0012809 0.0012293 0.0012293 0.0014859 0.0016399 0.0011267 0.0013320 0.0014346 0.0012293 0.0010232 0.0015886 0.0016399 0.0016911 0.0016398 0.0018453 0.0019998 0.0375627 0.0386604 0.0370243 0.0337158 
