93
RESTV_M.fas-tc_USA_89_Philippines89-Pennsylvania_NC_004161 0.0000000 0.0249138 0.0311916 1.8129681 1.8125153 2.0375811 2.0240604 1.8036429 1.8044133 1.8064860 1.8038763 1.8104398 1.8114878 1.8106718 1.8127649 1.8127931 1.8159255 1.8132307 1.8158513 1.8163688 1.8157656 1.8161859 1.8189120 1.8170584 1.8170584 1.8153876 1.8149602 1.8161943 1.8152772 1.8147894 1.8148546 1.8160557 1.8164789 1.8175511 1.8175511 1.8171203 1.8150569 1.8150569 1.8152563 1.8145561 1.8145561 1.8150768 1.8146530 1.8156004 1.8152839 1.8148546 1.8148421 1.8183207 1.8178415 1.8146100 1.8143397 1.8141947 1.8167959 1.8167892 1.8150309 1.8137278 1.8158735 1.8152165 1.8157736 1.8143535 1.8158184 1.8167847 1.8167495 1.8149459 1.8156655 1.8152584 1.8151739 1.8157533 1.8152165 1.8144683 1.8152496 1.8146077 1.8188172 1.8131738 1.8119871 1.8108404 1.8120918 1.8118450 1.8143268 1.8156939 1.8138126 1.8158731 1.8140237 1.8077228 1.8077228 1.8112268 1.8118884 1.8123177 1.8118285 1.8066137 1.8113550 1.8061848 1.8140657 
RESTV_S.dom-tc_PHL_08_Reston08-A_FJ621583                  0.0249138 0.0000000 0.0493773 1.8241709 1.8237179 2.0421729 2.0483859 1.8102266 1.8110012 1.8130881 1.8104611 1.8200865 1.8211484 1.8199915 1.8233713 1.8233948 1.8256137 1.8228995 1.8255381 1.8260596 1.8254535 1.8258739 1.8286190 1.8267585 1.8267585 1.8251162 1.8246394 1.8260699 1.8249631 1.8244701 1.8245349 1.8257435 1.8261723 1.8272531 1.8272531 1.8268205 1.8247370 1.8247370 1.8249398 1.8242312 1.8242312 1.8247577 1.8243332 1.8252862 1.8245636 1.8245349 1.8245217 1.8280266 1.8275425 1.8242898 1.8240191 1.8238710 1.8264856 1.8264779 1.8262043 1.8254521 1.8255606 1.8248975 1.8254169 1.8245832 1.8260573 1.8285271 1.8269940 1.8251769 1.8259029 1.8249387 1.8248559 1.8254363 1.8248975 1.8241430 1.8249293 1.8242869 1.8285243 1.8228461 1.8214175 1.8202640 1.8215226 1.8212745 1.8235583 1.8249376 1.8230430 1.8253357 1.8236988 1.8173562 1.8173562 1.8208873 1.8215551 1.8219801 1.8214900 1.8115792 1.8161623 1.8113277 1.8187378 
RESTV_S.dom-xx_PHL_08_Reston08-C_FJ621584                  0.0311916 0.0493773 0.0000000 1.8177344 1.8176910 2.0274723 2.0320039 1.8063967 1.8071701 1.8094734 1.8066744 1.8138331 1.8150696 1.8142525 1.8157910 1.8158179 1.8195207 1.8168168 1.8194459 1.8199231 1.8193606 1.8197812 1.8225163 1.8206589 1.8206589 1.8190242 1.8188156 1.8197919 1.8188710 1.8183810 1.8184461 1.8196509 1.8200764 1.8211526 1.8211526 1.8207208 1.8186485 1.8186485 1.8189892 1.8181455 1.8181455 1.8186687 1.8182443 1.8177085 1.8188769 1.8184461 1.8184333 1.8219242 1.8214428 1.8181980 1.8179305 1.8177842 1.8203923 1.8203852 1.8201094 1.8188016 1.8194683 1.8188085 1.8193674 1.8185006 1.8197513 1.8209401 1.8209040 1.8190939 1.8198165 1.8188502 1.8187662 1.8195652 1.8188085 1.8180574 1.8173561 1.8181986 1.8222027 1.8167611 1.8155662 1.8144161 1.8156711 1.8154236 1.8179164 1.8187306 1.8174014 1.8194684 1.8176127 1.8133177 1.8133177 1.8148083 1.8154727 1.8159007 1.8159688 1.8056331 1.8088597 1.8050226 1.8095130 
SUDV_H.sap-xx_UGA_12_EboSud-603_KC545390                   1.8129681 1.8241709 1.8177344 0.0000000 0.0002079 2.1813847 2.1384336 1.9107746 1.9099498 1.9097682 1.9135529 1.9340876 1.9343198 1.9335381 1.9334112 1.9340311 1.9394396 1.9369312 1.9390623 1.9411081 1.9415903 1.9417954 1.9415845 1.9415066 1.9415066 1.9395599 1.9376813 1.9387800 1.9388177 1.9379882 1.9382851 1.9390810 1.9382851 1.9368468 1.9368468 1.9368452 1.9380800 1.9380800 1.9382010 1.9391665 1.9391665 1.9382381 1.9384875 1.9374237 1.9403849 1.9382851 1.9367019 1.9419141 1.9412214 1.9380164 1.9383361 1.9380307 1.9412180 1.9389975 1.9377823 1.9382648 1.9392648 1.9382824 1.9388388 1.9395490 1.9392296 1.9382855 1.9383835 1.9383508 1.9389447 1.9384081 1.9390825 1.9388206 1.9382824 1.9391154 1.9364174 1.9389653 1.9426407 1.9360537 1.9394177 1.9381334 1.9393889 1.9393566 1.9380775 1.9385959 1.9381257 1.9386267 1.9363361 1.9312642 1.9312642 1.9346491 1.9335097 1.9329580 1.9330188 1.9093764 1.9098349 1.9105120 1.9185633 
SUDV_H.sap-xx_UGA_12_EboSud-609_KC545391                   1.8125153 1.8237179 1.8176910 0.0002079 0.0000000 2.1811410 2.1379794 1.9109470 1.9101223 1.9099406 1.9137251 1.9342580 1.9344902 1.9337085 1.9335815 1.9342014 1.9396095 1.9371013 1.9392323 1.9412779 1.9417600 1.9419651 1.9417542 1.9416763 1.9416763 1.9397298 1.9378515 1.9389500 1.9389877 1.9381583 1.9384552 1.9392509 1.9384552 1.9370170 1.9370170 1.9370154 1.9382500 1.9382500 1.9383711 1.9393365 1.9393365 1.9384082 1.9386575 1.9375938 1.9405547 1.9384552 1.9368721 1.9420839 1.9413912 1.9381865 1.9385061 1.9382007 1.9413878 1.9391674 1.9379525 1.9384349 1.9394347 1.9384524 1.9390089 1.9397189 1.9393995 1.9384555 1.9385534 1.9385208 1.9391146 1.9385781 1.9392525 1.9389905 1.9384524 1.9392854 1.9365875 1.9391352 1.9428102 1.9362239 1.9395876 1.9383035 1.9395589 1.9395265 1.9382475 1.9387658 1.9382957 1.9387968 1.9365062 1.9314347 1.9314347 1.9348194 1.9336801 1.9331284 1.9331892 1.9095489 1.9100072 1.9106847 1.9187348 
TAFV_H.sap-tc_CIV_94_Pauleoula-CI_NC_014372                2.0375811 2.0421729 2.0274723 2.1813847 2.1811410 0.0000000 0.7729591 1.3094039 1.3089221 1.3094464 1.3063682 1.3355959 1.3359998 1.3335867 1.3346471 1.3337387 1.3371996 1.3352775 1.3367781 1.3357019 1.3365765 1.3363563 1.3378881 1.3358610 1.3358610 1.3370605 1.3360439 1.3356180 1.3364367 1.3359222 1.3361715 1.3374895 1.3371111 1.3376286 1.3376286 1.3374791 1.3363641 1.3363641 1.3376870 1.3372742 1.3372742 1.3366469 1.3363641 1.3366381 1.3364360 1.3361715 1.3352968 1.3368933 1.3368763 1.3359600 1.3361628 1.3365117 1.3359013 1.3350453 1.3365931 1.3361447 1.3362652 1.3358045 1.3377410 1.3349306 1.3360505 1.3349966 1.3360923 1.3364755 1.3356172 1.3361715 1.3364634 1.3360871 1.3358045 1.3353106 1.3348741 1.3350063 1.3350257 1.3355125 1.3366212 1.3369433 1.3373951 1.3373897 1.3349640 1.3356479 1.3353681 1.3355298 1.3348533 1.3363415 1.3363415 1.3352156 1.3346703 1.3356091 1.3356523 1.3266852 1.3271574 1.3271275 1.3232054 
BDBV_H.sap-xx_COD_12_EboBund-122_KC545395                  2.0240604 2.0483859 2.0320039 2.1384336 2.1379794 0.7729591 0.0000000 1.2656249 1.2651963 1.2661393 1.2648061 1.2945861 1.2922088 1.2921196 1.2930601 1.2926348 1.2937824 1.2933614 1.2943466 1.2946627 1.2938688 1.2947112 1.2952147 1.2936171 1.2936171 1.2950429 1.2936781 1.2942213 1.2947341 1.2942401 1.2942326 1.2953174 1.2951274 1.2956179 1.2956179 1.2958396 1.2940522 1.2940522 1.2949880 1.2936125 1.2936125 1.2942710 1.2944225 1.2947053 1.2947740 1.2942326 1.2943085 1.2955460 1.2948769 1.2944808 1.2944167 1.2946254 1.2961409 1.2948876 1.2952377 1.2950074 1.2952018 1.2945365 1.2965165 1.2942279 1.2951281 1.2956844 1.2936473 1.2946330 1.2947206 1.2944070 1.2942802 1.2945328 1.2945365 1.2940929 1.2934489 1.2937046 1.2949735 1.2944519 1.2947705 1.2948244 1.2942471 1.2942433 1.2933370 1.2931648 1.2946282 1.2944525 1.2941840 1.2946925 1.2946925 1.2941001 1.2938722 1.2934977 1.2935678 1.2769506 1.2765871 1.2769894 1.2740788 
EBOV_H.sap-tc_COD_07_1Luebo_KC242786                       1.8036429 1.8102266 1.8063967 1.9107746 1.9109470 1.3094039 1.2656249 0.0000000 0.0000509 0.0003561 0.0004579 0.0332396 0.0326148 0.0321632 0.0323347 0.0323342 0.0323572 0.0320672 0.0324126 0.0332043 0.0330913 0.0326404 0.0327517 0.0325824 0.0325824 0.0325795 0.0326390 0.0325255 0.0323573 0.0323561 0.0322453 0.0325352 0.0323646 0.0324770 0.0324770 0.0326438 0.0323009 0.0323009 0.0330877 0.0325237 0.0325237 0.0324677 0.0323009 0.0323012 0.0327459 0.0322453 0.0325890 0.0326998 0.0326405 0.0323011 0.0323559 0.0324680 0.0328078 0.0325792 0.0326388 0.0328045 0.0324679 0.0323565 0.0326450 0.0329730 0.0331340 0.0333079 0.0330232 0.0330240 0.0325783 0.0324668 0.0325811 0.0325223 0.0323565 0.0324131 0.0325280 0.0323475 0.0328627 0.0322900 0.0325252 0.0324707 0.0324144 0.0323589 0.0322353 0.0326841 0.0323463 0.0324158 0.0317890 0.0316723 0.0316723 0.0314967 0.0316665 0.0313850 0.0314963 0.0250981 0.0256685 0.0234970 0.0210888 
EBOV_H.sap-tc_COD_07_M-M_HQ613403                          1.8044133 1.8110012 1.8071701 1.9099498 1.9101223 1.3089221 1.2651963 0.0000509 0.0000000 0.0003052 0.0004070 0.0331835 0.0325588 0.0321073 0.0322788 0.0322783 0.0323012 0.0320113 0.0323567 0.0331482 0.0330352 0.0325843 0.0326956 0.0325264 0.0325264 0.0325235 0.0325829 0.0324695 0.0323014 0.0323002 0.0321894 0.0324791 0.0323086 0.0324210 0.0324210 0.0325878 0.0322449 0.0322449 0.0330316 0.0324677 0.0324677 0.0324117 0.0322449 0.0322453 0.0326899 0.0321894 0.0325330 0.0326438 0.0325845 0.0322451 0.0322999 0.0324121 0.0327518 0.0325232 0.0325828 0.0327485 0.0324120 0.0323005 0.0325890 0.0329170 0.0330780 0.0332518 0.0329671 0.0329680 0.0325223 0.0324108 0.0325251 0.0324664 0.0323005 0.0323571 0.0324720 0.0322916 0.0328066 0.0322341 0.0324692 0.0324147 0.0323584 0.0323030 0.0321794 0.0326281 0.0322904 0.0323598 0.0317332 0.0316165 0.0316165 0.0314409 0.0316107 0.0313293 0.0314405 0.0250434 0.0256137 0.0234426 0.0210348 
EBOV_H.sap-tc_COD_07_5Luebo_KC242790                       1.8064860 1.8130881 1.8094734 1.9097682 1.9099406 1.3094464 1.2661393 0.0003561 0.0003052 0.0000000 0.0007124 0.0334101 0.0328992 0.0324471 0.0326189 0.0326183 0.0326415 0.0323512 0.0326970 0.0334894 0.0333763 0.0329249 0.0330364 0.0328669 0.0328669 0.0328640 0.0329235 0.0328100 0.0326416 0.0326404 0.0325295 0.0328197 0.0326489 0.0327615 0.0327615 0.0329284 0.0325851 0.0325851 0.0333727 0.0328081 0.0328081 0.0327521 0.0325851 0.0325855 0.0330305 0.0325295 0.0328736 0.0329845 0.0329251 0.0325853 0.0326401 0.0327524 0.0330925 0.0328637 0.0329234 0.0330892 0.0327523 0.0326408 0.0329296 0.0332579 0.0334190 0.0335930 0.0333080 0.0333089 0.0328628 0.0327511 0.0328656 0.0328068 0.0326408 0.0326974 0.0328125 0.0326318 0.0331474 0.0325742 0.0328096 0.0327551 0.0326988 0.0326433 0.0325195 0.0329686 0.0326305 0.0327002 0.0320728 0.0319559 0.0319559 0.0317801 0.0319501 0.0316683 0.0317796 0.0252667 0.0258375 0.0236645 0.0212546 
EBOV_H.sap-tc_COD_08_034-KS_HQ613402                       1.8038763 1.8104611 1.8066744 1.9135529 1.9137251 1.3063682 1.2648061 0.0004579 0.0004070 0.0007124 0.0000000 0.0336478 0.0330219 0.0325696 0.0327415 0.0327409 0.0327642 0.0324737 0.0328197 0.0336126 0.0334994 0.0330478 0.0331593 0.0329897 0.0329897 0.0329868 0.0330464 0.0329328 0.0327643 0.0327631 0.0326521 0.0329425 0.0327717 0.0328843 0.0328843 0.0330513 0.0327078 0.0327078 0.0334958 0.0329309 0.0329309 0.0328748 0.0327078 0.0327082 0.0331534 0.0326521 0.0329964 0.0331074 0.0330479 0.0327080 0.0327628 0.0328752 0.0332155 0.0329865 0.0330462 0.0332121 0.0328751 0.0327634 0.0330525 0.0333809 0.0335421 0.0337163 0.0334311 0.0334319 0.0329856 0.0328739 0.0329884 0.0329295 0.0327634 0.0328201 0.0329353 0.0327544 0.0332704 0.0326968 0.0329324 0.0328779 0.0328215 0.0327660 0.0326420 0.0330914 0.0327532 0.0328229 0.0321951 0.0320782 0.0320782 0.0319022 0.0320723 0.0317903 0.0319017 0.0254294 0.0260006 0.0238897 0.0214775 
EBOV_H.sap-wt_GIN_14_Makona-Gueckedou-EM_080076_KR817235   1.8104398 1.8200865 1.8138331 1.9340876 1.9342580 1.3355959 1.2945861 0.0332396 0.0331835 0.0334101 0.0336478 0.0000000 0.0024503 0.0020919 0.0027578 0.0027577 0.0027598 0.0024001 0.0027600 0.0034800 0.0033770 0.0029657 0.0031710 0.0029142 0.0029142 0.0029139 0.0029656 0.0029146 0.0027088 0.0027087 0.0026062 0.0028636 0.0027094 0.0028121 0.0028121 0.0029660 0.0026575 0.0026575 0.0034794 0.0028626 0.0028626 0.0028113 0.0026575 0.0026575 0.0030678 0.0026062 0.0029149 0.0030174 0.0029657 0.0026575 0.0027087 0.0028113 0.0031714 0.0029139 0.0029656 0.0031195 0.0028635 0.0027087 0.0029662 0.0032736 0.0034271 0.0035820 0.0033245 0.0033245 0.0029139 0.0028112 0.0029652 0.0029651 0.0027087 0.0027601 0.0028630 0.0027594 0.0031193 0.0027075 0.0029653 0.0029141 0.0028627 0.0028115 0.0026563 0.0030669 0.0028615 0.0029141 0.0021440 0.0021950 0.0021950 0.0019900 0.0021437 0.0020922 0.0021946 0.0381889 0.0386049 0.0361520 0.0338617 
EBOV_H.sap-wt_GIN_14_Makona-Gueckedou-EM_079702_KR817210   1.8114878 1.8211484 1.8150696 1.9343198 1.9344902 1.3359998 1.2922088 0.0326148 0.0325588 0.0328992 0.0330219 0.0024503 0.0000000 0.0015290 0.0021936 0.0021936 0.0021952 0.0018363 0.0021954 0.0029139 0.0027085 0.0024006 0.0026056 0.0023492 0.0023492 0.0023491 0.0024005 0.0023496 0.0021443 0.0021442 0.0020418 0.0022986 0.0021447 0.0022472 0.0022472 0.0024009 0.0020930 0.0020930 0.0029134 0.0022978 0.0022978 0.0022466 0.0020930 0.0020930 0.0025027 0.0020418 0.0023498 0.0024521 0.0024006 0.0020930 0.0021442 0.0022466 0.0026059 0.0023490 0.0024005 0.0025542 0.0022986 0.0021442 0.0024011 0.0027080 0.0028614 0.0030158 0.0027589 0.0027589 0.0023490 0.0022465 0.0024002 0.0024001 0.0021442 0.0021955 0.0022981 0.0021949 0.0025540 0.0021432 0.0024003 0.0023492 0.0022979 0.0022467 0.0020921 0.0025019 0.0022969 0.0023491 0.0015808 0.0016317 0.0016317 0.0014271 0.0015805 0.0015292 0.0016314 0.0374945 0.0379093 0.0354620 0.0331253 
EBOV_H.sap-wt_GIN_14_Makona-Gueckedou-EM_079587_KR817202   1.8106718 1.8199915 1.8142525 1.9335381 1.9337085 1.3335867 1.2921196 0.0321632 0.0321073 0.0324471 0.0325696 0.0020919 0.0015290 0.0000000 0.0017842 0.0017842 0.0017855 0.0014273 0.0017857 0.0025031 0.0024005 0.0019906 0.0021953 0.0019393 0.0019393 0.0019391 0.0019905 0.0019396 0.0017346 0.0017345 0.0016323 0.0018886 0.0017350 0.0018373 0.0018373 0.0019908 0.0016834 0.0016834 0.0025027 0.0018880 0.0018880 0.0018368 0.0016834 0.0016834 0.0020926 0.0016323 0.0019398 0.0020420 0.0019906 0.0016834 0.0017345 0.0018368 0.0021956 0.0019391 0.0019905 0.0021440 0.0018886 0.0017346 0.0019910 0.0022976 0.0024509 0.0026050 0.0023485 0.0023485 0.0019391 0.0018368 0.0019902 0.0019902 0.0017346 0.0017857 0.0018882 0.0017853 0.0021438 0.0017338 0.0019903 0.0019392 0.0018881 0.0018369 0.0016827 0.0020919 0.0018872 0.0019392 0.0011720 0.0012229 0.0012229 0.0010179 0.0011718 0.0011198 0.0012217 0.0372608 0.0376751 0.0352299 0.0328954 
EBOV_H.sap-wt_GIN_14_Makona-Gueckedou-EM_079750_KR817213   1.8127649 1.8233713 1.8157910 1.9334112 1.9335815 1.3346471 1.2930601 0.0323347 0.0322788 0.0326189 0.0327415 0.0027578 0.0021936 0.0017842 0.0000000 0.0003052 0.0019392 0.0015807 0.0019394 0.0026573 0.0025546 0.0021444 0.0023492 0.0020931 0.0020931 0.0020929 0.0021444 0.0020934 0.0018883 0.0018882 0.0017859 0.0020425 0.0018887 0.0019911 0.0019911 0.0021447 0.0018371 0.0018371 0.0026569 0.0020418 0.0020418 0.0019906 0.0018371 0.0018371 0.0022465 0.0017859 0.0020936 0.0021959 0.0021445 0.0018371 0.0018882 0.0019906 0.0023495 0.0020929 0.0021444 0.0022979 0.0020424 0.0018882 0.0021448 0.0024517 0.0026049 0.0027592 0.0025025 0.0025025 0.0020929 0.0019905 0.0021441 0.0021440 0.0018882 0.0019395 0.0020420 0.0019390 0.0022977 0.0018874 0.0021442 0.0020931 0.0020418 0.0019907 0.0018363 0.0022458 0.0020409 0.0020425 0.0013253 0.0013762 0.0013762 0.0011719 0.0013251 0.0012739 0.0013760 0.0373233 0.0377379 0.0352918 0.0329564 
EBOV_H.sap-wt_GIN_14_Makona-Gueckedou-EM_079910_KR817221   1.8127931 1.8233948 1.8158179 1.9340311 1.9342014 1.3337387 1.2926348 0.0323342 0.0322783 0.0326183 0.0327409 0.0027577 0.0021936 0.0017842 0.0003052 0.0000000 0.0019392 0.0015807 0.0019394 0.0026572 0.0025546 0.0021444 0.0023492 0.0020931 0.0020931 0.0020929 0.0021443 0.0020934 0.0018883 0.0018882 0.0017859 0.0020424 0.0018887 0.0019911 0.0019911 0.0021446 0.0018371 0.0018371 0.0026568 0.0020417 0.0020417 0.0019905 0.0018371 0.0018371 0.0022464 0.0017859 0.0020936 0.0021959 0.0021444 0.0018371 0.0018882 0.0019906 0.0023495 0.0020929 0.0021443 0.0022979 0.0020424 0.0018882 0.0021448 0.0024516 0.0026049 0.0027592 0.0025024 0.0025025 0.0020928 0.0019905 0.0021440 0.0021440 0.0018882 0.0019394 0.0020420 0.0019389 0.0022977 0.0018873 0.0021441 0.0020930 0.0020418 0.0019906 0.0018363 0.0022457 0.0020409 0.0020425 0.0013253 0.0013762 0.0013762 0.0011718 0.0013251 0.0012739 0.0013760 0.0373227 0.0377373 0.0352912 0.0329559 
EBOV_H.sap-wt_LBR_14_Makona-LIBR0430_KR006955              1.8159255 1.8256137 1.8195207 1.9394396 1.9396095 1.3371996 1.2937824 0.0323572 0.0323012 0.0326415 0.0327642 0.0027598 0.0021952 0.0017855 0.0019392 0.0019392 0.0000000 0.0003561 0.0007124 0.0014284 0.0013261 0.0009175 0.0011216 0.0008664 0.0008664 0.0008663 0.0009175 0.0008665 0.0006615 0.0006615 0.0005597 0.0008156 0.0006615 0.0007645 0.0007645 0.0009176 0.0006106 0.0006106 0.0014282 0.0008153 0.0008153 0.0007633 0.0006106 0.0006106 0.0010194 0.0005597 0.0008666 0.0009686 0.0009175 0.0006106 0.0006615 0.0007633 0.0011218 0.0008663 0.0009175 0.0010705 0.0008156 0.0006615 0.0009177 0.0012237 0.0013767 0.0015303 0.0012746 0.0012746 0.0008663 0.0007633 0.0009173 0.0009173 0.0006615 0.0007124 0.0008154 0.0007124 0.0010705 0.0006615 0.0009174 0.0008664 0.0008153 0.0007643 0.0006106 0.0010191 0.0008142 0.0008664 0.0006106 0.0013773 0.0013773 0.0011727 0.0013261 0.0012748 0.0013770 0.0373489 0.0377637 0.0353161 0.0329792 
EBOV_H.sap-wt_SLE_14_Makona-G3734.1_KM233055               1.8132307 1.8228995 1.8168168 1.9369312 1.9371013 1.3352775 1.2933614 0.0320672 0.0320113 0.0323512 0.0324737 0.0024001 0.0018363 0.0014273 0.0015807 0.0015807 0.0003561 0.0000000 0.0003561 0.0010704 0.0009683 0.0005597 0.0007633 0.0005088 0.0005088 0.0005088 0.0005597 0.0005088 0.0003052 0.0003052 0.0002035 0.0004579 0.0003052 0.0004070 0.0004070 0.0005597 0.0002544 0.0002544 0.0010703 0.0004579 0.0004579 0.0004070 0.0002544 0.0002544 0.0006615 0.0002035 0.0005088 0.0006106 0.0005597 0.0002544 0.0003052 0.0004070 0.0007633 0.0005088 0.0005597 0.0007124 0.0004579 0.0003052 0.0005597 0.0008652 0.0010190 0.0011723 0.0009161 0.0009161 0.0005088 0.0004070 0.0005597 0.0005597 0.0003052 0.0003561 0.0004579 0.0003561 0.0007124 0.0003052 0.0005597 0.0005088 0.0004579 0.0004070 0.0002544 0.0006615 0.0004579 0.0005088 0.0002544 0.0010194 0.0010194 0.0008142 0.0009683 0.0009171 0.0010192 0.0370539 0.0374681 0.0350232 0.0326890 
EBOV_H.sap-wt_LBR_15_Makona-Liberia-DQE4_KR074998          1.8158513 1.8255381 1.8194459 1.9390623 1.9392323 1.3367781 1.2943466 0.0324126 0.0323567 0.0326970 0.0328197 0.0027600 0.0021954 0.0017857 0.0019394 0.0019394 0.0007124 0.0003561 0.0000000 0.0010179 0.0009161 0.0005088 0.0007124 0.0004579 0.0004579 0.0004579 0.0005088 0.0004579 0.0002544 0.0002544 0.0001526 0.0004070 0.0002544 0.0003561 0.0003561 0.0005088 0.0002035 0.0002035 0.0010179 0.0004070 0.0004070 0.0003561 0.0002035 0.0002035 0.0006106 0.0001526 0.0004579 0.0005597 0.0005088 0.0002035 0.0002544 0.0003561 0.0007124 0.0004579 0.0005088 0.0006615 0.0004070 0.0002544 0.0005088 0.0008142 0.0009670 0.0011198 0.0008652 0.0008652 0.0004579 0.0003561 0.0005088 0.0005088 0.0002544 0.0003052 0.0004070 0.0004070 0.0010706 0.0006615 0.0009175 0.0008665 0.0008154 0.0007644 0.0006106 0.0010192 0.0008142 0.0008664 0.0006106 0.0013774 0.0013774 0.0011728 0.0013262 0.0012749 0.0013771 0.0374050 0.0378199 0.0353720 0.0330347 
EBOV_H.sap-wt_GIN_14_Makona-Kankan-EM_078639_KR817166      1.8163688 1.8260596 1.8199231 1.9411081 1.9412779 1.3357019 1.2946627 0.0332043 0.0331482 0.0334894 0.0336126 0.0034800 0.0029139 0.0025031 0.0026573 0.0026572 0.0014284 0.0010704 0.0010179 0.0000000 0.0008142 0.0006106 0.0010179 0.0008652 0.0008652 0.0009670 0.0012231 0.0011722 0.0009670 0.0009670 0.0008652 0.0011213 0.0009681 0.0010702 0.0010702 0.0012233 0.0009161 0.0009161 0.0017341 0.0011209 0.0011209 0.0010699 0.0009161 0.0009161 0.0012230 0.0008652 0.0011724 0.0012744 0.0012232 0.0009161 0.0009670 0.0010699 0.0014276 0.0011720 0.0012231 0.0013763 0.0011213 0.0009670 0.0012234 0.0015295 0.0016825 0.0018362 0.0015804 0.0015804 0.0011719 0.0010699 0.0012230 0.0012229 0.0009670 0.0010179 0.0011211 0.0011215 0.0017865 0.0013768 0.0016331 0.0015820 0.0015308 0.0014797 0.0013257 0.0017347 0.0015301 0.0015820 0.0013257 0.0020942 0.0020942 0.0018891 0.0020429 0.0019914 0.0020938 0.0382079 0.0386241 0.0361701 0.0338267 
EBOV_H.sap-wt_GIN_14_Makona-Faranah-EM_078415_KR817160     1.8157656 1.8254535 1.8193606 1.9415903 1.9417600 1.3365765 1.2938688 0.0330913 0.0330352 0.0333763 0.0334994 0.0033770 0.0027085 0.0024005 0.0025546 0.0025546 0.0013261 0.0009683 0.0009161 0.0008142 0.0000000 0.0005088 0.0009161 0.0007633 0.0007633 0.0008652 0.0011210 0.0010701 0.0008652 0.0008652 0.0007633 0.0010192 0.0008652 0.0009681 0.0009681 0.0011212 0.0008142 0.0008142 0.0016318 0.0010179 0.0010179 0.0009670 0.0008142 0.0008142 0.0010689 0.0007633 0.0010702 0.0011722 0.0011211 0.0008142 0.0008652 0.0009670 0.0013254 0.0010689 0.0011210 0.0012741 0.0010192 0.0008652 0.0011213 0.0014273 0.0015803 0.0017338 0.0014781 0.0014782 0.0010689 0.0009670 0.0011209 0.0011208 0.0008652 0.0009161 0.0010190 0.0010193 0.0016841 0.0012746 0.0015307 0.0014797 0.0014285 0.0013774 0.0012235 0.0016324 0.0014279 0.0014796 0.0012235 0.0019917 0.0019917 0.0017867 0.0019404 0.0018889 0.0019913 0.0380934 0.0385094 0.0360562 0.0337136 
EBOV_H.sap-wt_GIN_14_Makona-Macenta-EM_076191_KR817141     1.8161859 1.8258739 1.8197812 1.9417954 1.9419651 1.3363563 1.2947112 0.0326404 0.0325843 0.0329249 0.0330478 0.0029657 0.0024006 0.0019906 0.0021444 0.0021444 0.0009175 0.0005597 0.0005088 0.0006106 0.0005088 0.0000000 0.0005088 0.0003561 0.0003561 0.0004579 0.0007124 0.0006615 0.0004579 0.0004579 0.0003561 0.0006106 0.0004579 0.0005597 0.0005597 0.0007124 0.0004070 0.0004070 0.0012230 0.0006106 0.0006106 0.0005597 0.0004070 0.0004070 0.0007124 0.0003561 0.0006615 0.0007633 0.0007124 0.0004070 0.0004579 0.0005597 0.0009161 0.0006615 0.0007124 0.0008652 0.0006106 0.0004579 0.0007124 0.0010179 0.0011707 0.0013250 0.0010689 0.0010689 0.0006615 0.0005597 0.0007124 0.0007124 0.0004579 0.0005088 0.0006106 0.0006106 0.0012750 0.0008652 0.0011218 0.0010708 0.0010197 0.0009686 0.0008142 0.0012235 0.0010192 0.0010707 0.0008142 0.0015821 0.0015821 0.0013774 0.0015309 0.0014795 0.0015818 0.0376363 0.0380515 0.0356017 0.0332625 
EBOV_H.sap-wt_GIN_14_Makona-Beyla-EM_075931_KR817138       1.8189120 1.8286190 1.8225163 1.9415845 1.9417542 1.3378881 1.2952147 0.0327517 0.0326956 0.0330364 0.0331593 0.0031710 0.0026056 0.0021953 0.0023492 0.0023492 0.0011216 0.0007633 0.0007124 0.0010179 0.0009161 0.0005088 0.0000000 0.0005597 0.0005597 0.0006615 0.0009161 0.0008652 0.0006615 0.0006615 0.0005597 0.0008142 0.0006615 0.0007633 0.0007633 0.0009161 0.0006106 0.0006106 0.0014272 0.0008142 0.0008142 0.0007633 0.0006106 0.0006106 0.0009161 0.0005597 0.0008652 0.0009670 0.0009161 0.0006106 0.0006615 0.0007633 0.0011210 0.0008652 0.0009161 0.0010689 0.0008142 0.0006615 0.0009161 0.0012229 0.0013758 0.0015292 0.0012737 0.0012737 0.0008652 0.0007633 0.0009161 0.0009161 0.0006615 0.0007124 0.0008142 0.0008142 0.0014793 0.0010702 0.0013261 0.0012750 0.0012239 0.0011729 0.0010192 0.0014278 0.0012234 0.0012750 0.0010192 0.0017867 0.0017867 0.0015818 0.0017354 0.0016840 0.0017863 0.0377489 0.0381644 0.0357138 0.0333739 
EBOV_H.sap-wt_GIN_14_Makona-Kissidougou-EM_078694_KR817171 1.8170584 1.8267585 1.8206589 1.9415066 1.9416763 1.3358610 1.2936171 0.0325824 0.0325264 0.0328669 0.0329897 0.0029142 0.0023492 0.0019393 0.0020931 0.0020931 0.0008664 0.0005088 0.0004579 0.0008652 0.0007633 0.0003561 0.0005597 0.0000000 0.0000010 0.0004070 0.0006615 0.0006106 0.0004070 0.0004070 0.0003052 0.0005597 0.0004070 0.0005088 0.0005088 0.0006615 0.0003561 0.0003561 0.0011719 0.0005597 0.0005597 0.0005088 0.0003561 0.0003561 0.0007633 0.0003052 0.0006106 0.0007124 0.0006615 0.0003561 0.0004070 0.0005088 0.0008652 0.0006106 0.0006615 0.0008142 0.0005597 0.0004070 0.0006615 0.0009670 0.0011198 0.0012739 0.0010179 0.0010179 0.0006106 0.0005088 0.0006615 0.0006615 0.0004070 0.0004579 0.0005597 0.0005597 0.0012238 0.0008142 0.0010707 0.0010196 0.0009686 0.0009175 0.0007633 0.0011724 0.0009681 0.0010196 0.0007633 0.0015308 0.0015308 0.0013262 0.0014796 0.0014283 0.0015305 0.0375773 0.0379924 0.0355431 0.0332045 
EBOV_H.sap-wt_GIN_14_Makona-Kissidougou-EM_078722_KR817175 1.8170584 1.8267585 1.8206589 1.9415066 1.9416763 1.3358610 1.2936171 0.0325824 0.0325264 0.0328669 0.0329897 0.0029142 0.0023492 0.0019393 0.0020931 0.0020931 0.0008664 0.0005088 0.0004579 0.0008652 0.0007633 0.0003561 0.0005597 0.0000010 0.0000000 0.0004070 0.0006615 0.0006106 0.0004070 0.0004070 0.0003052 0.0005597 0.0004070 0.0005088 0.0005088 0.0006615 0.0003561 0.0003561 0.0011719 0.0005597 0.0005597 0.0005088 0.0003561 0.0003561 0.0007633 0.0003052 0.0006106 0.0007124 0.0006615 0.0003561 0.0004070 0.0005088 0.0008652 0.0006106 0.0006615 0.0008142 0.0005597 0.0004070 0.0006615 0.0009670 0.0011198 0.0012739 0.0010179 0.0010179 0.0006106 0.0005088 0.0006615 0.0006615 0.0004070 0.0004579 0.0005597 0.0005597 0.0012238 0.0008142 0.0010707 0.0010196 0.0009686 0.0009175 0.0007633 0.0011724 0.0009681 0.0010196 0.0007633 0.0015308 0.0015308 0.0013262 0.0014796 0.0014283 0.0015305 0.0375773 0.0379924 0.0355431 0.0332045 
EBOV_H.sap-wt_LBR_14_Makona-LIBR0505_KR006957              1.8153876 1.8251162 1.8190242 1.9395599 1.9397298 1.3370605 1.2950429 0.0325795 0.0325235 0.0328640 0.0329868 0.0029139 0.0023491 0.0019391 0.0020929 0.0020929 0.0008663 0.0005088 0.0004579 0.0009670 0.0008652 0.0004579 0.0006615 0.0004070 0.0004070 0.0000000 0.0006615 0.0006106 0.0004070 0.0004070 0.0003052 0.0005597 0.0004070 0.0005088 0.0005088 0.0006615 0.0003561 0.0003561 0.0011718 0.0005597 0.0005597 0.0005088 0.0003561 0.0003561 0.0007633 0.0003052 0.0006106 0.0007124 0.0006615 0.0003561 0.0004070 0.0005088 0.0008652 0.0006106 0.0006615 0.0008142 0.0005597 0.0004070 0.0006615 0.0009670 0.0011198 0.0012738 0.0010179 0.0010179 0.0006106 0.0005088 0.0006615 0.0006615 0.0004070 0.0004579 0.0005597 0.0005597 0.0012237 0.0008142 0.0010706 0.0010196 0.0009685 0.0009175 0.0007633 0.0011723 0.0009681 0.0010195 0.0007633 0.0015307 0.0015307 0.0013261 0.0014795 0.0014282 0.0015304 0.0375739 0.0379891 0.0355400 0.0332016 
EBOV_H.sap-wt_SLE_14_Makona-Kailahun-20140517_KR653263     1.8149602 1.8246394 1.8188156 1.9376813 1.9378515 1.3360439 1.2936781 0.0326390 0.0325829 0.0329235 0.0330464 0.0029656 0.0024005 0.0019905 0.0021444 0.0021443 0.0009175 0.0005597 0.0005088 0.0012231 0.0011210 0.0007124 0.0009161 0.0006615 0.0006615 0.0006615 0.0000000 0.0005597 0.0004579 0.0004579 0.0003561 0.0006106 0.0004579 0.0005597 0.0005597 0.0007124 0.0004070 0.0004070 0.0012230 0.0006106 0.0006106 0.0005597 0.0004070 0.0004070 0.0008142 0.0003561 0.0006615 0.0007633 0.0007124 0.0004070 0.0004579 0.0005597 0.0009161 0.0006615 0.0007124 0.0008652 0.0006106 0.0004579 0.0007124 0.0010179 0.0011707 0.0013249 0.0010689 0.0010689 0.0006615 0.0005597 0.0007124 0.0007124 0.0004579 0.0005088 0.0006106 0.0006106 0.0012749 0.0008652 0.0011217 0.0010707 0.0010197 0.0009686 0.0008142 0.0012235 0.0010192 0.0010707 0.0008142 0.0015820 0.0015820 0.0013773 0.0015308 0.0014795 0.0015817 0.0375220 0.0379371 0.0354881 0.0331498 
EBOV_H.sap-wt_SLE_14_Makona-G4973_1_KR105286               1.8161943 1.8260699 1.8197919 1.9387800 1.9389500 1.3356180 1.2942213 0.0325255 0.0324695 0.0328100 0.0329328 0.0029146 0.0023496 0.0019396 0.0020934 0.0020934 0.0008665 0.0005088 0.0004579 0.0011722 0.0010701 0.0006615 0.0008652 0.0006106 0.0006106 0.0006106 0.0005597 0.0000000 0.0004070 0.0004070 0.0003052 0.0005597 0.0004070 0.0005088 0.0005088 0.0006615 0.0003561 0.0003561 0.0011721 0.0005597 0.0005597 0.0005088 0.0003561 0.0003561 0.0007633 0.0003052 0.0006106 0.0007124 0.0006615 0.0003561 0.0004070 0.0005088 0.0008652 0.0006106 0.0006615 0.0008142 0.0005597 0.0004070 0.0006615 0.0009670 0.0011198 0.0012740 0.0010179 0.0010179 0.0006106 0.0005088 0.0006615 0.0006615 0.0004070 0.0004579 0.0005597 0.0005597 0.0012240 0.0008142 0.0010708 0.0010198 0.0009687 0.0009177 0.0007633 0.0011725 0.0009683 0.0010198 0.0007633 0.0015311 0.0015311 0.0013264 0.0014798 0.0014285 0.0015308 0.0374695 0.0378846 0.0354357 0.0330976 
EBOV_H.sap-wt_SLE_14_Makona-G3799_KM233080                 1.8152772 1.8249631 1.8188710 1.9388177 1.9389877 1.3364367 1.2947341 0.0323573 0.0323014 0.0326416 0.0327643 0.0027088 0.0021443 0.0017346 0.0018883 0.0018883 0.0006615 0.0003052 0.0002544 0.0009670 0.0008652 0.0004579 0.0006615 0.0004070 0.0004070 0.0004070 0.0004579 0.0004070 0.0000000 0.0001017 0.0001017 0.0003561 0.0002035 0.0003052 0.0003052 0.0004579 0.0001526 0.0001526 0.0009670 0.0003561 0.0003561 0.0003052 0.0001526 0.0001526 0.0005597 0.0001017 0.0004070 0.0005088 0.0004579 0.0001526 0.0002035 0.0003052 0.0006615 0.0004070 0.0004579 0.0006106 0.0003561 0.0002035 0.0004579 0.0007633 0.0009161 0.0010689 0.0008142 0.0008142 0.0004070 0.0003052 0.0004579 0.0004579 0.0002035 0.0002544 0.0003561 0.0003561 0.0010195 0.0006106 0.0008664 0.0008154 0.0007644 0.0007134 0.0005597 0.0009682 0.0007633 0.0008154 0.0005597 0.0013263 0.0013263 0.0011218 0.0012751 0.0012239 0.0013260 0.0373491 0.0377639 0.0353163 0.0329794 
EBOV_H.sap-wt_SLE_14_Makona-G3788_KM233075                 1.8147894 1.8244701 1.8183810 1.9379882 1.9381583 1.3359222 1.2942401 0.0323561 0.0323002 0.0326404 0.0327631 0.0027087 0.0021442 0.0017345 0.0018882 0.0018882 0.0006615 0.0003052 0.0002544 0.0009670 0.0008652 0.0004579 0.0006615 0.0004070 0.0004070 0.0004070 0.0004579 0.0004070 0.0001017 0.0000000 0.0001017 0.0003561 0.0002035 0.0003052 0.0003052 0.0004579 0.0001526 0.0001526 0.0009670 0.0003561 0.0003561 0.0003052 0.0001526 0.0001526 0.0005597 0.0001017 0.0004070 0.0005088 0.0004579 0.0001526 0.0002035 0.0003052 0.0006615 0.0004070 0.0004579 0.0006106 0.0003561 0.0002035 0.0004579 0.0007633 0.0009161 0.0010689 0.0008142 0.0008142 0.0004070 0.0003052 0.0004579 0.0004579 0.0002035 0.0002544 0.0003561 0.0003561 0.0010195 0.0006106 0.0008664 0.0008154 0.0007644 0.0007124 0.0005597 0.0009681 0.0007633 0.0008154 0.0005597 0.0013263 0.0013263 0.0011217 0.0012751 0.0012238 0.0013260 0.0373477 0.0377625 0.0353150 0.0329782 
EBOV_H.sap-wt_SLE_14_Makona-G3677.2_KM034557               1.8148546 1.8245349 1.8184461 1.9382851 1.9384552 1.3361715 1.2942326 0.0322453 0.0321894 0.0325295 0.0326521 0.0026062 0.0020418 0.0016323 0.0017859 0.0017859 0.0005597 0.0002035 0.0001526 0.0008652 0.0007633 0.0003561 0.0005597 0.0003052 0.0003052 0.0003052 0.0003561 0.0003052 0.0001017 0.0001017 0.0000000 0.0002544 0.0001017 0.0002035 0.0002035 0.0003561 0.0000509 0.0000509 0.0008652 0.0002544 0.0002544 0.0002035 0.0000509 0.0000509 0.0004579 0.0000010 0.0003052 0.0004070 0.0003561 0.0000509 0.0001017 0.0002035 0.0005597 0.0003052 0.0003561 0.0005088 0.0002544 0.0001017 0.0003561 0.0006615 0.0008142 0.0009670 0.0007124 0.0007124 0.0003052 0.0002035 0.0003561 0.0003561 0.0001017 0.0001526 0.0002544 0.0002544 0.0009174 0.0005088 0.0007644 0.0007124 0.0006615 0.0006106 0.0004579 0.0008652 0.0006615 0.0007124 0.0004579 0.0012241 0.0012241 0.0010196 0.0011729 0.0011217 0.0012239 0.0372356 0.0376502 0.0352034 0.0328673 
EBOV_H.sap-wt_SLE_14_Makona-Kenema-G5059_1_KR105296        1.8160557 1.8257435 1.8196509 1.9390810 1.9392509 1.3374895 1.2953174 0.0325352 0.0324791 0.0328197 0.0329425 0.0028636 0.0022986 0.0018886 0.0020425 0.0020424 0.0008156 0.0004579 0.0004070 0.0011213 0.0010192 0.0006106 0.0008142 0.0005597 0.0005597 0.0005597 0.0006106 0.0005597 0.0003561 0.0003561 0.0002544 0.0000000 0.0001526 0.0002544 0.0002544 0.0004070 0.0003052 0.0003052 0.0011212 0.0005088 0.0005088 0.0004579 0.0003052 0.0003052 0.0007124 0.0002544 0.0005597 0.0006615 0.0006106 0.0003052 0.0003561 0.0004579 0.0008142 0.0005597 0.0006106 0.0007633 0.0005088 0.0003561 0.0006106 0.0009161 0.0010689 0.0012231 0.0009670 0.0009670 0.0005597 0.0004579 0.0006106 0.0006106 0.0003561 0.0004070 0.0005088 0.0005088 0.0011731 0.0007633 0.0010199 0.0009688 0.0009178 0.0008667 0.0007124 0.0011216 0.0009174 0.0009688 0.0007124 0.0014801 0.0014801 0.0012754 0.0014289 0.0013776 0.0014798 0.0375306 0.0379458 0.0354963 0.0331574 
EBOV_H.sap-wt_SLE_14_Makona-Kenema-G4702_1_KR105265        1.8164789 1.8261723 1.8200764 1.9382851 1.9384552 1.3371111 1.2951274 0.0323646 0.0323086 0.0326489 0.0327717 0.0027094 0.0021447 0.0017350 0.0018887 0.0018887 0.0006615 0.0003052 0.0002544 0.0009681 0.0008652 0.0004579 0.0006615 0.0004070 0.0004070 0.0004070 0.0004579 0.0004070 0.0002035 0.0002035 0.0001017 0.0001526 0.0000000 0.0001017 0.0001017 0.0002544 0.0001526 0.0001526 0.0009670 0.0003561 0.0003561 0.0003052 0.0001526 0.0001526 0.0005597 0.0001017 0.0004070 0.0005088 0.0004579 0.0001526 0.0002035 0.0003052 0.0006615 0.0004070 0.0004579 0.0006106 0.0003561 0.0002035 0.0004579 0.0007633 0.0009161 0.0010699 0.0008142 0.0008142 0.0004070 0.0003052 0.0004579 0.0004579 0.0002035 0.0002544 0.0003561 0.0003561 0.0010198 0.0006106 0.0008666 0.0008156 0.0007646 0.0007136 0.0005597 0.0009684 0.0007633 0.0008156 0.0005597 0.0013266 0.0013266 0.0011220 0.0012754 0.0012241 0.0013263 0.0373575 0.0377724 0.0353242 0.0329868 
EBOV_H.sap-wt_SLE_14_Makona-Kenema-G4350_1_KR105242        1.8175511 1.8272531 1.8211526 1.9368468 1.9370170 1.3376286 1.2956179 0.0324770 0.0324210 0.0327615 0.0328843 0.0028121 0.0022472 0.0018373 0.0019911 0.0019911 0.0007645 0.0004070 0.0003561 0.0010702 0.0009681 0.0005597 0.0007633 0.0005088 0.0005088 0.0005088 0.0005597 0.0005088 0.0003052 0.0003052 0.0002035 0.0002544 0.0001017 0.0000000 0.0000010 0.0001526 0.0002544 0.0002544 0.0010700 0.0004579 0.0004579 0.0004070 0.0002544 0.0002544 0.0006615 0.0002035 0.0005088 0.0006106 0.0005597 0.0002544 0.0003052 0.0004070 0.0007633 0.0005088 0.0005597 0.0007124 0.0004579 0.0003052 0.0005597 0.0008652 0.0010179 0.0011720 0.0009161 0.0009161 0.0005088 0.0004070 0.0005597 0.0005597 0.0003052 0.0003561 0.0004579 0.0004579 0.0011219 0.0007124 0.0009687 0.0009177 0.0008667 0.0008156 0.0006615 0.0010705 0.0008663 0.0009177 0.0006615 0.0014289 0.0014289 0.0012242 0.0013777 0.0013264 0.0014286 0.0374714 0.0378865 0.0354375 0.0330992 
EBOV_H.sap-wt_SLE_14_Makona-Kenema-G4971_1_KR105284        1.8175511 1.8272531 1.8211526 1.9368468 1.9370170 1.3376286 1.2956179 0.0324770 0.0324210 0.0327615 0.0328843 0.0028121 0.0022472 0.0018373 0.0019911 0.0019911 0.0007645 0.0004070 0.0003561 0.0010702 0.0009681 0.0005597 0.0007633 0.0005088 0.0005088 0.0005088 0.0005597 0.0005088 0.0003052 0.0003052 0.0002035 0.0002544 0.0001017 0.0000010 0.0000000 0.0001526 0.0002544 0.0002544 0.0010700 0.0004579 0.0004579 0.0004070 0.0002544 0.0002544 0.0006615 0.0002035 0.0005088 0.0006106 0.0005597 0.0002544 0.0003052 0.0004070 0.0007633 0.0005088 0.0005597 0.0007124 0.0004579 0.0003052 0.0005597 0.0008652 0.0010179 0.0011720 0.0009161 0.0009161 0.0005088 0.0004070 0.0005597 0.0005597 0.0003052 0.0003561 0.0004579 0.0004579 0.0011219 0.0007124 0.0009687 0.0009177 0.0008667 0.0008156 0.0006615 0.0010705 0.0008663 0.0009177 0.0006615 0.0014289 0.0014289 0.0012242 0.0013777 0.0013264 0.0014286 0.0374714 0.0378865 0.0354375 0.0330992 
EBOV_H.sap-wt_SLE_14_Makona-Kenema-G4856_1_KR105273        1.8171203 1.8268205 1.8207208 1.9368452 1.9370154 1.3374791 1.2958396 0.0326438 0.0325878 0.0329284 0.0330513 0.0029660 0.0024009 0.0019908 0.0021447 0.0021446 0.0009176 0.0005597 0.0005088 0.0012233 0.0011212 0.0007124 0.0009161 0.0006615 0.0006615 0.0006615 0.0007124 0.0006615 0.0004579 0.0004579 0.0003561 0.0004070 0.0002544 0.0001526 0.0001526 0.0000000 0.0004070 0.0004070 0.0012231 0.0006106 0.0006106 0.0005597 0.0004070 0.0004070 0.0008142 0.0003561 0.0006615 0.0007633 0.0007124 0.0004070 0.0004579 0.0005597 0.0009161 0.0006615 0.0007124 0.0008652 0.0006106 0.0004579 0.0007124 0.0010179 0.0011718 0.0013251 0.0010689 0.0010689 0.0006615 0.0005597 0.0007124 0.0007124 0.0004579 0.0005088 0.0006106 0.0006106 0.0012751 0.0008662 0.0011219 0.0010709 0.0010198 0.0009688 0.0008152 0.0012236 0.0010193 0.0010709 0.0008142 0.0015823 0.0015823 0.0013775 0.0015310 0.0014797 0.0015820 0.0376403 0.0380556 0.0356055 0.0332661 
EBOV_H.sap-wt_SLE_14_Makona-Bonthe-G5723_1_KR105319        1.8150569 1.8247370 1.8186485 1.9380800 1.9382500 1.3363641 1.2940522 0.0323009 0.0322449 0.0325851 0.0327078 0.0026575 0.0020930 0.0016834 0.0018371 0.0018371 0.0006106 0.0002544 0.0002035 0.0009161 0.0008142 0.0004070 0.0006106 0.0003561 0.0003561 0.0003561 0.0004070 0.0003561 0.0001526 0.0001526 0.0000509 0.0003052 0.0001526 0.0002544 0.0002544 0.0004070 0.0000000 0.0000010 0.0008142 0.0002035 0.0002035 0.0001526 0.0001017 0.0001017 0.0005088 0.0000509 0.0003561 0.0004579 0.0004070 0.0001017 0.0001526 0.0002544 0.0006106 0.0003561 0.0004070 0.0005597 0.0003052 0.0001526 0.0004070 0.0007124 0.0008652 0.0010179 0.0007633 0.0007633 0.0003561 0.0002544 0.0004070 0.0004070 0.0001526 0.0002035 0.0003052 0.0003052 0.0009685 0.0005597 0.0008154 0.0007644 0.0007124 0.0006615 0.0005088 0.0009171 0.0007124 0.0007644 0.0005088 0.0012752 0.0012752 0.0010707 0.0012240 0.0011728 0.0012749 0.0372918 0.0377066 0.0352594 0.0329229 
EBOV_H.sap-wt_SLE_14_Makona-J0042_KP759711                 1.8150569 1.8247370 1.8186485 1.9380800 1.9382500 1.3363641 1.2940522 0.0323009 0.0322449 0.0325851 0.0327078 0.0026575 0.0020930 0.0016834 0.0018371 0.0018371 0.0006106 0.0002544 0.0002035 0.0009161 0.0008142 0.0004070 0.0006106 0.0003561 0.0003561 0.0003561 0.0004070 0.0003561 0.0001526 0.0001526 0.0000509 0.0003052 0.0001526 0.0002544 0.0002544 0.0004070 0.0000010 0.0000000 0.0008142 0.0002035 0.0002035 0.0001526 0.0001017 0.0001017 0.0005088 0.0000509 0.0003561 0.0004579 0.0004070 0.0001017 0.0001526 0.0002544 0.0006106 0.0003561 0.0004070 0.0005597 0.0003052 0.0001526 0.0004070 0.0007124 0.0008652 0.0010179 0.0007633 0.0007633 0.0003561 0.0002544 0.0004070 0.0004070 0.0001526 0.0002035 0.0003052 0.0003052 0.0009685 0.0005597 0.0008154 0.0007644 0.0007124 0.0006615 0.0005088 0.0009171 0.0007124 0.0007644 0.0005088 0.0012752 0.0012752 0.0010707 0.0012240 0.0011728 0.0012749 0.0372918 0.0377066 0.0352594 0.0329229 
EBOV_H.sap-wt_SLE_14_Makona-J0150_KP759696                 1.8152563 1.8249398 1.8189892 1.9382010 1.9383711 1.3376870 1.2949880 0.0330877 0.0330316 0.0333727 0.0334958 0.0034794 0.0029134 0.0025027 0.0026569 0.0026568 0.0014282 0.0010703 0.0010179 0.0017341 0.0016318 0.0012230 0.0014272 0.0011719 0.0011719 0.0011718 0.0012230 0.0011721 0.0009670 0.0009670 0.0008652 0.0011212 0.0009670 0.0010700 0.0010700 0.0012231 0.0008142 0.0008142 0.0000000 0.0010179 0.0010179 0.0009670 0.0009161 0.0009161 0.0013249 0.0008652 0.0011722 0.0012742 0.0012230 0.0009161 0.0009670 0.0010689 0.0014274 0.0011718 0.0012230 0.0013760 0.0011211 0.0009670 0.0012232 0.0015293 0.0016823 0.0018359 0.0015801 0.0015802 0.0011718 0.0010689 0.0012228 0.0012228 0.0009670 0.0010179 0.0011209 0.0011213 0.0017862 0.0013766 0.0016328 0.0015817 0.0015306 0.0014795 0.0013255 0.0017345 0.0015299 0.0015817 0.0013255 0.0020939 0.0020939 0.0018888 0.0020426 0.0019911 0.0020935 0.0380892 0.0385051 0.0360523 0.0337100 
EBOV_H.sap-wt_SLE_14_Makona-J0171_KP759707                 1.8145561 1.8242312 1.8181455 1.9391665 1.9393365 1.3372742 1.2936125 0.0325237 0.0324677 0.0328081 0.0329309 0.0028626 0.0022978 0.0018880 0.0020418 0.0020417 0.0008153 0.0004579 0.0004070 0.0011209 0.0010179 0.0006106 0.0008142 0.0005597 0.0005597 0.0005597 0.0006106 0.0005597 0.0003561 0.0003561 0.0002544 0.0005088 0.0003561 0.0004579 0.0004579 0.0006106 0.0002035 0.0002035 0.0010179 0.0000000 0.0000010 0.0003561 0.0003052 0.0003052 0.0007124 0.0002544 0.0005597 0.0006615 0.0006106 0.0003052 0.0003561 0.0004579 0.0008142 0.0005597 0.0006106 0.0007633 0.0005088 0.0003561 0.0006106 0.0009161 0.0010689 0.0012227 0.0009670 0.0009670 0.0005597 0.0004579 0.0006106 0.0006106 0.0003561 0.0004070 0.0005088 0.0005088 0.0011727 0.0007633 0.0010195 0.0009685 0.0009175 0.0008664 0.0007124 0.0011212 0.0009161 0.0009685 0.0007124 0.0014796 0.0014796 0.0012750 0.0014284 0.0013771 0.0014793 0.0375174 0.0379324 0.0354837 0.0331458 
