96
RESTV_M.fas-tc_USA_89_Philippines89-Pennsylvania_NC_004161 0.0000000 0.0237382 0.0320447 1.8032310 1.8027029 1.9854360 2.0701186 1.8651498 1.8660998 1.8667666 1.8617318 1.8942708 1.8983993 1.8947550 1.8942471 1.8947056 1.8953812 1.8929251 1.8926240 1.8927076 1.8922168 1.8907942 1.8927863 1.8924636 1.8924636 1.8938210 1.8949883 1.8945481 1.8929251 1.8926530 1.8937930 1.8922476 1.8935515 1.8935515 1.8938968 1.8938968 1.8926126 1.8920318 1.8925333 1.8896858 1.8896858 1.8917313 1.8925799 1.8925681 1.8920214 1.8943455 1.8946127 1.8957933 1.8943455 1.8946178 1.8943507 1.8935828 1.8935828 1.8919655 1.8921887 1.8922177 1.8927863 1.8927863 1.8930951 1.8925799 1.8931346 1.8931103 1.8942503 1.8941435 1.8935854 1.8942149 1.8933228 1.8903376 1.8951604 1.8922798 1.8923675 1.8927126 1.8927126 1.8919114 1.8916365 1.8945348 1.8922120 1.8920872 1.8920872 1.8931922 1.8938930 1.8920872 1.8914948 1.8927332 1.8925206 1.8928938 1.8925996 1.8923422 1.8927457 1.8905069 1.8926049 1.8924214 1.8717376 1.8726796 1.8601999 1.8802834 
RESTV_S.dom-tc_PHL_08_Reston08-A_FJ621583                  0.0237382 0.0000000 0.0490395 1.8213442 1.8208682 2.0070406 2.0994144 1.8757520 1.8767070 1.8773160 1.8730136 1.9109959 1.9135503 1.9117211 1.9112067 1.9114954 1.9127262 1.9100592 1.9097571 1.9094642 1.9093427 1.9079106 1.9105429 1.9095913 1.9095913 1.9109650 1.9121422 1.9116940 1.9100592 1.9097867 1.9109356 1.9093792 1.9106931 1.9106931 1.9110395 1.9110395 1.9097451 1.9091554 1.9096579 1.9067920 1.9067920 1.9088551 1.9097129 1.9097015 1.9085343 1.9114962 1.9117633 1.9129609 1.9114962 1.9117688 1.9115017 1.9107249 1.9107249 1.9089737 1.9093188 1.9093483 1.9103280 1.9103280 1.9102284 1.9097129 1.9102752 1.9101333 1.9112823 1.9111689 1.9106106 1.9112425 1.9103472 1.9080772 1.9123132 1.9094107 1.9094991 1.9098454 1.9098454 1.9090442 1.9087606 1.9119285 1.9100931 1.9093975 1.9093975 1.9101057 1.9108163 1.9092133 1.9086131 1.9098614 1.9096542 1.9100274 1.9095476 1.9092898 1.9096933 1.9075465 1.9095573 1.9093730 1.8884786 1.8894419 1.8776325 1.8965136 
RESTV_S.dom-xx_PHL_08_Reston08-C_FJ621584                  0.0320447 0.0490395 0.0000000 1.7918241 1.7913015 1.9965290 2.0641888 1.8478066 1.8487465 1.8495266 1.8444898 1.8828286 1.8859819 1.8831308 1.8826280 1.8836916 1.8841268 1.8813147 1.8810148 1.8816221 1.8811362 1.8797223 1.8823124 1.8813814 1.8813814 1.8827261 1.8833613 1.8829272 1.8813147 1.8810434 1.8821755 1.8806401 1.8819352 1.8819352 1.8822791 1.8822791 1.8810039 1.8804300 1.8809300 1.8780994 1.8780994 1.8801298 1.8809709 1.8809588 1.8804142 1.8827218 1.8829885 1.8841558 1.8827218 1.8829933 1.8827267 1.8819661 1.8819661 1.8803632 1.8805823 1.8806109 1.8815493 1.8815493 1.8814850 1.8809709 1.8815195 1.8814962 1.8824051 1.8825262 1.8819691 1.8825961 1.8817075 1.8794459 1.8835339 1.8806727 1.8807597 1.8811035 1.8811035 1.8803037 1.8800349 1.8835595 1.8806042 1.8806661 1.8806661 1.8815788 1.8822720 1.8804836 1.8798973 1.8811271 1.8809113 1.8812838 1.8809910 1.8807342 1.8811372 1.8790360 1.8809933 1.8808107 1.8598370 1.8601536 1.8487664 1.8626970 
SUDV_H.sap-xx_UGA_12_EboSud-603_KC545390                   1.8032310 1.8213442 1.7918241 0.0000000 0.0001537 2.1077633 2.0695747 1.8511831 1.8521256 1.8515358 1.8529385 1.8923185 1.8931180 1.8922558 1.8923757 1.8947337 1.8924573 1.8915150 1.8915879 1.8908445 1.8905517 1.8897144 1.8893404 1.8925194 1.8925194 1.8924933 1.8921665 1.8913216 1.8915150 1.8918597 1.8937098 1.8930006 1.8919570 1.8919570 1.8923018 1.8923018 1.8906058 1.8897262 1.8894937 1.8904893 1.8904893 1.8899496 1.8911702 1.8929045 1.8915099 1.8910206 1.8912874 1.8896361 1.8910206 1.8912924 1.8910257 1.8902009 1.8902009 1.8911733 1.8907037 1.8903593 1.8916575 1.8922739 1.8916849 1.8911702 1.8903432 1.8914901 1.8919204 1.8911919 1.8906677 1.8908893 1.8910550 1.8912118 1.8933992 1.8894200 1.8911413 1.8914860 1.8914860 1.8911959 1.8904518 1.8915567 1.8897042 1.8901361 1.8901361 1.8915231 1.8911242 1.8895392 1.8887847 1.8910055 1.8892157 1.8910770 1.8919307 1.8916736 1.8915861 1.8908308 1.8917316 1.8913248 1.8674435 1.8693984 1.8582762 1.8588452 
SUDV_H.sap-xx_UGA_12_EboSud-609_KC545391                   1.8027029 1.8208682 1.7913015 0.0001537 0.0000000 2.1062883 2.0702199 1.8522576 1.8532009 1.8526109 1.8540143 1.8934249 1.8942249 1.8933615 1.8934820 1.8958414 1.8935642 1.8926206 1.8926936 1.8919496 1.8916564 1.8908185 1.8904446 1.8936257 1.8936257 1.8935996 1.8932724 1.8924268 1.8926206 1.8929655 1.8948173 1.8941075 1.8930631 1.8930631 1.8934081 1.8934081 1.8917110 1.8908307 1.8905982 1.8915942 1.8915942 1.8910542 1.8922758 1.8940116 1.8926155 1.8921261 1.8923929 1.8907403 1.8921261 1.8923979 1.8921311 1.8913057 1.8913057 1.8922784 1.8918082 1.8914636 1.8927631 1.8933798 1.8927905 1.8922758 1.8914481 1.8925952 1.8930261 1.8922969 1.8917726 1.8919944 1.8921600 1.8923176 1.8945063 1.8905240 1.8922468 1.8925916 1.8925916 1.8923013 1.8915567 1.8926624 1.8908084 1.8912409 1.8912409 1.8926296 1.8922302 1.8906437 1.8898885 1.8921113 1.8903197 1.8921825 1.8930364 1.8927792 1.8926916 1.8919356 1.8928374 1.8924304 1.8685290 1.8704859 1.8593546 1.8599239 
TAFV_H.sap-tc_CIV_94_Pauleoula-CI_NC_014372                1.9854360 2.0070406 1.9965290 2.1077633 2.1062883 0.0000000 0.7835474 1.2988817 1.2982567 1.2984123 1.3004901 1.3197538 1.3215146 1.3220317 1.3187843 1.3205150 1.3183859 1.3175554 1.3176706 1.3177873 1.3171798 1.3172079 1.3175337 1.3182380 1.3182380 1.3181025 1.3200687 1.3188524 1.3175554 1.3175458 1.3173494 1.3178399 1.3173157 1.3173157 1.3170937 1.3170937 1.3187389 1.3186353 1.3182462 1.3187896 1.3187896 1.3181973 1.3177776 1.3188207 1.3170513 1.3188605 1.3190872 1.3187434 1.3188605 1.3190827 1.3188559 1.3184144 1.3184144 1.3175541 1.3170015 1.3172237 1.3178853 1.3178853 1.3175111 1.3177776 1.3181182 1.3181766 1.3177818 1.3176671 1.3169675 1.3168710 1.3173024 1.3182462 1.3177956 1.3193896 1.3176263 1.3178928 1.3178928 1.3162318 1.3173472 1.3188235 1.3187742 1.3189116 1.3189116 1.3192359 1.3196222 1.3187569 1.3184417 1.3197097 1.3194747 1.3184827 1.3192301 1.3194570 1.3193816 1.3196118 1.3194807 1.3193591 1.3118414 1.3119210 1.3137902 1.3099311 
BDBV_H.sap-xx_COD_12_EboBund-122_KC545395                  2.0701186 2.0994144 2.0641888 2.0695747 2.0702199 0.7835474 0.0000000 1.3295219 1.3288874 1.3303682 1.3321941 1.3543800 1.3558190 1.3558397 1.3532747 1.3541440 1.3543967 1.3551441 1.3551897 1.3540293 1.3543393 1.3549407 1.3549385 1.3550719 1.3550719 1.3559134 1.3568857 1.3558454 1.3551441 1.3551335 1.3551762 1.3558535 1.3548930 1.3548930 1.3551618 1.3551618 1.3564784 1.3556037 1.3555326 1.3572279 1.3572279 1.3559228 1.3553675 1.3564362 1.3555197 1.3564778 1.3567055 1.3573302 1.3564778 1.3567013 1.3569138 1.3560188 1.3560188 1.3563428 1.3546439 1.3546546 1.3550684 1.3555607 1.3550986 1.3553675 1.3561088 1.3566723 1.3567942 1.3556120 1.3556970 1.3561845 1.3558603 1.3557062 1.3553687 1.3553310 1.3552143 1.3554832 1.3554832 1.3545514 1.3546036 1.3535697 1.3565665 1.3537995 1.3537995 1.3538967 1.3542935 1.3540646 1.3543856 1.3553759 1.3549725 1.3538429 1.3542207 1.3543272 1.3547073 1.3532275 1.3534038 1.3534038 1.3482317 1.3487540 1.3454018 1.3488661 
EBOV_H.sap-tc_COD_07_1Luebo_KC242786                       1.8651498 1.8757520 1.8478066 1.8511831 1.8522576 1.2988817 1.3295219 0.0000000 0.0000515 0.0004117 0.0006177 0.0325102 0.0323013 0.0315590 0.0317178 0.0321221 0.0319482 0.0316087 0.0316091 0.0322878 0.0322295 0.0322342 0.0322352 0.0322327 0.0322327 0.0319522 0.0322376 0.0321217 0.0316087 0.0316651 0.0321219 0.0318922 0.0317777 0.0317777 0.0318341 0.0318341 0.0317798 0.0317783 0.0318913 0.0318416 0.0318416 0.0316662 0.0316647 0.0318342 0.0321706 0.0317813 0.0318376 0.0320671 0.0317813 0.0318373 0.0318931 0.0317245 0.0317245 0.0319477 0.0321719 0.0321155 0.0321739 0.0322864 0.0318330 0.0316647 0.0317772 0.0324590 0.0323999 0.0323388 0.0321705 0.0322270 0.0320617 0.0321712 0.0321790 0.0320649 0.0317210 0.0317774 0.0317774 0.0321199 0.0317789 0.0321188 0.0319578 0.0321099 0.0321099 0.0322353 0.0324052 0.0318854 0.0320550 0.0321100 0.0319433 0.0314359 0.0310978 0.0311007 0.0311536 0.0314354 0.0312127 0.0313245 0.0244138 0.0253576 0.0236268 0.0203982 
EBOV_H.sap-tc_COD_07_M-M_HQ613403                          1.8660998 1.8767070 1.8487465 1.8521256 1.8532009 1.2982567 1.3288874 0.0000515 0.0000000 0.0004632 0.0006692 0.0325702 0.0323613 0.0316187 0.0317776 0.0321820 0.0320081 0.0316685 0.0316689 0.0323477 0.0322894 0.0322941 0.0322951 0.0322926 0.0322926 0.0320120 0.0322975 0.0321816 0.0316685 0.0317248 0.0321818 0.0319521 0.0318375 0.0318375 0.0318939 0.0318939 0.0318396 0.0318381 0.0319512 0.0319014 0.0319014 0.0317260 0.0317244 0.0318940 0.0322305 0.0318411 0.0318974 0.0321269 0.0318411 0.0318971 0.0319529 0.0317843 0.0317843 0.0320076 0.0322318 0.0321753 0.0322338 0.0323463 0.0318928 0.0317244 0.0318370 0.0325190 0.0324598 0.0323987 0.0322303 0.0322869 0.0321215 0.0322310 0.0322389 0.0321248 0.0317808 0.0318372 0.0318372 0.0321798 0.0318387 0.0321787 0.0320176 0.0321697 0.0321697 0.0322953 0.0324652 0.0319452 0.0321149 0.0321698 0.0320031 0.0314955 0.0311574 0.0311603 0.0312132 0.0314951 0.0312723 0.0313842 0.0244716 0.0254157 0.0236843 0.0204549 
EBOV_H.sap-tc_COD_07_5Luebo_KC242790                       1.8667666 1.8773160 1.8495266 1.8515358 1.8526109 1.2984123 1.3303682 0.0004117 0.0004632 0.0000000 0.0010308 0.0329610 0.0327522 0.0320089 0.0321678 0.0325726 0.0323985 0.0320586 0.0320590 0.0327385 0.0326801 0.0326849 0.0326858 0.0326833 0.0326833 0.0324025 0.0326883 0.0325723 0.0320586 0.0321150 0.0325724 0.0323425 0.0322278 0.0322278 0.0322842 0.0322842 0.0322299 0.0322283 0.0323415 0.0322918 0.0322918 0.0321162 0.0321146 0.0322843 0.0326210 0.0322314 0.0322878 0.0325175 0.0322314 0.0322875 0.0323433 0.0321746 0.0321746 0.0323980 0.0326224 0.0325659 0.0326244 0.0327370 0.0322831 0.0321146 0.0322273 0.0329099 0.0328506 0.0327894 0.0326209 0.0326775 0.0325121 0.0326216 0.0326296 0.0325154 0.0321710 0.0322275 0.0322275 0.0325704 0.0322290 0.0325693 0.0324082 0.0325602 0.0325602 0.0326860 0.0328561 0.0323355 0.0325053 0.0325603 0.0323935 0.0318855 0.0315470 0.0315500 0.0316029 0.0318850 0.0316620 0.0317741 0.0248547 0.0257997 0.0240665 0.0208344 
EBOV_H.sap-tc_COD_08_034-KS_HQ613402                       1.8617318 1.8730136 1.8444898 1.8529385 1.8540143 1.3004901 1.3321941 0.0006177 0.0006692 0.0010308 0.0000000 0.0329823 0.0327733 0.0320295 0.0321885 0.0325936 0.0324194 0.0320792 0.0320797 0.0327595 0.0327011 0.0327059 0.0327069 0.0327043 0.0327043 0.0324234 0.0327093 0.0325932 0.0320792 0.0321357 0.0325934 0.0323633 0.0322485 0.0322485 0.0323050 0.0323050 0.0322507 0.0322491 0.0323624 0.0323126 0.0323126 0.0321369 0.0321353 0.0323051 0.0326420 0.0322522 0.0323086 0.0325385 0.0322522 0.0323082 0.0323641 0.0321953 0.0321953 0.0324188 0.0326434 0.0325869 0.0326454 0.0327581 0.0323039 0.0321353 0.0322480 0.0329310 0.0328718 0.0328105 0.0326419 0.0326986 0.0325330 0.0326426 0.0326506 0.0325363 0.0321917 0.0322482 0.0322482 0.0325914 0.0322497 0.0325903 0.0324290 0.0325812 0.0325812 0.0327070 0.0328772 0.0323563 0.0325262 0.0325813 0.0324143 0.0319060 0.0315673 0.0315703 0.0316233 0.0319055 0.0316824 0.0317945 0.0249810 0.0259269 0.0241328 0.0209571 
EBOV_H.sap-wt_GIN_14_Makona-Gueckedou-EM_080076_KR817235   1.8942708 1.9109959 1.8828286 1.8923185 1.8934249 1.3197538 1.3543800 0.0325102 0.0325702 0.0329610 0.0329823 0.0000000 0.0016515 0.0019093 0.0020643 0.0024275 0.0022717 0.0019610 0.0020645 0.0026863 0.0025307 0.0026347 0.0026348 0.0025309 0.0025309 0.0022720 0.0027386 0.0024274 0.0019610 0.0020128 0.0025311 0.0022200 0.0021163 0.0021163 0.0021681 0.0021681 0.0022199 0.0022198 0.0024270 0.0023237 0.0023237 0.0021163 0.0020128 0.0021681 0.0024787 0.0021165 0.0021683 0.0023757 0.0021165 0.0021683 0.0022200 0.0020647 0.0020647 0.0022717 0.0024788 0.0024270 0.0024789 0.0025826 0.0021680 0.0020128 0.0021163 0.0027384 0.0026863 0.0026861 0.0025307 0.0025825 0.0023754 0.0024787 0.0026343 0.0023756 0.0020645 0.0021163 0.0021163 0.0024790 0.0021164 0.0024272 0.0024789 0.0024266 0.0024266 0.0027901 0.0029458 0.0022195 0.0023749 0.0024785 0.0024785 0.0018056 0.0014954 0.0015471 0.0015471 0.0018056 0.0019091 0.0020125 0.0374238 0.0382910 0.0367391 0.0335008 
EBOV_H.sap-wt_GIN_14_Makona-Gueckedou-EM_079702_KR817210   1.8983993 1.9135503 1.8859819 1.8931180 1.8942249 1.3215146 1.3558190 0.0323013 0.0323613 0.0327522 0.0327733 0.0016515 0.0000000 0.0015998 0.0017549 0.0021179 0.0019622 0.0016516 0.0017551 0.0023766 0.0022211 0.0023250 0.0023251 0.0022213 0.0022213 0.0019624 0.0024289 0.0021178 0.0016516 0.0017033 0.0022214 0.0019104 0.0018068 0.0018068 0.0018586 0.0018586 0.0019104 0.0019103 0.0021174 0.0020141 0.0020141 0.0018068 0.0017033 0.0018586 0.0021691 0.0018070 0.0018588 0.0020661 0.0018070 0.0018587 0.0019105 0.0017552 0.0017552 0.0019621 0.0021692 0.0021174 0.0021693 0.0022729 0.0018585 0.0017033 0.0018068 0.0024286 0.0023766 0.0023765 0.0022211 0.0022729 0.0020658 0.0021692 0.0023246 0.0020660 0.0017550 0.0018068 0.0018068 0.0021693 0.0018069 0.0021176 0.0021693 0.0021171 0.0021171 0.0024804 0.0026360 0.0019100 0.0020654 0.0021690 0.0021689 0.0014963 0.0011862 0.0012378 0.0012378 0.0014962 0.0015997 0.0017031 0.0373928 0.0382605 0.0367068 0.0335173 
EBOV_H.sap-wt_GIN_14_Makona-Gueckedou-EM_079587_KR817202   1.8947550 1.9117211 1.8831308 1.8922558 1.8933615 1.3220317 1.3558397 0.0315590 0.0316187 0.0320089 0.0320295 0.0019093 0.0015998 0.0000000 0.0011857 0.0015478 0.0013925 0.0010826 0.0011858 0.0018061 0.0016509 0.0017546 0.0017546 0.0016511 0.0016511 0.0013927 0.0018582 0.0015478 0.0010826 0.0011342 0.0016512 0.0013409 0.0012375 0.0012375 0.0012891 0.0012891 0.0013408 0.0013408 0.0015475 0.0014443 0.0014443 0.0012375 0.0011342 0.0012891 0.0015991 0.0012376 0.0012893 0.0014961 0.0012376 0.0012893 0.0013409 0.0011859 0.0011859 0.0013925 0.0015992 0.0015475 0.0015993 0.0017027 0.0012891 0.0011342 0.0012375 0.0018580 0.0018061 0.0018060 0.0016509 0.0017026 0.0014959 0.0015991 0.0017543 0.0014961 0.0011858 0.0012375 0.0012375 0.0015993 0.0012375 0.0015476 0.0015992 0.0015472 0.0015472 0.0019097 0.0020650 0.0013406 0.0014956 0.0015990 0.0015990 0.0009267 0.0006177 0.0006692 0.0006177 0.0008752 0.0010308 0.0011341 0.0367974 0.0376631 0.0361137 0.0328270 
EBOV_H.sap-wt_GIN_14_Makona-Gueckedou-EM_079750_KR817213   1.8942471 1.9112067 1.8826280 1.8923757 1.8934820 1.3187843 1.3532747 0.0317178 0.0317776 0.0321678 0.0321885 0.0020643 0.0017549 0.0011857 0.0000000 0.0005662 0.0014439 0.0011340 0.0012373 0.0018576 0.0017024 0.0018060 0.0018061 0.0017025 0.0017025 0.0014441 0.0019096 0.0015992 0.0011340 0.0011856 0.0017026 0.0013923 0.0012889 0.0012889 0.0013406 0.0013406 0.0013923 0.0013922 0.0015989 0.0014958 0.0014958 0.0012889 0.0011856 0.0013406 0.0016505 0.0012890 0.0013407 0.0015476 0.0012890 0.0013407 0.0013923 0.0012374 0.0012374 0.0014439 0.0016506 0.0015989 0.0016507 0.0017541 0.0013405 0.0011856 0.0012889 0.0019094 0.0018576 0.0018574 0.0017024 0.0017541 0.0015473 0.0016506 0.0018057 0.0015475 0.0012373 0.0012889 0.0012889 0.0016507 0.0012889 0.0015991 0.0016506 0.0015986 0.0015986 0.0019611 0.0021164 0.0013920 0.0015470 0.0016504 0.0016504 0.0009782 0.0006692 0.0007207 0.0007207 0.0009782 0.0010823 0.0011855 0.0368476 0.0377133 0.0361640 0.0329308 
EBOV_H.sap-wt_GIN_14_Makona-Gueckedou-EM_079910_KR817221   1.8947056 1.9114954 1.8836916 1.8947337 1.8958414 1.3205150 1.3541440 0.0321221 0.0321820 0.0325726 0.0325936 0.0024275 0.0021179 0.0015478 0.0005662 0.0000000 0.0018064 0.0014960 0.0015994 0.0022205 0.0020651 0.0021690 0.0021690 0.0020653 0.0020653 0.0018066 0.0022727 0.0019619 0.0014960 0.0015477 0.0020654 0.0017546 0.0016511 0.0016511 0.0017028 0.0017028 0.0017546 0.0017546 0.0019615 0.0018583 0.0018583 0.0016511 0.0015477 0.0017028 0.0020132 0.0016513 0.0017030 0.0019102 0.0016513 0.0017030 0.0017547 0.0015996 0.0015996 0.0018063 0.0020133 0.0019615 0.0020134 0.0021169 0.0017028 0.0015477 0.0016511 0.0022725 0.0022205 0.0022204 0.0020651 0.0021169 0.0019099 0.0020132 0.0021167 0.0019101 0.0015994 0.0016511 0.0016511 0.0020134 0.0016512 0.0019617 0.0020133 0.0019612 0.0019612 0.0023242 0.0024797 0.0017543 0.0019095 0.0020130 0.0020130 0.0013408 0.0010310 0.0010826 0.0010826 0.0013408 0.0014442 0.0015475 0.0372588 0.0381258 0.0365743 0.0333370 
EBOV_H.sap-wt_LBR_14_Makona-LIBR0430_KR006955              1.8953812 1.9127262 1.8841268 1.8924573 1.8935642 1.3183859 1.3543967 0.0319482 0.0320081 0.0323985 0.0324194 0.0022717 0.0019622 0.0013925 0.0014439 0.0018064 0.0000000 0.0004117 0.0005147 0.0011341 0.0009792 0.0010826 0.0010826 0.0009793 0.0009793 0.0007207 0.0011860 0.0008752 0.0004117 0.0004632 0.0009794 0.0006692 0.0005662 0.0005662 0.0006177 0.0006177 0.0006692 0.0006692 0.0008752 0.0007722 0.0007722 0.0005662 0.0004632 0.0006177 0.0009267 0.0005662 0.0006177 0.0008237 0.0005662 0.0006177 0.0006692 0.0005147 0.0005147 0.0007207 0.0009267 0.0008752 0.0009267 0.0010309 0.0006177 0.0004632 0.0005662 0.0011859 0.0011341 0.0011341 0.0009792 0.0010309 0.0008237 0.0009267 0.0010824 0.0008237 0.0005147 0.0005662 0.0005662 0.0009267 0.0005662 0.0008752 0.0009267 0.0008752 0.0008752 0.0012374 0.0013924 0.0006692 0.0008237 0.0009267 0.0009267 0.0004632 0.0008752 0.0009267 0.0009267 0.0011856 0.0012889 0.0013922 0.0370821 0.0379485 0.0363980 0.0331623 
EBOV_H.sap-wt_SLE_14_Makona-G3734.1_KM233055               1.8929251 1.9100592 1.8813147 1.8915150 1.8926206 1.3175554 1.3551441 0.0316087 0.0316685 0.0320586 0.0320792 0.0019610 0.0016516 0.0010826 0.0011340 0.0014960 0.0004117 0.0000000 0.0001029 0.0007207 0.0005662 0.0006692 0.0006692 0.0005662 0.0005662 0.0003088 0.0007722 0.0004632 0.0000010 0.0000515 0.0005662 0.0002573 0.0001544 0.0001544 0.0002058 0.0002058 0.0002573 0.0002573 0.0004632 0.0003602 0.0003602 0.0001544 0.0000515 0.0002058 0.0005147 0.0001544 0.0002058 0.0004117 0.0001544 0.0002058 0.0002573 0.0001029 0.0001029 0.0003088 0.0005147 0.0004632 0.0005147 0.0006177 0.0002058 0.0000515 0.0001544 0.0007722 0.0007207 0.0007207 0.0005662 0.0006177 0.0004117 0.0005147 0.0006692 0.0004117 0.0001029 0.0001544 0.0001544 0.0005147 0.0001544 0.0005662 0.0006177 0.0005662 0.0005662 0.0009267 0.0010825 0.0003602 0.0005147 0.0006177 0.0006177 0.0001544 0.0005662 0.0006177 0.0006177 0.0008752 0.0009782 0.0010824 0.0367376 0.0376032 0.0360541 0.0328214 
EBOV_H.sap-wt_LBR_15_Makona-Liberia-DQE4_KR074998          1.8926240 1.9097571 1.8810148 1.8915879 1.8926936 1.3176706 1.3551897 0.0316091 0.0316689 0.0320590 0.0320797 0.0020645 0.0017551 0.0011858 0.0012373 0.0015994 0.0005147 0.0001029 0.0000000 0.0008237 0.0006692 0.0007722 0.0007722 0.0006692 0.0006692 0.0004117 0.0008752 0.0005662 0.0001029 0.0001544 0.0006692 0.0003602 0.0002573 0.0002573 0.0003088 0.0003088 0.0003602 0.0003602 0.0005662 0.0004632 0.0004632 0.0002573 0.0001544 0.0003088 0.0006177 0.0002573 0.0003088 0.0005147 0.0002573 0.0003088 0.0003602 0.0002058 0.0002058 0.0004117 0.0006177 0.0005662 0.0006177 0.0007207 0.0003088 0.0001544 0.0002573 0.0008752 0.0008237 0.0008237 0.0006692 0.0007207 0.0005147 0.0006177 0.0007722 0.0005147 0.0002058 0.0002573 0.0002573 0.0006177 0.0002573 0.0006692 0.0007207 0.0006692 0.0006692 0.0010309 0.0011858 0.0004632 0.0006177 0.0007207 0.0007207 0.0002573 0.0006692 0.0007207 0.0007207 0.0009782 0.0010824 0.0011856 0.0368519 0.0377177 0.0361682 0.0329346 
EBOV_H.sap-wt_GIN_14_Makona-Kankan-EM_078639_KR817166      1.8927076 1.9094642 1.8816221 1.8908445 1.8919496 1.3177873 1.3540293 0.0322878 0.0323477 0.0327385 0.0327595 0.0026863 0.0023766 0.0018061 0.0018576 0.0022205 0.0011341 0.0007207 0.0008237 0.0000000 0.0004632 0.0005662 0.0007722 0.0006692 0.0006692 0.0007207 0.0013924 0.0011857 0.0007207 0.0007722 0.0012889 0.0009782 0.0008752 0.0008752 0.0009267 0.0009267 0.0009782 0.0009782 0.0011855 0.0010824 0.0010824 0.0008752 0.0007722 0.0009267 0.0012370 0.0008752 0.0009267 0.0011341 0.0008752 0.0009267 0.0009782 0.0008237 0.0008237 0.0010297 0.0012371 0.0011855 0.0012372 0.0013404 0.0009267 0.0007722 0.0008752 0.0014956 0.0014438 0.0014437 0.0012888 0.0013404 0.0011339 0.0012371 0.0013920 0.0011340 0.0008237 0.0008752 0.0008752 0.0012372 0.0008752 0.0012891 0.0013407 0.0012888 0.0012888 0.0016509 0.0018061 0.0010823 0.0012372 0.0013405 0.0013405 0.0008752 0.0012889 0.0013406 0.0013406 0.0015990 0.0017024 0.0018058 0.0374265 0.0382938 0.0366283 0.0335032 
EBOV_H.sap-wt_GIN_14_Makona-Faranah-EM_078415_KR817160     1.8922168 1.9093427 1.8811362 1.8905517 1.8916564 1.3171798 1.3543393 0.0322295 0.0322894 0.0326801 0.0327011 0.0025307 0.0022211 0.0016509 0.0017024 0.0020651 0.0009792 0.0005662 0.0006692 0.0004632 0.0000000 0.0004117 0.0006177 0.0005147 0.0005147 0.0005662 0.0013406 0.0010308 0.0005662 0.0006177 0.0011340 0.0008237 0.0007207 0.0007207 0.0007722 0.0007722 0.0008237 0.0008237 0.0010297 0.0009267 0.0009267 0.0007207 0.0006177 0.0007722 0.0010812 0.0007207 0.0007722 0.0009792 0.0007207 0.0007722 0.0008237 0.0006692 0.0006692 0.0008752 0.0010812 0.0010297 0.0010823 0.0011855 0.0007722 0.0006177 0.0007207 0.0013405 0.0012888 0.0012887 0.0011338 0.0011855 0.0009782 0.0010812 0.0012370 0.0009782 0.0006692 0.0007207 0.0007207 0.0010823 0.0007207 0.0011342 0.0011857 0.0011339 0.0011339 0.0014958 0.0016509 0.0009267 0.0010823 0.0011855 0.0011855 0.0007207 0.0011340 0.0011856 0.0011856 0.0014439 0.0015473 0.0016506 0.0373671 0.0382342 0.0365691 0.0334447 
EBOV_H.sap-wt_GIN_14_Makona-Macenta-EM_076191_KR817141     1.8907942 1.9079106 1.8797223 1.8897144 1.8908185 1.3172079 1.3549407 0.0322342 0.0322941 0.0326849 0.0327059 0.0026347 0.0023250 0.0017546 0.0018060 0.0021690 0.0010826 0.0006692 0.0007722 0.0005662 0.0004117 0.0000000 0.0007207 0.0006177 0.0006177 0.0006692 0.0014442 0.0011342 0.0006692 0.0007207 0.0012374 0.0009267 0.0008237 0.0008237 0.0008752 0.0008752 0.0009267 0.0009267 0.0011340 0.0010309 0.0010309 0.0008237 0.0007207 0.0008752 0.0011855 0.0008237 0.0008752 0.0010826 0.0008237 0.0008752 0.0009267 0.0007722 0.0007722 0.0009782 0.0011856 0.0011339 0.0011856 0.0012889 0.0008752 0.0007207 0.0008237 0.0014440 0.0013922 0.0013922 0.0012373 0.0012889 0.0010824 0.0011855 0.0013405 0.0010825 0.0007722 0.0008237 0.0008237 0.0011857 0.0008237 0.0012376 0.0012892 0.0012373 0.0012373 0.0015993 0.0017545 0.0010308 0.0011857 0.0012890 0.0012890 0.0008237 0.0012374 0.0012891 0.0012891 0.0015474 0.0016509 0.0017543 0.0374866 0.0383541 0.0366882 0.0335002 
EBOV_H.sap-wt_GIN_14_Makona-Beyla-EM_075931_KR817138       1.8927863 1.9105429 1.8823124 1.8893404 1.8904446 1.3175337 1.3549385 0.0322352 0.0322951 0.0326858 0.0327069 0.0026348 0.0023251 0.0017546 0.0018061 0.0021690 0.0010826 0.0006692 0.0007722 0.0007722 0.0006177 0.0007207 0.0000000 0.0006177 0.0006177 0.0006692 0.0014442 0.0011342 0.0006692 0.0007207 0.0012375 0.0009267 0.0008237 0.0008237 0.0008752 0.0008752 0.0009267 0.0009267 0.0011340 0.0010309 0.0010309 0.0008237 0.0007207 0.0008752 0.0011856 0.0008237 0.0008752 0.0010826 0.0008237 0.0008752 0.0009267 0.0007722 0.0007722 0.0009782 0.0011856 0.0011340 0.0011857 0.0012889 0.0008752 0.0007207 0.0008237 0.0014441 0.0013923 0.0013922 0.0012373 0.0012889 0.0010824 0.0011856 0.0013405 0.0010825 0.0007722 0.0008237 0.0008237 0.0011857 0.0008237 0.0012376 0.0012892 0.0012373 0.0012373 0.0015994 0.0017546 0.0010308 0.0011857 0.0012890 0.0012890 0.0008237 0.0012374 0.0012891 0.0012891 0.0015475 0.0016509 0.0017543 0.0374877 0.0383552 0.0368028 0.0335634 
EBOV_H.sap-wt_GIN_14_Makona-Kissidougou-EM_078694_KR817171 1.8924636 1.9095913 1.8813814 1.8925194 1.8936257 1.3182380 1.3550719 0.0322327 0.0322926 0.0326833 0.0327043 0.0025309 0.0022213 0.0016511 0.0017025 0.0020653 0.0009793 0.0005662 0.0006692 0.0006692 0.0005147 0.0006177 0.0006177 0.0000000 0.0000010 0.0005662 0.0013407 0.0010309 0.0005662 0.0006177 0.0011341 0.0008237 0.0007207 0.0007207 0.0007722 0.0007722 0.0008237 0.0008237 0.0010297 0.0009267 0.0009267 0.0007207 0.0006177 0.0007722 0.0010812 0.0007207 0.0007722 0.0009793 0.0007207 0.0007722 0.0008237 0.0006692 0.0006692 0.0008752 0.0010823 0.0010297 0.0010823 0.0011856 0.0007722 0.0006177 0.0007207 0.0013406 0.0012889 0.0012888 0.0011339 0.0011856 0.0009782 0.0010823 0.0012371 0.0009792 0.0006692 0.0007207 0.0007207 0.0010824 0.0007207 0.0011343 0.0011858 0.0011340 0.0011340 0.0013925 0.0015476 0.0009267 0.0010824 0.0011856 0.0011856 0.0007207 0.0011341 0.0011857 0.0011857 0.0014440 0.0015474 0.0016508 0.0373708 0.0382380 0.0366862 0.0334480 
EBOV_H.sap-wt_GIN_14_Makona-Kissidougou-EM_078722_KR817175 1.8924636 1.9095913 1.8813814 1.8925194 1.8936257 1.3182380 1.3550719 0.0322327 0.0322926 0.0326833 0.0327043 0.0025309 0.0022213 0.0016511 0.0017025 0.0020653 0.0009793 0.0005662 0.0006692 0.0006692 0.0005147 0.0006177 0.0006177 0.0000010 0.0000000 0.0005662 0.0013407 0.0010309 0.0005662 0.0006177 0.0011341 0.0008237 0.0007207 0.0007207 0.0007722 0.0007722 0.0008237 0.0008237 0.0010297 0.0009267 0.0009267 0.0007207 0.0006177 0.0007722 0.0010812 0.0007207 0.0007722 0.0009793 0.0007207 0.0007722 0.0008237 0.0006692 0.0006692 0.0008752 0.0010823 0.0010297 0.0010823 0.0011856 0.0007722 0.0006177 0.0007207 0.0013406 0.0012889 0.0012888 0.0011339 0.0011856 0.0009782 0.0010823 0.0012371 0.0009792 0.0006692 0.0007207 0.0007207 0.0010824 0.0007207 0.0011343 0.0011858 0.0011340 0.0011340 0.0013925 0.0015476 0.0009267 0.0010824 0.0011856 0.0011856 0.0007207 0.0011341 0.0011857 0.0011857 0.0014440 0.0015474 0.0016508 0.0373708 0.0382380 0.0366862 0.0334480 
EBOV_H.sap-wt_LBR_14_Makona-LIBR0505_KR006957              1.8938210 1.9109650 1.8827261 1.8924933 1.8935996 1.3181025 1.3559134 0.0319522 0.0320120 0.0324025 0.0324234 0.0022720 0.0019624 0.0013927 0.0014441 0.0018066 0.0007207 0.0003088 0.0004117 0.0007207 0.0005662 0.0006692 0.0006692 0.0005662 0.0005662 0.0000000 0.0010826 0.0007722 0.0003088 0.0003602 0.0008752 0.0005662 0.0004632 0.0004632 0.0005147 0.0005147 0.0005662 0.0005662 0.0007722 0.0006692 0.0006692 0.0004632 0.0003602 0.0005147 0.0008237 0.0004632 0.0005147 0.0007207 0.0004632 0.0005147 0.0005662 0.0004117 0.0004117 0.0006177 0.0008237 0.0007722 0.0008237 0.0009267 0.0005147 0.0003602 0.0004632 0.0010825 0.0010308 0.0010307 0.0008752 0.0009267 0.0007207 0.0008237 0.0009782 0.0007207 0.0004117 0.0004632 0.0004632 0.0008237 0.0004632 0.0008762 0.0009277 0.0008752 0.0008752 0.0012376 0.0013926 0.0006692 0.0008237 0.0009267 0.0009267 0.0004632 0.0008752 0.0009267 0.0009267 0.0011858 0.0012891 0.0013924 0.0370866 0.0379532 0.0364024 0.0331664 
EBOV_H.sap-wt_SLE_14_Makona-Kailahun-20140517_KR653263     1.8949883 1.9121422 1.8833613 1.8921665 1.8932724 1.3200687 1.3568857 0.0322376 0.0322975 0.0326883 0.0327093 0.0027386 0.0024289 0.0018582 0.0019096 0.0022727 0.0011860 0.0007722 0.0008752 0.0013924 0.0013406 0.0014442 0.0014442 0.0013407 0.0013407 0.0010826 0.0000000 0.0006177 0.0007722 0.0008237 0.0013408 0.0010308 0.0009267 0.0009267 0.0009782 0.0009782 0.0010308 0.0010308 0.0012373 0.0011342 0.0011342 0.0009267 0.0008237 0.0009782 0.0012889 0.0009267 0.0009793 0.0011859 0.0009267 0.0009793 0.0010309 0.0008752 0.0008752 0.0010824 0.0012889 0.0012373 0.0012890 0.0013923 0.0009782 0.0008237 0.0009267 0.0015475 0.0014957 0.0014956 0.0013406 0.0013923 0.0011857 0.0012889 0.0014439 0.0011859 0.0008752 0.0009267 0.0009267 0.0012890 0.0009267 0.0012895 0.0013410 0.0013406 0.0013406 0.0017029 0.0018581 0.0011341 0.0012890 0.0013924 0.0012891 0.0009277 0.0013408 0.0013925 0.0013925 0.0016509 0.0017544 0.0018578 0.0374902 0.0383578 0.0368052 0.0335657 
EBOV_H.sap-wt_SLE_14_Makona-G4973_1_KR105286               1.8945481 1.9116940 1.8829272 1.8913216 1.8924268 1.3188524 1.3558454 0.0321217 0.0321816 0.0325723 0.0325932 0.0024274 0.0021178 0.0015478 0.0015992 0.0019619 0.0008752 0.0004632 0.0005662 0.0011857 0.0010308 0.0011342 0.0011342 0.0010309 0.0010309 0.0007722 0.0006177 0.0000000 0.0004632 0.0005147 0.0010309 0.0007207 0.0006177 0.0006177 0.0006692 0.0006692 0.0007207 0.0007207 0.0009267 0.0008237 0.0008237 0.0006177 0.0005147 0.0006692 0.0009782 0.0006177 0.0006692 0.0008752 0.0006177 0.0006692 0.0007207 0.0005662 0.0005662 0.0007722 0.0009782 0.0009267 0.0009782 0.0010824 0.0006692 0.0005147 0.0006177 0.0012374 0.0011857 0.0011856 0.0010308 0.0010824 0.0008752 0.0009782 0.0011340 0.0008752 0.0005662 0.0006177 0.0006177 0.0009782 0.0006177 0.0009795 0.0010311 0.0010308 0.0010308 0.0013926 0.0015477 0.0008237 0.0009792 0.0010825 0.0010824 0.0006177 0.0010309 0.0010825 0.0010825 0.0013407 0.0014441 0.0015475 0.0372586 0.0381256 0.0365741 0.0333366 
EBOV_H.sap-wt_SLE_14_Makona-G3799_KM233080                 1.8929251 1.9100592 1.8813147 1.8915150 1.8926206 1.3175554 1.3551441 0.0316087 0.0316685 0.0320586 0.0320792 0.0019610 0.0016516 0.0010826 0.0011340 0.0014960 0.0004117 0.0000010 0.0001029 0.0007207 0.0005662 0.0006692 0.0006692 0.0005662 0.0005662 0.0003088 0.0007722 0.0004632 0.0000000 0.0000515 0.0005662 0.0002573 0.0001544 0.0001544 0.0002058 0.0002058 0.0002573 0.0002573 0.0004632 0.0003602 0.0003602 0.0001544 0.0000515 0.0002058 0.0005147 0.0001544 0.0002058 0.0004117 0.0001544 0.0002058 0.0002573 0.0001029 0.0001029 0.0003088 0.0005147 0.0004632 0.0005147 0.0006177 0.0002058 0.0000515 0.0001544 0.0007722 0.0007207 0.0007207 0.0005662 0.0006177 0.0004117 0.0005147 0.0006692 0.0004117 0.0001029 0.0001544 0.0001544 0.0005147 0.0001544 0.0005662 0.0006177 0.0005662 0.0005662 0.0009267 0.0010825 0.0003602 0.0005147 0.0006177 0.0006177 0.0001544 0.0005662 0.0006177 0.0006177 0.0008752 0.0009782 0.0010824 0.0367376 0.0376032 0.0360541 0.0328214 
EBOV_H.sap-wt_SLE_14_Makona-G3788_KM233075                 1.8926530 1.9097867 1.8810434 1.8918597 1.8929655 1.3175458 1.3551335 0.0316651 0.0317248 0.0321150 0.0321357 0.0020128 0.0017033 0.0011342 0.0011856 0.0015477 0.0004632 0.0000515 0.0001544 0.0007722 0.0006177 0.0007207 0.0007207 0.0006177 0.0006177 0.0003602 0.0008237 0.0005147 0.0000515 0.0000000 0.0006177 0.0003088 0.0002058 0.0002058 0.0002573 0.0002573 0.0003088 0.0003088 0.0005147 0.0004117 0.0004117 0.0002058 0.0001029 0.0002573 0.0005662 0.0002058 0.0002573 0.0004632 0.0002058 0.0002573 0.0003088 0.0001544 0.0001544 0.0003602 0.0005662 0.0005147 0.0005662 0.0006692 0.0002573 0.0001029 0.0002058 0.0008237 0.0007722 0.0007722 0.0006177 0.0006692 0.0004632 0.0005662 0.0007207 0.0004632 0.0001544 0.0002058 0.0002058 0.0005662 0.0002058 0.0006177 0.0006692 0.0006177 0.0006177 0.0009793 0.0011341 0.0004117 0.0005662 0.0006692 0.0006692 0.0002058 0.0006177 0.0006692 0.0006692 0.0009267 0.0010308 0.0011340 0.0367947 0.0376605 0.0361112 0.0328780 
EBOV_H.sap-wt_SLE_14_Makona-Kenema-G5059_1_KR105296        1.8937930 1.9109356 1.8821755 1.8937098 1.8948173 1.3173494 1.3551762 0.0321219 0.0321818 0.0325724 0.0325934 0.0025311 0.0022214 0.0016512 0.0017026 0.0020654 0.0009794 0.0005662 0.0006692 0.0012889 0.0011340 0.0012374 0.0012375 0.0011341 0.0011341 0.0008752 0.0013408 0.0010309 0.0005662 0.0006177 0.0000000 0.0005147 0.0004117 0.0004117 0.0004632 0.0004632 0.0007207 0.0007207 0.0009267 0.0008237 0.0008237 0.0006177 0.0005147 0.0006692 0.0009782 0.0006177 0.0006692 0.0008752 0.0006177 0.0006692 0.0007207 0.0005662 0.0005662 0.0007722 0.0009782 0.0009267 0.0009782 0.0010824 0.0006692 0.0005147 0.0006177 0.0012374 0.0011857 0.0011856 0.0010308 0.0010824 0.0008752 0.0009782 0.0011340 0.0008752 0.0005662 0.0006177 0.0006177 0.0009782 0.0007207 0.0011343 0.0011859 0.0011340 0.0011340 0.0014960 0.0016511 0.0009267 0.0010824 0.0011857 0.0011857 0.0007207 0.0011341 0.0011858 0.0011858 0.0014441 0.0015475 0.0016508 0.0372588 0.0381257 0.0365743 0.0333368 
EBOV_H.sap-wt_SLE_14_Makona-Kenema-G4702_1_KR105265        1.8922476 1.9093792 1.8806401 1.8930006 1.8941075 1.3178399 1.3558535 0.0318922 0.0319521 0.0323425 0.0323633 0.0022200 0.0019104 0.0013409 0.0013923 0.0017546 0.0006692 0.0002573 0.0003602 0.0009782 0.0008237 0.0009267 0.0009267 0.0008237 0.0008237 0.0005662 0.0010308 0.0007207 0.0002573 0.0003088 0.0005147 0.0000000 0.0001029 0.0001029 0.0001544 0.0001544 0.0004117 0.0004117 0.0006177 0.0005147 0.0005147 0.0003088 0.0002058 0.0003602 0.0006692 0.0003088 0.0003602 0.0005662 0.0003088 0.0003602 0.0004117 0.0002573 0.0002573 0.0004632 0.0006692 0.0006177 0.0006692 0.0007722 0.0003602 0.0002058 0.0003088 0.0009267 0.0008752 0.0008752 0.0007207 0.0007722 0.0005662 0.0006692 0.0008237 0.0005662 0.0002573 0.0003088 0.0003088 0.0006692 0.0004117 0.0008237 0.0008752 0.0008237 0.0008237 0.0011858 0.0013408 0.0006177 0.0007722 0.0008752 0.0008752 0.0004117 0.0008237 0.0008752 0.0008752 0.0011340 0.0012373 0.0013406 0.0370254 0.0378917 0.0363413 0.0331061 
EBOV_H.sap-wt_SLE_14_Makona-Kenema-G4350_1_KR105242        1.8935515 1.9106931 1.8819352 1.8919570 1.8930631 1.3173157 1.3548930 0.0317777 0.0318375 0.0322278 0.0322485 0.0021163 0.0018068 0.0012375 0.0012889 0.0016511 0.0005662 0.0001544 0.0002573 0.0008752 0.0007207 0.0008237 0.0008237 0.0007207 0.0007207 0.0004632 0.0009267 0.0006177 0.0001544 0.0002058 0.0004117 0.0001029 0.0000000 0.0000010 0.0000515 0.0000515 0.0003088 0.0003088 0.0005147 0.0004117 0.0004117 0.0002058 0.0001029 0.0002573 0.0005662 0.0002058 0.0002573 0.0004632 0.0002058 0.0002573 0.0003088 0.0001544 0.0001544 0.0003602 0.0005662 0.0005147 0.0005662 0.0006692 0.0002573 0.0001029 0.0002058 0.0008237 0.0007722 0.0007722 0.0006177 0.0006692 0.0004632 0.0005662 0.0007207 0.0004632 0.0001544 0.0002058 0.0002058 0.0005662 0.0003088 0.0007207 0.0007722 0.0007207 0.0007207 0.0010825 0.0012374 0.0005147 0.0006692 0.0007722 0.0007722 0.0003088 0.0007207 0.0007722 0.0007722 0.0010307 0.0011340 0.0012372 0.0369089 0.0377749 0.0362251 0.0329911 
EBOV_H.sap-wt_SLE_14_Makona-Kenema-G4971_1_KR105284        1.8935515 1.9106931 1.8819352 1.8919570 1.8930631 1.3173157 1.3548930 0.0317777 0.0318375 0.0322278 0.0322485 0.0021163 0.0018068 0.0012375 0.0012889 0.0016511 0.0005662 0.0001544 0.0002573 0.0008752 0.0007207 0.0008237 0.0008237 0.0007207 0.0007207 0.0004632 0.0009267 0.0006177 0.0001544 0.0002058 0.0004117 0.0001029 0.0000010 0.0000000 0.0000515 0.0000515 0.0003088 0.0003088 0.0005147 0.0004117 0.0004117 0.0002058 0.0001029 0.0002573 0.0005662 0.0002058 0.0002573 0.0004632 0.0002058 0.0002573 0.0003088 0.0001544 0.0001544 0.0003602 0.0005662 0.0005147 0.0005662 0.0006692 0.0002573 0.0001029 0.0002058 0.0008237 0.0007722 0.0007722 0.0006177 0.0006692 0.0004632 0.0005662 0.0007207 0.0004632 0.0001544 0.0002058 0.0002058 0.0005662 0.0003088 0.0007207 0.0007722 0.0007207 0.0007207 0.0010825 0.0012374 0.0005147 0.0006692 0.0007722 0.0007722 0.0003088 0.0007207 0.0007722 0.0007722 0.0010307 0.0011340 0.0012372 0.0369089 0.0377749 0.0362251 0.0329911 
EBOV_H.sap-wt_SLE_14_Makona-Kenema-G4937_1_KR105278        1.8938968 1.9110395 1.8822791 1.8923018 1.8934081 1.3170937 1.3551618 0.0318341 0.0318939 0.0322842 0.0323050 0.0021681 0.0018586 0.0012891 0.0013406 0.0017028 0.0006177 0.0002058 0.0003088 0.0009267 0.0007722 0.0008752 0.0008752 0.0007722 0.0007722 0.0005147 0.0009782 0.0006692 0.0002058 0.0002573 0.0004632 0.0001544 0.0000515 0.0000515 0.0000000 0.0000010 0.0003602 0.0003602 0.0005662 0.0004632 0.0004632 0.0002573 0.0001544 0.0003088 0.0006177 0.0002573 0.0003088 0.0005147 0.0002573 0.0003088 0.0003602 0.0002058 0.0002058 0.0004117 0.0006177 0.0005662 0.0006177 0.0007207 0.0003088 0.0001544 0.0002573 0.0008752 0.0008237 0.0008237 0.0006692 0.0007207 0.0005147 0.0006177 0.0007722 0.0005147 0.0002058 0.0002573 0.0002573 0.0006177 0.0003602 0.0007722 0.0008237 0.0007722 0.0007722 0.0011341 0.0012891 0.0005662 0.0007207 0.0008237 0.0008237 0.0003602 0.0007722 0.0008237 0.0008237 0.0010823 0.0011856 0.0012889 0.0369661 0.0378322 0.0362822 0.0330477 
EBOV_H.sap-wt_SLE_14_Makona-Kenema-G4856_1_KR105273        1.8938968 1.9110395 1.8822791 1.8923018 1.8934081 1.3170937 1.3551618 0.0318341 0.0318939 0.0322842 0.0323050 0.0021681 0.0018586 0.0012891 0.0013406 0.0017028 0.0006177 0.0002058 0.0003088 0.0009267 0.0007722 0.0008752 0.0008752 0.0007722 0.0007722 0.0005147 0.0009782 0.0006692 0.0002058 0.0002573 0.0004632 0.0001544 0.0000515 0.0000515 0.0000010 0.0000000 0.0003602 0.0003602 0.0005662 0.0004632 0.0004632 0.0002573 0.0001544 0.0003088 0.0006177 0.0002573 0.0003088 0.0005147 0.0002573 0.0003088 0.0003602 0.0002058 0.0002058 0.0004117 0.0006177 0.0005662 0.0006177 0.0007207 0.0003088 0.0001544 0.0002573 0.0008752 0.0008237 0.0008237 0.0006692 0.0007207 0.0005147 0.0006177 0.0007722 0.0005147 0.0002058 0.0002573 0.0002573 0.0006177 0.0003602 0.0007722 0.0008237 0.0007722 0.0007722 0.0011341 0.0012891 0.0005662 0.0007207 0.0008237 0.0008237 0.0003602 0.0007722 0.0008237 0.0008237 0.0010823 0.0011856 0.0012889 0.0369661 0.0378322 0.0362822 0.0330477 
EBOV_H.sap-wt_SLE_14_Makona-Bonthe-G5723_1_KR105319        1.8926126 1.9097451 1.8810039 1.8906058 1.8917110 1.3187389 1.3564784 0.0317798 0.0318396 0.0322299 0.0322507 0.0022199 0.0019104 0.0013408 0.0013923 0.0017546 0.0006692 0.0002573 0.0003602 0.0009782 0.0008237 0.0009267 0.0009267 0.0008237 0.0008237 0.0005662 0.0010308 0.0007207 0.0002573 0.0003088 0.0007207 0.0004117 0.0003088 0.0003088 0.0003602 0.0003602 0.0000000 0.0002058 0.0004117 0.0003088 0.0003088 0.0001029 0.0002058 0.0003602 0.0006692 0.0003088 0.0003602 0.0005662 0.0003088 0.0003602 0.0004117 0.0002573 0.0002573 0.0004632 0.0006692 0.0006177 0.0006692 0.0007722 0.0003602 0.0002058 0.0003088 0.0009267 0.0008752 0.0008752 0.0007207 0.0007722 0.0005662 0.0006692 0.0008237 0.0005662 0.0002573 0.0003088 0.0003088 0.0006692 0.0004117 0.0008237 0.0008752 0.0008237 0.0008237 0.0011858 0.0013408 0.0006177 0.0007722 0.0008752 0.0008752 0.0004117 0.0008237 0.0008752 0.0008752 0.0011340 0.0012373 0.0013406 0.0369115 0.0377775 0.0362276 0.0329933 
EBOV_H.sap-wt_SLE_14_Makona-J0042_KP759711                 1.8920318 1.9091554 1.8804300 1.8897262 1.8908307 1.3186353 1.3556037 0.0317783 0.0318381 0.0322283 0.0322491 0.0022198 0.0019103 0.0013408 0.0013922 0.0017546 0.0006692 0.0002573 0.0003602 0.0009782 0.0008237 0.0009267 0.0009267 0.0008237 0.0008237 0.0005662 0.0010308 0.0007207 0.0002573 0.0003088 0.0007207 0.0004117 0.0003088 0.0003088 0.0003602 0.0003602 0.0002058 0.0000000 0.0003088 0.0003088 0.0003088 0.0001029 0.0002058 0.0003602 0.0006692 0.0003088 0.0003602 0.0005662 0.0003088 0.0003602 0.0004117 0.0002573 0.0002573 0.0004632 0.0006692 0.0006177 0.0006692 0.0007722 0.0003602 0.0002058 0.0003088 0.0009267 0.0008752 0.0008752 0.0007207 0.0007722 0.0005662 0.0006692 0.0008237 0.0005662 0.0002573 0.0003088 0.0003088 0.0006692 0.0004117 0.0008237 0.0008752 0.0008237 0.0008237 0.0011858 0.0013407 0.0006177 0.0007722 0.0008752 0.0008752 0.0004117 0.0008237 0.0008752 0.0008752 0.0011340 0.0012373 0.0013405 0.0369096 0.0377756 0.0362258 0.0329916 
EBOV_H.sap-wt_SLE_14_Makona-J0150_KP759696                 1.8925333 1.9096579 1.8809300 1.8894937 1.8905982 1.3182462 1.3555326 0.0318913 0.0319512 0.0323415 0.0323624 0.0024270 0.0021174 0.0015475 0.0015989 0.0019615 0.0008752 0.0004632 0.0005662 0.0011855 0.0010297 0.0011340 0.0011340 0.0010297 0.0010297 0.0007722 0.0012373 0.0009267 0.0004632 0.0005147 0.0009267 0.0006177 0.0005147 0.0005147 0.0005662 0.0005662 0.0004117 0.0003088 0.0000000 0.0005147 0.0005147 0.0003088 0.0004117 0.0005662 0.0008752 0.0005147 0.0005662 0.0007722 0.0005147 0.0005662 0.0006177 0.0004632 0.0004632 0.0006692 0.0008752 0.0008237 0.0008752 0.0009782 0.0005662 0.0004117 0.0005147 0.0011339 0.0010812 0.0010812 0.0009267 0.0009782 0.0007722 0.0008752 0.0010297 0.0007722 0.0004632 0.0005147 0.0005147 0.0008752 0.0006177 0.0010309 0.0010824 0.0010297 0.0010297 0.0013924 0.0015474 0.0008237 0.0009782 0.0010823 0.0010823 0.0006177 0.0010307 0.0010823 0.0010823 0.0013405 0.0014439 0.0015472 0.0370243 0.0378906 0.0363403 0.0331052 
