100
02A1.GH.97.97GH_AG2.AB052867           0.0000000 0.3399393 0.3436201 0.3621135 0.3457747 0.4184445 0.3861669 0.4076046 0.4486173 0.5533218 0.5435986 0.5673191 0.5135615 0.5147808 0.5644055 0.5284426 0.4945202 0.5260041 0.4427710 0.5717825 0.5779129 0.6067215 0.6278144 0.6426538 0.6537625 0.6299075 0.6255016 0.6556873 0.7229161 0.7944907 0.7677512 0.8275039 0.4868786 0.5177989 0.5653683 0.5957260 0.6249051 0.5179144 0.6015881 0.7727805 0.7437517 0.7515352 0.7175919 0.7678947 0.7762377 0.7739942 0.7631343 0.7738796 0.7829963 0.7816420 0.8013736 0.7397143 0.7306970 0.7442433 0.7698833 0.8423589 0.8003738 0.8071769 0.7734198 0.7643269 0.8275007 0.7806050 0.8033668 0.8167754 0.7909577 0.7787016 0.7816818 0.8117665 0.8119755 0.8136552 0.8487344 0.8062095 0.8623783 0.8282779 0.6967560 0.6679345 0.6354081 1.0429450 0.8355409 0.7848681 0.7882071 0.8154394 0.8288503 0.7897747 0.7582671 0.8402518 0.8316243 0.7993688 0.8090396 0.7705316 0.7861595 0.8721660 0.8501460 0.9491947 0.9252828 0.7469246 1.8233659 1.8644908 1.8095547 2.6197891 
02_AG.CM.02.02CM_3217MN.GU201514       0.3399393 0.0000000 0.2467555 0.2723024 0.3940743 0.3472386 0.4023695 0.4255518 0.4564888 0.5602129 0.5567696 0.5832080 0.5316768 0.5288705 0.5913629 0.5418076 0.5029613 0.5513139 0.4481370 0.5720605 0.6022079 0.6422946 0.6459446 0.6762956 0.6826863 0.6617068 0.6531219 0.6796892 0.7442427 0.8274566 0.7780094 0.8435723 0.5133587 0.5433869 0.5855279 0.6248449 0.6286988 0.5290647 0.6052553 0.7774830 0.7925325 0.7807298 0.7528973 0.7885835 0.7822961 0.8225841 0.8287079 0.7899606 0.8279257 0.8201328 0.8375529 0.7815316 0.7701528 0.7670775 0.7863607 0.8462449 0.8394981 0.8277322 0.8061462 0.7743290 0.8611196 0.7899378 0.8290504 0.8057753 0.8099439 0.7946365 0.8000552 0.8404646 0.8233601 0.8329546 0.8538773 0.8464886 0.8752734 0.8723202 0.7462430 0.6913130 0.6579114 1.0445851 0.8604162 0.8145931 0.8358118 0.8678378 0.8651022 0.8326526 0.7863001 0.8710656 0.8516106 0.8282844 0.8326353 0.7955353 0.7984080 0.9152292 0.9041553 1.0071502 0.9828661 0.7581509 1.7666771 1.8145812 1.7920681 2.6767131 
02_AG.GW.04.CC_0030.FJ694791           0.3436201 0.2467555 0.0000000 0.2878381 0.3868714 0.3509748 0.4051780 0.4298311 0.4481221 0.5727535 0.5556366 0.5826259 0.5297348 0.5247285 0.5802258 0.5476717 0.5022618 0.5519682 0.4624664 0.5650078 0.5818769 0.6456707 0.6685539 0.6705856 0.6906427 0.6807713 0.6595078 0.6745510 0.7689527 0.8240311 0.7771309 0.8490613 0.5204334 0.5293847 0.5844783 0.6196759 0.6250268 0.5213366 0.6062774 0.7758081 0.7876527 0.7928685 0.7447269 0.8099688 0.7985023 0.8192968 0.8166707 0.7916953 0.8333183 0.8417298 0.8457535 0.7885629 0.7779804 0.7757240 0.8015164 0.8445086 0.8442370 0.8537015 0.7899836 0.7617944 0.8572445 0.8126303 0.8261852 0.8224410 0.8082466 0.8064138 0.7951263 0.8472881 0.8544880 0.8548390 0.8767475 0.8441998 0.8857271 0.8813618 0.7402059 0.7058082 0.6523479 1.0740833 0.8654481 0.8091725 0.8130350 0.8315823 0.8602961 0.8127293 0.7757327 0.8775504 0.8402034 0.8298049 0.8182163 0.7984691 0.8018891 0.9142035 0.8958638 0.9940539 0.9689396 0.7694034 1.7400456 1.7841296 1.7895953 2.6334270 
02_AG.GW.14.DE00214GW009.MH078544      0.3621135 0.2723024 0.2878381 0.0000000 0.4208806 0.3814349 0.4340791 0.4591067 0.4972308 0.6114406 0.6154691 0.6079917 0.5647886 0.5723859 0.6365111 0.5785465 0.5454496 0.6005073 0.4909900 0.6141651 0.6334503 0.6859710 0.6970265 0.7045100 0.7320616 0.7019953 0.6996740 0.7007909 0.8021013 0.8562485 0.8333644 0.8754870 0.5340692 0.5606110 0.6227137 0.6510929 0.6609082 0.5622258 0.6373685 0.8097637 0.7974478 0.8091247 0.7672620 0.8142185 0.8184250 0.8431321 0.8387346 0.8109478 0.8384102 0.8405912 0.8614656 0.8035327 0.7979634 0.7902036 0.8189678 0.8609732 0.8513826 0.8625663 0.8178825 0.7898054 0.8848545 0.8239148 0.8684257 0.8543591 0.8408985 0.8345238 0.8109375 0.8734217 0.8616894 0.8609930 0.8900751 0.8671844 0.9043865 0.8866187 0.7699702 0.7202342 0.6846194 1.0876059 0.8967820 0.8490911 0.8524146 0.8737698 0.8904612 0.8565814 0.8204361 0.9057894 0.8875143 0.8572863 0.8522146 0.8126867 0.8312398 0.9274764 0.9219235 1.0077795 1.0042442 0.7948175 1.8439640 1.8662013 1.9169029 2.6920213 
02A.CI.16.DEURF16CI011.MH078538        0.3457747 0.3940743 0.3868714 0.4208806 0.0000000 0.4754954 0.4395019 0.4699921 0.5048846 0.6071842 0.6047459 0.6273284 0.5765182 0.5774218 0.6199660 0.5890792 0.5352123 0.5866552 0.4993572 0.5978513 0.6335273 0.6789260 0.6744771 0.7136654 0.7252049 0.7009706 0.6997839 0.7143616 0.7845999 0.8494204 0.8400289 0.8978869 0.5458544 0.5730249 0.6233411 0.6543297 0.6680908 0.5807971 0.6511881 0.8110437 0.7927755 0.8118366 0.7674582 0.8359226 0.8261073 0.8414681 0.8177815 0.8163768 0.8459072 0.8494314 0.8607324 0.8038896 0.8018748 0.7837667 0.8308120 0.8716629 0.8652707 0.8731645 0.8331101 0.7954711 0.8862851 0.8439119 0.8479668 0.8379368 0.8337582 0.8362537 0.8248833 0.8609626 0.8704375 0.8819922 0.8828977 0.8669445 0.9290721 0.8916209 0.7645246 0.7253123 0.6719865 1.1225813 0.9106508 0.8395596 0.8640961 0.8943794 0.8822907 0.8658436 0.8386527 0.8891210 0.8859011 0.8574449 0.8540535 0.8323601 0.8579374 0.9571490 0.9084213 1.0263117 1.0066271 0.8094788 1.8339791 1.9256329 1.8718440 2.6928603 
02D.GH.03.GHNJ193.AB231897             0.4184445 0.3472386 0.3509748 0.3814349 0.4754954 0.0000000 0.5031214 0.5136387 0.5506579 0.6544785 0.6316148 0.6778826 0.6110293 0.6128777 0.6689868 0.6323281 0.6036797 0.6480112 0.5499739 0.6555070 0.6864441 0.7454318 0.7449782 0.7646087 0.7745778 0.7582467 0.7472550 0.7800320 0.8525221 0.9083031 0.8644697 0.9424401 0.6028328 0.6284228 0.6831386 0.6965028 0.7144708 0.6152128 0.7104835 0.8791040 0.8579092 0.8699547 0.8445294 0.8979490 0.8966136 0.8933869 0.8913239 0.8992756 0.9224618 0.9224743 0.9182744 0.8629526 0.8770504 0.8583540 0.8660260 0.9454716 0.9495344 0.9501560 0.9129347 0.8622122 0.9756562 0.8938454 0.9427972 0.9423560 0.9256584 0.8924160 0.8948452 0.9605265 0.9486132 0.9361790 0.9702330 0.9520696 0.9996766 0.9802365 0.8388229 0.7967476 0.7599604 1.1883828 0.9570872 0.9159493 0.9146089 0.9452845 0.9495603 0.9326083 0.8913652 0.9770224 0.9434613 0.9346992 0.9280938 0.8819997 0.8962648 1.0204053 0.9758038 1.0703432 1.0523786 0.8680213 1.8866773 1.9605488 1.9163774 2.6933473 
0206.SN.12.LA56Senegl.KU168299         0.3861669 0.4023695 0.4051780 0.4340791 0.4395019 0.5031214 0.0000000 0.3968368 0.4752798 0.5884100 0.5803379 0.5769556 0.5429127 0.5366182 0.5885176 0.5630582 0.5180035 0.5770492 0.4737303 0.5776484 0.6170422 0.6485083 0.6675136 0.6942792 0.6910923 0.6774313 0.6582498 0.6794437 0.7635620 0.8225530 0.7831425 0.8863417 0.5200119 0.5463476 0.6017688 0.6423178 0.6541106 0.5790808 0.6273688 0.7724268 0.7540525 0.7590216 0.7142407 0.7964077 0.7658732 0.7997768 0.7738334 0.7687242 0.7892524 0.8064091 0.8000313 0.7647646 0.7586827 0.7536101 0.7818196 0.8306451 0.8277996 0.8073388 0.7709172 0.7568012 0.8489212 0.7881171 0.8059968 0.7985898 0.7969954 0.7866020 0.7999341 0.8526045 0.8095907 0.8266588 0.8546536 0.8094361 0.8492874 0.8554900 0.7292613 0.6876774 0.6472203 1.0744683 0.8711173 0.8320344 0.8420572 0.8463964 0.8846534 0.8180401 0.7991776 0.8579662 0.8824815 0.8292356 0.8238219 0.8218468 0.8259263 0.9194566 0.8997046 0.9922901 0.9972631 0.7882939 1.8930884 1.9552873 1.9355155 2.7558758 
U.ES.10.DEURF10DZ001.JX140679          0.4076046 0.4255518 0.4298311 0.4591067 0.4699921 0.5136387 0.3968368 0.0000000 0.4962714 0.6135305 0.6106001 0.6225650 0.5788612 0.5560394 0.6095746 0.5867547 0.5459060 0.5922583 0.5073642 0.6263102 0.6349213 0.6785530 0.6955744 0.7156953 0.7322335 0.7154810 0.6881129 0.7163180 0.7846788 0.8556651 0.8010179 0.8816403 0.5554828 0.5646459 0.6261039 0.6520365 0.6722103 0.6028833 0.6582558 0.8055092 0.8090563 0.7968132 0.7633102 0.8345448 0.8184843 0.8399042 0.8270272 0.8210079 0.8553630 0.8312381 0.8564469 0.7961572 0.8063103 0.7969247 0.8149537 0.8701934 0.8596635 0.8538961 0.8160333 0.7919545 0.8808242 0.8264724 0.8396296 0.8172392 0.8336713 0.8293277 0.8307289 0.8614227 0.8466119 0.8747755 0.8894943 0.8630988 0.9128286 0.8988071 0.7539847 0.7261846 0.6732285 1.1168759 0.8916341 0.8419570 0.8655584 0.8958675 0.9190922 0.8574343 0.8395471 0.8993312 0.8988501 0.8540216 0.8510609 0.8171534 0.8407409 0.9415554 0.9378136 1.0406047 1.0147162 0.7892486 1.8904283 1.9671060 1.9942135 2.7608880 
AGU.CM.06.770_8.MH705142               0.4486173 0.4564888 0.4481221 0.4972308 0.5048846 0.5506579 0.4752798 0.4962714 0.0000000 0.5809729 0.5684944 0.5876521 0.5368975 0.5275475 0.6045831 0.5641591 0.5059296 0.5693098 0.4779905 0.5740006 0.6185984 0.6548920 0.6763063 0.6830860 0.6857232 0.6780216 0.6820578 0.6860476 0.7547096 0.8247841 0.8199445 0.8963010 0.5692753 0.5194887 0.5845337 0.6031449 0.6093120 0.6470356 0.6340101 0.7981636 0.7760771 0.8121280 0.7594088 0.8148285 0.8116152 0.8373497 0.8391032 0.7843810 0.8412861 0.8288853 0.8469131 0.7859178 0.7822348 0.7768226 0.8134420 0.8481420 0.8542014 0.8350163 0.8049414 0.7804802 0.8554329 0.8289625 0.8526193 0.8431993 0.8483264 0.8039260 0.8168149 0.8506757 0.8581922 0.8723456 0.8707750 0.8414002 0.8905080 0.8798120 0.7492283 0.7228176 0.6643786 1.1016589 0.8864147 0.8245067 0.8487597 0.8633701 0.8832295 0.8202358 0.8067290 0.8802014 0.8718659 0.8466254 0.8359264 0.8151500 0.8054213 0.9335917 0.8882418 0.9973334 0.9742400 0.7870991 1.9418895 2.0377187 2.0587525 2.8053982 
A1.KE.06.06KECst_028.FJ623479          0.5533218 0.5602129 0.5727535 0.6114406 0.6071842 0.6544785 0.5884100 0.6135305 0.5809729 0.0000000 0.3208214 0.4295702 0.3762323 0.3946025 0.4020848 0.4733360 0.4344929 0.4946700 0.4956978 0.4572838 0.4837221 0.5715599 0.5654894 0.5962479 0.6053830 0.5800739 0.5845932 0.6031486 0.6839767 0.7655907 0.7103134 0.7909805 0.6731963 0.6564165 0.7092828 0.7310653 0.7493528 0.7497490 0.6934672 0.8601667 0.8387533 0.8632747 0.8115811 0.8788234 0.8805569 0.8726048 0.8932363 0.8748108 0.8970609 0.9048447 0.9095534 0.8545301 0.8485062 0.8345027 0.8552085 0.9175210 0.9052908 0.9145827 0.8532708 0.8501605 0.9212603 0.8702777 0.9080721 0.8752245 0.9110123 0.8625707 0.8964302 0.8953095 0.8869803 0.9381093 0.9469849 0.9355979 0.9835006 0.9409053 0.7947806 0.7557591 0.7084570 1.1682776 0.7453251 0.7143532 0.7155762 0.7164760 0.7430867 0.6887186 0.6750236 0.7301930 0.7346111 0.6929380 0.7132614 0.6794866 0.6865629 0.7957897 0.7757131 0.8530442 0.8297971 0.8352898 2.0433010 2.1455989 2.0175999 2.9180527 
A1.KE.06.06KECst_013.FJ623485          0.5435986 0.5567696 0.5556366 0.6154691 0.6047459 0.6316148 0.5803379 0.6106001 0.5684944 0.3208214 0.0000000 0.4175543 0.3665908 0.3898875 0.3937852 0.4751846 0.4151465 0.4717734 0.4915744 0.4434537 0.4733604 0.5583834 0.5779433 0.6061915 0.6157358 0.5924144 0.5797215 0.6121195 0.6714404 0.7580225 0.7239785 0.8074434 0.6609330 0.6424567 0.7059096 0.7248226 0.7241367 0.7586365 0.6792142 0.8503999 0.8477408 0.8574681 0.8165314 0.8631927 0.8965165 0.8800923 0.8895698 0.8804295 0.8979932 0.9217125 0.9083085 0.8442391 0.8419579 0.8179433 0.8565942 0.9281367 0.9259718 0.9284057 0.8605366 0.8276603 0.9240673 0.8890386 0.9009645 0.8691165 0.8958688 0.8650726 0.8698182 0.9042822 0.8906377 0.9262620 0.9301515 0.9118318 0.9783929 0.9606244 0.7949419 0.7510284 0.7255283 1.1587661 0.7233900 0.6783398 0.7199307 0.7149357 0.7361973 0.6974841 0.6722945 0.7353698 0.7210711 0.7043372 0.7246154 0.6630489 0.6790925 0.7968196 0.7593679 0.8591292 0.8433768 0.8192229 2.1012765 2.1635673 2.1114262 2.9637359 
A1.CY.07.CY208.JF683760                0.5673191 0.5832080 0.5826259 0.6079917 0.6273284 0.6778826 0.5769556 0.6225650 0.5876521 0.4295702 0.4175543 0.0000000 0.2420293 0.4211145 0.4439462 0.4876308 0.4647957 0.5053088 0.5097651 0.4752745 0.4963729 0.5851756 0.5837955 0.6154619 0.6334840 0.6121914 0.6114612 0.6236397 0.6939835 0.7759783 0.7315197 0.8171353 0.6687877 0.6711059 0.7360426 0.7665302 0.7629347 0.7690970 0.7095320 0.8613340 0.8632280 0.8793221 0.8252626 0.8784636 0.8838900 0.8806044 0.9001390 0.8830828 0.9037148 0.9203628 0.8991809 0.8510073 0.8366777 0.8374993 0.8748343 0.9326886 0.9159943 0.9117354 0.8697704 0.8485317 0.9385097 0.8710240 0.9000200 0.8923119 0.8889438 0.8730807 0.8621765 0.9201820 0.8900269 0.9167867 0.9464465 0.9178400 0.9574461 0.9537762 0.8201389 0.7795863 0.7442213 1.1640156 0.7591213 0.7312283 0.7502983 0.7613180 0.7620515 0.7238455 0.6988708 0.7717295 0.7402058 0.7379241 0.7572380 0.7055761 0.7224952 0.8348964 0.7947030 0.8857684 0.8614782 0.8493864 2.1305378 2.2263066 2.1163991 2.9005037 
A1.CY.05.CY051.FJ388903                0.5135615 0.5316768 0.5297348 0.5647886 0.5765182 0.6110293 0.5429127 0.5788612 0.5368975 0.3762323 0.3665908 0.2420293 0.0000000 0.3645308 0.3974366 0.4342164 0.4006503 0.4549901 0.4636150 0.4234459 0.4536694 0.5252094 0.5338423 0.5585207 0.5797987 0.5496598 0.5534387 0.5604085 0.6272272 0.7029560 0.6783899 0.7577466 0.6285196 0.6301592 0.6799413 0.7052108 0.7250582 0.7259881 0.6679426 0.8314216 0.8377171 0.8221105 0.7917320 0.8386978 0.8494001 0.8581922 0.8552880 0.8405028 0.8584819 0.8739877 0.8645335 0.8215389 0.8147548 0.8149381 0.8275687 0.8960742 0.8979438 0.8621623 0.8419742 0.8034852 0.8964478 0.8479547 0.8744134 0.8580976 0.8737451 0.8374108 0.8398479 0.8834709 0.8555584 0.8787249 0.9063977 0.8840461 0.9380495 0.9034852 0.7878631 0.7392729 0.6918370 1.1254834 0.6944862 0.6818672 0.6846441 0.7099605 0.7080192 0.6588440 0.6526636 0.7091638 0.7028678 0.6901717 0.6986411 0.6504490 0.6784642 0.7667768 0.7659673 0.8310925 0.8019147 0.7714471 2.0079244 2.0462020 2.0499120 2.8753174 
A1.UG.11.DEMA110UG001.KF859745         0.5147808 0.5288705 0.5247285 0.5723859 0.5774218 0.6128777 0.5366182 0.5560394 0.5275475 0.3946025 0.3898875 0.4211145 0.3645308 0.0000000 0.4087093 0.4505412 0.3986788 0.4590747 0.4550815 0.4248296 0.4573986 0.5434469 0.5514553 0.5789127 0.5972195 0.5666608 0.5562757 0.5879738 0.6479830 0.7454441 0.6868810 0.7727586 0.6166046 0.6170033 0.6814396 0.6903298 0.7265457 0.7151415 0.6675116 0.8206713 0.8053551 0.8293342 0.7846382 0.8454979 0.8479391 0.8589940 0.8288475 0.8391528 0.8587136 0.8448090 0.8725782 0.8138903 0.8044842 0.7851104 0.8186427 0.8697066 0.8661378 0.8783834 0.8290957 0.7932576 0.8829655 0.8268348 0.8688470 0.8478842 0.8553359 0.8416655 0.8473533 0.8723316 0.8703239 0.8739492 0.9005183 0.8726606 0.9173930 0.9115353 0.7615358 0.7300512 0.6677610 1.1451441 0.7250673 0.6786056 0.6852689 0.6940585 0.7088189 0.6610954 0.6559123 0.7227061 0.7108452 0.6790051 0.6912068 0.6627257 0.6714025 0.7790348 0.7561923 0.8352294 0.8266865 0.8119014 2.0073249 2.0983731 2.0227578 2.9959358 
35_AD.AF.06.007H.GQ477450              0.5644055 0.5913629 0.5802258 0.6365111 0.6199660 0.6689868 0.5885176 0.6095746 0.6045831 0.4020848 0.3937852 0.4439462 0.3974366 0.4087093 0.0000000 0.4882917 0.4375863 0.5015531 0.5099480 0.4597595 0.4927499 0.5752006 0.5803644 0.6039448 0.6125982 0.5993404 0.5993767 0.6149556 0.6927454 0.7860150 0.7179054 0.7967011 0.6791926 0.6894900 0.7303203 0.7595765 0.7872627 0.7635330 0.7172156 0.8539879 0.8653360 0.8856159 0.8315262 0.8987429 0.8929994 0.9021251 0.9238977 0.8835354 0.9075081 0.9075342 0.9165966 0.8822630 0.8648675 0.8553152 0.8891412 0.9253976 0.9351562 0.9425741 0.8880657 0.8671788 0.9659249 0.8939551 0.9185870 0.9072641 0.9277312 0.8876273 0.9280743 0.9292218 0.9193116 0.9771246 0.9504610 0.9126643 1.0041870 0.9635447 0.8159317 0.7789149 0.7469424 1.1851267 0.7594971 0.7118836 0.7507361 0.7596754 0.7718303 0.7122281 0.6912015 0.7676301 0.7559565 0.7459919 0.7361494 0.7083186 0.6972018 0.8351047 0.7807678 0.8907912 0.8429746 0.8672134 2.0750669 2.1238757 2.0509836 2.9865498 
A6.UA.12.DEMA112UA036.KU749406         0.5284426 0.5418076 0.5476717 0.5785465 0.5890792 0.6323281 0.5630582 0.5867547 0.5641591 0.4733360 0.4751846 0.4876308 0.4342164 0.4505412 0.4882917 0.0000000 0.3912778 0.4592864 0.4784429 0.4830510 0.5036716 0.5268078 0.5235776 0.5553902 0.5740558 0.5418838 0.5446664 0.5632777 0.6332684 0.7225093 0.6513774 0.7127440 0.6478021 0.6397222 0.6816339 0.7241134 0.7096570 0.7265402 0.6688308 0.8191023 0.8145558 0.8406707 0.7841687 0.8359832 0.8275225 0.8549896 0.8526037 0.8401941 0.8404045 0.8697421 0.8721461 0.8303993 0.8218571 0.8171246 0.8351579 0.8830976 0.8728124 0.8519735 0.8083613 0.8024173 0.8980236 0.8224130 0.8731131 0.8478831 0.8692606 0.8615900 0.8448577 0.8724505 0.8623961 0.8947212 0.9172230 0.8930680 0.9280171 0.9080512 0.7765120 0.7308628 0.6967803 1.1397224 0.7673116 0.7341983 0.7576319 0.7710842 0.7840454 0.7276060 0.7242710 0.7956403 0.7815950 0.7450531 0.7592160 0.7254082 0.7417854 0.8538304 0.8058672 0.8981173 0.8746449 0.8081081 2.0572993 2.0950665 2.0393752 2.9142066 
A1.CY.06.CY154.FJ388943                0.4945202 0.5029613 0.5022618 0.5454496 0.5352123 0.6036797 0.5180035 0.5459060 0.5059296 0.4344929 0.4151465 0.4647957 0.4006503 0.3986788 0.4375863 0.3912778 0.0000000 0.4208692 0.4346183 0.4524157 0.4694695 0.4982796 0.5085455 0.5411482 0.5547025 0.5240497 0.5262934 0.5302671 0.6126460 0.6767235 0.6565672 0.7282984 0.6146676 0.5897858 0.6407217 0.6717178 0.6834132 0.6982688 0.6389069 0.7865948 0.7930612 0.8012385 0.7629892 0.8004138 0.8192434 0.8361815 0.8146366 0.8109140 0.8264279 0.8279914 0.8500379 0.8021770 0.7928283 0.7777070 0.8036289 0.8590253 0.8629765 0.8354340 0.7966926 0.7736143 0.8643541 0.8056420 0.8434223 0.8393449 0.8414060 0.8040398 0.8183909 0.8631129 0.8321295 0.8667863 0.8777741 0.8836953 0.8981532 0.8671120 0.7400779 0.7124339 0.6554425 1.1315909 0.7335363 0.6994698 0.7191448 0.7344213 0.7425480 0.6848693 0.6769998 0.7336055 0.7525955 0.7038985 0.7148633 0.6628199 0.6931403 0.7943534 0.7742844 0.8456103 0.8371966 0.7730674 2.0429835 2.0731453 2.0563368 2.8959010 
22_01A1.CM.02.02CM_1867LE.AY371165     0.5260041 0.5513139 0.5519682 0.6005073 0.5866552 0.6480112 0.5770492 0.5922583 0.5693098 0.4946700 0.4717734 0.5053088 0.4549901 0.4590747 0.5015531 0.4592864 0.4208692 0.0000000 0.4860345 0.5035552 0.5132456 0.4210791 0.4430036 0.4637339 0.4823827 0.4518752 0.4552328 0.4735822 0.5506754 0.6199771 0.5958886 0.6602947 0.6555491 0.6535703 0.7024692 0.7199934 0.7427947 0.7322668 0.6829326 0.8272101 0.8454385 0.8414190 0.7951644 0.8354898 0.8496324 0.8756244 0.8824366 0.8538981 0.8670210 0.8717521 0.8783345 0.8303435 0.8329819 0.8158194 0.8326836 0.8902152 0.8918496 0.8601990 0.8470787 0.8267768 0.8855896 0.8724197 0.8770172 0.8659239 0.8753648 0.8503176 0.8532435 0.8710663 0.8745262 0.9028871 0.9062414 0.8920130 0.9359751 0.9176856 0.7788281 0.7300192 0.7168864 1.1248933 0.7780775 0.7374132 0.7670109 0.7667894 0.7866921 0.7359144 0.7188829 0.7822941 0.7912784 0.7619639 0.7618057 0.7118177 0.7380454 0.8672524 0.8136889 0.8950168 0.8855862 0.8210689 2.1098869 2.1955825 2.1259719 2.9565190 
45_cpx.CD.97.97CD_MBFE185.FN392874     0.4427710 0.4481370 0.4624664 0.4909900 0.4993572 0.5499739 0.4737303 0.5073642 0.4779905 0.4956978 0.4915744 0.5097651 0.4636150 0.4550815 0.5099480 0.4784429 0.4346183 0.4860345 0.0000000 0.5062355 0.5432907 0.5481667 0.5626052 0.5936612 0.6086644 0.5816716 0.5742260 0.5933537 0.6731541 0.7407470 0.7162003 0.7877826 0.5465110 0.5529641 0.6049196 0.6284863 0.6490546 0.6434121 0.5793780 0.7481720 0.7347979 0.7474977 0.7115378 0.7705923 0.7661567 0.7789160 0.7650917 0.7661672 0.8019066 0.7819892 0.7999787 0.7176394 0.7302772 0.7213603 0.7672501 0.8122640 0.8124901 0.7982775 0.7427202 0.7400837 0.8059270 0.7624002 0.7842604 0.7618384 0.7854807 0.7667030 0.7607815 0.8020261 0.8050097 0.8025530 0.8253771 0.8147976 0.8396984 0.8281750 0.7088084 0.6668391 0.6024435 1.0573013 0.8011015 0.7640117 0.7881958 0.7800862 0.8046383 0.7566828 0.7399451 0.8188642 0.7957109 0.7572936 0.7553686 0.7343579 0.7497351 0.8547240 0.8126711 0.8988213 0.9046608 0.7219283 1.8719634 1.9232800 1.9055251 2.8090666 
A1D.UG.99.99UGJ21953.AF484496          0.5717825 0.5720605 0.5650078 0.6141651 0.5978513 0.6555070 0.5776484 0.6263102 0.5740006 0.4572838 0.4434537 0.4752745 0.4234459 0.4248296 0.4597595 0.4830510 0.4524157 0.5035552 0.5062355 0.0000000 0.4807415 0.5874402 0.5900305 0.6178208 0.6295352 0.6051912 0.6003253 0.6229182 0.6924583 0.7798637 0.7353617 0.7963463 0.6807173 0.6680385 0.7474854 0.7446041 0.7736525 0.7624553 0.6928927 0.8784938 0.8515254 0.8800418 0.8281994 0.8894217 0.8901886 0.8974143 0.8913370 0.8778569 0.9167077 0.9078275 0.9302147 0.8659079 0.8529600 0.8351200 0.8826414 0.9177160 0.9287271 0.9144959 0.8841802 0.8465745 0.9459631 0.8835444 0.9157409 0.9033197 0.9230426 0.8700847 0.9135542 0.9266167 0.9107376 0.9315700 0.9434491 0.9094373 0.9496953 0.9517743 0.8211954 0.7889998 0.7275508 1.1740281 0.7296766 0.6979403 0.7248941 0.7375573 0.7473311 0.7080745 0.6850838 0.7522042 0.7523529 0.7050738 0.7117936 0.6760365 0.7110308 0.7876201 0.7878074 0.8545020 0.8466536 0.8591533 2.0688407 2.1298681 2.1051875 2.9952702 
A1C.UG.99.99UGF25926.AF484491          0.5779129 0.6022079 0.5818769 0.6334503 0.6335273 0.6864441 0.6170422 0.6349213 0.6185984 0.4837221 0.4733604 0.4963729 0.4536694 0.4573986 0.4927499 0.5036716 0.4694695 0.5132456 0.5432907 0.4807415 0.0000000 0.5955447 0.6090204 0.6372089 0.6385260 0.6282978 0.6228867 0.6398181 0.7031359 0.7974952 0.7439737 0.8190952 0.7108674 0.6873605 0.7520943 0.7928752 0.7862002 0.7613177 0.7180802 0.8938027 0.8814004 0.8999821 0.8558032 0.9063193 0.9238349 0.9315812 0.9074105 0.9321167 0.9512475 0.9371770 0.9559041 0.8908311 0.8739568 0.8656622 0.8876353 0.9499300 0.9466309 0.9611047 0.8976238 0.8940721 0.9678029 0.9095546 0.9299173 0.9136158 0.9281021 0.9172192 0.9198171 0.9502589 0.9419115 0.9379347 0.9569499 0.9418564 1.0152646 0.9758993 0.8326386 0.7958332 0.7478402 1.2386625 0.6147599 0.5804489 0.6296855 0.6392871 0.6465326 0.5982544 0.5717261 0.6355593 0.6378591 0.6212948 0.6204087 0.5567236 0.6045268 0.6845454 0.6669683 0.7441483 0.7413234 0.8815573 2.0813545 2.1432630 2.1438771 2.9542669 
01_AE.CN.02.YN0236.JX112866            0.6067215 0.6422946 0.6456707 0.6859710 0.6789260 0.7454318 0.6485083 0.6785530 0.6548920 0.5715599 0.5583834 0.5851756 0.5252094 0.5434469 0.5752006 0.5268078 0.4982796 0.4210791 0.5481667 0.5874402 0.5955447 0.0000000 0.1570244 0.2010170 0.2070603 0.2018896 0.2160898 0.2459282 0.2912258 0.3614166 0.4633048 0.5346251 0.7368999 0.7277917 0.7840708 0.8199234 0.8093370 0.8392204 0.7702042 0.9130792 0.9143572 0.8939349 0.8715196 0.9263359 0.9397228 0.9617303 0.9339325 0.9151593 0.9553667 0.9576064 0.9502602 0.9270139 0.9069630 0.8804232 0.9236472 0.9764441 0.9594283 0.9539778 0.9400633 0.9136282 0.9860968 0.9294708 0.9955760 0.9504737 1.0022046 0.9675476 0.9585709 0.9648816 0.9727223 0.9832478 0.9968613 0.9467821 1.0117275 1.0047579 0.8383813 0.8259487 0.7839041 1.2214357 0.8599951 0.8175199 0.8429102 0.8572669 0.8891243 0.8083578 0.7881977 0.8511789 0.8713284 0.8262778 0.8413382 0.7884427 0.8226252 0.9223418 0.8928618 0.9621903 0.9648843 0.8972131 2.1712136 2.2510678 2.2107540 3.1318767 
01_AE.TH.99.99TH_C4460.AY945726        0.6278144 0.6459446 0.6685539 0.6970265 0.6744771 0.7449782 0.6675136 0.6955744 0.6763063 0.5654894 0.5779433 0.5837955 0.5338423 0.5514553 0.5803644 0.5235776 0.5085455 0.4430036 0.5626052 0.5900305 0.6090204 0.1570244 0.0000000 0.2080870 0.2166087 0.2050220 0.2140918 0.2500261 0.2937052 0.3658077 0.4807368 0.5526107 0.7540679 0.7428280 0.7916231 0.8286452 0.8347739 0.8360342 0.7735790 0.9277616 0.9612060 0.9383438 0.9226618 0.9576224 0.9896791 1.0216655 0.9932594 0.9624163 1.0026133 1.0151857 1.0018056 0.9822777 0.9312485 0.9283791 0.9630939 1.0135487 1.0011059 1.0057256 0.9752257 0.9485969 1.0290624 0.9807672 1.0171445 0.9961702 1.0194559 0.9994392 0.9939113 1.0100862 1.0164271 1.0154269 1.0375298 1.0139384 1.0545499 1.0408495 0.8714011 0.8659147 0.8072062 1.2513974 0.8694279 0.8447664 0.8598919 0.8695909 0.9021792 0.8426456 0.8304935 0.8605626 0.8813048 0.8639957 0.8609908 0.8198601 0.8641736 0.9315452 0.9067650 0.9908395 0.9949051 0.9205192 2.1861173 2.2403412 2.2234247 3.1729270 
01_AE.CN.07.07CNYN326.KF835513         0.6426538 0.6762956 0.6705856 0.7045100 0.7136654 0.7646087 0.6942792 0.7156953 0.6830860 0.5962479 0.6061915 0.6154619 0.5585207 0.5789127 0.6039448 0.5553902 0.5411482 0.4637339 0.5936612 0.6178208 0.6372089 0.2010170 0.2080870 0.0000000 0.2515059 0.2323667 0.2436537 0.2820051 0.3238516 0.3965956 0.5170076 0.5750277 0.7793473 0.7669466 0.8251800 0.8465838 0.8572119 0.8504391 0.8026480 0.9368986 0.9613008 0.9310623 0.9185686 0.9563884 0.9811816 0.9908778 0.9834654 0.9528444 1.0040834 1.0302758 0.9991095 0.9618786 0.9446890 0.9323477 0.9547220 1.0152628 1.0209701 1.0131131 0.9866874 0.9517359 1.0278247 0.9803584 1.0296979 1.0091578 1.0329743 1.0254182 1.0037683 1.0399060 1.0311479 1.0289521 1.0219138 1.0086700 1.0500544 1.0488765 0.8971304 0.8937650 0.8301172 1.2680381 0.8894530 0.8413335 0.8595167 0.8624749 0.8901168 0.8563250 0.8331050 0.8893392 0.8850686 0.8543261 0.8718592 0.8235939 0.8485602 0.9390204 0.9207846 0.9960875 1.0005009 0.9358710 2.1828547 2.2143667 2.2329640 3.1765669 
01_AE.CN.07.GX070143.JX112835          0.6537625 0.6826863 0.6906427 0.7320616 0.7252049 0.7745778 0.6910923 0.7322335 0.6857232 0.6053830 0.6157358 0.6334840 0.5797987 0.5972195 0.6125982 0.5740558 0.5547025 0.4823827 0.6086644 0.6295352 0.6385260 0.2070603 0.2166087 0.2515059 0.0000000 0.2423508 0.2603673 0.2898098 0.3395441 0.4079828 0.5137275 0.5855505 0.7955118 0.7711285 0.8313997 0.8495440 0.8707227 0.8886591 0.8246398 0.9521609 0.9700253 0.9764878 0.9329904 0.9863788 0.9948855 1.0139415 1.0138074 0.9563338 1.0101032 1.0081655 1.0155049 0.9941858 0.9507778 0.9487594 0.9899532 1.0349812 1.0235822 1.0263985 1.0055079 0.9431587 1.0529626 0.9765366 1.0229654 1.0093561 1.0305478 1.0226404 1.0130029 1.0332978 1.0173699 1.0351012 1.0537355 1.0257396 1.0597037 1.0569897 0.9179521 0.8796349 0.8295140 1.3166798 0.9158749 0.8568430 0.8781956 0.8992933 0.8981972 0.8669886 0.8610297 0.8955212 0.9386605 0.8710007 0.8656301 0.8430035 0.8733459 0.9553836 0.9263650 1.0169565 0.9970151 0.9374966 2.2451927 2.3059300 2.2646520 3.1293039 
01_AE.TH.07.AA030a04.JX447057          0.6299075 0.6617068 0.6807713 0.7019953 0.7009706 0.7582467 0.6774313 0.7154810 0.6780216 0.5800739 0.5924144 0.6121914 0.5496598 0.5666608 0.5993404 0.5418838 0.5240497 0.4518752 0.5816716 0.6051912 0.6282978 0.2018896 0.2050220 0.2323667 0.2423508 0.0000000 0.2403206 0.2720039 0.3214556 0.3922832 0.5082048 0.5632564 0.7715184 0.7597213 0.8119963 0.8440203 0.8348030 0.8673212 0.8025577 0.9557278 0.9458509 0.9269930 0.9115003 0.9703068 0.9737568 1.0123292 0.9930100 0.9628028 0.9923245 1.0015692 0.9906386 0.9726497 0.9620829 0.9246309 0.9651416 1.0308457 0.9928890 0.9994885 0.9644846 0.9559687 1.0110916 0.9891052 1.0343445 1.0104051 1.0334052 1.0019983 1.0014464 1.0284747 1.0028135 1.0196616 1.0493287 1.0116787 1.0356394 1.0742230 0.8802321 0.8574637 0.8126439 1.2755695 0.8780394 0.8385302 0.8706871 0.8654660 0.8903275 0.8474128 0.8372363 0.8830807 0.8972162 0.8613057 0.8564126 0.8099055 0.8601121 0.9488783 0.9186102 0.9884924 0.9758363 0.9377359 2.1937526 2.2729720 2.2534803 3.1659250 
01_AE.TH.05.AA101a_WG1.JX447936        0.6255016 0.6531219 0.6595078 0.6996740 0.6997839 0.7472550 0.6582498 0.6881129 0.6820578 0.5845932 0.5797215 0.6114612 0.5534387 0.5562757 0.5993767 0.5446664 0.5262934 0.4552328 0.5742260 0.6003253 0.6228867 0.2160898 0.2140918 0.2436537 0.2603673 0.2403206 0.0000000 0.2600905 0.3249775 0.4034241 0.4799724 0.5491423 0.7518241 0.7492470 0.8022906 0.8361609 0.8322085 0.8397518 0.7805296 0.9322756 0.9417424 0.9355181 0.9079102 0.9560016 0.9676246 0.9711968 0.9720939 0.9457411 0.9853711 1.0099009 0.9771226 0.9572976 0.9495163 0.9153764 0.9553227 1.0331640 0.9773097 1.0091873 0.9573267 0.9321684 1.0242746 0.9631146 1.0110125 1.0020639 1.0271149 0.9900409 0.9853413 1.0125923 0.9957867 1.0171172 1.0558655 0.9951613 1.0245914 1.0246763 0.8736364 0.8613561 0.8093378 1.2421355 0.8902605 0.8453974 0.8539554 0.8868047 0.8953160 0.8627963 0.8209223 0.8773209 0.8979341 0.8454849 0.8594356 0.8148277 0.8540250 0.9372539 0.9268234 1.0008507 1.0014166 0.9097972 2.1859320 2.2145013 2.2371356 3.0904084 
01_AE.CN.07.07CNYN343.KF835528         0.6556873 0.6796892 0.6745510 0.7007909 0.7143616 0.7800320 0.6794437 0.7163180 0.6860476 0.6031486 0.6121195 0.6236397 0.5604085 0.5879738 0.6149556 0.5632777 0.5302671 0.4735822 0.5933537 0.6229182 0.6398181 0.2459282 0.2500261 0.2820051 0.2898098 0.2720039 0.2600905 0.0000000 0.3539321 0.4235365 0.5088110 0.5753205 0.7613485 0.7450448 0.8110826 0.8324513 0.8463961 0.8653248 0.8094998 0.9475487 0.9515417 0.9299975 0.9191960 0.9446609 0.9714269 0.9949623 0.9957460 0.9587441 1.0065652 1.0112394 0.9871086 0.9778495 0.9534869 0.9435467 0.9732397 1.0326502 1.0023922 0.9926644 0.9710514 0.9495224 1.0277651 0.9695136 1.0269035 0.9973365 1.0250466 0.9977394 1.0211700 1.0320200 1.0227766 1.0378490 1.0398242 1.0425747 1.0439612 1.0622501 0.8978849 0.8883789 0.8329721 1.2804309 0.8918770 0.8518460 0.8639936 0.8766555 0.9101555 0.8657008 0.8433800 0.8949348 0.9197066 0.8621304 0.8720566 0.8204938 0.8664313 0.9530643 0.9142917 1.0048777 1.0127411 0.9239262 2.1816083 2.2642244 2.2166995 3.0879005 
01BC.CN.13.SZ95LS8027.KX379000         0.7229161 0.7442427 0.7689527 0.8021013 0.7845999 0.8525221 0.7635620 0.7846788 0.7547096 0.6839767 0.6714404 0.6939835 0.6272272 0.6479830 0.6927454 0.6332684 0.6126460 0.5506754 0.6731541 0.6924583 0.7031359 0.2912258 0.2937052 0.3238516 0.3395441 0.3214556 0.3249775 0.3539321 0.0000000 0.4868102 0.5786585 0.6470994 0.8549678 0.8319613 0.9037614 0.9218603 0.9173493 0.9484910 0.8891314 1.0405834 1.0626302 1.0598980 1.0181065 1.0756165 1.0682231 1.0732381 1.0808124 1.0547339 1.0939720 1.1186339 1.1088824 1.0792008 1.0266830 1.0106971 1.0769042 1.1121371 1.0691602 1.1052038 1.0849141 1.0357331 1.1252306 1.0577980 1.1048977 1.0886025 1.1186529 1.0741337 1.0670141 1.1134073 1.0853070 1.0969316 1.1205171 1.0986277 1.1424100 1.1338414 1.0030923 0.9715013 0.9026046 1.3494609 0.9389237 0.9284934 0.9412382 0.9579481 0.9825767 0.9296426 0.9107344 0.9640952 0.9855474 0.9380528 0.9623883 0.9171456 0.9157779 1.0339010 0.9897034 1.0818376 1.0898486 1.0027970 2.3054123 2.3635133 2.3288341 3.2935364 
69_01B.JP.05.05JPMYC113SP420.LC027100  0.7944907 0.8274566 0.8240311 0.8562485 0.8494204 0.9083031 0.8225530 0.8556651 0.8247841 0.7655907 0.7580225 0.7759783 0.7029560 0.7454441 0.7860150 0.7225093 0.6767235 0.6199771 0.7407470 0.7798637 0.7974952 0.3614166 0.3658077 0.3965956 0.4079828 0.3922832 0.4034241 0.4235365 0.4868102 0.0000000 0.6477868 0.7279453 0.9291499 0.8834562 0.9598024 0.9761063 0.9861445 1.0010896 0.9571887 1.1266590 1.1217414 1.1103784 1.0878668 1.1416805 1.1474892 1.1568603 1.1468878 1.1119500 1.1642815 1.1561264 1.1834553 1.1454521 1.1179694 1.1094894 1.1382573 1.2079274 1.1870260 1.1696214 1.1420647 1.0903033 1.2120305 1.1221077 1.1812838 1.1665547 1.1771867 1.1573189 1.1600633 1.2209498 1.1936631 1.1965860 1.2005656 1.1891476 1.2201251 1.2076987 1.0343009 1.0108504 0.9738112 1.4410721 1.0487553 1.0218439 1.0318883 1.0426465 1.0924056 0.9966015 1.0004067 1.0382116 1.0446167 1.0288570 1.0183872 0.9820358 1.0175198 1.1173495 1.0779895 1.1750053 1.1636271 1.0819403 2.4341959 2.3992028 2.3853741 3.2420647 
0107.CN.15.HB041501.KY019257           0.7677512 0.7780094 0.7771309 0.8333644 0.8400289 0.8644697 0.7831425 0.8010179 0.8199445 0.7103134 0.7239785 0.7315197 0.6783899 0.6868810 0.7179054 0.6513774 0.6565672 0.5958886 0.7162003 0.7353617 0.7439737 0.4633048 0.4807368 0.5170076 0.5137275 0.5082048 0.4799724 0.5088110 0.5786585 0.6477868 0.0000000 0.4258270 0.8732907 0.8508922 0.9035044 0.9444679 0.9535644 0.9772351 0.9022955 1.0647723 1.0735383 1.0668719 1.0530313 1.0997821 1.1005312 1.1209062 1.0930665 1.0751101 1.1222657 1.1288941 1.1081644 1.0776494 1.0497567 1.0393024 1.0756717 1.1473103 1.0988644 1.1205254 1.1037437 1.0718509 1.1540946 1.0828308 1.1330549 1.0975620 1.1263831 1.1018761 1.1063435 1.1423759 1.0988154 1.1452873 1.1315321 1.1278560 1.1597144 1.1705829 1.0024597 0.9813534 0.9118664 1.3611313 1.0145291 0.9712460 1.0021739 0.9968627 1.0250085 0.9631608 0.9538314 1.0084762 1.0094479 0.9939884 0.9767457 0.9328993 0.9646367 1.0747800 1.0413150 1.1612538 1.1247183 1.0685232 2.3176215 2.4145179 2.3532990 3.2421668 
01BC.CN.14.BJ.2014.MSM.SP01.KP668994   0.8275039 0.8435723 0.8490613 0.8754870 0.8978869 0.9424401 0.8863417 0.8816403 0.8963010 0.7909805 0.8074434 0.8171353 0.7577466 0.7727586 0.7967011 0.7127440 0.7282984 0.6602947 0.7877826 0.7963463 0.8190952 0.5346251 0.5526107 0.5750277 0.5855505 0.5632564 0.5491423 0.5753205 0.6470994 0.7279453 0.4258270 0.0000000 0.9455751 0.9583329 1.0065445 1.0215057 1.0559847 1.0529025 0.9927357 1.1156230 1.1445663 1.1288300 1.1035391 1.1775935 1.1533990 1.1645440 1.1698484 1.1587272 1.1963176 1.1870138 1.1523300 1.1461805 1.1139526 1.1041725 1.1554383 1.2078019 1.1677728 1.1930861 1.1417194 1.1335855 1.2218081 1.1330738 1.2244301 1.1707104 1.1924718 1.1561415 1.1511455 1.1916602 1.1656370 1.2386737 1.2082161 1.1821916 1.2548272 1.2499528 1.0804923 1.0582466 1.0008262 1.3986234 1.0742517 1.0387791 1.0636656 1.0908073 1.1034360 1.0352371 1.0377873 1.0761820 1.0626510 1.0341358 1.0397133 1.0043925 1.0417050 1.1526422 1.1177256 1.2008054 1.2116271 1.1031057 2.3899350 2.4923032 2.4403220 3.2802438 
93_cpx.CD.08.DRC653.MF372651           0.4868786 0.5133587 0.5204334 0.5340692 0.5458544 0.6028328 0.5200119 0.5554828 0.5692753 0.6731963 0.6609330 0.6687877 0.6285196 0.6166046 0.6791926 0.6478021 0.6146676 0.6555491 0.5465110 0.6807173 0.7108674 0.7368999 0.7540679 0.7793473 0.7955118 0.7715184 0.7518241 0.7613485 0.8549678 0.9291499 0.8732907 0.9455751 0.0000000 0.6392546 0.6850458 0.7143090 0.7395027 0.6750597 0.7451837 0.8797355 0.8593194 0.8718780 0.8236922 0.8838236 0.8783965 0.9150184 0.9052258 0.8882325 0.8942668 0.9123591 0.9363140 0.8746022 0.8571226 0.8537218 0.8975146 0.9500468 0.9198749 0.9549253 0.8919770 0.8630155 0.9601422 0.8784520 0.9115473 0.8893025 0.9007950 0.9005506 0.9150744 0.9327993 0.9264629 0.9251755 0.9540790 0.9246708 0.9814010 0.9848798 0.8225926 0.8016946 0.7413852 1.2035630 0.9782434 0.9221884 0.9418694 0.9699216 0.9934473 0.9430130 0.9153324 0.9972382 0.9781201 0.9358906 0.9500733 0.9096463 0.9196738 1.0178364 1.0377302 1.0988922 1.0748034 0.8443827 1.9614006 2.0099803 1.9626713 2.8058243 
G.NG.92.92NG083_JV10832.U88826         0.5177989 0.5433869 0.5293847 0.5606110 0.5730249 0.6284228 0.5463476 0.5646459 0.5194887 0.6564165 0.6424567 0.6711059 0.6301592 0.6170033 0.6894900 0.6397222 0.5897858 0.6535703 0.5529641 0.6680385 0.6873605 0.7277917 0.7428280 0.7669466 0.7711285 0.7597213 0.7492470 0.7450448 0.8319613 0.8834562 0.8508922 0.9583329 0.6392546 0.0000000 0.3469930 0.3880494 0.3897541 0.7257328 0.7096465 0.8856399 0.8768554 0.8989191 0.8326278 0.9013185 0.9027042 0.9203013 0.9064796 0.8859664 0.9563172 0.9300462 0.9349779 0.8798987 0.8363610 0.8664781 0.9053296 0.9484016 0.9411154 0.9275077 0.8785346 0.8522566 0.9558850 0.8993988 0.9403097 0.9255360 0.9173677 0.8972981 0.9129837 0.9446578 0.9358129 0.9483067 0.9843917 0.9389711 0.9940316 0.9749880 0.8271541 0.7734733 0.7299200 1.2015129 0.9279527 0.9002575 0.9237482 0.9374437 0.9654059 0.8913236 0.8785821 0.9554119 0.9440680 0.9082196 0.9096380 0.8962997 0.8896543 0.9697776 0.9752777 1.0422401 1.0618574 0.8511101 2.0866395 2.1162188 2.1002911 2.8766336 
G.NG.09.09NG010261.KX389626            0.5653683 0.5855279 0.5844783 0.6227137 0.6233411 0.6831386 0.6017688 0.6261039 0.5845337 0.7092828 0.7059096 0.7360426 0.6799413 0.6814396 0.7303203 0.6816339 0.6407217 0.7024692 0.6049196 0.7474854 0.7520943 0.7840708 0.7916231 0.8251800 0.8313997 0.8119963 0.8022906 0.8110826 0.9037614 0.9598024 0.9035044 1.0065445 0.6850458 0.3469930 0.0000000 0.4442761 0.4645164 0.7561752 0.7511477 0.9263190 0.9166935 0.9423916 0.8797249 0.9481968 0.9562686 0.9681835 0.9568877 0.9245142 0.9566150 0.9837718 0.9535101 0.9193107 0.9291038 0.8992334 0.9212738 1.0096129 0.9684414 0.9843738 0.9198151 0.8962303 0.9972000 0.9342498 0.9642314 0.9706418 0.9617622 0.9353458 0.9455244 0.9722771 0.9621146 0.9824722 0.9961855 0.9609188 1.0216304 1.0235947 0.8943615 0.8267700 0.7767480 1.2185515 1.0362726 0.9589612 0.9986040 1.0220491 1.0309419 0.9772329 0.9480794 1.0247219 1.0386126 0.9722841 0.9473319 0.9536338 0.9699344 1.0645304 1.0621648 1.1236196 1.1289773 0.8928210 2.1069670 2.1411171 2.1067630 2.9358117 
01F2G.CM.02.LT31.JN864056              0.5957260 0.6248449 0.6196759 0.6510929 0.6543297 0.6965028 0.6423178 0.6520365 0.6031449 0.7310653 0.7248226 0.7665302 0.7052108 0.6903298 0.7595765 0.7241134 0.6717178 0.7199934 0.6284863 0.7446041 0.7928752 0.8199234 0.8286452 0.8465838 0.8495440 0.8440203 0.8361609 0.8324513 0.9218603 0.9761063 0.9444679 1.0215057 0.7143090 0.3880494 0.4442761 0.0000000 0.3986881 0.8068779 0.7769057 0.9683829 0.9686272 0.9661480 0.9023123 0.9742542 0.9871623 1.0181888 0.9889778 0.9706359 0.9859322 1.0094901 0.9964630 0.9652078 0.9490835 0.9235192 0.9648593 1.0350393 1.0209990 1.0198136 0.9762136 0.9344010 1.0318647 0.9755698 1.0139745 1.0003525 0.9886153 0.9706427 0.9931126 0.9982814 1.0191243 1.0148613 1.0606614 1.0248319 1.0552259 1.0227262 0.9154585 0.8586578 0.8214979 1.2860959 1.0658684 0.9765903 1.0216323 1.0119567 1.0465762 0.9682455 0.9752798 1.0591554 1.0605551 0.9964815 0.9925243 0.9633653 0.9642254 1.0842071 1.0650366 1.1311328 1.1500308 0.9591572 2.1621008 2.2102923 2.2222959 2.9323847 
BCG.ES.15.100_119.KY496623             0.6249051 0.6286988 0.6250268 0.6609082 0.6680908 0.7144708 0.6541106 0.6722103 0.6093120 0.7493528 0.7241367 0.7629347 0.7250582 0.7265457 0.7872627 0.7096570 0.6834132 0.7427947 0.6490546 0.7736525 0.7862002 0.8093370 0.8347739 0.8572119 0.8707227 0.8348030 0.8322085 0.8463961 0.9173493 0.9861445 0.9535644 1.0559847 0.7395027 0.3897541 0.4645164 0.3986881 0.0000000 0.8028895 0.7884846 0.9810471 0.9609193 0.9748115 0.9074619 0.9590921 0.9855573 1.0093017 0.9832230 0.9865937 1.0010707 1.0131335 1.0339565 0.9547611 0.9530338 0.9600232 0.9813713 1.0355487 1.0371818 1.0308753 0.9775003 0.9454058 1.0715168 0.9613258 1.0047825 1.0114967 1.0039385 0.9896885 0.9794627 1.0107144 1.0322092 1.0505978 1.0805922 1.0266183 1.0846858 1.0736874 0.9405050 0.8769014 0.8302503 1.2452908 1.0325981 0.9999182 1.0210543 1.0172564 1.0696237 0.9843904 0.9848756 1.0414199 1.0273811 0.9995268 1.0103065 0.9595949 0.9904503 1.0723559 1.0600816 1.1345122 1.1417773 0.9329615 2.2155717 2.2450563 2.2218766 2.9045406 
06_cpx.SN.97.97SE1078.AJ288981         0.5179144 0.5290647 0.5213366 0.5622258 0.5807971 0.6152128 0.5790808 0.6028833 0.6470356 0.7497490 0.7586365 0.7690970 0.7259881 0.7151415 0.7635330 0.7265402 0.6982688 0.7322668 0.6434121 0.7624553 0.7613177 0.8392204 0.8360342 0.8504391 0.8886591 0.8673212 0.8397518 0.8653248 0.9484910 1.0010896 0.9772351 1.0529025 0.6750597 0.7257328 0.7561752 0.8068779 0.8028895 0.0000000 0.8044994 0.9605704 0.9603991 0.9682885 0.9230394 0.9861169 0.9576820 0.9933967 0.9704518 0.9659230 0.9876425 0.9941423 1.0163161 0.9620254 0.9584428 0.9455839 0.9745517 1.0163144 1.0399121 0.9962545 0.9670737 0.9435081 1.0404416 0.9687520 0.9935609 1.0068678 0.9987549 0.9527944 0.9753162 1.0156956 0.9869020 1.0218194 1.0223608 0.9981824 1.0611213 1.0394534 0.9249974 0.8529739 0.8302861 1.2590518 1.0258648 1.0061158 1.0020953 1.0085082 1.0539899 0.9917232 0.9529888 1.0499716 1.0187779 1.0084506 0.9862869 0.9596316 0.9900324 1.0749292 1.0801524 1.1627266 1.1669431 0.9404774 1.9908047 2.0821688 2.0056741 2.7800022 
