100
02A1.GH.97.97GH_AG2.AB052867           0.0000000 0.3400284 0.3437131 0.3622179 0.3458703 0.4185819 0.3862830 0.4077332 0.4487724 0.5535618 0.5438289 0.5675678 0.5137664 0.5149836 0.5646506 0.5286576 0.4947075 0.5262149 0.4429205 0.5720362 0.5781697 0.6070041 0.6281160 0.6429729 0.6540909 0.6302114 0.6258010 0.6560180 0.7233207 0.7949839 0.7682075 0.8280381 0.4870612 0.5180079 0.5656153 0.5960001 0.6252078 0.5181234 0.6018680 0.7732455 0.7441795 0.7519737 0.7179879 0.7683523 0.7767047 0.7744579 0.7635881 0.7743465 0.7834744 0.7821188 0.8018729 0.7401401 0.7311101 0.7446750 0.7703436 0.8429126 0.8008797 0.8076811 0.7738871 0.7647819 0.8280391 0.7810803 0.8038728 0.8172995 0.7914484 0.7791735 0.7821568 0.8122804 0.8124906 0.8141725 0.8492994 0.8067165 0.8629600 0.8288117 0.6971331 0.6682821 0.6357213 1.0438018 0.8360857 0.7853506 0.7886912 0.8159548 0.8293838 0.7902586 0.7587180 0.8408035 0.8321605 0.7998694 0.8095477 0.7709944 0.7866393 0.8727560 0.8507088 0.9498942 0.9259466 0.7473585 1.8257254 1.8669523 1.8118684 2.6240188 
02_AG.CM.02.02CM_3217MN.GU201514       0.3400284 0.0000000 0.2468032 0.2723616 0.3941956 0.3473311 0.4024937 0.4256919 0.4566500 0.5604571 0.5570093 0.5834714 0.5318962 0.5290865 0.5916328 0.5420329 0.5031569 0.5515480 0.4482892 0.5723151 0.6024879 0.6426133 0.6462670 0.6766508 0.6830464 0.6620447 0.6534494 0.6800447 0.7446715 0.8279883 0.7784790 0.8441319 0.5135643 0.5436149 0.5857940 0.6251467 0.6290055 0.5292812 0.6055396 0.7779561 0.7930215 0.7812033 0.7533366 0.7890702 0.7827731 0.8231098 0.8292432 0.7904477 0.8284576 0.8206574 0.8381023 0.7820093 0.7706158 0.7675380 0.7868429 0.8468060 0.8400514 0.8282644 0.8066526 0.7747982 0.8616995 0.7904235 0.8295892 0.8062847 0.8104565 0.7951292 0.8005560 0.8410163 0.8238881 0.8334934 0.8544474 0.8470480 0.8758725 0.8729138 0.7466761 0.6916855 0.6582465 1.0454362 0.8609931 0.8151120 0.8363548 0.8684219 0.8656829 0.8331906 0.7867854 0.8716583 0.8521715 0.8288172 0.8331720 0.7960283 0.7989004 0.9158791 0.9047939 1.0079379 0.9836114 0.7585950 1.7689149 1.8169231 1.7943631 2.6810780 
02_AG.GW.04.CC_0030.FJ694791           0.3437131 0.2468032 0.0000000 0.2879037 0.3869907 0.3510720 0.4053070 0.4299759 0.4482796 0.5730111 0.5558762 0.5828933 0.5299547 0.5249431 0.5804856 0.5479023 0.5024571 0.5522035 0.4626302 0.5652579 0.5821395 0.6459939 0.6689015 0.6709351 0.6910129 0.6811306 0.6598454 0.6749048 0.7694125 0.8245633 0.7776046 0.8496308 0.5206444 0.5296046 0.5847479 0.6199760 0.6253320 0.5215487 0.6065631 0.7762808 0.7881372 0.7933587 0.7451581 0.8104830 0.7990031 0.8198189 0.8171927 0.7921860 0.8338601 0.8422837 0.8463143 0.7890537 0.7784552 0.7761965 0.8020211 0.8450660 0.8448003 0.8542707 0.7904726 0.7622469 0.8578229 0.8131471 0.8267204 0.8229746 0.8087605 0.8069233 0.7956198 0.8478506 0.8550611 0.8554105 0.8773506 0.8447586 0.8863383 0.8819716 0.7406335 0.7061993 0.6526807 1.0749838 0.8660363 0.8096837 0.8135499 0.8321177 0.8608679 0.8132395 0.7762025 0.8781527 0.8407512 0.8303417 0.8187381 0.7989658 0.8023885 0.9148491 0.8964883 0.9948198 0.9696577 0.7698667 1.7422221 1.7864021 1.7918696 2.6376857 
02_AG.GW.14.DE00214GW009.MH078544      0.3622179 0.2723616 0.2879037 0.0000000 0.4210214 0.3815504 0.4342272 0.4592700 0.4974239 0.6117310 0.6157634 0.6082786 0.5650354 0.5726393 0.6368248 0.5788037 0.5456799 0.6007849 0.4911764 0.6144587 0.6337610 0.6863335 0.6974016 0.7048959 0.7324749 0.7023753 0.7000519 0.7011701 0.8026001 0.8568164 0.8339043 0.8760815 0.5342927 0.5608564 0.6230172 0.6514223 0.6612469 0.5624730 0.6376834 0.8102738 0.7979388 0.8096310 0.7677161 0.8147336 0.8189465 0.8436822 0.8392809 0.8114603 0.8389545 0.8411418 0.8620443 0.8040329 0.7984593 0.7906894 0.8194889 0.8615465 0.8519494 0.8631382 0.8184016 0.7902913 0.8854633 0.8244435 0.8690169 0.8549330 0.8414505 0.8350661 0.8114473 0.8740143 0.8622640 0.8615672 0.8906900 0.8677671 0.9050186 0.8872254 0.7704318 0.7206371 0.6849832 1.0885311 0.8973998 0.8496546 0.8529764 0.8743607 0.8910719 0.8571481 0.8209616 0.9064253 0.8881248 0.8578597 0.8527765 0.8132001 0.8317741 0.9281396 0.9225828 1.0085586 1.0050174 0.7953062 1.8463582 1.8686507 1.9194659 2.6964336 
02A.CI.16.DEURF16CI011.MH078538        0.3458703 0.3941956 0.3869907 0.4210214 0.0000000 0.4756717 0.4396543 0.4701631 0.5050821 0.6074734 0.6050302 0.6276349 0.5767747 0.5776809 0.6202640 0.5893463 0.5354346 0.5869190 0.4995493 0.5981315 0.6338382 0.6792843 0.6748295 0.7140631 0.7256132 0.7013513 0.7001645 0.7147585 0.7850778 0.8499823 0.8405796 0.8985164 0.5460856 0.5732816 0.6236424 0.6546628 0.6684388 0.5810590 0.6515167 0.8115605 0.7932654 0.8123498 0.7679132 0.8364676 0.8266386 0.8420165 0.8183022 0.8168974 0.8464627 0.8499912 0.8613124 0.8043912 0.8023732 0.7842462 0.8313479 0.8722570 0.8658622 0.8737574 0.8336524 0.7959647 0.8868986 0.8444659 0.8485279 0.8384850 0.8342994 0.8367964 0.8254123 0.8615374 0.8710251 0.8825965 0.8835059 0.8675345 0.9297482 0.8922359 0.7649794 0.7257239 0.6723375 1.1235665 0.9112946 0.8401107 0.8646796 0.8949992 0.8828943 0.8664231 0.8392016 0.8897367 0.8865105 0.8580140 0.8546146 0.8328952 0.8585080 0.9578545 0.9090605 1.0271240 1.0074089 0.8099865 1.8363593 1.9282216 1.8743064 2.6972676 
02D.GH.03.GHNJ193.AB231897             0.4185819 0.3473311 0.3510720 0.3815504 0.4756717 0.0000000 0.5033171 0.5138424 0.5508926 0.6548128 0.6319236 0.6782395 0.6113206 0.6131695 0.6693331 0.6326363 0.6039608 0.6483353 0.5502068 0.6558429 0.6868085 0.7458609 0.7454089 0.7650631 0.7750403 0.7586916 0.7476874 0.7805039 0.8530856 0.9089390 0.8650534 0.9431327 0.6031156 0.6287298 0.6835031 0.6968772 0.7148660 0.6155039 0.7108752 0.8797054 0.8584775 0.8705379 0.8450816 0.8985749 0.8972408 0.8940047 0.8919415 0.8999043 0.9231189 0.9231388 0.9189273 0.8635293 0.8776487 0.8589262 0.8666089 0.9461599 0.9502424 0.9508559 0.9135810 0.8627879 0.9764010 0.8944663 0.9434939 0.9430543 0.9263279 0.8930349 0.8954670 0.9612475 0.9493131 0.9368548 0.9709717 0.9527712 1.0004551 0.9809789 0.8393697 0.7972403 0.7604085 1.1894709 0.9577969 0.9166052 0.9152561 0.9459730 0.9502597 0.9332822 0.8919848 0.9777652 0.9441519 0.9353812 0.9287679 0.8826078 0.8968908 1.0212063 0.9765474 1.0712255 1.0532281 0.8686084 1.8891712 1.9632053 1.9189343 2.6977567 
0206.SN.12.LA56Senegl.KU168299         0.3862830 0.4024937 0.4053070 0.4342272 0.4396543 0.5033171 0.0000000 0.3969576 0.4754536 0.5886809 0.5805990 0.5772148 0.5431411 0.5368417 0.5887877 0.5633001 0.5182098 0.5773050 0.4739025 0.5779082 0.6173364 0.6488326 0.6678596 0.6946540 0.6914614 0.6777874 0.6585852 0.6798025 0.7640154 0.8230810 0.7836200 0.8869593 0.5202237 0.5465811 0.6020497 0.6426390 0.6544448 0.5793397 0.6276750 0.7728973 0.7544944 0.7594707 0.7146351 0.7969040 0.7663318 0.8002743 0.7743007 0.7691854 0.7897405 0.8069173 0.8005318 0.7652214 0.7591307 0.7540535 0.7822944 0.8311856 0.8283409 0.8078443 0.7713819 0.7572502 0.8494877 0.7886019 0.8065096 0.7990948 0.7974948 0.7870854 0.8004356 0.8531729 0.8101037 0.8271961 0.8552241 0.8099497 0.8498560 0.8560588 0.7296779 0.6880491 0.6475456 1.0753736 0.8717104 0.8325824 0.8426167 0.8469552 0.8852646 0.8185633 0.7996783 0.8585433 0.8830902 0.8297732 0.8243513 0.8223777 0.8264615 0.9201141 0.9003411 0.9930589 0.9980368 0.7887773 1.8956003 1.9579495 1.9381159 2.7604567 
U.ES.10.DEURF10DZ001.JX140679          0.4077332 0.4256919 0.4299759 0.4592700 0.4701631 0.5138424 0.3969576 0.0000000 0.4964623 0.6138246 0.6108883 0.6228666 0.5791210 0.5562779 0.6098643 0.5870180 0.5461335 0.5925287 0.5075613 0.6266147 0.6352320 0.6789093 0.6959499 0.7160949 0.7326493 0.7158789 0.6884793 0.7167189 0.7851627 0.8562437 0.8015210 0.8822483 0.5557215 0.5648946 0.6264096 0.6523678 0.6725619 0.6031649 0.6585942 0.8060224 0.8095690 0.7973126 0.7637649 0.8350938 0.8190108 0.8404565 0.8275672 0.8215366 0.8559362 0.8317809 0.8570238 0.7966555 0.8068199 0.7974238 0.8154756 0.8707874 0.8602493 0.8544667 0.8165585 0.7924467 0.8814369 0.8270091 0.8401882 0.8177688 0.8342235 0.8298656 0.8312736 0.8620089 0.8471771 0.8753769 0.8901188 0.8636869 0.9134848 0.8994409 0.7544314 0.7265987 0.6735819 1.1178541 0.8922600 0.8425184 0.8661498 0.8964965 0.9197532 0.8580164 0.8401052 0.8999720 0.8994859 0.8546017 0.8516319 0.8176804 0.8412976 0.9422502 0.9385123 1.0414479 1.0155269 0.7897378 1.8929453 1.9698007 1.9969539 2.7654862 
AGU.CM.06.770_8.MH705142               0.4487724 0.4566500 0.4482796 0.4974239 0.5050821 0.5508926 0.4754536 0.4964623 0.0000000 0.5812359 0.5687436 0.5879219 0.5371224 0.5277633 0.6048637 0.5644030 0.5061275 0.5695574 0.4781639 0.5742581 0.6188947 0.6552219 0.6766575 0.6834458 0.6860858 0.6783752 0.6824145 0.6864115 0.7551511 0.8253119 0.8204693 0.8969324 0.5695259 0.5196996 0.5848015 0.6034257 0.6095990 0.6473569 0.6343194 0.7986594 0.7765450 0.8126397 0.7598535 0.8153440 0.8121269 0.8378925 0.8396514 0.7848597 0.8418382 0.8294187 0.8474712 0.7863986 0.7827108 0.7772920 0.8139563 0.8487003 0.8547776 0.8355578 0.8054450 0.7809513 0.8560014 0.8294993 0.8531865 0.8437562 0.8488894 0.8044273 0.8173350 0.8512397 0.8587614 0.8729365 0.8713643 0.8419520 0.8911233 0.8804125 0.7496708 0.7232266 0.6647187 1.1026035 0.8870255 0.8250350 0.8493205 0.8639523 0.8838351 0.8207576 0.8072376 0.8808059 0.8724541 0.8471889 0.8364701 0.8156691 0.8059257 0.9342655 0.8888545 0.9981042 0.9749686 0.7875790 1.9445045 2.0405621 2.0616397 2.8101000 
A1.KE.06.06KECst_028.FJ623479          0.5535618 0.5604571 0.5730111 0.6117310 0.6074734 0.6548128 0.5886809 0.6138246 0.5812359 0.0000000 0.3209036 0.4297179 0.3763453 0.3947272 0.4022142 0.4735139 0.4346435 0.4948616 0.4958908 0.4574496 0.4839061 0.5718133 0.5657387 0.5965246 0.6056687 0.5803374 0.5848584 0.6034330 0.6843424 0.7660511 0.7107106 0.7914743 0.6735545 0.6567547 0.7096774 0.7314841 0.7497942 0.7501911 0.6938425 0.8607549 0.8393069 0.8638598 0.8120958 0.8794324 0.8811665 0.8731990 0.8938663 0.8754165 0.8976927 0.9054872 0.9102062 0.8551012 0.8490704 0.8350524 0.8557822 0.9181863 0.9059364 0.9152447 0.8538460 0.8507280 0.9219317 0.8708726 0.9087259 0.8758322 0.9116670 0.8631536 0.8970627 0.8959371 0.8876021 0.9387987 0.9476899 0.9362874 0.9842621 0.9415944 0.7952767 0.7562081 0.7088494 1.1693474 0.7457628 0.7147551 0.7159795 0.7168790 0.7435205 0.6890904 0.6753845 0.7306137 0.7350341 0.6933161 0.7136596 0.6798522 0.6869331 0.7962876 0.7761862 0.8536216 0.8303374 0.8358382 2.0461599 2.1486974 2.0203827 2.9230584 
A1.KE.06.06KECst_013.FJ623485          0.5438289 0.5570093 0.5558762 0.6157634 0.6050302 0.6319236 0.5805990 0.6108883 0.5687436 0.3209036 0.0000000 0.4176927 0.3666983 0.3900076 0.3939092 0.4753604 0.4152832 0.4719491 0.4917605 0.4436102 0.4735366 0.5586249 0.5782030 0.6064775 0.6160277 0.5926866 0.5799819 0.6124108 0.6717920 0.7584706 0.7243893 0.8079563 0.6612728 0.6427779 0.7062998 0.7252324 0.7245481 0.7590842 0.6795742 0.8509706 0.8483005 0.8580406 0.8170483 0.8637755 0.8971469 0.8806976 0.8901946 0.8810399 0.8986230 0.9223811 0.9089539 0.8447950 0.8425121 0.8184629 0.8571690 0.9288169 0.9266487 0.9290837 0.8611161 0.8281912 0.9247394 0.8896574 0.9016065 0.8697125 0.8964989 0.8656575 0.8704096 0.9049247 0.8912582 0.9269334 0.9308273 0.9124832 0.9791415 0.9613394 0.7954370 0.7514696 0.7259366 1.1598070 0.7238005 0.6787018 0.7203380 0.7153354 0.7366206 0.6978625 0.6726518 0.7357940 0.7214788 0.7047267 0.7250272 0.6633968 0.6794526 0.7973171 0.7598197 0.8597104 0.8439315 0.8197483 2.1042705 2.1667068 2.1144363 2.9688609 
A1.CY.07.CY208.JF683760                0.5675678 0.5834714 0.5828933 0.6082786 0.6276349 0.6782395 0.5772148 0.6228666 0.5879219 0.4297179 0.4176927 0.0000000 0.2420761 0.4212548 0.4441015 0.4878176 0.4649652 0.5055084 0.5099672 0.4754521 0.4965642 0.5854408 0.5840612 0.6157554 0.6337947 0.6124825 0.6117513 0.6239423 0.6943568 0.7764471 0.7319375 0.8176618 0.6691375 0.6714569 0.7364670 0.7669900 0.7633909 0.7695583 0.7099221 0.8619159 0.8638053 0.8799273 0.8257886 0.8790663 0.8845025 0.8812092 0.9007761 0.8836974 0.9043530 0.9210291 0.8998124 0.8515760 0.8372224 0.8380462 0.8754340 0.9333711 0.9166549 0.9123841 0.8703655 0.8490950 0.9391984 0.8716146 0.9006575 0.8929354 0.8895621 0.8736751 0.8627539 0.9208404 0.8906441 0.9174406 0.9471423 0.9184992 0.9581596 0.9544862 0.8206662 0.7800611 0.7446519 1.1650673 0.7595709 0.7316503 0.7507408 0.7617710 0.7625082 0.7242549 0.6992564 0.7721988 0.7406345 0.7383523 0.7576894 0.7059689 0.7229042 0.8354409 0.7952035 0.8863852 0.8620606 0.8499522 2.1335975 2.2295939 2.1194180 2.9054618 
A1.CY.05.CY051.FJ388903                0.5137664 0.5318962 0.5299547 0.5650354 0.5767747 0.6113206 0.5431411 0.5791210 0.5371224 0.3763453 0.3666983 0.2420761 0.0000000 0.3646356 0.3975587 0.4343652 0.4007785 0.4551524 0.4637809 0.4235880 0.4538302 0.5254234 0.5340635 0.5587638 0.5800569 0.5498933 0.5536749 0.5606525 0.6275306 0.7033404 0.6787494 0.7581984 0.6288279 0.6304680 0.6803034 0.7056000 0.7254704 0.7263990 0.6682881 0.8319614 0.8382621 0.8226362 0.7922153 0.8392457 0.8499629 0.8587643 0.8558604 0.8410548 0.8590557 0.8745840 0.8651156 0.8220657 0.8152710 0.8154550 0.8280995 0.8967010 0.8985803 0.8627380 0.8425283 0.8039857 0.8970764 0.8485108 0.8750141 0.8586758 0.8743413 0.8379561 0.8403959 0.8840808 0.8561272 0.8793234 0.9070347 0.8846552 0.9387324 0.9041193 0.7883480 0.7396986 0.6922066 1.1264726 0.6948662 0.6822318 0.6850101 0.7103527 0.7084107 0.6591823 0.6529965 0.7095599 0.7032542 0.6905476 0.6990254 0.6507835 0.6788257 0.7672347 0.7664279 0.8316353 0.8024171 0.7719119 2.0107051 2.0490748 2.0527860 2.8802184 
A1.UG.11.DEMA110UG001.KF859745         0.5149836 0.5290865 0.5249431 0.5726393 0.5776809 0.6131695 0.5368417 0.5562779 0.5277633 0.3947272 0.3900076 0.4212548 0.3646356 0.0000000 0.4088412 0.4506977 0.3988037 0.4592370 0.4552397 0.4249738 0.4575627 0.5436749 0.5516916 0.5791721 0.5974936 0.5669075 0.5565152 0.5882426 0.6483091 0.7458763 0.6872469 0.7732279 0.6169007 0.6172969 0.6818027 0.6906995 0.7269549 0.7155400 0.6678546 0.8211967 0.8058583 0.8298691 0.7851118 0.8460545 0.8484992 0.8595644 0.8293825 0.8397065 0.8592852 0.8453639 0.8731725 0.8144043 0.8049878 0.7855883 0.8191622 0.8702952 0.8667255 0.8789839 0.8296324 0.7937448 0.8835762 0.8273648 0.8694415 0.8484490 0.8559097 0.8422160 0.8479121 0.8729231 0.8709116 0.8745421 0.9011486 0.8732556 0.9180469 0.9121816 0.7619880 0.7304651 0.6681059 1.1461680 0.7254775 0.6789649 0.6856349 0.6944343 0.7092111 0.6614351 0.6562483 0.7231173 0.7112404 0.6793665 0.6915788 0.6630681 0.6717532 0.7795069 0.7566381 0.8357760 0.8272168 0.8124156 2.0100809 2.1013617 2.0255607 3.0011306 
35_AD.AF.06.007H.GQ477450              0.5646506 0.5916328 0.5804856 0.6368248 0.6202640 0.6693331 0.5887877 0.6098643 0.6048637 0.4022142 0.3939092 0.4441015 0.3975587 0.4088412 0.0000000 0.4884761 0.4377373 0.5017482 0.5101489 0.4599258 0.4929403 0.5754567 0.5806278 0.6042282 0.6128879 0.5996198 0.5996538 0.6152497 0.6931180 0.7864939 0.7183071 0.7971995 0.6795530 0.6898601 0.7307384 0.7600266 0.7877486 0.7639877 0.7176121 0.8545643 0.8659230 0.8862301 0.8320655 0.8993759 0.8936268 0.9027609 0.9245689 0.8841491 0.9081555 0.9081774 0.9172570 0.8828757 0.8654543 0.8558891 0.8897602 0.9260713 0.9358566 0.9432770 0.8886847 0.8677651 0.9666590 0.8945804 0.9192548 0.9079141 0.9284100 0.8882475 0.9287482 0.9299011 0.9199806 0.9778751 0.9511716 0.9133145 1.0049780 0.9642716 0.8164518 0.7793901 0.7473750 1.1862214 0.7599474 0.7122810 0.7511778 0.7601254 0.7722946 0.7126224 0.6915771 0.7680922 0.7564025 0.7464281 0.7365738 0.7087138 0.6975798 0.8356483 0.7812430 0.8914122 0.8435279 0.8678055 2.0780099 2.1269322 2.0538685 2.9917434 
A6.UA.12.DEMA112UA036.KU749406         0.5286576 0.5420329 0.5479023 0.5788037 0.5893463 0.6326363 0.5633001 0.5870180 0.5644030 0.4735139 0.4753604 0.4878176 0.4343652 0.4506977 0.4884761 0.0000000 0.3913972 0.4594489 0.4786179 0.4832368 0.5038673 0.5270224 0.5237914 0.5556295 0.5743095 0.5421099 0.5448941 0.5635237 0.6335787 0.7229133 0.6517056 0.7131385 0.6481282 0.6400393 0.6819937 0.7245193 0.7100457 0.7269496 0.6691758 0.8196267 0.8150698 0.8412239 0.7846425 0.8365269 0.8280558 0.8555535 0.8531728 0.8407459 0.8409541 0.8703321 0.8727394 0.8309350 0.8223831 0.8176425 0.8357027 0.8837058 0.8734121 0.8525356 0.8088710 0.8029166 0.8986567 0.8229385 0.8737099 0.8484468 0.8698492 0.8621683 0.8454097 0.8730407 0.8629776 0.8953444 0.9178828 0.8936921 0.9286875 0.9086916 0.7769792 0.7312750 0.6971563 1.1407325 0.7677709 0.7346183 0.7580806 0.7715467 0.7845262 0.7280170 0.7246804 0.7961357 0.7820704 0.7454865 0.7596637 0.7258186 0.7422132 0.8543965 0.8063746 0.8987519 0.8752364 0.8086161 2.0601779 2.0980374 2.0422161 2.9191843 
A1.CY.06.CY154.FJ388943                0.4947075 0.5031569 0.5024571 0.5456799 0.5354346 0.6039608 0.5182098 0.5461335 0.5061275 0.4346435 0.4152832 0.4649652 0.4007785 0.3988037 0.4377373 0.3913972 0.0000000 0.4210066 0.4347630 0.4525764 0.4696428 0.4984712 0.5087469 0.5413767 0.5549390 0.5242621 0.5265062 0.5304867 0.6129357 0.6770785 0.6569022 0.7287137 0.6149592 0.5900567 0.6410411 0.6720675 0.6837769 0.6986474 0.6392194 0.7870757 0.7935492 0.8017366 0.7634361 0.8009136 0.8197646 0.8367232 0.8151544 0.8114261 0.8269583 0.8285257 0.8506012 0.8026791 0.7933195 0.7781775 0.8041320 0.8596035 0.8635645 0.8359740 0.7971903 0.7740832 0.8649383 0.8061456 0.8439812 0.8398970 0.8419578 0.8045412 0.8189121 0.8636951 0.8326712 0.8673730 0.8783778 0.8843060 0.8987806 0.8676960 0.7405048 0.7128282 0.6557748 1.1325914 0.7339578 0.6998525 0.7195496 0.7348414 0.7429775 0.6852356 0.6773588 0.7340270 0.7530382 0.7042871 0.7152624 0.6631652 0.6935143 0.7948474 0.7747526 0.8461742 0.8377391 0.7735311 2.0458406 2.0760719 2.0592030 2.9008263 
22_01A1.CM.02.02CM_1867LE.AY371165     0.5262149 0.5515480 0.5522035 0.6007849 0.5869190 0.6483353 0.5773050 0.5925287 0.5695574 0.4948616 0.4719491 0.5055084 0.4551524 0.4592370 0.5017482 0.4594489 0.4210066 0.0000000 0.4862157 0.5037527 0.5134489 0.4212175 0.4431561 0.4639017 0.4825617 0.4520337 0.4553930 0.4737576 0.5509107 0.6202735 0.5961617 0.6606340 0.6558804 0.6539021 0.7028504 0.7203946 0.7432245 0.7326834 0.6832905 0.8277450 0.8459918 0.8419694 0.7956479 0.8360339 0.8501924 0.8762166 0.8830467 0.8544679 0.8676065 0.8723455 0.8789362 0.8308795 0.8335225 0.8163361 0.8332249 0.8908360 0.8924798 0.8607684 0.8476414 0.8273085 0.8861978 0.8730141 0.8776259 0.8665157 0.8759638 0.8508837 0.8538108 0.8716563 0.8751219 0.9035218 0.9068850 0.8926328 0.9366592 0.9183394 0.7793020 0.7304358 0.7172826 1.1258838 0.7785493 0.7378349 0.7674678 0.7672468 0.7871723 0.7363354 0.7192873 0.7827729 0.7917651 0.7624166 0.7622580 0.7122149 0.7384688 0.8678343 0.8142066 0.8956435 0.8861926 0.8215936 2.1129048 2.1987985 2.1290063 2.9616147 
45_cpx.CD.97.97CD_MBFE185.FN392874     0.4429205 0.4482892 0.4626302 0.4911764 0.4995493 0.5502068 0.4739025 0.5075613 0.4781639 0.4958908 0.4917605 0.5099672 0.4637809 0.4552397 0.5101489 0.4786179 0.4347630 0.4862157 0.0000000 0.5064323 0.5435169 0.5483956 0.5628498 0.5939349 0.6089465 0.5819315 0.5744772 0.5936246 0.6735049 0.7411719 0.7166006 0.7882720 0.5467414 0.5532008 0.6052023 0.6287921 0.6493788 0.6437322 0.5796359 0.7486097 0.7352152 0.7479317 0.7119274 0.7710553 0.7666148 0.7793871 0.7655475 0.7666241 0.8024074 0.7824663 0.8004792 0.7180415 0.7306927 0.7217663 0.7677099 0.8127767 0.8130099 0.7987725 0.7431496 0.7405109 0.8064340 0.7628483 0.7847398 0.7622925 0.7859629 0.7671599 0.7612322 0.8025274 0.8055159 0.8030548 0.8259087 0.8153158 0.8402493 0.8287116 0.7092003 0.6671841 0.6027228 1.0581803 0.8016047 0.7644681 0.7886822 0.7805620 0.8051448 0.7571290 0.7403747 0.8193946 0.7962041 0.7577455 0.7558131 0.7347792 0.7501745 0.8552918 0.8131909 0.8994571 0.9053005 0.7223337 1.8744545 1.9258841 1.9080634 2.8137769 
A1D.UG.99.99UGJ21953.AF484496          0.5720362 0.5723151 0.5652579 0.6144587 0.5981315 0.6558429 0.5779082 0.6266147 0.5742581 0.4574496 0.4436102 0.4754521 0.4235880 0.4249738 0.4599258 0.4832368 0.4525764 0.5037527 0.5064323 0.0000000 0.4809237 0.5877099 0.5903021 0.6181190 0.6298433 0.6054770 0.6006057 0.6232215 0.6928322 0.7803385 0.7357865 0.7968435 0.6810790 0.6683871 0.7479212 0.7450364 0.7741184 0.7629073 0.6932650 0.8791023 0.8520883 0.8806450 0.8287299 0.8900424 0.8908074 0.8980414 0.8919575 0.8784610 0.9173601 0.9084692 0.9308927 0.8664962 0.8535294 0.8356611 0.8832521 0.9183786 0.9294084 0.9151497 0.8847917 0.8471323 0.9466649 0.8841504 0.9164036 0.9039625 0.9237129 0.8706778 0.9142003 0.9272845 0.9113867 0.9322470 0.9441450 0.9100786 0.9503992 0.9524801 0.8217226 0.7894856 0.7279617 1.1751028 0.7300935 0.6983212 0.7253057 0.7379810 0.7477666 0.7084649 0.6854535 0.7526475 0.7527960 0.7054628 0.7121904 0.6763952 0.7114254 0.7881043 0.7882920 0.8550711 0.8472071 0.8597267 2.0717574 2.1329285 2.1081894 3.0004800 
A1C.UG.99.99UGF25926.AF484491          0.5781697 0.6024879 0.5821395 0.6337610 0.6338382 0.6868085 0.6173364 0.6352320 0.6188947 0.4839061 0.4735366 0.4965642 0.4538302 0.4575627 0.4929403 0.5038673 0.4696428 0.5134489 0.5435169 0.4809237 0.0000000 0.5958208 0.6093089 0.6375248 0.6388399 0.6286041 0.6231876 0.6401360 0.7035215 0.7979886 0.7444055 0.8196215 0.7112598 0.6877267 0.7525360 0.7933641 0.7866819 0.7617672 0.7184768 0.8944329 0.8820043 0.9006171 0.8563712 0.9069606 0.9245032 0.9322562 0.9080586 0.9327983 0.9519539 0.9378651 0.9566219 0.8914506 0.8745480 0.8662474 0.8882529 0.9506331 0.9473365 0.9618204 0.8982539 0.8946975 0.9685332 0.9101996 0.9305914 0.9142699 0.9287755 0.9178772 0.9204760 0.9509701 0.9426047 0.9386193 0.9576614 0.9425501 1.0160634 0.9766408 0.8331807 0.7963289 0.7482766 1.2398541 0.6150524 0.5807110 0.6299924 0.6396040 0.6468566 0.5985318 0.5719805 0.6358745 0.6381735 0.6215953 0.6207088 0.5569684 0.6048080 0.6849074 0.6673155 0.7445809 0.7417472 0.8821666 2.0842883 2.1463396 2.1469451 2.9593607 
01_AE.CN.02.YN0236.JX112866            0.6070041 0.6426133 0.6459939 0.6863335 0.6792843 0.7458609 0.6488326 0.6789093 0.6552219 0.5718133 0.5586249 0.5854408 0.5254234 0.5436749 0.5754567 0.5270224 0.4984712 0.4212175 0.5483956 0.5877099 0.5958208 0.0000000 0.1570444 0.2010488 0.2070939 0.2019215 0.2161268 0.2459765 0.2912928 0.3615187 0.4634710 0.5348458 0.7373217 0.7282044 0.7845525 0.8204499 0.8098481 0.8397695 0.7706655 0.9137388 0.9150135 0.8945580 0.8721089 0.9270113 0.9404098 0.9624477 0.9346197 0.9158194 0.9560803 0.9583235 0.9509740 0.9276848 0.9076070 0.8810271 0.9243143 0.9771978 0.9601555 0.9546850 0.9407596 0.9142797 0.9868594 0.9301516 0.9963567 0.9511825 1.0029889 0.9682810 0.9592898 0.9656131 0.9734632 0.9840071 0.9976404 0.9474827 1.0125279 1.0055452 0.8389331 0.8264814 0.7843833 1.2225874 0.8605731 0.8180364 0.8434655 0.8578373 0.8897400 0.8088636 0.7886841 0.8517448 0.8719196 0.8268101 0.8418913 0.7889288 0.8231519 0.9229971 0.8934869 0.9629113 0.9656000 0.8978481 2.1743688 2.2544084 2.2139992 3.1374414 
01_AE.TH.99.99TH_C4460.AY945726        0.6281160 0.6462670 0.6689015 0.6974016 0.6748295 0.7454089 0.6678596 0.6959499 0.6766575 0.5657387 0.5782030 0.5840612 0.5340635 0.5516916 0.5806278 0.5237914 0.5087469 0.4431561 0.5628498 0.5903021 0.6093089 0.1570444 0.0000000 0.2081218 0.2166458 0.2050554 0.2141285 0.2500766 0.2937737 0.3659130 0.4809178 0.5528482 0.7545096 0.7432584 0.7921159 0.8291815 0.8353189 0.8365784 0.7740402 0.9284374 0.9619272 0.9390282 0.9233195 0.9583395 0.9904391 1.0224689 0.9940347 0.9631445 1.0033936 1.0159902 1.0025925 0.9830300 0.9319242 0.9290474 0.9638154 1.0143547 1.0018939 1.0065090 0.9759738 0.9492933 1.0298879 0.9815228 1.0179515 0.9969419 1.0202622 1.0002183 0.9946786 1.0108790 1.0172365 1.0162335 1.0383743 1.0147434 1.0554140 1.0416919 0.8719977 0.8664984 0.8077113 1.2525976 0.8700160 0.8453176 0.8604681 0.8701772 0.9028077 0.8431972 0.8310326 0.8611365 0.8819036 0.8645754 0.8615672 0.8203848 0.8647558 0.9322108 0.9074058 0.9915981 0.9956676 0.9211818 2.1893114 2.2436585 2.2266953 3.1786169 
01_AE.CN.07.07CNYN326.KF835513         0.6429729 0.6766508 0.6709351 0.7048959 0.7140631 0.7650631 0.6946540 0.7160949 0.6834458 0.5965246 0.6064775 0.6157554 0.5587638 0.5791721 0.6042282 0.5556295 0.5413767 0.4639017 0.5939349 0.6181190 0.6375248 0.2010488 0.2081218 0.0000000 0.2515553 0.2324084 0.2437006 0.2820689 0.3239346 0.3967185 0.5172158 0.5752854 0.7798209 0.7674094 0.8257208 0.8471482 0.8577922 0.8510055 0.8031506 0.9375908 0.9620276 0.9317419 0.9192221 0.9571107 0.9819275 0.9916364 0.9842295 0.9535618 1.0048713 1.0311010 0.9998976 0.9626003 0.9453921 0.9330277 0.9554341 1.0160819 1.0217886 1.0139150 0.9874563 0.9524400 1.0286553 0.9811157 1.0305268 1.0099512 1.0338016 1.0262422 1.0045547 1.0407518 1.0319842 1.0297818 1.0227290 1.0094728 1.0509183 1.0497326 0.8977604 0.8943940 0.8306547 1.2692825 0.8900725 0.8418829 0.8600987 0.8630555 0.8907364 0.8568938 0.8336520 0.8899607 0.8856758 0.8548971 0.8724546 0.8241282 0.8491218 0.9397058 0.9214525 0.9968617 1.0012783 0.9365609 2.1860420 2.2176341 2.2362596 3.1822755 
01_AE.CN.07.GX070143.JX112835          0.6540909 0.6830464 0.6910129 0.7324749 0.7256132 0.7750403 0.6914614 0.7326493 0.6860858 0.6056687 0.6160277 0.6337947 0.5800569 0.5974936 0.6128879 0.5743095 0.5549390 0.4825617 0.6089465 0.6298433 0.6388399 0.2070939 0.2166458 0.2515553 0.0000000 0.2423972 0.2604186 0.2898745 0.3396335 0.4081098 0.5139294 0.5858163 0.7960027 0.7715944 0.8319422 0.8501080 0.8713198 0.8892762 0.8251675 0.9528753 0.9707615 0.9772332 0.9336659 0.9871423 0.9956546 1.0147353 1.0146186 0.9570488 1.0109009 1.0089568 1.0163175 0.9949562 0.9514826 0.9494609 0.9907119 1.0358234 1.0244061 1.0272176 1.0063035 0.9438512 1.0538316 0.9772880 1.0237883 1.0101557 1.0313754 1.0234618 1.0138023 1.0341305 1.0181799 1.0359395 1.0546020 1.0265683 1.0605798 1.0578580 0.9186131 0.8802391 0.8300488 1.3180086 0.9165291 0.8574106 0.8787978 0.8999164 0.8988231 0.8675728 0.8616114 0.8961447 0.9393441 0.8715906 0.8662095 0.8435597 0.8739425 0.9560831 0.9270326 1.0177581 0.9977798 0.9381867 2.2485315 2.3094183 2.2680172 3.1348677 
01_AE.TH.07.AA030a04.JX447057          0.6302114 0.6620447 0.6811306 0.7023753 0.7013513 0.7586916 0.6777874 0.7158789 0.6783752 0.5803374 0.5926866 0.6124825 0.5498933 0.5669075 0.5996198 0.5421099 0.5242621 0.4520337 0.5819315 0.6054770 0.6286041 0.2019215 0.2050554 0.2324084 0.2423972 0.0000000 0.2403652 0.2720621 0.3215365 0.3924024 0.5084057 0.5635041 0.7719808 0.7601733 0.8125136 0.8445801 0.8353474 0.8679119 0.8030570 0.9564504 0.9465509 0.9276661 0.9121469 0.9710517 0.9744967 1.0131281 0.9937901 0.9635335 0.9930979 1.0023568 0.9914117 0.9733832 0.9628131 0.9252946 0.9658692 1.0316832 0.9936661 1.0002668 0.9652194 0.9566813 1.0118931 0.9898724 1.0351901 1.0112108 1.0342383 1.0027890 1.0022302 1.0293023 1.0036017 1.0204839 1.0501923 1.0124831 1.0364740 1.0751201 0.8808417 0.8580384 0.8131598 1.2768148 0.8786421 0.8390788 0.8712811 0.8660470 0.8909455 0.8479708 0.8377855 0.8836920 0.8978416 0.8618870 0.8569827 0.8104158 0.8606894 0.9495805 0.9192715 0.9892547 0.9765729 0.9384282 2.1969669 2.2763784 2.2568253 3.1715858 
01_AE.TH.05.AA101a_WG1.JX447936        0.6258010 0.6534494 0.6598454 0.7000519 0.7001645 0.7476874 0.6585852 0.6884793 0.6824145 0.5848584 0.5799819 0.6117513 0.5536749 0.5565152 0.5996538 0.5448941 0.5265062 0.4553930 0.5744772 0.6006057 0.6231876 0.2161268 0.2141285 0.2437006 0.2604186 0.2403652 0.0000000 0.2601444 0.3250603 0.4035500 0.4801503 0.5493741 0.7522600 0.7496859 0.8027981 0.8367063 0.8327514 0.8403026 0.7810022 0.9329631 0.9424343 0.9361989 0.9085504 0.9567215 0.9683550 0.9719261 0.9728369 0.9464451 0.9861269 1.0106994 0.9778668 0.9580158 0.9502220 0.9160269 0.9560323 1.0340014 0.9780562 1.0099784 0.9580501 0.9328444 1.0250947 0.9638427 1.0118190 1.0028517 1.0279363 0.9908083 0.9860973 1.0133943 0.9965643 1.0179246 1.0567371 0.9959380 1.0254096 1.0254920 0.8742302 0.8619349 0.8098478 1.2433266 0.8908809 0.8459527 0.8545256 0.8874162 0.8959341 0.8633746 0.8214509 0.8779191 0.8985591 0.8460426 0.8600107 0.8153479 0.8545935 0.9379282 0.9274953 1.0016284 1.0021880 0.9104420 2.1891230 2.2177606 2.2404476 3.0958572 
01_AE.CN.07.07CNYN343.KF835528         0.6560180 0.6800447 0.6749048 0.7011701 0.7147585 0.7805039 0.6798025 0.7167189 0.6864115 0.6034330 0.6124108 0.6239423 0.5606525 0.5882426 0.6152497 0.5635237 0.5304867 0.4737576 0.5936246 0.6232215 0.6401360 0.2459765 0.2500766 0.2820689 0.2898745 0.2720621 0.2601444 0.0000000 0.3540303 0.4236770 0.5090110 0.5755796 0.7617985 0.7454797 0.8115984 0.8329944 0.8469571 0.8659091 0.8100072 0.9482548 0.9522520 0.9306732 0.9198519 0.9453605 0.9721656 0.9957313 0.9965342 0.9594708 1.0073622 1.0120427 0.9878747 0.9785984 0.9542005 0.9442408 0.9739824 1.0334895 1.0031867 0.9934342 0.9717974 0.9502257 1.0285959 0.9702517 1.0277369 0.9981206 1.0258638 0.9985227 1.0219879 1.0328553 1.0235992 1.0386962 1.0406734 1.0434315 1.0448139 1.0631287 0.8985222 0.8889984 0.8335112 1.2817120 0.8925010 0.8524112 0.8645762 0.8772533 0.9107958 0.8662842 0.8439365 0.8955587 0.9203640 0.8627110 0.8726516 0.8210228 0.8670195 0.9537669 0.9149430 1.0056596 1.0135359 0.9245951 2.1847980 2.2676056 2.2199501 3.0933548 
01BC.CN.13.SZ95LS8027.KX379000         0.7233207 0.7446715 0.7694125 0.8026001 0.7850778 0.8530856 0.7640154 0.7851627 0.7551511 0.6843424 0.6717920 0.6943568 0.6275306 0.6483091 0.6931180 0.6335787 0.6129357 0.5509107 0.6735049 0.6928322 0.7035215 0.2912928 0.2937737 0.3239346 0.3396335 0.3215365 0.3250603 0.3540303 0.0000000 0.4869935 0.5789181 0.6474267 0.8555383 0.8325007 0.9044015 0.9225247 0.9180057 0.9491955 0.8897460 1.0414399 1.0635102 1.0607750 1.0189093 1.0765250 1.0690995 1.0741238 1.0817297 1.0556102 1.0948984 1.1196053 1.1098457 1.0801084 1.0275052 1.0114887 1.0778126 1.1131022 1.0700539 1.1061480 1.0858362 1.0365617 1.1262181 1.0586745 1.1058540 1.0895285 1.1196203 1.0750350 1.0678986 1.1143638 1.0862276 1.0978642 1.1214965 1.0995705 1.1434196 1.1348335 1.0038838 0.9722401 0.9032400 1.3508446 0.9396126 0.9291652 0.9419306 0.9586599 0.9833259 0.9303162 0.9113826 0.9648219 0.9863054 0.9387370 0.9631128 0.9178074 0.9164264 1.0347262 0.9904680 1.0827381 1.0907525 1.0035878 2.3088858 2.3671175 2.3323569 3.2995449 
69_01B.JP.05.05JPMYC113SP420.LC027100  0.7949839 0.8279883 0.8245633 0.8568164 0.8499823 0.9089390 0.8230810 0.8562437 0.8253119 0.7660511 0.7584706 0.7764471 0.7033404 0.7458763 0.7864939 0.7229133 0.6770785 0.6202735 0.7411719 0.7803385 0.7979886 0.3615187 0.3659130 0.3967185 0.4081098 0.3924024 0.4035500 0.4236770 0.4869935 0.0000000 0.6481131 0.7283617 0.9298217 0.8840724 0.9605298 0.9768563 0.9869130 1.0018754 0.9579084 1.1276545 1.1227116 1.1113361 1.0887844 1.1426987 1.1485095 1.1578950 1.1479114 1.1129155 1.1653359 1.1571681 1.1845464 1.1464615 1.1189376 1.1104421 1.1392648 1.2090573 1.1881153 1.1706846 1.1430863 1.0912275 1.2131692 1.1230881 1.1823710 1.1676130 1.1782570 1.1583504 1.1611050 1.2220975 1.1947713 1.1976826 1.2016758 1.1902451 1.2212676 1.2088198 1.0351366 1.0116484 0.9745444 1.4426261 1.0496153 1.0226579 1.0327179 1.0434913 1.0933333 0.9973730 1.0011933 1.0390488 1.0454642 1.0296808 1.0191912 0.9827851 1.0183178 1.1183107 1.0788952 1.1760734 1.1646648 1.0828560 2.4379817 2.4029018 2.3890195 3.2479253 
0107.CN.15.HB041501.KY019257           0.7682075 0.7784790 0.7776046 0.8339043 0.8405796 0.8650534 0.7836200 0.8015210 0.8204693 0.7107106 0.7243893 0.7319375 0.6787494 0.6872469 0.7183071 0.6517056 0.6569022 0.5961617 0.7166006 0.7357865 0.7444055 0.4634710 0.4809178 0.5172158 0.5139294 0.5084057 0.4801503 0.5090110 0.5789181 0.6481131 0.0000000 0.4259676 0.8738849 0.8514610 0.9041476 0.9451675 0.9542811 0.9779858 0.9029305 1.0656783 1.0744482 1.0677698 1.0539048 1.1007485 1.1014823 1.1218936 1.0940128 1.0760308 1.1232593 1.1298994 1.1091364 1.0785716 1.0506288 1.0401474 1.0765851 1.1483522 1.0998220 1.1215144 1.1047099 1.0727594 1.1551455 1.0837583 1.1340702 1.0985123 1.1273821 1.1028254 1.1073137 1.1433972 1.0997699 1.1463075 1.1325352 1.1288617 1.1607719 1.1716476 1.0032472 0.9821069 0.9125176 1.3625476 1.0153325 0.9719857 1.0029607 0.9976400 1.0258246 0.9638811 0.9545475 1.0092725 1.0102402 0.9947604 0.9774849 0.9335826 0.9653624 1.0756773 1.0421660 1.1622988 1.1256912 1.0694216 2.3211310 2.4182530 2.3568840 3.2480213 
01BC.CN.14.BJ.2014.MSM.SP01.KP668994   0.8280381 0.8441319 0.8496308 0.8760815 0.8985164 0.9431327 0.8869593 0.8822483 0.8969324 0.7914743 0.8079563 0.8176618 0.7581984 0.7732279 0.7971995 0.7131385 0.7287137 0.6606340 0.7882720 0.7968435 0.8196215 0.5348458 0.5528482 0.5752854 0.5858163 0.5635041 0.5493741 0.5755796 0.6474267 0.7283617 0.4259676 0.0000000 0.9462645 0.9590650 1.0073472 1.0223199 1.0568659 1.0537752 0.9935063 1.1166016 1.1455909 1.1298291 1.1044891 1.1786920 1.1544299 1.1656026 1.1709217 1.1597874 1.1974322 1.1881183 1.1533721 1.1472095 1.1149210 1.1051183 1.1564846 1.2089475 1.1688383 1.1941873 1.1427393 1.1345934 1.2229641 1.1340784 1.2256089 1.1717878 1.1935798 1.1571821 1.1521835 1.1927535 1.1666956 1.2398579 1.2093477 1.1832795 1.2560463 1.2511499 1.0814088 1.0591193 1.0016129 1.4001111 1.0751473 1.0396199 1.0645578 1.0917365 1.1043718 1.0360735 1.0386311 1.0770831 1.0635288 1.0349670 1.0405452 1.0051847 1.0425512 1.1536628 1.1187010 1.2019203 1.2127531 1.1040568 2.3936085 2.4962364 2.4441173 3.2862311 
93_cpx.CD.08.DRC653.MF372651           0.4870612 0.5135643 0.5206444 0.5342927 0.5460856 0.6031156 0.5202237 0.5557215 0.5695259 0.6735545 0.6612728 0.6691375 0.6288279 0.6169007 0.6795530 0.6481282 0.6149592 0.6558804 0.5467414 0.6810790 0.7112598 0.7373217 0.7545096 0.7798209 0.7960027 0.7719808 0.7522600 0.7617985 0.8555383 0.9298217 0.8738849 0.9462645 0.0000000 0.6395735 0.6854142 0.7147046 0.7399285 0.6754132 0.7456136 0.8803484 0.8598950 0.8724739 0.8242180 0.8844347 0.8789985 0.9156718 0.9058674 0.8888515 0.8948908 0.9130130 0.9369970 0.8752008 0.8576980 0.8542942 0.8981445 0.9507545 0.9205426 0.9556396 0.8925993 0.8635974 0.9608657 0.8790526 0.9122060 0.8899313 0.9014313 0.9011863 0.9157281 0.9334820 0.9271377 0.9258354 0.9547938 0.9253367 0.9821527 0.9856347 0.8231226 0.8021985 0.7418140 1.2046894 0.9789889 0.9228518 0.9425615 0.9706534 0.9942162 0.9437017 0.9159881 0.9980085 0.9788660 0.9365719 0.9507663 0.9102868 0.9203316 1.0186350 1.0385649 1.0998232 1.0756911 0.8449364 1.9640651 2.0127560 1.9653551 2.8105341 
G.NG.92.92NG083_JV10832.U88826         0.5180079 0.5436149 0.5296046 0.5608564 0.5732816 0.6287298 0.5465811 0.5648946 0.5196996 0.6567547 0.6427779 0.6714569 0.6304680 0.6172969 0.6898601 0.6400393 0.5900567 0.6539021 0.5532008 0.6683871 0.6877267 0.7282044 0.7432584 0.7674094 0.7715944 0.7601733 0.7496859 0.7454797 0.8325007 0.8840724 0.8514610 0.9590650 0.6395735 0.0000000 0.3470908 0.3881688 0.3898741 0.7261443 0.7100399 0.8862631 0.8774587 0.8995498 0.8331666 0.9019558 0.9033426 0.9209595 0.9071250 0.8865855 0.9570340 0.9307247 0.9356593 0.8805096 0.8369106 0.8670687 0.9059742 0.9491100 0.9418108 0.9281770 0.8791400 0.8528285 0.9566083 0.9000356 0.9410071 0.9262099 0.9180286 0.8979262 0.9136386 0.9453641 0.9365000 0.9490153 0.9851575 0.9396616 0.9948043 0.9757366 0.8276919 0.7739408 0.7303374 1.2026454 0.9286251 0.9008984 0.9244141 0.9381331 0.9661324 0.8919453 0.8791891 0.9561287 0.9447685 0.9088645 0.9102845 0.8969316 0.8902780 0.9705098 0.9760200 1.0430832 1.0627363 0.8516769 2.0896011 2.1192487 2.1032806 2.8815334 
G.NG.09.09NG010261.KX389626            0.5656153 0.5857940 0.5847479 0.6230172 0.6236424 0.6835031 0.6020497 0.6264096 0.5848015 0.7096774 0.7062998 0.7364670 0.6803034 0.6818027 0.7307384 0.6819937 0.6410411 0.7028504 0.6052023 0.7479212 0.7525360 0.7845525 0.7921159 0.8257208 0.8319422 0.8125136 0.8027981 0.8115984 0.9044015 0.9605298 0.9041476 1.0073472 0.6854142 0.3470908 0.0000000 0.4444306 0.4646866 0.7566242 0.7515883 0.9270037 0.9173571 0.9430895 0.8803304 0.9489008 0.9569903 0.9689160 0.9576131 0.9251905 0.9573397 0.9845345 0.9542318 0.9199765 0.9297856 0.8998715 0.9219435 1.0104213 0.9691921 0.9851383 0.9204825 0.8968648 0.9979892 0.9349384 0.9649697 0.9713902 0.9624959 0.9360346 0.9462280 0.9730286 0.9628452 0.9832340 0.9969700 0.9616519 1.0224488 1.0244186 0.8949951 0.8273061 0.7772208 1.2197168 1.0371181 0.9596893 0.9993890 1.0228655 1.0317698 0.9779802 0.9487906 1.0255504 1.0394578 0.9730252 0.9480318 0.9543520 0.9706758 1.0654085 1.0630458 1.1246103 1.1299593 0.8934472 2.1099926 2.1442251 2.1097810 2.9408790 
01F2G.CM.02.LT31.JN864056              0.5960001 0.6251467 0.6199760 0.6514223 0.6546628 0.6968772 0.6426390 0.6523678 0.6034257 0.7314841 0.7252324 0.7669900 0.7056000 0.6906995 0.7600266 0.7245193 0.6720675 0.7203946 0.6287921 0.7450364 0.7933641 0.8204499 0.8291815 0.8471482 0.8501080 0.8445801 0.8367063 0.8329944 0.9225247 0.9768563 0.9451675 1.0223199 0.7147046 0.3881688 0.4444306 0.0000000 0.3988114 0.8073858 0.7773747 0.9691251 0.9693629 0.9668777 0.9029470 0.9749986 0.9879196 1.0189857 0.9897472 0.9713765 0.9866934 1.0102861 0.9972425 0.9659384 0.9497911 0.9241833 0.9655944 1.0358753 1.0218188 1.0206273 0.9769641 0.9350856 1.0326962 0.9763134 1.0147852 1.0011503 0.9893832 0.9713779 0.9938879 0.9990612 1.0199417 1.0156674 1.0615475 1.0256524 1.0560953 1.0235366 0.9161181 0.8592373 0.8220278 1.2873784 1.0667511 0.9773392 1.0224504 1.0127589 1.0474276 0.9689796 0.9760250 1.0600332 1.0614324 0.9972603 0.9932928 0.9640909 0.9649533 1.0851201 1.0659193 1.1321284 1.1510574 0.9598800 2.1652336 2.2135395 2.2255705 2.9374274 
BCG.ES.15.100_119.KY496623             0.6252078 0.6290055 0.6253320 0.6612469 0.6684388 0.7148660 0.6544448 0.6725619 0.6095990 0.7497942 0.7245481 0.7633909 0.7254704 0.7269549 0.7877486 0.7100457 0.6837769 0.7432245 0.6493788 0.7741184 0.7866819 0.8098481 0.8353189 0.8577922 0.8713198 0.8353474 0.8327514 0.8469571 0.9180057 0.9869130 0.9542811 1.0568659 0.7399285 0.3898741 0.4646866 0.3988114 0.0000000 0.8033929 0.7889666 0.9818021 0.9616366 0.9755497 0.9080968 0.9598088 0.9863096 1.0100869 0.9839783 0.9873603 1.0018463 1.0139283 1.0347823 0.9554722 0.9537413 0.9607401 0.9821177 1.0363831 1.0380193 1.0316963 0.9782398 0.9461050 1.0724127 0.9620445 1.0055685 1.0123023 1.0047219 0.9904496 0.9802118 1.0115064 1.0330453 1.0514589 1.0814977 1.0274395 1.0855925 1.0745825 0.9411969 0.8775025 0.8307909 1.2464850 1.0334248 1.0006968 1.0218582 1.0180555 1.0705024 0.9851411 0.9856287 1.0422601 1.0281965 1.0003010 1.0110994 0.9603087 0.9912133 1.0732429 1.0609455 1.1355066 1.1427739 0.9336410 2.2188210 2.2483708 2.2251352 2.9094966 
06_cpx.SN.97.97SE1078.AJ288981         0.5181234 0.5292812 0.5215487 0.5624730 0.5810590 0.6155039 0.5793397 0.6031649 0.6473569 0.7501911 0.7590842 0.7695583 0.7263990 0.7155400 0.7639877 0.7269496 0.6986474 0.7326834 0.6437322 0.7629073 0.7617672 0.8397695 0.8365784 0.8510055 0.8892762 0.8679119 0.8403026 0.8659091 0.9491955 1.0018754 0.9779858 1.0537752 0.6754132 0.7261443 0.7566242 0.8073858 0.8033929 0.0000000 0.8050027 0.9612950 0.9611162 0.9690167 0.9236999 0.9868793 0.9583980 0.9941632 0.9711929 0.9666481 0.9884008 0.9949132 1.0171201 0.9627411 0.9591553 0.9462843 0.9752905 1.0171231 1.0407604 0.9970297 0.9678059 0.9442014 1.0412900 0.9694876 0.9943335 1.0076655 0.9995306 0.9535081 0.9760548 1.0164961 0.9876659 1.0226318 1.0231770 0.9989646 1.0619991 1.0402886 0.9256673 0.8535431 0.8308228 1.2602726 1.0266788 1.0069074 1.0028788 1.0092986 1.0548460 0.9924873 0.9537025 1.0508294 1.0195887 1.0092451 0.9870442 0.9603533 0.9907963 1.0758134 1.0810638 1.1637673 1.1679930 0.9411650 1.9935268 2.0851095 2.0084400 2.7846424 
