100
02A1.GH.97.97GH_AG2.AB052867           0.0000000 0.3696750 0.4486457 0.5218822 0.5866482 0.6330855 0.6509245 0.5407221 0.5357389 0.5707355 0.5761285 0.5202222 0.5120893 0.5944516 0.8540664 0.8213093 0.8847729 0.8197649 0.8365582 0.8669760 0.8291780 0.8207762 0.8698498 0.8991434 0.9699677 0.9413563 0.7759871 0.8522302 0.8311336 0.7772723 0.7979232 0.5580743 0.6107296 0.6211147 0.6546414 0.7834468 0.6487689 0.6523547 0.7302725 0.6280054 0.6651330 0.7625837 0.8392576 0.5448776 0.5205155 0.4828773 0.4688141 0.7794304 0.7782407 0.7994003 0.8559446 0.8246473 0.8475793 0.8217680 0.7690475 0.7770432 0.7587867 0.7756532 0.7794102 0.7736249 0.7490836 0.7178917 0.7896074 0.8486951 0.8075067 0.7700337 0.7897366 0.7814278 0.7764622 0.7804989 0.7903997 0.8025610 0.7676863 0.7365015 0.7334082 0.7849136 1.0522310 0.8296286 0.7802819 0.8390453 0.7974060 0.7252790 0.7270129 0.7161161 0.6614452 0.6422560 0.7751231 0.6327741 0.4887896 0.4318897 0.4036895 0.5477828 0.3428719 0.3436425 0.3614376 0.4294028 1.9188763 1.9555901 1.8733277 2.4559001 
02A.CI.16.DEURF16CI011.MH078538        0.3696750 0.0000000 0.4990726 0.5508858 0.6258097 0.6655660 0.6722516 0.5947536 0.5876673 0.6115499 0.6242454 0.5751828 0.5528607 0.6394998 0.8932540 0.8715647 0.9313643 0.8689269 0.8810171 0.8945699 0.8845697 0.8657148 0.9113577 0.9540170 0.9997102 0.9715959 0.8291368 0.9179120 0.8816580 0.8261753 0.8533984 0.5983844 0.6548081 0.6623929 0.7042614 0.8420503 0.6774630 0.6897718 0.7471910 0.6736280 0.6851955 0.7917726 0.8674618 0.5874563 0.5772179 0.5346494 0.5087695 0.8179257 0.8275204 0.8420585 0.8919893 0.8661809 0.8833010 0.8584427 0.8189242 0.8136790 0.7836148 0.8028352 0.8312569 0.7976340 0.7767748 0.7343606 0.8026003 0.8824478 0.8354035 0.8171605 0.8316707 0.8179016 0.8294833 0.8147302 0.8285309 0.8392594 0.8027241 0.7767390 0.7824355 0.8236444 1.0864221 0.8636889 0.8123894 0.8554988 0.8123075 0.7704968 0.7702425 0.7516340 0.7167811 0.6790472 0.8229012 0.6902833 0.5295437 0.4710911 0.4444600 0.5930786 0.3824546 0.3876380 0.3912464 0.4740380 1.8780940 1.9057234 1.8259149 2.5040275 
AGU.CM.06.770_8.MH705142               0.4486457 0.4990726 0.0000000 0.5006507 0.5591986 0.6079091 0.6059246 0.5703956 0.5405811 0.5935986 0.6062581 0.5450368 0.5374564 0.6155991 0.8556002 0.8250369 0.9002279 0.8464269 0.8625682 0.8856598 0.8454616 0.8340112 0.8969169 0.9314004 0.9721318 0.9391102 0.7759332 0.8670289 0.8522577 0.8242888 0.8301271 0.5801495 0.6476849 0.6608140 0.6750893 0.8125074 0.6634048 0.6720707 0.7470128 0.6437822 0.6779954 0.7979997 0.8604002 0.5616686 0.5419233 0.5061310 0.4842547 0.7939223 0.7971399 0.8177525 0.8576515 0.8335446 0.8629759 0.8028370 0.7710998 0.7853861 0.7648784 0.7790975 0.7755680 0.8004086 0.7539885 0.7060520 0.7880671 0.8568837 0.8057253 0.7975455 0.8175640 0.8159074 0.8176126 0.8083403 0.8043684 0.8232627 0.7865478 0.7388188 0.7321702 0.8095768 1.0842089 0.8224624 0.7642164 0.8503903 0.7937332 0.7403370 0.7363426 0.7314641 0.6835844 0.6584881 0.8050985 0.6532834 0.5395366 0.5100664 0.4891963 0.6598975 0.4538587 0.4484610 0.4842901 0.5475310 1.9868175 2.0396289 1.9291797 2.5992103 
G.NG.92.92NG083_JV10832.U88826         0.5218822 0.5508858 0.5006507 0.0000000 0.3437707 0.3873063 0.4017840 0.6223250 0.6042426 0.6294059 0.6562689 0.6077554 0.5950143 0.6862929 0.9575074 0.9079226 0.9652612 0.9303652 0.9363997 0.9516944 0.9316439 0.9297160 0.9599026 0.9971952 1.0213325 1.0288440 0.8711561 0.9425467 0.9297937 0.8828993 0.8974062 0.6494626 0.6902354 0.6912687 0.7397555 0.8646197 0.7095244 0.7131072 0.7950135 0.7003361 0.7314974 0.8468042 0.9173715 0.6106319 0.6142201 0.5833791 0.5605683 0.8592319 0.8646268 0.8874255 0.8924919 0.9175533 0.9242540 0.8737026 0.8422254 0.8652234 0.8591326 0.8274602 0.8588282 0.8570516 0.8172199 0.7915750 0.8354522 0.9385740 0.8808216 0.8572966 0.8721072 0.8498725 0.8592193 0.8527378 0.8672446 0.8985621 0.8482489 0.8311021 0.8040501 0.8838444 1.1573754 0.9279408 0.8633645 0.8919875 0.8820016 0.7966411 0.8140970 0.8002697 0.7396750 0.7299202 0.8478350 0.7136939 0.6152066 0.5966757 0.5614852 0.7259150 0.5291122 0.5101557 0.5466709 0.6185874 1.9745789 1.9995535 1.9416882 2.6588064 
G.NG.09.09NG010261.KX389626            0.5866482 0.6258097 0.5591986 0.3437707 0.0000000 0.4453924 0.4643767 0.6792175 0.6654432 0.7042556 0.7223104 0.6772375 0.6727970 0.7640506 0.9937253 0.9361715 1.0111737 0.9777722 0.9924167 1.0002466 0.9517310 0.9488589 0.9818788 1.0501559 1.0787086 1.0780516 0.9021842 0.9811495 0.9849333 0.9212091 0.9254701 0.7076110 0.7779875 0.7803384 0.8228901 0.9294864 0.7919194 0.7998525 0.8593656 0.7608667 0.7997162 0.9267946 0.9850160 0.6843741 0.6833313 0.6383762 0.6183089 0.9056328 0.9161695 0.9499987 0.9324438 0.9541254 0.9527107 0.9652536 0.8922502 0.9047964 0.8879384 0.8929648 0.9071597 0.9014101 0.8903645 0.8384985 0.9060982 1.0001409 0.9441741 0.9115810 0.9269153 0.9224373 0.9096106 0.9136168 0.9381462 0.9283267 0.8944793 0.8631584 0.8373313 0.9248690 1.2385140 0.9628972 0.8792970 0.9619847 0.9356227 0.8499388 0.8465805 0.8390616 0.8001046 0.7877978 0.8812830 0.7764011 0.6590033 0.6455394 0.6213202 0.7869992 0.5877604 0.5842155 0.6203779 0.6828059 2.0702345 2.1168520 2.0166920 2.6201116 
01F2G.CM.02.LT31.JN864056              0.6330855 0.6655660 0.6079091 0.3873063 0.4453924 0.0000000 0.3940396 0.7333792 0.7087404 0.7075241 0.7449459 0.6994619 0.6943395 0.7916980 0.9980377 1.0139191 1.0655239 0.9940533 1.0188387 1.0229547 1.0237076 0.9926097 1.0186818 1.0965723 1.1384754 1.1231103 0.9741401 1.0326142 1.0294173 0.9900913 0.9747709 0.7374138 0.7852893 0.7784757 0.8284173 0.9589560 0.7936778 0.8073512 0.8616091 0.7914809 0.8113974 0.9361050 1.0055829 0.7068262 0.6974670 0.6780873 0.6430993 0.9189383 0.9488411 0.9645885 0.9833962 0.9956291 0.9971435 0.9850373 0.9281951 0.9362585 0.9114642 0.9075344 0.9280571 0.9002515 0.9119139 0.8618973 0.9263980 1.0389370 0.9631293 0.9443931 0.9453666 0.9407863 0.9432094 0.9457370 0.9551498 0.9492767 0.9175935 0.8898799 0.8676616 0.9322843 1.2289691 0.9733769 0.9067585 0.9819024 0.9206943 0.8719049 0.8946293 0.8748519 0.8380922 0.8201720 0.9293475 0.8264182 0.7159562 0.6814220 0.6636580 0.8311647 0.6411104 0.6209259 0.6519826 0.7238914 2.1253493 2.1949952 2.0766175 2.7369495 
BCG.ES.15.100_119.KY496623             0.6509245 0.6722516 0.6059246 0.4017840 0.4643767 0.3940396 0.0000000 0.7555923 0.7324689 0.7393272 0.7835591 0.7482132 0.7252829 0.8190944 1.0632629 1.0333568 1.0700280 1.0291348 1.0643745 1.0584561 1.0484750 1.0241849 1.0543127 1.1140855 1.1311153 1.1764926 0.9834137 1.0669553 1.0494664 1.0118356 1.0068495 0.7536638 0.8431709 0.8474654 0.8794870 1.0079326 0.8581909 0.8766161 0.9288511 0.8346532 0.8655619 0.9852513 1.0245645 0.7350303 0.7271657 0.7041170 0.6608488 0.9711635 0.9794378 1.0111444 1.0175772 1.0349686 1.0447704 1.0252103 0.9698766 0.9654824 0.9575184 0.9623452 0.9695043 0.9418415 0.9473429 0.9052435 0.9464353 1.0710950 1.0120041 0.9921798 1.0014011 0.9880797 0.9967796 0.9951623 0.9779868 0.9923266 0.9542937 0.9485111 0.9297232 1.0035194 1.2922973 1.0552056 0.9561783 1.0167943 0.9814368 0.9312863 0.9363117 0.9212844 0.8652610 0.8334287 0.9653011 0.8482608 0.7362517 0.7084681 0.6668601 0.8709360 0.6422386 0.6327848 0.6562191 0.7359517 2.1238862 2.1384422 2.0219204 2.6985557 
A1.KE.06.06KECst_028.FJ623479          0.5407221 0.5947536 0.5703956 0.6223250 0.6792175 0.7333792 0.7555923 0.0000000 0.3026544 0.4144662 0.4272240 0.3743405 0.3944668 0.4896835 0.7347363 0.7005620 0.7619066 0.7360576 0.7353923 0.7386920 0.7269133 0.6954123 0.7830795 0.7769699 0.8406567 0.8290735 0.6829395 0.7442373 0.7275571 0.6912182 0.7062671 0.4540818 0.5531904 0.5588211 0.5934116 0.7200755 0.5830378 0.5787003 0.6474988 0.5633828 0.5780132 0.6974274 0.7663251 0.4811141 0.4657593 0.4248287 0.4963725 0.8187335 0.8242620 0.8607179 0.8860235 0.8697602 0.8851811 0.8578799 0.8312978 0.8298751 0.8102523 0.8056549 0.8313080 0.8179477 0.7784990 0.7471313 0.8223968 0.8917557 0.8679459 0.8023662 0.8504187 0.8427563 0.8424882 0.8337265 0.8514604 0.8343454 0.8174874 0.7852676 0.7863251 0.8319916 1.1064856 0.8739952 0.8332798 0.8757623 0.8319231 0.7599749 0.7918987 0.7709916 0.7256989 0.6950325 0.8255519 0.6680960 0.6409486 0.6004025 0.5551317 0.7645779 0.5425060 0.5485520 0.5756037 0.6112307 2.0486658 2.0565922 2.0274402 2.5902811 
A1.KE.06.06KECst_013.FJ623485          0.5357389 0.5876673 0.5405811 0.6042426 0.6654432 0.7087404 0.7324689 0.3026544 0.0000000 0.3900690 0.4256197 0.3650767 0.3828664 0.4737256 0.7139381 0.7028399 0.7649526 0.7044922 0.7197063 0.7181424 0.7196656 0.6862759 0.7518284 0.7708031 0.8101427 0.8181322 0.6573475 0.7171392 0.7224264 0.6665825 0.6873983 0.4231900 0.5434067 0.5550717 0.5863371 0.7182935 0.5757383 0.5653752 0.6581339 0.5488310 0.5834988 0.6648315 0.7483234 0.4777418 0.4570758 0.4212511 0.4835353 0.8128240 0.8219251 0.8414903 0.8950267 0.8679272 0.8768323 0.8711831 0.8114360 0.8414962 0.8172925 0.7849863 0.8095309 0.8190433 0.7698171 0.7434943 0.8200106 0.8941494 0.8419016 0.8151431 0.8444062 0.8337289 0.8477667 0.8302907 0.8514713 0.8226468 0.8098820 0.7823711 0.7810557 0.8368224 1.0977945 0.8694865 0.8247247 0.8636982 0.8398586 0.7744096 0.7814427 0.7617935 0.7153521 0.6814856 0.8057107 0.6736321 0.6140432 0.5946040 0.5477089 0.7420735 0.5279838 0.5278097 0.5552639 0.6126600 2.0470497 2.0651932 1.9778120 2.5481754 
35_AD.AF.06.007H.GQ477450              0.5707355 0.6115499 0.5935986 0.6294059 0.7042556 0.7075241 0.7393272 0.4144662 0.3900690 0.0000000 0.4568100 0.3985980 0.4128081 0.5011462 0.7489311 0.7207369 0.7897280 0.7392039 0.7397184 0.7537983 0.7577496 0.7209857 0.7895758 0.8034898 0.8717413 0.8569433 0.6862067 0.7645147 0.7545517 0.7074620 0.7168428 0.4694836 0.5639176 0.5776420 0.6024191 0.7508915 0.5945675 0.6029153 0.6780179 0.5808162 0.6162318 0.7170143 0.7927730 0.5008282 0.4806205 0.4406372 0.5175789 0.8499852 0.8389792 0.8800929 0.9011941 0.8848923 0.8972882 0.8800326 0.8242344 0.8248527 0.8109760 0.8159708 0.8314723 0.8094411 0.8023990 0.7758970 0.8248742 0.9153429 0.8341186 0.8423089 0.8516057 0.8402992 0.8574472 0.8458743 0.8575548 0.8518800 0.8174832 0.7903330 0.7913584 0.8484900 1.1353567 0.8941256 0.8179506 0.8622109 0.8496784 0.7923028 0.7945820 0.7969520 0.7462432 0.7152439 0.8286760 0.6998395 0.6677785 0.6191338 0.5920071 0.7842251 0.5775636 0.5503529 0.5756476 0.6454312 2.0781228 2.0748032 2.0270072 2.5555137 
A1.CY.07.CY208.JF683760                0.5761285 0.6242454 0.6062581 0.6562689 0.7223104 0.7449459 0.7835591 0.4272240 0.4256197 0.4568100 0.0000000 0.2541234 0.4176522 0.5265238 0.7518887 0.7310143 0.7865789 0.7492628 0.7845968 0.7982923 0.7631235 0.7202693 0.7739145 0.7933102 0.8592324 0.8601005 0.7069641 0.7493987 0.7688385 0.7106967 0.7241603 0.4796646 0.5878381 0.5996298 0.6129635 0.7612932 0.6089502 0.6213133 0.7064145 0.6018739 0.6336669 0.7208113 0.8153654 0.5137826 0.5097588 0.4630088 0.5285976 0.8757633 0.8594087 0.8811079 0.8992521 0.9142507 0.9348253 0.8904679 0.8522722 0.8613661 0.8257318 0.8640432 0.8655999 0.8325911 0.8125621 0.8009014 0.8637391 0.9333420 0.8772661 0.8544805 0.8775763 0.8663549 0.8816740 0.8742421 0.8771990 0.8722755 0.8541522 0.8238154 0.8254210 0.8953646 1.1354779 0.8984252 0.8494019 0.8995154 0.8772757 0.8114351 0.8091413 0.7894914 0.7453745 0.7245625 0.8710181 0.7275705 0.6560705 0.6328893 0.6069478 0.8081291 0.5853787 0.5854734 0.5947512 0.6752105 2.0548940 2.0499312 2.0133235 2.5996446 
A1.CY.05.CY051.FJ388903                0.5202222 0.5751828 0.5450368 0.6077554 0.6772375 0.6994619 0.7482132 0.3743405 0.3650767 0.3985980 0.2541234 0.0000000 0.3779078 0.4713113 0.7441450 0.7011121 0.7573968 0.7121999 0.7355754 0.7422701 0.7189855 0.6890023 0.7520966 0.7869675 0.8397076 0.8315217 0.6741482 0.7206031 0.7134707 0.6738330 0.6812046 0.4265187 0.5360361 0.5456231 0.5800422 0.7297649 0.5670526 0.5773055 0.6475729 0.5567582 0.5940952 0.6740093 0.7584301 0.4622849 0.4492122 0.4052974 0.4747823 0.8167344 0.8159228 0.8498038 0.8782003 0.8615302 0.8698665 0.8683294 0.7990139 0.8212222 0.7860738 0.8081613 0.8119038 0.8078028 0.7817889 0.7487523 0.8216840 0.9035001 0.8406127 0.8096343 0.8358716 0.8235760 0.8472748 0.8567391 0.8493159 0.8343912 0.8060942 0.7884526 0.7847210 0.8250919 1.0975215 0.8474929 0.8109105 0.8606323 0.8190799 0.7648361 0.7681626 0.7597753 0.7167175 0.6836526 0.8189716 0.6594478 0.6246697 0.5858894 0.5555607 0.7566205 0.5310438 0.5245736 0.5452119 0.6141224 2.0256144 2.0286928 1.9983847 2.5952135 
A1.UG.11.DEMA110UG001.KF859745         0.5120893 0.5528607 0.5374564 0.5950143 0.6727970 0.6943395 0.7252829 0.3944668 0.3828664 0.4128081 0.4176522 0.3779078 0.0000000 0.4588845 0.7446193 0.6996323 0.7640175 0.7015279 0.7372051 0.7433100 0.7116855 0.6823903 0.7584187 0.7688650 0.8218056 0.8174379 0.6653046 0.7147534 0.7172451 0.6808267 0.6976151 0.4266906 0.5272109 0.5378769 0.5884752 0.7128544 0.5545042 0.5594957 0.6410200 0.5362181 0.5842378 0.6650051 0.7577435 0.4551383 0.4346701 0.4091340 0.4701608 0.7997858 0.8177358 0.8280209 0.8785634 0.8362018 0.8637804 0.8365060 0.7916190 0.7970927 0.7955003 0.7869523 0.8160008 0.7894099 0.7691303 0.7486625 0.8200428 0.8610644 0.8243857 0.8059810 0.8301243 0.8095449 0.8230266 0.8099591 0.8222328 0.8385580 0.8007951 0.7725982 0.7547315 0.8296083 1.0680317 0.8669857 0.7888500 0.8343151 0.8179620 0.7607732 0.7624513 0.7605487 0.7053132 0.6741801 0.7798503 0.6615548 0.6185007 0.5737475 0.5539814 0.7318714 0.5186772 0.5278221 0.5452408 0.6072325 2.0707691 2.1173879 2.0171713 2.6309131 
A1C.UG.99.99UGF25926.AF484491          0.5944516 0.6394998 0.6155991 0.6862929 0.7640506 0.7916980 0.8190944 0.4896835 0.4737256 0.5011462 0.5265238 0.4713113 0.4588845 0.0000000 0.6296887 0.6054488 0.6685471 0.6217705 0.6297234 0.6584840 0.6164528 0.5969745 0.6543652 0.6857982 0.7519160 0.7240236 0.5718776 0.6328167 0.6308803 0.5847959 0.5981273 0.5007417 0.5960437 0.6154224 0.6545524 0.8049435 0.6408756 0.6307483 0.7295020 0.6212551 0.6485617 0.7550425 0.8352965 0.5293529 0.5233695 0.4764327 0.5377837 0.8573392 0.8768704 0.8993476 0.9176084 0.8953536 0.9352986 0.9004426 0.8595606 0.8798497 0.8394217 0.8550226 0.8754216 0.8499397 0.8285367 0.8004537 0.8808308 0.9169788 0.8575361 0.8883174 0.8983766 0.8872762 0.8965596 0.8751706 0.8763729 0.8917330 0.8642497 0.8339520 0.8403315 0.8781610 1.1642595 0.9264851 0.8505190 0.9091028 0.9046564 0.8360407 0.8177174 0.8261653 0.7576933 0.7396129 0.8561598 0.7379134 0.6675540 0.6317733 0.6358747 0.8012506 0.5779352 0.5811322 0.6069860 0.6657793 2.1724048 2.1446737 2.1067254 2.6999113 
A1C.IN.15.SC017.KY713232               0.8540664 0.8932540 0.8556002 0.9575074 0.9937253 0.9980377 1.0632629 0.7347363 0.7139381 0.7489311 0.7518887 0.7441450 0.7446193 0.6296887 0.0000000 0.6349304 0.6912087 0.6477786 0.6748402 0.6614704 0.6691061 0.6170118 0.6903816 0.7170376 0.7589733 0.7539535 0.5991030 0.6856199 0.6713410 0.6258498 0.6243780 0.7559792 0.8697776 0.8677162 0.9001843 1.0574941 0.8834538 0.8922666 0.9507651 0.8690768 0.8888759 0.9801331 1.0533225 0.7725731 0.7923393 0.7458757 0.7806217 1.1226940 1.1416673 1.1395711 1.1483410 1.1708325 1.1707480 1.1638892 1.1062511 1.1289324 1.0894118 1.1082778 1.0790235 1.1238053 1.0646345 1.0522774 1.1058106 1.1666630 1.1061540 1.1539028 1.1062333 1.1342406 1.1412049 1.1402098 1.1256089 1.1502662 1.0949656 1.0901157 1.0630080 1.1462023 1.3862775 1.1530626 1.1137040 1.1618121 1.1307606 1.0732005 1.0593577 1.0246121 1.0060262 0.9633932 1.0734647 0.9707325 0.9516596 0.9169556 0.8792048 1.0901836 0.8336794 0.8505608 0.8566900 0.9288303 2.2366719 2.2361084 2.2920654 2.8312666 
C.IL.99.99ET14.AY255825                0.8213093 0.8715647 0.8250369 0.9079226 0.9361715 1.0139191 1.0333568 0.7005620 0.7028399 0.7207369 0.7310143 0.7011121 0.6996323 0.6054488 0.6349304 0.0000000 0.4260284 0.4151708 0.4174750 0.4349958 0.4170964 0.3905456 0.4483337 0.4853444 0.5278538 0.5236896 0.3524980 0.4314637 0.4317211 0.3649817 0.3817592 0.7106408 0.8468597 0.8430211 0.8839284 0.9846110 0.8761124 0.8465726 0.9341531 0.8477160 0.8666799 0.9662823 1.0284005 0.7499433 0.7539629 0.6966136 0.7523989 1.0990112 1.1607022 1.1230137 1.1740711 1.1606870 1.1773565 1.1552633 1.0867477 1.1335525 1.0939638 1.0902009 1.0949906 1.1039383 1.0763698 1.0505811 1.0958434 1.1720779 1.1000435 1.1146509 1.1146983 1.1039509 1.1339835 1.1119934 1.0965270 1.1337013 1.0799303 1.0514454 1.0443096 1.0995616 1.3454491 1.1683196 1.0831007 1.1172779 1.1281800 1.0616373 1.0616309 1.0292948 0.9893541 0.9621154 1.0834247 0.9564965 0.9174784 0.8871655 0.8411456 1.0210573 0.8087612 0.8187427 0.8327219 0.8985521 2.4029618 2.4150526 2.3297993 2.9593591 
C.SE.09.035ZA.MF373148                 0.8847729 0.9313643 0.9002279 0.9652612 1.0111737 1.0655239 1.0700280 0.7619066 0.7649526 0.7897280 0.7865789 0.7573968 0.7640175 0.6685471 0.6912087 0.4260284 0.0000000 0.4663530 0.4788520 0.5020273 0.4826829 0.4374347 0.5039312 0.5492576 0.6080130 0.5919888 0.4213386 0.4798367 0.4835626 0.4297367 0.4378984 0.7628800 0.9071017 0.9141365 0.9547431 1.0441660 0.9372591 0.9370836 1.0012537 0.9385676 0.9519825 1.0378618 1.1190550 0.8238390 0.8113345 0.7682770 0.8191439 1.2133172 1.2233841 1.2166093 1.2257350 1.2507112 1.2517602 1.2177538 1.1581327 1.2053856 1.1562740 1.1471106 1.1692324 1.2104442 1.1413063 1.1183800 1.1715339 1.2259583 1.1817459 1.2041026 1.1705242 1.1751291 1.2016101 1.1928798 1.2035760 1.2044563 1.1540175 1.1241014 1.1408931 1.1917074 1.4583269 1.2308802 1.1553536 1.2085708 1.2090540 1.1467289 1.1191018 1.0625758 1.0402296 1.0272855 1.1323054 1.0333648 0.9911574 0.9359497 0.9036540 1.0804727 0.8828691 0.9045191 0.8996144 0.9654414 2.3540506 2.3853000 2.3001914 2.9452125 
C.ZA.04.04ZASK135B1.DQ011166           0.8197649 0.8689269 0.8464269 0.9303652 0.9777722 0.9940533 1.0291348 0.7360576 0.7044922 0.7392039 0.7492628 0.7121999 0.7015279 0.6217705 0.6477786 0.4151708 0.4663530 0.0000000 0.3236779 0.3413702 0.3553143 0.3387296 0.4015195 0.4416073 0.4988916 0.4794460 0.3270020 0.4231060 0.4159935 0.3694031 0.3832493 0.7159650 0.8384842 0.8464864 0.8752458 1.0193947 0.8720446 0.8767880 0.9522604 0.8453489 0.8589476 0.9719466 1.0316081 0.7679631 0.7525561 0.7163584 0.7631068 1.1141226 1.1576578 1.1335980 1.1547368 1.1939523 1.1692488 1.1292150 1.1174630 1.1211077 1.0928884 1.0998181 1.0974629 1.1143517 1.0881454 1.0618546 1.1057353 1.1434595 1.1011114 1.1216640 1.1397256 1.1164475 1.1453331 1.1433786 1.1098440 1.1485543 1.1003372 1.0463778 1.0491529 1.1241332 1.3627657 1.1508732 1.0912819 1.1188670 1.1215952 1.0565836 1.0605875 1.0021166 1.0217311 0.9780655 1.0832263 0.9733527 0.8954540 0.8803867 0.8290613 1.0091411 0.7996523 0.8335216 0.8247323 0.9196898 2.3023762 2.3267308 2.3232223 2.9664745 
C.ZA.03.03ZAPS130MB1.DQ275658          0.8365582 0.8810171 0.8625682 0.9363997 0.9924167 1.0188387 1.0643745 0.7353923 0.7197063 0.7397184 0.7845968 0.7355754 0.7372051 0.6297234 0.6748402 0.4174750 0.4788520 0.3236779 0.0000000 0.2942104 0.3706916 0.3425354 0.4066112 0.4593926 0.5148140 0.4955280 0.3368215 0.4437674 0.4269872 0.3815390 0.4014273 0.7432228 0.8337245 0.8518741 0.8843569 1.0188454 0.8776164 0.8635233 0.9845658 0.8570873 0.8880664 0.9767195 1.0666892 0.7687660 0.7684977 0.7310535 0.7819513 1.1207309 1.1549298 1.1534327 1.1864072 1.1979561 1.2079407 1.1758242 1.1151241 1.1345150 1.1360367 1.1156101 1.1129214 1.1163509 1.0941209 1.0729129 1.1065748 1.1634467 1.0912974 1.1228363 1.1391603 1.1315203 1.1550560 1.1284228 1.1224978 1.1424083 1.1124980 1.0527474 1.0475167 1.1288554 1.4004277 1.1947441 1.0985359 1.1546152 1.1687730 1.0575721 1.0551611 1.0549267 1.0241605 0.9897285 1.1116761 0.9892117 0.9233303 0.9061069 0.8931501 1.0540369 0.8230677 0.8428713 0.8596829 0.9309141 2.3039395 2.3138302 2.2303678 3.0306314 
C.ZA.97.97ZA012.AF286227               0.8669760 0.8945699 0.8856598 0.9516944 1.0002466 1.0229547 1.0584561 0.7386920 0.7181424 0.7537983 0.7982923 0.7422701 0.7433100 0.6584840 0.6614704 0.4349958 0.5020273 0.3413702 0.2942104 0.0000000 0.3972880 0.3600453 0.4266759 0.4839820 0.5279233 0.5088067 0.3590784 0.4536841 0.4563976 0.4055179 0.4261178 0.7561838 0.8446084 0.8578716 0.9235644 1.0426291 0.8939881 0.9016374 0.9728687 0.8739024 0.9018785 1.0005648 1.0752047 0.7928643 0.7726193 0.7533727 0.7839907 1.1448667 1.1931188 1.1978080 1.1699517 1.2359907 1.2107051 1.2126927 1.1334126 1.1744428 1.1319140 1.1218630 1.1326334 1.1404386 1.1213792 1.0966174 1.1412240 1.2061209 1.1306252 1.1648144 1.1727312 1.1426528 1.1751800 1.1648867 1.1462060 1.1712812 1.1634785 1.0787484 1.0750004 1.1403905 1.4092152 1.1927070 1.1325363 1.1512402 1.1552211 1.1173566 1.1097044 1.0780883 1.0404206 1.0209279 1.1292220 0.9903134 0.9392824 0.9207773 0.8818288 1.0432081 0.8453456 0.8604613 0.8687338 0.9383598 2.2974335 2.3484307 2.2315913 2.9340617 
C.BW.98.98BWMC14A3.AF443078            0.8291780 0.8845697 0.8454616 0.9316439 0.9517310 1.0237076 1.0484750 0.7269133 0.7196656 0.7577496 0.7631235 0.7189855 0.7116855 0.6164528 0.6691061 0.4170964 0.4826829 0.3553143 0.3706916 0.3972880 0.0000000 0.3451656 0.4011683 0.4567720 0.5019491 0.4895067 0.3358620 0.4431809 0.4269591 0.3826682 0.4019840 0.7225847 0.8651885 0.8661031 0.9057872 1.0387638 0.8814029 0.8812940 0.9646151 0.8592865 0.8860116 0.9768162 1.0583649 0.7809053 0.7645860 0.7214495 0.7869177 1.1069391 1.1519871 1.1473831 1.1860639 1.1885154 1.1811369 1.1494216 1.0954425 1.1029120 1.0930598 1.0783394 1.0682798 1.1176813 1.0682770 1.0557796 1.0776313 1.1699002 1.0962396 1.1091197 1.1327185 1.1321788 1.1531347 1.1320925 1.1338138 1.1249882 1.1105158 1.0488110 1.0612670 1.1303194 1.3820023 1.1664424 1.1076352 1.1540498 1.1313338 1.0791414 1.0741640 1.0366426 1.0057397 0.9671424 1.0931325 0.9736105 0.9193687 0.8792129 0.8625207 1.0313933 0.8112324 0.8236925 0.8431092 0.9210227 2.2468852 2.2951062 2.2679311 2.8251782 
C.ZA.99.99ZALT4.EU293444               0.8207762 0.8657148 0.8340112 0.9297160 0.9488589 0.9926097 1.0241849 0.6954123 0.6862759 0.7209857 0.7202693 0.6890023 0.6823903 0.5969745 0.6170118 0.3905456 0.4374347 0.3387296 0.3425354 0.3600453 0.3451656 0.0000000 0.3288752 0.4215353 0.4832433 0.4589427 0.2948759 0.3999955 0.4021728 0.3542613 0.3670357 0.6948316 0.8388621 0.8307618 0.8717302 1.0009426 0.8576465 0.8601431 0.9264265 0.8411072 0.8626713 0.9814256 1.0243443 0.7379754 0.7249354 0.6926862 0.7483875 1.1208453 1.1246499 1.1266410 1.1536248 1.1890561 1.2069379 1.1352524 1.1041396 1.1153228 1.0869258 1.1052633 1.1028492 1.1282213 1.0791909 1.0458904 1.1102086 1.1553572 1.0957604 1.1042002 1.1082784 1.0865337 1.1185314 1.1291096 1.1177593 1.1438639 1.0852356 1.0581133 1.0415827 1.1309162 1.3849303 1.1616228 1.1060306 1.1423363 1.1084994 1.0712232 1.0487159 1.0060582 0.9829938 0.9506647 1.0743094 0.9467734 0.9032427 0.8599032 0.8689388 0.9826530 0.8105234 0.8351371 0.8397155 0.9051894 2.2276597 2.3027204 2.2583433 2.7817185 
C.ZA.02.02ZAPS015MB1.DQ369995          0.8698498 0.9113577 0.8969169 0.9599026 0.9818788 1.0186818 1.0543127 0.7830795 0.7518284 0.7895758 0.7739145 0.7520966 0.7584187 0.6543652 0.6903816 0.4483337 0.5039312 0.4015195 0.4066112 0.4266759 0.4011683 0.3288752 0.0000000 0.4911687 0.5453139 0.5391474 0.3628576 0.4546727 0.4651352 0.4012179 0.4240495 0.7638341 0.8705500 0.8802034 0.9246534 1.0304863 0.9088555 0.9057459 0.9991375 0.8912992 0.9216143 1.0129716 1.0855618 0.8019451 0.7988481 0.7586207 0.7907125 1.1592221 1.1966232 1.1953158 1.1790772 1.2064749 1.2427839 1.2155600 1.1304321 1.1500212 1.1226322 1.1268757 1.1308144 1.1448560 1.1033980 1.0830050 1.1318340 1.2002552 1.1229067 1.1601665 1.1463643 1.1214433 1.1586587 1.1680100 1.1694710 1.1622195 1.1511497 1.1309852 1.0904740 1.1643274 1.4435370 1.1947202 1.1361432 1.1760765 1.1537170 1.0756431 1.1222325 1.0628967 1.0435056 0.9952162 1.0868380 1.0104040 0.9395907 0.9166984 0.8973579 1.0522895 0.8660173 0.8795824 0.8877103 0.9705835 2.3498979 2.3716020 2.2953331 2.9370689 
C.GB.14.13659_1_48.3.MF109437          0.8991434 0.9540170 0.9314004 0.9971952 1.0501559 1.0965723 1.1140855 0.7769699 0.7708031 0.8034898 0.7933102 0.7869675 0.7688650 0.6857982 0.7170376 0.4853444 0.5492576 0.4416073 0.4593926 0.4839820 0.4567720 0.4215353 0.4911687 0.0000000 0.5397698 0.5289525 0.4089891 0.5016171 0.4992099 0.4468007 0.4673365 0.7836375 0.9173205 0.9256735 0.9325105 1.0855444 0.9339394 0.9509976 1.0337274 0.9023895 0.9406721 1.0576023 1.1179698 0.8191968 0.8368868 0.7784400 0.8483830 1.1853213 1.1932923 1.2012428 1.2136553 1.2670704 1.2546324 1.2427919 1.1594247 1.1878796 1.1587131 1.1591891 1.1721538 1.1837114 1.1256129 1.1139683 1.1558398 1.2484530 1.1722497 1.1646936 1.2076579 1.1830598 1.2024637 1.1871872 1.1915650 1.1998332 1.1619705 1.1399447 1.1214615 1.2116062 1.4433930 1.2216699 1.1393142 1.1991317 1.1739023 1.1415193 1.1368263 1.1086399 1.0711026 1.0407368 1.1578587 1.0312829 0.9717426 0.9527724 0.9402651 1.1178459 0.8972610 0.9024416 0.9213673 0.9797500 2.3952370 2.3957453 2.3733044 2.9502424 
BC.CN.07.07CNYN340.KF835526            0.9699677 0.9997102 0.9721318 1.0213325 1.0787086 1.1384754 1.1311153 0.8406567 0.8101427 0.8717413 0.8592324 0.8397076 0.8218056 0.7519160 0.7589733 0.5278538 0.6080130 0.4988916 0.5148140 0.5279233 0.5019491 0.4832433 0.5453139 0.5397698 0.0000000 0.4100202 0.4613295 0.5416874 0.5483163 0.4935412 0.4955385 0.8453448 0.9677229 0.9751283 1.0031594 1.1348704 1.0008502 0.9926956 1.0829799 0.9728781 1.0017017 1.0743106 1.1460050 0.8881817 0.8850862 0.8190569 0.9049443 1.2692364 1.2657340 1.2779588 1.3056920 1.2930614 1.2994029 1.2687601 1.2233614 1.2336661 1.1970819 1.2115782 1.2258636 1.2231039 1.1876510 1.1879641 1.2525134 1.2817769 1.2147991 1.2356535 1.2545017 1.2494343 1.2727172 1.2633364 1.2569747 1.2689474 1.2187216 1.2112649 1.1791723 1.2521977 1.4944434 1.3058086 1.2103594 1.2479093 1.2490335 1.1748925 1.1913505 1.1677287 1.1859510 1.1063935 1.1990711 1.0904112 1.0242879 0.9989773 0.9844631 1.1467595 0.9660187 0.9671360 0.9689068 1.0227827 2.3922082 2.3842899 2.3436972 2.9375705 
85_BC.CN.14.14CN_SCYB4.KU992932        0.9413563 0.9715959 0.9391102 1.0288440 1.0780516 1.1231103 1.1764926 0.8290735 0.8181322 0.8569433 0.8601005 0.8315217 0.8174379 0.7240236 0.7539535 0.5236896 0.5919888 0.4794460 0.4955280 0.5088067 0.4895067 0.4589427 0.5391474 0.5289525 0.4100202 0.0000000 0.4362374 0.5293139 0.5365237 0.4902325 0.5002028 0.8260887 0.9435205 0.9402464 0.9756891 1.1161687 0.9394085 0.9747627 1.0559533 0.9464556 0.9808605 1.0741865 1.1496204 0.8881849 0.8837814 0.8522173 0.9132615 1.2009665 1.2409786 1.2475464 1.2574554 1.2723173 1.2908760 1.2636802 1.1870531 1.2334657 1.1808354 1.1881969 1.1829447 1.2250612 1.1497301 1.1239373 1.2116864 1.2758434 1.2087357 1.2255358 1.2401563 1.2198349 1.2451437 1.2415012 1.2349151 1.2208063 1.1996279 1.1633770 1.1652449 1.2315170 1.4816783 1.2745716 1.1872324 1.2444393 1.2199861 1.1637454 1.1720681 1.1419211 1.1404189 1.0851315 1.2610247 1.0762638 1.0053390 1.0074064 0.9885908 1.1331212 0.9359504 0.9453934 0.9726460 1.0194703 2.4104130 2.4221091 2.3217101 2.9938418 
C.BW.00.00BW076820.AF443089            0.7759871 0.8291368 0.7759332 0.8711561 0.9021842 0.9741401 0.9834137 0.6829395 0.6573475 0.6862067 0.7069641 0.6741482 0.6653046 0.5718776 0.5991030 0.3524980 0.4213386 0.3270020 0.3368215 0.3590784 0.3358620 0.2948759 0.3628576 0.4089891 0.4613295 0.4362374 0.0000000 0.3760819 0.3741963 0.3275491 0.3470620 0.6687163 0.8033934 0.8019046 0.8590669 0.9547308 0.8339739 0.8136472 0.9120659 0.8167570 0.8207862 0.9294976 1.0025127 0.7153438 0.7189290 0.6696573 0.7087017 1.0498082 1.0884556 1.0532617 1.0931885 1.1432949 1.1451635 1.0940275 1.0482680 1.0657085 1.0526377 1.0460997 1.0403706 1.0782780 1.0256799 0.9967967 1.0497459 1.1117495 1.0464564 1.0667267 1.0483287 1.0677192 1.0855078 1.0913953 1.0810869 1.0724505 1.0451844 1.0027806 0.9802504 1.0729335 1.2994184 1.1051403 1.0402446 1.0776506 1.0545941 0.9956389 1.0128809 0.9788412 0.9611660 0.9133072 1.0442749 0.9090813 0.8691587 0.8138744 0.8005467 0.9903046 0.7614024 0.7639109 0.7848969 0.8519887 2.1855786 2.2473180 2.1867329 2.8726671 
C.ZA.04.04ZASK170B1.DQ093595           0.8522302 0.9179120 0.8670289 0.9425467 0.9811495 1.0326142 1.0669553 0.7442373 0.7171392 0.7645147 0.7493987 0.7206031 0.7147534 0.6328167 0.6856199 0.4314637 0.4798367 0.4231060 0.4437674 0.4536841 0.4431809 0.3999955 0.4546727 0.5016171 0.5416874 0.5293139 0.3760819 0.0000000 0.3532285 0.3086018 0.3696625 0.7532647 0.8575319 0.8694033 0.8998588 1.0346321 0.8976188 0.8751912 0.9625122 0.8624687 0.8851415 0.9716480 1.0738043 0.7853172 0.7755496 0.7445269 0.7883846 1.1204205 1.1443009 1.1173939 1.1236399 1.1735483 1.1579526 1.1409972 1.0929803 1.1267312 1.1030714 1.1122584 1.1209881 1.1082170 1.0671270 1.0602459 1.1127814 1.1793229 1.0875853 1.1352895 1.1429253 1.1152270 1.1406423 1.1390400 1.1129256 1.1294114 1.0888982 1.0562986 1.0611648 1.1124475 1.3670310 1.1591078 1.0989707 1.1350670 1.1290903 1.0613815 1.0713330 1.0271826 1.0145054 0.9847135 1.0841721 0.9690379 0.9544154 0.8891552 0.8943729 1.0433131 0.8448016 0.8582908 0.8645355 0.9465732 2.3407052 2.3189647 2.2703600 2.9232354 
C.TZ.02.CO6721.AY734560                0.8311336 0.8816580 0.8522577 0.9297937 0.9849333 1.0294173 1.0494664 0.7275571 0.7224264 0.7545517 0.7688385 0.7134707 0.7172451 0.6308803 0.6713410 0.4317211 0.4835626 0.4159935 0.4269872 0.4563976 0.4269591 0.4021728 0.4651352 0.4992099 0.5483163 0.5365237 0.3741963 0.3532285 0.0000000 0.2531676 0.3542059 0.7395889 0.8654255 0.8787360 0.8959920 1.0273081 0.8910929 0.8959658 0.9857586 0.8680851 0.8915269 1.0044364 1.0575203 0.7755629 0.7743270 0.7282713 0.7865763 1.1417950 1.1782291 1.1510182 1.1491810 1.1794428 1.1969514 1.2093296 1.1190200 1.1426705 1.1219914 1.1181411 1.1267423 1.1430715 1.0946520 1.0795097 1.0991781 1.1696675 1.1087133 1.1472786 1.1492627 1.1591881 1.1858410 1.1757068 1.1370719 1.1828114 1.0990194 1.0793326 1.0808243 1.1517985 1.3756160 1.1654478 1.1351032 1.1650655 1.1503468 1.0991861 1.0950550 1.0269569 1.0123396 0.9886731 1.0979887 0.9672323 0.9323897 0.8882552 0.8592169 1.0267066 0.8399515 0.8475006 0.8588514 0.9225937 2.3290705 2.3362952 2.2429213 2.8907329 
C.TZ.01.BD39_8.AY253313                0.7772723 0.8261753 0.8242888 0.8828993 0.9212091 0.9900913 1.0118356 0.6912182 0.6665825 0.7074620 0.7106967 0.6738330 0.6808267 0.5847959 0.6258498 0.3649817 0.4297367 0.3694031 0.3815390 0.4055179 0.3826682 0.3542613 0.4012179 0.4468007 0.4935412 0.4902325 0.3275491 0.3086018 0.2531676 0.0000000 0.3117355 0.6917402 0.8128155 0.8256791 0.8468831 0.9846282 0.8559267 0.8345407 0.9091306 0.8234565 0.8299713 0.9259196 1.0193209 0.7312284 0.7320210 0.6830626 0.7316069 1.1057066 1.1200059 1.0824159 1.1128518 1.1194010 1.1549967 1.1202666 1.0596895 1.0737975 1.0370086 1.0625016 1.0495055 1.0654481 1.0282367 1.0006256 1.0599307 1.1267835 1.0564637 1.0731496 1.0743685 1.0908518 1.1033095 1.0745922 1.0836429 1.1056654 1.0461128 1.0141275 1.0080171 1.0607925 1.2970494 1.1380566 1.0616787 1.0799118 1.0831265 1.0159239 1.0262224 0.9792379 0.9845163 0.9370638 1.0377913 0.9331146 0.8866450 0.8382914 0.8099257 0.9845389 0.7935113 0.7892421 0.8096030 0.8865304 2.2643496 2.2427445 2.1823362 2.8732983 
C.ZA.03.03ZAPS067MB2.DQ396389          0.7979232 0.8533984 0.8301271 0.8974062 0.9254701 0.9747709 1.0068495 0.7062671 0.6873983 0.7168428 0.7241603 0.6812046 0.6976151 0.5981273 0.6243780 0.3817592 0.4378984 0.3832493 0.4014273 0.4261178 0.4019840 0.3670357 0.4240495 0.4673365 0.4955385 0.5002028 0.3470620 0.3696625 0.3542059 0.3117355 0.0000000 0.6897795 0.8362604 0.8416253 0.8737571 0.9797596 0.8808236 0.8651774 0.9375303 0.8453944 0.8817897 0.9686224 1.0357770 0.7467597 0.7480589 0.6982285 0.7510154 1.0958496 1.1187039 1.1270072 1.1489203 1.1437965 1.1853626 1.1353062 1.0828649 1.1025398 1.0997524 1.0957250 1.0860638 1.1157967 1.0533158 1.0232254 1.0937478 1.1472374 1.0791622 1.0846073 1.0969947 1.0905890 1.1261887 1.1104367 1.1015189 1.1177834 1.0829670 1.0492601 1.0204926 1.0959005 1.3671280 1.1246882 1.0744690 1.1031453 1.1036503 1.0589671 1.0292843 1.0118344 0.9919894 0.9697794 1.0878183 0.9404274 0.8840876 0.8588543 0.8182595 0.9950945 0.7843616 0.8047402 0.8340744 0.8958458 2.2883548 2.2903361 2.2491587 2.9538533 
A1D.UG.99.99UGJ21953.AF484496          0.5580743 0.5983844 0.5801495 0.6494626 0.7076110 0.7374138 0.7536638 0.4540818 0.4231900 0.4694836 0.4796646 0.4265187 0.4266906 0.5007417 0.7559792 0.7106408 0.7628800 0.7159650 0.7432228 0.7561838 0.7225847 0.6948316 0.7638341 0.7836375 0.8453448 0.8260887 0.6687163 0.7532647 0.7395889 0.6917402 0.6897795 0.0000000 0.5768582 0.5745195 0.6233490 0.7554951 0.5965936 0.6061100 0.6830922 0.5839946 0.6212921 0.7230279 0.8157308 0.4950737 0.4918676 0.4551937 0.5101655 0.8193029 0.8326673 0.8587278 0.8867022 0.8642862 0.8849711 0.8831058 0.8157986 0.8479516 0.8160701 0.8237966 0.8303782 0.8365357 0.8032446 0.7808261 0.8475506 0.9154036 0.8617116 0.8289322 0.8689996 0.8576716 0.8609294 0.8645450 0.8580567 0.8769049 0.8324096 0.7971589 0.7944790 0.8538200 1.0807765 0.8770405 0.8220367 0.8937925 0.8551119 0.7870514 0.7933582 0.8067839 0.7400278 0.6981469 0.8381464 0.7107127 0.6488717 0.6200764 0.5899711 0.7849955 0.5590331 0.5491889 0.5691590 0.6317895 2.1285387 2.1477125 2.0789260 2.5795382 
01_AE.CN.02.YN0236.JX112866            0.6107296 0.6548081 0.6476849 0.6902354 0.7779875 0.7852893 0.8431709 0.5531904 0.5434067 0.5639176 0.5878381 0.5360361 0.5272109 0.5960437 0.8697776 0.8468597 0.9071017 0.8384842 0.8337245 0.8446084 0.8651885 0.8388621 0.8705500 0.9173205 0.9677229 0.9435205 0.8033934 0.8575319 0.8654255 0.8128155 0.8362604 0.5768582 0.0000000 0.1526797 0.1993359 0.3564829 0.2022777 0.2001029 0.2881572 0.2146453 0.2434654 0.4620915 0.5497118 0.4213575 0.5215439 0.4908975 0.5671081 0.8865407 0.9007347 0.9065361 0.9718884 0.9523096 0.9684452 0.9278727 0.8740694 0.9087352 0.8820590 0.8779842 0.9058869 0.8980000 0.8601507 0.8493846 0.9137465 0.9499751 0.9045664 0.9002440 0.9331849 0.9161862 0.9172481 0.9185818 0.9128878 0.9013856 0.8839895 0.8652963 0.8611883 0.9173794 1.1587856 0.9644722 0.8910546 0.9553736 0.9075138 0.8539215 0.8544426 0.8314778 0.8067972 0.7638758 0.8621187 0.7726740 0.7052872 0.6709599 0.6460447 0.8205023 0.6065514 0.6118283 0.6266780 0.7005715 2.0407141 2.0683118 2.0292686 2.6580096 
01_AE.TH.99.99TH_C4460.AY945726        0.6211147 0.6623929 0.6608140 0.6912687 0.7803384 0.7784757 0.8474654 0.5588211 0.5550717 0.5776420 0.5996298 0.5456231 0.5378769 0.6154224 0.8677162 0.8430211 0.9141365 0.8464864 0.8518741 0.8578716 0.8661031 0.8307618 0.8802034 0.9256735 0.9751283 0.9402464 0.8019046 0.8694033 0.8787360 0.8256791 0.8416253 0.5745195 0.1526797 0.0000000 0.1980877 0.3686248 0.2010977 0.2082578 0.2942822 0.2161678 0.2454432 0.4581808 0.5544879 0.4353127 0.5380841 0.5018529 0.5721844 0.8934415 0.8978397 0.9292271 0.9743754 0.9594258 0.9551189 0.9368232 0.8802613 0.9026231 0.8949733 0.8750533 0.9132934 0.9003750 0.8673500 0.8421894 0.9193283 0.9630532 0.9337661 0.9132246 0.9384903 0.9134774 0.9199910 0.9468754 0.9051679 0.9211664 0.8817973 0.8799018 0.8711627 0.9284484 1.1563341 0.9550454 0.8955926 0.9544424 0.8994224 0.8631288 0.8608861 0.8374857 0.8103866 0.7787158 0.8711739 0.7807994 0.7170421 0.6752301 0.6546878 0.8257054 0.6086779 0.6127331 0.6390815 0.7012724 2.0494038 2.0821723 2.0757603 2.6108048 
01_AE.CN.07.GX070143.JX112835          0.6546414 0.7042614 0.6750893 0.7397555 0.8228901 0.8284173 0.8794870 0.5934116 0.5863371 0.6024191 0.6129635 0.5800422 0.5884752 0.6545524 0.9001843 0.8839284 0.9547431 0.8752458 0.8843569 0.9235644 0.9057872 0.8717302 0.9246534 0.9325105 1.0031594 0.9756891 0.8590669 0.8998588 0.8959920 0.8468831 0.8737571 0.6233490 0.1993359 0.1980877 0.0000000 0.3994856 0.2407426 0.2409246 0.3217536 0.2522327 0.2852423 0.5127666 0.6014720 0.4740128 0.5622716 0.5386846 0.6122545 0.9457389 0.9406449 0.9565109 1.0280285 1.0053434 1.0067059 0.9681569 0.9230165 0.9612153 0.9257231 0.9347532 0.9438732 0.9230105 0.8959316 0.8670909 0.9380753 0.9885956 0.9448400 0.9329296 0.9732902 0.9546173 0.9548031 0.9701586 0.9624191 0.9479412 0.9171447 0.9151740 0.9096460 0.9652117 1.1939633 0.9912780 0.9269943 0.9781052 0.9528453 0.9020780 0.8804716 0.8827896 0.8389286 0.8064915 0.9016833 0.8143848 0.7582170 0.7105995 0.6909015 0.8754975 0.6610424 0.6546414 0.6897286 0.7388529 2.1095877 2.1266532 2.0594583 2.6909108 
69_01B.JP.05.05JPMYC113SP420.LC027100  0.7834468 0.8420503 0.8125074 0.8646197 0.9294864 0.9589560 1.0079326 0.7200755 0.7182935 0.7508915 0.7612932 0.7297649 0.7128544 0.8049435 1.0574941 0.9846110 1.0441660 1.0193947 1.0188454 1.0426291 1.0387638 1.0009426 1.0304863 1.0855444 1.1348704 1.1161687 0.9547308 1.0346321 1.0273081 0.9846282 0.9797596 0.7554951 0.3564829 0.3686248 0.3994856 0.0000000 0.3897115 0.4001680 0.4759149 0.3944823 0.4358803 0.6482043 0.7240551 0.6120273 0.6966400 0.6947275 0.7406147 1.0415559 1.0526658 1.0642621 1.1493436 1.1135508 1.1200818 1.0613054 1.0655865 1.0666541 1.0200875 1.0381788 1.0505279 1.0430234 0.9985251 0.9758760 1.0621171 1.1257202 1.0889186 1.0484414 1.0914783 1.0706669 1.0669477 1.0840104 1.0752445 1.0765928 1.0320898 0.9813322 1.0257952 1.0764604 1.3169732 1.0947977 1.0389964 1.0594723 1.0604213 0.9949201 1.0069099 1.0058655 0.9544220 0.9328431 1.0277459 0.9457011 0.8922386 0.8549046 0.8193846 1.0268546 0.8026209 0.7800037 0.8177930 0.8937805 2.2404270 2.2621122 2.2310860 2.7901043 
01_AE.TH.07.AA030a04.JX447057          0.6487689 0.6774630 0.6634048 0.7095244 0.7919194 0.7936778 0.8581909 0.5830378 0.5757383 0.5945675 0.6089502 0.5670526 0.5545042 0.6408756 0.8834538 0.8761124 0.9372591 0.8720446 0.8776164 0.8939881 0.8814029 0.8576465 0.9088555 0.9339394 1.0008502 0.9394085 0.8339739 0.8976188 0.8910929 0.8559267 0.8808236 0.5965936 0.2022777 0.2010977 0.2407426 0.3897115 0.0000000 0.2272007 0.3182603 0.2482395 0.2719307 0.4999689 0.5702752 0.4563294 0.5441686 0.5272699 0.5883845 0.9138616 0.9089636 0.9324108 0.9694835 0.9596964 0.9916646 0.9349712 0.8995947 0.9052174 0.9016464 0.8853631 0.9095485 0.9034119 0.8661468 0.8388931 0.9090967 0.9802905 0.9283717 0.9266326 0.9432322 0.9209791 0.9189886 0.9480621 0.9229120 0.9228013 0.8981269 0.8667450 0.8898817 0.9566877 1.1664119 0.9740231 0.9157524 0.9594468 0.9370229 0.8665769 0.8623895 0.8652023 0.8308545 0.7829029 0.8795010 0.8026796 0.7346955 0.7069360 0.6805471 0.8531274 0.6513127 0.6371774 0.6767336 0.7256415 2.1017341 2.1153034 2.0038954 2.6081404 
01_AE.CN.07.07CNYN326.KF835513         0.6523547 0.6897718 0.6720707 0.7131072 0.7998525 0.8073512 0.8766161 0.5787003 0.5653752 0.6029153 0.6213133 0.5773055 0.5594957 0.6307483 0.8922666 0.8465726 0.9370836 0.8767880 0.8635233 0.9016374 0.8812940 0.8601431 0.9057459 0.9509976 0.9926956 0.9747627 0.8136472 0.8751912 0.8959658 0.8345407 0.8651774 0.6061100 0.2001029 0.2082578 0.2409246 0.4001680 0.2272007 0.0000000 0.3211902 0.2399318 0.2692261 0.4942197 0.5749321 0.4600346 0.5652373 0.5386859 0.6019962 0.9255114 0.9297756 0.9511252 0.9899894 0.9828500 0.9862267 0.9517159 0.9072041 0.9226789 0.9032106 0.9006326 0.9075037 0.9135283 0.8773323 0.8564856 0.9306206 0.9526530 0.9608388 0.9407548 0.9236553 0.9209245 0.9214040 0.9471896 0.9435300 0.9249965 0.9047883 0.8822839 0.8830471 0.9366376 1.1795590 0.9910649 0.9182795 0.9590012 0.9445788 0.8884476 0.8737273 0.8670559 0.8325042 0.7960278 0.9032038 0.7889633 0.7485214 0.7011073 0.6835177 0.8716585 0.6592133 0.6399964 0.6713919 0.7454708 2.0796095 2.0974547 2.0513307 2.6410778 
