94
RESTV_M.fas-tc_USA_89_Philippines89-Pennsylvania_NC_004161 0.0000000 0.0258721 0.0340857 1.8011497 1.7996716 2.0731242 2.0614764 1.7318442 1.7314592 1.7316042 1.7326743 1.7588278 1.7613370 1.7601816 1.7600541 1.7600622 1.7619162 1.7619832 1.7622336 1.7650179 1.7630331 1.7626028 1.7635889 1.7636379 1.7636379 1.7621592 1.7599263 1.7619273 1.7630112 1.7625567 1.7619832 1.7658830 1.7624378 1.7626089 1.7626089 1.7606621 1.7622410 1.7647603 1.7608733 1.7608733 1.7607326 1.7617321 1.7621984 1.7622288 1.7617328 1.7609796 1.7618628 1.7618628 1.7622336 1.7622336 1.7623724 1.7628723 1.7624205 1.7624205 1.7634163 1.7628334 1.7627237 1.7619327 1.7621837 1.7597569 1.7614897 1.7617631 1.7618409 1.7618815 1.7613130 1.7610242 1.7621875 1.7618102 1.7612012 1.7613135 1.7613135 1.7614515 1.7615217 1.7628187 1.7632105 1.7626691 1.7624073 1.7623764 1.7628699 1.7616676 1.7614251 1.7623401 1.7631234 1.7618019 1.7590084 1.7590084 1.7595625 1.7599598 1.7599235 1.7604624 1.7570323 1.7582131 1.7543390 1.7514193 
RESTV_S.dom-tc_PHL_08_Reston08-A_FJ621583                  0.0258721 0.0000000 0.0512896 1.8133011 1.8118052 2.0985074 2.0786435 1.7465202 1.7461331 1.7462791 1.7471903 1.7749853 1.7769537 1.7763556 1.7761196 1.7761274 1.7779535 1.7780208 1.7782728 1.7810950 1.7790830 1.7786443 1.7796525 1.7797013 1.7797013 1.7776281 1.7759376 1.7779658 1.7790628 1.7786042 1.7780208 1.7819892 1.7784847 1.7786580 1.7786580 1.7766854 1.7782816 1.7805844 1.7763962 1.7763962 1.7767560 1.7777683 1.7782444 1.7782698 1.7777687 1.7770044 1.7779009 1.7779009 1.7782728 1.7782728 1.7784132 1.7774713 1.7789595 1.7789595 1.7792658 1.7786737 1.7787735 1.7784677 1.7782236 1.7752621 1.7775201 1.7777932 1.7778219 1.7779174 1.7773388 1.7770416 1.7782196 1.7778472 1.7772273 1.7773393 1.7773393 1.7774793 1.7775547 1.7793656 1.7792707 1.7787150 1.7784515 1.7784171 1.7789136 1.7777027 1.7774586 1.7781756 1.7791748 1.7778878 1.7750549 1.7750549 1.7756132 1.7760135 1.7756611 1.7762097 1.7749477 1.7758199 1.7712217 1.7683625 
RESTV_S.dom-xx_PHL_08_Reston08-C_FJ621584                  0.0340857 0.0512896 0.0000000 1.8068713 1.8053853 2.0901239 2.0642992 1.7311128 1.7307273 1.7308724 1.7320985 1.7569728 1.7608182 1.7598693 1.7597414 1.7597495 1.7616076 1.7616746 1.7619256 1.7647159 1.7627268 1.7622457 1.7632837 1.7635421 1.7635421 1.7618511 1.7596134 1.7616186 1.7627048 1.7622493 1.7616746 1.7661509 1.7624385 1.7626099 1.7626099 1.7603506 1.7619330 1.7644575 1.7605625 1.7605625 1.7604213 1.7614230 1.7618902 1.7619208 1.7614237 1.7606690 1.7616666 1.7616666 1.7619256 1.7619256 1.7618556 1.7625657 1.7622255 1.7622255 1.7628049 1.7622210 1.7624167 1.7616240 1.7618756 1.7596526 1.7609211 1.7614042 1.7614822 1.7615228 1.7609531 1.7607138 1.7613849 1.7615013 1.7608910 1.7610036 1.7610036 1.7611419 1.7610995 1.7620169 1.7628545 1.7623620 1.7623087 1.7620687 1.7625634 1.7613584 1.7612884 1.7625271 1.7628174 1.7614930 1.7586935 1.7586935 1.7592488 1.7592653 1.7596106 1.7601505 1.7555447 1.7565184 1.7533810 1.7485069 
SUDV_H.sap-xx_UGA_12_EboSud-603_KC545390                   1.8011497 1.8133011 1.8068713 0.0000000 0.0001549 2.2016233 2.2121844 1.8627678 1.8627609 1.8630220 1.8627796 1.8911370 1.8963329 1.8940161 1.8972674 1.8970100 1.8977283 1.8997773 1.9000350 1.9023323 1.9003401 1.8998012 1.9002166 1.9019437 1.9019437 1.9006323 1.9022833 1.9002360 1.8985173 1.9000253 1.8997773 1.8973896 1.8987543 1.8986483 1.8986483 1.9008929 1.9014695 1.9042148 1.9001711 1.9001711 1.9003941 1.9000262 1.9004609 1.8981757 1.9001062 1.8987546 1.8999289 1.8999289 1.9000350 1.9000350 1.8997861 1.8991640 1.9010767 1.9010767 1.9018023 1.9009326 1.9010043 1.8998431 1.8999923 1.9014800 1.8992578 1.9004319 1.9001530 1.9014065 1.9004600 1.8997057 1.9008104 1.9001797 1.9004609 1.8999565 1.8999565 1.9009597 1.9000714 1.9004827 1.9020223 1.8979887 1.8982034 1.8991711 1.8990649 1.8999923 1.9001414 1.8994168 1.9010874 1.8998344 1.8969328 1.8969328 1.8966417 1.8982744 1.8979063 1.8989168 1.8798565 1.8857630 1.8775221 1.8718515 
SUDV_H.sap-xx_UGA_12_EboSud-609_KC545391                   1.7996716 1.8118052 1.8053853 0.0001549 0.0000000 2.1995761 2.2125421 1.8627678 1.8627609 1.8630220 1.8627796 1.8916789 1.8968760 1.8945587 1.8978106 1.8975532 1.8982715 1.9003212 1.9005788 1.9028767 1.9008840 1.9003445 1.9007604 1.9024879 1.9024879 1.9011761 1.9028276 1.9007798 1.8990609 1.9005693 1.9003212 1.8979330 1.8992979 1.8991919 1.8991919 1.9014369 1.9020137 1.9047595 1.9007154 1.9007154 1.9009381 1.9005700 1.9010049 1.8987191 1.9006500 1.8992983 1.9004727 1.9004727 1.9005788 1.9005788 1.9003299 1.8997076 1.9016204 1.9016204 1.9023466 1.9014767 1.9015484 1.9003869 1.9005361 1.9020240 1.8998014 1.9009760 1.9006971 1.9019508 1.9010040 1.9002495 1.9013545 1.9007236 1.9010049 1.9005006 1.9005006 1.9015037 1.9006152 1.9010267 1.9025666 1.8985321 1.8987468 1.8997149 1.8996088 1.9005361 1.9006853 1.8999605 1.9016315 1.9003782 1.8974760 1.8974760 1.8971848 1.8988179 1.8984497 1.8994604 1.8798565 1.8857630 1.8775221 1.8718515 
TAFV_H.sap-tc_CIV_94_Pauleoula-CI_NC_014372                2.0731242 2.0985074 2.0901239 2.2016233 2.1995761 0.0000000 0.7733164 1.2725639 1.2726638 1.2723394 1.2733936 1.2958760 1.2952940 1.2960757 1.2975298 1.2975452 1.2956689 1.2946653 1.2948728 1.2972224 1.2957167 1.2956947 1.2979208 1.2967733 1.2967733 1.2954222 1.2949972 1.2955147 1.2950576 1.2946707 1.2946653 1.2960980 1.2941901 1.2938932 1.2938932 1.2948679 1.2952594 1.2972660 1.2945335 1.2945335 1.2947731 1.2947281 1.2950576 1.2949360 1.2946653 1.2954165 1.2950370 1.2950370 1.2948728 1.2948728 1.2948100 1.2952597 1.2963041 1.2963041 1.2959566 1.2952106 1.2954851 1.2949355 1.2948728 1.2970197 1.2949202 1.2960182 1.2950845 1.2955619 1.2951735 1.2955985 1.2953279 1.2964773 1.2953612 1.2953766 1.2953612 1.2956814 1.2936536 1.2963316 1.2957184 1.2954269 1.2952084 1.2950613 1.2950613 1.2948728 1.2949211 1.2957548 1.2953443 1.2946266 1.2947022 1.2947022 1.2950950 1.2955414 1.2940655 1.2943738 1.2892078 1.2910975 1.2880540 1.2826281 
BDBV_H.sap-xx_COD_12_EboBund-122_KC545395                  2.0614764 2.0786435 2.0642992 2.2121844 2.2125421 0.7733164 0.0000000 1.3016471 1.3014428 1.3015841 1.3036074 1.3147822 1.3147841 1.3147821 1.3136508 1.3136660 1.3127977 1.3118988 1.3121090 1.3134417 1.3122394 1.3113983 1.3134943 1.3128267 1.3128267 1.3138313 1.3113415 1.3125167 1.3124426 1.3123241 1.3118988 1.3143058 1.3113598 1.3111736 1.3111736 1.3108225 1.3113204 1.3154136 1.3112399 1.3112399 1.3110338 1.3121035 1.3119931 1.3135321 1.3116886 1.3120447 1.3120501 1.3120501 1.3116447 1.3116447 1.3114400 1.3115815 1.3127109 1.3127109 1.3126086 1.3120151 1.3122702 1.3118494 1.3103999 1.3130629 1.3107921 1.3107925 1.3105910 1.3112206 1.3107804 1.3109813 1.3111037 1.3119333 1.3111381 1.3108455 1.3109967 1.3109976 1.3110975 1.3122296 1.3135691 1.3123476 1.3125774 1.3117971 1.3117971 1.3118836 1.3118355 1.3128780 1.3125150 1.3135414 1.3116778 1.3116778 1.3122000 1.3127801 1.3115900 1.3119072 1.3196002 1.3210457 1.3209779 1.3135780 
EBOV_H.sap-tc_COD_07_1Luebo_KC242786                       1.7318442 1.7465202 1.7311128 1.8627678 1.8627678 1.2725639 1.3016471 0.0000000 0.0001017 0.0001526 0.0008650 0.0315798 0.0310675 0.0310138 0.0310146 0.0310702 0.0316447 0.0311313 0.0311865 0.0317523 0.0318039 0.0317472 0.0319691 0.0316347 0.0316347 0.0315779 0.0318015 0.0316325 0.0312459 0.0312980 0.0311313 0.0319863 0.0311867 0.0313549 0.0313549 0.0312893 0.0313455 0.0320262 0.0315674 0.0315674 0.0311236 0.0311864 0.0312983 0.0316321 0.0311869 0.0313566 0.0312971 0.0312971 0.0311865 0.0311865 0.0312420 0.0311904 0.0315198 0.0315198 0.0315764 0.0316308 0.0312458 0.0312416 0.0313002 0.0317991 0.0316943 0.0315760 0.0316870 0.0316333 0.0313542 0.0314108 0.0312984 0.0315775 0.0312990 0.0314653 0.0314096 0.0313542 0.0314635 0.0316382 0.0315343 0.0313658 0.0315867 0.0315315 0.0316422 0.0311865 0.0312976 0.0317438 0.0315198 0.0307897 0.0305637 0.0305637 0.0305074 0.0311205 0.0307372 0.0307964 0.0243405 0.0252750 0.0235211 0.0206118 
EBOV_H.sap-tc_COD_07_M-M_HQ613403                          1.7314592 1.7461331 1.7307273 1.8627609 1.8627609 1.2726638 1.3014428 0.0001017 0.0000000 0.0001526 0.0008650 0.0315794 0.0310671 0.0310134 0.0310142 0.0310698 0.0316443 0.0311309 0.0311861 0.0317519 0.0318035 0.0317468 0.0319687 0.0316343 0.0316343 0.0315775 0.0318011 0.0316321 0.0312455 0.0312976 0.0311309 0.0319859 0.0311863 0.0313545 0.0313545 0.0312889 0.0313451 0.0320258 0.0315670 0.0315670 0.0311232 0.0311860 0.0312979 0.0316317 0.0311865 0.0313562 0.0312967 0.0312967 0.0311861 0.0311861 0.0312416 0.0311900 0.0315194 0.0315194 0.0315760 0.0316304 0.0312454 0.0312412 0.0312998 0.0317987 0.0316939 0.0315756 0.0316866 0.0316329 0.0313538 0.0314104 0.0312980 0.0315771 0.0312986 0.0314649 0.0314092 0.0313538 0.0314631 0.0316377 0.0315339 0.0313654 0.0315863 0.0315311 0.0316418 0.0311861 0.0312972 0.0317434 0.0315194 0.0307893 0.0305633 0.0305633 0.0305070 0.0311201 0.0307369 0.0307960 0.0243402 0.0252747 0.0235208 0.0206115 
EBOV_H.sap-tc_COD_07_5Luebo_KC242790                       1.7316042 1.7462791 1.7308724 1.8630220 1.8630220 1.2723394 1.3015841 0.0001526 0.0001526 0.0000000 0.0009159 0.0315247 0.0310124 0.0309588 0.0309595 0.0310151 0.0315896 0.0310762 0.0311314 0.0316972 0.0317488 0.0316920 0.0319139 0.0315795 0.0315795 0.0315228 0.0317464 0.0315773 0.0311908 0.0312429 0.0310762 0.0319310 0.0311317 0.0312998 0.0312998 0.0312342 0.0312904 0.0319710 0.0315122 0.0315122 0.0310685 0.0311313 0.0312432 0.0315769 0.0311318 0.0313015 0.0312420 0.0312420 0.0311314 0.0311314 0.0311869 0.0311353 0.0314647 0.0314647 0.0315213 0.0315756 0.0311907 0.0311865 0.0312451 0.0317439 0.0316391 0.0315208 0.0316319 0.0315782 0.0312991 0.0313557 0.0312433 0.0315224 0.0312439 0.0314102 0.0313545 0.0312991 0.0314084 0.0315830 0.0314791 0.0313107 0.0315315 0.0314763 0.0315870 0.0311314 0.0312425 0.0316887 0.0314647 0.0307347 0.0305087 0.0305087 0.0304524 0.0310654 0.0306822 0.0307414 0.0243950 0.0253296 0.0235754 0.0206656 
EBOV_H.sap-tc_COD_08_034-KS_HQ613402                       1.7326743 1.7471903 1.7320985 1.8627796 1.8627796 1.2733936 1.3036074 0.0008650 0.0008650 0.0009159 0.0000000 0.0323075 0.0317939 0.0317402 0.0317410 0.0317967 0.0323727 0.0318580 0.0319133 0.0324805 0.0325321 0.0324752 0.0326975 0.0323624 0.0323624 0.0323056 0.0324772 0.0323078 0.0319730 0.0320250 0.0318580 0.0327151 0.0319136 0.0320821 0.0320821 0.0320162 0.0320724 0.0327548 0.0322948 0.0322948 0.0318502 0.0319132 0.0320253 0.0323598 0.0319138 0.0320839 0.0320241 0.0320241 0.0319133 0.0319133 0.0319689 0.0319174 0.0322473 0.0322473 0.0323040 0.0323584 0.0319728 0.0319685 0.0320273 0.0324160 0.0324222 0.0323035 0.0324148 0.0323611 0.0320814 0.0321381 0.0320255 0.0323051 0.0320261 0.0321927 0.0321369 0.0320814 0.0321909 0.0323660 0.0322621 0.0320933 0.0323145 0.0322592 0.0323701 0.0319133 0.0320247 0.0324718 0.0322473 0.0315156 0.0312890 0.0312890 0.0312327 0.0318470 0.0314631 0.0315224 0.0248950 0.0258312 0.0240740 0.0212663 
EBOV_H.sap-wt_GIN_14_Makona-Gueckedou-EM_080076_KR817235   1.7588278 1.7749853 1.7569728 1.8911370 1.8916789 1.2958760 1.3147822 0.0315798 0.0315794 0.0315247 0.0323075 0.0000000 0.0014277 0.0013255 0.0019393 0.0019904 0.0026571 0.0019396 0.0019908 0.0025551 0.0025546 0.0026057 0.0027083 0.0024007 0.0024007 0.0024524 0.0025544 0.0025030 0.0020422 0.0020932 0.0019396 0.0028124 0.0020931 0.0022468 0.0022468 0.0021444 0.0021956 0.0029143 0.0024005 0.0024005 0.0020932 0.0019908 0.0020932 0.0024005 0.0019908 0.0021446 0.0020931 0.0020931 0.0019908 0.0019908 0.0020419 0.0019910 0.0024004 0.0024004 0.0023492 0.0024004 0.0020422 0.0020419 0.0020933 0.0026060 0.0024522 0.0023492 0.0024517 0.0024006 0.0021444 0.0021957 0.0021956 0.0023493 0.0020932 0.0022468 0.0021956 0.0021444 0.0022467 0.0024010 0.0023501 0.0022986 0.0024010 0.0022988 0.0024013 0.0019908 0.0020931 0.0025030 0.0024004 0.0016323 0.0015298 0.0015298 0.0014787 0.0020413 0.0016836 0.0017349 0.0372686 0.0383546 0.0363050 0.0331741 
EBOV_H.sap-wt_GIN_14_Makona-Gueckedou-EM_079702_KR817210   1.7613370 1.7769537 1.7608182 1.8963329 1.8968760 1.2952940 1.3147841 0.0310675 0.0310671 0.0310124 0.0317939 0.0014277 0.0000000 0.0009161 0.0014275 0.0014786 0.0021440 0.0014278 0.0014789 0.0020421 0.0020417 0.0020928 0.0021951 0.0018881 0.0018881 0.0019396 0.0020416 0.0019902 0.0015302 0.0015811 0.0014278 0.0022988 0.0015811 0.0017345 0.0017345 0.0016322 0.0016834 0.0024007 0.0018879 0.0018879 0.0015811 0.0014789 0.0015811 0.0018879 0.0014789 0.0016324 0.0015811 0.0015811 0.0014789 0.0014789 0.0015300 0.0014791 0.0018878 0.0018878 0.0018368 0.0018878 0.0015302 0.0015300 0.0015812 0.0020930 0.0019394 0.0018367 0.0019390 0.0018880 0.0016322 0.0016834 0.0016833 0.0018368 0.0015811 0.0017345 0.0016833 0.0016322 0.0017344 0.0018883 0.0018374 0.0017861 0.0018884 0.0017862 0.0018885 0.0014789 0.0015811 0.0019903 0.0018878 0.0011211 0.0010179 0.0010179 0.0009670 0.0015295 0.0011723 0.0012235 0.0367459 0.0378300 0.0358961 0.0326587 
EBOV_H.sap-wt_GIN_14_Makona-Gueckedou-EM_079587_KR817202   1.7601816 1.7763556 1.7598693 1.8940161 1.8945587 1.2960757 1.3147821 0.0310138 0.0310134 0.0309588 0.0317402 0.0013255 0.0009161 0.0000000 0.0012233 0.0012743 0.0019393 0.0012235 0.0012745 0.0018374 0.0018370 0.0018881 0.0019904 0.0016835 0.0016835 0.0017349 0.0018369 0.0017856 0.0012746 0.0013767 0.0012235 0.0020939 0.0013767 0.0015300 0.0015300 0.0014278 0.0014789 0.0021958 0.0016833 0.0016833 0.0013767 0.0012745 0.0013767 0.0016833 0.0012746 0.0014279 0.0013767 0.0013767 0.0012745 0.0012745 0.0013256 0.0012747 0.0016833 0.0016833 0.0016322 0.0016833 0.0013258 0.0013256 0.0013768 0.0018883 0.0017348 0.0016322 0.0017344 0.0016834 0.0014278 0.0014789 0.0014789 0.0016323 0.0013767 0.0015300 0.0014789 0.0014278 0.0015299 0.0016837 0.0016328 0.0015815 0.0016837 0.0015817 0.0016839 0.0012745 0.0013767 0.0017856 0.0016833 0.0009161 0.0008142 0.0008142 0.0007633 0.0013252 0.0009681 0.0010193 0.0365792 0.0376628 0.0357297 0.0326048 
EBOV_H.sap-wt_GIN_14_Makona-Gueckedou-EM_079750_KR817213   1.7600541 1.7761196 1.7597414 1.8972674 1.8978106 1.2975298 1.3136508 0.0310146 0.0310142 0.0309595 0.0317410 0.0019393 0.0014275 0.0012233 0.0000000 0.0000509 0.0019393 0.0012235 0.0012746 0.0018374 0.0018371 0.0018881 0.0019904 0.0016835 0.0016835 0.0017350 0.0018369 0.0017856 0.0013258 0.0013767 0.0012235 0.0020939 0.0013767 0.0015300 0.0015300 0.0014278 0.0014789 0.0021958 0.0016834 0.0016834 0.0013768 0.0012746 0.0013767 0.0016834 0.0012746 0.0014279 0.0013767 0.0013767 0.0012746 0.0012746 0.0013256 0.0012747 0.0016833 0.0016833 0.0016322 0.0016833 0.0013258 0.0013256 0.0013768 0.0018883 0.0017348 0.0016322 0.0017345 0.0016834 0.0014278 0.0014790 0.0014789 0.0016323 0.0013768 0.0015300 0.0014789 0.0014278 0.0015299 0.0016837 0.0016328 0.0015816 0.0016838 0.0015817 0.0016839 0.0012746 0.0013767 0.0017857 0.0016833 0.0009161 0.0008142 0.0008142 0.0007633 0.0013252 0.0009681 0.0010193 0.0366926 0.0377766 0.0357306 0.0326056 
EBOV_H.sap-wt_GIN_14_Makona-Gueckedou-EM_079910_KR817221   1.7600622 1.7761274 1.7597495 1.8970100 1.8975532 1.2975452 1.3136660 0.0310702 0.0310698 0.0310151 0.0317967 0.0019904 0.0014786 0.0012743 0.0000509 0.0000000 0.0019905 0.0012746 0.0013256 0.0018886 0.0018882 0.0019393 0.0020416 0.0017346 0.0017346 0.0017861 0.0018881 0.0018368 0.0013769 0.0014278 0.0012746 0.0021452 0.0014278 0.0015812 0.0015812 0.0014789 0.0015301 0.0022470 0.0017345 0.0017345 0.0014279 0.0013256 0.0014278 0.0017345 0.0013257 0.0014790 0.0014278 0.0014278 0.0013256 0.0013256 0.0013767 0.0013258 0.0017344 0.0017344 0.0016834 0.0017344 0.0013769 0.0013767 0.0014279 0.0019395 0.0017860 0.0016833 0.0017856 0.0017346 0.0014789 0.0015301 0.0015300 0.0016834 0.0014279 0.0015811 0.0015300 0.0014789 0.0015811 0.0017349 0.0016840 0.0016327 0.0017349 0.0016328 0.0017351 0.0013256 0.0014278 0.0018368 0.0017344 0.0009680 0.0008652 0.0008652 0.0008142 0.0013763 0.0010192 0.0010703 0.0367491 0.0378333 0.0357870 0.0326615 
EBOV_H.sap-wt_LBR_14_Makona-LIBR0430_KR006955              1.7619162 1.7779535 1.7616076 1.8977283 1.8982715 1.2956689 1.3127977 0.0316447 0.0316443 0.0315896 0.0323727 0.0026571 0.0021440 0.0019393 0.0019393 0.0019905 0.0000000 0.0007124 0.0007633 0.0013255 0.0013253 0.0013763 0.0014784 0.0011720 0.0011720 0.0012233 0.0013252 0.0012740 0.0008142 0.0008652 0.0007124 0.0015815 0.0008652 0.0010179 0.0010179 0.0009161 0.0009670 0.0016833 0.0011720 0.0011720 0.0008652 0.0007633 0.0008652 0.0011719 0.0007633 0.0009161 0.0008652 0.0008652 0.0007633 0.0007633 0.0008142 0.0007633 0.0011719 0.0011719 0.0011209 0.0011719 0.0008142 0.0008142 0.0008652 0.0013764 0.0012232 0.0011209 0.0012230 0.0011720 0.0009161 0.0009670 0.0009670 0.0011210 0.0008652 0.0010179 0.0009670 0.0009161 0.0010179 0.0011722 0.0011213 0.0010702 0.0011722 0.0010703 0.0011724 0.0007633 0.0008652 0.0012741 0.0011719 0.0010191 0.0015299 0.0015299 0.0014788 0.0020414 0.0016836 0.0017350 0.0372117 0.0382976 0.0362482 0.0331177 
EBOV_H.sap-wt_SLE_14_Makona-G3734.1_KM233055               1.7619832 1.7780208 1.7616746 1.8997773 1.9003212 1.2946653 1.3118988 0.0311313 0.0311309 0.0310762 0.0318580 0.0019396 0.0014278 0.0012235 0.0012235 0.0012746 0.0007124 0.0000000 0.0000509 0.0006106 0.0006106 0.0006615 0.0007633 0.0004579 0.0004579 0.0005088 0.0006106 0.0005597 0.0001017 0.0001526 0.0000010 0.0008663 0.0001526 0.0003052 0.0003052 0.0002035 0.0002544 0.0009681 0.0004579 0.0004579 0.0001526 0.0000509 0.0001526 0.0004579 0.0000509 0.0002035 0.0001526 0.0001526 0.0000509 0.0000509 0.0001017 0.0000509 0.0004579 0.0004579 0.0004070 0.0004579 0.0001017 0.0001017 0.0001526 0.0006615 0.0005088 0.0004070 0.0005088 0.0004579 0.0002035 0.0002544 0.0002544 0.0004070 0.0001526 0.0003052 0.0002544 0.0002035 0.0003052 0.0004579 0.0004070 0.0003561 0.0004579 0.0003561 0.0004579 0.0000509 0.0001526 0.0005597 0.0004579 0.0003052 0.0008142 0.0008142 0.0007633 0.0013254 0.0009683 0.0010195 0.0366997 0.0377839 0.0357375 0.0326119 
EBOV_H.sap-wt_LBR_15_Makona-Liberia-DQE4_KR074998          1.7622336 1.7782728 1.7619256 1.9000350 1.9005788 1.2948728 1.3121090 0.0311865 0.0311861 0.0311314 0.0319133 0.0019908 0.0014789 0.0012745 0.0012746 0.0013256 0.0007633 0.0000509 0.0000000 0.0006615 0.0006615 0.0007124 0.0008142 0.0005088 0.0005088 0.0005597 0.0006615 0.0006106 0.0001526 0.0002035 0.0000509 0.0009173 0.0002035 0.0003561 0.0003561 0.0002544 0.0003052 0.0010191 0.0005088 0.0005088 0.0002035 0.0001017 0.0002035 0.0005088 0.0001017 0.0002544 0.0002035 0.0002035 0.0001017 0.0001017 0.0001526 0.0001017 0.0005088 0.0005088 0.0004579 0.0005088 0.0001526 0.0001526 0.0002035 0.0007124 0.0005597 0.0004579 0.0005597 0.0005088 0.0002544 0.0003052 0.0003052 0.0004579 0.0002035 0.0003561 0.0003052 0.0002544 0.0003561 0.0005088 0.0004579 0.0004070 0.0005088 0.0004070 0.0005088 0.0001017 0.0002035 0.0006106 0.0005088 0.0003561 0.0008652 0.0008652 0.0008142 0.0013765 0.0010193 0.0010705 0.0367557 0.0378401 0.0357934 0.0326673 
EBOV_H.sap-wt_GIN_14_Makona-Kankan-EM_078639_KR817166      1.7650179 1.7810950 1.7647159 1.9023323 1.9028767 1.2972224 1.3134417 0.0317523 0.0317519 0.0316972 0.0324805 0.0025551 0.0020421 0.0018374 0.0018374 0.0018886 0.0013255 0.0006106 0.0006615 0.0000000 0.0005088 0.0006615 0.0007633 0.0004579 0.0004579 0.0008142 0.0012233 0.0011722 0.0007124 0.0007633 0.0006106 0.0014796 0.0007633 0.0009161 0.0009161 0.0008142 0.0008652 0.0015814 0.0010701 0.0010701 0.0007633 0.0006615 0.0007633 0.0010701 0.0006615 0.0008142 0.0007633 0.0007633 0.0006615 0.0006615 0.0007124 0.0006615 0.0010701 0.0010701 0.0010191 0.0010701 0.0007124 0.0007124 0.0007633 0.0012746 0.0011214 0.0010191 0.0011211 0.0010702 0.0008142 0.0008652 0.0008652 0.0010191 0.0007633 0.0009161 0.0008652 0.0008142 0.0009161 0.0010704 0.0010195 0.0009683 0.0010704 0.0009684 0.0010705 0.0006615 0.0007633 0.0011722 0.0010701 0.0009173 0.0014280 0.0014280 0.0013769 0.0019394 0.0015817 0.0016330 0.0373916 0.0384782 0.0364274 0.0332946 
EBOV_H.sap-wt_GIN_14_Makona-Faranah-EM_078415_KR817160     1.7630331 1.7790830 1.7627268 1.9003401 1.9008840 1.2957167 1.3122394 0.0318039 0.0318035 0.0317488 0.0325321 0.0025546 0.0020417 0.0018370 0.0018371 0.0018882 0.0013253 0.0006106 0.0006615 0.0005088 0.0000000 0.0006615 0.0007633 0.0004579 0.0004579 0.0008142 0.0012231 0.0011720 0.0007124 0.0007633 0.0006106 0.0014793 0.0007633 0.0009161 0.0009161 0.0008142 0.0008652 0.0015811 0.0010699 0.0010699 0.0007633 0.0006615 0.0007633 0.0010699 0.0006615 0.0008142 0.0007633 0.0007633 0.0006615 0.0006615 0.0007124 0.0006615 0.0010699 0.0010699 0.0010179 0.0010699 0.0007124 0.0007124 0.0007633 0.0012743 0.0011212 0.0010179 0.0011209 0.0010700 0.0008142 0.0008652 0.0008652 0.0010189 0.0007633 0.0009161 0.0008652 0.0008142 0.0009161 0.0010702 0.0010193 0.0009682 0.0010702 0.0009682 0.0010703 0.0006615 0.0007633 0.0011720 0.0010699 0.0009171 0.0014277 0.0014277 0.0013766 0.0019391 0.0015814 0.0016327 0.0373841 0.0384705 0.0364201 0.0332879 
EBOV_H.sap-wt_GIN_14_Makona-Macenta-EM_076191_KR817141     1.7626028 1.7786443 1.7622457 1.8998012 1.9003445 1.2956947 1.3113983 0.0317472 0.0317468 0.0316920 0.0324752 0.0026057 0.0020928 0.0018881 0.0018881 0.0019393 0.0013763 0.0006615 0.0007124 0.0006615 0.0006615 0.0000000 0.0008142 0.0005088 0.0005088 0.0008652 0.0012741 0.0012230 0.0007633 0.0008142 0.0006615 0.0015303 0.0008142 0.0009670 0.0009670 0.0008652 0.0009161 0.0016321 0.0011209 0.0011209 0.0008142 0.0007124 0.0008142 0.0011209 0.0007124 0.0008652 0.0008142 0.0008142 0.0007124 0.0007124 0.0007633 0.0007124 0.0011208 0.0011208 0.0010699 0.0011209 0.0007633 0.0007633 0.0008142 0.0013253 0.0011722 0.0010689 0.0011719 0.0011209 0.0008652 0.0009161 0.0009161 0.0010699 0.0008142 0.0009670 0.0009161 0.0008652 0.0009670 0.0011211 0.0010702 0.0010191 0.0011212 0.0010192 0.0011213 0.0007124 0.0008142 0.0012230 0.0011208 0.0009681 0.0014788 0.0014788 0.0014276 0.0019901 0.0016325 0.0016838 0.0373263 0.0384125 0.0363624 0.0332309 
EBOV_H.sap-wt_GIN_14_Makona-Beyla-EM_075931_KR817138       1.7635889 1.7796525 1.7632837 1.9002166 1.9007604 1.2979208 1.3134943 0.0319691 0.0319687 0.0319139 0.0326975 0.0027083 0.0021951 0.0019904 0.0019904 0.0020416 0.0014784 0.0007633 0.0008142 0.0007633 0.0007633 0.0008142 0.0000000 0.0006106 0.0006106 0.0009670 0.0013762 0.0013250 0.0008652 0.0009161 0.0007633 0.0016325 0.0009161 0.0010699 0.0010699 0.0009670 0.0010179 0.0017344 0.0012229 0.0012229 0.0009161 0.0008142 0.0009161 0.0012229 0.0008142 0.0009670 0.0009161 0.0009161 0.0008142 0.0008142 0.0008652 0.0008142 0.0012229 0.0012229 0.0011719 0.0012229 0.0008652 0.0008652 0.0009161 0.0014274 0.0012742 0.0011719 0.0012740 0.0012230 0.0009670 0.0010179 0.0010179 0.0011719 0.0009161 0.0010689 0.0010179 0.0009670 0.0010689 0.0012232 0.0011723 0.0011212 0.0012232 0.0011213 0.0012234 0.0008142 0.0009161 0.0013251 0.0012229 0.0010701 0.0015809 0.0015809 0.0015298 0.0020924 0.0017347 0.0017861 0.0375517 0.0386385 0.0365872 0.0334538 
EBOV_H.sap-wt_GIN_14_Makona-Kissidougou-EM_078694_KR817171 1.7636379 1.7797013 1.7635421 1.9019437 1.9024879 1.2967733 1.3128267 0.0316347 0.0316343 0.0315795 0.0323624 0.0024007 0.0018881 0.0016835 0.0016835 0.0017346 0.0011720 0.0004579 0.0005088 0.0004579 0.0004579 0.0005088 0.0006106 0.0000000 0.0000010 0.0006615 0.0010699 0.0010179 0.0005597 0.0006106 0.0004579 0.0013259 0.0006106 0.0007633 0.0007633 0.0006615 0.0007124 0.0014277 0.0009161 0.0009161 0.0006106 0.0005088 0.0006106 0.0009161 0.0005088 0.0006615 0.0006106 0.0006106 0.0005088 0.0005088 0.0005597 0.0005088 0.0009161 0.0009161 0.0008652 0.0009161 0.0005597 0.0005597 0.0006106 0.0011211 0.0009680 0.0008652 0.0009670 0.0009161 0.0006615 0.0007124 0.0007124 0.0008652 0.0006106 0.0007633 0.0007124 0.0006615 0.0007633 0.0009161 0.0008652 0.0008142 0.0009161 0.0008142 0.0009171 0.0005088 0.0006106 0.0010179 0.0009161 0.0007633 0.0012744 0.0012744 0.0012233 0.0017855 0.0014280 0.0014793 0.0372117 0.0382975 0.0362482 0.0331178 
EBOV_H.sap-wt_GIN_14_Makona-Kissidougou-EM_078722_KR817175 1.7636379 1.7797013 1.7635421 1.9019437 1.9024879 1.2967733 1.3128267 0.0316347 0.0316343 0.0315795 0.0323624 0.0024007 0.0018881 0.0016835 0.0016835 0.0017346 0.0011720 0.0004579 0.0005088 0.0004579 0.0004579 0.0005088 0.0006106 0.0000010 0.0000000 0.0006615 0.0010699 0.0010179 0.0005597 0.0006106 0.0004579 0.0013259 0.0006106 0.0007633 0.0007633 0.0006615 0.0007124 0.0014277 0.0009161 0.0009161 0.0006106 0.0005088 0.0006106 0.0009161 0.0005088 0.0006615 0.0006106 0.0006106 0.0005088 0.0005088 0.0005597 0.0005088 0.0009161 0.0009161 0.0008652 0.0009161 0.0005597 0.0005597 0.0006106 0.0011211 0.0009680 0.0008652 0.0009670 0.0009161 0.0006615 0.0007124 0.0007124 0.0008652 0.0006106 0.0007633 0.0007124 0.0006615 0.0007633 0.0009161 0.0008652 0.0008142 0.0009161 0.0008142 0.0009171 0.0005088 0.0006106 0.0010179 0.0009161 0.0007633 0.0012744 0.0012744 0.0012233 0.0017855 0.0014280 0.0014793 0.0372117 0.0382975 0.0362482 0.0331178 
EBOV_H.sap-wt_LBR_14_Makona-LIBR0505_KR006957              1.7621592 1.7776281 1.7618511 1.9006323 1.9011761 1.2954222 1.3138313 0.0315779 0.0315775 0.0315228 0.0323056 0.0024524 0.0019396 0.0017349 0.0017350 0.0017861 0.0012233 0.0005088 0.0005597 0.0008142 0.0008142 0.0008652 0.0009670 0.0006615 0.0006615 0.0000000 0.0011212 0.0010700 0.0006106 0.0006615 0.0005088 0.0013772 0.0006615 0.0008142 0.0008142 0.0007124 0.0007633 0.0014791 0.0009680 0.0009680 0.0006615 0.0005597 0.0006615 0.0009670 0.0005597 0.0007124 0.0006615 0.0006615 0.0005597 0.0005597 0.0006106 0.0005597 0.0009670 0.0009670 0.0009161 0.0009670 0.0006106 0.0006106 0.0006615 0.0011723 0.0010192 0.0009161 0.0010190 0.0009680 0.0007124 0.0007633 0.0007633 0.0009161 0.0006615 0.0008142 0.0007633 0.0007124 0.0008142 0.0009682 0.0009173 0.0008662 0.0009682 0.0008663 0.0009683 0.0005597 0.0006615 0.0010701 0.0009670 0.0008142 0.0013257 0.0013257 0.0012746 0.0018370 0.0014794 0.0015307 0.0371539 0.0382395 0.0361906 0.0330607 
EBOV_H.sap-wt_SLE_14_Makona-Kailahun-20140517_KR653263     1.7599263 1.7759376 1.7596134 1.9022833 1.9028276 1.2949972 1.3113415 0.0318015 0.0318011 0.0317464 0.0324772 0.0025544 0.0020416 0.0018369 0.0018369 0.0018881 0.0013252 0.0006106 0.0006615 0.0012233 0.0012231 0.0012741 0.0013762 0.0010699 0.0010699 0.0011212 0.0000000 0.0006615 0.0006106 0.0006615 0.0006106 0.0014792 0.0007633 0.0009161 0.0009161 0.0008142 0.0008652 0.0015810 0.0010689 0.0010689 0.0007633 0.0006615 0.0007633 0.0010689 0.0006615 0.0008142 0.0007633 0.0007633 0.0006615 0.0006615 0.0007124 0.0006615 0.0010689 0.0010689 0.0010179 0.0010689 0.0007124 0.0007124 0.0007633 0.0012742 0.0011211 0.0010179 0.0011208 0.0010699 0.0008142 0.0008652 0.0008652 0.0010179 0.0007633 0.0009161 0.0008652 0.0008142 0.0009161 0.0010701 0.0010192 0.0009681 0.0010701 0.0009682 0.0010702 0.0006615 0.0007633 0.0011719 0.0010689 0.0009161 0.0014276 0.0014276 0.0013765 0.0019389 0.0015813 0.0016326 0.0373813 0.0384676 0.0364173 0.0332854 
EBOV_H.sap-wt_SLE_14_Makona-G4973_1_KR105286               1.7619273 1.7779658 1.7616186 1.9002360 1.9007798 1.2955147 1.3125167 0.0316325 0.0316321 0.0315773 0.0323078 0.0025030 0.0019902 0.0017856 0.0017856 0.0018368 0.0012740 0.0005597 0.0006106 0.0011722 0.0011720 0.0012230 0.0013250 0.0010179 0.0010179 0.0010700 0.0006615 0.0000000 0.0005597 0.0006106 0.0005597 0.0014280 0.0007124 0.0008652 0.0008652 0.0007633 0.0008142 0.0015298 0.0010179 0.0010179 0.0007124 0.0006106 0.0007124 0.0010179 0.0006106 0.0007633 0.0007124 0.0007124 0.0006106 0.0006106 0.0006615 0.0006106 0.0010179 0.0010179 0.0009670 0.0010179 0.0006615 0.0006615 0.0007124 0.0012231 0.0010700 0.0009670 0.0010689 0.0010179 0.0007633 0.0008142 0.0008142 0.0009670 0.0007124 0.0008652 0.0008142 0.0007633 0.0008652 0.0010190 0.0009681 0.0009161 0.0010190 0.0009171 0.0010191 0.0006106 0.0007124 0.0011208 0.0010179 0.0008652 0.0013764 0.0013764 0.0013253 0.0018876 0.0015301 0.0015814 0.0372092 0.0382949 0.0362457 0.0331155 
EBOV_H.sap-wt_SLE_14_Makona-G3799_KM233080                 1.7630112 1.7790628 1.7627048 1.8985173 1.8990609 1.2950576 1.3124426 0.0312459 0.0312455 0.0311908 0.0319730 0.0020422 0.0015302 0.0012746 0.0013258 0.0013769 0.0008142 0.0001017 0.0001526 0.0007124 0.0007124 0.0007633 0.0008652 0.0005597 0.0005597 0.0006106 0.0006106 0.0005597 0.0000000 0.0001526 0.0001017 0.0009685 0.0002544 0.0004070 0.0004070 0.0003052 0.0003561 0.0010703 0.0005597 0.0005597 0.0002544 0.0001526 0.0002544 0.0005597 0.0001526 0.0003052 0.0002544 0.0002544 0.0001526 0.0001526 0.0002035 0.0001526 0.0005597 0.0005597 0.0005088 0.0005597 0.0002035 0.0002035 0.0002544 0.0007633 0.0006106 0.0005088 0.0006106 0.0005597 0.0003052 0.0003561 0.0003561 0.0005088 0.0002544 0.0004070 0.0003561 0.0003052 0.0004070 0.0005597 0.0005088 0.0004579 0.0005597 0.0004579 0.0005597 0.0001526 0.0002544 0.0006615 0.0005597 0.0004070 0.0009172 0.0009172 0.0008652 0.0014277 0.0010705 0.0011217 0.0367577 0.0378421 0.0358542 0.0327272 
EBOV_H.sap-wt_SLE_14_Makona-G3788_KM233075                 1.7625567 1.7786042 1.7622493 1.9000253 1.9005693 1.2946707 1.3123241 0.0312980 0.0312976 0.0312429 0.0320250 0.0020932 0.0015811 0.0013767 0.0013767 0.0014278 0.0008652 0.0001526 0.0002035 0.0007633 0.0007633 0.0008142 0.0009161 0.0006106 0.0006106 0.0006615 0.0006615 0.0006106 0.0001526 0.0000000 0.0001526 0.0010194 0.0003052 0.0004579 0.0004579 0.0003561 0.0004070 0.0011212 0.0006106 0.0006106 0.0003052 0.0002035 0.0003052 0.0006106 0.0002035 0.0003561 0.0003052 0.0003052 0.0002035 0.0002035 0.0002544 0.0002035 0.0006106 0.0006106 0.0005597 0.0006106 0.0002544 0.0002544 0.0003052 0.0008142 0.0006615 0.0005597 0.0006615 0.0006106 0.0003561 0.0004070 0.0004070 0.0005597 0.0003052 0.0004579 0.0004070 0.0003561 0.0004579 0.0006106 0.0005597 0.0005088 0.0006106 0.0005088 0.0006106 0.0002035 0.0003052 0.0007124 0.0006106 0.0004579 0.0009681 0.0009681 0.0009161 0.0014787 0.0011214 0.0011726 0.0367565 0.0378409 0.0357942 0.0326680 
EBOV_H.sap-wt_SLE_14_Makona-G3677.2_KM034557               1.7619832 1.7780208 1.7616746 1.8997773 1.9003212 1.2946653 1.3118988 0.0311313 0.0311309 0.0310762 0.0318580 0.0019396 0.0014278 0.0012235 0.0012235 0.0012746 0.0007124 0.0000010 0.0000509 0.0006106 0.0006106 0.0006615 0.0007633 0.0004579 0.0004579 0.0005088 0.0006106 0.0005597 0.0001017 0.0001526 0.0000000 0.0008663 0.0001526 0.0003052 0.0003052 0.0002035 0.0002544 0.0009681 0.0004579 0.0004579 0.0001526 0.0000509 0.0001526 0.0004579 0.0000509 0.0002035 0.0001526 0.0001526 0.0000509 0.0000509 0.0001017 0.0000509 0.0004579 0.0004579 0.0004070 0.0004579 0.0001017 0.0001017 0.0001526 0.0006615 0.0005088 0.0004070 0.0005088 0.0004579 0.0002035 0.0002544 0.0002544 0.0004070 0.0001526 0.0003052 0.0002544 0.0002035 0.0003052 0.0004579 0.0004070 0.0003561 0.0004579 0.0003561 0.0004579 0.0000509 0.0001526 0.0005597 0.0004579 0.0003052 0.0008142 0.0008142 0.0007633 0.0013254 0.0009683 0.0010195 0.0366997 0.0377839 0.0357375 0.0326119 
EBOV_H.sap-wt_SLE_14_Makona-Kenema-G5059_1_KR105296        1.7658830 1.7819892 1.7661509 1.8973896 1.8979330 1.2960980 1.3143058 0.0319863 0.0319859 0.0319310 0.0327151 0.0028124 0.0022988 0.0020939 0.0020939 0.0021452 0.0015815 0.0008663 0.0009173 0.0014796 0.0014793 0.0015303 0.0016325 0.0013259 0.0013259 0.0013772 0.0014792 0.0014280 0.0009685 0.0010194 0.0008663 0.0000000 0.0007124 0.0008663 0.0008663 0.0010705 0.0011215 0.0018377 0.0013258 0.0013258 0.0010194 0.0009173 0.0010194 0.0013258 0.0009173 0.0010705 0.0010194 0.0010194 0.0009173 0.0009173 0.0009684 0.0009174 0.0013257 0.0013257 0.0012747 0.0013257 0.0009685 0.0009683 0.0010195 0.0015305 0.0013771 0.0012747 0.0013768 0.0013258 0.0010705 0.0011215 0.0011215 0.0012747 0.0010194 0.0011726 0.0011215 0.0010705 0.0011725 0.0013261 0.0012751 0.0012240 0.0013261 0.0012241 0.0013262 0.0009173 0.0010194 0.0014280 0.0013257 0.0011728 0.0016841 0.0016841 0.0016329 0.0021960 0.0018380 0.0018894 0.0376845 0.0387722 0.0367194 0.0335833 
EBOV_H.sap-wt_SLE_14_Makona-Kenema-G4702_1_KR105265        1.7624378 1.7784847 1.7624385 1.8987543 1.8992979 1.2941901 1.3113598 0.0311867 0.0311863 0.0311317 0.0319136 0.0020931 0.0015811 0.0013767 0.0013767 0.0014278 0.0008652 0.0001526 0.0002035 0.0007633 0.0007633 0.0008142 0.0009161 0.0006106 0.0006106 0.0006615 0.0007633 0.0007124 0.0002544 0.0003052 0.0001526 0.0007124 0.0000000 0.0001526 0.0001526 0.0003561 0.0004070 0.0011212 0.0006106 0.0006106 0.0003052 0.0002035 0.0003052 0.0006106 0.0002035 0.0003561 0.0003052 0.0003052 0.0002035 0.0002035 0.0002544 0.0002035 0.0006106 0.0006106 0.0005597 0.0006106 0.0002544 0.0002544 0.0003052 0.0008142 0.0006615 0.0005597 0.0006615 0.0006106 0.0003561 0.0004070 0.0004070 0.0005597 0.0003052 0.0004579 0.0004070 0.0003561 0.0004579 0.0006106 0.0005597 0.0005088 0.0006106 0.0005088 0.0006106 0.0002035 0.0003052 0.0007124 0.0006106 0.0004579 0.0009681 0.0009681 0.0009161 0.0014787 0.0011214 0.0011726 0.0368686 0.0379533 0.0359060 0.0327789 
EBOV_H.sap-wt_SLE_14_Makona-Kenema-G4350_1_KR105242        1.7626089 1.7786580 1.7626099 1.8986483 1.8991919 1.2938932 1.3111736 0.0313549 0.0313545 0.0312998 0.0320821 0.0022468 0.0017345 0.0015300 0.0015300 0.0015812 0.0010179 0.0003052 0.0003561 0.0009161 0.0009161 0.0009670 0.0010699 0.0007633 0.0007633 0.0008142 0.0009161 0.0008652 0.0004070 0.0004579 0.0003052 0.0008663 0.0001526 0.0000000 0.0000010 0.0005088 0.0005597 0.0012744 0.0007633 0.0007633 0.0004579 0.0003561 0.0004579 0.0007633 0.0003561 0.0005088 0.0004579 0.0004579 0.0003561 0.0003561 0.0004070 0.0003561 0.0007633 0.0007633 0.0007124 0.0007633 0.0004070 0.0004070 0.0004579 0.0009670 0.0008142 0.0007124 0.0008142 0.0007633 0.0005088 0.0005597 0.0005597 0.0007124 0.0004579 0.0006106 0.0005597 0.0005088 0.0006106 0.0007633 0.0007124 0.0006615 0.0007633 0.0006615 0.0007633 0.0003561 0.0004579 0.0008652 0.0007633 0.0006106 0.0011212 0.0011212 0.0010701 0.0016320 0.0012747 0.0013259 0.0370398 0.0381251 0.0360768 0.0329480 
EBOV_H.sap-wt_SLE_14_Makona-Kenema-G4971_1_KR105284        1.7626089 1.7786580 1.7626099 1.8986483 1.8991919 1.2938932 1.3111736 0.0313549 0.0313545 0.0312998 0.0320821 0.0022468 0.0017345 0.0015300 0.0015300 0.0015812 0.0010179 0.0003052 0.0003561 0.0009161 0.0009161 0.0009670 0.0010699 0.0007633 0.0007633 0.0008142 0.0009161 0.0008652 0.0004070 0.0004579 0.0003052 0.0008663 0.0001526 0.0000010 0.0000000 0.0005088 0.0005597 0.0012744 0.0007633 0.0007633 0.0004579 0.0003561 0.0004579 0.0007633 0.0003561 0.0005088 0.0004579 0.0004579 0.0003561 0.0003561 0.0004070 0.0003561 0.0007633 0.0007633 0.0007124 0.0007633 0.0004070 0.0004070 0.0004579 0.0009670 0.0008142 0.0007124 0.0008142 0.0007633 0.0005088 0.0005597 0.0005597 0.0007124 0.0004579 0.0006106 0.0005597 0.0005088 0.0006106 0.0007633 0.0007124 0.0006615 0.0007633 0.0006615 0.0007633 0.0003561 0.0004579 0.0008652 0.0007633 0.0006106 0.0011212 0.0011212 0.0010701 0.0016320 0.0012747 0.0013259 0.0370398 0.0381251 0.0360768 0.0329480 
EBOV_H.sap-wt_SLE_14_Makona-Bonthe-G5723_1_KR105319        1.7606621 1.7766854 1.7603506 1.9008929 1.9014369 1.2948679 1.3108225 0.0312893 0.0312889 0.0312342 0.0320162 0.0021444 0.0016322 0.0014278 0.0014278 0.0014789 0.0009161 0.0002035 0.0002544 0.0008142 0.0008142 0.0008652 0.0009670 0.0006615 0.0006615 0.0007124 0.0008142 0.0007633 0.0003052 0.0003561 0.0002035 0.0010705 0.0003561 0.0005088 0.0005088 0.0000000 0.0002544 0.0009681 0.0004579 0.0004579 0.0001526 0.0002544 0.0003561 0.0006615 0.0002544 0.0004070 0.0003561 0.0003561 0.0002544 0.0002544 0.0003052 0.0002544 0.0006615 0.0006615 0.0006106 0.0006615 0.0003052 0.0003052 0.0003561 0.0008652 0.0007124 0.0006106 0.0007124 0.0006615 0.0004070 0.0004579 0.0004579 0.0006106 0.0003561 0.0005088 0.0004579 0.0004070 0.0005088 0.0006615 0.0006106 0.0005597 0.0006615 0.0005597 0.0006615 0.0002544 0.0003561 0.0007633 0.0006615 0.0005088 0.0010191 0.0010191 0.0009681 0.0015298 0.0011725 0.0012237 0.0368735 0.0379584 0.0359108 0.0327833 
EBOV_H.sap-wt_SLE_14_Makona-J0042_KP759711                 1.7622410 1.7782816 1.7619330 1.9014695 1.9020137 1.2952594 1.3113204 0.0313455 0.0313451 0.0312904 0.0320724 0.0021956 0.0016834 0.0014789 0.0014789 0.0015301 0.0009670 0.0002544 0.0003052 0.0008652 0.0008652 0.0009161 0.0010179 0.0007124 0.0007124 0.0007633 0.0008652 0.0008142 0.0003561 0.0004070 0.0002544 0.0011215 0.0004070 0.0005597 0.0005597 0.0002544 0.0000000 0.0010191 0.0005088 0.0005088 0.0002035 0.0003052 0.0004070 0.0007124 0.0003052 0.0004579 0.0004070 0.0004070 0.0003052 0.0003052 0.0003561 0.0003052 0.0007124 0.0007124 0.0006615 0.0007124 0.0003561 0.0003561 0.0004070 0.0009161 0.0007633 0.0006615 0.0007633 0.0007124 0.0004579 0.0005088 0.0005088 0.0006615 0.0004070 0.0005597 0.0005088 0.0004579 0.0005597 0.0007124 0.0006615 0.0006106 0.0007124 0.0006106 0.0007124 0.0003052 0.0004070 0.0008142 0.0007124 0.0005597 0.0010702 0.0010702 0.0010191 0.0015809 0.0012236 0.0012748 0.0369307 0.0380157 0.0359678 0.0328397 
EBOV_H.sap-wt_SLE_14_Makona-J0150_KP759696                 1.7647603 1.7805844 1.7644575 1.9042148 1.9047595 1.2972660 1.3154136 0.0320262 0.0320258 0.0319710 0.0327548 0.0029143 0.0024007 0.0021958 0.0021958 0.0022470 0.0016833 0.0009681 0.0010191 0.0015814 0.0015811 0.0016321 0.0017344 0.0014277 0.0014277 0.0014791 0.0015810 0.0015298 0.0010703 0.0011212 0.0009681 0.0018377 0.0011212 0.0012744 0.0012744 0.0009681 0.0010191 0.0000000 0.0012233 0.0012233 0.0009171 0.0010191 0.0011212 0.0014276 0.0010191 0.0011724 0.0011212 0.0011212 0.0010191 0.0010191 0.0010702 0.0010193 0.0014275 0.0014275 0.0013765 0.0014275 0.0010703 0.0010701 0.0011213 0.0016323 0.0014790 0.0013765 0.0014786 0.0014276 0.0011723 0.0012234 0.0012233 0.0013765 0.0011212 0.0012744 0.0012233 0.0011723 0.0012743 0.0014279 0.0013770 0.0013258 0.0014279 0.0013259 0.0014281 0.0010191 0.0011212 0.0015298 0.0014275 0.0012747 0.0017860 0.0017860 0.0017348 0.0022979 0.0019399 0.0019913 0.0377375 0.0388253 0.0367723 0.0336359 
EBOV_H.sap-wt_SLE_14_Makona-J0171_KP759707                 1.7608733 1.7763962 1.7605625 1.9001711 1.9007154 1.2945335 1.3112399 0.0315674 0.0315670 0.0315122 0.0322948 0.0024005 0.0018879 0.0016833 0.0016834 0.0017345 0.0011720 0.0004579 0.0005088 0.0010701 0.0010699 0.0011209 0.0012229 0.0009161 0.0009161 0.0009680 0.0010689 0.0010179 0.0005597 0.0006106 0.0004579 0.0013258 0.0006106 0.0007633 0.0007633 0.0004579 0.0005088 0.0012233 0.0000000 0.0000010 0.0004070 0.0005088 0.0006106 0.0009161 0.0005088 0.0006615 0.0006106 0.0006106 0.0005088 0.0005088 0.0005597 0.0005088 0.0009161 0.0009161 0.0008652 0.0009161 0.0005597 0.0005597 0.0006106 0.0011210 0.0009670 0.0008652 0.0009670 0.0009161 0.0006615 0.0007124 0.0007124 0.0008652 0.0006106 0.0007633 0.0007124 0.0006615 0.0007633 0.0009161 0.0008652 0.0008142 0.0009161 0.0008142 0.0009161 0.0005088 0.0006106 0.0010179 0.0009161 0.0007633 0.0012743 0.0012743 0.0012232 0.0017854 0.0013765 0.0014277 0.0371562 0.0382419 0.0361928 0.0330628 
