100
02A1.GH.97.97GH_AG2.AB052867           0.0000000 0.3401314 0.3403271 0.3626638 0.4286113 0.3768627 0.4085629 0.4272660 0.4567616 0.5525085 0.5614370 0.5554682 0.5255635 0.5312321 0.5368153 0.5502720 0.5003753 0.5285868 0.5610918 0.6216687 0.6288700 0.6556028 0.6534452 0.6501297 0.6337673 0.6542501 0.7063250 0.8163919 0.4660739 0.5817514 0.5052511 0.5284420 0.6048478 0.6196883 0.6480369 0.7728479 0.8641685 0.5402950 0.6212596 0.7890601 0.7625738 0.7479453 0.7575952 0.7458698 0.7957431 0.7815776 0.7894783 0.7782348 0.7896034 0.8190747 0.7553690 0.7548724 0.7342295 0.7946202 0.8208401 0.7869136 0.8274673 0.8094044 0.8169372 0.7337350 0.8203111 0.7802536 0.7964128 0.8187423 0.8310585 0.8558879 0.8045009 0.8008269 0.8169105 0.8296809 0.8365102 0.8026121 0.8695103 0.8857264 0.7338069 0.6629367 0.6553628 1.1113914 0.8190413 0.8223414 0.8434800 0.8420027 0.8701005 0.7956750 0.8359041 0.7906518 0.8461570 0.8287866 0.8339235 0.7997915 0.8242579 0.8755256 0.8605933 0.9636683 0.9532585 0.7632184 1.7580413 1.8048488 1.7526008 2.5707506 
02_AG.CM.02.02CM_3217MN.GU201514       0.3401314 0.0000000 0.2518576 0.2843447 0.3433260 0.4033513 0.4116101 0.4422639 0.4706903 0.5539244 0.5588605 0.5646640 0.5226688 0.5174340 0.5636740 0.5659577 0.5008915 0.5275762 0.5583324 0.6238430 0.6302777 0.6616475 0.6634005 0.6529699 0.6462871 0.6754902 0.7268067 0.8266916 0.4755105 0.5823673 0.5099666 0.5417308 0.6156785 0.6456617 0.6793987 0.7923916 0.8675510 0.5430065 0.6173156 0.7996057 0.7832595 0.7820157 0.7640695 0.7370567 0.7885608 0.7854623 0.7939488 0.8047162 0.7901567 0.8270254 0.7683655 0.7671223 0.7646584 0.7990529 0.8425351 0.7980464 0.8479443 0.8411403 0.8276574 0.7466176 0.8422376 0.7916418 0.8254188 0.8468843 0.8523930 0.8699211 0.8373184 0.8320727 0.8450550 0.8555673 0.8318094 0.8117019 0.8848541 0.8982209 0.7358684 0.6833345 0.6477769 1.1250870 0.8482529 0.8323427 0.8654682 0.8736349 0.8934197 0.8215660 0.8740959 0.8311428 0.8510002 0.8495905 0.8690634 0.8200368 0.8254735 0.9052259 0.8925834 0.9743336 0.9672104 0.7867680 1.7489150 1.8503555 1.7794736 2.5541498 
02_AG.GW.04.CC_0030.FJ694791           0.3403271 0.2518576 0.0000000 0.2791090 0.3472735 0.3933002 0.4077941 0.4396904 0.4619511 0.5552961 0.5625512 0.5582516 0.5260175 0.5279457 0.5716829 0.5539530 0.5071494 0.5292559 0.5559655 0.6211041 0.6192906 0.6627590 0.6550223 0.6536428 0.6300511 0.6686737 0.7077608 0.8014685 0.4742829 0.5770276 0.5063836 0.5395164 0.6162596 0.6380509 0.6716226 0.7984607 0.8844633 0.5422812 0.5956869 0.7694717 0.7551503 0.7505535 0.7457057 0.7197157 0.7778182 0.7655578 0.7804222 0.7724602 0.7939809 0.8002025 0.7450076 0.7366379 0.7441258 0.7757347 0.8254404 0.7657035 0.8199054 0.8079227 0.8007964 0.7176003 0.8192475 0.7680667 0.8048873 0.8324058 0.8346422 0.8447493 0.7896100 0.8071229 0.8017200 0.8382868 0.8267460 0.8107941 0.8514790 0.8668897 0.7531212 0.6700316 0.6441460 1.1137382 0.8460436 0.8079065 0.8559822 0.8405738 0.8725788 0.8046309 0.8462060 0.7913742 0.8383510 0.8568803 0.8560955 0.7982665 0.8136638 0.8848523 0.8632138 0.9541754 0.9255667 0.7848081 1.7623423 1.8572975 1.7903886 2.5345242 
02_AG.GW.14.DE00214GW009.MH078544      0.3626638 0.2843447 0.2791090 0.0000000 0.3673380 0.4146040 0.4329757 0.4498493 0.4723700 0.5766119 0.5792671 0.5797688 0.5416160 0.5443885 0.5816407 0.5728790 0.5220456 0.5509626 0.5654794 0.6495965 0.6349835 0.6899611 0.6585616 0.6832976 0.6596372 0.6885626 0.7588825 0.8505797 0.4984960 0.6016617 0.5295502 0.5619259 0.6273301 0.6560070 0.6991437 0.8122401 0.8822188 0.5471864 0.6350797 0.8203143 0.7968388 0.7831536 0.7921388 0.7536923 0.8166154 0.8164674 0.8205052 0.8267653 0.8115232 0.8535830 0.7965793 0.7927145 0.7811919 0.8215403 0.8760229 0.8204401 0.8527865 0.8496263 0.8449191 0.7668345 0.8542419 0.8164234 0.8512681 0.8695341 0.8780409 0.8902708 0.8455045 0.8503388 0.8405947 0.9003950 0.8743437 0.8546151 0.8928576 0.9167972 0.7697883 0.7053964 0.6794590 1.1491976 0.8650844 0.8559707 0.8665322 0.8665477 0.8931658 0.8233424 0.8946106 0.8259902 0.8760940 0.8829464 0.8855846 0.8224170 0.8603849 0.9001487 0.9054521 0.9889265 0.9888652 0.7905944 1.7837487 1.8354125 1.8501950 2.5758658 
02D.GH.03.GHNJ193.AB231897             0.4286113 0.3433260 0.3472735 0.3673380 0.0000000 0.4793394 0.4924854 0.5196036 0.5533664 0.6312717 0.6331626 0.6365823 0.6079857 0.5901737 0.6380084 0.6438897 0.5831846 0.6146248 0.6354635 0.7081506 0.6949417 0.7348015 0.7238704 0.7343838 0.7217430 0.7510875 0.7861976 0.9033594 0.5637356 0.6638697 0.5800860 0.6266825 0.7069679 0.7358810 0.7398835 0.8568351 0.9434850 0.5978525 0.6977091 0.8899509 0.8653718 0.8566207 0.8467954 0.8384887 0.8719110 0.8713695 0.8803543 0.8847323 0.8942746 0.9076526 0.8545955 0.8383487 0.8433099 0.8539199 0.9366302 0.8851769 0.9251321 0.9210269 0.9025094 0.8106266 0.9216946 0.8844984 0.9021198 0.9284725 0.9573701 0.9369242 0.9128969 0.9142216 0.9158443 0.9472449 0.9360684 0.9022448 0.9432940 0.9541772 0.8373048 0.7673153 0.7585602 1.2239677 0.9299131 0.9167795 0.9404678 0.9656935 0.9671132 0.8975362 0.9388397 0.8927987 0.9343044 0.9445453 0.9557349 0.9212972 0.9166564 0.9720535 0.9726319 1.0610149 1.0330742 0.8590188 1.8608612 1.9137339 1.8765682 2.6070936 
02A.CI.16.DEURF16CI011.MH078538        0.3768627 0.4033513 0.3933002 0.4146040 0.4793394 0.0000000 0.4673669 0.4952391 0.4992699 0.6087284 0.6093604 0.6199874 0.5835705 0.5905026 0.6236865 0.6115729 0.5550162 0.5909720 0.6040026 0.6998148 0.6876060 0.7213308 0.7243820 0.7164251 0.7069560 0.7314663 0.7859950 0.9002947 0.5185672 0.6296808 0.5600713 0.5809331 0.6551373 0.6781498 0.7299640 0.8334807 0.9106785 0.5970531 0.6857727 0.8430962 0.8237390 0.8184086 0.8044910 0.7994095 0.8481271 0.8419169 0.8426910 0.8409808 0.8414118 0.8611540 0.8327682 0.8168337 0.8000604 0.8717712 0.8917000 0.8332610 0.9045144 0.8637202 0.8675832 0.7754535 0.8766429 0.8687390 0.8883616 0.9093286 0.8824141 0.8879836 0.8819018 0.8617583 0.8868995 0.9121043 0.9233574 0.8684618 0.9354806 0.9392660 0.7825740 0.7314586 0.7083739 1.1872103 0.9144131 0.8913891 0.9189579 0.9134814 0.9392734 0.8376232 0.9021456 0.8784192 0.9327804 0.9152395 0.9389861 0.8758041 0.9016938 0.9458454 0.9546510 1.0242186 1.0179567 0.8243167 1.8029530 1.8718248 1.8794407 2.5910967 
0206.SN.12.LA56Senegl.KU168299         0.4085629 0.4116101 0.4077941 0.4329757 0.4924854 0.4673669 0.0000000 0.4095038 0.4904469 0.6027846 0.6107283 0.6023899 0.5656478 0.5753700 0.6170610 0.6118808 0.5446578 0.5692445 0.5967334 0.6594197 0.6637937 0.6989760 0.6891581 0.6905515 0.6772416 0.7147292 0.7639005 0.8672192 0.5064032 0.6094408 0.5270514 0.5820677 0.6546765 0.6597590 0.7104117 0.8223876 0.9139645 0.6066224 0.6516393 0.8226362 0.8155354 0.7956492 0.7951639 0.7755293 0.8396819 0.8165302 0.8335532 0.8322543 0.8435039 0.8445321 0.8093646 0.8127154 0.7875241 0.8541503 0.8831311 0.8202854 0.8899177 0.8603427 0.8645382 0.7690241 0.8936820 0.8431522 0.8546719 0.8712009 0.8735347 0.8798082 0.8458858 0.8769589 0.8595426 0.8965250 0.8688069 0.8646738 0.9020127 0.9249394 0.7919734 0.7251917 0.6792767 1.1490748 0.8792596 0.8955201 0.8915882 0.8859922 0.9168569 0.8379430 0.9050571 0.8469454 0.8807935 0.8940748 0.9137912 0.8545024 0.8750440 0.9297657 0.9186771 1.0148778 0.9827759 0.8199408 1.8508184 1.9110077 1.8830962 2.5727418 
U.ES.10.DEURF10DZ001.JX140679          0.4272660 0.4422639 0.4396904 0.4498493 0.5196036 0.4952391 0.4095038 0.0000000 0.5110970 0.6342281 0.6372839 0.6277062 0.5953883 0.5932224 0.6492445 0.6389794 0.5674083 0.6064341 0.6156660 0.6719892 0.6771480 0.7275338 0.7010304 0.7041536 0.7007804 0.7226827 0.7903724 0.8974985 0.5411722 0.6599632 0.5899412 0.6058907 0.6684233 0.6971553 0.7332758 0.8407727 0.9301978 0.6445303 0.6701294 0.8475932 0.8354307 0.8131317 0.8183687 0.7933569 0.8660785 0.8441715 0.8669672 0.8660611 0.8614141 0.8927979 0.8306433 0.8139908 0.7855552 0.8564535 0.9044634 0.8462324 0.8882706 0.8666641 0.8690186 0.7820379 0.8959697 0.8435853 0.8637644 0.8694617 0.8891648 0.9032024 0.8829255 0.8814940 0.8787690 0.9305275 0.8754788 0.8829848 0.9118773 0.9367439 0.8272508 0.7454575 0.6993663 1.1795479 0.9137685 0.9077421 0.9238847 0.9445829 0.9494843 0.8794583 0.9292196 0.8775619 0.9279381 0.9448350 0.9447360 0.8970677 0.9092257 0.9395117 0.9738054 1.0456696 1.0312173 0.8265083 1.8713477 1.9404395 1.9127796 2.6735180 
AGU.CM.06.770_8.MH705142               0.4567616 0.4706903 0.4619511 0.4723700 0.5533664 0.4992699 0.4904469 0.5110970 0.0000000 0.5725511 0.5828434 0.5795451 0.5488009 0.5384318 0.5961124 0.5731908 0.5215595 0.5637420 0.5832235 0.6396263 0.6444780 0.6689223 0.6534598 0.6656116 0.6601281 0.6778773 0.7504477 0.8305406 0.4933308 0.5986950 0.5676166 0.5207211 0.5854438 0.6063335 0.6310131 0.7789311 0.8851859 0.6514909 0.6288904 0.7903723 0.7734755 0.7848799 0.7707035 0.7499137 0.8141684 0.7931717 0.8036462 0.8220409 0.8082147 0.8445339 0.7850665 0.7638791 0.7469852 0.8122918 0.8397223 0.8143750 0.8506263 0.8404588 0.8200391 0.7461215 0.8425868 0.7986599 0.8377403 0.8310234 0.8516050 0.8533388 0.8326018 0.8275399 0.8267930 0.8656138 0.8436124 0.8283062 0.8840233 0.8884709 0.7895461 0.6972377 0.6845896 1.1460367 0.8615821 0.8201654 0.8866722 0.8853662 0.8747650 0.8109903 0.8466110 0.8111722 0.8732261 0.8626137 0.8667277 0.8121469 0.8288314 0.8951696 0.8820002 0.9634742 0.9827400 0.7731165 1.8965161 1.9587726 1.9729226 2.7001024 
A1.KE.06.06KECst_028.FJ623479          0.5525085 0.5539244 0.5552961 0.5766119 0.6312717 0.6087284 0.6027846 0.6342281 0.5725511 0.0000000 0.3258611 0.4140899 0.3700574 0.3970812 0.4066922 0.4605197 0.4487661 0.4723459 0.4916054 0.5646416 0.5745100 0.6091974 0.6078062 0.5955420 0.5943333 0.5993926 0.6673017 0.7648320 0.5004143 0.4915487 0.6587512 0.6630301 0.7432631 0.7650553 0.8008064 0.7388944 0.8009267 0.7636533 0.7056593 0.8790719 0.8687003 0.8478090 0.8425770 0.8280021 0.8873439 0.8809699 0.8911935 0.8805813 0.8976470 0.8808944 0.8312302 0.8388579 0.8243296 0.8804243 0.9160767 0.8942782 0.9114634 0.9012600 0.8932688 0.7989347 0.9450385 0.8766681 0.9035466 0.9129918 0.9100652 0.9422943 0.9128480 0.8878594 0.8977897 0.9430621 0.9377159 0.9021291 0.9501203 0.9773549 0.7993042 0.7572690 0.7192814 1.2165162 0.7659528 0.7396628 0.7692146 0.7722269 0.7828704 0.7022724 0.7770893 0.7233875 0.7553773 0.7717740 0.7821963 0.7170262 0.7536531 0.7974991 0.8354922 0.8745109 0.8532923 0.8286448 1.9441434 2.0412652 1.9863427 2.7180855 
A1.KE.06.06KECst_013.FJ623485          0.5614370 0.5588605 0.5625512 0.5792671 0.6331626 0.6093604 0.6107283 0.6372839 0.5828434 0.3258611 0.0000000 0.4361329 0.3894881 0.4213319 0.4073124 0.4666535 0.4529343 0.4829373 0.5095626 0.5856584 0.5814509 0.6327577 0.6116260 0.6067758 0.5978134 0.6236321 0.6931342 0.7894663 0.5088287 0.4903572 0.6712985 0.6946977 0.7546696 0.7866810 0.8215712 0.7475720 0.8176091 0.7741874 0.7054588 0.8899759 0.8547692 0.8644659 0.8356556 0.8256483 0.8873540 0.8886835 0.8721645 0.8765315 0.8830034 0.8853652 0.8489856 0.8384059 0.8160387 0.8730609 0.9122277 0.8948621 0.9182504 0.8973463 0.8999230 0.8023840 0.9310493 0.8867874 0.8867309 0.9153209 0.9282052 0.9248001 0.9139752 0.8988715 0.9089132 0.9365112 0.9210972 0.9080191 0.9355215 0.9577874 0.8309391 0.7555359 0.7122044 1.2422342 0.7721080 0.7538167 0.7696152 0.7680074 0.7809328 0.7179752 0.7783715 0.7170042 0.7625362 0.7639101 0.7952978 0.7467354 0.7298615 0.8158471 0.8185686 0.8836199 0.8676142 0.8392057 2.0156423 2.0377818 2.0619470 2.6623059 
A1.CY.07.CY208.JF683760                0.5554682 0.5646640 0.5582516 0.5797688 0.6365823 0.6199874 0.6023899 0.6277062 0.5795451 0.4140899 0.4361329 0.0000000 0.2401712 0.4308685 0.4336596 0.4700261 0.4554500 0.5011957 0.5184089 0.5814540 0.5727552 0.6283515 0.6246263 0.6264886 0.6007533 0.6205705 0.6830262 0.7913363 0.5210552 0.4980120 0.6656636 0.6622450 0.7403122 0.7755307 0.7964217 0.7406934 0.7923366 0.7893353 0.7057313 0.8846747 0.8808678 0.8611018 0.8525960 0.8399325 0.8919148 0.8918198 0.9078170 0.8935400 0.9048482 0.8857058 0.8443001 0.8620469 0.8480906 0.8820696 0.9343568 0.9076742 0.9487291 0.9167913 0.9287479 0.8243328 0.9456530 0.8746174 0.9093280 0.9339483 0.9401664 0.9333176 0.9165206 0.9108577 0.8972662 0.9405989 0.9433853 0.9105691 0.9688151 0.9631942 0.8231484 0.7515647 0.7237122 1.2061583 0.7582773 0.7541931 0.7668363 0.7898420 0.7980879 0.7238099 0.7746384 0.7255612 0.7571472 0.7683140 0.8023697 0.7497443 0.7402818 0.8184083 0.8213911 0.8902698 0.8750903 0.8534581 2.0018748 2.0711561 2.0148961 2.8044323 
A1.CY.05.CY051.FJ388903                0.5255635 0.5226688 0.5260175 0.5416160 0.6079857 0.5835705 0.5656478 0.5953883 0.5488009 0.3700574 0.3894881 0.2401712 0.0000000 0.3854185 0.3916916 0.4102259 0.4170171 0.4486205 0.4764051 0.5344875 0.5336016 0.5748563 0.5705944 0.5813225 0.5575148 0.5729094 0.6378938 0.7451545 0.4824555 0.4496610 0.6348980 0.6368607 0.7133594 0.7310008 0.7674021 0.6876175 0.7655040 0.7428051 0.6679766 0.8309881 0.8302148 0.8245679 0.8186446 0.7874410 0.8269883 0.8689609 0.8569108 0.8393491 0.8667492 0.8592507 0.7939618 0.7970831 0.8096019 0.8370975 0.8809942 0.8477780 0.8770485 0.8537436 0.8708552 0.7748973 0.9162208 0.8419198 0.8672375 0.8729587 0.9083632 0.8926135 0.8626523 0.8524064 0.8605960 0.9025907 0.8677392 0.8810237 0.9002510 0.9276430 0.7940612 0.7232077 0.6761399 1.1536557 0.7044851 0.7166165 0.7285320 0.7289931 0.7423370 0.6842525 0.7251359 0.6781569 0.7053034 0.7175283 0.7526386 0.6866861 0.7053004 0.7804679 0.7850524 0.8599265 0.8283738 0.7984508 1.9445148 2.0086146 1.9542968 2.7028467 
A1.UG.11.DEMA110UG001.KF859745         0.5312321 0.5174340 0.5279457 0.5443885 0.5901737 0.5905026 0.5753700 0.5932224 0.5384318 0.3970812 0.4213319 0.4308685 0.3854185 0.0000000 0.4211029 0.4318365 0.4267987 0.4648102 0.4738669 0.5526334 0.5627016 0.5989231 0.5898596 0.5844653 0.5783473 0.5941049 0.6707680 0.7606428 0.4926757 0.4622036 0.6240111 0.6287850 0.7184448 0.7325247 0.7520516 0.7252513 0.7861735 0.7310163 0.6830035 0.8413984 0.8286933 0.8333569 0.8129207 0.7842543 0.8292989 0.8661103 0.8598119 0.8527766 0.8565513 0.8869712 0.8175024 0.8171053 0.8131811 0.8484660 0.9027279 0.8899196 0.9119405 0.8895678 0.8730977 0.7740293 0.9104581 0.8389748 0.8740371 0.8977350 0.8989562 0.8938134 0.9004756 0.8651492 0.8736398 0.9237146 0.8914094 0.8641731 0.9390906 0.9583320 0.8099382 0.7340166 0.6864340 1.1659887 0.7291005 0.7060849 0.7347354 0.7313545 0.7472335 0.6891056 0.7415798 0.6864621 0.7219471 0.7366229 0.7643539 0.6956884 0.7156866 0.7825811 0.7691026 0.8722492 0.8404348 0.8016145 1.9647040 2.0632790 2.0009023 2.8228367 
35_AD.AF.06.007H.GQ477450              0.5368153 0.5636740 0.5716829 0.5816407 0.6380084 0.6236865 0.6170610 0.6492445 0.5961124 0.4066922 0.4073124 0.4336596 0.3916916 0.4211029 0.0000000 0.4713333 0.4614015 0.4984453 0.5125548 0.5778546 0.5820067 0.6194805 0.6100282 0.6210298 0.6052270 0.6300627 0.6803182 0.7719911 0.5224198 0.4935158 0.6734159 0.6739406 0.7482831 0.7855347 0.8109360 0.7611915 0.8220233 0.7609160 0.7199249 0.8724199 0.8784850 0.8755342 0.8696069 0.8336963 0.9018302 0.9042521 0.9074071 0.9168704 0.8918367 0.9095996 0.8310163 0.8530996 0.8447683 0.8812428 0.9431086 0.8896845 0.9445998 0.9006270 0.9077600 0.8211738 0.9513159 0.8931624 0.9264468 0.9265629 0.9710125 0.9446998 0.9159689 0.9228535 0.8961396 0.9760518 0.9310483 0.9170793 0.9678632 0.9788716 0.8370984 0.7573474 0.7346571 1.2267421 0.7615765 0.7673043 0.7583737 0.7644311 0.7946880 0.7227403 0.7869939 0.7309309 0.7620172 0.7746767 0.8030760 0.7404277 0.7678696 0.8204944 0.8145010 0.9002143 0.8948736 0.8458035 1.9533286 2.0074606 1.9466996 2.7480989 
A1D.UG.99.99UGJ21953.AF484496          0.5502720 0.5659577 0.5539530 0.5728790 0.6438897 0.6115729 0.6118808 0.6389794 0.5731908 0.4605197 0.4666535 0.4700261 0.4102259 0.4318365 0.4713333 0.0000000 0.4554954 0.4986870 0.5172734 0.5916866 0.5819856 0.6253499 0.6049625 0.6219979 0.5946280 0.6227825 0.6718911 0.7821644 0.5204663 0.4646876 0.6655102 0.6587978 0.7363575 0.7777011 0.8042654 0.7228295 0.7938352 0.7613038 0.7182861 0.8722897 0.8569817 0.8391137 0.8488128 0.8246782 0.8615854 0.8725734 0.8896565 0.8749271 0.8717629 0.9077944 0.8303915 0.8391314 0.8158383 0.8644224 0.9257162 0.8812804 0.9153003 0.9111826 0.8902366 0.8106219 0.9442339 0.8735850 0.9087446 0.8991527 0.9247194 0.9387319 0.8865688 0.8961607 0.8992534 0.9419996 0.9138776 0.9196826 0.9431465 0.9558361 0.8254739 0.7637435 0.7382844 1.1822267 0.7413871 0.7241923 0.7520684 0.7618893 0.7743761 0.6908448 0.7477850 0.7021300 0.7399633 0.7378574 0.7419525 0.6937882 0.7089038 0.7896399 0.7724235 0.8573430 0.8398559 0.8293073 1.9864427 2.0300703 2.0001542 2.8127833 
A1.CY.06.CY154.FJ388943                0.5003753 0.5008915 0.5071494 0.5220456 0.5831846 0.5550162 0.5446578 0.5674083 0.5215595 0.4487661 0.4529343 0.4554500 0.4170171 0.4267987 0.4614015 0.4554954 0.0000000 0.4287753 0.4404369 0.5200076 0.5201876 0.5499371 0.5389697 0.5433945 0.5374526 0.5507642 0.6179879 0.7161480 0.4519726 0.4742985 0.6176206 0.6069100 0.6578250 0.7203837 0.7381017 0.6726710 0.7613935 0.7281771 0.6492582 0.8364204 0.8308284 0.8124625 0.8274872 0.7899788 0.8324569 0.8207852 0.8372718 0.8355896 0.8650037 0.8457225 0.7898826 0.7954069 0.7840043 0.8351390 0.8742391 0.8410137 0.8767462 0.8627513 0.8633579 0.7752219 0.8890924 0.8167849 0.8570794 0.8514029 0.8715310 0.8883547 0.8497643 0.8476605 0.8760202 0.8961824 0.8712728 0.8617248 0.8920166 0.9277684 0.7867150 0.7252112 0.6842867 1.1385888 0.7496673 0.7408942 0.7378705 0.7684328 0.7765468 0.6990287 0.7599395 0.6959964 0.7553169 0.7672643 0.7785438 0.7126753 0.7377021 0.8175804 0.8114595 0.8598535 0.8641336 0.7911564 1.9318693 2.0100679 2.0186144 2.7664718 
A6.UA.12.DEMA112UA036.KU749406         0.5285868 0.5275762 0.5292559 0.5509626 0.6146248 0.5909720 0.5692445 0.6064341 0.5637420 0.4723459 0.4829373 0.5011957 0.4486205 0.4648102 0.4984453 0.4986870 0.4287753 0.0000000 0.4552456 0.5346959 0.5228984 0.5598935 0.5448138 0.5627414 0.5315795 0.5520118 0.6276756 0.7118995 0.4999255 0.5094014 0.6302751 0.6351693 0.7283914 0.7371796 0.7731714 0.6789648 0.7639575 0.7462819 0.6713694 0.8439220 0.8449384 0.8518845 0.8411459 0.8057456 0.8638638 0.8427801 0.8861110 0.8848509 0.8812660 0.8789459 0.8365145 0.8291613 0.8178107 0.8598510 0.9204664 0.8847417 0.8955293 0.8905404 0.8779966 0.8064196 0.8885028 0.8489728 0.8870519 0.9297449 0.9218497 0.9027051 0.8904533 0.8893755 0.8850155 0.9520983 0.9131550 0.8845662 0.9058040 0.9810508 0.8209298 0.7524880 0.7216249 1.2138083 0.7792158 0.7471140 0.7845991 0.7935496 0.7847994 0.7207267 0.7830835 0.7319108 0.7630872 0.7851104 0.8208224 0.7548409 0.7600611 0.8432380 0.8220359 0.9254613 0.8777909 0.8434409 1.9591377 2.0335379 1.9938377 2.7567844 
22_01A1.CM.02.02CM_1867LE.AY371165     0.5610918 0.5583324 0.5559655 0.5654794 0.6354635 0.6040026 0.5967334 0.6156660 0.5832235 0.4916054 0.5095626 0.5184089 0.4764051 0.4738669 0.5125548 0.5172734 0.4404369 0.4552456 0.0000000 0.4377880 0.4371127 0.4931158 0.4673882 0.4775058 0.4601999 0.4719615 0.5538002 0.6532486 0.5012413 0.5188965 0.6707546 0.6553284 0.7355018 0.7704205 0.7768197 0.5865141 0.6602880 0.7449042 0.7077764 0.8852975 0.8696118 0.8578318 0.8533892 0.8078349 0.8741218 0.8935669 0.9024837 0.9032174 0.9127081 0.9184274 0.8399459 0.8444504 0.8391293 0.9036473 0.9257523 0.8900263 0.9307762 0.9234510 0.8904197 0.8400045 0.9248715 0.8744515 0.9138130 0.9109984 0.9201085 0.9432299 0.9035433 0.9245027 0.8965660 0.9639854 0.9423048 0.9251414 0.9407546 0.9632610 0.8183116 0.7602739 0.7255905 1.2047806 0.7856408 0.7697309 0.7957102 0.8042380 0.8168783 0.7332496 0.7881448 0.7367187 0.7776780 0.8031808 0.8070344 0.7516267 0.7720184 0.8510978 0.8279160 0.8921305 0.9033758 0.8290163 2.0017609 2.0769082 2.0371149 2.7339691 
01_AE.CN.02.YN0236.JX112866            0.6216687 0.6238430 0.6211041 0.6495965 0.7081506 0.6998148 0.6594197 0.6719892 0.6396263 0.5646416 0.5856584 0.5814540 0.5344875 0.5526334 0.5778546 0.5916866 0.5200076 0.5346959 0.4377880 0.0000000 0.1586068 0.2091529 0.2067990 0.2122741 0.2170725 0.2408017 0.2993650 0.3835121 0.5615888 0.6009010 0.7167061 0.7253869 0.7960195 0.8172643 0.8589668 0.4798779 0.5626997 0.8382901 0.7574863 0.9177121 0.9250673 0.9374137 0.9112938 0.8921471 0.9582175 0.9565727 0.9606509 0.9419917 0.9623879 0.9737525 0.8922152 0.8981968 0.8798007 0.9409551 0.9675922 0.9372977 0.9881261 0.9793718 0.9681808 0.8713940 1.0183972 0.9371308 0.9770032 0.9837904 0.9894150 0.9963098 0.9674914 0.9626743 0.9893575 1.0048162 0.9755898 0.9531710 1.0224277 1.0315764 0.8863160 0.8341425 0.7940571 1.2692108 0.8694840 0.8333295 0.8809739 0.8900668 0.9053627 0.8026993 0.8704710 0.8248531 0.8667564 0.8885060 0.8880826 0.8442326 0.8687488 0.9042039 0.8957392 0.9709905 0.9790501 0.9181468 2.0577289 2.1066995 2.1692013 2.8169910 
01_AE.TH.99.99TH_C4460.AY945726        0.6288700 0.6302777 0.6192906 0.6349835 0.6949417 0.6876060 0.6637937 0.6771480 0.6444780 0.5745100 0.5814509 0.5727552 0.5336016 0.5627016 0.5820067 0.5819856 0.5201876 0.5228984 0.4371127 0.1586068 0.0000000 0.2107531 0.2043315 0.2099871 0.2196571 0.2429575 0.2958522 0.3857205 0.5724073 0.5973690 0.7195396 0.7389576 0.8046376 0.8440571 0.8667619 0.4722968 0.5627029 0.8323868 0.7710512 0.9291382 0.9422853 0.9401003 0.9231124 0.8999422 0.9605087 0.9526944 0.9669650 0.9335537 0.9645455 0.9656230 0.9036829 0.9066480 0.8843392 0.9524121 0.9799251 0.9555955 1.0018886 0.9806230 0.9627569 0.8834701 1.0281947 0.9248068 0.9740816 0.9947116 0.9821928 1.0106522 0.9854821 0.9724692 0.9851198 1.0263949 0.9817175 0.9764476 1.0141143 1.0356210 0.8950559 0.8372869 0.8076269 1.2782512 0.8715406 0.8743004 0.8915356 0.8980866 0.9143993 0.8149192 0.8843052 0.8193750 0.8634297 0.9115128 0.9013829 0.8604738 0.8678779 0.9188392 0.9193047 0.9936971 0.9844218 0.9152726 2.0533287 2.1029563 2.1610360 2.7800439 
01_AE.CN.07.GX070143.JX112835          0.6556028 0.6616475 0.6627590 0.6899611 0.7348015 0.7213308 0.6989760 0.7275338 0.6689223 0.6091974 0.6327577 0.6283515 0.5748563 0.5989231 0.6194805 0.6253499 0.5499371 0.5598935 0.4931158 0.2091529 0.2107531 0.0000000 0.2445970 0.2483686 0.2643928 0.2825539 0.3385914 0.4244667 0.6020107 0.6539768 0.7815087 0.7871577 0.8548282 0.8888723 0.9093025 0.5247696 0.5966349 0.8725517 0.8147996 0.9772389 0.9822972 0.9801556 0.9599273 0.9541886 1.0194904 0.9916104 1.0060386 0.9804984 1.0200645 1.0245746 0.9492914 0.9546331 0.9345629 0.9792039 1.0301563 1.0084042 1.0351692 1.0312302 0.9969381 0.9352940 1.0697524 0.9600987 1.0318844 1.0224123 1.0345539 1.0526307 1.0279507 1.0182352 1.0270993 1.0744849 1.0254939 1.0168033 1.0767863 1.0972561 0.9241166 0.8775452 0.8323246 1.3072732 0.9079696 0.8737329 0.8996665 0.9236410 0.9392366 0.8421894 0.9174659 0.8541661 0.8918944 0.9260303 0.9159896 0.8698897 0.8985978 0.9701599 0.9462842 1.0242537 1.0217128 0.9541550 2.1012310 2.1604131 2.1744586 2.8387430 
01_AE.TH.07.AA030a04.JX447057          0.6534452 0.6634005 0.6550223 0.6585616 0.7238704 0.7243820 0.6891581 0.7010304 0.6534598 0.6078062 0.6116260 0.6246263 0.5705944 0.5898596 0.6100282 0.6049625 0.5389697 0.5448138 0.4673882 0.2067990 0.2043315 0.2445970 0.0000000 0.2341314 0.2451841 0.2661404 0.3223537 0.4152749 0.5917416 0.6284044 0.7639207 0.7820661 0.8301745 0.8640305 0.8803578 0.5056730 0.5885583 0.8537125 0.7719395 0.9605152 0.9728392 0.9749735 0.9588610 0.9225418 0.9993061 0.9645983 0.9781283 0.9727224 0.9923929 1.0023471 0.9332726 0.9261512 0.9153649 0.9812190 0.9972678 0.9701967 1.0065556 0.9801850 0.9648609 0.9004373 1.0361674 0.9544779 0.9981470 1.0096748 1.0112864 1.0070110 1.0200418 0.9859018 1.0185317 1.0458530 0.9998004 0.9865356 1.0369812 1.0505239 0.9013817 0.8511958 0.8078956 1.2934381 0.8755411 0.8400911 0.9052661 0.9004888 0.9209953 0.8198216 0.8909082 0.8494885 0.8707660 0.9108686 0.9210226 0.8484131 0.8904974 0.9335384 0.9335906 1.0124488 1.0063226 0.9450289 2.1022589 2.1522478 2.2151906 2.8265962 
01_AE.CN.07.07CNYN326.KF835513         0.6501297 0.6529699 0.6536428 0.6832976 0.7343838 0.7164251 0.6905515 0.7041536 0.6656116 0.5955420 0.6067758 0.6264886 0.5813225 0.5844653 0.6210298 0.6219979 0.5433945 0.5627414 0.4775058 0.2122741 0.2099871 0.2483686 0.2341314 0.0000000 0.2579282 0.2819639 0.3254360 0.4312979 0.5962807 0.6433149 0.7519732 0.7638130 0.8284099 0.8628806 0.9068848 0.5029643 0.5897471 0.8729553 0.7959557 0.9711669 0.9704690 0.9789625 0.9597387 0.9329110 0.9966033 0.9701567 0.9878413 0.9845585 1.0057965 1.0070230 0.9443701 0.9492226 0.9287758 0.9798333 1.0029580 0.9952607 1.0185101 1.0058300 1.0042658 0.8992418 1.0325277 0.9627494 0.9896201 1.0235703 1.0222489 1.0545581 1.0235834 1.0130215 1.0251096 1.0483842 1.0215068 0.9908115 1.0394499 1.0739292 0.9079234 0.8612033 0.8284253 1.3007897 0.8951907 0.8752591 0.9010258 0.9284647 0.9307927 0.8410151 0.8956254 0.8509667 0.8904776 0.9234903 0.9094584 0.8539229 0.8885682 0.9608421 0.9478828 1.0024117 1.0004471 0.9550491 2.0236601 2.1054200 2.1344012 2.8157010 
01_AE.TH.05.AA101a_WG1.JX447936        0.6337673 0.6462871 0.6300511 0.6596372 0.7217430 0.7069560 0.6772416 0.7007804 0.6601281 0.5943333 0.5978134 0.6007533 0.5575148 0.5783473 0.6052270 0.5946280 0.5374526 0.5315795 0.4601999 0.2170725 0.2196571 0.2643928 0.2451841 0.2579282 0.0000000 0.2575997 0.3309666 0.4369464 0.5871005 0.6234766 0.7520196 0.7513569 0.8055028 0.8672932 0.8857858 0.5069327 0.5771981 0.8514749 0.7787761 0.9623416 0.9507777 0.9542277 0.9412117 0.9335386 0.9712084 0.9755213 0.9770560 0.9728318 0.9973612 0.9927307 0.9295812 0.9222767 0.9097057 0.9695385 1.0090670 0.9946004 1.0129937 1.0068773 0.9851126 0.9245006 1.0276288 0.9456768 0.9903774 0.9933749 1.0222872 1.0243061 0.9818736 0.9820571 1.0225074 1.0432923 1.0224413 1.0022488 1.0533489 1.0719360 0.9091363 0.8558905 0.8406304 1.3008684 0.8815784 0.8551317 0.8755642 0.8752656 0.9091914 0.8081686 0.8736133 0.8261256 0.8885074 0.8866679 0.8922880 0.8516310 0.8783903 0.9363061 0.8954506 0.9863553 1.0024993 0.9366631 2.0736513 2.1169092 2.1238917 2.8999765 
01_AE.CN.07.07CNYN343.KF835528         0.6542501 0.6754902 0.6686737 0.6885626 0.7510875 0.7314663 0.7147292 0.7226827 0.6778773 0.5993926 0.6236321 0.6205705 0.5729094 0.5941049 0.6300627 0.6227825 0.5507642 0.5520118 0.4719615 0.2408017 0.2429575 0.2825539 0.2661404 0.2819639 0.2575997 0.0000000 0.3520293 0.4591384 0.5941085 0.6327553 0.7608972 0.7734115 0.8159103 0.8750147 0.8950544 0.5088038 0.5900521 0.8644363 0.8040960 0.9757209 0.9718963 0.9737903 0.9492017 0.9412766 0.9804864 0.9711268 0.9878312 0.9945943 0.9921336 0.9934043 0.9319099 0.9227495 0.9253308 0.9915718 0.9976181 0.9868725 1.0212422 1.0228145 1.0094001 0.9161347 1.0539427 0.9684731 1.0094715 1.0208628 1.0133582 1.0270275 0.9982073 1.0059148 1.0193357 1.0543037 1.0231657 0.9837167 1.0726684 1.0758849 0.9202324 0.8676374 0.8420995 1.3058212 0.9001021 0.8759431 0.8978105 0.9125496 0.9211643 0.8460573 0.8925258 0.8355350 0.8950518 0.8929234 0.9051877 0.8553847 0.8912618 0.9549643 0.9237381 1.0107706 1.0271987 0.9285326 2.0917058 2.0992023 2.1054888 2.9068853 
01BC.CN.13.SZ95LS8027.KX379000         0.7063250 0.7268067 0.7077608 0.7588825 0.7861976 0.7859950 0.7639005 0.7903724 0.7504477 0.6673017 0.6931342 0.6830262 0.6378938 0.6707680 0.6803182 0.6718911 0.6179879 0.6276756 0.5538002 0.2993650 0.2958522 0.3385914 0.3223537 0.3254360 0.3309666 0.3520293 0.0000000 0.5105489 0.6757976 0.7088538 0.8368215 0.8546867 0.9230821 0.9577699 0.9888453 0.5788546 0.6643203 0.9477762 0.8641761 1.0294151 1.0636163 1.0436274 1.0379329 1.0131414 1.0753373 1.0541639 1.0617485 1.0592645 1.0785894 1.0872081 1.0111950 1.0084147 0.9733811 1.0550132 1.0839884 1.0510096 1.1038982 1.0688046 1.0513369 0.9886398 1.1294727 1.0404004 1.0881267 1.1018215 1.0902251 1.1381044 1.0918788 1.0742164 1.0837009 1.1482639 1.0996763 1.1007894 1.1137794 1.1737877 0.9894020 0.9399310 0.9030082 1.3789329 0.9818049 0.9694092 1.0025909 1.0177260 1.0198507 0.9207122 0.9950252 0.9367702 0.9698202 1.0024445 1.0086520 0.9824800 0.9739609 1.0316054 1.0193264 1.1374144 1.1177743 1.0177623 2.1553424 2.1956015 2.2116710 2.8952210 
69_01B.JP.05.05JPMYC113SP420.LC027100  0.8163919 0.8266916 0.8014685 0.8505797 0.9033594 0.9002947 0.8672192 0.8974985 0.8305406 0.7648320 0.7894663 0.7913363 0.7451545 0.7606428 0.7719911 0.7821644 0.7161480 0.7118995 0.6532486 0.3835121 0.3857205 0.4244667 0.4152749 0.4312979 0.4369464 0.4591384 0.5105489 0.0000000 0.7726682 0.8110870 0.9478084 0.9432287 0.9802622 1.0572664 1.0674360 0.6787462 0.7578878 1.0267579 0.9674941 1.1243063 1.1210567 1.1269498 1.1047556 1.1030067 1.1595317 1.1242119 1.1604824 1.1709009 1.1727329 1.1585156 1.0667612 1.0808233 1.1032663 1.1282301 1.2025334 1.1402286 1.1827037 1.1708602 1.1305016 1.0876323 1.2096343 1.1255891 1.1569519 1.1815380 1.2299999 1.1807524 1.1469305 1.1790912 1.1825209 1.2000177 1.1842387 1.1441737 1.2060628 1.2316805 1.0905045 1.0421590 1.0013461 1.4715618 1.0538613 1.0343515 1.0902270 1.1071163 1.1240194 1.0274802 1.0773142 1.0239368 1.0587950 1.0913252 1.0665506 1.0350032 1.0351863 1.1108220 1.1135126 1.1954199 1.1803321 1.1246456 2.2679485 2.3210224 2.3282394 3.0040810 
45_cpx.CD.97.97CD_MBFE185.FN392874     0.4660739 0.4755105 0.4742829 0.4984960 0.5637356 0.5185672 0.5064032 0.5411722 0.4933308 0.5004143 0.5088287 0.5210552 0.4824555 0.4926757 0.5224198 0.5204663 0.4519726 0.4999255 0.5012413 0.5615888 0.5724073 0.6020107 0.5917416 0.5962807 0.5871005 0.5941085 0.6757976 0.7726682 0.0000000 0.5268378 0.5850635 0.5691118 0.6449674 0.6768438 0.6882986 0.7184060 0.8120023 0.6877440 0.6174383 0.7780281 0.7818021 0.7643302 0.7591817 0.7410731 0.8016297 0.7753643 0.7938145 0.8025731 0.8192833 0.8075415 0.7416829 0.7501168 0.7444704 0.7807560 0.8416600 0.7886498 0.8319217 0.8335948 0.8111336 0.7119728 0.8642228 0.7699661 0.8042761 0.8148147 0.8245615 0.8381685 0.8055207 0.8127196 0.7946259 0.8558032 0.8339759 0.7903747 0.8322532 0.8730878 0.7416300 0.6761304 0.6440854 1.1106329 0.7895954 0.7938829 0.8135812 0.7989927 0.8246664 0.7581328 0.8061762 0.7579110 0.8003635 0.8097147 0.8285854 0.7819205 0.7972109 0.8670381 0.8424289 0.9206557 0.9061093 0.7423363 1.9554263 1.9628686 1.9827255 2.6722440 
A1C.UG.99.99UGF25926.AF484491          0.5817514 0.5823673 0.5770276 0.6016617 0.6638697 0.6296808 0.6094408 0.6599632 0.5986950 0.4915487 0.4903572 0.4980120 0.4496610 0.4622036 0.4935158 0.4646876 0.4742985 0.5094014 0.5188965 0.6009010 0.5973690 0.6539768 0.6284044 0.6433149 0.6234766 0.6327553 0.7088538 0.8110870 0.5268378 0.0000000 0.6905177 0.6941962 0.7762989 0.7915878 0.8094666 0.7580582 0.8386065 0.7761423 0.7342011 0.9048232 0.8936113 0.8897441 0.8710605 0.8602943 0.9240728 0.9080618 0.9072637 0.9023018 0.9262726 0.9160893 0.8755728 0.8768256 0.8580625 0.9013068 0.9650655 0.9010978 0.9373389 0.9279354 0.9046378 0.8336457 0.9579536 0.9156657 0.9359977 0.9309854 0.9580881 0.9612642 0.9335592 0.9250404 0.9411583 0.9689255 0.9728683 0.9284939 0.9612370 0.9969703 0.8471615 0.8005224 0.7517491 1.2714677 0.6367589 0.6193499 0.6339967 0.6480186 0.6514547 0.6158638 0.6512849 0.5937494 0.6452234 0.6462067 0.6788116 0.6132775 0.6287038 0.7168987 0.6811499 0.7670686 0.7697053 0.8581043 2.0534646 2.1129448 2.0581606 2.8172397 
93_cpx.CD.08.DRC653.MF372651           0.5052511 0.5099666 0.5063836 0.5295502 0.5800860 0.5600713 0.5270514 0.5899412 0.5676166 0.6587512 0.6712985 0.6656636 0.6348980 0.6240111 0.6734159 0.6655102 0.6176206 0.6302751 0.6707546 0.7167061 0.7195396 0.7815087 0.7639207 0.7519732 0.7520196 0.7608972 0.8368215 0.9478084 0.5850635 0.6905177 0.0000000 0.6595911 0.7387467 0.7473976 0.7783971 0.9108263 0.9761814 0.7128008 0.7291732 0.8901555 0.8925542 0.8712868 0.8891897 0.8634526 0.9148778 0.9133798 0.9107491 0.9204015 0.9171201 0.9303014 0.8680340 0.8733022 0.8473340 0.9103687 0.9587271 0.9133235 0.9343449 0.9274530 0.9113543 0.8130920 0.9686471 0.9116771 0.9228816 0.9246060 0.9651460 0.9681714 0.9297990 0.9288882 0.9315175 0.9685212 0.9574510 0.9286881 0.9851235 1.0154122 0.8706539 0.7847183 0.7498351 1.2363625 0.9832584 0.9462372 0.9652282 0.9551815 1.0046722 0.9227936 0.9909053 0.9218628 0.9635505 0.9728311 0.9706506 0.9146184 0.9712039 0.9961750 1.0058599 1.0869445 1.0799148 0.8606130 2.0017416 2.0357820 2.0541867 2.8434189 
G.NG.92.92NG083_JV10832.U88826         0.5284420 0.5417308 0.5395164 0.5619259 0.6266825 0.5809331 0.5820677 0.6058907 0.5207211 0.6630301 0.6946977 0.6622450 0.6368607 0.6287850 0.6739406 0.6587978 0.6069100 0.6351693 0.6553284 0.7253869 0.7389576 0.7871577 0.7820661 0.7638130 0.7513569 0.7734115 0.8546867 0.9432287 0.5691118 0.6941962 0.6595911 0.0000000 0.3591968 0.3916279 0.4100065 0.8865253 0.9850305 0.7365602 0.7180631 0.8699110 0.8807888 0.8625532 0.8384719 0.8404400 0.8948491 0.8687645 0.8908273 0.9054395 0.9005610 0.9292349 0.8441672 0.8567882 0.8422498 0.8823514 0.9429389 0.8847579 0.9335966 0.9110965 0.8954937 0.8187403 0.9142214 0.8741788 0.8933960 0.9255430 0.9267831 0.9475663 0.9170847 0.9026711 0.8910193 0.9516727 0.9297738 0.9067210 0.9761797 0.9871791 0.8426745 0.7965131 0.7619223 1.2113270 0.9580547 0.9215601 0.9462776 0.9507014 0.9780088 0.9299724 0.9445240 0.9090309 0.9626868 0.9624055 0.9672954 0.9304510 0.9302437 1.0292932 0.9972687 1.0559960 1.0573775 0.8792501 1.9443337 1.9961425 2.0022082 2.7791082 
G.NG.09.09NG010261.KX389626            0.6048478 0.6156785 0.6162596 0.6273301 0.7069679 0.6551373 0.6546765 0.6684233 0.5854438 0.7432631 0.7546696 0.7403122 0.7133594 0.7184448 0.7482831 0.7363575 0.6578250 0.7283914 0.7355018 0.7960195 0.8046376 0.8548282 0.8301745 0.8284099 0.8055028 0.8159103 0.9230821 0.9802622 0.6449674 0.7762989 0.7387467 0.3591968 0.0000000 0.4684691 0.4923305 0.9461144 1.0571374 0.8273780 0.8088476 0.9683659 0.9516901 0.9367927 0.9314613 0.9087367 0.9843315 0.9861866 0.9682641 1.0104807 0.9823356 1.0021294 0.9291546 0.9427739 0.9247034 0.9731616 0.9965561 0.9707225 1.0413309 1.0132457 1.0170475 0.9030284 1.0134387 0.9446061 0.9629864 1.0090314 1.0265720 1.0116311 0.9928845 0.9943043 0.9784988 1.0253132 0.9854764 0.9616371 1.0318200 1.0561570 0.9348536 0.8617807 0.8377761 1.2901159 1.0179527 1.0220586 1.0309243 1.0243065 1.0517028 0.9790275 1.0339619 1.0060297 1.0294743 1.0282772 1.0394178 1.0077645 1.0210914 1.0929449 1.0750020 1.1648763 1.1490973 0.9472011 2.0369998 2.0765691 2.0786272 2.8415945 
01F2G.CM.02.LT31.JN864056              0.6196883 0.6456617 0.6380509 0.6560070 0.7358810 0.6781498 0.6597590 0.6971553 0.6063335 0.7650553 0.7866810 0.7755307 0.7310008 0.7325247 0.7855347 0.7777011 0.7203837 0.7371796 0.7704205 0.8172643 0.8440571 0.8888723 0.8640305 0.8628806 0.8672932 0.8750147 0.9577699 1.0572664 0.6768438 0.7915878 0.7473976 0.3916279 0.4684691 0.0000000 0.4189717 1.0065378 1.0766670 0.8494762 0.8444695 0.9690609 0.9725232 0.9453661 0.9531157 0.9367640 0.9975740 0.9760965 0.9902874 0.9964281 0.9803524 1.0233401 0.9519112 0.9461340 0.9546724 0.9769106 1.0447417 0.9890614 1.0300596 1.0259401 1.0150581 0.9248589 1.0312473 0.9819228 1.0013262 1.0594975 1.0318835 1.0292192 1.0451112 1.0181831 1.0172800 1.0604897 1.0201558 1.0116945 1.0573466 1.1025038 0.9589551 0.9029895 0.8689475 1.3263917 1.0444514 1.0528098 1.0704397 1.0321991 1.0825928 0.9945337 1.0567050 1.0163559 1.0698464 1.0486770 1.0906572 1.0166064 1.0321333 1.1188732 1.1072193 1.1862313 1.1650749 0.9885808 2.0662171 2.0843067 2.0488292 2.8288072 
BCG.ES.15.100_119.KY496623             0.6480369 0.6793987 0.6716226 0.6991437 0.7398835 0.7299640 0.7104117 0.7332758 0.6310131 0.8008064 0.8215712 0.7964217 0.7674021 0.7520516 0.8109360 0.8042654 0.7381017 0.7731714 0.7768197 0.8589668 0.8667619 0.9093025 0.8803578 0.9068848 0.8857858 0.8950544 0.9888453 1.0674360 0.6882986 0.8094666 0.7783971 0.4100065 0.4923305 0.4189717 0.0000000 1.0061641 1.1180767 0.8994669 0.8686522 1.0119593 1.0068634 0.9826819 0.9771384 0.9745111 1.0237988 1.0033025 1.0410478 1.0048034 1.0344129 1.0476159 0.9646739 0.9793183 0.9755912 1.0184989 1.0780081 1.0259144 1.0473467 1.0426297 1.0245917 0.9607817 1.0599797 1.0325196 1.0231361 1.0341291 1.0866802 1.0401702 1.0401921 1.0275610 1.0318217 1.0761464 1.0366037 1.0373223 1.1123180 1.1225268 0.9848041 0.9228985 0.9092979 1.3490180 1.0806675 1.0743384 1.1145644 1.0760589 1.0913200 1.0531067 1.0920406 1.0602144 1.0931965 1.0824355 1.1249966 1.0545208 1.0547142 1.1420342 1.0970227 1.1990816 1.2032541 1.0249266 2.1203482 2.1503809 2.1668966 2.9197788 
0107.CN.15.HB041501.KY019257           0.7728479 0.7923916 0.7984607 0.8122401 0.8568351 0.8334807 0.8223876 0.8407727 0.7789311 0.7388944 0.7475720 0.7406934 0.6876175 0.7252513 0.7611915 0.7228295 0.6726710 0.6789648 0.5865141 0.4798779 0.4722968 0.5247696 0.5056730 0.5029643 0.5069327 0.5088038 0.5788546 0.6787462 0.7184060 0.7580582 0.9108263 0.8865253 0.9461144 1.0065378 1.0061641 0.0000000 0.4419010 1.0017397 0.9097313 1.0704908 1.0680576 1.0882669 1.0597711 1.0424346 1.1051940 1.1087479 1.1087996 1.1190876 1.1169743 1.0878973 1.0607230 1.0492778 1.0522954 1.0922989 1.1354670 1.1134447 1.1474723 1.1336775 1.1119583 1.0141750 1.1695254 1.0879694 1.1400221 1.1580979 1.1437168 1.1526566 1.1189608 1.1144950 1.1280188 1.1467515 1.1330477 1.1274061 1.1939240 1.1922625 1.0796809 1.0066606 0.9518452 1.4356264 1.0043401 0.9652580 1.0310518 1.0427882 1.0250605 0.9690930 1.0393972 0.9620743 1.0140162 1.0327679 1.0553931 0.9936420 0.9933109 1.0888253 1.0364471 1.1591521 1.1473860 1.0714226 2.1695645 2.2402256 2.2403091 2.8414893 
01BC.CN.14.BJ.2014.MSM.SP01.KP668994   0.8641685 0.8675510 0.8844633 0.8822188 0.9434850 0.9106785 0.9139645 0.9301978 0.8851859 0.8009267 0.8176091 0.7923366 0.7655040 0.7861735 0.8220233 0.7938352 0.7613935 0.7639575 0.6602880 0.5626997 0.5627029 0.5966349 0.5885583 0.5897471 0.5771981 0.5900521 0.6643203 0.7578878 0.8120023 0.8386065 0.9761814 0.9850305 1.0571374 1.0766670 1.1180767 0.4419010 0.0000000 1.0599193 0.9978306 1.1812869 1.1676100 1.1739414 1.1288972 1.1287431 1.2098907 1.2130856 1.1944290 1.2136223 1.2185083 1.2007877 1.1444782 1.1274398 1.1286329 1.1486029 1.2179285 1.1715084 1.2258254 1.2173219 1.1749126 1.1079382 1.2620544 1.2060755 1.2364056 1.2283108 1.2243714 1.2102629 1.2063960 1.2066578 1.2602352 1.2632129 1.2090542 1.1884281 1.2546967 1.2856268 1.1149442 1.0974351 1.0332929 1.5370422 1.0837736 1.0550804 1.0967221 1.1046991 1.1297967 1.0353036 1.1012258 1.0548373 1.0868064 1.0966758 1.1291120 1.0607464 1.0703198 1.1466175 1.1141507 1.2267348 1.2409985 1.1643311 2.3602464 2.4527587 2.3504472 3.0870183 
06_cpx.SN.97.97SE1078.AJ288981         0.5402950 0.5430065 0.5422812 0.5471864 0.5978525 0.5970531 0.6066224 0.6445303 0.6514909 0.7636533 0.7741874 0.7893353 0.7428051 0.7310163 0.7609160 0.7613038 0.7281771 0.7462819 0.7449042 0.8382901 0.8323868 0.8725517 0.8537125 0.8729553 0.8514749 0.8644363 0.9477762 1.0267579 0.6877440 0.7761423 0.7128008 0.7365602 0.8273780 0.8494762 0.8994669 1.0017397 1.0599193 0.0000000 0.8361470 1.0056653 0.9956019 0.9777157 0.9443140 0.9361944 1.0047113 0.9724875 0.9948764 0.9946449 1.0063367 1.0126935 0.9437872 0.9633303 0.9381349 1.0182925 1.0313108 0.9928284 1.0584991 1.0350116 1.0190195 0.9473270 1.0347846 1.0130519 1.0141115 1.0526076 1.0366219 1.0454775 1.0324361 1.0368230 1.0534392 1.0663884 1.0562141 1.0384172 1.0541069 1.0752526 0.9457433 0.9056673 0.8481383 1.3756827 1.0514070 1.0193442 1.0385025 1.0659531 1.0537565 1.0253069 1.0413212 0.9942902 1.0222549 1.0711764 1.0802659 1.0204182 1.0247918 1.1018166 1.0873919 1.1783711 1.1564505 0.9674116 1.9959898 2.0474434 2.0317568 2.8175585 
