90
RESTV_M.fas-tc_USA_89_Philippines89-Pennsylvania_NC_004161 0.0000000 0.0244521 0.0330801 2.0149211 2.0149211 2.2338133 2.2368481 1.9910737 1.9910737 1.9921475 1.9930246 2.0301886 2.0231329 2.0248885 2.0232131 2.0235918 2.0215568 2.0224943 2.0226369 2.0235384 2.0207277 2.0235899 2.0219089 2.0259412 2.0259412 2.0227708 2.0195141 2.0205411 2.0222014 2.0225109 2.0225109 2.0238178 2.0231272 2.0224682 2.0243028 2.0239631 2.0212790 2.0251782 2.0251782 2.0243499 2.0215553 2.0234289 2.0222023 2.0227713 2.0234588 2.0227331 2.0224560 2.0235680 2.0237546 2.0237546 2.0237276 2.0228820 2.0210324 2.0224943 2.0216603 2.0208299 2.0202620 2.0229774 2.0216145 2.0220192 2.0226026 2.0228145 2.0223569 2.0208151 2.0224738 2.0227341 2.0227341 2.0204563 2.0247941 2.0222153 2.0233442 2.0220164 2.0229889 2.0234329 2.0234329 2.0219585 2.0224914 2.0223716 2.0243691 2.0230478 2.0252158 2.0252158 2.0243959 2.0231547 2.0247258 2.0252413 2.0360056 2.0318106 2.0366672 2.0184029 
RESTV_S.dom-tc_PHL_08_Reston08-A_FJ621583                  0.0244521 0.0000000 0.0489726 2.0256273 2.0256273 2.2313931 2.2396644 1.9961729 1.9961729 1.9972514 1.9981320 2.0357739 2.0291175 2.0308823 2.0291990 2.0295795 2.0275373 2.0283098 2.0284525 2.0294672 2.0267993 2.0294107 2.0277221 2.0318732 2.0318732 2.0285872 2.0253137 2.0267529 2.0280157 2.0283264 2.0283264 2.0301568 2.0289463 2.0282832 2.0301267 2.0297856 2.0269201 2.0310087 2.0310087 2.0301754 2.0273656 2.0292507 2.0280165 2.0285876 2.0292794 2.0285491 2.0282713 2.0293890 2.0295764 2.0295764 2.0295491 2.0285893 2.0272476 2.0283098 2.0274727 2.0266362 2.0265821 2.0287958 2.0274266 2.0278340 2.0284183 2.0286308 2.0281702 2.0266213 2.0282889 2.0285501 2.0285501 2.0261513 2.0306218 2.0281977 2.0291645 2.0278283 2.0288057 2.0287347 2.0287347 2.0277702 2.0284747 2.0281878 2.0301932 2.0288650 2.0313221 2.0313221 2.0304977 2.0292500 2.0309401 2.0314574 2.0385529 2.0320567 2.0404866 2.0214280 
RESTV_S.dom-xx_PHL_08_Reston08-C_FJ621584                  0.0330801 0.0489726 0.0000000 2.0061415 2.0061415 2.2248714 2.2423836 2.0100916 2.0100916 2.0113474 2.0120669 2.0531231 2.0461841 2.0480974 2.0460002 2.0463844 2.0448414 2.0457866 2.0459287 2.0468395 2.0439845 2.0468973 2.0451953 2.0493819 2.0493819 2.0460649 2.0427593 2.0442110 2.0454903 2.0458026 2.0458026 2.0476480 2.0461617 2.0461960 2.0476186 2.0472752 2.0445530 2.0485153 2.0485153 2.0476718 2.0448321 2.0467409 2.0453807 2.0460652 2.0467658 2.0458574 2.0457474 2.0468762 2.0470649 2.0470649 2.0467581 2.0461775 2.0462367 2.0457866 2.0434529 2.0440945 2.0435195 2.0462787 2.0448981 2.0453110 2.0458951 2.0461082 2.0456408 2.0447847 2.0452447 2.0455073 2.0455073 2.0437161 2.0481222 2.0460402 2.0466508 2.0452971 2.0462837 2.0462129 2.0462129 2.0452387 2.0457817 2.0456671 2.0472473 2.0463435 2.0485439 2.0485439 2.0477110 2.0464510 2.0475298 2.0480499 2.0524316 2.0476766 2.0526533 2.0356606 
SUDV_H.sap-xx_UGA_12_EboSud-603_KC545390                   2.0149211 2.0256273 2.0061415 0.0000000 0.0000010 2.2976253 2.2768579 2.0455785 2.0455785 2.0465477 2.0466218 2.0715337 2.0728223 2.0691104 2.0734654 2.0730759 2.0699040 2.0699932 2.0706140 2.0706548 2.0687511 2.0708496 2.0729012 2.0739061 2.0739061 2.0707283 2.0665318 2.0693176 2.0700378 2.0702489 2.0702489 2.0691728 2.0713149 2.0699385 2.0716194 2.0710076 2.0652638 2.0736568 2.0736568 2.0722774 2.0710823 2.0723038 2.0708591 2.0704004 2.0695983 2.0703507 2.0704601 2.0710723 2.0695461 2.0695461 2.0708340 2.0682130 2.0715490 2.0702339 2.0723014 2.0724554 2.0742540 2.0722136 2.0706834 2.0714491 2.0703697 2.0699077 2.0716484 2.0695740 2.0702390 2.0699833 2.0699833 2.0721289 2.0727232 2.0674517 2.0711693 2.0689829 2.0677910 2.0703415 2.0703415 2.0694986 2.0706913 2.0730086 2.0731767 2.0706190 2.0684822 2.0684822 2.0716202 2.0727594 2.0701706 2.0700613 2.0589744 2.0576080 2.0570417 2.0549714 
SUDV_H.sap-xx_UGA_12_EboSud-609_KC545391                   2.0149211 2.0256273 2.0061415 0.0000010 0.0000000 2.2976253 2.2768579 2.0455785 2.0455785 2.0465477 2.0466218 2.0715337 2.0728223 2.0691104 2.0734654 2.0730759 2.0699040 2.0699932 2.0706140 2.0706548 2.0687511 2.0708496 2.0729012 2.0739061 2.0739061 2.0707283 2.0665318 2.0693176 2.0700378 2.0702489 2.0702489 2.0691728 2.0713149 2.0699385 2.0716194 2.0710076 2.0652638 2.0736568 2.0736568 2.0722774 2.0710823 2.0723038 2.0708591 2.0704004 2.0695983 2.0703507 2.0704601 2.0710723 2.0695461 2.0695461 2.0708340 2.0682130 2.0715490 2.0702339 2.0723014 2.0724554 2.0742540 2.0722136 2.0706834 2.0714491 2.0703697 2.0699077 2.0716484 2.0695740 2.0702390 2.0699833 2.0699833 2.0721289 2.0727232 2.0674517 2.0711693 2.0689829 2.0677910 2.0703415 2.0703415 2.0694986 2.0706913 2.0730086 2.0731767 2.0706190 2.0684822 2.0684822 2.0716202 2.0727594 2.0701706 2.0700613 2.0589744 2.0576080 2.0570417 2.0549714 
TAFV_H.sap-tc_CIV_94_Pauleoula-CI_NC_014372                2.2338133 2.2313931 2.2248714 2.2976253 2.2976253 0.0000000 0.8189021 1.3751091 1.3751091 1.3759404 1.3761634 1.3963270 1.3984994 1.3956586 1.3951591 1.3956250 1.3964677 1.3969701 1.3975977 1.3979077 1.3989177 1.3967087 1.3978878 1.3984891 1.3984891 1.3976565 1.3980477 1.3987398 1.3969999 1.3969999 1.3969999 1.3978320 1.3976298 1.3968441 1.3977673 1.3975380 1.3983751 1.4018186 1.4018186 1.3983063 1.3974821 1.3979295 1.3988194 1.3972066 1.3975566 1.3970287 1.3971698 1.3965084 1.3981501 1.3981501 1.3972215 1.3976883 1.3986106 1.3971112 1.3959424 1.3968566 1.3976964 1.3984814 1.3989958 1.3974786 1.3969256 1.3965796 1.3967495 1.3971204 1.3972881 1.3973290 1.3973290 1.3966623 1.3977157 1.3970915 1.3964397 1.3971500 1.3961708 1.3963128 1.3963128 1.3974565 1.3965812 1.3977127 1.3960405 1.3962309 1.3956154 1.3956154 1.3962327 1.3945261 1.3949515 1.3949515 1.3809228 1.3826460 1.3930663 1.3851327 
BDBV_H.sap-xx_COD_12_EboBund-122_KC545395                  2.2368481 2.2396644 2.2423836 2.2768579 2.2768579 0.8189021 0.0000000 1.4277008 1.4277008 1.4285614 1.4287389 1.4551862 1.4532110 1.4500966 1.4506114 1.4506187 1.4512148 1.4512708 1.4508518 1.4523809 1.4533765 1.4510004 1.4519921 1.4523347 1.4523347 1.4516431 1.4512979 1.4518915 1.4510446 1.4510613 1.4510613 1.4516119 1.4507616 1.4510446 1.4523417 1.4516347 1.4495955 1.4518417 1.4518417 1.4517974 1.4516460 1.4520376 1.4506013 1.4510326 1.4520530 1.4508035 1.4507081 1.4501377 1.4521581 1.4521581 1.4506080 1.4517281 1.4522941 1.4510326 1.4502782 1.4499536 1.4517834 1.4517811 1.4517258 1.4516728 1.4509871 1.4510264 1.4511206 1.4530269 1.4509087 1.4511181 1.4511181 1.4514013 1.4511188 1.4499548 1.4503934 1.4518768 1.4506797 1.4508875 1.4508875 1.4513499 1.4492021 1.4502786 1.4512799 1.4512506 1.4512384 1.4512384 1.4508372 1.4506611 1.4510632 1.4509205 1.4539126 1.4534777 1.4537255 1.4443440 
EBOV_H.sap-tc_COD_07_1Luebo_KC242786                       1.9910737 1.9961729 2.0100916 2.0455785 2.0455785 1.3751091 1.4277008 0.0000000 0.0000010 0.0002033 0.0004575 0.0319369 0.0309093 0.0309167 0.0308644 0.0310860 0.0305719 0.0304059 0.0305159 0.0307927 0.0311887 0.0306828 0.0307399 0.0307999 0.0307999 0.0306268 0.0306872 0.0308541 0.0304062 0.0303505 0.0303505 0.0305762 0.0305209 0.0304062 0.0305756 0.0304632 0.0313586 0.0309940 0.0309940 0.0305202 0.0304064 0.0306313 0.0308613 0.0304059 0.0304684 0.0305717 0.0304612 0.0304648 0.0307398 0.0307398 0.0307946 0.0308530 0.0306885 0.0304059 0.0308597 0.0309134 0.0309735 0.0309067 0.0309100 0.0307966 0.0305172 0.0306280 0.0307995 0.0309059 0.0306281 0.0307941 0.0307941 0.0309138 0.0308522 0.0313503 0.0309646 0.0308498 0.0309650 0.0307964 0.0307964 0.0307954 0.0311272 0.0310849 0.0310217 0.0301835 0.0299008 0.0299008 0.0298453 0.0300217 0.0297336 0.0298438 0.0225599 0.0235982 0.0227384 0.0189592 
EBOV_H.sap-tc_COD_07_M-M_HQ613403                          1.9910737 1.9961729 2.0100916 2.0455785 2.0455785 1.3751091 1.4277008 0.0000010 0.0000000 0.0002033 0.0004575 0.0319369 0.0309093 0.0309167 0.0308644 0.0310860 0.0305719 0.0304059 0.0305159 0.0307927 0.0311887 0.0306828 0.0307399 0.0307999 0.0307999 0.0306268 0.0306872 0.0308541 0.0304062 0.0303505 0.0303505 0.0305762 0.0305209 0.0304062 0.0305756 0.0304632 0.0313586 0.0309940 0.0309940 0.0305202 0.0304064 0.0306313 0.0308613 0.0304059 0.0304684 0.0305717 0.0304612 0.0304648 0.0307398 0.0307398 0.0307946 0.0308530 0.0306885 0.0304059 0.0308597 0.0309134 0.0309735 0.0309067 0.0309100 0.0307966 0.0305172 0.0306280 0.0307995 0.0309059 0.0306281 0.0307941 0.0307941 0.0309138 0.0308522 0.0313503 0.0309646 0.0308498 0.0309650 0.0307964 0.0307964 0.0307954 0.0311272 0.0310849 0.0310217 0.0301835 0.0299008 0.0299008 0.0298453 0.0300217 0.0297336 0.0298438 0.0225599 0.0235982 0.0227384 0.0189592 
EBOV_H.sap-tc_COD_07_5Luebo_KC242790                       1.9921475 1.9972514 2.0113474 2.0465477 2.0465477 1.3759404 1.4285614 0.0002033 0.0002033 0.0000000 0.0006610 0.0321612 0.0311327 0.0311403 0.0310879 0.0313097 0.0307951 0.0306291 0.0307392 0.0310161 0.0314124 0.0309061 0.0309632 0.0310233 0.0310233 0.0308500 0.0309106 0.0310776 0.0306294 0.0305736 0.0305736 0.0307995 0.0307441 0.0306294 0.0307989 0.0306864 0.0315824 0.0312178 0.0312178 0.0307434 0.0306296 0.0308546 0.0310848 0.0306291 0.0306917 0.0307950 0.0306844 0.0306881 0.0309632 0.0309632 0.0310180 0.0310765 0.0309119 0.0306291 0.0310832 0.0311370 0.0311971 0.0311302 0.0311335 0.0310200 0.0307404 0.0308513 0.0310230 0.0311293 0.0308514 0.0310175 0.0310175 0.0311373 0.0310757 0.0315740 0.0311881 0.0310732 0.0311885 0.0310198 0.0310198 0.0310188 0.0313508 0.0313086 0.0312452 0.0304065 0.0301237 0.0301237 0.0300681 0.0302447 0.0299563 0.0300666 0.0227779 0.0238169 0.0229567 0.0191747 
EBOV_H.sap-tc_COD_08_034-KS_HQ613402                       1.9930246 1.9981320 2.0120669 2.0466218 2.0466218 1.3761634 1.4287389 0.0004575 0.0004575 0.0006610 0.0000000 0.0324462 0.0314166 0.0314242 0.0313719 0.0315938 0.0310787 0.0309125 0.0310227 0.0312998 0.0316966 0.0311897 0.0312469 0.0313071 0.0313071 0.0311336 0.0311943 0.0313614 0.0309128 0.0308570 0.0308570 0.0310831 0.0310277 0.0309128 0.0310825 0.0309699 0.0318667 0.0315020 0.0315020 0.0310270 0.0309130 0.0311382 0.0313687 0.0309125 0.0309752 0.0310785 0.0309679 0.0309715 0.0312469 0.0312469 0.0313017 0.0313603 0.0311956 0.0309125 0.0313671 0.0314209 0.0314811 0.0314141 0.0314174 0.0313038 0.0310239 0.0311349 0.0313068 0.0314132 0.0311350 0.0313013 0.0313013 0.0314213 0.0313595 0.0318582 0.0314721 0.0313570 0.0314724 0.0313035 0.0313035 0.0313025 0.0316349 0.0315927 0.0315292 0.0306898 0.0304066 0.0304066 0.0303510 0.0305278 0.0302390 0.0303495 0.0229450 0.0239845 0.0231239 0.0194470 
EBOV_H.sap-wt_GIN_14_Makona-Gueckedou-EM_080076_KR817235   2.0301886 2.0357739 2.0531231 2.0715337 2.0715337 1.3963270 1.4551862 0.0319369 0.0319369 0.0321612 0.0324462 0.0000000 0.0019889 0.0025014 0.0026552 0.0028602 0.0026027 0.0023468 0.0024491 0.0027051 0.0030645 0.0026027 0.0026541 0.0027057 0.0027057 0.0025515 0.0026545 0.0027568 0.0023468 0.0022956 0.0022956 0.0026031 0.0024495 0.0023468 0.0025006 0.0023981 0.0032702 0.0028620 0.0028620 0.0024494 0.0023468 0.0025518 0.0027574 0.0023468 0.0023986 0.0025003 0.0023980 0.0023982 0.0026541 0.0026541 0.0027052 0.0027567 0.0026032 0.0023468 0.0027573 0.0028084 0.0029626 0.0028078 0.0028080 0.0027054 0.0024492 0.0025516 0.0027056 0.0028595 0.0025516 0.0027052 0.0027052 0.0028594 0.0027566 0.0032178 0.0028592 0.0027564 0.0028593 0.0029103 0.0029103 0.0027053 0.0030127 0.0029626 0.0029106 0.0021421 0.0021423 0.0021423 0.0021935 0.0023988 0.0025003 0.0026027 0.0377683 0.0388565 0.0381887 0.0342729 
EBOV_H.sap-wt_GIN_14_Makona-Gueckedou-EM_079702_KR817210   2.0231329 2.0291175 2.0461841 2.0728223 2.0728223 1.3984994 1.4532110 0.0309093 0.0309093 0.0311327 0.0314166 0.0019889 0.0000000 0.0015286 0.0016818 0.0018862 0.0016300 0.0013749 0.0014769 0.0018342 0.0020901 0.0016300 0.0016811 0.0017324 0.0017324 0.0015789 0.0016814 0.0017834 0.0013749 0.0013239 0.0013239 0.0016302 0.0014771 0.0013749 0.0015281 0.0014260 0.0022950 0.0018874 0.0018874 0.0014770 0.0013749 0.0015791 0.0017838 0.0013749 0.0014262 0.0015279 0.0014259 0.0014260 0.0016811 0.0016811 0.0017321 0.0017834 0.0016303 0.0013749 0.0017837 0.0018347 0.0019883 0.0018343 0.0018345 0.0017322 0.0014769 0.0015790 0.0017324 0.0018857 0.0015790 0.0017321 0.0017321 0.0018857 0.0017833 0.0022431 0.0018855 0.0017832 0.0018856 0.0019365 0.0019365 0.0017322 0.0020386 0.0019884 0.0019367 0.0011698 0.0011709 0.0011709 0.0012220 0.0015285 0.0015279 0.0016300 0.0367186 0.0378029 0.0371370 0.0332363 
EBOV_H.sap-wt_GIN_14_Makona-Gueckedou-EM_079587_KR817202   2.0248885 2.0308823 2.0480974 2.0691104 2.0691104 1.3956586 1.4500966 0.0309167 0.0309167 0.0311403 0.0314242 0.0025014 0.0015286 0.0000000 0.0017845 0.0019889 0.0017325 0.0014773 0.0015793 0.0019368 0.0021929 0.0017325 0.0017837 0.0018350 0.0018350 0.0016814 0.0017840 0.0018861 0.0014773 0.0014262 0.0014262 0.0017328 0.0015796 0.0014773 0.0016306 0.0015284 0.0023979 0.0019902 0.0019902 0.0015795 0.0014773 0.0016817 0.0018865 0.0014773 0.0015287 0.0016304 0.0015283 0.0015285 0.0017837 0.0017837 0.0018348 0.0018860 0.0017328 0.0014773 0.0018864 0.0019374 0.0020911 0.0018348 0.0018350 0.0017327 0.0015794 0.0016815 0.0018350 0.0019884 0.0016815 0.0018347 0.0018347 0.0019884 0.0018860 0.0023460 0.0019882 0.0018858 0.0019883 0.0020393 0.0020393 0.0018348 0.0021414 0.0020911 0.0020394 0.0012731 0.0012732 0.0012732 0.0013243 0.0016310 0.0016304 0.0017325 0.0368407 0.0379257 0.0372594 0.0333565 
EBOV_H.sap-wt_GIN_14_Makona-Gueckedou-EM_079750_KR817213   2.0232131 2.0291990 2.0460002 2.0734654 2.0734654 1.3951591 1.4506114 0.0308644 0.0308644 0.0310879 0.0313719 0.0026552 0.0016818 0.0017845 0.0000000 0.0005084 0.0015795 0.0013243 0.0014263 0.0017837 0.0020397 0.0015795 0.0016306 0.0016819 0.0016819 0.0015284 0.0016309 0.0017329 0.0013243 0.0012733 0.0012733 0.0015797 0.0014265 0.0013243 0.0014775 0.0013754 0.0022446 0.0018369 0.0018369 0.0014265 0.0013243 0.0015286 0.0017334 0.0013243 0.0013757 0.0014774 0.0013753 0.0013755 0.0016306 0.0016306 0.0016817 0.0017329 0.0015798 0.0013243 0.0017332 0.0017843 0.0019379 0.0017839 0.0017840 0.0016818 0.0014264 0.0015285 0.0016819 0.0017330 0.0015285 0.0016816 0.0016816 0.0018352 0.0017328 0.0021927 0.0018351 0.0017327 0.0018351 0.0018861 0.0018861 0.0016817 0.0019882 0.0019379 0.0018863 0.0011202 0.0011203 0.0011203 0.0011714 0.0014779 0.0014774 0.0015795 0.0365624 0.0376467 0.0369807 0.0329692 
EBOV_H.sap-wt_GIN_14_Makona-Gueckedou-EM_079910_KR817221   2.0235918 2.0295795 2.0463844 2.0730759 2.0730759 1.3956250 1.4506187 0.0310860 0.0310860 0.0313097 0.0315938 0.0028602 0.0018862 0.0019889 0.0005084 0.0000000 0.0017837 0.0015284 0.0016305 0.0019880 0.0022442 0.0017837 0.0018349 0.0018863 0.0018863 0.0017326 0.0018352 0.0019373 0.0015284 0.0014774 0.0014774 0.0017840 0.0016308 0.0015284 0.0016818 0.0015796 0.0024493 0.0020415 0.0020415 0.0016307 0.0015284 0.0017329 0.0019378 0.0015284 0.0015799 0.0016816 0.0015795 0.0015797 0.0018349 0.0018349 0.0018860 0.0019373 0.0017841 0.0015284 0.0019376 0.0019887 0.0021424 0.0019882 0.0019884 0.0018861 0.0016306 0.0017327 0.0018863 0.0019374 0.0017327 0.0018859 0.0018859 0.0020397 0.0019372 0.0023973 0.0020395 0.0019371 0.0020395 0.0020905 0.0020905 0.0018860 0.0021927 0.0021424 0.0020907 0.0013243 0.0013243 0.0013243 0.0013754 0.0016822 0.0016816 0.0017837 0.0367876 0.0378726 0.0372063 0.0331922 
EBOV_H.sap-wt_LBR_14_Makona-LIBR0430_KR006955              2.0215568 2.0275373 2.0448414 2.0699040 2.0699040 1.3964677 1.4512148 0.0305719 0.0305719 0.0307951 0.0310787 0.0026027 0.0016300 0.0017325 0.0015795 0.0017837 0.0000000 0.0002542 0.0004575 0.0008136 0.0010681 0.0006101 0.0006610 0.0007119 0.0007119 0.0005593 0.0006610 0.0007627 0.0003558 0.0003050 0.0003050 0.0006101 0.0004575 0.0003558 0.0005084 0.0004067 0.0012732 0.0008659 0.0008659 0.0004575 0.0003558 0.0005593 0.0007627 0.0003558 0.0004067 0.0005084 0.0004067 0.0004067 0.0005593 0.0005593 0.0007119 0.0007627 0.0006101 0.0003558 0.0007627 0.0008136 0.0009673 0.0008136 0.0008136 0.0007119 0.0004575 0.0005593 0.0007119 0.0007627 0.0005593 0.0007119 0.0007119 0.0008645 0.0007627 0.0011189 0.0007627 0.0006610 0.0007627 0.0008136 0.0008136 0.0006101 0.0009154 0.0008645 0.0008136 0.0004575 0.0010681 0.0010681 0.0011189 0.0014262 0.0014257 0.0015277 0.0364868 0.0375703 0.0367914 0.0330075 
EBOV_H.sap-wt_SLE_14_Makona-G3734.1_KM233055               2.0224943 2.0283098 2.0457866 2.0699932 2.0699932 1.3969701 1.4512708 0.0304059 0.0304059 0.0306291 0.0309125 0.0023468 0.0013749 0.0014773 0.0013243 0.0015284 0.0002542 0.0000000 0.0002033 0.0005593 0.0008136 0.0003558 0.0004067 0.0004575 0.0004575 0.0003050 0.0004067 0.0005084 0.0001017 0.0000508 0.0000508 0.0003558 0.0002033 0.0001017 0.0002542 0.0001525 0.0010182 0.0006101 0.0006101 0.0002033 0.0001017 0.0003050 0.0005084 0.0001017 0.0001525 0.0002542 0.0001525 0.0001525 0.0004067 0.0004067 0.0004575 0.0005084 0.0003558 0.0001017 0.0005084 0.0005593 0.0007119 0.0005593 0.0005593 0.0004575 0.0002033 0.0003050 0.0004575 0.0005084 0.0003050 0.0004575 0.0004575 0.0006101 0.0005084 0.0008645 0.0005084 0.0004067 0.0005084 0.0005593 0.0005593 0.0003558 0.0006610 0.0006101 0.0005593 0.0002033 0.0008136 0.0008136 0.0008645 0.0011711 0.0011698 0.0012727 0.0362058 0.0372885 0.0365100 0.0327291 
EBOV_H.sap-wt_LBR_15_Makona-Liberia-DQE4_KR074998          2.0226369 2.0284525 2.0459287 2.0706140 2.0706140 1.3975977 1.4508518 0.0305159 0.0305159 0.0307392 0.0310227 0.0024491 0.0014769 0.0015793 0.0014263 0.0016305 0.0004575 0.0002033 0.0000000 0.0006610 0.0009154 0.0004575 0.0005084 0.0005593 0.0005593 0.0004067 0.0005084 0.0006101 0.0002033 0.0001525 0.0001525 0.0004575 0.0003050 0.0002033 0.0003558 0.0002542 0.0011202 0.0007130 0.0007130 0.0003050 0.0002033 0.0004067 0.0006101 0.0002033 0.0002542 0.0003558 0.0002542 0.0002542 0.0005084 0.0005084 0.0005593 0.0006101 0.0004575 0.0002033 0.0006101 0.0006610 0.0008136 0.0006610 0.0006610 0.0005593 0.0003050 0.0004067 0.0005593 0.0007119 0.0004067 0.0005593 0.0005593 0.0007119 0.0006101 0.0010681 0.0007119 0.0006101 0.0007119 0.0007627 0.0007627 0.0005593 0.0008645 0.0008136 0.0007627 0.0003050 0.0009154 0.0009154 0.0009663 0.0012731 0.0012717 0.0013746 0.0363175 0.0374005 0.0366219 0.0328398 
EBOV_H.sap-wt_GIN_14_Makona-Kankan-EM_078639_KR817166      2.0235384 2.0294672 2.0468395 2.0706548 2.0706548 1.3979077 1.4523809 0.0307927 0.0307927 0.0310161 0.0312998 0.0027051 0.0018342 0.0019368 0.0017837 0.0019880 0.0008136 0.0005593 0.0006610 0.0000000 0.0007627 0.0005084 0.0006610 0.0007119 0.0007119 0.0005593 0.0008645 0.0009663 0.0005593 0.0005084 0.0005084 0.0008136 0.0006610 0.0005593 0.0007119 0.0006101 0.0014772 0.0010699 0.0010699 0.0006610 0.0005593 0.0007627 0.0009663 0.0005593 0.0006101 0.0007119 0.0006101 0.0006101 0.0008645 0.0008645 0.0009154 0.0009663 0.0008136 0.0005593 0.0009663 0.0010172 0.0011712 0.0010172 0.0010172 0.0009154 0.0006610 0.0007627 0.0009154 0.0010681 0.0007627 0.0009154 0.0009154 0.0010681 0.0009663 0.0014257 0.0010681 0.0009663 0.0010681 0.0011189 0.0011189 0.0009154 0.0012208 0.0011712 0.0011189 0.0006610 0.0012727 0.0012727 0.0013237 0.0016303 0.0016297 0.0017318 0.0365395 0.0376231 0.0369036 0.0331185 
EBOV_H.sap-wt_GIN_14_Makona-Faranah-EM_078415_KR817160     2.0207277 2.0267993 2.0439845 2.0687511 2.0687511 1.3989177 1.4533765 0.0311887 0.0311887 0.0314124 0.0316966 0.0030645 0.0020901 0.0021929 0.0020397 0.0022442 0.0010681 0.0008136 0.0009154 0.0007627 0.0000000 0.0007627 0.0009154 0.0009663 0.0009663 0.0008136 0.0011202 0.0012221 0.0008136 0.0007627 0.0007627 0.0010691 0.0009154 0.0008136 0.0009663 0.0008645 0.0017329 0.0013254 0.0013254 0.0009154 0.0008136 0.0010172 0.0012224 0.0008136 0.0008645 0.0009663 0.0008645 0.0008645 0.0011200 0.0011200 0.0011710 0.0012221 0.0010692 0.0008136 0.0012224 0.0012733 0.0014266 0.0012730 0.0012732 0.0011711 0.0009154 0.0010172 0.0011712 0.0013243 0.0010172 0.0011710 0.0011710 0.0013242 0.0012221 0.0016813 0.0013241 0.0012220 0.0013242 0.0013751 0.0013751 0.0011710 0.0014770 0.0014266 0.0013752 0.0009154 0.0015281 0.0015281 0.0015792 0.0018861 0.0018854 0.0019876 0.0369436 0.0380286 0.0373084 0.0335178 
EBOV_H.sap-wt_GIN_14_Makona-Macenta-EM_076191_KR817141     2.0235899 2.0294107 2.0468973 2.0708496 2.0708496 1.3967087 1.4510004 0.0306828 0.0306828 0.0309061 0.0311897 0.0026027 0.0016300 0.0017325 0.0015795 0.0017837 0.0006101 0.0003558 0.0004575 0.0005084 0.0007627 0.0000000 0.0004575 0.0005084 0.0005084 0.0003558 0.0006610 0.0007627 0.0003558 0.0003050 0.0003050 0.0006101 0.0004575 0.0003558 0.0005084 0.0004067 0.0012732 0.0008659 0.0008659 0.0004575 0.0003558 0.0005593 0.0007627 0.0003558 0.0004067 0.0005084 0.0004067 0.0004067 0.0006610 0.0006610 0.0007119 0.0007627 0.0006101 0.0003558 0.0007627 0.0008136 0.0009673 0.0008136 0.0008136 0.0007119 0.0004575 0.0005593 0.0007119 0.0008645 0.0005593 0.0007119 0.0007119 0.0008645 0.0007627 0.0012218 0.0008645 0.0007627 0.0008645 0.0009154 0.0009154 0.0007119 0.0010172 0.0009673 0.0009154 0.0004575 0.0010681 0.0010681 0.0011189 0.0014262 0.0014257 0.0015277 0.0364280 0.0375113 0.0367919 0.0330079 
EBOV_H.sap-wt_GIN_14_Makona-Beyla-EM_075931_KR817138       2.0219089 2.0277221 2.0451953 2.0729012 2.0729012 1.3978878 1.4519921 0.0307399 0.0307399 0.0309632 0.0312469 0.0026541 0.0016811 0.0017837 0.0016306 0.0018349 0.0006610 0.0004067 0.0005084 0.0006610 0.0009154 0.0004575 0.0000000 0.0005593 0.0005593 0.0004067 0.0007119 0.0008136 0.0004067 0.0003558 0.0003558 0.0006610 0.0005084 0.0004067 0.0005593 0.0004575 0.0013242 0.0009170 0.0009170 0.0005084 0.0004067 0.0006101 0.0008136 0.0004067 0.0004575 0.0005593 0.0004575 0.0004575 0.0007119 0.0007119 0.0007627 0.0008136 0.0006610 0.0004067 0.0008136 0.0008645 0.0010183 0.0008645 0.0008645 0.0007627 0.0005084 0.0006101 0.0007627 0.0009154 0.0006101 0.0007627 0.0007627 0.0009154 0.0008136 0.0012728 0.0009154 0.0008136 0.0009154 0.0009663 0.0009663 0.0007627 0.0010681 0.0010183 0.0009663 0.0005084 0.0011189 0.0011189 0.0011709 0.0014773 0.0014768 0.0015788 0.0364863 0.0375699 0.0368504 0.0330655 
EBOV_H.sap-wt_GIN_14_Makona-Kissidougou-EM_078694_KR817171 2.0259412 2.0318732 2.0493819 2.0739061 2.0739061 1.3984891 1.4523347 0.0307999 0.0307999 0.0310233 0.0313071 0.0027057 0.0017324 0.0018350 0.0016819 0.0018863 0.0007119 0.0004575 0.0005593 0.0007119 0.0009663 0.0005084 0.0005593 0.0000000 0.0000010 0.0004575 0.0007627 0.0008645 0.0004575 0.0004067 0.0004067 0.0007119 0.0005593 0.0004575 0.0006101 0.0005084 0.0013755 0.0009681 0.0009681 0.0005593 0.0004575 0.0006610 0.0008645 0.0004575 0.0005084 0.0006101 0.0005084 0.0005084 0.0007627 0.0007627 0.0008136 0.0008645 0.0007119 0.0004575 0.0008645 0.0009154 0.0010695 0.0009154 0.0009154 0.0008136 0.0005593 0.0006610 0.0008136 0.0009663 0.0006610 0.0008136 0.0008136 0.0009663 0.0008645 0.0013240 0.0009663 0.0008645 0.0009663 0.0010172 0.0010172 0.0008136 0.0011200 0.0010695 0.0010182 0.0005593 0.0011710 0.0011710 0.0012220 0.0015285 0.0015280 0.0016301 0.0364996 0.0375835 0.0368638 0.0331262 
EBOV_H.sap-wt_GIN_14_Makona-Kissidougou-EM_078722_KR817175 2.0259412 2.0318732 2.0493819 2.0739061 2.0739061 1.3984891 1.4523347 0.0307999 0.0307999 0.0310233 0.0313071 0.0027057 0.0017324 0.0018350 0.0016819 0.0018863 0.0007119 0.0004575 0.0005593 0.0007119 0.0009663 0.0005084 0.0005593 0.0000010 0.0000000 0.0004575 0.0007627 0.0008645 0.0004575 0.0004067 0.0004067 0.0007119 0.0005593 0.0004575 0.0006101 0.0005084 0.0013755 0.0009681 0.0009681 0.0005593 0.0004575 0.0006610 0.0008645 0.0004575 0.0005084 0.0006101 0.0005084 0.0005084 0.0007627 0.0007627 0.0008136 0.0008645 0.0007119 0.0004575 0.0008645 0.0009154 0.0010695 0.0009154 0.0009154 0.0008136 0.0005593 0.0006610 0.0008136 0.0009663 0.0006610 0.0008136 0.0008136 0.0009663 0.0008645 0.0013240 0.0009663 0.0008645 0.0009663 0.0010172 0.0010172 0.0008136 0.0011200 0.0010695 0.0010182 0.0005593 0.0011710 0.0011710 0.0012220 0.0015285 0.0015280 0.0016301 0.0364996 0.0375835 0.0368638 0.0331262 
EBOV_H.sap-wt_LBR_14_Makona-LIBR0505_KR006957              2.0227708 2.0285872 2.0460649 2.0707283 2.0707283 1.3976565 1.4516431 0.0306268 0.0306268 0.0308500 0.0311336 0.0025515 0.0015789 0.0016814 0.0015284 0.0017326 0.0005593 0.0003050 0.0004067 0.0005593 0.0008136 0.0003558 0.0004067 0.0004575 0.0004575 0.0000000 0.0006101 0.0007119 0.0003050 0.0002542 0.0002542 0.0005593 0.0004067 0.0003050 0.0004575 0.0003558 0.0012221 0.0008149 0.0008149 0.0004067 0.0003050 0.0005084 0.0007119 0.0003050 0.0003558 0.0004575 0.0003558 0.0003558 0.0006101 0.0006101 0.0006610 0.0007119 0.0005593 0.0003050 0.0007119 0.0007627 0.0009154 0.0007627 0.0007627 0.0006610 0.0004067 0.0005084 0.0006610 0.0008136 0.0005084 0.0006610 0.0006610 0.0008136 0.0007119 0.0011698 0.0008136 0.0007119 0.0008136 0.0008645 0.0008645 0.0006610 0.0009663 0.0009154 0.0008645 0.0004067 0.0010172 0.0010172 0.0010681 0.0013751 0.0013746 0.0014766 0.0363709 0.0374540 0.0367347 0.0329514 
EBOV_H.sap-wt_SLE_14_Makona-Kailahun-20140517_KR653263     2.0195141 2.0253137 2.0427593 2.0665318 2.0665318 1.3980477 1.4512979 0.0306872 0.0306872 0.0309106 0.0311943 0.0026545 0.0016814 0.0017840 0.0016309 0.0018352 0.0006610 0.0004067 0.0005084 0.0008645 0.0011202 0.0006610 0.0007119 0.0007627 0.0007627 0.0006101 0.0000000 0.0004067 0.0004067 0.0003558 0.0003558 0.0006610 0.0005084 0.0004067 0.0005593 0.0004575 0.0013245 0.0009171 0.0009171 0.0005084 0.0004067 0.0006101 0.0008136 0.0004067 0.0004575 0.0005593 0.0004575 0.0004575 0.0007119 0.0007119 0.0007627 0.0008136 0.0006610 0.0004067 0.0008136 0.0008645 0.0010185 0.0008645 0.0008645 0.0007627 0.0005084 0.0006101 0.0007627 0.0009154 0.0006101 0.0007627 0.0007627 0.0009154 0.0008136 0.0012731 0.0009154 0.0008136 0.0009154 0.0009663 0.0009663 0.0007627 0.0010691 0.0010185 0.0009663 0.0005084 0.0011200 0.0011200 0.0011711 0.0014776 0.0014770 0.0015791 0.0365526 0.0376366 0.0368574 0.0330718 
EBOV_H.sap-wt_SLE_14_Makona-G4973_1_KR105286               2.0205411 2.0267529 2.0442110 2.0693176 2.0693176 1.3987398 1.4518915 0.0308541 0.0308541 0.0310776 0.0313614 0.0027568 0.0017834 0.0018861 0.0017329 0.0019373 0.0007627 0.0005084 0.0006101 0.0009663 0.0012221 0.0007627 0.0008136 0.0008645 0.0008645 0.0007119 0.0004067 0.0000000 0.0005084 0.0004575 0.0004575 0.0007627 0.0006101 0.0005084 0.0006610 0.0005593 0.0014265 0.0010191 0.0010191 0.0006101 0.0005084 0.0007119 0.0009164 0.0005084 0.0005593 0.0006610 0.0005593 0.0005593 0.0008136 0.0008136 0.0008645 0.0009154 0.0007627 0.0005084 0.0009154 0.0009673 0.0011204 0.0009663 0.0009663 0.0008645 0.0006101 0.0007119 0.0008645 0.0010182 0.0007119 0.0008645 0.0008645 0.0010182 0.0009154 0.0013750 0.0010172 0.0009154 0.0010172 0.0010681 0.0010681 0.0008645 0.0011709 0.0011204 0.0010691 0.0006101 0.0012219 0.0012219 0.0012730 0.0015795 0.0015790 0.0016811 0.0366625 0.0377467 0.0369673 0.0331808 
EBOV_H.sap-wt_SLE_14_Makona-G3799_KM233080                 2.0222014 2.0280157 2.0454903 2.0700378 2.0700378 1.3969999 1.4510446 0.0304062 0.0304062 0.0306294 0.0309128 0.0023468 0.0013749 0.0014773 0.0013243 0.0015284 0.0003558 0.0001017 0.0002033 0.0005593 0.0008136 0.0003558 0.0004067 0.0004575 0.0004575 0.0003050 0.0004067 0.0005084 0.0000000 0.0000508 0.0000508 0.0003558 0.0002033 0.0001017 0.0002542 0.0001525 0.0010182 0.0006101 0.0006101 0.0002033 0.0001017 0.0003050 0.0005084 0.0001017 0.0001525 0.0002542 0.0001525 0.0001525 0.0004067 0.0004067 0.0004575 0.0005084 0.0003558 0.0001017 0.0005084 0.0005593 0.0007119 0.0005593 0.0005593 0.0004575 0.0002033 0.0003050 0.0004575 0.0006101 0.0003050 0.0004575 0.0004575 0.0006101 0.0005084 0.0009663 0.0006101 0.0005084 0.0006101 0.0006610 0.0006610 0.0004575 0.0007627 0.0007119 0.0006610 0.0002033 0.0008136 0.0008136 0.0008645 0.0011711 0.0011698 0.0012727 0.0362062 0.0372889 0.0365104 0.0327295 
EBOV_H.sap-wt_SLE_14_Makona-G3788_KM233075                 2.0225109 2.0283264 2.0458026 2.0702489 2.0702489 1.3969999 1.4510613 0.0303505 0.0303505 0.0305736 0.0308570 0.0022956 0.0013239 0.0014262 0.0012733 0.0014774 0.0003050 0.0000508 0.0001525 0.0005084 0.0007627 0.0003050 0.0003558 0.0004067 0.0004067 0.0002542 0.0003558 0.0004575 0.0000508 0.0000000 0.0000010 0.0003050 0.0001525 0.0000508 0.0002033 0.0001017 0.0009663 0.0005593 0.0005593 0.0001525 0.0000508 0.0002542 0.0004575 0.0000508 0.0001017 0.0002033 0.0001017 0.0001017 0.0003558 0.0003558 0.0004067 0.0004575 0.0003050 0.0000508 0.0004575 0.0005084 0.0006610 0.0005084 0.0005084 0.0004067 0.0001525 0.0002542 0.0004067 0.0005593 0.0002542 0.0004067 0.0004067 0.0005593 0.0004575 0.0009154 0.0005593 0.0004575 0.0005593 0.0006101 0.0006101 0.0004067 0.0007119 0.0006610 0.0006101 0.0001525 0.0007627 0.0007627 0.0008136 0.0011201 0.0011189 0.0012208 0.0361494 0.0372320 0.0364535 0.0326733 
EBOV_H.sap-wt_SLE_14_Makona-G3677.2_KM034557               2.0225109 2.0283264 2.0458026 2.0702489 2.0702489 1.3969999 1.4510613 0.0303505 0.0303505 0.0305736 0.0308570 0.0022956 0.0013239 0.0014262 0.0012733 0.0014774 0.0003050 0.0000508 0.0001525 0.0005084 0.0007627 0.0003050 0.0003558 0.0004067 0.0004067 0.0002542 0.0003558 0.0004575 0.0000508 0.0000010 0.0000000 0.0003050 0.0001525 0.0000508 0.0002033 0.0001017 0.0009663 0.0005593 0.0005593 0.0001525 0.0000508 0.0002542 0.0004575 0.0000508 0.0001017 0.0002033 0.0001017 0.0001017 0.0003558 0.0003558 0.0004067 0.0004575 0.0003050 0.0000508 0.0004575 0.0005084 0.0006610 0.0005084 0.0005084 0.0004067 0.0001525 0.0002542 0.0004067 0.0005593 0.0002542 0.0004067 0.0004067 0.0005593 0.0004575 0.0009154 0.0005593 0.0004575 0.0005593 0.0006101 0.0006101 0.0004067 0.0007119 0.0006610 0.0006101 0.0001525 0.0007627 0.0007627 0.0008136 0.0011201 0.0011189 0.0012208 0.0361494 0.0372320 0.0364535 0.0326733 
EBOV_H.sap-wt_SLE_14_Makona-Kenema-G5059_1_KR105296        2.0238178 2.0301568 2.0476480 2.0691728 2.0691728 1.3978320 1.4516119 0.0305762 0.0305762 0.0307995 0.0310831 0.0026031 0.0016302 0.0017328 0.0015797 0.0017840 0.0006101 0.0003558 0.0004575 0.0008136 0.0010691 0.0006101 0.0006610 0.0007119 0.0007119 0.0005593 0.0006610 0.0007627 0.0003558 0.0003050 0.0003050 0.0000000 0.0004575 0.0003558 0.0005084 0.0004067 0.0012733 0.0008660 0.0008660 0.0004575 0.0003558 0.0005593 0.0007627 0.0003558 0.0004067 0.0005084 0.0004067 0.0004067 0.0006101 0.0006101 0.0007119 0.0007627 0.0006101 0.0003558 0.0007627 0.0008136 0.0009674 0.0008136 0.0008136 0.0007119 0.0004575 0.0005593 0.0007119 0.0008645 0.0005593 0.0007119 0.0007119 0.0008645 0.0007627 0.0012219 0.0008645 0.0007627 0.0008645 0.0009154 0.0009154 0.0007119 0.0010172 0.0009674 0.0009154 0.0004575 0.0010681 0.0010681 0.0011200 0.0014264 0.0014259 0.0015279 0.0364920 0.0375757 0.0367967 0.0330122 
EBOV_H.sap-wt_SLE_14_Makona-Kenema-G4702_1_KR105265        2.0231272 2.0289463 2.0461617 2.0713149 2.0713149 1.3976298 1.4507616 0.0305209 0.0305209 0.0307441 0.0310277 0.0024495 0.0014771 0.0015796 0.0014265 0.0016308 0.0004575 0.0002033 0.0003050 0.0006610 0.0009154 0.0004575 0.0005084 0.0005593 0.0005593 0.0004067 0.0005084 0.0006101 0.0002033 0.0001525 0.0001525 0.0004575 0.0000000 0.0002033 0.0003558 0.0002542 0.0011203 0.0007131 0.0007131 0.0003050 0.0002033 0.0004067 0.0006101 0.0002033 0.0002542 0.0003558 0.0002542 0.0002542 0.0005084 0.0005084 0.0005593 0.0006101 0.0004575 0.0002033 0.0006101 0.0006610 0.0008136 0.0006610 0.0006610 0.0005593 0.0003050 0.0004067 0.0005593 0.0007119 0.0004067 0.0005593 0.0005593 0.0007119 0.0006101 0.0010681 0.0007119 0.0006101 0.0007119 0.0007627 0.0007627 0.0005593 0.0008645 0.0008136 0.0007627 0.0003050 0.0009154 0.0009154 0.0009663 0.0012733 0.0012728 0.0013748 0.0363234 0.0374067 0.0366279 0.0328452 
EBOV_H.sap-wt_SLE_14_Makona-Kenema-G4856_1_KR105273        2.0224682 2.0282832 2.0461960 2.0699385 2.0699385 1.3968441 1.4510446 0.0304062 0.0304062 0.0306294 0.0309128 0.0023468 0.0013749 0.0014773 0.0013243 0.0015284 0.0003558 0.0001017 0.0002033 0.0005593 0.0008136 0.0003558 0.0004067 0.0004575 0.0004575 0.0003050 0.0004067 0.0005084 0.0001017 0.0000508 0.0000508 0.0003558 0.0002033 0.0000000 0.0002542 0.0001525 0.0010182 0.0006101 0.0006101 0.0002033 0.0001017 0.0003050 0.0005084 0.0001017 0.0001525 0.0002542 0.0001525 0.0001525 0.0004067 0.0004067 0.0004575 0.0005084 0.0003558 0.0001017 0.0005084 0.0005593 0.0007119 0.0005593 0.0005593 0.0004575 0.0002033 0.0003050 0.0004575 0.0006101 0.0003050 0.0004575 0.0004575 0.0006101 0.0005084 0.0009663 0.0006101 0.0005084 0.0006101 0.0006610 0.0006610 0.0004575 0.0007627 0.0007119 0.0006610 0.0002033 0.0008136 0.0008136 0.0008645 0.0011711 0.0011698 0.0012727 0.0362062 0.0372889 0.0365104 0.0327295 
EBOV_H.sap-wt_SLE_14_Makona-Bonthe-G5723_1_KR105319        2.0243028 2.0301267 2.0476186 2.0716194 2.0716194 1.3977673 1.4523417 0.0305756 0.0305756 0.0307989 0.0310825 0.0025006 0.0015281 0.0016306 0.0014775 0.0016818 0.0005084 0.0002542 0.0003558 0.0007119 0.0009663 0.0005084 0.0005593 0.0006101 0.0006101 0.0004575 0.0005593 0.0006610 0.0002542 0.0002033 0.0002033 0.0005084 0.0003558 0.0002542 0.0000000 0.0002033 0.0010692 0.0006620 0.0006620 0.0002542 0.0002542 0.0004575 0.0006610 0.0002542 0.0003050 0.0004067 0.0003050 0.0003050 0.0005593 0.0005593 0.0006101 0.0006610 0.0005084 0.0002542 0.0006610 0.0007119 0.0008645 0.0007119 0.0007119 0.0006101 0.0003558 0.0004575 0.0006101 0.0007627 0.0004575 0.0006101 0.0006101 0.0007627 0.0006610 0.0011189 0.0007627 0.0006610 0.0007627 0.0008136 0.0008136 0.0006101 0.0009154 0.0008645 0.0008136 0.0003558 0.0009663 0.0009663 0.0010172 0.0013243 0.0013238 0.0014258 0.0363790 0.0374624 0.0366835 0.0329003 
EBOV_H.sap-wt_SLE_14_Makona-J0042_KP759711                 2.0239631 2.0297856 2.0472752 2.0710076 2.0710076 1.3975380 1.4516347 0.0304632 0.0304632 0.0306864 0.0309699 0.0023981 0.0014260 0.0015284 0.0013754 0.0015796 0.0004067 0.0001525 0.0002542 0.0006101 0.0008645 0.0004067 0.0004575 0.0005084 0.0005084 0.0003558 0.0004575 0.0005593 0.0001525 0.0001017 0.0001017 0.0004067 0.0002542 0.0001525 0.0002033 0.0000000 0.0008645 0.0005593 0.0005593 0.0001525 0.0001525 0.0003558 0.0005593 0.0001525 0.0002033 0.0003050 0.0002033 0.0002033 0.0004575 0.0004575 0.0005084 0.0005593 0.0004067 0.0001525 0.0005593 0.0006101 0.0007627 0.0006101 0.0006101 0.0005084 0.0002542 0.0003558 0.0005084 0.0006610 0.0003558 0.0005084 0.0005084 0.0006610 0.0005593 0.0010172 0.0006610 0.0005593 0.0006610 0.0007119 0.0007119 0.0005084 0.0008136 0.0007627 0.0007119 0.0002542 0.0008645 0.0008645 0.0009154 0.0012222 0.0012218 0.0013237 0.0362644 0.0373474 0.0365687 0.0327869 
EBOV_H.sap-wt_SLE_14_Makona-J0150_KP759696                 2.0212790 2.0269201 2.0445530 2.0652638 2.0652638 1.3983751 1.4495955 0.0313586 0.0313586 0.0315824 0.0318667 0.0032702 0.0022950 0.0023979 0.0022446 0.0024493 0.0012732 0.0010182 0.0011202 0.0014772 0.0017329 0.0012732 0.0013242 0.0013755 0.0013755 0.0012221 0.0013245 0.0014265 0.0010182 0.0009663 0.0009663 0.0012733 0.0011203 0.0010182 0.0010692 0.0008645 0.0000000 0.0014277 0.0014277 0.0010182 0.0010182 0.0012223 0.0014268 0.0010182 0.0010694 0.0011712 0.0010692 0.0010693 0.0013242 0.0013242 0.0013752 0.0014264 0.0012734 0.0010182 0.0014267 0.0014777 0.0016311 0.0014774 0.0014775 0.0013753 0.0011202 0.0012222 0.0013755 0.0015286 0.0012222 0.0013752 0.0013752 0.0015286 0.0014264 0.0018859 0.0015285 0.0013242 0.0014265 0.0014774 0.0014774 0.0012732 0.0015794 0.0015290 0.0014775 0.0011202 0.0017326 0.0017326 0.0017837 0.0020909 0.0020901 0.0021924 0.0371765 0.0382624 0.0374821 0.0336299 
EBOV_H.sap-wt_SLE_14_Makona-J0171_KP759707                 2.0251782 2.0310087 2.0485153 2.0736568 2.0736568 1.4018186 1.4518417 0.0309940 0.0309940 0.0312178 0.0315020 0.0028620 0.0018874 0.0019902 0.0018369 0.0020415 0.0008659 0.0006101 0.0007130 0.0010699 0.0013254 0.0008659 0.0009170 0.0009681 0.0009681 0.0008149 0.0009171 0.0010191 0.0006101 0.0005593 0.0005593 0.0008660 0.0007131 0.0006101 0.0006620 0.0005593 0.0014277 0.0000000 0.0000010 0.0006101 0.0006101 0.0008150 0.0010193 0.0006101 0.0006622 0.0007640 0.0006620 0.0006621 0.0009170 0.0009170 0.0009680 0.0010191 0.0008661 0.0006101 0.0010193 0.0010703 0.0012236 0.0010700 0.0010701 0.0009680 0.0007130 0.0008150 0.0009681 0.0011212 0.0008150 0.0009680 0.0009680 0.0011212 0.0010190 0.0014784 0.0011211 0.0010190 0.0011212 0.0011721 0.0011721 0.0009680 0.0012741 0.0012236 0.0011722 0.0007130 0.0013252 0.0013252 0.0013763 0.0016833 0.0016827 0.0017849 0.0368096 0.0378952 0.0371150 0.0333236 
EBOV_H.sap-wt_SLE_14_Makona-J0174_KP759708                 2.0251782 2.0310087 2.0485153 2.0736568 2.0736568 1.4018186 1.4518417 0.0309940 0.0309940 0.0312178 0.0315020 0.0028620 0.0018874 0.0019902 0.0018369 0.0020415 0.0008659 0.0006101 0.0007130 0.0010699 0.0013254 0.0008659 0.0009170 0.0009681 0.0009681 0.0008149 0.0009171 0.0010191 0.0006101 0.0005593 0.0005593 0.0008660 0.0007131 0.0006101 0.0006620 0.0005593 0.0014277 0.0000010 0.0000000 0.0006101 0.0006101 0.0008150 0.0010193 0.0006101 0.0006622 0.0007640 0.0006620 0.0006621 0.0009170 0.0009170 0.0009680 0.0010191 0.0008661 0.0006101 0.0010193 0.0010703 0.0012236 0.0010700 0.0010701 0.0009680 0.0007130 0.0008150 0.0009681 0.0011212 0.0008150 0.0009680 0.0009680 0.0011212 0.0010190 0.0014784 0.0011211 0.0010190 0.0011212 0.0011721 0.0011721 0.0009680 0.0012741 0.0012236 0.0011722 0.0007130 0.0013252 0.0013252 0.0013763 0.0016833 0.0016827 0.0017849 0.0368096 0.0378952 0.0371150 0.0333236 
EBOV_H.sap-wt_SLE_14_Makona-Moyamba-G6103_1_KR105348       2.0243499 2.0301754 2.0476718 2.0722774 2.0722774 1.3983063 1.4517974 0.0305202 0.0305202 0.0307434 0.0310270 0.0024494 0.0014770 0.0015795 0.0014265 0.0016307 0.0004575 0.0002033 0.0003050 0.0006610 0.0009154 0.0004575 0.0005084 0.0005593 0.0005593 0.0004067 0.0005084 0.0006101 0.0002033 0.0001525 0.0001525 0.0004575 0.0003050 0.0002033 0.0002542 0.0001525 0.0010182 0.0006101 0.0006101 0.0000000 0.0002033 0.0004067 0.0006101 0.0002033 0.0002542 0.0003558 0.0002542 0.0002542 0.0005084 0.0005084 0.0005593 0.0006101 0.0004575 0.0002033 0.0006101 0.0006610 0.0008136 0.0006610 0.0006610 0.0005593 0.0003050 0.0004067 0.0005593 0.0007119 0.0004067 0.0005593 0.0005593 0.0007119 0.0006101 0.0010681 0.0007119 0.0006101 0.0007119 0.0007627 0.0007627 0.0005593 0.0008645 0.0008136 0.0007627 0.0003050 0.0009154 0.0009154 0.0009663 0.0012733 0.0012728 0.0013748 0.0363227 0.0374059 0.0366271 0.0328445 
EBOV_H.sap-wt_SLE_14_Makona-G3789.1_KM233076               2.0215553 2.0273656 2.0448321 2.0710823 2.0710823 1.3974821 1.4516460 0.0304064 0.0304064 0.0306296 0.0309130 0.0023468 0.0013749 0.0014773 0.0013243 0.0015284 0.0003558 0.0001017 0.0002033 0.0005593 0.0008136 0.0003558 0.0004067 0.0004575 0.0004575 0.0003050 0.0004067 0.0005084 0.0001017 0.0000508 0.0000508 0.0003558 0.0002033 0.0001017 0.0002542 0.0001525 0.0010182 0.0006101 0.0006101 0.0002033 0.0000000 0.0003050 0.0005084 0.0001017 0.0001525 0.0002542 0.0001525 0.0001525 0.0004067 0.0004067 0.0004575 0.0005084 0.0003558 0.0001017 0.0005084 0.0005593 0.0007119 0.0005593 0.0005593 0.0004575 0.0002033 0.0003050 0.0004575 0.0006101 0.0003050 0.0004575 0.0004575 0.0006101 0.0005084 0.0009663 0.0006101 0.0005084 0.0006101 0.0006610 0.0006610 0.0004575 0.0007627 0.0007119 0.0006610 0.0002033 0.0008136 0.0008136 0.0008645 0.0011711 0.0011698 0.0012727 0.0362064 0.0372892 0.0365107 0.0327297 
