90
RESTV_M.fas-tc_USA_89_Philippines89-Pennsylvania_NC_004161 0.0000000 0.0244545 0.0330843 2.2024845 2.2100747 1.9465820 1.9465820 1.9476141 1.9484732 1.9912491 1.9868455 1.9915879 1.9740700 1.9838355 1.9768545 1.9751832 1.9761486 1.9761667 1.9761667 1.9758498 1.9761325 1.9764391 1.9761486 1.9762613 1.9764910 1.9761387 1.9752412 1.9761137 1.9761137 1.9763103 1.9767012 1.9775855 1.9770585 1.9771818 1.9779226 1.9767422 1.9787093 1.9764112 1.9764112 1.9764107 1.9771799 1.9774224 1.9769755 1.9773833 1.9773833 1.9765823 1.9756069 1.9752582 1.9773632 1.9765767 1.9755352 1.9760856 1.9747416 1.9774321 1.9757334 1.9766773 1.9771232 1.9771232 1.9756789 1.9761718 1.9760060 1.9794491 1.9794491 1.9732869 1.9741239 1.9745847 1.9783513 1.9745774 1.9753016 1.9742082 1.9758997 1.9779967 1.9769297 1.9739798 1.9756521 1.9786976 1.9786976 1.9787901 1.9787901 1.9780179 1.9768269 1.9782802 1.9788170 1.9761597 1.9769077 1.9774243 1.9784621 1.9749512 1.9969000 1.9969000 
RESTV_S.dom-tc_PHL_08_Reston08-A_FJ621583                  0.0244545 0.0000000 0.0489824 2.1990523 2.2129989 1.9530874 1.9530874 1.9541250 1.9549881 1.9944914 1.9878844 1.9966503 1.9783356 1.9907746 1.9842014 1.9825249 1.9833286 1.9833466 1.9833466 1.9830283 1.9833119 1.9836201 1.9833286 1.9834415 1.9836720 1.9833182 1.9824153 1.9832934 1.9832934 1.9834905 1.9838831 1.9847734 1.9842440 1.9843678 1.9851137 1.9839261 1.9859040 1.9835917 1.9835917 1.9835915 1.9843657 1.9851484 1.9841621 1.9845704 1.9845704 1.9837654 1.9827856 1.9824342 1.9845499 1.9836325 1.9827124 1.9832633 1.9823258 1.9847432 1.9829096 1.9838590 1.9837683 1.9837683 1.9828548 1.9835169 1.9831866 1.9867661 1.9867661 1.9804491 1.9817037 1.9817545 1.9855449 1.9817472 1.9824778 1.9812501 1.9830784 1.9851863 1.9841148 1.9816846 1.9831100 1.9858942 1.9858942 1.9862761 1.9862761 1.9854990 1.9843007 1.9858902 1.9864293 1.9835050 1.9842558 1.9847753 1.9858189 1.9821243 2.0065694 2.0065694 
RESTV_S.dom-xx_PHL_08_Reston08-C_FJ621584                  0.0330843 0.0489824 0.0000000 2.1902895 2.2112838 1.9619575 1.9619575 1.9631661 1.9638685 2.0039905 1.9990111 2.0039461 1.9876604 2.0030373 1.9961878 1.9947565 1.9957292 1.9957469 1.9957469 1.9954273 1.9961456 1.9960214 1.9957292 1.9958422 1.9960732 1.9951773 1.9948090 1.9956935 1.9956935 1.9958909 1.9962850 1.9971828 1.9966511 1.9967755 1.9975276 1.9960470 1.9983212 1.9954518 1.9954518 1.9959928 1.9967729 1.9975590 1.9965714 1.9969791 1.9969791 1.9961700 1.9951859 1.9948309 1.9966657 1.9961607 1.9951103 1.9956602 1.9961440 1.9970226 1.9953051 1.9962608 1.9961701 1.9961701 1.9952501 1.9957511 1.9955888 1.9991884 1.9991884 1.9928286 1.9940912 1.9941429 1.9979615 1.9948533 1.9934541 1.9937621 1.9953511 1.9971632 1.9965217 1.9935314 1.9952192 1.9983149 1.9983149 1.9984009 1.9984009 1.9976180 1.9964114 1.9973459 1.9978871 1.9963082 1.9959598 1.9964823 1.9979388 1.9945171 1.9863300 1.9863300 
TAFV_H.sap-tc_CIV_94_Pauleoula-CI_NC_014372                2.2024845 2.1990523 2.1902895 0.0000000 0.8127219 1.3664218 1.3664218 1.3672470 1.3674704 1.3731401 1.3746966 1.3852332 1.3760057 1.3869969 1.3892048 1.3871786 1.3876915 1.3877206 1.3877206 1.3877206 1.3875712 1.3879346 1.3878300 1.3876516 1.3873026 1.3880149 1.3881855 1.3877589 1.3878974 1.3883381 1.3869343 1.3882409 1.3882577 1.3872432 1.3890144 1.3883394 1.3885036 1.3880562 1.3880562 1.3883816 1.3874325 1.3885372 1.3886195 1.3888607 1.3888607 1.3892172 1.3881828 1.3897110 1.3879242 1.3883835 1.3885616 1.3874794 1.3893086 1.3886334 1.3878665 1.3868908 1.3870158 1.3870158 1.3881670 1.3872904 1.3884424 1.3891939 1.3891939 1.3887788 1.3894714 1.3875854 1.3883987 1.3878413 1.3866826 1.3873949 1.3894776 1.3867808 1.3871813 1.3884301 1.3889031 1.3925031 1.3925031 1.3864141 1.3864141 1.3870115 1.3852946 1.3857468 1.3857468 1.3878225 1.3858699 1.3863216 1.3861466 1.3890883 2.2914645 2.2914645 
BDBV_H.sap-xx_COD_12_EboBund-122_KC545395                  2.2100747 2.2129989 2.2112838 0.8127219 0.0000000 1.4168169 1.4168169 1.4176715 1.4178357 1.4439938 1.4438862 1.4435532 1.4334725 1.4456652 1.4437806 1.4417839 1.4418492 1.4416314 1.4416314 1.4416188 1.4416188 1.4416032 1.4416032 1.4415624 1.4416151 1.4414862 1.4422108 1.4413797 1.4412742 1.4414137 1.4418118 1.4421902 1.4426187 1.4407067 1.4423347 1.4413382 1.4428867 1.4417040 1.4417040 1.4422218 1.4415934 1.4421620 1.4425766 1.4427245 1.4427245 1.4423429 1.4422394 1.4423115 1.4411940 1.4423320 1.4425827 1.4417048 1.4428240 1.4429761 1.4424651 1.4412643 1.4414601 1.4414601 1.4419158 1.4397869 1.4408805 1.4428973 1.4428973 1.4418693 1.4424449 1.4405036 1.4416160 1.4436081 1.4408758 1.4419904 1.4411596 1.4418571 1.4409724 1.4424641 1.4432113 1.4423934 1.4423934 1.4417955 1.4417955 1.4413961 1.4412406 1.4416167 1.4414762 1.4405187 1.4412113 1.4412277 1.4407002 1.4401527 2.2586421 2.2586421 
EBOV_H.sap-tc_COD_07_1Luebo_KC242786                       1.9465820 1.9530874 1.9619575 1.3664218 1.4168169 0.0000000 0.0000010 0.0002033 0.0004575 0.0225624 0.0236010 0.0227409 0.0189612 0.0319420 0.0309144 0.0305769 0.0304109 0.0303554 0.0303554 0.0304112 0.0304112 0.0304109 0.0304109 0.0305222 0.0306330 0.0306331 0.0304114 0.0305767 0.0304662 0.0305209 0.0301884 0.0304682 0.0304732 0.0304698 0.0305252 0.0305259 0.0305806 0.0307992 0.0307992 0.0306318 0.0306878 0.0305812 0.0306363 0.0307449 0.0307449 0.0309119 0.0308017 0.0309151 0.0307997 0.0308582 0.0307449 0.0308047 0.0306936 0.0307978 0.0308549 0.0309701 0.0308015 0.0308015 0.0308005 0.0311324 0.0310899 0.0308050 0.0308050 0.0306923 0.0308593 0.0309186 0.0308573 0.0309113 0.0308649 0.0309190 0.0308662 0.0310269 0.0309698 0.0309784 0.0311940 0.0309985 0.0309985 0.0299059 0.0299059 0.0298503 0.0300266 0.0297385 0.0298488 0.0313555 0.0308696 0.0310913 0.0309219 0.0313639 2.0270070 2.0270070 
EBOV_H.sap-tc_COD_07_M-M_HQ613403                          1.9465820 1.9530874 1.9619575 1.3664218 1.4168169 0.0000010 0.0000000 0.0002033 0.0004575 0.0225624 0.0236010 0.0227409 0.0189612 0.0319420 0.0309144 0.0305769 0.0304109 0.0303554 0.0303554 0.0304112 0.0304112 0.0304109 0.0304109 0.0305222 0.0306330 0.0306331 0.0304114 0.0305767 0.0304662 0.0305209 0.0301884 0.0304682 0.0304732 0.0304698 0.0305252 0.0305259 0.0305806 0.0307992 0.0307992 0.0306318 0.0306878 0.0305812 0.0306363 0.0307449 0.0307449 0.0309119 0.0308017 0.0309151 0.0307997 0.0308582 0.0307449 0.0308047 0.0306936 0.0307978 0.0308549 0.0309701 0.0308015 0.0308015 0.0308005 0.0311324 0.0310899 0.0308050 0.0308050 0.0306923 0.0308593 0.0309186 0.0308573 0.0309113 0.0308649 0.0309190 0.0308662 0.0310269 0.0309698 0.0309784 0.0311940 0.0309985 0.0309985 0.0299059 0.0299059 0.0298503 0.0300266 0.0297385 0.0298488 0.0313555 0.0308696 0.0310913 0.0309219 0.0313639 2.0270070 2.0270070 
EBOV_H.sap-tc_COD_07_5Luebo_KC242790                       1.9476141 1.9541250 1.9631661 1.3672470 1.4176715 0.0002033 0.0002033 0.0000000 0.0006610 0.0227805 0.0238198 0.0229592 0.0191768 0.0321663 0.0311380 0.0308002 0.0306341 0.0305786 0.0305786 0.0306344 0.0306344 0.0306341 0.0306341 0.0307455 0.0308564 0.0308565 0.0306347 0.0308001 0.0306895 0.0307442 0.0304115 0.0306914 0.0306965 0.0306931 0.0307486 0.0307492 0.0308040 0.0310227 0.0310227 0.0308551 0.0309112 0.0308046 0.0308597 0.0309683 0.0309683 0.0311354 0.0310252 0.0311387 0.0310231 0.0310817 0.0309684 0.0310282 0.0309171 0.0310212 0.0310784 0.0311937 0.0310250 0.0310250 0.0310239 0.0313561 0.0313136 0.0310285 0.0310285 0.0309158 0.0310828 0.0311422 0.0310809 0.0311348 0.0310885 0.0311426 0.0310898 0.0312505 0.0311934 0.0312021 0.0314177 0.0312224 0.0312224 0.0301288 0.0301288 0.0300732 0.0302496 0.0299613 0.0300717 0.0315793 0.0310932 0.0313151 0.0311455 0.0315878 2.0279389 2.0279389 
EBOV_H.sap-tc_COD_08_034-KS_HQ613402                       1.9484732 1.9549881 1.9638685 1.3674704 1.4178357 0.0004575 0.0004575 0.0006610 0.0000000 0.0229476 0.0239875 0.0231266 0.0194491 0.0324515 0.0314220 0.0310839 0.0309177 0.0308621 0.0308621 0.0309180 0.0309180 0.0309177 0.0309177 0.0310291 0.0311402 0.0311402 0.0309182 0.0310838 0.0309731 0.0310279 0.0306949 0.0309751 0.0309802 0.0309768 0.0310322 0.0310329 0.0310878 0.0313066 0.0313066 0.0311389 0.0311950 0.0310884 0.0311435 0.0312522 0.0312522 0.0314194 0.0313091 0.0314228 0.0313071 0.0313657 0.0312523 0.0313121 0.0312010 0.0313051 0.0313623 0.0314778 0.0313089 0.0313089 0.0313079 0.0316403 0.0315979 0.0313125 0.0313125 0.0311996 0.0313668 0.0314263 0.0313649 0.0314188 0.0313725 0.0314267 0.0313739 0.0315347 0.0314775 0.0314863 0.0317020 0.0315067 0.0315067 0.0304118 0.0304118 0.0303562 0.0305328 0.0302442 0.0303547 0.0318637 0.0313773 0.0315994 0.0314297 0.0318723 2.0279782 2.0279782 
EBOV_H.sap-xx_COD_14_Lomela-Lokolia16_KP271018             1.9912491 1.9944914 2.0039905 1.3731401 1.4439938 0.0225624 0.0225624 0.0227805 0.0229476 0.0000000 0.0015802 0.0092401 0.0132349 0.0377748 0.0367251 0.0364933 0.0362121 0.0361557 0.0361557 0.0362125 0.0362125 0.0362121 0.0362121 0.0363254 0.0363249 0.0364382 0.0362128 0.0363807 0.0362684 0.0363239 0.0359857 0.0362708 0.0362767 0.0362727 0.0363291 0.0363299 0.0363855 0.0366071 0.0366071 0.0363773 0.0364344 0.0364985 0.0364422 0.0365521 0.0365521 0.0367220 0.0366102 0.0367260 0.0366077 0.0366677 0.0364928 0.0366137 0.0365008 0.0365460 0.0366638 0.0367818 0.0366099 0.0366099 0.0366086 0.0369461 0.0369051 0.0365059 0.0365059 0.0365592 0.0366690 0.0367300 0.0366668 0.0367214 0.0366758 0.0367306 0.0366773 0.0368398 0.0367814 0.0367916 0.0369503 0.0368155 0.0368155 0.0356975 0.0356975 0.0356409 0.0357097 0.0354747 0.0355868 0.0370118 0.0365690 0.0367943 0.0368474 0.0371833 2.0417866 2.0417866 
EBOV_H.sap-xx_COD_14_Lomela-Lokolia17_KP271019             1.9868455 1.9878844 1.9990111 1.3746966 1.4438862 0.0236010 0.0236010 0.0238198 0.0239875 0.0015802 0.0000000 0.0101329 0.0141373 0.0388635 0.0378100 0.0375773 0.0372954 0.0372388 0.0372388 0.0372958 0.0372958 0.0372954 0.0372954 0.0374090 0.0374085 0.0375221 0.0372961 0.0374644 0.0373518 0.0374074 0.0370683 0.0373543 0.0373603 0.0373563 0.0374128 0.0374136 0.0374694 0.0376914 0.0376914 0.0374609 0.0375182 0.0375827 0.0375262 0.0376363 0.0376363 0.0378068 0.0376947 0.0378109 0.0376921 0.0377524 0.0375768 0.0376983 0.0375850 0.0376301 0.0377483 0.0378668 0.0376943 0.0376943 0.0376930 0.0380314 0.0379907 0.0375903 0.0375903 0.0376437 0.0377538 0.0378150 0.0377514 0.0378062 0.0377607 0.0378156 0.0377623 0.0379251 0.0378665 0.0378769 0.0380358 0.0379015 0.0379015 0.0367790 0.0367790 0.0367223 0.0367916 0.0365557 0.0366681 0.0380976 0.0376538 0.0378798 0.0379329 0.0382697 2.0401836 2.0401836 
EBOV_H.sap-tc_COD_95_Kikwit-9510621_KR867676               1.9915879 1.9966503 2.0039461 1.3852332 1.4435532 0.0227409 0.0227409 0.0229592 0.0231266 0.0092401 0.0101329 0.0000000 0.0132965 0.0381956 0.0371439 0.0367981 0.0365166 0.0364601 0.0364601 0.0365170 0.0365170 0.0365166 0.0365166 0.0366301 0.0366296 0.0367430 0.0365173 0.0366855 0.0365730 0.0366285 0.0362899 0.0365754 0.0365813 0.0365774 0.0366338 0.0366346 0.0366903 0.0369121 0.0369121 0.0367414 0.0367986 0.0368035 0.0367470 0.0368571 0.0368571 0.0370272 0.0369152 0.0370312 0.0369127 0.0369729 0.0368572 0.0369188 0.0368057 0.0369104 0.0368030 0.0369211 0.0367491 0.0367491 0.0367478 0.0370856 0.0370446 0.0368704 0.0368704 0.0368642 0.0369742 0.0370353 0.0369719 0.0369772 0.0369810 0.0370359 0.0369826 0.0369793 0.0370867 0.0370970 0.0373154 0.0371211 0.0371211 0.0361144 0.0361144 0.0360578 0.0361268 0.0358913 0.0360036 0.0373174 0.0369876 0.0372133 0.0372664 0.0374893 2.0400475 2.0400475 
EBOV_H.sap-tc_COD_77_Bonduni_KC242791                      1.9740700 1.9783356 1.9876604 1.3760057 1.4334725 0.0189612 0.0189612 0.0191768 0.0194491 0.0132349 0.0141373 0.0132965 0.0000000 0.0342786 0.0332421 0.0330131 0.0327347 0.0326788 0.0326788 0.0327351 0.0327351 0.0327347 0.0327347 0.0328468 0.0328464 0.0329585 0.0327353 0.0329017 0.0327904 0.0328455 0.0325106 0.0327925 0.0327979 0.0327943 0.0328501 0.0328508 0.0329059 0.0331257 0.0331257 0.0329571 0.0330136 0.0330179 0.0329620 0.0330711 0.0330711 0.0332393 0.0331285 0.0332429 0.0331262 0.0331854 0.0330712 0.0331317 0.0330199 0.0331242 0.0331818 0.0332982 0.0331282 0.0331282 0.0331271 0.0334613 0.0334194 0.0331320 0.0331320 0.0330775 0.0331866 0.0332466 0.0331845 0.0332387 0.0331926 0.0332470 0.0331941 0.0333555 0.0332978 0.0333071 0.0335237 0.0333287 0.0333287 0.0322258 0.0322258 0.0321698 0.0322368 0.0320050 0.0321160 0.0336860 0.0329750 0.0331981 0.0333624 0.0336359 2.0382350 2.0382350 
EBOV_H.sap-wt_GIN_14_Makona-Gueckedou-EM_080076_KR817235   1.9838355 1.9907746 2.0030373 1.3869969 1.4456652 0.0319420 0.0319420 0.0321663 0.0324515 0.0377748 0.0388635 0.0381956 0.0342786 0.0000000 0.0019889 0.0026027 0.0023468 0.0022956 0.0022956 0.0023468 0.0023468 0.0023468 0.0023468 0.0024492 0.0025516 0.0025516 0.0023469 0.0025003 0.0023980 0.0024491 0.0021421 0.0023981 0.0023986 0.0023983 0.0024494 0.0024495 0.0025006 0.0027052 0.0027052 0.0025515 0.0026027 0.0026031 0.0025518 0.0026541 0.0026541 0.0028078 0.0027054 0.0028081 0.0027053 0.0027567 0.0026541 0.0027057 0.0026032 0.0027051 0.0027565 0.0028593 0.0029103 0.0029103 0.0027053 0.0030127 0.0029627 0.0027057 0.0027057 0.0026546 0.0027568 0.0028084 0.0027567 0.0028595 0.0027573 0.0028595 0.0027574 0.0029106 0.0028592 0.0029626 0.0030645 0.0028619 0.0028619 0.0021423 0.0021423 0.0021935 0.0023988 0.0025004 0.0026027 0.0032179 0.0026552 0.0028602 0.0025014 0.0032702 2.0561209 2.0561209 
EBOV_H.sap-wt_GIN_14_Makona-Gueckedou-EM_079702_KR817210   1.9768545 1.9842014 1.9961878 1.3892048 1.4437806 0.0309144 0.0309144 0.0311380 0.0314220 0.0367251 0.0378100 0.0371439 0.0332421 0.0019889 0.0000000 0.0016300 0.0013749 0.0013239 0.0013239 0.0013749 0.0013749 0.0013749 0.0013749 0.0014769 0.0015790 0.0015790 0.0013749 0.0015279 0.0014259 0.0014769 0.0011709 0.0014260 0.0014262 0.0014261 0.0014771 0.0014771 0.0015281 0.0017321 0.0017321 0.0015789 0.0016300 0.0016302 0.0015791 0.0016811 0.0016811 0.0018344 0.0017323 0.0018345 0.0017322 0.0017834 0.0016811 0.0017324 0.0016303 0.0018342 0.0017832 0.0018856 0.0019366 0.0019366 0.0017322 0.0020386 0.0019884 0.0017324 0.0017324 0.0016814 0.0017835 0.0018348 0.0017833 0.0018857 0.0017838 0.0018857 0.0017839 0.0019367 0.0018856 0.0019884 0.0020901 0.0018874 0.0018874 0.0011709 0.0011709 0.0012220 0.0015285 0.0015279 0.0016300 0.0022432 0.0016819 0.0018862 0.0015286 0.0022950 2.0565569 2.0565569 
EBOV_H.sap-wt_LBR_14_Makona-LIBR0430_KR006955              1.9751832 1.9825249 1.9947565 1.3871786 1.4417839 0.0305769 0.0305769 0.0308002 0.0310839 0.0364933 0.0375773 0.0367981 0.0330131 0.0026027 0.0016300 0.0000000 0.0002542 0.0003050 0.0003050 0.0003558 0.0003558 0.0003558 0.0003558 0.0004575 0.0005593 0.0005593 0.0003558 0.0005084 0.0004067 0.0004575 0.0004575 0.0004067 0.0004067 0.0004067 0.0004575 0.0004575 0.0005084 0.0007119 0.0007119 0.0005593 0.0006101 0.0006101 0.0005593 0.0005593 0.0005593 0.0008136 0.0007119 0.0008136 0.0007119 0.0007627 0.0006610 0.0007119 0.0006101 0.0008136 0.0006610 0.0007627 0.0008136 0.0008136 0.0006101 0.0009154 0.0008645 0.0007119 0.0007119 0.0006610 0.0007627 0.0008136 0.0007627 0.0007627 0.0007627 0.0008645 0.0007627 0.0008136 0.0007627 0.0009673 0.0010681 0.0008659 0.0008659 0.0010681 0.0010681 0.0011189 0.0014262 0.0014257 0.0015277 0.0011189 0.0015795 0.0017837 0.0017325 0.0012732 2.0535751 2.0535751 
EBOV_H.sap-wt_SLE_14_Makona-G3734.1_KM233055               1.9761486 1.9833286 1.9957292 1.3876915 1.4418492 0.0304109 0.0304109 0.0306341 0.0309177 0.0362121 0.0372954 0.0365166 0.0327347 0.0023468 0.0013749 0.0002542 0.0000000 0.0000508 0.0000508 0.0001017 0.0001017 0.0001017 0.0001017 0.0002033 0.0003050 0.0003050 0.0001017 0.0002542 0.0001525 0.0002033 0.0002033 0.0001525 0.0001525 0.0001525 0.0002033 0.0002033 0.0002542 0.0004575 0.0004575 0.0003050 0.0003558 0.0003558 0.0003050 0.0004067 0.0004067 0.0005593 0.0004575 0.0005593 0.0004575 0.0005084 0.0004067 0.0004575 0.0003558 0.0005593 0.0004067 0.0005084 0.0005593 0.0005593 0.0003558 0.0006610 0.0006101 0.0004575 0.0004575 0.0004067 0.0005084 0.0005593 0.0005084 0.0005084 0.0005084 0.0006101 0.0005084 0.0005593 0.0005084 0.0007119 0.0008136 0.0006101 0.0006101 0.0008136 0.0008136 0.0008645 0.0011711 0.0011698 0.0012727 0.0008645 0.0013243 0.0015284 0.0014773 0.0010182 2.0536790 2.0536790 
EBOV_H.sap-wt_SLE_14_Makona-G3788_KM233075                 1.9761667 1.9833466 1.9957469 1.3877206 1.4416314 0.0303554 0.0303554 0.0305786 0.0308621 0.0361557 0.0372388 0.0364601 0.0326788 0.0022956 0.0013239 0.0003050 0.0000508 0.0000000 0.0000010 0.0000508 0.0000508 0.0000508 0.0000508 0.0001525 0.0002542 0.0002542 0.0000508 0.0002033 0.0001017 0.0001525 0.0001525 0.0001017 0.0001017 0.0001017 0.0001525 0.0001525 0.0002033 0.0004067 0.0004067 0.0002542 0.0003050 0.0003050 0.0002542 0.0003558 0.0003558 0.0005084 0.0004067 0.0005084 0.0004067 0.0004575 0.0003558 0.0004067 0.0003050 0.0005084 0.0004575 0.0005593 0.0006101 0.0006101 0.0004067 0.0007119 0.0006610 0.0004067 0.0004067 0.0003558 0.0004575 0.0005084 0.0004575 0.0005593 0.0004575 0.0005593 0.0004575 0.0006101 0.0005593 0.0006610 0.0007627 0.0005593 0.0005593 0.0007627 0.0007627 0.0008136 0.0011201 0.0011189 0.0012208 0.0009154 0.0012733 0.0014774 0.0014263 0.0009663 2.0539478 2.0539478 
EBOV_H.sap-wt_SLE_14_Makona-G3677.2_KM034557               1.9761667 1.9833466 1.9957469 1.3877206 1.4416314 0.0303554 0.0303554 0.0305786 0.0308621 0.0361557 0.0372388 0.0364601 0.0326788 0.0022956 0.0013239 0.0003050 0.0000508 0.0000010 0.0000000 0.0000508 0.0000508 0.0000508 0.0000508 0.0001525 0.0002542 0.0002542 0.0000508 0.0002033 0.0001017 0.0001525 0.0001525 0.0001017 0.0001017 0.0001017 0.0001525 0.0001525 0.0002033 0.0004067 0.0004067 0.0002542 0.0003050 0.0003050 0.0002542 0.0003558 0.0003558 0.0005084 0.0004067 0.0005084 0.0004067 0.0004575 0.0003558 0.0004067 0.0003050 0.0005084 0.0004575 0.0005593 0.0006101 0.0006101 0.0004067 0.0007119 0.0006610 0.0004067 0.0004067 0.0003558 0.0004575 0.0005084 0.0004575 0.0005593 0.0004575 0.0005593 0.0004575 0.0006101 0.0005593 0.0006610 0.0007627 0.0005593 0.0005593 0.0007627 0.0007627 0.0008136 0.0011201 0.0011189 0.0012208 0.0009154 0.0012733 0.0014774 0.0014263 0.0009663 2.0539478 2.0539478 
EBOV_H.sap-wt_SLE_14_Makona-G3799_KM233080                 1.9758498 1.9830283 1.9954273 1.3877206 1.4416188 0.0304112 0.0304112 0.0306344 0.0309180 0.0362125 0.0372958 0.0365170 0.0327351 0.0023468 0.0013749 0.0003558 0.0001017 0.0000508 0.0000508 0.0000000 0.0001017 0.0001017 0.0001017 0.0002033 0.0003050 0.0003050 0.0001017 0.0002542 0.0001525 0.0002033 0.0002033 0.0001525 0.0001525 0.0001525 0.0002033 0.0002033 0.0002542 0.0004575 0.0004575 0.0003050 0.0003558 0.0003558 0.0003050 0.0004067 0.0004067 0.0005593 0.0004575 0.0005593 0.0004575 0.0005084 0.0004067 0.0004575 0.0003558 0.0005593 0.0005084 0.0006101 0.0006610 0.0006610 0.0004575 0.0007627 0.0007119 0.0004575 0.0004575 0.0004067 0.0005084 0.0005593 0.0005084 0.0006101 0.0005084 0.0006101 0.0005084 0.0006610 0.0006101 0.0007119 0.0008136 0.0006101 0.0006101 0.0008136 0.0008136 0.0008645 0.0011711 0.0011698 0.0012727 0.0009663 0.0013243 0.0015285 0.0014773 0.0010182 2.0537456 2.0537456 
EBOV_H.sap-wt_SLE_14_Makona-Kenema-G4856_1_KR105273        1.9761325 1.9833119 1.9961456 1.3875712 1.4416188 0.0304112 0.0304112 0.0306344 0.0309180 0.0362125 0.0372958 0.0365170 0.0327351 0.0023468 0.0013749 0.0003558 0.0001017 0.0000508 0.0000508 0.0001017 0.0000000 0.0001017 0.0001017 0.0002033 0.0003050 0.0003050 0.0001017 0.0002542 0.0001525 0.0002033 0.0002033 0.0001525 0.0001525 0.0001525 0.0002033 0.0002033 0.0002542 0.0004575 0.0004575 0.0003050 0.0003558 0.0003558 0.0003050 0.0004067 0.0004067 0.0005593 0.0004575 0.0005593 0.0004575 0.0005084 0.0004067 0.0004575 0.0003558 0.0005593 0.0005084 0.0006101 0.0006610 0.0006610 0.0004575 0.0007627 0.0007119 0.0004575 0.0004575 0.0004067 0.0005084 0.0005593 0.0005084 0.0006101 0.0005084 0.0006101 0.0005084 0.0006610 0.0006101 0.0007119 0.0008136 0.0006101 0.0006101 0.0008136 0.0008136 0.0008645 0.0011711 0.0011698 0.0012727 0.0009663 0.0013243 0.0015285 0.0014773 0.0010182 2.0536257 2.0536257 
EBOV_H.sap-wt_SLE_14_Makona-G3949_1_KR105209               1.9764391 1.9836201 1.9960214 1.3879346 1.4416032 0.0304109 0.0304109 0.0306341 0.0309177 0.0362121 0.0372954 0.0365166 0.0327347 0.0023468 0.0013749 0.0003558 0.0001017 0.0000508 0.0000508 0.0001017 0.0001017 0.0000000 0.0001017 0.0002033 0.0003050 0.0003050 0.0001017 0.0002542 0.0001525 0.0002033 0.0002033 0.0001525 0.0001525 0.0001525 0.0002033 0.0002033 0.0002542 0.0004575 0.0004575 0.0003050 0.0003558 0.0003558 0.0003050 0.0004067 0.0004067 0.0005593 0.0004575 0.0005593 0.0004575 0.0005084 0.0004067 0.0004575 0.0003558 0.0005593 0.0005084 0.0006101 0.0006610 0.0006610 0.0004575 0.0007627 0.0007119 0.0004575 0.0004575 0.0004067 0.0005084 0.0005593 0.0005084 0.0006101 0.0005084 0.0006101 0.0005084 0.0006610 0.0006101 0.0007119 0.0008136 0.0006101 0.0006101 0.0008136 0.0008136 0.0008645 0.0011711 0.0011698 0.0012727 0.0009663 0.0013243 0.0015284 0.0014773 0.0010182 2.0540969 2.0540969 
EBOV_H.sap-wt_SLE_14_Makona-G3825.1_KM233098               1.9761486 1.9833286 1.9957292 1.3878300 1.4416032 0.0304109 0.0304109 0.0306341 0.0309177 0.0362121 0.0372954 0.0365166 0.0327347 0.0023468 0.0013749 0.0003558 0.0001017 0.0000508 0.0000508 0.0001017 0.0001017 0.0001017 0.0000000 0.0001017 0.0002033 0.0002033 0.0001017 0.0002542 0.0001525 0.0002033 0.0002033 0.0001525 0.0001525 0.0001525 0.0002033 0.0002033 0.0002542 0.0003558 0.0003558 0.0003050 0.0003558 0.0003558 0.0003050 0.0003050 0.0003050 0.0004575 0.0003558 0.0004575 0.0003558 0.0004067 0.0004067 0.0003558 0.0002542 0.0005593 0.0005084 0.0006101 0.0006610 0.0006610 0.0004575 0.0007627 0.0007119 0.0004575 0.0004575 0.0004067 0.0005084 0.0004575 0.0005084 0.0005084 0.0004067 0.0005084 0.0005084 0.0006610 0.0006101 0.0006101 0.0008136 0.0006101 0.0006101 0.0008136 0.0008136 0.0008645 0.0011711 0.0011698 0.0012727 0.0009663 0.0013243 0.0015284 0.0014773 0.0010182 2.0539320 2.0539320 
EBOV_H.sap-wt_SLE_14_Makona-PortLoko-20140024_KR653252     1.9762613 1.9834415 1.9958422 1.3876516 1.4415624 0.0305222 0.0305222 0.0307455 0.0310291 0.0363254 0.0374090 0.0366301 0.0328468 0.0024492 0.0014769 0.0004575 0.0002033 0.0001525 0.0001525 0.0002033 0.0002033 0.0002033 0.0001017 0.0000000 0.0001017 0.0001017 0.0002033 0.0003558 0.0002542 0.0003050 0.0003050 0.0002542 0.0002542 0.0002542 0.0003050 0.0003050 0.0003558 0.0002542 0.0002542 0.0004067 0.0004575 0.0004575 0.0004067 0.0004067 0.0004067 0.0003558 0.0002542 0.0003558 0.0004575 0.0005084 0.0005084 0.0002542 0.0003558 0.0006610 0.0006101 0.0007119 0.0007627 0.0007627 0.0005593 0.0008645 0.0008136 0.0005593 0.0005593 0.0005084 0.0006101 0.0003558 0.0006101 0.0004067 0.0004067 0.0004067 0.0006101 0.0007627 0.0007119 0.0005084 0.0009154 0.0007130 0.0007130 0.0009154 0.0009154 0.0009663 0.0012732 0.0012727 0.0013747 0.0010681 0.0014264 0.0016306 0.0015794 0.0011202 2.0540667 2.0540667 
EBOV_H.sap-wt_SLE_14_Makona-G4748_1_KR105270               1.9764910 1.9836720 1.9960732 1.3873026 1.4416151 0.0306330 0.0306330 0.0308564 0.0311402 0.0363249 0.0374085 0.0366296 0.0328464 0.0025516 0.0015790 0.0005593 0.0003050 0.0002542 0.0002542 0.0003050 0.0003050 0.0003050 0.0002033 0.0001017 0.0000000 0.0002033 0.0003050 0.0004575 0.0003558 0.0004067 0.0004067 0.0003558 0.0003558 0.0003558 0.0004067 0.0004067 0.0004575 0.0003558 0.0003558 0.0005084 0.0005593 0.0005593 0.0005084 0.0005084 0.0005084 0.0004575 0.0003558 0.0004575 0.0005593 0.0006101 0.0006101 0.0002542 0.0004575 0.0007627 0.0007119 0.0008136 0.0008645 0.0008645 0.0006610 0.0009663 0.0009154 0.0006610 0.0006610 0.0006101 0.0007119 0.0004575 0.0007119 0.0005084 0.0005084 0.0005084 0.0007119 0.0008645 0.0008136 0.0006101 0.0010172 0.0008149 0.0008149 0.0010172 0.0010172 0.0010681 0.0013752 0.0013747 0.0014767 0.0011698 0.0015285 0.0017327 0.0016815 0.0012222 2.0535954 2.0535954 
EBOV_H.sap-wt_SLE_14_Makona-G5296_1_KR105303               1.9761387 1.9833182 1.9951773 1.3880149 1.4414862 0.0306331 0.0306331 0.0308565 0.0311402 0.0364382 0.0375221 0.0367430 0.0329585 0.0025516 0.0015790 0.0005593 0.0003050 0.0002542 0.0002542 0.0003050 0.0003050 0.0003050 0.0002033 0.0001017 0.0002033 0.0000000 0.0003050 0.0004575 0.0003558 0.0004067 0.0004067 0.0003558 0.0003558 0.0003558 0.0004067 0.0004067 0.0004575 0.0001525 0.0001525 0.0005084 0.0005593 0.0005593 0.0005084 0.0005084 0.0005084 0.0004575 0.0003558 0.0004575 0.0005593 0.0006101 0.0006101 0.0003558 0.0004575 0.0007627 0.0007119 0.0008136 0.0008645 0.0008645 0.0006610 0.0009663 0.0009154 0.0006610 0.0006610 0.0006101 0.0007119 0.0004575 0.0007119 0.0005084 0.0005084 0.0005084 0.0007119 0.0008645 0.0008136 0.0006101 0.0010172 0.0008149 0.0008149 0.0010172 0.0010172 0.0010681 0.0013752 0.0013747 0.0014767 0.0011698 0.0015285 0.0017327 0.0016815 0.0012222 2.0539397 2.0539397 
EBOV_H.sap-wt_SLE_14_Makona-G3789.1_KM233076               1.9752412 1.9824153 1.9948090 1.3881855 1.4422108 0.0304114 0.0304114 0.0306347 0.0309182 0.0362128 0.0372961 0.0365173 0.0327353 0.0023469 0.0013749 0.0003558 0.0001017 0.0000508 0.0000508 0.0001017 0.0001017 0.0001017 0.0001017 0.0002033 0.0003050 0.0003050 0.0000000 0.0002542 0.0001525 0.0002033 0.0002033 0.0001525 0.0001525 0.0001525 0.0002033 0.0002033 0.0002542 0.0004575 0.0004575 0.0003050 0.0003558 0.0003558 0.0003050 0.0004067 0.0004067 0.0005593 0.0004575 0.0005593 0.0004575 0.0005084 0.0004067 0.0004575 0.0003558 0.0005593 0.0005084 0.0006101 0.0006610 0.0006610 0.0004575 0.0007627 0.0007119 0.0004575 0.0004575 0.0004067 0.0005084 0.0005593 0.0005084 0.0006101 0.0005084 0.0006101 0.0005084 0.0006610 0.0006101 0.0007119 0.0008136 0.0006101 0.0006101 0.0008136 0.0008136 0.0008645 0.0011711 0.0011698 0.0012727 0.0009663 0.0013243 0.0015285 0.0014773 0.0010182 2.0547472 2.0547472 
EBOV_H.sap-wt_SLE_14_Makona-Moyamba-G5763_1_KR105325       1.9761137 1.9832934 1.9956935 1.3877589 1.4413797 0.0305767 0.0305767 0.0308001 0.0310838 0.0363807 0.0374644 0.0366855 0.0329017 0.0025003 0.0015279 0.0005084 0.0002542 0.0002033 0.0002033 0.0002542 0.0002542 0.0002542 0.0002542 0.0003558 0.0004575 0.0004575 0.0002542 0.0000000 0.0001017 0.0003558 0.0003558 0.0003050 0.0003050 0.0003050 0.0003558 0.0003558 0.0004067 0.0006101 0.0006101 0.0004575 0.0005084 0.0005084 0.0004575 0.0005593 0.0005593 0.0007119 0.0006101 0.0007119 0.0006101 0.0006610 0.0005593 0.0006101 0.0005084 0.0007119 0.0006610 0.0007627 0.0008136 0.0008136 0.0006101 0.0009154 0.0008645 0.0006101 0.0006101 0.0005593 0.0006610 0.0007119 0.0006610 0.0007627 0.0006610 0.0007627 0.0006610 0.0008136 0.0007627 0.0008645 0.0009663 0.0007639 0.0007639 0.0009663 0.0009663 0.0010172 0.0013241 0.0013237 0.0014257 0.0011189 0.0014774 0.0016816 0.0016304 0.0011712 2.0540519 2.0540519 
EBOV_H.sap-wt_SLE_14_Makona-Moyamba-G5844_1_KR105328       1.9761137 1.9832934 1.9956935 1.3878974 1.4412742 0.0304662 0.0304662 0.0306895 0.0309731 0.0362684 0.0373518 0.0365730 0.0327904 0.0023980 0.0014259 0.0004067 0.0001525 0.0001017 0.0001017 0.0001525 0.0001525 0.0001525 0.0001525 0.0002542 0.0003558 0.0003558 0.0001525 0.0001017 0.0000000 0.0002542 0.0002542 0.0002033 0.0002033 0.0002033 0.0002542 0.0002542 0.0003050 0.0005084 0.0005084 0.0003558 0.0004067 0.0004067 0.0003558 0.0004575 0.0004575 0.0006101 0.0005084 0.0006101 0.0005084 0.0005593 0.0004575 0.0005084 0.0004067 0.0006101 0.0005593 0.0006610 0.0007119 0.0007119 0.0005084 0.0008136 0.0007627 0.0005084 0.0005084 0.0004575 0.0005593 0.0006101 0.0005593 0.0006610 0.0005593 0.0006610 0.0005593 0.0007119 0.0006610 0.0007627 0.0008645 0.0006620 0.0006620 0.0008645 0.0008645 0.0009154 0.0012221 0.0012208 0.0013237 0.0010172 0.0013753 0.0015795 0.0015283 0.0010692 2.0541793 2.0541793 
EBOV_H.sap-wt_LBR_15_Makona-Liberia-DQE4_KR074998          1.9763103 1.9834905 1.9958909 1.3883381 1.4414137 0.0305209 0.0305209 0.0307442 0.0310279 0.0363239 0.0374074 0.0366285 0.0328455 0.0024491 0.0014769 0.0004575 0.0002033 0.0001525 0.0001525 0.0002033 0.0002033 0.0002033 0.0002033 0.0003050 0.0004067 0.0004067 0.0002033 0.0003558 0.0002542 0.0000000 0.0003050 0.0002542 0.0002542 0.0002542 0.0003050 0.0003050 0.0003558 0.0005593 0.0005593 0.0004067 0.0004575 0.0004575 0.0004067 0.0005084 0.0005084 0.0006610 0.0005593 0.0006610 0.0005593 0.0006101 0.0005084 0.0005593 0.0004575 0.0006610 0.0006101 0.0007119 0.0007627 0.0007627 0.0005593 0.0008645 0.0008136 0.0005593 0.0005593 0.0005084 0.0006101 0.0006610 0.0006101 0.0007119 0.0006101 0.0007119 0.0006101 0.0007627 0.0007119 0.0008136 0.0009154 0.0007130 0.0007130 0.0009154 0.0009154 0.0009663 0.0012731 0.0012717 0.0013746 0.0010681 0.0014263 0.0016305 0.0015794 0.0011202 2.0543441 2.0543441 
EBOV_H.sap-wt_SLE_14_Makona-G3676.1_KM034554               1.9767012 1.9838831 1.9962850 1.3869343 1.4418118 0.0301884 0.0301884 0.0304115 0.0306949 0.0359857 0.0370683 0.0362899 0.0325106 0.0021421 0.0011709 0.0004575 0.0002033 0.0001525 0.0001525 0.0002033 0.0002033 0.0002033 0.0002033 0.0003050 0.0004067 0.0004067 0.0002033 0.0003558 0.0002542 0.0003050 0.0000000 0.0002542 0.0002542 0.0002542 0.0003050 0.0003050 0.0003558 0.0005593 0.0005593 0.0004067 0.0004575 0.0004575 0.0004067 0.0005084 0.0005084 0.0006610 0.0005593 0.0006610 0.0005593 0.0006101 0.0005084 0.0005593 0.0004575 0.0006610 0.0006101 0.0007119 0.0007627 0.0007627 0.0005593 0.0008645 0.0008136 0.0005593 0.0005593 0.0005084 0.0006101 0.0006610 0.0006101 0.0007119 0.0006101 0.0007119 0.0006101 0.0007627 0.0007119 0.0008136 0.0009154 0.0007130 0.0007130 0.0006101 0.0006101 0.0006610 0.0009663 0.0009663 0.0010681 0.0010681 0.0011203 0.0013243 0.0012732 0.0011202 2.0543230 2.0543230 
EBOV_H.sap-wt_SLE_14_Makona-J0042_KP759711                 1.9775855 1.9847734 1.9971828 1.3882409 1.4421902 0.0304682 0.0304682 0.0306914 0.0309751 0.0362708 0.0373543 0.0365754 0.0327925 0.0023981 0.0014260 0.0004067 0.0001525 0.0001017 0.0001017 0.0001525 0.0001525 0.0001525 0.0001525 0.0002542 0.0003558 0.0003558 0.0001525 0.0003050 0.0002033 0.0002542 0.0002542 0.0000000 0.0002033 0.0002033 0.0001525 0.0002542 0.0002033 0.0005084 0.0005084 0.0003558 0.0004067 0.0004067 0.0003558 0.0004575 0.0004575 0.0006101 0.0005084 0.0006101 0.0005084 0.0005593 0.0004575 0.0005084 0.0004067 0.0006101 0.0005593 0.0006610 0.0007119 0.0007119 0.0005084 0.0008136 0.0007627 0.0005084 0.0005084 0.0004575 0.0005593 0.0006101 0.0005593 0.0006610 0.0005593 0.0006610 0.0005593 0.0007119 0.0006610 0.0007627 0.0008645 0.0005593 0.0005593 0.0008645 0.0008645 0.0009154 0.0012222 0.0012218 0.0013237 0.0010172 0.0013754 0.0015796 0.0015284 0.0008645 2.0546783 2.0546783 
EBOV_H.sap-wt_SLE_14_Makona-G3827_KM233101                 1.9770585 1.9842440 1.9966511 1.3882577 1.4426187 0.0304732 0.0304732 0.0306965 0.0309802 0.0362767 0.0373603 0.0365813 0.0327979 0.0023986 0.0014262 0.0004067 0.0001525 0.0001017 0.0001017 0.0001525 0.0001525 0.0001525 0.0001525 0.0002542 0.0003558 0.0003558 0.0001525 0.0003050 0.0002033 0.0002542 0.0002542 0.0002033 0.0000000 0.0002033 0.0002542 0.0002542 0.0003050 0.0005084 0.0005084 0.0003558 0.0004067 0.0004067 0.0003558 0.0004575 0.0004575 0.0006101 0.0005084 0.0006101 0.0005084 0.0005593 0.0004575 0.0005084 0.0004067 0.0006101 0.0005593 0.0006610 0.0007119 0.0007119 0.0005084 0.0008136 0.0007627 0.0005084 0.0005084 0.0004575 0.0005593 0.0006101 0.0005593 0.0006610 0.0005593 0.0006610 0.0005593 0.0007119 0.0006610 0.0007627 0.0008645 0.0006622 0.0006622 0.0008645 0.0008645 0.0009154 0.0012224 0.0012220 0.0013240 0.0010172 0.0013757 0.0015799 0.0015287 0.0010694 2.0533470 2.0533470 
EBOV_H.sap-wt_SLE_14_Makona-G3818_KM233092                 1.9771818 1.9843678 1.9967755 1.3872432 1.4407067 0.0304698 0.0304698 0.0306931 0.0309768 0.0362727 0.0373563 0.0365774 0.0327943 0.0023983 0.0014261 0.0004067 0.0001525 0.0001017 0.0001017 0.0001525 0.0001525 0.0001525 0.0001525 0.0002542 0.0003558 0.0003558 0.0001525 0.0003050 0.0002033 0.0002542 0.0002542 0.0002033 0.0002033 0.0000000 0.0002542 0.0002542 0.0003050 0.0005084 0.0005084 0.0003558 0.0004067 0.0004067 0.0003558 0.0004575 0.0004575 0.0006101 0.0005084 0.0006101 0.0005084 0.0005593 0.0004575 0.0005084 0.0004067 0.0006101 0.0005593 0.0006610 0.0007119 0.0007119 0.0005084 0.0008136 0.0007627 0.0005084 0.0005084 0.0004575 0.0005593 0.0006101 0.0005593 0.0006610 0.0005593 0.0006610 0.0005593 0.0007119 0.0006610 0.0007627 0.0008645 0.0006621 0.0006621 0.0008645 0.0008645 0.0009154 0.0012223 0.0012218 0.0013238 0.0010172 0.0013755 0.0015797 0.0015285 0.0010693 2.0547397 2.0547397 
EBOV_H.sap-wt_SLE_14_Makona-Moyamba-G6103_1_KR105348       1.9779226 1.9851137 1.9975276 1.3890144 1.4423347 0.0305252 0.0305252 0.0307486 0.0310322 0.0363291 0.0374128 0.0366338 0.0328501 0.0024494 0.0014771 0.0004575 0.0002033 0.0001525 0.0001525 0.0002033 0.0002033 0.0002033 0.0002033 0.0003050 0.0004067 0.0004067 0.0002033 0.0003558 0.0002542 0.0003050 0.0003050 0.0001525 0.0002542 0.0002542 0.0000000 0.0003050 0.0002542 0.0005593 0.0005593 0.0004067 0.0004575 0.0004575 0.0004067 0.0005084 0.0005084 0.0006610 0.0005593 0.0006610 0.0005593 0.0006101 0.0005084 0.0005593 0.0004575 0.0006610 0.0006101 0.0007119 0.0007627 0.0007627 0.0005593 0.0008645 0.0008136 0.0005593 0.0005593 0.0005084 0.0006101 0.0006610 0.0006101 0.0007119 0.0006101 0.0007119 0.0006101 0.0007627 0.0007119 0.0008136 0.0009154 0.0006101 0.0006101 0.0009154 0.0009154 0.0009663 0.0012733 0.0012728 0.0013748 0.0010681 0.0014265 0.0016307 0.0015795 0.0010182 2.0559311 2.0559311 
EBOV_H.sap-wt_SLE_14_Makona-Kenema-G4702_1_KR105265        1.9767422 1.9839261 1.9960470 1.3883394 1.4413382 0.0305259 0.0305259 0.0307492 0.0310329 0.0363299 0.0374136 0.0366346 0.0328508 0.0024495 0.0014771 0.0004575 0.0002033 0.0001525 0.0001525 0.0002033 0.0002033 0.0002033 0.0002033 0.0003050 0.0004067 0.0004067 0.0002033 0.0003558 0.0002542 0.0003050 0.0003050 0.0002542 0.0002542 0.0002542 0.0003050 0.0000000 0.0003558 0.0005593 0.0005593 0.0004067 0.0004575 0.0004575 0.0004067 0.0005084 0.0005084 0.0006610 0.0005593 0.0006610 0.0005593 0.0006101 0.0005084 0.0005593 0.0004575 0.0006610 0.0006101 0.0007119 0.0007627 0.0007627 0.0005593 0.0008645 0.0008136 0.0005593 0.0005593 0.0005084 0.0006101 0.0006610 0.0006101 0.0007119 0.0006101 0.0007119 0.0006101 0.0007627 0.0007119 0.0008136 0.0009154 0.0007131 0.0007131 0.0009154 0.0009154 0.0009663 0.0012733 0.0012729 0.0013749 0.0010681 0.0014266 0.0016308 0.0015796 0.0011203 2.0549910 2.0549910 
EBOV_H.sap-wt_SLE_14_Makona-Bonthe-G5723_1_KR105319        1.9787093 1.9859040 1.9983212 1.3885036 1.4428867 0.0305806 0.0305806 0.0308040 0.0310878 0.0363855 0.0374694 0.0366903 0.0329059 0.0025006 0.0015281 0.0005084 0.0002542 0.0002033 0.0002033 0.0002542 0.0002542 0.0002542 0.0002542 0.0003558 0.0004575 0.0004575 0.0002542 0.0004067 0.0003050 0.0003558 0.0003558 0.0002033 0.0003050 0.0003050 0.0002542 0.0003558 0.0000000 0.0006101 0.0006101 0.0004575 0.0005084 0.0005084 0.0004575 0.0005593 0.0005593 0.0007119 0.0006101 0.0007119 0.0006101 0.0006610 0.0005593 0.0006101 0.0005084 0.0007119 0.0006610 0.0007627 0.0008136 0.0008136 0.0006101 0.0009154 0.0008645 0.0006101 0.0006101 0.0005593 0.0006610 0.0007119 0.0006610 0.0007627 0.0006610 0.0007627 0.0006610 0.0008136 0.0007627 0.0008645 0.0009663 0.0006620 0.0006620 0.0009663 0.0009663 0.0010172 0.0013243 0.0013238 0.0014258 0.0011189 0.0014776 0.0016818 0.0016306 0.0010692 2.0552423 2.0552423 
EBOV_H.sap-wt_SLE_14_Makona-Bombali-J0022_KP759757         1.9764112 1.9835917 1.9954518 1.3880562 1.4417040 0.0307992 0.0307992 0.0310227 0.0313066 0.0366071 0.0376914 0.0369121 0.0331257 0.0027052 0.0017321 0.0007119 0.0004575 0.0004067 0.0004067 0.0004575 0.0004575 0.0004575 0.0003558 0.0002542 0.0003558 0.0001525 0.0004575 0.0006101 0.0005084 0.0005593 0.0005593 0.0005084 0.0005084 0.0005084 0.0005593 0.0005593 0.0006101 0.0000000 0.0000010 0.0006610 0.0007119 0.0007119 0.0006610 0.0006610 0.0006610 0.0006101 0.0005084 0.0006101 0.0007119 0.0007627 0.0007627 0.0005084 0.0006101 0.0009154 0.0008645 0.0009663 0.0010172 0.0010172 0.0008136 0.0011189 0.0010693 0.0008136 0.0008136 0.0007627 0.0008645 0.0006101 0.0008645 0.0006610 0.0006610 0.0006610 0.0008645 0.0010172 0.0009663 0.0007627 0.0011710 0.0009679 0.0009679 0.0011698 0.0011698 0.0012218 0.0015283 0.0015277 0.0016298 0.0013238 0.0016817 0.0018860 0.0018348 0.0013752 2.0536709 2.0536709 
EBOV_H.sap-wt_SLE_14_Makona-Bombali-J0019_KP759754         1.9764112 1.9835917 1.9954518 1.3880562 1.4417040 0.0307992 0.0307992 0.0310227 0.0313066 0.0366071 0.0376914 0.0369121 0.0331257 0.0027052 0.0017321 0.0007119 0.0004575 0.0004067 0.0004067 0.0004575 0.0004575 0.0004575 0.0003558 0.0002542 0.0003558 0.0001525 0.0004575 0.0006101 0.0005084 0.0005593 0.0005593 0.0005084 0.0005084 0.0005084 0.0005593 0.0005593 0.0006101 0.0000010 0.0000000 0.0006610 0.0007119 0.0007119 0.0006610 0.0006610 0.0006610 0.0006101 0.0005084 0.0006101 0.0007119 0.0007627 0.0007627 0.0005084 0.0006101 0.0009154 0.0008645 0.0009663 0.0010172 0.0010172 0.0008136 0.0011189 0.0010693 0.0008136 0.0008136 0.0007627 0.0008645 0.0006101 0.0008645 0.0006610 0.0006610 0.0006610 0.0008645 0.0010172 0.0009663 0.0007627 0.0011710 0.0009679 0.0009679 0.0011698 0.0011698 0.0012218 0.0015283 0.0015277 0.0016298 0.0013238 0.0016817 0.0018860 0.0018348 0.0013752 2.0536709 2.0536709 
EBOV_H.sap-wt_LBR_14_Makona-LIBR0505_KR006957              1.9764107 1.9835915 1.9959928 1.3883816 1.4422218 0.0306318 0.0306318 0.0308551 0.0311389 0.0363773 0.0374609 0.0367414 0.0329571 0.0025515 0.0015789 0.0005593 0.0003050 0.0002542 0.0002542 0.0003050 0.0003050 0.0003050 0.0003050 0.0004067 0.0005084 0.0005084 0.0003050 0.0004575 0.0003558 0.0004067 0.0004067 0.0003558 0.0003558 0.0003558 0.0004067 0.0004067 0.0004575 0.0006610 0.0006610 0.0000000 0.0003558 0.0005593 0.0005084 0.0006101 0.0006101 0.0007627 0.0006610 0.0007627 0.0006610 0.0007119 0.0004067 0.0006610 0.0005593 0.0005593 0.0007119 0.0008136 0.0008645 0.0008645 0.0006610 0.0009663 0.0009154 0.0004575 0.0004575 0.0006101 0.0007119 0.0007627 0.0007119 0.0008136 0.0007119 0.0008136 0.0007119 0.0008645 0.0008136 0.0009154 0.0008136 0.0008149 0.0008149 0.0010172 0.0010172 0.0010681 0.0013751 0.0013747 0.0014767 0.0011698 0.0015284 0.0017327 0.0016815 0.0012222 2.0544505 2.0544505 
EBOV_H.sap-wt_GIN_14_Makona-Macenta-EM_076191_KR817141     1.9771799 1.9843657 1.9967729 1.3874325 1.4415934 0.0306878 0.0306878 0.0309112 0.0311950 0.0364344 0.0375182 0.0367986 0.0330136 0.0026027 0.0016300 0.0006101 0.0003558 0.0003050 0.0003050 0.0003558 0.0003558 0.0003558 0.0003558 0.0004575 0.0005593 0.0005593 0.0003558 0.0005084 0.0004067 0.0004575 0.0004575 0.0004067 0.0004067 0.0004067 0.0004575 0.0004575 0.0005084 0.0007119 0.0007119 0.0003558 0.0000000 0.0006101 0.0005593 0.0006610 0.0006610 0.0008136 0.0007119 0.0008136 0.0007119 0.0007627 0.0004575 0.0007119 0.0006101 0.0005084 0.0007627 0.0008645 0.0009154 0.0009154 0.0007119 0.0010172 0.0009673 0.0005084 0.0005084 0.0006610 0.0007627 0.0008136 0.0007627 0.0008645 0.0007627 0.0008645 0.0007627 0.0009154 0.0008645 0.0009673 0.0007627 0.0008659 0.0008659 0.0010681 0.0010681 0.0011189 0.0014262 0.0014257 0.0015277 0.0012218 0.0015795 0.0017838 0.0017326 0.0012732 2.0545167 2.0545167 
