96
SUDV_H.sap-xx_UGA_12_EboSud-603_KC545390                   0.0000000 0.0004091 1.8246110 1.8038798 1.8163366 1.8049042 1.8012617 1.8044796 1.8056722 1.8072394 1.8053500 1.8038999 1.8043297 1.8064767 1.8059420 1.8059420 1.8064583 1.8060085 1.8068590 1.8070674 1.8046760 1.8079671 1.8061912 1.8032404 1.8063026 1.8064153 1.8063456 1.8067166 1.8055656 1.8051607 1.8035400 1.8075505 1.8075505 1.8049388 1.8055849 1.8068085 1.8075532 1.8036730 1.8036436 1.8033942 1.8062752 1.8062752 1.8065355 1.8069284 1.8065327 1.8076156 1.8076510 1.8081693 1.8081693 1.8078925 1.8081320 1.8081349 1.8044402 1.8048144 1.8066896 1.8049202 1.8057022 1.8072723 1.8046485 1.8070260 1.8065215 1.8062184 1.8062882 1.8045067 1.8035103 1.8048667 1.8041887 1.8040173 1.8050660 1.8047893 1.8061880 1.8062993 1.8066101 1.8072811 1.8065078 1.8062993 1.8062993 1.8026731 1.8027948 1.8007108 1.8058967 1.8045564 1.8050256 1.8032865 1.8032865 1.8051648 1.7895985 1.7882065 1.7882776 1.7878894 1.8002428 1.8011446 1.8045068 1.8035366 2.1012512 2.0813616 
SUDV_H.sap-xx_UGA_12_EboSud-609_KC545391                   0.0004091 0.0000000 1.8245910 1.8037893 1.8162466 1.8063817 1.8027357 1.8059571 1.8071507 1.8087200 1.8068292 1.8053760 1.8058071 1.8079563 1.8074211 1.8074211 1.8079377 1.8074877 1.8083389 1.8085476 1.8061534 1.8094482 1.8076705 1.8047159 1.8077823 1.8078951 1.8078253 1.8081966 1.8070445 1.8066393 1.8050167 1.8090318 1.8090318 1.8064173 1.8070643 1.8082892 1.8090349 1.8051497 1.8051205 1.8048710 1.8077541 1.8077541 1.8080154 1.8084089 1.8080125 1.8090965 1.8091320 1.8096505 1.8096505 1.8093735 1.8096133 1.8096162 1.8059176 1.8062922 1.8081698 1.8063983 1.8071811 1.8087528 1.8061257 1.8085061 1.8080009 1.8076977 1.8077674 1.8059843 1.8049870 1.8063446 1.8056659 1.8054944 1.8065440 1.8062672 1.8076675 1.8077790 1.8080900 1.8087619 1.8079876 1.8077790 1.8077790 1.8041489 1.8042711 1.8021843 1.8073755 1.8060345 1.8065045 1.8047626 1.8047626 1.8066431 1.7910652 1.7896720 1.7897432 1.7893542 1.8017214 1.8028287 1.8061925 1.8052210 2.1017185 2.0818728 
RESTV_S.dom-xx_PHL_08_Reston08-C_FJ621584                  1.8246110 1.8245910 0.0000000 0.0347224 0.0512632 1.7925609 1.7908326 1.7917113 1.7937390 1.7900063 1.7899119 1.7910035 1.7929953 1.7903945 1.7902317 1.7902317 1.7912212 1.7904945 1.7904550 1.7907326 1.7910904 1.7918952 1.7877190 1.7921986 1.7890615 1.7901391 1.7894471 1.7894126 1.7912722 1.7896321 1.7901446 1.7912230 1.7912230 1.7921127 1.7903008 1.7895006 1.7896174 1.7910223 1.7910079 1.7908472 1.7898575 1.7898575 1.7902097 1.7912904 1.7902072 1.7903184 1.7900779 1.7905985 1.7903233 1.7903208 1.7892665 1.7894748 1.7897622 1.7913668 1.7909723 1.7911327 1.7904594 1.7905888 1.7902855 1.7900005 1.7894286 1.7892657 1.7892657 1.7918794 1.7904699 1.7921651 1.7906758 1.7909102 1.7918878 1.7916101 1.7906155 1.7901728 1.7906895 1.7908747 1.7903811 1.7901728 1.7901728 1.7916169 1.7924205 1.7903565 1.7917655 1.7919914 1.7929348 1.7907263 1.7907263 1.7901383 1.7814584 1.7780682 1.7789789 1.7799442 1.7918932 1.7873990 1.7869337 1.7890290 2.1483810 2.0550023 
RESTV_M.fas-tc_USA_89_Philippines89-Pennsylvania_NC_004161 1.8038798 1.8037893 0.0347224 0.0000000 0.0256035 1.7756046 1.7747766 1.7757141 1.7778564 1.7743653 1.7740697 1.7756371 1.7770489 1.7745478 1.7743836 1.7743836 1.7753729 1.7746469 1.7741320 1.7744092 1.7746214 1.7760346 1.7720940 1.7763364 1.7734276 1.7745047 1.7738148 1.7737801 1.7731231 1.7733225 1.7744354 1.7753664 1.7753664 1.7756425 1.7742512 1.7736665 1.7737776 1.7751763 1.7749547 1.7750004 1.7740190 1.7740190 1.7743676 1.7754415 1.7741603 1.7744703 1.7742292 1.7747495 1.7744744 1.7744723 1.7734313 1.7736385 1.7752787 1.7755858 1.7751224 1.7752086 1.7746122 1.7747465 1.7744382 1.7741610 1.7735937 1.7734320 1.7734320 1.7765019 1.7745536 1.7763110 1.7748288 1.7750631 1.7760332 1.7757559 1.7747725 1.7738535 1.7742243 1.7750254 1.7745382 1.7743309 1.7743309 1.7755686 1.7763646 1.7745785 1.7757734 1.7763357 1.7773448 1.7743315 1.7743315 1.7740905 1.7677014 1.7635872 1.7647652 1.7657238 1.7763906 1.7725869 1.7725239 1.7734601 2.1331465 2.0480740 
RESTV_S.dom-tc_PHL_08_Reston08-A_FJ621583                  1.8163366 1.8162466 0.0512632 0.0256035 0.0000000 1.8116266 1.8103456 1.8115078 1.8137360 1.8101401 1.8092028 1.8118923 1.8129061 1.8098429 1.8101609 1.8101609 1.8111573 1.8104250 1.8096942 1.8099742 1.8103957 1.8118515 1.8078166 1.8120890 1.8091796 1.8102650 1.8095657 1.8095314 1.8090639 1.8092655 1.8102080 1.8111697 1.8111697 1.8114264 1.8100177 1.8094072 1.8095321 1.8109542 1.8109421 1.8107790 1.8091434 1.8091434 1.8101311 1.8112278 1.8099201 1.8102484 1.8100071 1.8105314 1.8102543 1.8102513 1.8093809 1.8095918 1.8096722 1.8113808 1.8109088 1.8110071 1.8103891 1.8098843 1.8104223 1.8099174 1.8093358 1.8091703 1.8091703 1.8123088 1.8103297 1.8121150 1.8106068 1.8108429 1.8118366 1.8115564 1.8105409 1.8096137 1.8099876 1.8108099 1.8103049 1.8100939 1.8100939 1.8115489 1.8123676 1.8105544 1.8117846 1.8123516 1.8133102 1.8103009 1.8103009 1.8100597 1.7986050 1.7944110 1.7956103 1.7965891 1.8084479 1.8031207 1.8033446 1.8045007 2.1485535 2.0740696 
EBOV_H.sap-wt_GIN_14_Makona-Gueckedou-EM_080076_KR817235   1.8049042 1.8063817 1.7925609 1.7756046 1.8116266 0.0000000 0.0016563 0.0024883 0.0026958 0.0027478 0.0027477 0.0024364 0.0023321 0.0022796 0.0022277 0.0022277 0.0021757 0.0021238 0.0023838 0.0024358 0.0023316 0.0026959 0.0026442 0.0023837 0.0027484 0.0026444 0.0024363 0.0025923 0.0026439 0.0024875 0.0023316 0.0025401 0.0025401 0.0023837 0.0024881 0.0023844 0.0025405 0.0021758 0.0016566 0.0021756 0.0024880 0.0024880 0.0021759 0.0021759 0.0022278 0.0021760 0.0022799 0.0022799 0.0022799 0.0022279 0.0022280 0.0021761 0.0020721 0.0020717 0.0021758 0.0021756 0.0023323 0.0023323 0.0023321 0.0022797 0.0022281 0.0022278 0.0021239 0.0020198 0.0019679 0.0020198 0.0018641 0.0018122 0.0019160 0.0018641 0.0020718 0.0020718 0.0020719 0.0020205 0.0020199 0.0019680 0.0019680 0.0019679 0.0020715 0.0013970 0.0018644 0.0017607 0.0018645 0.0012934 0.0012934 0.0013974 0.0309844 0.0306951 0.0304609 0.0303471 0.0306842 0.0339014 0.0345280 0.0351128 1.3198649 1.2654407 
EBOV_H.sap-wt_GIN_14_Makona-Gueckedou-EM_079702_KR817210   1.8012617 1.8027357 1.7908326 1.7747766 1.8103456 0.0016563 0.0000000 0.0023835 0.0025909 0.0026429 0.0026428 0.0023317 0.0022274 0.0021750 0.0021231 0.0021231 0.0020712 0.0020193 0.0022791 0.0023311 0.0022270 0.0025910 0.0025393 0.0022790 0.0026434 0.0025395 0.0023316 0.0024875 0.0025391 0.0023828 0.0022270 0.0024353 0.0024353 0.0022790 0.0023833 0.0022796 0.0024357 0.0020712 0.0015523 0.0020710 0.0023833 0.0023833 0.0020713 0.0020713 0.0021232 0.0020714 0.0021752 0.0021753 0.0021753 0.0021233 0.0021234 0.0020715 0.0019676 0.0019672 0.0020712 0.0020711 0.0022276 0.0022276 0.0022274 0.0021751 0.0021235 0.0021232 0.0020194 0.0019153 0.0018634 0.0019154 0.0017597 0.0017078 0.0018116 0.0017597 0.0019673 0.0019673 0.0019674 0.0019160 0.0019155 0.0018636 0.0018636 0.0018635 0.0019670 0.0012929 0.0017600 0.0016563 0.0017601 0.0011884 0.0011884 0.0012933 0.0309733 0.0306841 0.0304500 0.0303363 0.0306732 0.0338892 0.0346297 0.0352636 1.3205647 1.2682353 
EBOV_H.sap-wt_GIN_14_Makona-Macenta-EM_000982_KR817086     1.8044796 1.8059571 1.7917113 1.7757141 1.8115078 0.0024883 0.0023835 0.0000000 0.0015527 0.0016046 0.0016046 0.0010866 0.0012420 0.0011380 0.0010862 0.0010862 0.0010344 0.0009826 0.0012417 0.0012936 0.0011898 0.0015528 0.0015011 0.0012417 0.0016050 0.0015012 0.0012938 0.0014494 0.0015010 0.0013452 0.0011898 0.0013974 0.0013974 0.0012416 0.0013455 0.0012420 0.0013976 0.0010344 0.0010343 0.0010343 0.0013455 0.0013455 0.0010344 0.0010345 0.0010863 0.0010345 0.0011381 0.0011381 0.0011381 0.0010863 0.0010864 0.0010345 0.0009309 0.0009299 0.0010344 0.0010343 0.0011902 0.0011901 0.0011900 0.0011380 0.0010864 0.0010862 0.0009827 0.0008782 0.0008265 0.0008782 0.0007232 0.0006715 0.0007748 0.0007232 0.0009299 0.0009299 0.0009299 0.0008793 0.0008782 0.0008265 0.0008265 0.0020719 0.0021755 0.0020198 0.0019684 0.0018646 0.0019686 0.0013972 0.0013972 0.0015013 0.0308742 0.0306972 0.0304629 0.0303492 0.0306337 0.0339650 0.0347060 0.0353403 1.3171357 1.2658912 
EBOV_H.sap-wt_SLE_14_Makona-G4973_1_KR105286               1.8056722 1.8071507 1.7937390 1.7778564 1.8137360 0.0026958 0.0025909 0.0015527 0.0000000 0.0017079 0.0017078 0.0015009 0.0013453 0.0012413 0.0011895 0.0011895 0.0011368 0.0010850 0.0014487 0.0015006 0.0013968 0.0016561 0.0016044 0.0006198 0.0016568 0.0016045 0.0013971 0.0015527 0.0016043 0.0014485 0.0012931 0.0015007 0.0015007 0.0013449 0.0014489 0.0013453 0.0015009 0.0012413 0.0012412 0.0012412 0.0014488 0.0014488 0.0011368 0.0011378 0.0011895 0.0011378 0.0012414 0.0012414 0.0012414 0.0011896 0.0011897 0.0011378 0.0011378 0.0010333 0.0011368 0.0012412 0.0012935 0.0012935 0.0012933 0.0012413 0.0011897 0.0011895 0.0010850 0.0009816 0.0010333 0.0009816 0.0009299 0.0008783 0.0008783 0.0008266 0.0010333 0.0010333 0.0010333 0.0009816 0.0009816 0.0009299 0.0009299 0.0022792 0.0023828 0.0022270 0.0021757 0.0020719 0.0021759 0.0016043 0.0016043 0.0017084 0.0313180 0.0310284 0.0307939 0.0306801 0.0310179 0.0343517 0.0350932 0.0357280 1.3171302 1.2650402 
EBOV_H.sap-wt_SLE_14_Makona-Koinadugu-20143659_KR653256    1.8072394 1.8087200 1.7900063 1.7743653 1.8101401 0.0027478 0.0026429 0.0016046 0.0017079 0.0000000 0.0011367 0.0015528 0.0013971 0.0012931 0.0012413 0.0012413 0.0011895 0.0011367 0.0015006 0.0015524 0.0014486 0.0015004 0.0008265 0.0013968 0.0009299 0.0008265 0.0006198 0.0007748 0.0012413 0.0010850 0.0013449 0.0013451 0.0013451 0.0011894 0.0012933 0.0009816 0.0011379 0.0012932 0.0012931 0.0012930 0.0008782 0.0008782 0.0009816 0.0009816 0.0010333 0.0009816 0.0010850 0.0010850 0.0010850 0.0010333 0.0010333 0.0009816 0.0011897 0.0010850 0.0009816 0.0012931 0.0007232 0.0007232 0.0007232 0.0007748 0.0007232 0.0006198 0.0006198 0.0010333 0.0010850 0.0010333 0.0009816 0.0009299 0.0009299 0.0008782 0.0008782 0.0008782 0.0008782 0.0008265 0.0008265 0.0007748 0.0007748 0.0023312 0.0024348 0.0022790 0.0022277 0.0021239 0.0022278 0.0016561 0.0016561 0.0017603 0.0313747 0.0310851 0.0308505 0.0307367 0.0310746 0.0344090 0.0351505 0.0357854 1.3178519 1.2654452 
EBOV_H.sap-wt_SLE_14_Makona-Kenema-G4730_1_KR105268        1.8053500 1.8068292 1.7899119 1.7740697 1.8092028 0.0027477 0.0026428 0.0016046 0.0017078 0.0011367 0.0000000 0.0015528 0.0013971 0.0012930 0.0012412 0.0012412 0.0011894 0.0011367 0.0015006 0.0015524 0.0014486 0.0015004 0.0010333 0.0013967 0.0011378 0.0010333 0.0008265 0.0009816 0.0012412 0.0010850 0.0013449 0.0013450 0.0013450 0.0011884 0.0012932 0.0009816 0.0011379 0.0012931 0.0012930 0.0012930 0.0008782 0.0008782 0.0009816 0.0009816 0.0010333 0.0009816 0.0010850 0.0010850 0.0010850 0.0010333 0.0010333 0.0009816 0.0011896 0.0010850 0.0009816 0.0012930 0.0007232 0.0006198 0.0007232 0.0007748 0.0007232 0.0006198 0.0006198 0.0010333 0.0010850 0.0010333 0.0009816 0.0009299 0.0009299 0.0008782 0.0008782 0.0008782 0.0008782 0.0008265 0.0008265 0.0007748 0.0007748 0.0023311 0.0024347 0.0022789 0.0022276 0.0021238 0.0022278 0.0016561 0.0016561 0.0017603 0.0313247 0.0310351 0.0308005 0.0306867 0.0310246 0.0343590 0.0351006 0.0357355 1.3159708 1.2648154 
EBOV_H.sap-wt_GIN_14_Makona-Gueckedou-EM_076138_KR817140   1.8038999 1.8053760 1.7910035 1.7756371 1.8118923 0.0024364 0.0023317 0.0010866 0.0015009 0.0015528 0.0015528 0.0000000 0.0011902 0.0010347 0.0010345 0.0010345 0.0009827 0.0009299 0.0011900 0.0012418 0.0011381 0.0015010 0.0014493 0.0011899 0.0015532 0.0014494 0.0012420 0.0013976 0.0014492 0.0012935 0.0011381 0.0013456 0.0013456 0.0011899 0.0012938 0.0011902 0.0013458 0.0009827 0.0009826 0.0009816 0.0012937 0.0012937 0.0009827 0.0009827 0.0010345 0.0009828 0.0010864 0.0010864 0.0010864 0.0010346 0.0010346 0.0009828 0.0008782 0.0008782 0.0009827 0.0009826 0.0011384 0.0011384 0.0011383 0.0010863 0.0010347 0.0010345 0.0009309 0.0008265 0.0007748 0.0008265 0.0006715 0.0006198 0.0007232 0.0006715 0.0008782 0.0008782 0.0008782 0.0008276 0.0008265 0.0007748 0.0007748 0.0020201 0.0021237 0.0019680 0.0019166 0.0018128 0.0019167 0.0013454 0.0013454 0.0014495 0.0309314 0.0307543 0.0305200 0.0304062 0.0307434 0.0340753 0.0348164 0.0354509 1.3179498 1.2663605 
EBOV_H.sap-wt_GIN_14_Makona-Beyla-EM_075931_KR817138       1.8043297 1.8058071 1.7929953 1.7770489 1.8129061 0.0023321 0.0022274 0.0012420 0.0013453 0.0013971 0.0013971 0.0011902 0.0000000 0.0006198 0.0005681 0.0005681 0.0005165 0.0004648 0.0011381 0.0011899 0.0010862 0.0013454 0.0012937 0.0010344 0.0013974 0.0012938 0.0010865 0.0012419 0.0011899 0.0010344 0.0009816 0.0011900 0.0011900 0.0010344 0.0011382 0.0009311 0.0010866 0.0009299 0.0009299 0.0009299 0.0011382 0.0011382 0.0008265 0.0008265 0.0008782 0.0008265 0.0009299 0.0009309 0.0009309 0.0008782 0.0008782 0.0008265 0.0007748 0.0007232 0.0008265 0.0009299 0.0009829 0.0009829 0.0009828 0.0009299 0.0008782 0.0008782 0.0007748 0.0006715 0.0007232 0.0006715 0.0006198 0.0005681 0.0005681 0.0005165 0.0007232 0.0007232 0.0007232 0.0006715 0.0006715 0.0006198 0.0006198 0.0019160 0.0020195 0.0018639 0.0018125 0.0017087 0.0018126 0.0012416 0.0012416 0.0013456 0.0308131 0.0305240 0.0302900 0.0301763 0.0305128 0.0338422 0.0345828 0.0352168 1.3167483 1.2651851 
EBOV_H.sap-wt_GIN_14_Makona-Faranah-EM_078415_KR817160     1.8064767 1.8079563 1.7903945 1.7745478 1.8098429 0.0022796 0.0021750 0.0011380 0.0012413 0.0012931 0.0012930 0.0010347 0.0006198 0.0000000 0.0004648 0.0004648 0.0004131 0.0003615 0.0010333 0.0010850 0.0008782 0.0012413 0.0011897 0.0009299 0.0012934 0.0011897 0.0009816 0.0011379 0.0011895 0.0010333 0.0008782 0.0010860 0.0010860 0.0009299 0.0010333 0.0009299 0.0010862 0.0008265 0.0008265 0.0008265 0.0010333 0.0010333 0.0007232 0.0007232 0.0007748 0.0007232 0.0008265 0.0008265 0.0008265 0.0007748 0.0007748 0.0007232 0.0006715 0.0006198 0.0007232 0.0008265 0.0008782 0.0008782 0.0008782 0.0008265 0.0007748 0.0007748 0.0006715 0.0005681 0.0006198 0.0005681 0.0005165 0.0004648 0.0004648 0.0004131 0.0006198 0.0006198 0.0006198 0.0005681 0.0005681 0.0005165 0.0005165 0.0018637 0.0019672 0.0018116 0.0017602 0.0016565 0.0017603 0.0011895 0.0011895 0.0012935 0.0307499 0.0304609 0.0302269 0.0301133 0.0304496 0.0337777 0.0345180 0.0351517 1.3166721 1.2640900 
EBOV_H.sap-wt_GIN_14_Makona-Kissidougou-EM_078694_KR817171 1.8059420 1.8074211 1.7902317 1.7743836 1.8101609 0.0022277 0.0021231 0.0010862 0.0011895 0.0012413 0.0012412 0.0010345 0.0005681 0.0004648 0.0000000 0.0000010 0.0003615 0.0003098 0.0009816 0.0010333 0.0009299 0.0011895 0.0011379 0.0008783 0.0012416 0.0011379 0.0009299 0.0010861 0.0011378 0.0009816 0.0008265 0.0010333 0.0010333 0.0008782 0.0009816 0.0008782 0.0010344 0.0007748 0.0007748 0.0007748 0.0009816 0.0009816 0.0006715 0.0006715 0.0007232 0.0006715 0.0007748 0.0007748 0.0007748 0.0007232 0.0007232 0.0006715 0.0006198 0.0005681 0.0006715 0.0007748 0.0008265 0.0008265 0.0008265 0.0007748 0.0007232 0.0007232 0.0006198 0.0005165 0.0005681 0.0005165 0.0004648 0.0004131 0.0004131 0.0003615 0.0005681 0.0005681 0.0005681 0.0005165 0.0005165 0.0004648 0.0004648 0.0018118 0.0019153 0.0017597 0.0017084 0.0016047 0.0017085 0.0011378 0.0011378 0.0012417 0.0306939 0.0304050 0.0301711 0.0300574 0.0303936 0.0337212 0.0344614 0.0350950 1.3163290 1.2637663 
EBOV_H.sap-wt_GIN_14_Makona-Kissidougou-EM_078722_KR817175 1.8059420 1.8074211 1.7902317 1.7743836 1.8101609 0.0022277 0.0021231 0.0010862 0.0011895 0.0012413 0.0012412 0.0010345 0.0005681 0.0004648 0.0000010 0.0000000 0.0003615 0.0003098 0.0009816 0.0010333 0.0009299 0.0011895 0.0011379 0.0008783 0.0012416 0.0011379 0.0009299 0.0010861 0.0011378 0.0009816 0.0008265 0.0010333 0.0010333 0.0008782 0.0009816 0.0008782 0.0010344 0.0007748 0.0007748 0.0007748 0.0009816 0.0009816 0.0006715 0.0006715 0.0007232 0.0006715 0.0007748 0.0007748 0.0007748 0.0007232 0.0007232 0.0006715 0.0006198 0.0005681 0.0006715 0.0007748 0.0008265 0.0008265 0.0008265 0.0007748 0.0007232 0.0007232 0.0006198 0.0005165 0.0005681 0.0005165 0.0004648 0.0004131 0.0004131 0.0003615 0.0005681 0.0005681 0.0005681 0.0005165 0.0005165 0.0004648 0.0004648 0.0018118 0.0019153 0.0017597 0.0017084 0.0016047 0.0017085 0.0011378 0.0011378 0.0012417 0.0306939 0.0304050 0.0301711 0.0300574 0.0303936 0.0337212 0.0344614 0.0350950 1.3163290 1.2637663 
EBOV_H.sap-wt_GIN_14_Makona-Kankan-EM_078639_KR817166      1.8064583 1.8079377 1.7912212 1.7753729 1.8111573 0.0021757 0.0020712 0.0010344 0.0011368 0.0011895 0.0011894 0.0009827 0.0005165 0.0004131 0.0003615 0.0003615 0.0000000 0.0002582 0.0009299 0.0009816 0.0008782 0.0011377 0.0010861 0.0008266 0.0011897 0.0010861 0.0008782 0.0010344 0.0010850 0.0009299 0.0007748 0.0009816 0.0009816 0.0008265 0.0009299 0.0008265 0.0009827 0.0007232 0.0007232 0.0007232 0.0009299 0.0009299 0.0006198 0.0006198 0.0006715 0.0006198 0.0007232 0.0007232 0.0007232 0.0006715 0.0006715 0.0006198 0.0005681 0.0005165 0.0006198 0.0007232 0.0007748 0.0007748 0.0007748 0.0007232 0.0006715 0.0006715 0.0005681 0.0004648 0.0005165 0.0004648 0.0004131 0.0003615 0.0003615 0.0003098 0.0005165 0.0005165 0.0005165 0.0004648 0.0004648 0.0004131 0.0004131 0.0017599 0.0018634 0.0017079 0.0016565 0.0015528 0.0016566 0.0010850 0.0010850 0.0011898 0.0306375 0.0303487 0.0301148 0.0300012 0.0303372 0.0336643 0.0344044 0.0350379 1.3157680 1.2636911 
EBOV_H.sap-wt_GIN_14_Makona-Macenta-EM_076191_KR817141     1.8060085 1.8074877 1.7904945 1.7746469 1.8104250 0.0021238 0.0020193 0.0009826 0.0010850 0.0011367 0.0011367 0.0009299 0.0004648 0.0003615 0.0003098 0.0003098 0.0002582 0.0000000 0.0008782 0.0009299 0.0008265 0.0010850 0.0010343 0.0007749 0.0011379 0.0010344 0.0008265 0.0009816 0.0010333 0.0008782 0.0007232 0.0009299 0.0009299 0.0007748 0.0008782 0.0007748 0.0009299 0.0006715 0.0006715 0.0006715 0.0008782 0.0008782 0.0005681 0.0005681 0.0006198 0.0005681 0.0006715 0.0006715 0.0006715 0.0006198 0.0006198 0.0005681 0.0005165 0.0004648 0.0005681 0.0006715 0.0007232 0.0007232 0.0007232 0.0006715 0.0006198 0.0006198 0.0005165 0.0004131 0.0004648 0.0004131 0.0003615 0.0003098 0.0003098 0.0002582 0.0004648 0.0004648 0.0004648 0.0004131 0.0004131 0.0003615 0.0003615 0.0017080 0.0018116 0.0016560 0.0016046 0.0015009 0.0016047 0.0010333 0.0010333 0.0011380 0.0305812 0.0302924 0.0300585 0.0299449 0.0302809 0.0336074 0.0343474 0.0349808 1.3163279 1.2633346 
EBOV_H.sap-wt_GIN_15_Makona-Faranah-EM_004503_KR817102     1.8068590 1.8083389 1.7904550 1.7741320 1.8096942 0.0023838 0.0022791 0.0012417 0.0014487 0.0015006 0.0015006 0.0011900 0.0011381 0.0010333 0.0009816 0.0009816 0.0009299 0.0008782 0.0000000 0.0000516 0.0010850 0.0014488 0.0013972 0.0011378 0.0015009 0.0013972 0.0011899 0.0013454 0.0013970 0.0012414 0.0010850 0.0012935 0.0012935 0.0011378 0.0012416 0.0011381 0.0012937 0.0009299 0.0009299 0.0009299 0.0012416 0.0012416 0.0009299 0.0009299 0.0009816 0.0009299 0.0010343 0.0010343 0.0010343 0.0009816 0.0009816 0.0009299 0.0008265 0.0008265 0.0009299 0.0007232 0.0010863 0.0010863 0.0010862 0.0010333 0.0009826 0.0009816 0.0008782 0.0007748 0.0005165 0.0007748 0.0006198 0.0005681 0.0006715 0.0006198 0.0008265 0.0008265 0.0008265 0.0007748 0.0007748 0.0007232 0.0007232 0.0019677 0.0020713 0.0019156 0.0018642 0.0017605 0.0018644 0.0012933 0.0012933 0.0013973 0.0308122 0.0305231 0.0302890 0.0301753 0.0305119 0.0338411 0.0345816 0.0352155 1.3175898 1.2636814 
EBOV_H.sap-wt_GIN_15_Makona-Kissidougou-EM_004555_KR817103 1.8070674 1.8085476 1.7907326 1.7744092 1.8099742 0.0024358 0.0023311 0.0012936 0.0015006 0.0015524 0.0015524 0.0012418 0.0011899 0.0010850 0.0010333 0.0010333 0.0009816 0.0009299 0.0000516 0.0000000 0.0011378 0.0015007 0.0014490 0.0011896 0.0015528 0.0014491 0.0012417 0.0013972 0.0014488 0.0012932 0.0011378 0.0013453 0.0013453 0.0011896 0.0012935 0.0011899 0.0013455 0.0009816 0.0009816 0.0009816 0.0012934 0.0012934 0.0009816 0.0009816 0.0010333 0.0009816 0.0010861 0.0010861 0.0010861 0.0010343 0.0010344 0.0009816 0.0008782 0.0008782 0.0009816 0.0007748 0.0011381 0.0011381 0.0011380 0.0010860 0.0010344 0.0010333 0.0009299 0.0008265 0.0005681 0.0008265 0.0006715 0.0006198 0.0007232 0.0006715 0.0008782 0.0008782 0.0008782 0.0008265 0.0008265 0.0007748 0.0007748 0.0020196 0.0021232 0.0019675 0.0019161 0.0018124 0.0019163 0.0013451 0.0013451 0.0014491 0.0308684 0.0305792 0.0303451 0.0302314 0.0305681 0.0338978 0.0346384 0.0352725 1.3178158 1.2634177 
EBOV_H.sap-wt_LBR_14_Makona-LIBR0430_KR006955              1.8046760 1.8061534 1.7910904 1.7746214 1.8103957 0.0023316 0.0022270 0.0011898 0.0013968 0.0014486 0.0014486 0.0011381 0.0010862 0.0008782 0.0009299 0.0009299 0.0008782 0.0008265 0.0010850 0.0011378 0.0000000 0.0013968 0.0013452 0.0010850 0.0014489 0.0013453 0.0011380 0.0012934 0.0013451 0.0011894 0.0010333 0.0012415 0.0012415 0.0010850 0.0011897 0.0010862 0.0012417 0.0008782 0.0008782 0.0008782 0.0011897 0.0011897 0.0008782 0.0008782 0.0009299 0.0008782 0.0009816 0.0009816 0.0009816 0.0009299 0.0009299 0.0008782 0.0007748 0.0007748 0.0008782 0.0008782 0.0010344 0.0010344 0.0010343 0.0009816 0.0009299 0.0009299 0.0008265 0.0007232 0.0006715 0.0007232 0.0005681 0.0005165 0.0006198 0.0005681 0.0007748 0.0007748 0.0007748 0.0007232 0.0007232 0.0006715 0.0006715 0.0019156 0.0020192 0.0018635 0.0018121 0.0017084 0.0018123 0.0012414 0.0012414 0.0013453 0.0309210 0.0306318 0.0303977 0.0302840 0.0306208 0.0339506 0.0346913 0.0353254 1.3167128 1.2630339 
EBOV_H.sap-wt_SLE_14_Makona-Kenema-G5059_1_KR105296        1.8079671 1.8094482 1.7918952 1.7760346 1.8118515 0.0026959 0.0025910 0.0015528 0.0016561 0.0015004 0.0015004 0.0015010 0.0013454 0.0012413 0.0011895 0.0011895 0.0011377 0.0010850 0.0014488 0.0015007 0.0013968 0.0000000 0.0013970 0.0013450 0.0015008 0.0013971 0.0011898 0.0013453 0.0013969 0.0012412 0.0012932 0.0011897 0.0011897 0.0011367 0.0012415 0.0011380 0.0012935 0.0012414 0.0012413 0.0012413 0.0012415 0.0012415 0.0009299 0.0009299 0.0009816 0.0005165 0.0006198 0.0006198 0.0006198 0.0005681 0.0009816 0.0009299 0.0011379 0.0010333 0.0009299 0.0012413 0.0010862 0.0010862 0.0010861 0.0010333 0.0009816 0.0009816 0.0008782 0.0009816 0.0010333 0.0009816 0.0009299 0.0008782 0.0008782 0.0008265 0.0008265 0.0008265 0.0008265 0.0007748 0.0007748 0.0007232 0.0007232 0.0022793 0.0023829 0.0022272 0.0021758 0.0020720 0.0021760 0.0016044 0.0016044 0.0017085 0.0312070 0.0309175 0.0306831 0.0305693 0.0310193 0.0343532 0.0350947 0.0357295 1.3164836 1.2643649 
EBOV_H.sap-wt_SLE_14_Makona-J0128_KP759677                 1.8061912 1.8076705 1.7877190 1.7720940 1.8078166 0.0026442 0.0025393 0.0015011 0.0016044 0.0008265 0.0010333 0.0014493 0.0012937 0.0011897 0.0011379 0.0011379 0.0010861 0.0010343 0.0013972 0.0014490 0.0013452 0.0013970 0.0000000 0.0012934 0.0008265 0.0007232 0.0005165 0.0006715 0.0011379 0.0009816 0.0012415 0.0012417 0.0012417 0.0010860 0.0011898 0.0008782 0.0010345 0.0011897 0.0011897 0.0011896 0.0007748 0.0007748 0.0008782 0.0008782 0.0009299 0.0008782 0.0009816 0.0009816 0.0009816 0.0009299 0.0009299 0.0008782 0.0010862 0.0009816 0.0008782 0.0011897 0.0006198 0.0006198 0.0006198 0.0006715 0.0006198 0.0005165 0.0005165 0.0009299 0.0009816 0.0009299 0.0008782 0.0008265 0.0008265 0.0007748 0.0007748 0.0007748 0.0007748 0.0007232 0.0007232 0.0006715 0.0006715 0.0022277 0.0023313 0.0021755 0.0021241 0.0020203 0.0021243 0.0015527 0.0015527 0.0016568 0.0312673 0.0309777 0.0307432 0.0306294 0.0309671 0.0343011 0.0350426 0.0356774 1.3189601 1.2666688 
EBOV_H.sap-wt_SLE_14_Makona-Kailahun-20140517_KR653263     1.8032404 1.8047159 1.7921986 1.7763364 1.8120890 0.0023837 0.0022790 0.0012417 0.0006198 0.0013968 0.0013967 0.0011899 0.0010344 0.0009299 0.0008783 0.0008783 0.0008266 0.0007749 0.0011378 0.0011896 0.0010850 0.0013450 0.0012934 0.0000000 0.0013456 0.0012934 0.0010862 0.0012416 0.0012932 0.0011368 0.0009816 0.0011897 0.0011897 0.0010333 0.0011379 0.0010344 0.0011899 0.0009299 0.0009299 0.0009299 0.0011379 0.0011379 0.0008266 0.0008266 0.0008783 0.0008266 0.0009299 0.0009299 0.0009299 0.0008783 0.0008783 0.0008266 0.0008266 0.0007232 0.0008266 0.0009299 0.0009816 0.0009816 0.0009816 0.0009299 0.0008783 0.0008783 0.0007749 0.0006715 0.0007232 0.0006715 0.0006198 0.0005682 0.0005682 0.0005165 0.0007232 0.0007232 0.0007232 0.0006715 0.0006715 0.0006198 0.0006198 0.0019676 0.0020711 0.0019155 0.0018641 0.0017604 0.0018642 0.0012932 0.0012932 0.0013972 0.0309786 0.0306894 0.0304552 0.0303415 0.0306784 0.0340090 0.0347498 0.0353840 1.3169488 1.2639036 
EBOV_H.sap-wt_SLE_14_Makona-PortLoko-J0083_KP759752        1.8063026 1.8077823 1.7890615 1.7734276 1.8091796 0.0027484 0.0026434 0.0016050 0.0016568 0.0009299 0.0011378 0.0015532 0.0013974 0.0012934 0.0012416 0.0012416 0.0011897 0.0011379 0.0015009 0.0015528 0.0014489 0.0015008 0.0008265 0.0013456 0.0000000 0.0003098 0.0003098 0.0002582 0.0012415 0.0010850 0.0013452 0.0013454 0.0013454 0.0011897 0.0012935 0.0009827 0.0011382 0.0012934 0.0012933 0.0012933 0.0008782 0.0008782 0.0009816 0.0009816 0.0010343 0.0009826 0.0010862 0.0010862 0.0010862 0.0010344 0.0010344 0.0009826 0.0011899 0.0010861 0.0009816 0.0012933 0.0007232 0.0007232 0.0007232 0.0007748 0.0007232 0.0006198 0.0006198 0.0010333 0.0010861 0.0010343 0.0009816 0.0009299 0.0009299 0.0008782 0.0008782 0.0008782 0.0008782 0.0008265 0.0008265 0.0007748 0.0007748 0.0023317 0.0024353 0.0022795 0.0022282 0.0021243 0.0022283 0.0016565 0.0016565 0.0017607 0.0313271 0.0310374 0.0308029 0.0306890 0.0309744 0.0343090 0.0350506 0.0356855 1.3166620 1.2655746 
EBOV_H.sap-wt_SLE_14_Makona-J0119_KP759667                 1.8064153 1.8078951 1.7901391 1.7745047 1.8102650 0.0026444 0.0025395 0.0015012 0.0016045 0.0008265 0.0010333 0.0014494 0.0012938 0.0011897 0.0011379 0.0011379 0.0010861 0.0010344 0.0013972 0.0014491 0.0013453 0.0013971 0.0007232 0.0012934 0.0003098 0.0000000 0.0002065 0.0001549 0.0011379 0.0009816 0.0012416 0.0012417 0.0012417 0.0010861 0.0011899 0.0008782 0.0010346 0.0011898 0.0011897 0.0011897 0.0007748 0.0007748 0.0008782 0.0008782 0.0009299 0.0008782 0.0009826 0.0009826 0.0009826 0.0009299 0.0009299 0.0008782 0.0010863 0.0009816 0.0008782 0.0011897 0.0006198 0.0006198 0.0006198 0.0006715 0.0006198 0.0005165 0.0005165 0.0009299 0.0009816 0.0009299 0.0008782 0.0008265 0.0008265 0.0007748 0.0007748 0.0007748 0.0007748 0.0007232 0.0007232 0.0006715 0.0006715 0.0022278 0.0023314 0.0021756 0.0021243 0.0020204 0.0021244 0.0015528 0.0015528 0.0016569 0.0312682 0.0309787 0.0307442 0.0306303 0.0308562 0.0342493 0.0349908 0.0356256 1.3170672 1.2652599 
EBOV_H.sap-wt_SLE_14_Makona-PortLoko-20140024_KR653252     1.8063456 1.8078253 1.7894471 1.7738148 1.8095657 0.0024363 0.0023316 0.0012938 0.0013971 0.0006198 0.0008265 0.0012420 0.0010865 0.0009816 0.0009299 0.0009299 0.0008782 0.0008265 0.0011899 0.0012417 0.0011380 0.0011898 0.0005165 0.0010862 0.0003098 0.0002065 0.0000000 0.0001549 0.0009299 0.0007748 0.0010344 0.0010345 0.0010345 0.0008782 0.0009827 0.0006715 0.0008265 0.0009826 0.0009816 0.0009816 0.0005681 0.0005681 0.0006715 0.0006715 0.0007232 0.0006715 0.0007748 0.0007748 0.0007748 0.0007232 0.0007232 0.0006715 0.0008782 0.0007748 0.0006715 0.0009816 0.0004131 0.0004131 0.0004131 0.0004648 0.0004131 0.0003098 0.0003098 0.0007232 0.0007748 0.0007232 0.0006715 0.0006198 0.0006198 0.0005681 0.0005681 0.0005681 0.0005681 0.0005165 0.0005165 0.0004648 0.0004648 0.0020200 0.0021236 0.0019679 0.0019165 0.0018127 0.0019166 0.0013454 0.0013454 0.0014494 0.0310428 0.0307534 0.0305191 0.0304054 0.0307425 0.0340744 0.0348155 0.0354499 1.3166852 1.2652866 
EBOV_H.sap-wt_SLE_14_Makona-J0158_KP759700                 1.8067166 1.8081966 1.7894126 1.7737801 1.8095314 0.0025923 0.0024875 0.0014494 0.0015527 0.0007748 0.0009816 0.0013976 0.0012419 0.0011379 0.0010861 0.0010861 0.0010344 0.0009816 0.0013454 0.0013972 0.0012934 0.0013453 0.0006715 0.0012416 0.0002582 0.0001549 0.0001549 0.0000000 0.0010861 0.0009299 0.0011898 0.0011899 0.0011899 0.0010343 0.0011381 0.0008265 0.0009828 0.0011380 0.0011379 0.0011379 0.0007232 0.0007232 0.0008265 0.0008265 0.0008782 0.0008265 0.0009299 0.0009299 0.0009299 0.0008782 0.0008782 0.0008265 0.0010345 0.0009299 0.0008265 0.0011379 0.0005681 0.0005681 0.0005681 0.0006198 0.0005681 0.0004648 0.0004648 0.0008782 0.0009299 0.0008782 0.0008265 0.0007748 0.0007748 0.0007232 0.0007232 0.0007232 0.0007232 0.0006715 0.0006715 0.0006198 0.0006198 0.0021758 0.0022794 0.0021237 0.0020723 0.0019685 0.0020724 0.0015009 0.0015009 0.0016050 0.0310992 0.0308098 0.0305755 0.0304617 0.0308589 0.0341922 0.0349335 0.0355682 1.3168120 1.2654100 
EBOV_H.sap-wt_SLE_14_Makona-J0093_KP759760                 1.8055656 1.8070445 1.7912722 1.7731231 1.8090639 0.0026439 0.0025391 0.0015010 0.0016043 0.0012413 0.0012412 0.0014492 0.0011899 0.0011895 0.0011378 0.0011378 0.0010850 0.0010333 0.0013970 0.0014488 0.0013451 0.0013969 0.0011379 0.0012932 0.0012415 0.0011379 0.0009299 0.0010861 0.0000000 0.0001549 0.0012414 0.0012415 0.0012415 0.0010850 0.0011897 0.0006715 0.0008265 0.0011896 0.0011895 0.0011895 0.0009816 0.0009816 0.0008782 0.0008782 0.0009299 0.0008782 0.0009816 0.0009816 0.0009816 0.0009299 0.0009299 0.0008782 0.0010861 0.0009816 0.0008782 0.0011895 0.0008265 0.0008265 0.0008265 0.0007748 0.0007232 0.0007232 0.0006198 0.0009299 0.0009816 0.0009299 0.0008782 0.0008265 0.0008265 0.0007748 0.0007748 0.0007748 0.0007748 0.0007232 0.0007232 0.0006715 0.0006715 0.0022274 0.0023310 0.0021753 0.0021239 0.0020201 0.0021241 0.0015525 0.0015525 0.0016567 0.0312637 0.0309742 0.0307397 0.0306259 0.0309636 0.0342971 0.0350385 0.0356732 1.3173835 1.2654538 
EBOV_H.sap-wt_SLE_14_Makona-PortLoko-J0080_KP759749        1.8051607 1.8066393 1.7896321 1.7733225 1.8092655 0.0024875 0.0023828 0.0013452 0.0014485 0.0010850 0.0010850 0.0012935 0.0010344 0.0010333 0.0009816 0.0009816 0.0009299 0.0008782 0.0012414 0.0012932 0.0011894 0.0012412 0.0009816 0.0011368 0.0010850 0.0009816 0.0007748 0.0009299 0.0001549 0.0000000 0.0010850 0.0010850 0.0010850 0.0009299 0.0010333 0.0005165 0.0006715 0.0010333 0.0010333 0.0010333 0.0008265 0.0008265 0.0007232 0.0007232 0.0007748 0.0007232 0.0008265 0.0008265 0.0008265 0.0007748 0.0007748 0.0007232 0.0009299 0.0008265 0.0007232 0.0010333 0.0006715 0.0006715 0.0006715 0.0006198 0.0005681 0.0005681 0.0004648 0.0007748 0.0008265 0.0007748 0.0007232 0.0006715 0.0006715 0.0006198 0.0006198 0.0006198 0.0006198 0.0005681 0.0005681 0.0005165 0.0005165 0.0020713 0.0021749 0.0020192 0.0019678 0.0018641 0.0019680 0.0013968 0.0013968 0.0015008 0.0310896 0.0308003 0.0305660 0.0304523 0.0307895 0.0341209 0.0348618 0.0354962 1.3174572 1.2645680 
EBOV_H.sap-wt_LBR_15_Makona-Liberia-DQE6_KR075000          1.8035400 1.8050167 1.7901446 1.7744354 1.8102080 0.0023316 0.0022270 0.0011898 0.0012931 0.0013449 0.0013449 0.0011381 0.0009816 0.0008782 0.0008265 0.0008265 0.0007748 0.0007232 0.0010850 0.0011378 0.0010333 0.0012932 0.0012415 0.0009816 0.0013452 0.0012416 0.0010344 0.0011898 0.0012414 0.0010850 0.0000000 0.0011379 0.0011379 0.0009816 0.0010861 0.0009826 0.0011380 0.0008782 0.0008782 0.0008782 0.0010860 0.0010860 0.0007748 0.0007748 0.0008265 0.0007748 0.0008782 0.0008782 0.0008782 0.0008265 0.0008265 0.0007748 0.0007748 0.0006715 0.0007232 0.0008782 0.0009299 0.0009299 0.0009299 0.0008782 0.0008265 0.0008265 0.0007232 0.0006198 0.0006715 0.0006198 0.0005681 0.0005165 0.0005165 0.0004648 0.0006715 0.0006715 0.0006715 0.0006198 0.0006198 0.0005681 0.0005681 0.0019156 0.0020191 0.0018635 0.0018121 0.0017084 0.0018123 0.0012414 0.0012414 0.0013453 0.0309208 0.0306317 0.0303975 0.0302838 0.0306206 0.0339504 0.0346911 0.0353252 1.3179964 1.2646138 
EBOV_H.sap-wt_SLE_14_Makona-J0171_KP759707                 1.8075505 1.8090318 1.7912230 1.7753664 1.8111697 0.0025401 0.0024353 0.0013974 0.0015007 0.0013451 0.0013450 0.0013456 0.0011900 0.0010860 0.0010333 0.0010333 0.0009816 0.0009299 0.0012935 0.0013453 0.0012415 0.0011897 0.0012417 0.0011897 0.0013454 0.0012417 0.0010345 0.0011899 0.0012415 0.0010850 0.0011379 0.0000000 0.0000010 0.0009816 0.0007748 0.0009827 0.0011382 0.0010861 0.0010860 0.0010860 0.0010862 0.0010862 0.0004648 0.0004648 0.0005165 0.0007748 0.0008782 0.0008782 0.0008782 0.0008265 0.0008265 0.0007748 0.0009826 0.0008782 0.0007748 0.0010860 0.0009309 0.0009309 0.0009299 0.0008782 0.0008265 0.0008265 0.0007232 0.0008265 0.0008782 0.0008265 0.0007748 0.0007232 0.0007232 0.0006715 0.0006715 0.0006715 0.0006715 0.0006198 0.0006198 0.0005681 0.0005681 0.0021237 0.0022273 0.0020716 0.0020202 0.0019164 0.0020203 0.0014489 0.0014489 0.0015530 0.0309913 0.0307019 0.0304676 0.0303539 0.0306910 0.0339576 0.0347640 0.0353984 1.3153671 1.2638987 
EBOV_H.sap-wt_SLE_14_Makona-J0174_KP759708                 1.8075505 1.8090318 1.7912230 1.7753664 1.8111697 0.0025401 0.0024353 0.0013974 0.0015007 0.0013451 0.0013450 0.0013456 0.0011900 0.0010860 0.0010333 0.0010333 0.0009816 0.0009299 0.0012935 0.0013453 0.0012415 0.0011897 0.0012417 0.0011897 0.0013454 0.0012417 0.0010345 0.0011899 0.0012415 0.0010850 0.0011379 0.0000010 0.0000000 0.0009816 0.0007748 0.0009827 0.0011382 0.0010861 0.0010860 0.0010860 0.0010862 0.0010862 0.0004648 0.0004648 0.0005165 0.0007748 0.0008782 0.0008782 0.0008782 0.0008265 0.0008265 0.0007748 0.0009826 0.0008782 0.0007748 0.0010860 0.0009309 0.0009309 0.0009299 0.0008782 0.0008265 0.0008265 0.0007232 0.0008265 0.0008782 0.0008265 0.0007748 0.0007232 0.0007232 0.0006715 0.0006715 0.0006715 0.0006715 0.0006198 0.0006198 0.0005681 0.0005681 0.0021237 0.0022273 0.0020716 0.0020202 0.0019164 0.0020203 0.0014489 0.0014489 0.0015530 0.0309913 0.0307019 0.0304676 0.0303539 0.0306910 0.0339576 0.0347640 0.0353984 1.3153671 1.2638987 
EBOV_H.sap-wt_SLE_14_Makona-G5640_1_KR105313               1.8049388 1.8064173 1.7921127 1.7756425 1.8114264 0.0023837 0.0022790 0.0012416 0.0013449 0.0011894 0.0011884 0.0011899 0.0010344 0.0009299 0.0008782 0.0008782 0.0008265 0.0007748 0.0011378 0.0011896 0.0010850 0.0011367 0.0010860 0.0010333 0.0011897 0.0010861 0.0008782 0.0010343 0.0010850 0.0009299 0.0009816 0.0009816 0.0009816 0.0000000 0.0009299 0.0008265 0.0009826 0.0009299 0.0009299 0.0009299 0.0009299 0.0009299 0.0006198 0.0006198 0.0006715 0.0006198 0.0007232 0.0007232 0.0007232 0.0006715 0.0006715 0.0006198 0.0008265 0.0007232 0.0006198 0.0009299 0.0007748 0.0007748 0.0007748 0.0007232 0.0006715 0.0006715 0.0005681 0.0006715 0.0007232 0.0006715 0.0006198 0.0005681 0.0005681 0.0005165 0.0005165 0.0005165 0.0005165 0.0004648 0.0004648 0.0004131 0.0004131 0.0019676 0.0020711 0.0019154 0.0018641 0.0017603 0.0018642 0.0012932 0.0012932 0.0013972 0.0308657 0.0305766 0.0303425 0.0302288 0.0305654 0.0338949 0.0347490 0.0353832 1.3170927 1.2635435 
EBOV_H.sap-wt_SLE_14_Makona-J0150_KP759696                 1.8055849 1.8070643 1.7903008 1.7742512 1.8100177 0.0024881 0.0023833 0.0013455 0.0014489 0.0012933 0.0012932 0.0012938 0.0011382 0.0010333 0.0009816 0.0009816 0.0009299 0.0008782 0.0012416 0.0012935 0.0011897 0.0012415 0.0011898 0.0011379 0.0012935 0.0011899 0.0009827 0.0011381 0.0011897 0.0010333 0.0010861 0.0007748 0.0007748 0.0009299 0.0000000 0.0009310 0.0010864 0.0010343 0.0010333 0.0010333 0.0010344 0.0010344 0.0004131 0.0004131 0.0004648 0.0007232 0.0008265 0.0008265 0.0008265 0.0007748 0.0007748 0.0007232 0.0009299 0.0008265 0.0007232 0.0010333 0.0008782 0.0008782 0.0008782 0.0008265 0.0007748 0.0007748 0.0006715 0.0007748 0.0008265 0.0007748 0.0007232 0.0006715 0.0006715 0.0006198 0.0006198 0.0006198 0.0006198 0.0005681 0.0005681 0.0005165 0.0005165 0.0020718 0.0021754 0.0020196 0.0019683 0.0018645 0.0019684 0.0013971 0.0013971 0.0015012 0.0309355 0.0306462 0.0304119 0.0302981 0.0306351 0.0339013 0.0347076 0.0353419 1.3179422 1.2635630 
EBOV_H.sap-wt_SLE_14_Makona-J0117_KP759665                 1.8068085 1.8082892 1.7895006 1.7736665 1.8094072 0.0023844 0.0022796 0.0012420 0.0013453 0.0009816 0.0009816 0.0011902 0.0009311 0.0009299 0.0008782 0.0008782 0.0008265 0.0007748 0.0011381 0.0011899 0.0010862 0.0011380 0.0008782 0.0010344 0.0009827 0.0008782 0.0006715 0.0008265 0.0006715 0.0005165 0.0009826 0.0009827 0.0009827 0.0008265 0.0009310 0.0000000 0.0001549 0.0009299 0.0009299 0.0009299 0.0007232 0.0007232 0.0006198 0.0006198 0.0006715 0.0006198 0.0007232 0.0007232 0.0007232 0.0006715 0.0006715 0.0006198 0.0008265 0.0007232 0.0006198 0.0009299 0.0005681 0.0005681 0.0005681 0.0005165 0.0004648 0.0004648 0.0003615 0.0006715 0.0007232 0.0006715 0.0006198 0.0005681 0.0005681 0.0005165 0.0005165 0.0005165 0.0005165 0.0004648 0.0004648 0.0004131 0.0004131 0.0019681 0.0020717 0.0019160 0.0018646 0.0017609 0.0018648 0.0012936 0.0012936 0.0013976 0.0309870 0.0306977 0.0304634 0.0303496 0.0306867 0.0340181 0.0347591 0.0353935 1.3180666 1.2653905 
EBOV_H.sap-wt_SLE_14_Makona-Kenema-G5685_1_KR105317        1.8075532 1.8090349 1.7896174 1.7737776 1.8095321 0.0025405 0.0024357 0.0013976 0.0015009 0.0011379 0.0011379 0.0013458 0.0010866 0.0010862 0.0010344 0.0010344 0.0009827 0.0009299 0.0012937 0.0013455 0.0012417 0.0012935 0.0010345 0.0011899 0.0011382 0.0010346 0.0008265 0.0009828 0.0008265 0.0006715 0.0011380 0.0011382 0.0011382 0.0009826 0.0010864 0.0001549 0.0000000 0.0010863 0.0010862 0.0010862 0.0008782 0.0008782 0.0007748 0.0007748 0.0008265 0.0007748 0.0008782 0.0008782 0.0008782 0.0008265 0.0008265 0.0007748 0.0009828 0.0008782 0.0007748 0.0010862 0.0007232 0.0007232 0.0007232 0.0006715 0.0006198 0.0006198 0.0005165 0.0008265 0.0008782 0.0008265 0.0007748 0.0007232 0.0007232 0.0006715 0.0006715 0.0006715 0.0006715 0.0006198 0.0006198 0.0005681 0.0005681 0.0021241 0.0022277 0.0020719 0.0020205 0.0019167 0.0020207 0.0014492 0.0014492 0.0015533 0.0311581 0.0308686 0.0306342 0.0305204 0.0308579 0.0341911 0.0349324 0.0355671 1.3182976 1.2645304 
EBOV_H.sap-wt_GIN_14_Makona-Macenta-EM_076322_KR817145     1.8036730 1.8051497 1.7910223 1.7751763 1.8109542 0.0021758 0.0020712 0.0010344 0.0012413 0.0012932 0.0012931 0.0009827 0.0009299 0.0008265 0.0007748 0.0007748 0.0007232 0.0006715 0.0009299 0.0009816 0.0008782 0.0012414 0.0011897 0.0009299 0.0012934 0.0011898 0.0009826 0.0011380 0.0011896 0.0010333 0.0008782 0.0010861 0.0010861 0.0009299 0.0010343 0.0009299 0.0010863 0.0000000 0.0007232 0.0007232 0.0010343 0.0010343 0.0007232 0.0007232 0.0007748 0.0007232 0.0008265 0.0008265 0.0008265 0.0007748 0.0007748 0.0007232 0.0006198 0.0006198 0.0007232 0.0007232 0.0008782 0.0008782 0.0008782 0.0008265 0.0007748 0.0007748 0.0006715 0.0005681 0.0005165 0.0005681 0.0004131 0.0003615 0.0004648 0.0004131 0.0006198 0.0006198 0.0006198 0.0005681 0.0005681 0.0005165 0.0005165 0.0017600 0.0018635 0.0017079 0.0016565 0.0015528 0.0016566 0.0010850 0.0010850 0.0011899 0.0307521 0.0304631 0.0302291 0.0301155 0.0304519 0.0337802 0.0345205 0.0351543 1.3176848 1.2643723 
EBOV_H.sap-wt_SLE_14_Makona-G3676.1_KM034554               1.8036436 1.8051205 1.7910079 1.7749547 1.8109421 0.0016566 0.0015523 0.0010343 0.0012412 0.0012931 0.0012930 0.0009826 0.0009299 0.0008265 0.0007748 0.0007748 0.0007232 0.0006715 0.0009299 0.0009816 0.0008782 0.0012413 0.0011897 0.0009299 0.0012933 0.0011897 0.0009816 0.0011379 0.0011895 0.0010333 0.0008782 0.0010860 0.0010860 0.0009299 0.0010333 0.0009299 0.0010862 0.0007232 0.0000000 0.0007232 0.0010333 0.0010333 0.0007232 0.0007232 0.0007748 0.0007232 0.0008265 0.0008265 0.0008265 0.0007748 0.0007748 0.0007232 0.0006198 0.0006198 0.0007232 0.0007232 0.0008782 0.0008782 0.0008782 0.0008265 0.0007748 0.0007748 0.0006715 0.0005681 0.0005165 0.0005681 0.0004131 0.0003615 0.0004648 0.0004131 0.0006198 0.0006198 0.0006198 0.0005681 0.0005681 0.0005165 0.0005165 0.0012414 0.0013449 0.0011895 0.0011380 0.0010345 0.0011381 0.0005681 0.0005681 0.0006715 0.0301879 0.0298994 0.0296659 0.0295524 0.0298873 0.0332103 0.0339496 0.0345824 1.3169036 1.2641973 
