94
RESTV_M.fas-tc_USA_89_Philippines89-Pennsylvania_NC_004161 0.0000000 0.0254123 0.0339908 2.0377236 2.0690149 1.9100678 1.9104156 1.9087852 1.9107581 1.9308870 1.9348779 1.9258534 1.9207132 1.9477932 1.9462101 1.9468486 1.9468780 1.9471639 1.9478717 1.9476720 1.9484889 1.9432304 1.9448421 1.9489673 1.9465699 1.9460325 1.9460325 1.9458520 1.9464908 1.9448457 1.9444644 1.9459779 1.9452170 1.9456522 1.9450272 1.9450272 1.9447747 1.9452742 1.9444970 1.9445477 1.9445477 1.9452076 1.9458097 1.9460763 1.9442528 1.9445219 1.9467622 1.9461747 1.9465740 1.9453790 1.9451266 1.9461337 1.9453732 1.9452966 1.9462708 1.9457661 1.9430995 1.9445753 1.9439934 1.9453445 1.9451144 1.9448367 1.9448367 1.9445591 1.9476709 1.9453171 1.9459466 1.9451365 1.9463145 1.9466359 1.9465556 1.9443127 1.9450623 1.9474990 1.9469323 1.9455724 1.9471706 1.9448210 1.9491473 1.9483388 1.9477622 1.9504094 1.9504094 1.9499253 1.9496672 1.9483544 1.9432762 1.9432762 1.9468774 1.9458999 1.9463320 1.9465429 1.8658348 1.8654934 
RESTV_S.dom-tc_PHL_08_Reston08-A_FJ621583                  0.0254123 0.0000000 0.0522738 2.0662445 2.1053609 1.9287926 1.9291423 1.9274908 1.9294836 1.9482694 1.9533756 1.9452004 1.9367459 1.9703905 1.9687861 1.9693588 1.9693879 1.9697541 1.9704859 1.9696803 1.9705088 1.9657729 1.9674072 1.9715811 1.9691561 1.9686115 1.9686115 1.9684290 1.9690732 1.9689880 1.9686041 1.9685562 1.9677841 1.9682297 1.9675923 1.9675923 1.9673393 1.9678405 1.9670601 1.9668995 1.9668995 1.9677747 1.9683344 1.9684441 1.9668041 1.9686617 1.9693467 1.9687533 1.9691568 1.9679468 1.9676938 1.9687200 1.9679421 1.9678565 1.9672830 1.9683464 1.9656466 1.9671397 1.9665445 1.9679114 1.9676814 1.9674023 1.9674023 1.9671231 1.9702664 1.9675072 1.9701124 1.9692882 1.9704909 1.9708073 1.9691384 1.9668571 1.9676308 1.9700969 1.9713261 1.9679501 1.9697581 1.9673801 1.9717777 1.9707367 1.9701498 1.9730497 1.9730497 1.9723544 1.9722998 1.9709646 1.9668268 1.9668268 1.9694688 1.9689203 1.9689269 1.9692043 1.8836284 1.8832844 
RESTV_S.dom-xx_PHL_08_Reston08-C_FJ621584                  0.0339908 0.0522738 0.0000000 2.0414198 2.0776698 1.9049909 1.9047167 1.9030967 1.9049388 1.9256793 1.9292815 1.9210830 1.9167658 1.9470831 1.9452508 1.9450146 1.9450440 1.9458272 1.9465321 1.9461242 1.9469385 1.9424028 1.9437210 1.9478351 1.9451627 1.9446268 1.9446268 1.9444468 1.9450840 1.9434433 1.9430629 1.9445723 1.9438136 1.9442474 1.9436243 1.9436243 1.9433724 1.9438708 1.9430954 1.9431459 1.9431459 1.9443027 1.9444051 1.9446705 1.9428524 1.9431204 1.9455643 1.9447688 1.9451671 1.9439753 1.9437234 1.9447273 1.9439694 1.9438935 1.9448638 1.9443609 1.9417016 1.9431733 1.9425935 1.9443674 1.9437112 1.9434342 1.9434342 1.9431572 1.9462610 1.9439129 1.9445407 1.9437331 1.9455359 1.9452284 1.9469167 1.9429125 1.9436592 1.9458797 1.9433822 1.9444191 1.9457621 1.9434189 1.9477323 1.9469266 1.9463519 1.9489913 1.9489913 1.9485081 1.9482511 1.9469422 1.9416692 1.9416692 1.9454693 1.9444939 1.9449247 1.9453616 1.8672358 1.8668944 
TAFV_H.sap-tc_CIV_94_Pauleoula-CI_NC_014372                2.0377236 2.0662445 2.0414198 0.0000000 0.8197225 1.3935244 1.3932968 1.3946030 1.3955886 1.4030359 1.4049839 1.4010504 1.4045513 1.4197438 1.4210142 1.4199199 1.4199557 1.4198106 1.4211354 1.4218024 1.4223461 1.4200823 1.4193516 1.4190564 1.4197463 1.4194827 1.4194827 1.4192611 1.4197105 1.4190130 1.4190344 1.4201157 1.4200559 1.4178424 1.4185117 1.4185117 1.4187201 1.4187201 1.4184903 1.4188158 1.4188158 1.4187333 1.4186667 1.4192838 1.4186800 1.4188166 1.4191959 1.4197332 1.4194554 1.4192194 1.4189979 1.4176703 1.4186453 1.4195358 1.4185818 1.4190158 1.4182529 1.4181676 1.4188889 1.4178791 1.4189058 1.4191835 1.4191835 1.4189537 1.4199251 1.4178442 1.4200765 1.4194800 1.4206357 1.4198559 1.4201455 1.4198700 1.4195705 1.4196240 1.4186391 1.4200818 1.4190406 1.4178394 1.4230520 1.4208815 1.4211541 1.4214379 1.4214379 1.4211231 1.4226218 1.4202333 1.4197047 1.4197047 1.4188963 1.4172629 1.4211282 1.4209204 2.1185258 2.1181504 
BDBV_H.sap-xx_COD_12_EboBund-122_KC545395                  2.0690149 2.1053609 2.0776698 0.8197225 0.0000000 1.4040487 1.4043265 1.4058612 1.4055460 1.4131188 1.4163967 1.4087534 1.4133223 1.4330820 1.4328472 1.4332988 1.4330742 1.4330716 1.4334938 1.4346709 1.4341740 1.4331011 1.4366379 1.4363652 1.4298006 1.4297941 1.4297941 1.4300052 1.4302513 1.4307705 1.4309674 1.4301754 1.4299418 1.4295189 1.4291537 1.4291537 1.4289294 1.4293648 1.4289570 1.4288275 1.4288275 1.4289426 1.4294315 1.4299386 1.4298414 1.4300573 1.4301087 1.4304531 1.4302880 1.4287184 1.4289294 1.4302494 1.4286033 1.4281672 1.4291092 1.4285599 1.4286248 1.4297561 1.4287577 1.4285074 1.4295224 1.4292895 1.4292895 1.4290566 1.4291611 1.4287886 1.4311581 1.4308347 1.4328517 1.4313672 1.4291145 1.4301964 1.4286962 1.4308936 1.4310259 1.4302560 1.4290031 1.4308835 1.4333365 1.4312485 1.4317894 1.4328904 1.4328904 1.4300597 1.4314220 1.4313558 1.4311686 1.4311686 1.4305305 1.4322325 1.4321528 1.4319124 2.2885223 2.2881250 
EBOV_H.sap-tc_COD_07_1Luebo_KC242786                       1.9100678 1.9287926 1.9049909 1.3935244 1.4040487 0.0000000 0.0000512 0.0003587 0.0005125 0.0230217 0.0240834 0.0228050 0.0190774 0.0331501 0.0326942 0.0326782 0.0327340 0.0322268 0.0327385 0.0322896 0.0323463 0.0330204 0.0330271 0.0327942 0.0328543 0.0325713 0.0325713 0.0326271 0.0326838 0.0326323 0.0328015 0.0327970 0.0326287 0.0326931 0.0325758 0.0325758 0.0325840 0.0326316 0.0326882 0.0328579 0.0328579 0.0326321 0.0327447 0.0326886 0.0326368 0.0328583 0.0330268 0.0329147 0.0327453 0.0328659 0.0328095 0.0326868 0.0328576 0.0329180 0.0328655 0.0328028 0.0328609 0.0329746 0.0329133 0.0328629 0.0328768 0.0328206 0.0328206 0.0328772 0.0329667 0.0330254 0.0329184 0.0330888 0.0330337 0.0329139 0.0329791 0.0330946 0.0329060 0.0332008 0.0330319 0.0328771 0.0333176 0.0331434 0.0334376 0.0331474 0.0329792 0.0330932 0.0330932 0.0333735 0.0330916 0.0331970 0.0334228 0.0334228 0.0333183 0.0332233 0.0332543 0.0332544 2.0068349 2.0071195 
EBOV_H.sap-tc_COD_07_M-M_HQ613403                          1.9104156 1.9291423 1.9047167 1.3932968 1.4043265 0.0000512 0.0000000 0.0003074 0.0004612 0.0229671 0.0240286 0.0227503 0.0190233 0.0330939 0.0326381 0.0326221 0.0326779 0.0321707 0.0326823 0.0322335 0.0322902 0.0329642 0.0329709 0.0327381 0.0327982 0.0325152 0.0325152 0.0325710 0.0326277 0.0325762 0.0327453 0.0327409 0.0325726 0.0326369 0.0325196 0.0325196 0.0325278 0.0325754 0.0326320 0.0328018 0.0328018 0.0325760 0.0326885 0.0326325 0.0325806 0.0328021 0.0329706 0.0328585 0.0326891 0.0328097 0.0327533 0.0326307 0.0328015 0.0328618 0.0328093 0.0327466 0.0328047 0.0329184 0.0328572 0.0328068 0.0328206 0.0327644 0.0327644 0.0328210 0.0329105 0.0329692 0.0328623 0.0330325 0.0329774 0.0328577 0.0329229 0.0330384 0.0328498 0.0331446 0.0329757 0.0328209 0.0332614 0.0330871 0.0333813 0.0330912 0.0329229 0.0330370 0.0330370 0.0333172 0.0330354 0.0331408 0.0333665 0.0333665 0.0332621 0.0331671 0.0331980 0.0331981 2.0065503 2.0068349 
EBOV_H.sap-tc_COD_07_5Luebo_KC242790                       1.9087852 1.9274908 1.9030967 1.3946030 1.4058612 0.0003587 0.0003074 0.0000000 0.0007698 0.0233136 0.0243770 0.0230966 0.0193633 0.0334579 0.0330013 0.0329852 0.0330411 0.0325331 0.0330455 0.0325960 0.0326528 0.0333279 0.0333346 0.0331014 0.0331616 0.0328782 0.0328782 0.0329341 0.0329908 0.0329393 0.0331087 0.0331042 0.0329357 0.0330002 0.0328826 0.0328826 0.0328909 0.0329385 0.0329952 0.0331652 0.0331652 0.0329391 0.0330518 0.0329957 0.0329438 0.0331656 0.0333344 0.0332221 0.0330524 0.0331733 0.0331168 0.0329939 0.0331649 0.0332254 0.0331729 0.0331100 0.0331682 0.0332821 0.0332207 0.0331703 0.0331843 0.0331280 0.0331280 0.0331847 0.0332741 0.0333329 0.0332259 0.0333964 0.0333413 0.0332213 0.0332866 0.0334024 0.0332133 0.0335087 0.0333395 0.0331846 0.0336257 0.0334511 0.0337459 0.0334552 0.0332867 0.0334009 0.0334009 0.0336816 0.0333994 0.0335048 0.0337309 0.0337309 0.0336264 0.0335314 0.0335622 0.0335628 2.0054479 2.0057323 
EBOV_H.sap-tc_COD_08_034-KS_HQ613402                       1.9107581 1.9294836 1.9049388 1.3955886 1.4055460 0.0005125 0.0004612 0.0007698 0.0000000 0.0233530 0.0244159 0.0231361 0.0193529 0.0336055 0.0331490 0.0331328 0.0331887 0.0326808 0.0331932 0.0327438 0.0328005 0.0334755 0.0334822 0.0332490 0.0333092 0.0330258 0.0330258 0.0330817 0.0331385 0.0330870 0.0332563 0.0332519 0.0330833 0.0331479 0.0330303 0.0330303 0.0330387 0.0330862 0.0331429 0.0333129 0.0333129 0.0330868 0.0331995 0.0331434 0.0330915 0.0333133 0.0334820 0.0333697 0.0332001 0.0333210 0.0332645 0.0331415 0.0333126 0.0333731 0.0333205 0.0332577 0.0333159 0.0334297 0.0333683 0.0333180 0.0333320 0.0332757 0.0332757 0.0333324 0.0334217 0.0334805 0.0333735 0.0335441 0.0334889 0.0333689 0.0334343 0.0335500 0.0333609 0.0336563 0.0334871 0.0333323 0.0337732 0.0335987 0.0338935 0.0336028 0.0334344 0.0335485 0.0335485 0.0338292 0.0335470 0.0336524 0.0338785 0.0338785 0.0337740 0.0336791 0.0337097 0.0337106 2.0067805 2.0070651 
EBOV_H.sap-xx_COD_14_Lomela-Lokolia16_KP271018             1.9308870 1.9482694 1.9256793 1.4030359 1.4131188 0.0230217 0.0229671 0.0233136 0.0233530 0.0000000 0.0014373 0.0096141 0.0128725 0.0369860 0.0365248 0.0365070 0.0365634 0.0360507 0.0365683 0.0361149 0.0361722 0.0368533 0.0366951 0.0365190 0.0366858 0.0363996 0.0363996 0.0364560 0.0365133 0.0364618 0.0366327 0.0366278 0.0364578 0.0365237 0.0364046 0.0364046 0.0364137 0.0364610 0.0365182 0.0366898 0.0366898 0.0364616 0.0365753 0.0365187 0.0365203 0.0366902 0.0367470 0.0366338 0.0364627 0.0366986 0.0366416 0.0365871 0.0366895 0.0366897 0.0368140 0.0366343 0.0366931 0.0368686 0.0366935 0.0366954 0.0367644 0.0367076 0.0367076 0.0367648 0.0367993 0.0367455 0.0367514 0.0369237 0.0368682 0.0367464 0.0368132 0.0369303 0.0366853 0.0369233 0.0368662 0.0367684 0.0372016 0.0369787 0.0372773 0.0369832 0.0368133 0.0369287 0.0369287 0.0372117 0.0369269 0.0370326 0.0372608 0.0372608 0.0369289 0.0370619 0.0372047 0.0369833 2.0243977 2.0246841 
EBOV_H.sap-xx_COD_14_Lomela-Lokolia17_KP271019             1.9348779 1.9533756 1.9292815 1.4049839 1.4163967 0.0240834 0.0240286 0.0243770 0.0244159 0.0014373 0.0000000 0.0106735 0.0139456 0.0379814 0.0375186 0.0375004 0.0375569 0.0370426 0.0375619 0.0371072 0.0371647 0.0378478 0.0376895 0.0375127 0.0376799 0.0373928 0.0373928 0.0374493 0.0375068 0.0374553 0.0376268 0.0376217 0.0374512 0.0375175 0.0373979 0.0373979 0.0374072 0.0374544 0.0375118 0.0376840 0.0376840 0.0374551 0.0375691 0.0375124 0.0375140 0.0376845 0.0377414 0.0376279 0.0374562 0.0376930 0.0376358 0.0375812 0.0376837 0.0376839 0.0378088 0.0376283 0.0376874 0.0378635 0.0376878 0.0376898 0.0377592 0.0377022 0.0377022 0.0377597 0.0377938 0.0377398 0.0377459 0.0379188 0.0378631 0.0377407 0.0378080 0.0378639 0.0376794 0.0379184 0.0378611 0.0377634 0.0381973 0.0379739 0.0382738 0.0379786 0.0378081 0.0379239 0.0379239 0.0382077 0.0379221 0.0380279 0.0382567 0.0382567 0.0379241 0.0379963 0.0382005 0.0379800 2.0242275 2.0245138 
EBOV_H.sap-tc_COD_95_Kikwit-9510621_KR867676               1.9258534 1.9452004 1.9210830 1.4010504 1.4087534 0.0228050 0.0227503 0.0230966 0.0231361 0.0096141 0.0106735 0.0000000 0.0123451 0.0366355 0.0362887 0.0361578 0.0362141 0.0358150 0.0363322 0.0358792 0.0359364 0.0366170 0.0364589 0.0362829 0.0364496 0.0361637 0.0361637 0.0362200 0.0362773 0.0362258 0.0363966 0.0363917 0.0362218 0.0362876 0.0361686 0.0361686 0.0361776 0.0362249 0.0361683 0.0363397 0.0363397 0.0362256 0.0363392 0.0362826 0.0362842 0.0364540 0.0365108 0.0363976 0.0362266 0.0364623 0.0364054 0.0363509 0.0364011 0.0364013 0.0365776 0.0363981 0.0364569 0.0366322 0.0364573 0.0364592 0.0365280 0.0364712 0.0364712 0.0365285 0.0365631 0.0365086 0.0365151 0.0366873 0.0366318 0.0365101 0.0365768 0.0366416 0.0364491 0.0366869 0.0366298 0.0365320 0.0367988 0.0367422 0.0370406 0.0367467 0.0365769 0.0366922 0.0366922 0.0368616 0.0366905 0.0367961 0.0369719 0.0369719 0.0366925 0.0368252 0.0369680 0.0366891 2.0257169 2.0260026 
EBOV_H.sap-tc_COD_77_Bonduni_KC242791                      1.9207132 1.9367459 1.9167658 1.4045513 1.4133223 0.0190774 0.0190233 0.0193633 0.0193529 0.0128725 0.0139456 0.0123451 0.0000000 0.0334321 0.0329759 0.0329597 0.0330156 0.0325079 0.0330200 0.0325708 0.0326276 0.0333022 0.0332568 0.0329705 0.0331360 0.0328528 0.0328528 0.0329086 0.0329654 0.0329139 0.0330831 0.0330787 0.0329102 0.0329747 0.0328573 0.0328573 0.0328656 0.0329131 0.0329698 0.0331397 0.0331397 0.0329137 0.0330263 0.0329702 0.0329716 0.0331400 0.0331963 0.0330841 0.0329146 0.0331477 0.0330912 0.0330370 0.0330873 0.0330874 0.0332616 0.0330845 0.0331427 0.0333160 0.0331430 0.0331447 0.0332120 0.0331557 0.0331557 0.0332124 0.0332485 0.0333072 0.0332002 0.0333707 0.0333156 0.0331957 0.0332610 0.0333245 0.0331356 0.0333704 0.0332008 0.0332155 0.0335945 0.0334253 0.0337199 0.0334294 0.0332610 0.0333752 0.0333752 0.0336556 0.0333736 0.0334790 0.0336528 0.0336528 0.0334880 0.0335055 0.0336493 0.0334242 2.0170575 2.0173428 
EBOV_H.sap-wt_GIN_14_Makona-Gueckedou-EM_080076_KR817235   1.9477932 1.9703905 1.9470831 1.4197438 1.4330820 0.0331501 0.0330939 0.0334579 0.0336055 0.0369860 0.0379814 0.0366355 0.0334321 0.0000000 0.0011806 0.0013349 0.0013863 0.0009236 0.0013865 0.0012837 0.0013352 0.0014376 0.0019533 0.0017468 0.0015925 0.0013352 0.0013352 0.0013866 0.0014381 0.0014381 0.0015926 0.0015410 0.0011809 0.0015414 0.0014383 0.0014383 0.0014387 0.0014897 0.0015412 0.0016957 0.0016957 0.0015927 0.0015927 0.0015412 0.0015413 0.0016441 0.0018502 0.0017472 0.0015927 0.0016962 0.0016447 0.0015932 0.0016957 0.0017474 0.0017992 0.0016443 0.0016959 0.0018506 0.0017472 0.0016960 0.0018511 0.0017996 0.0017996 0.0018512 0.0016955 0.0018502 0.0016958 0.0018503 0.0017989 0.0016955 0.0017992 0.0019024 0.0016442 0.0020564 0.0017988 0.0016451 0.0021594 0.0019535 0.0021089 0.0018506 0.0016961 0.0017992 0.0017992 0.0020568 0.0017991 0.0019018 0.0022111 0.0022111 0.0021086 0.0020065 0.0020051 0.0019565 2.0338349 2.0341209 
EBOV_H.sap-wt_GIN_14_Makona-Gueckedou-EM_079702_KR817210   1.9462101 1.9687861 1.9452508 1.4210142 1.4328472 0.0326942 0.0326381 0.0330013 0.0331490 0.0365248 0.0375186 0.0362887 0.0329759 0.0011806 0.0000000 0.0009737 0.0010260 0.0005636 0.0010261 0.0009234 0.0009748 0.0010763 0.0015920 0.0013859 0.0013346 0.0010776 0.0010776 0.0011289 0.0011804 0.0011804 0.0013347 0.0012832 0.0009234 0.0012835 0.0011805 0.0011805 0.0011809 0.0012319 0.0012833 0.0014377 0.0014377 0.0013348 0.0013348 0.0012834 0.0012834 0.0013861 0.0015920 0.0014891 0.0013348 0.0014381 0.0013866 0.0013352 0.0014377 0.0014893 0.0015410 0.0013863 0.0014378 0.0015924 0.0014891 0.0014379 0.0015928 0.0015413 0.0015413 0.0015928 0.0014375 0.0015920 0.0014377 0.0015921 0.0015407 0.0014375 0.0015409 0.0016440 0.0014375 0.0017980 0.0015406 0.0013870 0.0019009 0.0016951 0.0018503 0.0015924 0.0014380 0.0015410 0.0015410 0.0017983 0.0014379 0.0016435 0.0019525 0.0019525 0.0018500 0.0017479 0.0017980 0.0017494 2.0313933 2.0316793 
EBOV_H.sap-tc_GIN_14_Makona-Gueckedou-C07_KP096421         1.9468486 1.9693588 1.9450146 1.4199199 1.4332988 0.0326782 0.0326221 0.0329852 0.0331328 0.0365070 0.0375004 0.0361578 0.0329597 0.0013349 0.0009737 0.0000000 0.0000512 0.0005123 0.0009737 0.0008711 0.0009224 0.0012314 0.0015402 0.0013342 0.0012830 0.0010250 0.0010250 0.0010773 0.0011287 0.0011288 0.0012830 0.0012315 0.0008711 0.0012318 0.0011289 0.0011289 0.0011292 0.0011803 0.0012317 0.0013859 0.0013859 0.0012831 0.0012831 0.0012317 0.0012317 0.0013344 0.0015402 0.0014374 0.0012831 0.0013863 0.0013349 0.0012835 0.0013859 0.0014375 0.0014892 0.0013346 0.0013861 0.0015406 0.0014373 0.0013861 0.0015410 0.0014895 0.0014895 0.0015410 0.0013858 0.0015402 0.0013860 0.0015403 0.0014889 0.0013858 0.0014892 0.0015922 0.0013858 0.0017461 0.0014888 0.0013353 0.0018490 0.0016433 0.0017984 0.0015406 0.0013863 0.0014892 0.0014892 0.0017465 0.0014891 0.0015917 0.0019006 0.0019006 0.0017981 0.0016960 0.0017462 0.0016974 2.0305587 2.0308446 
EBOV_H.sap-wt_GIN_14_Makona-Gueckedou-C07_KT013256         1.9468780 1.9693879 1.9450440 1.4199557 1.4330742 0.0327340 0.0326779 0.0330411 0.0331887 0.0365634 0.0375569 0.0362141 0.0330156 0.0013863 0.0010260 0.0000512 0.0000000 0.0005636 0.0010250 0.0009224 0.0009737 0.0012828 0.0015917 0.0013856 0.0013343 0.0010773 0.0010773 0.0011287 0.0011801 0.0011801 0.0013344 0.0012829 0.0009224 0.0012832 0.0011803 0.0011803 0.0011806 0.0012316 0.0012831 0.0014373 0.0014373 0.0013345 0.0013345 0.0012831 0.0012831 0.0013858 0.0015917 0.0014888 0.0013345 0.0014377 0.0013863 0.0013349 0.0014373 0.0014889 0.0015406 0.0013860 0.0014375 0.0015920 0.0014887 0.0014376 0.0015924 0.0015410 0.0015410 0.0015925 0.0014372 0.0015916 0.0014374 0.0015918 0.0015404 0.0014372 0.0015406 0.0016437 0.0014372 0.0017975 0.0015403 0.0013867 0.0019005 0.0016947 0.0018499 0.0015920 0.0014377 0.0015406 0.0015406 0.0017979 0.0015406 0.0016432 0.0019521 0.0019521 0.0018496 0.0017475 0.0017976 0.0017490 2.0303017 2.0305877 
EBOV_H.sap-wt_GIN_14_Makona-Macenta-EM_079422_KR817187     1.9471639 1.9697541 1.9458272 1.4198106 1.4330716 0.0322268 0.0321707 0.0325331 0.0326808 0.0360507 0.0370426 0.0358150 0.0325079 0.0009236 0.0005636 0.0005123 0.0005636 0.0000000 0.0004611 0.0004611 0.0005123 0.0008199 0.0011288 0.0009224 0.0008711 0.0006148 0.0006148 0.0006661 0.0007173 0.0007173 0.0008711 0.0008199 0.0004611 0.0008199 0.0007173 0.0007173 0.0007173 0.0007686 0.0008199 0.0009747 0.0009747 0.0008711 0.0008711 0.0008199 0.0008199 0.0009224 0.0011288 0.0010261 0.0008711 0.0009750 0.0009236 0.0008723 0.0009747 0.0010262 0.0010777 0.0009224 0.0009748 0.0011291 0.0010261 0.0009749 0.0011294 0.0010780 0.0010780 0.0011294 0.0009737 0.0011288 0.0009747 0.0011289 0.0010776 0.0009737 0.0010777 0.0011806 0.0009737 0.0013345 0.0010775 0.0009231 0.0014373 0.0012318 0.0013865 0.0011291 0.0009750 0.0010778 0.0010778 0.0013348 0.0010777 0.0011803 0.0014888 0.0014888 0.0013863 0.0012841 0.0013345 0.0012852 2.0303381 2.0306239 
EBOV_H.sap-wt_GIN_14_Makona-Macenta-EM_079424_KR817189     1.9478717 1.9704859 1.9465321 1.4211354 1.4334938 0.0327385 0.0326823 0.0330455 0.0331932 0.0365683 0.0375619 0.0363322 0.0330200 0.0013865 0.0010261 0.0009737 0.0010250 0.0004611 0.0000000 0.0009224 0.0009747 0.0012830 0.0015919 0.0013858 0.0013345 0.0010775 0.0010775 0.0011288 0.0011803 0.0011803 0.0013345 0.0012831 0.0009224 0.0012834 0.0011804 0.0011804 0.0011808 0.0012318 0.0012832 0.0014375 0.0014375 0.0013346 0.0013347 0.0012832 0.0012833 0.0013860 0.0015919 0.0014890 0.0013347 0.0014379 0.0013865 0.0013351 0.0014375 0.0014891 0.0015408 0.0013861 0.0014377 0.0015922 0.0014889 0.0014377 0.0015927 0.0015412 0.0015412 0.0015927 0.0014374 0.0015918 0.0014376 0.0015920 0.0015406 0.0014374 0.0015408 0.0016439 0.0014374 0.0017978 0.0015405 0.0013869 0.0019007 0.0016950 0.0018501 0.0015922 0.0014379 0.0015408 0.0015408 0.0017982 0.0015408 0.0016434 0.0018493 0.0018493 0.0018498 0.0017477 0.0017979 0.0017492 2.0318622 2.0321482 
EBOV_H.sap-tc_GIN_14_Makona-Gueckedou-C05_KP096420         1.9476720 1.9696803 1.9461242 1.4218024 1.4346709 0.0322896 0.0322335 0.0325960 0.0327438 0.0361149 0.0371072 0.0358792 0.0325708 0.0012837 0.0009234 0.0008711 0.0009224 0.0004611 0.0009224 0.0000000 0.0000512 0.0011802 0.0014890 0.0012830 0.0012318 0.0009748 0.0009748 0.0010261 0.0010775 0.0010776 0.0012318 0.0011803 0.0008199 0.0011806 0.0010777 0.0010777 0.0010780 0.0011291 0.0011805 0.0013347 0.0013347 0.0012319 0.0012319 0.0011805 0.0011805 0.0012832 0.0014890 0.0013862 0.0012319 0.0013351 0.0012837 0.0012323 0.0013347 0.0013863 0.0014380 0.0012834 0.0013349 0.0014894 0.0013861 0.0013349 0.0014898 0.0014383 0.0014383 0.0014898 0.0013346 0.0014890 0.0013348 0.0014891 0.0014377 0.0013346 0.0014379 0.0015410 0.0013346 0.0016949 0.0014376 0.0012840 0.0017978 0.0015921 0.0017472 0.0014894 0.0013351 0.0014380 0.0014380 0.0016953 0.0014379 0.0015405 0.0018494 0.0018494 0.0017469 0.0016448 0.0016950 0.0016462 2.0311770 2.0314629 
EBOV_H.sap-wt_GIN_14_Makona-Kissidougou-C15_KT013254       1.9484889 1.9705088 1.9469385 1.4223461 1.4341740 0.0323463 0.0322902 0.0326528 0.0328005 0.0361722 0.0371647 0.0359364 0.0326276 0.0013352 0.0009748 0.0009224 0.0009737 0.0005123 0.0009747 0.0000512 0.0000000 0.0012316 0.0015405 0.0013344 0.0012832 0.0010262 0.0010262 0.0010775 0.0011289 0.0011290 0.0012832 0.0012317 0.0008711 0.0012321 0.0011291 0.0011291 0.0011294 0.0011805 0.0012319 0.0013862 0.0013862 0.0012833 0.0012833 0.0012319 0.0012319 0.0013346 0.0015405 0.0014376 0.0012833 0.0013866 0.0013351 0.0012837 0.0013862 0.0014378 0.0014894 0.0013348 0.0013863 0.0015408 0.0014376 0.0013864 0.0015413 0.0014898 0.0014898 0.0015413 0.0013860 0.0015404 0.0013862 0.0015406 0.0014892 0.0013860 0.0014894 0.0015925 0.0013861 0.0017464 0.0014891 0.0013355 0.0018493 0.0016436 0.0017987 0.0015408 0.0013865 0.0014895 0.0014895 0.0017468 0.0014894 0.0015920 0.0019009 0.0019009 0.0017984 0.0016963 0.0017465 0.0016977 2.0303354 2.0306213 
EBOV_H.sap-wt_GIN_14_Makona-Gueckedou-EM_079587_KR817202   1.9432304 1.9657729 1.9424028 1.4200823 1.4331011 0.0330204 0.0329642 0.0333279 0.0334755 0.0368533 0.0378478 0.0366170 0.0333022 0.0014376 0.0010763 0.0012314 0.0012828 0.0008199 0.0012830 0.0011802 0.0012316 0.0000000 0.0018493 0.0016430 0.0015917 0.0013345 0.0013345 0.0013859 0.0014373 0.0014374 0.0015917 0.0015402 0.0011803 0.0015406 0.0014375 0.0014375 0.0014379 0.0014889 0.0015404 0.0016948 0.0016948 0.0015919 0.0015919 0.0015404 0.0015405 0.0016432 0.0018493 0.0017463 0.0015919 0.0016953 0.0016438 0.0015924 0.0016948 0.0017465 0.0017982 0.0016434 0.0016950 0.0018497 0.0017463 0.0016951 0.0018502 0.0017987 0.0017987 0.0018502 0.0016946 0.0018492 0.0016949 0.0018494 0.0017979 0.0016946 0.0017982 0.0019014 0.0016947 0.0020553 0.0017978 0.0016443 0.0021583 0.0019525 0.0021078 0.0018497 0.0016952 0.0017983 0.0017983 0.0020558 0.0017982 0.0019008 0.0022100 0.0022100 0.0021075 0.0020054 0.0020554 0.0020071 2.0322303 2.0325164 
EBOV_H.sap-wt_GIN_14_Makona-Gueckedou-EM_079750_KR817213   1.9448421 1.9674072 1.9437210 1.4193516 1.4366379 0.0330271 0.0329709 0.0333346 0.0334822 0.0366951 0.0376895 0.0364589 0.0332568 0.0019533 0.0015920 0.0015402 0.0015917 0.0011288 0.0015919 0.0014890 0.0015405 0.0018493 0.0000000 0.0005123 0.0019010 0.0016435 0.0016435 0.0016949 0.0017464 0.0017465 0.0019010 0.0018494 0.0014891 0.0018499 0.0017466 0.0017466 0.0017471 0.0017981 0.0018496 0.0020042 0.0020042 0.0019011 0.0019011 0.0018496 0.0018497 0.0019525 0.0021588 0.0020558 0.0019012 0.0020048 0.0019532 0.0019018 0.0020042 0.0020560 0.0021078 0.0019528 0.0020044 0.0021593 0.0020557 0.0020045 0.0021599 0.0021083 0.0021083 0.0021599 0.0020040 0.0021587 0.0020043 0.0021589 0.0021075 0.0020040 0.0021078 0.0022111 0.0020040 0.0023651 0.0021073 0.0019538 0.0024682 0.0022621 0.0024177 0.0021593 0.0020047 0.0021078 0.0021078 0.0023656 0.0021078 0.0022104 0.0025199 0.0025199 0.0024174 0.0023154 0.0023652 0.0023173 2.0272849 2.0275705 
EBOV_H.sap-wt_GIN_14_Makona-Gueckedou-EM_079910_KR817221   1.9489673 1.9715811 1.9478351 1.4190564 1.4363652 0.0327942 0.0327381 0.0331014 0.0332490 0.0365190 0.0375127 0.0362829 0.0329705 0.0017468 0.0013859 0.0013342 0.0013856 0.0009224 0.0013858 0.0012830 0.0013344 0.0016430 0.0005123 0.0000000 0.0016946 0.0014373 0.0014373 0.0014887 0.0015402 0.0015402 0.0016946 0.0016431 0.0012830 0.0016435 0.0015404 0.0015404 0.0015408 0.0015918 0.0016433 0.0017978 0.0017978 0.0016948 0.0016948 0.0016433 0.0016434 0.0017461 0.0019522 0.0018493 0.0016948 0.0017983 0.0017467 0.0016954 0.0017977 0.0018495 0.0019012 0.0017463 0.0017979 0.0019527 0.0018492 0.0017980 0.0019532 0.0019017 0.0019017 0.0019532 0.0017975 0.0019522 0.0017978 0.0019523 0.0019009 0.0017975 0.0019012 0.0020044 0.0017976 0.0021583 0.0019008 0.0017472 0.0022614 0.0020555 0.0022109 0.0019527 0.0017982 0.0019013 0.0019013 0.0021588 0.0019012 0.0020038 0.0023130 0.0023130 0.0022105 0.0021085 0.0021584 0.0021103 2.0295138 2.0297996 
EBOV_H.sap-wt_LBR_14_Makona-LIBR0430_KR006955              1.9465699 1.9691561 1.9451627 1.4197463 1.4298006 0.0328543 0.0327982 0.0331616 0.0333092 0.0366858 0.0376799 0.0364496 0.0331360 0.0015925 0.0013346 0.0012830 0.0013343 0.0008711 0.0013345 0.0012318 0.0012832 0.0015917 0.0019010 0.0016946 0.0000000 0.0002561 0.0002561 0.0003073 0.0003586 0.0003586 0.0005123 0.0004611 0.0004098 0.0004611 0.0003586 0.0003586 0.0004098 0.0004098 0.0004611 0.0006148 0.0006148 0.0005123 0.0005123 0.0004611 0.0004611 0.0005636 0.0007686 0.0006661 0.0005123 0.0006661 0.0006148 0.0005123 0.0006148 0.0006661 0.0007173 0.0005636 0.0006148 0.0007686 0.0006661 0.0006148 0.0007686 0.0007173 0.0007173 0.0007686 0.0006148 0.0007686 0.0006148 0.0007686 0.0007173 0.0006148 0.0007173 0.0008199 0.0006148 0.0009737 0.0007173 0.0005640 0.0010773 0.0008711 0.0010264 0.0007686 0.0006148 0.0007173 0.0007173 0.0009748 0.0007173 0.0008199 0.0011287 0.0011287 0.0010262 0.0009240 0.0009737 0.0009238 2.0320553 2.0323413 
EBOV_H.sap-wt_SLE_14_Makona-G3734.1_KM233055               1.9460325 1.9686115 1.9446268 1.4194827 1.4297941 0.0325713 0.0325152 0.0328782 0.0330258 0.0363996 0.0373928 0.0361637 0.0328528 0.0013352 0.0010776 0.0010250 0.0010773 0.0006148 0.0010775 0.0009748 0.0010262 0.0013345 0.0016435 0.0014373 0.0002561 0.0000000 0.0000010 0.0000512 0.0001024 0.0001024 0.0002561 0.0002049 0.0001537 0.0002049 0.0001024 0.0001024 0.0001537 0.0001537 0.0002049 0.0003586 0.0003586 0.0002561 0.0002561 0.0002049 0.0002049 0.0003073 0.0005123 0.0004098 0.0002561 0.0004098 0.0003586 0.0002561 0.0003586 0.0004098 0.0004611 0.0003073 0.0003586 0.0005123 0.0004098 0.0003586 0.0005123 0.0004611 0.0004611 0.0005123 0.0003586 0.0005123 0.0003586 0.0005123 0.0004611 0.0003586 0.0004611 0.0005636 0.0003586 0.0007173 0.0004611 0.0003076 0.0008199 0.0006148 0.0007686 0.0005123 0.0003586 0.0004611 0.0004611 0.0007173 0.0004611 0.0005636 0.0008711 0.0008711 0.0007686 0.0006661 0.0007173 0.0006671 2.0303581 2.0306439 
EBOV_H.sap-wt_SLE_14_Makona-G3677.2_KM034557               1.9460325 1.9686115 1.9446268 1.4194827 1.4297941 0.0325713 0.0325152 0.0328782 0.0330258 0.0363996 0.0373928 0.0361637 0.0328528 0.0013352 0.0010776 0.0010250 0.0010773 0.0006148 0.0010775 0.0009748 0.0010262 0.0013345 0.0016435 0.0014373 0.0002561 0.0000010 0.0000000 0.0000512 0.0001024 0.0001024 0.0002561 0.0002049 0.0001537 0.0002049 0.0001024 0.0001024 0.0001537 0.0001537 0.0002049 0.0003586 0.0003586 0.0002561 0.0002561 0.0002049 0.0002049 0.0003073 0.0005123 0.0004098 0.0002561 0.0004098 0.0003586 0.0002561 0.0003586 0.0004098 0.0004611 0.0003073 0.0003586 0.0005123 0.0004098 0.0003586 0.0005123 0.0004611 0.0004611 0.0005123 0.0003586 0.0005123 0.0003586 0.0005123 0.0004611 0.0003586 0.0004611 0.0005636 0.0003586 0.0007173 0.0004611 0.0003076 0.0008199 0.0006148 0.0007686 0.0005123 0.0003586 0.0004611 0.0004611 0.0007173 0.0004611 0.0005636 0.0008711 0.0008711 0.0007686 0.0006661 0.0007173 0.0006671 2.0303581 2.0306439 
EBOV_H.sap-wt_SLE_14_Makona-G3788_KM233075                 1.9458520 1.9684290 1.9444468 1.4192611 1.4300052 0.0326271 0.0325710 0.0329341 0.0330817 0.0364560 0.0374493 0.0362200 0.0329086 0.0013866 0.0011289 0.0010773 0.0011287 0.0006661 0.0011288 0.0010261 0.0010775 0.0013859 0.0016949 0.0014887 0.0003073 0.0000512 0.0000512 0.0000000 0.0001537 0.0001537 0.0003073 0.0002561 0.0002049 0.0002561 0.0001537 0.0001537 0.0002049 0.0002049 0.0002561 0.0004098 0.0004098 0.0003073 0.0003073 0.0002561 0.0002561 0.0003586 0.0005636 0.0004611 0.0003073 0.0004611 0.0004098 0.0003073 0.0004098 0.0004611 0.0005123 0.0003586 0.0004098 0.0005636 0.0004611 0.0004098 0.0005636 0.0005123 0.0005123 0.0005636 0.0004098 0.0005636 0.0004098 0.0005636 0.0005123 0.0004098 0.0005123 0.0006148 0.0004098 0.0007686 0.0005123 0.0003588 0.0008711 0.0006661 0.0008199 0.0005636 0.0004098 0.0005123 0.0005123 0.0007686 0.0005123 0.0006148 0.0009224 0.0009224 0.0008199 0.0007184 0.0007686 0.0007184 2.0306114 2.0308973 
EBOV_H.sap-wt_SLE_14_Makona-G3799_KM233080                 1.9464908 1.9690732 1.9450840 1.4197105 1.4302513 0.0326838 0.0326277 0.0329908 0.0331385 0.0365133 0.0375068 0.0362773 0.0329654 0.0014381 0.0011804 0.0011287 0.0011801 0.0007173 0.0011803 0.0010775 0.0011289 0.0014373 0.0017464 0.0015402 0.0003586 0.0001024 0.0001024 0.0001537 0.0000000 0.0002049 0.0003586 0.0003073 0.0002561 0.0003073 0.0002049 0.0002049 0.0002561 0.0002561 0.0003073 0.0004611 0.0004611 0.0003586 0.0003586 0.0003073 0.0003073 0.0004098 0.0006148 0.0005123 0.0003586 0.0005123 0.0004611 0.0003586 0.0004611 0.0005123 0.0005636 0.0004098 0.0004611 0.0006148 0.0005123 0.0004611 0.0006148 0.0005636 0.0005636 0.0006148 0.0004611 0.0006148 0.0004611 0.0006148 0.0005636 0.0004611 0.0005636 0.0006661 0.0004611 0.0008199 0.0005636 0.0004101 0.0009224 0.0007173 0.0008722 0.0006148 0.0004611 0.0005636 0.0005636 0.0008199 0.0005636 0.0006661 0.0009737 0.0009737 0.0008711 0.0007698 0.0008199 0.0007698 2.0309007 2.0311865 
EBOV_H.sap-wt_LBR_14_Makona-EM_080065_KR817232             1.9448457 1.9689880 1.9434433 1.4190130 1.4307705 0.0326323 0.0325762 0.0329393 0.0330870 0.0364618 0.0374553 0.0362258 0.0329139 0.0014381 0.0011804 0.0011288 0.0011801 0.0007173 0.0011803 0.0010776 0.0011290 0.0014374 0.0017465 0.0015402 0.0003586 0.0001024 0.0001024 0.0001537 0.0002049 0.0000000 0.0001537 0.0003073 0.0002561 0.0003073 0.0002049 0.0002049 0.0002561 0.0002561 0.0003073 0.0004611 0.0004611 0.0003586 0.0003586 0.0003073 0.0003073 0.0002049 0.0006148 0.0005123 0.0003586 0.0005123 0.0004611 0.0003586 0.0004611 0.0005123 0.0005636 0.0004098 0.0004611 0.0006148 0.0005123 0.0004611 0.0006148 0.0005636 0.0005636 0.0006148 0.0004611 0.0006148 0.0002561 0.0004098 0.0003586 0.0002561 0.0005636 0.0006661 0.0004611 0.0008199 0.0003586 0.0004101 0.0008711 0.0007173 0.0008723 0.0006148 0.0004611 0.0005636 0.0005636 0.0008199 0.0005636 0.0006661 0.0009737 0.0009737 0.0008711 0.0007698 0.0008199 0.0007698 2.0290969 2.0293826 
EBOV_H.sap-wt_GIN_14_Makona-Macenta-EM_076322_KR817145     1.9444644 1.9686041 1.9430629 1.4190344 1.4309674 0.0328015 0.0327453 0.0331087 0.0332563 0.0366327 0.0376268 0.0363966 0.0330831 0.0015926 0.0013347 0.0012830 0.0013344 0.0008711 0.0013345 0.0012318 0.0012832 0.0015917 0.0019010 0.0016946 0.0005123 0.0002561 0.0002561 0.0003073 0.0003586 0.0001537 0.0000000 0.0004611 0.0004098 0.0004611 0.0003586 0.0003586 0.0004098 0.0004098 0.0004611 0.0006148 0.0006148 0.0005123 0.0005123 0.0004611 0.0004611 0.0003586 0.0007686 0.0006661 0.0005123 0.0006661 0.0006148 0.0005123 0.0006148 0.0006661 0.0007173 0.0005636 0.0006148 0.0007686 0.0006661 0.0006148 0.0007686 0.0007173 0.0007173 0.0007686 0.0006148 0.0007686 0.0004098 0.0005636 0.0005123 0.0004098 0.0007173 0.0008199 0.0006148 0.0009737 0.0005123 0.0005640 0.0010262 0.0008711 0.0010264 0.0007686 0.0006148 0.0007173 0.0007173 0.0009748 0.0007173 0.0008199 0.0011287 0.0011287 0.0010262 0.0009240 0.0009737 0.0009238 2.0289888 2.0292745 
EBOV_H.sap-wt_LBR_15_Makona-Liberia-DQE4_KR074998          1.9459779 1.9685562 1.9445723 1.4201157 1.4301754 0.0327970 0.0327409 0.0331042 0.0332519 0.0366278 0.0376217 0.0363917 0.0330787 0.0015410 0.0012832 0.0012315 0.0012829 0.0008199 0.0012831 0.0011803 0.0012317 0.0015402 0.0018494 0.0016431 0.0004611 0.0002049 0.0002049 0.0002561 0.0003073 0.0003073 0.0004611 0.0000000 0.0003586 0.0004098 0.0003073 0.0003073 0.0003586 0.0003586 0.0004098 0.0005636 0.0005636 0.0004611 0.0004611 0.0004098 0.0004098 0.0005123 0.0007173 0.0006148 0.0004611 0.0006148 0.0005636 0.0004611 0.0005636 0.0006148 0.0006661 0.0005123 0.0005636 0.0007173 0.0006148 0.0005636 0.0007173 0.0006661 0.0006661 0.0007173 0.0005636 0.0007173 0.0005636 0.0007173 0.0006661 0.0005636 0.0006661 0.0007686 0.0005636 0.0009224 0.0006661 0.0005127 0.0010250 0.0008199 0.0009750 0.0007173 0.0005636 0.0006661 0.0006661 0.0009224 0.0006661 0.0007686 0.0010773 0.0010773 0.0009748 0.0008726 0.0009224 0.0008725 2.0304517 2.0307375 
EBOV_H.sap-wt_SLE_14_Makona-G3676.1_KM034554               1.9452170 1.9677841 1.9438136 1.4200559 1.4299418 0.0326287 0.0325726 0.0329357 0.0330833 0.0364578 0.0374512 0.0362218 0.0329102 0.0011809 0.0009234 0.0008711 0.0009224 0.0004611 0.0009224 0.0008199 0.0008711 0.0011803 0.0014891 0.0012830 0.0004098 0.0001537 0.0001537 0.0002049 0.0002561 0.0002561 0.0004098 0.0003586 0.0000000 0.0003586 0.0002561 0.0002561 0.0003073 0.0003073 0.0003586 0.0005123 0.0005123 0.0004098 0.0004098 0.0003586 0.0003586 0.0004611 0.0006661 0.0005636 0.0004098 0.0005636 0.0005123 0.0004098 0.0005123 0.0005636 0.0006148 0.0004611 0.0005123 0.0006661 0.0005636 0.0005123 0.0006661 0.0006148 0.0006148 0.0006661 0.0005123 0.0006661 0.0005123 0.0006661 0.0006148 0.0005123 0.0006148 0.0007173 0.0005123 0.0008711 0.0006148 0.0004614 0.0009737 0.0007686 0.0009236 0.0006661 0.0005123 0.0006148 0.0006148 0.0008711 0.0006148 0.0007173 0.0010250 0.0010250 0.0009235 0.0008212 0.0008711 0.0008211 2.0293057 2.0295914 
EBOV_H.sap-wt_SLE_14_Makona-Kenema-G4702_1_KR105265        1.9456522 1.9682297 1.9442474 1.4178424 1.4295189 0.0326931 0.0326369 0.0330002 0.0331479 0.0365237 0.0375175 0.0362876 0.0329747 0.0015414 0.0012835 0.0012318 0.0012832 0.0008199 0.0012834 0.0011806 0.0012321 0.0015406 0.0018499 0.0016435 0.0004611 0.0002049 0.0002049 0.0002561 0.0003073 0.0003073 0.0004611 0.0004098 0.0003586 0.0000000 0.0001024 0.0001024 0.0001537 0.0001537 0.0002049 0.0003586 0.0003586 0.0002561 0.0002561 0.0002049 0.0002049 0.0005123 0.0005123 0.0004098 0.0002561 0.0004098 0.0003586 0.0002561 0.0003586 0.0004098 0.0004611 0.0003073 0.0003586 0.0005123 0.0004098 0.0003586 0.0003073 0.0002561 0.0002561 0.0003073 0.0005636 0.0005123 0.0005636 0.0007173 0.0006661 0.0005636 0.0004611 0.0005636 0.0005636 0.0007173 0.0006661 0.0005127 0.0008199 0.0006148 0.0009752 0.0007173 0.0005636 0.0006661 0.0006661 0.0009236 0.0006661 0.0007686 0.0008711 0.0008711 0.0007686 0.0004611 0.0009235 0.0006671 2.0314714 2.0317575 
EBOV_H.sap-wt_SLE_14_Makona-G3789.1_KM233076               1.9450272 1.9675923 1.9436243 1.4185117 1.4291537 0.0325758 0.0325196 0.0328826 0.0330303 0.0364046 0.0373979 0.0361686 0.0328573 0.0014383 0.0011805 0.0011289 0.0011803 0.0007173 0.0011804 0.0010777 0.0011291 0.0014375 0.0017466 0.0015404 0.0003586 0.0001024 0.0001024 0.0001537 0.0002049 0.0002049 0.0003586 0.0003073 0.0002561 0.0001024 0.0000000 0.0000010 0.0000512 0.0000512 0.0001024 0.0002561 0.0002561 0.0001537 0.0001537 0.0001024 0.0001024 0.0004098 0.0004098 0.0003073 0.0001537 0.0003073 0.0002561 0.0001537 0.0002561 0.0003073 0.0003586 0.0002049 0.0002561 0.0004098 0.0003073 0.0002561 0.0004098 0.0003586 0.0003586 0.0004098 0.0004611 0.0004098 0.0004611 0.0006148 0.0005636 0.0004611 0.0003586 0.0004611 0.0004611 0.0006148 0.0005636 0.0004101 0.0007173 0.0005123 0.0008723 0.0006148 0.0004611 0.0005636 0.0005636 0.0008199 0.0005636 0.0006661 0.0007686 0.0007686 0.0006661 0.0005636 0.0008199 0.0005644 2.0311846 2.0314705 
EBOV_H.sap-wt_SLE_14_Makona-G3735.2_KM233057               1.9450272 1.9675923 1.9436243 1.4185117 1.4291537 0.0325758 0.0325196 0.0328826 0.0330303 0.0364046 0.0373979 0.0361686 0.0328573 0.0014383 0.0011805 0.0011289 0.0011803 0.0007173 0.0011804 0.0010777 0.0011291 0.0014375 0.0017466 0.0015404 0.0003586 0.0001024 0.0001024 0.0001537 0.0002049 0.0002049 0.0003586 0.0003073 0.0002561 0.0001024 0.0000010 0.0000000 0.0000512 0.0000512 0.0001024 0.0002561 0.0002561 0.0001537 0.0001537 0.0001024 0.0001024 0.0004098 0.0004098 0.0003073 0.0001537 0.0003073 0.0002561 0.0001537 0.0002561 0.0003073 0.0003586 0.0002049 0.0002561 0.0004098 0.0003073 0.0002561 0.0004098 0.0003586 0.0003586 0.0004098 0.0004611 0.0004098 0.0004611 0.0006148 0.0005636 0.0004611 0.0003586 0.0004611 0.0004611 0.0006148 0.0005636 0.0004101 0.0007173 0.0005123 0.0008723 0.0006148 0.0004611 0.0005636 0.0005636 0.0008199 0.0005636 0.0006661 0.0007686 0.0007686 0.0006661 0.0005636 0.0008199 0.0005644 2.0311846 2.0314705 
EBOV_H.sap-wt_SLE_14_Makona-G3827_KM233101                 1.9447747 1.9673393 1.9433724 1.4187201 1.4289294 0.0325840 0.0325278 0.0328909 0.0330387 0.0364137 0.0374072 0.0361776 0.0328656 0.0014387 0.0011809 0.0011292 0.0011806 0.0007173 0.0011808 0.0010780 0.0011294 0.0014379 0.0017471 0.0015408 0.0004098 0.0001537 0.0001537 0.0002049 0.0002561 0.0002561 0.0004098 0.0003586 0.0003073 0.0001537 0.0000512 0.0000512 0.0000000 0.0001024 0.0001537 0.0003073 0.0003073 0.0002049 0.0002049 0.0001537 0.0001537 0.0004611 0.0004611 0.0003586 0.0002049 0.0002561 0.0002049 0.0002049 0.0003073 0.0003586 0.0004098 0.0002561 0.0003073 0.0004611 0.0003586 0.0003073 0.0004611 0.0004098 0.0004098 0.0004611 0.0005123 0.0004611 0.0005123 0.0006661 0.0006148 0.0005123 0.0004098 0.0005123 0.0005123 0.0006661 0.0006148 0.0004614 0.0007686 0.0005636 0.0009237 0.0006661 0.0005123 0.0006148 0.0006148 0.0008711 0.0006148 0.0007173 0.0008199 0.0008199 0.0007173 0.0006148 0.0008711 0.0006158 2.0314380 2.0317240 
EBOV_H.sap-wt_SLE_14_Makona-EM110_KM233037                 1.9452742 1.9678405 1.9438708 1.4187201 1.4293648 0.0326316 0.0325754 0.0329385 0.0330862 0.0364610 0.0374544 0.0362249 0.0329131 0.0014897 0.0012319 0.0011803 0.0012316 0.0007686 0.0012318 0.0011291 0.0011805 0.0014889 0.0017981 0.0015918 0.0004098 0.0001537 0.0001537 0.0002049 0.0002561 0.0002561 0.0004098 0.0003586 0.0003073 0.0001537 0.0000512 0.0000512 0.0001024 0.0000000 0.0001537 0.0003073 0.0003073 0.0002049 0.0002049 0.0001537 0.0001537 0.0004611 0.0004611 0.0003586 0.0002049 0.0003586 0.0003073 0.0002049 0.0003073 0.0003586 0.0004098 0.0002561 0.0003073 0.0004611 0.0003586 0.0003073 0.0004611 0.0004098 0.0004098 0.0004611 0.0005123 0.0004611 0.0005123 0.0006661 0.0006148 0.0005123 0.0004098 0.0005123 0.0005123 0.0006661 0.0006148 0.0004614 0.0007686 0.0005636 0.0009237 0.0006661 0.0005123 0.0006148 0.0006148 0.0008711 0.0006148 0.0007173 0.0008199 0.0008199 0.0007173 0.0006148 0.0008711 0.0006158 2.0314380 2.0317240 
EBOV_H.sap-wt_SLE_14_Makona-G5296_1_KR105303               1.9444970 1.9670601 1.9430954 1.4184903 1.4289570 0.0326882 0.0326320 0.0329952 0.0331429 0.0365182 0.0375118 0.0361683 0.0329698 0.0015412 0.0012833 0.0012317 0.0012831 0.0008199 0.0012832 0.0011805 0.0012319 0.0015404 0.0018496 0.0016433 0.0004611 0.0002049 0.0002049 0.0002561 0.0003073 0.0003073 0.0004611 0.0004098 0.0003586 0.0002049 0.0001024 0.0001024 0.0001537 0.0001537 0.0000000 0.0001537 0.0001537 0.0002561 0.0002561 0.0002049 0.0002049 0.0005123 0.0005123 0.0004098 0.0002561 0.0004098 0.0003586 0.0002561 0.0003586 0.0004098 0.0004611 0.0003073 0.0003586 0.0005123 0.0004098 0.0003586 0.0005123 0.0004611 0.0004611 0.0005123 0.0005636 0.0005123 0.0005636 0.0007173 0.0006661 0.0005636 0.0004611 0.0005636 0.0005636 0.0007173 0.0006661 0.0005127 0.0008199 0.0006148 0.0009751 0.0007173 0.0005636 0.0006661 0.0006661 0.0009235 0.0006661 0.0007686 0.0008711 0.0008711 0.0007686 0.0006661 0.0009224 0.0006671 2.0313600 2.0316459 
