100
02A1.GH.97.97GH_AG2.AB052867           0.0000000 0.3684331 0.4232746 0.5149280 0.5634863 0.5928147 0.5985836 0.5268891 0.5131161 0.5393973 0.5511671 0.4927307 0.4952934 0.5702279 0.8219327 0.7899650 0.8239236 0.8051020 0.8279903 0.8353581 0.8271961 0.7859538 0.8392478 0.8604072 0.9168393 0.8963920 0.7745044 0.8099572 0.8389171 0.7716748 0.7860893 0.5421207 0.5958586 0.5985233 0.6438671 0.7726801 0.6443962 0.6259105 0.6999759 0.5987545 0.6449029 0.7135159 0.7964212 0.5336985 0.5032127 0.4705643 0.4452618 0.7499505 0.7607003 0.8057619 0.8402920 0.8295059 0.8648186 0.8322587 0.7381938 0.8007668 0.7505860 0.7613664 0.7580199 0.7833385 0.7631891 0.7172345 0.7755492 0.8376022 0.8341652 0.7666911 0.8108034 0.7883873 0.7858297 0.7749810 0.7815439 0.8048152 0.7578079 0.7608190 0.7503827 0.8110277 1.0454273 0.8490772 0.7805729 0.8211525 0.8069108 0.7376640 0.7327469 0.7153915 0.6940007 0.6533850 0.7692732 0.6074856 0.4828682 0.4170288 0.3793232 0.5425419 0.3335529 0.3246892 0.3439715 0.4240053 1.7393091 1.7962669 1.7002245 2.2946591 
02A.CI.16.DEURF16CI011.MH078538        0.3684331 0.0000000 0.4949436 0.5758437 0.6299088 0.6617725 0.6861294 0.6034712 0.5875355 0.6100227 0.6226050 0.5669237 0.5817934 0.6350629 0.9002274 0.8700612 0.9414350 0.8680581 0.8632382 0.8920063 0.9147986 0.8668417 0.8960137 0.9539975 0.9918235 0.9746712 0.8402220 0.8880730 0.9041925 0.8719880 0.8728819 0.5838652 0.6751318 0.6728539 0.7192235 0.8556170 0.7100706 0.7039951 0.7714660 0.6831277 0.7155643 0.8049755 0.8708932 0.6087934 0.5862361 0.5464859 0.5190761 0.8354061 0.8445127 0.8813670 0.9090836 0.9031550 0.9401990 0.8873334 0.8192916 0.8740711 0.8396754 0.8447059 0.8648380 0.8587247 0.8525409 0.7926276 0.8486008 0.9036757 0.8860669 0.8612407 0.9139008 0.8919349 0.8920953 0.8729268 0.8633412 0.8744754 0.8585551 0.8574841 0.8272971 0.8781028 1.1229866 0.9210555 0.8432113 0.9136179 0.8818259 0.8306148 0.8113519 0.7968269 0.7727400 0.7299965 0.8559272 0.6624160 0.5451372 0.4835178 0.4344745 0.6022319 0.3914220 0.3944558 0.3958171 0.4927491 1.7787233 1.8291708 1.8023003 2.4502112 
AGU.CM.06.770_8.MH705142               0.4232746 0.4949436 0.0000000 0.4881826 0.5565391 0.5993484 0.6170156 0.5446159 0.5375932 0.5623003 0.5653649 0.5146235 0.5158710 0.6031165 0.8430193 0.8235894 0.8792270 0.8325053 0.8307529 0.8460971 0.8679776 0.8260550 0.8521126 0.8965849 0.9513159 0.9272010 0.7908949 0.8186622 0.8387829 0.8165791 0.8245292 0.5499717 0.6073130 0.6048418 0.6453573 0.8036331 0.6462533 0.6365049 0.7234405 0.6117652 0.6470755 0.7503435 0.8272822 0.5303075 0.5300287 0.4996713 0.4695125 0.7772404 0.7958026 0.8301514 0.8797978 0.8584481 0.8920304 0.8326217 0.7903820 0.8062902 0.7839123 0.7866630 0.8057287 0.7996507 0.7966962 0.7380773 0.8108585 0.8696142 0.8149311 0.8180725 0.8126469 0.8020799 0.8068858 0.8152607 0.7970891 0.8095675 0.7954425 0.7846875 0.7600404 0.8415236 1.0693999 0.8444218 0.7900956 0.8316990 0.8286769 0.7489046 0.7575095 0.7293033 0.7049185 0.6547504 0.8080557 0.6092254 0.5296281 0.4965659 0.4710745 0.6465383 0.4390676 0.4282539 0.4369150 0.5246665 1.8632372 1.8801521 1.7987000 2.4794675 
G.NG.92.92NG083_JV10832.U88826         0.5149280 0.5758437 0.4881826 0.0000000 0.3375355 0.3844829 0.3835143 0.6510616 0.6232408 0.6609797 0.6531869 0.6107420 0.6165720 0.6875653 0.9529872 0.8983985 0.9534239 0.9275551 0.9219252 0.9202451 0.9444682 0.9145313 0.9432333 0.9807974 1.0302867 1.0106274 0.8655715 0.9004194 0.9396955 0.9232370 0.8808631 0.6186087 0.6917244 0.6822925 0.7241914 0.8716803 0.7245301 0.7154845 0.8036309 0.6910565 0.7332207 0.8134032 0.8763366 0.6123129 0.5986357 0.5772860 0.5437749 0.8428055 0.8584345 0.9131566 0.9590907 0.9332602 0.9787298 0.9261883 0.8507313 0.8998004 0.8781898 0.8808246 0.8732789 0.8941894 0.8656735 0.8288831 0.8669351 0.9219355 0.9153442 0.8966707 0.9235425 0.9099827 0.9245423 0.8955869 0.8913623 0.8821418 0.8859717 0.8689004 0.8342676 0.9262966 1.1500580 0.9565562 0.8645397 0.9071728 0.8968832 0.8552167 0.8459058 0.8063590 0.7838193 0.7382758 0.8613540 0.7057038 0.6216978 0.5813594 0.5653571 0.7331995 0.5255546 0.5171626 0.5329522 0.6366290 1.8747526 1.9659501 1.9035096 2.5273800 
G.NG.09.09NG010261.KX389626            0.5634863 0.6299088 0.5565391 0.3375355 0.0000000 0.4481635 0.4510366 0.6871260 0.6781036 0.6973107 0.7062036 0.6630827 0.6613403 0.7367043 1.0001198 0.9443684 1.0175445 0.9485315 0.9532602 0.9925134 0.9864593 0.9546997 0.9885850 1.0430179 1.0641703 1.0630519 0.8959726 0.9598506 0.9751006 0.9742734 0.9646851 0.6824108 0.7558201 0.7582802 0.7938398 0.9214880 0.7871961 0.7802296 0.8729058 0.7596734 0.7996239 0.8769548 0.9304316 0.6708451 0.6807255 0.6255095 0.5938025 0.8965680 0.9032340 0.9105734 0.9738772 0.9563106 0.9996272 0.9448445 0.8806107 0.9323118 0.9145871 0.9165089 0.9026241 0.9185797 0.8949607 0.8526011 0.9232590 0.9588834 0.9594985 0.9263552 0.9364622 0.9056278 0.9356482 0.9038067 0.9091242 0.9307761 0.9068987 0.8914386 0.8762616 0.9496791 1.1711898 0.9969462 0.8950077 0.9560941 0.9501182 0.8861967 0.8620904 0.8377227 0.8291011 0.7733508 0.9244478 0.7551272 0.6757291 0.6451672 0.6252471 0.7740842 0.5968051 0.5798727 0.5818641 0.6758475 1.9870457 2.0896746 1.9607970 2.5489842 
01F2G.CM.02.LT31.JN864056              0.5928147 0.6617725 0.5993484 0.3844829 0.4481635 0.0000000 0.4018113 0.7330004 0.7152615 0.7421333 0.7403457 0.6999111 0.6907649 0.7679909 1.0470853 0.9750726 1.0325476 1.0226738 1.0268732 1.0166290 1.0148749 0.9873925 1.0160081 1.0850360 1.1315137 1.0669741 0.9438474 0.9790406 1.0204215 0.9909458 0.9888056 0.7195662 0.7968170 0.7866293 0.8230741 0.9837427 0.8148655 0.8299832 0.8712298 0.7991048 0.8272121 0.9215491 0.9951276 0.7277491 0.7050435 0.6579196 0.6352402 0.9295846 0.9378260 0.9889917 1.0105566 0.9992395 1.0304430 0.9954564 0.9228168 0.9731601 0.9441776 0.9488426 0.9423866 0.9669409 0.9446716 0.9055679 0.9642557 1.0242015 0.9909489 0.9548359 0.9768614 0.9793014 0.9841448 0.9583586 0.9737010 0.9582280 0.9324884 0.9227232 0.8869806 0.9965711 1.1938270 1.0370759 0.9626747 1.0024504 1.0081117 0.9035914 0.9040369 0.8746502 0.8701250 0.8403412 0.9652204 0.8128601 0.7203944 0.6622179 0.6364594 0.8127946 0.6096282 0.6009958 0.6360830 0.7090507 1.9298814 1.9860981 1.9275453 2.6941929 
BCG.ES.15.100_119.KY496623             0.5985836 0.6861294 0.6170156 0.3835143 0.4510366 0.4018113 0.0000000 0.7375780 0.7316924 0.7599999 0.7637821 0.7114580 0.6920388 0.7825098 1.0377879 0.9840525 1.0662605 1.0326323 1.0067487 1.0383859 1.0455896 1.0036745 1.0350460 1.0908612 1.1572582 1.1135387 0.9496572 1.0078495 1.0519585 1.0444098 1.0086295 0.7204065 0.7955930 0.7778517 0.8206807 0.9971042 0.8332531 0.8194965 0.8784315 0.8017354 0.8236979 0.8732828 1.0046914 0.7292465 0.7198415 0.6863226 0.6341924 0.9205763 0.9284956 0.9789317 1.0384399 0.9820224 1.0577830 0.9711885 0.9210216 0.9969688 0.9564901 0.9542524 0.9418147 0.9629293 0.9500035 0.8841685 0.9663353 1.0131361 1.0122197 0.9762564 0.9918285 0.9732897 0.9917319 0.9791078 0.9613803 0.9577721 0.9462484 0.9368432 0.9196338 0.9780110 1.2460150 1.0415937 0.9625002 1.0031578 0.9938140 0.9140688 0.9103996 0.8865623 0.8714842 0.8414781 0.9329039 0.8198017 0.7288213 0.6835301 0.6553427 0.8489704 0.6209556 0.6111073 0.6388532 0.7271234 1.9619285 2.0769022 1.9699030 2.7108102 
A1.KE.06.06KECst_028.FJ623479          0.5268891 0.6034712 0.5446159 0.6510616 0.6871260 0.7330004 0.7375780 0.0000000 0.3080439 0.4033856 0.4087390 0.3609657 0.3954697 0.4800027 0.7375553 0.7172255 0.7655166 0.7272104 0.7182117 0.7532050 0.7454987 0.7009883 0.7545209 0.8137636 0.8358537 0.8300900 0.7044065 0.7048765 0.7367101 0.7057765 0.7048974 0.4489185 0.5600782 0.5704142 0.6041815 0.7377962 0.5879035 0.6071412 0.6786987 0.5763261 0.6064447 0.7001184 0.7741595 0.4901944 0.4636680 0.4412217 0.5082635 0.8291687 0.8365959 0.8896724 0.9079765 0.8991071 0.9304607 0.9011128 0.8387357 0.8823549 0.8343081 0.8687012 0.8545038 0.8697661 0.8345119 0.8022523 0.8604381 0.9192268 0.8830502 0.8847409 0.9042365 0.9087471 0.9023986 0.8646250 0.8722581 0.8874156 0.8579619 0.8479856 0.8239761 0.8933857 1.1611015 0.9302944 0.8600884 0.8842739 0.9061127 0.8267714 0.8050136 0.7940664 0.7596849 0.7254029 0.8118596 0.6536177 0.6426879 0.5905525 0.5817692 0.7174225 0.5371565 0.5319590 0.5424777 0.6372524 1.8693111 1.9204965 1.8470437 2.5874797 
A1.KE.06.06KECst_013.FJ623485          0.5131161 0.5875355 0.5375932 0.6232408 0.6781036 0.7152615 0.7316924 0.3080439 0.0000000 0.3881541 0.4065008 0.3538211 0.3828015 0.4678312 0.7406622 0.7093441 0.7548246 0.7128619 0.7208440 0.7283394 0.7224046 0.6970546 0.7242184 0.7871917 0.8482136 0.8184170 0.6818359 0.7029786 0.7129241 0.6997798 0.6855370 0.4312303 0.5462062 0.5452308 0.5824737 0.7298066 0.5748948 0.5841359 0.6509772 0.5609564 0.5840054 0.6845531 0.7759342 0.4833130 0.4509478 0.4326329 0.4780580 0.8180572 0.8162382 0.8856722 0.8968870 0.9051421 0.9129847 0.8829556 0.8222697 0.8615075 0.8389747 0.8429351 0.8407431 0.8524927 0.8236238 0.7833517 0.8543170 0.9035938 0.8802751 0.8679163 0.8806796 0.8840418 0.8792930 0.8697355 0.8600256 0.8566027 0.8531938 0.8217368 0.8146872 0.8730350 1.1298219 0.8903663 0.8428620 0.8859111 0.8748829 0.8238143 0.7871429 0.7724926 0.7446883 0.7008608 0.8351857 0.6689714 0.6189174 0.5853705 0.5591037 0.7417714 0.5428205 0.5257730 0.5486344 0.6337314 1.8303370 1.8953115 1.8016570 2.5194421 
35_AD.AF.06.007H.GQ477450              0.5393973 0.6100227 0.5623003 0.6609797 0.6973107 0.7421333 0.7599999 0.4033856 0.3881541 0.0000000 0.4314439 0.3842860 0.4117816 0.5016973 0.7549225 0.7321451 0.7881546 0.7581343 0.7634114 0.7595183 0.7750235 0.7396226 0.7736623 0.8176396 0.8777182 0.8493549 0.7260894 0.7452448 0.7712459 0.7408427 0.7416554 0.4609328 0.5700042 0.5670308 0.6137926 0.7662786 0.5957599 0.6120508 0.6710664 0.5895499 0.6266067 0.6997501 0.7885025 0.5049487 0.4876353 0.4490348 0.5200235 0.8472004 0.8423072 0.8856849 0.8986210 0.9225793 0.9535703 0.8998317 0.8416259 0.8815192 0.8584799 0.8610931 0.8563795 0.8694450 0.8421561 0.7810780 0.8576391 0.9021303 0.9154511 0.8752787 0.8915626 0.8989400 0.8902421 0.8661346 0.8657229 0.8742177 0.8555978 0.8404838 0.8232252 0.9016303 1.1433915 0.9321709 0.8760707 0.9136154 0.8862514 0.8456606 0.8141414 0.7956743 0.7720524 0.7451763 0.8560690 0.7036787 0.6576265 0.6127934 0.5797789 0.7938726 0.5705420 0.5602984 0.5774410 0.6639460 1.8822913 1.9143041 1.8727982 2.6406869 
A1.CY.07.CY208.JF683760                0.5511671 0.6226050 0.5653649 0.6531869 0.7062036 0.7403457 0.7637821 0.4087390 0.4065008 0.4314439 0.0000000 0.2372249 0.4128492 0.4869361 0.7711360 0.7180960 0.7753397 0.7477555 0.7283221 0.7672532 0.7358982 0.7263861 0.7539599 0.8016909 0.8726530 0.8358816 0.7045834 0.7290175 0.7278722 0.7156961 0.7034229 0.4690588 0.5713218 0.5809981 0.6111418 0.7643283 0.6116413 0.5997098 0.6894370 0.5875769 0.6224751 0.7132900 0.7897319 0.5036680 0.4752109 0.4466958 0.5126747 0.8754116 0.8570053 0.9069778 0.9314474 0.9349513 0.9705897 0.9156854 0.8566580 0.8978220 0.8601519 0.8560956 0.8624767 0.8742937 0.8666152 0.8114094 0.8889476 0.9181505 0.8971447 0.8944988 0.9219228 0.9160197 0.9133462 0.8776683 0.9026479 0.8965749 0.8895684 0.8653842 0.8392807 0.9200056 1.1701906 0.9327930 0.8880383 0.9361379 0.8897075 0.8419225 0.8387500 0.7898524 0.8030117 0.7255917 0.8321460 0.6810400 0.6605940 0.6022526 0.5840615 0.7558826 0.5713647 0.5609074 0.5763881 0.6708600 1.9039222 1.9528912 1.8674343 2.5733244 
A1.CY.05.CY051.FJ388903                0.4927307 0.5669237 0.5146235 0.6107420 0.6630827 0.6999111 0.7114580 0.3609657 0.3538211 0.3842860 0.2372249 0.0000000 0.3592513 0.4509664 0.7227116 0.6826879 0.7351201 0.6997431 0.6966303 0.7161973 0.7047617 0.6734926 0.7083260 0.7617053 0.8341181 0.8056305 0.6706043 0.6927791 0.7102852 0.6947024 0.6820671 0.4031456 0.5210016 0.5280413 0.5585928 0.7084480 0.5573013 0.5670504 0.6266841 0.5403025 0.5645207 0.6512599 0.7498568 0.4508319 0.4270377 0.4009176 0.4672740 0.8149850 0.7923246 0.8722748 0.8969449 0.8741107 0.9181121 0.8591795 0.7982756 0.8485216 0.7989697 0.8190745 0.8097986 0.8200505 0.8042810 0.7654680 0.8334993 0.8667074 0.8447411 0.8528721 0.8528143 0.8648539 0.8458495 0.8290760 0.8265368 0.8382018 0.8285290 0.8114014 0.7858817 0.8614844 1.0780253 0.8662145 0.8282309 0.8792692 0.8428674 0.7984774 0.7549502 0.7551220 0.7435219 0.6772302 0.7960840 0.6399691 0.5996177 0.5557645 0.5423822 0.7094171 0.5256941 0.5047030 0.5273913 0.6123466 1.8335676 1.8981765 1.8580197 2.5761033 
A1.UG.11.DEMA110UG001.KF859745         0.4952934 0.5817934 0.5158710 0.6165720 0.6613403 0.6907649 0.6920388 0.3954697 0.3828015 0.4117816 0.4128492 0.3592513 0.0000000 0.4489638 0.7072816 0.6869803 0.7366707 0.6922076 0.7005706 0.7297887 0.7120590 0.6805952 0.7064962 0.7625415 0.8049563 0.7781642 0.6786430 0.7037737 0.7175034 0.6729492 0.6683981 0.4197248 0.5319388 0.5358077 0.5698504 0.7480601 0.5774558 0.5907624 0.6491027 0.5496913 0.5824080 0.6772204 0.7422694 0.4676775 0.4456619 0.4067096 0.4777004 0.8387383 0.8205739 0.8596565 0.8922707 0.8815403 0.9104120 0.8766817 0.8204536 0.8628319 0.8310954 0.8314853 0.8111190 0.8467862 0.8126012 0.7773338 0.8279867 0.8835075 0.8589285 0.8416335 0.8636937 0.8447201 0.8579260 0.8449442 0.8312057 0.8391397 0.8446751 0.8220597 0.7833929 0.8729192 1.1095343 0.8956941 0.8258426 0.8607497 0.8613444 0.8078369 0.7637020 0.7453483 0.7033982 0.6882993 0.7770397 0.6419249 0.6052495 0.5529160 0.5309989 0.7107461 0.5187396 0.5043638 0.5251584 0.6070768 1.8178795 1.9323442 1.8360640 2.5506509 
A1C.UG.99.99UGF25926.AF484491          0.5702279 0.6350629 0.6031165 0.6875653 0.7367043 0.7679909 0.7825098 0.4800027 0.4678312 0.5016973 0.4869361 0.4509664 0.4489638 0.0000000 0.6469860 0.5945199 0.6628424 0.6096621 0.6118401 0.6237071 0.6285821 0.5826912 0.6313325 0.6864677 0.7301806 0.6915197 0.5679695 0.5919745 0.6180438 0.5987518 0.5875183 0.4656940 0.5929403 0.5935841 0.6374153 0.7674897 0.6258407 0.6285299 0.6932620 0.6140613 0.6463151 0.7535579 0.8227277 0.5246626 0.5123596 0.4721240 0.5390231 0.8837512 0.8789494 0.9158844 0.9462560 0.9476314 0.9734799 0.9432640 0.8646726 0.8998739 0.8823886 0.8856389 0.8508428 0.8868040 0.8601957 0.8313903 0.8801919 0.9346957 0.9250605 0.8846471 0.9190488 0.9058266 0.8919661 0.8880090 0.8873806 0.8974224 0.8728827 0.8761103 0.8608823 0.9094168 1.1334637 0.9361404 0.8733854 0.9485386 0.9352508 0.8561844 0.8168203 0.8234184 0.7942425 0.7674414 0.8741467 0.7094222 0.6785634 0.6453701 0.6133944 0.7690205 0.5935995 0.5641119 0.5797922 0.6584741 1.8666837 1.9596063 1.8606829 2.4661128 
A1C.IN.15.SC017.KY713232               0.8219327 0.9002274 0.8430193 0.9529872 1.0001198 1.0470853 1.0377879 0.7375553 0.7406622 0.7549225 0.7711360 0.7227116 0.7072816 0.6469860 0.0000000 0.6260330 0.6947029 0.6454976 0.6479556 0.6656468 0.6575102 0.6210944 0.6620377 0.7181320 0.7605998 0.7337259 0.5904363 0.6228914 0.6553215 0.6150271 0.6357681 0.7352491 0.8553530 0.8532217 0.8895759 1.0425422 0.9155297 0.8962174 0.9542075 0.8852495 0.9236406 1.0033177 1.0625162 0.8201466 0.7743117 0.7366104 0.7984256 1.1370620 1.1219549 1.1998592 1.1927704 1.1916757 1.2275061 1.1737607 1.1071067 1.1469213 1.1491233 1.1399522 1.1805590 1.1220682 1.1190791 1.0926888 1.1774681 1.2467576 1.1817246 1.1632865 1.1656943 1.1738443 1.1415365 1.1589375 1.1524701 1.1785068 1.1414135 1.1198215 1.1075984 1.1696038 1.4352323 1.1695527 1.1401453 1.1984996 1.1628605 1.1613276 1.1061850 1.0772630 1.0669919 1.0209180 1.1383082 0.9568350 0.9355120 0.9177515 0.8765276 1.0133586 0.8661737 0.8309173 0.8378328 0.9268984 2.1261783 2.1980485 2.1532468 2.8619086 
C.IL.99.99ET14.AY255825                0.7899650 0.8700612 0.8235894 0.8983985 0.9443684 0.9750726 0.9840525 0.7172255 0.7093441 0.7321451 0.7180960 0.6826879 0.6869803 0.5945199 0.6260330 0.0000000 0.4125810 0.4086705 0.4048917 0.4295997 0.4280568 0.3866268 0.4339604 0.4952222 0.5231871 0.5038119 0.3726549 0.3999263 0.4203029 0.3815706 0.3797784 0.7006590 0.8248394 0.8372862 0.8692374 1.0268265 0.8493709 0.8640816 0.9451184 0.8424745 0.8947667 0.9347850 1.0085512 0.7490471 0.7625977 0.7087764 0.7557618 1.0678730 1.0919948 1.1074973 1.1386155 1.1579733 1.1815284 1.1577596 1.0644627 1.0944141 1.0666544 1.1165836 1.0800412 1.0954340 1.0675534 1.0438320 1.1167881 1.1578419 1.1251071 1.1064478 1.1518811 1.1640766 1.1336047 1.1209486 1.1053190 1.0978510 1.0777437 1.0710630 1.0501591 1.1307902 1.4100375 1.1642739 1.1100109 1.1609830 1.1441357 1.0730331 1.0312627 1.0499260 1.0294049 0.9949365 1.0792913 0.9037716 0.9050936 0.9141939 0.8354015 0.9797862 0.8141934 0.7979565 0.8190434 0.9279447 2.0348731 2.1096887 2.1132360 2.7292613 
C.SE.09.035ZA.MF373148                 0.8239236 0.9414350 0.8792270 0.9534239 1.0175445 1.0325476 1.0662605 0.7655166 0.7548246 0.7881546 0.7753397 0.7351201 0.7366707 0.6628424 0.6947029 0.4125810 0.0000000 0.4704161 0.4582756 0.4909185 0.4798990 0.4415571 0.4901137 0.5482719 0.5841749 0.5450055 0.4252311 0.4580364 0.4731885 0.4284467 0.4254688 0.7592043 0.8709046 0.8623248 0.8942084 1.0742717 0.8807298 0.8867198 0.9518859 0.8884927 0.9214171 1.0078644 1.0690526 0.8266161 0.8104879 0.7532243 0.8166463 1.1370012 1.1652853 1.2014075 1.2215064 1.2093789 1.2537113 1.2071787 1.1439637 1.1689884 1.1696756 1.1645685 1.1661725 1.1476863 1.1310159 1.1096168 1.1721581 1.2368444 1.2041160 1.1639375 1.2149988 1.2052008 1.2151765 1.1328782 1.2122744 1.1828724 1.1587685 1.1482983 1.1247306 1.2058454 1.4795574 1.2485082 1.1501974 1.2227615 1.1932831 1.1528243 1.1320714 1.1271331 1.0718350 1.0234446 1.1241493 0.9823535 0.9797946 0.9391900 0.8978404 1.0382650 0.8649721 0.8402411 0.8621358 0.9587410 2.1236419 2.1827935 2.1264426 2.9227429 
C.ZA.04.04ZASK135B1.DQ011166           0.8051020 0.8680581 0.8325053 0.9275551 0.9485315 1.0226738 1.0326323 0.7272104 0.7128619 0.7581343 0.7477555 0.6997431 0.6922076 0.6096621 0.6454976 0.4086705 0.4704161 0.0000000 0.3169142 0.3382606 0.3507348 0.3247370 0.3701773 0.4550379 0.4805704 0.4619713 0.3264432 0.3939879 0.4187441 0.3734607 0.3778056 0.7086078 0.8398420 0.8352756 0.8710787 1.0230831 0.8500680 0.8567611 0.9219216 0.8474343 0.8754078 0.9512392 1.0559967 0.7703083 0.7693878 0.7074437 0.7802231 1.1153718 1.1247532 1.1522303 1.1633673 1.1531595 1.2100318 1.2266191 1.1140506 1.1269519 1.1027037 1.1105801 1.1047266 1.1255361 1.0954937 1.0622901 1.1357759 1.2048845 1.1646614 1.1187263 1.1962817 1.1781739 1.1566637 1.1638718 1.1533584 1.1481891 1.1392842 1.1034616 1.0917094 1.1868969 1.4164591 1.1723401 1.1305743 1.1832641 1.1497877 1.1351638 1.0793958 1.0750278 1.0403763 0.9966164 1.1038265 0.9444840 0.9294897 0.8764279 0.8540297 0.9895580 0.8424897 0.8233112 0.8349065 0.9112641 2.1157604 2.2107708 2.1384508 2.8252778 
C.ZA.03.03ZAPS130MB1.DQ275658          0.8279903 0.8632382 0.8307529 0.9219252 0.9532602 1.0268732 1.0067487 0.7182117 0.7208440 0.7634114 0.7283221 0.6966303 0.7005706 0.6118401 0.6479556 0.4048917 0.4582756 0.3169142 0.0000000 0.2889557 0.3592704 0.3329297 0.3810416 0.4569952 0.4870834 0.4677638 0.3327553 0.4011225 0.4216001 0.3870882 0.3778713 0.7165129 0.8343639 0.8387638 0.8427965 0.9978880 0.8514996 0.8627177 0.9235734 0.8387844 0.8743254 0.9569050 1.0600307 0.7930749 0.7501184 0.7069319 0.7924364 1.1122660 1.0961521 1.1388657 1.1763522 1.1825957 1.2362148 1.1911233 1.0983057 1.1295806 1.1234236 1.1305806 1.1226307 1.1204772 1.1238876 1.0972742 1.1335208 1.2174548 1.1605240 1.1338405 1.1783090 1.1730473 1.1645214 1.1638471 1.1744636 1.1578495 1.1365319 1.1335441 1.1071920 1.1896344 1.4522248 1.1877688 1.1362427 1.1876059 1.1503276 1.1147902 1.0931268 1.0553455 1.0328484 0.9884470 1.0932510 0.9368755 0.9360373 0.9076551 0.8705064 0.9837306 0.8388690 0.8198121 0.8315051 0.9159648 2.1738562 2.2110937 2.0899620 2.7669680 
C.ZA.97.97ZA012.AF286227               0.8353581 0.8920063 0.8460971 0.9202451 0.9925134 1.0166290 1.0383859 0.7532050 0.7283394 0.7595183 0.7672532 0.7161973 0.7297887 0.6237071 0.6656468 0.4295997 0.4909185 0.3382606 0.2889557 0.0000000 0.3933697 0.3473612 0.3990849 0.4805604 0.5036197 0.4730766 0.3562380 0.4330808 0.4519047 0.4133533 0.4105137 0.7284796 0.8654002 0.8689114 0.8926949 1.0574603 0.8760076 0.8825640 0.9709883 0.8671219 0.9040280 0.9968803 1.0842298 0.8049061 0.7896304 0.7220883 0.7994468 1.1139032 1.1255000 1.1390112 1.1844941 1.1820077 1.2407868 1.1834037 1.1111901 1.1691936 1.1403234 1.1330359 1.1226792 1.1169934 1.1512440 1.0969467 1.1365917 1.2309507 1.1722360 1.1455255 1.1956047 1.1820517 1.1639675 1.1843569 1.1761139 1.1621336 1.1419336 1.1219310 1.1068778 1.1882162 1.4445373 1.2100254 1.1507559 1.2171026 1.1871479 1.1344569 1.1080460 1.0930363 1.0666680 1.0168254 1.1182585 0.9615276 0.9357956 0.9290316 0.8855124 1.0269696 0.8664811 0.8535923 0.8660022 0.9313551 2.1353413 2.1877014 2.1273014 2.8473837 
C.BW.98.98BWMC14A3.AF443078            0.8271961 0.9147986 0.8679776 0.9444682 0.9864593 1.0148749 1.0455896 0.7454987 0.7224046 0.7750235 0.7358982 0.7047617 0.7120590 0.6285821 0.6575102 0.4280568 0.4798990 0.3507348 0.3592704 0.3933697 0.0000000 0.3424587 0.3862028 0.4676791 0.4903360 0.4721700 0.3455999 0.4191053 0.4353670 0.3973862 0.3933816 0.7356022 0.8542122 0.8545183 0.8877910 1.0364336 0.8663159 0.8821442 0.9547375 0.8511187 0.9010562 0.9767373 1.0690199 0.7892317 0.7961565 0.7176130 0.8075456 1.1218157 1.1121853 1.1627021 1.1706186 1.1571891 1.2329644 1.2048063 1.1115586 1.1468129 1.1403940 1.1272381 1.1473567 1.1564852 1.1356602 1.1081075 1.1432504 1.2027911 1.1776787 1.1472507 1.2015346 1.1951487 1.1765530 1.1803980 1.1778725 1.1442841 1.1313565 1.1319777 1.1190073 1.1893314 1.4280707 1.2094707 1.1526167 1.2311639 1.1808598 1.1313247 1.0805091 1.0993868 1.0698255 1.0078384 1.1208178 0.9558559 0.9736459 0.9262814 0.8921337 1.0385645 0.8541238 0.8583061 0.8770335 0.9306633 2.1753565 2.2043718 2.1680031 2.8180336 
C.ZA.99.99ZALT4.EU293444               0.7859538 0.8668417 0.8260550 0.9145313 0.9546997 0.9873925 1.0036745 0.7009883 0.6970546 0.7396226 0.7263861 0.6734926 0.6805952 0.5826912 0.6210944 0.3866268 0.4415571 0.3247370 0.3329297 0.3473612 0.3424587 0.0000000 0.2872854 0.4341380 0.4574962 0.4433895 0.3016078 0.3790659 0.3967637 0.3618565 0.3554981 0.7028134 0.8169711 0.8070807 0.8433640 0.9747381 0.8187977 0.8352902 0.9108673 0.8209174 0.8685736 0.9281282 1.0456959 0.7529615 0.7598474 0.6995402 0.7716428 1.0793819 1.0766457 1.1147076 1.1324731 1.1160728 1.1879996 1.1547827 1.0662950 1.1403765 1.0851224 1.1155960 1.1139423 1.1093360 1.0771726 1.0624050 1.0989793 1.1663487 1.1188123 1.1074561 1.1715932 1.1627153 1.1546173 1.1434236 1.1296703 1.1640978 1.0899246 1.1060093 1.0651157 1.1388250 1.4051808 1.1619161 1.1160279 1.1785864 1.1298145 1.1056998 1.0676889 1.0503419 1.0277062 0.9854609 1.0892433 0.9207128 0.9084499 0.8959483 0.8760739 0.9743442 0.8128107 0.8065856 0.8362624 0.9023677 2.0912887 2.1577603 2.1464390 2.8513572 
C.ZA.02.02ZAPS015MB1.DQ369995          0.8392478 0.8960137 0.8521126 0.9432333 0.9885850 1.0160081 1.0350460 0.7545209 0.7242184 0.7736623 0.7539599 0.7083260 0.7064962 0.6313325 0.6620377 0.4339604 0.4901137 0.3701773 0.3810416 0.3990849 0.3862028 0.2872854 0.0000000 0.4741259 0.5094908 0.4801243 0.3502983 0.4149732 0.4376117 0.4048972 0.4007117 0.7242995 0.8536322 0.8488110 0.8915638 1.0345439 0.8749552 0.8697045 0.9508475 0.8568392 0.9182342 0.9818312 1.0798205 0.8057934 0.7925308 0.7367331 0.7964584 1.1274055 1.1228708 1.1426002 1.1860981 1.1660574 1.2328886 1.2131095 1.1042310 1.1552249 1.1153905 1.1503404 1.1479519 1.1445785 1.1302045 1.0970555 1.1459104 1.2076422 1.1764918 1.1670411 1.1921366 1.2059521 1.1622195 1.1803402 1.1720806 1.1599922 1.1584011 1.1271196 1.0998399 1.1561267 1.3915566 1.1976780 1.1346135 1.1883641 1.1734803 1.1284178 1.0796665 1.0799050 1.0745891 1.0144511 1.1077137 0.9509871 0.9564690 0.9126393 0.8788245 1.0163298 0.8535591 0.8122924 0.8689854 0.9502872 2.1784202 2.2214125 2.2060104 2.9123997 
C.GB.14.13659_1_48.3.MF109437          0.8604072 0.9539975 0.8965849 0.9807974 1.0430179 1.0850360 1.0908612 0.8137636 0.7871917 0.8176396 0.8016909 0.7617053 0.7625415 0.6864677 0.7181320 0.4952222 0.5482719 0.4550379 0.4569952 0.4805604 0.4676791 0.4341380 0.4741259 0.0000000 0.5241933 0.5063476 0.4208498 0.4856398 0.4947289 0.4656801 0.4681286 0.7724555 0.9033051 0.8834102 0.9286854 1.0700750 0.9082658 0.9216827 0.9710098 0.8938686 0.9261235 1.0157195 1.1169308 0.8193405 0.8184728 0.7835662 0.8581875 1.1536173 1.1557930 1.2028965 1.2071891 1.1999789 1.2388630 1.2111989 1.1298582 1.1874331 1.1353118 1.1780553 1.1499311 1.1695404 1.1592619 1.1096540 1.1739336 1.2341529 1.2031844 1.1779816 1.2154802 1.2003912 1.2046929 1.1820393 1.2028121 1.1798310 1.1641667 1.1805386 1.1002945 1.2452381 1.4144725 1.2646620 1.1772550 1.2279088 1.1950374 1.1598725 1.1132026 1.1213340 1.0980892 1.0619880 1.1534397 1.0005434 0.9984449 0.9679257 0.9339964 1.0566374 0.9011937 0.9002812 0.9046938 1.0012785 2.2159039 2.2831803 2.2178096 2.8818014 
BC.CN.07.07CNYN340.KF835526            0.9168393 0.9918235 0.9513159 1.0302867 1.0641703 1.1315137 1.1572582 0.8358537 0.8482136 0.8777182 0.8726530 0.8341181 0.8049563 0.7301806 0.7605998 0.5231871 0.5841749 0.4805704 0.4870834 0.5036197 0.4903360 0.4574962 0.5094908 0.5241933 0.0000000 0.3742077 0.4399795 0.5200444 0.5162481 0.5019827 0.5043652 0.8273952 0.9560531 0.9425560 0.9792563 1.1340280 0.9841914 0.9882956 1.0836894 0.9609936 1.0099310 1.0665154 1.1732757 0.8974439 0.8870320 0.8344014 0.8916915 1.2369741 1.2265513 1.2644345 1.3086565 1.2879883 1.3355568 1.3172106 1.1958020 1.2524129 1.2291717 1.2440841 1.2491599 1.2388516 1.2382242 1.2094385 1.2580833 1.2807435 1.2640717 1.2593020 1.2782159 1.2631753 1.2497023 1.2807636 1.2519298 1.2776418 1.2212852 1.2327573 1.2255310 1.2662607 1.5150746 1.3192251 1.2277508 1.2775476 1.3027587 1.2273223 1.2300431 1.2100014 1.2034162 1.1063402 1.2209664 1.1102900 1.0225398 1.0403223 0.9602825 1.1069264 0.9390761 0.9270479 0.9548479 1.0389190 2.2541641 2.3168942 2.2825270 2.8737165 
85_BC.CN.14.14CN_SCYB4.KU992932        0.8963920 0.9746712 0.9272010 1.0106274 1.0630519 1.0669741 1.1135387 0.8300900 0.8184170 0.8493549 0.8358816 0.8056305 0.7781642 0.6915197 0.7337259 0.5038119 0.5450055 0.4619713 0.4677638 0.4730766 0.4721700 0.4433895 0.4801243 0.5063476 0.3742077 0.0000000 0.4337300 0.5012893 0.5234761 0.4848200 0.4909710 0.7895862 0.9339882 0.9134672 0.9588376 1.0820954 0.9316317 0.9437304 1.0252845 0.9318532 0.9783244 1.0160132 1.1429865 0.8769224 0.8488941 0.8117686 0.8739268 1.1907391 1.1860763 1.2196078 1.2208388 1.2559684 1.3075817 1.2759371 1.1619213 1.2005330 1.2158531 1.2121127 1.2066736 1.1968101 1.1892105 1.1646027 1.2097657 1.2754547 1.2313709 1.2221244 1.2511678 1.2403692 1.2258490 1.2050800 1.2214649 1.2478684 1.1879722 1.2075007 1.1741844 1.2289385 1.4671141 1.2455179 1.1999447 1.2707162 1.2287366 1.1985641 1.1652206 1.1904033 1.1210681 1.0992041 1.1503624 1.0543768 1.0102347 1.0112055 0.9492712 1.0832125 0.9451474 0.9103063 0.9459410 0.9962855 2.2425486 2.2996986 2.2786115 3.0065981 
C.BW.00.00BW076820.AF443089            0.7745044 0.8402220 0.7908949 0.8655715 0.8959726 0.9438474 0.9496572 0.7044065 0.6818359 0.7260894 0.7045834 0.6706043 0.6786430 0.5679695 0.5904363 0.3726549 0.4252311 0.3264432 0.3327553 0.3562380 0.3455999 0.3016078 0.3502983 0.4208498 0.4399795 0.4337300 0.0000000 0.3688871 0.3758086 0.3502175 0.3509048 0.6536880 0.8206641 0.8057107 0.8313696 0.9944941 0.8216893 0.8467911 0.8993507 0.8016252 0.8380623 0.9173885 1.0052933 0.7459742 0.7109702 0.6694511 0.7482597 1.0824374 1.0622965 1.1065577 1.1433646 1.1268691 1.1699701 1.1591890 1.0377670 1.1139919 1.0702941 1.0858282 1.1029412 1.0957561 1.0639357 1.0443736 1.0957946 1.1743476 1.1313605 1.1142772 1.1584655 1.1469122 1.1167868 1.1069107 1.1090108 1.1128853 1.0603508 1.0879341 1.0494827 1.1368255 1.3538541 1.1569094 1.0860116 1.1449150 1.1217385 1.0651038 1.0386788 1.0300556 1.0157259 0.9553181 1.0301132 0.8882132 0.8606766 0.8704271 0.8100847 0.9667764 0.8017888 0.7844274 0.7997641 0.8754535 2.1063405 2.1910825 2.1039249 2.6385677 
C.ZA.04.04ZASK170B1.DQ093595           0.8099572 0.8880730 0.8186622 0.9004194 0.9598506 0.9790406 1.0078495 0.7048765 0.7029786 0.7452448 0.7290175 0.6927791 0.7037737 0.5919745 0.6228914 0.3999263 0.4580364 0.3939879 0.4011225 0.4330808 0.4191053 0.3790659 0.4149732 0.4856398 0.5200444 0.5012893 0.3688871 0.0000000 0.3399529 0.3047425 0.3409708 0.7040642 0.8179129 0.8365684 0.8501617 0.9870626 0.8531266 0.8500200 0.9233521 0.8091660 0.8702879 0.9321206 1.0217780 0.7460984 0.7388351 0.6939164 0.7819742 1.0928512 1.1132712 1.1624145 1.1654827 1.1825139 1.2247268 1.1941387 1.0967775 1.1252474 1.1220636 1.1471361 1.1430958 1.1465969 1.1131096 1.0987082 1.1406296 1.1854115 1.1257882 1.1154387 1.1510498 1.1745286 1.1469644 1.1313596 1.1420945 1.1420945 1.1364666 1.1201314 1.0931819 1.1739133 1.3992881 1.1567741 1.1269991 1.1795077 1.1480460 1.1046371 1.0675053 1.0472828 1.0180582 1.0134050 1.0761078 0.9467193 0.8894945 0.8850803 0.8543773 0.9817392 0.8180606 0.8078566 0.8215905 0.9127289 2.0458169 2.1929520 2.1121183 2.8150888 
C.TZ.02.CO6721.AY734560                0.8389171 0.9041925 0.8387829 0.9396955 0.9751006 1.0204215 1.0519585 0.7367101 0.7129241 0.7712459 0.7278722 0.7102852 0.7175034 0.6180438 0.6553215 0.4203029 0.4731885 0.4187441 0.4216001 0.4519047 0.4353670 0.3967637 0.4376117 0.4947289 0.5162481 0.5234761 0.3758086 0.3399529 0.0000000 0.2584616 0.3621461 0.7387160 0.8333401 0.8420756 0.8660979 1.0151509 0.8444935 0.8697868 0.9371763 0.8521117 0.8881153 0.9513082 1.0649458 0.7742075 0.7867223 0.7233278 0.7939404 1.1090710 1.1049710 1.1414230 1.1607443 1.1476279 1.2275115 1.1833501 1.1057619 1.1377122 1.0998897 1.1258072 1.1364574 1.1180941 1.0975452 1.0894726 1.1368835 1.1906214 1.1589291 1.1352258 1.1990530 1.1847944 1.1590557 1.1378120 1.1645463 1.1382966 1.1231351 1.1072118 1.0974501 1.1483307 1.3953110 1.1931176 1.1176494 1.2041813 1.1371672 1.1215745 1.0628504 1.0973292 1.0312070 1.0278292 1.1029355 0.9537230 0.9276556 0.9262465 0.8512861 1.0205634 0.8452392 0.8432637 0.8541365 0.9258508 2.1050930 2.1917078 2.1119039 2.8124507 
C.TZ.01.BD39_8.AY253313                0.7716748 0.8719880 0.8165791 0.9232370 0.9742734 0.9909458 1.0444098 0.7057765 0.6997798 0.7408427 0.7156961 0.6947024 0.6729492 0.5987518 0.6150271 0.3815706 0.4284467 0.3734607 0.3870882 0.4133533 0.3973862 0.3618565 0.4048972 0.4656801 0.5019827 0.4848200 0.3502175 0.3047425 0.2584616 0.0000000 0.3151191 0.7079398 0.8218891 0.8182119 0.8460500 0.9736300 0.8258997 0.8411464 0.9239344 0.8164382 0.8640941 0.9439245 1.0303660 0.7487365 0.7406658 0.6823158 0.7688320 1.0829120 1.0805434 1.1364898 1.1418277 1.1527545 1.1745465 1.1440915 1.0611148 1.1054736 1.0771597 1.1069168 1.1099593 1.0945147 1.0925154 1.0803486 1.1191855 1.1949996 1.1314172 1.1306025 1.1545524 1.1531757 1.1329322 1.1089704 1.1317384 1.1494390 1.1021268 1.0852312 1.0591193 1.1342187 1.3799461 1.1595393 1.1081344 1.1584618 1.1379972 1.0979080 1.0712601 1.0830445 1.0221589 1.0051995 1.0889589 0.9121578 0.8876089 0.8823239 0.8441842 0.9835231 0.8080711 0.8043130 0.8142490 0.8855063 2.0901532 2.1843661 2.1156442 2.7302079 
C.ZA.03.03ZAPS067MB2.DQ396389          0.7860893 0.8728819 0.8245292 0.8808631 0.9646851 0.9888056 1.0086295 0.7048974 0.6855370 0.7416554 0.7034229 0.6820671 0.6683981 0.5875183 0.6357681 0.3797784 0.4254688 0.3778056 0.3778713 0.4105137 0.3933816 0.3554981 0.4007117 0.4681286 0.5043652 0.4909710 0.3509048 0.3409708 0.3621461 0.3151191 0.0000000 0.6790879 0.8130337 0.8091243 0.8406662 1.0051650 0.8251874 0.8356643 0.9152498 0.8313159 0.8644451 0.9350263 1.0341575 0.7635792 0.7439420 0.6958300 0.7665100 1.0629827 1.0836125 1.1106661 1.1475010 1.1466081 1.1824287 1.1503840 1.0587325 1.1248976 1.0886501 1.1003798 1.0741803 1.1067753 1.0891638 1.0550684 1.1141625 1.1966915 1.1398180 1.1116291 1.1505519 1.1558886 1.1246962 1.1095026 1.1250126 1.1194658 1.0985579 1.1055236 1.0709217 1.1275419 1.3874630 1.1656360 1.0843279 1.1453826 1.1314667 1.0961792 1.0703040 1.0256334 0.9995720 0.9647733 1.0697229 0.9086323 0.9142312 0.8846512 0.8503815 0.9781581 0.7876839 0.7975836 0.8260694 0.9035700 2.0394331 2.1899689 2.0450686 2.7128610 
A1D.UG.99.99UGJ21953.AF484496          0.5421207 0.5838652 0.5499717 0.6186087 0.6824108 0.7195662 0.7204065 0.4489185 0.4312303 0.4609328 0.4690588 0.4031456 0.4197248 0.4656940 0.7352491 0.7006590 0.7592043 0.7086078 0.7165129 0.7284796 0.7356022 0.7028134 0.7242995 0.7724555 0.8273952 0.7895862 0.6536880 0.7040642 0.7387160 0.7079398 0.6790879 0.0000000 0.5709846 0.5663771 0.6084104 0.7541825 0.5911832 0.5992535 0.6593783 0.5802378 0.6054718 0.6975709 0.7845462 0.4961482 0.4656762 0.4378385 0.5045319 0.8500645 0.8470570 0.9175299 0.8855148 0.9105398 0.9454255 0.9167560 0.8514494 0.8811655 0.8556379 0.8885084 0.8585409 0.8850048 0.8391747 0.8156275 0.8741986 0.9216701 0.8902913 0.8726493 0.8889077 0.8906150 0.8993008 0.8677137 0.8702974 0.8674156 0.8592916 0.8584278 0.8468408 0.8838042 1.1207020 0.9224205 0.8774398 0.9113194 0.8880284 0.8196986 0.8124669 0.7936756 0.7722709 0.7444517 0.8119255 0.6902900 0.6372062 0.6095050 0.5649295 0.7446201 0.5454071 0.5421043 0.5658373 0.6383920 1.8388399 1.9526156 1.8428874 2.5687470 
01_AE.CN.02.YN0236.JX112866            0.5958586 0.6751318 0.6073130 0.6917244 0.7558201 0.7968170 0.7955930 0.5600782 0.5462062 0.5700042 0.5713218 0.5210016 0.5319388 0.5929403 0.8553530 0.8248394 0.8709046 0.8398420 0.8343639 0.8654002 0.8542122 0.8169711 0.8536322 0.9033051 0.9560531 0.9339882 0.8206641 0.8179129 0.8333401 0.8218891 0.8130337 0.5709846 0.0000000 0.1553294 0.2077979 0.3610147 0.2012613 0.2052100 0.2910255 0.2143876 0.2425510 0.4517003 0.5230049 0.4219488 0.5201811 0.5048764 0.5798916 0.8864009 0.9017784 0.9319652 0.9595485 0.9406564 0.9695597 0.9182430 0.8939131 0.9344949 0.8903172 0.9105648 0.9037051 0.9151340 0.8827738 0.8554099 0.9054328 0.9386699 0.9403730 0.9164942 0.9423754 0.9266979 0.9387990 0.9347273 0.9231603 0.8970606 0.9124233 0.9021461 0.8892034 0.9244799 1.1756071 0.9883495 0.9352531 0.9657032 0.9451553 0.8816038 0.8545316 0.8264125 0.8164167 0.7805283 0.8681790 0.7465063 0.7121500 0.6744195 0.6354977 0.8043953 0.6175801 0.5932458 0.6048077 0.6859122 1.9580101 2.0219707 1.9727723 2.5518041 
01_AE.TH.99.99TH_C4460.AY945726        0.5985233 0.6728539 0.6048418 0.6822925 0.7582802 0.7866293 0.7778517 0.5704142 0.5452308 0.5670308 0.5809981 0.5280413 0.5358077 0.5935841 0.8532217 0.8372862 0.8623248 0.8352756 0.8387638 0.8689114 0.8545183 0.8070807 0.8488110 0.8834102 0.9425560 0.9134672 0.8057107 0.8365684 0.8420756 0.8182119 0.8091243 0.5663771 0.1553294 0.0000000 0.2011239 0.3544838 0.2009465 0.2000316 0.2896123 0.2102207 0.2394598 0.4505712 0.5324524 0.4300348 0.5301130 0.5089105 0.5817946 0.8977757 0.9063071 0.9399652 0.9623949 0.9472346 0.9737463 0.9362871 0.9030581 0.9491592 0.9004928 0.9082222 0.9073682 0.9379389 0.8875790 0.8565290 0.9220121 0.9546990 0.9356214 0.9283116 0.9634807 0.9545080 0.9551376 0.9353430 0.9333159 0.9247512 0.9146527 0.9108235 0.8792745 0.9506261 1.1543959 0.9742515 0.9274488 0.9714620 0.9430739 0.8860916 0.8512037 0.8530493 0.8311003 0.7865255 0.8834750 0.7499544 0.7266941 0.6676923 0.6258234 0.7995957 0.6103465 0.5952562 0.6039623 0.6881022 1.9390441 2.0254840 1.9537047 2.5196718 
01_AE.CN.07.GX070143.JX112835          0.6438671 0.7192235 0.6453573 0.7241914 0.7938398 0.8230741 0.8206807 0.6041815 0.5824737 0.6137926 0.6111418 0.5585928 0.5698504 0.6374153 0.8895759 0.8692374 0.8942084 0.8710787 0.8427965 0.8926949 0.8877910 0.8433640 0.8915638 0.9286854 0.9792563 0.9588376 0.8313696 0.8501617 0.8660979 0.8460500 0.8406662 0.6084104 0.2077979 0.2011239 0.0000000 0.3927901 0.2401056 0.2427674 0.3289538 0.2488955 0.2824507 0.4879697 0.5734407 0.4686172 0.5761488 0.5383739 0.6166947 0.9525156 0.9559575 0.9869929 1.0022585 0.9979940 1.0134127 0.9884751 0.9324187 0.9818830 0.9455482 0.9584722 0.9375686 0.9581137 0.9264281 0.9006858 0.9488276 0.9807767 0.9894405 0.9645108 0.9814006 0.9711491 0.9870326 0.9626305 0.9740931 0.9426335 0.9493705 0.9358298 0.9287499 0.9923190 1.2213400 1.0415202 0.9702735 1.0020672 0.9897657 0.9351899 0.8947036 0.8581414 0.8603103 0.8398584 0.9002123 0.7756935 0.7696659 0.6988093 0.6648091 0.8598745 0.6563716 0.6499040 0.6389906 0.7341102 1.9720315 2.0499282 1.9774248 2.5882579 
69_01B.JP.05.05JPMYC113SP420.LC027100  0.7726801 0.8556170 0.8036331 0.8716803 0.9214880 0.9837427 0.9971042 0.7377962 0.7298066 0.7662786 0.7643283 0.7084480 0.7480601 0.7674897 1.0425422 1.0268265 1.0742717 1.0230831 0.9978880 1.0574603 1.0364336 0.9747381 1.0345439 1.0700750 1.1340280 1.0820954 0.9944941 0.9870626 1.0151509 0.9736300 1.0051650 0.7541825 0.3610147 0.3544838 0.3927901 0.0000000 0.3961715 0.3967791 0.4750272 0.3875170 0.4292135 0.6281656 0.7035470 0.6239235 0.7063985 0.6823300 0.7675185 1.0637411 1.0747076 1.1185913 1.1226203 1.1463932 1.1755939 1.1289900 1.0707366 1.1206745 1.0781932 1.0954575 1.0985532 1.1095509 1.1091619 1.0526727 1.0908211 1.1393882 1.1085438 1.0917641 1.0976832 1.1116867 1.1060856 1.1200037 1.1020629 1.1095574 1.0881729 1.0725121 1.0657988 1.1382820 1.3542823 1.1640976 1.1247040 1.1451943 1.0877015 1.0477637 1.0372308 1.0175997 0.9942774 0.9853568 1.0786841 0.9261271 0.8875969 0.8632074 0.8262349 0.9944180 0.7886418 0.7699520 0.7915600 0.8646747 2.0788193 2.1354721 2.0495981 2.7188926 
01_AE.TH.07.AA030a04.JX447057          0.6443962 0.7100706 0.6462533 0.7245301 0.7871961 0.8148655 0.8332531 0.5879035 0.5748948 0.5957599 0.6116413 0.5573013 0.5774558 0.6258407 0.9155297 0.8493709 0.8807298 0.8500680 0.8514996 0.8760076 0.8663159 0.8187977 0.8749552 0.9082658 0.9841914 0.9316317 0.8216893 0.8531266 0.8444935 0.8258997 0.8251874 0.5911832 0.2012613 0.2009465 0.2401056 0.3961715 0.0000000 0.2271580 0.3236561 0.2419306 0.2620740 0.4823940 0.5666634 0.4487115 0.5542177 0.5371275 0.6064915 0.9188093 0.9418627 0.9717766 0.9833396 1.0040264 1.0121787 0.9665387 0.9390887 0.9799501 0.9384002 0.9714992 0.9636155 0.9584753 0.9356635 0.9048764 0.9446379 0.9905191 0.9799807 0.9474081 0.9624480 0.9631604 0.9752729 0.9458453 0.9401068 0.9532587 0.9545406 0.9419176 0.9289099 0.9977117 1.1842021 1.0131602 0.9811222 1.0134098 0.9533663 0.9114426 0.8940250 0.8984507 0.8519170 0.8226454 0.9068273 0.7858090 0.7528700 0.6974307 0.6656164 0.8300311 0.6463171 0.6483394 0.6281824 0.7184082 1.9704535 2.0207771 2.0069616 2.6227716 
01_AE.CN.07.07CNYN326.KF835513         0.6259105 0.7039951 0.6365049 0.7154845 0.7802296 0.8299832 0.8194965 0.6071412 0.5841359 0.6120508 0.5997098 0.5670504 0.5907624 0.6285299 0.8962174 0.8640816 0.8867198 0.8567611 0.8627177 0.8825640 0.8821442 0.8352902 0.8697045 0.9216827 0.9882956 0.9437304 0.8467911 0.8500200 0.8697868 0.8411464 0.8356643 0.5992535 0.2052100 0.2000316 0.2427674 0.3967791 0.2271580 0.0000000 0.3223677 0.2435104 0.2681830 0.4811525 0.5540215 0.4677030 0.5699959 0.5292158 0.5999477 0.9192642 0.9223502 0.9586004 0.9738239 1.0012907 1.0047553 0.9620838 0.9241812 0.9700770 0.9326669 0.9396471 0.9434342 0.9478670 0.9333764 0.8902817 0.9337033 0.9734468 0.9749934 0.9326991 0.9572009 0.9490311 0.9463642 0.9556791 0.9526384 0.9504970 0.9477625 0.9354573 0.8986838 0.9650722 1.1865762 1.0247057 0.9500783 1.0096411 0.9644614 0.9078027 0.8750914 0.8572792 0.8458545 0.8398096 0.9236359 0.7702273 0.7502911 0.7004787 0.6685120 0.8393214 0.6479148 0.6388280 0.6278489 0.7255145 1.9569808 2.0372455 1.9892555 2.5323476 
