100
02A1.GH.97.97GH_AG2.AB052867           0.0000000 0.3455662 0.4471847 0.5142318 0.5632222 0.5926663 0.6215277 0.5520096 0.5418393 0.5627438 0.5647475 0.5121582 0.5134938 0.5754651 0.8318815 0.7811757 0.8489345 0.7854648 0.8102712 0.8250250 0.8276345 0.7843542 0.8339062 0.8678519 0.9447722 0.9230742 0.7549448 0.7966503 0.8060934 0.7659477 0.7826404 0.5706477 0.6040069 0.6282630 0.6513841 0.7926313 0.6265289 0.6422186 0.7205836 0.6225729 0.6542849 0.7664086 0.8246832 0.5272701 0.5268777 0.4926751 0.4413853 0.7710997 0.7726669 0.7983860 0.8246004 0.8063735 0.8609610 0.8416582 0.7418644 0.7806865 0.7739522 0.7725543 0.7621366 0.7826637 0.7484307 0.7151124 0.7635369 0.8296641 0.8032133 0.7775974 0.8024805 0.8134105 0.7877761 0.7752826 0.8096451 0.7800006 0.7723200 0.7385097 0.7282493 0.7986542 1.0409798 0.8475313 0.7671422 0.8132344 0.8123049 0.7415020 0.7628485 0.6937443 0.6642162 0.6359235 0.7414760 0.5998323 0.4850467 0.4067818 0.3865865 0.5154850 0.3401722 0.3439742 0.3613983 0.4181567 1.8254434 1.8698911 1.8152453 2.6722555 
02A.CI.16.DEURF16CI011.MH078538        0.3455662 0.0000000 0.5042292 0.5715856 0.6217912 0.6532125 0.6655507 0.6066864 0.6018043 0.6181216 0.6246999 0.5737605 0.5746355 0.6321169 0.9050470 0.8371867 0.9056977 0.8617683 0.8904099 0.8775820 0.8812241 0.8638121 0.8866183 0.9537741 1.0270197 1.0019318 0.8368357 0.8553031 0.8499278 0.8290367 0.8564906 0.5955006 0.6765055 0.6755537 0.7224681 0.8458714 0.6985543 0.7122246 0.7803184 0.6970363 0.7125516 0.8388487 0.8937371 0.5858348 0.5869469 0.5321872 0.4979768 0.8073910 0.8139162 0.8581761 0.8845690 0.8710425 0.9252585 0.8684077 0.7905723 0.8475834 0.8213086 0.8373092 0.8141659 0.8426024 0.8065819 0.7634805 0.8329286 0.8899319 0.8639002 0.8394742 0.8459355 0.8343769 0.8277462 0.8311508 0.8577868 0.8198410 0.8317531 0.8006201 0.7979431 0.8605453 1.1209771 0.8815767 0.8274216 0.8797544 0.8697362 0.7810367 0.7928505 0.7574191 0.7202307 0.6737131 0.8038017 0.6486772 0.5427580 0.4682165 0.4385518 0.5778297 0.3924697 0.3859747 0.4198032 0.4741951 1.8392824 1.9282109 1.8743680 2.7571422 
AGU.CM.06.770_8.MH705142               0.4471847 0.5042292 0.0000000 0.5179332 0.5829929 0.6023408 0.6079429 0.5803606 0.5676789 0.6033083 0.5861868 0.5360042 0.5265834 0.6178681 0.8821656 0.8201138 0.8847337 0.8438877 0.8540295 0.8758440 0.8668629 0.8148856 0.8736803 0.9264508 0.9898729 0.9692414 0.8018288 0.8413446 0.8327496 0.8091744 0.7990720 0.5733329 0.6523430 0.6777455 0.6833839 0.8217730 0.6763234 0.6815956 0.7523146 0.6792814 0.6843375 0.8206153 0.8950514 0.5708702 0.5636280 0.5043708 0.4772988 0.7963029 0.7839449 0.8432820 0.8534029 0.8344383 0.8892124 0.8473443 0.7747754 0.8278946 0.8095250 0.8340418 0.8367139 0.8411693 0.8102277 0.7569944 0.8115390 0.8808724 0.8378949 0.8254570 0.8494166 0.8403841 0.8455908 0.8009350 0.8468123 0.8130400 0.8040965 0.7853500 0.7793446 0.8511467 1.0977283 0.8697735 0.8118471 0.8698962 0.8607939 0.7754560 0.7791394 0.7458993 0.7187040 0.6673809 0.7848644 0.6342532 0.5681505 0.4957137 0.4745128 0.6443196 0.4549499 0.4461910 0.4952046 0.5478494 1.9335976 2.0340378 2.0555399 2.8513532 
G.NG.92.92NG083_JV10832.U88826         0.5142318 0.5715856 0.5179332 0.0000000 0.3469482 0.3870988 0.3888617 0.6553198 0.6411636 0.6884335 0.6693084 0.6293166 0.6157116 0.6856597 0.9239018 0.8966148 0.9714106 0.9182983 0.9310803 0.9599021 0.9414196 0.8862824 0.9480005 0.9604611 1.0376270 1.0590814 0.8758195 0.9034495 0.9063907 0.8923801 0.8846436 0.6666860 0.7256008 0.7426570 0.7686303 0.8817586 0.7567829 0.7669175 0.8285839 0.7470607 0.7433852 0.8502876 0.9569217 0.6554538 0.6383385 0.5880694 0.5511527 0.8805984 0.8808101 0.9296635 0.9519690 0.9239295 0.9887451 0.9463470 0.8753964 0.9269625 0.8969283 0.9156773 0.9035796 0.9519823 0.8936369 0.8281182 0.8957368 0.9720528 0.9342293 0.8936333 0.9362376 0.9223886 0.9134073 0.8932928 0.9385191 0.9068946 0.8758049 0.8790118 0.8316883 0.9370544 1.1985422 0.9794902 0.9020973 0.9452175 0.9359227 0.8609301 0.8493250 0.8215336 0.7689473 0.7311079 0.8489016 0.7104256 0.6365252 0.5638135 0.5450778 0.7229066 0.5397195 0.5253491 0.5567527 0.6253281 2.0780010 2.1044085 2.1063804 2.9135956 
G.NG.09.09NG010261.KX389626            0.5632222 0.6217912 0.5829929 0.3469482 0.0000000 0.4434022 0.4635066 0.7090753 0.7045154 0.7278856 0.7342652 0.6792976 0.6797476 0.7514243 1.0296300 0.9565709 1.0583883 0.9964056 1.0169245 1.0261609 1.0361886 0.9741845 1.0210332 1.0610572 1.1215459 1.1244246 0.9446397 0.9685293 0.9453990 0.9503829 0.9664378 0.7463982 0.7790320 0.7909588 0.8265126 0.9552907 0.8078768 0.8248660 0.8993488 0.7988419 0.8076509 0.9044262 1.0041377 0.7053761 0.6803414 0.6382686 0.6046617 0.9228913 0.9213046 0.9491554 0.9951251 0.9835413 1.0185390 1.0088938 0.9155921 0.9827529 0.9514430 0.9649130 0.9534676 0.9540665 0.9385064 0.8784830 0.9423355 1.0216378 0.9577840 0.9313573 0.9605265 0.9670314 0.9597533 0.9326697 0.9692900 0.9407926 0.9191991 0.9195760 0.9254950 0.9653473 1.2213791 0.9920894 0.9180490 0.9818895 0.9645428 0.8955473 0.8945978 0.8870370 0.8236353 0.7791154 0.8893068 0.7504165 0.6831769 0.6251451 0.6010428 0.7548933 0.5824386 0.5820126 0.6179751 0.6800097 2.0973692 2.1355427 2.1102346 2.9672527 
01F2G.CM.02.LT31.JN864056              0.5926663 0.6532125 0.6023408 0.3870988 0.4434022 0.0000000 0.3984512 0.7305488 0.7231744 0.7586367 0.7643481 0.7040817 0.6895848 0.7917848 1.0621961 0.9746247 1.0611872 1.0201722 1.0090980 1.0446213 1.0593542 0.9667646 1.0531022 1.0785550 1.1275487 1.1508497 0.9709633 0.9941205 0.9921646 0.9586013 0.9652781 0.7438379 0.8173568 0.8303289 0.8480649 0.9752457 0.8417740 0.8468256 0.9203880 0.8346533 0.8317463 0.9462056 1.0214088 0.7213381 0.7232486 0.6692840 0.6275718 0.9672367 0.9713926 0.9962103 1.0309711 1.0176096 1.0525546 1.0325223 0.9676165 1.0061897 0.9857586 1.0167344 0.9881871 0.9835649 0.9645940 0.9011881 0.9722069 1.0216484 1.0239733 0.9727469 1.0131427 0.9997478 0.9854759 0.9681005 0.9958549 0.9913685 0.9764005 0.9639565 0.9458250 1.0184636 1.2859673 1.0576840 0.9639725 1.0132600 1.0192402 0.9221322 0.9350731 0.9100285 0.8539536 0.8246079 0.9567276 0.7775165 0.7134404 0.6509944 0.6418244 0.8046349 0.6205816 0.6157604 0.6485572 0.6922511 2.1385928 2.1938320 2.2319341 2.9681037 
BCG.ES.15.100_119.KY496623             0.6215277 0.6655507 0.6079429 0.3888617 0.4635066 0.3984512 0.0000000 0.7485100 0.7222079 0.7853219 0.7612113 0.7240638 0.7248074 0.7855153 1.0273823 0.9956990 1.0574685 1.0160475 1.0109431 1.0618048 1.0237304 0.9784483 1.0342029 1.0649057 1.1275528 1.1397981 0.9775378 0.9937667 1.0057942 0.9538309 0.9857152 0.7732742 0.8069665 0.8363863 0.8685200 0.9842577 0.8319612 0.8562457 0.9143643 0.8303306 0.8447793 0.9540659 1.0546153 0.7425292 0.7085550 0.6816828 0.6480172 0.9791791 0.9843437 1.0296773 1.0701306 1.0298072 1.0829783 1.0351163 0.9596163 1.0104757 0.9833940 1.0068872 0.9816550 1.0001141 0.9711941 0.9047874 0.9562039 1.0751534 1.0252513 0.9582159 1.0027229 1.0086429 1.0022608 0.9867993 1.0068565 0.9799373 0.9780882 0.9556677 0.9490868 1.0349160 1.2427539 1.0759038 0.9791941 1.0499326 1.0356379 0.9569614 0.9429777 0.9337203 0.8721471 0.8308571 0.9314909 0.7890419 0.7393193 0.6706649 0.6530553 0.7994767 0.6252612 0.6210730 0.6562853 0.7112391 2.2027465 2.2254150 2.2062254 2.9252084 
A1.KE.06.06KECst_028.FJ623479          0.5520096 0.6066864 0.5803606 0.6553198 0.7090753 0.7305488 0.7485100 0.0000000 0.3215983 0.4020738 0.4287738 0.3755220 0.3939143 0.4833384 0.7406177 0.7121087 0.7724787 0.7143167 0.7120575 0.7406059 0.7298517 0.6864948 0.7261584 0.7914274 0.8489477 0.8267934 0.6731793 0.6905227 0.7078958 0.6758072 0.6850356 0.4567898 0.5704538 0.5663979 0.6041053 0.7654867 0.5789935 0.5962290 0.6827485 0.5835346 0.6028976 0.7096160 0.7893297 0.4967167 0.4712847 0.4333387 0.4950193 0.8575247 0.8732418 0.9066275 0.9184238 0.9124724 0.9815614 0.9159763 0.8362735 0.9042336 0.8769069 0.8688790 0.8900759 0.8947464 0.8594625 0.8083215 0.8760822 0.9411462 0.9306678 0.8673840 0.9063424 0.8730656 0.9085401 0.8596261 0.8935811 0.8928182 0.8531509 0.8521472 0.8446145 0.9021446 1.1650715 0.9452544 0.8516882 0.9368753 0.8890000 0.8324352 0.8491165 0.7924109 0.7520205 0.7125013 0.8312110 0.6929026 0.6722915 0.6134407 0.5880400 0.7481626 0.5593207 0.5718400 0.6085909 0.6536882 2.0312902 2.1467418 2.0114700 2.9426127 
A1.KE.06.06KECst_013.FJ623485          0.5418393 0.6018043 0.5676789 0.6411636 0.7045154 0.7231744 0.7222079 0.3215983 0.0000000 0.3934395 0.4159821 0.3655446 0.3886968 0.4725812 0.7203928 0.6749940 0.7560163 0.7170948 0.7095696 0.7311072 0.7161031 0.6941718 0.7300328 0.7929452 0.8547530 0.8407779 0.6689634 0.7023334 0.7202977 0.6588099 0.6738014 0.4419871 0.5564598 0.5786737 0.6123608 0.7569575 0.5907478 0.6052804 0.6684462 0.5775792 0.6112394 0.7216014 0.8043672 0.4732734 0.4734312 0.4136405 0.4905178 0.8501442 0.8812205 0.9073591 0.9213274 0.9281618 0.9780168 0.9270639 0.8474882 0.9214528 0.8949556 0.8779426 0.8878160 0.8969412 0.8566607 0.8155771 0.8618076 0.9606760 0.9106744 0.8866982 0.8984167 0.8662571 0.8923529 0.8637169 0.9006757 0.8676184 0.8632697 0.8437757 0.8393141 0.9222046 1.1515472 0.9280440 0.8544316 0.9239554 0.8917879 0.8160559 0.8268600 0.7914635 0.7462020 0.7285360 0.8181783 0.6789851 0.6603454 0.6098996 0.5800978 0.7533929 0.5541768 0.5529037 0.6127274 0.6296310 2.0973831 2.1704665 2.0994491 3.0047288 
35_AD.AF.06.007H.GQ477450              0.5627438 0.6181216 0.6033083 0.6884335 0.7278856 0.7586367 0.7853219 0.4020738 0.3934395 0.0000000 0.4427413 0.3970973 0.4080401 0.4918320 0.7555213 0.7094979 0.7759359 0.7471410 0.7532496 0.7672377 0.7508802 0.7074770 0.7638748 0.8291505 0.8869922 0.8391687 0.6869394 0.7425208 0.7338833 0.7031181 0.6944374 0.4586217 0.5731426 0.5812511 0.6111531 0.7855599 0.5980486 0.6034593 0.6909820 0.5977376 0.6140931 0.7175396 0.7966001 0.5043064 0.4877009 0.4356823 0.5095233 0.8500626 0.8827484 0.9151579 0.9648487 0.9422128 1.0026831 0.9226839 0.8636389 0.9073795 0.8918763 0.9006451 0.9222807 0.9055437 0.8844775 0.8297465 0.8954527 0.9651393 0.9099794 0.8929767 0.9174978 0.9053988 0.9277343 0.8851695 0.9270644 0.9268204 0.8893234 0.8819683 0.8641254 0.9308771 1.1808447 0.9479678 0.8883874 0.9758378 0.9211798 0.8543147 0.8671246 0.8128939 0.7767236 0.7514727 0.8645312 0.7165327 0.6790653 0.6088963 0.5881993 0.7595060 0.5894097 0.5785567 0.6336045 0.6676556 2.0762395 2.1286927 2.0591228 3.0165424 
A1.CY.07.CY208.JF683760                0.5647475 0.6246999 0.5861868 0.6693084 0.7342652 0.7643481 0.7612113 0.4287738 0.4159821 0.4427413 0.0000000 0.2419958 0.4204055 0.4961880 0.7533019 0.7271794 0.7898687 0.7451409 0.7540376 0.7578351 0.7383479 0.7189393 0.7662249 0.8311775 0.8846698 0.8601632 0.6962008 0.7343713 0.7535856 0.7021713 0.7188971 0.4737798 0.5831029 0.5838296 0.6301291 0.7732334 0.6094592 0.6132750 0.6893346 0.6085869 0.6218946 0.7302921 0.8165846 0.5063994 0.4864166 0.4632358 0.5087647 0.8578019 0.8805657 0.8975553 0.9345073 0.9118860 0.9565128 0.9315878 0.8606280 0.9177966 0.8818543 0.8780939 0.8980511 0.9021350 0.8754436 0.8219832 0.8762626 0.9548223 0.9140039 0.8683222 0.8991492 0.8889450 0.8858637 0.8699133 0.9185087 0.8594229 0.8681667 0.8507562 0.8336921 0.9136036 1.1601661 0.9438913 0.8720936 0.9160187 0.8890723 0.8366699 0.8489652 0.8198388 0.7756920 0.7471314 0.8473184 0.7096020 0.6662994 0.6216003 0.5755985 0.7671290 0.5799490 0.5803579 0.6029418 0.6747615 2.1158849 2.2196194 2.1059285 2.9250877 
A1.CY.05.CY051.FJ388903                0.5121582 0.5737605 0.5360042 0.6293166 0.6792976 0.7040817 0.7240638 0.3755220 0.3655446 0.3970973 0.2419958 0.0000000 0.3645832 0.4527265 0.6900718 0.6766963 0.7627694 0.6804554 0.7038587 0.7032940 0.6975864 0.6522406 0.7008839 0.7626924 0.8269647 0.8000447 0.6501644 0.6858437 0.6943020 0.6458358 0.6730045 0.4226017 0.5236716 0.5349921 0.5788228 0.7012166 0.5478588 0.5574435 0.6256585 0.5517762 0.5604023 0.6797647 0.7583439 0.4562666 0.4329485 0.3995753 0.4631507 0.8302092 0.8382011 0.8622092 0.8939118 0.8631501 0.9372368 0.8946909 0.8373092 0.8738477 0.8499173 0.8582086 0.8565064 0.8592942 0.8187108 0.7899542 0.8365898 0.9063772 0.8832513 0.8476302 0.8750872 0.8566324 0.8735387 0.8346125 0.8842965 0.8393892 0.8421015 0.8216546 0.8148157 0.8950375 1.1226218 0.9039069 0.8274450 0.8784092 0.8565761 0.8145127 0.8024052 0.7842095 0.7347977 0.6954930 0.7676427 0.6677201 0.6272142 0.5783783 0.5420383 0.7230266 0.5297719 0.5284343 0.5610855 0.6099169 2.0131441 2.0621885 2.0560139 2.9139345 
A1.UG.11.DEMA110UG001.KF859745         0.5134938 0.5746355 0.5265834 0.6157116 0.6797476 0.6895848 0.7248074 0.3939143 0.3886968 0.4080401 0.4204055 0.3645832 0.0000000 0.4562609 0.7212475 0.6748262 0.7528297 0.6832771 0.6878868 0.7033389 0.7072338 0.6570297 0.7154787 0.7736556 0.8301284 0.8230973 0.6522190 0.6752757 0.6888176 0.6579976 0.6690255 0.4235971 0.5426233 0.5510041 0.5962205 0.7449116 0.5641167 0.5786071 0.6477763 0.5544181 0.5875295 0.6870698 0.7724912 0.4596970 0.4493334 0.3968426 0.4541987 0.8195671 0.8395517 0.8712248 0.8831666 0.8790329 0.9160691 0.8693862 0.8047970 0.8437123 0.8468183 0.8582783 0.8293011 0.8586835 0.8269903 0.7838267 0.8450994 0.9138583 0.8702045 0.8248855 0.8668489 0.8452115 0.8542202 0.8403722 0.8688193 0.8467870 0.8295726 0.8139410 0.8022716 0.8639629 1.1416146 0.8995328 0.8180630 0.8734266 0.8745846 0.7846934 0.7926928 0.7590144 0.7291740 0.6715739 0.8098256 0.6674734 0.6141571 0.5552603 0.5362066 0.7119104 0.5261880 0.5226068 0.5688093 0.6113389 2.0155028 2.1097459 2.0248791 3.0282147 
A1C.UG.99.99UGF25926.AF484491          0.5754651 0.6321169 0.6178681 0.6856597 0.7514243 0.7917848 0.7855153 0.4833384 0.4725812 0.4918320 0.4961880 0.4527265 0.4562609 0.0000000 0.6104054 0.5783061 0.6645196 0.6282079 0.6331695 0.6423465 0.6327374 0.5949917 0.6325356 0.6814591 0.7397214 0.7378344 0.5691934 0.6200945 0.6156893 0.5527767 0.6008036 0.4804618 0.5942087 0.6117672 0.6370290 0.7961357 0.6255894 0.6364909 0.7003464 0.6210042 0.6379972 0.7442492 0.8173195 0.5140938 0.5030618 0.4684063 0.5426856 0.8929596 0.9310105 0.9543542 0.9640935 0.9613540 1.0139549 0.9522464 0.8839522 0.9379880 0.9245080 0.9301770 0.9064290 0.9521779 0.8989070 0.8546861 0.9040258 0.9793496 0.9419767 0.9085290 0.9270925 0.9096107 0.9270619 0.9173798 0.9476497 0.9196677 0.8971479 0.8903233 0.8734303 0.9462950 1.2378893 0.9566610 0.8864188 0.9372620 0.9436517 0.8637269 0.8940444 0.8297075 0.7935484 0.7533929 0.8788670 0.7186669 0.7106376 0.6340873 0.6162177 0.7585987 0.5987435 0.5799136 0.6307951 0.6848222 2.0768011 2.1420581 2.1552537 2.9879901 
A1C.IN.15.SC017.KY713232               0.8318815 0.9050470 0.8821656 0.9239018 1.0296300 1.0621961 1.0273823 0.7406177 0.7203928 0.7555213 0.7533019 0.6900718 0.7212475 0.6104054 0.0000000 0.6379521 0.6939313 0.6397276 0.6697933 0.6814114 0.6594358 0.6344795 0.6778109 0.7263245 0.7832438 0.7873267 0.5867765 0.6363276 0.6462932 0.5914995 0.6187153 0.7254321 0.8541421 0.8689879 0.9092059 1.0465475 0.8720400 0.8866533 0.9325081 0.8856421 0.8875050 1.0111617 1.0676292 0.7783205 0.7644039 0.7307194 0.7977620 1.1500823 1.1503116 1.1923730 1.2303909 1.1812881 1.2852802 1.2190401 1.1399423 1.1914947 1.1856220 1.1623440 1.1576058 1.1737046 1.1756787 1.1250010 1.1651132 1.2221049 1.1876729 1.1764924 1.1860001 1.1776574 1.1728313 1.1468481 1.1959365 1.1379503 1.1452008 1.1314794 1.1310086 1.1851308 1.4525624 1.2118739 1.1519817 1.2023511 1.1760996 1.1312894 1.1332282 1.0741169 1.0515717 1.0104584 1.1303101 0.9724952 0.9733376 0.8900935 0.8672946 1.0188912 0.8551517 0.8600064 0.8880186 0.9503533 2.2234022 2.3463250 2.3642264 3.3153626 
C.IL.99.99ET14.AY255825                0.7811757 0.8371867 0.8201138 0.8966148 0.9565709 0.9746247 0.9956990 0.7121087 0.6749940 0.7094979 0.7271794 0.6766963 0.6748262 0.5783061 0.6379521 0.0000000 0.4455220 0.4176454 0.4389336 0.4620863 0.4373505 0.3928933 0.4443557 0.5162185 0.5696014 0.5409739 0.3715759 0.4192297 0.4164936 0.3772219 0.3898140 0.6963335 0.8131576 0.8436581 0.8514401 1.0202896 0.8369850 0.8399832 0.9215316 0.8413153 0.8485138 0.9697847 1.0341967 0.7361069 0.7322025 0.6966719 0.7606090 1.0944403 1.1154482 1.1482741 1.1723640 1.1818988 1.2405303 1.1775774 1.1037114 1.1609010 1.1303051 1.1470194 1.1010267 1.1630263 1.1308416 1.0736016 1.1394279 1.2115804 1.1861521 1.1196963 1.1557379 1.1470329 1.1597463 1.1560501 1.1397730 1.1405746 1.1495672 1.0912204 1.1214881 1.1601330 1.4275860 1.1958487 1.1196265 1.1862502 1.1819276 1.1001420 1.1014440 1.0653101 1.0458957 0.9981989 1.1044385 0.9324385 0.9219292 0.8396562 0.8287276 1.0013828 0.8095484 0.8044616 0.8437227 0.9123895 2.3184110 2.3987649 2.3349219 3.1957190 
C.SE.09.035ZA.MF373148                 0.8489345 0.9056977 0.8847337 0.9714106 1.0583883 1.0611872 1.0574685 0.7724787 0.7560163 0.7759359 0.7898687 0.7627694 0.7528297 0.6645196 0.6939313 0.4455220 0.0000000 0.4937029 0.5011359 0.5226804 0.4925944 0.4776543 0.5036029 0.5908865 0.6321389 0.6049332 0.4436028 0.4835447 0.4930559 0.4492905 0.4576454 0.7832077 0.8860548 0.9063868 0.9203187 1.0748121 0.9145630 0.9192336 0.9849707 0.9210036 0.9113260 1.0369072 1.1109163 0.8115679 0.8016915 0.7704967 0.8089831 1.1715636 1.1890880 1.2548968 1.2712584 1.2604700 1.3013898 1.2595666 1.1736282 1.2084095 1.2273664 1.2094809 1.1925946 1.2321510 1.2138836 1.1464643 1.1812732 1.3070864 1.2748655 1.2189492 1.2287218 1.2240476 1.2292314 1.2167618 1.2573287 1.2017650 1.1914996 1.1819099 1.1904748 1.2467328 1.4496655 1.2466314 1.2010286 1.2385335 1.2512696 1.1727603 1.2037744 1.1185826 1.0964121 1.0665911 1.1914041 1.0304355 1.0357761 0.9345230 0.9004465 1.0720818 0.8991479 0.8905925 0.9162885 0.9720384 2.3734165 2.4891257 2.4185227 3.2962157 
C.ZA.04.04ZASK135B1.DQ011166           0.7854648 0.8617683 0.8438877 0.9182983 0.9964056 1.0201722 1.0160475 0.7143167 0.7170948 0.7471410 0.7451409 0.6804554 0.6832771 0.6282079 0.6397276 0.4176454 0.4937029 0.0000000 0.3152911 0.3378099 0.3662877 0.3382937 0.3805919 0.4544816 0.5040537 0.4734385 0.3339892 0.4136184 0.4146816 0.3667662 0.3866672 0.7216206 0.8374523 0.8577058 0.8747972 1.0324738 0.8691135 0.8590598 0.9360885 0.8512362 0.8638098 0.9983754 1.0625855 0.7654004 0.7557569 0.7140609 0.7846073 1.0920480 1.1308278 1.1956831 1.1954338 1.1977273 1.2125039 1.1847541 1.1023374 1.1448340 1.1325232 1.1529259 1.1032574 1.1653084 1.1160426 1.0624223 1.1351930 1.1956117 1.1994744 1.1431531 1.1752948 1.1821756 1.1930761 1.1343415 1.1605904 1.1581854 1.1305691 1.1017689 1.1264045 1.1624171 1.4119015 1.2208970 1.1174715 1.1480119 1.1704648 1.1182183 1.0944291 1.0871286 1.0447383 0.9945141 1.1230151 0.9603153 0.9365265 0.8620016 0.8413558 0.9962730 0.8343836 0.8111577 0.8473892 0.9133074 2.2602243 2.3950157 2.3188663 3.2864557 
C.ZA.03.03ZAPS130MB1.DQ275658          0.8102712 0.8904099 0.8540295 0.9310803 1.0169245 1.0090980 1.0109431 0.7120575 0.7095696 0.7532496 0.7540376 0.7038587 0.6878868 0.6331695 0.6697933 0.4389336 0.5011359 0.3152911 0.0000000 0.2808750 0.3722763 0.3384058 0.3891589 0.4588879 0.5188999 0.4951531 0.3407583 0.4202128 0.4226710 0.3838040 0.3942962 0.7312073 0.8480519 0.8649213 0.8917883 1.0366840 0.8590439 0.8583865 0.9498239 0.8796291 0.8720034 0.9915010 1.0856903 0.7617392 0.7667664 0.7277475 0.7730667 1.1080152 1.1737485 1.1695017 1.2064735 1.2032798 1.2283379 1.2072062 1.1376092 1.1689745 1.1756291 1.1500965 1.1340330 1.1667210 1.1492773 1.0861969 1.1578033 1.2491163 1.2297135 1.1925914 1.1901193 1.1717469 1.1914150 1.1552570 1.1866302 1.1766511 1.1640657 1.1381647 1.1469698 1.1785968 1.4589867 1.2331548 1.1534551 1.2021304 1.1758103 1.1338533 1.1332545 1.0711905 1.0361388 1.0126152 1.1315305 0.9739079 0.9634231 0.8923176 0.8439669 1.0004134 0.8613187 0.8265232 0.8679936 0.9396903 2.3177212 2.4583796 2.3700910 3.2523752 
C.ZA.97.97ZA012.AF286227               0.8250250 0.8775820 0.8758440 0.9599021 1.0261609 1.0446213 1.0618048 0.7406059 0.7311072 0.7672377 0.7578351 0.7032940 0.7033389 0.6423465 0.6814114 0.4620863 0.5226804 0.3378099 0.2808750 0.0000000 0.3879127 0.3682120 0.4057186 0.4899766 0.5236814 0.5148837 0.3637156 0.4450507 0.4474197 0.4092934 0.4052938 0.7414925 0.8818869 0.9012377 0.8935981 1.0942994 0.8898936 0.8901805 0.9772886 0.8912357 0.9107102 1.0240291 1.0999833 0.7859486 0.7808902 0.7378592 0.7992483 1.1345157 1.1866998 1.2066620 1.2132072 1.2429476 1.2562470 1.1907891 1.1455138 1.1943720 1.1782079 1.1776644 1.1693258 1.1985237 1.1874472 1.1022879 1.1533986 1.2496389 1.2314802 1.1853382 1.2235914 1.2238836 1.2153474 1.1977792 1.1925113 1.2037263 1.1708970 1.1555084 1.1594212 1.2034616 1.4801374 1.2391728 1.1504264 1.2257847 1.1853153 1.1176682 1.1658421 1.0949864 1.0519072 1.0050458 1.1320867 0.9509100 0.9891788 0.9160010 0.8831021 1.0459886 0.8602735 0.8545154 0.8840173 0.9452938 2.3142041 2.4502741 2.4563078 3.2498304 
C.BW.98.98BWMC14A3.AF443078            0.8276345 0.8812241 0.8668629 0.9414196 1.0361886 1.0593542 1.0237304 0.7298517 0.7161031 0.7508802 0.7383479 0.6975864 0.7072338 0.6327374 0.6594358 0.4373505 0.4925944 0.3662877 0.3722763 0.3879127 0.0000000 0.3394088 0.3810333 0.4566801 0.5195008 0.5049484 0.3399539 0.4235753 0.4185520 0.3826559 0.3959789 0.7476966 0.8633353 0.8774561 0.9322988 1.0399587 0.8928984 0.8825259 0.9782275 0.8933725 0.9165152 1.0072499 1.0541095 0.7876914 0.7792428 0.7495642 0.7920986 1.1715719 1.2012079 1.1910300 1.2350587 1.2352903 1.2775505 1.2301794 1.1679922 1.2169240 1.1891908 1.2156600 1.1634498 1.2247577 1.1928327 1.1385054 1.1744949 1.2411435 1.2130294 1.1949817 1.2098123 1.1897299 1.2116977 1.1733698 1.2263357 1.2158021 1.1702735 1.1570908 1.1800993 1.2300279 1.4564883 1.2608489 1.1723015 1.2141652 1.2240038 1.1395739 1.1711012 1.0876825 1.0555085 1.0310996 1.1339208 1.0149475 0.9745487 0.8970406 0.8804778 1.0090688 0.8447251 0.8339819 0.8809728 0.9369360 2.3001076 2.3999580 2.2879157 3.1227475 
C.ZA.99.99ZALT4.EU293444               0.7843542 0.8638121 0.8148856 0.8862824 0.9741845 0.9667646 0.9784483 0.6864948 0.6941718 0.7074770 0.7189393 0.6522406 0.6570297 0.5949917 0.6344795 0.3928933 0.4776543 0.3382937 0.3384058 0.3682120 0.3394088 0.0000000 0.3039844 0.4236055 0.4707291 0.4519646 0.2978719 0.3893832 0.3891942 0.3429673 0.3471217 0.7042402 0.8022980 0.8411408 0.8607149 0.9919794 0.8437590 0.8548276 0.9235723 0.8597203 0.8628857 0.9600274 1.0302254 0.7331477 0.7247653 0.6812996 0.7521825 1.0683097 1.0941221 1.1633588 1.1631392 1.1608047 1.2179335 1.1701912 1.0706242 1.1438080 1.1358274 1.1532549 1.1074311 1.1369598 1.1061265 1.0469360 1.0950444 1.1958729 1.1491586 1.1411286 1.1599456 1.1317845 1.1389666 1.0937485 1.1283808 1.0917571 1.0900857 1.0900445 1.0878208 1.1428496 1.4213884 1.1752046 1.0910582 1.1394852 1.1270390 1.0745872 1.0791800 1.0454808 1.0075787 0.9897410 1.0887085 0.9120680 0.9382425 0.8546313 0.8163672 0.9845695 0.8260604 0.8068556 0.8510078 0.9277743 2.2657451 2.3773007 2.2694908 3.1414177 
C.ZA.02.02ZAPS015MB1.DQ369995          0.8339062 0.8866183 0.8736803 0.9480005 1.0210332 1.0531022 1.0342029 0.7261584 0.7300328 0.7638748 0.7662249 0.7008839 0.7154787 0.6325356 0.6778109 0.4443557 0.5036029 0.3805919 0.3891589 0.4057186 0.3810333 0.3039844 0.0000000 0.4747354 0.5236212 0.4936140 0.3553697 0.4437730 0.4249693 0.3922630 0.4080840 0.7479664 0.8444446 0.8586274 0.8893249 1.0339376 0.8787458 0.8880742 0.9568075 0.8719216 0.8916628 1.0064040 1.0701893 0.7799182 0.7897154 0.7274506 0.8120596 1.1185700 1.1383471 1.1804961 1.2119983 1.2046956 1.2524609 1.1869194 1.1159524 1.1795009 1.1725721 1.1611962 1.1427132 1.1709994 1.1624416 1.0996319 1.1459996 1.2339111 1.2034232 1.1741146 1.1653624 1.1612771 1.1827892 1.1573204 1.1890969 1.1529080 1.1698231 1.1322328 1.1430586 1.2058717 1.4722617 1.2357879 1.1260320 1.2014909 1.1652317 1.1195123 1.1162949 1.0891855 1.0619323 1.0065293 1.1469781 0.9767689 0.9934557 0.8945127 0.8552749 1.0400997 0.8633827 0.8694288 0.8983601 0.9711995 2.3857759 2.4669270 2.3141767 3.3146546 
C.GB.14.13659_1_48.3.MF109437          0.8678519 0.9537741 0.9264508 0.9604611 1.0610572 1.0785550 1.0649057 0.7914274 0.7929452 0.8291505 0.8311775 0.7626924 0.7736556 0.6814591 0.7263245 0.5162185 0.5908865 0.4544816 0.4588879 0.4899766 0.4566801 0.4236055 0.4747354 0.0000000 0.5592044 0.5244875 0.4066663 0.4950522 0.5012613 0.4658842 0.4687984 0.7841711 0.9152794 0.9298162 0.9486565 1.1119710 0.9450005 0.9371014 1.0255695 0.9320926 0.9470835 1.0668635 1.1456859 0.8630231 0.8502840 0.7904703 0.8499119 1.1917240 1.2403269 1.2773415 1.2702283 1.2862268 1.3224594 1.2610565 1.1897776 1.2412393 1.2321362 1.2583948 1.2210902 1.2307904 1.2096823 1.1531462 1.2167054 1.3133400 1.2773865 1.2033751 1.2648751 1.2479032 1.2588035 1.2291704 1.2728899 1.2476685 1.2110193 1.2091093 1.1827000 1.2601246 1.5488379 1.3073873 1.2083396 1.2693271 1.2584446 1.1908949 1.2238244 1.1623157 1.1227764 1.0747661 1.2195120 1.0581644 1.0144295 0.9355604 0.9143552 1.0663079 0.9094062 0.9070343 0.9200602 1.0132316 2.4057164 2.4335715 2.4526884 3.3425805 
BC.CN.07.07CNYN340.KF835526            0.9447722 1.0270197 0.9898729 1.0376270 1.1215459 1.1275487 1.1275528 0.8489477 0.8547530 0.8869922 0.8846698 0.8269647 0.8301284 0.7397214 0.7832438 0.5696014 0.6321389 0.5040537 0.5188999 0.5236814 0.5195008 0.4707291 0.5236212 0.5592044 0.0000000 0.4035908 0.4754943 0.5538043 0.5695874 0.5187580 0.5258924 0.8500535 0.9578658 0.9914837 1.0124758 1.1735997 0.9857103 0.9961113 1.0765719 0.9981697 1.0030500 1.1586998 1.1987517 0.8940709 0.8945227 0.8412679 0.8949771 1.2459766 1.2579796 1.2707036 1.3078327 1.3166946 1.3404002 1.3083034 1.2264602 1.2951859 1.2889241 1.3058843 1.2495015 1.2565347 1.2493651 1.1821131 1.2477827 1.3689968 1.3035296 1.2635121 1.2867364 1.2888201 1.3036639 1.2788096 1.2932807 1.2645790 1.2455233 1.2734976 1.2574548 1.3209715 1.5864642 1.3484632 1.2721190 1.3292366 1.2690033 1.2177711 1.2091827 1.1986090 1.1733848 1.1301727 1.2761493 1.1042882 1.0932513 1.0362579 0.9887626 1.1524409 0.9996879 0.9878836 1.0012192 1.0643431 2.4315661 2.5730931 2.5174866 3.3680350 
85_BC.CN.14.14CN_SCYB4.KU992932        0.9230742 1.0019318 0.9692414 1.0590814 1.1244246 1.1508497 1.1397981 0.8267934 0.8407779 0.8391687 0.8601632 0.8000447 0.8230973 0.7378344 0.7873267 0.5409739 0.6049332 0.4734385 0.4951531 0.5148837 0.5049484 0.4519646 0.4936140 0.5244875 0.4035908 0.0000000 0.4509896 0.5328199 0.5232454 0.4802562 0.5006600 0.8431405 0.9570592 0.9952218 0.9921495 1.1612926 0.9712402 0.9980940 1.0849282 0.9956067 1.0072189 1.1183227 1.2087194 0.8841878 0.8735387 0.8339404 0.9030400 1.2194777 1.2437753 1.2991531 1.2702784 1.2844660 1.3487500 1.3075499 1.2097603 1.2495763 1.2241685 1.2820859 1.1952192 1.2626187 1.2496706 1.1807648 1.2244375 1.2975146 1.3008135 1.2644602 1.2659737 1.2474156 1.2621444 1.2384603 1.2724161 1.2408235 1.2374719 1.2350858 1.2383532 1.2989733 1.5773930 1.3007161 1.2508655 1.2906448 1.2586560 1.2108497 1.2063816 1.2123612 1.1935116 1.1213922 1.2749828 1.1007713 1.0730404 1.0119933 0.9935111 1.1616631 0.9744751 0.9611236 0.9996798 1.0473134 2.4006289 2.5252262 2.4796877 3.3492571 
C.BW.00.00BW076820.AF443089            0.7549448 0.8368357 0.8018288 0.8758195 0.9446397 0.9709633 0.9775378 0.6731793 0.6689634 0.6869394 0.6962008 0.6501644 0.6522190 0.5691934 0.5867765 0.3715759 0.4436028 0.3339892 0.3407583 0.3637156 0.3399539 0.2978719 0.3553697 0.4066663 0.4754943 0.4509896 0.0000000 0.3609043 0.3655216 0.3243522 0.3412201 0.6817330 0.7811639 0.8292320 0.8553119 0.9951347 0.8358955 0.8322638 0.9058820 0.8178732 0.8428871 0.9514765 1.0330095 0.7150793 0.7208115 0.6729920 0.7365487 1.0544130 1.0848850 1.1042939 1.1623908 1.1509352 1.1815062 1.1335171 1.0449913 1.1012569 1.0881913 1.1061969 1.0570676 1.0947648 1.0941488 1.0231105 1.0888660 1.1680056 1.1189541 1.0946763 1.1147465 1.1230646 1.1113643 1.0910089 1.1062973 1.1127141 1.0816568 1.0720099 1.0742235 1.1525390 1.3907205 1.1647059 1.0801695 1.1268858 1.1298601 1.0660143 1.0779060 1.0198510 1.0160501 0.9536020 1.0669175 0.8984201 0.9145761 0.8362193 0.7984271 0.9467374 0.7835105 0.7716545 0.8149623 0.8866581 2.2523589 2.3074832 2.2685556 3.1621460 
C.ZA.04.04ZASK170B1.DQ093595           0.7966503 0.8553031 0.8413446 0.9034495 0.9685293 0.9941205 0.9937667 0.6905227 0.7023334 0.7425208 0.7343713 0.6858437 0.6752757 0.6200945 0.6363276 0.4192297 0.4835447 0.4136184 0.4202128 0.4450507 0.4235753 0.3893832 0.4437730 0.4950522 0.5538043 0.5328199 0.3609043 0.0000000 0.3441391 0.2983212 0.3406990 0.7020745 0.8205034 0.8623946 0.8662730 1.0286910 0.8577955 0.8555025 0.9332086 0.8412581 0.8609746 0.9888837 1.0283651 0.7605297 0.7415039 0.7011841 0.7535051 1.0974977 1.1155366 1.1639722 1.1691632 1.1688919 1.2517342 1.1755589 1.0697210 1.1627945 1.1387522 1.1521953 1.1300751 1.1562488 1.1171509 1.0746560 1.1095857 1.2068240 1.1732363 1.1306467 1.1383858 1.1447824 1.1513706 1.1172420 1.1447141 1.1471466 1.1361844 1.1088576 1.1249517 1.1808681 1.4044611 1.1919946 1.1168655 1.1672758 1.1635538 1.0899294 1.1005491 1.0479561 1.0035687 0.9899316 1.0979008 0.9398775 0.9291827 0.8500517 0.8273352 1.0032016 0.8231564 0.8232916 0.8517301 0.9294016 2.2967808 2.4035446 2.3315793 3.1807030 
C.TZ.02.CO6721.AY734560                0.8060934 0.8499278 0.8327496 0.9063907 0.9453990 0.9921646 1.0057942 0.7078958 0.7202977 0.7338833 0.7535856 0.6943020 0.6888176 0.6156893 0.6462932 0.4164936 0.4930559 0.4146816 0.4226710 0.4474197 0.4185520 0.3891942 0.4249693 0.5012613 0.5695874 0.5232454 0.3655216 0.3441391 0.0000000 0.2471974 0.3411293 0.7082059 0.8329797 0.8577664 0.8600811 1.0186312 0.8517619 0.8710404 0.9581510 0.8538697 0.8710470 0.9760365 1.0372638 0.7603112 0.7561480 0.7089991 0.7533200 1.1015909 1.1035813 1.1538814 1.1564218 1.1830924 1.2042846 1.1669438 1.0847515 1.1433451 1.1151192 1.1383870 1.0885157 1.1242728 1.1064454 1.0687815 1.0999316 1.1937049 1.1640387 1.1243124 1.1269726 1.1226545 1.1393951 1.1369661 1.1457521 1.1395528 1.1460652 1.0935828 1.1096638 1.1701267 1.4438227 1.1877940 1.1285539 1.1814909 1.1730179 1.0856293 1.0863978 1.0524328 1.0209083 0.9669852 1.0901662 0.9299090 0.9453105 0.8491945 0.8207342 0.9804126 0.8295706 0.8129266 0.8467733 0.9232678 2.3182916 2.3669496 2.3176997 3.3118627 
C.TZ.01.BD39_8.AY253313                0.7659477 0.8290367 0.8091744 0.8923801 0.9503829 0.9586013 0.9538309 0.6758072 0.6588099 0.7031181 0.7021713 0.6458358 0.6579976 0.5527767 0.5914995 0.3772219 0.4492905 0.3667662 0.3838040 0.4092934 0.3826559 0.3429673 0.3922630 0.4658842 0.5187580 0.4802562 0.3243522 0.2983212 0.2471974 0.0000000 0.3099789 0.6727028 0.7832116 0.8191904 0.8381934 0.9800509 0.8079010 0.8226765 0.9120597 0.8127764 0.8195427 0.9299885 0.9990105 0.7093411 0.7218176 0.6600965 0.7308382 1.0577372 1.0820586 1.0963951 1.1299066 1.1401212 1.1658773 1.1318902 1.0501714 1.1058119 1.1161653 1.1357741 1.0620762 1.0948685 1.0568995 1.0288651 1.0645639 1.1475226 1.1341937 1.0967963 1.1015072 1.0975447 1.1044993 1.0894440 1.1115956 1.0988796 1.0967248 1.0720699 1.0698517 1.1380739 1.4021290 1.1572297 1.0657100 1.1155453 1.0930252 1.0464496 1.0487382 1.0112299 0.9822971 0.9459419 1.0598342 0.8900643 0.9088379 0.8130826 0.8179818 0.9520735 0.7920220 0.7946610 0.8097153 0.8798737 2.2386869 2.3839612 2.3003165 3.2066064 
C.ZA.03.03ZAPS067MB2.DQ396389          0.7826404 0.8564906 0.7990720 0.8846436 0.9664378 0.9652781 0.9857152 0.6850356 0.6738014 0.6944374 0.7188971 0.6730045 0.6690255 0.6008036 0.6187153 0.3898140 0.4576454 0.3866672 0.3942962 0.4052938 0.3959789 0.3471217 0.4080840 0.4687984 0.5258924 0.5006600 0.3412201 0.3406990 0.3411293 0.3099789 0.0000000 0.7076525 0.8189601 0.8626662 0.8691204 1.0139383 0.8577053 0.8506113 0.9084022 0.8510808 0.8637314 0.9598557 1.0367470 0.7368300 0.7409478 0.6884651 0.7442025 1.0801634 1.0910597 1.1516105 1.1178603 1.1636766 1.1996128 1.1510898 1.0779710 1.1334028 1.1030371 1.1096018 1.0748841 1.1220101 1.0926152 1.0477664 1.1065495 1.1753681 1.1409006 1.1111239 1.1200300 1.1076271 1.1160790 1.1045637 1.1275661 1.1217342 1.0930880 1.0828745 1.0898585 1.1511495 1.3897553 1.1453147 1.0963515 1.1537346 1.1163053 1.0768396 1.1021174 1.0200423 1.0230410 0.9754640 1.0937166 0.9280812 0.9186618 0.8376130 0.8216193 0.9848903 0.7957578 0.7981917 0.8267005 0.8938613 2.2665897 2.3418960 2.2780067 3.2213625 
A1D.UG.99.99UGJ21953.AF484496          0.5706477 0.5955006 0.5733329 0.6666860 0.7463982 0.7438379 0.7732742 0.4567898 0.4419871 0.4586217 0.4737798 0.4226017 0.4235971 0.4804618 0.7254321 0.6963335 0.7832077 0.7216206 0.7312073 0.7414925 0.7476966 0.7042402 0.7479664 0.7841711 0.8500535 0.8431405 0.6817330 0.7020745 0.7082059 0.6727028 0.7076525 0.0000000 0.5854498 0.5903406 0.6271686 0.7777281 0.6025651 0.6176781 0.6906482 0.5979866 0.6204892 0.7341775 0.7946106 0.5055098 0.4824837 0.4513778 0.5060185 0.8768509 0.8788017 0.9279972 0.9458756 0.9180945 0.9514252 0.9182219 0.8525876 0.9092542 0.8897237 0.8959949 0.8913582 0.9176139 0.8790422 0.8278273 0.8878768 0.9536290 0.9092116 0.8834315 0.9147057 0.9019867 0.9223270 0.8699215 0.9274687 0.9122572 0.8854810 0.8667179 0.8524928 0.9279162 1.1719928 0.9437837 0.8818477 0.9320710 0.9158447 0.8355731 0.8498148 0.8179377 0.7863248 0.7316608 0.8593585 0.6938311 0.6793416 0.6256493 0.5772431 0.7571929 0.5695102 0.5625315 0.6114514 0.6541992 2.0599226 2.1355189 2.0922467 3.0332679 
01_AE.CN.02.YN0236.JX112866            0.6040069 0.6765055 0.6523430 0.7256008 0.7790320 0.8173568 0.8069665 0.5704538 0.5564598 0.5731426 0.5831029 0.5236716 0.5426233 0.5942087 0.8541421 0.8131576 0.8860548 0.8374523 0.8480519 0.8818869 0.8633353 0.8022980 0.8444446 0.9152794 0.9578658 0.9570592 0.7811639 0.8205034 0.8329797 0.7832116 0.8189601 0.5854498 0.0000000 0.1583694 0.2067645 0.3609649 0.2016318 0.2013695 0.2908002 0.2157366 0.2454267 0.4632447 0.5349562 0.4196750 0.5262680 0.4964570 0.5462178 0.9100526 0.9121680 0.9461813 0.9807802 0.9514036 1.0050782 0.9738716 0.9138399 0.9600300 0.9390373 0.9602899 0.9316999 0.9540602 0.8899080 0.8681414 0.9241987 1.0061520 0.9435451 0.9266230 0.9919013 0.9471060 0.9987307 0.9665043 0.9613250 0.9530852 0.9411297 0.9268654 0.9018168 0.9558498 1.2229122 0.9966768 0.9216183 0.9809539 0.9752878 0.8794898 0.9126035 0.8328803 0.8229524 0.7864180 0.8942010 0.7693284 0.7337277 0.6770576 0.6475504 0.8370408 0.6395788 0.6432397 0.6809391 0.7421342 2.1903901 2.2683125 2.2080823 3.1486333 
01_AE.TH.99.99TH_C4460.AY945726        0.6282630 0.6755537 0.6777455 0.7426570 0.7909588 0.8303289 0.8363863 0.5663979 0.5786737 0.5812511 0.5838296 0.5349921 0.5510041 0.6117672 0.8689879 0.8436581 0.9063868 0.8577058 0.8649213 0.9012377 0.8774561 0.8411408 0.8586274 0.9298162 0.9914837 0.9952218 0.8292320 0.8623946 0.8577664 0.8191904 0.8626662 0.5903406 0.1583694 0.0000000 0.2176059 0.3669137 0.2058827 0.2101142 0.2954769 0.2148121 0.2515871 0.4814936 0.5550668 0.4444405 0.5257284 0.5090461 0.5629738 0.9272236 0.9621145 0.9984792 1.0260903 1.0025615 1.0519928 1.0129617 0.9616177 1.0179930 0.9910735 1.0191374 0.9911308 0.9995656 0.9344343 0.9210029 0.9535833 1.0414749 1.0132746 0.9794929 1.0139674 0.9934242 1.0186434 1.0001445 1.0076267 0.9903764 0.9761548 0.9838009 0.9267794 0.9977970 1.2555401 1.0372935 0.9592938 1.0128211 1.0187590 0.9282961 0.9464578 0.8686808 0.8657016 0.8101507 0.9179895 0.7751887 0.7523611 0.6949557 0.6693888 0.8361549 0.6441906 0.6676673 0.6930270 0.7421386 2.2031570 2.2713799 2.2310741 3.1844115 
01_AE.CN.07.GX070143.JX112835          0.6513841 0.7224681 0.6833839 0.7686303 0.8265126 0.8480649 0.8685200 0.6041053 0.6123608 0.6111531 0.6301291 0.5788228 0.5962205 0.6370290 0.9092059 0.8514401 0.9203187 0.8747972 0.8917883 0.8935981 0.9322988 0.8607149 0.8893249 0.9486565 1.0124758 0.9921495 0.8553119 0.8662730 0.8600811 0.8381934 0.8691204 0.6271686 0.2067645 0.2176059 0.0000000 0.4076929 0.2425013 0.2518637 0.3391090 0.2601380 0.2894505 0.5139952 0.5853172 0.4809158 0.5736038 0.5524625 0.6066533 0.9511445 0.9547306 1.0097207 1.0499617 1.0249203 1.0582080 1.0346873 0.9725876 1.0133569 0.9959174 1.0125221 1.0123662 1.0095601 0.9742747 0.9306385 0.9845212 1.0603293 1.0244269 0.9735801 1.0183687 1.0045187 1.0290563 1.0219723 1.0295965 1.0096808 1.0074159 0.9919468 0.9479071 1.0217643 1.3206311 1.0520845 0.9884034 1.0333861 1.0210747 0.9466945 0.9416869 0.9127746 0.8735382 0.8307223 0.9356214 0.8246469 0.7926278 0.7296542 0.6902609 0.8866900 0.6781177 0.6856239 0.7266931 0.7696670 2.2579863 2.3239315 2.2685891 3.1355995 
69_01B.JP.05.05JPMYC113SP420.LC027100  0.7926313 0.8458714 0.8217730 0.8817586 0.9552907 0.9752457 0.9842577 0.7654867 0.7569575 0.7855599 0.7732334 0.7012166 0.7449116 0.7961357 1.0465475 1.0202896 1.0748121 1.0324738 1.0366840 1.0942994 1.0399587 0.9919794 1.0339376 1.1119710 1.1735997 1.1612926 0.9951347 1.0286910 1.0186312 0.9800509 1.0139383 0.7777281 0.3609649 0.3669137 0.4076929 0.0000000 0.3919910 0.3975192 0.4862374 0.4030090 0.4235138 0.6480481 0.7282885 0.6183434 0.7213672 0.6763068 0.7393359 1.1209976 1.1096118 1.1751465 1.2048013 1.1639152 1.2140203 1.2052839 1.1194366 1.1561779 1.1450516 1.1528964 1.1429080 1.1606992 1.1066995 1.0822787 1.1387000 1.2067440 1.1869179 1.1178636 1.1745612 1.1598712 1.1723543 1.1538340 1.2142910 1.1545018 1.1417885 1.1450676 1.1126463 1.1844822 1.4380300 1.1974772 1.1339152 1.1944445 1.1957227 1.1078038 1.0898219 1.0249549 1.0062811 0.9769416 1.0805152 0.9570937 0.9259364 0.8541872 0.8224791 0.9970742 0.8246082 0.8200020 0.8507963 0.9043881 2.4226838 2.4043365 2.3841628 3.2586438 
01_AE.TH.07.AA030a04.JX447057          0.6265289 0.6985543 0.6763234 0.7567829 0.8078768 0.8417740 0.8319612 0.5789935 0.5907478 0.5980486 0.6094592 0.5478588 0.5641167 0.6255894 0.8720400 0.8369850 0.9145630 0.8691135 0.8590439 0.8898936 0.8928984 0.8437590 0.8787458 0.9450005 0.9857103 0.9712402 0.8358955 0.8577955 0.8517619 0.8079010 0.8577053 0.6025651 0.2016318 0.2058827 0.2425013 0.3919910 0.0000000 0.2327599 0.3208239 0.2400082 0.2721580 0.5083206 0.5626370 0.4507095 0.5393776 0.5228214 0.5807016 0.9522964 0.9613534 0.9846693 1.0058410 0.9943649 1.0293378 1.0281672 0.9451098 1.0041977 0.9719274 1.0077041 0.9893264 0.9881905 0.9233048 0.9077302 0.9662487 1.0724244 1.0103203 0.9855999 1.0328030 1.0071346 1.0311439 0.9979620 1.0242497 0.9974583 0.9639697 0.9717209 0.9578537 0.9871052 1.2755130 1.0474427 0.9591980 1.0161767 1.0015589 0.9231747 0.9541836 0.8761524 0.8512236 0.8128555 0.9339944 0.8032033 0.7679535 0.7133193 0.6767014 0.8636769 0.6571446 0.6755813 0.6965133 0.7528037 2.2043061 2.2927387 2.2548652 3.1927844 
01_AE.CN.07.07CNYN326.KF835513         0.6422186 0.7122246 0.6815956 0.7669175 0.8248660 0.8468256 0.8562457 0.5962290 0.6052804 0.6034593 0.6132750 0.5574435 0.5786071 0.6364909 0.8866533 0.8399832 0.9192336 0.8590598 0.8583865 0.8901805 0.8825259 0.8548276 0.8880742 0.9371014 0.9961113 0.9980940 0.8322638 0.8555025 0.8710404 0.8226765 0.8506113 0.6176781 0.2013695 0.2101142 0.2518637 0.3975192 0.2327599 0.0000000 0.3241511 0.2440092 0.2822072 0.5173146 0.5762244 0.4625701 0.5555966 0.5415228 0.5938304 0.9336664 0.9503035 0.9937401 1.0241256 1.0072115 1.0453005 1.0119556 0.9591483 1.0321436 0.9803480 0.9874765 0.9800697 1.0020966 0.9272844 0.9163322 0.9538040 1.0490653 1.0060110 0.9782320 1.0263410 1.0057063 1.0302449 1.0229881 1.0343667 0.9997160 0.9866085 0.9602241 0.9405651 1.0169165 1.2697181 1.0219443 0.9526488 1.0272245 1.0316268 0.9318047 0.9523273 0.8943675 0.8904862 0.8365125 0.9351876 0.8044915 0.7784234 0.7156213 0.6944110 0.8489184 0.6756579 0.6696467 0.7027187 0.7640256 2.2047661 2.2447271 2.2374812 3.1856098 
