100
F1.BR.10.DEMF110BR015.KU749395         0.0000000 1.1024015 1.2347385 1.2046176 1.1589164 1.1447056 1.0728496 1.1346871 1.0707673 1.1327470 1.0591411 1.0802202 1.1312039 1.0874405 1.0364989 1.1131182 1.1158538 1.0939324 0.7149773 0.9686568 0.9623063 0.9268908 0.9173579 0.8473781 0.8719417 1.1064936 1.0446571 0.8802929 0.7458215 0.8254097 1.1019764 1.0165213 0.9396783 0.9188134 0.9189082 0.9343754 0.9359496 0.8807801 0.9053248 0.8544514 0.8139345 0.8243139 0.8390610 0.8067201 0.8521389 0.7909622 0.8012186 0.7587738 0.7931213 0.8109277 0.8455500 0.7643284 0.7905177 0.7726043 0.7649222 0.7959678 0.8356014 1.1987511 0.9549920 0.9432466 0.9175272 0.9254305 0.8968983 0.9082407 0.8967243 0.8296729 0.8910656 0.9472226 0.8995787 0.8943828 0.9531771 0.8807984 0.9005551 0.8555972 0.9262325 0.9384434 0.8663600 0.9127977 0.9225847 0.8481538 0.8377078 0.8169670 0.8935399 0.8914407 0.8868576 0.8994287 0.8656173 0.8442869 0.8718531 0.8791229 0.8741784 0.8756696 0.8107169 0.7248437 0.8244411 0.7534476 2.7775373 2.0691993 2.1143024 2.1660336 
A1C.IN.15.SC017.KY713232               1.1024015 0.0000000 0.7988080 0.7554168 0.7171098 0.6703093 0.6160953 0.6729872 0.6043725 0.6112312 0.5902745 0.6561863 0.6771457 0.6162520 0.5809790 0.6473405 0.6420718 0.6772897 0.9570281 1.0564193 1.0981452 1.0338017 0.9819771 0.9651303 0.9587009 1.0810689 1.0276413 0.6277698 0.8057686 0.8068012 1.0611332 0.9697771 0.8904416 0.8865747 0.8658626 0.9055033 0.8937280 0.8549105 0.8535678 0.7452349 0.7441833 0.7235341 0.7336620 0.7254785 0.7329669 0.6918716 0.7780934 0.7234813 0.8849479 0.9339410 0.9139088 0.8507202 0.8527972 0.8809539 0.8821443 0.8660492 0.9368999 1.5054804 1.2701556 1.2439226 1.2362903 1.2443631 1.1967087 1.2021496 1.1824930 1.1133017 1.2025418 1.2090062 1.1688134 1.1847638 1.2657040 1.1704339 1.1993545 1.1775735 1.2116835 1.2061200 1.1753924 1.2022723 1.2018288 1.1567557 1.1615511 1.1133735 1.1795214 1.1958622 1.1300300 1.1787749 1.1552931 1.1424458 1.1491773 1.1531069 1.1950128 1.1491429 1.0761753 1.0284215 1.1182416 1.0556353 2.8258447 2.2529422 2.1534995 2.2221537 
BC.CN.07.07CNYN340.KF835526            1.2347385 0.7988080 0.0000000 0.4057209 0.5414024 0.5951075 0.5401963 0.5745020 0.5181729 0.5454953 0.5163224 0.5254105 0.5391130 0.4738219 0.4815429 0.5289774 0.5287942 0.5297290 1.0881539 1.1873712 1.1753388 1.1521387 1.0654996 1.0603668 1.0931206 1.1881661 1.1339428 0.7904065 0.9282947 0.9400765 1.2060127 1.0938575 1.0473029 1.0232991 0.9857409 1.0587781 1.0341147 0.9944140 0.9993305 0.8748878 0.8413068 0.8459383 0.8632998 0.8505264 0.8757556 0.8417541 0.9094583 0.8577026 0.9746948 1.0404729 1.0647837 0.9596651 0.9747207 0.9962911 0.9966915 1.0142100 1.0262165 1.6137443 1.3490945 1.3645580 1.3577838 1.3383268 1.3116004 1.3649637 1.3281785 1.2258350 1.2742687 1.3357062 1.2789414 1.2889359 1.3540283 1.3207705 1.2970296 1.2729046 1.3818207 1.3380530 1.3036609 1.3063765 1.3288638 1.2702929 1.2624285 1.2033406 1.3008942 1.2965024 1.2795619 1.3183484 1.2922195 1.2421888 1.2762573 1.2560978 1.2680319 1.2822227 1.2201563 1.1618500 1.2709743 1.1776720 2.9349401 2.3193427 2.3660255 2.4065752 
85_BC.CN.14.14CN_SCYB4.KU992932        1.2046176 0.7554168 0.4057209 0.0000000 0.5063851 0.5873445 0.5256517 0.5509587 0.5082718 0.5405941 0.4892267 0.4963104 0.5158576 0.4657454 0.4542628 0.5035225 0.4958083 0.5215867 1.0477201 1.1819920 1.1538150 1.1296165 1.0905872 1.0249907 1.1112145 1.1695446 1.0764048 0.7591384 0.8991898 0.9159259 1.1789877 1.0768772 1.0168264 1.0258808 0.9761889 1.0208087 0.9941005 0.9747685 0.9868083 0.8686818 0.8423639 0.8320613 0.8789107 0.8261761 0.8776992 0.8163538 0.8753418 0.8404162 0.9661971 1.0425880 1.0506405 0.9646458 0.9940943 1.0039752 0.9899096 0.9948738 1.0423684 1.5920101 1.3421720 1.3163813 1.3214398 1.3171021 1.2619363 1.2757723 1.2927549 1.2166387 1.2999208 1.2782978 1.2505407 1.2538706 1.2826255 1.2432289 1.2543068 1.2406212 1.2953373 1.2482243 1.2314566 1.2831920 1.2697889 1.2297984 1.2216590 1.1587768 1.2631240 1.2574460 1.2353717 1.2575208 1.2267976 1.2035896 1.2238935 1.2375754 1.2536863 1.2563241 1.1755505 1.1216330 1.2508654 1.1411041 2.9115902 2.3924564 2.3666983 2.4043108 
C.GB.14.13659_1_48.3.MF109437          1.1589164 0.7171098 0.5414024 0.5063851 0.0000000 0.5547523 0.4831818 0.5073405 0.4699753 0.4996764 0.4586251 0.4610473 0.4889607 0.4247347 0.4227065 0.4684379 0.4541180 0.4764966 1.0420390 1.1655827 1.1566284 1.1254909 1.0808659 1.0280852 1.0834446 1.1574109 1.0593062 0.7081458 0.8871768 0.8643379 1.1259510 1.0557780 0.9596416 0.9556074 0.9471148 0.9867970 0.9631490 0.9334971 0.9197704 0.8161644 0.8183331 0.8203610 0.8248432 0.8013763 0.8436043 0.8078065 0.8728368 0.8102098 0.9508082 1.0077023 1.0422104 0.9047384 0.9310972 0.9833855 0.9541256 0.9825327 0.9888821 1.5374984 1.3116353 1.2766064 1.3081086 1.2271122 1.2353319 1.2468128 1.2742664 1.1571413 1.2549060 1.2702626 1.2136818 1.2136322 1.2791492 1.2292419 1.2382097 1.2144524 1.2756237 1.2467634 1.2272247 1.2863401 1.2385446 1.1999054 1.1842586 1.1543885 1.2917613 1.2454336 1.2000621 1.2664965 1.2275941 1.1817175 1.2195605 1.2042271 1.2108778 1.2106545 1.1439331 1.0998731 1.1749716 1.1260177 2.8179725 2.3483154 2.2784685 2.3242372 
C.SE.09.035ZA.MF373148                 1.1447056 0.6703093 0.5951075 0.5873445 0.5547523 0.0000000 0.4257396 0.4960300 0.4506785 0.4775704 0.4369912 0.4720380 0.4953579 0.4495861 0.4374172 0.4774359 0.4933181 0.4956927 1.0158898 1.1108298 1.1523894 1.0734737 1.0337791 0.9897106 1.0177828 1.1090961 1.0454203 0.6867498 0.8322961 0.8302829 1.1132457 1.0067423 0.9236265 0.9238343 0.9028488 0.9240013 0.9305336 0.8868153 0.8737511 0.7942865 0.7841742 0.7931606 0.7992144 0.7664379 0.8055236 0.7756831 0.8148132 0.7608141 0.9231399 0.9510883 0.9839366 0.9135006 0.9250056 0.9313033 0.9232856 0.9368578 0.9551076 1.5159467 1.2394042 1.2722717 1.2353493 1.2438672 1.2162834 1.2388881 1.2334961 1.1326744 1.2187856 1.2358208 1.1911003 1.1959019 1.2672390 1.1844186 1.2011440 1.1812636 1.2224339 1.2306691 1.2051839 1.2166791 1.2227212 1.1802416 1.1492008 1.0847721 1.2289341 1.2174809 1.1903559 1.2236773 1.2224624 1.1509783 1.1705122 1.1671877 1.2016376 1.1717980 1.1232443 1.0614665 1.1509624 1.0788297 2.8510759 2.3032304 2.2153962 2.2894095 
C.IL.99.99ET14.AY255825                1.0728496 0.6160953 0.5401963 0.5256517 0.4831818 0.4257396 0.0000000 0.4277637 0.3811559 0.4162746 0.3718959 0.4246133 0.4402700 0.3848490 0.3828609 0.4223864 0.4294397 0.4391649 0.9180451 1.0130250 1.0077190 0.9938223 0.9382706 0.9075531 0.9181296 1.0127523 0.9608013 0.6051719 0.7728937 0.7736310 1.0407237 0.9427195 0.8519519 0.8670411 0.8518748 0.8709640 0.8713901 0.8251165 0.8161577 0.7215746 0.7015400 0.6967233 0.7314538 0.6849917 0.7249793 0.6732350 0.7411950 0.6997461 0.8329392 0.8996154 0.8918545 0.8226617 0.8317942 0.8598741 0.8496573 0.8328876 0.8771464 1.4399044 1.2065074 1.1981565 1.1842766 1.1679927 1.1532243 1.1506986 1.1683093 1.0914420 1.1598294 1.1425112 1.1439963 1.1441233 1.2048308 1.1308744 1.1359417 1.1114320 1.2018713 1.1614984 1.1407458 1.1813697 1.1469720 1.0995926 1.0974208 1.0675644 1.1748237 1.1539278 1.1288081 1.1727667 1.1379885 1.0933060 1.1134843 1.1036302 1.1530761 1.1150700 1.0596444 1.0097753 1.0539844 1.0241535 2.8030167 2.1524561 2.1322740 2.1784965 
C.ZA.04.04ZASK170B1.DQ093595           1.1346871 0.6729872 0.5745020 0.5509587 0.5073405 0.4960300 0.4277637 0.0000000 0.3656756 0.3566329 0.3176412 0.4439225 0.4535618 0.4079744 0.3958605 0.4323467 0.4559189 0.4687928 0.9643158 1.0826641 1.0678044 1.0494439 0.9945519 0.9523560 0.9800357 1.0938275 1.0180350 0.6509096 0.8240703 0.8236415 1.0619767 0.9807367 0.9324538 0.8899541 0.8929500 0.9032606 0.8899073 0.8719774 0.8671647 0.7501630 0.7393026 0.7420996 0.7602649 0.7460109 0.7715379 0.7469842 0.7994616 0.7484761 0.8696937 0.9402731 0.9544225 0.8488788 0.8862345 0.8935329 0.8892926 0.8848700 0.9485023 1.4562501 1.2750785 1.2611763 1.2092921 1.2284448 1.2219782 1.1969358 1.2083150 1.0975269 1.2096436 1.2288808 1.1840918 1.1955802 1.2435934 1.2139030 1.1792222 1.1603761 1.2530301 1.2150143 1.1728815 1.2330209 1.1992398 1.1751923 1.1500015 1.0861857 1.2053512 1.2225643 1.1825446 1.2251266 1.1848696 1.1415450 1.1608394 1.1483138 1.2000745 1.1569773 1.0853570 1.0237880 1.1214926 1.0886604 2.8188861 2.2630712 2.1904761 2.2467072 
C.ZA.03.03ZAPS067MB2.DQ396389          1.0707673 0.6043725 0.5181729 0.5082718 0.4699753 0.4506785 0.3811559 0.3656756 0.0000000 0.3593522 0.3147729 0.4083356 0.4289368 0.3729322 0.3514796 0.3950762 0.4024588 0.4185338 0.9362958 1.0160384 1.0609920 1.0176354 0.9504229 0.9258460 0.9500991 1.0484545 0.9963290 0.6167922 0.7803228 0.7749352 1.0420193 0.9444796 0.8839231 0.8626152 0.8643109 0.8781404 0.8715429 0.8349761 0.8344542 0.7100423 0.6989522 0.6902159 0.7181261 0.6893799 0.7166959 0.6863805 0.7523741 0.6876011 0.8279080 0.8964885 0.8957035 0.8184384 0.8380350 0.8506785 0.8346762 0.8465025 0.9027857 1.4709445 1.2044232 1.2198154 1.1760051 1.1812246 1.1539957 1.1739415 1.1648456 1.0548862 1.1579453 1.1602768 1.1314870 1.1218583 1.2054674 1.1505536 1.1652672 1.1065501 1.1744257 1.1539015 1.1067398 1.1780269 1.1826770 1.1117726 1.0853679 1.0506265 1.1601335 1.1437465 1.1204086 1.1527869 1.1588682 1.0981603 1.1003645 1.0901262 1.1412110 1.1223310 1.0483428 0.9675994 1.0600820 1.0296873 2.6993960 2.1737109 2.1253613 2.1739508 
C.TZ.02.CO6721.AY734560                1.1327470 0.6112312 0.5454953 0.5405941 0.4996764 0.4775704 0.4162746 0.3566329 0.3593522 0.0000000 0.2451089 0.4303739 0.4544736 0.3977274 0.3800512 0.4206365 0.4327523 0.4451290 0.9380529 1.0193658 1.0852633 1.0653975 0.9913457 0.9473560 0.9706763 1.1044431 0.9920075 0.6312978 0.8049438 0.8388168 1.0870573 0.9636338 0.9135711 0.8912448 0.8823689 0.9286935 0.9196693 0.8925828 0.8709281 0.7343858 0.7252282 0.7113524 0.7142244 0.7113715 0.7570728 0.7280446 0.7719135 0.7426728 0.8794332 0.9117178 0.9613196 0.8519483 0.8546835 0.8732885 0.8500189 0.8505180 0.8905850 1.4711562 1.2397293 1.2101903 1.1796159 1.2220870 1.1827714 1.2000095 1.1881025 1.1166581 1.1927032 1.1825361 1.1860690 1.1705626 1.2267609 1.1642030 1.1594631 1.1596950 1.1988086 1.2072960 1.1475946 1.2359721 1.1972646 1.1273915 1.1161333 1.0641534 1.1973065 1.1988448 1.1750473 1.1996531 1.1685781 1.1148174 1.1448553 1.1472487 1.1869616 1.1411904 1.0845087 1.0132876 1.1100143 1.0661014 2.7673734 2.2087174 2.1754781 2.2233959 
C.TZ.01.BD39_8.AY253313                1.0591411 0.5902745 0.5163224 0.4892267 0.4586251 0.4369912 0.3718959 0.3176412 0.3147729 0.2451089 0.0000000 0.3958042 0.4230715 0.3575996 0.3440178 0.3878345 0.3974150 0.4051182 0.9137367 0.9862691 1.0397589 0.9867043 0.9439088 0.9049600 0.9303172 1.0327593 0.9440014 0.5989053 0.7387757 0.7570889 1.0231202 0.9322767 0.8804064 0.8611652 0.8339113 0.8682200 0.8596238 0.8403944 0.8177468 0.6886629 0.6783667 0.6869946 0.6906027 0.6803718 0.6918493 0.6649430 0.7369538 0.7001143 0.8182868 0.8698307 0.9007313 0.8115715 0.8175518 0.8372688 0.8427841 0.8316919 0.8741610 1.4456693 1.2014349 1.1823612 1.1520693 1.1641093 1.1639974 1.1900467 1.1568419 1.0619986 1.1646096 1.1660615 1.1180292 1.1127959 1.1800197 1.1458535 1.1449102 1.1239584 1.1977901 1.1757148 1.0912990 1.1555200 1.1587104 1.0861688 1.0920388 1.0315570 1.1668336 1.1447937 1.1211103 1.1519177 1.1297234 1.1003398 1.0960397 1.0774559 1.1135539 1.1165597 1.0238927 0.9905126 1.0769017 1.0012769 2.7973502 2.1884438 2.0942560 2.1726435 
C.BW.98.98BWMC14A3.AF443078            1.0802202 0.6561863 0.5254105 0.4963104 0.4610473 0.4720380 0.4246133 0.4439225 0.4083356 0.4303739 0.3958042 0.0000000 0.4009449 0.3476924 0.3520857 0.3762980 0.3800909 0.3933818 0.9375429 1.0561474 1.0663327 1.0309182 0.9876708 0.9333063 0.9441321 1.0522770 0.9798109 0.6298177 0.7882936 0.8031624 1.0490763 0.9475019 0.8918875 0.8844303 0.8552304 0.8803171 0.8763092 0.8508638 0.8435343 0.7482103 0.7353018 0.7105486 0.7371705 0.7288291 0.7580789 0.7328866 0.7681688 0.7277222 0.8485897 0.9114713 0.9459228 0.8370968 0.8524260 0.8747102 0.8752004 0.8641013 0.9094867 1.4806311 1.2059459 1.2207448 1.2221722 1.1958752 1.1947404 1.1856716 1.1641698 1.1152584 1.2013005 1.1805780 1.1660901 1.1570553 1.2199791 1.1464824 1.1973876 1.1368476 1.2150684 1.1457677 1.1466361 1.1603833 1.1610795 1.1299808 1.1455277 1.0936433 1.1727901 1.1551222 1.1343129 1.1885215 1.1360581 1.0888931 1.1425631 1.0976509 1.1315395 1.1256145 1.0625936 0.9745048 1.0824352 1.0347023 2.8222276 2.2935528 2.2273896 2.2858173 
C.ZA.02.02ZAPS015MB1.DQ369995          1.1312039 0.6771457 0.5391130 0.5158576 0.4889607 0.4953579 0.4402700 0.4535618 0.4289368 0.4544736 0.4230715 0.4009449 0.0000000 0.3125998 0.3707283 0.4012198 0.3980828 0.4205609 1.0162190 1.0825455 1.1121585 1.0508190 1.0518483 0.9580565 0.9951483 1.1086801 1.0375980 0.6580772 0.8060059 0.8477155 1.1123944 0.9875389 0.9332719 0.9168687 0.8837581 0.9284774 0.9029738 0.8928890 0.8885780 0.7582600 0.7660047 0.7611499 0.7783075 0.7624313 0.7780254 0.7411859 0.8015672 0.7613249 0.8710910 0.9752993 0.9641259 0.8739487 0.8892846 0.8917246 0.9146280 0.9083900 0.9378419 1.5154510 1.2599897 1.2523388 1.2365177 1.2422097 1.2163234 1.2138867 1.2080332 1.1292055 1.2269901 1.2198105 1.1931009 1.2014135 1.2158434 1.1544663 1.2014609 1.1663440 1.2336700 1.2066101 1.1948808 1.2035456 1.2013661 1.1622814 1.1572497 1.1243684 1.2065699 1.1742411 1.1703571 1.2024748 1.1693410 1.1537140 1.1913365 1.1517871 1.2016660 1.1479380 1.0729875 1.0345938 1.1435840 1.0692988 2.8653714 2.2630795 2.2101694 2.2710111 
C.ZA.99.99ZALT4.EU293444               1.0874405 0.6162520 0.4738219 0.4657454 0.4247347 0.4495861 0.3848490 0.4079744 0.3729322 0.3977274 0.3575996 0.3476924 0.3125998 0.0000000 0.3099697 0.3467722 0.3436239 0.3611842 0.9318659 1.0259087 1.0557679 0.9989494 0.9738734 0.9128169 0.9237974 1.0592427 1.0075018 0.6176749 0.7509931 0.7819925 1.0508981 0.9413023 0.8788788 0.8745414 0.8541302 0.8603783 0.8713199 0.8449029 0.8483053 0.7281668 0.7072941 0.7025721 0.7090787 0.6990507 0.7195719 0.6959915 0.7453393 0.6917116 0.8177758 0.8974583 0.9057702 0.7967424 0.8304343 0.8225724 0.8338983 0.8414938 0.8986602 1.4433860 1.2274931 1.1931070 1.1836056 1.1922107 1.1568870 1.1687062 1.1498269 1.0905563 1.1792356 1.1623293 1.1460139 1.1406026 1.1884460 1.1096730 1.1678861 1.1252411 1.1946960 1.1844981 1.1142394 1.1937124 1.1743072 1.1194855 1.1048269 1.0521723 1.1614825 1.1860896 1.1190283 1.1483773 1.1075661 1.1023081 1.1360722 1.1185722 1.1380216 1.1218097 1.0625774 0.9755995 1.0875941 1.0245850 2.8057788 2.1827855 2.1560668 2.1852624 
C.BW.00.00BW076820.AF443089            1.0364989 0.5809790 0.4815429 0.4542628 0.4227065 0.4374172 0.3828609 0.3958605 0.3514796 0.3800512 0.3440178 0.3520857 0.3707283 0.3099697 0.0000000 0.3529052 0.3459423 0.3693270 0.8818546 1.0066787 1.0278595 0.9821630 0.9406939 0.8943739 0.9252500 1.0260190 0.9507837 0.5824637 0.7427680 0.7621162 1.0131821 0.9190741 0.8461774 0.8413707 0.8340157 0.8246736 0.8463409 0.8204212 0.8049776 0.6812617 0.6823551 0.6825099 0.6899994 0.6766512 0.6993997 0.6695632 0.7148652 0.6703093 0.8181721 0.8791432 0.8826679 0.8015770 0.8153162 0.8126002 0.8094504 0.8252358 0.8607770 1.4233543 1.1768884 1.1896671 1.1393520 1.1690420 1.1331154 1.1335222 1.1396856 1.0477549 1.1265623 1.1352810 1.1147025 1.1095369 1.1965824 1.1127783 1.1076282 1.0864113 1.1572501 1.1374593 1.0931682 1.1508422 1.1263192 1.0739459 1.0671945 1.0041031 1.1533954 1.1531621 1.1118262 1.1317161 1.1077765 1.0749751 1.0910417 1.0937368 1.1056234 1.0968874 1.0392073 0.9655009 1.0564637 0.9971715 2.7749620 2.1438980 2.1514671 2.1959391 
C.ZA.04.04ZASK135B1.DQ011166           1.1131182 0.6473405 0.5289774 0.5035225 0.4684379 0.4774359 0.4223864 0.4323467 0.3950762 0.4206365 0.3878345 0.3762980 0.4012198 0.3467722 0.3529052 0.0000000 0.3310132 0.3504762 0.9738410 1.0387199 1.0574477 1.0401760 0.9956762 0.9388556 0.9664581 1.0635793 0.9878279 0.6367252 0.7951067 0.7953958 1.0908825 0.9694596 0.9098343 0.8899398 0.8796737 0.9084337 0.8982422 0.8667003 0.8645585 0.7375380 0.7433545 0.7272229 0.7324385 0.7213925 0.7445577 0.6935041 0.8051835 0.7245537 0.8563578 0.9210236 0.9169506 0.8530683 0.8760406 0.8483641 0.8592787 0.8875486 0.9155912 1.4485834 1.2813602 1.2433012 1.1941863 1.1880468 1.2086039 1.2029045 1.2094536 1.1188436 1.2170665 1.2017661 1.1725218 1.1796336 1.2121749 1.1603811 1.2131497 1.1732130 1.2149571 1.1921171 1.1663843 1.2101681 1.2064722 1.1304610 1.1254594 1.0876943 1.1869093 1.1876341 1.1399720 1.1682365 1.1760453 1.1320577 1.1593307 1.1263859 1.1754475 1.1437059 1.0885287 1.0289887 1.1091152 1.0655005 2.9267111 2.2816451 2.2614281 2.3089810 
C.ZA.03.03ZAPS130MB1.DQ275658          1.1158538 0.6420718 0.5287942 0.4958083 0.4541180 0.4933181 0.4294397 0.4559189 0.4024588 0.4327523 0.3974150 0.3800909 0.3980828 0.3436239 0.3459423 0.3310132 0.0000000 0.2893294 0.9492642 1.0472461 1.0899572 1.0453971 1.0210329 0.9472650 0.9875258 1.0986227 0.9955935 0.6382865 0.8057250 0.8030227 1.0809472 0.9931575 0.9141277 0.8994569 0.8933644 0.8984104 0.9117618 0.8806250 0.8805172 0.7474395 0.7342060 0.7284130 0.7464630 0.7197993 0.7554737 0.7238910 0.7677752 0.7394013 0.8576689 0.9195898 0.9266850 0.8458338 0.8779580 0.8696358 0.8706924 0.8776537 0.8966991 1.4682145 1.2722371 1.2255092 1.1971177 1.2067558 1.1852988 1.1931275 1.1911115 1.1048745 1.1829893 1.1736722 1.1339746 1.1355731 1.2059003 1.1873138 1.1683760 1.1269928 1.2022278 1.1654624 1.1524855 1.1939231 1.1882427 1.1011079 1.1118934 1.0566690 1.1687464 1.1563054 1.1477004 1.1533448 1.1529131 1.1031032 1.1207679 1.1051952 1.1421696 1.1292249 1.0700007 1.0136401 1.1000205 1.0450335 2.9260030 2.3721941 2.3473026 2.3918556 
C.ZA.97.97ZA012.AF286227               1.0939324 0.6772897 0.5297290 0.5215867 0.4764966 0.4956927 0.4391649 0.4687928 0.4185338 0.4451290 0.4051182 0.3933818 0.4205609 0.3611842 0.3693270 0.3504762 0.2893294 0.0000000 0.9791061 1.0607940 1.1035798 1.0766315 1.0165879 0.9622613 0.9592420 1.1226521 1.0345434 0.6556187 0.8223416 0.8198743 1.1107210 1.0311003 0.9201673 0.9312543 0.9357308 0.9250406 0.9334142 0.9115029 0.9072168 0.7679368 0.7707756 0.7495318 0.7749528 0.7568950 0.7819400 0.7428610 0.8079963 0.7678199 0.8839718 0.9214073 0.9448541 0.8696988 0.8893048 0.9003796 0.8932235 0.8759701 0.9500437 1.4518481 1.2612258 1.2560192 1.2314154 1.2315724 1.2137284 1.1851007 1.2006724 1.1444568 1.2141920 1.1967988 1.1734498 1.1807257 1.2155866 1.1743557 1.2054027 1.1448367 1.2179432 1.1788342 1.1648983 1.2189875 1.2085618 1.1355212 1.1392465 1.0994809 1.2022919 1.2220883 1.1847905 1.2076138 1.1820534 1.1346313 1.1440591 1.1512777 1.1691400 1.1548973 1.0908173 1.0548517 1.1132866 1.0549929 2.7799020 2.2747879 2.2792813 2.2899547 
H.CF.02.LA25LeMi.KU168279              0.7149773 0.9570281 1.0881539 1.0477201 1.0420390 1.0158898 0.9180451 0.9643158 0.9362958 0.9380529 0.9137367 0.9375429 1.0162190 0.9318659 0.8818546 0.9738410 0.9492642 0.9791061 0.0000000 0.8167369 0.8266287 0.7952008 0.7451050 0.7162709 0.7252865 0.9353057 0.8939131 0.7285566 0.5802068 0.6940107 0.9336923 0.8407315 0.7811995 0.7605988 0.7483232 0.7784418 0.7778382 0.7289111 0.7370180 0.7157291 0.6828676 0.6732248 0.6877446 0.6363628 0.6737756 0.6449124 0.6610711 0.6252608 0.6154213 0.6773131 0.6911319 0.6131344 0.6258287 0.6294080 0.6118167 0.6533971 0.6933445 1.0681792 0.8482363 0.8318560 0.8253063 0.8144514 0.7715233 0.7918086 0.8039136 0.7106833 0.7543094 0.8017200 0.7794001 0.7727787 0.8612602 0.7852315 0.7656280 0.7449731 0.8390533 0.8471023 0.7600380 0.7879430 0.8142759 0.7260180 0.7259278 0.6976982 0.8043707 0.7839551 0.7633540 0.7616837 0.7668939 0.7600787 0.7481750 0.7516047 0.7571242 0.7653933 0.6985219 0.6267952 0.7265945 0.6658960 2.5928139 1.9132868 1.9571581 1.9619551 
06_cpx.SN.97.97SE1078.AJ288981         0.9686568 1.0564193 1.1873712 1.1819920 1.1655827 1.1108298 1.0130250 1.0826641 1.0160384 1.0193658 0.9862691 1.0561474 1.0825455 1.0259087 1.0066787 1.0387199 1.0472461 1.0607940 0.8167369 0.0000000 0.8755675 0.8467266 0.7896718 0.7238647 0.7351608 1.0600145 0.9926399 0.8027539 0.6694044 0.7479832 1.0140093 0.9297760 0.8565632 0.8404872 0.8370505 0.8640611 0.8625724 0.8292045 0.8311125 0.7872854 0.7569277 0.7631703 0.7552265 0.7400815 0.7659436 0.7274637 0.7509367 0.7157721 0.6524332 0.6044201 0.6405229 0.5554009 0.5625748 0.5559093 0.5557177 0.6084896 0.6174814 1.2826732 1.0546549 1.0664384 1.0451506 1.0897634 1.0284540 1.0361215 1.0078536 0.9673752 1.0210277 1.0587602 1.0390724 1.0256878 1.0440893 0.9936582 1.0200736 0.9808077 1.0494791 1.0245436 1.0085137 1.0544359 1.0472178 0.9764211 0.9700256 0.9416951 1.0099365 1.0130663 1.0148731 1.0160687 0.9999399 0.9849227 0.9900960 0.9807145 0.9958072 1.0113000 0.9279341 0.8519814 0.9621829 0.9017819 2.5234150 1.9090646 1.9822244 1.9817443 
BCG.ES.15.100_119.KY496623             0.9623063 1.0981452 1.1753388 1.1538150 1.1566284 1.1523894 1.0077190 1.0678044 1.0609920 1.0852633 1.0397589 1.0663327 1.1121585 1.0557679 1.0278595 1.0574477 1.0899572 1.1035798 0.8266287 0.8755675 0.0000000 0.4186827 0.4997204 0.4124146 0.7746356 1.0853867 1.0039904 0.8394829 0.6799454 0.7819782 1.0371153 0.9619406 0.8903061 0.8677996 0.8974962 0.8747742 0.8826580 0.8491966 0.8559205 0.8157774 0.8005700 0.7808712 0.7957479 0.7614097 0.8138036 0.7397032 0.7738912 0.7174856 0.6640717 0.7269510 0.7276911 0.6570855 0.6721927 0.6684753 0.6641486 0.7009227 0.7341433 1.2978801 1.1159877 1.0732994 1.1003813 1.0792024 1.0253223 1.0546449 1.0814078 0.9918486 1.0234622 1.0817653 1.0501018 1.0530028 1.1255602 1.0259581 1.0404747 0.9794959 1.1190941 1.0899539 1.0372147 1.0855527 1.1064945 1.0207922 1.0140277 0.9650477 1.0389988 1.0421267 1.0336564 1.0329516 1.0502334 1.0179430 1.0141266 1.0152284 1.0356181 1.0497649 0.9586993 0.8801363 0.9779028 0.9586438 2.6839935 2.0669935 1.9759851 1.9862557 
01F2G.CM.02.LT31.JN864056              0.9268908 1.0338017 1.1521387 1.1296165 1.1254909 1.0734737 0.9938223 1.0494439 1.0176354 1.0653975 0.9867043 1.0309182 1.0508190 0.9989494 0.9821630 1.0401760 1.0453971 1.0766315 0.7952008 0.8467266 0.4186827 0.0000000 0.4721226 0.3979369 0.7623353 1.0066563 0.9718623 0.7966382 0.6429123 0.7489615 1.0062576 0.9094551 0.8303517 0.8404299 0.8071812 0.8472412 0.8315620 0.7961426 0.8023156 0.7623767 0.7786069 0.7499722 0.7528944 0.7377015 0.7795687 0.7166397 0.7233565 0.7122337 0.6366531 0.6904364 0.7238948 0.6316912 0.6578663 0.6569076 0.6518870 0.6630566 0.7173349 1.2472033 1.0375133 1.0248233 1.0388573 1.0164809 0.9855204 1.0102272 1.0350918 0.9352200 0.9849571 1.0129649 0.9924733 1.0004740 1.0714696 0.9620702 1.0052110 0.9464875 1.0391787 1.0571196 0.9998437 1.0497802 1.0484505 0.9501264 0.9408977 0.9373013 0.9856206 0.9945133 0.9857113 0.9976125 0.9977626 0.9664993 1.0021047 0.9722181 1.0027802 0.9993036 0.9041096 0.8645927 0.9696301 0.9021990 2.6698770 1.9588799 1.9458617 1.9719561 
G.NG.09.09NG010261.KX389626            0.9173579 0.9819771 1.0654996 1.0905872 1.0808659 1.0337791 0.9382706 0.9945519 0.9504229 0.9913457 0.9439088 0.9876708 1.0518483 0.9738734 0.9406939 0.9956762 1.0210329 1.0165879 0.7451050 0.7896718 0.4997204 0.4721226 0.0000000 0.3471802 0.6951482 0.9798154 0.9433960 0.7588892 0.6041745 0.6988409 0.9935215 0.8540690 0.8205383 0.7938002 0.7731890 0.8056765 0.8220076 0.7725210 0.7758333 0.7099970 0.7158935 0.6825350 0.6983237 0.6782969 0.7104404 0.6611492 0.6781257 0.6525965 0.5790117 0.6351788 0.6503688 0.5645586 0.6017142 0.6017800 0.5962182 0.6333143 0.6544673 1.2354551 1.0240845 0.9974742 0.9863463 1.0000983 0.9711589 0.9933364 1.0005115 0.9327329 0.9640546 0.9990517 0.9870519 0.9740573 1.0292900 0.9643774 0.9793696 0.9315349 1.0558825 1.0042207 0.9552348 1.0033409 1.0040559 0.9150927 0.9269693 0.8914418 0.9699726 0.9727224 0.9665050 0.9900717 0.9759059 0.9273401 0.9744788 0.9556536 0.9743755 0.9894241 0.8980098 0.8334054 0.9101466 0.8626971 2.6287283 2.0317015 1.9564289 1.9751834 
G.NG.92.92NG083_JV10832.U88826         0.8473781 0.9651303 1.0603668 1.0249907 1.0280852 0.9897106 0.9075531 0.9523560 0.9258460 0.9473560 0.9049600 0.9333063 0.9580565 0.9128169 0.8943739 0.9388556 0.9472650 0.9622613 0.7162709 0.7238647 0.4124146 0.3979369 0.3471802 0.0000000 0.6552970 0.9421852 0.8890870 0.6882934 0.5523459 0.6598728 0.9228085 0.8130422 0.7449551 0.7404246 0.7222867 0.7573785 0.7418570 0.7099746 0.7121587 0.6608304 0.6568131 0.6382414 0.6542181 0.6223058 0.6745821 0.6090455 0.6268298 0.5985399 0.5336382 0.5843127 0.6066955 0.5354594 0.5422280 0.5471140 0.5318413 0.5729257 0.6098150 1.1627118 0.9720405 0.9463878 0.9439264 0.9349431 0.8828213 0.9141137 0.9407351 0.8495144 0.8984034 0.9532872 0.9273502 0.9113242 0.9941725 0.8812977 0.9077879 0.8562188 0.9701568 0.9380302 0.9034419 0.9645615 0.9430285 0.8717250 0.8702233 0.8476247 0.9126655 0.9159565 0.9053181 0.8967800 0.9087467 0.8711445 0.8719349 0.8672073 0.9085900 0.8940719 0.8138907 0.7691342 0.8458695 0.8031612 2.4921783 1.9170210 1.9040749 1.9379703 
93_cpx.CD.08.DRC653.MF372651           0.8719417 0.9587009 1.0931206 1.1112145 1.0834446 1.0177828 0.9181296 0.9800357 0.9500991 0.9706763 0.9303172 0.9441321 0.9951483 0.9237974 0.9252500 0.9664581 0.9875258 0.9592420 0.7252865 0.7351608 0.7746356 0.7623353 0.6951482 0.6552970 0.0000000 0.9642113 0.8959998 0.7215235 0.5711831 0.6552167 0.9284386 0.8384985 0.7771630 0.7578355 0.7303724 0.7733583 0.7606373 0.7470827 0.7385207 0.7033759 0.6590590 0.6490511 0.6659479 0.6506277 0.6765482 0.6513824 0.6450387 0.6203234 0.5796939 0.5608873 0.6123285 0.5076845 0.5161547 0.5228481 0.5125677 0.5457157 0.5805972 1.2374117 1.0142481 0.9850076 0.9894067 0.9909802 0.9519714 0.9501990 0.9556317 0.8679523 0.9275670 0.9768937 0.9438546 0.9518482 1.0150809 0.9265283 0.9340829 0.9127330 0.9978068 0.9814191 0.9487131 0.9649657 0.9778134 0.9078196 0.8986056 0.8808356 0.9396058 0.9461806 0.9282510 0.9586802 0.9427314 0.9144861 0.9081163 0.9018175 0.9117505 0.9160429 0.8623368 0.7826096 0.8449731 0.7908085 2.4944060 1.9181403 1.9219531 1.9479239 
01BC.CN.14.BJ.2014.MSM.SP01.KP668994   1.1064936 1.0810689 1.1881661 1.1695446 1.1574109 1.1090961 1.0127523 1.0938275 1.0484545 1.1044431 1.0327593 1.0522770 1.1086801 1.0592427 1.0260190 1.0635793 1.0986227 1.1226521 0.9353057 1.0600145 1.0853867 1.0066563 0.9798154 0.9421852 0.9642113 0.0000000 0.4288795 0.8416933 0.8012588 0.6335936 0.7172595 0.6416865 0.5654827 0.5605955 0.5434769 0.5725766 0.5447528 0.5163222 0.5302330 0.7994771 0.7974854 0.7926934 0.7815445 0.7504226 0.8148925 0.7702556 0.7739286 0.7356009 0.8675428 0.8775765 0.9279818 0.8406944 0.8628285 0.8764439 0.8461066 0.8651365 0.9243403 1.3921186 1.2127167 1.1655581 1.2116888 1.1724606 1.1519400 1.2102538 1.1885970 1.0801916 1.1643453 1.1841216 1.1543361 1.1421036 1.2640830 1.1621125 1.1445326 1.1011348 1.2064782 1.2320874 1.1478351 1.1655396 1.1862786 1.1133840 1.0729825 1.0853946 1.1718483 1.1620271 1.1880813 1.1605338 1.1531584 1.1392176 1.1584626 1.1349988 1.1521129 1.1640692 1.0863127 1.0402395 1.1206239 1.0595930 2.7303806 2.1613220 2.1696803 2.1863223 
0107.CN.15.HB041501.KY019257           1.0446571 1.0276413 1.1339428 1.0764048 1.0593062 1.0454203 0.9608013 1.0180350 0.9963290 0.9920075 0.9440014 0.9798109 1.0375980 1.0075018 0.9507837 0.9878279 0.9955935 1.0345434 0.8939131 0.9926399 1.0039904 0.9718623 0.9433960 0.8890870 0.8959998 0.4288795 0.0000000 0.7689706 0.7430872 0.5994361 0.6703627 0.5767502 0.5134362 0.5049057 0.4956652 0.5164008 0.5139296 0.4675424 0.4740774 0.7415317 0.7442749 0.7228416 0.7503693 0.7095741 0.7567360 0.7041723 0.7222302 0.6650560 0.8046742 0.8162667 0.8648504 0.7786044 0.8011458 0.7946499 0.7939235 0.8102283 0.8458786 1.3502957 1.1817434 1.1185058 1.1321995 1.1476256 1.1078166 1.1509195 1.1154462 1.0369162 1.0887180 1.1191245 1.1057053 1.0977888 1.1628714 1.0930403 1.1138564 1.0494063 1.1405176 1.1389585 1.0873783 1.1204881 1.1371958 1.0626693 1.0489538 1.0327263 1.1282828 1.1172684 1.1276379 1.1032452 1.1040687 1.0753546 1.0975475 1.0700264 1.0781801 1.0919193 1.0243768 0.9769572 1.0390049 0.9725390 2.7048749 2.2213285 2.1610678 2.2289205 
A1C.UG.99.99UGF25926.AF484491          0.8802929 0.6277698 0.7904065 0.7591384 0.7081458 0.6867498 0.6051719 0.6509096 0.6167922 0.6312978 0.5989053 0.6298177 0.6580772 0.6176749 0.5824637 0.6367252 0.6382865 0.6556187 0.7285566 0.8027539 0.8394829 0.7966382 0.7588892 0.6882934 0.7215235 0.8416933 0.7689706 0.0000000 0.5411470 0.5650968 0.8360591 0.6998759 0.6478710 0.6394730 0.6208562 0.6431474 0.6398980 0.6114401 0.6014571 0.5073401 0.4945317 0.4903175 0.5054232 0.4733831 0.5205580 0.4707374 0.5297833 0.5022864 0.6127668 0.6704452 0.6968300 0.5929288 0.6316702 0.6232457 0.6118243 0.6268290 0.6660103 1.2234687 1.0013302 0.9664840 0.9760408 0.9517227 0.9184663 0.9497749 0.9501677 0.8475462 0.9281980 0.9522567 0.9018688 0.9344957 0.9735990 0.9158956 0.9112845 0.9061578 0.9758727 0.9476793 0.9069071 0.9555704 0.9095840 0.8762454 0.8723389 0.8404570 0.9601802 0.9284806 0.9303215 0.9422569 0.8989856 0.8825400 0.9051631 0.8960362 0.8910627 0.8879240 0.8317018 0.7655674 0.8458439 0.8067022 2.5715070 1.9344594 1.8742726 1.9726935 
45_cpx.CD.97.97CD_MBFE185.FN392874     0.7458215 0.8057686 0.9282947 0.8991898 0.8871768 0.8322961 0.7728937 0.8240703 0.7803228 0.8049438 0.7387757 0.7882936 0.8060059 0.7509931 0.7427680 0.7951067 0.8057250 0.8223416 0.5802068 0.6694044 0.6799454 0.6429123 0.6041745 0.5523459 0.5711831 0.8012588 0.7430872 0.5411470 0.0000000 0.5029316 0.7786635 0.6836592 0.6097965 0.5937122 0.5802070 0.5940669 0.5897218 0.5639028 0.5795907 0.5157763 0.5100979 0.5053213 0.4985120 0.4738732 0.5257160 0.4729921 0.4988055 0.4538814 0.4853888 0.5234860 0.5504709 0.4693469 0.4984069 0.4660731 0.4584376 0.4883806 0.5400050 1.0910753 0.8360061 0.8390555 0.8154165 0.8218878 0.7951303 0.7970705 0.8250877 0.7171041 0.7936805 0.8195887 0.7915773 0.7795730 0.8386164 0.7892786 0.7923944 0.7577065 0.8223963 0.8228179 0.7992311 0.8212705 0.8143113 0.7393409 0.7359294 0.7190780 0.7958989 0.7885240 0.7812150 0.7907975 0.7807963 0.7550766 0.7614669 0.7719764 0.7707157 0.7650292 0.7111541 0.6605990 0.7201492 0.6754670 2.4290678 1.8174385 1.8376479 1.8563530 
22_01A1.CM.02.02CM_1867LE.AY371165     0.8254097 0.8068012 0.9400765 0.9159259 0.8643379 0.8302829 0.7736310 0.8236415 0.7749352 0.8388168 0.7570889 0.8031624 0.8477155 0.7819925 0.7621162 0.7953958 0.8030227 0.8198743 0.6940107 0.7479832 0.7819782 0.7489615 0.6988409 0.6598728 0.6552167 0.6335936 0.5994361 0.5650968 0.5029316 0.0000000 0.6295896 0.5431446 0.4686176 0.4676090 0.4453416 0.4668182 0.4518530 0.4248874 0.4313000 0.5234502 0.5024094 0.4915904 0.5010172 0.4873395 0.5176977 0.4835953 0.4652972 0.4396992 0.5749171 0.6232930 0.6433954 0.5493813 0.5794990 0.5865214 0.5631724 0.5920301 0.6255433 1.1439691 0.9229604 0.9120344 0.9280502 0.9156620 0.9159901 0.9023295 0.8926212 0.8107279 0.8901042 0.9104866 0.8924571 0.8786162 0.9386987 0.8808881 0.8608254 0.8489733 0.9145043 0.9116410 0.8757962 0.8861452 0.8960997 0.8441747 0.8043346 0.8112768 0.8736742 0.8847332 0.8594235 0.8633234 0.8841591 0.8508056 0.8588828 0.8574145 0.8672743 0.8464737 0.7848989 0.7192676 0.7884143 0.7215009 2.5019765 1.8500769 1.8678301 1.9482145 
69_01B.JP.05.05JPMYC113SP420.LC027100  1.1019764 1.0611332 1.2060127 1.1789877 1.1259510 1.1132457 1.0407237 1.0619767 1.0420193 1.0870573 1.0231202 1.0490763 1.1123944 1.0508981 1.0131821 1.0908825 1.0809472 1.1107210 0.9336923 1.0140093 1.0371153 1.0062576 0.9935215 0.9228085 0.9284386 0.7172595 0.6703627 0.8360591 0.7786635 0.6295896 0.0000000 0.4961921 0.4357791 0.4155751 0.4050180 0.4206854 0.3992052 0.3658303 0.3728507 0.7868805 0.7749727 0.7614144 0.7832663 0.7618492 0.7869703 0.7459082 0.7515587 0.7065425 0.8464854 0.8557786 0.9153654 0.8283761 0.8264324 0.8347704 0.8184338 0.8348794 0.8907694 1.3844358 1.1742593 1.1653745 1.1759805 1.1890289 1.1317261 1.1378664 1.1453183 1.0459440 1.1222587 1.1876475 1.1264943 1.1313406 1.2087837 1.1343949 1.1175113 1.0572396 1.1826927 1.1858401 1.1073596 1.1473857 1.1657088 1.0868881 1.0558627 1.0577971 1.1356277 1.1234929 1.1340573 1.0967973 1.1220001 1.1091985 1.1348998 1.1174143 1.1154614 1.1233118 1.0284529 1.0128067 1.0424739 0.9772273 2.7086129 2.1268223 2.1993165 2.2172121 
01BC.CN.13.SZ95LS8027.KX379000         1.0165213 0.9697771 1.0938575 1.0768772 1.0557780 1.0067423 0.9427195 0.9807367 0.9444796 0.9636338 0.9322767 0.9475019 0.9875389 0.9413023 0.9190741 0.9694596 0.9931575 1.0311003 0.8407315 0.9297760 0.9619406 0.9094551 0.8540690 0.8130422 0.8384985 0.6416865 0.5767502 0.6998759 0.6836592 0.5431446 0.4961921 0.0000000 0.3558501 0.3274276 0.3180859 0.3383652 0.3168057 0.2858826 0.2899336 0.7060665 0.6768165 0.6672124 0.6849421 0.6378002 0.6837386 0.6431025 0.6224820 0.6023320 0.7290284 0.7659017 0.8032448 0.7174535 0.7455019 0.7216256 0.7172945 0.7274410 0.7883839 1.3115396 1.1195877 1.1088610 1.0900223 1.0722712 1.0333749 1.0609433 1.0563661 0.9768304 1.0343679 1.0820754 1.0418972 1.0437094 1.1073064 1.0461094 1.0716014 1.0018721 1.1182701 1.0626864 1.0394326 1.0571053 1.0795003 1.0059381 1.0061513 0.9715429 1.0686411 1.0466782 1.0270644 1.0357790 1.0532634 1.0147820 1.0340829 1.0195604 1.0356791 1.0347341 0.9651647 0.9364788 0.9904109 0.9412205 2.6452018 2.0287636 2.0849863 2.0666799 
01_AE.CN.07.07CNYN343.KF835528         0.9396783 0.8904416 1.0473029 1.0168264 0.9596416 0.9236265 0.8519519 0.9324538 0.8839231 0.9135711 0.8804064 0.8918875 0.9332719 0.8788788 0.8461774 0.9098343 0.9141277 0.9201673 0.7811995 0.8565632 0.8903061 0.8303517 0.8205383 0.7449551 0.7771630 0.5654827 0.5134362 0.6478710 0.6097965 0.4686176 0.4357791 0.3558501 0.0000000 0.2814061 0.2576200 0.2870279 0.2673111 0.2388304 0.2408794 0.6215051 0.6116492 0.5944090 0.6121718 0.5736747 0.6209642 0.5883968 0.5751533 0.5341050 0.6632394 0.7000417 0.7313606 0.6477920 0.6876755 0.6620815 0.6554993 0.6707936 0.7011896 1.2154131 1.0393291 1.0239302 1.0284416 1.0120732 0.9682872 1.0028955 0.9986171 0.9039679 0.9612712 1.0167492 0.9615472 0.9583225 1.0246205 0.9377080 0.9741073 0.9073093 0.9993179 0.9764597 0.9471851 1.0032101 0.9861272 0.9349906 0.8984106 0.9128685 0.9729916 0.9562043 0.9561911 0.9730514 0.9853911 0.9354552 0.9630456 0.9321109 0.9594986 0.9486663 0.8758495 0.8445280 0.9162707 0.8457031 2.5486180 1.9327729 1.9437335 2.0143133 
01_AE.CN.07.07CNYN326.KF835513         0.9188134 0.8865747 1.0232991 1.0258808 0.9556074 0.9238343 0.8670411 0.8899541 0.8626152 0.8912448 0.8611652 0.8844303 0.9168687 0.8745414 0.8413707 0.8899398 0.8994569 0.9312543 0.7605988 0.8404872 0.8677996 0.8404299 0.7938002 0.7404246 0.7578355 0.5605955 0.5049057 0.6394730 0.5937122 0.4676090 0.4155751 0.3274276 0.2814061 0.0000000 0.2492856 0.2599240 0.2347194 0.2096787 0.2188222 0.6161390 0.5996358 0.5765676 0.5976804 0.5715534 0.6139576 0.5653382 0.5555298 0.5367646 0.6743463 0.6948753 0.7313387 0.6444490 0.6636247 0.6524374 0.6416992 0.6576564 0.7026898 1.2179993 1.0148548 1.0411777 1.0184562 1.0053036 0.9836075 0.9984622 0.9940618 0.9038978 0.9574790 1.0041156 0.9749751 0.9740595 1.0410388 0.9475023 0.9805696 0.9189125 1.0155908 0.9910930 0.9408971 0.9963965 0.9652859 0.9234272 0.9118139 0.8822418 0.9726327 0.9586216 0.9649679 0.9639167 0.9467900 0.9524856 0.9416672 0.9247069 0.9790549 0.9451307 0.8728536 0.8224382 0.8825001 0.8300526 2.5861255 1.9516946 2.0180503 1.9879739 
01_AE.TH.05.AA101a_WG1.JX447936        0.9189082 0.8658626 0.9857409 0.9761889 0.9471148 0.9028488 0.8518748 0.8929500 0.8643109 0.8823689 0.8339113 0.8552304 0.8837581 0.8541302 0.8340157 0.8796737 0.8933644 0.9357308 0.7483232 0.8370505 0.8974962 0.8071812 0.7731890 0.7222867 0.7303724 0.5434769 0.4956652 0.6208562 0.5802070 0.4453416 0.4050180 0.3180859 0.2576200 0.2492856 0.0000000 0.2545879 0.2388632 0.2067947 0.2130478 0.6141948 0.5663223 0.5653745 0.5829628 0.5411586 0.5889048 0.5586945 0.5364554 0.5213403 0.6452786 0.6786155 0.7238221 0.6239433 0.6578858 0.6465855 0.6287225 0.6485611 0.6791764 1.2446814 1.0063017 1.0048105 1.0282954 1.0039104 0.9744772 0.9997858 0.9808760 0.8941220 0.9702223 1.0049640 0.9642297 0.9592490 1.0230617 0.9310483 0.9826908 0.9033866 1.0254414 0.9979022 0.9479842 0.9899792 0.9679171 0.9356170 0.9106913 0.8928048 0.9447596 0.9639098 0.9492818 0.9602856 0.9513747 0.9419114 0.9451725 0.9281797 0.9542879 0.9403256 0.8686999 0.8106591 0.8756166 0.8114483 2.6193993 1.9553166 1.9659129 1.9465648 
01_AE.CN.07.GX070143.JX112835          0.9343754 0.9055033 1.0587781 1.0208087 0.9867970 0.9240013 0.8709640 0.9032606 0.8781404 0.9286935 0.8682200 0.8803171 0.9284774 0.8603783 0.8246736 0.9084337 0.8984104 0.9250406 0.7784418 0.8640611 0.8747742 0.8472412 0.8056765 0.7573785 0.7733583 0.5725766 0.5164008 0.6431474 0.5940669 0.4668182 0.4206854 0.3383652 0.2870279 0.2599240 0.2545879 0.0000000 0.2460901 0.2055703 0.2089903 0.6277791 0.5909022 0.5829279 0.5913018 0.5710073 0.6159099 0.5736348 0.5540328 0.5432194 0.6728860 0.7004664 0.7325840 0.6607339 0.6725621 0.6559383 0.6541202 0.6566500 0.7171480 1.2373961 1.0180429 1.0174580 1.0276852 1.0176573 1.0038297 0.9856822 1.0066528 0.9194987 0.9663960 1.0025605 0.9876363 0.9729468 1.0433494 0.9659550 0.9989705 0.9360639 1.0240841 1.0017189 0.9716923 1.0113522 0.9991710 0.9173898 0.9354960 0.9070708 0.9822041 0.9884147 0.9851573 0.9759086 0.9798236 0.9734035 0.9448122 0.9576656 0.9738876 0.9558035 0.9028269 0.8319702 0.9155539 0.8313312 2.5959913 1.9753204 1.9719281 1.9734118 
01_AE.TH.07.AA030a04.JX447057          0.9359496 0.8937280 1.0341147 0.9941005 0.9631490 0.9305336 0.8713901 0.8899073 0.8715429 0.9196693 0.8596238 0.8763092 0.9029738 0.8713199 0.8463409 0.8982422 0.9117618 0.9334142 0.7778382 0.8625724 0.8826580 0.8315620 0.8220076 0.7418570 0.7606373 0.5447528 0.5139296 0.6398980 0.5897218 0.4518530 0.3992052 0.3168057 0.2673111 0.2347194 0.2388632 0.2460901 0.0000000 0.2016315 0.2054673 0.6076770 0.5962573 0.5643000 0.5985575 0.5509120 0.6014774 0.5622312 0.5514366 0.5378156 0.6685262 0.6837804 0.7390545 0.6366250 0.6624488 0.6347358 0.6388161 0.6680167 0.7128830 1.2177224 1.0192768 1.0137471 1.0503181 1.0188852 0.9710379 0.9738091 0.9937101 0.8910854 0.9846864 0.9970354 0.9606642 0.9649453 1.0127903 0.9566856 0.9961900 0.9226383 1.0075586 1.0160956 0.9416341 0.9975511 0.9916210 0.9380620 0.9225903 0.9039944 0.9731393 0.9754728 0.9703221 0.9659888 0.9632613 0.9488933 0.9673519 0.9439830 0.9758964 0.9583436 0.8842696 0.8330144 0.9057576 0.8293153 2.5377015 1.9676501 1.9684660 1.9758900 
01_AE.CN.02.YN0236.JX112866            0.8807801 0.8549105 0.9944140 0.9747685 0.9334971 0.8868153 0.8251165 0.8719774 0.8349761 0.8925828 0.8403944 0.8508638 0.8928890 0.8449029 0.8204212 0.8667003 0.8806250 0.9115029 0.7289111 0.8292045 0.8491966 0.7961426 0.7725210 0.7099746 0.7470827 0.5163222 0.4675424 0.6114401 0.5639028 0.4248874 0.3658303 0.2858826 0.2388304 0.2096787 0.2067947 0.2055703 0.2016315 0.0000000 0.1527710 0.5732114 0.5588648 0.5524224 0.5651559 0.5284948 0.5744807 0.5250017 0.5292706 0.5053472 0.6268213 0.6548417 0.7077029 0.6088810 0.6344819 0.6309349 0.6153027 0.6320808 0.6664762 1.1716000 0.9726655 0.9931438 0.9654899 0.9771251 0.9503071 0.9629254 0.9497136 0.8549485 0.9351749 0.9669267 0.9439196 0.9411688 0.9833587 0.9248377 0.9612436 0.9073428 0.9725863 0.9736237 0.9069405 0.9795442 0.9528585 0.8945321 0.8847890 0.8734551 0.9365272 0.9230282 0.9307521 0.9248425 0.9201872 0.9069655 0.9160634 0.8910975 0.9292068 0.9090919 0.8488641 0.7888623 0.8641053 0.7890402 2.5134288 1.8905810 1.9172093 1.9269902 
