100
02A1.GH.97.97GH_AG2.AB052867           0.0000000 0.3784080 0.4591571 0.5310698 0.6081692 0.6229782 0.6529205 0.5542185 0.5630662 0.5395502 0.5575747 0.5276681 0.5322720 0.5844569 0.8251375 0.8273516 0.8655196 0.8477185 0.8450518 0.8760338 0.8524742 0.7995124 0.8404145 0.8824089 0.9697728 0.9592464 0.7949361 0.8341403 0.8370425 0.8037742 0.8285306 0.5539554 0.6250973 0.6331259 0.6603255 0.8253087 0.6575889 0.6537387 0.7116749 0.6376635 0.6582313 0.7759132 0.8690651 0.5648853 0.5319578 0.5027757 0.4680903 0.7938209 0.7654082 0.8254031 0.8633899 0.8374894 0.8361763 0.8253211 0.7533636 0.8259035 0.7876282 0.7952786 0.7840846 0.7972670 0.7630142 0.7511263 0.8023137 0.8914845 0.8068330 0.7903369 0.8347834 0.8170595 0.8234999 0.8077593 0.8226715 0.8121115 0.7870222 0.7605531 0.7606828 0.8272053 1.1212750 0.8789609 0.8022582 0.8449345 0.8039919 0.7387930 0.7383289 0.7388227 0.6684267 0.6567502 0.7686819 0.6278594 0.5072220 0.4294937 0.4108899 0.5437717 0.3418075 0.3413266 0.3644213 0.4308276 1.7577967 1.8065362 1.7678058 2.6013557 
02A.CI.16.DEURF16CI011.MH078538        0.3784080 0.0000000 0.5016450 0.5840451 0.6589843 0.6811909 0.7344956 0.6116191 0.6108936 0.6291435 0.6220818 0.5861017 0.5899740 0.6318083 0.9202822 0.8984379 0.9602969 0.9241518 0.9152448 0.9457942 0.9393905 0.8425690 0.9053055 0.9541473 1.0293777 1.0250265 0.8821698 0.9212243 0.9456362 0.8818024 0.9082380 0.6155267 0.7031746 0.6917780 0.7261611 0.9081808 0.7289478 0.7213808 0.7919861 0.7095802 0.7358837 0.8378126 0.9134969 0.6069556 0.5949468 0.5578563 0.5216825 0.8498263 0.8289452 0.8847060 0.8952677 0.8894361 0.9204743 0.8986594 0.8242078 0.8690618 0.8484572 0.8488120 0.8492970 0.8480368 0.8085100 0.8052597 0.8560413 0.9464036 0.8748551 0.8370412 0.9135518 0.8729334 0.8765920 0.8694452 0.8935903 0.8898748 0.8784273 0.8375628 0.8241512 0.9168601 1.1977710 0.9439572 0.8795050 0.9321950 0.8945290 0.8071443 0.7801956 0.7860811 0.7360681 0.7117423 0.8314078 0.6918152 0.5610942 0.4971747 0.4695273 0.6008635 0.4043901 0.3942829 0.4162517 0.4811470 1.7894812 1.8596692 1.8798085 2.6012134 
AGU.CM.06.770_8.MH705142               0.4591571 0.5016450 0.0000000 0.5233244 0.5868836 0.6093640 0.6339988 0.5751515 0.5843649 0.6008139 0.5815382 0.5505675 0.5373955 0.5987345 0.8662020 0.8241907 0.8845266 0.8914023 0.8884023 0.8800969 0.8802853 0.8140217 0.8501191 0.8995286 0.9688953 0.9896496 0.8132041 0.8658310 0.8712649 0.8160475 0.8328965 0.5780614 0.6439223 0.6482831 0.6724734 0.8366407 0.6591629 0.6698214 0.7572546 0.6639558 0.6826084 0.7829912 0.8890885 0.5857570 0.5659914 0.5232013 0.4949012 0.7945222 0.7772905 0.8483629 0.8612213 0.8563783 0.8720036 0.8441152 0.7899552 0.8501896 0.7970160 0.8102924 0.8290422 0.8157019 0.7744214 0.7544706 0.8199941 0.8935720 0.8332719 0.8185853 0.8568433 0.8467507 0.8259933 0.8351223 0.8326107 0.8381213 0.8060789 0.7903182 0.7700473 0.8364426 1.1543042 0.8909333 0.8182734 0.8497091 0.8453174 0.7500499 0.7513522 0.7928765 0.7015377 0.6869379 0.7759317 0.6340583 0.5691972 0.5145753 0.4928222 0.6572992 0.4729563 0.4641971 0.4753327 0.5567843 1.8909857 1.9507533 1.9770685 2.7309647 
G.NG.92.92NG083_JV10832.U88826         0.5310698 0.5840451 0.5233244 0.0000000 0.3608856 0.3935890 0.4125140 0.6668072 0.6983433 0.6803839 0.6654038 0.6402672 0.6296835 0.6972709 0.9667709 0.9277450 1.0041995 0.9529144 0.9544818 0.9850946 0.9714133 0.9367516 0.9507300 1.0364328 1.0648322 1.0647190 0.9139745 0.9692643 0.9743983 0.9360348 0.9368747 0.6636748 0.7291549 0.7429960 0.7904952 0.9507458 0.7877816 0.7684720 0.8605370 0.7544145 0.7776953 0.8946633 0.9903071 0.6606626 0.6404368 0.6093287 0.5716999 0.8764560 0.8877891 0.9232545 0.9584125 0.9348371 0.9609107 0.9510208 0.8702453 0.9386080 0.8756424 0.8988189 0.9143241 0.9098919 0.8468254 0.8474317 0.9028098 0.9961635 0.9134628 0.8897351 0.9415704 0.9183844 0.9026896 0.9107742 0.8986637 0.9253958 0.8832116 0.8513106 0.8653770 0.9333310 1.2247652 0.9872030 0.8910100 0.9385825 0.9019480 0.8480245 0.8241802 0.8495201 0.8045262 0.7648975 0.8816097 0.7257809 0.6630121 0.6095948 0.5850114 0.7424905 0.5445050 0.5425178 0.5648735 0.6303408 1.9438349 1.9992209 2.0027797 2.8077522 
G.NG.09.09NG010261.KX389626            0.6081692 0.6589843 0.5868836 0.3608856 0.0000000 0.4706689 0.4944427 0.7460212 0.7594006 0.7561028 0.7441632 0.7176374 0.7193154 0.7784680 1.0249940 1.0284766 1.0807686 1.0367902 1.0247737 1.0544721 1.0371140 0.9861642 1.0401155 1.0996895 1.1724885 1.1557480 1.0098012 1.0317624 1.0432903 1.0111275 1.0266304 0.7421108 0.8009538 0.8095383 0.8600483 0.9887226 0.8358507 0.8331064 0.9318169 0.8103503 0.8212540 0.9527845 1.0637251 0.7403977 0.7333375 0.6595280 0.6483759 0.9747303 0.9585984 1.0241406 1.0191230 1.0366647 1.0332145 1.0043793 0.9445224 1.0111509 0.9946168 0.9769613 1.0191073 0.9902619 0.9388155 0.9157138 0.9924958 1.0650855 0.9672425 0.9755889 1.0507996 1.0205883 1.0251207 1.0019836 0.9866173 1.0003499 0.9537328 0.9356719 0.9514329 1.0158398 1.3036163 1.0413279 0.9806472 0.9942032 0.9717887 0.9296673 0.9103106 0.9405538 0.8667387 0.8427891 0.9538788 0.8169266 0.7411597 0.6717961 0.6575593 0.8333030 0.6179189 0.6191554 0.6301759 0.7117423 2.0542240 2.0903758 2.1111974 2.8851057 
01F2G.CM.02.LT31.JN864056              0.6229782 0.6811909 0.6093640 0.3935890 0.4706689 0.0000000 0.4207605 0.7699892 0.7905883 0.7947782 0.7805294 0.7365041 0.7364595 0.7968166 1.0483453 1.0604810 1.1158624 1.0789906 1.0374123 1.0921309 1.0797792 1.0021003 1.0631444 1.1260709 1.1965312 1.1731859 1.0235358 1.0567099 1.0968684 1.0235964 1.0406048 0.7858442 0.8233666 0.8489315 0.8947585 1.0664131 0.8702107 0.8706676 0.9642110 0.8751167 0.8829489 1.0152266 1.0843998 0.7750767 0.7430707 0.7246142 0.6801580 0.9765105 0.9796320 1.0435010 1.0390760 1.0416424 1.0703691 1.0541056 0.9537198 1.0333354 0.9838142 0.9989071 1.0045236 0.9894728 0.9592784 0.9461642 1.0068570 1.1132186 1.0200402 0.9943703 1.0418697 1.0369085 1.0248215 1.0276554 1.0268751 1.0591046 0.9936000 0.9608927 0.9564806 1.0679085 1.3410495 1.0680146 0.9860452 1.0299496 1.0096994 0.9611249 0.9325433 0.9677893 0.9095278 0.8744674 0.9904218 0.8527721 0.7504038 0.7016167 0.6624927 0.8579487 0.6497742 0.6419320 0.6596593 0.7403656 2.0661714 2.0937962 2.0646074 2.8638250 
BCG.ES.15.100_119.KY496623             0.6529205 0.7344956 0.6339988 0.4125140 0.4944427 0.4207605 0.0000000 0.8059857 0.8266201 0.8211053 0.8003616 0.7722607 0.7537021 0.8153857 1.0878046 1.0833800 1.1056424 1.1217735 1.0767267 1.0978086 1.1019267 1.0567103 1.0969395 1.1477831 1.2072545 1.2157883 1.0655483 1.0896193 1.1314320 1.0590501 1.0647600 0.8127684 0.8664519 0.8749867 0.9164974 1.0796983 0.8887068 0.9161198 1.0000197 0.8919493 0.9038139 1.0160605 1.1254415 0.7834108 0.7789480 0.7433320 0.6912643 1.0214110 1.0162256 1.0710526 1.0508100 1.0973801 1.0867442 1.0891245 0.9943978 1.0587675 1.0119966 1.0499570 1.0147738 1.0463267 0.9850812 0.9836403 1.0339358 1.1327222 1.0465692 1.0340311 1.0594737 1.0531590 1.0349793 1.0382007 1.0433416 1.0503843 1.0460460 0.9745976 0.9900823 1.0431952 1.3661337 1.1248765 1.0302015 1.0481874 1.0342004 0.9835756 0.9703884 0.9934193 0.9314763 0.9160294 1.0295537 0.8793008 0.7837758 0.7394468 0.7160148 0.9087156 0.6840771 0.6769886 0.7045306 0.7456620 2.1167770 2.1451212 2.1719924 2.9690478 
A1.KE.06.06KECst_028.FJ623479          0.5542185 0.6116191 0.5751515 0.6668072 0.7460212 0.7699892 0.8059857 0.0000000 0.3271155 0.4086474 0.4153088 0.3707359 0.3956693 0.4934937 0.7696111 0.7437246 0.8401324 0.7733885 0.7758467 0.7875825 0.7586387 0.7041240 0.7802569 0.8032139 0.8806714 0.8577343 0.7261431 0.7758494 0.7861985 0.7192495 0.7569770 0.4629598 0.5660912 0.5768162 0.6119549 0.7713672 0.6097887 0.5976116 0.6706072 0.5961632 0.6017716 0.7406369 0.8056151 0.4944252 0.4746762 0.4499255 0.5028577 0.8858693 0.8732491 0.9518485 0.9507849 0.9155316 0.9512906 0.9229093 0.8513502 0.8876853 0.8883306 0.8987944 0.8876003 0.9051840 0.8494288 0.8339100 0.8942619 0.9850551 0.9057654 0.8977326 0.9184184 0.9084769 0.8997586 0.8944436 0.9035129 0.9189084 0.8847545 0.8358403 0.8449746 0.9185312 1.2281699 0.9604422 0.8870123 0.9466389 0.9096063 0.8285157 0.8035269 0.8042470 0.7592935 0.7223774 0.8330916 0.7103110 0.6622377 0.6365366 0.6043222 0.7697522 0.5547401 0.5573509 0.5780857 0.6330980 1.9551523 2.0492517 2.0078474 2.7404426 
A1.KE.06.06KECst_013.FJ623485          0.5630662 0.6108936 0.5843649 0.6983433 0.7594006 0.7905883 0.8266201 0.3271155 0.0000000 0.4099944 0.4378985 0.3902885 0.4203064 0.4931307 0.7765865 0.7580116 0.8216653 0.7734377 0.7685359 0.7836101 0.7671540 0.7211134 0.7815939 0.8197626 0.8882719 0.8733609 0.7189467 0.7657945 0.7994388 0.7490869 0.7329677 0.4685648 0.5858779 0.5817909 0.6349089 0.7940275 0.6132216 0.6086661 0.6958766 0.5991656 0.6248543 0.7489008 0.8183992 0.5118975 0.4850213 0.4537329 0.5101685 0.8954536 0.8600081 0.9373936 0.9324061 0.9341373 0.9435881 0.9182467 0.8682242 0.8921608 0.8956923 0.8788346 0.8823079 0.8907807 0.8402876 0.8303926 0.8937884 0.9647623 0.9125362 0.8985711 0.9254876 0.9035650 0.9048647 0.9049582 0.9140206 0.9210612 0.8936075 0.8540799 0.8446992 0.9209291 1.2516145 0.9440823 0.8793933 0.9279330 0.8917375 0.8190498 0.8064852 0.8345789 0.7593315 0.7136334 0.8428674 0.7102819 0.6747122 0.6401674 0.6122517 0.7797538 0.5597861 0.5642548 0.5811025 0.6356010 2.0096774 2.0381609 2.0746054 2.6771017 
35_AD.AF.06.007H.GQ477450              0.5395502 0.6291435 0.6008139 0.6803839 0.7561028 0.7947782 0.8211053 0.4086474 0.4099944 0.0000000 0.4371843 0.3943496 0.4206723 0.4974389 0.7674127 0.7733539 0.8210151 0.7640593 0.7701170 0.8014031 0.7702865 0.7288455 0.7917011 0.8278700 0.9079436 0.9036544 0.7352565 0.7806597 0.8089031 0.7456836 0.7731315 0.4738199 0.5805570 0.5852860 0.6241071 0.7795702 0.6140631 0.6250021 0.6858660 0.6085175 0.6340751 0.7679026 0.8277580 0.5176956 0.5018541 0.4644114 0.5272502 0.8819097 0.8876847 0.9635522 0.9573996 0.9840933 0.9890542 0.9550883 0.8846805 0.9202970 0.9147661 0.9171307 0.9260489 0.9037321 0.8780786 0.8428374 0.9126569 0.9908182 0.9239204 0.8977790 0.9571814 0.9124456 0.9180633 0.9340202 0.9041423 0.9274877 0.9043710 0.8407639 0.8635905 0.9353325 1.2383282 0.9799553 0.8919380 0.9424588 0.9383902 0.8529727 0.8293270 0.8433224 0.7635170 0.7405759 0.8515241 0.7277170 0.6805480 0.6552626 0.6215893 0.7697186 0.5680521 0.5775305 0.5854748 0.6433405 1.9587434 2.0261626 1.9745729 2.7782034 
A1.CY.07.CY208.JF683760                0.5575747 0.6220818 0.5815382 0.6654038 0.7441632 0.7805294 0.8003616 0.4153088 0.4378985 0.4371843 0.0000000 0.2408389 0.4317278 0.4998374 0.7630603 0.7589878 0.8268302 0.7713493 0.7926702 0.8027212 0.7618333 0.7270002 0.7789722 0.8239481 0.8956264 0.8829393 0.7293029 0.7730408 0.8061095 0.7543412 0.7458389 0.4733140 0.5824220 0.5746927 0.6315849 0.7981196 0.6284530 0.6297432 0.6872150 0.6026177 0.6234980 0.7436966 0.7945303 0.5212158 0.5038055 0.4573791 0.5248640 0.8909101 0.8875345 0.9535272 0.9413462 0.9479217 0.9502157 0.9427606 0.8661802 0.8929183 0.8989443 0.9147444 0.9001676 0.9133517 0.8581292 0.8461297 0.8985428 0.9710993 0.9165146 0.9139387 0.9568032 0.9254350 0.9365653 0.9190564 0.9031702 0.9245468 0.8837103 0.8503549 0.8691737 0.9428283 1.2193129 0.9775896 0.8885069 0.9526039 0.9175789 0.8528845 0.8299198 0.8252939 0.7550402 0.7259199 0.8565202 0.7113489 0.6682023 0.6300993 0.6050295 0.7953528 0.5668929 0.5614509 0.5829747 0.6397858 2.0150339 2.0892823 2.0338290 2.8218728 
A1.CY.05.CY051.FJ388903                0.5276681 0.5861017 0.5505675 0.6402672 0.7176374 0.7365041 0.7722607 0.3707359 0.3902885 0.3943496 0.2408389 0.0000000 0.3859313 0.4511632 0.7077728 0.7216700 0.7892678 0.7314870 0.7302285 0.7460428 0.7082691 0.6867756 0.7278686 0.7854709 0.8637746 0.8342673 0.6808963 0.7203651 0.7551000 0.6892646 0.7093269 0.4116567 0.5350322 0.5341301 0.5773143 0.7495051 0.5725455 0.5835725 0.6411958 0.5585932 0.5747186 0.6895081 0.7670662 0.4787436 0.4509114 0.4181454 0.4851619 0.8364211 0.8374807 0.9245443 0.8998721 0.9142117 0.9107958 0.8880598 0.8307067 0.8655786 0.8755370 0.8635361 0.8445871 0.8730507 0.8236662 0.7928800 0.8324402 0.9341233 0.8856526 0.8542324 0.8858182 0.8622975 0.8783863 0.8602978 0.8657379 0.8698963 0.8504447 0.8001588 0.8028854 0.8793989 1.1644148 0.9075779 0.8435110 0.8755494 0.8746413 0.8137313 0.7800955 0.7982824 0.7272606 0.6771818 0.8017653 0.6747365 0.6402187 0.5986919 0.5685356 0.7495190 0.5248208 0.5297520 0.5445890 0.6117923 1.9478169 2.0173199 1.9781509 2.7318740 
A1.UG.11.DEMA110UG001.KF859745         0.5322720 0.5899740 0.5373955 0.6296835 0.7193154 0.7364595 0.7537021 0.3956693 0.4203064 0.4206723 0.4317278 0.3859313 0.0000000 0.4604038 0.7326462 0.7070819 0.7707197 0.7364563 0.7322864 0.7488473 0.7247611 0.6917010 0.7427411 0.7854441 0.8750035 0.8433366 0.6865342 0.7366275 0.7672572 0.6985778 0.7172773 0.4309289 0.5527796 0.5639765 0.6010234 0.7635001 0.5911127 0.5848228 0.6726798 0.5806049 0.5952774 0.7271724 0.7867628 0.4749230 0.4656592 0.4275361 0.4937053 0.8444089 0.8296301 0.9152772 0.8974940 0.9014591 0.9278397 0.9054763 0.8352055 0.8897800 0.8676811 0.8593215 0.8557937 0.8614939 0.8144695 0.7869106 0.8326919 0.9627658 0.8632705 0.8895305 0.9158533 0.8916915 0.8753211 0.8681733 0.8759398 0.9050616 0.8430234 0.8183977 0.8167313 0.9007582 1.1690901 0.9419813 0.8509824 0.8966634 0.8791695 0.8138296 0.7755559 0.8106386 0.7374717 0.6865010 0.8008006 0.6850258 0.6264292 0.5936249 0.5757416 0.7343324 0.5160818 0.5291314 0.5434637 0.5902286 1.9737284 2.0758595 2.0108423 2.8293170 
A1C.UG.99.99UGF25926.AF484491          0.5844569 0.6318083 0.5987345 0.6972709 0.7784680 0.7968166 0.8153857 0.4934937 0.4931307 0.4974389 0.4998374 0.4511632 0.4604038 0.0000000 0.6371798 0.6207679 0.6826563 0.6344630 0.6468706 0.6531453 0.6478253 0.6160289 0.6536810 0.7175061 0.7688050 0.7736995 0.5951840 0.6477439 0.6802439 0.6127833 0.6303437 0.4652667 0.6025408 0.5991217 0.6566689 0.8146922 0.6308818 0.6462270 0.7153860 0.6249922 0.6356046 0.7602017 0.8416025 0.5218260 0.5132294 0.4760679 0.5287690 0.9100904 0.8987429 0.9654918 0.9675757 0.9664945 0.9754846 0.9707658 0.8949162 0.9217826 0.9137875 0.9121912 0.9070826 0.9334552 0.8741058 0.8642626 0.9295470 1.0035654 0.9309993 0.9057097 0.9441374 0.9338088 0.9088728 0.9313688 0.9474691 0.9384158 0.9231658 0.8809901 0.8823572 0.9371494 1.2836759 0.9678678 0.9068767 0.9791213 0.9430469 0.8608756 0.8388805 0.8488783 0.8047605 0.7547011 0.8642516 0.7382057 0.6941092 0.6622102 0.6112623 0.7821204 0.5851773 0.5798967 0.6046885 0.6671903 2.0559964 2.1232944 2.0791192 2.8482470 
A1C.IN.15.SC017.KY713232               0.8251375 0.9202822 0.8662020 0.9667709 1.0249940 1.0483453 1.0878046 0.7696111 0.7765865 0.7674127 0.7630603 0.7077728 0.7326462 0.6371798 0.0000000 0.6560452 0.6938018 0.6904280 0.6828116 0.6991685 0.6727839 0.6256389 0.6840190 0.7445812 0.7711930 0.7714871 0.6165476 0.6738638 0.6892111 0.6453541 0.6486241 0.7443539 0.8761061 0.8776307 0.9146777 1.0624047 0.8824255 0.8997458 0.9907397 0.8876914 0.9069045 1.0088229 1.0867678 0.7910862 0.7827418 0.7520673 0.7938314 1.1880957 1.1805019 1.2630711 1.2208275 1.2329019 1.2742885 1.2172005 1.1665444 1.2148051 1.1924014 1.2074237 1.2067389 1.1902000 1.1603291 1.1548343 1.2243859 1.2833267 1.2468019 1.1756853 1.2406710 1.2223926 1.2076475 1.2437035 1.2720652 1.2148626 1.1960352 1.1386642 1.1605737 1.2234206 1.5421595 1.2733772 1.2081415 1.2253602 1.2237084 1.1508013 1.1106749 1.0980554 1.0605642 1.0151527 1.1486607 1.0166900 0.9909684 0.9188649 0.8839497 1.0607638 0.8524716 0.8500211 0.8701507 0.9329896 2.3165341 2.4175935 2.3979057 2.9550492 
C.IL.99.99ET14.AY255825                0.8273516 0.8984379 0.8241907 0.9277450 1.0284766 1.0604810 1.0833800 0.7437246 0.7580116 0.7733539 0.7589878 0.7216700 0.7070819 0.6207679 0.6560452 0.0000000 0.4327743 0.4253793 0.4211305 0.4449898 0.4198220 0.3743772 0.4355074 0.5088233 0.5555769 0.5309994 0.3703364 0.4197980 0.4416346 0.3923803 0.4089215 0.7286088 0.8392197 0.8790374 0.8806826 1.0437067 0.8459528 0.8814767 0.9777870 0.8620380 0.8816932 0.9710662 1.0597566 0.7772699 0.7528258 0.7430725 0.7986218 1.1575829 1.1808873 1.2306651 1.2393816 1.2498131 1.2474067 1.2235111 1.1657807 1.2445586 1.1802877 1.1757133 1.1574451 1.2246836 1.1518099 1.1237891 1.1685228 1.2607152 1.2582825 1.1898785 1.2048039 1.1884494 1.1841352 1.2271795 1.2416253 1.2203013 1.1833481 1.1260571 1.1360139 1.2219782 1.5379853 1.2253481 1.1818489 1.2238325 1.2049751 1.1372506 1.1098420 1.1225307 1.0563333 1.0201463 1.1360923 0.9910045 0.9542125 0.9154426 0.9024206 1.0303616 0.8388793 0.8131470 0.8635559 0.9219123 2.3327626 2.4759847 2.3469685 3.2745579 
C.SE.09.035ZA.MF373148                 0.8655196 0.9602969 0.8845266 1.0041995 1.0807686 1.1158624 1.1056424 0.8401324 0.8216653 0.8210151 0.8268302 0.7892678 0.7707197 0.6826563 0.6938018 0.4327743 0.0000000 0.4889377 0.4802576 0.5025128 0.4765394 0.4445253 0.5029598 0.5550610 0.6166112 0.5871426 0.4409049 0.4749826 0.5028130 0.4543185 0.4571478 0.7769536 0.9008060 0.9247078 0.9536811 1.1229717 0.9404494 0.9530130 1.0281730 0.9012764 0.9310668 1.0395388 1.1186659 0.8320084 0.8274133 0.8155589 0.8476407 1.2281948 1.2066509 1.2897335 1.2548321 1.3013003 1.2894985 1.2484249 1.1930361 1.2343856 1.2401679 1.2294108 1.2343958 1.2484637 1.2090691 1.1941770 1.2458526 1.3377749 1.2637371 1.2251001 1.2547274 1.2344337 1.2289511 1.2593900 1.2670929 1.2405998 1.2132264 1.1902320 1.2310529 1.2863152 1.5596676 1.2909446 1.2396410 1.2981229 1.2221715 1.1817379 1.1564421 1.1706635 1.1258510 1.0863035 1.1871974 1.0574913 1.0128659 0.9800272 0.9236622 1.0967137 0.8976753 0.8679884 0.9114346 0.9782081 2.3459700 2.4060210 2.3830667 3.2905923 
C.ZA.04.04ZASK135B1.DQ011166           0.8477185 0.9241518 0.8914023 0.9529144 1.0367902 1.0789906 1.1217735 0.7733885 0.7734377 0.7640593 0.7713493 0.7314870 0.7364563 0.6344630 0.6904280 0.4253793 0.4889377 0.0000000 0.3283718 0.3536560 0.3665752 0.3308134 0.3940545 0.4513914 0.5096085 0.4928529 0.3358068 0.4143387 0.4343160 0.3862681 0.3916990 0.7541819 0.8858593 0.8977887 0.9062520 1.0993200 0.9111997 0.9058774 1.0117619 0.8818303 0.9033051 1.0383991 1.1011395 0.8016614 0.7901910 0.7407777 0.8185455 1.1687561 1.1934180 1.2399061 1.2234618 1.2493763 1.2549698 1.2620066 1.1541445 1.2410058 1.1868691 1.2052411 1.2091909 1.2046648 1.1492255 1.1175342 1.1960848 1.2781173 1.2124551 1.1575152 1.2398627 1.2204445 1.2141213 1.2026832 1.2387664 1.2168335 1.2024025 1.1327267 1.1354411 1.2380340 1.5578550 1.2618327 1.2001807 1.2322974 1.1882595 1.1241134 1.1170093 1.1395942 1.1034209 1.0610215 1.1282233 1.0143373 0.9707779 0.9306627 0.8960077 1.0479342 0.8716852 0.8600587 0.8727943 0.9434910 2.4357823 2.4869620 2.4578472 3.2466968 
C.ZA.03.03ZAPS130MB1.DQ275658          0.8450518 0.9152448 0.8884023 0.9544818 1.0247737 1.0374123 1.0767267 0.7758467 0.7685359 0.7701170 0.7926702 0.7302285 0.7322864 0.6468706 0.6828116 0.4211305 0.4802576 0.3283718 0.0000000 0.2992075 0.3678062 0.3359246 0.4088359 0.4705756 0.5263726 0.5050074 0.3489826 0.4167337 0.4497818 0.3922778 0.4150586 0.7662480 0.8933630 0.9009799 0.9284577 1.1124487 0.9035524 0.9338434 1.0255769 0.8808096 0.9182898 1.0462173 1.1076901 0.8095673 0.7971236 0.7699914 0.8012282 1.1532202 1.1692524 1.2464738 1.2436333 1.2488196 1.2680228 1.2375362 1.1490717 1.2156069 1.1967908 1.1978685 1.1974358 1.2038975 1.1710043 1.1109195 1.2045900 1.2810284 1.2259723 1.1589714 1.1891443 1.1781338 1.1742656 1.2151842 1.2033278 1.2180115 1.1744396 1.1223116 1.1409647 1.2113378 1.4901723 1.2393060 1.2065223 1.2287526 1.2092772 1.1368971 1.1103787 1.1391903 1.0953833 1.0449329 1.1398411 1.0079162 0.9588039 0.9481986 0.8905653 1.0745304 0.8772341 0.8419502 0.8710994 0.9666343 2.3165783 2.4113139 2.3545097 3.1774669 
C.ZA.97.97ZA012.AF286227               0.8760338 0.9457942 0.8800969 0.9850946 1.0544721 1.0921309 1.0978086 0.7875825 0.7836101 0.8014031 0.8027212 0.7460428 0.7488473 0.6531453 0.6991685 0.4449898 0.5025128 0.3536560 0.2992075 0.0000000 0.3965595 0.3594448 0.4139831 0.4784291 0.5424753 0.5204642 0.3709695 0.4403869 0.4659755 0.4180075 0.4242431 0.7798503 0.9128837 0.9205944 0.9471223 1.1347877 0.9277605 0.9377267 1.0292994 0.9161459 0.9273510 1.0320140 1.1376391 0.8238268 0.7909062 0.7803496 0.8303741 1.1723496 1.2070218 1.2901696 1.2582758 1.2938409 1.2894967 1.2858612 1.1919906 1.2625050 1.2185315 1.2320755 1.2158687 1.2329716 1.2282209 1.1728548 1.2444000 1.2762751 1.2731049 1.2006906 1.2344934 1.2231995 1.2186788 1.2447247 1.2514943 1.2276515 1.2155973 1.1682743 1.1594892 1.2430223 1.5494449 1.2952880 1.2308875 1.2536319 1.2346076 1.1510401 1.1531918 1.1860928 1.1273356 1.0731264 1.1406084 1.0560884 1.0119165 0.9571037 0.9242718 1.0635398 0.9014534 0.8789935 0.9002092 0.9726678 2.4384268 2.4742627 2.4789681 3.1389413 
C.BW.98.98BWMC14A3.AF443078            0.8524742 0.9393905 0.8802853 0.9714133 1.0371140 1.0797792 1.1019267 0.7586387 0.7671540 0.7702865 0.7618333 0.7082691 0.7247611 0.6478253 0.6727839 0.4198220 0.4765394 0.3665752 0.3678062 0.3965595 0.0000000 0.3327477 0.3932933 0.4496035 0.5036449 0.4890031 0.3380619 0.4187237 0.4383877 0.3912991 0.4047602 0.7451134 0.8720107 0.8674229 0.8977753 1.0673071 0.8756831 0.8964963 0.9779897 0.8943679 0.9013224 1.0198040 1.0899940 0.7839469 0.7679291 0.7605447 0.8076866 1.1537304 1.1642498 1.2265531 1.2375360 1.2294477 1.2347952 1.2184913 1.1546313 1.2245131 1.1755622 1.2069737 1.1584618 1.2030322 1.1384719 1.1366987 1.1815583 1.2614637 1.2176141 1.1732315 1.1927282 1.1804105 1.1661960 1.1980021 1.2039600 1.1980105 1.1576649 1.1191967 1.1530707 1.2151630 1.5174240 1.2400246 1.1906651 1.2271623 1.1848684 1.1376074 1.1011538 1.1631353 1.0956097 1.0298053 1.1351315 1.0191666 0.9721443 0.9365636 0.8882646 1.0325026 0.8578399 0.8457167 0.8854965 0.9397855 2.3865408 2.4481701 2.4198403 3.1873052 
C.ZA.99.99ZALT4.EU293444               0.7995124 0.8425690 0.8140217 0.9367516 0.9861642 1.0021003 1.0567103 0.7041240 0.7211134 0.7288455 0.7270002 0.6867756 0.6917010 0.6160289 0.6256389 0.3743772 0.4445253 0.3308134 0.3359246 0.3594448 0.3327477 0.0000000 0.3070179 0.4130515 0.4677149 0.4481853 0.3082353 0.3824790 0.4078269 0.3533086 0.3670082 0.6958650 0.8069337 0.8177649 0.8468842 1.0341861 0.8243541 0.8458032 0.9279915 0.8118201 0.8511224 0.9734912 1.0391463 0.7390798 0.7258581 0.7017299 0.7623651 1.0966669 1.1075301 1.1810074 1.1580412 1.1853356 1.1923042 1.1736239 1.1017399 1.1571345 1.1269041 1.1286472 1.1121836 1.1322287 1.1172136 1.0833041 1.1243690 1.1984924 1.1769995 1.1505338 1.1490211 1.1665323 1.1422875 1.1351411 1.1548605 1.1582763 1.1356776 1.0668758 1.0837989 1.1727688 1.4872246 1.1912233 1.1588695 1.1861875 1.1499890 1.0887916 1.0597420 1.1097314 1.0422826 1.0034700 1.1139824 0.9745120 0.9281215 0.8836690 0.8421148 1.0327891 0.8255540 0.8094388 0.8303963 0.9004263 2.3836497 2.4492052 2.3450620 3.1982719 
C.ZA.02.02ZAPS015MB1.DQ369995          0.8404145 0.9053055 0.8501191 0.9507300 1.0401155 1.0631444 1.0969395 0.7802569 0.7815939 0.7917011 0.7789722 0.7278686 0.7427411 0.6536810 0.6840190 0.4355074 0.5029598 0.3940545 0.4088359 0.4139831 0.3932933 0.3070179 0.0000000 0.4850405 0.5439596 0.5157501 0.3693200 0.4400857 0.4622060 0.4102672 0.4251025 0.7530964 0.8756490 0.8883059 0.9240163 1.0862893 0.8950678 0.9001626 1.0025313 0.8795098 0.8988654 1.0443839 1.1076316 0.7945909 0.7892388 0.7643795 0.8100028 1.1412881 1.1489031 1.2455107 1.2240648 1.2440633 1.2329523 1.2217336 1.1484238 1.2110679 1.1736995 1.1773019 1.1680806 1.1704841 1.1485137 1.1409404 1.1684478 1.2503294 1.2315234 1.1926467 1.1926899 1.1880665 1.1777416 1.2072541 1.2120820 1.2086815 1.1902987 1.1272541 1.1382029 1.1927246 1.5376770 1.2288093 1.2109029 1.2472604 1.2124593 1.1027404 1.1174856 1.1177804 1.0596703 1.0437613 1.1764281 1.0140632 0.9955067 0.9339527 0.9105852 1.0530359 0.8782668 0.8508880 0.9005690 0.9433391 2.3733435 2.4075619 2.3778477 3.2572243 
C.GB.14.13659_1_48.3.MF109437          0.8824089 0.9541473 0.8995286 1.0364328 1.0996895 1.1260709 1.1477831 0.8032139 0.8197626 0.8278700 0.8239481 0.7854709 0.7854441 0.7175061 0.7445812 0.5088233 0.5550610 0.4513914 0.4705756 0.4784291 0.4496035 0.4130515 0.4850405 0.0000000 0.5531130 0.5262374 0.4171372 0.4872865 0.5199103 0.4651876 0.4867960 0.7955545 0.9091222 0.9224347 0.9769749 1.1187943 0.9382899 0.9673563 1.0350264 0.9430815 0.9597136 1.0960718 1.1549847 0.8577572 0.8493626 0.8208400 0.8732351 1.2217376 1.2418696 1.3035083 1.3090406 1.3218008 1.3179316 1.3049708 1.2373126 1.2499553 1.2265650 1.2684665 1.2558144 1.2433128 1.2358689 1.1951543 1.2486138 1.3605466 1.2744926 1.2256995 1.2955924 1.2857797 1.2819914 1.2717018 1.3121896 1.2903983 1.2498752 1.2166434 1.2136013 1.2763841 1.6027919 1.3351572 1.2703355 1.2988759 1.2768596 1.1962326 1.1754437 1.2125212 1.1402211 1.1075313 1.1830850 1.0568084 1.0027576 0.9475466 0.9359246 1.1145841 0.9104391 0.8911299 0.9058618 0.9789445 2.4165668 2.4455049 2.5238544 3.1331555 
BC.CN.07.07CNYN340.KF835526            0.9697728 1.0293777 0.9688953 1.0648322 1.1724885 1.1965312 1.2072545 0.8806714 0.8882719 0.9079436 0.8956264 0.8637746 0.8750035 0.7688050 0.7711930 0.5555769 0.6166112 0.5096085 0.5263726 0.5424753 0.5036449 0.4677149 0.5439596 0.5531130 0.0000000 0.4168420 0.4778179 0.5466870 0.5791663 0.5316855 0.5389812 0.8637666 0.9766606 0.9997731 1.0303463 1.2055594 1.0192863 1.0088882 1.1498129 0.9920185 1.0175941 1.1663398 1.2330951 0.8975215 0.9326164 0.8651214 0.9266084 1.3004093 1.2731040 1.3666531 1.3062631 1.3862587 1.3951019 1.3691946 1.2731878 1.3776467 1.3399386 1.3177632 1.3337612 1.3136615 1.3030100 1.2459895 1.3094776 1.3775412 1.3279594 1.2888768 1.3274795 1.3404076 1.3056845 1.3277009 1.3370436 1.3088403 1.2833960 1.2624887 1.2492721 1.3384847 1.6698196 1.3649169 1.3104805 1.3439979 1.3287688 1.2683870 1.2263188 1.2486664 1.1748410 1.1523334 1.2999263 1.1508729 1.0939609 1.0549747 1.0223809 1.1916224 0.9812683 0.9613212 0.9966319 1.0690036 2.4833852 2.5576303 2.5239998 3.2591445 
85_BC.CN.14.14CN_SCYB4.KU992932        0.9592464 1.0250265 0.9896496 1.0647190 1.1557480 1.1731859 1.2157883 0.8577343 0.8733609 0.9036544 0.8829393 0.8342673 0.8433366 0.7736995 0.7714871 0.5309994 0.5871426 0.4928529 0.5050074 0.5204642 0.4890031 0.4481853 0.5157501 0.5262374 0.4168420 0.0000000 0.4598504 0.5143176 0.5491128 0.5082508 0.5130539 0.8453737 0.9814979 0.9860866 1.0275171 1.1880985 1.0100826 1.0049759 1.1256950 1.0061706 1.0300721 1.1541437 1.2460624 0.9091582 0.8841272 0.8692671 0.9119815 1.2846853 1.2759344 1.3824948 1.3217483 1.3498609 1.3744877 1.3862207 1.2553710 1.3507091 1.2901111 1.3061594 1.2890395 1.2919069 1.2720955 1.2313125 1.3015886 1.4101545 1.3367061 1.2905315 1.3668409 1.3130968 1.3270289 1.3008340 1.3253782 1.3067473 1.2891073 1.2509997 1.2269781 1.3501516 1.5813562 1.3798743 1.3001473 1.3730501 1.3287141 1.2643651 1.2237651 1.2323054 1.2035397 1.1619002 1.2256392 1.1349584 1.0854709 1.0369650 0.9893927 1.1676720 0.9748257 0.9310581 0.9948210 1.0398789 2.4974908 2.5492617 2.5379858 3.2638418 
C.BW.00.00BW076820.AF443089            0.7949361 0.8821698 0.8132041 0.9139745 1.0098012 1.0235358 1.0655483 0.7261431 0.7189467 0.7352565 0.7293029 0.6808963 0.6865342 0.5951840 0.6165476 0.3703364 0.4409049 0.3358068 0.3489826 0.3709695 0.3380619 0.3082353 0.3693200 0.4171372 0.4778179 0.4598504 0.0000000 0.3715861 0.3915722 0.3427703 0.3565437 0.7047751 0.8279454 0.8224347 0.8577250 1.0319412 0.8530157 0.8547435 0.9414507 0.8289876 0.8388287 0.9677274 1.0585498 0.7412493 0.7353640 0.6990267 0.7607372 1.1296574 1.1516660 1.2447310 1.1952834 1.2281173 1.2331603 1.1845357 1.1087832 1.1800908 1.1204273 1.1553652 1.1255091 1.1480675 1.1343864 1.0842084 1.1677866 1.2472597 1.1937592 1.1562057 1.1807847 1.1658275 1.1432594 1.1710310 1.1757901 1.1365236 1.1457139 1.0981628 1.1257307 1.1961688 1.4982639 1.2164255 1.1568133 1.2101798 1.1656979 1.0995751 1.0768805 1.1233866 1.0647640 1.0117133 1.1109659 0.9724032 0.9261180 0.8820218 0.8500679 1.0022671 0.8364778 0.7962248 0.8307690 0.8971606 2.3235427 2.4027910 2.3962452 3.2247321 
C.ZA.04.04ZASK170B1.DQ093595           0.8341403 0.9212243 0.8658310 0.9692643 1.0317624 1.0567099 1.0896193 0.7758494 0.7657945 0.7806597 0.7730408 0.7203651 0.7366275 0.6477439 0.6738638 0.4197980 0.4749826 0.4143387 0.4167337 0.4403869 0.4187237 0.3824790 0.4400857 0.4872865 0.5466870 0.5143176 0.3715861 0.0000000 0.3541415 0.2987702 0.3602508 0.7415600 0.8924270 0.9148909 0.9325031 1.1009637 0.9158334 0.9299777 1.0108098 0.8915178 0.8977845 1.0379722 1.0997698 0.8080125 0.7899417 0.7710236 0.8147081 1.1433872 1.1990274 1.2579777 1.2332457 1.2386190 1.2414339 1.2326678 1.1612412 1.2161267 1.1965890 1.1970270 1.1557685 1.1869252 1.1690595 1.1582932 1.1839130 1.2815860 1.2125873 1.1989673 1.2229790 1.2153632 1.2038252 1.2199356 1.2390915 1.1989409 1.1931075 1.1474814 1.1568320 1.2339261 1.5222595 1.2732493 1.2036248 1.2253172 1.1880441 1.1542083 1.1199016 1.1221540 1.0754576 1.0344044 1.1435985 1.0228290 0.9801035 0.9521910 0.9000484 1.0828510 0.8564147 0.8623779 0.8890207 0.9473576 2.3409137 2.3875153 2.3473986 3.2122688 
C.TZ.02.CO6721.AY734560                0.8370425 0.9456362 0.8712649 0.9743983 1.0432903 1.0968684 1.1314320 0.7861985 0.7994388 0.8089031 0.8061095 0.7551000 0.7672572 0.6802439 0.6892111 0.4416346 0.5028130 0.4343160 0.4497818 0.4659755 0.4383877 0.4078269 0.4622060 0.5199103 0.5791663 0.5491128 0.3915722 0.3541415 0.0000000 0.2562738 0.3718881 0.7484452 0.8943128 0.9064472 0.9219100 1.0765358 0.9272470 0.9166387 1.0156135 0.8967731 0.9116958 1.0586601 1.1352757 0.8131241 0.8272283 0.7825422 0.8341405 1.1840669 1.2182556 1.3000121 1.2559996 1.2815815 1.2753223 1.2615142 1.1680116 1.2489335 1.2261426 1.2207027 1.1970351 1.2428664 1.2104642 1.1610350 1.2309648 1.3393779 1.2772887 1.2127207 1.2362471 1.2232037 1.2300413 1.2395700 1.2540353 1.2276613 1.2139157 1.1842560 1.1735070 1.2682188 1.5119535 1.2954704 1.2125826 1.2627147 1.2477551 1.1604980 1.1461124 1.1433177 1.1220493 1.0725554 1.1720657 1.0435113 0.9796749 0.9511474 0.9189766 1.0897211 0.8744929 0.8619829 0.8927980 0.9602924 2.4158794 2.4616680 2.4456887 3.3815375 
C.TZ.01.BD39_8.AY253313                0.8037742 0.8818024 0.8160475 0.9360348 1.0111275 1.0235964 1.0590501 0.7192495 0.7490869 0.7456836 0.7543412 0.6892646 0.6985778 0.6127833 0.6453541 0.3923803 0.4543185 0.3862681 0.3922778 0.4180075 0.3912991 0.3533086 0.4102672 0.4651876 0.5316855 0.5082508 0.3427703 0.2987702 0.2562738 0.0000000 0.3194162 0.6972603 0.8468293 0.8634371 0.8733871 1.0407691 0.8515242 0.8585947 0.9878208 0.8534519 0.8588076 0.9992211 1.0646846 0.7569278 0.7600151 0.7149803 0.7862567 1.1235616 1.1665574 1.2246455 1.2163336 1.2368216 1.2168279 1.2187460 1.1155609 1.2079876 1.1593418 1.1743827 1.1501962 1.1640442 1.1449944 1.0985601 1.1821643 1.2634274 1.1845377 1.1699398 1.1923811 1.2010740 1.1778366 1.1823551 1.1963847 1.1935694 1.1952533 1.1111786 1.1291511 1.2268089 1.4936369 1.2570409 1.1724954 1.2203218 1.1859365 1.1068708 1.0559822 1.0876648 1.0447737 1.0049599 1.1033038 0.9711557 0.9209359 0.9030769 0.8592518 1.0279843 0.8241813 0.8020747 0.8288188 0.9241154 2.3116279 2.4413571 2.3532024 3.1548268 
C.ZA.03.03ZAPS067MB2.DQ396389          0.8285306 0.9082380 0.8328965 0.9368747 1.0266304 1.0406048 1.0647600 0.7569770 0.7329677 0.7731315 0.7458389 0.7093269 0.7172773 0.6303437 0.6486241 0.4089215 0.4571478 0.3916990 0.4150586 0.4242431 0.4047602 0.3670082 0.4251025 0.4867960 0.5389812 0.5130539 0.3565437 0.3602508 0.3718881 0.3194162 0.0000000 0.7140003 0.8720875 0.8716038 0.9047030 1.0420781 0.8951574 0.8936480 0.9797007 0.8830621 0.8959772 1.0015734 1.0785443 0.7789019 0.7647799 0.7406428 0.8036871 1.1792984 1.1689045 1.2545922 1.2263605 1.2624413 1.2568371 1.2409857 1.1607655 1.2222296 1.1783916 1.1936240 1.1771490 1.1918499 1.1631904 1.1341280 1.2162356 1.2617470 1.2561332 1.1827248 1.2118749 1.2014305 1.1915002 1.2169325 1.2074146 1.2074439 1.1952179 1.1390599 1.1459481 1.2157234 1.5116385 1.2633731 1.2148539 1.2647389 1.2069919 1.1575879 1.1336186 1.1422427 1.0809592 1.0513467 1.1396369 0.9951097 0.9808113 0.9155022 0.8812886 1.0351321 0.8314033 0.8178224 0.8676689 0.9217216 2.3841901 2.4670234 2.3995685 3.2253531 
A1D.UG.99.99UGJ21953.AF484496          0.5539554 0.6155267 0.5780614 0.6636748 0.7421108 0.7858442 0.8127684 0.4629598 0.4685648 0.4738199 0.4733140 0.4116567 0.4309289 0.4652667 0.7443539 0.7286088 0.7769536 0.7541819 0.7662480 0.7798503 0.7451134 0.6958650 0.7530964 0.7955545 0.8637666 0.8453737 0.7047751 0.7415600 0.7484452 0.6972603 0.7140003 0.0000000 0.5940450 0.5839914 0.6279614 0.7886517 0.6084434 0.6246044 0.6757115 0.5966436 0.6255458 0.7269351 0.7984928 0.5209187 0.5016451 0.4578972 0.5239786 0.8779066 0.8624902 0.9535700 0.9477493 0.9333126 0.9515807 0.9340040 0.8450649 0.9163053 0.8804045 0.8965136 0.8820357 0.8798683 0.8545752 0.8313494 0.8683195 0.9637883 0.9222082 0.8872906 0.9239548 0.9181701 0.8965739 0.9050598 0.9067664 0.8943406 0.8825661 0.8376936 0.8455537 0.9067406 1.1932027 0.9506096 0.8692822 0.9214361 0.9177331 0.8189443 0.8170918 0.8286924 0.7690854 0.7422035 0.8313560 0.7253044 0.6696948 0.6434022 0.6156260 0.7718039 0.5694405 0.5575880 0.5755711 0.6485986 1.9758590 2.0169435 2.0002361 2.8248537 
01_AE.CN.02.YN0236.JX112866            0.6250973 0.7031746 0.6439223 0.7291549 0.8009538 0.8233666 0.8664519 0.5660912 0.5858779 0.5805570 0.5824220 0.5350322 0.5527796 0.6025408 0.8761061 0.8392197 0.9008060 0.8858593 0.8933630 0.9128837 0.8720107 0.8069337 0.8756490 0.9091222 0.9766606 0.9814979 0.8279454 0.8924270 0.8943128 0.8468293 0.8720875 0.5940450 0.0000000 0.1589301 0.2095054 0.3849169 0.2073390 0.2124904 0.3002261 0.2174528 0.2412350 0.4796209 0.5633274 0.4394918 0.5372246 0.5225008 0.5653557 0.9249039 0.9324892 1.0294101 1.0060196 0.9988456 1.0143660 0.9772997 0.9458384 0.9840194 0.9658890 0.9682136 0.9495130 0.9717972 0.9191873 0.9014668 0.9671544 1.0429818 0.9587674 0.9429456 0.9996855 0.9903047 0.9776712 0.9713995 0.9973199 0.9778351 0.9463462 0.8975585 0.9053138 0.9914964 1.2848418 1.0306548 0.9489267 0.9833599 0.9856811 0.8890347 0.8761880 0.8902499 0.8383890 0.7978679 0.9246046 0.7631407 0.7207903 0.6776845 0.6620712 0.8453611 0.6281033 0.6250403 0.6535968 0.7128601 2.0460821 2.1076732 2.1629733 2.8115544 
01_AE.TH.99.99TH_C4460.AY945726        0.6331259 0.6917780 0.6482831 0.7429960 0.8095383 0.8489315 0.8749867 0.5768162 0.5817909 0.5852860 0.5746927 0.5341301 0.5639765 0.5991217 0.8776307 0.8790374 0.9247078 0.8977887 0.9009799 0.9205944 0.8674229 0.8177649 0.8883059 0.9224347 0.9997731 0.9860866 0.8224347 0.9148909 0.9064472 0.8634371 0.8716038 0.5839914 0.1589301 0.0000000 0.2114146 0.3870340 0.2048172 0.2104821 0.2974178 0.2203410 0.2436751 0.4725938 0.5635911 0.4391028 0.5245350 0.5241645 0.5763809 0.9352248 0.9493371 1.0376332 1.0201369 0.9904842 1.0344993 0.9890017 0.9484818 0.9743268 0.9611002 0.9753693 0.9407709 0.9734528 0.9304343 0.9076250 0.9682723 1.0471081 0.9827962 0.9624582 1.0133877 0.9903860 0.9726103 0.9819162 0.9928571 0.9971588 0.9350128 0.9102022 0.9141124 1.0037382 1.2954006 1.0217378 0.9598858 0.9896396 0.9816385 0.8920042 0.8889965 0.8999457 0.8438377 0.8107349 0.9229630 0.7770605 0.7252520 0.6820678 0.6665809 0.8390485 0.6340405 0.6233418 0.6392638 0.7001182 2.0445203 2.0949323 2.1740715 2.7724210 
01_AE.CN.07.GX070143.JX112835          0.6603255 0.7261611 0.6724734 0.7904952 0.8600483 0.8947585 0.9164974 0.6119549 0.6349089 0.6241071 0.6315849 0.5773143 0.6010234 0.6566689 0.9146777 0.8806826 0.9536811 0.9062520 0.9284577 0.9471223 0.8977753 0.8468842 0.9240163 0.9769749 1.0303463 1.0275171 0.8577250 0.9325031 0.9219100 0.8733871 0.9047030 0.6279614 0.2095054 0.2114146 0.0000000 0.4266658 0.2455063 0.2494361 0.3406992 0.2653379 0.2837048 0.5256239 0.5976262 0.4952890 0.5631534 0.5535325 0.6065562 0.9848642 0.9899737 1.0795934 1.0634427 1.0453745 1.0852207 1.0412333 0.9909879 1.0351174 1.0011718 1.0161661 0.9885064 1.0301051 0.9691602 0.9638562 1.0291872 1.1097583 1.0236442 1.0155841 1.0457261 1.0421803 1.0082329 1.0281185 1.0359834 1.0435418 0.9700110 0.9577342 0.9638566 1.0308024 1.3227405 1.0863808 0.9879617 1.0351948 1.0415147 0.9439372 0.9426386 0.9307181 0.8860126 0.8373907 0.9601405 0.8218746 0.7860428 0.7332725 0.7034661 0.8809195 0.6655563 0.6666434 0.6936537 0.7401719 2.1044589 2.1668191 2.1785267 2.8351639 
69_01B.JP.05.05JPMYC113SP420.LC027100  0.8253087 0.9081808 0.8366407 0.9507458 0.9887226 1.0664131 1.0796983 0.7713672 0.7940275 0.7795702 0.7981196 0.7495051 0.7635001 0.8146922 1.0624047 1.0437067 1.1229717 1.0993200 1.1124487 1.1347877 1.0673071 1.0341861 1.0862893 1.1187943 1.2055594 1.1880985 1.0319412 1.1009637 1.0765358 1.0407691 1.0420781 0.7886517 0.3849169 0.3870340 0.4266658 0.0000000 0.4168828 0.4332849 0.5130608 0.4394150 0.4619773 0.6798491 0.7610678 0.6581245 0.7190260 0.7233210 0.7792150 1.1352946 1.1316225 1.2233637 1.1948063 1.2429984 1.2141494 1.2146589 1.1364531 1.1701816 1.1356437 1.1730683 1.1827725 1.1857293 1.1151637 1.1141129 1.1704033 1.2470758 1.1514352 1.1479682 1.1976835 1.1839412 1.1427887 1.1939062 1.1946149 1.1623471 1.1364041 1.0766783 1.0905916 1.1942752 1.4890166 1.2189997 1.1421023 1.1994173 1.1681404 1.1156943 1.0957854 1.0974544 1.0519568 1.0068671 1.1335504 0.9761039 0.9575736 0.9072447 0.8727484 1.0388556 0.8338549 0.8081829 0.8574879 0.9125749 2.2648175 2.3242249 2.3397775 3.0503847 
01_AE.TH.07.AA030a04.JX447057          0.6575889 0.7289478 0.6591629 0.7877816 0.8358507 0.8702107 0.8887068 0.6097887 0.6132216 0.6140631 0.6284530 0.5725455 0.5911127 0.6308818 0.8824255 0.8459528 0.9404494 0.9111997 0.9035524 0.9277605 0.8756831 0.8243541 0.8950678 0.9382899 1.0192863 1.0100826 0.8530157 0.9158334 0.9272470 0.8515242 0.8951574 0.6084434 0.2073390 0.2048172 0.2455063 0.4168828 0.0000000 0.2347516 0.3238991 0.2459147 0.2670019 0.5063496 0.5902497 0.4695633 0.5483765 0.5431697 0.5955860 0.9663446 0.9805270 1.0463698 1.0168916 1.0219735 1.0563003 1.0071665 0.9832251 1.0111414 0.9738614 0.9855659 0.9803225 1.0017748 0.9676870 0.9305546 1.0082448 1.0613523 0.9939916 0.9778134 1.0174826 0.9920304 0.9749709 0.9955893 1.0270076 1.0316728 0.9640541 0.9412756 0.9337958 1.0166478 1.3079543 1.0445129 0.9895168 1.0089276 1.0072478 0.9241467 0.9062309 0.9060518 0.8577814 0.8132094 0.9539037 0.7790058 0.7692556 0.7070189 0.6927745 0.8603906 0.6678459 0.6596277 0.6628123 0.7289230 2.0889003 2.1381354 2.2082224 2.8175843 
01_AE.CN.07.07CNYN326.KF835513         0.6537387 0.7213808 0.6698214 0.7684720 0.8331064 0.8706676 0.9161198 0.5976116 0.6086661 0.6250021 0.6297432 0.5835725 0.5848228 0.6462270 0.8997458 0.8814767 0.9530130 0.9058774 0.9338434 0.9377267 0.8964963 0.8458032 0.9001626 0.9673563 1.0088882 1.0049759 0.8547435 0.9299777 0.9166387 0.8585947 0.8936480 0.6246044 0.2124904 0.2104821 0.2494361 0.4332849 0.2347516 0.0000000 0.3269433 0.2588050 0.2828812 0.5031595 0.5906096 0.4799437 0.5675460 0.5465204 0.6004389 0.9800100 0.9778771 1.0416482 1.0668170 1.0321094 1.0589631 1.0137566 0.9881163 1.0182248 0.9794264 0.9962438 0.9947167 1.0165979 0.9687911 0.9427808 1.0066003 1.0837598 0.9974073 1.0033865 1.0301726 1.0161955 1.0149440 1.0239256 1.0339532 1.0358195 0.9745646 0.9512867 0.9579967 1.0331115 1.3155821 1.0493344 0.9899293 1.0309448 0.9991192 0.9374099 0.9057150 0.9114734 0.8682685 0.8322977 0.9609127 0.8027995 0.7569783 0.7110210 0.6952448 0.8802872 0.6581994 0.6584724 0.6873895 0.7403925 2.0126130 2.0965462 2.1418204 2.8255964 
