100
02A1.GH.97.97GH_AG2.AB052867           0.0000000 0.3464752 0.3470667 0.3682157 0.4321769 0.3651970 0.4194288 0.4003027 0.4617535 0.5436161 0.5437053 0.5678147 0.5125087 0.5198232 0.5373351 0.5311888 0.4915304 0.5636896 0.5411309 0.5984281 0.6050316 0.6261535 0.6486186 0.6330005 0.6130750 0.6362746 0.7036079 0.8113290 0.4595056 0.5831563 0.7654671 0.8234376 0.5008361 0.5274166 0.5553496 0.6202159 0.6450745 0.5469954 0.6020830 0.7705394 0.7851017 0.7531416 0.7701621 0.7772880 0.7149624 0.7844940 0.7825036 0.7945727 0.7808238 0.7997462 0.7422431 0.7283298 0.7482272 0.8502036 0.7540936 0.7902874 0.8039832 0.7294241 0.8307166 0.7903447 0.7828463 0.7757362 0.7883947 0.7946557 0.8364801 0.8405769 0.8552682 0.8213894 0.8448434 0.8195246 0.8549102 0.8264203 0.8501805 0.8597187 0.7306047 0.6783696 0.6601972 0.8287983 0.8067695 0.8367501 0.8291909 0.8530529 0.7814357 0.7879673 0.8561242 0.8318365 0.8355793 0.7965218 0.8022985 0.8211168 0.8866355 0.8949510 0.9416619 0.9484359 1.0577705 0.7492634 1.7048855 1.7223264 1.6497801 2.4000558 
02_AG.CM.02.02CM_3217MN.GU201514       0.3464752 0.0000000 0.2577057 0.2746428 0.3503305 0.3986401 0.4312492 0.4056100 0.4582801 0.5555399 0.5542816 0.5764569 0.5302328 0.5348397 0.5555498 0.5329063 0.5047831 0.5838902 0.5764504 0.6196400 0.6233693 0.6240466 0.6437954 0.6404998 0.6348239 0.6498855 0.7073877 0.8172790 0.4621868 0.6129753 0.7806127 0.8572156 0.5157401 0.5387513 0.5912817 0.6452106 0.6561069 0.5478072 0.6182360 0.8042834 0.8417377 0.7885159 0.7943932 0.8050058 0.7594712 0.8188397 0.8230709 0.8211836 0.8161649 0.8336910 0.7862013 0.7677418 0.7838990 0.8719138 0.7866455 0.8167256 0.8211496 0.7534994 0.8815146 0.8386308 0.8472654 0.8248967 0.8440628 0.8174589 0.8557344 0.8488023 0.8721875 0.8544632 0.8773154 0.8527281 0.8888026 0.8512867 0.8830991 0.8964315 0.7428735 0.6897808 0.6717680 0.8582127 0.8427759 0.8322575 0.8525983 0.8816025 0.8059156 0.7967955 0.8735249 0.8748211 0.8568297 0.8200007 0.8337925 0.8575023 0.9612720 0.9115294 0.9777104 0.9855507 1.0904945 0.7579458 1.6934277 1.7124478 1.7026965 2.4394320 
02_AG.GW.04.CC_0030.FJ694791           0.3470667 0.2577057 0.0000000 0.2712593 0.3576066 0.3968166 0.4363411 0.4021538 0.4513797 0.5419791 0.5437670 0.5531316 0.5228794 0.5173515 0.5383822 0.5235353 0.4981106 0.5756062 0.5546008 0.6046884 0.6117900 0.6280290 0.6423002 0.6303111 0.6177058 0.6437438 0.7035210 0.8017185 0.4701097 0.6018103 0.7795759 0.8279671 0.5060635 0.5238894 0.5861638 0.6395733 0.6513066 0.5475428 0.6014916 0.7795724 0.8139013 0.7819266 0.8024075 0.7965756 0.7537036 0.8104879 0.8117168 0.8096430 0.8036283 0.8280901 0.7436458 0.7356968 0.7685024 0.8519673 0.7914496 0.8216516 0.8110131 0.7361868 0.8400945 0.8254322 0.8150325 0.8106676 0.8144762 0.7910359 0.8538442 0.8341166 0.8837330 0.8499760 0.8469051 0.8492938 0.8601832 0.8314549 0.8776872 0.8605091 0.7479306 0.6924994 0.6719264 0.8588957 0.8327841 0.8433709 0.8531415 0.8752363 0.8177836 0.7960156 0.8955066 0.8709593 0.8352786 0.8259036 0.8181274 0.8577204 0.9340208 0.9036862 0.9768618 0.9723630 1.0575972 0.7501735 1.6533505 1.7007200 1.6511945 2.4858699 
02_AG.GW.14.DE00214GW009.MH078544      0.3682157 0.2746428 0.2712593 0.0000000 0.3604772 0.4096046 0.4514871 0.4197103 0.4892566 0.5704839 0.5605154 0.5788222 0.5281584 0.5451571 0.5703893 0.5524911 0.5059566 0.5811547 0.5704605 0.6233669 0.6400276 0.6509941 0.6607567 0.6516381 0.6460779 0.6750083 0.7308244 0.8094707 0.4743352 0.6207589 0.7851852 0.8437527 0.5095981 0.5337354 0.5909831 0.6453621 0.6597624 0.5541640 0.6148566 0.7770970 0.8261551 0.7820627 0.8011766 0.7905914 0.7321545 0.8128991 0.8024404 0.8083019 0.8027979 0.8085233 0.7617455 0.7542060 0.7687179 0.8408482 0.7838970 0.8257344 0.8080009 0.7452905 0.8472438 0.8279534 0.8204352 0.7976199 0.8228803 0.8153563 0.8394452 0.8133019 0.8673836 0.8370423 0.8508085 0.8452997 0.8621715 0.8379610 0.8700412 0.8651466 0.7379917 0.6734308 0.6628611 0.8293900 0.8148244 0.8596518 0.8609975 0.8713903 0.8143698 0.8010990 0.8726691 0.8679712 0.8390507 0.8013902 0.8212959 0.8350778 0.9117239 0.9053199 0.9564199 0.9770324 1.0647791 0.7759946 1.6919936 1.7327061 1.6619651 2.4498884 
02D.GH.03.GHNJ193.AB231897             0.4321769 0.3503305 0.3576066 0.3604772 0.0000000 0.4726051 0.5122954 0.4775929 0.5408100 0.6248969 0.6146583 0.6470173 0.5918230 0.5885874 0.6397679 0.6010395 0.5646528 0.6474634 0.6317616 0.6947674 0.6936603 0.7253542 0.7193482 0.7177069 0.7100586 0.7176096 0.7866271 0.8959381 0.5407889 0.6850885 0.8501939 0.9078677 0.6032380 0.5971273 0.6396860 0.7096236 0.7142871 0.6301035 0.6787865 0.8739771 0.8897499 0.8507051 0.8734448 0.8585165 0.7999857 0.8857549 0.8683384 0.8730094 0.8665522 0.8929731 0.8277206 0.8335395 0.8437291 0.9362521 0.8490465 0.8941495 0.8868194 0.8272513 0.9159018 0.8963797 0.8840202 0.8704705 0.8677971 0.8810533 0.9087010 0.8893697 0.9531867 0.9180006 0.9057489 0.9117990 0.9278596 0.9157983 0.9418521 0.9392861 0.8054578 0.7626884 0.7206574 0.8872309 0.8732897 0.8985128 0.9081510 0.9251944 0.8864135 0.8674182 0.9430727 0.9334033 0.9412002 0.8820796 0.8767207 0.9273108 1.0181722 0.9626444 1.0428158 1.0318507 1.1083125 0.8291386 1.6762888 1.7289228 1.6775830 2.4424184 
02A.CI.16.DEURF16CI011.MH078538        0.3651970 0.3986401 0.3968166 0.4096046 0.4726051 0.0000000 0.4761422 0.4480136 0.5143848 0.6033757 0.6004748 0.6194042 0.5675078 0.5636887 0.6019542 0.5774200 0.5399564 0.6188194 0.6128274 0.6436882 0.6575918 0.6725859 0.6884642 0.6826003 0.6658823 0.6876483 0.7515690 0.8386457 0.5135530 0.6591810 0.8037155 0.8604984 0.5535973 0.5756990 0.6248357 0.6774416 0.7132142 0.5947974 0.6656843 0.8411850 0.8659829 0.8199818 0.8295409 0.8455705 0.7900036 0.8345469 0.8450091 0.8534821 0.8418640 0.8737927 0.8123864 0.7862969 0.8139158 0.8834669 0.8166336 0.8363318 0.8475951 0.7964550 0.8802835 0.8529266 0.8320434 0.8371074 0.8494072 0.8361817 0.8859537 0.8740714 0.9117147 0.8853377 0.8689902 0.8682040 0.8824188 0.8843280 0.8921138 0.9022648 0.7769420 0.7313516 0.7077898 0.9081901 0.8815020 0.9028468 0.9001700 0.9020705 0.8795820 0.8640380 0.9560807 0.9201500 0.8934393 0.8522665 0.8781338 0.8938540 0.9856229 0.9312267 1.0194184 1.0227912 1.1072755 0.7962690 1.7386860 1.8015193 1.7010410 2.5055407 
U.ES.10.DEURF10DZ001.JX140679          0.4194288 0.4312492 0.4363411 0.4514871 0.5122954 0.4761422 0.0000000 0.3951372 0.5309480 0.6011961 0.5996898 0.6285038 0.5726995 0.5606043 0.5927224 0.5944724 0.5598542 0.6217029 0.6138970 0.6546639 0.6650095 0.7000772 0.7036027 0.6901245 0.6673344 0.6876683 0.7727970 0.8714310 0.5247888 0.6551881 0.8305650 0.9048360 0.5712810 0.5993769 0.6421533 0.7035362 0.7206304 0.6086558 0.6807081 0.8436047 0.8861068 0.8434465 0.8462158 0.8325897 0.7939826 0.8609838 0.8499254 0.8546680 0.8757030 0.8830070 0.8003407 0.8075005 0.8178927 0.9060484 0.8393692 0.8524025 0.8565990 0.7966933 0.8840550 0.8645291 0.8520355 0.8754465 0.8546281 0.8588236 0.8941385 0.8858436 0.8924404 0.8878197 0.9170683 0.8811597 0.8949101 0.8922644 0.9191276 0.9448468 0.8039359 0.7517602 0.7244717 0.9138463 0.8596559 0.8984385 0.8792838 0.9310738 0.8795161 0.8459276 0.9206053 0.9276663 0.8748747 0.8570098 0.8836618 0.8933263 0.9659651 0.9344663 1.0056306 1.0208057 1.1151956 0.8194836 1.7734322 1.7971190 1.7604224 2.5000058 
0206.SN.12.LA56Senegl.KU168299         0.4003027 0.4056100 0.4021538 0.4197103 0.4775929 0.4480136 0.3951372 0.0000000 0.4811947 0.5664870 0.5759299 0.5996200 0.5576848 0.5473638 0.5718684 0.5622003 0.5286137 0.6037360 0.5831952 0.6211286 0.6230990 0.6563236 0.6454289 0.6459674 0.6374610 0.6582487 0.7135079 0.8179471 0.4851551 0.6162491 0.7954428 0.8475394 0.5388029 0.5649698 0.6235226 0.6516491 0.6885149 0.5983625 0.6417543 0.8115961 0.8593340 0.8058572 0.8240443 0.8213180 0.7625035 0.8325754 0.8445798 0.8165150 0.8563025 0.8320167 0.7808153 0.7706818 0.7965390 0.8816157 0.8052388 0.8588897 0.8377797 0.7842126 0.8596752 0.8313567 0.8342174 0.8271546 0.8258552 0.8274674 0.8779131 0.8630000 0.8767334 0.8711867 0.8702877 0.8798602 0.8910162 0.8683062 0.9035232 0.9117868 0.7731555 0.7182671 0.6865906 0.8430623 0.8175328 0.8709325 0.8609662 0.8596299 0.8246885 0.8106612 0.8906006 0.8669160 0.8348492 0.8167084 0.8311590 0.8470024 0.9612775 0.9177334 0.9930752 0.9766628 1.0924371 0.7816260 1.7489457 1.7746958 1.7803027 2.4675022 
45_cpx.CD.97.97CD_MBFE185.FN392874     0.4617535 0.4582801 0.4513797 0.4892566 0.5408100 0.5143848 0.5309480 0.4811947 0.0000000 0.5034500 0.4980330 0.5185216 0.4678097 0.4686733 0.4922358 0.4935630 0.4481551 0.5084211 0.4968276 0.5558949 0.5713677 0.5815672 0.5850153 0.5844846 0.5715612 0.6006397 0.6718902 0.7641793 0.4779517 0.5333687 0.7292251 0.7861428 0.5631159 0.5434975 0.5931312 0.6319455 0.6673098 0.6576777 0.5708008 0.7439921 0.7765356 0.7589599 0.7482729 0.7532848 0.6995855 0.7590960 0.7685813 0.7665177 0.7788474 0.7826646 0.7244345 0.7083161 0.7291784 0.8075875 0.7451969 0.7854328 0.7791054 0.7056027 0.8064345 0.7781559 0.7666505 0.7758847 0.7778977 0.7801753 0.8012134 0.8124270 0.8068958 0.8094611 0.8061533 0.8024799 0.8204986 0.7846632 0.8242371 0.8219356 0.7118897 0.6649719 0.6512363 0.7852147 0.7610833 0.7830912 0.7928213 0.8079295 0.7387525 0.7320543 0.7919508 0.8088968 0.7913503 0.7267119 0.7675570 0.7758765 0.8707620 0.8162243 0.9133728 0.8854048 1.0636207 0.7334502 1.8129396 1.8457750 1.7892381 2.4948120 
A1.KE.06.06KECst_028.FJ623479          0.5436161 0.5555399 0.5419791 0.5704839 0.6248969 0.6033757 0.6011961 0.5664870 0.5034500 0.0000000 0.3032874 0.4060914 0.3718025 0.4009851 0.4082095 0.4776865 0.4298345 0.4652734 0.4955068 0.5499135 0.5610101 0.5863174 0.5814468 0.5895676 0.5571192 0.6012365 0.6646568 0.7598169 0.5611691 0.4877944 0.7329273 0.7817993 0.6489617 0.6451661 0.7028498 0.7636300 0.7842744 0.7429004 0.6717054 0.8219735 0.8617249 0.8284194 0.8432614 0.8422851 0.7787500 0.8467980 0.8587062 0.8589512 0.8662733 0.8705771 0.8205161 0.7956604 0.8274614 0.8861432 0.8222697 0.8466637 0.8752269 0.7996015 0.8915093 0.8714864 0.8487833 0.8508395 0.8703791 0.8788601 0.8958261 0.8891626 0.8995513 0.8835645 0.8966365 0.9038376 0.9270890 0.8668918 0.9090439 0.9161216 0.7901541 0.7442228 0.7249116 0.7256282 0.6896204 0.7309646 0.7211858 0.7572606 0.6946868 0.6701978 0.7536939 0.7258253 0.7122003 0.6668920 0.6871279 0.7218090 0.8027477 0.7701957 0.8256005 0.8262400 1.1463988 0.7992975 1.8092809 1.9045955 1.8828029 2.6136637 
A1.KE.06.06KECst_013.FJ623485          0.5437053 0.5542816 0.5437670 0.5605154 0.6146583 0.6004748 0.5996898 0.5759299 0.4980330 0.3032874 0.0000000 0.4084077 0.3657504 0.3850361 0.3824378 0.4661905 0.4269203 0.4546954 0.4844933 0.5434420 0.5425400 0.5552426 0.5735051 0.5669673 0.5561271 0.5843281 0.6553606 0.7463882 0.5607549 0.4837783 0.7099036 0.7762585 0.6383039 0.6273513 0.6693929 0.7350666 0.7648233 0.7485220 0.6616121 0.8238198 0.8647626 0.8326979 0.8239645 0.8261901 0.7859711 0.8431576 0.8591944 0.8617438 0.8555904 0.8738475 0.8033841 0.7760799 0.8165716 0.8994162 0.8246083 0.8405652 0.8667110 0.8140891 0.8848974 0.8564447 0.8587688 0.8398695 0.8692039 0.8739874 0.8886211 0.8913648 0.9200262 0.9021090 0.8835319 0.9102655 0.9014925 0.8890936 0.9261014 0.9410615 0.8064116 0.7402205 0.7146621 0.7060395 0.6853145 0.7153285 0.7162548 0.7372938 0.6904763 0.6714221 0.7479846 0.7292240 0.6988124 0.6753542 0.6783014 0.6983840 0.8057705 0.7779007 0.8308342 0.8184835 1.1059686 0.8077678 1.8795359 1.9396035 1.8902993 2.5925374 
A1.CY.07.CY208.JF683760                0.5678147 0.5764569 0.5531316 0.5788222 0.6470173 0.6194042 0.6285038 0.5996200 0.5185216 0.4060914 0.4084077 0.0000000 0.2398501 0.4092945 0.4293474 0.4959189 0.4592037 0.4793481 0.5101490 0.5653057 0.5621841 0.5916125 0.6055423 0.6040891 0.5783418 0.6096797 0.6698257 0.7715930 0.5804021 0.5139984 0.7439316 0.7970672 0.6678981 0.6603014 0.6956188 0.7642130 0.7963990 0.7519069 0.6622904 0.8459901 0.8903239 0.8485307 0.8559342 0.8628061 0.8040726 0.8753039 0.8848239 0.8784357 0.8780547 0.8923905 0.8278974 0.8053806 0.8429912 0.9208037 0.8420132 0.8482577 0.8943366 0.8270350 0.8993661 0.8813528 0.8658161 0.8648933 0.8861184 0.8910751 0.9263764 0.9032572 0.9291737 0.9193420 0.9312954 0.9331040 0.9312713 0.9038836 0.9520520 0.9598799 0.8304038 0.7637009 0.7678242 0.7181884 0.7137209 0.7330096 0.7439070 0.7694802 0.7074402 0.6879441 0.7646577 0.7571149 0.7449266 0.6793295 0.7051103 0.7465424 0.8287582 0.7906625 0.8608716 0.8631861 1.1610958 0.8353604 1.8948210 1.9006030 1.9398267 2.6820572 
A1.CY.05.CY051.FJ388903                0.5125087 0.5302328 0.5228794 0.5281584 0.5918230 0.5675078 0.5726995 0.5576848 0.4678097 0.3718025 0.3657504 0.2398501 0.0000000 0.3623407 0.3682929 0.4531880 0.4133260 0.4271081 0.4768081 0.5178760 0.5331530 0.5536731 0.5648569 0.5567843 0.5497480 0.5793015 0.6326106 0.7320348 0.5375909 0.4649364 0.6928925 0.7561524 0.6414377 0.5992101 0.6503346 0.7043870 0.7264178 0.7154423 0.6354960 0.8163675 0.8625110 0.8140468 0.8164470 0.8143296 0.7723710 0.8383693 0.8450438 0.8292390 0.8475610 0.8511773 0.7993875 0.7849157 0.8166270 0.8853958 0.7953545 0.8240475 0.8613055 0.8001472 0.8697642 0.8254360 0.8427442 0.8423300 0.8523535 0.8579636 0.8741134 0.8800129 0.9046354 0.8719909 0.8901058 0.8958209 0.8999853 0.8681994 0.9095658 0.9071174 0.7863625 0.7337109 0.7164383 0.6762648 0.6626408 0.6841256 0.7111349 0.7314536 0.6848443 0.6590568 0.7303214 0.7339484 0.7154904 0.6543161 0.6759182 0.7203398 0.7929667 0.7617065 0.8280548 0.8013323 1.1344395 0.7766707 1.8636663 1.8823700 1.8987807 2.6710567 
A1.UG.11.DEMA110UG001.KF859745         0.5198232 0.5348397 0.5173515 0.5451571 0.5885874 0.5636887 0.5606043 0.5473638 0.4686733 0.4009851 0.3850361 0.4092945 0.3623407 0.0000000 0.4094708 0.4464233 0.4105049 0.4349854 0.4812909 0.5207713 0.5222025 0.5433880 0.5635774 0.5634400 0.5337495 0.5650731 0.6279004 0.7486413 0.5266176 0.4681340 0.6996973 0.7368526 0.6409075 0.6130241 0.6668565 0.7249628 0.7476197 0.7256864 0.6273892 0.7938475 0.8338919 0.8094251 0.8210716 0.8201196 0.7625675 0.8261379 0.8171319 0.8322926 0.8255155 0.8372916 0.7845705 0.7467527 0.7998601 0.8611455 0.8114414 0.8149127 0.8298045 0.7847465 0.8660933 0.8456492 0.8239954 0.8090523 0.8390034 0.8346299 0.8595852 0.8649818 0.8913251 0.8634189 0.8478599 0.8604109 0.8749280 0.8488815 0.8836113 0.8981447 0.7829529 0.7163707 0.6983326 0.7103444 0.6736337 0.7112021 0.7097067 0.7458414 0.6889179 0.6679715 0.7540385 0.7347802 0.7013037 0.6698861 0.6790055 0.7183068 0.7877693 0.7539452 0.8383520 0.8126520 1.1087476 0.7925741 1.8361065 1.9289017 1.9409928 2.7024253 
35_AD.AF.06.007H.GQ477450              0.5373351 0.5555498 0.5383822 0.5703893 0.6397679 0.6019542 0.5927224 0.5718684 0.4922358 0.4082095 0.3824378 0.4293474 0.3682929 0.4094708 0.0000000 0.4760208 0.4367849 0.4749675 0.4937639 0.5560429 0.5639900 0.5886128 0.5819537 0.5879320 0.5735885 0.6014228 0.6721376 0.7674204 0.5594424 0.4979088 0.7389626 0.7658083 0.6543382 0.6428841 0.6848853 0.7386015 0.7790056 0.7409970 0.6761289 0.8297439 0.8730758 0.8327508 0.8417284 0.8464336 0.7788866 0.8425613 0.8430682 0.8348355 0.8634830 0.8593839 0.8211361 0.7866325 0.8349303 0.8943182 0.8149658 0.8379914 0.8517034 0.7837742 0.8721407 0.8440055 0.8414946 0.8673068 0.8641103 0.8726306 0.9022383 0.8824886 0.8953017 0.8705078 0.8798715 0.8897929 0.9105448 0.8905027 0.9245431 0.9294239 0.7933008 0.7559833 0.7179445 0.7173804 0.7186519 0.7206590 0.7332176 0.7599087 0.6963326 0.6780394 0.7648071 0.7465640 0.7012372 0.6781267 0.7047640 0.7251385 0.8089659 0.7841266 0.8485191 0.8625294 1.1219416 0.8221192 1.8994580 1.9126821 1.8943264 2.6347027 
A6.UA.12.DEMA112UA036.KU749406         0.5311888 0.5329063 0.5235353 0.5524911 0.6010395 0.5774200 0.5944724 0.5622003 0.4935630 0.4776865 0.4661905 0.4959189 0.4531880 0.4464233 0.4760208 0.0000000 0.4095016 0.4887547 0.4589440 0.5210949 0.5214811 0.5428508 0.5454517 0.5472178 0.5279375 0.5654512 0.6118768 0.7360536 0.5492333 0.5225183 0.7095837 0.7598726 0.6356662 0.6170293 0.6667127 0.7104184 0.7592377 0.7365327 0.6505324 0.8070067 0.8443224 0.8166397 0.8210822 0.8085695 0.7455792 0.8291995 0.8159496 0.8146433 0.8300348 0.8404275 0.8041019 0.7844975 0.7987627 0.8589578 0.8154468 0.8354927 0.8637859 0.8060627 0.8501427 0.8441616 0.8171886 0.8350368 0.8362110 0.8482667 0.8783981 0.8669546 0.8667078 0.8758468 0.8811292 0.8977981 0.8909709 0.8632281 0.8738063 0.9061088 0.7989349 0.7289152 0.7051631 0.7601015 0.7290995 0.7908339 0.7558406 0.7941059 0.7329423 0.7048954 0.7892272 0.7854578 0.7596742 0.7251501 0.7401709 0.7556462 0.8581212 0.8004434 0.8941852 0.8614877 1.1364921 0.7874131 1.8434901 1.9093710 1.9003075 2.6278463 
A1.CY.06.CY154.FJ388943                0.4915304 0.5047831 0.4981106 0.5059566 0.5646528 0.5399564 0.5598542 0.5286137 0.4481551 0.4298345 0.4269203 0.4592037 0.4133260 0.4105049 0.4367849 0.4095016 0.0000000 0.4731502 0.4334853 0.4976932 0.5005351 0.5297479 0.5348986 0.5284938 0.5134317 0.5256746 0.5918884 0.6935081 0.5152706 0.4955348 0.6542217 0.7207882 0.6109492 0.5890278 0.6409944 0.6985693 0.7034344 0.7022542 0.6152770 0.7866007 0.8330880 0.7835947 0.7954977 0.8045703 0.7368814 0.8017567 0.7995405 0.8095005 0.8061994 0.8358864 0.7631663 0.7547371 0.7839472 0.8540831 0.7822315 0.8136014 0.8326460 0.7593530 0.8707104 0.8489315 0.8233529 0.8078105 0.8208817 0.8229268 0.8463990 0.8493707 0.8443949 0.8420349 0.8670794 0.8666383 0.8633160 0.8232258 0.8709694 0.8863185 0.7373248 0.6825290 0.6677858 0.7055443 0.6874849 0.7119277 0.7271856 0.7546736 0.6798931 0.6606893 0.7500215 0.7350608 0.7296129 0.6881612 0.6762823 0.7157960 0.7949921 0.7470410 0.8433843 0.8273494 1.1025464 0.7448247 1.8395756 1.8583620 1.8809882 2.5548888 
A1D.UG.99.99UGJ21953.AF484496          0.5636896 0.5838902 0.5756062 0.5811547 0.6474634 0.6188194 0.6217029 0.6037360 0.5084211 0.4652734 0.4546954 0.4793481 0.4271081 0.4349854 0.4749675 0.4887547 0.4731502 0.0000000 0.5141242 0.5634824 0.5759157 0.5970269 0.6171092 0.6047191 0.6026011 0.6103240 0.6923554 0.7699790 0.5725506 0.4998928 0.7293351 0.7820527 0.6909095 0.6490914 0.6963893 0.7471234 0.7985940 0.7727655 0.7011487 0.8649445 0.8955191 0.8555042 0.8764003 0.8631944 0.8068901 0.8980223 0.8825766 0.8932667 0.8966743 0.9114767 0.8339948 0.8043342 0.8426203 0.9209653 0.8414653 0.8820616 0.8791058 0.8132023 0.8985071 0.8865490 0.8799374 0.8697851 0.8805339 0.8854768 0.9253515 0.8959094 0.9179741 0.9191770 0.9197810 0.9237797 0.9319253 0.9099785 0.9502262 0.9477522 0.8064099 0.7665258 0.7339411 0.7258516 0.7085499 0.7251206 0.7342187 0.7546752 0.7146942 0.6694147 0.7458377 0.7349255 0.7209227 0.6769535 0.6975307 0.7344512 0.7995362 0.7780651 0.8595377 0.8534094 1.1567519 0.8376856 1.8571835 1.8762957 1.9448724 2.6036809 
22_01A1.CM.02.02CM_1867LE.AY371165     0.5411309 0.5764504 0.5546008 0.5704605 0.6317616 0.6128274 0.6138970 0.5831952 0.4968276 0.4955068 0.4844933 0.5101490 0.4768081 0.4812909 0.4937639 0.4589440 0.4334853 0.5141242 0.0000000 0.4189907 0.4254328 0.4450462 0.4599286 0.4604632 0.4385949 0.4616328 0.5340746 0.6185619 0.5659258 0.5571136 0.5895044 0.6218252 0.6442772 0.6486932 0.6857945 0.7349627 0.7653977 0.7339739 0.6818718 0.8390164 0.8705057 0.8434233 0.8434266 0.8319309 0.7717779 0.8532320 0.8701919 0.8437793 0.8490860 0.8579029 0.7909402 0.7983904 0.8307827 0.8703768 0.8349962 0.8610663 0.8464133 0.7975881 0.8944171 0.8777569 0.8639597 0.8666959 0.8738650 0.9016312 0.8831598 0.8783836 0.8974949 0.8969133 0.8989151 0.9120457 0.8939281 0.8868351 0.9216320 0.9056849 0.7754660 0.7115063 0.7093219 0.7866723 0.7592443 0.7821020 0.7893356 0.8043463 0.7676855 0.7469851 0.8338983 0.8074582 0.8222960 0.7435846 0.7601073 0.7875572 0.8487147 0.8148335 0.9219416 0.9007216 1.1199761 0.8081906 1.8475177 1.9352471 1.8314976 2.5547937 
01_AE.CN.02.YN0236.JX112866            0.5984281 0.6196400 0.6046884 0.6233669 0.6947674 0.6436882 0.6546639 0.6211286 0.5558949 0.5499135 0.5434420 0.5653057 0.5178760 0.5207713 0.5560429 0.5210949 0.4976932 0.5634824 0.4189907 0.0000000 0.1520200 0.2002483 0.2037250 0.2082414 0.2052430 0.2367744 0.2830376 0.3612969 0.6154188 0.6017975 0.4614489 0.5089479 0.7352930 0.6972961 0.7572769 0.7806537 0.8307106 0.8124467 0.7153214 0.8939742 0.9076829 0.8750010 0.8980369 0.8917705 0.8335569 0.9115940 0.9044749 0.9124965 0.9073602 0.9190286 0.8681738 0.8575861 0.8780535 0.9601215 0.8908204 0.8894256 0.9409953 0.8394314 0.9476335 0.9260152 0.9238379 0.9078630 0.9166007 0.9329087 0.9360708 0.9316072 0.9525169 0.9568334 0.9559294 0.9459825 0.9699113 0.9449297 0.9653988 0.9538491 0.8521096 0.7767415 0.7753567 0.8341214 0.8094997 0.8508304 0.8633907 0.8935833 0.8290878 0.8050684 0.8796734 0.8548359 0.8736605 0.8246109 0.8188083 0.8369971 0.9153766 0.8695136 0.9751498 0.9562264 1.1420032 0.8625960 1.8763198 1.8948405 1.8655199 2.5928286 
01_AE.TH.99.99TH_C4460.AY945726        0.6050316 0.6233693 0.6117900 0.6400276 0.6936603 0.6575918 0.6650095 0.6230990 0.5713677 0.5610101 0.5425400 0.5621841 0.5331530 0.5222025 0.5639900 0.5214811 0.5005351 0.5759157 0.4254328 0.1520200 0.0000000 0.2042088 0.2073135 0.2172495 0.2115613 0.2390071 0.2872518 0.3685247 0.6198016 0.5925872 0.4673585 0.5221089 0.7264884 0.6997073 0.7609664 0.7866412 0.8383326 0.8147814 0.7241213 0.8992354 0.9223404 0.8980592 0.9104254 0.8971172 0.8252446 0.9293736 0.9295372 0.9160171 0.9361278 0.9270635 0.8714287 0.8502890 0.8764865 0.9600690 0.8768692 0.9057704 0.9413744 0.8625622 0.9634186 0.9245086 0.9298102 0.8887615 0.9235409 0.9474251 0.9517638 0.9309782 0.9650681 0.9655663 0.9705491 0.9651050 0.9679234 0.9544556 0.9862218 0.9610820 0.8756500 0.7959787 0.7817668 0.8341220 0.8000247 0.8484968 0.8633597 0.8896069 0.8321309 0.7906144 0.8744712 0.8500972 0.8536608 0.8029720 0.8185980 0.8292173 0.9017797 0.8569275 0.9799623 0.9686899 1.1468799 0.8870654 1.9025510 1.9350296 1.9306270 2.6076971 
01_AE.TH.07.AA030a04.JX447057          0.6261535 0.6240466 0.6280290 0.6509941 0.7253542 0.6725859 0.7000772 0.6563236 0.5815672 0.5863174 0.5552426 0.5916125 0.5536731 0.5433880 0.5886128 0.5428508 0.5297479 0.5970269 0.4450462 0.2002483 0.2042088 0.0000000 0.2438822 0.2328197 0.2369676 0.2649624 0.3136364 0.3942171 0.6558194 0.6299771 0.5059622 0.5365648 0.7479641 0.7283408 0.8059605 0.8143204 0.8640783 0.8448099 0.7632750 0.9336401 0.9567472 0.9265071 0.9474553 0.9390185 0.8670023 0.9560281 0.9468251 0.9510376 0.9469019 0.9542161 0.9049144 0.8877519 0.9203987 0.9774522 0.9047962 0.9234860 0.9754132 0.8743066 0.9764637 0.9415632 0.9462583 0.9391726 0.9642448 0.9516392 0.9735468 0.9733761 0.9847078 0.9970161 0.9975560 1.0294349 0.9912235 0.9555363 0.9933372 0.9981105 0.8932616 0.8163722 0.8187976 0.8725152 0.8548204 0.8812298 0.8946295 0.9151289 0.8541575 0.8306031 0.8877692 0.8724822 0.9012913 0.8439596 0.8549427 0.8614904 0.9438329 0.9116659 1.0138888 0.9760146 1.1873194 0.9167197 1.9170004 1.9469199 1.9306583 2.6177542 
01_AE.CN.07.GX070143.JX112835          0.6486186 0.6437954 0.6423002 0.6607567 0.7193482 0.6884642 0.7036027 0.6454289 0.5850153 0.5814468 0.5735051 0.6055423 0.5648569 0.5635774 0.5819537 0.5454517 0.5348986 0.6171092 0.4599286 0.2037250 0.2073135 0.2438822 0.0000000 0.2572119 0.2522564 0.2838615 0.3341473 0.4150045 0.6607804 0.6325395 0.5090117 0.5628374 0.7610565 0.7435937 0.7895800 0.8298748 0.8557710 0.8460434 0.7636167 0.9569038 0.9719508 0.9392085 0.9256102 0.9361085 0.8853291 0.9549883 0.9619221 0.9643275 0.9573583 0.9627017 0.9170242 0.8902439 0.9004726 0.9912064 0.9182607 0.9519204 0.9765164 0.9023693 0.9826846 0.9677264 0.9543876 0.9477647 0.9480808 0.9836829 0.9797056 0.9849357 1.0019320 0.9828905 0.9953741 1.0055836 0.9938977 0.9668676 1.0240897 0.9982209 0.8991885 0.8172286 0.8170320 0.8836363 0.8537410 0.8916049 0.8810102 0.9064575 0.8443666 0.8094626 0.9109789 0.8856447 0.9093635 0.8518467 0.8609247 0.8648577 0.9672940 0.9054491 1.0377016 1.0038248 1.2065185 0.9147636 1.9270915 1.9487118 1.9445591 2.6793374 
01_AE.CN.07.07CNYN326.KF835513         0.6330005 0.6404998 0.6303111 0.6516381 0.7177069 0.6826003 0.6901245 0.6459674 0.5844846 0.5895676 0.5669673 0.6040891 0.5567843 0.5634400 0.5879320 0.5472178 0.5284938 0.6047191 0.4604632 0.2082414 0.2172495 0.2328197 0.2572119 0.0000000 0.2470724 0.2786184 0.3237444 0.4100392 0.6619895 0.6288050 0.4972623 0.5513590 0.7446210 0.7266187 0.7783538 0.8230010 0.8496057 0.8233532 0.7465442 0.9367128 0.9421438 0.9075199 0.9229533 0.9275553 0.8566680 0.9598422 0.9290203 0.9449799 0.9451418 0.9529787 0.8931280 0.8656987 0.9060769 0.9767879 0.9018027 0.9210082 0.9595523 0.8872778 0.9832238 0.9556798 0.9545561 0.9288584 0.9376688 0.9625499 0.9481765 0.9739267 0.9934181 0.9724131 0.9839542 0.9971494 1.0166369 0.9789510 1.0199980 0.9933055 0.8692404 0.8157692 0.8081615 0.8634417 0.8502303 0.8729223 0.8822966 0.9132768 0.8578684 0.8262065 0.9007090 0.8725158 0.8746280 0.8454190 0.8462485 0.8692779 0.9368201 0.9050568 1.0034835 1.0086560 1.1884686 0.8987232 1.9784236 1.9743110 1.9323964 2.6800283 
01_AE.TH.05.AA101a_WG1.JX447936        0.6130750 0.6348239 0.6177058 0.6460779 0.7100586 0.6658823 0.6673344 0.6374610 0.5715612 0.5571192 0.5561271 0.5783418 0.5497480 0.5337495 0.5735885 0.5279375 0.5134317 0.6026011 0.4385949 0.2052430 0.2115613 0.2369676 0.2522564 0.2470724 0.0000000 0.2553057 0.3146004 0.3996963 0.6337645 0.6106203 0.4886654 0.5353423 0.7184983 0.7090441 0.7579086 0.7907903 0.8782918 0.8200451 0.7348448 0.9252980 0.9473130 0.9105233 0.9256112 0.9210823 0.8515635 0.9358387 0.9342706 0.9301606 0.9415980 0.9262838 0.8923378 0.8763108 0.9168678 0.9697344 0.8867507 0.9281825 0.9619594 0.8767697 0.9841090 0.9449964 0.9406858 0.9136930 0.9492376 0.9547535 0.9505401 0.9615793 1.0026418 0.9792866 0.9819788 1.0068712 0.9812159 0.9795745 1.0021011 0.9846597 0.8619278 0.7972033 0.7958051 0.8436067 0.8349118 0.8621907 0.8755482 0.9162897 0.8377585 0.8181174 0.8694482 0.8750728 0.8643118 0.8181258 0.8470352 0.8404514 0.9282055 0.8841529 0.9681789 0.9578613 1.2124480 0.8995856 1.9231355 1.9266607 1.9251767 2.7000605 
01_AE.CN.07.07CNYN343.KF835528         0.6362746 0.6498855 0.6437438 0.6750083 0.7176096 0.6876483 0.6876683 0.6582487 0.6006397 0.6012365 0.5843281 0.6096797 0.5793015 0.5650731 0.6014228 0.5654512 0.5256746 0.6103240 0.4616328 0.2367744 0.2390071 0.2649624 0.2838615 0.2786184 0.2553057 0.0000000 0.3517609 0.4298458 0.6512755 0.6372837 0.5056541 0.5555133 0.7638438 0.7310793 0.8037541 0.8133093 0.8713165 0.8393963 0.7664062 0.9210235 0.9410067 0.9152096 0.9433606 0.9300863 0.8590623 0.9424908 0.9674326 0.9375552 0.9548154 0.9545962 0.8815363 0.8964643 0.9169663 0.9833141 0.8916382 0.9293220 0.9540087 0.8874072 0.9964869 0.9432047 0.9406147 0.9213186 0.9408909 0.9491769 0.9691527 0.9790388 0.9781058 0.9588524 0.9904104 1.0084862 0.9994866 0.9833432 1.0041071 1.0182245 0.9027367 0.8314002 0.8300366 0.8679588 0.8351697 0.8913603 0.8955413 0.9011154 0.8619610 0.8308433 0.9168266 0.9136164 0.8941753 0.8633691 0.8661911 0.8755848 0.9405735 0.9046886 1.0263933 0.9963168 1.1849739 0.9192369 1.8986447 1.9879365 1.9079322 2.6158961 
01BC.CN.13.SZ95LS8027.KX379000         0.7036079 0.7073877 0.7035210 0.7308244 0.7866271 0.7515690 0.7727970 0.7135079 0.6718902 0.6646568 0.6553606 0.6698257 0.6326106 0.6279004 0.6721376 0.6118768 0.5918884 0.6923554 0.5340746 0.2830376 0.2872518 0.3136364 0.3341473 0.3237444 0.3146004 0.3517609 0.0000000 0.4884392 0.7151610 0.6885066 0.5674074 0.6305589 0.8226728 0.7969517 0.8357824 0.8898470 0.9406993 0.9090469 0.8238391 0.9951933 1.0256954 0.9986743 1.0113439 1.0111339 0.9457949 1.0148015 1.0298172 1.0047339 1.0148003 1.0458013 0.9852966 0.9517000 0.9844436 1.0348425 0.9804338 1.0163987 1.0480322 0.9560372 1.0576542 1.0194085 1.0218199 1.0245744 1.0120134 1.0122765 1.0574418 1.0338489 1.0929598 1.0410670 1.0478756 1.0652589 1.0810332 1.0379042 1.0841507 1.0943256 0.9728909 0.9225781 0.9196421 0.9430423 0.9238753 0.9492511 0.9713517 1.0088093 0.9215223 0.8993298 0.9705201 0.9594348 0.9431882 0.9130030 0.9238991 0.9286321 1.0318417 0.9858957 1.0699354 1.0562554 1.2803941 0.9947616 2.0526600 2.0478038 2.0095711 2.6921285 
69_01B.JP.05.05JPMYC113SP420.LC027100  0.8113290 0.8172790 0.8017185 0.8094707 0.8959381 0.8386457 0.8714310 0.8179471 0.7641793 0.7598169 0.7463882 0.7715930 0.7320348 0.7486413 0.7674204 0.7360536 0.6935081 0.7699790 0.6185619 0.3612969 0.3685247 0.3942171 0.4150045 0.4100392 0.3996963 0.4298458 0.4884392 0.0000000 0.8289265 0.8193344 0.6586773 0.7049664 0.9109480 0.9032721 0.9709365 0.9831143 1.0127006 0.9906855 0.9149606 1.0843720 1.1029924 1.0934285 1.1086493 1.0959262 1.0062038 1.0895275 1.0987195 1.1081543 1.0736476 1.1106384 1.0324686 1.0357943 1.0631004 1.1220762 1.0350256 1.0818694 1.0916361 1.0233901 1.1604094 1.1015961 1.1073920 1.1098844 1.0961210 1.1082648 1.1395505 1.1193352 1.1536189 1.1586575 1.1597315 1.1487094 1.1351829 1.1127274 1.1809838 1.1461594 1.0231425 0.9572065 0.9906111 1.0328900 1.0167950 1.0660091 1.0554492 1.0842186 1.0267032 0.9903702 1.0892296 1.0371825 1.0611438 1.0000660 1.0171765 1.0259823 1.0995252 1.0860763 1.1758994 1.1512456 1.3417277 1.0747539 2.1419222 2.1900063 2.0860926 2.7664359 
AGU.CM.06.770_8.MH705142               0.4595056 0.4621868 0.4701097 0.4743352 0.5407889 0.5135530 0.5247888 0.4851551 0.4779517 0.5611691 0.5607549 0.5804021 0.5375909 0.5266176 0.5594424 0.5492333 0.5152706 0.5725506 0.5659258 0.6154188 0.6198016 0.6558194 0.6607804 0.6619895 0.6337645 0.6512755 0.7151610 0.8289265 0.0000000 0.6026472 0.7892500 0.8482877 0.5714246 0.5255744 0.5693930 0.6254077 0.6518297 0.6411763 0.6054001 0.7660682 0.8189252 0.7583992 0.7810015 0.7733706 0.7253978 0.7924622 0.7897193 0.7932438 0.7996169 0.7946921 0.7554291 0.7301651 0.7645863 0.8298153 0.7604680 0.7984692 0.8059104 0.7441457 0.8455841 0.8253222 0.8095768 0.8003624 0.8074960 0.7990873 0.8474032 0.8240937 0.8510147 0.8392863 0.8261636 0.8370772 0.8575726 0.8337504 0.8571960 0.8765122 0.7661400 0.6877281 0.6738724 0.8604111 0.8168977 0.8402783 0.8413785 0.8672660 0.8024204 0.8044824 0.8549533 0.8521791 0.8641585 0.8028327 0.8122443 0.8327341 0.9309456 0.9040316 0.9553112 0.9483081 1.0731346 0.7774957 1.8475462 1.8758168 1.7971417 2.4591816 
A1C.UG.99.99UGF25926.AF484491          0.5831563 0.6129753 0.6018103 0.6207589 0.6850885 0.6591810 0.6551881 0.6162491 0.5333687 0.4877944 0.4837783 0.5139984 0.4649364 0.4681340 0.4979088 0.5225183 0.4955348 0.4998928 0.5571136 0.6017975 0.5925872 0.6299771 0.6325395 0.6288050 0.6106203 0.6372837 0.6885066 0.8193344 0.6026472 0.0000000 0.7567701 0.8242917 0.7096095 0.6765473 0.7448481 0.7808438 0.8228408 0.7854291 0.7151843 0.8690524 0.9138518 0.8816429 0.8883330 0.8741954 0.8181238 0.8764199 0.8826648 0.9114847 0.9254477 0.9425149 0.8571526 0.8270094 0.8622288 0.9378804 0.8898859 0.8893769 0.8944055 0.8326689 0.9355233 0.8865870 0.9180013 0.9006992 0.9100926 0.9031549 0.8939620 0.9338815 0.9568176 0.9319978 0.9325634 0.9589124 0.9446316 0.9325589 0.9551940 0.9814749 0.8317566 0.7915210 0.7520044 0.6132611 0.5958586 0.6276280 0.6274030 0.6455238 0.6081518 0.5725583 0.6495081 0.6402027 0.6202819 0.5898122 0.6068348 0.6202569 0.6972646 0.6749845 0.7783941 0.7471958 1.1935413 0.8643805 1.8647716 1.9517860 1.9202644 2.5972846 
0107.CN.15.HB041501.KY019257           0.7654671 0.7806127 0.7795759 0.7851852 0.8501939 0.8037155 0.8305650 0.7954428 0.7292251 0.7329273 0.7099036 0.7439316 0.6928925 0.6996973 0.7389626 0.7095837 0.6542217 0.7293351 0.5895044 0.4614489 0.4673585 0.5059622 0.5090117 0.4972623 0.4886654 0.5056541 0.5674074 0.6586773 0.7892500 0.7567701 0.0000000 0.4222864 0.8820486 0.8720100 0.9252769 0.9531660 0.9823241 0.9703983 0.8767685 1.0559423 1.0987840 1.0511171 1.0775239 1.0691021 1.0066781 1.0578608 1.0822902 1.1036630 1.0807824 1.1067796 1.0298159 1.0149046 1.0441410 1.0949652 1.0288774 1.0683764 1.0920781 1.0178813 1.0975210 1.0848466 1.0771694 1.0725407 1.0704829 1.0903843 1.1131672 1.0906990 1.1164533 1.1158568 1.1252340 1.1111105 1.0946555 1.1292146 1.1375361 1.1554098 1.0245499 0.9549051 0.9596223 1.0024871 0.9445040 0.9706289 0.9769556 1.0145615 0.9894924 0.9337368 1.0188592 0.9981300 0.9736439 0.9279246 0.9789545 0.9611135 1.0400900 1.0231117 1.1107862 1.0575294 1.3190546 1.0249080 2.1161078 2.1881033 2.1799228 2.7738220 
01BC.CN.14.BJ.2014.MSM.SP01.KP668994   0.8234376 0.8572156 0.8279671 0.8437527 0.9078677 0.8604984 0.9048360 0.8475394 0.7861428 0.7817993 0.7762585 0.7970672 0.7561524 0.7368526 0.7658083 0.7598726 0.7207882 0.7820527 0.6218252 0.5089479 0.5221089 0.5365648 0.5628374 0.5513590 0.5353423 0.5555133 0.6305589 0.7049664 0.8482877 0.8242917 0.4222864 0.0000000 0.9443013 0.9226555 0.9581755 0.9851996 1.0586107 1.0333043 0.9162620 1.1169451 1.1381054 1.1112730 1.1329871 1.1391928 1.0623505 1.1256239 1.1270332 1.1597393 1.1358755 1.1447645 1.0506820 1.0635755 1.0902332 1.1401440 1.0790340 1.1241708 1.1205630 1.0583187 1.1576340 1.1297958 1.1184055 1.1347752 1.1412418 1.1297153 1.1602862 1.1625281 1.1802293 1.2041869 1.1470300 1.1861538 1.1380748 1.1835815 1.2362778 1.1844004 1.1014305 1.0392980 1.0187939 1.0508229 0.9921608 1.0399429 1.0729870 1.0953357 1.0352851 1.0031590 1.0840488 1.0689454 1.0770978 1.0084469 1.0231539 1.0299022 1.1300822 1.0823391 1.1626948 1.1458120 1.3547154 1.0800560 2.1253068 2.1523434 2.1441770 2.7959346 
93_cpx.CD.08.DRC653.MF372651           0.5008361 0.5157401 0.5060635 0.5095981 0.6032380 0.5535973 0.5712810 0.5388029 0.5631159 0.6489617 0.6383039 0.6678981 0.6414377 0.6409075 0.6543382 0.6356662 0.6109492 0.6909095 0.6442772 0.7352930 0.7264884 0.7479641 0.7610565 0.7446210 0.7184983 0.7638438 0.8226728 0.9109480 0.5714246 0.7096095 0.8820486 0.9443013 0.0000000 0.6452087 0.6834865 0.7484280 0.7610023 0.7224937 0.7139551 0.9014000 0.9327342 0.8883720 0.8929260 0.9011313 0.8490454 0.8961113 0.9264213 0.9109539 0.9426968 0.9247730 0.8832488 0.8666867 0.8922055 0.9480754 0.8968068 0.9320281 0.9195116 0.8539077 0.9599089 0.9273339 0.9349184 0.9114030 0.9126575 0.9375954 0.9627607 0.9398853 0.9782661 0.9659896 0.9714918 0.9709969 0.9656181 0.9349652 0.9955721 0.9941027 0.8320584 0.7765168 0.7706889 0.9360446 0.9020308 0.9471700 0.9691851 0.9397776 0.9065275 0.9090609 0.9760038 0.9607258 0.9517194 0.9134392 0.9314799 0.9265547 1.0607595 0.9971956 1.0727243 1.0921400 1.2090769 0.8567565 1.8892707 1.9272409 1.9075006 2.5701227 
G.NG.92.92NG083_JV10832.U88826         0.5274166 0.5387513 0.5238894 0.5337354 0.5971273 0.5756990 0.5993769 0.5649698 0.5434975 0.6451661 0.6273513 0.6603014 0.5992101 0.6130241 0.6428841 0.6170293 0.5890278 0.6490914 0.6486932 0.6972961 0.6997073 0.7283408 0.7435937 0.7266187 0.7090441 0.7310793 0.7969517 0.9032721 0.5255744 0.6765473 0.8720100 0.9226555 0.6452087 0.0000000 0.3431457 0.3926183 0.4067021 0.7104427 0.7035766 0.8570575 0.8997628 0.8529491 0.8559447 0.8799346 0.8021128 0.8937684 0.8929049 0.8878075 0.8803257 0.8955402 0.8547838 0.8329824 0.8565281 0.9450930 0.8420428 0.8864233 0.8899956 0.8344675 0.9345704 0.9106125 0.8952208 0.8651653 0.8808517 0.8651416 0.9268806 0.9227307 0.9503984 0.9211365 0.9171262 0.9264318 0.9252394 0.8982121 0.9741267 0.9535856 0.8338127 0.7896051 0.7566716 0.9374545 0.8887751 0.9218575 0.9288506 0.9430341 0.8952290 0.8778404 0.9400886 0.9329252 0.9292856 0.8857892 0.9068839 0.9143757 1.0059503 0.9688544 1.0387690 1.0049114 1.1316022 0.8313117 1.8887341 1.9179813 1.9033208 2.5668335 
G.NG.09.09NG010261.KX389626            0.5553496 0.5912817 0.5861638 0.5909831 0.6396860 0.6248357 0.6421533 0.6235226 0.5931312 0.7028498 0.6693929 0.6956188 0.6503346 0.6668565 0.6848853 0.6667127 0.6409944 0.6963893 0.6857945 0.7572769 0.7609664 0.8059605 0.7895800 0.7783538 0.7579086 0.8037541 0.8357824 0.9709365 0.5693930 0.7448481 0.9252769 0.9581755 0.6834865 0.3431457 0.0000000 0.4654538 0.4925147 0.7745085 0.7309024 0.9125907 0.9544683 0.9366229 0.9532592 0.9687581 0.8824940 0.9559857 0.9568930 0.9462051 0.9706872 0.9502118 0.9083116 0.8750693 0.8972148 0.9824624 0.9138465 0.9360886 0.9602190 0.9141480 0.9791736 0.9675448 0.9537765 0.9458248 0.9443824 0.9511222 0.9851896 0.9806260 1.0325943 0.9829950 0.9786740 0.9656310 0.9745104 0.9741467 1.0068854 1.0026959 0.8955671 0.8461349 0.8190350 0.9523924 0.9178978 0.9756978 0.9995692 0.9944158 0.9536752 0.9232920 1.0302211 0.9742880 0.9709651 0.9240265 0.9301000 0.9661194 1.0563207 1.0102465 1.0429625 1.0693456 1.2010325 0.8986439 1.9189911 1.9445526 2.0043050 2.6840450 
01F2G.CM.02.LT31.JN864056              0.6202159 0.6452106 0.6395733 0.6453621 0.7096236 0.6774416 0.7035362 0.6516491 0.6319455 0.7636300 0.7350666 0.7642130 0.7043870 0.7249628 0.7386015 0.7104184 0.6985693 0.7471234 0.7349627 0.7806537 0.7866412 0.8143204 0.8298748 0.8230010 0.7907903 0.8133093 0.8898470 0.9831143 0.6254077 0.7808438 0.9531660 0.9851996 0.7484280 0.3926183 0.4654538 0.0000000 0.4129340 0.8290075 0.7792341 0.9503708 0.9755417 0.9534867 0.9812099 0.9787671 0.8871366 0.9824507 0.9782432 0.9643040 0.9769050 0.9660619 0.9219107 0.9198533 0.9321344 1.0262003 0.9276304 0.9787029 0.9851651 0.9167984 0.9918207 0.9724162 0.9795525 0.9436001 0.9644771 0.9648236 1.0271731 1.0132614 1.0166596 1.0337382 0.9963548 1.0175064 1.0019049 0.9896301 1.0470922 1.0162930 0.9553530 0.8851109 0.8491461 1.0043559 0.9705037 1.0191380 1.0229236 1.0524174 0.9773451 0.9633134 1.0281960 1.0254206 1.0451852 0.9653911 0.9950454 1.0072718 1.0993793 1.0491306 1.1256165 1.1058158 1.2132449 0.9072428 1.9369771 1.9710305 1.9454913 2.7461959 
BCG.ES.15.100_119.KY496623             0.6450745 0.6561069 0.6513066 0.6597624 0.7142871 0.7132142 0.7206304 0.6885149 0.6673098 0.7842744 0.7648233 0.7963990 0.7264178 0.7476197 0.7790056 0.7592377 0.7034344 0.7985940 0.7653977 0.8307106 0.8383326 0.8640783 0.8557710 0.8496057 0.8782918 0.8713165 0.9406993 1.0127006 0.6518297 0.8228408 0.9823241 1.0586107 0.7610023 0.4067021 0.4925147 0.4129340 0.0000000 0.8577889 0.8105475 0.9984071 1.0213784 0.9946202 0.9926997 1.0277936 0.9413291 1.0131902 1.0293027 1.0113921 1.0113379 1.0158764 0.9935307 0.9460669 0.9987692 1.0623248 0.9599220 1.0137687 1.0194357 0.9707486 1.0584183 1.0275529 1.0301547 1.0040033 1.0015531 1.0050691 1.0848591 1.0573367 1.0934248 1.0653125 1.0558626 1.0757728 1.0494398 1.0329636 1.1004927 1.0917014 0.9607429 0.9365021 0.8631326 1.0657657 0.9837694 1.0348473 1.0657173 1.0772613 1.0318235 1.0055694 1.0873409 1.0429169 1.0618563 1.0156232 1.0357056 1.0444093 1.1286301 1.1238070 1.1465822 1.1284305 1.2602038 0.9401704 1.9477588 1.9588918 2.0329018 2.7516068 
06_cpx.SN.97.97SE1078.AJ288981         0.5469954 0.5478072 0.5475428 0.5541640 0.6301035 0.5947974 0.6086558 0.5983625 0.6576777 0.7429004 0.7485220 0.7519069 0.7154423 0.7256864 0.7409970 0.7365327 0.7022542 0.7727655 0.7339739 0.8124467 0.8147814 0.8448099 0.8460434 0.8233532 0.8200451 0.8393963 0.9090469 0.9906855 0.6411763 0.7854291 0.9703983 1.0333043 0.7224937 0.7104427 0.7745085 0.8290075 0.8577889 0.0000000 0.7992966 0.9674420 0.9932817 0.9608899 0.9684857 0.9922506 0.9120901 0.9755200 0.9778975 0.9927905 0.9962315 0.9899955 0.9499096 0.9243032 0.9559736 1.0332222 0.9603395 0.9864311 1.0000226 0.9487629 1.0359244 1.0179091 1.0044188 0.9727494 0.9988389 1.0082609 1.0285441 0.9883559 1.0247420 1.0036850 1.0624805 1.0237857 1.0400737 1.0144437 1.0232647 1.0314133 0.9432192 0.8829584 0.8363418 1.0275057 0.9908478 1.0186737 1.0246554 1.0372303 1.0051615 0.9856443 1.0610267 1.0593919 1.0005968 0.9651158 0.9939592 1.0326611 1.1387578 1.0870875 1.1591513 1.1559597 1.2469903 0.9482894 1.9580672 1.9663771 1.8928931 2.5672616 
