93
RESTV_M.fas-tc_USA_89_Philippines89-Pennsylvania_NC_004161 0.0000000 0.0249032 0.0311747 1.7933524 1.7929242 2.0135832 2.0005085 1.7848096 1.7855703 1.7876443 1.7850263 1.7915544 1.7925994 1.7918306 1.7938745 1.7938726 1.7969428 1.7942996 1.7968696 1.7973970 1.7967906 1.7971821 1.7998715 1.7980926 1.7980926 1.7964285 1.7959910 1.7972375 1.7963274 1.7958369 1.7958930 1.7970723 1.7975073 1.7985602 1.7985602 1.7981461 1.7960863 1.7960863 1.7962786 1.7955798 1.7955798 1.7961004 1.7956997 1.7966288 1.7963241 1.7958930 1.7958785 1.7993070 1.7988311 1.7956640 1.7954054 1.7952396 1.7977558 1.7977580 1.7960555 1.7947971 1.7968968 1.7962401 1.7968026 1.7953855 1.7968089 1.7977698 1.7977333 1.7959607 1.7966716 1.7962796 1.7962008 1.7967560 1.7962401 1.7954955 1.7962536 1.7956565 1.7997771 1.7942823 1.7930342 1.7919186 1.7931234 1.7928856 1.7953745 1.7967300 1.7948870 1.7969174 1.7950924 1.7888888 1.7888888 1.7923621 1.7930196 1.7934062 1.7929484 1.7875253 1.7921973 1.7870677 1.7949373 
RESTV_S.dom-tc_PHL_08_Reston08-A_FJ621583                  0.0249032 0.0000000 0.0493349 1.8042257 1.8037973 2.0180028 2.0243700 1.7913152 1.7920796 1.7941664 1.7915326 1.8010666 1.8021237 1.8010287 1.8043583 1.8043519 1.8064897 1.8038303 1.8064155 1.8069465 1.8063367 1.8067279 1.8094338 1.8076496 1.8076496 1.8060130 1.8055307 1.8069686 1.8058723 1.8053771 1.8054331 1.8066189 1.8070587 1.8081182 1.8081182 1.8077027 1.8056263 1.8056263 1.8058203 1.8051152 1.8051152 1.8056404 1.8052396 1.8061736 1.8054807 1.8054331 1.8054178 1.8088690 1.8083889 1.8052039 1.8049449 1.8047756 1.8073027 1.8073047 1.8070701 1.8063294 1.8064426 1.8057806 1.8063082 1.8054346 1.8068644 1.8093098 1.8077941 1.8060109 1.8067271 1.8058197 1.8057418 1.8062977 1.8057806 1.8050306 1.8057926 1.8051953 1.8093401 1.8038167 1.8023430 1.8012220 1.8024320 1.8021934 1.8044959 1.8058616 1.8040075 1.8062469 1.8046284 1.7983892 1.7983892 1.8018859 1.8025487 1.8029312 1.8024730 1.7924474 1.7969687 1.7921700 1.7996401 
RESTV_S.dom-xx_PHL_08_Reston08-C_FJ621584                  0.0311747 0.0493349 0.0000000 1.7981116 1.7980753 2.0042226 2.0080729 1.7874967 1.7882597 1.7905483 1.7877537 1.7948200 1.7960491 1.7952798 1.7967951 1.7967920 1.8004027 1.7977523 1.8003291 1.8008189 1.8002501 1.8006417 1.8033383 1.8015567 1.8015567 1.7999269 1.7996946 1.8006993 1.7997863 1.7992938 1.7993499 1.8005321 1.8009691 1.8020249 1.8020249 1.8016101 1.7995432 1.7995432 1.7998763 1.7990349 1.7990349 1.7995574 1.7991564 1.7986193 1.7997824 1.7993499 1.7993352 1.8027735 1.8022958 1.7991113 1.7988619 1.7986947 1.8012161 1.8012181 1.8009816 1.7997196 1.8003562 1.7996973 1.8002615 1.7993639 1.8005924 1.8017545 1.8017173 1.7999398 1.8006531 1.7997367 1.7996582 1.8004119 1.7996973 1.7989504 1.7982428 1.7991128 1.8030461 1.7977364 1.7964811 1.7953631 1.7965702 1.7963321 1.7988299 1.7996657 1.7983418 1.8003773 1.7985475 1.7943254 1.7943254 1.7958114 1.7964712 1.7968565 1.7969219 1.7865503 1.7897200 1.7859224 1.7905136 
SUDV_H.sap-xx_UGA_12_EboSud-603_KC545390                   1.7933524 1.8042257 1.7981116 0.0000000 0.0002079 2.1558859 2.1140072 1.8907336 1.8899171 1.8897107 1.8934420 1.9135629 1.9138251 1.9130220 1.9129264 1.9135404 1.9187979 1.9163573 1.9184963 1.9204947 1.9209733 1.9211735 1.9209495 1.9208930 1.9208930 1.9189516 1.9171507 1.9181945 1.9182615 1.9174494 1.9177192 1.9184959 1.9177192 1.9163167 1.9163167 1.9162867 1.9175190 1.9175190 1.9176433 1.9185747 1.9185747 1.9176660 1.9179164 1.9168675 1.9197124 1.9177192 1.9161601 1.9213061 1.9206130 1.9174655 1.9177590 1.9174591 1.9205924 1.9184256 1.9172317 1.9177163 1.9186726 1.9177163 1.9182774 1.9189275 1.9185961 1.9176890 1.9177608 1.9177397 1.9183365 1.9178162 1.9184770 1.9182268 1.9177163 1.9185349 1.9158790 1.9183568 1.9219345 1.9154832 1.9188557 1.9176041 1.9188221 1.9187819 1.9174715 1.9179555 1.9175084 1.9180819 1.9157538 1.9107822 1.9107822 1.9141338 1.9130326 1.9124113 1.9124674 1.8893636 1.8897798 1.8905762 1.8983652 
SUDV_H.sap-xx_UGA_12_EboSud-609_KC545391                   1.7929242 1.8037973 1.7980753 0.0002079 0.0000000 2.1556169 2.1135515 1.8908926 1.8900762 1.8898698 1.8936009 1.9137204 1.9139826 1.9131794 1.9130838 1.9136978 1.9189549 1.9165144 1.9186533 1.9206516 1.9211302 1.9213304 1.9211063 1.9210500 1.9210500 1.9191086 1.9173079 1.9183516 1.9184186 1.9176066 1.9178763 1.9186530 1.9178763 1.9164739 1.9164739 1.9164439 1.9176762 1.9176762 1.9178005 1.9187318 1.9187318 1.9178232 1.9180735 1.9170246 1.9198693 1.9178763 1.9163173 1.9214630 1.9207699 1.9176226 1.9179161 1.9176162 1.9207493 1.9185827 1.9173889 1.9178735 1.9188297 1.9178734 1.9184345 1.9190845 1.9187531 1.9178461 1.9179179 1.9178968 1.9184936 1.9179733 1.9186340 1.9183839 1.9178734 1.9186920 1.9160362 1.9185139 1.9220912 1.9156404 1.9190127 1.9177613 1.9189792 1.9189390 1.9176286 1.9181125 1.9176655 1.9182390 1.9159110 1.9109397 1.9109397 1.9142911 1.9131901 1.9125687 1.9126248 1.8895227 1.8899387 1.8907354 1.8985236 
TAFV_H.sap-tc_CIV_94_Pauleoula-CI_NC_014372                2.0135832 2.0180028 2.0042226 2.1558859 2.1556169 0.0000000 0.7666670 1.2966801 1.2962056 1.2967321 1.2936865 1.3226550 1.3230094 1.3206461 1.3216872 1.3208023 1.3241783 1.3222867 1.3237787 1.3227180 1.3235663 1.3233652 1.3248448 1.3228650 1.3228650 1.3240472 1.3230562 1.3226511 1.3234428 1.3229349 1.3231762 1.3244906 1.3241104 1.3246276 1.3246276 1.3244861 1.3233598 1.3233598 1.3246355 1.3242555 1.3242555 1.3236318 1.3233598 1.3236454 1.3234536 1.3231762 1.3223103 1.3239000 1.3238750 1.3229735 1.3231777 1.3235271 1.3229313 1.3220843 1.3236190 1.3231589 1.3232812 1.3228254 1.3247421 1.3219623 1.3230717 1.3220044 1.3230994 1.3234642 1.3226452 1.3231762 1.3234564 1.3230876 1.3228254 1.3223389 1.3219044 1.3220256 1.3220025 1.3225236 1.3236378 1.3239623 1.3243805 1.3243769 1.3219996 1.3226881 1.3223858 1.3225375 1.3218715 1.3233591 1.3233591 1.3222550 1.3217152 1.3226314 1.3226735 1.3140033 1.3144506 1.3143620 1.3106017 
BDBV_H.sap-xx_COD_12_EboBund-122_KC545395                  2.0005085 2.0243700 2.0080729 2.1140072 2.1135515 0.7666670 0.0000000 1.2531399 1.2527093 1.2536374 1.2523141 1.2819123 1.2795551 1.2794671 1.2803793 1.2799586 1.2811010 1.2806713 1.2816549 1.2819908 1.2811807 1.2820257 1.2825254 1.2809418 1.2809418 1.2823347 1.2810016 1.2815302 1.2820332 1.2815453 1.2815421 1.2826325 1.2824315 1.2829214 1.2829214 1.2831345 1.2813692 1.2813692 1.2822637 1.2809250 1.2809250 1.2815701 1.2817235 1.2820075 1.2820889 1.2815421 1.2816015 1.2828444 1.2821903 1.2817812 1.2817165 1.2819345 1.2834384 1.2821856 1.2825456 1.2823121 1.2824983 1.2818392 1.2837915 1.2815146 1.2824053 1.2829577 1.2809680 1.2819505 1.2820137 1.2817201 1.2816007 1.2818369 1.2818392 1.2813933 1.2807676 1.2810209 1.2822432 1.2817293 1.2820851 1.2821478 1.2815510 1.2815493 1.2806651 1.2804919 1.2819343 1.2817530 1.2814891 1.2820045 1.2820045 1.2814074 1.2811790 1.2808303 1.2808897 1.2644567 1.2641293 1.2644199 1.2616859 
EBOV_H.sap-tc_COD_07_1Luebo_KC242786                       1.7848096 1.7913152 1.7874967 1.8907336 1.8908926 1.2966801 1.2531399 0.0000000 0.0000509 0.0003561 0.0004579 0.0332193 0.0325953 0.0321442 0.0323155 0.0323150 0.0323380 0.0320484 0.0323934 0.0331841 0.0330712 0.0326208 0.0327320 0.0325629 0.0325629 0.0325601 0.0326195 0.0325062 0.0323382 0.0323370 0.0322263 0.0325158 0.0323454 0.0324576 0.0324576 0.0326243 0.0322818 0.0322818 0.0330678 0.0325044 0.0325044 0.0324485 0.0322818 0.0322822 0.0327263 0.0322263 0.0325697 0.0326802 0.0326210 0.0322820 0.0323367 0.0324488 0.0327881 0.0325598 0.0326194 0.0327849 0.0324487 0.0323374 0.0326256 0.0329532 0.0331141 0.0332877 0.0330033 0.0330042 0.0325589 0.0324475 0.0325618 0.0325030 0.0323374 0.0323939 0.0325087 0.0323283 0.0328428 0.0322709 0.0325058 0.0324514 0.0323951 0.0323398 0.0322163 0.0326645 0.0323272 0.0323966 0.0317705 0.0316538 0.0316538 0.0314784 0.0316481 0.0313669 0.0314780 0.0250868 0.0256567 0.0234870 0.0210807 
EBOV_H.sap-tc_COD_07_M-M_HQ613403                          1.7855703 1.7920796 1.7882597 1.8899171 1.8900762 1.2962056 1.2527093 0.0000509 0.0000000 0.0003052 0.0004070 0.0331633 0.0325394 0.0320884 0.0322597 0.0322592 0.0322821 0.0319926 0.0323375 0.0331281 0.0330152 0.0325649 0.0326760 0.0325070 0.0325070 0.0325042 0.0325635 0.0324503 0.0322823 0.0322811 0.0321704 0.0324599 0.0322895 0.0324017 0.0324017 0.0325684 0.0322259 0.0322259 0.0330118 0.0324485 0.0324485 0.0323926 0.0322259 0.0322263 0.0326704 0.0321704 0.0325138 0.0326243 0.0325650 0.0322261 0.0322808 0.0323929 0.0327322 0.0325039 0.0325634 0.0327289 0.0323928 0.0322815 0.0325697 0.0328972 0.0330581 0.0332316 0.0329474 0.0329482 0.0325030 0.0323917 0.0325059 0.0324471 0.0322815 0.0323380 0.0324528 0.0322724 0.0327868 0.0322151 0.0324499 0.0323955 0.0323392 0.0322839 0.0321605 0.0326086 0.0322713 0.0323407 0.0317148 0.0315981 0.0315981 0.0314227 0.0315923 0.0313112 0.0314223 0.0250321 0.0256019 0.0234326 0.0210267 
EBOV_H.sap-tc_COD_07_5Luebo_KC242790                       1.7876443 1.7941664 1.7905483 1.8897107 1.8898698 1.2967321 1.2536374 0.0003561 0.0003052 0.0000000 0.0007124 0.0333896 0.0328793 0.0324278 0.0325993 0.0325987 0.0326219 0.0323320 0.0326774 0.0334688 0.0333558 0.0329050 0.0330163 0.0328470 0.0328470 0.0328443 0.0329037 0.0327903 0.0326221 0.0326209 0.0325101 0.0328000 0.0326294 0.0327417 0.0327417 0.0329085 0.0325657 0.0325657 0.0333524 0.0327884 0.0327884 0.0327325 0.0325657 0.0325660 0.0330105 0.0325101 0.0328539 0.0329645 0.0329052 0.0325659 0.0326206 0.0327328 0.0330725 0.0328439 0.0329036 0.0330692 0.0327327 0.0326213 0.0329099 0.0332377 0.0333986 0.0335724 0.0332878 0.0332886 0.0328430 0.0327315 0.0328459 0.0327871 0.0326213 0.0326779 0.0327928 0.0326122 0.0331272 0.0325547 0.0327899 0.0327354 0.0326791 0.0326237 0.0325001 0.0329486 0.0326110 0.0326806 0.0320539 0.0319370 0.0319370 0.0317614 0.0319312 0.0316498 0.0317610 0.0252551 0.0258255 0.0236543 0.0212463 
EBOV_H.sap-tc_COD_08_034-KS_HQ613402                       1.7850263 1.7915326 1.7877537 1.8934420 1.8936009 1.2936865 1.2523141 0.0004579 0.0004070 0.0007124 0.0000000 0.0336270 0.0330020 0.0325502 0.0327218 0.0327213 0.0327446 0.0324544 0.0328001 0.0335920 0.0334789 0.0330279 0.0331392 0.0329698 0.0329698 0.0329670 0.0330265 0.0329131 0.0327447 0.0327436 0.0326327 0.0329228 0.0327521 0.0328645 0.0328645 0.0330314 0.0326883 0.0326883 0.0334755 0.0329112 0.0329112 0.0328552 0.0326883 0.0326887 0.0331334 0.0326327 0.0329767 0.0330874 0.0330280 0.0326885 0.0327433 0.0328555 0.0331954 0.0329667 0.0330264 0.0331921 0.0328554 0.0327439 0.0330327 0.0333607 0.0335217 0.0336956 0.0334108 0.0334117 0.0329658 0.0328543 0.0329687 0.0329098 0.0327439 0.0328005 0.0329155 0.0327348 0.0332501 0.0326773 0.0329126 0.0328582 0.0328018 0.0327464 0.0326226 0.0330715 0.0327336 0.0328033 0.0321762 0.0320592 0.0320592 0.0318835 0.0320534 0.0317718 0.0318831 0.0254178 0.0259885 0.0238794 0.0214691 
EBOV_H.sap-wt_GIN_14_Makona-Gueckedou-EM_080076_KR817235   1.7915544 1.8010666 1.7948200 1.9135629 1.9137204 1.3226550 1.2819123 0.0332193 0.0331633 0.0333896 0.0336270 0.0000000 0.0024501 0.0020918 0.0027576 0.0027576 0.0027597 0.0024000 0.0027599 0.0034797 0.0033768 0.0029655 0.0031708 0.0029140 0.0029140 0.0029138 0.0029654 0.0029144 0.0027087 0.0027086 0.0026061 0.0028635 0.0027093 0.0028119 0.0028119 0.0029659 0.0026573 0.0026573 0.0034792 0.0028625 0.0028625 0.0028112 0.0026573 0.0026574 0.0030677 0.0026061 0.0029147 0.0030172 0.0029656 0.0026573 0.0027086 0.0028112 0.0031712 0.0029138 0.0029654 0.0031193 0.0028634 0.0027086 0.0029661 0.0032735 0.0034270 0.0035817 0.0033243 0.0033244 0.0029137 0.0028111 0.0029650 0.0029649 0.0027086 0.0027600 0.0028629 0.0027593 0.0031191 0.0027074 0.0029652 0.0029140 0.0028626 0.0028113 0.0026562 0.0030667 0.0028613 0.0029139 0.0021439 0.0021949 0.0021949 0.0019899 0.0021436 0.0020921 0.0021945 0.0381629 0.0385784 0.0361287 0.0338410 
EBOV_H.sap-wt_GIN_14_Makona-Gueckedou-EM_079702_KR817210   1.7925994 1.8021237 1.7960491 1.9138251 1.9139826 1.3230094 1.2795551 0.0325953 0.0325394 0.0328793 0.0330020 0.0024501 0.0000000 0.0015289 0.0021935 0.0021935 0.0021952 0.0018363 0.0021954 0.0029137 0.0027083 0.0024005 0.0026054 0.0023491 0.0023491 0.0023490 0.0024004 0.0023495 0.0021442 0.0021441 0.0020418 0.0022985 0.0021447 0.0022471 0.0022471 0.0024008 0.0020930 0.0020930 0.0029133 0.0022977 0.0022977 0.0022465 0.0020930 0.0020930 0.0025026 0.0020418 0.0023497 0.0024520 0.0024005 0.0020930 0.0021441 0.0022465 0.0026058 0.0023489 0.0024004 0.0025541 0.0022985 0.0021441 0.0024010 0.0027079 0.0028612 0.0030157 0.0027587 0.0027588 0.0023489 0.0022465 0.0024001 0.0024000 0.0021441 0.0021954 0.0022980 0.0021948 0.0025539 0.0021432 0.0024002 0.0023491 0.0022978 0.0022466 0.0020920 0.0025018 0.0022968 0.0023491 0.0015807 0.0016317 0.0016317 0.0014271 0.0015805 0.0015292 0.0016314 0.0374695 0.0378838 0.0354397 0.0331057 
EBOV_H.sap-wt_GIN_14_Makona-Gueckedou-EM_079587_KR817202   1.7918306 1.8010287 1.7952798 1.9130220 1.9131794 1.3206461 1.2794671 0.0321442 0.0320884 0.0324278 0.0325502 0.0020918 0.0015289 0.0000000 0.0017842 0.0017841 0.0017855 0.0014272 0.0017857 0.0025030 0.0024004 0.0019905 0.0021952 0.0019392 0.0019392 0.0019391 0.0019905 0.0019395 0.0017345 0.0017345 0.0016323 0.0018886 0.0017349 0.0018373 0.0018373 0.0019907 0.0016834 0.0016834 0.0025026 0.0018879 0.0018879 0.0018368 0.0016834 0.0016834 0.0020925 0.0016323 0.0019397 0.0020419 0.0019905 0.0016834 0.0017345 0.0018368 0.0021955 0.0019391 0.0019905 0.0021439 0.0018885 0.0017345 0.0019909 0.0022976 0.0024508 0.0026049 0.0023484 0.0023484 0.0019390 0.0018367 0.0019902 0.0019901 0.0017345 0.0017857 0.0018882 0.0017852 0.0021438 0.0017337 0.0019903 0.0019392 0.0018880 0.0018369 0.0016827 0.0020919 0.0018871 0.0019392 0.0011720 0.0012229 0.0012229 0.0010179 0.0011718 0.0011198 0.0012217 0.0372362 0.0376501 0.0352080 0.0328760 
EBOV_H.sap-wt_GIN_14_Makona-Gueckedou-EM_079750_KR817213   1.7938745 1.8043583 1.7967951 1.9129264 1.9130838 1.3216872 1.2803793 0.0323155 0.0322597 0.0325993 0.0327218 0.0027576 0.0021935 0.0017842 0.0000000 0.0003052 0.0019392 0.0015807 0.0019394 0.0026571 0.0025545 0.0021444 0.0023491 0.0020930 0.0020930 0.0020929 0.0021443 0.0020933 0.0018882 0.0018882 0.0017859 0.0020424 0.0018886 0.0019910 0.0019910 0.0021446 0.0018370 0.0018370 0.0026567 0.0020417 0.0020417 0.0019905 0.0018370 0.0018370 0.0022464 0.0017859 0.0020935 0.0021958 0.0021444 0.0018370 0.0018881 0.0019905 0.0023494 0.0020928 0.0021443 0.0022978 0.0020423 0.0018882 0.0021448 0.0024516 0.0026048 0.0027591 0.0025024 0.0025024 0.0020928 0.0019904 0.0021440 0.0021439 0.0018882 0.0019394 0.0020419 0.0019389 0.0022976 0.0018873 0.0021441 0.0020930 0.0020418 0.0019906 0.0018362 0.0022457 0.0020408 0.0020424 0.0013253 0.0013762 0.0013762 0.0011718 0.0013251 0.0012738 0.0013759 0.0372985 0.0377126 0.0352696 0.0329369 
EBOV_H.sap-wt_GIN_14_Makona-Gueckedou-EM_079910_KR817221   1.7938726 1.8043519 1.7967920 1.9135404 1.9136978 1.3208023 1.2799586 0.0323150 0.0322592 0.0325987 0.0327213 0.0027576 0.0021935 0.0017841 0.0003052 0.0000000 0.0019392 0.0015806 0.0019393 0.0026571 0.0025545 0.0021443 0.0023491 0.0020930 0.0020930 0.0020928 0.0021443 0.0020933 0.0018882 0.0018881 0.0017859 0.0020424 0.0018886 0.0019910 0.0019910 0.0021446 0.0018370 0.0018370 0.0026567 0.0020417 0.0020417 0.0019905 0.0018370 0.0018370 0.0022464 0.0017859 0.0020935 0.0021958 0.0021443 0.0018370 0.0018881 0.0019905 0.0023494 0.0020928 0.0021443 0.0022978 0.0020423 0.0018882 0.0021447 0.0024515 0.0026048 0.0027590 0.0025023 0.0025024 0.0020928 0.0019904 0.0021440 0.0021439 0.0018882 0.0019394 0.0020419 0.0019389 0.0022976 0.0018873 0.0021441 0.0020929 0.0020417 0.0019906 0.0018362 0.0022456 0.0020408 0.0020424 0.0013253 0.0013762 0.0013762 0.0011718 0.0013251 0.0012738 0.0013759 0.0372979 0.0377120 0.0352691 0.0329364 
EBOV_H.sap-wt_LBR_14_Makona-LIBR0430_KR006955              1.7969428 1.8064897 1.8004027 1.9187979 1.9189549 1.3241783 1.2811010 0.0323380 0.0322821 0.0326219 0.0327446 0.0027597 0.0021952 0.0017855 0.0019392 0.0019392 0.0000000 0.0003561 0.0007124 0.0014284 0.0013261 0.0009175 0.0011216 0.0008664 0.0008664 0.0008663 0.0009174 0.0008665 0.0006615 0.0006615 0.0005597 0.0008156 0.0006615 0.0007645 0.0007645 0.0009176 0.0006106 0.0006106 0.0014282 0.0008153 0.0008153 0.0007633 0.0006106 0.0006106 0.0010194 0.0005597 0.0008666 0.0009686 0.0009175 0.0006106 0.0006615 0.0007633 0.0011218 0.0008663 0.0009174 0.0010705 0.0008156 0.0006615 0.0009176 0.0012237 0.0013767 0.0015303 0.0012746 0.0012746 0.0008663 0.0007633 0.0009173 0.0009173 0.0006615 0.0007124 0.0008154 0.0007124 0.0010704 0.0006615 0.0009174 0.0008664 0.0008153 0.0007643 0.0006106 0.0010191 0.0008142 0.0008664 0.0006106 0.0013772 0.0013772 0.0011727 0.0013261 0.0012748 0.0013770 0.0373242 0.0377385 0.0352940 0.0329598 
EBOV_H.sap-wt_SLE_14_Makona-G3734.1_KM233055               1.7942996 1.8038303 1.7977523 1.9163573 1.9165144 1.3222867 1.2806713 0.0320484 0.0319926 0.0323320 0.0324544 0.0024000 0.0018363 0.0014272 0.0015807 0.0015806 0.0003561 0.0000000 0.0003561 0.0010704 0.0009683 0.0005597 0.0007633 0.0005088 0.0005088 0.0005088 0.0005597 0.0005088 0.0003052 0.0003052 0.0002035 0.0004579 0.0003052 0.0004070 0.0004070 0.0005597 0.0002544 0.0002544 0.0010702 0.0004579 0.0004579 0.0004070 0.0002544 0.0002544 0.0006615 0.0002035 0.0005088 0.0006106 0.0005597 0.0002544 0.0003052 0.0004070 0.0007633 0.0005088 0.0005597 0.0007124 0.0004579 0.0003052 0.0005597 0.0008652 0.0010189 0.0011722 0.0009161 0.0009161 0.0005088 0.0004070 0.0005597 0.0005597 0.0003052 0.0003561 0.0004579 0.0003561 0.0007124 0.0003052 0.0005597 0.0005088 0.0004579 0.0004070 0.0002544 0.0006615 0.0004579 0.0005088 0.0002544 0.0010193 0.0010193 0.0008142 0.0009682 0.0009171 0.0010191 0.0370295 0.0374433 0.0350015 0.0326699 
EBOV_H.sap-wt_LBR_15_Makona-Liberia-DQE4_KR074998          1.7968696 1.8064155 1.8003291 1.9184963 1.9186533 1.3237787 1.2816549 0.0323934 0.0323375 0.0326774 0.0328001 0.0027599 0.0021954 0.0017857 0.0019394 0.0019393 0.0007124 0.0003561 0.0000000 0.0010179 0.0009161 0.0005088 0.0007124 0.0004579 0.0004579 0.0004579 0.0005088 0.0004579 0.0002544 0.0002544 0.0001526 0.0004070 0.0002544 0.0003561 0.0003561 0.0005088 0.0002035 0.0002035 0.0010179 0.0004070 0.0004070 0.0003561 0.0002035 0.0002035 0.0006106 0.0001526 0.0004579 0.0005597 0.0005088 0.0002035 0.0002544 0.0003561 0.0007124 0.0004579 0.0005088 0.0006615 0.0004070 0.0002544 0.0005088 0.0008142 0.0009670 0.0011198 0.0008652 0.0008652 0.0004579 0.0003561 0.0005088 0.0005088 0.0002544 0.0003052 0.0004070 0.0004070 0.0010705 0.0006615 0.0009174 0.0008664 0.0008154 0.0007644 0.0006106 0.0010191 0.0008142 0.0008664 0.0006106 0.0013774 0.0013774 0.0011728 0.0013262 0.0012749 0.0013771 0.0373802 0.0377946 0.0353498 0.0330152 
EBOV_H.sap-wt_GIN_14_Makona-Kankan-EM_078639_KR817166      1.7973970 1.8069465 1.8008189 1.9204947 1.9206516 1.3227180 1.2819908 0.0331841 0.0331281 0.0334688 0.0335920 0.0034797 0.0029137 0.0025030 0.0026571 0.0026571 0.0014284 0.0010704 0.0010179 0.0000000 0.0008142 0.0006106 0.0010179 0.0008652 0.0008652 0.0009670 0.0012231 0.0011722 0.0009670 0.0009670 0.0008652 0.0011213 0.0009681 0.0010702 0.0010702 0.0012233 0.0009161 0.0009161 0.0017340 0.0011209 0.0011209 0.0010699 0.0009161 0.0009161 0.0012230 0.0008652 0.0011723 0.0012744 0.0012232 0.0009161 0.0009670 0.0010699 0.0014275 0.0011719 0.0012231 0.0013762 0.0011213 0.0009670 0.0012234 0.0015295 0.0016825 0.0018361 0.0015803 0.0015803 0.0011719 0.0010689 0.0012229 0.0012229 0.0009670 0.0010179 0.0011211 0.0011214 0.0017864 0.0013767 0.0016330 0.0015819 0.0015308 0.0014797 0.0013257 0.0017347 0.0015301 0.0015819 0.0013257 0.0020941 0.0020941 0.0018890 0.0020428 0.0019913 0.0020937 0.0381820 0.0385977 0.0361469 0.0338061 
EBOV_H.sap-wt_GIN_14_Makona-Faranah-EM_078415_KR817160     1.7967906 1.8063367 1.8002501 1.9209733 1.9211302 1.3235663 1.2811807 0.0330712 0.0330152 0.0333558 0.0334789 0.0033768 0.0027083 0.0024004 0.0025545 0.0025545 0.0013261 0.0009683 0.0009161 0.0008142 0.0000000 0.0005088 0.0009161 0.0007633 0.0007633 0.0008652 0.0011210 0.0010701 0.0008652 0.0008652 0.0007633 0.0010192 0.0008652 0.0009681 0.0009681 0.0011211 0.0008142 0.0008142 0.0016317 0.0010179 0.0010179 0.0009670 0.0008142 0.0008142 0.0010689 0.0007633 0.0010702 0.0011722 0.0011210 0.0008142 0.0008652 0.0009670 0.0013253 0.0010689 0.0011210 0.0012740 0.0010192 0.0008652 0.0011212 0.0014273 0.0015802 0.0017338 0.0014781 0.0014781 0.0010689 0.0009670 0.0011208 0.0011208 0.0008652 0.0009161 0.0010190 0.0010193 0.0016841 0.0012745 0.0015307 0.0014796 0.0014285 0.0013774 0.0012235 0.0016324 0.0014278 0.0014796 0.0012235 0.0019916 0.0019916 0.0017866 0.0019403 0.0018889 0.0019912 0.0380676 0.0384831 0.0360331 0.0336932 
EBOV_H.sap-wt_GIN_14_Makona-Macenta-EM_076191_KR817141     1.7971821 1.8067279 1.8006417 1.9211735 1.9213304 1.3233652 1.2820257 0.0326208 0.0325649 0.0329050 0.0330279 0.0029655 0.0024005 0.0019905 0.0021444 0.0021443 0.0009175 0.0005597 0.0005088 0.0006106 0.0005088 0.0000000 0.0005088 0.0003561 0.0003561 0.0004579 0.0007124 0.0006615 0.0004579 0.0004579 0.0003561 0.0006106 0.0004579 0.0005597 0.0005597 0.0007124 0.0004070 0.0004070 0.0012230 0.0006106 0.0006106 0.0005597 0.0004070 0.0004070 0.0007124 0.0003561 0.0006615 0.0007633 0.0007124 0.0004070 0.0004579 0.0005597 0.0009161 0.0006615 0.0007124 0.0008652 0.0006106 0.0004579 0.0007124 0.0010179 0.0011707 0.0013250 0.0010689 0.0010689 0.0006615 0.0005597 0.0007124 0.0007124 0.0004579 0.0005088 0.0006106 0.0006106 0.0012750 0.0008652 0.0011218 0.0010707 0.0010197 0.0009686 0.0008142 0.0012235 0.0010192 0.0010707 0.0008142 0.0015820 0.0015820 0.0013773 0.0015308 0.0014795 0.0015817 0.0376110 0.0380258 0.0355792 0.0332427 
EBOV_H.sap-wt_GIN_14_Makona-Beyla-EM_075931_KR817138       1.7998715 1.8094338 1.8033383 1.9209495 1.9211063 1.3248448 1.2825254 0.0327320 0.0326760 0.0330163 0.0331392 0.0031708 0.0026054 0.0021952 0.0023491 0.0023491 0.0011216 0.0007633 0.0007124 0.0010179 0.0009161 0.0005088 0.0000000 0.0005597 0.0005597 0.0006615 0.0009161 0.0008652 0.0006615 0.0006615 0.0005597 0.0008142 0.0006615 0.0007633 0.0007633 0.0009161 0.0006106 0.0006106 0.0014271 0.0008142 0.0008142 0.0007633 0.0006106 0.0006106 0.0009161 0.0005597 0.0008652 0.0009670 0.0009161 0.0006106 0.0006615 0.0007633 0.0011210 0.0008652 0.0009161 0.0010689 0.0008142 0.0006615 0.0009161 0.0012229 0.0013757 0.0015292 0.0012737 0.0012737 0.0008652 0.0007633 0.0009161 0.0009161 0.0006615 0.0007124 0.0008142 0.0008142 0.0014793 0.0010702 0.0013260 0.0012750 0.0012239 0.0011728 0.0010192 0.0014277 0.0012233 0.0012750 0.0010191 0.0017866 0.0017866 0.0015818 0.0017353 0.0016840 0.0017863 0.0377236 0.0381385 0.0356911 0.0333539 
EBOV_H.sap-wt_GIN_14_Makona-Kissidougou-EM_078694_KR817171 1.7980926 1.8076496 1.8015567 1.9208930 1.9210500 1.3228650 1.2809418 0.0325629 0.0325070 0.0328470 0.0329698 0.0029140 0.0023491 0.0019392 0.0020930 0.0020930 0.0008664 0.0005088 0.0004579 0.0008652 0.0007633 0.0003561 0.0005597 0.0000000 0.0000010 0.0004070 0.0006615 0.0006106 0.0004070 0.0004070 0.0003052 0.0005597 0.0004070 0.0005088 0.0005088 0.0006615 0.0003561 0.0003561 0.0011719 0.0005597 0.0005597 0.0005088 0.0003561 0.0003561 0.0007633 0.0003052 0.0006106 0.0007124 0.0006615 0.0003561 0.0004070 0.0005088 0.0008652 0.0006106 0.0006615 0.0008142 0.0005597 0.0004070 0.0006615 0.0009670 0.0011198 0.0012738 0.0010179 0.0010179 0.0006106 0.0005088 0.0006615 0.0006615 0.0004070 0.0004579 0.0005597 0.0005597 0.0012238 0.0008142 0.0010706 0.0010196 0.0009686 0.0009175 0.0007633 0.0011723 0.0009681 0.0010196 0.0007633 0.0015308 0.0015308 0.0013261 0.0014796 0.0014283 0.0015305 0.0375521 0.0379668 0.0355207 0.0331847 
EBOV_H.sap-wt_GIN_14_Makona-Kissidougou-EM_078722_KR817175 1.7980926 1.8076496 1.8015567 1.9208930 1.9210500 1.3228650 1.2809418 0.0325629 0.0325070 0.0328470 0.0329698 0.0029140 0.0023491 0.0019392 0.0020930 0.0020930 0.0008664 0.0005088 0.0004579 0.0008652 0.0007633 0.0003561 0.0005597 0.0000010 0.0000000 0.0004070 0.0006615 0.0006106 0.0004070 0.0004070 0.0003052 0.0005597 0.0004070 0.0005088 0.0005088 0.0006615 0.0003561 0.0003561 0.0011719 0.0005597 0.0005597 0.0005088 0.0003561 0.0003561 0.0007633 0.0003052 0.0006106 0.0007124 0.0006615 0.0003561 0.0004070 0.0005088 0.0008652 0.0006106 0.0006615 0.0008142 0.0005597 0.0004070 0.0006615 0.0009670 0.0011198 0.0012738 0.0010179 0.0010179 0.0006106 0.0005088 0.0006615 0.0006615 0.0004070 0.0004579 0.0005597 0.0005597 0.0012238 0.0008142 0.0010706 0.0010196 0.0009686 0.0009175 0.0007633 0.0011723 0.0009681 0.0010196 0.0007633 0.0015308 0.0015308 0.0013261 0.0014796 0.0014283 0.0015305 0.0375521 0.0379668 0.0355207 0.0331847 
EBOV_H.sap-wt_LBR_14_Makona-LIBR0505_KR006957              1.7964285 1.8060130 1.7999269 1.9189516 1.9191086 1.3240472 1.2823347 0.0325601 0.0325042 0.0328443 0.0329670 0.0029138 0.0023490 0.0019391 0.0020929 0.0020928 0.0008663 0.0005088 0.0004579 0.0009670 0.0008652 0.0004579 0.0006615 0.0004070 0.0004070 0.0000000 0.0006615 0.0006106 0.0004070 0.0004070 0.0003052 0.0005597 0.0004070 0.0005088 0.0005088 0.0006615 0.0003561 0.0003561 0.0011718 0.0005597 0.0005597 0.0005088 0.0003561 0.0003561 0.0007633 0.0003052 0.0006106 0.0007124 0.0006615 0.0003561 0.0004070 0.0005088 0.0008652 0.0006106 0.0006615 0.0008142 0.0005597 0.0004070 0.0006615 0.0009670 0.0011198 0.0012737 0.0010179 0.0010179 0.0006106 0.0005088 0.0006615 0.0006615 0.0004070 0.0004579 0.0005597 0.0005597 0.0012237 0.0008142 0.0010706 0.0010195 0.0009685 0.0009175 0.0007633 0.0011722 0.0009680 0.0010195 0.0007633 0.0015307 0.0015307 0.0013260 0.0014795 0.0014282 0.0015304 0.0375489 0.0379635 0.0355176 0.0331819 
EBOV_H.sap-wt_SLE_14_Makona-Kailahun-20140517_KR653263     1.7959910 1.8055307 1.7996946 1.9171507 1.9173079 1.3230562 1.2810016 0.0326195 0.0325635 0.0329037 0.0330265 0.0029654 0.0024004 0.0019905 0.0021443 0.0021443 0.0009174 0.0005597 0.0005088 0.0012231 0.0011210 0.0007124 0.0009161 0.0006615 0.0006615 0.0006615 0.0000000 0.0005597 0.0004579 0.0004579 0.0003561 0.0006106 0.0004579 0.0005597 0.0005597 0.0007124 0.0004070 0.0004070 0.0012229 0.0006106 0.0006106 0.0005597 0.0004070 0.0004070 0.0008142 0.0003561 0.0006615 0.0007633 0.0007124 0.0004070 0.0004579 0.0005597 0.0009161 0.0006615 0.0007124 0.0008652 0.0006106 0.0004579 0.0007124 0.0010179 0.0011707 0.0013249 0.0010689 0.0010689 0.0006615 0.0005597 0.0007124 0.0007124 0.0004579 0.0005088 0.0006106 0.0006106 0.0012749 0.0008652 0.0011217 0.0010707 0.0010196 0.0009686 0.0008142 0.0012234 0.0010192 0.0010707 0.0008142 0.0015820 0.0015820 0.0013773 0.0015308 0.0014794 0.0015817 0.0374970 0.0379116 0.0354658 0.0331302 
EBOV_H.sap-wt_SLE_14_Makona-G4973_1_KR105286               1.7972375 1.8069686 1.8006993 1.9181945 1.9183516 1.3226511 1.2815302 0.0325062 0.0324503 0.0327903 0.0329131 0.0029144 0.0023495 0.0019395 0.0020933 0.0020933 0.0008665 0.0005088 0.0004579 0.0011722 0.0010701 0.0006615 0.0008652 0.0006106 0.0006106 0.0006106 0.0005597 0.0000000 0.0004070 0.0004070 0.0003052 0.0005597 0.0004070 0.0005088 0.0005088 0.0006615 0.0003561 0.0003561 0.0011720 0.0005597 0.0005597 0.0005088 0.0003561 0.0003561 0.0007633 0.0003052 0.0006106 0.0007124 0.0006615 0.0003561 0.0004070 0.0005088 0.0008652 0.0006106 0.0006615 0.0008142 0.0005597 0.0004070 0.0006615 0.0009670 0.0011198 0.0012740 0.0010179 0.0010179 0.0006106 0.0005088 0.0006615 0.0006615 0.0004070 0.0004579 0.0005597 0.0005597 0.0012240 0.0008142 0.0010708 0.0010198 0.0009687 0.0009177 0.0007633 0.0011725 0.0009683 0.0010197 0.0007633 0.0015310 0.0015310 0.0013263 0.0014798 0.0014285 0.0015307 0.0374446 0.0378592 0.0354135 0.0330780 
EBOV_H.sap-wt_SLE_14_Makona-G3799_KM233080                 1.7963274 1.8058723 1.7997863 1.9182615 1.9184186 1.3234428 1.2820332 0.0323382 0.0322823 0.0326221 0.0327447 0.0027087 0.0021442 0.0017345 0.0018882 0.0018882 0.0006615 0.0003052 0.0002544 0.0009670 0.0008652 0.0004579 0.0006615 0.0004070 0.0004070 0.0004070 0.0004579 0.0004070 0.0000000 0.0001017 0.0001017 0.0003561 0.0002035 0.0003052 0.0003052 0.0004579 0.0001526 0.0001526 0.0009670 0.0003561 0.0003561 0.0003052 0.0001526 0.0001526 0.0005597 0.0001017 0.0004070 0.0005088 0.0004579 0.0001526 0.0002035 0.0003052 0.0006615 0.0004070 0.0004579 0.0006106 0.0003561 0.0002035 0.0004579 0.0007633 0.0009161 0.0010689 0.0008142 0.0008142 0.0004070 0.0003052 0.0004579 0.0004579 0.0002035 0.0002544 0.0003561 0.0003561 0.0010195 0.0006106 0.0008664 0.0008154 0.0007644 0.0007124 0.0005597 0.0009681 0.0007633 0.0008154 0.0005597 0.0013263 0.0013263 0.0011218 0.0012751 0.0012239 0.0013260 0.0373243 0.0377387 0.0352942 0.0329599 
EBOV_H.sap-wt_SLE_14_Makona-G3788_KM233075                 1.7958369 1.8053771 1.7992938 1.9174494 1.9176066 1.3229349 1.2815453 0.0323370 0.0322811 0.0326209 0.0327436 0.0027086 0.0021441 0.0017345 0.0018882 0.0018881 0.0006615 0.0003052 0.0002544 0.0009670 0.0008652 0.0004579 0.0006615 0.0004070 0.0004070 0.0004070 0.0004579 0.0004070 0.0001017 0.0000000 0.0001017 0.0003561 0.0002035 0.0003052 0.0003052 0.0004579 0.0001526 0.0001526 0.0009670 0.0003561 0.0003561 0.0003052 0.0001526 0.0001526 0.0005597 0.0001017 0.0004070 0.0005088 0.0004579 0.0001526 0.0002035 0.0003052 0.0006615 0.0004070 0.0004579 0.0006106 0.0003561 0.0002035 0.0004579 0.0007633 0.0009161 0.0010689 0.0008142 0.0008142 0.0004070 0.0003052 0.0004579 0.0004579 0.0002035 0.0002544 0.0003561 0.0003561 0.0010195 0.0006106 0.0008664 0.0008154 0.0007644 0.0007124 0.0005597 0.0009681 0.0007633 0.0008154 0.0005597 0.0013262 0.0013262 0.0011217 0.0012751 0.0012238 0.0013260 0.0373230 0.0377373 0.0352929 0.0329587 
EBOV_H.sap-wt_SLE_14_Makona-G3677.2_KM034557               1.7958930 1.8054331 1.7993499 1.9177192 1.9178763 1.3231762 1.2815421 0.0322263 0.0321704 0.0325101 0.0326327 0.0026061 0.0020418 0.0016323 0.0017859 0.0017859 0.0005597 0.0002035 0.0001526 0.0008652 0.0007633 0.0003561 0.0005597 0.0003052 0.0003052 0.0003052 0.0003561 0.0003052 0.0001017 0.0001017 0.0000000 0.0002544 0.0001017 0.0002035 0.0002035 0.0003561 0.0000509 0.0000509 0.0008652 0.0002544 0.0002544 0.0002035 0.0000509 0.0000509 0.0004579 0.0000010 0.0003052 0.0004070 0.0003561 0.0000509 0.0001017 0.0002035 0.0005597 0.0003052 0.0003561 0.0005088 0.0002544 0.0001017 0.0003561 0.0006615 0.0008142 0.0009670 0.0007124 0.0007124 0.0003052 0.0002035 0.0003561 0.0003561 0.0001017 0.0001526 0.0002544 0.0002544 0.0009174 0.0005088 0.0007644 0.0007124 0.0006615 0.0006106 0.0004579 0.0008652 0.0006615 0.0007124 0.0004579 0.0012241 0.0012241 0.0010196 0.0011729 0.0011217 0.0012238 0.0372110 0.0376252 0.0351815 0.0328480 
EBOV_H.sap-wt_SLE_14_Makona-Kenema-G5059_1_KR105296        1.7970723 1.8066189 1.8005321 1.9184959 1.9186530 1.3244906 1.2826325 0.0325158 0.0324599 0.0328000 0.0329228 0.0028635 0.0022985 0.0018886 0.0020424 0.0020424 0.0008156 0.0004579 0.0004070 0.0011213 0.0010192 0.0006106 0.0008142 0.0005597 0.0005597 0.0005597 0.0006106 0.0005597 0.0003561 0.0003561 0.0002544 0.0000000 0.0001526 0.0002544 0.0002544 0.0004070 0.0003052 0.0003052 0.0011211 0.0005088 0.0005088 0.0004579 0.0003052 0.0003052 0.0007124 0.0002544 0.0005597 0.0006615 0.0006106 0.0003052 0.0003561 0.0004579 0.0008142 0.0005597 0.0006106 0.0007633 0.0005088 0.0003561 0.0006106 0.0009161 0.0010689 0.0012231 0.0009670 0.0009670 0.0005597 0.0004579 0.0006106 0.0006106 0.0003561 0.0004070 0.0005088 0.0005088 0.0011730 0.0007633 0.0010199 0.0009688 0.0009178 0.0008667 0.0007124 0.0011216 0.0009174 0.0009688 0.0007124 0.0014801 0.0014801 0.0012754 0.0014289 0.0013775 0.0014798 0.0375056 0.0379203 0.0354739 0.0331378 
EBOV_H.sap-wt_SLE_14_Makona-Kenema-G4702_1_KR105265        1.7975073 1.8070587 1.8009691 1.9177192 1.9178763 1.3241104 1.2824315 0.0323454 0.0322895 0.0326294 0.0327521 0.0027093 0.0021447 0.0017349 0.0018886 0.0018886 0.0006615 0.0003052 0.0002544 0.0009681 0.0008652 0.0004579 0.0006615 0.0004070 0.0004070 0.0004070 0.0004579 0.0004070 0.0002035 0.0002035 0.0001017 0.0001526 0.0000000 0.0001017 0.0001017 0.0002544 0.0001526 0.0001526 0.0009670 0.0003561 0.0003561 0.0003052 0.0001526 0.0001526 0.0005597 0.0001017 0.0004070 0.0005088 0.0004579 0.0001526 0.0002035 0.0003052 0.0006615 0.0004070 0.0004579 0.0006106 0.0003561 0.0002035 0.0004579 0.0007633 0.0009161 0.0010699 0.0008142 0.0008142 0.0004070 0.0003052 0.0004579 0.0004579 0.0002035 0.0002544 0.0003561 0.0003561 0.0010197 0.0006106 0.0008666 0.0008156 0.0007646 0.0007136 0.0005597 0.0009684 0.0007633 0.0008156 0.0005597 0.0013266 0.0013266 0.0011220 0.0012754 0.0012241 0.0013263 0.0373327 0.0377471 0.0353021 0.0329673 
EBOV_H.sap-wt_SLE_14_Makona-Kenema-G4350_1_KR105242        1.7985602 1.8081182 1.8020249 1.9163167 1.9164739 1.3246276 1.2829214 0.0324576 0.0324017 0.0327417 0.0328645 0.0028119 0.0022471 0.0018373 0.0019910 0.0019910 0.0007645 0.0004070 0.0003561 0.0010702 0.0009681 0.0005597 0.0007633 0.0005088 0.0005088 0.0005088 0.0005597 0.0005088 0.0003052 0.0003052 0.0002035 0.0002544 0.0001017 0.0000000 0.0000010 0.0001526 0.0002544 0.0002544 0.0010700 0.0004579 0.0004579 0.0004070 0.0002544 0.0002544 0.0006615 0.0002035 0.0005088 0.0006106 0.0005597 0.0002544 0.0003052 0.0004070 0.0007633 0.0005088 0.0005597 0.0007124 0.0004579 0.0003052 0.0005597 0.0008652 0.0010179 0.0011720 0.0009161 0.0009161 0.0005088 0.0004070 0.0005597 0.0005597 0.0003052 0.0003561 0.0004579 0.0004579 0.0011219 0.0007124 0.0009687 0.0009177 0.0008667 0.0008156 0.0006615 0.0010704 0.0008663 0.0009177 0.0006615 0.0014288 0.0014288 0.0012242 0.0013776 0.0013263 0.0014286 0.0374464 0.0378611 0.0354152 0.0330796 
EBOV_H.sap-wt_SLE_14_Makona-Kenema-G4971_1_KR105284        1.7985602 1.8081182 1.8020249 1.9163167 1.9164739 1.3246276 1.2829214 0.0324576 0.0324017 0.0327417 0.0328645 0.0028119 0.0022471 0.0018373 0.0019910 0.0019910 0.0007645 0.0004070 0.0003561 0.0010702 0.0009681 0.0005597 0.0007633 0.0005088 0.0005088 0.0005088 0.0005597 0.0005088 0.0003052 0.0003052 0.0002035 0.0002544 0.0001017 0.0000010 0.0000000 0.0001526 0.0002544 0.0002544 0.0010700 0.0004579 0.0004579 0.0004070 0.0002544 0.0002544 0.0006615 0.0002035 0.0005088 0.0006106 0.0005597 0.0002544 0.0003052 0.0004070 0.0007633 0.0005088 0.0005597 0.0007124 0.0004579 0.0003052 0.0005597 0.0008652 0.0010179 0.0011720 0.0009161 0.0009161 0.0005088 0.0004070 0.0005597 0.0005597 0.0003052 0.0003561 0.0004579 0.0004579 0.0011219 0.0007124 0.0009687 0.0009177 0.0008667 0.0008156 0.0006615 0.0010704 0.0008663 0.0009177 0.0006615 0.0014288 0.0014288 0.0012242 0.0013776 0.0013263 0.0014286 0.0374464 0.0378611 0.0354152 0.0330796 
EBOV_H.sap-wt_SLE_14_Makona-Kenema-G4856_1_KR105273        1.7981461 1.8077027 1.8016101 1.9162867 1.9164439 1.3244861 1.2831345 0.0326243 0.0325684 0.0329085 0.0330314 0.0029659 0.0024008 0.0019907 0.0021446 0.0021446 0.0009176 0.0005597 0.0005088 0.0012233 0.0011211 0.0007124 0.0009161 0.0006615 0.0006615 0.0006615 0.0007124 0.0006615 0.0004579 0.0004579 0.0003561 0.0004070 0.0002544 0.0001526 0.0001526 0.0000000 0.0004070 0.0004070 0.0012231 0.0006106 0.0006106 0.0005597 0.0004070 0.0004070 0.0008142 0.0003561 0.0006615 0.0007633 0.0007124 0.0004070 0.0004579 0.0005597 0.0009161 0.0006615 0.0007124 0.0008652 0.0006106 0.0004579 0.0007124 0.0010179 0.0011718 0.0013251 0.0010689 0.0010689 0.0006615 0.0005597 0.0007124 0.0007124 0.0004579 0.0005088 0.0006106 0.0006106 0.0012751 0.0008662 0.0011219 0.0010709 0.0010198 0.0009687 0.0008142 0.0012236 0.0010193 0.0010708 0.0008142 0.0015822 0.0015822 0.0013775 0.0015310 0.0014796 0.0015819 0.0376151 0.0380299 0.0355830 0.0332462 
EBOV_H.sap-wt_SLE_14_Makona-Bonthe-G5723_1_KR105319        1.7960863 1.8056263 1.7995432 1.9175190 1.9176762 1.3233598 1.2813692 0.0322818 0.0322259 0.0325657 0.0326883 0.0026573 0.0020930 0.0016834 0.0018370 0.0018370 0.0006106 0.0002544 0.0002035 0.0009161 0.0008142 0.0004070 0.0006106 0.0003561 0.0003561 0.0003561 0.0004070 0.0003561 0.0001526 0.0001526 0.0000509 0.0003052 0.0001526 0.0002544 0.0002544 0.0004070 0.0000000 0.0000010 0.0008142 0.0002035 0.0002035 0.0001526 0.0001017 0.0001017 0.0005088 0.0000509 0.0003561 0.0004579 0.0004070 0.0001017 0.0001526 0.0002544 0.0006106 0.0003561 0.0004070 0.0005597 0.0003052 0.0001526 0.0004070 0.0007124 0.0008652 0.0010179 0.0007633 0.0007633 0.0003561 0.0002544 0.0004070 0.0004070 0.0001526 0.0002035 0.0003052 0.0003052 0.0009684 0.0005597 0.0008154 0.0007644 0.0007124 0.0006615 0.0005088 0.0009171 0.0007124 0.0007644 0.0005088 0.0012752 0.0012752 0.0010707 0.0012240 0.0011728 0.0012749 0.0372672 0.0376814 0.0352374 0.0329035 
EBOV_H.sap-wt_SLE_14_Makona-J0042_KP759711                 1.7960863 1.8056263 1.7995432 1.9175190 1.9176762 1.3233598 1.2813692 0.0322818 0.0322259 0.0325657 0.0326883 0.0026573 0.0020930 0.0016834 0.0018370 0.0018370 0.0006106 0.0002544 0.0002035 0.0009161 0.0008142 0.0004070 0.0006106 0.0003561 0.0003561 0.0003561 0.0004070 0.0003561 0.0001526 0.0001526 0.0000509 0.0003052 0.0001526 0.0002544 0.0002544 0.0004070 0.0000010 0.0000000 0.0008142 0.0002035 0.0002035 0.0001526 0.0001017 0.0001017 0.0005088 0.0000509 0.0003561 0.0004579 0.0004070 0.0001017 0.0001526 0.0002544 0.0006106 0.0003561 0.0004070 0.0005597 0.0003052 0.0001526 0.0004070 0.0007124 0.0008652 0.0010179 0.0007633 0.0007633 0.0003561 0.0002544 0.0004070 0.0004070 0.0001526 0.0002035 0.0003052 0.0003052 0.0009684 0.0005597 0.0008154 0.0007644 0.0007124 0.0006615 0.0005088 0.0009171 0.0007124 0.0007644 0.0005088 0.0012752 0.0012752 0.0010707 0.0012240 0.0011728 0.0012749 0.0372672 0.0376814 0.0352374 0.0329035 
EBOV_H.sap-wt_SLE_14_Makona-J0150_KP759696                 1.7962786 1.8058203 1.7998763 1.9176433 1.9178005 1.3246355 1.2822637 0.0330678 0.0330118 0.0333524 0.0334755 0.0034792 0.0029133 0.0025026 0.0026567 0.0026567 0.0014282 0.0010702 0.0010179 0.0017340 0.0016317 0.0012230 0.0014271 0.0011719 0.0011719 0.0011718 0.0012229 0.0011720 0.0009670 0.0009670 0.0008652 0.0011211 0.0009670 0.0010700 0.0010700 0.0012231 0.0008142 0.0008142 0.0000000 0.0010179 0.0010179 0.0009670 0.0009161 0.0009161 0.0013248 0.0008652 0.0011722 0.0012742 0.0012230 0.0009161 0.0009670 0.0010689 0.0014273 0.0011718 0.0012229 0.0013760 0.0011211 0.0009670 0.0012232 0.0015293 0.0016822 0.0018358 0.0015801 0.0015801 0.0011707 0.0010689 0.0012228 0.0012227 0.0009670 0.0010179 0.0011209 0.0011213 0.0017862 0.0013765 0.0016328 0.0015817 0.0015306 0.0014795 0.0013255 0.0017344 0.0015299 0.0015817 0.0013255 0.0020938 0.0020938 0.0018887 0.0020425 0.0019910 0.0020934 0.0380635 0.0384790 0.0360293 0.0336897 
EBOV_H.sap-wt_SLE_14_Makona-J0171_KP759707                 1.7955798 1.8051152 1.7990349 1.9185747 1.9187318 1.3242555 1.2809250 0.0325044 0.0324485 0.0327884 0.0329112 0.0028625 0.0022977 0.0018879 0.0020417 0.0020417 0.0008153 0.0004579 0.0004070 0.0011209 0.0010179 0.0006106 0.0008142 0.0005597 0.0005597 0.0005597 0.0006106 0.0005597 0.0003561 0.0003561 0.0002544 0.0005088 0.0003561 0.0004579 0.0004579 0.0006106 0.0002035 0.0002035 0.0010179 0.0000000 0.0000010 0.0003561 0.0003052 0.0003052 0.0007124 0.0002544 0.0005597 0.0006615 0.0006106 0.0003052 0.0003561 0.0004579 0.0008142 0.0005597 0.0006106 0.0007633 0.0005088 0.0003561 0.0006106 0.0009161 0.0010689 0.0012227 0.0009670 0.0009670 0.0005597 0.0004579 0.0006106 0.0006106 0.0003561 0.0004070 0.0005088 0.0005088 0.0011726 0.0007633 0.0010195 0.0009685 0.0009174 0.0008664 0.0007124 0.0011212 0.0009161 0.0009685 0.0007124 0.0014796 0.0014796 0.0012750 0.0014284 0.0013771 0.0014793 0.0374924 0.0379070 0.0354615 0.0331261 
