94
RESTV_M.fas-tc_USA_89_Philippines89-Pennsylvania_NC_004161 0.0000000 0.0242578 0.0331263 2.1496613 2.1185375 1.8608425 1.8612242 1.8611833 1.8615805 1.8754924 1.8784229 1.8788698 1.8663251 1.8805797 1.8816778 1.8770528 1.8849274 1.8836881 1.8792567 1.8802492 1.8802492 1.8799934 1.8805150 1.8805150 1.8804719 1.8802790 1.8798474 1.8794517 1.8803081 1.8809771 1.8809771 1.8806802 1.8807212 1.8807212 1.8806816 1.8813791 1.8808470 1.8807544 1.8814630 1.8812845 1.8794186 1.8788583 1.8791550 1.8794968 1.8794934 1.8794934 1.8812938 1.8805993 1.8777406 1.8803819 1.8792288 1.8825204 1.8814976 1.8816627 1.8823318 1.8811226 1.8790066 1.8788440 1.8788440 1.8788142 1.8810597 1.8810583 1.8810583 1.8805851 1.8803922 1.8809735 1.8809735 1.8815890 1.8822077 1.8824637 1.8820762 1.8805794 1.8798822 1.8800277 1.8801499 1.8779400 1.8790310 1.8800354 1.8807785 1.8807785 1.8789006 1.8807784 1.8808240 1.8813591 1.8832700 1.8823354 1.8820175 1.8817452 1.8788253 1.8814308 1.8822380 1.8811722 1.9350910 1.9360794 
RESTV_S.dom-tc_PHL_08_Reston08-A_FJ621583                  0.0242578 0.0000000 0.0496296 2.1690952 2.1176521 1.8704016 1.8707875 1.8709719 1.8711447 1.8853284 1.8882803 1.8895123 1.8788673 1.8880397 1.8891441 1.8844961 1.8924084 1.8911630 1.8869043 1.8879017 1.8879017 1.8876452 1.8881681 1.8881681 1.8881251 1.8879313 1.8876918 1.8871000 1.8879629 1.8886339 1.8886339 1.8883363 1.8883773 1.8883773 1.8883380 1.8890368 1.8885010 1.8884105 1.8891213 1.8889424 1.8870685 1.8865051 1.8868026 1.8864747 1.8869487 1.8869487 1.8889538 1.8882549 1.8851874 1.8880345 1.8868758 1.8901833 1.8891582 1.8893209 1.8899920 1.8883733 1.8862480 1.8860848 1.8860848 1.8860553 1.8887167 1.8887152 1.8887152 1.8882381 1.8878515 1.8882418 1.8882418 1.8890538 1.8896761 1.8899328 1.8897399 1.8882374 1.8875357 1.8872762 1.8875515 1.8853549 1.8867450 1.8876877 1.8884327 1.8884327 1.8865454 1.8884356 1.8884819 1.8886147 1.8909380 1.8899983 1.8898721 1.8894004 1.8864744 1.8888989 1.8899025 1.8880772 1.9476780 1.9486702 
RESTV_S.dom-xx_PHL_08_Reston08-C_FJ621584                  0.0331263 0.0496296 0.0000000 2.1760501 2.1274787 1.8760987 1.8764871 1.8764462 1.8773661 1.8898563 1.8929343 1.8920647 1.8789784 1.8884633 1.8896415 1.8861847 1.8928304 1.8915855 1.8871357 1.8881328 1.8881328 1.8878764 1.8883990 1.8883990 1.8883560 1.8881623 1.8877303 1.8873314 1.8881940 1.8888647 1.8888647 1.8885672 1.8886082 1.8886082 1.8885689 1.8892673 1.8887317 1.8886414 1.8893519 1.8891730 1.8872999 1.8867368 1.8870341 1.8873765 1.8873728 1.8873728 1.8894116 1.8887129 1.8856121 1.8882655 1.8871073 1.8904134 1.8893888 1.8896543 1.8903251 1.8890077 1.8869857 1.8867197 1.8867197 1.8866902 1.8884246 1.8896167 1.8896167 1.8884690 1.8882752 1.8888581 1.8888581 1.8894771 1.8907701 1.8910267 1.8899702 1.8884684 1.8884375 1.8879110 1.8880335 1.8872712 1.8869077 1.8879188 1.8886635 1.8886635 1.8869696 1.8886665 1.8893836 1.8890566 1.8908162 1.8897741 1.8896824 1.8894038 1.8867061 1.8893225 1.8901328 1.8890578 1.9389340 1.9399242 
TAFV_H.sap-tc_CIV_94_Pauleoula-CI_NC_014372                2.1496613 2.1690952 2.1760501 0.0000000 0.7951464 1.3002034 1.2997025 1.2993526 1.2994479 1.3246220 1.3266263 1.3268103 1.3224330 1.3194288 1.3214030 1.3186300 1.3213022 1.3197163 1.3181368 1.3200722 1.3200722 1.3198678 1.3198678 1.3198678 1.3200787 1.3202766 1.3200393 1.3205035 1.3194015 1.3196359 1.3196359 1.3194015 1.3194316 1.3194316 1.3198008 1.3196058 1.3203217 1.3194015 1.3194874 1.3203100 1.3200880 1.3195161 1.3197505 1.3197375 1.3195161 1.3195161 1.3197456 1.3202852 1.3211906 1.3200238 1.3208576 1.3202109 1.3199585 1.3195709 1.3200849 1.3196393 1.3200021 1.3200416 1.3200416 1.3201609 1.3202197 1.3217624 1.3217624 1.3192708 1.3190758 1.3197184 1.3197184 1.3200101 1.3187889 1.3185698 1.3209092 1.3186510 1.3204795 1.3203653 1.3199833 1.3209146 1.3218756 1.3205035 1.3209486 1.3209486 1.3216614 1.3201260 1.3200106 1.3199208 1.3202521 1.3193963 1.3215851 1.3204436 1.3192736 1.3221722 1.3203116 1.3234462 2.1109005 2.1108113 
BDBV_H.sap-xx_COD_12_EboBund-122_KC545395                  2.1185375 2.1176521 2.1274787 0.7951464 0.0000000 1.3770342 1.3768867 1.3782432 1.3773841 1.3921936 1.3924143 1.3919471 1.3867167 1.3952290 1.3964696 1.3941338 1.3974529 1.3981394 1.3971402 1.3967979 1.3967979 1.3965871 1.3965871 1.3965871 1.3970406 1.3965726 1.3962956 1.3962575 1.3960848 1.3962575 1.3962575 1.3960148 1.3963825 1.3963825 1.3962575 1.3958898 1.3967215 1.3965842 1.3977155 1.3970678 1.3974178 1.3965131 1.3966859 1.3962004 1.3960373 1.3960373 1.3961504 1.3966555 1.3977139 1.3967672 1.3974830 1.3961706 1.3972743 1.3971708 1.3971708 1.3956969 1.3959989 1.3962096 1.3962096 1.3963347 1.3961667 1.3974038 1.3974038 1.3958898 1.3956859 1.3956473 1.3956473 1.3967078 1.3958293 1.3960399 1.3970465 1.3964907 1.3968680 1.3954388 1.3973028 1.3973108 1.3975349 1.3965657 1.3972021 1.3972021 1.3952869 1.3964318 1.3961132 1.3960583 1.3957325 1.3952525 1.3969229 1.3959027 1.3963613 1.3979257 1.3964890 1.3994626 2.1894898 2.1893157 
EBOV_H.sap-tc_COD_07_1Luebo_KC242786                       1.8608425 1.8704016 1.8760987 1.3002034 1.3770342 0.0000000 0.0001544 0.0004633 0.0008238 0.0229169 0.0239233 0.0229040 0.0202317 0.0310424 0.0308711 0.0305922 0.0305923 0.0304795 0.0306489 0.0303035 0.0303035 0.0303598 0.0302478 0.0302478 0.0303596 0.0303593 0.0304159 0.0303609 0.0303609 0.0303609 0.0303609 0.0303047 0.0304171 0.0304171 0.0304729 0.0304731 0.0304129 0.0304168 0.0304761 0.0303622 0.0305277 0.0305334 0.0304768 0.0305899 0.0306455 0.0306455 0.0307585 0.0305854 0.0306541 0.0305870 0.0305351 0.0305331 0.0306433 0.0306451 0.0306451 0.0305317 0.0304192 0.0303629 0.0303629 0.0304192 0.0305862 0.0306985 0.0306985 0.0300212 0.0299089 0.0300770 0.0300770 0.0302064 0.0301380 0.0301938 0.0305875 0.0305920 0.0305322 0.0306497 0.0306428 0.0310489 0.0308788 0.0308190 0.0307069 0.0307069 0.0308158 0.0306427 0.0307584 0.0307002 0.0309326 0.0307058 0.0306460 0.0309786 0.0309319 0.0309405 0.0307059 0.0313310 1.9717153 1.9720549 
EBOV_H.sap-tc_COD_07_M-M_HQ613403                          1.8612242 1.8707875 1.8764871 1.2997025 1.3768867 0.0001544 0.0000000 0.0003088 0.0006693 0.0227486 0.0237545 0.0227358 0.0200653 0.0308695 0.0306982 0.0304195 0.0304197 0.0303069 0.0304762 0.0301310 0.0301310 0.0301873 0.0300753 0.0300753 0.0301871 0.0301867 0.0302434 0.0301883 0.0301883 0.0301883 0.0301883 0.0301322 0.0302446 0.0302446 0.0303003 0.0303006 0.0302403 0.0302442 0.0303035 0.0301897 0.0303551 0.0303607 0.0303042 0.0304172 0.0304728 0.0304728 0.0305858 0.0304127 0.0304813 0.0304143 0.0303624 0.0303605 0.0304706 0.0304724 0.0304724 0.0303590 0.0302466 0.0301904 0.0301904 0.0302466 0.0304136 0.0305258 0.0305258 0.0298488 0.0297366 0.0299047 0.0299047 0.0300339 0.0299656 0.0300213 0.0304149 0.0304194 0.0303595 0.0304770 0.0304702 0.0308759 0.0307059 0.0306462 0.0305341 0.0305341 0.0306430 0.0304700 0.0305856 0.0305275 0.0307597 0.0305330 0.0304733 0.0308057 0.0307590 0.0307675 0.0305331 0.0311579 1.9721457 1.9724854 
EBOV_H.sap-tc_COD_07_5Luebo_KC242790                       1.8611833 1.8709719 1.8764462 1.2993526 1.3782432 0.0004633 0.0003088 0.0000000 0.0009784 0.0230817 0.0240887 0.0230688 0.0203951 0.0310496 0.0308782 0.0305993 0.0305995 0.0304866 0.0306560 0.0303106 0.0303106 0.0303668 0.0302548 0.0302548 0.0303667 0.0303663 0.0304230 0.0303679 0.0303679 0.0303679 0.0303679 0.0303118 0.0304242 0.0304242 0.0304800 0.0304802 0.0304199 0.0304238 0.0304832 0.0303693 0.0305348 0.0305404 0.0304839 0.0305970 0.0306526 0.0306526 0.0307657 0.0305925 0.0306612 0.0305941 0.0305422 0.0305402 0.0306504 0.0306522 0.0306522 0.0305388 0.0304263 0.0303700 0.0303700 0.0304263 0.0305934 0.0307057 0.0307057 0.0300282 0.0299158 0.0300840 0.0300840 0.0302134 0.0301450 0.0302008 0.0305946 0.0305991 0.0305393 0.0306569 0.0306500 0.0310561 0.0308860 0.0308262 0.0307140 0.0307140 0.0308229 0.0306498 0.0307655 0.0307073 0.0309398 0.0307129 0.0306531 0.0309857 0.0309391 0.0309477 0.0307130 0.0313383 1.9721044 1.9724441 
EBOV_H.sap-tc_COD_08_034-KS_HQ613402                       1.8615805 1.8711447 1.8773661 1.2994479 1.3773841 0.0008238 0.0006693 0.0009784 0.0000000 0.0233538 0.0243614 0.0233407 0.0207747 0.0315408 0.0313692 0.0310901 0.0310903 0.0309774 0.0311469 0.0308011 0.0308011 0.0308574 0.0307453 0.0307453 0.0308572 0.0308568 0.0309136 0.0308585 0.0308585 0.0308585 0.0308585 0.0308023 0.0309148 0.0309148 0.0309706 0.0309709 0.0309105 0.0309144 0.0309739 0.0308599 0.0310254 0.0310312 0.0309746 0.0310878 0.0311434 0.0311434 0.0312566 0.0310832 0.0311521 0.0310848 0.0310329 0.0310310 0.0311412 0.0311430 0.0311430 0.0310295 0.0309169 0.0308606 0.0308606 0.0309169 0.0310841 0.0311965 0.0311965 0.0305184 0.0304060 0.0305743 0.0305743 0.0307040 0.0305760 0.0306318 0.0310854 0.0310900 0.0310300 0.0311478 0.0311407 0.0315473 0.0313771 0.0313172 0.0312049 0.0312049 0.0313139 0.0311406 0.0312564 0.0311981 0.0314309 0.0312038 0.0311439 0.0314767 0.0314301 0.0314389 0.0312039 0.0318298 1.9712055 1.9715451 
EBOV_H.sap-xx_COD_14_Lomela-Lokolia16_KP271018             1.8754924 1.8853284 1.8898563 1.3246220 1.3921936 0.0229169 0.0227486 0.0230817 0.0233538 0.0000000 0.0013413 0.0079320 0.0129400 0.0339026 0.0337297 0.0334489 0.0334490 0.0333353 0.0335060 0.0331572 0.0331572 0.0332139 0.0331010 0.0331010 0.0332138 0.0332133 0.0332705 0.0332151 0.0331624 0.0331624 0.0331624 0.0331058 0.0332191 0.0332191 0.0332753 0.0332755 0.0332671 0.0333323 0.0333315 0.0332166 0.0333831 0.0333893 0.0333323 0.0334463 0.0336159 0.0336159 0.0335635 0.0333886 0.0335116 0.0334431 0.0333912 0.0333890 0.0334471 0.0335018 0.0335018 0.0335011 0.0333877 0.0333310 0.0333310 0.0333877 0.0334423 0.0335554 0.0335554 0.0328725 0.0327593 0.0329288 0.0329288 0.0330606 0.0329907 0.0330468 0.0333910 0.0335623 0.0335016 0.0336207 0.0336192 0.0337959 0.0337382 0.0336776 0.0335646 0.0335646 0.0336740 0.0333336 0.0335518 0.0336182 0.0337395 0.0335106 0.0335028 0.0338375 0.0337913 0.0336837 0.0336245 0.0341941 1.9949721 1.9953153 
EBOV_H.sap-xx_COD_14_Lomela-Lokolia17_KP271019             1.8784229 1.8882803 1.8929343 1.3266263 1.3924143 0.0239233 0.0237545 0.0240887 0.0243614 0.0013413 0.0000000 0.0087811 0.0138042 0.0348439 0.0346704 0.0343888 0.0343231 0.0342090 0.0343803 0.0340303 0.0340303 0.0340871 0.0339740 0.0339740 0.0340870 0.0340865 0.0341439 0.0340883 0.0340356 0.0340356 0.0340356 0.0339789 0.0340925 0.0340925 0.0341488 0.0341490 0.0341404 0.0342059 0.0342051 0.0340899 0.0342567 0.0342631 0.0342059 0.0343203 0.0344903 0.0344903 0.0344379 0.0342624 0.0343860 0.0343170 0.0342651 0.0342628 0.0343211 0.0343759 0.0343759 0.0343752 0.0342615 0.0342046 0.0342046 0.0342615 0.0343162 0.0344296 0.0344296 0.0337447 0.0336313 0.0338012 0.0338012 0.0339338 0.0338634 0.0339197 0.0342649 0.0344367 0.0343758 0.0344952 0.0344938 0.0346711 0.0346132 0.0345523 0.0344390 0.0344390 0.0345487 0.0342073 0.0344259 0.0344927 0.0346145 0.0343850 0.0343770 0.0347124 0.0346663 0.0345585 0.0344991 0.0350704 1.9999061 2.0002502 
EBOV_H.sap-tc_COD_95_Kikwit-9510621_KR867676               1.8788698 1.8895123 1.8920647 1.3268103 1.3919471 0.0229040 0.0227358 0.0230688 0.0233407 0.0079320 0.0087811 0.0000000 0.0126677 0.0333995 0.0332268 0.0329462 0.0328811 0.0327676 0.0329380 0.0325899 0.0325899 0.0325338 0.0325338 0.0325338 0.0326463 0.0326459 0.0327030 0.0326477 0.0326477 0.0326477 0.0326477 0.0325912 0.0327043 0.0327043 0.0327604 0.0327606 0.0326997 0.0328173 0.0327638 0.0326492 0.0328154 0.0328215 0.0327646 0.0328784 0.0330478 0.0330478 0.0330481 0.0328736 0.0329436 0.0328753 0.0328234 0.0328213 0.0329320 0.0329339 0.0329339 0.0329332 0.0328200 0.0327633 0.0327633 0.0328200 0.0328745 0.0329875 0.0329875 0.0323056 0.0321926 0.0323618 0.0323618 0.0324931 0.0323102 0.0323663 0.0328759 0.0329942 0.0329337 0.0330525 0.0330511 0.0331620 0.0331698 0.0331093 0.0329965 0.0329965 0.0331058 0.0328186 0.0330367 0.0331028 0.0332238 0.0329953 0.0329349 0.0332692 0.0332229 0.0332321 0.0331089 0.0336250 2.0017019 2.0020462 
EBOV_H.sap-tc_COD_77_Bonduni_KC242791                      1.8663251 1.8788673 1.8789784 1.3224330 1.3867167 0.0202317 0.0200653 0.0203951 0.0207747 0.0129400 0.0138042 0.0126677 0.0000000 0.0312412 0.0310698 0.0307911 0.0307269 0.0306142 0.0307834 0.0304383 0.0304383 0.0304945 0.0303826 0.0303826 0.0304944 0.0304940 0.0305506 0.0304956 0.0304956 0.0304956 0.0304956 0.0304395 0.0305518 0.0305518 0.0306075 0.0306078 0.0305475 0.0306640 0.0306108 0.0304970 0.0306623 0.0306679 0.0306115 0.0307245 0.0308926 0.0308926 0.0308929 0.0307199 0.0307886 0.0307215 0.0306697 0.0306677 0.0307778 0.0307796 0.0307796 0.0307789 0.0306665 0.0306102 0.0306102 0.0306665 0.0307208 0.0308330 0.0308330 0.0301561 0.0300439 0.0302120 0.0302120 0.0303413 0.0302729 0.0303286 0.0307221 0.0307909 0.0307794 0.0308970 0.0308957 0.0310703 0.0310132 0.0309534 0.0308414 0.0308414 0.0308375 0.0306652 0.0308928 0.0309473 0.0310669 0.0308402 0.0307805 0.0310007 0.0310662 0.0310748 0.0308935 0.0314651 1.9865885 1.9869307 
EBOV_H.sap-wt_GIN_14_Makona-Gueckedou-EM_080076_KR817235   1.8805797 1.8880397 1.8884633 1.3194288 1.3952290 0.0310424 0.0308695 0.0310496 0.0315408 0.0339026 0.0348439 0.0333995 0.0312412 0.0000000 0.0013921 0.0012890 0.0017548 0.0016513 0.0018069 0.0014444 0.0014444 0.0014960 0.0014960 0.0014960 0.0014960 0.0014960 0.0015477 0.0014961 0.0015995 0.0014961 0.0014961 0.0015478 0.0015478 0.0015478 0.0015995 0.0015995 0.0015994 0.0016512 0.0015996 0.0015995 0.0016511 0.0016514 0.0015997 0.0017031 0.0018583 0.0018583 0.0018583 0.0017029 0.0018069 0.0017030 0.0016515 0.0016514 0.0017547 0.0017548 0.0018583 0.0018582 0.0017547 0.0017030 0.0017030 0.0017547 0.0018064 0.0018064 0.0018064 0.0011860 0.0010827 0.0012376 0.0012376 0.0013417 0.0013928 0.0014445 0.0018065 0.0018067 0.0017548 0.0019620 0.0018585 0.0021692 0.0020138 0.0019619 0.0018584 0.0018584 0.0019101 0.0017547 0.0019099 0.0019100 0.0020139 0.0019102 0.0019618 0.0021686 0.0020139 0.0020145 0.0020138 0.0024283 1.9957796 1.9961232 
EBOV_H.sap-wt_GIN_14_Makona-Gueckedou-EM_079702_KR817210   1.8816778 1.8891441 1.8896415 1.3214030 1.3964696 0.0308711 0.0306982 0.0308782 0.0313692 0.0337297 0.0346704 0.0332268 0.0310698 0.0013921 0.0000000 0.0012888 0.0017029 0.0015995 0.0017550 0.0013926 0.0013926 0.0014443 0.0014443 0.0014443 0.0014442 0.0014442 0.0014959 0.0014443 0.0015477 0.0014443 0.0014443 0.0014960 0.0014960 0.0014960 0.0015476 0.0015477 0.0015476 0.0015994 0.0015478 0.0015477 0.0015993 0.0015996 0.0015478 0.0016513 0.0018064 0.0018064 0.0018064 0.0016510 0.0017550 0.0016511 0.0015996 0.0015995 0.0017028 0.0017029 0.0018064 0.0018063 0.0017029 0.0016512 0.0016512 0.0017029 0.0017545 0.0017545 0.0017545 0.0011343 0.0010310 0.0011859 0.0011859 0.0012899 0.0013410 0.0013927 0.0017546 0.0017549 0.0017029 0.0019101 0.0018066 0.0021173 0.0019619 0.0019100 0.0018065 0.0018065 0.0018582 0.0017028 0.0018580 0.0018581 0.0019620 0.0018583 0.0019099 0.0021167 0.0019620 0.0018590 0.0019619 0.0023763 1.9967635 1.9971071 
EBOV_H.sap-wt_GIN_14_Makona-Gueckedou-EM_079587_KR817202   1.8770528 1.8844961 1.8861847 1.3186300 1.3941338 0.0305922 0.0304195 0.0305993 0.0310901 0.0334489 0.0343888 0.0329462 0.0307911 0.0012890 0.0012888 0.0000000 0.0013411 0.0012378 0.0013931 0.0010311 0.0010311 0.0010828 0.0010828 0.0010828 0.0010827 0.0010827 0.0011344 0.0010828 0.0011861 0.0010828 0.0010828 0.0011344 0.0011344 0.0011344 0.0011861 0.0011861 0.0011860 0.0012377 0.0011862 0.0011861 0.0012377 0.0012379 0.0011862 0.0012895 0.0014446 0.0014446 0.0014446 0.0012894 0.0013931 0.0012894 0.0012379 0.0012379 0.0013411 0.0013412 0.0014445 0.0014445 0.0013411 0.0012894 0.0012894 0.0013411 0.0013927 0.0013927 0.0013927 0.0007722 0.0006692 0.0008238 0.0008238 0.0009284 0.0009796 0.0010312 0.0013928 0.0013930 0.0013412 0.0015481 0.0014447 0.0017551 0.0015999 0.0015480 0.0014446 0.0014446 0.0014963 0.0013411 0.0014961 0.0014962 0.0015999 0.0014964 0.0015480 0.0017546 0.0015999 0.0016004 0.0015998 0.0020139 1.9954224 1.9957656 
EBOV_H.sap-wt_GIN_14_Makona-Gueckedou-EM_079750_KR817213   1.8849274 1.8924084 1.8928304 1.3213022 1.3974529 0.0305923 0.0304197 0.0305995 0.0310903 0.0334490 0.0343231 0.0328811 0.0307269 0.0017548 0.0017029 0.0013411 0.0000000 0.0003088 0.0013926 0.0010298 0.0010298 0.0010814 0.0010814 0.0010814 0.0010814 0.0010814 0.0011339 0.0010814 0.0011856 0.0010814 0.0010814 0.0011340 0.0011340 0.0011340 0.0011856 0.0011856 0.0011856 0.0012372 0.0011857 0.0011856 0.0012372 0.0012374 0.0011857 0.0012890 0.0014440 0.0014440 0.0014440 0.0012889 0.0013926 0.0012889 0.0012374 0.0012374 0.0013406 0.0013406 0.0014440 0.0014439 0.0013406 0.0012889 0.0012889 0.0013406 0.0013922 0.0013922 0.0013922 0.0007722 0.0006692 0.0008238 0.0008238 0.0009280 0.0009783 0.0010298 0.0013922 0.0013925 0.0013406 0.0015475 0.0014441 0.0017544 0.0015992 0.0015474 0.0014440 0.0014440 0.0014957 0.0013405 0.0014956 0.0014956 0.0015993 0.0014958 0.0015473 0.0017539 0.0015993 0.0015997 0.0015992 0.0020131 1.9960775 1.9964210 
EBOV_H.sap-wt_GIN_14_Makona-Gueckedou-EM_079910_KR817221   1.8836881 1.8911630 1.8915855 1.3197163 1.3981394 0.0304795 0.0303069 0.0304866 0.0309774 0.0333353 0.0342090 0.0327676 0.0306142 0.0016513 0.0015995 0.0012378 0.0003088 0.0000000 0.0012893 0.0009268 0.0009268 0.0009783 0.0009783 0.0009783 0.0009783 0.0009783 0.0010298 0.0009783 0.0010814 0.0009783 0.0009783 0.0010298 0.0010298 0.0010298 0.0010814 0.0010814 0.0010814 0.0011340 0.0010824 0.0010824 0.0011339 0.0011341 0.0010825 0.0011857 0.0013407 0.0013407 0.0013407 0.0011856 0.0012892 0.0011856 0.0011342 0.0011341 0.0012373 0.0012373 0.0013406 0.0013406 0.0012373 0.0011857 0.0011857 0.0012373 0.0012889 0.0012889 0.0012889 0.0006692 0.0005662 0.0007207 0.0007207 0.0008248 0.0008753 0.0009268 0.0012889 0.0012891 0.0012373 0.0014441 0.0013408 0.0016510 0.0014958 0.0014440 0.0013407 0.0013407 0.0013924 0.0012372 0.0013922 0.0013922 0.0014959 0.0013924 0.0014440 0.0016505 0.0014959 0.0014963 0.0014958 0.0019096 1.9946786 1.9950219 
EBOV_H.sap-wt_LBR_14_Makona-LIBR0430_KR006955              1.8792567 1.8869043 1.8871357 1.3181368 1.3971402 0.0306489 0.0304762 0.0306560 0.0311469 0.0335060 0.0343803 0.0329380 0.0307834 0.0018069 0.0017550 0.0013931 0.0013926 0.0012893 0.0000000 0.0003603 0.0003603 0.0004118 0.0004118 0.0004118 0.0004118 0.0004118 0.0004632 0.0004118 0.0005147 0.0004118 0.0004118 0.0004632 0.0004632 0.0004632 0.0005147 0.0005147 0.0005147 0.0005662 0.0005147 0.0005147 0.0005662 0.0005662 0.0005147 0.0006177 0.0007722 0.0007722 0.0007722 0.0006177 0.0007207 0.0006177 0.0005662 0.0005662 0.0006692 0.0006692 0.0007722 0.0007722 0.0006692 0.0006177 0.0006177 0.0006692 0.0007207 0.0007207 0.0007207 0.0006177 0.0007207 0.0008753 0.0008753 0.0009798 0.0010311 0.0010827 0.0007207 0.0007207 0.0006692 0.0008763 0.0007722 0.0010829 0.0009279 0.0008753 0.0007722 0.0007722 0.0008238 0.0006693 0.0008238 0.0008238 0.0009280 0.0008238 0.0008753 0.0010825 0.0009280 0.0009282 0.0009279 0.0013411 1.9921549 1.9924976 
EBOV_H.sap-wt_SLE_14_Makona-G3734.1_KM233055               1.8802492 1.8879017 1.8881328 1.3200722 1.3967979 0.0303035 0.0301310 0.0303106 0.0308011 0.0331572 0.0340303 0.0325899 0.0304383 0.0014444 0.0013926 0.0010311 0.0010298 0.0009268 0.0003603 0.0000000 0.0000010 0.0000515 0.0000515 0.0000515 0.0000515 0.0000515 0.0001029 0.0000515 0.0001544 0.0000515 0.0000515 0.0001029 0.0001029 0.0001029 0.0001544 0.0001544 0.0001544 0.0002059 0.0001544 0.0001544 0.0002059 0.0002059 0.0001544 0.0002573 0.0004118 0.0004118 0.0004118 0.0002573 0.0003603 0.0002573 0.0002059 0.0002059 0.0003088 0.0003088 0.0004118 0.0004118 0.0003088 0.0002573 0.0002573 0.0003088 0.0003603 0.0003603 0.0003603 0.0002573 0.0003603 0.0005147 0.0005147 0.0006177 0.0006692 0.0007207 0.0003603 0.0003603 0.0003088 0.0005147 0.0004118 0.0007207 0.0005662 0.0005147 0.0004118 0.0004118 0.0004632 0.0003088 0.0004633 0.0004633 0.0005662 0.0004632 0.0005147 0.0007207 0.0005662 0.0005662 0.0005662 0.0009783 1.9944363 1.9947795 
EBOV_H.sap-wt_SLE_14_Makona-G3788_KM233075                 1.8802492 1.8879017 1.8881328 1.3200722 1.3967979 0.0303035 0.0301310 0.0303106 0.0308011 0.0331572 0.0340303 0.0325899 0.0304383 0.0014444 0.0013926 0.0010311 0.0010298 0.0009268 0.0003603 0.0000010 0.0000000 0.0000515 0.0000515 0.0000515 0.0000515 0.0000515 0.0001029 0.0000515 0.0001544 0.0000515 0.0000515 0.0001029 0.0001029 0.0001029 0.0001544 0.0001544 0.0001544 0.0002059 0.0001544 0.0001544 0.0002059 0.0002059 0.0001544 0.0002573 0.0004118 0.0004118 0.0004118 0.0002573 0.0003603 0.0002573 0.0002059 0.0002059 0.0003088 0.0003088 0.0004118 0.0004118 0.0003088 0.0002573 0.0002573 0.0003088 0.0003603 0.0003603 0.0003603 0.0002573 0.0003603 0.0005147 0.0005147 0.0006177 0.0006692 0.0007207 0.0003603 0.0003603 0.0003088 0.0005147 0.0004118 0.0007207 0.0005662 0.0005147 0.0004118 0.0004118 0.0004632 0.0003088 0.0004633 0.0004633 0.0005662 0.0004632 0.0005147 0.0007207 0.0005662 0.0005662 0.0005662 0.0009783 1.9944363 1.9947795 
EBOV_H.sap-wt_SLE_14_Makona-G3799_KM233080                 1.8799934 1.8876452 1.8878764 1.3198678 1.3965871 0.0303598 0.0301873 0.0303668 0.0308574 0.0332139 0.0340871 0.0325338 0.0304945 0.0014960 0.0014443 0.0010828 0.0010814 0.0009783 0.0004118 0.0000515 0.0000515 0.0000000 0.0001029 0.0001029 0.0001029 0.0001029 0.0001544 0.0001029 0.0002059 0.0001029 0.0001029 0.0001544 0.0001544 0.0001544 0.0002059 0.0002059 0.0002059 0.0002573 0.0002059 0.0002059 0.0002573 0.0002573 0.0002059 0.0003088 0.0004632 0.0004632 0.0004632 0.0003088 0.0004118 0.0003088 0.0002573 0.0002573 0.0003603 0.0003603 0.0004632 0.0004632 0.0003603 0.0003088 0.0003088 0.0003603 0.0004118 0.0004118 0.0004118 0.0003088 0.0004118 0.0005662 0.0005662 0.0006692 0.0007207 0.0007722 0.0004118 0.0004118 0.0003603 0.0005662 0.0004632 0.0007722 0.0006177 0.0005662 0.0004632 0.0004632 0.0005147 0.0003603 0.0005148 0.0005148 0.0006177 0.0005147 0.0005662 0.0007722 0.0006177 0.0006177 0.0006177 0.0010309 1.9946061 1.9949493 
EBOV_H.sap-wt_SLE_14_Makona-EM110_KM233037                 1.8805150 1.8881681 1.8883990 1.3198678 1.3965871 0.0302478 0.0300753 0.0302548 0.0307453 0.0331010 0.0339740 0.0325338 0.0303826 0.0014960 0.0014443 0.0010828 0.0010814 0.0009783 0.0004118 0.0000515 0.0000515 0.0001029 0.0000000 0.0000010 0.0001029 0.0001029 0.0001544 0.0001029 0.0002059 0.0001029 0.0001029 0.0001544 0.0001544 0.0001544 0.0002059 0.0002059 0.0002059 0.0002573 0.0002059 0.0001029 0.0002573 0.0002573 0.0002059 0.0003088 0.0004632 0.0004632 0.0004632 0.0003088 0.0004118 0.0003088 0.0002573 0.0002573 0.0003603 0.0003603 0.0004632 0.0004632 0.0003603 0.0003088 0.0003088 0.0003603 0.0004118 0.0004118 0.0004118 0.0003088 0.0004118 0.0005662 0.0005662 0.0006692 0.0007207 0.0007722 0.0004118 0.0004118 0.0003603 0.0005662 0.0004632 0.0007722 0.0006177 0.0005662 0.0004632 0.0004632 0.0005147 0.0003603 0.0005148 0.0005148 0.0006177 0.0005147 0.0005662 0.0007722 0.0006177 0.0006177 0.0006177 0.0010309 1.9941709 1.9945140 
EBOV_H.sap-wt_SLE_14_Makona-NM042.3_KM233118               1.8805150 1.8881681 1.8883990 1.3198678 1.3965871 0.0302478 0.0300753 0.0302548 0.0307453 0.0331010 0.0339740 0.0325338 0.0303826 0.0014960 0.0014443 0.0010828 0.0010814 0.0009783 0.0004118 0.0000515 0.0000515 0.0001029 0.0000010 0.0000000 0.0001029 0.0001029 0.0001544 0.0001029 0.0002059 0.0001029 0.0001029 0.0001544 0.0001544 0.0001544 0.0002059 0.0002059 0.0002059 0.0002573 0.0002059 0.0001029 0.0002573 0.0002573 0.0002059 0.0003088 0.0004632 0.0004632 0.0004632 0.0003088 0.0004118 0.0003088 0.0002573 0.0002573 0.0003603 0.0003603 0.0004632 0.0004632 0.0003603 0.0003088 0.0003088 0.0003603 0.0004118 0.0004118 0.0004118 0.0003088 0.0004118 0.0005662 0.0005662 0.0006692 0.0007207 0.0007722 0.0004118 0.0004118 0.0003603 0.0005662 0.0004632 0.0007722 0.0006177 0.0005662 0.0004632 0.0004632 0.0005147 0.0003603 0.0005148 0.0005148 0.0006177 0.0005147 0.0005662 0.0007722 0.0006177 0.0006177 0.0006177 0.0010309 1.9941709 1.9945140 
EBOV_H.sap-wt_LBR_14_Makona-EM_080065_KR817232             1.8804719 1.8881251 1.8883560 1.3200787 1.3970406 0.0303596 0.0301871 0.0303667 0.0308572 0.0332138 0.0340870 0.0326463 0.0304944 0.0014960 0.0014442 0.0010827 0.0010814 0.0009783 0.0004118 0.0000515 0.0000515 0.0001029 0.0001029 0.0001029 0.0000000 0.0001029 0.0001544 0.0001029 0.0002059 0.0001029 0.0001029 0.0001544 0.0001544 0.0001544 0.0002059 0.0002059 0.0002059 0.0002573 0.0001029 0.0002059 0.0002573 0.0002573 0.0002059 0.0003088 0.0004632 0.0004632 0.0004632 0.0003088 0.0004118 0.0003088 0.0002573 0.0002573 0.0003603 0.0003603 0.0004632 0.0004632 0.0003603 0.0003088 0.0003088 0.0003603 0.0003088 0.0004118 0.0004118 0.0003088 0.0004118 0.0005662 0.0005662 0.0006692 0.0007207 0.0007722 0.0004118 0.0004118 0.0003603 0.0005662 0.0004632 0.0007722 0.0006177 0.0005662 0.0004632 0.0004632 0.0005147 0.0003603 0.0005148 0.0005148 0.0006177 0.0005147 0.0005662 0.0007722 0.0006177 0.0006177 0.0006177 0.0010309 1.9940480 1.9943911 
EBOV_H.sap-wt_GIN_14_Makona-Macenta-EM_076322_KR817145     1.8802790 1.8879313 1.8881623 1.3202766 1.3965726 0.0303593 0.0301867 0.0303663 0.0308568 0.0332133 0.0340865 0.0326459 0.0304940 0.0014960 0.0014442 0.0010827 0.0010814 0.0009783 0.0004118 0.0000515 0.0000515 0.0001029 0.0001029 0.0001029 0.0001029 0.0000000 0.0001544 0.0001029 0.0002059 0.0001029 0.0001029 0.0001544 0.0001544 0.0001544 0.0002059 0.0002059 0.0002059 0.0002573 0.0002059 0.0002059 0.0002573 0.0002573 0.0002059 0.0003088 0.0004632 0.0004632 0.0004632 0.0003088 0.0004118 0.0003088 0.0002573 0.0002573 0.0003603 0.0003603 0.0004632 0.0004632 0.0003603 0.0003088 0.0003088 0.0003603 0.0004118 0.0004118 0.0004118 0.0003088 0.0004118 0.0005662 0.0005662 0.0006692 0.0007207 0.0007722 0.0004118 0.0004118 0.0003603 0.0005662 0.0004632 0.0007722 0.0006177 0.0005662 0.0004632 0.0004632 0.0005147 0.0003603 0.0005148 0.0005148 0.0006177 0.0005147 0.0005662 0.0007722 0.0006177 0.0006177 0.0006177 0.0010309 1.9947018 1.9950450 
EBOV_H.sap-wt_SLE_14_Makona-G3770.2_KM233070               1.8798474 1.8876918 1.8877303 1.3200393 1.3962956 0.0304159 0.0302434 0.0304230 0.0309136 0.0332705 0.0341439 0.0327030 0.0305506 0.0015477 0.0014959 0.0011344 0.0011339 0.0010298 0.0004632 0.0001029 0.0001029 0.0001544 0.0001544 0.0001544 0.0001544 0.0001544 0.0000000 0.0001544 0.0002573 0.0001544 0.0001544 0.0002059 0.0002059 0.0002059 0.0002573 0.0002573 0.0002573 0.0003088 0.0002573 0.0002573 0.0003088 0.0003088 0.0002573 0.0003603 0.0005147 0.0005147 0.0005147 0.0003603 0.0004632 0.0003603 0.0003088 0.0003088 0.0004118 0.0004118 0.0005147 0.0005147 0.0004118 0.0003603 0.0003603 0.0004118 0.0004632 0.0004632 0.0004632 0.0003603 0.0004632 0.0006177 0.0006177 0.0007207 0.0007722 0.0008238 0.0004632 0.0004632 0.0004118 0.0006177 0.0005147 0.0008238 0.0006692 0.0006177 0.0005147 0.0005147 0.0005662 0.0004118 0.0005663 0.0005663 0.0006692 0.0005662 0.0005147 0.0008238 0.0006692 0.0006692 0.0006692 0.0010825 1.9947173 1.9950605 
EBOV_H.sap-wt_SLE_14_Makona-G3827_KM233101                 1.8794517 1.8871000 1.8873314 1.3205035 1.3962575 0.0303609 0.0301883 0.0303679 0.0308585 0.0332151 0.0340883 0.0326477 0.0304956 0.0014961 0.0014443 0.0010828 0.0010814 0.0009783 0.0004118 0.0000515 0.0000515 0.0001029 0.0001029 0.0001029 0.0001029 0.0001029 0.0001544 0.0000000 0.0002059 0.0001029 0.0001029 0.0001544 0.0001544 0.0001544 0.0002059 0.0002059 0.0002059 0.0002573 0.0002059 0.0002059 0.0002573 0.0002573 0.0002059 0.0003088 0.0004632 0.0004632 0.0004632 0.0003088 0.0004118 0.0003088 0.0002573 0.0002573 0.0003603 0.0003603 0.0004632 0.0004632 0.0003603 0.0003088 0.0003088 0.0003603 0.0004118 0.0004118 0.0004118 0.0003088 0.0004118 0.0005662 0.0005662 0.0006692 0.0007207 0.0007722 0.0004118 0.0004118 0.0003603 0.0005662 0.0004632 0.0007722 0.0006177 0.0005662 0.0004632 0.0004632 0.0005147 0.0003603 0.0005148 0.0005148 0.0006177 0.0005147 0.0005662 0.0007722 0.0006177 0.0006177 0.0006177 0.0010309 1.9936529 1.9939959 
EBOV_H.sap-wt_SLE_14_Makona-Kenema-20140590_KR653278       1.8803081 1.8879629 1.8881940 1.3194015 1.3960848 0.0303609 0.0301883 0.0303679 0.0308585 0.0331624 0.0340356 0.0326477 0.0304956 0.0015995 0.0015477 0.0011861 0.0011856 0.0010814 0.0005147 0.0001544 0.0001544 0.0002059 0.0002059 0.0002059 0.0002059 0.0002059 0.0002573 0.0002059 0.0000000 0.0001029 0.0001029 0.0001544 0.0001544 0.0001544 0.0002059 0.0002059 0.0003088 0.0002573 0.0003088 0.0003088 0.0003603 0.0003603 0.0003088 0.0004118 0.0005662 0.0005662 0.0004632 0.0003088 0.0005147 0.0004118 0.0003603 0.0003603 0.0003603 0.0004632 0.0005662 0.0005662 0.0004632 0.0004118 0.0004118 0.0004632 0.0005147 0.0005147 0.0005147 0.0004118 0.0005147 0.0006692 0.0006692 0.0007722 0.0008238 0.0008753 0.0004118 0.0005147 0.0004632 0.0006692 0.0005662 0.0008753 0.0007207 0.0006692 0.0005662 0.0005662 0.0006177 0.0003603 0.0005148 0.0005148 0.0006177 0.0005147 0.0006692 0.0008753 0.0007207 0.0006177 0.0006177 0.0011342 1.9935780 1.9939210 
EBOV_H.sap-wt_SLE_14_Makona-G3825.1_KM233098               1.8809771 1.8886339 1.8888647 1.3196359 1.3962575 0.0303609 0.0301883 0.0303679 0.0308585 0.0331624 0.0340356 0.0326477 0.0304956 0.0014961 0.0014443 0.0010828 0.0010814 0.0009783 0.0004118 0.0000515 0.0000515 0.0001029 0.0001029 0.0001029 0.0001029 0.0001029 0.0001544 0.0001029 0.0001029 0.0000000 0.0000010 0.0000515 0.0000515 0.0000515 0.0001029 0.0001029 0.0002059 0.0001544 0.0002059 0.0002059 0.0002573 0.0002573 0.0002059 0.0003088 0.0004632 0.0004632 0.0003603 0.0002059 0.0004118 0.0003088 0.0002573 0.0002573 0.0002573 0.0003603 0.0004632 0.0004632 0.0003603 0.0003088 0.0003088 0.0003603 0.0004118 0.0004118 0.0004118 0.0003088 0.0004118 0.0005662 0.0005662 0.0006692 0.0007207 0.0007722 0.0003088 0.0004118 0.0003603 0.0005662 0.0004632 0.0007722 0.0006177 0.0005662 0.0004632 0.0004632 0.0005147 0.0002573 0.0004118 0.0004118 0.0005147 0.0004118 0.0005662 0.0007722 0.0006177 0.0005147 0.0005147 0.0010309 1.9936529 1.9939959 
EBOV_H.sap-wt_SLE_14_Makona-G5296_1_KR105303               1.8809771 1.8886339 1.8888647 1.3196359 1.3962575 0.0303609 0.0301883 0.0303679 0.0308585 0.0331624 0.0340356 0.0326477 0.0304956 0.0014961 0.0014443 0.0010828 0.0010814 0.0009783 0.0004118 0.0000515 0.0000515 0.0001029 0.0001029 0.0001029 0.0001029 0.0001029 0.0001544 0.0001029 0.0001029 0.0000010 0.0000000 0.0000515 0.0000515 0.0000515 0.0001029 0.0001029 0.0002059 0.0001544 0.0002059 0.0002059 0.0002573 0.0002573 0.0002059 0.0003088 0.0004632 0.0004632 0.0003603 0.0002059 0.0004118 0.0003088 0.0002573 0.0002573 0.0002573 0.0003603 0.0004632 0.0004632 0.0003603 0.0003088 0.0003088 0.0003603 0.0004118 0.0004118 0.0004118 0.0003088 0.0004118 0.0005662 0.0005662 0.0006692 0.0007207 0.0007722 0.0003088 0.0004118 0.0003603 0.0005662 0.0004632 0.0007722 0.0006177 0.0005662 0.0004632 0.0004632 0.0005147 0.0002573 0.0004118 0.0004118 0.0005147 0.0004118 0.0005662 0.0007722 0.0006177 0.0005147 0.0005147 0.0010309 1.9936529 1.9939959 
EBOV_H.sap-wt_SLE_14_Makona-G4748_1_KR105270               1.8806802 1.8883363 1.8885672 1.3194015 1.3960148 0.0303047 0.0301322 0.0303118 0.0308023 0.0331058 0.0339789 0.0325912 0.0304395 0.0015478 0.0014960 0.0011344 0.0011340 0.0010298 0.0004632 0.0001029 0.0001029 0.0001544 0.0001544 0.0001544 0.0001544 0.0001544 0.0002059 0.0001544 0.0001544 0.0000515 0.0000515 0.0000000 0.0001029 0.0001029 0.0001544 0.0001544 0.0002573 0.0002059 0.0002573 0.0002573 0.0003088 0.0003088 0.0002573 0.0003603 0.0005147 0.0005147 0.0004118 0.0002573 0.0004632 0.0003603 0.0003088 0.0003088 0.0003088 0.0004118 0.0005147 0.0005147 0.0004118 0.0003603 0.0003603 0.0004118 0.0004632 0.0004632 0.0004632 0.0003603 0.0004632 0.0006177 0.0006177 0.0007207 0.0007722 0.0008238 0.0003603 0.0004632 0.0004118 0.0006177 0.0005147 0.0008238 0.0006692 0.0006177 0.0005147 0.0005147 0.0005662 0.0003088 0.0004633 0.0004633 0.0005662 0.0004632 0.0006177 0.0008238 0.0006692 0.0005662 0.0005662 0.0010825 1.9934211 1.9937641 
EBOV_H.sap-wt_SLE_14_Makona-Bombali-J0022_KP759757         1.8807212 1.8883773 1.8886082 1.3194316 1.3963825 0.0304171 0.0302446 0.0304242 0.0309148 0.0332191 0.0340925 0.0327043 0.0305518 0.0015478 0.0014960 0.0011344 0.0011340 0.0010298 0.0004632 0.0001029 0.0001029 0.0001544 0.0001544 0.0001544 0.0001544 0.0001544 0.0002059 0.0001544 0.0001544 0.0000515 0.0000515 0.0001029 0.0000000 0.0000010 0.0001544 0.0001544 0.0002573 0.0002059 0.0002573 0.0002573 0.0003088 0.0003088 0.0002573 0.0003603 0.0005147 0.0005147 0.0004118 0.0002573 0.0004632 0.0003603 0.0003088 0.0003088 0.0003088 0.0004118 0.0005147 0.0005147 0.0004118 0.0003603 0.0003603 0.0004118 0.0004632 0.0004632 0.0004632 0.0003603 0.0004632 0.0006177 0.0006177 0.0007207 0.0007722 0.0008238 0.0003603 0.0004632 0.0004118 0.0006177 0.0005147 0.0008238 0.0006692 0.0006177 0.0005147 0.0005147 0.0005662 0.0003088 0.0004633 0.0004633 0.0005662 0.0004632 0.0006177 0.0008238 0.0006692 0.0005662 0.0005662 0.0010825 1.9936271 1.9939701 
EBOV_H.sap-wt_SLE_14_Makona-Bombali-J0019_KP759754         1.8807212 1.8883773 1.8886082 1.3194316 1.3963825 0.0304171 0.0302446 0.0304242 0.0309148 0.0332191 0.0340925 0.0327043 0.0305518 0.0015478 0.0014960 0.0011344 0.0011340 0.0010298 0.0004632 0.0001029 0.0001029 0.0001544 0.0001544 0.0001544 0.0001544 0.0001544 0.0002059 0.0001544 0.0001544 0.0000515 0.0000515 0.0001029 0.0000010 0.0000000 0.0001544 0.0001544 0.0002573 0.0002059 0.0002573 0.0002573 0.0003088 0.0003088 0.0002573 0.0003603 0.0005147 0.0005147 0.0004118 0.0002573 0.0004632 0.0003603 0.0003088 0.0003088 0.0003088 0.0004118 0.0005147 0.0005147 0.0004118 0.0003603 0.0003603 0.0004118 0.0004632 0.0004632 0.0004632 0.0003603 0.0004632 0.0006177 0.0006177 0.0007207 0.0007722 0.0008238 0.0003603 0.0004632 0.0004118 0.0006177 0.0005147 0.0008238 0.0006692 0.0006177 0.0005147 0.0005147 0.0005662 0.0003088 0.0004633 0.0004633 0.0005662 0.0004632 0.0006177 0.0008238 0.0006692 0.0005662 0.0005662 0.0010825 1.9936271 1.9939701 
EBOV_H.sap-wt_SLE_14_Makona-PortLoko-20140024_KR653252     1.8806816 1.8883380 1.8885689 1.3198008 1.3962575 0.0304729 0.0303003 0.0304800 0.0309706 0.0332753 0.0341488 0.0327604 0.0306075 0.0015995 0.0015476 0.0011861 0.0011856 0.0010814 0.0005147 0.0001544 0.0001544 0.0002059 0.0002059 0.0002059 0.0002059 0.0002059 0.0002573 0.0002059 0.0002059 0.0001029 0.0001029 0.0001544 0.0001544 0.0001544 0.0000000 0.0002059 0.0003088 0.0002573 0.0003088 0.0003088 0.0003603 0.0003603 0.0003088 0.0004118 0.0005662 0.0005662 0.0004632 0.0003088 0.0005147 0.0004118 0.0003603 0.0003603 0.0002573 0.0004632 0.0005662 0.0005662 0.0004632 0.0004118 0.0004118 0.0004632 0.0005147 0.0005147 0.0005147 0.0004118 0.0005147 0.0006692 0.0006692 0.0007722 0.0008238 0.0008753 0.0004118 0.0005147 0.0004632 0.0006692 0.0005662 0.0008753 0.0007207 0.0006692 0.0005662 0.0005662 0.0006177 0.0001544 0.0003088 0.0003088 0.0006177 0.0005147 0.0006692 0.0008753 0.0007207 0.0005147 0.0006177 0.0011341 1.9935489 1.9938919 
EBOV_H.sap-wt_SLE_14_Makona-Kenema-G4730_1_KR105268        1.8813791 1.8890368 1.8892673 1.3196058 1.3958898 0.0304731 0.0303006 0.0304802 0.0309709 0.0332755 0.0341490 0.0327606 0.0306078 0.0015995 0.0015477 0.0011861 0.0011856 0.0010814 0.0005147 0.0001544 0.0001544 0.0002059 0.0002059 0.0002059 0.0002059 0.0002059 0.0002573 0.0002059 0.0002059 0.0001029 0.0001029 0.0001544 0.0001544 0.0001544 0.0002059 0.0000000 0.0003088 0.0002573 0.0003088 0.0003088 0.0003603 0.0003603 0.0003088 0.0004118 0.0005662 0.0005662 0.0004632 0.0003088 0.0005147 0.0004118 0.0003603 0.0003603 0.0003603 0.0004632 0.0005662 0.0005662 0.0004632 0.0004118 0.0004118 0.0004632 0.0005147 0.0005147 0.0005147 0.0004118 0.0005147 0.0006692 0.0006692 0.0007722 0.0008238 0.0008753 0.0004118 0.0005147 0.0004632 0.0006692 0.0005662 0.0008753 0.0007207 0.0006692 0.0005662 0.0005662 0.0006177 0.0003603 0.0005148 0.0005148 0.0006177 0.0005147 0.0006692 0.0008753 0.0007207 0.0006177 0.0006177 0.0011341 1.9930725 1.9934155 
EBOV_H.sap-wt_SLE_14_Makona-G3949_1_KR105209               1.8808470 1.8885010 1.8887317 1.3203217 1.3967215 0.0304129 0.0302403 0.0304199 0.0309105 0.0332671 0.0341404 0.0326997 0.0305475 0.0015994 0.0015476 0.0011860 0.0011856 0.0010814 0.0005147 0.0001544 0.0001544 0.0002059 0.0002059 0.0002059 0.0002059 0.0002059 0.0002573 0.0002059 0.0003088 0.0002059 0.0002059 0.0002573 0.0002573 0.0002573 0.0003088 0.0003088 0.0000000 0.0003603 0.0003088 0.0003088 0.0003603 0.0003603 0.0003088 0.0004118 0.0005662 0.0005662 0.0005662 0.0004118 0.0005147 0.0004118 0.0003603 0.0003603 0.0004632 0.0004632 0.0005662 0.0005662 0.0004632 0.0004118 0.0004118 0.0004632 0.0005147 0.0005147 0.0005147 0.0004118 0.0005147 0.0006692 0.0006692 0.0007722 0.0008238 0.0008753 0.0005147 0.0005147 0.0004632 0.0006692 0.0005662 0.0008753 0.0007207 0.0006692 0.0005662 0.0005662 0.0006177 0.0004633 0.0006178 0.0006178 0.0007207 0.0006177 0.0006692 0.0008753 0.0007207 0.0007207 0.0007207 0.0011341 1.9950539 1.9953970 
EBOV_H.sap-wt_SLE_14_Makona-Kailahun-G4255_1_KR105226      1.8807544 1.8884105 1.8886414 1.3194015 1.3965842 0.0304168 0.0302442 0.0304238 0.0309144 0.0333323 0.0342059 0.0328173 0.0306640 0.0016512 0.0015994 0.0012377 0.0012372 0.0011340 0.0005662 0.0002059 0.0002059 0.0002573 0.0002573 0.0002573 0.0002573 0.0002573 0.0003088 0.0002573 0.0002573 0.0001544 0.0001544 0.0002059 0.0002059 0.0002059 0.0002573 0.0002573 0.0003603 0.0000000 0.0003603 0.0003603 0.0004118 0.0004118 0.0003603 0.0004632 0.0006177 0.0006177 0.0005147 0.0003603 0.0005662 0.0004632 0.0004118 0.0004118 0.0004118 0.0005147 0.0006177 0.0006177 0.0005147 0.0004632 0.0004632 0.0005147 0.0005662 0.0005662 0.0005662 0.0004632 0.0005662 0.0007207 0.0007207 0.0008238 0.0008753 0.0009268 0.0004632 0.0005662 0.0005147 0.0007207 0.0006177 0.0009268 0.0007722 0.0007207 0.0006177 0.0006177 0.0006692 0.0004118 0.0005663 0.0005663 0.0006692 0.0005662 0.0007207 0.0009268 0.0007722 0.0006692 0.0006692 0.0011858 1.9933462 1.9936892 
EBOV_H.sap-wt_LBR_14_Makona-Foya-EM_074720_KR817125        1.8814630 1.8891213 1.8893519 1.3194874 1.3977155 0.0304761 0.0303035 0.0304832 0.0309739 0.0333315 0.0342051 0.0327638 0.0306108 0.0015996 0.0015478 0.0011862 0.0011857 0.0010824 0.0005147 0.0001544 0.0001544 0.0002059 0.0002059 0.0002059 0.0001029 0.0002059 0.0002573 0.0002059 0.0003088 0.0002059 0.0002059 0.0002573 0.0002573 0.0002573 0.0003088 0.0003088 0.0003088 0.0003603 0.0000000 0.0003088 0.0003603 0.0003603 0.0003088 0.0004118 0.0005662 0.0005662 0.0005662 0.0004118 0.0005147 0.0004118 0.0003603 0.0003603 0.0004632 0.0004632 0.0005662 0.0005662 0.0004632 0.0004118 0.0004118 0.0004632 0.0004118 0.0005147 0.0005147 0.0004118 0.0005147 0.0006692 0.0006692 0.0007722 0.0008238 0.0008753 0.0005147 0.0005147 0.0004632 0.0006692 0.0005662 0.0008753 0.0007207 0.0006692 0.0005662 0.0005662 0.0006177 0.0004633 0.0006178 0.0006178 0.0007207 0.0006177 0.0006692 0.0008753 0.0007207 0.0007207 0.0007207 0.0011342 1.9953835 1.9957268 
