100
2b.JP.MD2b2-2.AY232733       0.0000000 0.1440777 0.1364752 0.1365223 0.1375315 0.8952809 0.8969564 0.8889095 2.4493364 2.4090925 2.4262024 2.4584667 2.4364143 2.4192195 2.6465205 2.5783711 2.3841732 2.2411119 2.2052365 2.2964551 2.2276392 2.2539257 2.3044622 2.1890308 2.2620709 2.2440226 2.2227047 2.1786645 2.1759463 2.1624352 2.2122309 2.1826797 2.2519548 2.2079296 2.2249691 2.2621057 2.2383056 2.2658467 2.2468774 2.2563118 2.1995589 2.1974666 2.2786141 2.2104367 2.1875876 2.1462983 2.1913011 2.2322840 2.1333000 2.1831776 2.1715058 2.1663834 2.1949173 2.1403449 2.1708377 2.1562769 2.0643885 2.1000381 2.1412596 2.1402095 2.1747586 2.1869756 2.2153416 2.1747625 2.1810057 2.1820660 2.2093698 2.2072780 2.1867673 2.1734618 2.3261410 2.1855401 2.1635962 2.2067607 2.1512871 2.1876906 2.1482235 2.1554606 2.1583407 2.1832349 2.1670570 2.1449227 2.1997168 2.1895044 2.0888263 2.1695505 2.1726239 2.2012680 2.1794420 2.1228230 2.1222157 2.1477413 2.1638222 2.1952534 2.1450892 2.1714003 2.2116238 2.1578904 2.1245058 2.1214106 
2b.JP.HC-J8.D10988           0.1440777 0.0000000 0.1129333 0.1183501 0.1165333 0.8702874 0.8800698 0.8751329 2.4022166 2.4239435 2.4444796 2.4557239 2.4145897 2.4251510 2.6508666 2.5439148 2.3693735 2.2649374 2.1365817 2.2196586 2.1575986 2.1768232 2.2014717 2.1181691 2.2211547 2.1929194 2.1754407 2.1329780 2.1320944 2.1391223 2.1695844 2.1448870 2.1798468 2.1731067 2.2105026 2.2309442 2.1656535 2.1988135 2.1653757 2.1821409 2.1529546 2.1548042 2.2231011 2.1589920 2.1687686 2.1191132 2.1553497 2.1746879 2.0840005 2.1247734 2.1182893 2.1456800 2.1284766 2.0698856 2.1260666 2.1247986 2.0407954 2.0855197 2.1269735 2.1031891 2.1378865 2.1383550 2.1538928 2.1245824 2.1240718 2.1289859 2.1512643 2.1418474 2.1359586 2.1592724 2.2470578 2.1945872 2.1721771 2.1892539 2.1494502 2.1446742 2.1314240 2.1406930 2.1588491 2.1220078 2.1498481 2.1321453 2.1101619 2.1448923 2.1238376 2.0899050 2.0990381 2.1771745 2.1174150 2.0798527 2.0739958 2.0655739 2.1062091 2.1335275 2.1011684 2.1405185 2.1737157 2.1562117 2.0616970 2.0834657 
2b.-.MD2B-1.AF238486         0.1364752 0.1129333 0.0000000 0.1120974 0.1134305 0.8864135 0.8561649 0.8655921 2.3776807 2.3803970 2.4074359 2.3860947 2.3759012 2.3415625 2.5942527 2.5498916 2.3550708 2.2320080 2.1303344 2.2191627 2.1613896 2.2006334 2.2236576 2.1242638 2.2612816 2.2092082 2.1976655 2.1554305 2.1309630 2.1353100 2.1927983 2.1367455 2.1952506 2.1839812 2.2110108 2.2363546 2.1910109 2.2006170 2.1724792 2.1847291 2.1880328 2.1653544 2.1803787 2.1783705 2.1727998 2.1271342 2.1554356 2.1561067 2.0761680 2.1267599 2.1046076 2.1069774 2.1284545 2.0730302 2.1414691 2.1245324 2.0500604 2.0717366 2.1418297 2.1090756 2.1470512 2.1449614 2.1538805 2.1372439 2.1034257 2.1344523 2.1473461 2.1453541 2.1365478 2.1535548 2.2305897 2.1520251 2.1493453 2.1846500 2.1089505 2.1209592 2.1274439 2.1196074 2.1254417 2.1037822 2.1516362 2.0816682 2.1149089 2.1187479 2.0858685 2.0683810 2.0753961 2.1267216 2.0868241 2.0506062 2.0749473 2.0484155 2.0848082 2.0977562 2.0766351 2.1137937 2.1324328 2.1116819 2.0682878 2.0735661 
2b.JP.MD2b10-2.AY232749      0.1365223 0.1183501 0.1120974 0.0000000 0.0713945 0.8815855 0.8585069 0.8504488 2.4563363 2.4701925 2.4533145 2.4669393 2.4459420 2.3918644 2.6551718 2.5499921 2.3711756 2.2178355 2.1795747 2.2630272 2.1648644 2.1960783 2.2279556 2.1588469 2.2571330 2.2255557 2.1812594 2.1832158 2.2009316 2.1667105 2.1995363 2.2044528 2.2033934 2.2374559 2.2309266 2.2496951 2.1922263 2.2500908 2.2173431 2.2285140 2.2073722 2.2007849 2.2599193 2.1945414 2.1454791 2.1499328 2.1726481 2.1930575 2.0847329 2.1542217 2.1464068 2.1662826 2.1881416 2.1051110 2.1769806 2.1532608 2.0761682 2.0890870 2.1320954 2.1164305 2.1854845 2.1628592 2.2147036 2.1802552 2.1692851 2.1871974 2.1708952 2.1979546 2.1601565 2.1727289 2.2401298 2.1916965 2.1506202 2.1648099 2.1461999 2.1255777 2.1299572 2.1353886 2.1595091 2.1544487 2.1631083 2.1247228 2.1670810 2.1840137 2.1265284 2.1039435 2.1364670 2.1619863 2.1474950 2.1153830 2.1228685 2.1105289 2.1488495 2.1656966 2.1053314 2.1576852 2.1846750 2.1695455 2.1204407 2.1143374 
2b.JP.MD2b6-2.AY232741       0.1375315 0.1165333 0.1134305 0.0713945 0.0000000 0.8829896 0.8573616 0.8504186 2.4362453 2.4359046 2.4425655 2.4547349 2.4220042 2.3940607 2.7005089 2.5330562 2.4035781 2.2359463 2.1921553 2.2579204 2.1948408 2.2363333 2.2577744 2.1568738 2.2445728 2.2641577 2.2052500 2.1791270 2.1860609 2.1804389 2.1886733 2.2100926 2.2281813 2.2196906 2.2230175 2.2433267 2.1951516 2.2468115 2.2110788 2.2206675 2.1923269 2.2067689 2.2345361 2.1878035 2.1863902 2.1660591 2.1722351 2.2013003 2.1021696 2.1756468 2.1481767 2.1758606 2.1805611 2.1001760 2.1856618 2.1726076 2.0811211 2.1063198 2.1355624 2.1205699 2.1576339 2.1472597 2.2069270 2.1711854 2.1302787 2.1661007 2.1824130 2.1489392 2.1501702 2.1760308 2.2676427 2.2179609 2.1898209 2.2027501 2.1787931 2.1650191 2.1600409 2.1440346 2.1841128 2.1421505 2.1415264 2.1252482 2.1428964 2.1887046 2.1534082 2.1297636 2.1180583 2.1778068 2.1321697 2.1067081 2.1008567 2.0730915 2.1158875 2.1707542 2.1308564 2.1590410 2.1990180 2.1609932 2.1132695 2.1043119 
2k.MD.VAT96.AB031663         0.8952809 0.8702874 0.8864135 0.8815855 0.8829896 0.0000000 0.6627403 0.6893464 2.7500049 2.7553178 2.7431410 2.7139439 2.6987790 2.5973237 2.7745567 2.6932676 2.5254803 2.5993782 2.4584024 2.4353522 2.4766006 2.5162852 2.4511681 2.3740347 2.4864998 2.4217363 2.4207735 2.4478397 2.4729430 2.4433772 2.4076930 2.4438089 2.5128104 2.4677862 2.4408527 2.4254504 2.4572532 2.4234747 2.3962491 2.4054989 2.3904719 2.4275577 2.4635197 2.3791048 2.3505484 2.4077985 2.4456719 2.4063153 2.3607088 2.4517754 2.4735243 2.4142990 2.3684192 2.3802640 2.4306341 2.4368239 2.3593496 2.4083629 2.3926495 2.4200297 2.4288473 2.4500121 2.3587678 2.3750141 2.3914468 2.3973048 2.4355123 2.3935717 2.4183810 2.4264952 2.4575164 2.6764900 2.5103298 2.5896149 2.5629807 2.6037893 2.5502038 2.5229726 2.5519457 2.4942363 2.5064339 2.5278604 2.5437931 2.5064096 2.5127594 2.4592473 2.5175566 2.5087647 2.5038390 2.4893584 2.5638036 2.4989226 2.5266565 2.4911369 2.4683465 2.4623855 2.5863439 2.5195811 2.4846887 2.4862707 
2a.-.G2AK1.AF169003          0.8969564 0.8800698 0.8561649 0.8585069 0.8573616 0.6627403 0.0000000 0.1398402 2.5949063 2.6369787 2.5958782 2.5895084 2.5674655 2.4684541 2.6549414 2.6522532 2.5024655 2.5269667 2.4883227 2.4762095 2.5324041 2.5398901 2.5948999 2.4847844 2.5777405 2.5226780 2.5072206 2.5425178 2.5007811 2.4432884 2.5619632 2.4721820 2.4945923 2.4595616 2.4190726 2.4328936 2.4874120 2.4905533 2.4814172 2.4833433 2.3689557 2.4970462 2.4778377 2.4531508 2.4457646 2.4677748 2.4286106 2.4812315 2.4176270 2.4786171 2.5115965 2.5042477 2.4537540 2.5037411 2.4236272 2.3943634 2.4116059 2.3794287 2.4195460 2.3467311 2.4460778 2.4693888 2.4908983 2.4525234 2.4598544 2.4306842 2.4970297 2.4833137 2.4612997 2.4730765 2.4368954 2.4387154 2.4315345 2.3928776 2.3700524 2.4070860 2.4625530 2.3842965 2.3754890 2.3648282 2.4228293 2.4338308 2.4794535 2.4138433 2.4638220 2.4228431 2.4096556 2.4100217 2.4050147 2.3971372 2.5019959 2.3972947 2.4254463 2.3729225 2.3771202 2.3651429 2.4478365 2.3888674 2.3423126 2.3634331 
2a.-.MD2A-7.AF238485         0.8889095 0.8751329 0.8655921 0.8504488 0.8504186 0.6893464 0.1398402 0.0000000 2.6736324 2.7056055 2.6531939 2.6375395 2.6498664 2.4858760 2.6431690 2.6457587 2.4332287 2.4724785 2.4762198 2.4667245 2.5120080 2.5439741 2.6079220 2.4857465 2.5655389 2.5344371 2.5084137 2.5024054 2.4852456 2.4755552 2.5220195 2.4441044 2.4772481 2.4475280 2.3747460 2.4317292 2.5084917 2.5237964 2.4879286 2.4939265 2.3668574 2.4689206 2.4612843 2.4759339 2.4543660 2.4653712 2.4559871 2.4538647 2.3987779 2.4688708 2.5156584 2.5102343 2.4642606 2.4691659 2.4403289 2.3643215 2.4207183 2.4114090 2.3977369 2.3627992 2.4735234 2.4720126 2.4815881 2.4633819 2.4526842 2.4417324 2.4329852 2.5074237 2.4569033 2.5075767 2.4742080 2.4979685 2.4876035 2.4499367 2.4430769 2.4419317 2.5088383 2.3778074 2.4088652 2.3743097 2.4506748 2.4408205 2.5084182 2.4561645 2.4700378 2.4510108 2.4971769 2.4575665 2.4444415 2.4120672 2.5059960 2.4259931 2.4573070 2.4092774 2.4095136 2.4456590 2.4521519 2.4134036 2.3958256 2.4160336 
6a.HK.6a69.DQ480521          2.4493364 2.4022166 2.3776807 2.4563363 2.4362453 2.7500049 2.5949063 2.6736324 0.0000000 0.0682301 0.0705458 0.0806085 0.0680312 1.3288129 1.3499043 1.3177608 1.9781962 1.8896182 1.8385852 1.7982224 1.8385220 1.7969758 1.8309597 1.7687575 1.8251406 1.8233313 1.8224083 1.8128221 1.7583644 1.7547903 1.7820937 1.8044701 1.8191824 1.7903245 1.7498744 1.7970002 1.7841508 1.7898156 1.7816487 1.7822103 1.8092782 1.8028387 1.8284059 1.7855596 1.8331103 1.7773500 1.7833673 1.8034459 1.8096513 1.8086511 1.7438453 1.7798670 1.7533203 1.7832805 1.7472762 1.7729395 1.7647102 1.7498581 1.7606608 1.7925844 1.7313416 1.7616555 1.7747117 1.7570969 1.7270614 1.7403121 1.7760131 1.7576952 1.7410883 1.7815413 1.8913384 1.9173113 1.9353038 1.9331176 1.9228942 1.9258035 1.9156233 1.8862409 1.9088898 1.8798588 1.8576397 1.8682484 1.8486933 1.8319292 1.8620694 1.7955707 1.8394132 1.8443587 1.8201305 1.8274133 1.8075399 1.8220159 1.8003652 1.8066820 1.7892898 1.7974289 1.8066634 1.8531518 1.8164105 1.8223059 
6a.HK.6a33.AY859526          2.4090925 2.4239435 2.3803970 2.4701925 2.4359046 2.7553178 2.6369787 2.7056055 0.0682301 0.0000000 0.0660849 0.0769609 0.0662493 1.2922853 1.3726286 1.2962294 1.9687219 1.8785231 1.8480832 1.8359883 1.8423820 1.8219359 1.8460594 1.7913509 1.8226390 1.8258175 1.8277527 1.8060520 1.7785469 1.7638296 1.8184500 1.8060726 1.8367970 1.8003058 1.7550779 1.7868308 1.7897574 1.8053171 1.7951121 1.7924841 1.8024723 1.8167359 1.8150800 1.8161634 1.8122065 1.8164101 1.7959015 1.8057931 1.8167029 1.8422381 1.7553459 1.7856378 1.7693802 1.8016127 1.7678104 1.8075222 1.7760431 1.7504476 1.7806710 1.8101280 1.7509386 1.7631237 1.7996320 1.7724978 1.7692764 1.7714108 1.7869987 1.7599887 1.7529345 1.7939766 1.8716263 1.9209450 1.9525061 1.9526262 1.9597486 1.9705823 1.9442402 1.9082526 1.9169601 1.8958190 1.8596117 1.8667058 1.8579600 1.8503786 1.8726269 1.8136610 1.8362796 1.8762336 1.8407088 1.8358112 1.8457321 1.8639738 1.8322559 1.8192813 1.8269291 1.8245272 1.8522396 1.8720107 1.8300549 1.8307593 
6a.HK.6a64.DQ480515          2.4262024 2.4444796 2.4074359 2.4533145 2.4425655 2.7431410 2.5958782 2.6531939 0.0705458 0.0660849 0.0000000 0.0750649 0.0652672 1.3028169 1.3586712 1.3060832 1.9498209 1.8927022 1.8500988 1.7936667 1.8191510 1.7990019 1.8334343 1.7846016 1.8431053 1.8159251 1.8078923 1.7978436 1.7763551 1.7459523 1.8164847 1.8062893 1.8470155 1.7735081 1.7410650 1.7970770 1.7958274 1.7950012 1.7872808 1.7845997 1.8101127 1.7987060 1.7951931 1.8111767 1.8092849 1.8047020 1.7972896 1.8047176 1.7920623 1.8261702 1.7504778 1.8059127 1.7585368 1.7845775 1.7432572 1.7943962 1.7587482 1.7472204 1.7696261 1.8007644 1.7464837 1.7361624 1.7890374 1.7739095 1.7466169 1.7522745 1.7648499 1.7594226 1.7440877 1.7639935 1.9127767 1.9140699 1.9208514 1.9259630 1.9235613 1.9200407 1.8945001 1.8725374 1.8830166 1.8824409 1.8372107 1.8393003 1.8447233 1.8118607 1.8541561 1.7940575 1.8326027 1.8524467 1.8092715 1.8220033 1.8211528 1.8340589 1.8115043 1.8056543 1.8141803 1.7946951 1.8073394 1.8627975 1.8177324 1.8015226 
6a.HK.6a77.DQ480512          2.4584667 2.4557239 2.3860947 2.4669393 2.4547349 2.7139439 2.5895084 2.6375395 0.0806085 0.0769609 0.0750649 0.0000000 0.0650743 1.3278625 1.3522411 1.3147198 2.0132536 1.8679140 1.8668854 1.8447552 1.8444752 1.8236539 1.8621413 1.8124432 1.8790298 1.8393658 1.8419930 1.8227654 1.7858929 1.7888909 1.8273337 1.8262923 1.8503244 1.8085530 1.7721746 1.7971322 1.8274864 1.8077856 1.8069292 1.8042921 1.8238146 1.8420306 1.8082389 1.8355201 1.8452451 1.8306365 1.8046555 1.8240755 1.8211295 1.8635367 1.7655558 1.8223374 1.7792343 1.7977966 1.7878132 1.8184474 1.7991448 1.7779087 1.8156857 1.8316847 1.7565304 1.7797978 1.7971869 1.7947812 1.7730637 1.7843555 1.7862182 1.7865931 1.7781847 1.8121943 1.9133782 1.9230828 1.9786991 1.9724447 1.9484053 1.9528922 1.9058881 1.9141096 1.9132339 1.9075026 1.8838088 1.8789285 1.8733168 1.8599533 1.8802943 1.8160434 1.8789771 1.8685277 1.8647170 1.8294260 1.8693507 1.8663466 1.8398870 1.8340299 1.8314447 1.8256333 1.8374979 1.8778674 1.8452117 1.8419753 
6a.HK.6a35.DQ480513          2.4364143 2.4145897 2.3759012 2.4459420 2.4220042 2.6987790 2.5674655 2.6498664 0.0680312 0.0662493 0.0652672 0.0650743 0.0000000 1.2926176 1.3586890 1.2787399 1.9793757 1.8925852 1.8170942 1.7912050 1.8143335 1.7663075 1.8147627 1.7794232 1.8212564 1.8049253 1.7998357 1.7805117 1.7368155 1.7262556 1.7866514 1.8063468 1.8332932 1.7631511 1.7362993 1.8049834 1.7713823 1.7814580 1.7757179 1.7703167 1.7857295 1.7994930 1.7759230 1.7873867 1.8001451 1.7911924 1.7910759 1.7765617 1.7872859 1.8237769 1.7384555 1.7577323 1.7431975 1.7603227 1.7345671 1.7630417 1.7571547 1.7489748 1.7717889 1.7643628 1.7311524 1.7329950 1.7520494 1.7479953 1.7099562 1.7204799 1.7590191 1.7515431 1.7545915 1.7609160 1.8541993 1.9037000 1.9422268 1.9507988 1.9181261 1.9189562 1.8727570 1.8623848 1.8778813 1.8563595 1.8245536 1.8360521 1.8232854 1.7991619 1.8308747 1.7776075 1.8358538 1.8288459 1.8188758 1.8069277 1.8175143 1.8171407 1.7934371 1.7691656 1.7983519 1.7773462 1.7889918 1.8284558 1.7973734 1.7945406 
6m.TH.B4_92.DQ835767         2.4192195 2.4251510 2.3415625 2.3918644 2.3940607 2.5973237 2.4684541 2.4858760 1.3288129 1.2922853 1.3028169 1.3278625 1.2926176 0.0000000 0.9047061 0.8177551 1.9291433 1.9194926 1.9587034 1.9653696 1.9850629 1.9523757 2.0137408 1.9371945 1.9792682 1.9240742 1.9833571 1.9613333 1.9283273 1.9250728 1.8606512 1.9043377 1.8998675 1.9188846 1.9231993 1.9541029 1.9727361 1.9401987 1.9108951 1.9266008 1.9449094 1.9039969 1.8859320 1.9333198 1.8997257 1.9081745 1.8723775 1.8850524 1.8680483 1.9612249 1.8909054 1.8832433 1.8906206 1.8596806 1.8860532 1.8927040 1.8778251 1.8720596 1.9151676 1.8953715 1.9014221 1.9062368 1.9340273 1.9469592 1.8855170 1.9196361 1.8725536 1.8768358 1.8663482 1.8557293 1.8889008 1.9838106 1.9810090 1.9971013 1.9827389 1.9691397 1.9650083 1.9460695 1.9157387 1.9115237 1.9358993 1.9187497 1.9058556 1.8635252 1.9109532 1.8706882 1.9140103 1.9283947 1.8766258 1.9281308 1.8975524 1.9074301 1.8785610 1.9118091 1.8761988 1.8792491 1.9069699 1.8784451 1.8977774 1.8909216 
6j.TH.Th553.DQ835769         2.6465205 2.6508666 2.5942527 2.6551718 2.7005089 2.7745567 2.6549414 2.6431690 1.3499043 1.3726286 1.3586712 1.3522411 1.3586890 0.9047061 0.0000000 0.6273579 1.9492837 1.9499292 2.0470669 2.0742014 2.0620748 2.1174108 2.1524045 2.0574159 2.0318186 2.0307329 2.0837647 2.0428029 2.0809191 2.0597903 2.0363372 2.0116182 2.0375537 2.0250745 1.9988639 2.0467932 1.9928383 1.9887798 1.9755827 1.9707058 1.9858172 2.0216347 2.0512480 2.0388645 2.0163261 2.0481300 1.9677527 2.0134564 1.9761102 2.0138084 2.0626218 2.0513457 2.0093693 1.9836507 2.0342370 2.0256985 1.9823911 2.0009157 2.0389935 2.0280553 2.0297761 2.0275651 2.0533307 2.0776718 1.9877083 2.0068364 1.9888212 2.0062294 2.0141003 2.0271801 1.9752468 2.1280864 2.1020833 2.1061947 2.0594383 2.0751166 2.1022288 2.0731570 2.0506727 2.0241729 2.0380044 2.0749014 2.0816540 1.9989842 1.9952594 1.9768350 2.0219545 2.0595163 1.9699131 2.0024817 2.0139646 2.0009562 2.0021567 1.9833537 1.9803731 2.0140346 1.9694114 2.0138724 1.9964362 1.9570693 
6h.VN.VN004.D84265           2.5783711 2.5439148 2.5498916 2.5499921 2.5330562 2.6932676 2.6522532 2.6457587 1.3177608 1.2962294 1.3060832 1.3147198 1.2787399 0.8177551 0.6273579 0.0000000 1.9673296 1.9532400 1.9501989 1.9535384 1.9882382 2.0161907 2.0189463 1.9507828 1.9758167 1.9693780 1.9868141 1.9517446 1.9656537 1.9691891 1.9649541 1.9952996 2.0032837 1.9735284 1.9530023 2.0446145 1.9774380 1.9555623 1.9567954 1.9601343 1.9165561 1.9462856 1.9030362 1.9682757 2.0230177 1.9573853 1.9152430 1.9619804 1.9074189 1.9569829 1.9698993 1.9553171 1.8949791 1.9013697 1.9156274 1.9073896 1.9081828 1.9400437 1.9580430 1.9325867 1.9614885 1.8723292 1.9418225 1.9296099 1.9164056 1.9174509 1.9269026 1.9162113 1.9953241 1.9222125 1.9599200 1.9749091 2.0031659 1.9724668 1.9227439 1.9677504 1.9430136 1.9457949 1.9086923 1.8192706 1.8643570 1.8750618 1.9110762 1.8546325 1.8851140 1.8404371 1.9507014 1.9007834 1.8287111 1.8548114 1.8892503 1.8279961 1.8353534 1.8647452 1.8575096 1.8796744 1.8850192 1.8968667 1.8477525 1.8475941 
4d.-.24.DQ516083             2.3841732 2.3693735 2.3550708 2.3711756 2.4035781 2.5254803 2.5024655 2.4332287 1.9781962 1.9687219 1.9498209 2.0132536 1.9793757 1.9291433 1.9492837 1.9673296 0.0000000 0.5651929 1.5991245 1.5373545 1.5528174 1.5418286 1.5699229 1.5490282 1.5431149 1.5611358 1.5420953 1.5523671 1.4961532 1.4983748 1.5268842 1.5268077 1.5187187 1.5158482 1.5098585 1.5415937 1.4859385 1.5231389 1.5245153 1.5227852 1.5528737 1.5681504 1.5174362 1.5672601 1.5140966 1.5819270 1.5411846 1.5504385 1.5126910 1.5676993 1.5270076 1.5322560 1.5217849 1.5245923 1.5165796 1.5172049 1.5533073 1.4987398 1.5263698 1.5259575 1.5325345 1.5077619 1.5371891 1.5547811 1.5280836 1.5316282 1.5321250 1.5366760 1.4881565 1.5343167 1.5569629 1.5202254 1.5389136 1.5426698 1.5275441 1.5981383 1.5304275 1.5176050 1.5012076 1.4981534 1.4840645 1.4661174 1.5208269 1.4642403 1.4413931 1.4288459 1.5203284 1.5101557 1.4611848 1.4631154 1.4567923 1.4552445 1.4679680 1.4550168 1.4452849 1.4472300 1.4707380 1.4902382 1.4604393 1.4628594 
4a.EG.ED43.Y11604            2.2411119 2.2649374 2.2320080 2.2178355 2.2359463 2.5993782 2.5269667 2.4724785 1.8896182 1.8785231 1.8927022 1.8679140 1.8925852 1.9194926 1.9499292 1.9532400 0.5651929 0.0000000 1.5511527 1.5568800 1.5640842 1.5338159 1.5333147 1.5164303 1.5234039 1.5083552 1.5108306 1.5274220 1.4647976 1.4713933 1.5103316 1.5002724 1.4987383 1.4725188 1.4867651 1.4806153 1.5235144 1.5282182 1.5157593 1.5137089 1.5029765 1.5326931 1.4871421 1.5159243 1.5190629 1.5438861 1.5199141 1.5079787 1.4734454 1.5077804 1.4739146 1.4675469 1.4631484 1.4865698 1.4928257 1.4954151 1.4933592 1.4596983 1.5275547 1.4931139 1.4963664 1.4739148 1.5029000 1.5606464 1.5265721 1.4884318 1.5099232 1.4704053 1.4643201 1.4836468 1.5581650 1.5448239 1.5897935 1.5767716 1.5677762 1.6026123 1.5839766 1.5179479 1.5489183 1.4969403 1.4701844 1.4645553 1.4677215 1.4831852 1.4249353 1.4328293 1.5063091 1.4720233 1.4836543 1.4725448 1.4637953 1.4686290 1.4580737 1.4775558 1.4525357 1.4638844 1.4924490 1.4803767 1.4759752 1.4503226 
1b.CH.BID-V311.EU155376      2.2052365 2.1365817 2.1303344 2.1795747 2.1921553 2.4584024 2.4883227 2.4762198 1.8385852 1.8480832 1.8500988 1.8668854 1.8170942 1.9587034 2.0470669 1.9501989 1.5991245 1.5511527 0.0000000 0.2097445 0.2061259 0.2011102 0.2122932 0.2037200 0.2092430 0.2046169 0.2022500 0.1958857 0.1871220 0.1788935 0.2037939 0.1937849 0.1958373 0.1877201 0.1944060 0.2060247 0.2055344 0.2045630 0.1893325 0.1908968 0.1601291 0.1890795 0.1899027 0.1856044 0.1892285 0.1900480 0.1658929 0.1715084 0.1848491 0.1800332 0.1791776 0.1842106 0.1902366 0.1715914 0.1679774 0.1814847 0.1623039 0.1745907 0.1805171 0.1823085 0.1861719 0.1751362 0.1738180 0.1737943 0.1635921 0.1666496 0.1586802 0.1742899 0.1606165 0.1623030 0.8507572 0.8099542 0.8152071 0.8058234 0.8289865 0.8036569 0.7941507 0.7986187 0.7839533 0.7624005 0.7501172 0.7524016 0.7678307 0.7493561 0.7450485 0.7146669 0.7692914 0.7789492 0.7416907 0.7385168 0.7356692 0.7369379 0.7325216 0.7509208 0.7662563 0.7365741 0.7513073 0.7736547 0.7298776 0.7360045 
1b.JP.JT.D11355              2.2964551 2.2196586 2.2191627 2.2630272 2.2579204 2.4353522 2.4762095 2.4667245 1.7982224 1.8359883 1.7936667 1.8447552 1.7912050 1.9653696 2.0742014 1.9535384 1.5373545 1.5568800 0.2097445 0.0000000 0.1607442 0.1566643 0.1756663 0.1737474 0.1697746 0.1756295 0.1625012 0.1592902 0.1531200 0.1467332 0.2151837 0.2112661 0.2145552 0.2125549 0.2211003 0.2303216 0.2365557 0.2260976 0.2102809 0.2122428 0.2058957 0.2037397 0.2089671 0.1973170 0.2042470 0.2014859 0.1987813 0.1946018 0.1965406 0.2052576 0.1910450 0.2047563 0.1954300 0.1806543 0.1853781 0.1975785 0.1776345 0.1793684 0.1846618 0.1952509 0.1900159 0.1850822 0.1855613 0.1865151 0.1777361 0.1808406 0.1766949 0.1878690 0.1751774 0.1756692 0.8925997 0.8436717 0.8613104 0.8696723 0.8773341 0.8496168 0.8352577 0.8377387 0.8271396 0.7750074 0.8023670 0.7890955 0.7867330 0.7741992 0.7822702 0.7623003 0.8085622 0.8135571 0.7749513 0.7747490 0.7787546 0.7598220 0.7630244 0.7749942 0.7953757 0.7694124 0.7916879 0.8035556 0.7636605 0.7702265 
1b.JP.J33.D14484             2.2276392 2.1575986 2.1613896 2.1648644 2.1948408 2.4766006 2.5324041 2.5120080 1.8385220 1.8423820 1.8191510 1.8444752 1.8143335 1.9850629 2.0620748 1.9882382 1.5528174 1.5640842 0.2061259 0.1607442 0.0000000 0.1544905 0.1655814 0.1675036 0.1651758 0.1689983 0.1565813 0.1524887 0.1467141 0.1391646 0.2072787 0.2113025 0.2092569 0.2052959 0.2131560 0.2245065 0.2190187 0.2142005 0.2002742 0.2012546 0.1932681 0.1960504 0.1953158 0.1918553 0.2000707 0.1929352 0.1869004 0.1863107 0.1894716 0.1874870 0.1910959 0.1886837 0.1875942 0.1681656 0.1788285 0.1864830 0.1768062 0.1727881 0.1795831 0.1891246 0.1888854 0.1773974 0.1799029 0.1839091 0.1710617 0.1750666 0.1669570 0.1836876 0.1646057 0.1683374 0.8693495 0.8635640 0.8540194 0.8628138 0.8726634 0.8604072 0.8415102 0.8434635 0.8425690 0.8006073 0.8026378 0.7779579 0.7928540 0.7861810 0.7751430 0.7631201 0.8082288 0.8186117 0.7657779 0.7831120 0.7921513 0.7813428 0.7772098 0.7823381 0.8087835 0.7777035 0.7675746 0.7944639 0.7612230 0.7648786 
1b.-.HCR6.AY045702           2.2539257 2.1768232 2.2006334 2.1960783 2.2363333 2.5162852 2.5398901 2.5439741 1.7969758 1.8219359 1.7990019 1.8236539 1.7663075 1.9523757 2.1174108 2.0161907 1.5418286 1.5338159 0.2011102 0.1566643 0.1544905 0.0000000 0.1035848 0.1614633 0.1592847 0.1649021 0.1549968 0.1481782 0.1369614 0.1348886 0.2008704 0.1990012 0.2025254 0.1973033 0.2054751 0.2212560 0.2139492 0.2080226 0.1943399 0.1961919 0.1924851 0.1914184 0.1950698 0.1856506 0.1894339 0.1920623 0.1862255 0.1812636 0.1874957 0.1900852 0.1821133 0.1896980 0.1829035 0.1642299 0.1790648 0.1829463 0.1675636 0.1649221 0.1749517 0.1773099 0.1812569 0.1828203 0.1762314 0.1785513 0.1698655 0.1662038 0.1703809 0.1747390 0.1592392 0.1694833 0.8563984 0.8370341 0.8281364 0.8541346 0.8695510 0.8388994 0.8130268 0.8139391 0.8182195 0.7600215 0.7762983 0.7558251 0.7760703 0.7585545 0.7684030 0.7510453 0.7845332 0.7884332 0.7572982 0.7536249 0.7655676 0.7586329 0.7553555 0.7673054 0.7759830 0.7554426 0.7695739 0.7839402 0.7491199 0.7508079 
1b.-.MD21.AF207762           2.3044622 2.2014717 2.2236576 2.2279556 2.2577744 2.4511681 2.5948999 2.6079220 1.8309597 1.8460594 1.8334343 1.8621413 1.8147627 2.0137408 2.1524045 2.0189463 1.5699229 1.5333147 0.2122932 0.1756663 0.1655814 0.1035848 0.0000000 0.1844698 0.1777447 0.1836455 0.1737797 0.1675738 0.1562091 0.1535442 0.2199930 0.2208762 0.2200509 0.2148758 0.2181636 0.2366712 0.2301762 0.2254240 0.2121371 0.2115199 0.2145333 0.2086358 0.2085456 0.2028204 0.2066280 0.2137270 0.2026917 0.1972872 0.1983563 0.2015805 0.1983631 0.1999170 0.1943808 0.1847420 0.1964503 0.1981230 0.1827240 0.1833486 0.1959758 0.1984676 0.2004377 0.1976780 0.1894203 0.1899587 0.1841447 0.1837202 0.1821454 0.1938353 0.1748495 0.1772418 0.8743463 0.8699281 0.8512689 0.8787175 0.8793499 0.8696668 0.8304513 0.8312787 0.8591038 0.7940969 0.7990291 0.7848982 0.7905274 0.7658442 0.7791193 0.7616472 0.8003591 0.8181459 0.7801163 0.7829535 0.7978325 0.7821627 0.7802710 0.7859940 0.8003344 0.7701129 0.7842272 0.8035768 0.7689945 0.7595047 
1b.-.CQ819761.CQ819761       2.1890308 2.1181691 2.1242638 2.1588469 2.1568738 2.3740347 2.4847844 2.4857465 1.7687575 1.7913509 1.7846016 1.8124432 1.7794232 1.9371945 2.0574159 1.9507828 1.5490282 1.5164303 0.2037200 0.1737474 0.1675036 0.1614633 0.1844698 0.0000000 0.1688359 0.1667533 0.1539949 0.1538323 0.1483238 0.1329263 0.2095252 0.2130779 0.2098589 0.2115625 0.2096096 0.2228584 0.2245193 0.2173689 0.2040240 0.2047251 0.1963299 0.2005301 0.2100402 0.1876233 0.1943178 0.1950815 0.1985237 0.1829029 0.1876364 0.1940492 0.1871883 0.1917638 0.1886758 0.1687800 0.1796699 0.1918573 0.1749463 0.1734205 0.1792942 0.1952756 0.1897086 0.1823475 0.1781165 0.1889852 0.1745790 0.1727800 0.1746411 0.1830241 0.1625636 0.1713765 0.8453130 0.8278706 0.8362578 0.8375277 0.8476029 0.8305629 0.8081414 0.8116166 0.8154271 0.7534339 0.7722407 0.7752380 0.7675084 0.7561301 0.7713056 0.7476213 0.7741393 0.8048951 0.7539973 0.7582556 0.7669154 0.7541765 0.7522513 0.7604084 0.7822607 0.7509689 0.7645612 0.7783445 0.7599053 0.7488770 
1b.-.HCV-CG1B.AF333324       2.2620709 2.2211547 2.2612816 2.2571330 2.2445728 2.4864998 2.5777405 2.5655389 1.8251406 1.8226390 1.8431053 1.8790298 1.8212564 1.9792682 2.0318186 1.9758167 1.5431149 1.5234039 0.2092430 0.1697746 0.1651758 0.1592847 0.1777447 0.1688359 0.0000000 0.1379646 0.1215923 0.1226738 0.1437328 0.1433337 0.2075239 0.2144175 0.2095985 0.2025962 0.2083066 0.2218898 0.2173765 0.2143381 0.2013343 0.2026033 0.2079544 0.2017569 0.2027490 0.1971917 0.1930499 0.1962045 0.1910445 0.1859907 0.1939910 0.1940508 0.1873742 0.1926169 0.1914187 0.1696114 0.1823326 0.1897956 0.1773317 0.1746385 0.1820558 0.1874061 0.1851684 0.1853227 0.1813162 0.1823549 0.1715282 0.1781361 0.1741605 0.1800286 0.1654818 0.1705068 0.8651126 0.8591600 0.8635858 0.8612145 0.8778054 0.8549711 0.8415457 0.8396354 0.8339105 0.7715068 0.7975963 0.7961778 0.7881636 0.7702741 0.7728081 0.7589582 0.7947897 0.8094615 0.7671222 0.7715516 0.7912471 0.7756668 0.7756824 0.7914748 0.8013822 0.7673272 0.7874697 0.7997227 0.7800035 0.7565553 
1b.JP.HCV-N.AF139594         2.2440226 2.1929194 2.2092082 2.2255557 2.2641577 2.4217363 2.5226780 2.5344371 1.8233313 1.8258175 1.8159251 1.8393658 1.8049253 1.9240742 2.0307329 1.9693780 1.5611358 1.5083552 0.2046169 0.1756295 0.1689983 0.1649021 0.1836455 0.1667533 0.1379646 0.0000000 0.1129778 0.1077617 0.1461530 0.1443038 0.2064170 0.2124415 0.2124848 0.2055902 0.2119916 0.2207217 0.2210505 0.2233668 0.2084160 0.2089859 0.2047502 0.2059051 0.2004443 0.1999071 0.2024504 0.1951414 0.1969771 0.1898642 0.1918209 0.2000950 0.1915648 0.1935149 0.1889752 0.1714358 0.1856405 0.1909284 0.1770026 0.1770298 0.1876481 0.1939955 0.2019829 0.1833279 0.1806576 0.1879741 0.1705534 0.1757551 0.1789262 0.1848272 0.1733963 0.1735787 0.8621646 0.8534565 0.8409788 0.8357628 0.8659351 0.8452920 0.8215961 0.8365078 0.8168817 0.7608720 0.7803075 0.7746234 0.7738717 0.7683779 0.7735347 0.7465701 0.7946175 0.8000194 0.7586791 0.7654293 0.7702232 0.7688061 0.7664467 0.7707643 0.7872815 0.7693315 0.7714362 0.8043659 0.7699353 0.7607961 
1b.-.MD33.AF207774           2.2227047 2.1754407 2.1976655 2.1812594 2.2052500 2.4207735 2.5072206 2.5084137 1.8224083 1.8277527 1.8078923 1.8419930 1.7998357 1.9833571 2.0837647 1.9868141 1.5420953 1.5108306 0.2022500 0.1625012 0.1565813 0.1549968 0.1737797 0.1539949 0.1215923 0.1129778 0.0000000 0.0994849 0.1362652 0.1330739 0.2055429 0.2038209 0.2001183 0.1954091 0.2097224 0.2209923 0.2118685 0.2071524 0.1929641 0.1941281 0.1944798 0.1952201 0.1983392 0.1902662 0.1857235 0.1845155 0.1831017 0.1793604 0.1818831 0.1838016 0.1813754 0.1868770 0.1842851 0.1633196 0.1739585 0.1836139 0.1627478 0.1680837 0.1738568 0.1803501 0.1837616 0.1747200 0.1639211 0.1721668 0.1582713 0.1614442 0.1650489 0.1707943 0.1580499 0.1591696 0.8526781 0.8421273 0.8346132 0.8294353 0.8575508 0.8489806 0.8165538 0.8214954 0.8039927 0.7663540 0.7773650 0.7705315 0.7620142 0.7559361 0.7651076 0.7445131 0.7710360 0.7961944 0.7631386 0.7572225 0.7673654 0.7523268 0.7490490 0.7738582 0.7832312 0.7525263 0.7620433 0.7846189 0.7571009 0.7522061 
1b.-.HCVT209.AB049098        2.1786645 2.1329780 2.1554305 2.1832158 2.1791270 2.4478397 2.5425178 2.5024054 1.8128221 1.8060520 1.7978436 1.8227654 1.7805117 1.9613333 2.0428029 1.9517446 1.5523671 1.5274220 0.1958857 0.1592902 0.1524887 0.1481782 0.1675738 0.1538323 0.1226738 0.1077617 0.0994849 0.0000000 0.1275256 0.1288156 0.1938961 0.1917657 0.1957954 0.1903389 0.1971670 0.2094858 0.2092800 0.1990588 0.1866850 0.1869435 0.1872407 0.1902814 0.1953201 0.1805101 0.1824007 0.1789920 0.1783777 0.1722835 0.1772474 0.1745080 0.1744203 0.1807128 0.1712533 0.1567561 0.1703320 0.1776475 0.1624114 0.1614361 0.1743541 0.1796258 0.1785926 0.1752716 0.1669427 0.1655327 0.1572446 0.1584234 0.1595399 0.1656038 0.1561978 0.1592310 0.8579014 0.8449325 0.8323970 0.8292810 0.8514590 0.8268372 0.8140549 0.8209179 0.8004219 0.7500317 0.7671598 0.7560399 0.7714802 0.7585246 0.7582702 0.7480625 0.7802815 0.7895102 0.7457788 0.7486156 0.7676554 0.7501484 0.7480714 0.7605439 0.7804526 0.7512881 0.7684388 0.7788716 0.7543154 0.7504690 
1b.-.HCVT094.AB049088        2.1759463 2.1320944 2.1309630 2.2009316 2.1860609 2.4729430 2.5007811 2.4852456 1.7583644 1.7785469 1.7763551 1.7858929 1.7368155 1.9283273 2.0809191 1.9656537 1.4961532 1.4647976 0.1871220 0.1531200 0.1467141 0.1369614 0.1562091 0.1483238 0.1437328 0.1461530 0.1362652 0.1275256 0.0000000 0.1239442 0.1918184 0.1851086 0.1873048 0.1830429 0.1862253 0.1945628 0.1977368 0.1949675 0.1798531 0.1830211 0.1787600 0.1789281 0.1843839 0.1714007 0.1709869 0.1684919 0.1690501 0.1592639 0.1754072 0.1747554 0.1640141 0.1698821 0.1718361 0.1498152 0.1538052 0.1602096 0.1488345 0.1545387 0.1644845 0.1681602 0.1673178 0.1651021 0.1531772 0.1589583 0.1455837 0.1485295 0.1527217 0.1626450 0.1473070 0.1522363 0.8242505 0.8168775 0.8078974 0.8081732 0.8328033 0.7999768 0.7948076 0.7832224 0.7939984 0.7531565 0.7655624 0.7457740 0.7585199 0.7394301 0.7456637 0.7196014 0.7584695 0.7809435 0.7331893 0.7447087 0.7506317 0.7413643 0.7379871 0.7476618 0.7614074 0.7348661 0.7417095 0.7655977 0.7408779 0.7332514 
1b.-.MD15.AF207756           2.1624352 2.1391223 2.1353100 2.1667105 2.1804389 2.4433772 2.4432884 2.4755552 1.7547903 1.7638296 1.7459523 1.7888909 1.7262556 1.9250728 2.0597903 1.9691891 1.4983748 1.4713933 0.1788935 0.1467332 0.1391646 0.1348886 0.1535442 0.1329263 0.1433337 0.1443038 0.1330739 0.1288156 0.1239442 0.0000000 0.1799472 0.1801055 0.1790348 0.1751551 0.1772928 0.1984420 0.1919762 0.1924916 0.1780665 0.1792853 0.1685115 0.1730339 0.1750066 0.1633256 0.1699716 0.1694724 0.1651726 0.1585993 0.1609439 0.1627762 0.1593295 0.1601213 0.1633891 0.1468444 0.1561157 0.1640426 0.1465965 0.1465866 0.1526594 0.1577724 0.1551857 0.1509028 0.1536740 0.1553900 0.1432033 0.1469849 0.1439042 0.1534770 0.1394251 0.1459364 0.8421794 0.8221572 0.8205306 0.8152892 0.8313975 0.8241778 0.7937489 0.8048225 0.8010015 0.7512854 0.7694661 0.7531279 0.7635433 0.7424553 0.7526130 0.7341045 0.7759053 0.7847003 0.7299364 0.7441182 0.7444809 0.7468007 0.7396043 0.7543188 0.7742053 0.7413647 0.7507958 0.7671940 0.7315982 0.7420417 
1b.TR.HCV-TR1.AF483269       2.2122309 2.1695844 2.1927983 2.1995363 2.1886733 2.4076930 2.5619632 2.5220195 1.7820937 1.8184500 1.8164847 1.8273337 1.7866514 1.8606512 2.0363372 1.9649541 1.5268842 1.5103316 0.2037939 0.2151837 0.2072787 0.2008704 0.2199930 0.2095252 0.2075239 0.2064170 0.2055429 0.1938961 0.1918184 0.1799472 0.0000000 0.2094166 0.2050687 0.1906784 0.2000859 0.2209083 0.2079346 0.2099399 0.1976529 0.1980038 0.1932217 0.1922507 0.1910541 0.1887374 0.1937610 0.1872184 0.1879288 0.1863629 0.1838005 0.1871005 0.1821204 0.1885991 0.1859879 0.1743181 0.1781473 0.1898072 0.1677695 0.1684678 0.1797357 0.1823343 0.1856457 0.1660793 0.1802075 0.1772819 0.1685277 0.1778858 0.1739978 0.1626762 0.1535124 0.1673700 0.8321695 0.8189742 0.8080616 0.8252027 0.8380770 0.8215858 0.7979884 0.7930497 0.7968133 0.7451226 0.7578033 0.7531735 0.7614395 0.7416107 0.7510897 0.7148015 0.7677025 0.7766959 0.7397204 0.7253175 0.7470738 0.7372804 0.7258304 0.7476902 0.7546662 0.7402919 0.7419191 0.7538733 0.7248929 0.7311832 
1b.-.MD23.AF207764           2.1826797 2.1448870 2.1367455 2.2044528 2.2100926 2.4438089 2.4721820 2.4441044 1.8044701 1.8060726 1.8062893 1.8262923 1.8063468 1.9043377 2.0116182 1.9952996 1.5268077 1.5002724 0.1937849 0.2112661 0.2113025 0.1990012 0.2208762 0.2130779 0.2144175 0.2124415 0.2038209 0.1917657 0.1851086 0.1801055 0.2094166 0.0000000 0.1489443 0.1411644 0.1483258 0.1643634 0.1672607 0.1645402 0.1516728 0.1537035 0.1825754 0.1921394 0.1970216 0.1901423 0.1905610 0.1794669 0.1821715 0.1769814 0.1803106 0.1869655 0.1834063 0.1842964 0.1886616 0.1699221 0.1760767 0.1880867 0.1613132 0.1659256 0.1746767 0.1819640 0.1852185 0.1712078 0.1773316 0.1743210 0.1672686 0.1634485 0.1586663 0.1750890 0.1612198 0.1664171 0.8355865 0.8228143 0.8149504 0.8370641 0.8429393 0.8303482 0.8114336 0.8218416 0.8065822 0.7676936 0.7630530 0.7699314 0.7815002 0.7599322 0.7617125 0.7356562 0.7796751 0.7850904 0.7460720 0.7480292 0.7604159 0.7388797 0.7451945 0.7654518 0.7835499 0.7519371 0.7551237 0.7797060 0.7499262 0.7530927 
1b.-.JP1993068562-A_2.E04420 2.2519548 2.1798468 2.1952506 2.2033934 2.2281813 2.5128104 2.4945923 2.4772481 1.8191824 1.8367970 1.8470155 1.8503244 1.8332932 1.8998675 2.0375537 2.0032837 1.5187187 1.4987383 0.1958373 0.2145552 0.2092569 0.2025254 0.2200509 0.2098589 0.2095985 0.2124848 0.2001183 0.1957954 0.1873048 0.1790348 0.2050687 0.1489443 0.0000000 0.1341351 0.1404084 0.1515855 0.1703135 0.1669727 0.1542544 0.1564782 0.1871427 0.2021396 0.2004953 0.1867729 0.2001526 0.1885185 0.1812528 0.1812180 0.1845420 0.1800825 0.1860744 0.1868573 0.1917101 0.1704986 0.1750875 0.1845381 0.1698330 0.1623589 0.1753052 0.1862048 0.1841945 0.1735736 0.1740284 0.1807834 0.1694182 0.1738475 0.1630711 0.1811917 0.1644620 0.1662213 0.8334213 0.8158456 0.8256362 0.8208154 0.8240814 0.8313554 0.7989596 0.7996967 0.7950667 0.7688484 0.7833426 0.7610661 0.7733617 0.7633011 0.7608704 0.7373596 0.7761779 0.7897087 0.7393437 0.7500223 0.7506383 0.7447529 0.7390723 0.7601445 0.7772511 0.7518052 0.7532320 0.7661444 0.7348292 0.7434039 
1b.-.MD32.AF207773           2.2079296 2.1731067 2.1839812 2.2374559 2.2196906 2.4677862 2.4595616 2.4475280 1.7903245 1.8003058 1.7735081 1.8085530 1.7631511 1.9188846 2.0250745 1.9735284 1.5158482 1.4725188 0.1877201 0.2125549 0.2052959 0.1973033 0.2148758 0.2115625 0.2025962 0.2055902 0.1954091 0.1903389 0.1830429 0.1751551 0.1906784 0.1411644 0.1341351 0.0000000 0.1332876 0.1444767 0.1657709 0.1646365 0.1520598 0.1525294 0.1784728 0.1916874 0.1918744 0.1794068 0.1899219 0.1836290 0.1669631 0.1689944 0.1772508 0.1830182 0.1753578 0.1756472 0.1859286 0.1673229 0.1717007 0.1835804 0.1618669 0.1622032 0.1728491 0.1776702 0.1817819 0.1714621 0.1672414 0.1708171 0.1645603 0.1653833 0.1545259 0.1704409 0.1532908 0.1608927 0.8220833 0.7954512 0.7973351 0.8041502 0.8039694 0.8033483 0.7773939 0.7882359 0.7750893 0.7334986 0.7503202 0.7474244 0.7474307 0.7411370 0.7351603 0.7237011 0.7732642 0.7723597 0.7288786 0.7282724 0.7512329 0.7409413 0.7321336 0.7522802 0.7688885 0.7347325 0.7343700 0.7702814 0.7281464 0.7308102 
1b.-.MD30.AF207771           2.2249691 2.2105026 2.2110108 2.2309266 2.2230175 2.4408527 2.4190726 2.3747460 1.7498744 1.7550779 1.7410650 1.7721746 1.7362993 1.9231993 1.9988639 1.9530023 1.5098585 1.4867651 0.1944060 0.2211003 0.2131560 0.2054751 0.2181636 0.2096096 0.2083066 0.2119916 0.2097224 0.1971670 0.1862253 0.1772928 0.2000859 0.1483258 0.1404084 0.1332876 0.0000000 0.1206186 0.1685080 0.1637898 0.1525140 0.1532250 0.1886853 0.1912157 0.1905284 0.1871074 0.1929798 0.1864682 0.1805608 0.1780985 0.1852724 0.1909975 0.1838900 0.1840619 0.1888285 0.1687519 0.1785890 0.1869442 0.1660561 0.1666767 0.1789311 0.1814057 0.1836350 0.1726819 0.1796902 0.1777535 0.1668101 0.1686174 0.1572591 0.1757984 0.1636595 0.1647445 0.8294219 0.8123154 0.8129376 0.8271529 0.8296356 0.8111483 0.7982715 0.8100588 0.7995405 0.7569827 0.7675260 0.7490118 0.7532230 0.7390213 0.7421131 0.7410917 0.7827527 0.7880877 0.7368141 0.7354026 0.7403929 0.7470386 0.7347132 0.7474198 0.7795803 0.7413312 0.7596223 0.7646868 0.7409102 0.7378952 
1b.JP.MD1-0.AF165045         2.2621057 2.2309442 2.2363546 2.2496951 2.2433267 2.4254504 2.4328936 2.4317292 1.7970002 1.7868308 1.7970770 1.7971322 1.8049834 1.9541029 2.0467932 2.0446145 1.5415937 1.4806153 0.2060247 0.2303216 0.2245065 0.2212560 0.2366712 0.2228584 0.2218898 0.2207217 0.2209923 0.2094858 0.1945628 0.1984420 0.2209083 0.1643634 0.1515855 0.1444767 0.1206186 0.0000000 0.1815014 0.1738008 0.1641936 0.1658014 0.1968353 0.2094617 0.2077925 0.2015871 0.2043987 0.2031122 0.1903277 0.1871969 0.2009465 0.2017459 0.1982443 0.1941191 0.2038744 0.1819777 0.1868429 0.1957517 0.1760463 0.1819766 0.1912828 0.2001922 0.2012124 0.1868641 0.1935393 0.1899952 0.1806395 0.1831934 0.1711689 0.1945142 0.1796537 0.1758563 0.8380128 0.8190323 0.8211351 0.8318806 0.8284907 0.8327646 0.8172482 0.8142690 0.8058004 0.7617648 0.7746566 0.7670671 0.7778724 0.7651867 0.7606402 0.7510111 0.7945665 0.7985748 0.7450906 0.7564863 0.7673834 0.7601711 0.7597256 0.7644660 0.7772460 0.7618319 0.7699322 0.7832826 0.7536158 0.7452282 
1b.-.D89815.D89815           2.2383056 2.1656535 2.1910109 2.1922263 2.1951516 2.4572532 2.4874120 2.5084917 1.7841508 1.7897574 1.7958274 1.8274864 1.7713823 1.9727361 1.9928383 1.9774380 1.4859385 1.5235144 0.2055344 0.2365557 0.2190187 0.2139492 0.2301762 0.2245193 0.2173765 0.2210505 0.2118685 0.2092800 0.1977368 0.1919762 0.2079346 0.1672607 0.1703135 0.1657709 0.1685080 0.1815014 0.0000000 0.1196460 0.1034370 0.1050834 0.1961132 0.2107422 0.2146389 0.1964112 0.1967963 0.1964356 0.1849908 0.1903139 0.1952354 0.2000001 0.1918693 0.1862129 0.2027938 0.1774295 0.1848559 0.1952904 0.1736208 0.1768955 0.1876973 0.1899144 0.1946380 0.1885013 0.1803244 0.1858923 0.1762368 0.1780939 0.1686857 0.1882399 0.1631773 0.1761977 0.8296385 0.8130125 0.8095286 0.8100026 0.8163296 0.8203747 0.7978332 0.7961515 0.8005888 0.7561936 0.7680663 0.7451710 0.7641708 0.7592503 0.7496026 0.7244840 0.7814103 0.7843239 0.7347995 0.7385294 0.7498213 0.7454888 0.7379378 0.7555675 0.7598013 0.7493149 0.7416447 0.7611133 0.7312887 0.7281949 
1b.-.HPCPP.D30613            2.2658467 2.1988135 2.2006170 2.2500908 2.2468115 2.4234747 2.4905533 2.5237964 1.7898156 1.8053171 1.7950012 1.8077856 1.7814580 1.9401987 1.9887798 1.9555623 1.5231389 1.5282182 0.2045630 0.2260976 0.2142005 0.2080226 0.2254240 0.2173689 0.2143381 0.2233668 0.2071524 0.1990588 0.1949675 0.1924916 0.2099399 0.1645402 0.1669727 0.1646365 0.1637898 0.1738008 0.1196460 0.0000000 0.0159846 0.0131065 0.1907871 0.2082026 0.2027668 0.1914814 0.1999518 0.1904679 0.1842292 0.1847405 0.1929591 0.1958191 0.1947801 0.1915633 0.1986129 0.1786941 0.1881691 0.1929853 0.1700273 0.1743682 0.1825967 0.1849946 0.1883167 0.1856442 0.1802629 0.1793616 0.1739387 0.1743309 0.1643603 0.1896984 0.1612780 0.1691477 0.8147020 0.7985248 0.8201844 0.8183769 0.8177368 0.8068913 0.7886963 0.8084479 0.7921027 0.7533674 0.7750357 0.7537534 0.7598331 0.7508846 0.7309001 0.7183403 0.7619099 0.7910716 0.7293568 0.7267086 0.7359962 0.7447490 0.7305024 0.7508365 0.7547407 0.7344042 0.7501913 0.7541061 0.7224166 0.7182527 
