100
02A1.GH.97.97GH_AG2.AB052867           0.0000000 0.3418611 0.4412412 0.5066399 0.5543432 0.5827747 0.6107631 0.5432554 0.5333350 0.5537635 0.5557828 0.5045606 0.5059357 0.5659297 0.8134955 0.7649151 0.8298853 0.7688467 0.7926133 0.8068810 0.8094452 0.7677408 0.8154432 0.8480566 0.9217867 0.9010626 0.7395905 0.7797930 0.7886900 0.7501288 0.7662457 0.5612554 0.5937468 0.6172649 0.6397702 0.7759916 0.6156242 0.6308177 0.7064473 0.6117397 0.6425212 0.7506973 0.8067061 0.5193229 0.5188058 0.4856870 0.4357689 0.7552487 0.7568326 0.7814210 0.8066900 0.7890607 0.8416242 0.8231064 0.7271210 0.7644472 0.7578144 0.7565689 0.7467218 0.7662947 0.7333039 0.7011277 0.7478779 0.8114635 0.7862141 0.7615261 0.7854366 0.7960473 0.7712452 0.7591584 0.7923974 0.7636562 0.7565201 0.7236786 0.7137222 0.7817363 1.0139561 0.8287999 0.7513613 0.7956315 0.7948322 0.7265544 0.7472500 0.6804584 0.6520629 0.6246358 0.7266791 0.5895372 0.4782271 0.4018865 0.3820634 0.5077358 0.3366641 0.3403275 0.3573592 0.4128189 1.7541867 1.7957899 1.7444560 2.5375345 
02A.CI.16.DEURF16CI011.MH078538        0.3418611 0.0000000 0.4967744 0.5622929 0.6109879 0.6413575 0.6530332 0.5962343 0.5915213 0.6073902 0.6137927 0.5644032 0.5651993 0.6207780 0.8837749 0.8187222 0.8844325 0.8422615 0.8696974 0.8574269 0.8609664 0.8440801 0.8660248 0.9303399 1.0004513 0.9765105 0.8184800 0.8360423 0.8307511 0.8107568 0.8372136 0.5851319 0.6637881 0.6628358 0.7082931 0.8271098 0.6852132 0.6984072 0.7639593 0.6835811 0.6986337 0.8202707 0.8729530 0.5761437 0.5771175 0.5239227 0.4908544 0.7900925 0.7963337 0.8388662 0.8640793 0.8512467 0.9033138 0.8487035 0.7737648 0.8286125 0.8033941 0.8187044 0.7966259 0.8238107 0.7891612 0.7475940 0.8145273 0.8691251 0.8444187 0.8209324 0.8271520 0.8159941 0.8095914 0.8129025 0.8385014 0.8018935 0.8135900 0.7833616 0.7808389 0.8411456 1.0901663 0.8613494 0.8092033 0.8594979 0.8499184 0.7646358 0.7759381 0.7419791 0.7060645 0.6612762 0.7865857 0.6369092 0.5342854 0.4618260 0.4327292 0.5683265 0.3878314 0.3813760 0.4143340 0.4674912 1.7669979 1.8500932 1.7997981 2.6140427 
AGU.CM.06.770_8.MH705142               0.4412412 0.4967744 0.0000000 0.5100916 0.5733211 0.5920725 0.5975339 0.5709270 0.5584689 0.5931855 0.5764041 0.5276081 0.5185067 0.6070648 0.8617695 0.8021657 0.8642622 0.8251164 0.8347836 0.8557553 0.8471732 0.7971596 0.8536452 0.9042425 0.9649660 0.9451986 0.7846971 0.8227696 0.8144357 0.7917393 0.7821036 0.5638000 0.6404731 0.6650729 0.6705439 0.8039871 0.6637884 0.6689266 0.7370299 0.6665410 0.6714995 0.8029429 0.8743283 0.5615036 0.5544977 0.4968400 0.4708446 0.7793541 0.7674126 0.8245049 0.8340372 0.8160733 0.8686483 0.8284430 0.7585683 0.8097072 0.7920243 0.8155201 0.8183082 0.8225257 0.7927222 0.7414604 0.7939991 0.8605912 0.8192978 0.8074966 0.8305033 0.8217498 0.8266979 0.7837547 0.8280023 0.7953501 0.7868421 0.7688110 0.7629368 0.8322044 1.0679932 0.8498936 0.7943668 0.8500456 0.8412259 0.7592605 0.7626960 0.7308422 0.7045905 0.6550527 0.7681729 0.6229353 0.5588283 0.4886059 0.4679370 0.6326383 0.4488898 0.4402266 0.4879230 0.5391343 1.8550601 1.9487217 1.9688074 2.7016377 
G.NG.92.92NG083_JV10832.U88826         0.5066399 0.5622929 0.5100916 0.0000000 0.3432187 0.3824881 0.3842424 0.6435521 0.6298597 0.6755147 0.6570303 0.6183622 0.6051480 0.6729581 0.9019111 0.8757933 0.9473153 0.8965123 0.9088644 0.9363161 0.9186943 0.8658433 0.9249780 0.9368177 1.0105509 1.0311224 0.8558755 0.8823244 0.8850837 0.8717367 0.8643357 0.6543077 0.7114506 0.7277805 0.7529642 0.8616092 0.7414957 0.7512136 0.8103107 0.7320426 0.7284896 0.8313693 0.9336765 0.6436120 0.6269200 0.5783322 0.5426208 0.8604316 0.8606340 0.9073895 0.9288773 0.9019129 0.9640202 0.9234946 0.8554453 0.9049154 0.8760664 0.8939519 0.8824910 0.9287597 0.8728399 0.8098372 0.8749280 0.9480492 0.9117597 0.8730511 0.9138747 0.9005498 0.8918708 0.8725519 0.9160425 0.8856189 0.8557677 0.8588568 0.8133988 0.9145281 1.1639476 0.9551991 0.8810512 0.9223803 0.9134877 0.8415732 0.8304217 0.8036421 0.7530113 0.7164826 0.8300443 0.6965439 0.6252853 0.5549382 0.5365299 0.7086711 0.5315330 0.5174188 0.5478638 0.6144406 1.9897594 2.0143056 2.0158976 2.7585702 
G.NG.09.09NG010261.KX389626            0.5543432 0.6109879 0.5733211 0.3432187 0.0000000 0.4375366 0.4571331 0.6954241 0.6911326 0.7136478 0.7197377 0.6666677 0.6672923 0.7362648 1.0030459 0.9332503 1.0304234 0.9712708 0.9908395 0.9996455 1.0092562 0.9500073 0.9948571 1.0329509 1.0905950 1.0932870 0.9218203 0.9446235 0.9224031 0.9272663 0.9426511 0.7313671 0.7630457 0.7743754 0.8086407 0.9321288 0.7907154 0.8070668 0.8784497 0.7819626 0.7904643 0.8833340 0.9787710 0.6918720 0.6676479 0.6270384 0.5946537 0.9010585 0.8994951 0.9261567 0.9701447 0.9590576 0.9924481 0.9833250 0.8939909 0.9583246 0.9283393 0.9410880 0.9303379 0.9308489 0.9158793 0.8583552 0.9195747 0.9953691 0.9344933 0.9091501 0.9370576 0.9432619 0.9363226 0.9103464 0.9455032 0.9180208 0.8975446 0.8978460 0.9034595 0.9416855 1.1856262 0.9672934 0.8963599 0.9574572 0.9408618 0.8747811 0.8739782 0.8666241 0.8056413 0.7629881 0.8688064 0.7350198 0.6702360 0.6143838 0.5909227 0.7395961 0.5729485 0.5724295 0.6072295 0.6673847 2.0082065 2.0437546 2.0199038 2.8084049 
01F2G.CM.02.LT31.JN864056              0.5827747 0.6413575 0.5920725 0.3824881 0.4375366 0.0000000 0.3936916 0.7160933 0.7089396 0.7430968 0.7487923 0.6905294 0.6764554 0.7750588 1.0339925 0.9504574 1.0330996 0.9939929 0.9834693 1.0172767 1.0313595 0.9428786 1.0254034 1.0495144 1.0963247 1.1184858 0.9469672 0.9690856 0.9671847 0.9350964 0.9415260 0.7288312 0.7998585 0.8122132 0.8291760 0.9511526 0.8232726 0.8280788 0.8985259 0.8162873 0.8136171 0.9231807 0.9951200 0.7071744 0.7089738 0.6569058 0.6166177 0.9434165 0.9473214 0.9710710 1.0041818 0.9915127 1.0248638 1.0057608 0.9437837 0.9805917 0.9609458 0.9905612 0.9634640 0.9589722 0.9407655 0.8800355 0.9481276 0.9953250 0.9975247 0.9486448 0.9873652 0.9745615 0.9608627 0.9441293 0.9707585 0.9664916 0.9521599 0.9402142 0.9228322 0.9923573 1.2468366 1.0298097 0.9402553 0.9872583 0.9930556 0.9001184 0.9125715 0.8885426 0.8348330 0.8066521 0.9333738 0.7611653 0.6994285 0.6393835 0.6303663 0.7873370 0.6098641 0.6051657 0.6367909 0.6790516 2.0457227 2.0971181 2.1324246 2.8088287 
BCG.ES.15.100_119.KY496623             0.6107631 0.6530332 0.5975339 0.3842424 0.4571331 0.3936916 0.0000000 0.7334981 0.7080716 0.7689295 0.7456009 0.7099454 0.7105909 0.7689791 1.0007694 0.9705038 1.0293918 0.9899886 0.9851253 1.0336311 0.9973149 0.9540285 1.0072686 1.0365363 1.0962799 1.1078768 0.9531511 0.9686579 0.9801836 0.9304723 0.9609972 0.7571048 0.7897384 0.8179823 0.8489369 0.9597890 0.8137787 0.8370142 0.8927690 0.8122057 0.8261247 0.9308551 1.0268546 0.7276717 0.6947907 0.6689217 0.6364648 0.9547644 0.9597366 1.0029176 1.0416439 1.0031332 1.0538162 1.0082224 0.9359930 0.9846729 0.9587538 0.9811896 0.9571585 0.9747006 0.9470437 0.8833658 0.9327260 1.0463610 0.9987106 0.9347372 0.9773198 0.9829635 0.9767746 0.9620354 0.9811885 0.9554798 0.9537038 0.9321750 0.9259315 1.0080459 1.2058148 1.0471154 0.9546402 1.0223303 1.0087440 0.9335032 0.9201047 0.9112138 0.8522311 0.8125748 0.9092239 0.7721637 0.7245151 0.6582903 0.6411491 0.7824344 0.6143024 0.6102920 0.6442951 0.6973669 2.1050685 2.1260965 2.1083245 2.7671379 
A1.KE.06.06KECst_028.FJ623479          0.5432554 0.5962343 0.5709270 0.6435521 0.6954241 0.7160933 0.7334981 0.0000000 0.3184698 0.3972039 0.4232082 0.3712453 0.3892206 0.4763851 0.7256933 0.6982435 0.7565519 0.7003312 0.6981335 0.7256241 0.7153656 0.6734310 0.7118053 0.7744716 0.8299671 0.8086599 0.6607151 0.6773283 0.6941467 0.6631091 0.6721381 0.4506075 0.5612349 0.5572665 0.5938402 0.7498700 0.5694827 0.5862063 0.6699408 0.5739899 0.5926326 0.6958728 0.7728607 0.4894449 0.4646062 0.4277066 0.4879199 0.8383695 0.8534264 0.8853922 0.8966629 0.8910866 0.9571916 0.8944179 0.8179084 0.8830969 0.8568124 0.8490929 0.8696216 0.8739500 0.8402289 0.7910830 0.8561195 0.9182777 0.9085342 0.8478129 0.8851482 0.8531792 0.8871886 0.8402718 0.8728991 0.8720627 0.8341537 0.8330380 0.8257820 0.8811191 1.1320986 0.9224294 0.8326915 0.9143233 0.8685076 0.8142542 0.8301201 0.7756718 0.7367802 0.6986903 0.8128750 0.6796791 0.6596594 0.6030308 0.5782602 0.7331030 0.5504109 0.5625323 0.5981171 0.6416739 1.9459527 2.0531703 1.9272342 2.7840918 
A1.KE.06.06KECst_013.FJ623485          0.5333350 0.5915213 0.5584689 0.6298597 0.6911326 0.7089396 0.7080716 0.3184698 0.0000000 0.3887437 0.4107721 0.3614972 0.3840579 0.4659023 0.7061960 0.6623264 0.7405999 0.7029506 0.6958097 0.7163722 0.7020815 0.6808572 0.7154519 0.7761499 0.8355672 0.8219879 0.6566171 0.6889582 0.7061268 0.6467191 0.6612961 0.4360977 0.5475658 0.5690410 0.6018872 0.7416688 0.5808632 0.5950459 0.6561125 0.5681118 0.6007217 0.7076598 0.7872465 0.4665046 0.4668094 0.4084984 0.4835912 0.8313960 0.8611144 0.8860932 0.8994828 0.9062103 0.9537343 0.9050656 0.8286518 0.8997281 0.8741929 0.8578848 0.8674939 0.8761247 0.8375361 0.7980862 0.8423499 0.9369993 0.8892800 0.8663854 0.8777125 0.8467592 0.8718182 0.8443055 0.8797164 0.8479673 0.8438114 0.8250434 0.8207522 0.9004398 1.1192448 0.9059582 0.8354116 0.9019476 0.8711805 0.7983302 0.8086471 0.7746969 0.7311570 0.7140586 0.8006100 0.6663511 0.6481175 0.5996718 0.5705159 0.7381627 0.5453460 0.5442243 0.6021523 0.6184217 2.0077074 2.0756225 2.0094716 2.8417558 
35_AD.AF.06.007H.GQ477450              0.5537635 0.6073902 0.5931855 0.6755147 0.7136478 0.7430968 0.7689295 0.3972039 0.3887437 0.0000000 0.4368801 0.3924679 0.4029985 0.4847043 0.7400692 0.6956827 0.7597137 0.7320655 0.7378666 0.7512943 0.7356617 0.6938054 0.7482358 0.8108264 0.8664210 0.8204869 0.6740746 0.7276731 0.7191389 0.6895041 0.6811783 0.4523406 0.5638523 0.5715511 0.6006899 0.7690424 0.5880816 0.5932559 0.6777581 0.5876672 0.6034932 0.7036377 0.7798995 0.4968879 0.4808394 0.4299917 0.5020506 0.8312659 0.8625362 0.8936223 0.9411363 0.9196535 0.9772889 0.9008061 0.8442197 0.8861519 0.8712495 0.8796436 0.9004263 0.8843735 0.8642256 0.8116391 0.8747190 0.9414216 0.8886503 0.8724524 0.8959415 0.8842929 0.9056254 0.8647660 0.9050668 0.9046533 0.8689454 0.8617902 0.8446483 0.9088316 1.1471038 0.9251032 0.8679458 0.9517358 0.8993662 0.8352200 0.8474825 0.7953251 0.7606407 0.7362926 0.8450678 0.7025912 0.6662568 0.5986245 0.5783660 0.7440856 0.5796302 0.5690685 0.6224324 0.6553244 1.9883642 2.0368902 1.9722119 2.8546212 
A1.CY.07.CY208.JF683760                0.5557828 0.6137927 0.5764041 0.6570303 0.7197377 0.7487923 0.7456009 0.4232082 0.4107721 0.4368801 0.0000000 0.2402155 0.4150292 0.4890032 0.7378420 0.7126973 0.7733604 0.7300751 0.7386424 0.7421039 0.7235071 0.7047701 0.7502589 0.8128743 0.8643331 0.8407129 0.6829848 0.7198096 0.7382121 0.6886089 0.7048135 0.4671242 0.5733517 0.5740156 0.6190483 0.7571767 0.5989604 0.6026992 0.6762050 0.5980593 0.6110463 0.7159199 0.7989674 0.4988514 0.4793968 0.4568518 0.5012715 0.8385684 0.8604070 0.8765845 0.9120100 0.8905142 0.9330494 0.9093795 0.8411238 0.8962030 0.8616549 0.8580027 0.8771828 0.8811163 0.8555612 0.8041098 0.8561999 0.9314905 0.8924680 0.8486257 0.8782879 0.8683885 0.8654612 0.8500912 0.8967420 0.8399363 0.8485862 0.8317417 0.8152322 0.8920477 1.1274490 0.9210091 0.8521429 0.8943534 0.8684260 0.8180799 0.8299966 0.8020354 0.7595008 0.7321120 0.8285199 0.6957642 0.6539278 0.6109258 0.5662068 0.7514506 0.5703365 0.5706976 0.5926264 0.6621679 2.0248529 2.1210302 2.0152941 2.7690931 
A1.CY.05.CY051.FJ388903                0.5045606 0.5644032 0.5276081 0.6183622 0.6666677 0.6905294 0.7099454 0.3712453 0.3614972 0.3924679 0.2402155 0.0000000 0.3605628 0.4466598 0.6767608 0.6640509 0.7470647 0.6675733 0.6902005 0.6896054 0.6842278 0.6402290 0.6872226 0.7469539 0.8088244 0.7829095 0.6385249 0.6729711 0.6809132 0.6340392 0.6605321 0.4171920 0.5156844 0.5267603 0.5694329 0.6878458 0.5393141 0.5485282 0.6146824 0.5430409 0.5514327 0.6672732 0.7430438 0.4500460 0.4271985 0.3946301 0.4569748 0.8120652 0.8196797 0.8426778 0.8730580 0.8436601 0.9146723 0.8739300 0.8187721 0.8539699 0.8308144 0.8388463 0.8373525 0.8399580 0.8009385 0.7732389 0.8181504 0.8850450 0.8629549 0.8287598 0.8551906 0.8374648 0.8536507 0.8162562 0.8639396 0.8207165 0.8235958 0.8037628 0.7970693 0.8743475 1.0917321 0.8827355 0.8092105 0.8581307 0.8372296 0.7968217 0.7850702 0.7677095 0.7200309 0.6822767 0.7518507 0.6555120 0.6161404 0.5690728 0.5335849 0.7088637 0.5216678 0.5203450 0.5520138 0.5992552 1.9293890 1.9749906 1.9692344 2.7589913 
A1.UG.11.DEMA110UG001.KF859745         0.5059357 0.5651993 0.5185067 0.6051480 0.6672923 0.6764554 0.7105909 0.3892206 0.3840579 0.4029985 0.4150292 0.3605628 0.0000000 0.4499699 0.7070407 0.6622746 0.7374842 0.6704237 0.6748536 0.6896612 0.6933936 0.6447243 0.7013914 0.7574427 0.8117168 0.8051139 0.6404615 0.6626716 0.6756403 0.6458634 0.6567167 0.4180931 0.5341724 0.5422825 0.5863103 0.7299886 0.5551014 0.5691115 0.6359674 0.5455503 0.5777818 0.6743345 0.7566529 0.4534460 0.4432921 0.3920581 0.4482515 0.8019558 0.8211944 0.8515460 0.8628653 0.8589371 0.8943384 0.8496676 0.7876878 0.8249819 0.8279744 0.8389744 0.8111703 0.8393720 0.8089383 0.7674473 0.8262890 0.8923057 0.8504457 0.8070512 0.8473475 0.8265837 0.8351353 0.8218417 0.8491543 0.8278441 0.8116111 0.7963782 0.7851693 0.8444977 1.1097610 0.8786143 0.8003672 0.8534517 0.8545674 0.7682608 0.7758860 0.7434716 0.7146702 0.6592481 0.7924024 0.6552621 0.6033651 0.5465494 0.5279563 0.6980543 0.5182326 0.5146602 0.5595547 0.6005877 1.9311892 2.0193035 1.9400472 2.8625984 
A1C.UG.99.99UGF25926.AF484491          0.5659297 0.6207780 0.6070648 0.6729581 0.7362648 0.7750588 0.7689791 0.4763851 0.4659023 0.4847043 0.4890032 0.4466598 0.4499699 0.0000000 0.6000379 0.5687228 0.6522030 0.6171277 0.6219537 0.6308178 0.6216721 0.5849541 0.6213226 0.6684619 0.7247301 0.7229078 0.5600037 0.6093317 0.6050031 0.5439229 0.5907068 0.4735898 0.5840778 0.6011992 0.6257178 0.7792429 0.6145477 0.6251935 0.6869299 0.6100741 0.6265560 0.7292595 0.7996383 0.5063812 0.4956715 0.4619007 0.5343306 0.8723722 0.9087255 0.9311993 0.9402617 0.9377964 0.9879608 0.9290712 0.8635082 0.9154332 0.9024224 0.9078478 0.8852238 0.9288892 0.8779584 0.8354324 0.8828123 0.9549169 0.9192279 0.8872250 0.9050272 0.8882551 0.9049128 0.8956668 0.9247872 0.8977278 0.8763362 0.8696935 0.8533500 0.9233585 1.2012750 0.9332103 0.8659336 0.9146509 0.9207926 0.8441097 0.8732812 0.8114008 0.7766932 0.7380607 0.8588011 0.7046999 0.6967255 0.6230594 0.6055833 0.7431291 0.5886349 0.5701112 0.6194878 0.6716154 1.9884796 2.0489812 2.0607806 2.8266548 
A1C.IN.15.SC017.KY713232               0.8134955 0.8837749 0.8617695 0.9019111 1.0030459 1.0339925 1.0007694 0.7256933 0.7061960 0.7400692 0.7378420 0.6767608 0.7070407 0.6000379 0.0000000 0.6265458 0.6805183 0.6283247 0.6571655 0.6685497 0.6473034 0.6230327 0.6649703 0.7118554 0.7666160 0.7705486 0.5769043 0.6250384 0.6346525 0.5814319 0.6078355 0.7110264 0.8348308 0.8491102 0.8877483 1.0191732 0.8520495 0.8660619 0.9100599 0.8651736 0.8669944 0.9853367 1.0392039 0.7620074 0.7485964 0.7160419 0.7809049 1.1179208 1.1180032 1.1580883 1.1940903 1.1475285 1.2461756 1.1833606 1.1081804 1.1572155 1.1515765 1.1294651 1.1250156 1.1402687 1.1421521 1.0939804 1.1320793 1.1861612 1.1535722 1.1429612 1.1519376 1.1440101 1.1394050 1.1146770 1.1614693 1.1061874 1.1132046 1.1000939 1.0996773 1.1511809 1.4042460 1.1765273 1.1195803 1.1674740 1.1425274 1.0998697 1.1017323 1.0454002 1.0238895 0.9846667 1.0990780 0.9484142 0.9491222 0.8694246 0.8476460 0.9926474 0.8358797 0.8406199 0.8673212 0.9271472 2.1245357 2.2379119 2.2543265 3.1243528 
C.IL.99.99ET14.AY255825                0.7649151 0.8187222 0.8021657 0.8757933 0.9332503 0.9504574 0.9705038 0.6982435 0.6623264 0.6956827 0.7126973 0.6640509 0.6622746 0.5687228 0.6265458 0.0000000 0.4396449 0.4124433 0.4330995 0.4556208 0.4316816 0.3881120 0.4384864 0.5083075 0.5600903 0.5322889 0.3673712 0.4139763 0.4111923 0.3728926 0.3850954 0.6829353 0.7955203 0.8248864 0.8323191 0.9941518 0.8185343 0.8213209 0.8996439 0.8226599 0.8296648 0.9459055 1.0073472 0.7213682 0.7174622 0.6833357 0.7451395 1.0648720 1.0848287 1.1161585 1.1388866 1.1480603 1.2037316 1.1439368 1.0736340 1.1280958 1.0989991 1.1148025 1.0711241 1.1301257 1.0995229 1.0449431 1.1076390 1.1762179 1.1521040 1.0888798 1.1231814 1.1149102 1.1269538 1.1234689 1.1080166 1.1087505 1.1173471 1.0617440 1.0905421 1.1274030 1.3807180 1.1613254 1.0887762 1.1521385 1.1480301 1.0702048 1.0714473 1.0370987 1.0184948 0.9730424 1.0744080 0.9101680 0.8998661 0.8211870 0.8106478 0.9759993 0.7920580 0.7871481 0.8249161 0.8907963 2.2125124 2.2860891 2.2277050 3.0103625 
C.SE.09.035ZA.MF373148                 0.8298853 0.8844325 0.8642622 0.9473153 1.0304234 1.0330996 1.0293918 0.7565519 0.7405999 0.7597137 0.7733604 0.7470647 0.7374842 0.6522030 0.6805183 0.4396449 0.0000000 0.4865258 0.4936513 0.5146256 0.4854830 0.4707868 0.4961055 0.5809015 0.6207165 0.5944832 0.4377679 0.4766492 0.4858732 0.4432588 0.4513227 0.7667635 0.8655785 0.8850022 0.8984040 1.0460895 0.8929595 0.8974692 0.9603436 0.8990839 0.8898024 1.0099661 1.0805303 0.7941183 0.7844621 0.7545065 0.7916639 1.1382837 1.1548499 1.2173660 1.2328547 1.2226326 1.2614390 1.2217992 1.1401417 1.1732497 1.1912684 1.1742423 1.1582580 1.1957471 1.1784575 1.1143981 1.1474745 1.2667963 1.2363062 1.1832544 1.1925523 1.1880493 1.1929879 1.1812004 1.2196851 1.1669239 1.1572288 1.1480406 1.1561556 1.2096149 1.4015720 1.2095442 1.1662650 1.2018258 1.2138633 1.1393406 1.1687803 1.0877844 1.0666699 1.0383270 1.1570643 1.0037835 1.0087941 0.9121246 0.8793968 1.0434827 0.8781789 0.8698445 0.8944704 0.9479159 2.2636714 2.3711089 2.3051489 3.1067431 
C.ZA.04.04ZASK135B1.DQ011166           0.7688467 0.8422615 0.8251164 0.8965123 0.9712708 0.9939929 0.9899886 0.7003312 0.7029506 0.7320655 0.7300751 0.6675733 0.6704237 0.6171277 0.6283247 0.4124433 0.4865258 0.0000000 0.3122379 0.3343524 0.3622958 0.3347354 0.3762519 0.4484366 0.4965990 0.4666920 0.3306477 0.4085387 0.4095459 0.3626982 0.3822756 0.7074216 0.8190097 0.8384514 0.8548452 1.0056977 0.8495377 0.8397394 0.9135909 0.8321871 0.8442576 0.9731044 1.0344906 0.7496464 0.7402087 0.7000467 0.7683073 1.0626286 1.0994074 1.1611819 1.1608536 1.1630949 1.1771131 1.1508071 1.0722930 1.1128403 1.1011029 1.1204282 1.0732175 1.1322199 1.0854254 1.0342484 1.1036244 1.1610137 1.1647164 1.1112368 1.1417370 1.1483449 1.1586382 1.1027845 1.1278112 1.1255105 1.0992827 1.0717912 1.0951706 1.1295215 1.3658843 1.1850685 1.0867380 1.1157437 1.1371245 1.0873994 1.0647448 1.0577677 1.0173631 0.9694340 1.0919711 0.9367336 0.9139717 0.8427161 0.8227615 0.9711491 0.8159773 0.7935307 0.8283946 0.8915963 2.1585862 2.2827619 2.2126948 3.0946751 
C.ZA.03.03ZAPS130MB1.DQ275658          0.7926133 0.8696974 0.8347836 0.9088644 0.9908395 0.9834693 0.9851253 0.6981335 0.6958097 0.7378666 0.7386424 0.6902005 0.6748536 0.6219537 0.6571655 0.4330995 0.4936513 0.3122379 0.0000000 0.2784006 0.3680801 0.3347862 0.3846264 0.4525887 0.5110572 0.4878996 0.3372058 0.4149069 0.4172937 0.3792896 0.3895300 0.7165785 0.8290549 0.8452502 0.8710080 1.0096965 0.8396074 0.8390493 0.9266709 0.8594397 0.8520465 0.9666041 1.0564692 0.7460969 0.7507763 0.7132242 0.7571291 1.0777919 1.1402530 1.1362756 1.1712970 1.1683055 1.1921127 1.1720873 1.1058770 1.1357221 1.1420766 1.1176791 1.1024828 1.1336009 1.1170369 1.0569003 1.1250909 1.2118104 1.1934203 1.1582349 1.1558323 1.1384174 1.1570582 1.1226866 1.1525360 1.1430233 1.1310627 1.1064238 1.1147604 1.1449005 1.4103127 1.1966862 1.1209706 1.1671099 1.1422108 1.1023190 1.1017471 1.0425388 1.0091727 0.9866926 1.1001836 0.9497275 0.9396606 0.8715798 0.8250289 0.9750497 0.8418432 0.8082999 0.8481551 0.9168554 2.2108748 2.3407201 2.2597508 3.0638957 
C.ZA.97.97ZA012.AF286227               0.8068810 0.8574269 0.8557553 0.9363161 0.9996455 1.0172767 1.0336311 0.7256241 0.7163722 0.7512943 0.7421039 0.6896054 0.6896612 0.6308178 0.6685497 0.4556208 0.5146256 0.3343524 0.2784006 0.0000000 0.3833947 0.3639452 0.4006993 0.4827701 0.5155726 0.5069955 0.3596134 0.4390588 0.4413415 0.4041312 0.4002711 0.7265080 0.8616332 0.8800812 0.8726853 1.0646684 0.8692461 0.8695227 0.9529322 0.8704133 0.8891629 0.9976230 1.0700038 0.7692640 0.7644443 0.7230234 0.7822873 1.1029676 1.1525305 1.1715695 1.1777492 1.2059669 1.2186192 1.1564535 1.1133847 1.1598663 1.1444999 1.1439334 1.1360697 1.1637496 1.1533001 1.0722523 1.1209023 1.2123061 1.1951244 1.1513014 1.1876485 1.1879348 1.1798088 1.1630839 1.1581331 1.1687569 1.1376126 1.1228793 1.1266420 1.1684761 1.4302167 1.2024216 1.1180959 1.1896299 1.1512394 1.0868500 1.1327169 1.0652523 1.0242105 0.9794772 1.1006282 0.9277047 0.9642939 0.8942898 0.8625580 1.0185814 0.8407441 0.8351355 0.8634992 0.9221913 2.2084564 2.3334284 2.3394680 3.0615060 
C.BW.98.98BWMC14A3.AF443078            0.8094452 0.8609664 0.8471732 0.9186943 1.0092562 1.0313595 0.9973149 0.7153656 0.7020815 0.7356617 0.7235071 0.6842278 0.6933936 0.6216721 0.6473034 0.4316816 0.4854830 0.3622958 0.3680801 0.3833947 0.0000000 0.3358481 0.3766371 0.4505467 0.5115983 0.4974941 0.3364819 0.4182941 0.4133445 0.3782282 0.3912589 0.7326081 0.8437444 0.8572757 0.9099432 1.0128079 0.8722036 0.8621146 0.9538503 0.8725420 0.8947793 0.9816118 1.0263735 0.7710633 0.7628941 0.7344585 0.7754968 1.1383475 1.1663879 1.1568255 1.1985873 1.1987956 1.2388422 1.1939294 1.1348454 1.1813490 1.1549923 1.1800708 1.1305230 1.1887426 1.1584987 1.1068603 1.1410375 1.2042871 1.1776506 1.1604718 1.1745754 1.1555407 1.1763126 1.1399040 1.1902848 1.1802617 1.1370830 1.1245340 1.1463182 1.1937821 1.4079718 1.2230416 1.1389726 1.1786730 1.1880191 1.1078119 1.1378007 1.0583225 1.0276568 1.0043693 1.1024514 0.9889839 0.9504262 0.8761569 0.8602029 0.9834303 0.8259007 0.8154940 0.8607354 0.9143139 2.1950844 2.2866527 2.1841885 2.9466095 
C.ZA.99.99ZALT4.EU293444               0.7677408 0.8440801 0.7971596 0.8658433 0.9500073 0.9428786 0.9540285 0.6734310 0.6808572 0.6938054 0.7047701 0.6402290 0.6447243 0.5849541 0.6230327 0.3881120 0.4707868 0.3347354 0.3347862 0.3639452 0.3358481 0.0000000 0.3011301 0.4181278 0.4640315 0.4458171 0.2951015 0.3847100 0.3845337 0.3393453 0.3433427 0.6904339 0.7850910 0.8225245 0.8412523 0.9670049 0.8250264 0.8356352 0.9015231 0.8403771 0.8432764 0.9364274 1.0035866 0.7185630 0.7101949 0.6682746 0.7370499 1.0399639 1.0644216 1.1304722 1.1301587 1.1280141 1.1822879 1.1369461 1.0420743 1.1118439 1.1041959 1.1207480 1.0771779 1.1052605 1.0759322 1.0195019 1.0653699 1.1613064 1.1168914 1.1092613 1.1271358 1.1003469 1.1071932 1.0641738 1.0971321 1.0622362 1.0606835 1.0605881 1.0584410 1.1109181 1.3748057 1.1417122 1.0615429 1.1076162 1.0958712 1.0458546 1.0502435 1.0180793 0.9819346 0.9649344 1.0593435 0.8904769 0.9154701 0.8355201 0.7986092 0.9599051 0.8080125 0.7893102 0.8318488 0.9053824 2.1635659 2.2661462 2.1671907 2.9646411 
C.ZA.02.02ZAPS015MB1.DQ369995          0.8154432 0.8660248 0.8536452 0.9249780 0.9948571 1.0254034 1.0072686 0.7118053 0.7154519 0.7482358 0.7502589 0.6872226 0.7013914 0.6213226 0.6649703 0.4384864 0.4961055 0.3762519 0.3846264 0.4006993 0.3766371 0.3011301 0.0000000 0.4680706 0.5156569 0.4864592 0.3515905 0.4380334 0.4196089 0.3876489 0.4030221 0.7327928 0.8255340 0.8391395 0.8686897 1.0070648 0.8585695 0.8675130 0.9333160 0.8519418 0.8708975 0.9808331 1.0416827 0.7634206 0.7728824 0.7129993 0.7946383 1.0879006 1.1065845 1.1468033 1.1766271 1.1696976 1.2150520 1.1528658 1.0852597 1.1457623 1.1391971 1.1282774 1.1107352 1.1376295 1.1295433 1.0697893 1.1139297 1.1973976 1.1685096 1.1406614 1.1323881 1.1284599 1.1489232 1.1247430 1.1548890 1.1205011 1.1366258 1.1008111 1.1110596 1.1708137 1.4228247 1.1992278 1.0949326 1.1665605 1.1322002 1.0886717 1.0855892 1.0597990 1.0338365 0.9809698 1.1148145 0.9524500 0.9682968 0.8737518 0.8359897 1.0129037 0.8438228 0.8495732 0.8772358 0.9469353 2.2745778 2.3491369 2.2079261 3.1216125 
C.GB.14.13659_1_48.3.MF109437          0.8480566 0.9303399 0.9042425 0.9368177 1.0329509 1.0495144 1.0365363 0.7744716 0.7761499 0.8108264 0.8128743 0.7469539 0.7574427 0.6684619 0.7118554 0.5083075 0.5809015 0.4484366 0.4525887 0.4827701 0.4505467 0.4181278 0.4680706 0.0000000 0.5501803 0.5164070 0.4017287 0.4877944 0.4938436 0.4594700 0.4622587 0.7675725 0.8935076 0.9074128 0.9253970 1.0814763 0.9221224 0.9144014 0.9990823 0.9096059 0.9240351 1.0385894 1.1135408 0.8434005 0.8310831 0.7736957 0.8308645 1.1573588 1.2034349 1.2386081 1.2317849 1.2469556 1.2813039 1.2231331 1.1554384 1.2043532 1.1957288 1.2205643 1.1851444 1.1943914 1.1743792 1.1206291 1.1810548 1.2726173 1.2385631 1.1683765 1.2267660 1.2106190 1.2209838 1.1928900 1.2343559 1.2103160 1.1756508 1.1738259 1.1486869 1.2222304 1.4948729 1.2670022 1.1730659 1.2309411 1.2206812 1.1565074 1.1877952 1.1293099 1.0917045 1.0459513 1.1836893 1.0301866 0.9883404 0.9130198 0.8926296 1.0378587 0.8879205 0.8855299 0.8980867 0.9871944 2.2932331 2.3182301 2.3348550 3.1455626 
BC.CN.07.07CNYN340.KF835526            0.9217867 1.0004513 0.9649660 1.0105509 1.0905950 1.0963247 1.0962799 0.8299671 0.8355672 0.8664210 0.8643331 0.8088244 0.8117168 0.7247301 0.7666160 0.5600903 0.6207165 0.4965990 0.5110572 0.5155726 0.5115983 0.4640315 0.5156569 0.5501803 0.0000000 0.3986612 0.4688107 0.5449768 0.5602926 0.5109454 0.5178749 0.8308664 0.9343709 0.9664717 0.9865673 1.1401619 0.9610247 0.9709592 1.0477354 0.9729391 0.9775488 1.1259728 1.1640537 0.8732342 0.8736257 0.8225693 0.8742571 1.2089466 1.2201748 1.2323313 1.2674801 1.2758749 1.2983505 1.2679535 1.1903607 1.2555535 1.2495956 1.2656079 1.2122358 1.2188520 1.2120954 1.1482561 1.2105955 1.3253158 1.2634101 1.2254656 1.2475458 1.2494681 1.2635707 1.2400491 1.2537009 1.2265128 1.2084588 1.2349724 1.2197355 1.2799268 1.5302629 1.3058735 1.2336345 1.2876813 1.2306648 1.1820877 1.1739444 1.1639044 1.1399775 1.0988285 1.2374918 1.0741916 1.0636881 1.0092729 0.9638782 1.1200655 0.9743587 0.9630063 0.9757391 1.0360205 2.3168949 2.4472688 2.3955561 3.1684800 
85_BC.CN.14.14CN_SCYB4.KU992932        0.9010626 0.9765105 0.9451986 1.0311224 1.0932870 1.1184858 1.1078768 0.8086599 0.8219879 0.8204869 0.8407129 0.7829095 0.8051139 0.7229078 0.7705486 0.5322889 0.5944832 0.4666920 0.4878996 0.5069955 0.4974941 0.4458171 0.4864592 0.5164070 0.3986612 0.0000000 0.4449573 0.5244182 0.5151897 0.4734693 0.4932857 0.8241713 0.9335143 0.9700994 0.9671114 1.1284187 0.9471594 0.9728016 1.0556351 0.9704250 0.9815749 1.0875571 1.1734861 0.8637556 0.8534172 0.8154119 0.8820182 1.1838023 1.2067711 1.2593148 1.2318953 1.2453180 1.3062244 1.2672448 1.1744768 1.2123309 1.1881829 1.2430524 1.1607153 1.2246605 1.2123658 1.1469905 1.1884606 1.2576354 1.2608248 1.2264064 1.2278844 1.2102642 1.2242571 1.2017158 1.2339583 1.2039858 1.2008815 1.1985389 1.2016107 1.2591117 1.5217606 1.2607499 1.2135201 1.2511786 1.2208677 1.1755375 1.1712877 1.1769676 1.1590508 1.0904526 1.2362954 1.0709348 1.0443791 0.9862004 0.9684165 1.1288227 0.9502178 0.9373961 0.9742475 1.0197588 2.2882226 2.4030280 2.3610011 3.1511138 
C.BW.00.00BW076820.AF443089            0.7395905 0.8184800 0.7846971 0.8558755 0.9218203 0.9469672 0.9531511 0.6607151 0.6566171 0.6740746 0.6829848 0.6385249 0.6404615 0.5600037 0.5769043 0.3673712 0.4377679 0.3306477 0.3372058 0.3596134 0.3364819 0.2951015 0.3515905 0.4017287 0.4688107 0.4449573 0.0000000 0.3570235 0.3614825 0.3211863 0.3377191 0.6689801 0.7647854 0.8111216 0.8362048 0.9701681 0.8176083 0.8140471 0.8846204 0.8001541 0.8242272 0.9282961 1.0061928 0.7010921 0.7065795 0.6605238 0.7220491 1.0267711 1.0557576 1.0743225 1.1295034 1.1186392 1.1477154 1.1020977 1.0176584 1.0713928 1.0589531 1.0759425 1.0291996 1.0650874 1.0645869 0.9967986 1.0595515 1.1347894 1.0882227 1.0650416 1.0841674 1.0921078 1.0809366 1.0616241 1.0761173 1.0822000 1.0527389 1.0434322 1.0455561 1.1201872 1.3458867 1.1317071 1.0512499 1.0956895 1.0985184 1.0377130 1.0490615 0.9936423 0.9901506 0.9303451 1.0386309 0.8776042 0.8929072 0.8178962 0.7815157 0.9238211 0.7672021 0.7556060 0.7972903 0.8661516 2.1510557 2.2017473 2.1661677 2.9834230 
C.ZA.04.04ZASK170B1.DQ093595           0.7797930 0.8360423 0.8227696 0.8823244 0.9446235 0.9690856 0.9686579 0.6773283 0.6889582 0.7276731 0.7198096 0.6729711 0.6626716 0.6093317 0.6250384 0.4139763 0.4766492 0.4085387 0.4149069 0.4390588 0.4182941 0.3847100 0.4380334 0.4877944 0.5449768 0.5244182 0.3570235 0.0000000 0.3404809 0.2956232 0.3371236 0.6885740 0.8026696 0.8428627 0.8466553 1.0021617 0.8385973 0.8363286 0.9108259 0.8226572 0.8415617 0.9640871 1.0017789 0.7450916 0.7264358 0.6877825 0.7383872 1.0677678 1.0848705 1.1310562 1.1358818 1.1356844 1.2143539 1.1420137 1.0412178 1.1299013 1.1070160 1.1197351 1.0988127 1.1236706 1.0864603 1.0459485 1.0792359 1.1716504 1.1398079 1.0992886 1.1067073 1.1127467 1.1190521 1.0865860 1.1126732 1.1150304 1.1046001 1.0785564 1.0938644 1.1470754 1.3588291 1.1576431 1.0861696 1.1341181 1.1306131 1.0605201 1.0706444 1.0204542 0.9781056 0.9650610 1.0681358 0.9171096 0.9069524 0.8312767 0.8091461 0.9778336 0.8051779 0.8053173 0.8326920 0.9071447 2.1925869 2.2911954 2.2241908 2.9993771 
C.TZ.02.CO6721.AY734560                0.7886900 0.8307511 0.8144357 0.8850837 0.9224031 0.9671847 0.9801836 0.6941467 0.7061268 0.7191389 0.7382121 0.6809132 0.6756403 0.6050031 0.6346525 0.4111923 0.4858732 0.4095459 0.4172937 0.4413415 0.4133445 0.3845337 0.4196089 0.4938436 0.5602926 0.5151897 0.3614825 0.3404809 0.0000000 0.2453046 0.3374796 0.6944279 0.8146864 0.8384000 0.8406039 0.9924837 0.8326928 0.8512186 0.9347686 0.8346567 0.8512314 0.9517747 1.0102300 0.7447074 0.7405639 0.6951600 0.7381150 1.0716939 1.0735079 1.1215001 1.1237649 1.1491922 1.1693277 1.1338623 1.0556016 1.1114043 1.0845169 1.1066361 1.0591527 1.0931854 1.0762321 1.0403936 1.0700130 1.1591989 1.1310669 1.0933041 1.0958542 1.0917119 1.1076209 1.1053507 1.1137106 1.1077395 1.1140205 1.0639606 1.0792399 1.1369525 1.3960021 1.1536739 1.0973396 1.1476266 1.1396054 1.0563739 1.0571041 1.0246886 0.9946478 0.9430625 1.0607453 0.9076140 0.9222519 0.8303021 0.8027371 0.9559375 0.8112884 0.7952077 0.8278233 0.9012452 2.2126871 2.2566228 2.2115899 3.1191341 
C.TZ.01.BD39_8.AY253313                0.7501288 0.8107568 0.7917393 0.8717367 0.9272663 0.9350964 0.9304723 0.6631091 0.6467191 0.6895041 0.6886089 0.6340392 0.6458634 0.5439229 0.5814319 0.3728926 0.4432588 0.3626982 0.3792896 0.4041312 0.3782282 0.3393453 0.3876489 0.4594700 0.5109454 0.4734693 0.3211863 0.2956232 0.2453046 0.0000000 0.3070365 0.6600939 0.7667907 0.8013727 0.8196491 0.9555967 0.7904555 0.8047226 0.8906041 0.7952228 0.8017500 0.9076938 0.9737521 0.6955224 0.7074188 0.6479676 0.7164668 1.0298591 1.0529658 1.0667412 1.0985801 1.1083356 1.1328271 1.1004704 1.0225976 1.0755900 1.0854606 1.1041461 1.0339417 1.0652195 1.0289738 1.0023037 1.0362884 1.1153346 1.1027227 1.0670554 1.0715835 1.0677710 1.0743919 1.0601256 1.0811652 1.0690749 1.0670705 1.0435053 1.0412973 1.1064321 1.3566757 1.1246212 1.0374271 1.0848246 1.0634427 1.0189741 1.0212331 0.9853471 0.9576781 0.9229800 1.0317742 0.8694528 0.8873104 0.7955869 0.8002007 0.9288781 0.7752294 0.7777119 0.7921817 0.8595711 2.1383391 2.2722966 2.1957119 3.0230283 
C.ZA.03.03ZAPS067MB2.DQ396389          0.7662457 0.8372136 0.7821036 0.8643357 0.9426511 0.9415260 0.9609972 0.6721381 0.6612961 0.6811783 0.7048135 0.6605321 0.6567167 0.5907068 0.6078355 0.3850954 0.4513227 0.3822756 0.3895300 0.4002711 0.3912589 0.3433427 0.4030221 0.4622587 0.5178749 0.4932857 0.3377191 0.3371236 0.3374796 0.3070365 0.0000000 0.6940609 0.8011340 0.8431512 0.8493725 0.9879579 0.8385119 0.8315594 0.8869809 0.8320091 0.8442804 0.9363682 1.0097709 0.7219236 0.7258104 0.6753141 0.7294469 1.0513384 1.0615711 1.1193605 1.0871176 1.1307944 1.1648864 1.1188091 1.0491282 1.1019875 1.0730020 1.0792513 1.0462260 1.0910768 1.0630640 1.0203035 1.0763453 1.1418267 1.1090814 1.0806966 1.0892366 1.0774177 1.0854586 1.0745065 1.0964027 1.0908151 1.0635422 1.0537781 1.0604038 1.1188926 1.3450356 1.1132898 1.0666111 1.1212199 1.0856201 1.0481250 1.0722009 0.9938103 0.9967099 0.9512189 1.0641982 0.9058980 0.8968037 0.8191613 0.8037743 0.9602498 0.7787792 0.7810872 0.8086081 0.8730721 2.1649092 2.2345076 2.1745157 3.0378618 
A1D.UG.99.99UGJ21953.AF484496          0.5612554 0.5851319 0.5638000 0.6543077 0.7313671 0.7288312 0.7571048 0.4506075 0.4360977 0.4523406 0.4671242 0.4171920 0.4180931 0.4735898 0.7110264 0.6829353 0.7667635 0.7074216 0.7165785 0.7265080 0.7326081 0.6904339 0.7327928 0.7675725 0.8308664 0.8241713 0.6689801 0.6885740 0.6944279 0.6600939 0.6940609 0.0000000 0.5756806 0.5804071 0.6162218 0.7614940 0.5923261 0.6069928 0.6775191 0.5878207 0.6096654 0.7196125 0.7777585 0.4979916 0.4753837 0.4452707 0.4986412 0.8569135 0.8586410 0.9058548 0.9229026 0.8962841 0.9281704 0.8965963 0.8334333 0.8877930 0.8690533 0.8751331 0.8706925 0.8958000 0.8588339 0.8095879 0.8672979 0.9303280 0.8877519 0.8631002 0.8931815 0.8809445 0.9004144 0.8501418 0.9052714 0.8905318 0.8650841 0.8471836 0.8333582 0.9058135 1.1386347 0.9209929 0.8615791 0.9096043 0.8941308 0.8170672 0.8307278 0.8001517 0.7696758 0.7171322 0.8399163 0.6807309 0.6663731 0.6147443 0.5677228 0.7417323 0.5601535 0.5533742 0.6006344 0.6420209 1.9728657 2.0430125 2.0028454 2.8679243 
01_AE.CN.02.YN0236.JX112866            0.5937468 0.6637881 0.6404731 0.7114506 0.7630457 0.7998585 0.7897384 0.5612349 0.5475658 0.5638523 0.5733517 0.5156844 0.5341724 0.5840778 0.8348308 0.7955203 0.8655785 0.8190097 0.8290549 0.8616332 0.8437444 0.7850910 0.8255340 0.8935076 0.9343709 0.9335143 0.7647854 0.8026696 0.8146864 0.7667907 0.8011340 0.5756806 0.0000000 0.1575884 0.2054692 0.3570246 0.2004002 0.2001084 0.2882182 0.2142745 0.2435128 0.4570302 0.5268367 0.4143650 0.5181410 0.4892714 0.5378046 0.8889064 0.8908724 0.9234241 0.9563402 0.9283348 0.9796284 0.9498702 0.8924127 0.9365890 0.9163700 0.9367017 0.9095694 0.9308853 0.8693478 0.8484842 0.9023107 0.9805908 0.9207684 0.9046847 0.9671784 0.9242040 0.9736173 0.9427256 0.9377744 0.9299471 0.9185485 0.9047748 0.8808067 0.9325905 1.1870388 0.9716200 0.8997603 0.9565500 0.9511287 0.8592216 0.8910896 0.8146818 0.8051182 0.7699583 0.8735533 0.7535634 0.7189881 0.6646092 0.6359599 0.8186542 0.6281946 0.6316973 0.6681628 0.7270671 2.0939911 2.1658974 2.1100554 2.9723434 
01_AE.TH.99.99TH_C4460.AY945726        0.6172649 0.6628358 0.6650729 0.7277805 0.7743754 0.8122132 0.8179823 0.5572665 0.5690410 0.5715511 0.5740156 0.5267603 0.5422825 0.6011992 0.8491102 0.8248864 0.8850022 0.8384514 0.8452502 0.8800812 0.8572757 0.8225245 0.8391395 0.9074128 0.9664717 0.9700994 0.8111216 0.8428627 0.8384000 0.8013727 0.8431512 0.5804071 0.1575884 0.0000000 0.2161071 0.3628297 0.2045448 0.2087231 0.2927734 0.2133149 0.2495576 0.4746764 0.5463153 0.4385508 0.5175469 0.5014915 0.5539867 0.9052605 0.9386324 0.9733793 0.9996327 0.9772219 1.0243969 0.9872207 0.9380943 0.9920366 0.9662457 0.9929589 0.9664159 0.9743686 0.9120283 0.8992003 0.9304051 1.0143453 0.9874952 0.9552653 0.9881798 0.9684366 0.9925692 0.9748849 0.9819871 0.9655435 0.9520718 0.9591943 0.9046265 0.9726911 1.2180072 1.0104332 0.9358284 0.9870094 0.9927205 0.9060867 0.9234486 0.8490376 0.8461450 0.7927215 0.8962947 0.7590321 0.7369168 0.6818630 0.6570334 0.8178838 0.6325471 0.6554261 0.6798507 0.7271010 2.1058327 2.1687049 2.1311488 3.0049185 
01_AE.CN.07.GX070143.JX112835          0.6397702 0.7082931 0.6705439 0.7529642 0.8086407 0.8291760 0.8489369 0.5938402 0.6018872 0.6006899 0.6190483 0.5694329 0.5863103 0.6257178 0.8877483 0.8323191 0.8984040 0.8548452 0.8710080 0.8726853 0.9099432 0.8412523 0.8686897 0.9253970 0.9865673 0.9671114 0.8362048 0.8466553 0.8406039 0.8196491 0.8493725 0.6162218 0.2054692 0.2161071 0.0000000 0.4028441 0.2406825 0.2499385 0.3356542 0.2580882 0.2868746 0.5064920 0.5756809 0.4741365 0.5641384 0.5437437 0.5965161 0.9282090 0.9314884 0.9841144 1.0224120 0.9986118 1.0303722 1.0080172 0.9486496 0.9875496 0.9707984 0.9867025 0.9867572 0.9839208 0.9502716 0.9084647 0.9600393 1.0323728 0.9981840 0.9496746 0.9924293 0.9791265 1.0025486 0.9957991 1.0030159 0.9840151 0.9819642 0.9670539 0.9249080 0.9956377 1.2796612 1.0245557 0.9636841 1.0066673 0.9949111 0.9237829 0.9190030 0.8913722 0.8536181 0.8125607 0.9131915 0.8067690 0.7757774 0.7154011 0.6773770 0.8664216 0.6655399 0.6727884 0.7123991 0.7536601 2.1572253 2.2183349 2.1661065 2.9607945 
69_01B.JP.05.05JPMYC113SP420.LC027100  0.7759916 0.8271098 0.8039871 0.8616092 0.9321288 0.9511526 0.9597890 0.7498700 0.7416688 0.7690424 0.7571767 0.6878458 0.7299886 0.7792429 1.0191732 0.9941518 1.0460895 1.0056977 1.0096965 1.0646684 1.0128079 0.9670049 1.0070648 1.0814763 1.1401619 1.1284187 0.9701681 1.0021617 0.9924837 0.9555967 0.9879579 0.7614940 0.3570246 0.3628297 0.4028441 0.0000000 0.3873617 0.3928220 0.4793167 0.3981592 0.4181791 0.6364406 0.7141012 0.6075277 0.7071821 0.6636149 0.7246088 1.0902188 1.0793149 1.1416594 1.1698150 1.1310100 1.1786080 1.1702824 1.0886645 1.1237146 1.1130631 1.1204479 1.1110386 1.1279356 1.0765961 1.0533162 1.1069935 1.1716148 1.1528294 1.0872756 1.1411691 1.1271377 1.1390587 1.1213517 1.1788361 1.1220552 1.1100453 1.1129786 1.0821731 1.1505248 1.3905397 1.1628839 1.1024258 1.1599989 1.1612462 1.0776292 1.0604724 0.9985305 0.9806983 0.9525727 1.0515781 0.9338722 0.9037550 0.8350876 0.8046457 0.9720376 0.8066875 0.8022857 0.8316928 0.8831357 2.3093197 2.2920543 2.2722402 3.0710030 
01_AE.TH.07.AA030a04.JX447057          0.6156242 0.6852132 0.6637884 0.7414957 0.7907154 0.8232726 0.8137787 0.5694827 0.5808632 0.5880816 0.5989604 0.5393141 0.5551014 0.6145477 0.8520495 0.8185343 0.8929595 0.8495377 0.8396074 0.8692461 0.8722036 0.8250264 0.8585695 0.9221224 0.9610247 0.9471594 0.8176083 0.8385973 0.8326928 0.7904555 0.8385119 0.5923261 0.2004002 0.2045448 0.2406825 0.3873617 0.0000000 0.2311254 0.3176726 0.2382131 0.2698651 0.5008226 0.5535983 0.4446389 0.5308374 0.5149181 0.5712444 0.9292863 0.9379298 0.9601571 0.9803276 0.9693643 1.0027555 1.0017898 0.9222744 0.9788107 0.9478222 0.9820848 0.9646794 0.9635415 0.9014445 0.8865099 0.9425894 1.0438465 0.9846776 0.9610758 1.0062061 0.9816438 1.0045013 0.9728554 0.9979461 0.9723354 0.9404719 0.9477342 0.9344668 0.9625097 1.2369258 1.0200922 0.9356944 0.9902284 0.9762733 0.9011423 0.9308916 0.8561922 0.8322322 0.7954515 0.9116060 0.7860920 0.7519574 0.6996144 0.6641125 0.8443538 0.6451998 0.6629988 0.6831246 0.7374496 2.1071548 2.1891034 2.1532585 3.0124565 
01_AE.CN.07.07CNYN326.KF835513         0.6308177 0.6984072 0.6689266 0.7512136 0.8070668 0.8280788 0.8370142 0.5862063 0.5950459 0.5932559 0.6026992 0.5485282 0.5691115 0.6251935 0.8660619 0.8213209 0.8974692 0.8397394 0.8390493 0.8695227 0.8621146 0.8356352 0.8675130 0.9144014 0.9709592 0.9728016 0.8140471 0.8363286 0.8512186 0.8047226 0.8315594 0.6069928 0.2001084 0.2087231 0.2499385 0.3928220 0.2311254 0.0000000 0.3208979 0.2421283 0.2796852 0.5096101 0.5667674 0.4562741 0.5467057 0.5330945 0.5839905 0.9113578 0.9273462 0.9688645 0.9977723 0.9817029 1.0180230 0.9863071 0.9357829 1.0054299 0.9558871 0.9626854 0.9558079 0.9767964 0.9051967 0.8947110 0.9306696 1.0215164 0.9805360 0.9540676 0.9999788 0.9801389 1.0036229 0.9967124 1.0075930 0.9744737 0.9621230 0.9367013 0.9179492 0.9909255 1.2314134 0.9957524 0.9293593 1.0007379 1.0050208 0.9094933 0.9291436 0.8736139 0.8699846 0.8180696 0.9127561 0.7872357 0.7619950 0.7017429 0.6812469 0.8301593 0.6631217 0.6572426 0.6891359 0.7482172 2.1076336 2.1446878 2.1371603 3.0075139 
