90
RESTV_M.fas-tc_USA_89_Philippines89-Pennsylvania_NC_004161 0.0000000 0.0244874 0.0331447 2.0755831 2.0755831 2.3047393 2.3068724 2.0508037 2.0508037 2.0519307 2.0528232 2.0916168 2.0842578 2.0860995 2.0843141 2.0847272 2.0825665 2.0835535 2.0837021 2.0846875 2.0817573 2.0847107 2.0829363 2.0871697 2.0871697 2.0838653 2.0804719 2.0815364 2.0832405 2.0835740 2.0835740 2.0849429 2.0842043 2.0835290 2.0854664 2.0850894 2.0822823 2.0863361 2.0863361 2.0854721 2.0825875 2.0844940 2.0832401 2.0838453 2.0845670 2.0837980 2.0835062 2.0846647 2.0848688 2.0848688 2.0848224 2.0839436 2.0820159 2.0835535 2.0826563 2.0818208 2.0812432 2.0840306 2.0826062 2.0830145 2.0836722 2.0838930 2.0834329 2.0818198 2.0835246 2.0837959 2.0837959 2.0814357 2.0859466 2.0833009 2.0844400 2.0830646 2.0840716 2.0845483 2.0845483 2.0830062 2.0835441 2.0833753 2.0855189 2.0841571 2.0864185 2.0864185 2.0855621 2.0842556 2.0859106 2.0864479 2.0978568 2.0934144 2.0983821 2.0793645 
RESTV_S.dom-tc_PHL_08_Reston08-A_FJ621583                  0.0244874 0.0000000 0.0491125 2.0867851 2.0867851 2.3025046 2.3093268 2.0560437 2.0560437 2.0571753 2.0580710 2.0972648 2.0903431 2.0921953 2.0904009 2.0908157 2.0886494 2.0894541 2.0896026 2.0906998 2.0879356 2.0906172 2.0888352 2.0931921 2.0931921 2.0897672 2.0863577 2.0878575 2.0891400 2.0894746 2.0894746 2.0913883 2.0901085 2.0894293 2.0913753 2.0909965 2.0879923 2.0922514 2.0922514 2.0913824 2.0884834 2.0904013 2.0891390 2.0897464 2.0904730 2.0896987 2.0894064 2.0905704 2.0907752 2.0907752 2.0907282 2.0897368 2.0883395 2.0894541 2.0885538 2.0877118 2.0876711 2.0899343 2.0885039 2.0889151 2.0895732 2.0897943 2.0893308 2.0877112 2.0894247 2.0896965 2.0896965 2.0872179 2.0918586 2.0893847 2.0903458 2.0889613 2.0899730 2.0899132 2.0899132 2.0889027 2.0896285 2.0892761 2.0914273 2.0900595 2.0926242 2.0926242 2.0917631 2.0904501 2.0922229 2.0927614 2.1003461 2.0934884 2.1022160 2.0823333 
RESTV_S.dom-xx_PHL_08_Reston08-C_FJ621584                  0.0331447 0.0491125 0.0000000 2.0663448 2.0663448 2.2949065 2.3122821 2.0704947 2.0704947 2.0718185 2.0725359 2.1152707 2.1080743 2.1100863 2.1078463 2.1082637 2.1066303 2.1076209 2.1077677 2.1087646 2.1057901 2.1087944 2.1070006 2.1113882 2.1113882 2.1079360 2.1044986 2.1060081 2.1073056 2.1076410 2.1076410 2.1095660 2.1079927 2.1080632 2.1095552 2.1091732 2.1063334 2.1104453 2.1104453 2.1095664 2.1066418 2.1085825 2.1071958 2.1079128 2.1086497 2.1076788 2.1075722 2.1087458 2.1089512 2.1089512 2.1086104 2.1080087 2.1080597 2.1076209 2.1051886 2.1058602 2.1052818 2.1081074 2.1066679 2.1070856 2.1077402 2.1079610 2.1074901 2.1066174 2.1070515 2.1073233 2.1073233 2.1054729 2.1100450 2.1079429 2.1085228 2.1071192 2.1081387 2.1080808 2.1080808 2.1070603 2.1076076 2.1074447 2.1091370 2.1082279 2.1105191 2.1105191 2.1096495 2.1083251 2.1094724 2.1100111 2.1147311 2.1097146 2.1148320 2.0971388 
SUDV_H.sap-xx_UGA_12_EboSud-603_KC545390                   2.0755831 2.0867851 2.0663448 0.0000000 0.0000010 2.3720781 2.3492204 2.1082751 2.1082751 2.1092853 2.1093270 2.1352236 2.1365490 2.1326469 2.1372507 2.1368362 2.1335227 2.1336025 2.1342354 2.1342996 2.1323211 2.1344770 2.1366280 2.1377002 2.1377002 2.1343704 2.1300012 2.1328799 2.1336360 2.1338670 2.1338670 2.1327413 2.1349801 2.1335334 2.1352746 2.1346436 2.1286480 2.1373871 2.1373871 2.1359830 2.1347292 2.1360055 2.1345068 2.1340321 2.1331876 2.1339812 2.1340852 2.1347279 2.1331366 2.1331366 2.1344529 2.1317313 2.1351882 2.1338474 2.1359938 2.1361648 2.1380462 2.1359476 2.1343426 2.1351153 2.1340035 2.1335048 2.1352991 2.1331574 2.1338519 2.1335874 2.1335874 2.1358203 2.1364655 2.1309107 2.1348445 2.1325594 2.1313269 2.1339993 2.1339993 2.1331148 2.1343403 2.1367452 2.1369172 2.1342665 2.1320380 2.1320380 2.1352992 2.1364871 2.1337901 2.1336861 2.1221491 2.1207102 2.1202161 2.1181736 
SUDV_H.sap-xx_UGA_12_EboSud-609_KC545391                   2.0755831 2.0867851 2.0663448 0.0000010 0.0000000 2.3720781 2.3492204 2.1082751 2.1082751 2.1092853 2.1093270 2.1352236 2.1365490 2.1326469 2.1372507 2.1368362 2.1335227 2.1336025 2.1342354 2.1342996 2.1323211 2.1344770 2.1366280 2.1377002 2.1377002 2.1343704 2.1300012 2.1328799 2.1336360 2.1338670 2.1338670 2.1327413 2.1349801 2.1335334 2.1352746 2.1346436 2.1286480 2.1373871 2.1373871 2.1359830 2.1347292 2.1360055 2.1345068 2.1340321 2.1331876 2.1339812 2.1340852 2.1347279 2.1331366 2.1331366 2.1344529 2.1317313 2.1351882 2.1338474 2.1359938 2.1361648 2.1380462 2.1359476 2.1343426 2.1351153 2.1340035 2.1335048 2.1352991 2.1331574 2.1338519 2.1335874 2.1335874 2.1358203 2.1364655 2.1309107 2.1348445 2.1325594 2.1313269 2.1339993 2.1339993 2.1331148 2.1343403 2.1367452 2.1369172 2.1342665 2.1320380 2.1320380 2.1352992 2.1364871 2.1337901 2.1336861 2.1221491 2.1207102 2.1202161 2.1181736 
TAFV_H.sap-tc_CIV_94_Pauleoula-CI_NC_014372                2.3047393 2.3025046 2.2949065 2.3720781 2.3720781 0.0000000 0.8372588 1.4115296 1.4115296 1.4124106 1.4126184 1.4336579 1.4359614 1.4330082 1.4324517 1.4329189 1.4338370 1.4343751 1.4350514 1.4353719 1.4363703 1.4341115 1.4352789 1.4359605 1.4359605 1.4350916 1.4355093 1.4362338 1.4344015 1.4344015 1.4344015 1.4352575 1.4350571 1.4342418 1.4352310 1.4349518 1.4358302 1.4394205 1.4394205 1.4357529 1.4348889 1.4353435 1.4362529 1.4346267 1.4349655 1.4344502 1.4345899 1.4339054 1.4355961 1.4355961 1.4346089 1.4350902 1.4360470 1.4345148 1.4333229 1.4342542 1.4351617 1.4359901 1.4364942 1.4348989 1.4343287 1.4339630 1.4341514 1.4345255 1.4347136 1.4347527 1.4347527 1.4340537 1.4351133 1.4345094 1.4338341 1.4345564 1.4335376 1.4336723 1.4336723 1.4348651 1.4339448 1.4351508 1.4334126 1.4335731 1.4329146 1.4329146 1.4335438 1.4317399 1.4322046 1.4322046 1.4176071 1.4194695 1.4301901 1.4219677 
BDBV_H.sap-xx_COD_12_EboBund-122_KC545395                  2.3068724 2.3093268 2.3122821 2.3492204 2.3492204 0.8372588 0.0000000 1.4656424 1.4656424 1.4665541 1.4667036 1.4941870 1.4921974 1.4889817 1.4894922 1.4895142 1.4900879 1.4901616 1.4897049 1.4913516 1.4923560 1.4899077 1.4909420 1.4912773 1.4912773 1.4905528 1.4901629 1.4907526 1.4899114 1.4899333 1.4899333 1.4904898 1.4896346 1.4899114 1.4912494 1.4905127 1.4883712 1.4907144 1.4907144 1.4906599 1.4905375 1.4909230 1.4894368 1.4899075 1.4909695 1.4896710 1.4895591 1.4889680 1.4910707 1.4910707 1.4894766 1.4906613 1.4911763 1.4899075 1.4891414 1.4887486 1.4907137 1.4906837 1.4906472 1.4905731 1.4898599 1.4899119 1.4900112 1.4920072 1.4897788 1.4900072 1.4900072 1.4903038 1.4899173 1.4887598 1.4892441 1.4908045 1.4895429 1.4897702 1.4897702 1.4902217 1.4880033 1.4891330 1.4901652 1.4901267 1.4901162 1.4901162 1.4896960 1.4895365 1.4899128 1.4897706 1.4927872 1.4923640 1.4925184 1.4828613 
EBOV_H.sap-tc_COD_07_1Luebo_KC242786                       2.0508037 2.0560437 2.0704947 2.1082751 2.1082751 1.4115296 1.4656424 0.0000000 0.0000010 0.0002033 0.0004575 0.0319973 0.0309658 0.0309731 0.0309207 0.0311431 0.0306268 0.0304604 0.0305707 0.0308484 0.0312461 0.0307382 0.0307956 0.0308559 0.0308559 0.0306819 0.0307427 0.0309101 0.0304607 0.0304047 0.0304047 0.0306313 0.0305758 0.0304607 0.0306308 0.0305180 0.0314167 0.0310508 0.0310508 0.0305752 0.0304609 0.0306868 0.0309174 0.0304604 0.0305231 0.0306267 0.0305159 0.0305195 0.0307955 0.0307955 0.0308503 0.0309090 0.0307441 0.0304604 0.0309159 0.0309697 0.0310299 0.0309630 0.0309663 0.0308525 0.0305720 0.0306831 0.0308554 0.0309623 0.0306832 0.0308498 0.0308498 0.0309700 0.0309083 0.0314080 0.0310212 0.0309057 0.0310213 0.0308522 0.0308522 0.0308511 0.0311841 0.0311417 0.0310785 0.0302373 0.0299538 0.0299538 0.0298981 0.0300751 0.0297859 0.0298965 0.0225898 0.0236308 0.0227693 0.0189800 
EBOV_H.sap-tc_COD_07_M-M_HQ613403                          2.0508037 2.0560437 2.0704947 2.1082751 2.1082751 1.4115296 1.4656424 0.0000010 0.0000000 0.0002033 0.0004575 0.0319973 0.0309658 0.0309731 0.0309207 0.0311431 0.0306268 0.0304604 0.0305707 0.0308484 0.0312461 0.0307382 0.0307956 0.0308559 0.0308559 0.0306819 0.0307427 0.0309101 0.0304607 0.0304047 0.0304047 0.0306313 0.0305758 0.0304607 0.0306308 0.0305180 0.0314167 0.0310508 0.0310508 0.0305752 0.0304609 0.0306868 0.0309174 0.0304604 0.0305231 0.0306267 0.0305159 0.0305195 0.0307955 0.0307955 0.0308503 0.0309090 0.0307441 0.0304604 0.0309159 0.0309697 0.0310299 0.0309630 0.0309663 0.0308525 0.0305720 0.0306831 0.0308554 0.0309623 0.0306832 0.0308498 0.0308498 0.0309700 0.0309083 0.0314080 0.0310212 0.0309057 0.0310213 0.0308522 0.0308522 0.0308511 0.0311841 0.0311417 0.0310785 0.0302373 0.0299538 0.0299538 0.0298981 0.0300751 0.0297859 0.0298965 0.0225898 0.0236308 0.0227693 0.0189800 
EBOV_H.sap-tc_COD_07_5Luebo_KC242790                       2.0519307 2.0571753 2.0718185 2.1092853 2.1092853 1.4124106 1.4665541 0.0002033 0.0002033 0.0000000 0.0006610 0.0322225 0.0311902 0.0311976 0.0311451 0.0313676 0.0308510 0.0306844 0.0307948 0.0310727 0.0314707 0.0309624 0.0310199 0.0310803 0.0310803 0.0309061 0.0309670 0.0311345 0.0306847 0.0306288 0.0306288 0.0308555 0.0307999 0.0306847 0.0308550 0.0307421 0.0316414 0.0312754 0.0312754 0.0307994 0.0306850 0.0309110 0.0311419 0.0306844 0.0307472 0.0308508 0.0307399 0.0307436 0.0310197 0.0310197 0.0310746 0.0311334 0.0309684 0.0306844 0.0311403 0.0311941 0.0312544 0.0311874 0.0311907 0.0310768 0.0307961 0.0309073 0.0310797 0.0311867 0.0309074 0.0310741 0.0310741 0.0311944 0.0311327 0.0316326 0.0312456 0.0311300 0.0312457 0.0310765 0.0310765 0.0310754 0.0314085 0.0313663 0.0313030 0.0304612 0.0301775 0.0301775 0.0301218 0.0302989 0.0300095 0.0301201 0.0228085 0.0238502 0.0229883 0.0191961 
EBOV_H.sap-tc_COD_08_034-KS_HQ613402                       2.0528232 2.0580710 2.0725359 2.1093270 2.1093270 1.4126184 1.4667036 0.0004575 0.0004575 0.0006610 0.0000000 0.0325086 0.0314752 0.0314826 0.0314302 0.0316529 0.0311356 0.0309689 0.0310794 0.0313575 0.0317560 0.0312471 0.0313047 0.0313652 0.0313652 0.0311908 0.0312518 0.0314194 0.0309692 0.0309132 0.0309132 0.0311402 0.0310846 0.0309692 0.0311397 0.0310266 0.0319268 0.0315607 0.0315607 0.0310840 0.0309695 0.0311958 0.0314269 0.0309689 0.0310318 0.0311355 0.0310245 0.0310282 0.0313046 0.0313046 0.0313594 0.0314183 0.0312532 0.0309689 0.0314253 0.0314791 0.0315395 0.0314723 0.0314757 0.0313617 0.0310807 0.0311920 0.0313646 0.0314717 0.0311921 0.0313589 0.0313589 0.0314795 0.0314176 0.0319180 0.0315306 0.0314149 0.0315308 0.0313613 0.0313613 0.0313603 0.0316937 0.0316515 0.0315881 0.0307454 0.0304615 0.0304615 0.0304057 0.0305831 0.0302933 0.0304040 0.0229760 0.0240184 0.0231560 0.0194690 
EBOV_H.sap-wt_GIN_14_Makona-Gueckedou-EM_080076_KR817235   2.0916168 2.0972648 2.1152707 2.1352236 2.1352236 1.4336579 1.4941870 0.0319973 0.0319973 0.0322225 0.0325086 0.0000000 0.0019891 0.0025018 0.0026557 0.0028607 0.0026031 0.0023471 0.0024495 0.0027055 0.0030650 0.0026031 0.0026545 0.0027061 0.0027061 0.0025519 0.0026550 0.0027572 0.0023472 0.0022959 0.0022959 0.0026035 0.0024498 0.0023472 0.0025010 0.0023985 0.0032708 0.0028625 0.0028625 0.0024498 0.0023472 0.0025522 0.0027579 0.0023471 0.0023989 0.0025007 0.0023983 0.0023986 0.0026545 0.0026545 0.0027057 0.0027572 0.0026036 0.0023471 0.0027577 0.0028089 0.0029632 0.0028082 0.0028085 0.0027058 0.0024496 0.0025520 0.0027061 0.0028600 0.0025520 0.0027056 0.0027056 0.0028599 0.0027571 0.0032184 0.0028597 0.0027569 0.0028598 0.0029108 0.0029108 0.0027057 0.0030132 0.0029632 0.0029111 0.0021424 0.0021426 0.0021426 0.0021938 0.0023992 0.0025007 0.0026031 0.0378529 0.0389459 0.0382764 0.0343422 
EBOV_H.sap-wt_GIN_14_Makona-Gueckedou-EM_079702_KR817210   2.0842578 2.0903431 2.1080743 2.1365490 2.1365490 1.4359614 1.4921974 0.0309658 0.0309658 0.0311902 0.0314752 0.0019891 0.0000000 0.0015287 0.0016820 0.0018864 0.0016301 0.0013750 0.0014770 0.0018343 0.0020903 0.0016301 0.0016813 0.0017326 0.0017326 0.0015791 0.0016816 0.0017836 0.0013750 0.0013240 0.0013240 0.0016304 0.0014772 0.0013750 0.0015282 0.0014261 0.0022953 0.0018876 0.0018876 0.0014772 0.0013750 0.0015793 0.0017840 0.0013750 0.0014263 0.0015280 0.0014260 0.0014262 0.0016813 0.0016813 0.0017323 0.0017836 0.0016304 0.0013750 0.0017839 0.0018349 0.0019886 0.0018345 0.0018347 0.0017324 0.0014770 0.0015791 0.0017326 0.0018859 0.0015791 0.0017323 0.0017323 0.0018859 0.0017835 0.0022434 0.0018858 0.0017834 0.0018858 0.0019367 0.0019367 0.0017324 0.0020388 0.0019886 0.0019369 0.0011709 0.0011710 0.0011710 0.0012221 0.0015286 0.0015281 0.0016301 0.0367986 0.0378876 0.0372199 0.0333015 
EBOV_H.sap-wt_GIN_14_Makona-Gueckedou-EM_079587_KR817202   2.0860995 2.0921953 2.1100863 2.1326469 2.1326469 1.4330082 1.4889817 0.0309731 0.0309731 0.0311976 0.0314826 0.0025018 0.0015287 0.0000000 0.0017847 0.0019891 0.0017327 0.0014774 0.0015795 0.0019370 0.0021932 0.0017327 0.0017839 0.0018352 0.0018352 0.0016816 0.0017842 0.0018863 0.0014774 0.0014264 0.0014264 0.0017329 0.0015797 0.0014774 0.0016307 0.0015285 0.0023982 0.0019904 0.0019904 0.0015797 0.0014774 0.0016818 0.0018867 0.0014774 0.0015288 0.0016305 0.0015284 0.0015286 0.0017839 0.0017839 0.0018349 0.0018862 0.0017330 0.0014774 0.0018866 0.0019376 0.0020914 0.0018350 0.0018352 0.0017328 0.0015795 0.0016817 0.0018352 0.0019886 0.0016817 0.0018349 0.0018349 0.0019886 0.0018862 0.0023463 0.0019885 0.0018860 0.0019885 0.0020395 0.0020395 0.0018350 0.0021416 0.0020914 0.0020397 0.0012732 0.0012733 0.0012733 0.0013244 0.0016312 0.0016306 0.0017327 0.0369211 0.0380107 0.0373426 0.0334219 
EBOV_H.sap-wt_GIN_14_Makona-Gueckedou-EM_079750_KR817213   2.0843141 2.0904009 2.1078463 2.1372507 2.1372507 1.4324517 1.4894922 0.0309207 0.0309207 0.0311451 0.0314302 0.0026557 0.0016820 0.0017847 0.0000000 0.0005084 0.0015796 0.0013244 0.0014264 0.0017839 0.0020399 0.0015796 0.0016308 0.0016821 0.0016821 0.0015285 0.0016311 0.0017331 0.0013244 0.0012734 0.0012734 0.0015798 0.0014267 0.0013244 0.0014777 0.0013755 0.0022449 0.0018371 0.0018371 0.0014266 0.0013244 0.0015288 0.0017335 0.0013244 0.0013758 0.0014775 0.0013754 0.0013756 0.0016308 0.0016308 0.0016818 0.0017331 0.0015799 0.0013244 0.0017334 0.0017844 0.0019381 0.0017841 0.0017842 0.0016819 0.0014265 0.0015286 0.0016821 0.0017332 0.0015286 0.0016818 0.0016818 0.0018354 0.0017330 0.0021930 0.0018353 0.0017329 0.0018353 0.0018863 0.0018863 0.0016819 0.0019884 0.0019381 0.0018865 0.0011203 0.0011204 0.0011204 0.0011715 0.0014781 0.0014775 0.0015796 0.0366418 0.0377306 0.0370629 0.0330334 
EBOV_H.sap-wt_GIN_14_Makona-Gueckedou-EM_079910_KR817221   2.0847272 2.0908157 2.1082637 2.1368362 2.1368362 1.4329189 1.4895142 0.0311431 0.0311431 0.0313676 0.0316529 0.0028607 0.0018864 0.0019891 0.0005084 0.0000000 0.0017839 0.0015286 0.0016306 0.0019883 0.0022445 0.0017839 0.0018351 0.0018865 0.0018865 0.0017328 0.0018354 0.0019375 0.0015286 0.0014775 0.0014775 0.0017841 0.0016309 0.0015286 0.0016819 0.0015797 0.0024496 0.0020417 0.0020417 0.0016309 0.0015286 0.0017330 0.0019380 0.0015286 0.0015800 0.0016817 0.0015796 0.0015798 0.0018351 0.0018351 0.0018862 0.0019375 0.0017842 0.0015286 0.0019379 0.0019889 0.0021427 0.0019885 0.0019887 0.0018863 0.0016307 0.0017329 0.0018865 0.0019376 0.0017329 0.0018861 0.0018861 0.0020399 0.0019374 0.0023976 0.0020397 0.0019373 0.0020398 0.0020908 0.0020908 0.0018862 0.0021929 0.0021427 0.0020910 0.0013244 0.0013245 0.0013245 0.0013756 0.0016824 0.0016818 0.0017839 0.0368679 0.0379574 0.0372894 0.0332572 
EBOV_H.sap-wt_LBR_14_Makona-LIBR0430_KR006955              2.0825665 2.0886494 2.1066303 2.1335227 2.1335227 1.4338370 1.4900879 0.0306268 0.0306268 0.0308510 0.0311356 0.0026031 0.0016301 0.0017327 0.0015796 0.0017839 0.0000000 0.0002542 0.0004575 0.0008136 0.0010691 0.0006101 0.0006610 0.0007119 0.0007119 0.0005593 0.0006610 0.0007627 0.0003558 0.0003050 0.0003050 0.0006101 0.0004575 0.0003558 0.0005084 0.0004067 0.0012733 0.0008660 0.0008660 0.0004575 0.0003558 0.0005593 0.0007627 0.0003558 0.0004067 0.0005084 0.0004067 0.0004067 0.0005593 0.0005593 0.0007119 0.0007627 0.0006101 0.0003558 0.0007627 0.0008136 0.0009673 0.0008136 0.0008136 0.0007119 0.0004575 0.0005593 0.0007119 0.0007627 0.0005593 0.0007119 0.0007119 0.0008645 0.0007627 0.0011189 0.0007627 0.0006610 0.0007627 0.0008136 0.0008136 0.0006101 0.0009154 0.0008645 0.0008136 0.0004575 0.0010681 0.0010681 0.0011189 0.0014263 0.0014258 0.0015278 0.0365654 0.0376534 0.0368723 0.0330713 
EBOV_H.sap-wt_SLE_14_Makona-G3734.1_KM233055               2.0835535 2.0894541 2.1076209 2.1336025 2.1336025 1.4343751 1.4901616 0.0304604 0.0304604 0.0306844 0.0309689 0.0023471 0.0013750 0.0014774 0.0013244 0.0015286 0.0002542 0.0000000 0.0002033 0.0005593 0.0008136 0.0003558 0.0004067 0.0004575 0.0004575 0.0003050 0.0004067 0.0005084 0.0001017 0.0000508 0.0000508 0.0003558 0.0002033 0.0001017 0.0002542 0.0001525 0.0010183 0.0006101 0.0006101 0.0002033 0.0001017 0.0003050 0.0005084 0.0001017 0.0001525 0.0002542 0.0001525 0.0001525 0.0004067 0.0004067 0.0004575 0.0005084 0.0003558 0.0001017 0.0005084 0.0005593 0.0007119 0.0005593 0.0005593 0.0004575 0.0002033 0.0003050 0.0004575 0.0005084 0.0003050 0.0004575 0.0004575 0.0006101 0.0005084 0.0008645 0.0005084 0.0004067 0.0005084 0.0005593 0.0005593 0.0003558 0.0006610 0.0006101 0.0005593 0.0002033 0.0008136 0.0008136 0.0008645 0.0011712 0.0011698 0.0012727 0.0362833 0.0373706 0.0365899 0.0327920 
EBOV_H.sap-wt_LBR_15_Makona-Liberia-DQE4_KR074998          2.0837021 2.0896026 2.1077677 2.1342354 2.1342354 1.4350514 1.4897049 0.0305707 0.0305707 0.0307948 0.0310794 0.0024495 0.0014770 0.0015795 0.0014264 0.0016306 0.0004575 0.0002033 0.0000000 0.0006610 0.0009154 0.0004575 0.0005084 0.0005593 0.0005593 0.0004067 0.0005084 0.0006101 0.0002033 0.0001525 0.0001525 0.0004575 0.0003050 0.0002033 0.0003558 0.0002542 0.0011202 0.0007130 0.0007130 0.0003050 0.0002033 0.0004067 0.0006101 0.0002033 0.0002542 0.0003558 0.0002542 0.0002542 0.0005084 0.0005084 0.0005593 0.0006101 0.0004575 0.0002033 0.0006101 0.0006610 0.0008136 0.0006610 0.0006610 0.0005593 0.0003050 0.0004067 0.0005593 0.0007119 0.0004067 0.0005593 0.0005593 0.0007119 0.0006101 0.0010681 0.0007119 0.0006101 0.0007119 0.0007627 0.0007627 0.0005593 0.0008645 0.0008136 0.0007627 0.0003050 0.0009154 0.0009154 0.0009663 0.0012732 0.0012727 0.0013747 0.0363954 0.0374830 0.0367022 0.0329031 
EBOV_H.sap-wt_GIN_14_Makona-Kankan-EM_078639_KR817166      2.0846875 2.0906998 2.1087646 2.1342996 2.1342996 1.4353719 1.4913516 0.0308484 0.0308484 0.0310727 0.0313575 0.0027055 0.0018343 0.0019370 0.0017839 0.0019883 0.0008136 0.0005593 0.0006610 0.0000000 0.0007627 0.0005084 0.0006610 0.0007119 0.0007119 0.0005593 0.0008645 0.0009663 0.0005593 0.0005084 0.0005084 0.0008136 0.0006610 0.0005593 0.0007119 0.0006101 0.0014773 0.0010700 0.0010700 0.0006610 0.0005593 0.0007627 0.0009663 0.0005593 0.0006101 0.0007119 0.0006101 0.0006101 0.0008645 0.0008645 0.0009154 0.0009663 0.0008136 0.0005593 0.0009663 0.0010172 0.0011713 0.0010172 0.0010172 0.0009154 0.0006610 0.0007627 0.0009154 0.0010681 0.0007627 0.0009154 0.0009154 0.0010681 0.0009663 0.0014258 0.0010681 0.0009663 0.0010681 0.0011189 0.0011189 0.0009154 0.0012218 0.0011713 0.0011200 0.0006610 0.0012728 0.0012728 0.0013238 0.0016304 0.0016298 0.0017319 0.0366185 0.0377066 0.0369850 0.0331828 
EBOV_H.sap-wt_GIN_14_Makona-Faranah-EM_078415_KR817160     2.0817573 2.0879356 2.1057901 2.1323211 2.1323211 1.4363703 1.4923560 0.0312461 0.0312461 0.0314707 0.0317560 0.0030650 0.0020903 0.0021932 0.0020399 0.0022445 0.0010691 0.0008136 0.0009154 0.0007627 0.0000000 0.0007627 0.0009154 0.0009673 0.0009673 0.0008136 0.0011203 0.0012222 0.0008136 0.0007627 0.0007627 0.0010692 0.0009154 0.0008136 0.0009663 0.0008645 0.0017331 0.0013255 0.0013255 0.0009154 0.0008136 0.0010182 0.0012225 0.0008136 0.0008645 0.0009663 0.0008645 0.0008645 0.0011201 0.0011201 0.0011711 0.0012222 0.0010693 0.0008136 0.0012225 0.0012734 0.0014267 0.0012731 0.0012733 0.0011712 0.0009154 0.0010172 0.0011713 0.0013244 0.0010172 0.0011711 0.0011711 0.0013243 0.0012222 0.0016814 0.0013242 0.0012221 0.0013243 0.0013752 0.0013752 0.0011711 0.0014772 0.0014267 0.0013753 0.0009154 0.0015282 0.0015282 0.0015794 0.0018863 0.0018856 0.0019878 0.0370246 0.0381143 0.0373920 0.0335840 
EBOV_H.sap-wt_GIN_14_Makona-Macenta-EM_076191_KR817141     2.0847107 2.0906172 2.1087944 2.1344770 2.1344770 1.4341115 1.4899077 0.0307382 0.0307382 0.0309624 0.0312471 0.0026031 0.0016301 0.0017327 0.0015796 0.0017839 0.0006101 0.0003558 0.0004575 0.0005084 0.0007627 0.0000000 0.0004575 0.0005084 0.0005084 0.0003558 0.0006610 0.0007627 0.0003558 0.0003050 0.0003050 0.0006101 0.0004575 0.0003558 0.0005084 0.0004067 0.0012733 0.0008660 0.0008660 0.0004575 0.0003558 0.0005593 0.0007627 0.0003558 0.0004067 0.0005084 0.0004067 0.0004067 0.0006610 0.0006610 0.0007119 0.0007627 0.0006101 0.0003558 0.0007627 0.0008136 0.0009673 0.0008136 0.0008136 0.0007119 0.0004575 0.0005593 0.0007119 0.0008645 0.0005593 0.0007119 0.0007119 0.0008645 0.0007627 0.0012218 0.0008645 0.0007627 0.0008645 0.0009154 0.0009154 0.0007119 0.0010172 0.0009673 0.0009154 0.0004575 0.0010681 0.0010681 0.0011189 0.0014263 0.0014258 0.0015278 0.0365065 0.0375944 0.0368729 0.0330718 
EBOV_H.sap-wt_GIN_14_Makona-Beyla-EM_075931_KR817138       2.0829363 2.0888352 2.1070006 2.1366280 2.1366280 1.4352789 1.4909420 0.0307956 0.0307956 0.0310199 0.0313047 0.0026545 0.0016813 0.0017839 0.0016308 0.0018351 0.0006610 0.0004067 0.0005084 0.0006610 0.0009154 0.0004575 0.0000000 0.0005593 0.0005593 0.0004067 0.0007119 0.0008136 0.0004067 0.0003558 0.0003558 0.0006610 0.0005084 0.0004067 0.0005593 0.0004575 0.0013244 0.0009170 0.0009170 0.0005084 0.0004067 0.0006101 0.0008136 0.0004067 0.0004575 0.0005593 0.0004575 0.0004575 0.0007119 0.0007119 0.0007627 0.0008136 0.0006610 0.0004067 0.0008136 0.0008645 0.0010184 0.0008645 0.0008645 0.0007627 0.0005084 0.0006101 0.0007627 0.0009154 0.0006101 0.0007627 0.0007627 0.0009154 0.0008136 0.0012729 0.0009154 0.0008136 0.0009154 0.0009663 0.0009663 0.0007627 0.0010681 0.0010184 0.0009663 0.0005084 0.0011189 0.0011189 0.0011710 0.0014774 0.0014769 0.0015789 0.0365653 0.0376534 0.0369318 0.0331298 
EBOV_H.sap-wt_GIN_14_Makona-Kissidougou-EM_078694_KR817171 2.0871697 2.0931921 2.1113882 2.1377002 2.1377002 1.4359605 1.4912773 0.0308559 0.0308559 0.0310803 0.0313652 0.0027061 0.0017326 0.0018352 0.0016821 0.0018865 0.0007119 0.0004575 0.0005593 0.0007119 0.0009673 0.0005084 0.0005593 0.0000000 0.0000010 0.0004575 0.0007627 0.0008645 0.0004575 0.0004067 0.0004067 0.0007119 0.0005593 0.0004575 0.0006101 0.0005084 0.0013756 0.0009682 0.0009682 0.0005593 0.0004575 0.0006610 0.0008655 0.0004575 0.0005084 0.0006101 0.0005084 0.0005084 0.0007627 0.0007627 0.0008136 0.0008645 0.0007119 0.0004575 0.0008645 0.0009164 0.0010695 0.0009154 0.0009154 0.0008136 0.0005593 0.0006610 0.0008136 0.0009673 0.0006610 0.0008136 0.0008136 0.0009673 0.0008645 0.0013241 0.0009663 0.0008645 0.0009663 0.0010182 0.0010182 0.0008136 0.0011201 0.0010695 0.0010183 0.0005593 0.0011711 0.0011711 0.0012221 0.0015287 0.0015281 0.0016302 0.0365788 0.0376673 0.0369455 0.0331909 
EBOV_H.sap-wt_GIN_14_Makona-Kissidougou-EM_078722_KR817175 2.0871697 2.0931921 2.1113882 2.1377002 2.1377002 1.4359605 1.4912773 0.0308559 0.0308559 0.0310803 0.0313652 0.0027061 0.0017326 0.0018352 0.0016821 0.0018865 0.0007119 0.0004575 0.0005593 0.0007119 0.0009673 0.0005084 0.0005593 0.0000010 0.0000000 0.0004575 0.0007627 0.0008645 0.0004575 0.0004067 0.0004067 0.0007119 0.0005593 0.0004575 0.0006101 0.0005084 0.0013756 0.0009682 0.0009682 0.0005593 0.0004575 0.0006610 0.0008655 0.0004575 0.0005084 0.0006101 0.0005084 0.0005084 0.0007627 0.0007627 0.0008136 0.0008645 0.0007119 0.0004575 0.0008645 0.0009164 0.0010695 0.0009154 0.0009154 0.0008136 0.0005593 0.0006610 0.0008136 0.0009673 0.0006610 0.0008136 0.0008136 0.0009673 0.0008645 0.0013241 0.0009663 0.0008645 0.0009663 0.0010182 0.0010182 0.0008136 0.0011201 0.0010695 0.0010183 0.0005593 0.0011711 0.0011711 0.0012221 0.0015287 0.0015281 0.0016302 0.0365788 0.0376673 0.0369455 0.0331909 
EBOV_H.sap-wt_LBR_14_Makona-LIBR0505_KR006957              2.0838653 2.0897672 2.1079360 2.1343704 2.1343704 1.4350916 1.4905528 0.0306819 0.0306819 0.0309061 0.0311908 0.0025519 0.0015791 0.0016816 0.0015285 0.0017328 0.0005593 0.0003050 0.0004067 0.0005593 0.0008136 0.0003558 0.0004067 0.0004575 0.0004575 0.0000000 0.0006101 0.0007119 0.0003050 0.0002542 0.0002542 0.0005593 0.0004067 0.0003050 0.0004575 0.0003558 0.0012222 0.0008150 0.0008150 0.0004067 0.0003050 0.0005084 0.0007119 0.0003050 0.0003558 0.0004575 0.0003558 0.0003558 0.0006101 0.0006101 0.0006610 0.0007119 0.0005593 0.0003050 0.0007119 0.0007627 0.0009154 0.0007627 0.0007627 0.0006610 0.0004067 0.0005084 0.0006610 0.0008136 0.0005084 0.0006610 0.0006610 0.0008136 0.0007119 0.0011698 0.0008136 0.0007119 0.0008136 0.0008645 0.0008645 0.0006610 0.0009663 0.0009154 0.0008645 0.0004067 0.0010172 0.0010172 0.0010681 0.0013752 0.0013747 0.0014768 0.0364492 0.0375368 0.0368155 0.0330151 
EBOV_H.sap-wt_SLE_14_Makona-Kailahun-20140517_KR653263     2.0804719 2.0863577 2.1044986 2.1300012 2.1300012 1.4355093 1.4901629 0.0307427 0.0307427 0.0309670 0.0312518 0.0026550 0.0016816 0.0017842 0.0016311 0.0018354 0.0006610 0.0004067 0.0005084 0.0008645 0.0011203 0.0006610 0.0007119 0.0007627 0.0007627 0.0006101 0.0000000 0.0004067 0.0004067 0.0003558 0.0003558 0.0006610 0.0005084 0.0004067 0.0005593 0.0004575 0.0013246 0.0009172 0.0009172 0.0005084 0.0004067 0.0006101 0.0008136 0.0004067 0.0004575 0.0005593 0.0004575 0.0004575 0.0007119 0.0007119 0.0007627 0.0008136 0.0006610 0.0004067 0.0008136 0.0008645 0.0010186 0.0008645 0.0008645 0.0007627 0.0005084 0.0006101 0.0007627 0.0009164 0.0006101 0.0007627 0.0007627 0.0009154 0.0008136 0.0012731 0.0009154 0.0008136 0.0009154 0.0009663 0.0009663 0.0007627 0.0010691 0.0010186 0.0009673 0.0005084 0.0011201 0.0011201 0.0011712 0.0014777 0.0014771 0.0015792 0.0366317 0.0377203 0.0369388 0.0331360 
EBOV_H.sap-wt_SLE_14_Makona-G4973_1_KR105286               2.0815364 2.0878575 2.1060081 2.1328799 2.1328799 1.4362338 1.4907526 0.0309101 0.0309101 0.0311345 0.0314194 0.0027572 0.0017836 0.0018863 0.0017331 0.0019375 0.0007627 0.0005084 0.0006101 0.0009663 0.0012222 0.0007627 0.0008136 0.0008645 0.0008645 0.0007119 0.0004067 0.0000000 0.0005084 0.0004575 0.0004575 0.0007627 0.0006101 0.0005084 0.0006610 0.0005593 0.0014266 0.0010192 0.0010192 0.0006101 0.0005084 0.0007119 0.0009165 0.0005084 0.0005593 0.0006610 0.0005593 0.0005593 0.0008136 0.0008136 0.0008645 0.0009154 0.0007627 0.0005084 0.0009164 0.0009673 0.0011205 0.0009663 0.0009663 0.0008645 0.0006101 0.0007119 0.0008645 0.0010183 0.0007119 0.0008645 0.0008645 0.0010183 0.0009154 0.0013751 0.0010182 0.0009154 0.0010182 0.0010691 0.0010691 0.0008645 0.0011710 0.0011205 0.0010692 0.0006101 0.0012220 0.0012220 0.0012731 0.0015797 0.0015791 0.0016812 0.0367419 0.0378307 0.0370491 0.0332454 
EBOV_H.sap-wt_SLE_14_Makona-G3799_KM233080                 2.0832405 2.0891400 2.1073056 2.1336360 2.1336360 1.4344015 1.4899114 0.0304607 0.0304607 0.0306847 0.0309692 0.0023472 0.0013750 0.0014774 0.0013244 0.0015286 0.0003558 0.0001017 0.0002033 0.0005593 0.0008136 0.0003558 0.0004067 0.0004575 0.0004575 0.0003050 0.0004067 0.0005084 0.0000000 0.0000508 0.0000508 0.0003558 0.0002033 0.0001017 0.0002542 0.0001525 0.0010183 0.0006101 0.0006101 0.0002033 0.0001017 0.0003050 0.0005084 0.0001017 0.0001525 0.0002542 0.0001525 0.0001525 0.0004067 0.0004067 0.0004575 0.0005084 0.0003558 0.0001017 0.0005084 0.0005593 0.0007119 0.0005593 0.0005593 0.0004575 0.0002033 0.0003050 0.0004575 0.0006101 0.0003050 0.0004575 0.0004575 0.0006101 0.0005084 0.0009663 0.0006101 0.0005084 0.0006101 0.0006610 0.0006610 0.0004575 0.0007627 0.0007119 0.0006610 0.0002033 0.0008136 0.0008136 0.0008645 0.0011712 0.0011698 0.0012728 0.0362837 0.0373710 0.0365903 0.0327924 
EBOV_H.sap-wt_SLE_14_Makona-G3788_KM233075                 2.0835740 2.0894746 2.1076410 2.1338670 2.1338670 1.4344015 1.4899333 0.0304047 0.0304047 0.0306288 0.0309132 0.0022959 0.0013240 0.0014264 0.0012734 0.0014775 0.0003050 0.0000508 0.0001525 0.0005084 0.0007627 0.0003050 0.0003558 0.0004067 0.0004067 0.0002542 0.0003558 0.0004575 0.0000508 0.0000000 0.0000010 0.0003050 0.0001525 0.0000508 0.0002033 0.0001017 0.0009673 0.0005593 0.0005593 0.0001525 0.0000508 0.0002542 0.0004575 0.0000508 0.0001017 0.0002033 0.0001017 0.0001017 0.0003558 0.0003558 0.0004067 0.0004575 0.0003050 0.0000508 0.0004575 0.0005084 0.0006610 0.0005084 0.0005084 0.0004067 0.0001525 0.0002542 0.0004067 0.0005593 0.0002542 0.0004067 0.0004067 0.0005593 0.0004575 0.0009154 0.0005593 0.0004575 0.0005593 0.0006101 0.0006101 0.0004067 0.0007119 0.0006610 0.0006101 0.0001525 0.0007627 0.0007627 0.0008136 0.0011202 0.0011189 0.0012208 0.0362267 0.0373138 0.0365332 0.0327360 
EBOV_H.sap-wt_SLE_14_Makona-G3677.2_KM034557               2.0835740 2.0894746 2.1076410 2.1338670 2.1338670 1.4344015 1.4899333 0.0304047 0.0304047 0.0306288 0.0309132 0.0022959 0.0013240 0.0014264 0.0012734 0.0014775 0.0003050 0.0000508 0.0001525 0.0005084 0.0007627 0.0003050 0.0003558 0.0004067 0.0004067 0.0002542 0.0003558 0.0004575 0.0000508 0.0000010 0.0000000 0.0003050 0.0001525 0.0000508 0.0002033 0.0001017 0.0009673 0.0005593 0.0005593 0.0001525 0.0000508 0.0002542 0.0004575 0.0000508 0.0001017 0.0002033 0.0001017 0.0001017 0.0003558 0.0003558 0.0004067 0.0004575 0.0003050 0.0000508 0.0004575 0.0005084 0.0006610 0.0005084 0.0005084 0.0004067 0.0001525 0.0002542 0.0004067 0.0005593 0.0002542 0.0004067 0.0004067 0.0005593 0.0004575 0.0009154 0.0005593 0.0004575 0.0005593 0.0006101 0.0006101 0.0004067 0.0007119 0.0006610 0.0006101 0.0001525 0.0007627 0.0007627 0.0008136 0.0011202 0.0011189 0.0012208 0.0362267 0.0373138 0.0365332 0.0327360 
EBOV_H.sap-wt_SLE_14_Makona-Kenema-G5059_1_KR105296        2.0849429 2.0913883 2.1095660 2.1327413 2.1327413 1.4352575 1.4904898 0.0306313 0.0306313 0.0308555 0.0311402 0.0026035 0.0016304 0.0017329 0.0015798 0.0017841 0.0006101 0.0003558 0.0004575 0.0008136 0.0010692 0.0006101 0.0006610 0.0007119 0.0007119 0.0005593 0.0006610 0.0007627 0.0003558 0.0003050 0.0003050 0.0000000 0.0004575 0.0003558 0.0005084 0.0004067 0.0012734 0.0008661 0.0008661 0.0004575 0.0003558 0.0005593 0.0007627 0.0003558 0.0004067 0.0005084 0.0004067 0.0004067 0.0006101 0.0006101 0.0007119 0.0007627 0.0006101 0.0003558 0.0007627 0.0008136 0.0009675 0.0008136 0.0008136 0.0007119 0.0004575 0.0005593 0.0007119 0.0008645 0.0005593 0.0007119 0.0007119 0.0008645 0.0007627 0.0012220 0.0008645 0.0007627 0.0008645 0.0009154 0.0009154 0.0007119 0.0010172 0.0009675 0.0009154 0.0004575 0.0010681 0.0010681 0.0011201 0.0014265 0.0014260 0.0015280 0.0365708 0.0376590 0.0368778 0.0330761 
EBOV_H.sap-wt_SLE_14_Makona-Kenema-G4702_1_KR105265        2.0842043 2.0901085 2.1079927 2.1349801 2.1349801 1.4350571 1.4896346 0.0305758 0.0305758 0.0307999 0.0310846 0.0024498 0.0014772 0.0015797 0.0014267 0.0016309 0.0004575 0.0002033 0.0003050 0.0006610 0.0009154 0.0004575 0.0005084 0.0005593 0.0005593 0.0004067 0.0005084 0.0006101 0.0002033 0.0001525 0.0001525 0.0004575 0.0000000 0.0002033 0.0003558 0.0002542 0.0011204 0.0007131 0.0007131 0.0003050 0.0002033 0.0004067 0.0006101 0.0002033 0.0002542 0.0003558 0.0002542 0.0002542 0.0005084 0.0005084 0.0005593 0.0006101 0.0004575 0.0002033 0.0006101 0.0006610 0.0008136 0.0006610 0.0006610 0.0005593 0.0003050 0.0004067 0.0005593 0.0007119 0.0004067 0.0005593 0.0005593 0.0007119 0.0006101 0.0010691 0.0007119 0.0006101 0.0007119 0.0007627 0.0007627 0.0005593 0.0008645 0.0008136 0.0007627 0.0003050 0.0009154 0.0009154 0.0009663 0.0012734 0.0012729 0.0013749 0.0364016 0.0374893 0.0367083 0.0329086 
EBOV_H.sap-wt_SLE_14_Makona-Kenema-G4856_1_KR105273        2.0835290 2.0894293 2.1080632 2.1335334 2.1335334 1.4342418 1.4899114 0.0304607 0.0304607 0.0306847 0.0309692 0.0023472 0.0013750 0.0014774 0.0013244 0.0015286 0.0003558 0.0001017 0.0002033 0.0005593 0.0008136 0.0003558 0.0004067 0.0004575 0.0004575 0.0003050 0.0004067 0.0005084 0.0001017 0.0000508 0.0000508 0.0003558 0.0002033 0.0000000 0.0002542 0.0001525 0.0010183 0.0006101 0.0006101 0.0002033 0.0001017 0.0003050 0.0005084 0.0001017 0.0001525 0.0002542 0.0001525 0.0001525 0.0004067 0.0004067 0.0004575 0.0005084 0.0003558 0.0001017 0.0005084 0.0005593 0.0007119 0.0005593 0.0005593 0.0004575 0.0002033 0.0003050 0.0004575 0.0006101 0.0003050 0.0004575 0.0004575 0.0006101 0.0005084 0.0009663 0.0006101 0.0005084 0.0006101 0.0006610 0.0006610 0.0004575 0.0007627 0.0007119 0.0006610 0.0002033 0.0008136 0.0008136 0.0008645 0.0011712 0.0011698 0.0012728 0.0362837 0.0373710 0.0365903 0.0327924 
EBOV_H.sap-wt_SLE_14_Makona-Bonthe-G5723_1_KR105319        2.0854664 2.0913753 2.1095552 2.1352746 2.1352746 1.4352310 1.4912494 0.0306308 0.0306308 0.0308550 0.0311397 0.0025010 0.0015282 0.0016307 0.0014777 0.0016819 0.0005084 0.0002542 0.0003558 0.0007119 0.0009663 0.0005084 0.0005593 0.0006101 0.0006101 0.0004575 0.0005593 0.0006610 0.0002542 0.0002033 0.0002033 0.0005084 0.0003558 0.0002542 0.0000000 0.0002033 0.0010693 0.0006620 0.0006620 0.0002542 0.0002542 0.0004575 0.0006610 0.0002542 0.0003050 0.0004067 0.0003050 0.0003050 0.0005593 0.0005593 0.0006101 0.0006610 0.0005084 0.0002542 0.0006610 0.0007119 0.0008655 0.0007119 0.0007119 0.0006101 0.0003558 0.0004575 0.0006101 0.0007627 0.0004575 0.0006101 0.0006101 0.0007627 0.0006610 0.0011200 0.0007627 0.0006610 0.0007627 0.0008136 0.0008136 0.0006101 0.0009154 0.0008655 0.0008136 0.0003558 0.0009663 0.0009663 0.0010172 0.0013244 0.0013239 0.0014259 0.0364575 0.0375455 0.0367644 0.0329640 
EBOV_H.sap-wt_SLE_14_Makona-J0042_KP759711                 2.0850894 2.0909965 2.1091732 2.1346436 2.1346436 1.4349518 1.4905127 0.0305180 0.0305180 0.0307421 0.0310266 0.0023985 0.0014261 0.0015285 0.0013755 0.0015797 0.0004067 0.0001525 0.0002542 0.0006101 0.0008645 0.0004067 0.0004575 0.0005084 0.0005084 0.0003558 0.0004575 0.0005593 0.0001525 0.0001017 0.0001017 0.0004067 0.0002542 0.0001525 0.0002033 0.0000000 0.0008645 0.0005593 0.0005593 0.0001525 0.0001525 0.0003558 0.0005593 0.0001525 0.0002033 0.0003050 0.0002033 0.0002033 0.0004575 0.0004575 0.0005084 0.0005593 0.0004067 0.0001525 0.0005593 0.0006101 0.0007627 0.0006101 0.0006101 0.0005084 0.0002542 0.0003558 0.0005084 0.0006610 0.0003558 0.0005084 0.0005084 0.0006610 0.0005593 0.0010172 0.0006610 0.0005593 0.0006610 0.0007119 0.0007119 0.0005084 0.0008136 0.0007627 0.0007119 0.0002542 0.0008645 0.0008645 0.0009154 0.0012223 0.0012218 0.0013238 0.0363424 0.0374299 0.0366490 0.0328502 
EBOV_H.sap-wt_SLE_14_Makona-J0150_KP759696                 2.0822823 2.0879923 2.1063334 2.1286480 2.1286480 1.4358302 1.4883712 0.0314167 0.0314167 0.0316414 0.0319268 0.0032708 0.0022953 0.0023982 0.0022449 0.0024496 0.0012733 0.0010183 0.0011202 0.0014773 0.0017331 0.0012733 0.0013244 0.0013756 0.0013756 0.0012222 0.0013246 0.0014266 0.0010183 0.0009673 0.0009673 0.0012734 0.0011204 0.0010183 0.0010693 0.0008645 0.0000000 0.0014278 0.0014278 0.0010183 0.0010183 0.0012224 0.0014269 0.0010183 0.0010695 0.0011712 0.0010693 0.0010694 0.0013244 0.0013244 0.0013754 0.0014265 0.0012735 0.0010183 0.0014268 0.0014778 0.0016313 0.0014775 0.0014776 0.0013754 0.0011203 0.0012223 0.0013756 0.0015288 0.0012223 0.0013753 0.0013753 0.0015288 0.0014265 0.0018861 0.0015287 0.0013243 0.0014266 0.0014775 0.0014775 0.0012733 0.0015795 0.0015291 0.0014777 0.0011202 0.0017328 0.0017328 0.0017839 0.0020911 0.0020904 0.0021926 0.0372584 0.0383490 0.0375665 0.0336965 
EBOV_H.sap-wt_SLE_14_Makona-J0171_KP759707                 2.0863361 2.0922514 2.1104453 2.1373871 2.1373871 1.4394205 1.4907144 0.0310508 0.0310508 0.0312754 0.0315607 0.0028625 0.0018876 0.0019904 0.0018371 0.0020417 0.0008660 0.0006101 0.0007130 0.0010700 0.0013255 0.0008660 0.0009170 0.0009682 0.0009682 0.0008150 0.0009172 0.0010192 0.0006101 0.0005593 0.0005593 0.0008661 0.0007131 0.0006101 0.0006620 0.0005593 0.0014278 0.0000000 0.0000010 0.0006101 0.0006101 0.0008151 0.0010194 0.0006101 0.0006622 0.0007640 0.0006620 0.0006621 0.0009170 0.0009170 0.0009680 0.0010191 0.0008661 0.0006101 0.0010193 0.0010703 0.0012237 0.0010701 0.0010702 0.0009681 0.0007130 0.0008150 0.0009682 0.0011213 0.0008150 0.0009680 0.0009680 0.0011213 0.0010191 0.0014786 0.0011212 0.0010190 0.0011212 0.0011722 0.0011722 0.0009680 0.0012742 0.0012237 0.0011723 0.0007130 0.0013253 0.0013253 0.0013764 0.0016834 0.0016828 0.0017850 0.0368900 0.0379801 0.0371977 0.0333890 
EBOV_H.sap-wt_SLE_14_Makona-J0174_KP759708                 2.0863361 2.0922514 2.1104453 2.1373871 2.1373871 1.4394205 1.4907144 0.0310508 0.0310508 0.0312754 0.0315607 0.0028625 0.0018876 0.0019904 0.0018371 0.0020417 0.0008660 0.0006101 0.0007130 0.0010700 0.0013255 0.0008660 0.0009170 0.0009682 0.0009682 0.0008150 0.0009172 0.0010192 0.0006101 0.0005593 0.0005593 0.0008661 0.0007131 0.0006101 0.0006620 0.0005593 0.0014278 0.0000010 0.0000000 0.0006101 0.0006101 0.0008151 0.0010194 0.0006101 0.0006622 0.0007640 0.0006620 0.0006621 0.0009170 0.0009170 0.0009680 0.0010191 0.0008661 0.0006101 0.0010193 0.0010703 0.0012237 0.0010701 0.0010702 0.0009681 0.0007130 0.0008150 0.0009682 0.0011213 0.0008150 0.0009680 0.0009680 0.0011213 0.0010191 0.0014786 0.0011212 0.0010190 0.0011212 0.0011722 0.0011722 0.0009680 0.0012742 0.0012237 0.0011723 0.0007130 0.0013253 0.0013253 0.0013764 0.0016834 0.0016828 0.0017850 0.0368900 0.0379801 0.0371977 0.0333890 
EBOV_H.sap-wt_SLE_14_Makona-Moyamba-G6103_1_KR105348       2.0854721 2.0913824 2.1095664 2.1359830 2.1359830 1.4357529 1.4906599 0.0305752 0.0305752 0.0307994 0.0310840 0.0024498 0.0014772 0.0015797 0.0014266 0.0016309 0.0004575 0.0002033 0.0003050 0.0006610 0.0009154 0.0004575 0.0005084 0.0005593 0.0005593 0.0004067 0.0005084 0.0006101 0.0002033 0.0001525 0.0001525 0.0004575 0.0003050 0.0002033 0.0002542 0.0001525 0.0010183 0.0006101 0.0006101 0.0000000 0.0002033 0.0004067 0.0006101 0.0002033 0.0002542 0.0003558 0.0002542 0.0002542 0.0005084 0.0005084 0.0005593 0.0006101 0.0004575 0.0002033 0.0006101 0.0006610 0.0008136 0.0006610 0.0006610 0.0005593 0.0003050 0.0004067 0.0005593 0.0007119 0.0004067 0.0005593 0.0005593 0.0007119 0.0006101 0.0010681 0.0007119 0.0006101 0.0007119 0.0007627 0.0007627 0.0005593 0.0008645 0.0008136 0.0007627 0.0003050 0.0009154 0.0009154 0.0009663 0.0012734 0.0012729 0.0013749 0.0364010 0.0374887 0.0367077 0.0329080 
EBOV_H.sap-wt_SLE_14_Makona-G3789.1_KM233076               2.0825875 2.0884834 2.1066418 2.1347292 2.1347292 1.4348889 1.4905375 0.0304609 0.0304609 0.0306850 0.0309695 0.0023472 0.0013750 0.0014774 0.0013244 0.0015286 0.0003558 0.0001017 0.0002033 0.0005593 0.0008136 0.0003558 0.0004067 0.0004575 0.0004575 0.0003050 0.0004067 0.0005084 0.0001017 0.0000508 0.0000508 0.0003558 0.0002033 0.0001017 0.0002542 0.0001525 0.0010183 0.0006101 0.0006101 0.0002033 0.0000000 0.0003050 0.0005084 0.0001017 0.0001525 0.0002542 0.0001525 0.0001525 0.0004067 0.0004067 0.0004575 0.0005084 0.0003558 0.0001017 0.0005084 0.0005593 0.0007119 0.0005593 0.0005593 0.0004575 0.0002033 0.0003050 0.0004575 0.0006101 0.0003050 0.0004575 0.0004575 0.0006101 0.0005084 0.0009663 0.0006101 0.0005084 0.0006101 0.0006610 0.0006610 0.0004575 0.0007627 0.0007119 0.0006610 0.0002033 0.0008136 0.0008136 0.0008645 0.0011712 0.0011698 0.0012728 0.0362840 0.0373713 0.0365906 0.0327927 
