94
RESTV_M.fas-tc_USA_89_Philippines89-Pennsylvania_NC_004161 0.0000000 0.0263960 0.0329938 2.0612946 2.0607198 2.2856211 2.1769196 2.0662148 2.0658666 2.0682534 2.0674463 2.1008804 2.1009251 2.0996022 2.1040075 2.1010291 2.1044170 2.1039683 2.1042613 2.1062784 2.1050514 2.1055589 2.1054902 2.1058514 2.1058514 2.1066603 2.1045649 2.1076497 2.1043750 2.1043750 2.1035033 2.1047603 2.1035847 2.1041368 2.1041368 2.1038986 2.1062418 2.1059499 2.1024457 2.1066912 2.1066912 2.1064522 2.1048579 2.1037656 2.1069073 2.1046198 2.1046198 2.1043473 2.1044097 2.1044097 2.1041091 2.1038973 2.1052805 2.1052115 2.1060560 2.1066805 2.1039479 2.1044097 2.1044097 2.1067618 2.1047288 2.1038846 2.1049940 2.1072902 2.1054705 2.1046672 2.1043905 2.1042137 2.1041372 2.1047607 2.1047607 2.1054573 2.1055509 2.1023481 2.1046940 2.1060168 2.1060246 2.1063033 2.1063033 2.1036545 2.1036737 2.1033631 2.1048907 2.1031062 2.1005068 2.1005068 2.1007637 2.1011506 2.1005950 2.1009460 2.0670251 2.0680001 2.0586380 2.0674866 
RESTV_S.dom-tc_PHL_08_Reston08-A_FJ621583                  0.0263960 0.0000000 0.0512159 2.0939696 2.0933746 2.2772370 2.1740721 2.0729835 2.0726353 2.0750277 2.0742189 2.1116960 2.1119537 2.1104632 2.1150392 2.1120410 2.1154704 2.1150173 2.1153087 2.1173342 2.1161038 2.1166187 2.1167725 2.1177615 2.1177615 2.1178034 2.1156166 2.1187149 2.1154245 2.1154245 2.1145470 2.1158162 2.1146338 2.1151863 2.1151863 2.1149480 2.1172995 2.1170062 2.1138671 2.1177670 2.1177670 2.1175094 2.1159072 2.1148069 2.1181466 2.1156690 2.1156690 2.1153963 2.1154596 2.1154596 2.1151581 2.1149411 2.1163321 2.1162625 2.1171134 2.1177390 2.1149918 2.1154596 2.1154596 2.1183144 2.1162677 2.1154182 2.1165344 2.1188440 2.1170154 2.1157182 2.1154395 2.1152581 2.1151869 2.1158168 2.1158168 2.1146589 2.1159778 2.1132074 2.1157505 2.1190118 2.1190197 2.1193008 2.1193008 2.1166380 2.1166585 2.1163450 2.1176589 2.1141492 2.1119762 2.1119762 2.1120112 2.1124028 2.1118421 2.1121937 2.0772946 2.0777988 2.0694627 2.0812537 
RESTV_S.dom-xx_PHL_08_Reston08-C_FJ621584                  0.0329938 0.0512159 0.0000000 2.0539494 2.0533800 2.2703265 2.1751854 2.0630980 2.0629695 2.0651326 2.0642410 2.0979156 2.0979786 2.0975034 2.1010589 2.0980834 2.1018531 2.1010189 2.1013125 2.1035517 2.1023247 2.1028307 2.1029851 2.1031230 2.1031230 2.1032261 2.1016152 2.1046988 2.1014258 2.1014258 2.1009550 2.1022100 2.1010353 2.1015876 2.1015876 2.1013492 2.1030690 2.1027772 2.0992764 2.1035176 2.1035176 2.1032797 2.1019091 2.1008180 2.1037339 2.1016708 2.1016708 2.1013982 2.1014604 2.1014604 2.1011598 2.1010324 2.1023314 2.1022625 2.1031060 2.1037307 2.1009998 2.1014604 2.1014604 2.1042928 2.1022617 2.1014181 2.1025266 2.1048212 2.1030024 2.1017178 2.1014413 2.1012657 2.1011877 2.1018100 2.1018100 2.1025076 2.1026020 2.0994007 2.1017431 2.1030669 2.1030745 2.1033529 2.1033529 2.1007052 2.1007241 2.1003985 2.1006007 2.1001576 2.0995581 2.0995581 2.0978183 2.0982043 2.1000322 2.1003835 2.0659043 2.0667920 2.0562479 2.0658730 
SUDV_H.sap-xx_UGA_12_EboSud-603_KC545390                   2.0612946 2.0939696 2.0539494 0.0000000 0.0002558 2.3010118 2.2912458 2.1210442 2.1215547 2.1233043 2.1209336 2.1650126 2.1617164 2.1602896 2.1632638 2.1640722 2.1621452 2.1616894 2.1607793 2.1640796 2.1617490 2.1634950 2.1629966 2.1640454 2.1640454 2.1644712 2.1634214 2.1625827 2.1616164 2.1616164 2.1625780 2.1633040 2.1623320 2.1620106 2.1620106 2.1621771 2.1637252 2.1629301 2.1599838 2.1626666 2.1626666 2.1629658 2.1620224 2.1605762 2.1626446 2.1617830 2.1617830 2.1621399 2.1620595 2.1620595 2.1623065 2.1627947 2.1617516 2.1623109 2.1650294 2.1644579 2.1629859 2.1616655 2.1616655 2.1605478 2.1609855 2.1605309 2.1611202 2.1621310 2.1617011 2.1619301 2.1595090 2.1612716 2.1613904 2.1627618 2.1627618 2.1619305 2.1618302 2.1621031 2.1626156 2.1626254 2.1645527 2.1625971 2.1625971 2.1614567 2.1617507 2.1632978 2.1626799 2.1617568 2.1612551 2.1612551 2.1606704 2.1605632 2.1642731 2.1639979 2.1327579 2.1327333 2.1397095 2.1329224 
SUDV_H.sap-xx_UGA_12_EboSud-609_KC545391                   2.0607198 2.0933746 2.0533800 0.0002558 0.0000000 2.3030104 2.2904453 2.1222024 2.1227129 2.1244638 2.1220922 2.1661991 2.1629005 2.1614731 2.1644489 2.1652581 2.1633298 2.1628735 2.1619632 2.1652656 2.1629337 2.1646805 2.1641809 2.1652308 2.1652308 2.1656568 2.1646058 2.1637669 2.1628006 2.1628006 2.1637629 2.1644891 2.1635164 2.1631949 2.1631949 2.1633616 2.1649101 2.1641151 2.1611665 2.1638511 2.1638511 2.1641507 2.1632067 2.1617597 2.1638289 2.1629672 2.1629672 2.1633243 2.1632438 2.1632438 2.1634909 2.1639795 2.1629358 2.1634952 2.1662157 2.1656442 2.1641706 2.1628497 2.1628497 2.1617314 2.1621689 2.1617150 2.1623052 2.1633160 2.1628853 2.1631145 2.1606920 2.1624551 2.1625746 2.1639467 2.1639467 2.1631150 2.1630144 2.1632875 2.1638003 2.1638102 2.1657388 2.1637819 2.1637819 2.1626409 2.1629349 2.1644833 2.1638648 2.1629416 2.1624394 2.1624394 2.1618546 2.1617469 2.1654587 2.1651835 2.1345398 2.1345157 2.1414981 2.1340872 
TAFV_H.sap-tc_CIV_94_Pauleoula-CI_NC_014372                2.2856211 2.2772370 2.2703265 2.3010118 2.3030104 0.0000000 0.8134650 1.4437562 1.4434795 1.4425821 1.4456185 1.4609248 1.4605222 1.4630469 1.4601176 1.4602595 1.4602921 1.4597701 1.4596589 1.4611330 1.4597724 1.4608445 1.4604264 1.4599914 1.4599914 1.4605884 1.4603011 1.4596948 1.4597844 1.4597844 1.4612911 1.4603816 1.4604024 1.4601032 1.4601032 1.4603239 1.4588055 1.4586241 1.4605397 1.4583943 1.4583943 1.4586460 1.4599328 1.4608650 1.4613523 1.4597264 1.4597264 1.4595430 1.4601163 1.4601163 1.4599360 1.4604744 1.4611150 1.4606549 1.4600429 1.4603881 1.4604533 1.4598403 1.4598403 1.4594513 1.4590616 1.4606506 1.4598011 1.4596998 1.4590283 1.4600687 1.4589142 1.4594690 1.4601166 1.4603950 1.4603950 1.4592053 1.4608330 1.4617577 1.4594310 1.4594300 1.4610590 1.4598660 1.4598660 1.4593632 1.4593851 1.4593117 1.4600954 1.4606537 1.4612172 1.4612172 1.4591390 1.4586075 1.4590667 1.4588834 1.4570817 1.4597538 1.4615793 1.4561882 
BDBV_H.sap-xx_COD_12_EboBund-122_KC545395                  2.1769196 2.1740721 2.1751854 2.2912458 2.2904453 0.8134650 0.0000000 1.4050373 1.4050438 1.4049309 1.4033826 1.4266913 1.4235277 1.4258132 1.4243427 1.4241842 1.4263521 1.4264778 1.4263249 1.4282067 1.4275484 1.4272997 1.4281987 1.4270379 1.4270379 1.4266125 1.4253115 1.4260813 1.4263860 1.4263860 1.4265843 1.4263494 1.4258394 1.4260859 1.4260859 1.4263041 1.4260891 1.4260578 1.4268489 1.4251542 1.4251542 1.4260792 1.4265320 1.4269756 1.4278056 1.4263282 1.4263282 1.4261031 1.4265419 1.4265419 1.4258993 1.4270548 1.4274141 1.4272424 1.4271254 1.4274648 1.4254516 1.4263351 1.4258385 1.4250820 1.4260523 1.4265118 1.4262929 1.4253105 1.4258338 1.4265602 1.4262998 1.4263999 1.4261100 1.4268704 1.4268704 1.4244583 1.4279361 1.4279187 1.4276594 1.4267830 1.4266450 1.4249368 1.4249368 1.4256515 1.4258187 1.4266738 1.4243622 1.4262516 1.4249034 1.4249034 1.4249476 1.4239186 1.4265561 1.4265462 1.4216741 1.4230099 1.4198840 1.4170539 
EBOV_H.sap-tc_COD_07_1Luebo_KC242786                       2.0662148 2.0729835 2.0630980 2.1210442 2.1222024 1.4437562 1.4050373 0.0000000 0.0002551 0.0002551 0.0006123 0.0325095 0.0313861 0.0320141 0.0315461 0.0316569 0.0319588 0.0316185 0.0319014 0.0323060 0.0321222 0.0320122 0.0324579 0.0320092 0.0320092 0.0322913 0.0325824 0.0322935 0.0317306 0.0317306 0.0322343 0.0319559 0.0320105 0.0318424 0.0318424 0.0318985 0.0321791 0.0320113 0.0326334 0.0324093 0.0324093 0.0321232 0.0318422 0.0321237 0.0325173 0.0317866 0.0317866 0.0318428 0.0317859 0.0317859 0.0318989 0.0320117 0.0322331 0.0320652 0.0323434 0.0325113 0.0320668 0.0318980 0.0320101 0.0322931 0.0322947 0.0326851 0.0326930 0.0325753 0.0322354 0.0319538 0.0322361 0.0320106 0.0319543 0.0320677 0.0320677 0.0324070 0.0322965 0.0321794 0.0321767 0.0323553 0.0324132 0.0324641 0.0324641 0.0320718 0.0321312 0.0324102 0.0322962 0.0312726 0.0310480 0.0310480 0.0310953 0.0311110 0.0310986 0.0311547 0.0242366 0.0248041 0.0234783 0.0213732 
EBOV_H.sap-tc_COD_07_M-M_HQ613403                          2.0658666 2.0726353 2.0629695 2.1215547 2.1227129 1.4434795 1.4050438 0.0002551 0.0000000 0.0003061 0.0006633 0.0325628 0.0314394 0.0320674 0.0315994 0.0317101 0.0320121 0.0316718 0.0319548 0.0323593 0.0321755 0.0320656 0.0325112 0.0320625 0.0320625 0.0323447 0.0326358 0.0323469 0.0317839 0.0317839 0.0322877 0.0320092 0.0320638 0.0318957 0.0318957 0.0319518 0.0322324 0.0320646 0.0326331 0.0324627 0.0324627 0.0321766 0.0318955 0.0321770 0.0325706 0.0318399 0.0318399 0.0318962 0.0318393 0.0318393 0.0319522 0.0320650 0.0322864 0.0321186 0.0323967 0.0325646 0.0321202 0.0319513 0.0320634 0.0323465 0.0323481 0.0327385 0.0327464 0.0326287 0.0322887 0.0320072 0.0322894 0.0320639 0.0320076 0.0321210 0.0321210 0.0324603 0.0323498 0.0322328 0.0322300 0.0324086 0.0324666 0.0325174 0.0325174 0.0321251 0.0321846 0.0324635 0.0323495 0.0313259 0.0311013 0.0311013 0.0311485 0.0311643 0.0311518 0.0312079 0.0242892 0.0248568 0.0235309 0.0214256 
EBOV_H.sap-tc_COD_07_5Luebo_KC242790                       2.0682534 2.0750277 2.0651326 2.1233043 2.1244638 1.4425821 1.4049309 0.0002551 0.0003061 0.0000000 0.0006633 0.0325708 0.0314471 0.0320753 0.0316072 0.0317180 0.0320200 0.0316796 0.0319626 0.0323673 0.0321835 0.0320735 0.0325192 0.0320704 0.0320704 0.0323527 0.0326438 0.0323549 0.0317917 0.0317917 0.0322956 0.0320171 0.0320717 0.0319036 0.0319036 0.0319597 0.0322404 0.0320725 0.0326948 0.0324707 0.0324707 0.0321845 0.0319033 0.0321850 0.0325787 0.0318478 0.0318478 0.0319040 0.0318471 0.0318471 0.0319601 0.0320729 0.0322943 0.0321265 0.0324047 0.0325726 0.0321281 0.0319592 0.0320713 0.0323545 0.0323560 0.0327465 0.0327545 0.0326367 0.0322967 0.0320150 0.0322974 0.0320718 0.0320155 0.0321289 0.0321289 0.0324683 0.0323578 0.0322407 0.0322380 0.0324166 0.0324746 0.0325254 0.0325254 0.0321330 0.0321925 0.0324715 0.0323575 0.0313336 0.0311089 0.0311089 0.0311562 0.0311720 0.0311595 0.0312156 0.0242952 0.0248629 0.0235367 0.0214309 
EBOV_H.sap-tc_COD_08_034-KS_HQ613402                       2.0674463 2.0742189 2.0642410 2.1209336 2.1220922 1.4456185 1.4033826 0.0006123 0.0006633 0.0006633 0.0000000 0.0328471 0.0317228 0.0323514 0.0318828 0.0319937 0.0322961 0.0319554 0.0322386 0.0326436 0.0324596 0.0323495 0.0327955 0.0323464 0.0323464 0.0326289 0.0329203 0.0326311 0.0320676 0.0320676 0.0325718 0.0322931 0.0323478 0.0321796 0.0321796 0.0322357 0.0325165 0.0323486 0.0329712 0.0327470 0.0327470 0.0324606 0.0321793 0.0324611 0.0328550 0.0321237 0.0321237 0.0321800 0.0321230 0.0321230 0.0322361 0.0323490 0.0325705 0.0324025 0.0326809 0.0328489 0.0324042 0.0322352 0.0323474 0.0326307 0.0326323 0.0330230 0.0330310 0.0329131 0.0325728 0.0322911 0.0325736 0.0323478 0.0322915 0.0324050 0.0324050 0.0327446 0.0326341 0.0325169 0.0325141 0.0326929 0.0327510 0.0328018 0.0328018 0.0324092 0.0324687 0.0327478 0.0326337 0.0316092 0.0313843 0.0313843 0.0314316 0.0314475 0.0314349 0.0314911 0.0246750 0.0252434 0.0239159 0.0218078 
EBOV_H.sap-wt_GIN_14_Makona-Gueckedou-EM_080076_KR817235   2.1008804 2.1116960 2.0979156 2.1650126 2.1661991 1.4609248 1.4266913 0.0325095 0.0325628 0.0325708 0.0328471 0.0000000 0.0013798 0.0020982 0.0021491 0.0022517 0.0023557 0.0020473 0.0023554 0.0027156 0.0025095 0.0024069 0.0028179 0.0026123 0.0026123 0.0026637 0.0029218 0.0026639 0.0021500 0.0021500 0.0027151 0.0024582 0.0025095 0.0023554 0.0023554 0.0024067 0.0025609 0.0025096 0.0031268 0.0028182 0.0028182 0.0025096 0.0022527 0.0025096 0.0028695 0.0022013 0.0022013 0.0022527 0.0023040 0.0023040 0.0023041 0.0024068 0.0027150 0.0025608 0.0027156 0.0028698 0.0024582 0.0023040 0.0024067 0.0027667 0.0028180 0.0031267 0.0032304 0.0030240 0.0027151 0.0023553 0.0026124 0.0025095 0.0023554 0.0024582 0.0024582 0.0027669 0.0026641 0.0025610 0.0026637 0.0026130 0.0027674 0.0028184 0.0028184 0.0024585 0.0026641 0.0027671 0.0026641 0.0017389 0.0017393 0.0017393 0.0017901 0.0017910 0.0017902 0.0018415 0.0370892 0.0376882 0.0361893 0.0343260 
EBOV_H.sap-wt_GIN_14_Makona-Gueckedou-EM_079702_KR817210   2.1009251 2.1119537 2.0979786 2.1617164 2.1629005 1.4605222 1.4235277 0.0313861 0.0314394 0.0314471 0.0317228 0.0013798 0.0000000 0.0011242 0.0011752 0.0012775 0.0013807 0.0010733 0.0013805 0.0017395 0.0015342 0.0014318 0.0018417 0.0016367 0.0016367 0.0015855 0.0019450 0.0016881 0.0011757 0.0011757 0.0017392 0.0014830 0.0015342 0.0013805 0.0013805 0.0014317 0.0015855 0.0015342 0.0021497 0.0018420 0.0018420 0.0015342 0.0012781 0.0015342 0.0018932 0.0012269 0.0012269 0.0012781 0.0013293 0.0013293 0.0013293 0.0014318 0.0017392 0.0015854 0.0017906 0.0019445 0.0014830 0.0013293 0.0014317 0.0017906 0.0018418 0.0021497 0.0022529 0.0020472 0.0017392 0.0013805 0.0016368 0.0015342 0.0013805 0.0014830 0.0014830 0.0017907 0.0016882 0.0015855 0.0016880 0.0017397 0.0017910 0.0018421 0.0018421 0.0014832 0.0016882 0.0017909 0.0016882 0.0007654 0.0007654 0.0007654 0.0008165 0.0008176 0.0008165 0.0008675 0.0359507 0.0365471 0.0350532 0.0332504 
EBOV_H.sap-wt_GIN_14_Makona-Gueckedou-EM_079587_KR817202   2.0996022 2.1104632 2.0975034 2.1602896 2.1614731 1.4630469 1.4258132 0.0320141 0.0320674 0.0320753 0.0323514 0.0020982 0.0011242 0.0000000 0.0016880 0.0017905 0.0018942 0.0015862 0.0018939 0.0022537 0.0020479 0.0019453 0.0023560 0.0021506 0.0021506 0.0022020 0.0024596 0.0022021 0.0016887 0.0016887 0.0022533 0.0019966 0.0020479 0.0018939 0.0018939 0.0019452 0.0020993 0.0020479 0.0026646 0.0023563 0.0023563 0.0020479 0.0017913 0.0020480 0.0024076 0.0017400 0.0017400 0.0017913 0.0018426 0.0018426 0.0018426 0.0019453 0.0022532 0.0020992 0.0023048 0.0024589 0.0019966 0.0018426 0.0019452 0.0023048 0.0023561 0.0026645 0.0027680 0.0025619 0.0022533 0.0018939 0.0021507 0.0020479 0.0018939 0.0019966 0.0019966 0.0023049 0.0022023 0.0020993 0.0022019 0.0022539 0.0023054 0.0023564 0.0023564 0.0019969 0.0022022 0.0023051 0.0022023 0.0012782 0.0012784 0.0012784 0.0013293 0.0013300 0.0013294 0.0013807 0.0365886 0.0371866 0.0356895 0.0338823 
EBOV_H.sap-wt_GIN_14_Makona-Gueckedou-EM_079750_KR817213   2.1040075 2.1150392 2.1010589 2.1632638 2.1644489 1.4601176 1.4243427 0.0315461 0.0315994 0.0316072 0.0318828 0.0021491 0.0011752 0.0016880 0.0000000 0.0003061 0.0016369 0.0013292 0.0016366 0.0019960 0.0017904 0.0016880 0.0020982 0.0018931 0.0018931 0.0019444 0.0022016 0.0019445 0.0014317 0.0014317 0.0019956 0.0017392 0.0017904 0.0016366 0.0016366 0.0016879 0.0018418 0.0017905 0.0024064 0.0020985 0.0020985 0.0017905 0.0015342 0.0017905 0.0021497 0.0014829 0.0014829 0.0015342 0.0015854 0.0015854 0.0015854 0.0016880 0.0019955 0.0018417 0.0020471 0.0022010 0.0017392 0.0015854 0.0016879 0.0020470 0.0020983 0.0024064 0.0025097 0.0023038 0.0019956 0.0016366 0.0018931 0.0017904 0.0016367 0.0017392 0.0017392 0.0020472 0.0019446 0.0018418 0.0019443 0.0019961 0.0020476 0.0020986 0.0020986 0.0017395 0.0019446 0.0020474 0.0019446 0.0010207 0.0010219 0.0010219 0.0010728 0.0010734 0.0010729 0.0011241 0.0361117 0.0367083 0.0353268 0.0335229 
EBOV_H.sap-wt_GIN_14_Makona-Gueckedou-EM_079910_KR817221   2.1010291 2.1120410 2.0980834 2.1640722 2.1652581 1.4602595 1.4241842 0.0316569 0.0317101 0.0317180 0.0319937 0.0022517 0.0012775 0.0017905 0.0003061 0.0000000 0.0017394 0.0014316 0.0017391 0.0020985 0.0018930 0.0017905 0.0022008 0.0019956 0.0019956 0.0020469 0.0023043 0.0020470 0.0015341 0.0015341 0.0020981 0.0018417 0.0018930 0.0017391 0.0017391 0.0017904 0.0019443 0.0018930 0.0025091 0.0022011 0.0022011 0.0018930 0.0016366 0.0018930 0.0022523 0.0015854 0.0015854 0.0016366 0.0016879 0.0016879 0.0016879 0.0017905 0.0020981 0.0019442 0.0021496 0.0023036 0.0018417 0.0016879 0.0017904 0.0021496 0.0022009 0.0025090 0.0026124 0.0024065 0.0020982 0.0017391 0.0019956 0.0018930 0.0017391 0.0018417 0.0018417 0.0021498 0.0020472 0.0019443 0.0020469 0.0020987 0.0021502 0.0022012 0.0022012 0.0018420 0.0020472 0.0021500 0.0020472 0.0011240 0.0011242 0.0011242 0.0011751 0.0011757 0.0011752 0.0012264 0.0362238 0.0368206 0.0354387 0.0336341 
EBOV_H.sap-wt_LBR_14_Makona-LIBR0430_KR006955              2.1044170 2.1154704 2.1018531 2.1621452 2.1633298 1.4602921 1.4263521 0.0319588 0.0320121 0.0320200 0.0322961 0.0023557 0.0013807 0.0018942 0.0016369 0.0017394 0.0000000 0.0003061 0.0006123 0.0009697 0.0007654 0.0006633 0.0010718 0.0008675 0.0008675 0.0009186 0.0011755 0.0009186 0.0004081 0.0004081 0.0009697 0.0007144 0.0007654 0.0006123 0.0006123 0.0006633 0.0008165 0.0007654 0.0013799 0.0010729 0.0010729 0.0007654 0.0005102 0.0007654 0.0011240 0.0004592 0.0004592 0.0005102 0.0005612 0.0005612 0.0005612 0.0006633 0.0009697 0.0008165 0.0010207 0.0011751 0.0007144 0.0005612 0.0006633 0.0010207 0.0010718 0.0013799 0.0014826 0.0012776 0.0009697 0.0006123 0.0008675 0.0007654 0.0006123 0.0007144 0.0007144 0.0010207 0.0009186 0.0008165 0.0009186 0.0009707 0.0010732 0.0010729 0.0010729 0.0007144 0.0009186 0.0010218 0.0009186 0.0006123 0.0012273 0.0012273 0.0012782 0.0012789 0.0012783 0.0013295 0.0364194 0.0370170 0.0355206 0.0337145 
EBOV_H.sap-wt_SLE_14_Makona-G3734.1_KM233055               2.1039683 2.1150173 2.1010189 2.1616894 2.1628735 1.4597701 1.4264778 0.0316185 0.0316718 0.0316796 0.0319554 0.0020473 0.0010733 0.0015862 0.0013292 0.0014316 0.0003061 0.0000000 0.0003061 0.0006633 0.0004592 0.0003571 0.0007654 0.0005612 0.0005612 0.0006123 0.0008675 0.0006123 0.0001020 0.0001020 0.0006633 0.0004081 0.0004592 0.0003061 0.0003061 0.0003571 0.0005102 0.0004592 0.0010718 0.0007654 0.0007654 0.0004592 0.0002040 0.0004592 0.0008165 0.0001530 0.0001530 0.0002040 0.0002551 0.0002551 0.0002551 0.0003571 0.0006633 0.0005102 0.0007144 0.0008675 0.0004081 0.0002551 0.0003571 0.0007144 0.0007654 0.0010718 0.0011752 0.0009697 0.0006633 0.0003061 0.0005612 0.0004592 0.0003061 0.0004081 0.0004081 0.0007144 0.0006123 0.0005102 0.0006123 0.0006633 0.0007654 0.0007654 0.0007654 0.0004081 0.0006123 0.0007144 0.0006123 0.0003061 0.0009200 0.0009200 0.0009709 0.0009714 0.0009710 0.0010222 0.0360742 0.0366710 0.0351762 0.0333723 
EBOV_H.sap-wt_LBR_15_Makona-Liberia-DQE4_KR074998          2.1042613 2.1153087 2.1013125 2.1607793 2.1619632 1.4596589 1.4263249 0.0319014 0.0319548 0.0319626 0.0322386 0.0023554 0.0013805 0.0018939 0.0016366 0.0017391 0.0006123 0.0003061 0.0000000 0.0007654 0.0005612 0.0004592 0.0008675 0.0006633 0.0006633 0.0007144 0.0009697 0.0007144 0.0002040 0.0002040 0.0007654 0.0005102 0.0005612 0.0004081 0.0004081 0.0004592 0.0006123 0.0005612 0.0011750 0.0008675 0.0008675 0.0005612 0.0003061 0.0005612 0.0009186 0.0002551 0.0002551 0.0003061 0.0003571 0.0003571 0.0003571 0.0004592 0.0007654 0.0006123 0.0008165 0.0009697 0.0005102 0.0003571 0.0004592 0.0008165 0.0008675 0.0011740 0.0012776 0.0010718 0.0007654 0.0004081 0.0006633 0.0005612 0.0004081 0.0005102 0.0005102 0.0008165 0.0007144 0.0008165 0.0009186 0.0009697 0.0010730 0.0010718 0.0010718 0.0007144 0.0009186 0.0010207 0.0009186 0.0006123 0.0012271 0.0012271 0.0012780 0.0012787 0.0012781 0.0013294 0.0363611 0.0369586 0.0354625 0.0336568 
EBOV_H.sap-wt_GIN_14_Makona-Kankan-EM_078639_KR817166      2.1062784 2.1173342 2.1035517 2.1640796 2.1652656 1.4611330 1.4282067 0.0323060 0.0323593 0.0323673 0.0326436 0.0027156 0.0017395 0.0022537 0.0019960 0.0020985 0.0009697 0.0006633 0.0007654 0.0000000 0.0005102 0.0005102 0.0009186 0.0007144 0.0007144 0.0009697 0.0013291 0.0010729 0.0005612 0.0005612 0.0011240 0.0008675 0.0009186 0.0007654 0.0007654 0.0008165 0.0009697 0.0009186 0.0015336 0.0012264 0.0012264 0.0009186 0.0006633 0.0009186 0.0012776 0.0006123 0.0006123 0.0006633 0.0007144 0.0007144 0.0007144 0.0008165 0.0011239 0.0009697 0.0011752 0.0013288 0.0008675 0.0007144 0.0008165 0.0011752 0.0012264 0.0015336 0.0016364 0.0014312 0.0011240 0.0007654 0.0010207 0.0009186 0.0007654 0.0008675 0.0008675 0.0011753 0.0010730 0.0011751 0.0012775 0.0013290 0.0014316 0.0014313 0.0014313 0.0010730 0.0012777 0.0013801 0.0012777 0.0009708 0.0015861 0.0015861 0.0016369 0.0016378 0.0016371 0.0016884 0.0367723 0.0373708 0.0358725 0.0340638 
EBOV_H.sap-wt_GIN_14_Makona-Faranah-EM_078415_KR817160     2.1050514 2.1161038 2.1023247 2.1617490 2.1629337 1.4597724 1.4275484 0.0321222 0.0321755 0.0321835 0.0324596 0.0025095 0.0015342 0.0020479 0.0017904 0.0018930 0.0007654 0.0004592 0.0005612 0.0005102 0.0000000 0.0003061 0.0007144 0.0005102 0.0005102 0.0007654 0.0011241 0.0008675 0.0003571 0.0003571 0.0009186 0.0006633 0.0007144 0.0005612 0.0005612 0.0006123 0.0007654 0.0007144 0.0013285 0.0010207 0.0010207 0.0007144 0.0004592 0.0007144 0.0010718 0.0004081 0.0004081 0.0004592 0.0005102 0.0005102 0.0005102 0.0006123 0.0009186 0.0007654 0.0009697 0.0011229 0.0006633 0.0005102 0.0006123 0.0009697 0.0010207 0.0013285 0.0014312 0.0012262 0.0009186 0.0005612 0.0008165 0.0007144 0.0005612 0.0006633 0.0006633 0.0009697 0.0008675 0.0009697 0.0010718 0.0011240 0.0012265 0.0012263 0.0012263 0.0008675 0.0010718 0.0011751 0.0010718 0.0007654 0.0013808 0.0013808 0.0014317 0.0014324 0.0014318 0.0014830 0.0365843 0.0371822 0.0356853 0.0338784 
EBOV_H.sap-wt_GIN_14_Makona-Macenta-EM_076191_KR817141     2.1055589 2.1166187 2.1028307 2.1634950 2.1646805 1.4608445 1.4272997 0.0320122 0.0320656 0.0320735 0.0323495 0.0024069 0.0014318 0.0019453 0.0016880 0.0017905 0.0006633 0.0003571 0.0004592 0.0005102 0.0003061 0.0000000 0.0006123 0.0004081 0.0004081 0.0006633 0.0010219 0.0007654 0.0002551 0.0002551 0.0008165 0.0005612 0.0006123 0.0004592 0.0004592 0.0005102 0.0006633 0.0006123 0.0012262 0.0009186 0.0009186 0.0006123 0.0003571 0.0006123 0.0009697 0.0003061 0.0003061 0.0003571 0.0004081 0.0004081 0.0004081 0.0005102 0.0008165 0.0006633 0.0008675 0.0010207 0.0005612 0.0004081 0.0005102 0.0008675 0.0009186 0.0012262 0.0013289 0.0011239 0.0008165 0.0004592 0.0007144 0.0006123 0.0004592 0.0005612 0.0005612 0.0008675 0.0007654 0.0008675 0.0009697 0.0010218 0.0011242 0.0011240 0.0011240 0.0007654 0.0009697 0.0010729 0.0009697 0.0006633 0.0012784 0.0012784 0.0013293 0.0013300 0.0013294 0.0013807 0.0364732 0.0370709 0.0355744 0.0337681 
EBOV_H.sap-wt_GIN_14_Makona-Beyla-EM_075931_KR817138       2.1054902 2.1167725 2.1029851 2.1629966 2.1641809 1.4604264 1.4281987 0.0324579 0.0325112 0.0325192 0.0327955 0.0028179 0.0018417 0.0023560 0.0020982 0.0022008 0.0010718 0.0007654 0.0008675 0.0009186 0.0007144 0.0006123 0.0000000 0.0008165 0.0008165 0.0010718 0.0014313 0.0011750 0.0006633 0.0006633 0.0012251 0.0009697 0.0010207 0.0008675 0.0008675 0.0009186 0.0010718 0.0010207 0.0016357 0.0013286 0.0013286 0.0010207 0.0007654 0.0010207 0.0013797 0.0007144 0.0007144 0.0007654 0.0008165 0.0008165 0.0008165 0.0009186 0.0012251 0.0010718 0.0012773 0.0014309 0.0009697 0.0008165 0.0009186 0.0012773 0.0013285 0.0016357 0.0017386 0.0015334 0.0012261 0.0008675 0.0011229 0.0010207 0.0008675 0.0009697 0.0009697 0.0012774 0.0011751 0.0012772 0.0013796 0.0014311 0.0015338 0.0015334 0.0015334 0.0011751 0.0013798 0.0014823 0.0013798 0.0010729 0.0016883 0.0016883 0.0017391 0.0017400 0.0017393 0.0017906 0.0368644 0.0374629 0.0359650 0.0342157 
EBOV_H.sap-wt_GIN_14_Makona-Kissidougou-EM_078694_KR817171 2.1058514 2.1177615 2.1031230 2.1640454 2.1652308 1.4599914 1.4270379 0.0320092 0.0320625 0.0320704 0.0323464 0.0026123 0.0016367 0.0021506 0.0018931 0.0019956 0.0008675 0.0005612 0.0006633 0.0007144 0.0005102 0.0004081 0.0008165 0.0000000 0.0000010 0.0008675 0.0012265 0.0009697 0.0004592 0.0004592 0.0010207 0.0007654 0.0008165 0.0006633 0.0006633 0.0007144 0.0008675 0.0008165 0.0014309 0.0011239 0.0011239 0.0008165 0.0005612 0.0008165 0.0011750 0.0005102 0.0005102 0.0005612 0.0006123 0.0006123 0.0006123 0.0007144 0.0010207 0.0008675 0.0010718 0.0012262 0.0007654 0.0006123 0.0007144 0.0010718 0.0011229 0.0014309 0.0015337 0.0013286 0.0010207 0.0006633 0.0009186 0.0008165 0.0006633 0.0007654 0.0007654 0.0010718 0.0009697 0.0010718 0.0011740 0.0012264 0.0013290 0.0013286 0.0013286 0.0009697 0.0011751 0.0012775 0.0011751 0.0008675 0.0014833 0.0014833 0.0015342 0.0015350 0.0015343 0.0015856 0.0364264 0.0370241 0.0355275 0.0337210 
EBOV_H.sap-wt_GIN_14_Makona-Kissidougou-EM_078722_KR817175 2.1058514 2.1177615 2.1031230 2.1640454 2.1652308 1.4599914 1.4270379 0.0320092 0.0320625 0.0320704 0.0323464 0.0026123 0.0016367 0.0021506 0.0018931 0.0019956 0.0008675 0.0005612 0.0006633 0.0007144 0.0005102 0.0004081 0.0008165 0.0000010 0.0000000 0.0008675 0.0012265 0.0009697 0.0004592 0.0004592 0.0010207 0.0007654 0.0008165 0.0006633 0.0006633 0.0007144 0.0008675 0.0008165 0.0014309 0.0011239 0.0011239 0.0008165 0.0005612 0.0008165 0.0011750 0.0005102 0.0005102 0.0005612 0.0006123 0.0006123 0.0006123 0.0007144 0.0010207 0.0008675 0.0010718 0.0012262 0.0007654 0.0006123 0.0007144 0.0010718 0.0011229 0.0014309 0.0015337 0.0013286 0.0010207 0.0006633 0.0009186 0.0008165 0.0006633 0.0007654 0.0007654 0.0010718 0.0009697 0.0010718 0.0011740 0.0012264 0.0013290 0.0013286 0.0013286 0.0009697 0.0011751 0.0012775 0.0011751 0.0008675 0.0014833 0.0014833 0.0015342 0.0015350 0.0015343 0.0015856 0.0364264 0.0370241 0.0355275 0.0337210 
EBOV_H.sap-wt_LBR_14_Makona-LIBR0505_KR006957              2.1066603 2.1178034 2.1032261 2.1644712 2.1656568 1.4605884 1.4266125 0.0322913 0.0323447 0.0323527 0.0326289 0.0026637 0.0015855 0.0022020 0.0019444 0.0020469 0.0009186 0.0006123 0.0007144 0.0009697 0.0007654 0.0006633 0.0010718 0.0008675 0.0008675 0.0000000 0.0012777 0.0010207 0.0005102 0.0005102 0.0010718 0.0008165 0.0007654 0.0007144 0.0007144 0.0007654 0.0009186 0.0008675 0.0014822 0.0011751 0.0011751 0.0008675 0.0006123 0.0008675 0.0012262 0.0005612 0.0005612 0.0006123 0.0006633 0.0006633 0.0006633 0.0007654 0.0010718 0.0009186 0.0011229 0.0012774 0.0008165 0.0006633 0.0007654 0.0011229 0.0011750 0.0014821 0.0015849 0.0013798 0.0010718 0.0007144 0.0009697 0.0008675 0.0007144 0.0008165 0.0008165 0.0011239 0.0010207 0.0011229 0.0012261 0.0012776 0.0013802 0.0013799 0.0013799 0.0010207 0.0012263 0.0013287 0.0012263 0.0009186 0.0015346 0.0015346 0.0015854 0.0015863 0.0015856 0.0016368 0.0367557 0.0373540 0.0358564 0.0340485 
EBOV_H.sap-wt_SLE_14_Makona-Kailahun-20140517_KR653263     2.1045649 2.1156166 2.1016152 2.1634214 2.1646058 1.4603011 1.4253115 0.0325824 0.0326358 0.0326438 0.0329203 0.0029218 0.0019450 0.0024596 0.0022016 0.0023043 0.0011755 0.0008675 0.0009697 0.0013291 0.0011241 0.0010219 0.0014313 0.0012265 0.0012265 0.0012777 0.0000000 0.0011754 0.0007654 0.0007654 0.0013289 0.0010730 0.0011241 0.0009697 0.0009697 0.0010218 0.0011753 0.0011242 0.0017388 0.0014315 0.0014315 0.0011242 0.0008675 0.0011242 0.0014826 0.0008165 0.0008165 0.0008675 0.0009186 0.0009186 0.0009186 0.0010218 0.0013288 0.0011753 0.0013802 0.0015338 0.0010730 0.0009186 0.0010218 0.0013802 0.0014314 0.0017388 0.0018417 0.0016364 0.0013289 0.0009697 0.0012266 0.0011241 0.0009697 0.0010730 0.0010730 0.0013803 0.0012779 0.0013801 0.0014825 0.0015341 0.0016368 0.0016364 0.0016364 0.0012779 0.0014827 0.0015853 0.0014827 0.0011757 0.0017915 0.0017915 0.0018423 0.0018433 0.0018425 0.0018938 0.0369382 0.0375371 0.0360382 0.0342286 
EBOV_H.sap-wt_SLE_14_Makona-G4973_1_KR105286               2.1076497 2.1187149 2.1046988 2.1625827 2.1637669 1.4596948 1.4260813 0.0322935 0.0323469 0.0323549 0.0326311 0.0026639 0.0016881 0.0022021 0.0019445 0.0020470 0.0009186 0.0006123 0.0007144 0.0010729 0.0008675 0.0007654 0.0011750 0.0009697 0.0009697 0.0010207 0.0011754 0.0000000 0.0005102 0.0005102 0.0010718 0.0008165 0.0008675 0.0007144 0.0007144 0.0007654 0.0009186 0.0008675 0.0014822 0.0011752 0.0011752 0.0008675 0.0006123 0.0008675 0.0012263 0.0005612 0.0005612 0.0006123 0.0006633 0.0006633 0.0006633 0.0007654 0.0010718 0.0009186 0.0011239 0.0012774 0.0008165 0.0006633 0.0007654 0.0011239 0.0011751 0.0014822 0.0015850 0.0013799 0.0010718 0.0007144 0.0009697 0.0008675 0.0007144 0.0008165 0.0008165 0.0011240 0.0010207 0.0011229 0.0012262 0.0012777 0.0013803 0.0013799 0.0013799 0.0010207 0.0012264 0.0013288 0.0012264 0.0009186 0.0015347 0.0015347 0.0015855 0.0015864 0.0015857 0.0016369 0.0366452 0.0371300 0.0357459 0.0340508 
EBOV_H.sap-wt_SLE_14_Makona-G3799_KM233080                 2.1043750 2.1154245 2.1014258 2.1616164 2.1628006 1.4597844 1.4263860 0.0317306 0.0317839 0.0317917 0.0320676 0.0021500 0.0011757 0.0016887 0.0014317 0.0015341 0.0004081 0.0001020 0.0002040 0.0005612 0.0003571 0.0002551 0.0006633 0.0004592 0.0004592 0.0005102 0.0007654 0.0005102 0.0000000 0.0000010 0.0005612 0.0003061 0.0003571 0.0002040 0.0002040 0.0002551 0.0004081 0.0003571 0.0009697 0.0006633 0.0006633 0.0003571 0.0001020 0.0003571 0.0007144 0.0000510 0.0000510 0.0001020 0.0001530 0.0001530 0.0001530 0.0002551 0.0005612 0.0004081 0.0006123 0.0007654 0.0003061 0.0001530 0.0002551 0.0006123 0.0006633 0.0009697 0.0010729 0.0008675 0.0005612 0.0002040 0.0004592 0.0003571 0.0002040 0.0003061 0.0003061 0.0006123 0.0005102 0.0006123 0.0007144 0.0007654 0.0008675 0.0008675 0.0008675 0.0005102 0.0007144 0.0008165 0.0007144 0.0004081 0.0010224 0.0010224 0.0010733 0.0010738 0.0010734 0.0011246 0.0361877 0.0367847 0.0352895 0.0334849 
EBOV_H.sap-wt_SLE_14_Makona-G3788_KM233075                 2.1043750 2.1154245 2.1014258 2.1616164 2.1628006 1.4597844 1.4263860 0.0317306 0.0317839 0.0317917 0.0320676 0.0021500 0.0011757 0.0016887 0.0014317 0.0015341 0.0004081 0.0001020 0.0002040 0.0005612 0.0003571 0.0002551 0.0006633 0.0004592 0.0004592 0.0005102 0.0007654 0.0005102 0.0000010 0.0000000 0.0005612 0.0003061 0.0003571 0.0002040 0.0002040 0.0002551 0.0004081 0.0003571 0.0009697 0.0006633 0.0006633 0.0003571 0.0001020 0.0003571 0.0007144 0.0000510 0.0000510 0.0001020 0.0001530 0.0001530 0.0001530 0.0002551 0.0005612 0.0004081 0.0006123 0.0007654 0.0003061 0.0001530 0.0002551 0.0006123 0.0006633 0.0009697 0.0010729 0.0008675 0.0005612 0.0002040 0.0004592 0.0003571 0.0002040 0.0003061 0.0003061 0.0006123 0.0005102 0.0006123 0.0007144 0.0007654 0.0008675 0.0008675 0.0008675 0.0005102 0.0007144 0.0008165 0.0007144 0.0004081 0.0010224 0.0010224 0.0010733 0.0010738 0.0010734 0.0011246 0.0361877 0.0367847 0.0352895 0.0334849 
EBOV_H.sap-wt_SLE_14_Makona-Kenema-G5059_1_KR105296        2.1035033 2.1145470 2.1009550 2.1625780 2.1637629 1.4612911 1.4265843 0.0322343 0.0322877 0.0322956 0.0325718 0.0027151 0.0017392 0.0022533 0.0019956 0.0020981 0.0009697 0.0006633 0.0007654 0.0011240 0.0009186 0.0008165 0.0012251 0.0010207 0.0010207 0.0010718 0.0013289 0.0010718 0.0005612 0.0005612 0.0000000 0.0004592 0.0005102 0.0003571 0.0003571 0.0004081 0.0008675 0.0008165 0.0014309 0.0011239 0.0011239 0.0008165 0.0005612 0.0008165 0.0011750 0.0005102 0.0005102 0.0005612 0.0006123 0.0006123 0.0006123 0.0007144 0.0010207 0.0008675 0.0010718 0.0012262 0.0007654 0.0006123 0.0007144 0.0010718 0.0011229 0.0014309 0.0015336 0.0013286 0.0010207 0.0006633 0.0008675 0.0008165 0.0006633 0.0007654 0.0007654 0.0010718 0.0010718 0.0011740 0.0012772 0.0013287 0.0014313 0.0014310 0.0014310 0.0010718 0.0012774 0.0013799 0.0012774 0.0009697 0.0015858 0.0015858 0.0016366 0.0016375 0.0016368 0.0016880 0.0366978 0.0372960 0.0357986 0.0339911 
EBOV_H.sap-wt_SLE_14_Makona-Kenema-G4702_1_KR105265        2.1047603 2.1158162 2.1022100 2.1633040 2.1644891 1.4603816 1.4263494 0.0319559 0.0320092 0.0320171 0.0322931 0.0024582 0.0014830 0.0019966 0.0017392 0.0018417 0.0007144 0.0004081 0.0005102 0.0008675 0.0006633 0.0005612 0.0009697 0.0007654 0.0007654 0.0008165 0.0010730 0.0008165 0.0003061 0.0003061 0.0004592 0.0000000 0.0002551 0.0001020 0.0001020 0.0001530 0.0006123 0.0005612 0.0011750 0.0008675 0.0008675 0.0005612 0.0003061 0.0005612 0.0009186 0.0002551 0.0002551 0.0003061 0.0003571 0.0003571 0.0003571 0.0004592 0.0007654 0.0006123 0.0008165 0.0009697 0.0005102 0.0003571 0.0004592 0.0008165 0.0008675 0.0011750 0.0012777 0.0010718 0.0007654 0.0004081 0.0006633 0.0005612 0.0004081 0.0005102 0.0005102 0.0008165 0.0008165 0.0009186 0.0010207 0.0010729 0.0011754 0.0011751 0.0011751 0.0008165 0.0010207 0.0011240 0.0010207 0.0007144 0.0013296 0.0013296 0.0013805 0.0013812 0.0013806 0.0014319 0.0363025 0.0368998 0.0354040 0.0335987 
EBOV_H.sap-wt_SLE_14_Makona-Kenema-G4350_1_KR105242        2.1035847 2.1146338 2.1010353 2.1623320 2.1635164 1.4604024 1.4258394 0.0320105 0.0320638 0.0320717 0.0323478 0.0025095 0.0015342 0.0020479 0.0017904 0.0018930 0.0007654 0.0004592 0.0005612 0.0009186 0.0007144 0.0006123 0.0010207 0.0008165 0.0008165 0.0007654 0.0011241 0.0008675 0.0003571 0.0003571 0.0005102 0.0002551 0.0000000 0.0001530 0.0001530 0.0002040 0.0006633 0.0006123 0.0012262 0.0009186 0.0009186 0.0006123 0.0003571 0.0006123 0.0009697 0.0003061 0.0003061 0.0003571 0.0004081 0.0004081 0.0004081 0.0005102 0.0008165 0.0006633 0.0008675 0.0010207 0.0005612 0.0004081 0.0005102 0.0008675 0.0009186 0.0012262 0.0013288 0.0011239 0.0008165 0.0004592 0.0007144 0.0006123 0.0004592 0.0005612 0.0005612 0.0008675 0.0008675 0.0009697 0.0010718 0.0011240 0.0012265 0.0012263 0.0012263 0.0008675 0.0010718 0.0011752 0.0010718 0.0007654 0.0013808 0.0013808 0.0014317 0.0014324 0.0014318 0.0014830 0.0364712 0.0370689 0.0354591 0.0337662 
EBOV_H.sap-wt_SLE_14_Makona-Kenema-G4971_1_KR105284        2.1041368 2.1151863 2.1015876 2.1620106 2.1631949 1.4601032 1.4260859 0.0318424 0.0318957 0.0319036 0.0321796 0.0023554 0.0013805 0.0018939 0.0016366 0.0017391 0.0006123 0.0003061 0.0004081 0.0007654 0.0005612 0.0004592 0.0008675 0.0006633 0.0006633 0.0007144 0.0009697 0.0007144 0.0002040 0.0002040 0.0003571 0.0001020 0.0001530 0.0000000 0.0000010 0.0000510 0.0005102 0.0004592 0.0010718 0.0007654 0.0007654 0.0004592 0.0002040 0.0004592 0.0008165 0.0001530 0.0001530 0.0002040 0.0002551 0.0002551 0.0002551 0.0003571 0.0006633 0.0005102 0.0007144 0.0008675 0.0004081 0.0002551 0.0003571 0.0007144 0.0007654 0.0010718 0.0011753 0.0009697 0.0006633 0.0003061 0.0005612 0.0004592 0.0003061 0.0004081 0.0004081 0.0007144 0.0007144 0.0008165 0.0009186 0.0009697 0.0010730 0.0010718 0.0010718 0.0007144 0.0009186 0.0010207 0.0009186 0.0006123 0.0012271 0.0012271 0.0012780 0.0012787 0.0012781 0.0013294 0.0363010 0.0368983 0.0354025 0.0335973 
EBOV_H.sap-wt_SLE_14_Makona-Kenema-G4937_1_KR105278        2.1041368 2.1151863 2.1015876 2.1620106 2.1631949 1.4601032 1.4260859 0.0318424 0.0318957 0.0319036 0.0321796 0.0023554 0.0013805 0.0018939 0.0016366 0.0017391 0.0006123 0.0003061 0.0004081 0.0007654 0.0005612 0.0004592 0.0008675 0.0006633 0.0006633 0.0007144 0.0009697 0.0007144 0.0002040 0.0002040 0.0003571 0.0001020 0.0001530 0.0000010 0.0000000 0.0000510 0.0005102 0.0004592 0.0010718 0.0007654 0.0007654 0.0004592 0.0002040 0.0004592 0.0008165 0.0001530 0.0001530 0.0002040 0.0002551 0.0002551 0.0002551 0.0003571 0.0006633 0.0005102 0.0007144 0.0008675 0.0004081 0.0002551 0.0003571 0.0007144 0.0007654 0.0010718 0.0011753 0.0009697 0.0006633 0.0003061 0.0005612 0.0004592 0.0003061 0.0004081 0.0004081 0.0007144 0.0007144 0.0008165 0.0009186 0.0009697 0.0010730 0.0010718 0.0010718 0.0007144 0.0009186 0.0010207 0.0009186 0.0006123 0.0012271 0.0012271 0.0012780 0.0012787 0.0012781 0.0013294 0.0363010 0.0368983 0.0354025 0.0335973 
EBOV_H.sap-wt_SLE_14_Makona-Kenema-G4856_1_KR105273        2.1038986 2.1149480 2.1013492 2.1621771 2.1633616 1.4603239 1.4263041 0.0318985 0.0319518 0.0319597 0.0322357 0.0024067 0.0014317 0.0019452 0.0016879 0.0017904 0.0006633 0.0003571 0.0004592 0.0008165 0.0006123 0.0005102 0.0009186 0.0007144 0.0007144 0.0007654 0.0010218 0.0007654 0.0002551 0.0002551 0.0004081 0.0001530 0.0002040 0.0000510 0.0000510 0.0000000 0.0005612 0.0005102 0.0011229 0.0008165 0.0008165 0.0005102 0.0002551 0.0005102 0.0008675 0.0002040 0.0002040 0.0002551 0.0003061 0.0003061 0.0003061 0.0004081 0.0007144 0.0005612 0.0007654 0.0009186 0.0004592 0.0003061 0.0004081 0.0007654 0.0008165 0.0011229 0.0012264 0.0010207 0.0007144 0.0003571 0.0006123 0.0005102 0.0003571 0.0004592 0.0004592 0.0007654 0.0007654 0.0008675 0.0009697 0.0010207 0.0011242 0.0011239 0.0011239 0.0007654 0.0009697 0.0010728 0.0009697 0.0006633 0.0012784 0.0012784 0.0013292 0.0013299 0.0013294 0.0013806 0.0363577 0.0369552 0.0354592 0.0336537 
EBOV_H.sap-wt_SLE_14_Makona-Bonthe-G5723_1_KR105319        2.1062418 2.1172995 2.1030690 2.1637252 2.1649101 1.4588055 1.4260891 0.0321791 0.0322324 0.0322404 0.0325165 0.0025609 0.0015855 0.0020993 0.0018418 0.0019443 0.0008165 0.0005102 0.0006123 0.0009697 0.0007654 0.0006633 0.0010718 0.0008675 0.0008675 0.0009186 0.0011753 0.0009186 0.0004081 0.0004081 0.0008675 0.0006123 0.0006633 0.0005102 0.0005102 0.0005612 0.0000000 0.0001530 0.0007654 0.0004592 0.0004592 0.0001530 0.0004081 0.0006633 0.0010207 0.0003571 0.0003571 0.0004081 0.0004592 0.0004592 0.0004592 0.0005612 0.0008675 0.0007144 0.0009186 0.0010718 0.0006123 0.0004592 0.0005612 0.0009186 0.0009697 0.0012774 0.0013800 0.0011751 0.0008675 0.0005102 0.0007654 0.0006633 0.0005102 0.0006123 0.0006123 0.0009186 0.0009186 0.0010207 0.0011229 0.0011752 0.0012778 0.0012775 0.0012775 0.0009186 0.0011239 0.0012264 0.0011240 0.0008165 0.0014321 0.0014321 0.0014829 0.0014837 0.0014831 0.0015343 0.0366420 0.0372401 0.0357429 0.0339357 
EBOV_H.sap-wt_SLE_14_Makona-J0042_KP759711                 2.1059499 2.1170062 2.1027772 2.1629301 2.1641151 1.4586241 1.4260578 0.0320113 0.0320646 0.0320725 0.0323486 0.0025096 0.0015342 0.0020479 0.0017905 0.0018930 0.0007654 0.0004592 0.0005612 0.0009186 0.0007144 0.0006123 0.0010207 0.0008165 0.0008165 0.0008675 0.0011242 0.0008675 0.0003571 0.0003571 0.0008165 0.0005612 0.0006123 0.0004592 0.0004592 0.0005102 0.0001530 0.0000000 0.0007144 0.0004081 0.0004081 0.0001020 0.0003571 0.0006123 0.0009697 0.0003061 0.0003061 0.0003571 0.0004081 0.0004081 0.0004081 0.0005102 0.0008165 0.0006633 0.0008675 0.0010207 0.0005612 0.0004081 0.0005102 0.0008675 0.0009186 0.0012262 0.0013289 0.0011239 0.0008165 0.0004592 0.0007144 0.0006123 0.0004592 0.0005612 0.0005612 0.0008675 0.0008675 0.0009697 0.0010718 0.0011241 0.0012266 0.0012263 0.0012263 0.0008675 0.0010718 0.0011752 0.0010718 0.0007654 0.0013809 0.0013809 0.0014317 0.0014325 0.0014318 0.0014831 0.0364721 0.0370698 0.0355733 0.0337670 
EBOV_H.sap-wt_SLE_14_Makona-J0150_KP759696                 2.1024457 2.1138671 2.0992764 2.1599838 2.1611665 1.4605397 1.4268489 0.0326334 0.0326331 0.0326948 0.0329712 0.0031268 0.0021497 0.0026646 0.0024064 0.0025091 0.0013799 0.0010718 0.0011750 0.0015336 0.0013285 0.0012262 0.0016357 0.0014309 0.0014309 0.0014822 0.0017388 0.0014822 0.0009697 0.0009697 0.0014309 0.0011750 0.0012262 0.0010718 0.0010718 0.0011229 0.0007654 0.0007144 0.0000000 0.0010207 0.0010207 0.0007144 0.0009697 0.0012262 0.0015847 0.0009186 0.0009186 0.0009697 0.0010207 0.0010207 0.0010207 0.0011239 0.0014309 0.0012773 0.0014822 0.0016359 0.0011750 0.0010207 0.0011229 0.0014822 0.0015334 0.0018408 0.0019438 0.0017385 0.0014310 0.0010718 0.0013286 0.0012262 0.0010718 0.0011751 0.0011751 0.0014823 0.0014824 0.0015846 0.0016870 0.0017387 0.0018414 0.0018410 0.0018410 0.0014823 0.0016872 0.0017898 0.0016873 0.0013802 0.0019963 0.0019963 0.0020470 0.0020481 0.0020472 0.0020986 0.0370566 0.0376558 0.0362090 0.0343459 
