100
02A1.GH.97.97GH_AG2.AB052867           0.0000000 0.3654379 0.4616122 0.5299571 0.5592471 0.6243922 0.6493525 0.5464917 0.5465382 0.5406251 0.5700292 0.5142124 0.5214862 0.5857384 0.8348755 0.8138067 0.9023088 0.8423245 0.8348904 0.8587673 0.8256010 0.7869610 0.8643014 0.8920927 0.9465934 0.9536869 0.7927790 0.8374178 0.8420574 0.8020733 0.8072114 0.5669260 0.6028293 0.6081465 0.6542752 0.8159996 0.6310287 0.6378245 0.7098125 0.6163598 0.6410753 0.7705912 0.8293824 0.5439520 0.5334041 0.4932285 0.4644648 0.7727928 0.7888904 0.8537964 0.8620897 0.8394335 0.8543915 0.8265938 0.7557959 0.8047219 0.7744493 0.7862744 0.7997008 0.7840862 0.7820598 0.7182075 0.7889760 0.8666723 0.8302448 0.7941583 0.8342056 0.7935336 0.7869528 0.7795886 0.8433837 0.7920927 0.7564380 0.7445481 0.7500943 0.8520106 1.0689887 0.8605487 0.8071196 0.8229228 0.7986841 0.7301868 0.7331643 0.7313974 0.6813900 0.6622632 0.7533613 0.6061410 0.5032198 0.4216302 0.4023421 0.5496144 0.3484296 0.3484648 0.3698261 0.4345742 1.7139865 1.7372440 1.6649051 2.3929460 
02A.CI.16.DEURF16CI011.MH078538        0.3654379 0.0000000 0.5155713 0.5782850 0.6278382 0.6825039 0.7174348 0.6050844 0.6032244 0.6044910 0.6218593 0.5694528 0.5648317 0.6620764 0.9145828 0.8872356 0.9367517 0.9068769 0.9055255 0.9060019 0.8980239 0.8837676 0.9634184 0.9902973 1.0250195 1.0292221 0.8660194 0.9262559 0.8995002 0.8562655 0.8821798 0.6224071 0.6465874 0.6599583 0.6932216 0.8430218 0.6751347 0.6859110 0.7567483 0.6693741 0.6922590 0.8070991 0.8652380 0.6157978 0.5798008 0.5415625 0.5179457 0.8430972 0.8685401 0.8873426 0.9179592 0.8873058 0.8972544 0.8889544 0.8234218 0.8775232 0.8336253 0.8487718 0.8579846 0.8461124 0.8498573 0.7931752 0.8397393 0.9085098 0.8867883 0.8395368 0.8837078 0.8564420 0.8344733 0.8408983 0.8772921 0.8523427 0.8196260 0.8139539 0.8160169 0.8740592 1.1197081 0.8891057 0.8512059 0.8711992 0.8397463 0.7879245 0.8001943 0.7795287 0.7359630 0.7083716 0.7988002 0.6696012 0.5566595 0.4779155 0.4499373 0.5965146 0.4007292 0.3983708 0.4120298 0.4757979 1.7558579 1.8282880 1.7336020 2.5350821 
AGU.CM.06.770_8.MH705142               0.4616122 0.5155713 0.0000000 0.5290012 0.5739067 0.6300743 0.6568917 0.5645819 0.5645055 0.5629588 0.5838728 0.5405197 0.5283794 0.6055439 0.8669342 0.8231664 0.9111832 0.8446058 0.8466093 0.8707918 0.8367848 0.8062958 0.8604491 0.9383011 0.9608473 0.9550544 0.8083849 0.8587633 0.8701640 0.8081843 0.8170929 0.5765089 0.6209294 0.6235332 0.6663838 0.8341366 0.6624330 0.6679317 0.7220525 0.6387935 0.6571013 0.7959495 0.8564101 0.5695453 0.5522050 0.5174294 0.4805999 0.7690560 0.8242507 0.8350244 0.8581341 0.8513441 0.8642832 0.8463569 0.7626202 0.7991304 0.7868614 0.7945798 0.7993684 0.8051659 0.7795486 0.7290098 0.7983719 0.8853362 0.8395893 0.8038098 0.8506446 0.8310128 0.8153883 0.8048643 0.8289002 0.8123263 0.7649012 0.7597938 0.7680535 0.8314551 1.0866361 0.8644561 0.8104210 0.8426411 0.8023391 0.7333608 0.7487720 0.7689897 0.6909742 0.6787659 0.7826484 0.6096037 0.5746397 0.5279763 0.4881915 0.6455416 0.4648485 0.4726756 0.4770948 0.5438843 1.8843918 1.9091729 1.8364225 2.4693768 
G.NG.92.92NG083_JV10832.U88826         0.5299571 0.5782850 0.5290012 0.0000000 0.3461064 0.3948776 0.4089234 0.6483767 0.6315792 0.6467835 0.6661581 0.6023163 0.6172487 0.6809091 0.9462829 0.8961103 0.9744662 0.9283353 0.9351354 0.9469229 0.9197012 0.9025529 0.9489332 1.0127514 1.0457305 1.0132608 0.8841554 0.9425787 0.9368476 0.8944205 0.9151591 0.6530648 0.7025272 0.7035046 0.7495619 0.9097787 0.7349243 0.7334476 0.8040214 0.7143457 0.7380872 0.8782809 0.9308921 0.6524379 0.6207676 0.5912004 0.5461280 0.8604175 0.9033307 0.9514051 0.9585608 0.9320946 0.9811991 0.9265785 0.8560540 0.9004945 0.8609709 0.8981814 0.8941317 0.8862259 0.8838802 0.8048586 0.8984925 0.9636143 0.9046086 0.8928997 0.9394598 0.9153993 0.9010059 0.8700746 0.9301385 0.8862417 0.8466329 0.8601947 0.8609768 0.9233965 1.1475999 0.9312629 0.8947209 0.9331652 0.8701074 0.8378701 0.8392701 0.8369932 0.7942256 0.7604138 0.8378529 0.7097543 0.6504730 0.6038059 0.5682563 0.7164483 0.5423956 0.5278360 0.5366509 0.6007885 1.9061733 1.9411304 1.9311330 2.5921454 
G.NG.09.09NG010261.KX389626            0.5592471 0.6278382 0.5739067 0.3461064 0.0000000 0.4692044 0.4970402 0.7088770 0.6757994 0.6912974 0.7012373 0.6553343 0.6725542 0.7500726 0.9608661 0.9255212 1.0197204 0.9830421 1.0079252 1.0018267 0.9736879 0.9613244 1.0398627 1.0663401 1.0498956 1.0778721 0.9303134 0.9829270 0.9807442 0.9328228 0.9378059 0.7030197 0.7659503 0.7675176 0.7975324 0.9792293 0.8149760 0.7868732 0.8466478 0.7664864 0.8136681 0.9342446 0.9688435 0.6913871 0.6712476 0.6455564 0.5975416 0.9195206 0.9625735 0.9925610 1.0445024 0.9931681 1.0165778 0.9942234 0.9433851 0.9580542 0.9638179 0.9655773 0.9577317 0.9804189 0.9790773 0.8896847 0.9648568 1.0144456 0.9832497 0.9451477 0.9872586 0.9783915 0.9638286 0.9549208 0.9893838 0.9527476 0.9233918 0.9170005 0.9055527 0.9898613 1.2215923 0.9837385 0.9670793 0.9763929 0.9585325 0.8821950 0.9239063 0.9011350 0.8536945 0.8252755 0.9055102 0.7379604 0.6894495 0.6477490 0.6279458 0.7808598 0.5962689 0.5907917 0.5963079 0.6447625 1.9495003 1.9664492 2.0423457 2.7017326 
01F2G.CM.02.LT31.JN864056              0.6243922 0.6825039 0.6300743 0.3948776 0.4692044 0.0000000 0.4154612 0.7689248 0.7415114 0.7442594 0.7702474 0.7083884 0.7299554 0.7853803 1.0139583 0.9784980 1.0575188 1.0264269 1.0303947 1.0581698 1.0146365 0.9840491 1.0368871 1.1094460 1.1349009 1.1157937 0.9691767 1.0340026 1.0535278 0.9723181 1.0016961 0.7528194 0.7879555 0.7924604 0.8379940 0.9906799 0.8226200 0.8305877 0.8995500 0.7985130 0.8204002 0.9621453 0.9942940 0.7412864 0.7158338 0.7033273 0.6352932 0.9541538 0.9823403 1.0353276 1.0263306 1.0339846 1.0569153 1.0428309 0.9598127 0.9745814 0.9890142 0.9857969 0.9731271 0.9849004 0.9876041 0.8930509 0.9916045 1.0246346 0.9965132 0.9860395 0.9988911 0.9796888 0.9880975 0.9487058 1.0204691 0.9705672 0.9350310 0.9293241 0.9384912 1.0030831 1.2289493 1.0107314 0.9918948 1.0260703 0.9715738 0.9251449 0.9227295 0.9574850 0.8879815 0.8544648 0.9131981 0.7864889 0.7542946 0.7091441 0.6567140 0.8375329 0.6491955 0.6446248 0.6502333 0.7147036 1.9565166 1.9775825 1.9683759 2.7568207 
BCG.ES.15.100_119.KY496623             0.6493525 0.7174348 0.6568917 0.4089234 0.4970402 0.4154612 0.0000000 0.7897604 0.7692360 0.7853258 0.8022853 0.7314374 0.7526331 0.8279831 1.0758836 0.9909453 1.1320224 1.0403435 1.0729986 1.0851581 1.0506696 1.0376979 1.0959924 1.1370883 1.1551860 1.1382492 1.0114514 1.0503974 1.0703275 1.0235384 1.0437810 0.8042340 0.8386450 0.8444749 0.8641609 1.0206402 0.8728753 0.8582819 0.9515812 0.8867561 0.8806086 0.9930052 1.0708029 0.7721816 0.7657482 0.7086301 0.6716480 1.0046384 1.0276633 1.0717803 1.1056446 1.0922312 1.1114326 1.0752952 1.0028012 1.0243306 1.0016284 1.0386174 1.0214845 1.0206990 1.0368361 0.9477135 1.0215955 1.1019511 1.0407816 1.0234938 1.0672328 1.0369894 1.0406538 1.0121188 1.0657507 1.0091769 0.9694293 1.0016479 1.0068838 1.0666406 1.2796813 1.0581680 1.0258399 1.0859582 1.0115235 0.9529128 0.9796019 0.9666032 0.9450219 0.8695160 0.9470088 0.8175609 0.7669524 0.7259445 0.6933406 0.8659982 0.6607280 0.6565814 0.6648709 0.7202156 1.9782562 1.9788528 2.0608299 2.7561542 
A1.KE.06.06KECst_028.FJ623479          0.5464917 0.6050844 0.5645819 0.6483767 0.7088770 0.7689248 0.7897604 0.0000000 0.3047605 0.4094508 0.4065027 0.3725021 0.4011654 0.4894356 0.7308553 0.6949771 0.7765172 0.7346238 0.7252208 0.7624519 0.7264297 0.6997412 0.7577760 0.8094552 0.8304453 0.8321473 0.6738138 0.7296940 0.7157888 0.6712766 0.6915501 0.4679948 0.5533379 0.5638530 0.5852369 0.7641597 0.5901437 0.5934341 0.6693656 0.5615645 0.6052069 0.7381923 0.7891158 0.4985969 0.4796978 0.4318528 0.5045819 0.8258082 0.8669339 0.8911005 0.9060402 0.9004359 0.9167200 0.8895460 0.8342200 0.8753572 0.8488445 0.8648499 0.8654398 0.8729345 0.8500258 0.7859986 0.8529500 0.9228380 0.8727324 0.8526361 0.8979090 0.8772393 0.8540242 0.8575784 0.8937882 0.8766806 0.8258781 0.8242916 0.8314471 0.9028693 1.1617865 0.9352658 0.8782988 0.9079762 0.8848597 0.7987143 0.8045523 0.7950147 0.7490154 0.7268117 0.8043163 0.6756476 0.6545394 0.6042470 0.5690535 0.7484119 0.5580753 0.5446533 0.5738601 0.6297810 1.8375585 1.9354582 1.9207810 2.6355594 
A1.KE.06.06KECst_013.FJ623485          0.5465382 0.6032244 0.5645055 0.6315792 0.6757994 0.7415114 0.7692360 0.3047605 0.0000000 0.3842775 0.4095885 0.3672328 0.3858573 0.4849806 0.7100245 0.6894341 0.7849603 0.7184769 0.7201731 0.7418668 0.7007005 0.6934487 0.7527323 0.8097285 0.8345920 0.8209233 0.6743261 0.7319233 0.7039448 0.6794261 0.6816831 0.4580275 0.5474642 0.5451478 0.5781980 0.7516077 0.5595915 0.5710250 0.6609556 0.5605120 0.5892969 0.7165887 0.7839760 0.4876161 0.4686836 0.4285991 0.5000558 0.8284216 0.8709083 0.9070710 0.9291947 0.8955551 0.9333123 0.9104779 0.8383641 0.8804003 0.8308569 0.8671130 0.8705446 0.8627428 0.8331333 0.7932021 0.8503942 0.9485018 0.8962004 0.8474150 0.8914281 0.8627426 0.8653516 0.8457225 0.8981817 0.8742094 0.8291544 0.8074319 0.8223868 0.8887591 1.1165616 0.9086296 0.8704163 0.9158798 0.8795589 0.7804917 0.8203209 0.8109470 0.7445354 0.7182912 0.8131014 0.6669578 0.6443033 0.6037517 0.5793032 0.7550280 0.5569981 0.5472627 0.5639251 0.6198427 1.9262557 1.9810773 1.9339192 2.6165293 
35_AD.AF.06.007H.GQ477450              0.5406251 0.6044910 0.5629588 0.6467835 0.6912974 0.7442594 0.7853258 0.4094508 0.3842775 0.0000000 0.4309121 0.3700392 0.4110534 0.5003181 0.7195935 0.7240221 0.7909946 0.7256589 0.7384502 0.7668588 0.7282678 0.7004749 0.7715086 0.8158335 0.8531939 0.8666002 0.6819070 0.7500941 0.7056058 0.6826797 0.7092279 0.4780485 0.5596893 0.5657716 0.5857721 0.7714947 0.5925618 0.5919414 0.6775568 0.5776015 0.6056533 0.7432504 0.7718261 0.4961159 0.4781498 0.4383980 0.4938112 0.8339295 0.8790529 0.8999182 0.9021645 0.9071424 0.9317598 0.8768502 0.8387137 0.8651630 0.8467311 0.8481845 0.8423509 0.8694618 0.8536194 0.7848119 0.8491472 0.9374831 0.8968891 0.8438431 0.8783153 0.8492745 0.8467660 0.8755161 0.8884438 0.8700230 0.8174803 0.8234772 0.8396188 0.8872365 1.1333784 0.9169689 0.8576646 0.8965551 0.8770574 0.7907567 0.7867394 0.7983627 0.7608874 0.7217536 0.8293702 0.6818822 0.6605954 0.5973568 0.5754448 0.7478080 0.5595341 0.5419614 0.5741578 0.6436511 1.9361848 1.9534391 1.9238555 2.6472903 
A1.CY.07.CY208.JF683760                0.5700292 0.6218593 0.5838728 0.6661581 0.7012373 0.7702474 0.8022853 0.4065027 0.4095885 0.4309121 0.0000000 0.2405892 0.4105005 0.5152448 0.7218784 0.7164108 0.7974680 0.7366311 0.7475635 0.7728375 0.7484975 0.7119553 0.7696852 0.8349222 0.8648057 0.8681595 0.6917765 0.7611965 0.7481253 0.6846171 0.7081446 0.4820578 0.5681633 0.5650236 0.6093568 0.7745996 0.5949971 0.6078125 0.6753239 0.5811576 0.6144225 0.7478240 0.8045516 0.5132374 0.4972979 0.4615143 0.5192184 0.8473713 0.8955270 0.9260803 0.9377190 0.9322332 0.9583999 0.9262315 0.8530376 0.8970233 0.8622170 0.8922552 0.8848280 0.8854247 0.8669114 0.8082138 0.8815095 0.9667989 0.9088860 0.8523637 0.9057720 0.8861776 0.8715142 0.8711505 0.9052409 0.8915790 0.8457092 0.8317012 0.8476195 0.9364716 1.1761510 0.9404952 0.8981651 0.9379774 0.8938694 0.8100906 0.8299269 0.8332791 0.7678009 0.7718096 0.8420584 0.6656710 0.6710795 0.6311000 0.6028578 0.7586210 0.5793985 0.5561473 0.5816578 0.6503645 1.9307108 1.9482634 1.9811276 2.7224412 
A1.CY.05.CY051.FJ388903                0.5142124 0.5694528 0.5405197 0.6023163 0.6553343 0.7083884 0.7314374 0.3725021 0.3672328 0.3700392 0.2405892 0.0000000 0.3632373 0.4659688 0.6815303 0.6670425 0.7685334 0.6872591 0.7151912 0.7354169 0.7252555 0.6890002 0.7359135 0.7997924 0.8319211 0.8062709 0.6631364 0.7370786 0.7196209 0.6591690 0.6795737 0.4288221 0.5198658 0.5341666 0.5677410 0.7363544 0.5560927 0.5594590 0.6357280 0.5529234 0.5821846 0.6959346 0.7598495 0.4789920 0.4547369 0.4150168 0.4679469 0.8197675 0.8674457 0.8915335 0.9109046 0.8771301 0.9153165 0.8772760 0.8159543 0.8553929 0.8195420 0.8495507 0.8345460 0.8547913 0.8174134 0.7763642 0.8434602 0.9143750 0.8716903 0.8268485 0.8746293 0.8284244 0.8459575 0.8475534 0.8833929 0.8557705 0.7986585 0.8003816 0.8204830 0.8942931 1.1442204 0.9065455 0.8668711 0.9024032 0.8612441 0.7876934 0.8036963 0.7910277 0.7379737 0.7213996 0.7826740 0.6394598 0.6472560 0.5756772 0.5594819 0.7203582 0.5327212 0.5257159 0.5305431 0.5947883 1.8994755 1.9208672 1.9342595 2.6845186 
A1.UG.11.DEMA110UG001.KF859745         0.5214862 0.5648317 0.5283794 0.6172487 0.6725542 0.7299554 0.7526331 0.4011654 0.3858573 0.4110534 0.4105005 0.3632373 0.0000000 0.4691271 0.7134146 0.6781847 0.7591332 0.7126462 0.7125102 0.7488949 0.7207316 0.6921582 0.7567821 0.7917225 0.8408382 0.8157841 0.6698961 0.7374748 0.7042562 0.6736493 0.6817610 0.4362205 0.5237765 0.5233412 0.5663378 0.7514855 0.5462948 0.5662749 0.6314134 0.5367820 0.5677850 0.7024947 0.7419993 0.4823870 0.4469599 0.4113351 0.4691218 0.7944853 0.8371853 0.8641236 0.8967992 0.8625843 0.8890095 0.8673824 0.8107396 0.8390047 0.8230595 0.8200383 0.8356753 0.8303261 0.8233589 0.7637753 0.8295760 0.9019472 0.8516033 0.8173280 0.8691567 0.8494985 0.8264748 0.8116951 0.8670711 0.8421680 0.8133692 0.7851884 0.8023898 0.8513304 1.1188157 0.8799758 0.8320358 0.8636132 0.8377321 0.7474688 0.7873369 0.7859049 0.7193598 0.7009355 0.7976597 0.6304824 0.6457174 0.5622821 0.5492656 0.7314462 0.5369491 0.5187912 0.5471757 0.5915037 1.8525056 1.9523526 1.9621238 2.7217110 
A1C.UG.99.99UGF25926.AF484491          0.5857384 0.6620764 0.6055439 0.6809091 0.7500726 0.7853803 0.8279831 0.4894356 0.4849806 0.5003181 0.5152448 0.4659688 0.4691271 0.0000000 0.6172374 0.5996772 0.6793206 0.6299412 0.6303557 0.6481216 0.6235831 0.6093178 0.6519072 0.7000901 0.7814762 0.7502373 0.5756037 0.6432456 0.6229814 0.5929988 0.6104390 0.5016257 0.6045863 0.5943663 0.6363842 0.8233128 0.6327575 0.6322943 0.6916431 0.6136644 0.6408143 0.7598971 0.8313040 0.5590961 0.5243686 0.4966084 0.5354499 0.8723026 0.9192359 0.9419909 0.9635804 0.8992456 0.9615897 0.9365210 0.8840667 0.9466189 0.8927529 0.8891563 0.9186807 0.9305327 0.8778147 0.8213076 0.8801175 0.9883905 0.9372705 0.8941174 0.9390411 0.8901834 0.9217762 0.9053118 0.9366428 0.9144524 0.8945362 0.8595634 0.8643187 0.9374398 1.2055214 0.9516717 0.8991567 0.9633354 0.9057151 0.8291259 0.8362653 0.8356734 0.7968333 0.7552421 0.8691807 0.7217811 0.7142329 0.6574330 0.6190235 0.7909735 0.6158530 0.6045226 0.6240303 0.6882794 1.8873900 1.9927791 1.9610681 2.6328503 
A1C.IN.15.SC017.KY713232               0.8348755 0.9145828 0.8669342 0.9462829 0.9608661 1.0139583 1.0758836 0.7308553 0.7100245 0.7195935 0.7218784 0.6815303 0.7134146 0.6172374 0.0000000 0.6044232 0.6580028 0.6338266 0.6299714 0.6647809 0.6438431 0.6050647 0.6637370 0.7065034 0.7826646 0.7416105 0.5701164 0.6605407 0.6000534 0.5794419 0.5945677 0.7309148 0.8391354 0.8378416 0.8893273 1.0402521 0.8776955 0.8687844 0.9509702 0.8505308 0.8748210 1.0096668 1.0625317 0.7907472 0.7639555 0.7074907 0.7889308 1.1243364 1.1756920 1.1789452 1.1928721 1.1810117 1.2437800 1.1827193 1.1326789 1.1573019 1.1275838 1.1360288 1.1100644 1.1615697 1.1302447 1.0582662 1.1765687 1.2442080 1.1834671 1.1509696 1.1873210 1.1495903 1.1643995 1.1508060 1.1624210 1.1829652 1.1612055 1.1397012 1.1373380 1.2184721 1.4750861 1.2187535 1.1737397 1.2117110 1.1724648 1.0941164 1.0935284 1.0995500 1.0349757 1.0093954 1.0843035 0.9390461 0.9440740 0.9206021 0.8521710 1.0361216 0.8649842 0.8648728 0.8355750 0.8958567 2.1159428 2.1962835 2.2484457 2.8599727 
C.IL.99.99ET14.AY255825                0.8138067 0.8872356 0.8231664 0.8961103 0.9255212 0.9784980 0.9909453 0.6949771 0.6894341 0.7240221 0.7164108 0.6670425 0.6781847 0.5996772 0.6044232 0.0000000 0.4218376 0.4185857 0.4246508 0.4349062 0.4204170 0.3812299 0.4353533 0.4790500 0.5347559 0.5200899 0.3791525 0.4234099 0.4113362 0.3687207 0.3779838 0.7145861 0.8152523 0.8033474 0.8608021 1.0216136 0.8607327 0.8561640 0.9320433 0.8397725 0.8420295 0.9501129 0.9999163 0.7639724 0.7353115 0.6911266 0.7639104 1.0797931 1.1395600 1.1617870 1.1875069 1.1319228 1.1859641 1.1473037 1.0872819 1.1560896 1.0968755 1.1248373 1.1136422 1.1570622 1.1010556 1.0453581 1.1375187 1.1909964 1.1379989 1.1253116 1.1263819 1.1272749 1.1270990 1.1165369 1.1528308 1.1449767 1.0970036 1.0809340 1.0842811 1.1500669 1.4139424 1.1794250 1.1204733 1.1690471 1.1365537 1.0522667 1.0768864 1.0409743 1.0133024 0.9968426 1.0600391 0.9100791 0.9109221 0.8647208 0.8254105 0.9981870 0.8506043 0.8386036 0.8215666 0.8801835 2.1279019 2.1851900 2.1801496 2.8485062 
C.SE.09.035ZA.MF373148                 0.9023088 0.9367517 0.9111832 0.9744662 1.0197204 1.0575188 1.1320224 0.7765172 0.7849603 0.7909946 0.7974680 0.7685334 0.7591332 0.6793206 0.6580028 0.4218376 0.0000000 0.4733926 0.4886848 0.4917772 0.4679452 0.4444419 0.4913130 0.5492884 0.5892007 0.5794937 0.4328253 0.4905817 0.4724817 0.4337183 0.4476058 0.7844089 0.8756502 0.8620522 0.9118227 1.0946327 0.9202381 0.9117308 0.9944100 0.8908075 0.9109290 1.0309634 1.0935075 0.8205179 0.8073324 0.7515515 0.8210710 1.1351519 1.2003182 1.1992609 1.2040492 1.2047648 1.2491684 1.2117210 1.1492855 1.2092636 1.1514636 1.2070769 1.1705387 1.2073018 1.1545227 1.1066788 1.1858503 1.2230502 1.2210622 1.1869670 1.2148618 1.1714387 1.1759198 1.1697298 1.2149221 1.2026556 1.1619172 1.1302911 1.1630611 1.2267578 1.4905456 1.2543057 1.1835066 1.2179532 1.1974314 1.0697172 1.1169288 1.1376177 1.0657880 1.0472311 1.1304774 1.0046011 1.0064460 0.9418008 0.9257226 1.0949973 0.9203945 0.9108527 0.9125649 0.9713182 2.2024197 2.3054558 2.3254369 2.8984568 
C.ZA.04.04ZASK135B1.DQ011166           0.8423245 0.9068769 0.8446058 0.9283353 0.9830421 1.0264269 1.0403435 0.7346238 0.7184769 0.7256589 0.7366311 0.6872591 0.7126462 0.6299412 0.6338266 0.4185857 0.4733926 0.0000000 0.3276332 0.3484885 0.3733552 0.3437146 0.3981529 0.4636777 0.5233825 0.4977236 0.3499171 0.4284956 0.4165389 0.3855866 0.3928135 0.7297624 0.8549154 0.8512980 0.8967171 1.0687547 0.8863892 0.8774627 0.9564758 0.8664419 0.8972698 0.9750208 1.0484789 0.7859280 0.7959086 0.7142418 0.7847679 1.1124797 1.1696121 1.1927941 1.1974651 1.1911458 1.1937757 1.1755793 1.1094986 1.1707653 1.1408304 1.1594792 1.1248582 1.1518690 1.1262503 1.0735470 1.1599219 1.2646829 1.1870477 1.1472755 1.1849811 1.1565314 1.1635023 1.1457923 1.1928108 1.1997221 1.1561764 1.1072411 1.1130788 1.1708500 1.4231972 1.2245438 1.1961565 1.1767754 1.1900207 1.0727171 1.1013732 1.0950012 1.0543784 1.0150127 1.1002080 0.9654857 0.9550344 0.9035811 0.8778518 1.0238018 0.8372218 0.8475320 0.8649192 0.9046610 2.2435858 2.2990445 2.2887665 2.9720044 
C.ZA.03.03ZAPS130MB1.DQ275658          0.8348904 0.9055255 0.8466093 0.9351354 1.0079252 1.0303947 1.0729986 0.7252208 0.7201731 0.7384502 0.7475635 0.7151912 0.7125102 0.6303557 0.6299714 0.4246508 0.4886848 0.3276332 0.0000000 0.2871146 0.3765082 0.3404463 0.3943420 0.4494631 0.5225485 0.4900403 0.3422480 0.4508501 0.4285165 0.3940483 0.3985437 0.7400326 0.8692676 0.8689154 0.8879801 1.0594329 0.8998531 0.8877071 0.9793373 0.8820682 0.9031688 0.9840313 1.0831418 0.7942286 0.7602106 0.7296654 0.7953176 1.0844733 1.1395447 1.1743782 1.1858452 1.1732953 1.1886200 1.1500131 1.0899067 1.1497966 1.1048401 1.1396778 1.1331546 1.1375820 1.1115860 1.0562566 1.1267022 1.2552921 1.1780700 1.1359577 1.1577035 1.1184650 1.1212573 1.1742217 1.1728528 1.1692996 1.1117584 1.0953825 1.0853769 1.1881591 1.4437773 1.2059938 1.1536819 1.1800041 1.1660859 1.0432654 1.0888304 1.0868291 1.0343814 0.9989583 1.1009208 0.9405716 0.9774363 0.8852924 0.8685847 1.0323630 0.8590253 0.8588476 0.8674345 0.9147623 2.3522941 2.3983733 2.3997455 2.9690900 
C.ZA.97.97ZA012.AF286227               0.8587673 0.9060019 0.8707918 0.9469229 1.0018267 1.0581698 1.0851581 0.7624519 0.7418668 0.7668588 0.7728375 0.7354169 0.7488949 0.6481216 0.6647809 0.4349062 0.4917772 0.3484885 0.2871146 0.0000000 0.3901727 0.3588319 0.4166602 0.4731384 0.5245075 0.5160918 0.3666828 0.4648963 0.4403624 0.4022248 0.4155750 0.7586697 0.8985721 0.8934276 0.9121050 1.0899106 0.9211456 0.9185279 1.0175481 0.9224378 0.9079736 1.0221823 1.1050948 0.8093198 0.7999690 0.7567122 0.8121086 1.1181336 1.2071408 1.2003641 1.2019309 1.1926518 1.1991495 1.1657331 1.1361375 1.1843039 1.1262706 1.1680429 1.1679862 1.1918134 1.1389359 1.0776339 1.1536494 1.2445225 1.1692021 1.1487319 1.1815718 1.1569189 1.1637922 1.1613208 1.1831661 1.1975067 1.1294657 1.1208370 1.1199329 1.2156597 1.4295623 1.2369649 1.1890303 1.2130667 1.1960475 1.0831577 1.1294437 1.0996462 1.0436805 1.0403683 1.0790887 0.9675642 0.9467476 0.9370349 0.8655400 1.0457077 0.8885497 0.8799554 0.8760963 0.9318182 2.2569972 2.2898203 2.2690158 2.8490676 
C.BW.98.98BWMC14A3.AF443078            0.8256010 0.8980239 0.8367848 0.9197012 0.9736879 1.0146365 1.0506696 0.7264297 0.7007005 0.7282678 0.7484975 0.7252555 0.7207316 0.6235831 0.6438431 0.4204170 0.4679452 0.3733552 0.3765082 0.3901727 0.0000000 0.3439850 0.3977026 0.4565875 0.5195641 0.4905713 0.3484450 0.4386894 0.4251600 0.3922056 0.4041483 0.7385112 0.8413523 0.8304106 0.8700894 1.0299875 0.8667652 0.8739833 0.9354450 0.8454778 0.8818759 0.9655372 1.0373787 0.7913947 0.7603146 0.7183843 0.7775563 1.0703433 1.1392930 1.1406695 1.1970992 1.1439266 1.2008000 1.1294206 1.0809844 1.1550818 1.1237671 1.1202152 1.1170778 1.1707994 1.1087614 1.0470375 1.1156169 1.1896596 1.1680665 1.1281547 1.1605478 1.1496533 1.1411542 1.1291484 1.1474743 1.1837198 1.1195280 1.1261827 1.1114983 1.1778625 1.4546720 1.2012453 1.1796418 1.2019013 1.1785330 1.0769249 1.0958374 1.0674457 1.0209774 0.9613001 1.0663578 0.9287926 0.9313659 0.8983591 0.8518204 1.0410545 0.8616668 0.8622460 0.8399211 0.9328054 2.2210961 2.2947088 2.3174243 2.8962669 
C.ZA.99.99ZALT4.EU293444               0.7869610 0.8837676 0.8062958 0.9025529 0.9613244 0.9840491 1.0376979 0.6997412 0.6934487 0.7004749 0.7119553 0.6890002 0.6921582 0.6093178 0.6050647 0.3812299 0.4444419 0.3437146 0.3404463 0.3588319 0.3439850 0.0000000 0.3100702 0.4215378 0.4687248 0.4615905 0.3074561 0.4046594 0.3936691 0.3548923 0.3700982 0.7200584 0.8347214 0.8368284 0.8497786 1.0304531 0.8602578 0.8625718 0.9296458 0.8423685 0.8675964 0.9944244 1.0429566 0.7717463 0.7378732 0.6821871 0.7413518 1.0860400 1.1691889 1.1768142 1.1786468 1.1585527 1.1720216 1.1676682 1.1040560 1.1444161 1.1198720 1.0961385 1.1036215 1.1333501 1.1036350 1.0485384 1.1229448 1.2119865 1.1533573 1.0978588 1.1451111 1.1292911 1.1231989 1.0966972 1.1333625 1.1627599 1.1106103 1.0896066 1.1043860 1.1768109 1.4196407 1.1756521 1.1516946 1.1660822 1.1401325 1.0377465 1.0752484 1.0758649 1.0128556 0.9627351 1.0727405 0.9209166 0.9128841 0.8849417 0.8310558 1.0126343 0.8119085 0.8230048 0.8201840 0.8937167 2.1477197 2.1927196 2.2180108 2.8816047 
C.ZA.02.02ZAPS015MB1.DQ369995          0.8643014 0.9634184 0.8604491 0.9489332 1.0398627 1.0368871 1.0959924 0.7577760 0.7527323 0.7715086 0.7696852 0.7359135 0.7567821 0.6519072 0.6637370 0.4353533 0.4913130 0.3981529 0.3943420 0.4166602 0.3977026 0.3100702 0.0000000 0.4849442 0.5349999 0.5120735 0.3675972 0.4489813 0.4504896 0.4200299 0.4254144 0.7510161 0.8872614 0.8819724 0.9200439 1.0953502 0.8966562 0.9090040 0.9811838 0.8761108 0.9259040 1.0277552 1.0963230 0.8402469 0.7959183 0.7536129 0.7986034 1.1419264 1.1619903 1.1898716 1.2218615 1.1897094 1.2059774 1.1968337 1.1405461 1.1950628 1.1804558 1.1590646 1.1573338 1.1935805 1.1347410 1.0624291 1.1881174 1.2463745 1.2007219 1.1797612 1.2061729 1.1791453 1.1896131 1.1446490 1.1945346 1.2155085 1.1546577 1.1477810 1.1491028 1.2309351 1.4948917 1.2394311 1.1872063 1.2244351 1.2042444 1.1135791 1.1186267 1.1348840 1.0609892 1.0226944 1.1214697 1.0089170 0.9850830 0.9281081 0.8995137 1.0686682 0.8801568 0.9032861 0.8813408 0.9512561 2.1994980 2.2755623 2.2896932 2.9266628 
C.GB.14.13659_1_48.3.MF109437          0.8920927 0.9902973 0.9383011 1.0127514 1.0663401 1.1094460 1.1370883 0.8094552 0.8097285 0.8158335 0.8349222 0.7997924 0.7917225 0.7000901 0.7065034 0.4790500 0.5492884 0.4636777 0.4494631 0.4731384 0.4565875 0.4215378 0.4849442 0.0000000 0.5361082 0.5015294 0.4183298 0.5021708 0.4945571 0.4548687 0.4656393 0.8057817 0.9224720 0.9057058 0.9737383 1.1037287 0.9511175 0.9434196 1.0425038 0.9339153 0.9480200 1.0452939 1.1420923 0.8541920 0.8648331 0.7996822 0.8754029 1.1628587 1.2263678 1.2667600 1.2580449 1.2215567 1.2591972 1.2307592 1.1857981 1.2718682 1.2019668 1.2150959 1.1835564 1.2481693 1.1916424 1.1268503 1.1968418 1.2932549 1.2300102 1.2091798 1.2508892 1.1974795 1.1959716 1.2137852 1.2557621 1.2375049 1.1962089 1.1668039 1.1816662 1.2093093 1.5115216 1.2570954 1.2192741 1.2893378 1.2167825 1.1385234 1.1413361 1.1611071 1.1123929 1.0850185 1.1431953 1.0323863 1.0697592 0.9747877 0.9699296 1.1487399 0.9695697 0.9406917 0.9186750 1.0259465 2.2721992 2.3359371 2.3856146 2.8522939 
BC.CN.07.07CNYN340.KF835526            0.9465934 1.0250195 0.9608473 1.0457305 1.0498956 1.1349009 1.1551860 0.8304453 0.8345920 0.8531939 0.8648057 0.8319211 0.8408382 0.7814762 0.7826646 0.5347559 0.5892007 0.5233825 0.5225485 0.5245075 0.5195641 0.4687248 0.5349999 0.5361082 0.0000000 0.4017405 0.4763522 0.5688678 0.5389408 0.5115899 0.5133994 0.8652894 0.9806999 0.9839966 1.0430321 1.1841781 1.0200064 1.0089373 1.0783264 0.9711890 1.0324878 1.1173925 1.1702792 0.9273902 0.9003073 0.8459901 0.9140506 1.2233217 1.2794884 1.2889842 1.3623140 1.3092614 1.3317637 1.3179963 1.2378303 1.2797622 1.2560104 1.2752982 1.2615514 1.2987318 1.2604892 1.2016245 1.2502679 1.3281641 1.3446237 1.2803808 1.3132061 1.2588119 1.2685235 1.3020259 1.3058087 1.2555820 1.2540738 1.2432188 1.2506363 1.3180052 1.5855090 1.3426672 1.2758005 1.3388928 1.2905571 1.1857113 1.2054639 1.2514933 1.1629491 1.1427406 1.2155139 1.0744372 1.0808473 1.0096349 0.9999644 1.1691471 0.9818961 0.9814110 0.9614857 1.0486723 2.3403872 2.3962909 2.3360054 3.0034597 
85_BC.CN.14.14CN_SCYB4.KU992932        0.9536869 1.0292221 0.9550544 1.0132608 1.0778721 1.1157937 1.1382492 0.8321473 0.8209233 0.8666002 0.8681595 0.8062709 0.8157841 0.7502373 0.7416105 0.5200899 0.5794937 0.4977236 0.4900403 0.5160918 0.4905713 0.4615905 0.5120735 0.5015294 0.4017405 0.0000000 0.4491157 0.5440762 0.5345657 0.4841089 0.5035253 0.8574738 0.9626997 0.9724846 1.0087134 1.1573039 0.9810943 1.0142132 1.0632317 0.9638410 1.0032232 1.0629036 1.1534278 0.9057719 0.8676143 0.8302603 0.8870214 1.1869535 1.2384605 1.2608552 1.2795692 1.2544246 1.2670945 1.2308660 1.2225041 1.2440236 1.2060066 1.2113471 1.2170170 1.2402254 1.2421871 1.1594213 1.2390525 1.3247379 1.2606359 1.2133462 1.2613712 1.2365271 1.2367553 1.2292547 1.2748702 1.2815758 1.2234697 1.2032184 1.2130556 1.2986310 1.5632734 1.2924980 1.2362772 1.3020119 1.2431225 1.1438888 1.1970667 1.2364789 1.1299448 1.1083609 1.1890172 1.0365563 1.1016300 1.0283657 0.9840606 1.1653071 0.9918203 0.9792152 0.9820712 1.0381140 2.3345241 2.3934598 2.4184395 2.9490518 
C.BW.00.00BW076820.AF443089            0.7927790 0.8660194 0.8083849 0.8841554 0.9303134 0.9691767 1.0114514 0.6738138 0.6743261 0.6819070 0.6917765 0.6631364 0.6698961 0.5756037 0.5701164 0.3791525 0.4328253 0.3499171 0.3422480 0.3666828 0.3484450 0.3074561 0.3675972 0.4183298 0.4763522 0.4491157 0.0000000 0.3917654 0.3753184 0.3411411 0.3481143 0.6739874 0.8087040 0.7929436 0.8144532 0.9938336 0.8351233 0.8294856 0.9057141 0.8219726 0.8348296 0.9380690 1.0101404 0.7520487 0.7081556 0.6615686 0.7331705 1.0598030 1.1386473 1.1352410 1.1415748 1.1118651 1.1802899 1.1232239 1.0788543 1.1370427 1.0750244 1.0944376 1.0986481 1.1175868 1.0800380 1.0250502 1.0910209 1.1616201 1.1192836 1.0773908 1.1194259 1.0995415 1.0956460 1.1001298 1.1237504 1.1129239 1.0727058 1.0507314 1.0601798 1.1528762 1.3993935 1.1719404 1.0922756 1.1250432 1.1156937 0.9907944 1.0344390 1.0434487 0.9863896 0.9542918 1.0235021 0.8722664 0.9164946 0.8500613 0.8173136 0.9920993 0.8029847 0.7998189 0.8063982 0.8714019 2.1449778 2.2104666 2.1766842 2.8250431 
C.ZA.04.04ZASK170B1.DQ093595           0.8374178 0.9262559 0.8587633 0.9425787 0.9829270 1.0340026 1.0503974 0.7296940 0.7319233 0.7500941 0.7611965 0.7370786 0.7374748 0.6432456 0.6605407 0.4234099 0.4905817 0.4284956 0.4508501 0.4648963 0.4386894 0.4046594 0.4489813 0.5021708 0.5688678 0.5440762 0.3917654 0.0000000 0.3527084 0.3157410 0.3625225 0.7399720 0.8594204 0.8553886 0.8904329 1.0413315 0.8773965 0.8765463 0.9676619 0.8802977 0.9186632 1.0017599 1.0756730 0.8118805 0.7908671 0.7380492 0.8121242 1.1245247 1.2042778 1.2135009 1.2365520 1.1815677 1.2238003 1.1957713 1.1309216 1.1884820 1.1437162 1.1699049 1.1652231 1.2082697 1.1386746 1.0693178 1.1839280 1.2567011 1.1807202 1.1557911 1.2116882 1.1689900 1.1782227 1.1988411 1.1882130 1.1943918 1.1444710 1.1323723 1.1587049 1.2142738 1.4341271 1.2412576 1.1639088 1.1945940 1.2049674 1.0721537 1.0802766 1.1081444 1.0774173 1.0083398 1.1204276 0.9534576 0.9686844 0.9349876 0.8754257 1.0658904 0.8809759 0.8770091 0.8744005 0.9413551 2.1645769 2.2461428 2.2772122 2.8991604 
C.TZ.02.CO6721.AY734560                0.8420574 0.8995002 0.8701640 0.9368476 0.9807442 1.0535278 1.0703275 0.7157888 0.7039448 0.7056058 0.7481253 0.7196209 0.7042562 0.6229814 0.6000534 0.4113362 0.4724817 0.4165389 0.4285165 0.4403624 0.4251600 0.3936691 0.4504896 0.4945571 0.5389408 0.5345657 0.3753184 0.3527084 0.0000000 0.2427084 0.3551777 0.7258009 0.8796396 0.8577568 0.9153397 1.0658949 0.9078297 0.8793288 0.9508806 0.8709513 0.9000547 0.9795121 1.0883268 0.8275674 0.7655088 0.7333826 0.7958262 1.1018427 1.1836985 1.2195266 1.1857583 1.1832438 1.2141635 1.1898835 1.1331754 1.1830875 1.1288634 1.1591360 1.1605700 1.1854772 1.1250759 1.0720665 1.1723230 1.2223271 1.1833132 1.1316769 1.1678937 1.1716649 1.1561282 1.1517041 1.1717913 1.1772665 1.1455320 1.1028392 1.1140003 1.2061757 1.4486156 1.1952891 1.1445961 1.1665610 1.1678725 1.0518635 1.0996530 1.0997204 1.0563282 1.0019184 1.1190666 0.9272258 0.9610089 0.8806547 0.8405341 1.0077500 0.8635522 0.8407364 0.8459773 0.9495106 2.1620248 2.2321715 2.2234543 2.8333199 
C.TZ.01.BD39_8.AY253313                0.8020733 0.8562655 0.8081843 0.8944205 0.9328228 0.9723181 1.0235384 0.6712766 0.6794261 0.6826797 0.6846171 0.6591690 0.6736493 0.5929988 0.5794419 0.3687207 0.4337183 0.3855866 0.3940483 0.4022248 0.3922056 0.3548923 0.4200299 0.4548687 0.5115899 0.4841089 0.3411411 0.3157410 0.2427084 0.0000000 0.3131829 0.6819381 0.8301673 0.8071491 0.8563616 1.0052536 0.8494227 0.8502426 0.9209560 0.8231965 0.8700758 0.9331255 1.0196217 0.7489012 0.7315531 0.6918919 0.7294599 1.0870085 1.1296442 1.1390906 1.1824745 1.1426200 1.1650161 1.1592436 1.0618100 1.1502301 1.0808172 1.1176846 1.1039629 1.1386480 1.1010741 1.0108063 1.1012393 1.1849827 1.1749997 1.0744210 1.1496025 1.1033118 1.0971721 1.1311095 1.1402234 1.1490900 1.1099764 1.0771752 1.0713148 1.1494939 1.4264575 1.1643825 1.1297235 1.1376747 1.1481267 1.0195191 1.0484836 1.0638804 0.9919392 0.9770133 1.0479773 0.9038898 0.9220447 0.8625641 0.8222180 0.9735962 0.8264676 0.8318609 0.8070402 0.8890828 2.0821049 2.1746999 2.1955336 2.8738344 
C.ZA.03.03ZAPS067MB2.DQ396389          0.8072114 0.8821798 0.8170929 0.9151591 0.9378059 1.0016961 1.0437810 0.6915501 0.6816831 0.7092279 0.7081446 0.6795737 0.6817610 0.6104390 0.5945677 0.3779838 0.4476058 0.3928135 0.3985437 0.4155750 0.4041483 0.3700982 0.4254144 0.4656393 0.5133994 0.5035253 0.3481143 0.3625225 0.3551777 0.3131829 0.0000000 0.7011972 0.8239435 0.8224001 0.8669894 1.0223819 0.8598466 0.8504875 0.9309963 0.8525509 0.8724943 0.9850644 1.0339984 0.7659427 0.7457456 0.6797358 0.7695676 1.0835121 1.1279620 1.1604534 1.1580784 1.1702356 1.1877630 1.1378147 1.0751112 1.1423147 1.0869168 1.1454843 1.1064268 1.1387662 1.1044817 1.0342322 1.1270425 1.1890791 1.1573294 1.0903337 1.1435476 1.1157933 1.1077824 1.1369092 1.1474860 1.1427110 1.0925955 1.0702079 1.0970997 1.1655660 1.4469812 1.2004717 1.1497036 1.1610398 1.1364509 1.0363117 1.0407010 1.0476527 1.0182987 0.9548023 1.0564571 0.9268225 0.9390071 0.8897259 0.8370314 0.9991604 0.8393127 0.8231473 0.8285533 0.8834710 2.1153159 2.1817747 2.1905531 2.7618419 
A1D.UG.99.99UGJ21953.AF484496          0.5669260 0.6224071 0.5765089 0.6530648 0.7030197 0.7528194 0.8042340 0.4679948 0.4580275 0.4780485 0.4820578 0.4288221 0.4362205 0.5016257 0.7309148 0.7145861 0.7844089 0.7297624 0.7400326 0.7586697 0.7385112 0.7200584 0.7510161 0.8057817 0.8652894 0.8574738 0.6739874 0.7399720 0.7258009 0.6819381 0.7011972 0.0000000 0.5672930 0.5790084 0.6215256 0.7752699 0.6009607 0.6095920 0.6974828 0.6064995 0.6147308 0.7338019 0.7895409 0.5171589 0.4905847 0.4762831 0.5096774 0.8682419 0.9009027 0.9271228 0.9255807 0.9295724 0.9569947 0.9263407 0.8598804 0.9174897 0.8824066 0.8896525 0.9020339 0.9027348 0.8689139 0.8120653 0.9052245 0.9571810 0.9161190 0.8887174 0.9047048 0.8932966 0.8856040 0.8759553 0.9001665 0.8880399 0.8467298 0.8374201 0.8488648 0.9267833 1.1682249 0.9417927 0.8854887 0.9300145 0.8907811 0.8089214 0.8164575 0.8105109 0.7721638 0.7350171 0.8444546 0.7069391 0.6961556 0.6273724 0.6075615 0.7800017 0.5881022 0.5795979 0.5854448 0.6523579 1.8928870 1.9128119 1.9701463 2.6341000 
01_AE.CN.02.YN0236.JX112866            0.6028293 0.6465874 0.6209294 0.7025272 0.7659503 0.7879555 0.8386450 0.5533379 0.5474642 0.5596893 0.5681633 0.5198658 0.5237765 0.6045863 0.8391354 0.8152523 0.8756502 0.8549154 0.8692676 0.8985721 0.8413523 0.8347214 0.8872614 0.9224720 0.9806999 0.9626997 0.8087040 0.8594204 0.8796396 0.8301673 0.8239435 0.5672930 0.0000000 0.1524690 0.2042723 0.3619722 0.2006647 0.2086279 0.2840113 0.2057069 0.2375458 0.4635082 0.5115118 0.4210605 0.5235171 0.5004549 0.5577212 0.8970632 0.9139120 0.9659366 0.9614556 0.9428529 0.9726988 0.9638872 0.8810373 0.9241878 0.9062152 0.9116573 0.9198131 0.9154579 0.8997814 0.8401061 0.9190631 0.9614952 0.9523527 0.8967147 0.9555368 0.9322657 0.9315880 0.9155875 0.9381927 0.9250198 0.8969225 0.8732246 0.8840310 0.9638010 1.1562717 0.9777202 0.9494205 0.9520515 0.9373629 0.8629742 0.8456688 0.8563313 0.7831701 0.7800748 0.8710402 0.7211267 0.7406655 0.6598768 0.6260511 0.8213894 0.6248828 0.6094179 0.6278421 0.7000239 1.9199165 1.9353008 1.9120306 2.6211174 
01_AE.TH.99.99TH_C4460.AY945726        0.6081465 0.6599583 0.6235332 0.7035046 0.7675176 0.7924604 0.8444749 0.5638530 0.5451478 0.5657716 0.5650236 0.5341666 0.5233412 0.5943663 0.8378416 0.8033474 0.8620522 0.8512980 0.8689154 0.8934276 0.8304106 0.8368284 0.8819724 0.9057058 0.9839966 0.9724846 0.7929436 0.8553886 0.8577568 0.8071491 0.8224001 0.5790084 0.1524690 0.0000000 0.2072668 0.3681873 0.2040771 0.2172417 0.2876117 0.2116393 0.2392323 0.4687357 0.5243673 0.4265747 0.5237096 0.5021978 0.5719449 0.8997876 0.9267312 0.9635271 0.9719888 0.9559086 0.9919075 0.9701969 0.9018472 0.9316360 0.9152090 0.9349741 0.9225030 0.9402498 0.9027628 0.8296646 0.9345115 0.9670344 0.9589483 0.9113037 0.9691325 0.9294431 0.9354368 0.8952654 0.9358578 0.9298561 0.8805596 0.8738811 0.8788065 0.9777869 1.1561806 0.9739964 0.9474107 0.9687498 0.9504560 0.8539218 0.8660131 0.8787248 0.7994193 0.7863308 0.8926689 0.7276644 0.7314759 0.6683568 0.6264841 0.8225851 0.6264895 0.6154407 0.6439779 0.6972342 1.9379020 1.9618938 1.9724019 2.6263373 
01_AE.CN.07.GX070143.JX112835          0.6542752 0.6932216 0.6663838 0.7495619 0.7975324 0.8379940 0.8641609 0.5852369 0.5781980 0.5857721 0.6093568 0.5677410 0.5663378 0.6363842 0.8893273 0.8608021 0.9118227 0.8967171 0.8879801 0.9121050 0.8700894 0.8497786 0.9200439 0.9737383 1.0430321 1.0087134 0.8144532 0.8904329 0.9153397 0.8563616 0.8669894 0.6215256 0.2042723 0.2072668 0.0000000 0.4157691 0.2446206 0.2580012 0.3353980 0.2534627 0.2849852 0.5114918 0.5653915 0.4627085 0.5482653 0.5383242 0.5874372 0.9633134 0.9801666 0.9977531 1.0122600 0.9892633 1.0327027 0.9920941 0.9473611 0.9702258 0.9355302 0.9713067 0.9733232 0.9667614 0.9463507 0.8929031 0.9646649 1.0068496 0.9762657 0.9613666 0.9914774 0.9759012 0.9639591 0.9561923 0.9947028 0.9567560 0.9262302 0.9241212 0.9077406 1.0045925 1.2234097 1.0023578 0.9857924 1.0137473 0.9909698 0.8973253 0.9104671 0.9059516 0.8241573 0.8230646 0.9229938 0.7694504 0.7673633 0.7093321 0.6507516 0.8547818 0.6495746 0.6475366 0.6662217 0.7249182 1.9630169 1.9827843 1.9883595 2.6960286 
69_01B.JP.05.05JPMYC113SP420.LC027100  0.8159996 0.8430218 0.8341366 0.9097787 0.9792293 0.9906799 1.0206402 0.7641597 0.7516077 0.7714947 0.7745996 0.7363544 0.7514855 0.8233128 1.0402521 1.0216136 1.0946327 1.0687547 1.0594329 1.0899106 1.0299875 1.0304531 1.0953502 1.1037287 1.1841781 1.1573039 0.9938336 1.0413315 1.0658949 1.0052536 1.0223819 0.7752699 0.3619722 0.3681873 0.4157691 0.0000000 0.3949503 0.4110660 0.4896897 0.4005422 0.4308987 0.6613771 0.7070692 0.6206395 0.7395750 0.6951701 0.7664038 1.0915419 1.1083606 1.1261843 1.1646238 1.1464129 1.1881956 1.1682970 1.0999671 1.1156639 1.1170773 1.1057197 1.1157739 1.0801083 1.1076572 1.0132808 1.0967208 1.1549076 1.1215939 1.0901045 1.1684505 1.1082404 1.1150709 1.1175598 1.1254356 1.1045520 1.0405310 1.0383709 1.0692119 1.1660612 1.3599711 1.1431426 1.0980589 1.1544232 1.1125445 1.0409899 1.0289765 1.0281825 0.9635760 0.9973912 1.0813359 0.9195089 0.9182329 0.8783026 0.8229053 0.9995071 0.8228835 0.8066499 0.8146269 0.9015862 2.1816060 2.2224630 2.1240566 2.7714723 
01_AE.TH.07.AA030a04.JX447057          0.6310287 0.6751347 0.6624330 0.7349243 0.8149760 0.8226200 0.8728753 0.5901437 0.5595915 0.5925618 0.5949971 0.5560927 0.5462948 0.6327575 0.8776955 0.8607327 0.9202381 0.8863892 0.8998531 0.9211456 0.8667652 0.8602578 0.8966562 0.9511175 1.0200064 0.9810943 0.8351233 0.8773965 0.9078297 0.8494227 0.8598466 0.6009607 0.2006647 0.2040771 0.2446206 0.3949503 0.0000000 0.2333997 0.3146018 0.2377683 0.2660571 0.5088891 0.5390922 0.4476533 0.5464996 0.5326321 0.5832406 0.9374150 0.9644687 0.9846407 0.9950957 0.9814054 1.0027044 1.0064304 0.9332083 0.9610547 0.9569493 0.9549135 0.9594193 0.9551698 0.9494012 0.8758441 0.9656190 1.0069132 0.9637587 0.9311211 0.9853751 0.9497120 0.9554252 0.9475898 0.9821578 0.9742382 0.9122795 0.9097508 0.9274774 1.0051343 1.2006811 0.9989653 0.9832151 1.0347313 0.9576644 0.8939470 0.8815327 0.8969043 0.8212872 0.8243124 0.9267220 0.7699689 0.7544913 0.7059422 0.6618427 0.8550384 0.6296673 0.6330242 0.6563236 0.7313421 1.9691593 1.9940846 1.9882967 2.6309432 
01_AE.CN.07.07CNYN326.KF835513         0.6378245 0.6859110 0.6679317 0.7334476 0.7868732 0.8305877 0.8582819 0.5934341 0.5710250 0.5919414 0.6078125 0.5594590 0.5662749 0.6322943 0.8687844 0.8561640 0.9117308 0.8774627 0.8877071 0.9185279 0.8739833 0.8625718 0.9090040 0.9434196 1.0089373 1.0142132 0.8294856 0.8765463 0.8793288 0.8502426 0.8504875 0.6095920 0.2086279 0.2172417 0.2580012 0.4110660 0.2333997 0.0000000 0.3249726 0.2477832 0.2795760 0.5001813 0.5552493 0.4632004 0.5501212 0.5312341 0.5871890 0.9421937 0.9495084 0.9841364 1.0044177 0.9562086 1.0295964 0.9805835 0.9138229 0.9602960 0.9325214 0.9380196 0.9549880 0.9542752 0.9358947 0.8639653 0.9689231 1.0024567 0.9876190 0.9292709 0.9921196 0.9638705 0.9643112 0.9381620 0.9820850 0.9473684 0.9094215 0.9004884 0.9132534 0.9903796 1.2015349 1.0264080 0.9683943 1.0052745 0.9704187 0.8730100 0.8933996 0.8750296 0.8222013 0.8131073 0.9086019 0.7524497 0.7506853 0.6961784 0.6514242 0.8315811 0.6467049 0.6356540 0.6572364 0.7235284 2.0194445 2.0137247 1.9796558 2.6941156 
