100
2b.JP.MD2b2-2.AY232733       0.0000000 0.1526506 0.1398871 0.1489200 0.1397957 0.9265138 0.9189626 0.9354339 2.6510820 2.6816481 2.6329423 2.6394938 2.6220605 2.6354190 2.7265876 2.7297278 2.4893548 2.5794834 2.5319391 2.4296328 2.4681335 2.4809581 2.5002420 2.4723127 2.4501202 2.4525203 2.4978542 2.4652223 2.4594204 2.4771126 2.4398066 2.4671343 2.4367846 2.4618968 2.5319446 2.4156390 2.4477303 2.4057760 2.4085609 2.4691824 2.4596438 2.4593140 2.4566003 2.4511093 2.4718450 2.4537129 2.4507609 2.3990755 2.5399783 2.4662424 2.4633687 2.3983984 2.4418376 2.4307502 2.4438819 2.4355647 2.4923165 2.3622073 2.4223745 2.4175620 2.4317743 2.4350633 2.4145582 2.4261416 2.4136071 2.3602891 2.3472016 2.3876130 2.4454472 2.3867807 2.5064013 2.4419214 2.3919919 2.4640555 2.4729890 2.4418253 2.5154042 2.4560094 2.4552009 2.4985053 2.3814660 2.4261093 2.4859175 2.4471752 2.4455161 2.4658574 2.4785321 2.4392807 2.4068297 2.4023401 2.4689112 2.4255961 2.4614273 2.5084784 2.4580608 2.5158995 2.4436707 2.4827898 2.4766920 2.4436353 
2b.JP.HC-J8.D10988           0.1526506 0.0000000 0.1195485 0.1296072 0.1200353 0.9134280 0.8924658 0.8929154 2.6044147 2.6737000 2.5831152 2.6027383 2.6400456 2.5817852 2.7261942 2.6873875 2.4024623 2.5215837 2.5272896 2.4400359 2.4308985 2.4647165 2.4982647 2.4127538 2.4043780 2.4307461 2.4455755 2.4673862 2.4378156 2.5013288 2.4034205 2.4119559 2.3764690 2.4441547 2.4774151 2.4367022 2.4196675 2.3566216 2.3999298 2.4482422 2.3893913 2.4163514 2.4343420 2.4334553 2.4361448 2.4341002 2.4332199 2.3898020 2.4573261 2.4122913 2.4032671 2.3644621 2.4359223 2.4384740 2.4225642 2.4090211 2.4758167 2.3178047 2.3941314 2.3636281 2.4259271 2.3865627 2.3842905 2.4179006 2.3996138 2.3679456 2.3070101 2.3694109 2.4051869 2.3674583 2.5268057 2.3831423 2.3777758 2.3915040 2.3904974 2.3936965 2.4213950 2.4124695 2.3848418 2.4139621 2.3518899 2.3962877 2.4227396 2.3899586 2.4033323 2.4171154 2.4108602 2.3574449 2.3390736 2.3531674 2.3929131 2.3671560 2.3773631 2.4071962 2.4204327 2.4410230 2.3731284 2.4136088 2.4028368 2.4001064 
2b.-.MD2B-1.AF238486         0.1398871 0.1195485 0.0000000 0.1193235 0.1115139 0.8927092 0.8929219 0.8915709 2.5431807 2.6111076 2.5424944 2.5529503 2.5810233 2.5938963 2.7339789 2.6930059 2.4316190 2.5481955 2.4636582 2.3789421 2.4007624 2.4404360 2.4743845 2.4036212 2.3823837 2.3993909 2.4489074 2.4242902 2.3928736 2.4571001 2.3659972 2.3780964 2.3523811 2.3898940 2.4492612 2.3774374 2.3710885 2.3027928 2.3428882 2.3882026 2.4035580 2.3895235 2.3501121 2.3922924 2.3970136 2.3884885 2.3892293 2.3385746 2.4378844 2.3884284 2.3659908 2.3229303 2.3804946 2.3596369 2.3451481 2.3411997 2.4375543 2.3036884 2.3512187 2.3509317 2.3767692 2.3428191 2.3576919 2.3074367 2.3345373 2.2671697 2.2558770 2.3235452 2.3733027 2.3341540 2.4972250 2.3889673 2.3668426 2.4026918 2.4195825 2.4114822 2.3986846 2.3669502 2.3858226 2.4556609 2.3564031 2.3941950 2.4094503 2.3818506 2.4043694 2.3877974 2.4191377 2.3646606 2.3492735 2.3529250 2.4063630 2.3580926 2.4177260 2.4441734 2.4296404 2.4464130 2.4187712 2.4078154 2.4368929 2.4390261 
2b.JP.MD2b10-2.AY232749      0.1489200 0.1296072 0.1193235 0.0000000 0.0771157 0.8977674 0.8965368 0.9064059 2.5812706 2.5961312 2.5558291 2.5586729 2.5636152 2.6299722 2.7811272 2.7175393 2.4450919 2.5459824 2.4974815 2.4183998 2.4473922 2.4675290 2.4739850 2.4198742 2.3990311 2.4117445 2.4554935 2.4326708 2.4097032 2.4535329 2.3972702 2.4392043 2.3875153 2.4210794 2.5065189 2.4369272 2.4027113 2.3534850 2.4109551 2.4591005 2.4024897 2.4395279 2.4232312 2.4662757 2.4255215 2.4269318 2.4191191 2.3828228 2.4787928 2.4396467 2.3880106 2.3864015 2.3955998 2.4406737 2.3953737 2.4059280 2.4577323 2.3374195 2.3903928 2.3778447 2.4009970 2.3734940 2.3947661 2.4001192 2.4210155 2.4106122 2.3292538 2.3980058 2.3991004 2.3792020 2.5452814 2.4307087 2.4403275 2.4354907 2.4173052 2.4500504 2.4333691 2.4324003 2.4073082 2.4822830 2.3938848 2.4529958 2.4862138 2.3891808 2.4304032 2.4273335 2.4528719 2.3817749 2.3469840 2.3426417 2.4171381 2.3593994 2.4308742 2.4494462 2.4430615 2.5076668 2.4058933 2.4481339 2.4763852 2.4638735 
2b.JP.MD2b6-2.AY232741       0.1397957 0.1200353 0.1115139 0.0771157 0.0000000 0.8977972 0.8927129 0.9101514 2.5943335 2.6230852 2.5578320 2.5644858 2.5684305 2.6124176 2.7355482 2.6854876 2.4180298 2.5216044 2.4755683 2.4247668 2.4447604 2.4272117 2.5187583 2.3958362 2.3938164 2.3754307 2.4587896 2.4176151 2.4145446 2.4501452 2.3873587 2.4365274 2.3768245 2.3735285 2.4685207 2.4119742 2.3671105 2.3360805 2.4031576 2.4575306 2.4029752 2.4142358 2.4057966 2.4173545 2.3855843 2.3878024 2.3873418 2.3886152 2.4596894 2.3964985 2.3205955 2.3528384 2.3518950 2.4158302 2.3860815 2.3856764 2.4409945 2.3117331 2.3477083 2.3809542 2.3990667 2.3376313 2.3545769 2.3868633 2.3624938 2.3698256 2.3069665 2.3501001 2.3687830 2.3259897 2.4963449 2.4227530 2.4216646 2.4184814 2.4445155 2.4728955 2.4763623 2.4303132 2.4395906 2.5094863 2.4215136 2.4578139 2.4887758 2.4128087 2.4266181 2.4610976 2.4509055 2.4163029 2.3767886 2.3846762 2.4313504 2.3854188 2.4146793 2.4854308 2.4532508 2.5147793 2.3931912 2.4475234 2.4792041 2.4595632 
2k.MD.VAT96.AB031663         0.9265138 0.9134280 0.8927092 0.8977674 0.8977972 0.0000000 0.6363883 0.6437268 2.4880351 2.4903001 2.5001320 2.5152152 2.5279977 2.5231875 2.6861508 2.6501903 2.4707483 2.4660566 2.5696644 2.5316616 2.5434011 2.5361053 2.5151622 2.5195082 2.4407774 2.5237448 2.5588661 2.5495630 2.5425036 2.5503369 2.4751878 2.5919865 2.5524149 2.4764095 2.5444879 2.4623889 2.5139850 2.4747410 2.5415386 2.5601752 2.5819672 2.5211407 2.5340872 2.5172881 2.5513569 2.5519726 2.5457714 2.5053598 2.4637870 2.5866775 2.5000665 2.5022493 2.4882912 2.4818057 2.5524276 2.5388551 2.5176902 2.4653085 2.5217861 2.4884512 2.4996316 2.4885256 2.4833685 2.4838407 2.4751314 2.5008366 2.4652534 2.4867111 2.4598310 2.4700440 2.4876218 2.3627408 2.3439804 2.3983003 2.4848495 2.4860046 2.4181566 2.3847172 2.4108502 2.4761870 2.3902487 2.3910890 2.4478755 2.3830142 2.4152612 2.3920790 2.4274775 2.4027152 2.3678764 2.3498068 2.4435003 2.4022306 2.4199803 2.5149435 2.4216511 2.4266240 2.3934430 2.3685723 2.4181558 2.4628537 
2a.-.G2AK1.AF169003          0.9189626 0.8924658 0.8929219 0.8965368 0.8927129 0.6363883 0.0000000 0.1396679 2.5196619 2.5957086 2.5303343 2.5894725 2.5799862 2.5454921 2.6352428 2.6310575 2.5143118 2.6078130 2.4724325 2.3601952 2.4171728 2.4304647 2.4619103 2.4164523 2.3969172 2.4380888 2.4596759 2.3908315 2.3817664 2.4355792 2.3541753 2.3806516 2.3798101 2.3608682 2.4363066 2.4165837 2.3376080 2.3632571 2.4342334 2.4054729 2.4728998 2.4843610 2.4607001 2.4574980 2.4328516 2.4186407 2.4236835 2.3896974 2.4343039 2.3533807 2.3900860 2.3906699 2.4362924 2.3599174 2.4097759 2.4729587 2.4721991 2.3554594 2.3839799 2.4056532 2.4222972 2.4161445 2.3974990 2.4752715 2.4177846 2.4148722 2.3871247 2.4290610 2.3136549 2.3312561 2.6083624 2.4301728 2.4096003 2.4268801 2.4624147 2.4662816 2.4046920 2.4735442 2.4490101 2.4645382 2.4175448 2.4055502 2.4558246 2.3903217 2.4292977 2.4139312 2.4471816 2.3829922 2.3772809 2.4057144 2.4300233 2.3885080 2.5088750 2.5525839 2.4734576 2.4689664 2.4378195 2.4627727 2.4918907 2.4790940 
2a.-.MD2A-7.AF238485         0.9354339 0.8929154 0.8915709 0.9064059 0.9101514 0.6437268 0.1396679 0.0000000 2.6005833 2.6330470 2.6325027 2.6365102 2.6766641 2.5748671 2.7591569 2.7384490 2.4862650 2.6139143 2.4698510 2.3810915 2.3834760 2.4372196 2.4620746 2.4520132 2.3830222 2.4450864 2.5206253 2.4460386 2.4603607 2.4939332 2.4122922 2.4075232 2.3800738 2.3782866 2.4419078 2.4124164 2.3622559 2.3723742 2.4291329 2.3681016 2.4374546 2.4900001 2.4794193 2.4526472 2.4492602 2.4332894 2.4381570 2.3943076 2.4162176 2.3995443 2.3924140 2.3545215 2.4265143 2.3578925 2.3862567 2.4311921 2.4950881 2.3287866 2.3676391 2.4167476 2.4344653 2.3979815 2.3953749 2.4386936 2.4160032 2.3805523 2.3942382 2.4297502 2.3429280 2.3271960 2.5879313 2.4527601 2.4076623 2.4395454 2.4720580 2.4875540 2.4075032 2.4154369 2.4493557 2.4617854 2.4450327 2.4168300 2.4818429 2.4203087 2.4438679 2.4481527 2.4689732 2.3887707 2.3951806 2.4395108 2.4477531 2.4154324 2.5140997 2.5584972 2.5132199 2.5103651 2.4773511 2.4946167 2.5178644 2.5096389 
6a.HK.6a69.DQ480521          2.6510820 2.6044147 2.5431807 2.5812706 2.5943335 2.4880351 2.5196619 2.6005833 0.0000000 0.0715055 0.0705260 0.0724617 0.0794466 1.3283009 1.4067061 1.4326220 1.9542127 1.9758917 2.0010905 1.9335186 1.9818531 1.9415564 1.9548328 1.9687501 1.9513944 2.0378786 2.0084929 1.9611578 1.9701504 1.9728894 1.8923879 1.9741311 1.9249897 1.9433239 2.0202242 1.9169414 1.9209069 1.9318699 1.9498012 1.9960638 1.9387057 1.9386212 1.9649807 1.9793042 1.9304748 1.9193356 1.9234841 1.9352538 1.9821933 1.9851079 1.9205623 1.9352594 1.9859353 1.9682164 1.9685984 1.9583372 1.9301732 1.9769381 1.9847910 1.9043008 1.9572379 1.8973580 1.9118223 1.9292826 1.9199490 1.9703878 1.9246238 1.9552834 1.9094872 1.9209219 2.0695320 2.0205105 1.9754504 1.9574817 1.9762756 1.9716311 1.9607123 1.9863795 1.9673379 2.0048295 1.9537223 1.9924833 2.0170217 1.9754832 1.9318906 1.9353946 1.9470754 1.9476559 1.8944122 1.9672743 1.9754862 2.0075949 2.1044355 2.0328881 2.0701076 2.0803727 2.0793111 2.0459640 2.0615895 2.0538424 
6a.HK.6a33.AY859526          2.6816481 2.6737000 2.6111076 2.5961312 2.6230852 2.4903001 2.5957086 2.6330470 0.0715055 0.0000000 0.0676483 0.0720390 0.0784292 1.3604085 1.4028514 1.4378571 1.9229612 1.9907288 2.0511718 1.9880860 2.0371410 1.9943228 2.0210959 2.0065994 2.0206120 2.0694321 2.0794647 1.9802675 2.0184848 1.9980316 1.9539926 2.0449568 1.9673329 2.0074440 2.0554806 1.9791959 1.9754664 1.9957862 2.0084739 2.0692895 1.9889887 2.0100282 2.0280786 2.0333372 1.9589478 1.9657841 1.9639738 2.0084477 2.0463457 2.0351899 1.9567100 1.9894917 2.0311621 2.0252228 2.0334052 2.0288257 2.0136124 2.0341833 2.0457866 1.9853102 2.0185770 1.9396277 1.9569655 1.9957841 1.9712126 2.0271072 1.9946170 2.0141412 1.9450820 1.9930643 2.1167863 2.0740573 2.0332412 1.9897086 2.0261388 1.9990816 2.0082568 2.0579665 2.0483689 2.0707342 2.0021155 2.0356728 2.0489646 2.0189679 1.9809287 2.0055096 2.0154985 2.0009022 1.9660191 2.0422976 2.0325281 2.0712897 2.1401639 2.0843063 2.1344414 2.1496645 2.1381233 2.0957335 2.1019566 2.0988714 
6a.HK.6a64.DQ480515          2.6329423 2.5831152 2.5424944 2.5558291 2.5578320 2.5001320 2.5303343 2.6325027 0.0705260 0.0676483 0.0000000 0.0654894 0.0767036 1.3540428 1.4062692 1.4471711 1.9651641 1.9975861 1.9799883 1.9717222 1.9938698 1.9755193 2.0043079 1.9708394 1.9930002 2.0646242 2.0312263 1.9651529 1.9826930 1.9685384 1.9314452 1.9820277 1.9403172 1.9802018 2.0061860 1.9494617 1.9415068 1.9780144 1.9422911 2.0300284 1.9708496 1.9594641 1.9711776 1.9860540 1.9387224 1.9379950 1.9320287 1.9690484 1.9884020 1.9955062 1.9429549 1.9504261 1.9701690 1.9541519 1.9682800 1.9599571 1.9681715 1.9833752 2.0075555 1.9323941 1.9646895 1.9116711 1.9310044 1.9518524 1.9457395 1.9860107 1.9407708 1.9673349 1.9146972 1.9397410 2.1321486 2.0441481 1.9965612 1.9726998 1.9904708 1.9756174 1.9745041 2.0282061 2.0175157 2.0424221 1.9850465 1.9890045 2.0123358 1.9944303 1.9544913 1.9658707 1.9939714 1.9515623 1.9260030 2.0000310 2.0104128 2.0179171 2.1026290 2.0616143 2.0887110 2.1016507 2.1048417 2.0780572 2.0680284 2.0639608 
6a.HK.6a35.DQ480513          2.6394938 2.6027383 2.5529503 2.5586729 2.5644858 2.5152152 2.5894725 2.6365102 0.0724617 0.0720390 0.0654894 0.0000000 0.0642507 1.3369566 1.3821775 1.4221293 1.9173963 1.9915204 2.0117835 1.9507980 1.9959499 1.9524582 1.9905457 1.9755116 1.9728714 2.0666279 2.0486896 1.9962233 2.0025490 2.0102937 1.9482785 2.0052484 1.9557798 1.9773606 2.0267614 1.9507095 1.9519824 1.9641175 1.9649006 2.0312480 1.9739761 1.9637253 1.9770484 2.0140427 1.9498077 1.9462749 1.9469217 1.9504044 1.9981854 1.9959357 1.9416901 1.9606337 1.9860348 1.9635114 1.9987499 1.9857473 1.9600403 2.0047042 2.0189858 1.9407695 1.9882264 1.9240067 1.9417450 1.9535625 1.9384458 1.9872576 1.9349947 1.9712423 1.9245534 1.9461621 2.0959094 2.0531215 2.0201188 1.9891926 1.9848690 2.0105155 2.0291160 2.0309109 2.0333815 2.0372596 2.0171082 2.0171287 2.0515659 2.0197314 1.9723286 1.9812451 2.0003742 1.9858381 1.9514324 1.9938423 2.0213146 2.0292270 2.1130890 2.0883334 2.0997951 2.1440656 2.1145366 2.1022416 2.1405864 2.1103932 
6a.HK.6a77.DQ480512          2.6220605 2.6400456 2.5810233 2.5636152 2.5684305 2.5279977 2.5799862 2.6766641 0.0794466 0.0784292 0.0767036 0.0642507 0.0000000 1.3449956 1.4227217 1.4328906 1.9609537 1.9787697 2.0146374 1.9935084 2.0041616 1.9575677 1.9903986 1.9887496 1.9986145 2.0484883 2.0783106 1.9729106 2.0090703 1.9972911 1.9395687 2.0236519 1.9537316 1.9869653 2.0144930 1.9528188 1.9359015 1.9853230 2.0023311 2.0560493 1.9812268 1.9839739 1.9818907 2.0078890 1.9794837 1.9756893 1.9771150 1.9847188 2.0211257 2.0113067 1.9551466 1.9883470 1.9883440 1.9828809 2.0000397 2.0059284 1.9637840 2.0100971 2.0385079 1.9444209 2.0136645 1.9388714 1.9421942 1.9694180 1.9587286 1.9946301 1.9618121 1.9942835 1.9274364 1.9644761 2.0892856 2.0580817 2.0240738 2.0009807 2.0037319 2.0085438 2.0275942 2.0639402 2.0382283 2.0917996 2.0164430 2.0241776 2.0433792 2.0635524 1.9821892 1.9978823 1.9941842 1.9945121 1.9677757 2.0332487 2.0239499 2.0537895 2.1265209 2.0931245 2.1282219 2.1497757 2.1068545 2.0985211 2.1012329 2.1153006 
6m.TH.B4_92.DQ835767         2.6354190 2.5817852 2.5938963 2.6299722 2.6124176 2.5231875 2.5454921 2.5748671 1.3283009 1.3604085 1.3540428 1.3369566 1.3449956 0.0000000 0.9165644 0.9436335 1.9824174 2.1006325 2.0895489 2.0199434 1.9964966 2.1151059 2.0768128 2.0728718 2.0082356 2.1854281 2.0908712 2.0314605 2.0338012 2.0599481 2.0157162 2.1066201 2.0349448 2.0600373 2.0830188 2.0716199 2.0888118 2.0619334 2.0802122 2.0950615 2.0876248 2.0875705 2.0348686 2.0995479 2.0969214 2.0938647 2.0936037 2.0763682 2.1161577 2.1135258 2.0151146 2.0761563 2.0622554 2.0640602 2.0374853 2.0474424 2.0886982 2.0375815 2.0248478 2.0870847 2.0730558 2.0409009 2.0501377 2.0128189 2.0136826 2.0218013 2.0272855 2.0027935 2.0554018 2.0484079 2.1046184 2.0475571 1.9690811 2.0096025 2.0136862 1.9718068 2.0254843 2.0271826 1.9886031 2.0670565 2.0203263 2.0407556 2.0573074 2.0239603 1.9744474 2.0140754 2.0095068 1.9883751 1.9868435 2.0282999 1.9968406 2.0389856 2.0827187 2.0777627 2.0217192 2.0800892 2.0616300 2.0764653 2.0729707 2.0656604 
6h.VN.VN004.D84265           2.7265876 2.7261942 2.7339789 2.7811272 2.7355482 2.6861508 2.6352428 2.7591569 1.4067061 1.4028514 1.4062692 1.3821775 1.4227217 0.9165644 0.0000000 0.6698271 2.0244888 2.0741124 2.1155643 2.1531178 2.1606331 2.1591950 2.1826260 2.1105149 2.1560016 2.1763757 2.1056425 2.1159184 2.0767151 2.0685492 2.0903495 2.0550240 2.0826858 2.0734463 2.1764896 2.1085896 2.0991099 2.1646440 2.1422174 2.1518900 2.1418994 2.1147024 2.1023199 2.1514360 2.1473611 2.1434720 2.1468639 2.1147749 2.1502061 2.1203540 2.0513679 2.0729712 2.1014846 2.0390721 2.1067028 2.1198324 2.1709260 2.0667986 2.0826744 2.0884352 2.1185904 2.0697514 2.0557953 2.1578274 2.0563952 2.0638192 2.0554739 2.0571814 2.0867716 2.1056222 2.2208988 2.1121185 2.1068421 2.1294274 2.1332538 2.1551360 2.1230463 2.1818404 2.1392225 2.1358183 2.1057752 2.1569956 2.1513571 2.1442958 2.1046995 2.1217598 2.1508572 2.1325241 2.1301091 2.1485327 2.1081088 2.1510564 2.2211961 2.2178192 2.1828002 2.2241168 2.1764026 2.1993005 2.1836894 2.2446354 
6j.TH.Th553.DQ835769         2.7297278 2.6873875 2.6930059 2.7175393 2.6854876 2.6501903 2.6310575 2.7384490 1.4326220 1.4378571 1.4471711 1.4221293 1.4328906 0.9436335 0.6698271 0.0000000 2.0054922 2.1313083 2.2678780 2.2398431 2.2461631 2.2078064 2.2478044 2.2252877 2.2056089 2.2578802 2.2259232 2.2054992 2.2081100 2.2175332 2.2001806 2.2282611 2.2588331 2.2005036 2.2443070 2.2062003 2.2781378 2.2471857 2.2782864 2.2940228 2.2553584 2.2000592 2.2190351 2.2645774 2.2873449 2.2817858 2.2900147 2.2331114 2.2350449 2.2221752 2.1759842 2.1733883 2.2099452 2.2002720 2.2488712 2.2599857 2.2425709 2.2051673 2.1665182 2.2143704 2.2144768 2.1933193 2.2068048 2.2124754 2.1871261 2.2011335 2.2032669 2.1680267 2.1625519 2.2119036 2.2770406 2.1760704 2.1502391 2.1983575 2.1744660 2.1568485 2.1381218 2.1737581 2.1260274 2.1568071 2.1388809 2.1505795 2.1637877 2.1678019 2.1414256 2.1616648 2.1846248 2.1049990 2.1451717 2.1753098 2.1480296 2.1496876 2.2254897 2.2169185 2.1999393 2.2023977 2.1839036 2.2189850 2.2085421 2.2576872 
4d.-.24.DQ516083             2.4893548 2.4024623 2.4316190 2.4450919 2.4180298 2.4707483 2.5143118 2.4862650 1.9542127 1.9229612 1.9651641 1.9173963 1.9609537 1.9824174 2.0244888 2.0054922 0.0000000 0.6220356 1.5558376 1.5451951 1.5647273 1.6024516 1.6289706 1.5892541 1.5866217 1.6065365 1.5942320 1.5829711 1.5633483 1.5519290 1.5892754 1.6076592 1.5437471 1.5752975 1.5817249 1.5709587 1.5211269 1.5480855 1.5661321 1.6116690 1.5796353 1.5548393 1.5506280 1.6241492 1.5804903 1.5618695 1.5635859 1.5491809 1.5760784 1.5399595 1.5334555 1.5126004 1.5655698 1.5524723 1.5523702 1.5530708 1.5395497 1.5377958 1.5553701 1.5351430 1.5511259 1.5333750 1.5701729 1.5347963 1.5348542 1.5258884 1.5099173 1.5179243 1.5237453 1.5382380 1.7339195 1.7262818 1.6957763 1.7299894 1.6920351 1.6954160 1.6673001 1.6579503 1.6748218 1.7422898 1.6746777 1.6629867 1.7148920 1.6851380 1.7093622 1.6920775 1.7077586 1.6804965 1.6531167 1.6647433 1.6562668 1.6705248 1.6960552 1.7150045 1.7334398 1.7403330 1.6946708 1.7046871 1.7119726 1.7154577 
4a.EG.ED43.Y11604            2.5794834 2.5215837 2.5481955 2.5459824 2.5216044 2.4660566 2.6078130 2.6139143 1.9758917 1.9907288 1.9975861 1.9915204 1.9787697 2.1006325 2.0741124 2.1313083 0.6220356 0.0000000 1.6444070 1.6504390 1.6608636 1.6860507 1.6963871 1.6476726 1.6159301 1.7083677 1.7273603 1.7050512 1.6665720 1.6586234 1.6783363 1.6664450 1.6698030 1.6723521 1.6832788 1.6687069 1.6147564 1.6248298 1.6507457 1.6881810 1.6591606 1.6215434 1.6459416 1.6491866 1.6645066 1.6361453 1.6404416 1.6588953 1.6601467 1.6429806 1.6574871 1.6120937 1.6389134 1.6032607 1.6471087 1.6650240 1.6479664 1.6556862 1.6525084 1.6115305 1.6275628 1.5930663 1.6263491 1.6688494 1.6132671 1.6250949 1.6082579 1.6200082 1.6073036 1.6372367 1.8379355 1.7136283 1.6837086 1.7356373 1.6958876 1.7222962 1.6941761 1.6982727 1.6735877 1.7511625 1.6988761 1.6956395 1.7357751 1.7245515 1.7131332 1.7479705 1.7055875 1.6973030 1.7020885 1.7082369 1.6798431 1.6933797 1.7174757 1.7637550 1.7457453 1.7536364 1.7261626 1.7090891 1.7289793 1.7350650 
1b.TR.HCV-TR1.AF483269       2.5319391 2.5272896 2.4636582 2.4974815 2.4755683 2.5696644 2.4724325 2.4698510 2.0010905 2.0511718 1.9799883 2.0117835 2.0146374 2.0895489 2.1155643 2.2678780 1.5558376 1.6444070 0.0000000 0.2172918 0.2124910 0.2268586 0.2478528 0.2077917 0.2106201 0.2264622 0.2308685 0.2191146 0.2127460 0.2187561 0.2260786 0.2151094 0.2041071 0.2073636 0.2160588 0.2124727 0.2100754 0.2233066 0.2298824 0.2422578 0.2323577 0.2159263 0.2163258 0.2299294 0.2231840 0.2119478 0.2127106 0.1932259 0.2083144 0.2108035 0.1989760 0.2036093 0.2104244 0.1815529 0.1876897 0.1964441 0.1908116 0.1906123 0.2057391 0.1999060 0.1940353 0.1809453 0.1806462 0.1867435 0.2040794 0.1954707 0.2018240 0.2034065 0.1804261 0.1720361 0.9057413 0.8121633 0.7940959 0.8165302 0.7892198 0.7909337 0.7804627 0.8046588 0.7837365 0.8127414 0.7840228 0.7928400 0.7850831 0.7918755 0.7761414 0.7858283 0.7927814 0.7867551 0.7743023 0.7774477 0.7932449 0.7992792 0.8825293 0.8832786 0.8430285 0.8718730 0.8377121 0.8583199 0.8440592 0.8491529 
1b.CH.BID-V313.EU155377      2.4296328 2.4400359 2.3789421 2.4183998 2.4247668 2.5316616 2.3601952 2.3810915 1.9335186 1.9880860 1.9717222 1.9507980 1.9935084 2.0199434 2.1531178 2.2398431 1.5451951 1.6504390 0.2172918 0.0000000 0.1624925 0.2091161 0.2243139 0.1849344 0.1790856 0.2051836 0.2124466 0.1973532 0.1961233 0.1979419 0.2039777 0.2002193 0.1761411 0.1813428 0.1992530 0.1987942 0.2030621 0.1969678 0.1973253 0.2158838 0.2005763 0.1885147 0.1968533 0.2068079 0.1937395 0.1842378 0.1858689 0.1825288 0.1922156 0.1890191 0.1751980 0.1796326 0.2032035 0.1798739 0.1809549 0.1886785 0.1649357 0.1734273 0.1884610 0.1775637 0.1693447 0.1620054 0.1696620 0.1666264 0.1869140 0.1818972 0.1880387 0.1846789 0.1679568 0.1659316 0.8746602 0.7922118 0.7669950 0.7850677 0.7577285 0.7636737 0.7528410 0.7844724 0.7499444 0.7814353 0.7475638 0.7526357 0.7519918 0.7722903 0.7594268 0.7609487 0.7552860 0.7421987 0.7480716 0.7529426 0.7662782 0.7551434 0.8472370 0.8416301 0.8240196 0.8474407 0.7889905 0.8133670 0.8114274 0.8241706 
1b.CH.BID-V311.EU155376      2.4681335 2.4308985 2.4007624 2.4473922 2.4447604 2.5434011 2.4171728 2.3834760 1.9818531 2.0371410 1.9938698 1.9959499 2.0041616 1.9964966 2.1606331 2.2461631 1.5647273 1.6608636 0.2124910 0.1624925 0.0000000 0.2095165 0.2350470 0.1909212 0.1842868 0.2194636 0.2191655 0.2018796 0.2043826 0.2035110 0.2118452 0.2027405 0.1833641 0.1876575 0.2009680 0.2033999 0.1989526 0.1999159 0.2019544 0.2171361 0.2022345 0.1930136 0.2027390 0.2079783 0.2010774 0.1896913 0.1902159 0.1907890 0.1963909 0.1940560 0.1817176 0.1833293 0.2033260 0.1789153 0.1907118 0.1870345 0.1627931 0.1745488 0.1916212 0.1810422 0.1773828 0.1702721 0.1683061 0.1721096 0.1856647 0.1880099 0.1900611 0.1899727 0.1702743 0.1696715 0.8662141 0.7984172 0.7736002 0.7998975 0.7935264 0.7827677 0.7797814 0.8132200 0.7807846 0.8090074 0.7806533 0.7818073 0.7764615 0.7955751 0.7734814 0.7782968 0.7763461 0.7657060 0.7695999 0.7674371 0.7855411 0.7863074 0.8854051 0.8707530 0.8496846 0.8568250 0.8402917 0.8641027 0.8571908 0.8483074 
1b.-.HCR6.AY045702           2.4809581 2.4647165 2.4404360 2.4675290 2.4272117 2.5361053 2.4304647 2.4372196 1.9415564 1.9943228 1.9755193 1.9524582 1.9575677 2.1151059 2.1591950 2.2078064 1.6024516 1.6860507 0.2268586 0.2091161 0.2095165 0.0000000 0.1274273 0.2123614 0.2048452 0.1680924 0.1938094 0.1711692 0.1726433 0.1816626 0.1610902 0.1813967 0.1615544 0.1649472 0.2183947 0.2154122 0.2152416 0.2182965 0.2300038 0.2341339 0.2204892 0.2169499 0.2085501 0.2384301 0.2246594 0.2098988 0.2121509 0.1912805 0.1994518 0.1997341 0.1932040 0.2058947 0.2103024 0.2007456 0.1960492 0.1997121 0.1898015 0.1899176 0.1990938 0.2024643 0.1865942 0.1811391 0.1777065 0.1836621 0.1967905 0.1922324 0.1963567 0.2048182 0.1755109 0.1774760 0.8722485 0.7887244 0.7782104 0.7961320 0.7768232 0.7869359 0.7815367 0.8094419 0.7798978 0.8226566 0.7838590 0.7824975 0.7844557 0.7886888 0.7735646 0.7784038 0.7850967 0.7764865 0.7732017 0.7683348 0.7903810 0.7924107 0.8608243 0.8542073 0.8338684 0.8583791 0.8132456 0.8459494 0.8382263 0.8484077 
1b.-.MD21.AF207762           2.5002420 2.4982647 2.4743845 2.4739850 2.5187583 2.5151622 2.4619103 2.4620746 1.9548328 2.0210959 2.0043079 1.9905457 1.9903986 2.0768128 2.1826260 2.2478044 1.6289706 1.6963871 0.2478528 0.2243139 0.2350470 0.1274273 0.0000000 0.2208516 0.2198250 0.1811997 0.2063790 0.1906075 0.1857052 0.1909410 0.1783267 0.1881104 0.1716361 0.1739364 0.2265959 0.2356369 0.2313908 0.2286602 0.2419261 0.2501750 0.2356617 0.2283075 0.2249027 0.2514969 0.2332951 0.2180692 0.2192384 0.2150279 0.2241064 0.2115695 0.2019068 0.2174470 0.2249688 0.2142276 0.2095409 0.2148653 0.2064287 0.2071640 0.2124703 0.2178077 0.2012349 0.1893205 0.1933176 0.2049718 0.2120507 0.2026260 0.2135233 0.2175400 0.1915912 0.1935546 0.9176652 0.8202599 0.8034949 0.8292121 0.8025929 0.7927351 0.8000644 0.8157935 0.7788469 0.8294858 0.7841546 0.7939637 0.7979068 0.7945100 0.7929129 0.7834894 0.8000852 0.7792384 0.7790177 0.7756129 0.8049250 0.8047455 0.8957229 0.8775874 0.8522538 0.8633000 0.8326037 0.8684505 0.8643625 0.8476881 
1b.CH.BID-V285.EU155363      2.4723127 2.4127538 2.4036212 2.4198742 2.3958362 2.5195082 2.4164523 2.4520132 1.9687501 2.0065994 1.9708394 1.9755116 1.9887496 2.0728718 2.1105149 2.2252877 1.5892541 1.6476726 0.2077917 0.1849344 0.1909212 0.2123614 0.2208516 0.0000000 0.1366958 0.2086760 0.2210112 0.1991341 0.1928951 0.1972834 0.2087059 0.1896716 0.1879341 0.1784369 0.1949215 0.1989110 0.1901332 0.1981567 0.1980284 0.2101362 0.1973953 0.1889561 0.1975237 0.2034050 0.1935602 0.1823668 0.1821443 0.1854681 0.1968606 0.1923364 0.1724512 0.1848681 0.1880439 0.1871088 0.1787827 0.1830991 0.1625799 0.1671505 0.1853382 0.1828956 0.1788090 0.1623592 0.1708156 0.1662513 0.1805416 0.1774526 0.1824036 0.1778317 0.1709506 0.1631416 0.8691219 0.7866000 0.7791573 0.7956103 0.7767161 0.7643192 0.7659819 0.7868459 0.7619944 0.7851881 0.7571175 0.7564437 0.7652230 0.7852172 0.7597352 0.7680305 0.7623477 0.7648352 0.7578477 0.7640681 0.7812134 0.7692795 0.8656793 0.8532155 0.8209198 0.8640533 0.8268477 0.8443119 0.8447898 0.8396273 
1b.CH.BID-V300.EU155370      2.4501202 2.4043780 2.3823837 2.3990311 2.3938164 2.4407774 2.3969172 2.3830222 1.9513944 2.0206120 1.9930002 1.9728714 1.9986145 2.0082356 2.1560016 2.2056089 1.5866217 1.6159301 0.2106201 0.1790856 0.1842868 0.2048452 0.2198250 0.1366958 0.0000000 0.2064788 0.2171180 0.1942393 0.1934952 0.2007985 0.2007954 0.1939520 0.1789705 0.1820271 0.1893932 0.1921753 0.1944655 0.1893184 0.1957033 0.2056070 0.1914630 0.1833109 0.1867480 0.2041393 0.1923223 0.1794724 0.1816036 0.1746768 0.1855424 0.1903693 0.1741015 0.1809404 0.1892912 0.1793904 0.1729897 0.1842650 0.1608677 0.1714617 0.1852251 0.1772770 0.1673164 0.1615842 0.1640667 0.1689521 0.1793612 0.1779770 0.1756593 0.1800347 0.1621775 0.1599564 0.8588902 0.7895202 0.7597051 0.7781335 0.7624424 0.7513798 0.7544576 0.7732559 0.7510244 0.7742514 0.7565004 0.7542127 0.7547808 0.7574309 0.7435257 0.7466210 0.7557669 0.7512799 0.7555673 0.7553562 0.7573224 0.7526370 0.8537267 0.8443752 0.8207213 0.8481717 0.8048854 0.8292029 0.8174965 0.8125133 
1b.JP.J33.D14484             2.4525203 2.4307461 2.3993909 2.4117445 2.3754307 2.5237448 2.4380888 2.4450864 2.0378786 2.0694321 2.0646242 2.0666279 2.0484883 2.1854281 2.1763757 2.2578802 1.6065365 1.7083677 0.2264622 0.2051836 0.2194636 0.1680924 0.1811997 0.2086760 0.2064788 0.0000000 0.1776107 0.1716618 0.1703220 0.1678567 0.1603944 0.1690122 0.1464105 0.1535128 0.2052544 0.2101747 0.2092769 0.2154873 0.2271850 0.2337938 0.2139822 0.2130301 0.2047491 0.2319357 0.2114479 0.2011556 0.2027437 0.1904441 0.1993257 0.1957186 0.1806753 0.1957823 0.2056669 0.1908360 0.1912884 0.1917559 0.1902402 0.1827775 0.1914500 0.1967905 0.1849892 0.1733686 0.1756598 0.1752057 0.1984417 0.1927725 0.1996260 0.2002227 0.1717450 0.1824688 0.8886032 0.7967244 0.7904666 0.8095006 0.7817631 0.7790340 0.7690983 0.7837591 0.7704805 0.8002127 0.7683267 0.7714184 0.7646859 0.7704672 0.7728389 0.7621323 0.7627055 0.7595939 0.7518990 0.7659129 0.7776335 0.7656933 0.8728715 0.8654763 0.8366141 0.8424727 0.8159728 0.8408402 0.8538629 0.8344867 
1b.JP.HCV-N.AF139594         2.4978542 2.4455755 2.4489074 2.4554935 2.4587896 2.5588661 2.4596759 2.5206253 2.0084929 2.0794647 2.0312263 2.0486896 2.0783106 2.0908712 2.1056425 2.2259232 1.5942320 1.7273603 0.2308685 0.2124466 0.2191655 0.1938094 0.2063790 0.2210112 0.2171180 0.1776107 0.0000000 0.1464586 0.1252817 0.1330194 0.1815934 0.1749146 0.1610413 0.1673661 0.2094825 0.2178532 0.2238843 0.2231297 0.2276570 0.2396828 0.2295221 0.2161091 0.2198379 0.2380044 0.2254485 0.2138664 0.2137295 0.2017508 0.2195374 0.2089648 0.1881783 0.2105406 0.2223203 0.1962381 0.2022838 0.2046926 0.1907690 0.1987568 0.2059363 0.2065749 0.1995904 0.1899521 0.1903589 0.1934318 0.2072431 0.2008231 0.2038758 0.2133230 0.1893112 0.1932991 0.9035871 0.8171771 0.8125310 0.8160667 0.7942021 0.8044463 0.7994781 0.8258668 0.7944801 0.8273329 0.7889434 0.7852397 0.7964793 0.8036885 0.8035390 0.7849701 0.8046717 0.7829856 0.7865426 0.7907970 0.8109941 0.8061321 0.8926271 0.9016426 0.8574768 0.8765753 0.8616338 0.8637423 0.8632146 0.8757145 
1b.-.HCV-CG1B.AF333324       2.4652223 2.4673862 2.4242902 2.4326708 2.4176151 2.5495630 2.3908315 2.4460386 1.9611578 1.9802675 1.9651529 1.9962233 1.9729106 2.0314605 2.1159184 2.2054992 1.5829711 1.7050512 0.2191146 0.1973532 0.2018796 0.1711692 0.1906075 0.1991341 0.1942393 0.1716618 0.1464586 0.0000000 0.1270633 0.1253527 0.1628681 0.1644478 0.1429441 0.1509268 0.1966011 0.1939017 0.2008492 0.2045539 0.2069142 0.2180814 0.2140502 0.2058404 0.1902443 0.2200603 0.2013090 0.1892425 0.1902761 0.1838546 0.1868743 0.1853555 0.1675316 0.1862666 0.1884446 0.1858457 0.1866333 0.1778573 0.1731351 0.1756951 0.1796833 0.1888171 0.1718186 0.1659675 0.1676884 0.1682739 0.1826763 0.1802787 0.1844955 0.1913166 0.1701707 0.1679925 0.8627060 0.7900805 0.7892372 0.7925348 0.7582364 0.7767178 0.7778291 0.7933170 0.7663576 0.8088784 0.7680845 0.7588401 0.7691472 0.7844245 0.7755922 0.7472769 0.7632833 0.7470549 0.7586220 0.7578619 0.7668691 0.7622589 0.8839956 0.8661011 0.8432371 0.8484661 0.8206096 0.8475262 0.8594514 0.8504256 
1b.-.HCVT209.AB049098        2.4594204 2.4378156 2.3928736 2.4097032 2.4145446 2.5425036 2.3817664 2.4603607 1.9701504 2.0184848 1.9826930 2.0025490 2.0090703 2.0338012 2.0767151 2.2081100 1.5633483 1.6665720 0.2127460 0.1961233 0.2043826 0.1726433 0.1857052 0.1928951 0.1934952 0.1703220 0.1252817 0.1270633 0.0000000 0.1118796 0.1588517 0.1612418 0.1424257 0.1458759 0.1914114 0.1932348 0.2029321 0.2050378 0.2144226 0.2236572 0.2091944 0.1990491 0.1989502 0.2184085 0.2022799 0.1952461 0.1967807 0.1794007 0.1955159 0.1864169 0.1744717 0.1895591 0.1930422 0.1792422 0.1810205 0.1852463 0.1719151 0.1823687 0.1873173 0.1849050 0.1784131 0.1635899 0.1681441 0.1753093 0.1886759 0.1761775 0.1908171 0.1897498 0.1670059 0.1732582 0.8769949 0.7998002 0.7958416 0.8074757 0.7695993 0.8014451 0.7845092 0.7913400 0.7870592 0.8112151 0.7816527 0.7660581 0.7689336 0.7916627 0.7748708 0.7711050 0.7804534 0.7661076 0.7713421 0.7663219 0.7959388 0.7954810 0.8509217 0.8559623 0.8403183 0.8530857 0.8196436 0.8580740 0.8499452 0.8458780 
1b.-.MD33.AF207774           2.4771126 2.5013288 2.4571001 2.4535329 2.4501452 2.5503369 2.4355792 2.4939332 1.9728894 1.9980316 1.9685384 2.0102937 1.9972911 2.0599481 2.0685492 2.2175332 1.5519290 1.6586234 0.2187561 0.1979419 0.2035110 0.1816626 0.1909410 0.1972834 0.2007985 0.1678567 0.1330194 0.1253527 0.1118796 0.0000000 0.1668204 0.1659539 0.1430945 0.1471637 0.1996332 0.1999874 0.2068414 0.2069870 0.2142262 0.2238095 0.2107343 0.1951222 0.1991012 0.2177144 0.2064390 0.1961888 0.1962661 0.1811021 0.1931075 0.1904427 0.1735814 0.1897744 0.1993003 0.1850973 0.1877625 0.1863941 0.1741586 0.1797749 0.1926072 0.1920879 0.1779617 0.1709106 0.1741114 0.1762491 0.1942681 0.1823131 0.1926813 0.1957669 0.1695054 0.1681963 0.8814485 0.8136351 0.8027227 0.8127670 0.7882433 0.7915496 0.7857390 0.8035964 0.7969919 0.8207430 0.7808246 0.7757671 0.7855210 0.8033786 0.7943011 0.7785067 0.7796740 0.7723321 0.7815716 0.7770636 0.7939910 0.7873566 0.8676548 0.8806296 0.8523587 0.8709694 0.8394143 0.8534821 0.8570462 0.8515532 
1b.JP.JT.D11355              2.4398066 2.4034205 2.3659972 2.3972702 2.3873587 2.4751878 2.3541753 2.4122922 1.8923879 1.9539926 1.9314452 1.9482785 1.9395687 2.0157162 2.0903495 2.2001806 1.5892754 1.6783363 0.2260786 0.2039777 0.2118452 0.1610902 0.1783267 0.2087059 0.2007954 0.1603944 0.1815934 0.1628681 0.1588517 0.1668204 0.0000000 0.1640944 0.1410619 0.1464802 0.2066975 0.1996037 0.2022310 0.2185215 0.2177052 0.2211062 0.2163258 0.2081763 0.1999291 0.2300980 0.2184924 0.2083662 0.2095110 0.1907309 0.1976493 0.1901322 0.1823154 0.1912776 0.2021398 0.1897206 0.1840519 0.1866146 0.1783421 0.1792421 0.1899522 0.1933939 0.1816187 0.1663245 0.1781278 0.1747065 0.1866711 0.1837723 0.1891898 0.1927033 0.1711643 0.1737130 0.8743155 0.7976608 0.7789179 0.7925779 0.7769653 0.7836436 0.7816782 0.8012174 0.7673128 0.8139368 0.7720672 0.7914525 0.7809414 0.7859261 0.7756144 0.7597822 0.7861117 0.7677162 0.7789603 0.7587646 0.7898166 0.7746702 0.8790109 0.8735098 0.8425396 0.8574382 0.8209595 0.8625391 0.8464609 0.8464179 
1b.-.CQ819761.CQ819761       2.4671343 2.4119559 2.3780964 2.4392043 2.4365274 2.5919865 2.3806516 2.4075232 1.9741311 2.0449568 1.9820277 2.0052484 2.0236519 2.1066201 2.0550240 2.2282611 1.6076592 1.6664450 0.2151094 0.2002193 0.2027405 0.1813967 0.1881104 0.1896716 0.1939520 0.1690122 0.1749146 0.1644478 0.1612418 0.1659539 0.1640944 0.0000000 0.1429071 0.1384601 0.1937815 0.2008925 0.2020991 0.2068566 0.2210666 0.2227124 0.2158849 0.2029521 0.1915902 0.2182941 0.2112618 0.2005999 0.2003253 0.1837233 0.1899329 0.1865961 0.1717314 0.1842498 0.1917595 0.1753808 0.1820550 0.1835716 0.1750062 0.1795597 0.1809823 0.1890560 0.1741337 0.1615806 0.1624977 0.1751853 0.1822002 0.1833344 0.1866288 0.1882545 0.1634535 0.1677663 0.8911126 0.7865616 0.7830997 0.7987776 0.7685541 0.7555433 0.7671058 0.7864151 0.7655889 0.7955495 0.7588920 0.7627291 0.7608731 0.7692669 0.7702980 0.7520388 0.7567619 0.7514202 0.7599033 0.7634732 0.7718810 0.7647292 0.8594321 0.8740078 0.8210420 0.8434315 0.8019933 0.8314408 0.8327284 0.8235763 
1b.-.HCVT094.AB049088        2.4367846 2.3764690 2.3523811 2.3875153 2.3768245 2.5524149 2.3798101 2.3800738 1.9249897 1.9673329 1.9403172 1.9557798 1.9537316 2.0349448 2.0826858 2.2588331 1.5437471 1.6698030 0.2041071 0.1761411 0.1833641 0.1615544 0.1716361 0.1879341 0.1789705 0.1464105 0.1610413 0.1429441 0.1424257 0.1430945 0.1410619 0.1429071 0.0000000 0.1309765 0.1820094 0.1866049 0.1848584 0.1888174 0.1973624 0.2043924 0.1968687 0.1856391 0.1833548 0.2008858 0.1904011 0.1789719 0.1798412 0.1643634 0.1779311 0.1671971 0.1569952 0.1765861 0.1816426 0.1636985 0.1628299 0.1741465 0.1562990 0.1615799 0.1709031 0.1683370 0.1580678 0.1475599 0.1496131 0.1573445 0.1729920 0.1696978 0.1755201 0.1783872 0.1525236 0.1535038 0.8446234 0.7640775 0.7632837 0.7655012 0.7453710 0.7418490 0.7448278 0.7704543 0.7345088 0.7777529 0.7311481 0.7404442 0.7463614 0.7637353 0.7398695 0.7340999 0.7346839 0.7323971 0.7367207 0.7312463 0.7517175 0.7495843 0.8328011 0.8352389 0.8102003 0.8288069 0.7865248 0.8306136 0.8068520 0.8037352 
1b.-.MD15.AF207756           2.4618968 2.4441547 2.3898940 2.4210794 2.3735285 2.4764095 2.3608682 2.3782866 1.9433239 2.0074440 1.9802018 1.9773606 1.9869653 2.0600373 2.0734463 2.2005036 1.5752975 1.6723521 0.2073636 0.1813428 0.1876575 0.1649472 0.1739364 0.1784369 0.1820271 0.1535128 0.1673661 0.1509268 0.1458759 0.1471637 0.1464802 0.1384601 0.1309765 0.0000000 0.1897696 0.1824757 0.1804574 0.1968743 0.1966028 0.2025846 0.1976942 0.1874981 0.1826623 0.2013106 0.1925790 0.1811245 0.1820558 0.1679150 0.1775796 0.1700516 0.1549239 0.1734787 0.1772024 0.1719473 0.1697640 0.1740095 0.1617880 0.1613661 0.1731080 0.1707559 0.1611865 0.1503637 0.1503027 0.1549028 0.1700999 0.1653165 0.1728129 0.1780149 0.1523733 0.1559065 0.8778198 0.7859075 0.7798904 0.7873096 0.7659176 0.7755918 0.7566870 0.7882750 0.7589318 0.8002884 0.7630815 0.7659068 0.7688972 0.7604359 0.7838471 0.7559408 0.7605623 0.7563344 0.7662275 0.7508098 0.7826680 0.7618772 0.8556366 0.8559643 0.8316435 0.8473548 0.7918263 0.8335746 0.8243746 0.8342639 
1b.-.4064.EF407470           2.5319446 2.4774151 2.4492612 2.5065189 2.4685207 2.5444879 2.4363066 2.4419078 2.0202242 2.0554806 2.0061860 2.0267614 2.0144930 2.0830188 2.1764896 2.2443070 1.5817249 1.6832788 0.2160588 0.1992530 0.2009680 0.2183947 0.2265959 0.1949215 0.1893932 0.2052544 0.2094825 0.1966011 0.1914114 0.1996332 0.2066975 0.1937815 0.1820094 0.1897696 0.0000000 0.2059534 0.1991649 0.1985629 0.2080726 0.2159184 0.2031696 0.1980295 0.1896682 0.2041845 0.1968184 0.1866941 0.1864380 0.1771958 0.1869697 0.1884844 0.1778128 0.1641605 0.1936160 0.1807783 0.1859182 0.1581266 0.1719065 0.1685242 0.1873235 0.1815131 0.1731870 0.1638756 0.1580303 0.1586671 0.1671325 0.1647699 0.1749036 0.1721229 0.1669101 0.1717165 0.8751883 0.7793026 0.7687972 0.7955898 0.7507628 0.7480190 0.7566784 0.7788817 0.7634695 0.7827658 0.7508230 0.7617066 0.7603233 0.7710084 0.7606465 0.7452348 0.7422696 0.7455768 0.7430469 0.7373071 0.7676983 0.7559196 0.8428409 0.8541091 0.8250548 0.8373222 0.7995749 0.8338237 0.8221152 0.8239344 
1b.-.8069.EF407504           2.4156390 2.4367022 2.3774374 2.4369272 2.4119742 2.4623889 2.4165837 2.4124164 1.9169414 1.9791959 1.9494617 1.9507095 1.9528188 2.0716199 2.1085896 2.2062003 1.5709587 1.6687069 0.2124727 0.1987942 0.2033999 0.2154122 0.2356369 0.1989110 0.1921753 0.2101747 0.2178532 0.1939017 0.1932348 0.1999874 0.1996037 0.2008925 0.1866049 0.1824757 0.2059534 0.0000000 0.1917824 0.2072676 0.2104424 0.2216171 0.2107450 0.2090822 0.1826040 0.2199888 0.2093649 0.1980607 0.1979460 0.1790692 0.1886251 0.1960573 0.1877117 0.1872429 0.1956832 0.1826375 0.1873535 0.1909397 0.1765881 0.1718660 0.1845317 0.1886196 0.1808501 0.1630868 0.1626055 0.1687238 0.1842501 0.1848342 0.1915422 0.1909880 0.1559868 0.1658274 0.8723095 0.8048229 0.7823132 0.8164471 0.7735456 0.7861667 0.7819504 0.8119444 0.7781253 0.8088480 0.7718041 0.7818627 0.7724618 0.7994059 0.7753113 0.7634839 0.7709804 0.7683256 0.7631336 0.7619976 0.7830695 0.7784074 0.8555022 0.8610916 0.8438029 0.8662946 0.8126012 0.8352708 0.8277613 0.8443140 
1b.US.BID-V381.EU155262      2.4477303 2.4196675 2.3710885 2.4027113 2.3671105 2.5139850 2.3376080 2.3622559 1.9209069 1.9754664 1.9415068 1.9519824 1.9359015 2.0888118 2.0991099 2.2781378 1.5211269 1.6147564 0.2100754 0.2030621 0.1989526 0.2152416 0.2313908 0.1901332 0.1944655 0.2092769 0.2238843 0.2008492 0.2029321 0.2068414 0.2022310 0.2020991 0.1848584 0.1804574 0.1991649 0.1917824 0.0000000 0.2042833 0.2126782 0.2280354 0.2091558 0.1958948 0.1924595 0.2110794 0.1998239 0.1905460 0.1911489 0.1827655 0.1895485 0.1916264 0.1791654 0.1887721 0.1974510 0.1787183 0.1786462 0.1894263 0.1772775 0.1692550 0.1852507 0.1838468 0.1738756 0.1652579 0.1695871 0.1707394 0.1810988 0.1803848 0.1834229 0.1821415 0.1528829 0.1684670 0.8766414 0.7982322 0.7778468 0.7943213 0.7579107 0.7726036 0.7740585 0.7775494 0.7618527 0.8064330 0.7511421 0.7673857 0.7684030 0.7744713 0.7698681 0.7542949 0.7685047 0.7595321 0.7645842 0.7388593 0.7726864 0.7576230 0.8688950 0.8725464 0.8220007 0.8650594 0.8163681 0.8485492 0.8483929 0.8459952 
1b.-.MD23.AF207764           2.4057760 2.3566216 2.3027928 2.3534850 2.3360805 2.4747410 2.3632571 2.3723742 1.9318699 1.9957862 1.9780144 1.9641175 1.9853230 2.0619334 2.1646440 2.2471857 1.5480855 1.6248298 0.2233066 0.1969678 0.1999159 0.2182965 0.2286602 0.1981567 0.1893184 0.2154873 0.2231297 0.2045539 0.2050378 0.2069870 0.2185215 0.2068566 0.1888174 0.1968743 0.1985629 0.2072676 0.2042833 0.0000000 0.1629048 0.1708609 0.1556944 0.1481854 0.2027278 0.1791691 0.1649620 0.1538075 0.1540663 0.1831703 0.2017593 0.1962807 0.1895028 0.1965056 0.1987114 0.1853724 0.1897806 0.1924839 0.1586583 0.1787472 0.1901084 0.1832112 0.1763130 0.1685306 0.1690302 0.1723869 0.1823346 0.1788095 0.1856862 0.1850662 0.1721730 0.1698537 0.8747561 0.7901305 0.8024255 0.8142572 0.7773121 0.7905389 0.7813463 0.7968706 0.7722320 0.8208151 0.7821289 0.7618992 0.7899840 0.7935582 0.7981143 0.7665668 0.7761190 0.7782560 0.7734707 0.7789002 0.7838827 0.7833291 0.8663183 0.8633343 0.8294466 0.8633922 0.8333415 0.8610544 0.8420531 0.8466440 
