94
RESTV_M.fas-tc_USA_89_Philippines89-Pennsylvania_NC_004161 0.0000000 0.0242779 0.0331647 2.2196464 2.1873252 1.9190316 1.9194087 1.9193665 1.9197722 1.9340200 1.9370633 1.9375162 1.9247563 1.9395752 1.9406833 1.9358798 1.9441295 1.9428287 1.9381474 1.9392026 1.9392026 1.9389276 1.9394887 1.9394887 1.9394332 1.9392192 1.9387877 1.9383742 1.9392322 1.9399485 1.9399485 1.9396307 1.9396733 1.9396733 1.9396458 1.9403636 1.9398298 1.9397179 1.9404763 1.9402947 1.9383043 1.9377391 1.9380566 1.9384085 1.9383806 1.9383806 1.9402738 1.9395483 1.9365858 1.9393240 1.9381141 1.9415702 1.9404666 1.9406629 1.9413794 1.9401268 1.9379183 1.9377508 1.9377508 1.9377343 1.9400461 1.9400361 1.9400361 1.9395717 1.9393578 1.9399681 1.9399681 1.9406035 1.9412526 1.9415278 1.9410807 1.9395104 1.9387674 1.9389656 1.9391173 1.9367967 1.9379628 1.9389637 1.9397670 1.9397670 1.9378154 1.9397211 1.9397852 1.9403516 1.9423394 1.9413789 1.9410493 1.9407438 1.9376987 1.9404036 1.9412417 1.9401941 1.9957571 1.9968175 
RESTV_S.dom-tc_PHL_08_Reston08-A_FJ621583                  0.0242779 0.0000000 0.0497158 2.2399898 2.1862728 1.9290445 1.9294258 1.9296412 1.9297907 1.9443775 1.9474424 1.9487074 1.9378826 1.9473803 1.9484960 1.9436674 1.9519568 1.9506496 1.9461328 1.9471929 1.9471929 1.9469171 1.9474795 1.9474795 1.9474243 1.9472093 1.9469614 1.9463601 1.9472247 1.9479433 1.9479433 1.9476246 1.9476674 1.9476674 1.9476401 1.9483597 1.9478217 1.9477117 1.9484729 1.9482905 1.9462915 1.9457231 1.9460416 1.9456765 1.9461820 1.9461820 1.9482719 1.9475419 1.9443778 1.9473145 1.9460986 1.9495715 1.9484655 1.9486596 1.9493784 1.9476728 1.9454544 1.9452863 1.9452863 1.9452698 1.9480409 1.9480311 1.9480311 1.9475624 1.9471626 1.9475902 1.9475902 1.9484145 1.9490667 1.9493426 1.9490824 1.9475059 1.9467584 1.9465090 1.9468332 1.9445161 1.9459894 1.9469539 1.9477595 1.9477595 1.9457976 1.9477164 1.9477811 1.9479029 1.9503463 1.9493802 1.9492338 1.9487376 1.9456846 1.9482183 1.9492442 1.9473653 2.0088937 2.0099585 
RESTV_S.dom-xx_PHL_08_Reston08-C_FJ621584                  0.0331647 0.0497158 0.0000000 2.2472722 2.1970180 1.9351145 1.9354983 1.9354557 1.9364248 1.9491985 1.9523687 1.9514590 1.9380518 1.9479817 1.9491843 1.9455781 1.9525565 1.9512499 1.9465502 1.9476098 1.9476098 1.9473342 1.9478963 1.9478963 1.9478412 1.9476263 1.9471939 1.9467774 1.9476417 1.9483600 1.9483600 1.9480414 1.9480843 1.9480843 1.9480570 1.9487761 1.9482383 1.9481285 1.9488893 1.9487070 1.9467090 1.9461408 1.9464591 1.9468119 1.9467840 1.9467840 1.9489479 1.9482181 1.9449805 1.9477314 1.9465160 1.9499874 1.9488820 1.9491941 1.9499124 1.9485357 1.9464361 1.9461498 1.9461498 1.9461334 1.9478952 1.9491660 1.9491660 1.9479791 1.9477642 1.9483763 1.9483763 1.9490156 1.9503861 1.9506619 1.9494986 1.9479229 1.9478939 1.9473725 1.9475245 1.9466870 1.9463630 1.9473710 1.9481762 1.9481762 1.9463997 1.9481332 1.9489164 1.9485814 1.9503611 1.9492774 1.9492057 1.9488944 1.9461024 1.9488199 1.9496603 1.9486035 1.9998002 2.0008626 
TAFV_H.sap-tc_CIV_94_Pauleoula-CI_NC_014372                2.2196464 2.2399898 2.2472722 0.0000000 0.8119687 1.3358862 1.3353772 1.3350188 1.3351512 1.3612418 1.3633036 1.3632215 1.3588309 1.3557454 1.3578086 1.3549451 1.3577404 1.3560750 1.3543864 1.3563968 1.3563968 1.3561816 1.3561816 1.3561816 1.3564191 1.3566121 1.3563948 1.3568371 1.3557067 1.3559503 1.3559503 1.3557067 1.3557351 1.3557351 1.3561412 1.3559219 1.3566592 1.3557067 1.3558074 1.3566510 1.3564150 1.3558064 1.3560501 1.3560056 1.3558064 1.3558064 1.3561075 1.3566499 1.3575265 1.3563380 1.3571868 1.3565276 1.3563005 1.3558715 1.3564057 1.3559353 1.3563192 1.3563436 1.3563436 1.3564626 1.3565569 1.3581670 1.3581670 1.3556046 1.3553855 1.3560625 1.3560625 1.3563623 1.3551047 1.3548738 1.3572924 1.3549111 1.3568292 1.3566779 1.3563421 1.3572638 1.3582830 1.3568211 1.3572777 1.3572777 1.3580304 1.3564734 1.3563740 1.3562586 1.3566197 1.3557283 1.3579245 1.3567441 1.3555779 1.3585822 1.3566048 1.3598680 2.1801172 2.1800208 
BDBV_H.sap-xx_COD_12_EboBund-122_KC545395                  2.1873252 2.1862728 2.1970180 0.8119687 0.0000000 1.4154279 1.4152694 1.4167040 1.4157899 1.4312753 1.4314601 1.4310011 1.4256566 1.4343284 1.4357228 1.4332621 1.4366951 1.4374172 1.4363533 1.4360285 1.4360285 1.4358053 1.4358053 1.4358053 1.4362819 1.4357897 1.4355008 1.4354672 1.4352938 1.4354672 1.4354672 1.4352139 1.4355921 1.4355921 1.4354672 1.4350890 1.4359546 1.4357901 1.4369939 1.4363147 1.4366847 1.4357296 1.4359031 1.4353963 1.4352215 1.4352215 1.4353802 1.4358794 1.4369763 1.4359849 1.4367345 1.4353759 1.4364899 1.4364366 1.4364366 1.4348931 1.4352050 1.4354282 1.4354282 1.4355532 1.4353691 1.4366631 1.4366631 1.4350876 1.4348576 1.4348343 1.4348343 1.4359235 1.4350321 1.4352553 1.4363041 1.4356967 1.4361101 1.4346256 1.4365588 1.4365252 1.4367913 1.4357664 1.4364444 1.4364444 1.4344219 1.4356218 1.4353042 1.4352530 1.4349348 1.4344261 1.4361535 1.4350823 1.4355424 1.4371936 1.4356660 1.4388003 2.2617484 2.2615608 
EBOV_H.sap-tc_COD_07_1Luebo_KC242786                       1.9190316 1.9290445 1.9351145 1.3358862 1.4154279 0.0000000 0.0001544 0.0004633 0.0008238 0.0229337 0.0239415 0.0229207 0.0202451 0.0310752 0.0309040 0.0306247 0.0306248 0.0305117 0.0306812 0.0303349 0.0303349 0.0303913 0.0302790 0.0302790 0.0303911 0.0303907 0.0304475 0.0303924 0.0303924 0.0303924 0.0303924 0.0303361 0.0304488 0.0304488 0.0305046 0.0305049 0.0304445 0.0304484 0.0305078 0.0303939 0.0305595 0.0305651 0.0305085 0.0306218 0.0306775 0.0306775 0.0307908 0.0306173 0.0306858 0.0306192 0.0305671 0.0305649 0.0306755 0.0306771 0.0306771 0.0305637 0.0304510 0.0303946 0.0303946 0.0304510 0.0306184 0.0307307 0.0307307 0.0300519 0.0299394 0.0301079 0.0301079 0.0302371 0.0301690 0.0302248 0.0306196 0.0306239 0.0305643 0.0306822 0.0306751 0.0310821 0.0309117 0.0308514 0.0307390 0.0307390 0.0308484 0.0306748 0.0307904 0.0307324 0.0309659 0.0307384 0.0306780 0.0310113 0.0309642 0.0309727 0.0307381 0.0313651 2.0355607 2.0359381 
EBOV_H.sap-tc_COD_07_M-M_HQ613403                          1.9194087 1.9294258 1.9354983 1.3353772 1.4152694 0.0001544 0.0000000 0.0003088 0.0006693 0.0227652 0.0237724 0.0227523 0.0200785 0.0309019 0.0307308 0.0304517 0.0304517 0.0303387 0.0305081 0.0301620 0.0301620 0.0302184 0.0301062 0.0301062 0.0302183 0.0302179 0.0302746 0.0302195 0.0302195 0.0302195 0.0302195 0.0301633 0.0302759 0.0302759 0.0303317 0.0303319 0.0302716 0.0302755 0.0303349 0.0302211 0.0303865 0.0303921 0.0303355 0.0304488 0.0305044 0.0305044 0.0306177 0.0304443 0.0305127 0.0304462 0.0303941 0.0303920 0.0305025 0.0305041 0.0305041 0.0303908 0.0302781 0.0302218 0.0302218 0.0302781 0.0304454 0.0305577 0.0305577 0.0298793 0.0297668 0.0299352 0.0299352 0.0300642 0.0299962 0.0300520 0.0304466 0.0304509 0.0303913 0.0305091 0.0305021 0.0309088 0.0307385 0.0306782 0.0305659 0.0305659 0.0306752 0.0305018 0.0306173 0.0305593 0.0307927 0.0305653 0.0305050 0.0308381 0.0307910 0.0307995 0.0305650 0.0311916 2.0359870 2.0363645 
EBOV_H.sap-tc_COD_07_5Luebo_KC242790                       1.9193665 1.9296412 1.9354557 1.3350188 1.4167040 0.0004633 0.0003088 0.0000000 0.0009784 0.0230991 0.0241075 0.0230861 0.0204091 0.0310823 0.0309110 0.0306317 0.0306318 0.0305187 0.0306883 0.0303418 0.0303418 0.0303982 0.0302860 0.0302860 0.0303981 0.0303977 0.0304545 0.0303993 0.0303993 0.0303993 0.0303993 0.0303431 0.0304558 0.0304558 0.0305116 0.0305119 0.0304515 0.0304553 0.0305148 0.0304009 0.0305665 0.0305721 0.0305155 0.0306288 0.0306845 0.0306845 0.0307979 0.0306244 0.0306928 0.0306262 0.0305741 0.0305720 0.0306826 0.0306841 0.0306841 0.0305708 0.0304580 0.0304016 0.0304016 0.0304580 0.0306255 0.0307378 0.0307378 0.0300588 0.0299463 0.0301148 0.0301148 0.0302440 0.0301759 0.0302318 0.0306266 0.0306309 0.0305713 0.0306893 0.0306822 0.0310893 0.0309188 0.0308585 0.0307461 0.0307461 0.0308554 0.0306818 0.0307974 0.0307394 0.0309730 0.0307454 0.0306851 0.0310184 0.0309713 0.0309798 0.0307452 0.0313723 2.0359420 2.0363195 
EBOV_H.sap-tc_COD_08_034-KS_HQ613402                       1.9197722 1.9297907 1.9364248 1.3351512 1.4157899 0.0008238 0.0006693 0.0009784 0.0000000 0.0233713 0.0243803 0.0233580 0.0207889 0.0315747 0.0314032 0.0311238 0.0311238 0.0310106 0.0311803 0.0308335 0.0308335 0.0308899 0.0307776 0.0307776 0.0308898 0.0308894 0.0309463 0.0308911 0.0308911 0.0308911 0.0308911 0.0308348 0.0309475 0.0309475 0.0310034 0.0310037 0.0309432 0.0309471 0.0310067 0.0308927 0.0310583 0.0310641 0.0310073 0.0311208 0.0311765 0.0311765 0.0312900 0.0311162 0.0311850 0.0311181 0.0310660 0.0310639 0.0311745 0.0311761 0.0311761 0.0310627 0.0309498 0.0308934 0.0308934 0.0309498 0.0311174 0.0312298 0.0312298 0.0305503 0.0304376 0.0306062 0.0306062 0.0307358 0.0306080 0.0306639 0.0311185 0.0311229 0.0310632 0.0311813 0.0311741 0.0315817 0.0314111 0.0313507 0.0312382 0.0312382 0.0313476 0.0311738 0.0312895 0.0312314 0.0314654 0.0312376 0.0311771 0.0315106 0.0314636 0.0314722 0.0312373 0.0318650 2.0349700 2.0353475 
EBOV_H.sap-xx_COD_14_Lomela-Lokolia16_KP271018             1.9340200 1.9443775 1.9491985 1.3612418 1.4312753 0.0229337 0.0227652 0.0230991 0.0233713 0.0000000 0.0013414 0.0079337 0.0129452 0.0339413 0.0337685 0.0334873 0.0334873 0.0333733 0.0335442 0.0331943 0.0331943 0.0332512 0.0331381 0.0331381 0.0332510 0.0332506 0.0333079 0.0332524 0.0331995 0.0331995 0.0331995 0.0331428 0.0332564 0.0332564 0.0333126 0.0333129 0.0333046 0.0333698 0.0333690 0.0332542 0.0334207 0.0334269 0.0333698 0.0334840 0.0336540 0.0336540 0.0336015 0.0334262 0.0335492 0.0334812 0.0334290 0.0334267 0.0334851 0.0335397 0.0335397 0.0335393 0.0334257 0.0333688 0.0333688 0.0334257 0.0334804 0.0335935 0.0335935 0.0329090 0.0327955 0.0329653 0.0329653 0.0330970 0.0330274 0.0330836 0.0334287 0.0336002 0.0335399 0.0336593 0.0336573 0.0338349 0.0337770 0.0337158 0.0336026 0.0336026 0.0337125 0.0333711 0.0335902 0.0336563 0.0337786 0.0335490 0.0335407 0.0338762 0.0338295 0.0337221 0.0336627 0.0342343 2.0599077 2.0602888 
EBOV_H.sap-xx_COD_14_Lomela-Lokolia17_KP271019             1.9370633 1.9474424 1.9523687 1.3633036 1.4314601 0.0239415 0.0237724 0.0241075 0.0243803 0.0013414 0.0000000 0.0087831 0.0138100 0.0348842 0.0347108 0.0344287 0.0343632 0.0342488 0.0344203 0.0340691 0.0340691 0.0341261 0.0340128 0.0340128 0.0341260 0.0341255 0.0341830 0.0341274 0.0340744 0.0340744 0.0340744 0.0340176 0.0341315 0.0341315 0.0341879 0.0341881 0.0341796 0.0342452 0.0342444 0.0341292 0.0342961 0.0343025 0.0342452 0.0343598 0.0345302 0.0345302 0.0344776 0.0343018 0.0344253 0.0343568 0.0343047 0.0343023 0.0343609 0.0344155 0.0344155 0.0344152 0.0343012 0.0342442 0.0342442 0.0343012 0.0343560 0.0344695 0.0344695 0.0337830 0.0336692 0.0338395 0.0338395 0.0339719 0.0339018 0.0339582 0.0343043 0.0344764 0.0344157 0.0345357 0.0345336 0.0347118 0.0346538 0.0345923 0.0344788 0.0344788 0.0345889 0.0342465 0.0344661 0.0345326 0.0346554 0.0344252 0.0344166 0.0347529 0.0347063 0.0345988 0.0345391 0.0351124 2.0650006 2.0653826 
EBOV_H.sap-tc_COD_95_Kikwit-9510621_KR867676               1.9375162 1.9487074 1.9514590 1.3632215 1.4310011 0.0229207 0.0227523 0.0230861 0.0233580 0.0079337 0.0087831 0.0000000 0.0126726 0.0334356 0.0332630 0.0329821 0.0329171 0.0328032 0.0329739 0.0326247 0.0326247 0.0325685 0.0325685 0.0325685 0.0326813 0.0326809 0.0327381 0.0326826 0.0326826 0.0326826 0.0326826 0.0326260 0.0327394 0.0327394 0.0327956 0.0327959 0.0327348 0.0328526 0.0327990 0.0326844 0.0328507 0.0328568 0.0327997 0.0329138 0.0330836 0.0330836 0.0330840 0.0329090 0.0329788 0.0329110 0.0328589 0.0328566 0.0329678 0.0329694 0.0329694 0.0329690 0.0328556 0.0327988 0.0327988 0.0328556 0.0329102 0.0330232 0.0330232 0.0323398 0.0322265 0.0323961 0.0323961 0.0325273 0.0323444 0.0324005 0.0329115 0.0330298 0.0329696 0.0330888 0.0330868 0.0331989 0.0332063 0.0331452 0.0330321 0.0330321 0.0331420 0.0328539 0.0330728 0.0331387 0.0332607 0.0330315 0.0329705 0.0333055 0.0332587 0.0332679 0.0331450 0.0336628 2.0668015 2.0671838 
EBOV_H.sap-tc_COD_77_Bonduni_KC242791                      1.9247563 1.9378826 1.9380518 1.3588309 1.4256566 0.0202451 0.0200785 0.0204091 0.0207889 0.0129452 0.0138100 0.0126726 0.0000000 0.0312736 0.0311024 0.0308233 0.0307592 0.0306462 0.0308156 0.0304695 0.0304695 0.0305259 0.0304137 0.0304137 0.0305257 0.0305253 0.0305821 0.0305270 0.0305270 0.0305270 0.0305270 0.0304708 0.0305833 0.0305833 0.0306392 0.0306394 0.0305791 0.0306958 0.0306424 0.0305286 0.0306940 0.0306996 0.0306430 0.0307562 0.0309248 0.0309248 0.0309251 0.0307518 0.0308202 0.0307536 0.0307016 0.0306994 0.0308099 0.0308115 0.0308115 0.0308111 0.0306985 0.0306421 0.0306421 0.0306985 0.0307529 0.0308651 0.0308651 0.0301868 0.0300743 0.0302427 0.0302427 0.0303719 0.0303038 0.0303596 0.0307540 0.0308224 0.0308116 0.0309296 0.0309278 0.0311032 0.0310460 0.0309857 0.0308734 0.0308734 0.0308697 0.0306970 0.0309247 0.0309796 0.0311002 0.0308728 0.0308125 0.0310331 0.0310984 0.0311070 0.0309259 0.0314991 2.0511664 2.0515464 
EBOV_H.sap-wt_GIN_14_Makona-Gueckedou-EM_080076_KR817235   1.9395752 1.9473803 1.9479817 1.3557454 1.4343284 0.0310752 0.0309019 0.0310823 0.0315747 0.0339413 0.0348842 0.0334356 0.0312736 0.0000000 0.0013921 0.0012891 0.0017549 0.0016514 0.0018070 0.0014444 0.0014444 0.0014961 0.0014961 0.0014961 0.0014961 0.0014961 0.0015478 0.0014961 0.0015996 0.0014961 0.0014961 0.0015479 0.0015478 0.0015478 0.0015995 0.0015995 0.0015995 0.0016513 0.0015997 0.0015996 0.0016512 0.0016515 0.0015997 0.0017032 0.0018584 0.0018584 0.0018584 0.0017030 0.0018070 0.0017030 0.0016515 0.0016514 0.0017548 0.0017549 0.0018584 0.0018583 0.0017548 0.0017031 0.0017031 0.0017548 0.0018064 0.0018064 0.0018064 0.0011860 0.0010827 0.0012377 0.0012377 0.0013417 0.0013929 0.0014445 0.0018065 0.0018068 0.0017549 0.0019621 0.0018586 0.0021694 0.0020139 0.0019620 0.0018585 0.0018585 0.0019102 0.0017547 0.0019100 0.0019100 0.0020140 0.0019104 0.0019619 0.0021687 0.0020140 0.0020145 0.0020139 0.0024285 2.0603492 2.0607310 
EBOV_H.sap-wt_GIN_14_Makona-Gueckedou-EM_079702_KR817210   1.9406833 1.9484960 1.9491843 1.3578086 1.4357228 0.0309040 0.0307308 0.0309110 0.0314032 0.0337685 0.0347108 0.0332630 0.0311024 0.0013921 0.0000000 0.0012889 0.0017030 0.0015996 0.0017552 0.0013926 0.0013926 0.0014443 0.0014443 0.0014443 0.0014443 0.0014443 0.0014960 0.0014444 0.0015478 0.0014444 0.0014444 0.0014961 0.0014961 0.0014961 0.0015477 0.0015477 0.0015477 0.0015994 0.0015479 0.0015478 0.0015994 0.0015996 0.0015479 0.0016514 0.0018065 0.0018065 0.0018066 0.0016511 0.0017551 0.0016512 0.0015997 0.0015996 0.0017029 0.0017030 0.0018065 0.0018064 0.0017030 0.0016513 0.0016513 0.0017030 0.0017546 0.0017546 0.0017546 0.0011343 0.0010310 0.0011859 0.0011859 0.0012899 0.0013411 0.0013928 0.0017547 0.0017550 0.0017030 0.0019103 0.0018067 0.0021175 0.0019621 0.0019101 0.0018066 0.0018066 0.0018584 0.0017029 0.0018581 0.0018582 0.0019621 0.0018585 0.0019100 0.0021168 0.0019621 0.0018591 0.0019620 0.0023765 2.0614256 2.0618075 
EBOV_H.sap-wt_GIN_14_Makona-Gueckedou-EM_079587_KR817202   1.9358798 1.9436674 1.9455781 1.3549451 1.4332621 0.0306247 0.0304517 0.0306317 0.0311238 0.0334873 0.0344287 0.0329821 0.0308233 0.0012891 0.0012889 0.0000000 0.0013412 0.0012379 0.0013932 0.0010312 0.0010312 0.0010828 0.0010828 0.0010828 0.0010828 0.0010828 0.0011344 0.0010828 0.0011861 0.0010828 0.0010828 0.0011345 0.0011345 0.0011345 0.0011861 0.0011861 0.0011861 0.0012378 0.0011862 0.0011862 0.0012377 0.0012379 0.0011863 0.0012896 0.0014446 0.0014446 0.0014446 0.0012894 0.0013932 0.0012895 0.0012380 0.0012379 0.0013412 0.0013412 0.0014446 0.0014446 0.0013412 0.0012895 0.0012895 0.0013412 0.0013928 0.0013928 0.0013928 0.0007722 0.0006692 0.0008238 0.0008238 0.0009284 0.0009796 0.0010313 0.0013929 0.0013931 0.0013412 0.0015482 0.0014448 0.0017552 0.0016000 0.0015481 0.0014447 0.0014447 0.0014964 0.0013411 0.0014962 0.0014963 0.0016000 0.0014965 0.0015480 0.0017547 0.0016000 0.0016004 0.0015999 0.0020141 2.0600236 2.0604051 
EBOV_H.sap-wt_GIN_14_Makona-Gueckedou-EM_079750_KR817213   1.9441295 1.9519568 1.9525565 1.3577404 1.4366951 0.0306248 0.0304517 0.0306318 0.0311238 0.0334873 0.0343632 0.0329171 0.0307592 0.0017549 0.0017030 0.0013412 0.0000000 0.0003088 0.0013927 0.0010298 0.0010298 0.0010824 0.0010824 0.0010824 0.0010824 0.0010824 0.0011340 0.0010824 0.0011857 0.0010824 0.0010824 0.0011340 0.0011340 0.0011340 0.0011857 0.0011857 0.0011856 0.0012373 0.0011858 0.0011857 0.0012372 0.0012375 0.0011858 0.0012891 0.0014441 0.0014441 0.0014441 0.0012889 0.0013927 0.0012890 0.0012375 0.0012374 0.0013406 0.0013407 0.0014441 0.0014440 0.0013407 0.0012890 0.0012890 0.0013407 0.0013923 0.0013923 0.0013923 0.0007722 0.0006692 0.0008238 0.0008238 0.0009280 0.0009783 0.0010309 0.0013923 0.0013925 0.0013407 0.0015476 0.0014442 0.0017546 0.0015994 0.0015475 0.0014441 0.0014441 0.0014958 0.0013406 0.0014957 0.0014957 0.0015994 0.0014959 0.0015475 0.0017540 0.0015994 0.0015998 0.0015993 0.0020133 2.0606919 2.0610736 
EBOV_H.sap-wt_GIN_14_Makona-Gueckedou-EM_079910_KR817221   1.9428287 1.9506496 1.9512499 1.3560750 1.4374172 0.0305117 0.0303387 0.0305187 0.0310106 0.0333733 0.0342488 0.0328032 0.0306462 0.0016514 0.0015996 0.0012379 0.0003088 0.0000000 0.0012893 0.0009268 0.0009268 0.0009783 0.0009783 0.0009783 0.0009783 0.0009783 0.0010298 0.0009783 0.0010824 0.0009783 0.0009783 0.0010298 0.0010298 0.0010298 0.0010824 0.0010824 0.0010824 0.0011340 0.0010825 0.0010824 0.0011340 0.0011342 0.0010825 0.0011858 0.0013407 0.0013407 0.0013408 0.0011856 0.0012893 0.0011857 0.0011342 0.0011342 0.0012373 0.0012374 0.0013407 0.0013407 0.0012374 0.0011857 0.0011857 0.0012374 0.0012889 0.0012889 0.0012889 0.0006692 0.0005662 0.0007207 0.0007207 0.0008248 0.0008753 0.0009268 0.0012890 0.0012892 0.0012374 0.0014442 0.0013409 0.0016511 0.0014960 0.0014441 0.0013408 0.0013408 0.0013925 0.0012373 0.0013923 0.0013923 0.0014960 0.0013926 0.0014441 0.0016506 0.0014960 0.0014964 0.0014959 0.0019098 2.0592120 2.0595936 
EBOV_H.sap-wt_LBR_14_Makona-LIBR0430_KR006955              1.9381474 1.9461328 1.9465502 1.3543864 1.4363533 0.0306812 0.0305081 0.0306883 0.0311803 0.0335442 0.0344203 0.0329739 0.0308156 0.0018070 0.0017552 0.0013932 0.0013927 0.0012893 0.0000000 0.0003603 0.0003603 0.0004118 0.0004118 0.0004118 0.0004118 0.0004118 0.0004632 0.0004118 0.0005147 0.0004118 0.0004118 0.0004632 0.0004632 0.0004632 0.0005147 0.0005147 0.0005147 0.0005662 0.0005147 0.0005147 0.0005662 0.0005662 0.0005147 0.0006177 0.0007722 0.0007722 0.0007722 0.0006177 0.0007207 0.0006177 0.0005662 0.0005662 0.0006692 0.0006692 0.0007722 0.0007722 0.0006692 0.0006177 0.0006177 0.0006692 0.0007207 0.0007207 0.0007207 0.0006177 0.0007207 0.0008753 0.0008753 0.0009799 0.0010311 0.0010827 0.0007207 0.0007207 0.0006692 0.0008764 0.0007722 0.0010829 0.0009280 0.0008763 0.0007722 0.0007722 0.0008238 0.0006693 0.0008238 0.0008238 0.0009280 0.0008238 0.0008753 0.0010826 0.0009280 0.0009283 0.0009280 0.0013412 2.0566118 2.0569928 
EBOV_H.sap-wt_SLE_14_Makona-G3734.1_KM233055               1.9392026 1.9471929 1.9476098 1.3563968 1.4360285 0.0303349 0.0301620 0.0303418 0.0308335 0.0331943 0.0340691 0.0326247 0.0304695 0.0014444 0.0013926 0.0010312 0.0010298 0.0009268 0.0003603 0.0000000 0.0000010 0.0000515 0.0000515 0.0000515 0.0000515 0.0000515 0.0001029 0.0000515 0.0001544 0.0000515 0.0000515 0.0001029 0.0001029 0.0001029 0.0001544 0.0001544 0.0001544 0.0002059 0.0001544 0.0001544 0.0002059 0.0002059 0.0001544 0.0002573 0.0004118 0.0004118 0.0004118 0.0002573 0.0003603 0.0002573 0.0002059 0.0002059 0.0003088 0.0003088 0.0004118 0.0004118 0.0003088 0.0002573 0.0002573 0.0003088 0.0003603 0.0003603 0.0003603 0.0002573 0.0003603 0.0005147 0.0005147 0.0006177 0.0006692 0.0007207 0.0003603 0.0003603 0.0003088 0.0005147 0.0004118 0.0007207 0.0005662 0.0005147 0.0004118 0.0004118 0.0004632 0.0003088 0.0004633 0.0004633 0.0005662 0.0004632 0.0005147 0.0007207 0.0005662 0.0005662 0.0005662 0.0009793 2.0589756 2.0593570 
EBOV_H.sap-wt_SLE_14_Makona-G3788_KM233075                 1.9392026 1.9471929 1.9476098 1.3563968 1.4360285 0.0303349 0.0301620 0.0303418 0.0308335 0.0331943 0.0340691 0.0326247 0.0304695 0.0014444 0.0013926 0.0010312 0.0010298 0.0009268 0.0003603 0.0000010 0.0000000 0.0000515 0.0000515 0.0000515 0.0000515 0.0000515 0.0001029 0.0000515 0.0001544 0.0000515 0.0000515 0.0001029 0.0001029 0.0001029 0.0001544 0.0001544 0.0001544 0.0002059 0.0001544 0.0001544 0.0002059 0.0002059 0.0001544 0.0002573 0.0004118 0.0004118 0.0004118 0.0002573 0.0003603 0.0002573 0.0002059 0.0002059 0.0003088 0.0003088 0.0004118 0.0004118 0.0003088 0.0002573 0.0002573 0.0003088 0.0003603 0.0003603 0.0003603 0.0002573 0.0003603 0.0005147 0.0005147 0.0006177 0.0006692 0.0007207 0.0003603 0.0003603 0.0003088 0.0005147 0.0004118 0.0007207 0.0005662 0.0005147 0.0004118 0.0004118 0.0004632 0.0003088 0.0004633 0.0004633 0.0005662 0.0004632 0.0005147 0.0007207 0.0005662 0.0005662 0.0005662 0.0009793 2.0589756 2.0593570 
EBOV_H.sap-wt_SLE_14_Makona-G3799_KM233080                 1.9389276 1.9469171 1.9473342 1.3561816 1.4358053 0.0303913 0.0302184 0.0303982 0.0308899 0.0332512 0.0341261 0.0325685 0.0305259 0.0014961 0.0014443 0.0010828 0.0010824 0.0009783 0.0004118 0.0000515 0.0000515 0.0000000 0.0001029 0.0001029 0.0001029 0.0001029 0.0001544 0.0001029 0.0002059 0.0001029 0.0001029 0.0001544 0.0001544 0.0001544 0.0002059 0.0002059 0.0002059 0.0002573 0.0002059 0.0002059 0.0002573 0.0002573 0.0002059 0.0003088 0.0004632 0.0004632 0.0004632 0.0003088 0.0004118 0.0003088 0.0002573 0.0002573 0.0003603 0.0003603 0.0004632 0.0004632 0.0003603 0.0003088 0.0003088 0.0003603 0.0004118 0.0004118 0.0004118 0.0003088 0.0004118 0.0005662 0.0005662 0.0006692 0.0007207 0.0007722 0.0004118 0.0004118 0.0003603 0.0005662 0.0004632 0.0007722 0.0006177 0.0005662 0.0004632 0.0004632 0.0005147 0.0003603 0.0005148 0.0005148 0.0006177 0.0005147 0.0005662 0.0007722 0.0006177 0.0006177 0.0006177 0.0010309 2.0591531 2.0595345 
EBOV_H.sap-wt_SLE_14_Makona-EM110_KM233037                 1.9394887 1.9474795 1.9478963 1.3561816 1.4358053 0.0302790 0.0301062 0.0302860 0.0307776 0.0331381 0.0340128 0.0325685 0.0304137 0.0014961 0.0014443 0.0010828 0.0010824 0.0009783 0.0004118 0.0000515 0.0000515 0.0001029 0.0000000 0.0000010 0.0001029 0.0001029 0.0001544 0.0001029 0.0002059 0.0001029 0.0001029 0.0001544 0.0001544 0.0001544 0.0002059 0.0002059 0.0002059 0.0002573 0.0002059 0.0001029 0.0002573 0.0002573 0.0002059 0.0003088 0.0004632 0.0004632 0.0004632 0.0003088 0.0004118 0.0003088 0.0002573 0.0002573 0.0003603 0.0003603 0.0004632 0.0004632 0.0003603 0.0003088 0.0003088 0.0003603 0.0004118 0.0004118 0.0004118 0.0003088 0.0004118 0.0005662 0.0005662 0.0006692 0.0007207 0.0007722 0.0004118 0.0004118 0.0003603 0.0005662 0.0004632 0.0007722 0.0006177 0.0005662 0.0004632 0.0004632 0.0005147 0.0003603 0.0005148 0.0005148 0.0006177 0.0005147 0.0005662 0.0007722 0.0006177 0.0006177 0.0006177 0.0010309 2.0586912 2.0590727 
EBOV_H.sap-wt_SLE_14_Makona-NM042.3_KM233118               1.9394887 1.9474795 1.9478963 1.3561816 1.4358053 0.0302790 0.0301062 0.0302860 0.0307776 0.0331381 0.0340128 0.0325685 0.0304137 0.0014961 0.0014443 0.0010828 0.0010824 0.0009783 0.0004118 0.0000515 0.0000515 0.0001029 0.0000010 0.0000000 0.0001029 0.0001029 0.0001544 0.0001029 0.0002059 0.0001029 0.0001029 0.0001544 0.0001544 0.0001544 0.0002059 0.0002059 0.0002059 0.0002573 0.0002059 0.0001029 0.0002573 0.0002573 0.0002059 0.0003088 0.0004632 0.0004632 0.0004632 0.0003088 0.0004118 0.0003088 0.0002573 0.0002573 0.0003603 0.0003603 0.0004632 0.0004632 0.0003603 0.0003088 0.0003088 0.0003603 0.0004118 0.0004118 0.0004118 0.0003088 0.0004118 0.0005662 0.0005662 0.0006692 0.0007207 0.0007722 0.0004118 0.0004118 0.0003603 0.0005662 0.0004632 0.0007722 0.0006177 0.0005662 0.0004632 0.0004632 0.0005147 0.0003603 0.0005148 0.0005148 0.0006177 0.0005147 0.0005662 0.0007722 0.0006177 0.0006177 0.0006177 0.0010309 2.0586912 2.0590727 
EBOV_H.sap-wt_LBR_14_Makona-EM_080065_KR817232             1.9394332 1.9474243 1.9478412 1.3564191 1.4362819 0.0303911 0.0302183 0.0303981 0.0308898 0.0332510 0.0341260 0.0326813 0.0305257 0.0014961 0.0014443 0.0010828 0.0010824 0.0009783 0.0004118 0.0000515 0.0000515 0.0001029 0.0001029 0.0001029 0.0000000 0.0001029 0.0001544 0.0001029 0.0002059 0.0001029 0.0001029 0.0001544 0.0001544 0.0001544 0.0002059 0.0002059 0.0002059 0.0002573 0.0001029 0.0002059 0.0002573 0.0002573 0.0002059 0.0003088 0.0004632 0.0004632 0.0004632 0.0003088 0.0004118 0.0003088 0.0002573 0.0002573 0.0003603 0.0003603 0.0004632 0.0004632 0.0003603 0.0003088 0.0003088 0.0003603 0.0003088 0.0004118 0.0004118 0.0003088 0.0004118 0.0005662 0.0005662 0.0006692 0.0007207 0.0007722 0.0004118 0.0004118 0.0003603 0.0005662 0.0004632 0.0007722 0.0006177 0.0005662 0.0004632 0.0004632 0.0005147 0.0003603 0.0005148 0.0005148 0.0006177 0.0005147 0.0005662 0.0007722 0.0006177 0.0006177 0.0006177 0.0010309 2.0585578 2.0589392 
EBOV_H.sap-wt_GIN_14_Makona-Macenta-EM_076322_KR817145     1.9392192 1.9472093 1.9476263 1.3566121 1.4357897 0.0303907 0.0302179 0.0303977 0.0308894 0.0332506 0.0341255 0.0326809 0.0305253 0.0014961 0.0014443 0.0010828 0.0010824 0.0009783 0.0004118 0.0000515 0.0000515 0.0001029 0.0001029 0.0001029 0.0001029 0.0000000 0.0001544 0.0001029 0.0002059 0.0001029 0.0001029 0.0001544 0.0001544 0.0001544 0.0002059 0.0002059 0.0002059 0.0002573 0.0002059 0.0002059 0.0002573 0.0002573 0.0002059 0.0003088 0.0004632 0.0004632 0.0004632 0.0003088 0.0004118 0.0003088 0.0002573 0.0002573 0.0003603 0.0003603 0.0004632 0.0004632 0.0003603 0.0003088 0.0003088 0.0003603 0.0004118 0.0004118 0.0004118 0.0003088 0.0004118 0.0005662 0.0005662 0.0006692 0.0007207 0.0007722 0.0004118 0.0004118 0.0003603 0.0005662 0.0004632 0.0007722 0.0006177 0.0005662 0.0004632 0.0004632 0.0005147 0.0003603 0.0005148 0.0005148 0.0006177 0.0005147 0.0005662 0.0007722 0.0006177 0.0006177 0.0006177 0.0010309 2.0592600 2.0596414 
EBOV_H.sap-wt_SLE_14_Makona-G3770.2_KM233070               1.9387877 1.9469614 1.9471939 1.3563948 1.4355008 0.0304475 0.0302746 0.0304545 0.0309463 0.0333079 0.0341830 0.0327381 0.0305821 0.0015478 0.0014960 0.0011344 0.0011340 0.0010298 0.0004632 0.0001029 0.0001029 0.0001544 0.0001544 0.0001544 0.0001544 0.0001544 0.0000000 0.0001544 0.0002573 0.0001544 0.0001544 0.0002059 0.0002059 0.0002059 0.0002573 0.0002573 0.0002573 0.0003088 0.0002573 0.0002573 0.0003088 0.0003088 0.0002573 0.0003603 0.0005147 0.0005147 0.0005147 0.0003603 0.0004632 0.0003603 0.0003088 0.0003088 0.0004118 0.0004118 0.0005147 0.0005147 0.0004118 0.0003603 0.0003603 0.0004118 0.0004632 0.0004632 0.0004632 0.0003603 0.0004632 0.0006177 0.0006177 0.0007207 0.0007722 0.0008238 0.0004632 0.0004632 0.0004118 0.0006177 0.0005147 0.0008238 0.0006692 0.0006177 0.0005147 0.0005147 0.0005662 0.0004118 0.0005663 0.0005663 0.0006692 0.0005662 0.0005147 0.0008238 0.0006692 0.0006692 0.0006692 0.0010825 2.0592908 2.0596723 
EBOV_H.sap-wt_SLE_14_Makona-G3827_KM233101                 1.9383742 1.9463601 1.9467774 1.3568371 1.4354672 0.0303924 0.0302195 0.0303993 0.0308911 0.0332524 0.0341274 0.0326826 0.0305270 0.0014961 0.0014444 0.0010828 0.0010824 0.0009783 0.0004118 0.0000515 0.0000515 0.0001029 0.0001029 0.0001029 0.0001029 0.0001029 0.0001544 0.0000000 0.0002059 0.0001029 0.0001029 0.0001544 0.0001544 0.0001544 0.0002059 0.0002059 0.0002059 0.0002573 0.0002059 0.0002059 0.0002573 0.0002573 0.0002059 0.0003088 0.0004632 0.0004632 0.0004632 0.0003088 0.0004118 0.0003088 0.0002573 0.0002573 0.0003603 0.0003603 0.0004632 0.0004632 0.0003603 0.0003088 0.0003088 0.0003603 0.0004118 0.0004118 0.0004118 0.0003088 0.0004118 0.0005662 0.0005662 0.0006692 0.0007207 0.0007722 0.0004118 0.0004118 0.0003603 0.0005662 0.0004632 0.0007722 0.0006177 0.0005662 0.0004632 0.0004632 0.0005147 0.0003603 0.0005148 0.0005148 0.0006177 0.0005147 0.0005662 0.0007722 0.0006177 0.0006177 0.0006177 0.0010310 2.0581698 2.0585511 
EBOV_H.sap-wt_SLE_14_Makona-Kenema-20140590_KR653278       1.9392322 1.9472247 1.9476417 1.3557067 1.4352938 0.0303924 0.0302195 0.0303993 0.0308911 0.0331995 0.0340744 0.0326826 0.0305270 0.0015996 0.0015478 0.0011861 0.0011857 0.0010824 0.0005147 0.0001544 0.0001544 0.0002059 0.0002059 0.0002059 0.0002059 0.0002059 0.0002573 0.0002059 0.0000000 0.0001029 0.0001029 0.0001544 0.0001544 0.0001544 0.0002059 0.0002059 0.0003088 0.0002573 0.0003088 0.0003088 0.0003603 0.0003603 0.0003088 0.0004118 0.0005662 0.0005662 0.0004632 0.0003088 0.0005147 0.0004118 0.0003603 0.0003603 0.0003603 0.0004632 0.0005662 0.0005662 0.0004632 0.0004118 0.0004118 0.0004632 0.0005147 0.0005147 0.0005147 0.0004118 0.0005147 0.0006692 0.0006692 0.0007722 0.0008238 0.0008753 0.0004118 0.0005147 0.0004632 0.0006692 0.0005662 0.0008753 0.0007207 0.0006692 0.0005662 0.0005662 0.0006177 0.0003603 0.0005148 0.0005148 0.0006177 0.0005147 0.0006692 0.0008753 0.0007207 0.0006177 0.0006177 0.0011342 2.0580835 2.0584647 
EBOV_H.sap-wt_SLE_14_Makona-G3825.1_KM233098               1.9399485 1.9479433 1.9483600 1.3559503 1.4354672 0.0303924 0.0302195 0.0303993 0.0308911 0.0331995 0.0340744 0.0326826 0.0305270 0.0014961 0.0014444 0.0010828 0.0010824 0.0009783 0.0004118 0.0000515 0.0000515 0.0001029 0.0001029 0.0001029 0.0001029 0.0001029 0.0001544 0.0001029 0.0001029 0.0000000 0.0000010 0.0000515 0.0000515 0.0000515 0.0001029 0.0001029 0.0002059 0.0001544 0.0002059 0.0002059 0.0002573 0.0002573 0.0002059 0.0003088 0.0004632 0.0004632 0.0003603 0.0002059 0.0004118 0.0003088 0.0002573 0.0002573 0.0002573 0.0003603 0.0004632 0.0004632 0.0003603 0.0003088 0.0003088 0.0003603 0.0004118 0.0004118 0.0004118 0.0003088 0.0004118 0.0005662 0.0005662 0.0006692 0.0007207 0.0007722 0.0003088 0.0004118 0.0003603 0.0005662 0.0004632 0.0007722 0.0006177 0.0005662 0.0004632 0.0004632 0.0005147 0.0002573 0.0004118 0.0004118 0.0005147 0.0004118 0.0005662 0.0007722 0.0006177 0.0005147 0.0005147 0.0010310 2.0581698 2.0585511 
EBOV_H.sap-wt_SLE_14_Makona-G5296_1_KR105303               1.9399485 1.9479433 1.9483600 1.3559503 1.4354672 0.0303924 0.0302195 0.0303993 0.0308911 0.0331995 0.0340744 0.0326826 0.0305270 0.0014961 0.0014444 0.0010828 0.0010824 0.0009783 0.0004118 0.0000515 0.0000515 0.0001029 0.0001029 0.0001029 0.0001029 0.0001029 0.0001544 0.0001029 0.0001029 0.0000010 0.0000000 0.0000515 0.0000515 0.0000515 0.0001029 0.0001029 0.0002059 0.0001544 0.0002059 0.0002059 0.0002573 0.0002573 0.0002059 0.0003088 0.0004632 0.0004632 0.0003603 0.0002059 0.0004118 0.0003088 0.0002573 0.0002573 0.0002573 0.0003603 0.0004632 0.0004632 0.0003603 0.0003088 0.0003088 0.0003603 0.0004118 0.0004118 0.0004118 0.0003088 0.0004118 0.0005662 0.0005662 0.0006692 0.0007207 0.0007722 0.0003088 0.0004118 0.0003603 0.0005662 0.0004632 0.0007722 0.0006177 0.0005662 0.0004632 0.0004632 0.0005147 0.0002573 0.0004118 0.0004118 0.0005147 0.0004118 0.0005662 0.0007722 0.0006177 0.0005147 0.0005147 0.0010310 2.0581698 2.0585511 
EBOV_H.sap-wt_SLE_14_Makona-G4748_1_KR105270               1.9396307 1.9476246 1.9480414 1.3557067 1.4352139 0.0303361 0.0301633 0.0303431 0.0308348 0.0331428 0.0340176 0.0326260 0.0304708 0.0015479 0.0014961 0.0011345 0.0011340 0.0010298 0.0004632 0.0001029 0.0001029 0.0001544 0.0001544 0.0001544 0.0001544 0.0001544 0.0002059 0.0001544 0.0001544 0.0000515 0.0000515 0.0000000 0.0001029 0.0001029 0.0001544 0.0001544 0.0002573 0.0002059 0.0002573 0.0002573 0.0003088 0.0003088 0.0002573 0.0003603 0.0005147 0.0005147 0.0004118 0.0002573 0.0004632 0.0003603 0.0003088 0.0003088 0.0003088 0.0004118 0.0005147 0.0005147 0.0004118 0.0003603 0.0003603 0.0004118 0.0004632 0.0004632 0.0004632 0.0003603 0.0004632 0.0006177 0.0006177 0.0007207 0.0007722 0.0008238 0.0003603 0.0004632 0.0004118 0.0006177 0.0005147 0.0008238 0.0006692 0.0006177 0.0005147 0.0005147 0.0005662 0.0003088 0.0004633 0.0004633 0.0005662 0.0004632 0.0006177 0.0008238 0.0006692 0.0005662 0.0005662 0.0010826 2.0579263 2.0583075 
EBOV_H.sap-wt_SLE_14_Makona-Bombali-J0022_KP759757         1.9396733 1.9476674 1.9480843 1.3557351 1.4355921 0.0304488 0.0302759 0.0304558 0.0309475 0.0332564 0.0341315 0.0327394 0.0305833 0.0015478 0.0014961 0.0011345 0.0011340 0.0010298 0.0004632 0.0001029 0.0001029 0.0001544 0.0001544 0.0001544 0.0001544 0.0001544 0.0002059 0.0001544 0.0001544 0.0000515 0.0000515 0.0001029 0.0000000 0.0000010 0.0001544 0.0001544 0.0002573 0.0002059 0.0002573 0.0002573 0.0003088 0.0003088 0.0002573 0.0003603 0.0005147 0.0005147 0.0004118 0.0002573 0.0004632 0.0003603 0.0003088 0.0003088 0.0003088 0.0004118 0.0005147 0.0005147 0.0004118 0.0003603 0.0003603 0.0004118 0.0004632 0.0004632 0.0004632 0.0003603 0.0004632 0.0006177 0.0006177 0.0007207 0.0007722 0.0008238 0.0003603 0.0004632 0.0004118 0.0006177 0.0005147 0.0008238 0.0006692 0.0006177 0.0005147 0.0005147 0.0005662 0.0003088 0.0004633 0.0004633 0.0005662 0.0004632 0.0006177 0.0008238 0.0006692 0.0005662 0.0005662 0.0010826 2.0581550 2.0585363 
EBOV_H.sap-wt_SLE_14_Makona-Bombali-J0019_KP759754         1.9396733 1.9476674 1.9480843 1.3557351 1.4355921 0.0304488 0.0302759 0.0304558 0.0309475 0.0332564 0.0341315 0.0327394 0.0305833 0.0015478 0.0014961 0.0011345 0.0011340 0.0010298 0.0004632 0.0001029 0.0001029 0.0001544 0.0001544 0.0001544 0.0001544 0.0001544 0.0002059 0.0001544 0.0001544 0.0000515 0.0000515 0.0001029 0.0000010 0.0000000 0.0001544 0.0001544 0.0002573 0.0002059 0.0002573 0.0002573 0.0003088 0.0003088 0.0002573 0.0003603 0.0005147 0.0005147 0.0004118 0.0002573 0.0004632 0.0003603 0.0003088 0.0003088 0.0003088 0.0004118 0.0005147 0.0005147 0.0004118 0.0003603 0.0003603 0.0004118 0.0004632 0.0004632 0.0004632 0.0003603 0.0004632 0.0006177 0.0006177 0.0007207 0.0007722 0.0008238 0.0003603 0.0004632 0.0004118 0.0006177 0.0005147 0.0008238 0.0006692 0.0006177 0.0005147 0.0005147 0.0005662 0.0003088 0.0004633 0.0004633 0.0005662 0.0004632 0.0006177 0.0008238 0.0006692 0.0005662 0.0005662 0.0010826 2.0581550 2.0585363 
EBOV_H.sap-wt_SLE_14_Makona-PortLoko-20140024_KR653252     1.9396458 1.9476401 1.9480570 1.3561412 1.4354672 0.0305046 0.0303317 0.0305116 0.0310034 0.0333126 0.0341879 0.0327956 0.0306392 0.0015995 0.0015477 0.0011861 0.0011857 0.0010824 0.0005147 0.0001544 0.0001544 0.0002059 0.0002059 0.0002059 0.0002059 0.0002059 0.0002573 0.0002059 0.0002059 0.0001029 0.0001029 0.0001544 0.0001544 0.0001544 0.0000000 0.0002059 0.0003088 0.0002573 0.0003088 0.0003088 0.0003603 0.0003603 0.0003088 0.0004118 0.0005662 0.0005662 0.0004632 0.0003088 0.0005147 0.0004118 0.0003603 0.0003603 0.0002573 0.0004632 0.0005662 0.0005662 0.0004632 0.0004118 0.0004118 0.0004632 0.0005147 0.0005147 0.0005147 0.0004118 0.0005147 0.0006692 0.0006692 0.0007722 0.0008238 0.0008753 0.0004118 0.0005147 0.0004632 0.0006692 0.0005662 0.0008753 0.0007207 0.0006692 0.0005662 0.0005662 0.0006177 0.0001544 0.0003088 0.0003088 0.0006177 0.0005147 0.0006692 0.0008753 0.0007207 0.0005147 0.0006177 0.0011342 2.0580539 2.0584352 
EBOV_H.sap-wt_SLE_14_Makona-Kenema-G4730_1_KR105268        1.9403636 1.9483597 1.9487761 1.3559219 1.4350890 0.0305049 0.0303319 0.0305119 0.0310037 0.0333129 0.0341881 0.0327959 0.0306394 0.0015995 0.0015477 0.0011861 0.0011857 0.0010824 0.0005147 0.0001544 0.0001544 0.0002059 0.0002059 0.0002059 0.0002059 0.0002059 0.0002573 0.0002059 0.0002059 0.0001029 0.0001029 0.0001544 0.0001544 0.0001544 0.0002059 0.0000000 0.0003088 0.0002573 0.0003088 0.0003088 0.0003603 0.0003603 0.0003088 0.0004118 0.0005662 0.0005662 0.0004632 0.0003088 0.0005147 0.0004118 0.0003603 0.0003603 0.0003603 0.0004632 0.0005662 0.0005662 0.0004632 0.0004118 0.0004118 0.0004632 0.0005147 0.0005147 0.0005147 0.0004118 0.0005147 0.0006692 0.0006692 0.0007722 0.0008238 0.0008753 0.0004118 0.0005147 0.0004632 0.0006692 0.0005662 0.0008753 0.0007207 0.0006692 0.0005662 0.0005662 0.0006177 0.0003603 0.0005148 0.0005148 0.0006177 0.0005147 0.0006692 0.0008753 0.0007207 0.0006177 0.0006177 0.0011342 2.0575466 2.0579279 
EBOV_H.sap-wt_SLE_14_Makona-G3949_1_KR105209               1.9398298 1.9478217 1.9482383 1.3566592 1.4359546 0.0304445 0.0302716 0.0304515 0.0309432 0.0333046 0.0341796 0.0327348 0.0305791 0.0015995 0.0015477 0.0011861 0.0011856 0.0010824 0.0005147 0.0001544 0.0001544 0.0002059 0.0002059 0.0002059 0.0002059 0.0002059 0.0002573 0.0002059 0.0003088 0.0002059 0.0002059 0.0002573 0.0002573 0.0002573 0.0003088 0.0003088 0.0000000 0.0003603 0.0003088 0.0003088 0.0003603 0.0003603 0.0003088 0.0004118 0.0005662 0.0005662 0.0005662 0.0004118 0.0005147 0.0004118 0.0003603 0.0003603 0.0004632 0.0004632 0.0005662 0.0005662 0.0004632 0.0004118 0.0004118 0.0004632 0.0005147 0.0005147 0.0005147 0.0004118 0.0005147 0.0006692 0.0006692 0.0007722 0.0008238 0.0008753 0.0005147 0.0005147 0.0004632 0.0006692 0.0005662 0.0008753 0.0007207 0.0006692 0.0005662 0.0005662 0.0006177 0.0004633 0.0006178 0.0006178 0.0007207 0.0006177 0.0006692 0.0008753 0.0007207 0.0007207 0.0007207 0.0011342 2.0596264 2.0600079 
EBOV_H.sap-wt_SLE_14_Makona-Kailahun-G4255_1_KR105226      1.9397179 1.9477117 1.9481285 1.3557067 1.4357901 0.0304484 0.0302755 0.0304553 0.0309471 0.0333698 0.0342452 0.0328526 0.0306958 0.0016513 0.0015994 0.0012378 0.0012373 0.0011340 0.0005662 0.0002059 0.0002059 0.0002573 0.0002573 0.0002573 0.0002573 0.0002573 0.0003088 0.0002573 0.0002573 0.0001544 0.0001544 0.0002059 0.0002059 0.0002059 0.0002573 0.0002573 0.0003603 0.0000000 0.0003603 0.0003603 0.0004118 0.0004118 0.0003603 0.0004632 0.0006177 0.0006177 0.0005147 0.0003603 0.0005662 0.0004632 0.0004118 0.0004118 0.0004118 0.0005147 0.0006177 0.0006177 0.0005147 0.0004632 0.0004632 0.0005147 0.0005662 0.0005662 0.0005662 0.0004632 0.0005662 0.0007207 0.0007207 0.0008238 0.0008753 0.0009268 0.0004632 0.0005662 0.0005147 0.0007207 0.0006177 0.0009268 0.0007722 0.0007207 0.0006177 0.0006177 0.0006692 0.0004118 0.0005663 0.0005663 0.0006692 0.0005662 0.0007207 0.0009268 0.0007722 0.0006692 0.0006692 0.0011858 2.0578399 2.0582212 
EBOV_H.sap-wt_LBR_14_Makona-Foya-EM_074720_KR817125        1.9404763 1.9484729 1.9488893 1.3558074 1.4369939 0.0305078 0.0303349 0.0305148 0.0310067 0.0333690 0.0342444 0.0327990 0.0306424 0.0015997 0.0015479 0.0011862 0.0011858 0.0010825 0.0005147 0.0001544 0.0001544 0.0002059 0.0002059 0.0002059 0.0001029 0.0002059 0.0002573 0.0002059 0.0003088 0.0002059 0.0002059 0.0002573 0.0002573 0.0002573 0.0003088 0.0003088 0.0003088 0.0003603 0.0000000 0.0003088 0.0003603 0.0003603 0.0003088 0.0004118 0.0005662 0.0005662 0.0005662 0.0004118 0.0005147 0.0004118 0.0003603 0.0003603 0.0004632 0.0004632 0.0005662 0.0005662 0.0004632 0.0004118 0.0004118 0.0004632 0.0004118 0.0005147 0.0005147 0.0004118 0.0005147 0.0006692 0.0006692 0.0007722 0.0008238 0.0008753 0.0005147 0.0005147 0.0004632 0.0006692 0.0005662 0.0008753 0.0007207 0.0006692 0.0005662 0.0005662 0.0006177 0.0004633 0.0006178 0.0006178 0.0007207 0.0006177 0.0006692 0.0008753 0.0007207 0.0007207 0.0007207 0.0011343 2.0599579 2.0603395 
