96
RESTV_M.fas-tc_USA_89_Philippines89-Pennsylvania_NC_004161 0.0000000 0.0256085 0.0346079 1.8645224 1.8644391 2.1183178 2.1985159 1.8807520 1.8817898 1.8795007 1.8839041 1.8992439 1.8981660 1.8979735 1.8985996 1.8995015 1.8980452 1.8984938 1.8990864 1.8987987 1.8980088 1.8981080 1.9008749 1.8978633 1.8978633 1.9000033 1.9009874 1.9027934 1.8998086 1.8995491 1.8992783 1.8996455 1.8979424 1.8977238 1.8982253 1.8979545 1.8979665 1.8977349 1.8988758 1.8976455 1.8989799 1.8989799 1.8975134 1.8976939 1.8985770 1.8990048 1.8976939 1.8981424 1.8972363 1.8964935 1.8967149 1.8984900 1.8976037 1.8979154 1.8963483 1.8965462 1.8969226 1.8971333 1.8964505 1.8966811 1.8974795 1.8978046 1.8953561 1.8978186 1.8967751 1.8970968 1.8971258 1.8980828 1.8974387 1.8978916 1.8966811 1.8973090 1.8973090 1.8980448 1.8978622 1.8991892 1.8989822 1.8987713 1.8980081 1.8975855 1.8978563 1.8982668 1.8986466 1.8987302 1.8985755 1.8983829 1.8976821 1.8976821 1.8974636 1.8993103 1.8998450 1.9009110 1.8964601 1.8974114 1.8967683 1.8993216 
RESTV_S.dom-tc_PHL_08_Reston08-A_FJ621583                  0.0256085 0.0000000 0.0511470 1.8770166 1.8769330 2.1451039 2.2121208 1.9113776 1.9124354 1.9101052 1.9145876 1.9349807 1.9334422 1.9336615 1.9342820 1.9352074 1.9335241 1.9339771 1.9345856 1.9342853 1.9330305 1.9335910 1.9364364 1.9333436 1.9333436 1.9355131 1.9364887 1.9384032 1.9353142 1.9350553 1.9347825 1.9351696 1.9334241 1.9332063 1.9337108 1.9334380 1.9334519 1.9332003 1.9343638 1.9331147 1.9344820 1.9344820 1.9329761 1.9331590 1.9340639 1.9344932 1.9331590 1.9336119 1.9326987 1.9321448 1.9323688 1.9339778 1.9330692 1.9333831 1.9319928 1.9321940 1.9323637 1.9325898 1.9318893 1.9321208 1.9329382 1.9332800 1.9307834 1.9332798 1.9322301 1.9325516 1.9325790 1.9329308 1.9322833 1.9335829 1.9321208 1.9321450 1.9321450 1.9335252 1.9333390 1.9346864 1.9349178 1.9342733 1.9334894 1.9328523 1.9331251 1.9337483 1.9341285 1.9326440 1.9340558 1.9340775 1.9333593 1.9333593 1.9331416 1.9350310 1.9355695 1.9366075 1.9265052 1.9276820 1.9265832 1.9307718 
RESTV_S.dom-xx_PHL_08_Reston08-C_FJ621584                  0.0346079 0.0511470 0.0000000 1.8821559 1.8821227 2.1285022 2.2087512 1.8919313 1.8929731 1.8909336 1.8946394 1.9126985 1.9107424 1.9102923 1.9111621 1.9120689 1.9110155 1.9108516 1.9113982 1.9111565 1.9103680 1.9104671 1.9133004 1.9102224 1.9102224 1.9119078 1.9133592 1.9151794 1.9121694 1.9119110 1.9116405 1.9120132 1.9103016 1.9100841 1.9105848 1.9103143 1.9103270 1.9100893 1.9112339 1.9102105 1.9113425 1.9113425 1.9100766 1.9100483 1.9109358 1.9119749 1.9100483 1.9104967 1.9100483 1.9088439 1.9090655 1.9108494 1.9105708 1.9102699 1.9111513 1.9093520 1.9092715 1.9094868 1.9088004 1.9090304 1.9098325 1.9099532 1.9074969 1.9099623 1.9089204 1.9092409 1.9092692 1.9104361 1.9097932 1.9102508 1.9090304 1.9096609 1.9096609 1.9104032 1.9100599 1.9117048 1.9108787 1.9111834 1.9104158 1.9104014 1.9106719 1.9106248 1.9110033 1.9095468 1.9109320 1.9109505 1.9106006 1.9106006 1.9100287 1.9118348 1.9120099 1.9130297 1.9068542 1.9091397 1.9079921 1.9110975 
SUDV_H.sap-xx_UGA_12_EboSud-603_KC545390                   1.8645224 1.8770166 1.8821559 0.0000000 0.0004091 2.1184656 2.1252528 1.8789847 1.8785141 1.8789046 1.8803308 1.8975366 1.8937112 1.8937651 1.8949636 1.8951499 1.8972507 1.8966252 1.8974557 1.8991493 1.8991871 1.8987216 1.8969523 1.8986653 1.8986653 1.8977155 1.8966923 1.8989368 1.8975221 1.8977182 1.8974502 1.9007584 1.9004224 1.9004622 1.9009587 1.9006906 1.9009587 1.8993039 1.8997791 1.8984059 1.9004333 1.9004333 1.8992919 1.8990671 1.8994832 1.8976884 1.8990671 1.8989534 1.8990671 1.9009318 1.9009439 1.9001131 1.8993770 1.8992865 1.8982874 1.8978839 1.8996656 1.9004825 1.8972260 1.8989714 1.8997629 1.9000141 1.8988708 1.8991823 1.8990507 1.8994775 1.8991025 1.9000559 1.8981591 1.8971942 1.8989218 1.8988845 1.8988845 1.8984047 1.8961554 1.8971019 1.8963445 1.8975976 1.8961446 1.8996142 1.8998336 1.8968038 1.8958648 1.8970663 1.8944867 1.8962716 1.8958349 1.8958349 1.8978433 1.8985548 1.8972632 1.8978144 1.8984219 1.8973526 1.8935373 1.8928395 
SUDV_H.sap-xx_UGA_12_EboSud-609_KC545391                   1.8644391 1.8769330 1.8821227 0.0004091 0.0000000 2.1189489 2.1256915 1.8805584 1.8800870 1.8804782 1.8819056 1.8991226 1.8952936 1.8953476 1.8965479 1.8967348 1.8988365 1.8982109 1.8990423 1.9007373 1.9007752 1.9003095 1.8985383 1.9002532 1.9002532 1.8993022 1.8982777 1.9005250 1.8991087 1.8993049 1.8990369 1.9023482 1.9020122 1.9020520 1.9025487 1.9022804 1.9025487 1.9008926 1.9013686 1.8999944 1.9020236 1.9020236 1.9008805 1.9006556 1.9010723 1.8992757 1.9006556 1.9005418 1.9006556 1.9025217 1.9025339 1.9017027 1.9009658 1.9008752 1.8998750 1.8994713 1.9012551 1.9020730 1.8988119 1.9005592 1.9013517 1.9016037 1.9004587 1.9007710 1.9006394 1.9010664 1.9006910 1.9016451 1.8997471 1.8987800 1.9005098 1.9004719 1.9004719 1.8999923 1.8977408 1.8986882 1.8979292 1.8991844 1.8977301 1.9012028 1.9014223 1.8983897 1.8974501 1.8986522 1.8960701 1.8978572 1.8974197 1.8974197 1.8994303 1.9001421 1.8988501 1.8994022 1.9002202 1.8991496 1.8953328 1.8944272 
TAFV_H.sap-tc_CIV_94_Pauleoula-CI_NC_014372                2.1183178 2.1451039 2.1285022 2.1184656 2.1189489 0.0000000 0.7835302 1.2608791 1.2606825 1.2602794 1.2618902 1.2903942 1.2934268 1.2906108 1.2885079 1.2892495 1.2880870 1.2892703 1.2886018 1.2887551 1.2891414 1.2883925 1.2903331 1.2891504 1.2891504 1.2886166 1.2890187 1.2902048 1.2886140 1.2890074 1.2887869 1.2894346 1.2884849 1.2886642 1.2884640 1.2884745 1.2884640 1.2886608 1.2890966 1.2886434 1.2890036 1.2890036 1.2884403 1.2887869 1.2893671 1.2886095 1.2887869 1.2888037 1.2888614 1.2895277 1.2895173 1.2894599 1.2889265 1.2890074 1.2905886 1.2896682 1.2905168 1.2896364 1.2895256 1.2896548 1.2900483 1.2905762 1.2918533 1.2903762 1.2906770 1.2905205 1.2903912 1.2896137 1.2898771 1.2894378 1.2894073 1.2885846 1.2885846 1.2893526 1.2896895 1.2910302 1.2914790 1.2891058 1.2893415 1.2887446 1.2884818 1.2890804 1.2888039 1.2906591 1.2894439 1.2892827 1.2894878 1.2894878 1.2903350 1.2902133 1.2917020 1.2924180 1.2727682 1.2744645 1.2832597 1.2812124 
BDBV_H.sap-xx_COD_12_EboBund-122_KC545395                  2.1985159 2.2121208 2.2087512 2.1252528 2.1256915 0.7835302 0.0000000 1.3295537 1.3293336 1.3301110 1.3307215 1.3490437 1.3492039 1.3466319 1.3481406 1.3476204 1.3452768 1.3457190 1.3452963 1.3442966 1.3452032 1.3448557 1.3453188 1.3448506 1.3448506 1.3450620 1.3455307 1.3458138 1.3446064 1.3450031 1.3452713 1.3450419 1.3446686 1.3450839 1.3448833 1.3448922 1.3451158 1.3454807 1.3457618 1.3465587 1.3439258 1.3439258 1.3450244 1.3452143 1.3455861 1.3454310 1.3452143 1.3452330 1.3452143 1.3456906 1.3458573 1.3459133 1.3451234 1.3454379 1.3459590 1.3460359 1.3466770 1.3469354 1.3454651 1.3453653 1.3454374 1.3464691 1.3476107 1.3456748 1.3452790 1.3454191 1.3452862 1.3457284 1.3445447 1.3438190 1.3450407 1.3434641 1.3434641 1.3439081 1.3465650 1.3457308 1.3465421 1.3445128 1.3456192 1.3461407 1.3463644 1.3455272 1.3456438 1.3463486 1.3462403 1.3454978 1.3466679 1.3466679 1.3481425 1.3495529 1.3468906 1.3465901 1.3498106 1.3520020 1.3559010 1.3536238 
EBOV_H.sap-tc_COD_07_1Luebo_KC242786                       1.8807520 1.9113776 1.8919313 1.8789847 1.8805584 1.2608791 1.3295537 0.0000000 0.0001033 0.0004131 0.0007243 0.0304674 0.0304565 0.0300126 0.0300571 0.0300533 0.0304042 0.0298395 0.0301208 0.0301213 0.0302335 0.0300650 0.0302965 0.0301776 0.0301776 0.0300642 0.0304617 0.0308005 0.0300647 0.0299527 0.0298967 0.0306897 0.0302388 0.0303507 0.0303511 0.0302950 0.0303511 0.0301881 0.0301885 0.0304188 0.0304746 0.0304746 0.0302446 0.0300104 0.0301243 0.0303490 0.0300104 0.0301222 0.0301224 0.0301836 0.0301271 0.0300752 0.0301232 0.0300665 0.0307464 0.0305726 0.0304703 0.0306411 0.0301839 0.0301805 0.0303492 0.0308571 0.0307498 0.0307511 0.0308099 0.0305824 0.0305260 0.0303646 0.0308075 0.0304108 0.0302402 0.0303519 0.0303519 0.0303516 0.0304041 0.0304695 0.0305270 0.0300722 0.0300082 0.0302956 0.0303518 0.0298957 0.0301206 0.0300736 0.0302356 0.0296722 0.0292754 0.0292754 0.0293953 0.0298421 0.0296782 0.0297916 0.0241643 0.0247780 0.0237744 0.0200555 
EBOV_H.sap-tc_COD_07_M-M_HQ613403                          1.8817898 1.9124354 1.8929731 1.8785141 1.8800870 1.2606825 1.3293336 0.0001033 0.0000000 0.0003098 0.0006198 0.0303537 0.0303427 0.0298990 0.0299435 0.0299397 0.0302905 0.0297259 0.0300072 0.0300076 0.0301198 0.0299514 0.0301828 0.0300639 0.0300639 0.0299506 0.0303480 0.0306867 0.0299511 0.0298392 0.0297831 0.0305759 0.0301252 0.0302370 0.0302374 0.0301813 0.0302374 0.0300744 0.0300749 0.0303050 0.0303608 0.0303608 0.0301309 0.0298968 0.0300107 0.0302353 0.0298968 0.0300086 0.0300088 0.0300699 0.0300135 0.0299616 0.0300095 0.0299529 0.0306325 0.0304588 0.0303565 0.0305273 0.0300702 0.0300669 0.0302355 0.0307432 0.0306360 0.0306373 0.0306960 0.0304686 0.0304122 0.0302509 0.0306936 0.0302970 0.0301265 0.0302382 0.0302382 0.0302379 0.0302904 0.0303557 0.0304132 0.0299585 0.0298946 0.0301820 0.0302381 0.0297822 0.0300070 0.0299600 0.0301220 0.0295587 0.0291620 0.0291620 0.0292819 0.0297286 0.0295647 0.0296781 0.0240527 0.0246662 0.0236630 0.0199454 
EBOV_H.sap-tc_COD_07_5Luebo_KC242790                       1.8795007 1.9101052 1.8909336 1.8789046 1.8804782 1.2602794 1.3301110 0.0004131 0.0003098 0.0000000 0.0009317 0.0307018 0.0306907 0.0302466 0.0302910 0.0302872 0.0306385 0.0300732 0.0303548 0.0303553 0.0304676 0.0302989 0.0305307 0.0304116 0.0304116 0.0302981 0.0306961 0.0310351 0.0302987 0.0301866 0.0301305 0.0309243 0.0304730 0.0305850 0.0305853 0.0305291 0.0305853 0.0304222 0.0304227 0.0306532 0.0307090 0.0307090 0.0304788 0.0302443 0.0303584 0.0305832 0.0302443 0.0303563 0.0303565 0.0304177 0.0303612 0.0303093 0.0303572 0.0303005 0.0309809 0.0308070 0.0307047 0.0308756 0.0304180 0.0304146 0.0305834 0.0310918 0.0309844 0.0309857 0.0310446 0.0308169 0.0307604 0.0305989 0.0310422 0.0306451 0.0304744 0.0305861 0.0305861 0.0305858 0.0306383 0.0307039 0.0307614 0.0303062 0.0302421 0.0305298 0.0305860 0.0301295 0.0303546 0.0303076 0.0304697 0.0299059 0.0295086 0.0295086 0.0296287 0.0300759 0.0299119 0.0300254 0.0243929 0.0250072 0.0240027 0.0202804 
EBOV_H.sap-tc_COD_08_034-KS_HQ613402                       1.8839041 1.9145876 1.8946394 1.8803308 1.8819056 1.2618902 1.3307215 0.0007243 0.0006198 0.0009317 0.0000000 0.0309915 0.0309804 0.0305358 0.0305802 0.0305763 0.0309281 0.0303623 0.0306442 0.0306446 0.0307570 0.0305882 0.0308202 0.0307010 0.0307010 0.0305874 0.0309857 0.0313251 0.0305879 0.0304758 0.0304196 0.0312142 0.0307625 0.0308745 0.0308749 0.0308187 0.0308749 0.0307117 0.0307122 0.0309429 0.0309988 0.0309988 0.0307683 0.0305336 0.0306477 0.0308727 0.0305336 0.0306456 0.0306458 0.0307071 0.0306505 0.0305986 0.0306465 0.0305898 0.0312709 0.0310967 0.0309944 0.0311655 0.0307074 0.0307040 0.0308730 0.0313818 0.0312744 0.0312757 0.0313347 0.0311067 0.0310502 0.0308887 0.0313322 0.0309347 0.0307638 0.0308757 0.0308757 0.0308754 0.0309279 0.0308813 0.0309389 0.0305955 0.0305313 0.0308194 0.0308756 0.0304186 0.0306439 0.0305970 0.0307592 0.0301948 0.0297972 0.0297972 0.0299174 0.0303650 0.0302009 0.0303145 0.0247383 0.0253534 0.0243475 0.0206198 
EBOV_H.sap-wt_GIN_14_Makona-Gueckedou-EM_080076_KR817235   1.8992439 1.9349807 1.9126985 1.8975366 1.8991226 1.2903942 1.3490437 0.0304674 0.0303537 0.0307018 0.0309915 0.0000000 0.0016563 0.0013970 0.0019679 0.0020715 0.0023316 0.0018122 0.0020718 0.0021757 0.0022796 0.0021238 0.0023321 0.0022277 0.0022277 0.0020198 0.0023837 0.0026958 0.0020198 0.0019160 0.0018641 0.0026959 0.0021760 0.0022799 0.0022799 0.0022280 0.0022799 0.0021759 0.0021759 0.0024881 0.0025401 0.0025401 0.0022278 0.0019680 0.0021758 0.0023837 0.0019680 0.0020718 0.0020719 0.0022280 0.0021761 0.0020206 0.0020719 0.0020199 0.0026439 0.0024875 0.0023844 0.0025406 0.0022281 0.0021239 0.0022798 0.0027478 0.0026442 0.0026444 0.0027484 0.0025924 0.0024364 0.0023324 0.0027477 0.0023321 0.0022278 0.0024880 0.0024880 0.0023323 0.0023316 0.0024883 0.0024365 0.0021756 0.0019679 0.0023839 0.0024358 0.0018641 0.0021756 0.0020721 0.0021758 0.0016566 0.0012934 0.0012934 0.0013974 0.0018644 0.0017607 0.0018645 0.0345373 0.0351226 0.0339111 0.0306914 
EBOV_H.sap-wt_GIN_14_Makona-Gueckedou-EM_079702_KR817210   1.8981660 1.9334422 1.9107424 1.8937112 1.8952936 1.2934268 1.3492039 0.0304565 0.0303427 0.0306907 0.0309804 0.0016563 0.0000000 0.0012929 0.0018635 0.0019670 0.0022270 0.0017078 0.0019673 0.0020712 0.0021750 0.0020193 0.0022274 0.0021231 0.0021231 0.0019153 0.0022790 0.0025909 0.0019154 0.0018116 0.0017597 0.0025910 0.0020714 0.0021752 0.0021753 0.0021233 0.0021753 0.0020713 0.0020713 0.0023833 0.0024353 0.0024353 0.0021232 0.0018636 0.0020713 0.0022790 0.0018636 0.0019673 0.0019673 0.0021234 0.0020715 0.0019160 0.0019674 0.0019155 0.0025391 0.0023828 0.0022797 0.0024357 0.0021235 0.0020194 0.0021751 0.0026429 0.0025393 0.0025395 0.0026435 0.0024875 0.0023316 0.0022277 0.0026428 0.0022274 0.0021232 0.0023833 0.0023833 0.0022276 0.0022270 0.0023835 0.0023317 0.0020711 0.0018635 0.0022792 0.0023311 0.0017597 0.0020710 0.0019676 0.0020712 0.0015523 0.0011884 0.0011884 0.0012933 0.0017600 0.0016563 0.0017601 0.0346389 0.0352730 0.0338988 0.0306803 
EBOV_H.sap-wt_GIN_14_Makona-Gueckedou-EM_079587_KR817202   1.8979735 1.9336615 1.9102923 1.8937651 1.8953476 1.2906108 1.3466319 0.0300126 0.0298990 0.0302466 0.0305358 0.0013970 0.0012929 0.0000000 0.0015004 0.0016039 0.0018635 0.0013449 0.0016041 0.0017079 0.0018116 0.0016560 0.0018639 0.0017597 0.0017597 0.0015522 0.0019155 0.0022270 0.0015522 0.0014486 0.0013967 0.0022272 0.0017081 0.0018118 0.0018118 0.0017599 0.0018118 0.0017080 0.0017080 0.0020196 0.0020716 0.0020716 0.0017599 0.0015005 0.0017079 0.0019154 0.0015005 0.0016041 0.0016041 0.0017600 0.0017081 0.0015528 0.0016042 0.0015523 0.0021753 0.0020192 0.0019160 0.0020719 0.0017601 0.0016561 0.0018117 0.0022790 0.0021755 0.0021756 0.0022795 0.0021237 0.0019679 0.0018641 0.0022789 0.0018639 0.0017598 0.0020196 0.0020196 0.0018641 0.0018635 0.0020198 0.0019680 0.0017078 0.0015004 0.0019156 0.0019675 0.0013967 0.0017078 0.0016043 0.0017079 0.0011895 0.0008265 0.0008265 0.0009299 0.0013970 0.0012934 0.0013971 0.0341899 0.0347098 0.0334505 0.0302355 
EBOV_H.sap-wt_GIN_14_Makona-Gueckedou-EM_079750_KR817213   1.8985996 1.9342820 1.9111621 1.8949636 1.8965479 1.2885079 1.3481406 0.0300571 0.0299435 0.0302910 0.0305802 0.0019679 0.0018635 0.0015004 0.0000000 0.0002065 0.0019156 0.0013969 0.0016561 0.0017599 0.0018637 0.0017081 0.0019160 0.0018118 0.0018118 0.0016042 0.0019676 0.0022792 0.0016042 0.0015006 0.0014487 0.0022794 0.0017601 0.0018639 0.0018639 0.0018120 0.0018639 0.0017600 0.0017601 0.0020718 0.0021237 0.0021237 0.0018119 0.0015525 0.0017600 0.0019676 0.0015525 0.0016562 0.0016562 0.0018121 0.0017602 0.0016048 0.0016562 0.0016043 0.0022275 0.0020713 0.0019682 0.0021241 0.0018122 0.0017081 0.0018638 0.0023312 0.0022277 0.0022278 0.0023317 0.0021759 0.0020201 0.0019162 0.0023311 0.0019160 0.0018119 0.0020717 0.0020717 0.0019162 0.0019156 0.0020720 0.0020202 0.0017598 0.0015524 0.0019677 0.0020196 0.0014487 0.0017598 0.0016564 0.0017600 0.0012415 0.0008782 0.0008782 0.0009826 0.0014490 0.0013453 0.0014491 0.0342336 0.0348669 0.0336082 0.0301678 
EBOV_H.sap-wt_GIN_14_Makona-Gueckedou-EM_079910_KR817221   1.8995015 1.9352074 1.9120689 1.8951499 1.8967348 1.2892495 1.3476204 0.0300533 0.0299397 0.0302872 0.0305763 0.0020715 0.0019670 0.0016039 0.0002065 0.0000000 0.0020192 0.0015003 0.0017596 0.0018635 0.0019672 0.0018116 0.0020196 0.0019153 0.0019153 0.0017077 0.0020711 0.0023828 0.0017077 0.0016040 0.0015522 0.0023830 0.0018637 0.0019674 0.0019675 0.0019156 0.0019675 0.0018636 0.0018636 0.0021754 0.0022273 0.0022273 0.0019155 0.0016560 0.0018635 0.0020711 0.0016560 0.0017597 0.0017597 0.0019156 0.0018637 0.0017083 0.0017597 0.0017078 0.0023310 0.0021749 0.0020718 0.0022277 0.0019157 0.0018117 0.0019673 0.0024348 0.0023313 0.0023314 0.0024354 0.0022795 0.0021237 0.0020198 0.0024347 0.0020196 0.0019154 0.0021753 0.0021753 0.0020198 0.0020192 0.0021755 0.0021237 0.0018634 0.0016559 0.0020713 0.0021232 0.0015522 0.0018633 0.0017599 0.0018635 0.0013449 0.0009816 0.0009816 0.0010860 0.0015525 0.0014488 0.0015526 0.0342889 0.0349223 0.0336634 0.0302227 
EBOV_H.sap-wt_LBR_14_Makona-LIBR0430_KR006955              1.8980452 1.9335241 1.9110155 1.8972507 1.8988365 1.2880870 1.3452768 0.0304042 0.0302905 0.0306385 0.0309281 0.0023316 0.0022270 0.0018635 0.0019156 0.0020192 0.0000000 0.0005165 0.0007748 0.0008782 0.0008782 0.0008265 0.0010862 0.0009299 0.0009299 0.0007232 0.0010850 0.0013968 0.0007232 0.0006198 0.0005681 0.0013968 0.0008782 0.0009816 0.0009816 0.0009299 0.0009816 0.0008782 0.0008782 0.0011897 0.0012415 0.0012415 0.0009299 0.0006715 0.0008782 0.0010850 0.0006715 0.0007748 0.0007748 0.0009299 0.0008782 0.0007232 0.0007748 0.0007232 0.0013451 0.0011894 0.0010862 0.0012417 0.0009299 0.0008265 0.0009816 0.0014486 0.0013452 0.0013453 0.0014489 0.0012934 0.0011380 0.0010344 0.0014486 0.0010343 0.0009299 0.0011897 0.0011897 0.0010344 0.0010333 0.0011898 0.0011381 0.0008782 0.0006715 0.0010850 0.0011378 0.0005681 0.0008782 0.0007748 0.0008782 0.0008782 0.0012414 0.0012414 0.0013453 0.0018122 0.0017084 0.0018123 0.0347006 0.0353349 0.0339603 0.0306280 
EBOV_H.sap-wt_SLE_14_Makona-G3734.1_KM233055               1.8984938 1.9339771 1.9108516 1.8966252 1.8982109 1.2892703 1.3457190 0.0298395 0.0297259 0.0300732 0.0303623 0.0018122 0.0017078 0.0013449 0.0013969 0.0015003 0.0005165 0.0000000 0.0002582 0.0003615 0.0004648 0.0003098 0.0005681 0.0004131 0.0004131 0.0002065 0.0005682 0.0008783 0.0002065 0.0001033 0.0000516 0.0008782 0.0003615 0.0004648 0.0004648 0.0004131 0.0004648 0.0003615 0.0003615 0.0006715 0.0007232 0.0007232 0.0004131 0.0001549 0.0003615 0.0005681 0.0001549 0.0002582 0.0002582 0.0004131 0.0003615 0.0002065 0.0002582 0.0002065 0.0008265 0.0006715 0.0005681 0.0007232 0.0004131 0.0003098 0.0004648 0.0009299 0.0008265 0.0008265 0.0009299 0.0007748 0.0006198 0.0005165 0.0009299 0.0005165 0.0004131 0.0006715 0.0006715 0.0005165 0.0005165 0.0006715 0.0006198 0.0003615 0.0001549 0.0005681 0.0006198 0.0000516 0.0003615 0.0002582 0.0003615 0.0003615 0.0007232 0.0007232 0.0008265 0.0012934 0.0011898 0.0012935 0.0341280 0.0347612 0.0333888 0.0300619 
EBOV_H.sap-wt_LBR_15_Makona-Liberia-DQE4_KR074998          1.8990864 1.9345856 1.9113982 1.8974557 1.8990423 1.2886018 1.3452963 0.0301208 0.0300072 0.0303548 0.0306442 0.0020718 0.0019673 0.0016041 0.0016561 0.0017596 0.0007748 0.0002582 0.0000000 0.0005165 0.0006198 0.0004648 0.0007232 0.0005681 0.0005681 0.0003615 0.0007232 0.0010333 0.0003615 0.0002582 0.0002065 0.0010333 0.0005165 0.0006198 0.0006198 0.0005681 0.0006198 0.0005165 0.0005165 0.0008265 0.0008782 0.0008782 0.0005681 0.0003098 0.0005165 0.0007232 0.0003098 0.0004131 0.0004131 0.0005681 0.0005165 0.0003615 0.0004131 0.0003615 0.0009816 0.0008265 0.0007232 0.0008782 0.0005681 0.0004648 0.0006198 0.0010850 0.0009816 0.0009816 0.0010861 0.0009299 0.0007748 0.0006715 0.0010850 0.0006715 0.0005681 0.0008265 0.0008265 0.0006715 0.0006715 0.0009299 0.0008782 0.0006198 0.0004131 0.0008265 0.0008782 0.0003098 0.0006198 0.0005165 0.0006198 0.0006198 0.0009816 0.0009816 0.0010862 0.0015527 0.0014490 0.0015528 0.0344132 0.0350469 0.0336734 0.0303440 
EBOV_H.sap-wt_GIN_14_Makona-Kankan-EM_078639_KR817166      1.8987987 1.9342853 1.9111565 1.8991493 1.9007373 1.2887551 1.3442966 0.0301213 0.0300076 0.0303553 0.0306446 0.0021757 0.0020712 0.0017079 0.0017599 0.0018635 0.0008782 0.0003615 0.0005165 0.0000000 0.0004131 0.0002582 0.0005165 0.0003615 0.0003615 0.0004648 0.0008266 0.0011368 0.0004648 0.0003615 0.0003098 0.0011377 0.0006198 0.0007232 0.0007232 0.0006715 0.0007232 0.0006198 0.0006198 0.0009299 0.0009816 0.0009816 0.0006715 0.0004131 0.0006198 0.0008265 0.0004131 0.0005165 0.0005165 0.0006715 0.0006198 0.0004648 0.0005165 0.0004648 0.0010850 0.0009299 0.0008265 0.0009827 0.0006715 0.0005681 0.0007232 0.0011895 0.0010861 0.0010862 0.0011898 0.0010344 0.0008782 0.0007748 0.0011894 0.0007748 0.0006715 0.0009299 0.0009299 0.0007748 0.0007748 0.0010344 0.0009827 0.0007232 0.0005165 0.0009299 0.0009816 0.0004131 0.0007232 0.0005681 0.0007232 0.0007232 0.0010850 0.0010850 0.0011899 0.0016565 0.0015528 0.0016566 0.0344136 0.0350474 0.0336739 0.0303444 
EBOV_H.sap-wt_GIN_14_Makona-Faranah-EM_078415_KR817160     1.8980088 1.9330305 1.9103680 1.8991871 1.9007752 1.2891414 1.3452032 0.0302335 0.0301198 0.0304676 0.0307570 0.0022796 0.0021750 0.0018116 0.0018637 0.0019672 0.0008782 0.0004648 0.0006198 0.0004131 0.0000000 0.0003615 0.0006198 0.0004648 0.0004648 0.0005681 0.0009299 0.0012413 0.0005681 0.0004648 0.0004131 0.0012413 0.0007232 0.0008265 0.0008265 0.0007748 0.0008265 0.0007232 0.0007232 0.0010333 0.0010860 0.0010860 0.0007748 0.0005165 0.0007232 0.0009299 0.0005165 0.0006198 0.0006198 0.0007748 0.0007232 0.0005681 0.0006198 0.0005681 0.0011896 0.0010333 0.0009299 0.0010862 0.0007748 0.0006715 0.0008265 0.0012931 0.0011897 0.0011898 0.0012934 0.0011379 0.0009816 0.0008782 0.0012930 0.0008782 0.0007748 0.0010333 0.0010333 0.0008782 0.0008782 0.0011380 0.0010347 0.0008265 0.0006198 0.0010333 0.0010850 0.0005165 0.0008265 0.0006715 0.0008265 0.0008265 0.0011895 0.0011895 0.0012935 0.0017602 0.0016565 0.0017603 0.0345273 0.0351612 0.0337873 0.0304568 
EBOV_H.sap-wt_GIN_14_Makona-Macenta-EM_076191_KR817141     1.8981080 1.9335910 1.9104671 1.8987216 1.9003095 1.2883925 1.3448557 0.0300650 0.0299514 0.0302989 0.0305882 0.0021238 0.0020193 0.0016560 0.0017081 0.0018116 0.0008265 0.0003098 0.0004648 0.0002582 0.0003615 0.0000000 0.0004648 0.0003098 0.0003098 0.0004131 0.0007749 0.0010850 0.0004131 0.0003098 0.0002582 0.0010850 0.0005681 0.0006715 0.0006715 0.0006198 0.0006715 0.0005681 0.0005681 0.0008782 0.0009299 0.0009299 0.0006198 0.0003615 0.0005681 0.0007748 0.0003615 0.0004648 0.0004648 0.0006198 0.0005681 0.0004131 0.0004648 0.0004131 0.0010333 0.0008782 0.0007748 0.0009299 0.0006198 0.0005165 0.0006715 0.0011367 0.0010343 0.0010344 0.0011379 0.0009816 0.0008265 0.0007232 0.0011367 0.0007232 0.0006198 0.0008782 0.0008782 0.0007232 0.0007232 0.0009826 0.0009299 0.0006715 0.0004648 0.0008782 0.0009299 0.0003615 0.0006715 0.0005165 0.0006715 0.0006715 0.0010333 0.0010333 0.0011380 0.0016046 0.0015009 0.0016047 0.0343566 0.0349903 0.0336170 0.0302880 
EBOV_H.sap-wt_GIN_14_Makona-Beyla-EM_075931_KR817138       1.9008749 1.9364364 1.9133004 1.8969523 1.8985383 1.2903331 1.3453188 0.0302965 0.0301828 0.0305307 0.0308202 0.0023321 0.0022274 0.0018639 0.0019160 0.0020196 0.0010862 0.0005681 0.0007232 0.0005165 0.0006198 0.0004648 0.0000000 0.0005681 0.0005681 0.0006715 0.0010344 0.0013453 0.0006715 0.0005681 0.0005165 0.0013454 0.0008265 0.0009299 0.0009309 0.0008782 0.0009309 0.0008265 0.0008265 0.0011382 0.0011900 0.0011900 0.0008782 0.0006198 0.0008265 0.0010344 0.0006198 0.0007232 0.0007232 0.0008782 0.0008265 0.0006715 0.0007232 0.0006715 0.0011899 0.0010344 0.0009311 0.0010866 0.0008782 0.0007748 0.0009299 0.0013971 0.0012937 0.0012938 0.0013975 0.0012419 0.0010865 0.0009829 0.0013971 0.0009828 0.0008782 0.0011382 0.0011382 0.0009829 0.0009816 0.0012420 0.0011902 0.0009299 0.0007232 0.0011381 0.0011899 0.0006198 0.0009299 0.0007748 0.0009299 0.0009299 0.0012416 0.0012416 0.0013456 0.0018125 0.0017088 0.0018126 0.0345921 0.0352263 0.0338519 0.0305200 
EBOV_H.sap-wt_GIN_14_Makona-Kissidougou-EM_078694_KR817171 1.8978633 1.9333436 1.9102224 1.8986653 1.9002532 1.2891504 1.3448506 0.0301776 0.0300639 0.0304116 0.0307010 0.0022277 0.0021231 0.0017597 0.0018118 0.0019153 0.0009299 0.0004131 0.0005681 0.0003615 0.0004648 0.0003098 0.0005681 0.0000000 0.0000010 0.0005165 0.0008783 0.0011895 0.0005165 0.0004131 0.0003615 0.0011895 0.0006715 0.0007748 0.0007748 0.0007232 0.0007748 0.0006715 0.0006715 0.0009816 0.0010333 0.0010333 0.0007232 0.0004648 0.0006715 0.0008782 0.0004648 0.0005681 0.0005681 0.0007232 0.0006715 0.0005165 0.0005681 0.0005165 0.0011378 0.0009816 0.0008782 0.0010345 0.0007232 0.0006198 0.0007748 0.0012413 0.0011379 0.0011380 0.0012416 0.0010862 0.0009299 0.0008265 0.0012412 0.0008265 0.0007232 0.0009816 0.0009816 0.0008265 0.0008265 0.0010862 0.0010345 0.0007748 0.0005681 0.0009816 0.0010333 0.0004648 0.0007748 0.0006198 0.0007748 0.0007748 0.0011378 0.0011378 0.0012417 0.0017084 0.0016047 0.0017085 0.0344707 0.0351045 0.0337308 0.0304008 
EBOV_H.sap-wt_GIN_14_Makona-Kissidougou-EM_078722_KR817175 1.8978633 1.9333436 1.9102224 1.8986653 1.9002532 1.2891504 1.3448506 0.0301776 0.0300639 0.0304116 0.0307010 0.0022277 0.0021231 0.0017597 0.0018118 0.0019153 0.0009299 0.0004131 0.0005681 0.0003615 0.0004648 0.0003098 0.0005681 0.0000010 0.0000000 0.0005165 0.0008783 0.0011895 0.0005165 0.0004131 0.0003615 0.0011895 0.0006715 0.0007748 0.0007748 0.0007232 0.0007748 0.0006715 0.0006715 0.0009816 0.0010333 0.0010333 0.0007232 0.0004648 0.0006715 0.0008782 0.0004648 0.0005681 0.0005681 0.0007232 0.0006715 0.0005165 0.0005681 0.0005165 0.0011378 0.0009816 0.0008782 0.0010345 0.0007232 0.0006198 0.0007748 0.0012413 0.0011379 0.0011380 0.0012416 0.0010862 0.0009299 0.0008265 0.0012412 0.0008265 0.0007232 0.0009816 0.0009816 0.0008265 0.0008265 0.0010862 0.0010345 0.0007748 0.0005681 0.0009816 0.0010333 0.0004648 0.0007748 0.0006198 0.0007748 0.0007748 0.0011378 0.0011378 0.0012417 0.0017084 0.0016047 0.0017085 0.0344707 0.0351045 0.0337308 0.0304008 
EBOV_H.sap-wt_LBR_14_Makona-LIBR0505_KR006957              1.9000033 1.9355131 1.9119078 1.8977155 1.8993022 1.2886166 1.3450620 0.0300642 0.0299506 0.0302981 0.0305874 0.0020198 0.0019153 0.0015522 0.0016042 0.0017077 0.0007232 0.0002065 0.0003615 0.0004648 0.0005681 0.0004131 0.0006715 0.0005165 0.0005165 0.0000000 0.0006715 0.0009816 0.0003098 0.0002065 0.0001549 0.0009816 0.0004648 0.0005681 0.0005681 0.0005165 0.0005681 0.0004648 0.0004648 0.0007748 0.0008265 0.0008265 0.0005165 0.0002582 0.0004648 0.0006715 0.0002582 0.0003615 0.0003615 0.0005165 0.0004648 0.0003098 0.0003615 0.0003098 0.0009299 0.0007748 0.0006715 0.0008265 0.0005165 0.0004131 0.0005681 0.0010333 0.0009299 0.0009299 0.0010343 0.0008782 0.0007232 0.0006198 0.0010333 0.0006198 0.0005165 0.0007748 0.0007748 0.0006198 0.0006198 0.0008782 0.0008265 0.0005681 0.0003615 0.0007748 0.0008265 0.0002582 0.0005681 0.0004648 0.0005681 0.0005681 0.0009299 0.0009299 0.0010344 0.0015008 0.0013971 0.0015009 0.0343557 0.0349893 0.0336161 0.0302872 
EBOV_H.sap-wt_SLE_14_Makona-Kailahun-20140517_KR653263     1.9009874 1.9364887 1.9133592 1.8966923 1.8982777 1.2890187 1.3455307 0.0304617 0.0303480 0.0306961 0.0309857 0.0023837 0.0022790 0.0019155 0.0019676 0.0020711 0.0010850 0.0005682 0.0007232 0.0008266 0.0009299 0.0007749 0.0010344 0.0008783 0.0008783 0.0006715 0.0000000 0.0006198 0.0006715 0.0005682 0.0005165 0.0013450 0.0008266 0.0009299 0.0009299 0.0008783 0.0009299 0.0008266 0.0008266 0.0011379 0.0011897 0.0011897 0.0008783 0.0006198 0.0008266 0.0010333 0.0006198 0.0007232 0.0007232 0.0008783 0.0008266 0.0006715 0.0007232 0.0006715 0.0012932 0.0011368 0.0010344 0.0011899 0.0008783 0.0007749 0.0009299 0.0013968 0.0012934 0.0012935 0.0013456 0.0012416 0.0010862 0.0009816 0.0013967 0.0009816 0.0008783 0.0011379 0.0011379 0.0009816 0.0009816 0.0012417 0.0011899 0.0009299 0.0007232 0.0011378 0.0011896 0.0006198 0.0009299 0.0008266 0.0009299 0.0009299 0.0012932 0.0012932 0.0013972 0.0018641 0.0017604 0.0018642 0.0347591 0.0353935 0.0340187 0.0306856 
EBOV_H.sap-wt_SLE_14_Makona-G4973_1_KR105286               1.9027934 1.9384032 1.9151794 1.8989368 1.9005250 1.2902048 1.3458138 0.0308005 0.0306867 0.0310351 0.0313251 0.0026958 0.0025909 0.0022270 0.0022792 0.0023828 0.0013968 0.0008783 0.0010333 0.0011368 0.0012413 0.0010850 0.0013453 0.0011895 0.0011895 0.0009816 0.0006198 0.0000000 0.0009816 0.0008783 0.0008266 0.0016561 0.0011378 0.0012414 0.0012414 0.0011896 0.0012414 0.0011368 0.0011368 0.0014489 0.0015007 0.0015007 0.0011895 0.0009299 0.0011368 0.0013449 0.0009299 0.0010333 0.0010333 0.0011897 0.0011378 0.0009826 0.0010333 0.0009816 0.0016043 0.0014485 0.0013453 0.0015010 0.0011897 0.0010850 0.0012413 0.0017079 0.0016044 0.0016046 0.0016568 0.0015527 0.0013972 0.0012935 0.0017078 0.0012933 0.0011895 0.0014488 0.0014488 0.0012935 0.0012931 0.0015527 0.0015010 0.0012412 0.0010333 0.0014487 0.0015006 0.0009299 0.0012412 0.0011378 0.0012413 0.0012412 0.0016043 0.0016043 0.0017084 0.0021757 0.0020719 0.0021759 0.0351026 0.0357376 0.0343615 0.0310252 
EBOV_H.sap-wt_SLE_14_Makona-G3799_KM233080                 1.8998086 1.9353142 1.9121694 1.8975221 1.8991087 1.2886140 1.3446064 0.0300647 0.0299511 0.0302987 0.0305879 0.0020198 0.0019154 0.0015522 0.0016042 0.0017077 0.0007232 0.0002065 0.0003615 0.0004648 0.0005681 0.0004131 0.0006715 0.0005165 0.0005165 0.0003098 0.0006715 0.0009816 0.0000000 0.0001033 0.0001549 0.0009816 0.0004648 0.0005681 0.0005681 0.0005165 0.0005681 0.0004648 0.0004648 0.0007748 0.0008265 0.0008265 0.0005165 0.0002582 0.0004648 0.0006715 0.0002582 0.0003615 0.0003615 0.0005165 0.0004648 0.0003098 0.0003615 0.0003098 0.0009299 0.0007748 0.0006715 0.0008265 0.0005165 0.0004131 0.0005681 0.0010333 0.0009299 0.0009299 0.0010343 0.0008782 0.0007232 0.0006198 0.0010333 0.0006198 0.0005165 0.0007748 0.0007748 0.0006198 0.0006198 0.0008782 0.0008265 0.0005681 0.0003615 0.0007748 0.0008265 0.0002582 0.0005681 0.0004648 0.0005681 0.0005681 0.0009299 0.0009299 0.0010344 0.0015008 0.0013972 0.0015009 0.0342955 0.0349289 0.0335560 0.0302279 
EBOV_H.sap-wt_SLE_14_Makona-G3788_KM233075                 1.8995491 1.9350553 1.9119110 1.8977182 1.8993049 1.2890074 1.3450031 0.0299527 0.0298392 0.0301866 0.0304758 0.0019160 0.0018116 0.0014486 0.0015006 0.0016040 0.0006198 0.0001033 0.0002582 0.0003615 0.0004648 0.0003098 0.0005681 0.0004131 0.0004131 0.0002065 0.0005682 0.0008783 0.0001033 0.0000000 0.0000516 0.0008782 0.0003615 0.0004648 0.0004648 0.0004131 0.0004648 0.0003615 0.0003615 0.0006715 0.0007232 0.0007232 0.0004131 0.0001549 0.0003615 0.0005681 0.0001549 0.0002582 0.0002582 0.0004131 0.0003615 0.0002065 0.0002582 0.0002065 0.0008265 0.0006715 0.0005681 0.0007232 0.0004131 0.0003098 0.0004648 0.0009299 0.0008265 0.0008265 0.0009299 0.0007748 0.0006198 0.0005165 0.0009299 0.0005165 0.0004131 0.0006715 0.0006715 0.0005165 0.0005165 0.0007748 0.0007232 0.0004648 0.0002582 0.0006715 0.0007232 0.0001549 0.0004648 0.0003615 0.0004648 0.0004648 0.0008265 0.0008265 0.0009299 0.0013971 0.0012935 0.0013972 0.0342429 0.0348763 0.0335034 0.0301755 
EBOV_H.sap-wt_SLE_14_Makona-G3677.2_KM034557               1.8992783 1.9347825 1.9116405 1.8974502 1.8990369 1.2887869 1.3452713 0.0298967 0.0297831 0.0301305 0.0304196 0.0018641 0.0017597 0.0013967 0.0014487 0.0015522 0.0005681 0.0000516 0.0002065 0.0003098 0.0004131 0.0002582 0.0005165 0.0003615 0.0003615 0.0001549 0.0005165 0.0008266 0.0001549 0.0000516 0.0000000 0.0008265 0.0003098 0.0004131 0.0004131 0.0003615 0.0004131 0.0003098 0.0003098 0.0006198 0.0006715 0.0006715 0.0003615 0.0001033 0.0003098 0.0005165 0.0001033 0.0002065 0.0002065 0.0003615 0.0003098 0.0001549 0.0002065 0.0001549 0.0007748 0.0006198 0.0005165 0.0006715 0.0003615 0.0002582 0.0004131 0.0008782 0.0007748 0.0007748 0.0008782 0.0007232 0.0005681 0.0004648 0.0008782 0.0004648 0.0003615 0.0006198 0.0006198 0.0004648 0.0004648 0.0007232 0.0006715 0.0004131 0.0002065 0.0006198 0.0006715 0.0001033 0.0004131 0.0003098 0.0004131 0.0004131 0.0007748 0.0007748 0.0008782 0.0013453 0.0012417 0.0013454 0.0341861 0.0348195 0.0334467 0.0301193 
EBOV_H.sap-wt_SLE_14_Makona-Kenema-G5059_1_KR105296        1.8996455 1.9351696 1.9120132 1.9007584 1.9023482 1.2894346 1.3450419 0.0306897 0.0305759 0.0309243 0.0312142 0.0026959 0.0025910 0.0022272 0.0022794 0.0023830 0.0013968 0.0008782 0.0010333 0.0011377 0.0012413 0.0010850 0.0013454 0.0011895 0.0011895 0.0009816 0.0013450 0.0016561 0.0009816 0.0008782 0.0008265 0.0000000 0.0005165 0.0006198 0.0006198 0.0005681 0.0006198 0.0009299 0.0009299 0.0012415 0.0011897 0.0011897 0.0009816 0.0007232 0.0009299 0.0011367 0.0007232 0.0008265 0.0008265 0.0009816 0.0009299 0.0007748 0.0008265 0.0007748 0.0013969 0.0012412 0.0011380 0.0012936 0.0009816 0.0008782 0.0010333 0.0015005 0.0013970 0.0013971 0.0015008 0.0013453 0.0011898 0.0010862 0.0015004 0.0010861 0.0009816 0.0012415 0.0012415 0.0010862 0.0012932 0.0015528 0.0015011 0.0012413 0.0010333 0.0014488 0.0015007 0.0009299 0.0012413 0.0011379 0.0012414 0.0012413 0.0016044 0.0016044 0.0017085 0.0021758 0.0020720 0.0021760 0.0351042 0.0357392 0.0343631 0.0310266 
EBOV_H.sap-wt_SLE_14_Makona-Kenema-G4702_1_KR105265        1.8979424 1.9334241 1.9103016 1.9004224 1.9020122 1.2884849 1.3446686 0.0302388 0.0301252 0.0304730 0.0307625 0.0021760 0.0020714 0.0017081 0.0017601 0.0018637 0.0008782 0.0003615 0.0005165 0.0006198 0.0007232 0.0005681 0.0008265 0.0006715 0.0006715 0.0004648 0.0008266 0.0011378 0.0004648 0.0003615 0.0003098 0.0005165 0.0000000 0.0001033 0.0001033 0.0000516 0.0001033 0.0004131 0.0004131 0.0007232 0.0007748 0.0007748 0.0004648 0.0002065 0.0004131 0.0006198 0.0002065 0.0003098 0.0003098 0.0004648 0.0004131 0.0002582 0.0003098 0.0002582 0.0008782 0.0007232 0.0006198 0.0007748 0.0004648 0.0003615 0.0005165 0.0009816 0.0008782 0.0008782 0.0009826 0.0008265 0.0006715 0.0005681 0.0009816 0.0005681 0.0004648 0.0007232 0.0007232 0.0005681 0.0007748 0.0010345 0.0009828 0.0007232 0.0005165 0.0009299 0.0009816 0.0004131 0.0007232 0.0006198 0.0007232 0.0007232 0.0010861 0.0010861 0.0011900 0.0016567 0.0015530 0.0016568 0.0345335 0.0351676 0.0337934 0.0304623 
EBOV_H.sap-wt_SLE_14_Makona-Kenema-G4350_1_KR105242        1.8977238 1.9332063 1.9100841 1.9004622 1.9020520 1.2886642 1.3450839 0.0303507 0.0302370 0.0305850 0.0308745 0.0022799 0.0021752 0.0018118 0.0018639 0.0019674 0.0009816 0.0004648 0.0006198 0.0007232 0.0008265 0.0006715 0.0009299 0.0007748 0.0007748 0.0005681 0.0009299 0.0012414 0.0005681 0.0004648 0.0004131 0.0006198 0.0001033 0.0000000 0.0001033 0.0000516 0.0001033 0.0005165 0.0005165 0.0008265 0.0008782 0.0008782 0.0005681 0.0003098 0.0005165 0.0007232 0.0003098 0.0004131 0.0004131 0.0005681 0.0005165 0.0003615 0.0004131 0.0003615 0.0009816 0.0008265 0.0007232 0.0008782 0.0005681 0.0004648 0.0006198 0.0010850 0.0009816 0.0009826 0.0010862 0.0009299 0.0007748 0.0006715 0.0010850 0.0006715 0.0005681 0.0008265 0.0008265 0.0006715 0.0008782 0.0011381 0.0010864 0.0008265 0.0006198 0.0010343 0.0010861 0.0005165 0.0008265 0.0007232 0.0008265 0.0008265 0.0011897 0.0011897 0.0012936 0.0017604 0.0016567 0.0017605 0.0346468 0.0352810 0.0339065 0.0305744 
EBOV_H.sap-wt_SLE_14_Makona-Kenema-G4971_1_KR105284        1.8982253 1.9337108 1.9105848 1.9009587 1.9025487 1.2884640 1.3448833 0.0303511 0.0302374 0.0305853 0.0308749 0.0022799 0.0021753 0.0018118 0.0018639 0.0019675 0.0009816 0.0004648 0.0006198 0.0007232 0.0008265 0.0006715 0.0009309 0.0007748 0.0007748 0.0005681 0.0009299 0.0012414 0.0005681 0.0004648 0.0004131 0.0006198 0.0001033 0.0001033 0.0000000 0.0000516 0.0001033 0.0005165 0.0005165 0.0008265 0.0008782 0.0008782 0.0005681 0.0003098 0.0005165 0.0007232 0.0003098 0.0004131 0.0004131 0.0005681 0.0005165 0.0003615 0.0004131 0.0003615 0.0009816 0.0008265 0.0007232 0.0008782 0.0005681 0.0004648 0.0006198 0.0010850 0.0009816 0.0009826 0.0010862 0.0009299 0.0007748 0.0006715 0.0010850 0.0006715 0.0005681 0.0008265 0.0008265 0.0006715 0.0008782 0.0011381 0.0010864 0.0008265 0.0006198 0.0010343 0.0010861 0.0005165 0.0008265 0.0007232 0.0008265 0.0008265 0.0011897 0.0011897 0.0012936 0.0017604 0.0016567 0.0017606 0.0346472 0.0352814 0.0339069 0.0305747 
EBOV_H.sap-wt_SLE_14_Makona-Kenema-G4937_1_KR105278        1.8979545 1.9334380 1.9103143 1.9006906 1.9022804 1.2884745 1.3448922 0.0302950 0.0301813 0.0305291 0.0308187 0.0022280 0.0021233 0.0017599 0.0018120 0.0019156 0.0009299 0.0004131 0.0005681 0.0006715 0.0007748 0.0006198 0.0008782 0.0007232 0.0007232 0.0005165 0.0008783 0.0011896 0.0005165 0.0004131 0.0003615 0.0005681 0.0000516 0.0000516 0.0000516 0.0000000 0.0000516 0.0004648 0.0004648 0.0007748 0.0008265 0.0008265 0.0005165 0.0002582 0.0004648 0.0006715 0.0002582 0.0003615 0.0003615 0.0005165 0.0004648 0.0003098 0.0003615 0.0003098 0.0009299 0.0007748 0.0006715 0.0008265 0.0005165 0.0004131 0.0005681 0.0010333 0.0009299 0.0009299 0.0010344 0.0008782 0.0007232 0.0006198 0.0010333 0.0006198 0.0005165 0.0007748 0.0007748 0.0006198 0.0008265 0.0010863 0.0010346 0.0007748 0.0005681 0.0009816 0.0010343 0.0004648 0.0007748 0.0006715 0.0007748 0.0007748 0.0011379 0.0011379 0.0012418 0.0017086 0.0016048 0.0017087 0.0345903 0.0352245 0.0338502 0.0305185 
EBOV_H.sap-wt_SLE_14_Makona-Kenema-G4856_1_KR105273        1.8979665 1.9334519 1.9103270 1.9009587 1.9025487 1.2884640 1.3451158 0.0303511 0.0302374 0.0305853 0.0308749 0.0022799 0.0021753 0.0018118 0.0018639 0.0019675 0.0009816 0.0004648 0.0006198 0.0007232 0.0008265 0.0006715 0.0009309 0.0007748 0.0007748 0.0005681 0.0009299 0.0012414 0.0005681 0.0004648 0.0004131 0.0006198 0.0001033 0.0001033 0.0001033 0.0000516 0.0000000 0.0005165 0.0005165 0.0008265 0.0008782 0.0008782 0.0005681 0.0003098 0.0005165 0.0007232 0.0003098 0.0004131 0.0004131 0.0005681 0.0005165 0.0003615 0.0004131 0.0003615 0.0009816 0.0008265 0.0007232 0.0008782 0.0005681 0.0004648 0.0006198 0.0010850 0.0009816 0.0009826 0.0010862 0.0009299 0.0007748 0.0006715 0.0010850 0.0006715 0.0005681 0.0008265 0.0008265 0.0006715 0.0008782 0.0011381 0.0010864 0.0008265 0.0006198 0.0010343 0.0010861 0.0005165 0.0008265 0.0007232 0.0008265 0.0008265 0.0011897 0.0011897 0.0012936 0.0017604 0.0016567 0.0017606 0.0346472 0.0352814 0.0339069 0.0305747 
EBOV_H.sap-wt_SLE_14_Makona-Bonthe-G5723_1_KR105319        1.8977349 1.9332003 1.9100893 1.8993039 1.9008926 1.2886608 1.3454807 0.0301881 0.0300744 0.0304222 0.0307117 0.0021759 0.0020713 0.0017080 0.0017600 0.0018636 0.0008782 0.0003615 0.0005165 0.0006198 0.0007232 0.0005681 0.0008265 0.0006715 0.0006715 0.0004648 0.0008266 0.0011368 0.0004648 0.0003615 0.0003098 0.0009299 0.0004131 0.0005165 0.0005165 0.0004648 0.0005165 0.0000000 0.0001033 0.0004131 0.0004648 0.0004648 0.0001549 0.0002065 0.0004131 0.0006198 0.0002065 0.0003098 0.0003098 0.0004648 0.0004131 0.0002582 0.0003098 0.0002582 0.0008782 0.0007232 0.0006198 0.0007748 0.0004648 0.0003615 0.0005165 0.0009816 0.0008782 0.0008782 0.0009816 0.0008265 0.0006715 0.0005681 0.0009816 0.0005681 0.0004648 0.0007232 0.0007232 0.0005681 0.0007748 0.0010345 0.0009827 0.0007232 0.0005165 0.0009299 0.0009816 0.0004131 0.0007232 0.0006198 0.0007232 0.0007232 0.0010860 0.0010860 0.0011899 0.0016566 0.0015529 0.0016567 0.0344827 0.0351168 0.0336770 0.0304114 
EBOV_H.sap-wt_SLE_14_Makona-J0042_KP759711                 1.8988758 1.9343638 1.9112339 1.8997791 1.9013686 1.2890966 1.3457618 0.0301885 0.0300749 0.0304227 0.0307122 0.0021759 0.0020713 0.0017080 0.0017601 0.0018636 0.0008782 0.0003615 0.0005165 0.0006198 0.0007232 0.0005681 0.0008265 0.0006715 0.0006715 0.0004648 0.0008266 0.0011368 0.0004648 0.0003615 0.0003098 0.0009299 0.0004131 0.0005165 0.0005165 0.0004648 0.0005165 0.0001033 0.0000000 0.0004131 0.0004648 0.0004648 0.0001549 0.0002065 0.0004131 0.0006198 0.0002065 0.0003098 0.0003098 0.0004648 0.0004131 0.0002582 0.0003098 0.0002582 0.0008782 0.0007232 0.0006198 0.0007748 0.0004648 0.0003615 0.0005165 0.0009816 0.0008782 0.0008782 0.0009816 0.0008265 0.0006715 0.0005681 0.0009816 0.0005681 0.0004648 0.0007232 0.0007232 0.0005681 0.0007748 0.0010345 0.0009827 0.0007232 0.0005165 0.0009299 0.0009816 0.0004131 0.0007232 0.0006198 0.0007232 0.0007232 0.0010860 0.0010860 0.0011899 0.0016566 0.0015529 0.0016567 0.0344833 0.0351174 0.0336776 0.0304119 
