96
RESTV_M.fas-tc_USA_89_Philippines89-Pennsylvania_NC_004161 0.0000000 0.0237685 0.0321001 1.8370340 1.8364913 2.0184712 2.1026167 1.8796436 1.8806099 1.8812618 1.8761415 1.9119436 1.9159462 1.9122286 1.9117364 1.9123187 1.9128639 1.9103826 1.9101007 1.9101717 1.9096658 1.9082717 1.9102802 1.9099296 1.9099296 1.9113228 1.9125033 1.9120204 1.9103826 1.9101239 1.9112511 1.9097412 1.9110428 1.9110428 1.9113725 1.9113725 1.9082769 1.9094496 1.9098940 1.9070805 1.9070805 1.9091646 1.9100530 1.9100397 1.9095340 1.9118691 1.9121127 1.9133858 1.9118691 1.9121279 1.9118843 1.9110727 1.9110727 1.9094123 1.9096491 1.9096722 1.9102627 1.9102627 1.9105472 1.9100530 1.9106411 1.9105834 1.9117058 1.9115805 1.9110584 1.9116829 1.9108062 1.9078361 1.9126860 1.9097376 1.9098303 1.9101599 1.9101599 1.9094020 1.9088599 1.9120387 1.9093132 1.9093437 1.9093437 1.9104950 1.9112637 1.9095432 1.9089263 1.9101545 1.9100372 1.9103527 1.9100713 1.9098343 1.9101800 1.9078785 1.9100934 1.9098938 1.8879477 1.8891183 1.8760968 1.8967772 
RESTV_S.dom-tc_PHL_08_Reston08-A_FJ621583                  0.0237685 0.0000000 0.0491668 1.8530061 1.8524935 2.0411466 2.1298632 1.8920665 1.8930381 1.8936550 1.8892155 1.9304929 1.9328345 1.9310065 1.9305057 1.9309076 1.9319963 1.9293427 1.9290602 1.9287756 1.9286161 1.9272131 1.9298339 1.9288808 1.9288808 1.9302930 1.9314835 1.9309907 1.9293427 1.9290844 1.9302206 1.9287001 1.9300112 1.9300112 1.9303410 1.9303410 1.9272174 1.9283982 1.9288425 1.9260139 1.9260139 1.9281148 1.9290129 1.9290006 1.9279057 1.9308473 1.9310901 1.9323826 1.9308473 1.9311057 1.9308629 1.9300417 1.9300417 1.9282780 1.9286064 1.9286306 1.9296168 1.9296168 1.9295052 1.9290129 1.9296097 1.9294663 1.9305978 1.9304623 1.9299423 1.9305675 1.9296900 1.9273759 1.9316630 1.9286962 1.9287893 1.9291191 1.9291191 1.9283648 1.9278111 1.9312501 1.9289480 1.9284948 1.9284948 1.9292631 1.9300425 1.9284948 1.9278687 1.9291067 1.9289974 1.9293122 1.9288309 1.9285942 1.9289391 1.9266951 1.9288605 1.9286610 1.9063548 1.9074665 1.8951369 1.9147734 
RESTV_S.dom-xx_PHL_08_Reston08-C_FJ621584                  0.0321001 0.0491668 0.0000000 1.8250098 1.8244735 2.0283575 2.0963100 1.8627871 1.8637441 1.8644802 1.8594318 1.9009357 1.9039855 1.9010241 1.9005379 1.9016956 1.9020099 1.8991917 1.8989106 1.8994629 1.8989622 1.8975758 1.9001542 1.8992249 1.8992249 1.9006046 1.9012966 1.9008204 1.8991917 1.8989331 1.9000531 1.8985521 1.8998457 1.8998457 1.9001747 1.9001747 1.8971013 1.8982671 1.8987108 1.8959112 1.8959112 1.8979816 1.8988627 1.8988489 1.8983447 1.9006647 1.9009084 1.9021678 1.9006647 1.9009234 1.9006797 1.8998752 1.8998752 1.8982292 1.8984611 1.8984836 1.8994243 1.8994243 1.8993572 1.8988627 1.8994446 1.8993881 1.9003081 1.9003840 1.8998617 1.9004846 1.8996099 1.8973345 1.9014808 1.8985488 1.8986409 1.8989699 1.8989699 1.8982113 1.8981573 1.9014648 1.8981245 1.8983588 1.8983588 1.8993015 1.9000624 1.8983588 1.8977484 1.8989686 1.8988468 1.8991622 1.8988816 1.8986447 1.8989904 1.8967951 1.8988992 1.8986998 1.8767164 1.8772863 1.8652379 1.8801504 
SUDV_H.sap-xx_UGA_12_EboSud-603_KC545390                   1.8370340 1.8530061 1.8250098 0.0000000 0.0001537 2.1357584 2.1201043 1.8827406 1.8837124 1.8831892 1.8845360 1.9262627 1.9269937 1.9260347 1.9262375 1.9285444 1.9264277 1.9253812 1.9254528 1.9246943 1.9243839 1.9235260 1.9231380 1.9263636 1.9263636 1.9263434 1.9259713 1.9250833 1.9253812 1.9257121 1.9276638 1.9269227 1.9258502 1.9258502 1.9261812 1.9261812 1.9244943 1.9235997 1.9233709 1.9243230 1.9243230 1.9237962 1.9250503 1.9268872 1.9253657 1.9248912 1.9251349 1.9234437 1.9248912 1.9251504 1.9249067 1.9240508 1.9240508 1.9249892 1.9244433 1.9241127 1.9255059 1.9260960 1.9255448 1.9250503 1.9242143 1.9252825 1.9257337 1.9249622 1.9244818 1.9247121 1.9248605 1.9251061 1.9273444 1.9232484 1.9250263 1.9253571 1.9253571 1.9250458 1.9240424 1.9254224 1.9231218 1.9239793 1.9239793 1.9255210 1.9250983 1.9234280 1.9226647 1.9249342 1.9230433 1.9249541 1.9256973 1.9254598 1.9253664 1.9245623 1.9255678 1.9251711 1.8993974 1.9015374 1.8895804 1.8906456 
SUDV_H.sap-xx_UGA_12_EboSud-609_KC545391                   1.8364913 1.8524935 1.8244735 0.0001537 0.0000000 2.1342649 2.1207975 1.8838461 1.8848186 1.8842954 1.8856427 1.9274004 1.9281321 1.9271717 1.9273751 1.9296833 1.9275662 1.9265182 1.9265899 1.9258308 1.9255200 1.9246614 1.9242738 1.9275011 1.9275011 1.9274809 1.9271086 1.9262198 1.9265182 1.9268492 1.9288026 1.9280611 1.9269878 1.9269878 1.9273189 1.9273189 1.9256310 1.9247357 1.9245069 1.9254592 1.9254592 1.9249322 1.9261872 1.9280257 1.9265027 1.9260280 1.9262718 1.9245792 1.9260280 1.9262873 1.9260436 1.9251870 1.9251870 1.9261254 1.9255790 1.9252482 1.9266429 1.9272330 1.9266817 1.9261872 1.9253506 1.9264188 1.9268707 1.9260985 1.9256180 1.9258484 1.9259968 1.9262433 1.9284827 1.9243838 1.9261631 1.9264941 1.9264941 1.9261825 1.9251787 1.9265594 1.9242573 1.9251156 1.9251156 1.9266591 1.9262359 1.9245640 1.9238000 1.9260716 1.9241788 1.9260909 1.9268342 1.9265967 1.9265033 1.9256983 1.9267051 1.9263082 1.9005130 1.9026550 1.8906890 1.8917545 
TAFV_H.sap-tc_CIV_94_Pauleoula-CI_NC_014372                2.0184712 2.0411466 2.0283575 2.1357584 2.1342649 0.0000000 0.7980824 1.3170638 1.3164220 1.3165673 1.3183489 1.3387066 1.3405793 1.3411086 1.3374749 1.3392713 1.3378255 1.3369678 1.3370800 1.3371901 1.3365699 1.3365927 1.3369352 1.3376661 1.3376661 1.3375246 1.3389780 1.3382927 1.3369678 1.3369681 1.3367198 1.3372288 1.3367057 1.3367057 1.3364767 1.3364767 1.3370983 1.3380642 1.3376678 1.3382182 1.3382182 1.3376233 1.3371969 1.3382511 1.3364300 1.3383126 1.3385408 1.3381969 1.3383126 1.3385418 1.3383136 1.3378518 1.3378518 1.3369991 1.3363970 1.3366262 1.3373295 1.3373295 1.3369223 1.3371969 1.3375437 1.3375735 1.3371654 1.3370665 1.3363505 1.3362509 1.3366891 1.3377069 1.3371854 1.3388390 1.3370345 1.3373091 1.3373091 1.3355916 1.3367543 1.3382760 1.3380650 1.3383718 1.3383718 1.3387304 1.3391268 1.3382120 1.3378978 1.3391822 1.3389338 1.3379230 1.3382495 1.3384777 1.3384120 1.3386338 1.3385024 1.3383878 1.3313694 1.3314532 1.3332866 1.3292413 
BDBV_H.sap-xx_COD_12_EboBund-122_KC545395                  2.1026167 2.1298632 2.0963100 2.1201043 2.1207975 0.7980824 0.0000000 1.3483343 1.3487448 1.3492298 1.3505508 1.3738848 1.3753735 1.3754257 1.3724729 1.3733695 1.3739391 1.3747193 1.3747659 1.3735609 1.3738901 1.3745031 1.3745013 1.3746529 1.3746529 1.3754996 1.3765177 1.3754399 1.3747193 1.3747187 1.3747200 1.3754203 1.3744439 1.3744439 1.3747196 1.3747196 1.3749630 1.3751751 1.3751075 1.3768437 1.3768437 1.3755027 1.3749486 1.3760268 1.3751103 1.3760916 1.3763191 1.3769740 1.3760916 1.3763210 1.3765335 1.3756173 1.3756173 1.3759448 1.3742307 1.3742314 1.3749007 1.3754058 1.3746728 1.3749486 1.3756997 1.3762317 1.3763475 1.3751754 1.3752389 1.3757461 1.3754175 1.3752901 1.3749188 1.3748981 1.3747840 1.3750598 1.3750598 1.3741311 1.3741627 1.3731022 1.3762028 1.3733343 1.3733343 1.3734480 1.3738553 1.3736281 1.3739681 1.3749639 1.3745253 1.3733832 1.3737602 1.3738753 1.3742654 1.3727720 1.3729177 1.3729177 1.3675292 1.3681035 1.3648856 1.3690519 
EBOV_H.sap-tc_COD_07_1Luebo_KC242786                       1.8796436 1.8920665 1.8627871 1.8827406 1.8838461 1.3170638 1.3483343 0.0000000 0.0000515 0.0004117 0.0006177 0.0325636 0.0323550 0.0316102 0.0317690 0.0321751 0.0320001 0.0316597 0.0316601 0.0323409 0.0322824 0.0322873 0.0322883 0.0322856 0.0322856 0.0320043 0.0322908 0.0321745 0.0316597 0.0317162 0.0321747 0.0319440 0.0318291 0.0318291 0.0318857 0.0318857 0.0318312 0.0318297 0.0319430 0.0318936 0.0318936 0.0317174 0.0317158 0.0318858 0.0322231 0.0318330 0.0318894 0.0321197 0.0318330 0.0318891 0.0319450 0.0317760 0.0317760 0.0319996 0.0322244 0.0321678 0.0322267 0.0323395 0.0318846 0.0317158 0.0318286 0.0325125 0.0324532 0.0323917 0.0322230 0.0322797 0.0321141 0.0322236 0.0322323 0.0321176 0.0317723 0.0318289 0.0318289 0.0321724 0.0318302 0.0321714 0.0320104 0.0321620 0.0321620 0.0322885 0.0324589 0.0319369 0.0321070 0.0321618 0.0319949 0.0314861 0.0311471 0.0311503 0.0312032 0.0314857 0.0312625 0.0313747 0.0244447 0.0253908 0.0236553 0.0204201 
EBOV_H.sap-tc_COD_07_M-M_HQ613403                          1.8806099 1.8930381 1.8637441 1.8837124 1.8848186 1.3164220 1.3487448 0.0000515 0.0000000 0.0004632 0.0006692 0.0326240 0.0324153 0.0316704 0.0318292 0.0322354 0.0320603 0.0317198 0.0317202 0.0324012 0.0323427 0.0323476 0.0323486 0.0323459 0.0323459 0.0320645 0.0323511 0.0322348 0.0317198 0.0317763 0.0322350 0.0320042 0.0318893 0.0318893 0.0319458 0.0319458 0.0318914 0.0318898 0.0320032 0.0319538 0.0319538 0.0317775 0.0317759 0.0319460 0.0322834 0.0318932 0.0319496 0.0321800 0.0318932 0.0319493 0.0320052 0.0318362 0.0318362 0.0320598 0.0322847 0.0322281 0.0322870 0.0323998 0.0319447 0.0317759 0.0318888 0.0325728 0.0325135 0.0324520 0.0322832 0.0323399 0.0321743 0.0322839 0.0322925 0.0321778 0.0318325 0.0318890 0.0318890 0.0322327 0.0318904 0.0322317 0.0320706 0.0322222 0.0322222 0.0323488 0.0325193 0.0319971 0.0321672 0.0322221 0.0320551 0.0315462 0.0312071 0.0312102 0.0312631 0.0315457 0.0313225 0.0314347 0.0245028 0.0254491 0.0237132 0.0204771 
EBOV_H.sap-tc_COD_07_5Luebo_KC242790                       1.8812618 1.8936550 1.8644802 1.8831892 1.8842954 1.3165673 1.3492298 0.0004117 0.0004632 0.0000000 0.0010309 0.0330157 0.0328070 0.0320613 0.0322202 0.0326269 0.0324516 0.0321107 0.0321112 0.0327927 0.0327342 0.0327392 0.0327402 0.0327375 0.0327375 0.0324558 0.0327427 0.0326262 0.0321107 0.0321673 0.0326264 0.0323954 0.0322804 0.0322804 0.0323370 0.0323370 0.0322825 0.0322809 0.0323944 0.0323450 0.0323450 0.0321685 0.0321669 0.0323371 0.0326748 0.0322843 0.0323408 0.0325714 0.0322843 0.0323405 0.0323965 0.0322273 0.0322273 0.0324510 0.0326761 0.0326195 0.0326784 0.0327913 0.0323359 0.0321669 0.0322799 0.0329646 0.0329052 0.0328436 0.0326747 0.0327314 0.0325657 0.0326753 0.0326841 0.0325693 0.0322235 0.0322801 0.0322801 0.0326242 0.0322815 0.0326231 0.0324620 0.0326135 0.0326135 0.0327404 0.0329110 0.0323882 0.0325585 0.0326134 0.0324463 0.0319369 0.0315975 0.0316007 0.0316536 0.0319364 0.0317131 0.0318254 0.0248866 0.0258338 0.0240960 0.0208572 
EBOV_H.sap-tc_COD_08_034-KS_HQ613402                       1.8761415 1.8892155 1.8594318 1.8845360 1.8856427 1.3183489 1.3505508 0.0006177 0.0006692 0.0010309 0.0000000 0.0330384 0.0328296 0.0320834 0.0322423 0.0326493 0.0324739 0.0321328 0.0321333 0.0328153 0.0327567 0.0327617 0.0327627 0.0327600 0.0327600 0.0324781 0.0327652 0.0326487 0.0321328 0.0321895 0.0326489 0.0324177 0.0323026 0.0323026 0.0323592 0.0323592 0.0323047 0.0323031 0.0324167 0.0323673 0.0323673 0.0321906 0.0321890 0.0323594 0.0326973 0.0323065 0.0323630 0.0325938 0.0323065 0.0323627 0.0324188 0.0322495 0.0322495 0.0324734 0.0326986 0.0326419 0.0327009 0.0328139 0.0323581 0.0321890 0.0323021 0.0329872 0.0329278 0.0328662 0.0326971 0.0327539 0.0325881 0.0326978 0.0327066 0.0325917 0.0322457 0.0323023 0.0323023 0.0326466 0.0323037 0.0326455 0.0324844 0.0326359 0.0326359 0.0327629 0.0329336 0.0324105 0.0325809 0.0326358 0.0324686 0.0319589 0.0316193 0.0316225 0.0316754 0.0319584 0.0317349 0.0318473 0.0250143 0.0259625 0.0241631 0.0209810 
EBOV_H.sap-wt_GIN_14_Makona-Gueckedou-EM_080076_KR817235   1.9119436 1.9304929 1.9009357 1.9262627 1.9274004 1.3387066 1.3738848 0.0325636 0.0326240 0.0330157 0.0330384 0.0000000 0.0016517 0.0019094 0.0020645 0.0024278 0.0022719 0.0019612 0.0020647 0.0026866 0.0025310 0.0026351 0.0026351 0.0025312 0.0025312 0.0022722 0.0027390 0.0024277 0.0019612 0.0020130 0.0025314 0.0022202 0.0021165 0.0021165 0.0021683 0.0021683 0.0022201 0.0022200 0.0024273 0.0023240 0.0023240 0.0021165 0.0020129 0.0021683 0.0024790 0.0021167 0.0021685 0.0023760 0.0021167 0.0021685 0.0022202 0.0020649 0.0020649 0.0022719 0.0024791 0.0024272 0.0024792 0.0025829 0.0021682 0.0020129 0.0021165 0.0027387 0.0026866 0.0026865 0.0025310 0.0025828 0.0023756 0.0024790 0.0026346 0.0023759 0.0020647 0.0021165 0.0021165 0.0024792 0.0021166 0.0024275 0.0024791 0.0024268 0.0024268 0.0027905 0.0029462 0.0022197 0.0023751 0.0024788 0.0024787 0.0018058 0.0014955 0.0015472 0.0015472 0.0018057 0.0019093 0.0020127 0.0374930 0.0383632 0.0368067 0.0335582 
EBOV_H.sap-wt_GIN_14_Makona-Gueckedou-EM_079702_KR817210   1.9159462 1.9328345 1.9039855 1.9269937 1.9281321 1.3405793 1.3753735 0.0323550 0.0324153 0.0328070 0.0328296 0.0016517 0.0000000 0.0016000 0.0017551 0.0021182 0.0019624 0.0016518 0.0017553 0.0023770 0.0022214 0.0023254 0.0023254 0.0022216 0.0022216 0.0019626 0.0024292 0.0021181 0.0016518 0.0017035 0.0022217 0.0019106 0.0018070 0.0018070 0.0018588 0.0018588 0.0019106 0.0019105 0.0021177 0.0020144 0.0020144 0.0018070 0.0017035 0.0018588 0.0021694 0.0018072 0.0018590 0.0020664 0.0018072 0.0018590 0.0019107 0.0017554 0.0017554 0.0019624 0.0021695 0.0021177 0.0021696 0.0022732 0.0018587 0.0017035 0.0018070 0.0024290 0.0023770 0.0023768 0.0022214 0.0022732 0.0020661 0.0021694 0.0023249 0.0020663 0.0017552 0.0018070 0.0018070 0.0021696 0.0018071 0.0021179 0.0021695 0.0021173 0.0021173 0.0024808 0.0026364 0.0019102 0.0020656 0.0021692 0.0021692 0.0014964 0.0011863 0.0012379 0.0012379 0.0014964 0.0015999 0.0017033 0.0374633 0.0383340 0.0367758 0.0335755 
EBOV_H.sap-wt_GIN_14_Makona-Gueckedou-EM_079587_KR817202   1.9122286 1.9310065 1.9010241 1.9260347 1.9271717 1.3411086 1.3754257 0.0316102 0.0316704 0.0320613 0.0320834 0.0019094 0.0016000 0.0000000 0.0011858 0.0015480 0.0013926 0.0010826 0.0011859 0.0018063 0.0016511 0.0017548 0.0017548 0.0016512 0.0016512 0.0013928 0.0018584 0.0015479 0.0010826 0.0011343 0.0016513 0.0013409 0.0012376 0.0012376 0.0012892 0.0012892 0.0013409 0.0013409 0.0015476 0.0014444 0.0014444 0.0012376 0.0011343 0.0012892 0.0015992 0.0012377 0.0012894 0.0014963 0.0012377 0.0012893 0.0013410 0.0011860 0.0011860 0.0013926 0.0015993 0.0015476 0.0015994 0.0017028 0.0012892 0.0011343 0.0012375 0.0018582 0.0018063 0.0018062 0.0016511 0.0017028 0.0014960 0.0015993 0.0017544 0.0014962 0.0011859 0.0012375 0.0012375 0.0015994 0.0012376 0.0015478 0.0015993 0.0015473 0.0015473 0.0019099 0.0020652 0.0013407 0.0014957 0.0015991 0.0015991 0.0009267 0.0006177 0.0006692 0.0006177 0.0008752 0.0010309 0.0011341 0.0368648 0.0377335 0.0361796 0.0328829 
EBOV_H.sap-wt_GIN_14_Makona-Gueckedou-EM_079750_KR817213   1.9117364 1.9305057 1.9005379 1.9262375 1.9273751 1.3374749 1.3724729 0.0317690 0.0318292 0.0322202 0.0322423 0.0020645 0.0017551 0.0011858 0.0000000 0.0005662 0.0014440 0.0011341 0.0012373 0.0018577 0.0017025 0.0018062 0.0018062 0.0017027 0.0017027 0.0014442 0.0019098 0.0015993 0.0011341 0.0011857 0.0017027 0.0013924 0.0012890 0.0012890 0.0013406 0.0013406 0.0013924 0.0013923 0.0015990 0.0014959 0.0014959 0.0012890 0.0011857 0.0013406 0.0016507 0.0012891 0.0013408 0.0015477 0.0012891 0.0013408 0.0013924 0.0012375 0.0012375 0.0014440 0.0016507 0.0015990 0.0016508 0.0017542 0.0013406 0.0011857 0.0012890 0.0019096 0.0018577 0.0018576 0.0017025 0.0017542 0.0015475 0.0016507 0.0018059 0.0015476 0.0012373 0.0012890 0.0012890 0.0016508 0.0012890 0.0015992 0.0016508 0.0015987 0.0015987 0.0019613 0.0021166 0.0013921 0.0015471 0.0016505 0.0016505 0.0009782 0.0006692 0.0007207 0.0007207 0.0009782 0.0010823 0.0011856 0.0369150 0.0377836 0.0362298 0.0329865 
EBOV_H.sap-wt_GIN_14_Makona-Gueckedou-EM_079910_KR817221   1.9123187 1.9309076 1.9016956 1.9285444 1.9296833 1.3392713 1.3733695 0.0321751 0.0322354 0.0326269 0.0326493 0.0024278 0.0021182 0.0015480 0.0005662 0.0000000 0.0018066 0.0014962 0.0015996 0.0022208 0.0020654 0.0021692 0.0021693 0.0020655 0.0020655 0.0018068 0.0022730 0.0019621 0.0014962 0.0015479 0.0020657 0.0017548 0.0016513 0.0016513 0.0017030 0.0017030 0.0017548 0.0017547 0.0019617 0.0018585 0.0018585 0.0016513 0.0015478 0.0017030 0.0020134 0.0016515 0.0017032 0.0019104 0.0016515 0.0017032 0.0017549 0.0015997 0.0015997 0.0018065 0.0020135 0.0019617 0.0020136 0.0021172 0.0017030 0.0015478 0.0016513 0.0022728 0.0022208 0.0022207 0.0020654 0.0021172 0.0019101 0.0020134 0.0021169 0.0019103 0.0015996 0.0016513 0.0016513 0.0020136 0.0016513 0.0019619 0.0020135 0.0019614 0.0019614 0.0023245 0.0024801 0.0017545 0.0019097 0.0020132 0.0020132 0.0013409 0.0010310 0.0010827 0.0010826 0.0013409 0.0014443 0.0015477 0.0373283 0.0381982 0.0366422 0.0333946 
EBOV_H.sap-wt_LBR_14_Makona-LIBR0430_KR006955              1.9128639 1.9319963 1.9020099 1.9264277 1.9275662 1.3378255 1.3739391 0.0320001 0.0320603 0.0324516 0.0324739 0.0022719 0.0019624 0.0013926 0.0014440 0.0018066 0.0000000 0.0004117 0.0005147 0.0011342 0.0009793 0.0010827 0.0010827 0.0009794 0.0009794 0.0007207 0.0011860 0.0008762 0.0004117 0.0004632 0.0009794 0.0006692 0.0005662 0.0005662 0.0006177 0.0006177 0.0006692 0.0006692 0.0008752 0.0007722 0.0007722 0.0005662 0.0004632 0.0006177 0.0009267 0.0005662 0.0006177 0.0008237 0.0005662 0.0006177 0.0006692 0.0005147 0.0005147 0.0007207 0.0009267 0.0008752 0.0009277 0.0010309 0.0006177 0.0004632 0.0005662 0.0011859 0.0011342 0.0011341 0.0009793 0.0010309 0.0008237 0.0009267 0.0010825 0.0008237 0.0005147 0.0005662 0.0005662 0.0009277 0.0005662 0.0008752 0.0009267 0.0008752 0.0008752 0.0012375 0.0013926 0.0006692 0.0008237 0.0009267 0.0009267 0.0004632 0.0008752 0.0009267 0.0009267 0.0011857 0.0012890 0.0013923 0.0371502 0.0380196 0.0364645 0.0332188 
EBOV_H.sap-wt_SLE_14_Makona-G3734.1_KM233055               1.9103826 1.9293427 1.8991917 1.9253812 1.9265182 1.3369678 1.3747193 0.0316597 0.0317198 0.0321107 0.0321328 0.0019612 0.0016518 0.0010826 0.0011341 0.0014962 0.0004117 0.0000000 0.0001029 0.0007207 0.0005662 0.0006692 0.0006692 0.0005662 0.0005662 0.0003088 0.0007722 0.0004632 0.0000010 0.0000515 0.0005662 0.0002573 0.0001544 0.0001544 0.0002058 0.0002058 0.0002573 0.0002573 0.0004632 0.0003602 0.0003602 0.0001544 0.0000515 0.0002058 0.0005147 0.0001544 0.0002058 0.0004117 0.0001544 0.0002058 0.0002573 0.0001029 0.0001029 0.0003088 0.0005147 0.0004632 0.0005147 0.0006177 0.0002058 0.0000515 0.0001544 0.0007722 0.0007207 0.0007207 0.0005662 0.0006177 0.0004117 0.0005147 0.0006692 0.0004117 0.0001029 0.0001544 0.0001544 0.0005147 0.0001544 0.0005662 0.0006177 0.0005662 0.0005662 0.0009277 0.0010826 0.0003602 0.0005147 0.0006177 0.0006177 0.0001544 0.0005662 0.0006177 0.0006177 0.0008752 0.0009782 0.0010824 0.0368047 0.0376732 0.0361196 0.0328769 
EBOV_H.sap-wt_LBR_15_Makona-Liberia-DQE4_KR074998          1.9101007 1.9290602 1.8989106 1.9254528 1.9265899 1.3370800 1.3747659 0.0316601 0.0317202 0.0321112 0.0321333 0.0020647 0.0017553 0.0011859 0.0012373 0.0015996 0.0005147 0.0001029 0.0000000 0.0008237 0.0006692 0.0007722 0.0007722 0.0006692 0.0006692 0.0004117 0.0008752 0.0005662 0.0001029 0.0001544 0.0006692 0.0003602 0.0002573 0.0002573 0.0003088 0.0003088 0.0003602 0.0003602 0.0005662 0.0004632 0.0004632 0.0002573 0.0001544 0.0003088 0.0006177 0.0002573 0.0003088 0.0005147 0.0002573 0.0003088 0.0003602 0.0002058 0.0002058 0.0004117 0.0006177 0.0005662 0.0006177 0.0007207 0.0003088 0.0001544 0.0002573 0.0008752 0.0008237 0.0008237 0.0006692 0.0007207 0.0005147 0.0006177 0.0007722 0.0005147 0.0002058 0.0002573 0.0002573 0.0006177 0.0002573 0.0006692 0.0007207 0.0006692 0.0006692 0.0010310 0.0011859 0.0004632 0.0006177 0.0007207 0.0007207 0.0002573 0.0006692 0.0007207 0.0007207 0.0009782 0.0010824 0.0011857 0.0369194 0.0377881 0.0362340 0.0329904 
EBOV_H.sap-wt_GIN_14_Makona-Kankan-EM_078639_KR817166      1.9101717 1.9287756 1.8994629 1.9246943 1.9258308 1.3371901 1.3735609 0.0323409 0.0324012 0.0327927 0.0328153 0.0026866 0.0023770 0.0018063 0.0018577 0.0022208 0.0011342 0.0007207 0.0008237 0.0000000 0.0004632 0.0005662 0.0007722 0.0006692 0.0006692 0.0007207 0.0013925 0.0011858 0.0007207 0.0007722 0.0012890 0.0009782 0.0008752 0.0008752 0.0009267 0.0009267 0.0009782 0.0009782 0.0011855 0.0010824 0.0010824 0.0008752 0.0007722 0.0009267 0.0012371 0.0008752 0.0009267 0.0011342 0.0008752 0.0009267 0.0009782 0.0008237 0.0008237 0.0010297 0.0012372 0.0011855 0.0012372 0.0013405 0.0009267 0.0007722 0.0008752 0.0014957 0.0014439 0.0014438 0.0012889 0.0013405 0.0011340 0.0012371 0.0013921 0.0011341 0.0008237 0.0008752 0.0008752 0.0012372 0.0008752 0.0012892 0.0013408 0.0012889 0.0012889 0.0016511 0.0018063 0.0010824 0.0012373 0.0013406 0.0013406 0.0008752 0.0012890 0.0013407 0.0013407 0.0015991 0.0017025 0.0018060 0.0374960 0.0383663 0.0366958 0.0335609 
EBOV_H.sap-wt_GIN_14_Makona-Faranah-EM_078415_KR817160     1.9096658 1.9286161 1.8989622 1.9243839 1.9255200 1.3365699 1.3738901 0.0322824 0.0323427 0.0327342 0.0327567 0.0025310 0.0022214 0.0016511 0.0017025 0.0020654 0.0009793 0.0005662 0.0006692 0.0004632 0.0000000 0.0004117 0.0006177 0.0005147 0.0005147 0.0005662 0.0013407 0.0010308 0.0005662 0.0006177 0.0011341 0.0008237 0.0007207 0.0007207 0.0007722 0.0007722 0.0008237 0.0008237 0.0010297 0.0009267 0.0009267 0.0007207 0.0006177 0.0007722 0.0010812 0.0007207 0.0007722 0.0009793 0.0007207 0.0007722 0.0008237 0.0006692 0.0006692 0.0008752 0.0010812 0.0010297 0.0010823 0.0011856 0.0007722 0.0006177 0.0007207 0.0013406 0.0012889 0.0012888 0.0011339 0.0011855 0.0009782 0.0010812 0.0012371 0.0009792 0.0006692 0.0007207 0.0007207 0.0010823 0.0007207 0.0011342 0.0011858 0.0011339 0.0011339 0.0014959 0.0016510 0.0009267 0.0010823 0.0011856 0.0011856 0.0007207 0.0011341 0.0011857 0.0011857 0.0014440 0.0015474 0.0016508 0.0374364 0.0383065 0.0366364 0.0335021 
EBOV_H.sap-wt_GIN_14_Makona-Macenta-EM_076191_KR817141     1.9082717 1.9272131 1.8975758 1.9235260 1.9246614 1.3365927 1.3745031 0.0322873 0.0323476 0.0327392 0.0327617 0.0026351 0.0023254 0.0017548 0.0018062 0.0021692 0.0010827 0.0006692 0.0007722 0.0005662 0.0004117 0.0000000 0.0007207 0.0006177 0.0006177 0.0006692 0.0014443 0.0011342 0.0006692 0.0007207 0.0012375 0.0009267 0.0008237 0.0008237 0.0008752 0.0008752 0.0009267 0.0009267 0.0011340 0.0010309 0.0010309 0.0008237 0.0007207 0.0008752 0.0011856 0.0008237 0.0008752 0.0010827 0.0008237 0.0008752 0.0009267 0.0007722 0.0007722 0.0009782 0.0011856 0.0011340 0.0011857 0.0012890 0.0008752 0.0007207 0.0008237 0.0014441 0.0013924 0.0013923 0.0012373 0.0012890 0.0010825 0.0011856 0.0013406 0.0010826 0.0007722 0.0008237 0.0008237 0.0011857 0.0008237 0.0012377 0.0012893 0.0012374 0.0012374 0.0015995 0.0017547 0.0010309 0.0011858 0.0012891 0.0012891 0.0008237 0.0012375 0.0012892 0.0012891 0.0015475 0.0016510 0.0017544 0.0375565 0.0384270 0.0367562 0.0335576 
EBOV_H.sap-wt_GIN_14_Makona-Beyla-EM_075931_KR817138       1.9102802 1.9298339 1.9001542 1.9231380 1.9242738 1.3369352 1.3745013 0.0322883 0.0323486 0.0327402 0.0327627 0.0026351 0.0023254 0.0017548 0.0018062 0.0021693 0.0010827 0.0006692 0.0007722 0.0007722 0.0006177 0.0007207 0.0000000 0.0006177 0.0006177 0.0006692 0.0014443 0.0011343 0.0006692 0.0007207 0.0012375 0.0009267 0.0008237 0.0008237 0.0008752 0.0008752 0.0009267 0.0009267 0.0011341 0.0010310 0.0010310 0.0008237 0.0007207 0.0008752 0.0011856 0.0008237 0.0008752 0.0010827 0.0008237 0.0008752 0.0009267 0.0007722 0.0007722 0.0009792 0.0011857 0.0011340 0.0011858 0.0012890 0.0008752 0.0007207 0.0008237 0.0014442 0.0013924 0.0013923 0.0012374 0.0012890 0.0010825 0.0011857 0.0013406 0.0010826 0.0007722 0.0008237 0.0008237 0.0011858 0.0008237 0.0012377 0.0012893 0.0012374 0.0012374 0.0015996 0.0017548 0.0010309 0.0011858 0.0012891 0.0012891 0.0008237 0.0012375 0.0012892 0.0012892 0.0015476 0.0016511 0.0017545 0.0375577 0.0384282 0.0368711 0.0336216 
EBOV_H.sap-wt_GIN_14_Makona-Kissidougou-EM_078694_KR817171 1.9099296 1.9288808 1.8992249 1.9263636 1.9275011 1.3376661 1.3746529 0.0322856 0.0323459 0.0327375 0.0327600 0.0025312 0.0022216 0.0016512 0.0017027 0.0020655 0.0009794 0.0005662 0.0006692 0.0006692 0.0005147 0.0006177 0.0006177 0.0000000 0.0000010 0.0005662 0.0013408 0.0010309 0.0005662 0.0006177 0.0011342 0.0008237 0.0007207 0.0007207 0.0007722 0.0007722 0.0008237 0.0008237 0.0010307 0.0009267 0.0009267 0.0007207 0.0006177 0.0007722 0.0010823 0.0007207 0.0007722 0.0009794 0.0007207 0.0007722 0.0008237 0.0006692 0.0006692 0.0008752 0.0010823 0.0010297 0.0010824 0.0011857 0.0007722 0.0006177 0.0007207 0.0013407 0.0012890 0.0012889 0.0011340 0.0011856 0.0009782 0.0010823 0.0012372 0.0009793 0.0006692 0.0007207 0.0007207 0.0010824 0.0007207 0.0011343 0.0011859 0.0011340 0.0011340 0.0013927 0.0015478 0.0009267 0.0010824 0.0011857 0.0011857 0.0007207 0.0011342 0.0011858 0.0011858 0.0014441 0.0015475 0.0016509 0.0374402 0.0383104 0.0367539 0.0335055 
EBOV_H.sap-wt_GIN_14_Makona-Kissidougou-EM_078722_KR817175 1.9099296 1.9288808 1.8992249 1.9263636 1.9275011 1.3376661 1.3746529 0.0322856 0.0323459 0.0327375 0.0327600 0.0025312 0.0022216 0.0016512 0.0017027 0.0020655 0.0009794 0.0005662 0.0006692 0.0006692 0.0005147 0.0006177 0.0006177 0.0000010 0.0000000 0.0005662 0.0013408 0.0010309 0.0005662 0.0006177 0.0011342 0.0008237 0.0007207 0.0007207 0.0007722 0.0007722 0.0008237 0.0008237 0.0010307 0.0009267 0.0009267 0.0007207 0.0006177 0.0007722 0.0010823 0.0007207 0.0007722 0.0009794 0.0007207 0.0007722 0.0008237 0.0006692 0.0006692 0.0008752 0.0010823 0.0010297 0.0010824 0.0011857 0.0007722 0.0006177 0.0007207 0.0013407 0.0012890 0.0012889 0.0011340 0.0011856 0.0009782 0.0010823 0.0012372 0.0009793 0.0006692 0.0007207 0.0007207 0.0010824 0.0007207 0.0011343 0.0011859 0.0011340 0.0011340 0.0013927 0.0015478 0.0009267 0.0010824 0.0011857 0.0011857 0.0007207 0.0011342 0.0011858 0.0011858 0.0014441 0.0015475 0.0016509 0.0374402 0.0383104 0.0367539 0.0335055 
EBOV_H.sap-wt_LBR_14_Makona-LIBR0505_KR006957              1.9113228 1.9302930 1.9006046 1.9263434 1.9274809 1.3375246 1.3754996 0.0320043 0.0320645 0.0324558 0.0324781 0.0022722 0.0019626 0.0013928 0.0014442 0.0018068 0.0007207 0.0003088 0.0004117 0.0007207 0.0005662 0.0006692 0.0006692 0.0005662 0.0005662 0.0000000 0.0010826 0.0007722 0.0003088 0.0003602 0.0008752 0.0005662 0.0004632 0.0004632 0.0005147 0.0005147 0.0005662 0.0005662 0.0007722 0.0006692 0.0006692 0.0004632 0.0003602 0.0005147 0.0008237 0.0004632 0.0005147 0.0007207 0.0004632 0.0005147 0.0005662 0.0004117 0.0004117 0.0006177 0.0008237 0.0007722 0.0008237 0.0009267 0.0005147 0.0003602 0.0004632 0.0010825 0.0010308 0.0010308 0.0008752 0.0009267 0.0007207 0.0008237 0.0009782 0.0007207 0.0004117 0.0004632 0.0004632 0.0008237 0.0004632 0.0008763 0.0009278 0.0008752 0.0008752 0.0012377 0.0013927 0.0006692 0.0008237 0.0009267 0.0009267 0.0004632 0.0008752 0.0009277 0.0009277 0.0011858 0.0012892 0.0013925 0.0371550 0.0380245 0.0364692 0.0332230 
EBOV_H.sap-wt_SLE_14_Makona-Kailahun-20140517_KR653263     1.9125033 1.9314835 1.9012966 1.9259713 1.9271086 1.3389780 1.3765177 0.0322908 0.0323511 0.0327427 0.0327652 0.0027390 0.0024292 0.0018584 0.0019098 0.0022730 0.0011860 0.0007722 0.0008752 0.0013925 0.0013407 0.0014443 0.0014443 0.0013408 0.0013408 0.0010826 0.0000000 0.0006177 0.0007722 0.0008237 0.0013409 0.0010309 0.0009267 0.0009267 0.0009792 0.0009792 0.0010309 0.0010308 0.0012374 0.0011343 0.0011343 0.0009267 0.0008237 0.0009792 0.0012890 0.0009277 0.0009793 0.0011860 0.0009277 0.0009793 0.0010309 0.0008752 0.0008752 0.0010825 0.0012890 0.0012374 0.0012891 0.0013924 0.0009792 0.0008237 0.0009267 0.0015476 0.0014958 0.0014957 0.0013407 0.0013924 0.0011858 0.0012890 0.0014440 0.0011859 0.0008752 0.0009267 0.0009267 0.0012891 0.0009267 0.0012896 0.0013411 0.0013407 0.0013407 0.0017031 0.0018583 0.0011342 0.0012891 0.0013925 0.0012892 0.0009277 0.0013409 0.0013926 0.0013926 0.0016510 0.0017546 0.0018580 0.0375602 0.0384308 0.0368735 0.0336237 
EBOV_H.sap-wt_SLE_14_Makona-G4973_1_KR105286               1.9120204 1.9309907 1.9008204 1.9250833 1.9262198 1.3382927 1.3754399 0.0321745 0.0322348 0.0326262 0.0326487 0.0024277 0.0021181 0.0015479 0.0015993 0.0019621 0.0008762 0.0004632 0.0005662 0.0011858 0.0010308 0.0011342 0.0011343 0.0010309 0.0010309 0.0007722 0.0006177 0.0000000 0.0004632 0.0005147 0.0010310 0.0007207 0.0006177 0.0006177 0.0006692 0.0006692 0.0007207 0.0007207 0.0009267 0.0008237 0.0008237 0.0006177 0.0005147 0.0006692 0.0009782 0.0006177 0.0006692 0.0008762 0.0006177 0.0006692 0.0007207 0.0005662 0.0005662 0.0007722 0.0009782 0.0009267 0.0009793 0.0010825 0.0006692 0.0005147 0.0006177 0.0012375 0.0011858 0.0011857 0.0010308 0.0010825 0.0008752 0.0009782 0.0011340 0.0008752 0.0005662 0.0006177 0.0006177 0.0009792 0.0006177 0.0009796 0.0010312 0.0010308 0.0010308 0.0013927 0.0015479 0.0008237 0.0009793 0.0010825 0.0010825 0.0006177 0.0010310 0.0010826 0.0010826 0.0013408 0.0014442 0.0015476 0.0373277 0.0381977 0.0366416 0.0333940 
EBOV_H.sap-wt_SLE_14_Makona-G3799_KM233080                 1.9103826 1.9293427 1.8991917 1.9253812 1.9265182 1.3369678 1.3747193 0.0316597 0.0317198 0.0321107 0.0321328 0.0019612 0.0016518 0.0010826 0.0011341 0.0014962 0.0004117 0.0000010 0.0001029 0.0007207 0.0005662 0.0006692 0.0006692 0.0005662 0.0005662 0.0003088 0.0007722 0.0004632 0.0000000 0.0000515 0.0005662 0.0002573 0.0001544 0.0001544 0.0002058 0.0002058 0.0002573 0.0002573 0.0004632 0.0003602 0.0003602 0.0001544 0.0000515 0.0002058 0.0005147 0.0001544 0.0002058 0.0004117 0.0001544 0.0002058 0.0002573 0.0001029 0.0001029 0.0003088 0.0005147 0.0004632 0.0005147 0.0006177 0.0002058 0.0000515 0.0001544 0.0007722 0.0007207 0.0007207 0.0005662 0.0006177 0.0004117 0.0005147 0.0006692 0.0004117 0.0001029 0.0001544 0.0001544 0.0005147 0.0001544 0.0005662 0.0006177 0.0005662 0.0005662 0.0009277 0.0010826 0.0003602 0.0005147 0.0006177 0.0006177 0.0001544 0.0005662 0.0006177 0.0006177 0.0008752 0.0009782 0.0010824 0.0368047 0.0376732 0.0361196 0.0328769 
EBOV_H.sap-wt_SLE_14_Makona-G3788_KM233075                 1.9101239 1.9290844 1.8989331 1.9257121 1.9268492 1.3369681 1.3747187 0.0317162 0.0317763 0.0321673 0.0321895 0.0020130 0.0017035 0.0011343 0.0011857 0.0015479 0.0004632 0.0000515 0.0001544 0.0007722 0.0006177 0.0007207 0.0007207 0.0006177 0.0006177 0.0003602 0.0008237 0.0005147 0.0000515 0.0000000 0.0006177 0.0003088 0.0002058 0.0002058 0.0002573 0.0002573 0.0003088 0.0003088 0.0005147 0.0004117 0.0004117 0.0002058 0.0001029 0.0002573 0.0005662 0.0002058 0.0002573 0.0004632 0.0002058 0.0002573 0.0003088 0.0001544 0.0001544 0.0003602 0.0005662 0.0005147 0.0005662 0.0006692 0.0002573 0.0001029 0.0002058 0.0008237 0.0007722 0.0007722 0.0006177 0.0006692 0.0004632 0.0005662 0.0007207 0.0004632 0.0001544 0.0002058 0.0002058 0.0005662 0.0002058 0.0006177 0.0006692 0.0006177 0.0006177 0.0009793 0.0011342 0.0004117 0.0005662 0.0006692 0.0006692 0.0002058 0.0006177 0.0006692 0.0006692 0.0009267 0.0010308 0.0011340 0.0368620 0.0377307 0.0361768 0.0329336 
EBOV_H.sap-wt_SLE_14_Makona-Kenema-G5059_1_KR105296        1.9112511 1.9302206 1.9000531 1.9276638 1.9288026 1.3367198 1.3747200 0.0321747 0.0322350 0.0326264 0.0326489 0.0025314 0.0022217 0.0016513 0.0017027 0.0020657 0.0009794 0.0005662 0.0006692 0.0012890 0.0011341 0.0012375 0.0012375 0.0011342 0.0011342 0.0008752 0.0013409 0.0010310 0.0005662 0.0006177 0.0000000 0.0005147 0.0004117 0.0004117 0.0004632 0.0004632 0.0007207 0.0007207 0.0009267 0.0008237 0.0008237 0.0006177 0.0005147 0.0006692 0.0009782 0.0006177 0.0006692 0.0008762 0.0006177 0.0006692 0.0007207 0.0005662 0.0005662 0.0007722 0.0009782 0.0009267 0.0009792 0.0010825 0.0006692 0.0005147 0.0006177 0.0012375 0.0011857 0.0011857 0.0010308 0.0010825 0.0008752 0.0009782 0.0011340 0.0008752 0.0005662 0.0006177 0.0006177 0.0009792 0.0007207 0.0011344 0.0011859 0.0011341 0.0011341 0.0014961 0.0016513 0.0009267 0.0010825 0.0011858 0.0011858 0.0007207 0.0011342 0.0011859 0.0011858 0.0014442 0.0015476 0.0016510 0.0373280 0.0381979 0.0366418 0.0333942 
EBOV_H.sap-wt_SLE_14_Makona-Kenema-G4702_1_KR105265        1.9097412 1.9287001 1.8985521 1.9269227 1.9280611 1.3372288 1.3754203 0.0319440 0.0320042 0.0323954 0.0324177 0.0022202 0.0019106 0.0013409 0.0013924 0.0017548 0.0006692 0.0002573 0.0003602 0.0009782 0.0008237 0.0009267 0.0009267 0.0008237 0.0008237 0.0005662 0.0010309 0.0007207 0.0002573 0.0003088 0.0005147 0.0000000 0.0001029 0.0001029 0.0001544 0.0001544 0.0004117 0.0004117 0.0006177 0.0005147 0.0005147 0.0003088 0.0002058 0.0003602 0.0006692 0.0003088 0.0003602 0.0005662 0.0003088 0.0003602 0.0004117 0.0002573 0.0002573 0.0004632 0.0006692 0.0006177 0.0006692 0.0007722 0.0003602 0.0002058 0.0003088 0.0009267 0.0008752 0.0008752 0.0007207 0.0007722 0.0005662 0.0006692 0.0008237 0.0005662 0.0002573 0.0003088 0.0003088 0.0006692 0.0004117 0.0008237 0.0008752 0.0008237 0.0008237 0.0011859 0.0013409 0.0006177 0.0007722 0.0008752 0.0008752 0.0004117 0.0008237 0.0008752 0.0008752 0.0011341 0.0012374 0.0013407 0.0370933 0.0379626 0.0364077 0.0331624 
EBOV_H.sap-wt_SLE_14_Makona-Kenema-G4350_1_KR105242        1.9110428 1.9300112 1.8998457 1.9258502 1.9269878 1.3367057 1.3744439 0.0318291 0.0318893 0.0322804 0.0323026 0.0021165 0.0018070 0.0012376 0.0012890 0.0016513 0.0005662 0.0001544 0.0002573 0.0008752 0.0007207 0.0008237 0.0008237 0.0007207 0.0007207 0.0004632 0.0009267 0.0006177 0.0001544 0.0002058 0.0004117 0.0001029 0.0000000 0.0000010 0.0000515 0.0000515 0.0003088 0.0003088 0.0005147 0.0004117 0.0004117 0.0002058 0.0001029 0.0002573 0.0005662 0.0002058 0.0002573 0.0004632 0.0002058 0.0002573 0.0003088 0.0001544 0.0001544 0.0003602 0.0005662 0.0005147 0.0005662 0.0006692 0.0002573 0.0001029 0.0002058 0.0008237 0.0007722 0.0007722 0.0006177 0.0006692 0.0004632 0.0005662 0.0007207 0.0004632 0.0001544 0.0002058 0.0002058 0.0005662 0.0003088 0.0007207 0.0007722 0.0007207 0.0007207 0.0010826 0.0012375 0.0005147 0.0006692 0.0007722 0.0007722 0.0003088 0.0007207 0.0007722 0.0007722 0.0010308 0.0011341 0.0012373 0.0369765 0.0378455 0.0362911 0.0330470 
EBOV_H.sap-wt_SLE_14_Makona-Kenema-G4971_1_KR105284        1.9110428 1.9300112 1.8998457 1.9258502 1.9269878 1.3367057 1.3744439 0.0318291 0.0318893 0.0322804 0.0323026 0.0021165 0.0018070 0.0012376 0.0012890 0.0016513 0.0005662 0.0001544 0.0002573 0.0008752 0.0007207 0.0008237 0.0008237 0.0007207 0.0007207 0.0004632 0.0009267 0.0006177 0.0001544 0.0002058 0.0004117 0.0001029 0.0000010 0.0000000 0.0000515 0.0000515 0.0003088 0.0003088 0.0005147 0.0004117 0.0004117 0.0002058 0.0001029 0.0002573 0.0005662 0.0002058 0.0002573 0.0004632 0.0002058 0.0002573 0.0003088 0.0001544 0.0001544 0.0003602 0.0005662 0.0005147 0.0005662 0.0006692 0.0002573 0.0001029 0.0002058 0.0008237 0.0007722 0.0007722 0.0006177 0.0006692 0.0004632 0.0005662 0.0007207 0.0004632 0.0001544 0.0002058 0.0002058 0.0005662 0.0003088 0.0007207 0.0007722 0.0007207 0.0007207 0.0010826 0.0012375 0.0005147 0.0006692 0.0007722 0.0007722 0.0003088 0.0007207 0.0007722 0.0007722 0.0010308 0.0011341 0.0012373 0.0369765 0.0378455 0.0362911 0.0330470 
EBOV_H.sap-wt_SLE_14_Makona-Kenema-G4937_1_KR105278        1.9113725 1.9303410 1.9001747 1.9261812 1.9273189 1.3364767 1.3747196 0.0318857 0.0319458 0.0323370 0.0323592 0.0021683 0.0018588 0.0012892 0.0013406 0.0017030 0.0006177 0.0002058 0.0003088 0.0009267 0.0007722 0.0008752 0.0008752 0.0007722 0.0007722 0.0005147 0.0009792 0.0006692 0.0002058 0.0002573 0.0004632 0.0001544 0.0000515 0.0000515 0.0000000 0.0000010 0.0003602 0.0003602 0.0005662 0.0004632 0.0004632 0.0002573 0.0001544 0.0003088 0.0006177 0.0002573 0.0003088 0.0005147 0.0002573 0.0003088 0.0003602 0.0002058 0.0002058 0.0004117 0.0006177 0.0005662 0.0006177 0.0007207 0.0003088 0.0001544 0.0002573 0.0008752 0.0008237 0.0008237 0.0006692 0.0007207 0.0005147 0.0006177 0.0007722 0.0005147 0.0002058 0.0002573 0.0002573 0.0006177 0.0003602 0.0007722 0.0008237 0.0007722 0.0007722 0.0011342 0.0012892 0.0005662 0.0007207 0.0008237 0.0008237 0.0003602 0.0007722 0.0008237 0.0008237 0.0010824 0.0011857 0.0012890 0.0370339 0.0379030 0.0363484 0.0331038 
EBOV_H.sap-wt_SLE_14_Makona-Kenema-G4856_1_KR105273        1.9113725 1.9303410 1.9001747 1.9261812 1.9273189 1.3364767 1.3747196 0.0318857 0.0319458 0.0323370 0.0323592 0.0021683 0.0018588 0.0012892 0.0013406 0.0017030 0.0006177 0.0002058 0.0003088 0.0009267 0.0007722 0.0008752 0.0008752 0.0007722 0.0007722 0.0005147 0.0009792 0.0006692 0.0002058 0.0002573 0.0004632 0.0001544 0.0000515 0.0000515 0.0000010 0.0000000 0.0003602 0.0003602 0.0005662 0.0004632 0.0004632 0.0002573 0.0001544 0.0003088 0.0006177 0.0002573 0.0003088 0.0005147 0.0002573 0.0003088 0.0003602 0.0002058 0.0002058 0.0004117 0.0006177 0.0005662 0.0006177 0.0007207 0.0003088 0.0001544 0.0002573 0.0008752 0.0008237 0.0008237 0.0006692 0.0007207 0.0005147 0.0006177 0.0007722 0.0005147 0.0002058 0.0002573 0.0002573 0.0006177 0.0003602 0.0007722 0.0008237 0.0007722 0.0007722 0.0011342 0.0012892 0.0005662 0.0007207 0.0008237 0.0008237 0.0003602 0.0007722 0.0008237 0.0008237 0.0010824 0.0011857 0.0012890 0.0370339 0.0379030 0.0363484 0.0331038 
EBOV_H.sap-wt_SLE_14_Makona-Bonthe-G5723_1_KR105319        1.9082769 1.9272174 1.8971013 1.9244943 1.9256310 1.3370983 1.3749630 0.0318312 0.0318914 0.0322825 0.0323047 0.0022201 0.0019106 0.0013409 0.0013924 0.0017548 0.0006692 0.0002573 0.0003602 0.0009782 0.0008237 0.0009267 0.0009267 0.0008237 0.0008237 0.0005662 0.0010309 0.0007207 0.0002573 0.0003088 0.0007207 0.0004117 0.0003088 0.0003088 0.0003602 0.0003602 0.0000000 0.0002058 0.0004117 0.0003088 0.0003088 0.0001029 0.0002058 0.0003602 0.0006692 0.0003088 0.0003602 0.0005662 0.0003088 0.0003602 0.0004117 0.0002573 0.0002573 0.0004632 0.0006692 0.0006177 0.0006692 0.0007722 0.0003602 0.0002058 0.0003088 0.0009267 0.0008752 0.0008752 0.0007207 0.0007722 0.0005662 0.0006692 0.0008237 0.0005662 0.0002573 0.0003088 0.0003088 0.0006692 0.0004117 0.0008237 0.0008752 0.0008237 0.0008237 0.0011859 0.0013409 0.0006177 0.0007722 0.0008752 0.0008752 0.0004117 0.0008237 0.0008752 0.0008752 0.0011341 0.0012374 0.0013407 0.0369790 0.0378480 0.0362936 0.0330492 
EBOV_H.sap-wt_SLE_14_Makona-J0042_KP759711                 1.9094496 1.9283982 1.8982671 1.9235997 1.9247357 1.3380642 1.3751751 0.0318297 0.0318898 0.0322809 0.0323031 0.0022200 0.0019105 0.0013409 0.0013923 0.0017547 0.0006692 0.0002573 0.0003602 0.0009782 0.0008237 0.0009267 0.0009267 0.0008237 0.0008237 0.0005662 0.0010308 0.0007207 0.0002573 0.0003088 0.0007207 0.0004117 0.0003088 0.0003088 0.0003602 0.0003602 0.0002058 0.0000000 0.0003088 0.0003088 0.0003088 0.0001029 0.0002058 0.0003602 0.0006692 0.0003088 0.0003602 0.0005662 0.0003088 0.0003602 0.0004117 0.0002573 0.0002573 0.0004632 0.0006692 0.0006177 0.0006692 0.0007722 0.0003602 0.0002058 0.0003088 0.0009267 0.0008752 0.0008752 0.0007207 0.0007722 0.0005662 0.0006692 0.0008237 0.0005662 0.0002573 0.0003088 0.0003088 0.0006692 0.0004117 0.0008237 0.0008752 0.0008237 0.0008237 0.0011858 0.0013408 0.0006177 0.0007722 0.0008752 0.0008752 0.0004117 0.0008237 0.0008752 0.0008752 0.0011340 0.0012373 0.0013406 0.0369772 0.0378461 0.0362917 0.0330476 
EBOV_H.sap-wt_SLE_14_Makona-J0150_KP759696                 1.9098940 1.9288425 1.8987108 1.9233709 1.9245069 1.3376678 1.3751075 0.0319430 0.0320032 0.0323944 0.0324167 0.0024273 0.0021177 0.0015476 0.0015990 0.0019617 0.0008752 0.0004632 0.0005662 0.0011855 0.0010297 0.0011340 0.0011341 0.0010307 0.0010307 0.0007722 0.0012374 0.0009267 0.0004632 0.0005147 0.0009267 0.0006177 0.0005147 0.0005147 0.0005662 0.0005662 0.0004117 0.0003088 0.0000000 0.0005147 0.0005147 0.0003088 0.0004117 0.0005662 0.0008752 0.0005147 0.0005662 0.0007722 0.0005147 0.0005662 0.0006177 0.0004632 0.0004632 0.0006692 0.0008752 0.0008237 0.0008752 0.0009782 0.0005662 0.0004117 0.0005147 0.0011340 0.0010823 0.0010812 0.0009267 0.0009782 0.0007722 0.0008752 0.0010297 0.0007722 0.0004632 0.0005147 0.0005147 0.0008752 0.0006177 0.0010309 0.0010825 0.0010297 0.0010297 0.0013925 0.0015476 0.0008237 0.0009782 0.0010823 0.0010823 0.0006177 0.0010308 0.0010824 0.0010824 0.0013406 0.0014440 0.0015473 0.0370922 0.0379615 0.0364066 0.0331614 
