100
02A1.GH.97.97GH_AG2.AB052867           0.0000000 0.3422224 0.3281793 0.3432314 0.4120303 0.3582799 0.4002583 0.3878431 0.4335758 0.4671566 0.5283370 0.5362792 0.5387042 0.5027082 0.5074310 0.5471462 0.4770224 0.5127862 0.5626311 0.5298135 0.5604777 0.5871330 0.6122489 0.6240372 0.6134980 0.6276885 0.6414958 0.6492438 0.6944862 0.7909696 0.4812873 0.4931641 0.5618007 0.5793524 0.6166592 0.7605268 0.8118166 0.5156407 0.5895068 0.7397694 0.7457570 0.7514116 0.6951197 0.7593714 0.7549563 0.7663009 0.7782670 0.7490265 0.7952600 0.7888765 0.7341456 0.7078932 0.7102989 0.7879870 0.7999616 0.7643580 0.8153115 0.7512491 0.8010147 0.8101675 0.8278247 0.7332781 0.7815771 0.8109634 0.7923154 0.8004040 0.8054030 0.7767121 0.7857228 0.7951515 0.7895225 0.7837184 0.8482213 0.8330240 0.6945289 0.6793223 0.6292686 1.0293984 0.7966608 0.7651606 0.8069084 0.8236055 0.8354456 0.7893282 0.8391533 0.7604656 0.8383483 0.8317551 0.7992158 0.7833780 0.8295568 0.8689638 0.8647788 0.9396028 0.8970361 0.7246084 1.7605325 1.7946945 1.7875888 2.4522240 
02_AG.CM.02.02CM_3217MN.GU201514       0.3422224 0.0000000 0.2460238 0.2738029 0.3367038 0.3867738 0.4332994 0.4058396 0.4466620 0.4818499 0.5301861 0.5530150 0.5662046 0.5179016 0.5381990 0.5635687 0.4980331 0.5383644 0.5683358 0.5477213 0.5988094 0.6152925 0.6219595 0.6359617 0.6384235 0.6661472 0.6603175 0.6644667 0.7177725 0.7876960 0.4816588 0.5182578 0.5702023 0.5980541 0.6189291 0.7613327 0.8462037 0.5227944 0.6052338 0.7655797 0.7492015 0.7667904 0.7141583 0.7479751 0.7746884 0.7624627 0.7782428 0.7633661 0.8063079 0.7834705 0.7465170 0.7304941 0.7352463 0.7929338 0.8029808 0.7670228 0.8348775 0.7626992 0.8249496 0.8000851 0.8370045 0.7319203 0.7829745 0.8132485 0.8003037 0.7930982 0.8195752 0.7918998 0.8060995 0.8060822 0.8040950 0.8045643 0.8399165 0.8418618 0.7061665 0.6894017 0.6395689 1.0304196 0.8096250 0.8098993 0.8123489 0.8442662 0.8169181 0.7944578 0.8496284 0.7690036 0.8577649 0.8351792 0.8093317 0.8004833 0.8497309 0.8777557 0.8508003 0.9448028 0.9071187 0.7633049 1.7151438 1.7178974 1.7507624 2.4084203 
02_AG.GW.04.CC_0030.FJ694791           0.3281793 0.2460238 0.0000000 0.2632550 0.3272750 0.3793346 0.4170933 0.3904111 0.4335560 0.4762829 0.5370643 0.5459287 0.5634023 0.5057581 0.5228739 0.5527308 0.4853922 0.5151332 0.5589776 0.5331220 0.5779080 0.6165616 0.6170038 0.6371765 0.6269286 0.6556710 0.6631310 0.6674882 0.7138654 0.7956912 0.4855593 0.5064277 0.5552696 0.5899290 0.6209356 0.7625433 0.8475135 0.5375786 0.5971415 0.7419382 0.7370691 0.7463574 0.7016478 0.7520005 0.7608992 0.7483290 0.7767984 0.7635654 0.7955882 0.7905435 0.7373572 0.7085801 0.7180613 0.7970322 0.8013715 0.7657464 0.7932890 0.7599941 0.8034572 0.7951022 0.8118709 0.7207135 0.7675749 0.8012477 0.7806397 0.7778253 0.8091059 0.7751594 0.7856057 0.7983312 0.7967482 0.7988204 0.8486751 0.8350593 0.7050677 0.6893468 0.6373595 1.0247564 0.8166524 0.7971412 0.8106089 0.8519011 0.8643370 0.7981705 0.8479105 0.7772461 0.8574563 0.8399589 0.8075349 0.8120431 0.8564497 0.8945384 0.8854675 0.9459143 0.9047167 0.7465696 1.7083563 1.7262800 1.7145740 2.3877360 
02_AG.GW.14.DE00214GW009.MH078544      0.3432314 0.2738029 0.2632550 0.0000000 0.3523142 0.3978161 0.4386615 0.4258671 0.4542899 0.4932256 0.5437061 0.5596914 0.5752382 0.5255742 0.5336330 0.5688032 0.5148083 0.5469419 0.5765299 0.5638204 0.5859374 0.6211953 0.6219315 0.6429401 0.6438892 0.6628721 0.6755749 0.6758744 0.7294812 0.8102346 0.4980516 0.5186375 0.5704606 0.6075247 0.6408827 0.7656124 0.8367806 0.5297758 0.6132350 0.7635796 0.7578623 0.7715010 0.7237502 0.7619017 0.7847795 0.7713962 0.7821808 0.7780606 0.8178196 0.8024365 0.7742754 0.7170978 0.7524980 0.8116378 0.8283765 0.7763024 0.8464370 0.7713463 0.8233203 0.8100941 0.8153296 0.7278812 0.7989063 0.8319187 0.8164885 0.8139084 0.8358389 0.8012789 0.8116936 0.8304383 0.8109450 0.8166882 0.8565640 0.8504253 0.6970142 0.6967069 0.6510080 1.0716412 0.8279011 0.8032703 0.8074048 0.8298507 0.8455567 0.8041619 0.8338987 0.7887158 0.8564493 0.8428149 0.8125002 0.8054105 0.8618069 0.8975299 0.8792107 0.9566006 0.9079377 0.7598657 1.6930082 1.7396913 1.7350040 2.3631894 
02D.GH.03.GHNJ193.AB231897             0.4120303 0.3367038 0.3272750 0.3523142 0.0000000 0.4551482 0.4910023 0.4727608 0.5052957 0.5417564 0.6096894 0.6230431 0.6496029 0.5862993 0.5848918 0.6261649 0.5689137 0.5851788 0.6348420 0.6063507 0.6611938 0.6752867 0.6971374 0.7154207 0.7007396 0.7216980 0.7320790 0.7350715 0.7975041 0.8734610 0.5555705 0.5714305 0.6231445 0.6766886 0.7022722 0.8315151 0.8971007 0.6184514 0.6609554 0.8102833 0.8030513 0.8070667 0.7682172 0.8214675 0.8279046 0.8343942 0.8251376 0.8316637 0.8559945 0.8365168 0.8331969 0.7843968 0.7903945 0.8676453 0.8479286 0.8294182 0.8869992 0.8354282 0.8872591 0.8701604 0.8890013 0.8050696 0.8572177 0.8592226 0.8650853 0.8416218 0.8761895 0.8567804 0.8523800 0.8865061 0.8701038 0.8499599 0.9235129 0.9225665 0.7834470 0.7590646 0.6995109 1.1219352 0.8976972 0.8648886 0.8588683 0.9097993 0.9081298 0.8632692 0.9070585 0.8454956 0.9217737 0.9174203 0.8802033 0.8568792 0.9084043 0.9203246 0.9322313 1.0284750 0.9804417 0.8080328 1.8211840 1.7728598 1.8069111 2.5300380 
02A.CI.16.DEURF16CI011.MH078538        0.3582799 0.3867738 0.3793346 0.3978161 0.4551482 0.0000000 0.4523227 0.4391873 0.4829041 0.5159417 0.5619763 0.5799161 0.6020843 0.5401306 0.5584964 0.5969074 0.5213557 0.5684564 0.6096204 0.5732021 0.6175878 0.6272365 0.6454562 0.6609776 0.6579808 0.6901826 0.6923987 0.6945844 0.7438362 0.8169217 0.5198069 0.5452352 0.6134694 0.6497435 0.6750462 0.7780133 0.8642796 0.5830970 0.6270220 0.7982321 0.7837282 0.7852288 0.7374538 0.7805226 0.8112913 0.8056356 0.8278388 0.7979362 0.8285080 0.8175650 0.7755960 0.7569639 0.7734475 0.8347654 0.8382359 0.8120252 0.8661997 0.7958447 0.8680082 0.8396201 0.8618468 0.7851763 0.8257455 0.8414001 0.8298376 0.8342712 0.8641936 0.8290584 0.8287912 0.8514568 0.8152316 0.8457427 0.8770176 0.8757742 0.7282850 0.7233531 0.6826071 1.0835458 0.8625648 0.8546221 0.8573597 0.8855994 0.8822137 0.8420555 0.8838042 0.8181816 0.8962734 0.8958361 0.8531911 0.8462091 0.8955721 0.9124348 0.9255257 0.9830904 0.9269551 0.7880052 1.8102001 1.8091137 1.7837509 2.4679314 
U.ES.10.DEURF10DZ001.JX140679          0.4002583 0.4332994 0.4170933 0.4386615 0.4910023 0.4523227 0.0000000 0.3826415 0.5000281 0.5249623 0.5966525 0.5988603 0.6086376 0.5697734 0.5737585 0.6036433 0.5443963 0.5883015 0.6201798 0.6051081 0.6330674 0.6704579 0.6679954 0.6928161 0.6941633 0.7106991 0.7167714 0.7146501 0.7813130 0.8564748 0.5339180 0.5617023 0.6269491 0.6412814 0.6806492 0.8188183 0.8862098 0.6030307 0.6679045 0.7988319 0.8015964 0.8115181 0.7387652 0.7799461 0.7950361 0.8063476 0.8176934 0.7905949 0.8184241 0.8134636 0.7717854 0.7555887 0.7626183 0.8440085 0.8359265 0.8041370 0.8705799 0.8053482 0.8624011 0.8468838 0.8649009 0.7694777 0.8199482 0.8433447 0.8297038 0.8334934 0.8520352 0.8261887 0.8241352 0.8495672 0.8413163 0.8316439 0.8951582 0.8778935 0.7572158 0.7302562 0.6966410 1.0853763 0.8854589 0.8434245 0.8657008 0.8921101 0.9080990 0.8293589 0.8819180 0.8510069 0.8959216 0.8833533 0.8575908 0.8545903 0.8911038 0.9169059 0.9373844 1.0116328 0.9574526 0.7994636 1.8266473 1.8728034 1.8245901 2.4139072 
0206.SN.12.LA56Senegl.KU168299         0.3878431 0.4058396 0.3904111 0.4258671 0.4727608 0.4391873 0.3826415 0.0000000 0.4773977 0.4998218 0.5579932 0.5602268 0.5982216 0.5360058 0.5388880 0.5779606 0.5156081 0.5517820 0.5742120 0.5579077 0.6040162 0.6303914 0.6296917 0.6623024 0.6441286 0.6739315 0.6669615 0.6795463 0.7312453 0.8111351 0.5244328 0.5338973 0.6040920 0.6251771 0.6412846 0.7862847 0.8388992 0.5841206 0.6251702 0.7824642 0.7672890 0.7887746 0.7355548 0.7685114 0.7845335 0.7884695 0.8043090 0.7899043 0.8335985 0.7958819 0.7572283 0.7382490 0.7471708 0.8126759 0.8195507 0.7862466 0.8299432 0.7834424 0.8356094 0.8297899 0.8448427 0.7603979 0.7888970 0.8295298 0.8118705 0.8047347 0.8278368 0.8090665 0.8042044 0.8436906 0.7986407 0.8117753 0.8720550 0.8627467 0.7172097 0.6794256 0.6531959 1.0741632 0.8636662 0.8095733 0.8475921 0.8673154 0.8768327 0.8297479 0.8823942 0.8266116 0.8759337 0.8867918 0.8488074 0.8415571 0.8661024 0.8999089 0.9105362 0.9852352 0.9338532 0.7703600 1.7904418 1.8278353 1.8292489 2.4380968 
AGU.CM.06.770_8.MH705142               0.4335758 0.4466620 0.4335560 0.4542899 0.5052957 0.4829041 0.5000281 0.4773977 0.0000000 0.4948531 0.5551136 0.5457327 0.5674635 0.5248670 0.5224218 0.5627874 0.5161315 0.5427687 0.5696945 0.5402020 0.6106198 0.6172488 0.6328469 0.6488861 0.6436773 0.6627304 0.6667728 0.6755554 0.7242907 0.8127306 0.5483936 0.4820436 0.5352917 0.5718923 0.6088058 0.7778074 0.8445597 0.6237511 0.6277478 0.7633548 0.7668164 0.7621928 0.7145417 0.7784049 0.7825778 0.7876718 0.7854057 0.7790107 0.8060325 0.7976234 0.7488638 0.7468465 0.7471312 0.8209237 0.8226614 0.7743763 0.8298966 0.7717385 0.8033625 0.8238226 0.8438702 0.7530351 0.7978929 0.8258863 0.7982685 0.7953969 0.8269055 0.8038859 0.8011498 0.8273365 0.8128185 0.8083238 0.8545763 0.8375994 0.7264308 0.6994079 0.6426714 1.0654617 0.8370289 0.7893118 0.8352859 0.8700454 0.8462546 0.8161586 0.8688768 0.7895232 0.8496179 0.8542871 0.8029171 0.8215286 0.8720566 0.8891920 0.8878172 0.9731725 0.9098331 0.7862784 1.8813401 1.8810007 1.8430509 2.5039712 
45_cpx.CD.97.97CD_MBFE185.FN392874     0.4671566 0.4818499 0.4762829 0.4932256 0.5417564 0.5159417 0.5249623 0.4998218 0.4948531 0.0000000 0.5032766 0.4976935 0.5173181 0.4762380 0.4755334 0.5109099 0.4615744 0.4773123 0.5119414 0.5044663 0.5341447 0.5750635 0.5671439 0.5979442 0.5902449 0.6113616 0.6121587 0.6166800 0.6621614 0.7627298 0.5591502 0.5564186 0.6069281 0.6461823 0.6652400 0.7087095 0.7754736 0.6780130 0.5828258 0.7174327 0.7028790 0.7194348 0.6699907 0.7165283 0.7481886 0.7348429 0.7482510 0.7305696 0.7731167 0.7391763 0.7172902 0.7009448 0.7037213 0.7863567 0.7786719 0.7256354 0.7912089 0.7438297 0.7875295 0.7760674 0.7979083 0.7107998 0.7611130 0.7683884 0.7488369 0.7385430 0.7965693 0.7622751 0.7504282 0.7610026 0.7742217 0.7692332 0.8341049 0.8107701 0.6851240 0.6671445 0.6178606 1.0347209 0.7727045 0.7523031 0.7619736 0.7813632 0.8149938 0.7409873 0.8065298 0.7397904 0.7766497 0.7800414 0.7467218 0.7619958 0.8086017 0.8433930 0.8112755 0.9149202 0.8835637 0.7347348 1.8746947 1.9326148 1.8294862 2.5348281 
A1.KE.06.06KECst_028.FJ623479          0.5283370 0.5301861 0.5370643 0.5437061 0.6096894 0.5619763 0.5966525 0.5579932 0.5551136 0.5032766 0.0000000 0.3168289 0.4213070 0.3740110 0.3952584 0.4023334 0.4292658 0.4604466 0.4455735 0.4822039 0.4763055 0.5562961 0.5659093 0.5800121 0.5685799 0.5933810 0.5863184 0.5905450 0.6720649 0.7509924 0.6115869 0.6150520 0.6825380 0.7415915 0.7326679 0.7098104 0.7717632 0.7380117 0.6582569 0.8230687 0.8213896 0.8209702 0.7731751 0.8300762 0.8405010 0.8401816 0.8471969 0.8282056 0.8551463 0.8745787 0.8002080 0.7924399 0.8001339 0.8712571 0.8891323 0.8286646 0.8900667 0.8269939 0.8729359 0.8683461 0.8772536 0.7957264 0.8495238 0.8720817 0.8528662 0.8470995 0.8682935 0.8421688 0.8413329 0.8520718 0.8574987 0.8612444 0.9202870 0.8999556 0.7779679 0.7572383 0.6971059 1.1533820 0.7176935 0.6723492 0.7335392 0.7462690 0.7334438 0.6814705 0.7466141 0.6668473 0.7423480 0.7232377 0.6980933 0.6993105 0.7402014 0.8028750 0.7686231 0.8711247 0.8111784 0.8234985 1.9492088 1.9883991 1.9365983 2.5222582 
A1.KE.06.06KECst_013.FJ623485          0.5362792 0.5530150 0.5459287 0.5596914 0.6230431 0.5799161 0.5988603 0.5602268 0.5457327 0.4976935 0.3168289 0.0000000 0.4189564 0.3584417 0.3925233 0.3867401 0.4249197 0.4590278 0.4449487 0.4726847 0.4776659 0.5491547 0.5553657 0.5729628 0.5711657 0.5911664 0.5988820 0.5911240 0.6523271 0.7337439 0.6215122 0.6106219 0.6669808 0.7206822 0.7366396 0.6982467 0.7842076 0.7400133 0.6501262 0.7935767 0.7966313 0.8083448 0.7501508 0.8076671 0.8378573 0.8210472 0.8259033 0.8034526 0.8456399 0.8536528 0.7810334 0.7713745 0.7861125 0.8441831 0.8636472 0.8102992 0.8597814 0.8212872 0.8611538 0.8621148 0.8734495 0.7931331 0.8193355 0.8740145 0.8327508 0.8370246 0.8508512 0.8393162 0.8477143 0.8439826 0.8628754 0.8529035 0.8905229 0.8983297 0.7597960 0.7422397 0.7037235 1.0973483 0.7105038 0.6728530 0.7030470 0.7363124 0.7089583 0.6647005 0.7244994 0.6699961 0.7094668 0.7153408 0.6802385 0.6801419 0.7460603 0.7733827 0.7547548 0.8256495 0.7881435 0.8039103 1.9730887 2.0320993 1.9756148 2.6427224 
A1.CY.07.CY208.JF683760                0.5387042 0.5662046 0.5634023 0.5752382 0.6496029 0.6020843 0.6086376 0.5982216 0.5674635 0.5173181 0.4213070 0.4189564 0.0000000 0.2323798 0.4079566 0.4287375 0.4506880 0.4721635 0.4756210 0.4996668 0.4926658 0.5705589 0.5681719 0.5929814 0.5888291 0.6229329 0.6122912 0.6053445 0.6705297 0.7645483 0.6608680 0.6418635 0.6869155 0.7374902 0.7927661 0.7328708 0.8188094 0.7715013 0.6633150 0.8330781 0.8178832 0.8255007 0.7721819 0.8192595 0.8470049 0.8275121 0.8472008 0.8467391 0.8560397 0.8536936 0.8067295 0.7904377 0.7852434 0.8855679 0.8725901 0.8401384 0.8826348 0.8157411 0.8497561 0.8743740 0.8788010 0.8228222 0.8476916 0.8918851 0.8572255 0.8623234 0.8790521 0.8622520 0.8423773 0.8538769 0.8720050 0.8616215 0.9081639 0.9272862 0.7673069 0.7491115 0.7213110 1.0956502 0.7371666 0.6964906 0.7323892 0.7589424 0.7516140 0.6852549 0.7422466 0.6808074 0.7371039 0.7536342 0.7181285 0.7171620 0.7479700 0.7778174 0.7860339 0.8740586 0.8166044 0.8212445 2.0052183 2.0007326 2.0017405 2.5992401 
A1.CY.05.CY051.FJ388903                0.5027082 0.5179016 0.5057581 0.5255742 0.5862993 0.5401306 0.5697734 0.5360058 0.5248670 0.4762380 0.3740110 0.3584417 0.2323798 0.0000000 0.3649738 0.3895085 0.4075743 0.4193891 0.4311180 0.4438997 0.4355879 0.5228002 0.5285761 0.5472503 0.5414397 0.5577324 0.5595009 0.5598525 0.6116541 0.7040123 0.6002859 0.6076640 0.6585628 0.6820226 0.7113821 0.6766556 0.7497162 0.7196101 0.6239608 0.7721633 0.7610875 0.7615946 0.7231189 0.7867683 0.7886503 0.7964061 0.7972102 0.7825218 0.8086354 0.7929225 0.7621889 0.7465405 0.7295728 0.8159082 0.8321059 0.8051181 0.8272845 0.7772679 0.8013696 0.8492555 0.8208769 0.7603475 0.8039245 0.8327757 0.8043620 0.8085412 0.8242075 0.7973328 0.8126274 0.8010153 0.8189609 0.7905930 0.8588124 0.8667647 0.7241501 0.7002236 0.6658830 1.0522178 0.7013312 0.6549981 0.6822559 0.7150225 0.6956592 0.6436109 0.6957927 0.6272572 0.6985446 0.6917226 0.6672392 0.6659394 0.6965418 0.7461540 0.7455484 0.8100365 0.7749197 0.7886627 1.9494406 1.9803036 1.9357414 2.6348980 
A1.UG.11.DEMA110UG001.KF859745         0.5074310 0.5381990 0.5228739 0.5336330 0.5848918 0.5584964 0.5737585 0.5388880 0.5224218 0.4755334 0.3952584 0.3925233 0.4079566 0.3649738 0.0000000 0.4141796 0.4067160 0.4199773 0.4239110 0.4489524 0.4530602 0.5307856 0.5328038 0.5606289 0.5505586 0.5647511 0.5743761 0.5842723 0.6359413 0.7276631 0.5939060 0.6140141 0.6560663 0.7039270 0.7215127 0.6712800 0.7402926 0.7191635 0.6324883 0.7931687 0.7843705 0.7943084 0.7577170 0.7871929 0.8101288 0.8005617 0.8018338 0.7877836 0.8451413 0.8254475 0.7899156 0.7783952 0.7582582 0.8382162 0.8667921 0.7928022 0.8442674 0.8046078 0.8594015 0.8341855 0.8529996 0.7885637 0.8107474 0.8549463 0.8068967 0.8245975 0.8354475 0.8319946 0.8360480 0.8398101 0.8612380 0.8251282 0.8811433 0.8709212 0.7365313 0.7068963 0.6736890 1.0879436 0.7010844 0.6356379 0.6875186 0.7070756 0.7081062 0.6432914 0.7063754 0.6452140 0.6955557 0.6937908 0.6691871 0.6901027 0.6972376 0.7526786 0.7303749 0.8247982 0.7770944 0.8100546 1.9708379 2.0114708 1.9956090 2.7463074 
35_AD.AF.06.007H.GQ477450              0.5471462 0.5635687 0.5527308 0.5688032 0.6261649 0.5969074 0.6036433 0.5779606 0.5627874 0.5109099 0.4023334 0.3867401 0.4287375 0.3895085 0.4141796 0.0000000 0.4515353 0.4701830 0.4761755 0.4944121 0.5029089 0.5808484 0.5940837 0.6066275 0.5971877 0.6197974 0.6141295 0.6164325 0.7005818 0.7693351 0.6314538 0.6344613 0.6794261 0.7413818 0.7385374 0.7227016 0.8034125 0.7496272 0.6634811 0.8317237 0.8382311 0.8318662 0.7695937 0.8474876 0.8540001 0.8451912 0.8526254 0.8459074 0.8737942 0.8705177 0.8070960 0.8044669 0.8002652 0.8969258 0.8770814 0.8427385 0.8758031 0.8302833 0.8820111 0.8747507 0.8749473 0.8018386 0.8495575 0.8903479 0.8621647 0.8612615 0.8869169 0.8688671 0.8458091 0.8865209 0.8725176 0.8502543 0.9290395 0.9230843 0.7747590 0.7582591 0.7124782 1.1045355 0.7634090 0.7014207 0.7188860 0.7496924 0.7413519 0.6969344 0.7666235 0.6930592 0.7525406 0.7446219 0.7163024 0.7142266 0.7670249 0.7831389 0.7588511 0.8682482 0.8374883 0.8204092 2.0475562 2.0409307 1.9523890 2.6468436 
A1.CY.06.CY154.FJ388943                0.4770224 0.4980331 0.4853922 0.5148083 0.5689137 0.5213557 0.5443963 0.5156081 0.5161315 0.4615744 0.4292658 0.4249197 0.4506880 0.4075743 0.4067160 0.4515353 0.0000000 0.4060669 0.4470667 0.4340275 0.4679774 0.5044621 0.5025379 0.5248535 0.5223694 0.5482602 0.5431310 0.5406652 0.6009635 0.7053194 0.5759914 0.5764413 0.6403018 0.6945158 0.6949842 0.6581491 0.7449312 0.7074342 0.6102844 0.7562839 0.7361831 0.7650066 0.7196505 0.7584943 0.7936731 0.7777115 0.7729275 0.7368367 0.7979928 0.7887565 0.7380571 0.7341297 0.7217116 0.7990710 0.8093770 0.7828897 0.8065858 0.7697290 0.8006752 0.8102368 0.8231521 0.7563993 0.7954876 0.8208874 0.7897128 0.7877230 0.8056907 0.7950252 0.7877308 0.7945566 0.7980916 0.7911879 0.8584209 0.8388760 0.6978384 0.6955158 0.6349097 1.0345934 0.7173725 0.6852179 0.7211604 0.7366951 0.7348897 0.6935821 0.7424571 0.6771300 0.7188196 0.7258800 0.6923751 0.6993255 0.7447228 0.7962868 0.7569163 0.8415756 0.7930334 0.7799315 1.9172396 1.9532452 1.9335597 2.5997567 
A6.UA.12.DEMA112UA036.KU749406         0.5127862 0.5383644 0.5151332 0.5469419 0.5851788 0.5684564 0.5883015 0.5517820 0.5427687 0.4773123 0.4604466 0.4590278 0.4721635 0.4193891 0.4199773 0.4701830 0.4060669 0.0000000 0.4706146 0.4377493 0.4980675 0.5105137 0.5358717 0.5468954 0.5329975 0.5540700 0.5523321 0.5722409 0.6178181 0.7041148 0.5962058 0.6020481 0.6571848 0.6893203 0.7336230 0.6708052 0.7460598 0.7186449 0.6369361 0.7829561 0.7796427 0.7928984 0.7304859 0.7943491 0.8325499 0.8030502 0.8274172 0.7876632 0.8275932 0.8193968 0.7712261 0.7741648 0.7773067 0.8256954 0.8446835 0.7982009 0.8581386 0.7925160 0.8246369 0.8551179 0.8658006 0.7814890 0.8094506 0.8435313 0.8184732 0.8015580 0.8487131 0.8240592 0.8158486 0.8203999 0.8565981 0.8285125 0.8922108 0.8733047 0.7257788 0.7258869 0.6786081 1.0918280 0.7569066 0.7190154 0.7343976 0.7622712 0.7662344 0.6962384 0.7560079 0.6863416 0.7510595 0.7470981 0.7170611 0.7336791 0.7558741 0.8012489 0.7847032 0.8518570 0.8343674 0.8033971 1.9013478 1.9717753 1.9174314 2.5942144 
A1D.UG.99.99UGJ21953.AF484496          0.5626311 0.5683358 0.5589776 0.5765299 0.6348420 0.6096204 0.6201798 0.5742120 0.5696945 0.5119414 0.4455735 0.4449487 0.4756210 0.4311180 0.4239110 0.4761755 0.4470667 0.4706146 0.0000000 0.5018145 0.4664567 0.5683128 0.5776946 0.5914296 0.5868258 0.6034755 0.6056629 0.6140341 0.6685201 0.7692143 0.6527760 0.6363989 0.6896328 0.7520155 0.7539311 0.7040850 0.7797815 0.7456832 0.6769380 0.8036342 0.8017114 0.8112588 0.7584059 0.8058498 0.8272721 0.8123621 0.8302991 0.8061514 0.8526007 0.8546231 0.8035611 0.7977792 0.7799726 0.8501232 0.8832439 0.8236785 0.8715733 0.7961481 0.8421857 0.8626385 0.8809464 0.7914915 0.8171023 0.8639690 0.8194602 0.8351485 0.8708586 0.8559108 0.8489828 0.8488034 0.8490219 0.8608407 0.8783055 0.8861437 0.7710492 0.7411816 0.7173236 1.0872951 0.7264492 0.6818299 0.7327516 0.7428361 0.7364346 0.6694660 0.7422448 0.6742100 0.7322264 0.7278776 0.7106639 0.6868295 0.7484873 0.7685543 0.7613653 0.8423966 0.7998755 0.8220386 1.9772757 1.9928086 1.9410287 2.5858804 
22_01A1.CM.02.02CM_1867LE.AY371165     0.5298135 0.5477213 0.5331220 0.5638204 0.6063507 0.5732021 0.6051081 0.5579077 0.5402020 0.5044663 0.4822039 0.4726847 0.4996668 0.4438997 0.4489524 0.4944121 0.4340275 0.4377493 0.5018145 0.0000000 0.5227762 0.4379592 0.4422970 0.4663767 0.4628941 0.4760864 0.4685995 0.4645903 0.5288056 0.6274637 0.6071647 0.6059708 0.6629511 0.7232573 0.7291658 0.5763392 0.6465051 0.7321308 0.6555189 0.8183590 0.8023836 0.8104803 0.7525961 0.8068908 0.8259088 0.8034896 0.8161008 0.8035154 0.8429931 0.8473279 0.7886518 0.7820737 0.7779203 0.8442832 0.8616554 0.8108948 0.8572833 0.8213589 0.8631796 0.8695968 0.8779361 0.8014576 0.8309751 0.8692896 0.8468890 0.8414855 0.8677529 0.8595315 0.8228156 0.8361578 0.8577555 0.8404406 0.9092178 0.8827971 0.7643201 0.7328858 0.6936034 1.1096154 0.7719147 0.7314213 0.7454885 0.7604132 0.7811972 0.7272513 0.7912349 0.7262771 0.7716444 0.7588420 0.7392797 0.7411296 0.7696215 0.8234746 0.8060472 0.8998252 0.8373363 0.8209996 1.8944144 1.9830679 1.9082897 2.6549616 
A1C.UG.99.99UGF25926.AF484491          0.5604777 0.5988094 0.5779080 0.5859374 0.6611938 0.6175878 0.6330674 0.6040162 0.6106198 0.5341447 0.4763055 0.4776659 0.4926658 0.4355879 0.4530602 0.5029089 0.4679774 0.4980675 0.4664567 0.5227762 0.0000000 0.5927580 0.6045233 0.6097598 0.5877637 0.6267310 0.6352793 0.6337383 0.6826490 0.7606488 0.6405959 0.6767212 0.7220229 0.7786526 0.7754514 0.7320322 0.8030125 0.7872392 0.6958739 0.8313707 0.8091130 0.8404020 0.7971565 0.8317968 0.8484669 0.8544475 0.8527970 0.8466831 0.8738502 0.8584092 0.8178787 0.8026135 0.7983254 0.8715985 0.9089106 0.8397044 0.8816460 0.8546575 0.8815018 0.8775593 0.8963089 0.8077164 0.8461206 0.8894096 0.8514165 0.8692538 0.8717647 0.8570858 0.8567064 0.8802263 0.8993570 0.8803488 0.9306855 0.9133734 0.7611003 0.7598588 0.7295140 1.1286545 0.6208732 0.5706998 0.5942489 0.6075879 0.6300203 0.5677636 0.6182107 0.5667110 0.6156114 0.6123935 0.5792719 0.5843423 0.6248311 0.6766476 0.6314360 0.7508430 0.7056126 0.8677372 1.9982276 2.0678678 1.9976240 2.6345806 
01_AE.CN.02.YN0236.JX112866            0.5871330 0.6152925 0.6165616 0.6211953 0.6752867 0.6272365 0.6704579 0.6303914 0.6172488 0.5750635 0.5562961 0.5491547 0.5705589 0.5228002 0.5307856 0.5808484 0.5044621 0.5105137 0.5683128 0.4379592 0.5927580 0.0000000 0.1587569 0.2008287 0.2182865 0.2101237 0.2144128 0.2464481 0.2933679 0.3660608 0.6870138 0.6578311 0.7406459 0.7866927 0.7994977 0.4782485 0.5327145 0.7976489 0.7162177 0.8889905 0.8615814 0.8808143 0.8305150 0.8930148 0.9130298 0.8849805 0.8904523 0.8625982 0.9308320 0.9146929 0.8760159 0.8567996 0.8319938 0.9205752 0.9443536 0.8792792 0.9366165 0.8809104 0.9354400 0.9105391 0.9534795 0.8916134 0.9149561 0.9295684 0.9018276 0.8927316 0.9202658 0.9036031 0.9176603 0.9194653 0.9262870 0.9337957 0.9749729 0.9623465 0.8320287 0.8149933 0.7666318 1.1699560 0.8745055 0.8164718 0.8292609 0.8444311 0.9035262 0.8136642 0.8767928 0.8066385 0.8572969 0.8515664 0.8275867 0.8329958 0.8669305 0.9039735 0.9094994 0.9796578 0.9201032 0.9026666 2.0369078 2.1101833 2.0175166 2.8163481 
01_AE.TH.99.99TH_C4460.AY945726        0.6122489 0.6219595 0.6170038 0.6219315 0.6971374 0.6454562 0.6679954 0.6296917 0.6328469 0.5671439 0.5659093 0.5553657 0.5681719 0.5285761 0.5328038 0.5940837 0.5025379 0.5358717 0.5776946 0.4422970 0.6045233 0.1587569 0.0000000 0.2009357 0.2160560 0.2106478 0.2114726 0.2461191 0.2919854 0.3736922 0.7004916 0.6906046 0.7684076 0.8048676 0.8191815 0.4782674 0.5240863 0.8093605 0.7293737 0.8776659 0.8650885 0.8678119 0.8163657 0.8906228 0.8971426 0.8868906 0.8917874 0.8664239 0.9188169 0.9234350 0.8591070 0.8615765 0.8418470 0.9124227 0.9320814 0.8677421 0.9571316 0.8933472 0.9262972 0.9060464 0.9508602 0.8897025 0.9076374 0.9236599 0.9063330 0.9037332 0.9274301 0.8999013 0.9166703 0.9323252 0.9245801 0.9287415 0.9661186 0.9644013 0.8217184 0.8198355 0.7758435 1.1882294 0.8684549 0.8118457 0.8284743 0.8429478 0.8742729 0.8148148 0.8667921 0.7974598 0.8847745 0.8583205 0.8280260 0.8189106 0.8687965 0.9073483 0.9037012 0.9824788 0.9279762 0.9061928 2.0181490 2.0797997 2.0860585 2.8123613 
01_AE.TH.07.AA030a04.JX447057          0.6240372 0.6359617 0.6371765 0.6429401 0.7154207 0.6609776 0.6928161 0.6623024 0.6488861 0.5979442 0.5800121 0.5729628 0.5929814 0.5472503 0.5606289 0.6066275 0.5248535 0.5468954 0.5914296 0.4663767 0.6097598 0.2008287 0.2009357 0.0000000 0.2392110 0.2419281 0.2246957 0.2713893 0.3108017 0.3901551 0.7227727 0.6912710 0.7874835 0.8178189 0.8206904 0.5039711 0.5643166 0.8284350 0.7552348 0.8794463 0.8784359 0.8856234 0.8355388 0.8812120 0.9139949 0.9086584 0.8915437 0.8722210 0.9218489 0.9242806 0.8768208 0.8738853 0.8607295 0.9266521 0.9495333 0.8927027 0.9633065 0.8847900 0.9524069 0.9263612 0.9504396 0.9072795 0.9224392 0.9488778 0.9280203 0.9147914 0.9416079 0.9183256 0.9294908 0.9357493 0.9229497 0.9452111 0.9597196 0.9649315 0.8532705 0.8329053 0.7777550 1.1898078 0.8970530 0.8322945 0.8505376 0.8782403 0.8866152 0.8357136 0.8759008 0.8167800 0.8862695 0.8781191 0.8269688 0.8443578 0.8821938 0.9282949 0.9127291 1.0012104 0.9363891 0.9413701 2.0958098 2.1319279 2.0942495 2.8081221 
01_AE.TH.05.AA101a_WG1.JX447936        0.6134980 0.6384235 0.6269286 0.6438892 0.7007396 0.6579808 0.6941633 0.6441286 0.6436773 0.5902449 0.5685799 0.5711657 0.5888291 0.5414397 0.5505586 0.5971877 0.5223694 0.5329975 0.5868258 0.4628941 0.5877637 0.2182865 0.2160560 0.2392110 0.0000000 0.2539754 0.2517261 0.2645734 0.3259852 0.4064258 0.6951611 0.6930932 0.7732127 0.8123374 0.8255212 0.4898102 0.5492652 0.8217801 0.7458516 0.8912264 0.8747138 0.8810516 0.8395540 0.8979337 0.9253968 0.8892680 0.9060136 0.8865079 0.9372060 0.9174302 0.8783037 0.8663509 0.8445617 0.9255849 0.9499765 0.8962192 0.9477963 0.8938930 0.9487740 0.9133505 0.9663432 0.9063328 0.9197747 0.9267242 0.9133928 0.9010822 0.9389220 0.9311218 0.9321870 0.9315167 0.9374154 0.9412398 0.9931636 0.9995274 0.8309083 0.8208758 0.7646090 1.1501544 0.8723453 0.8119689 0.8387633 0.8543455 0.8878242 0.8243445 0.8879841 0.8049872 0.8765319 0.8799028 0.8468157 0.8384223 0.8698727 0.9035908 0.9162414 1.0053027 0.9295537 0.9060495 2.0260297 2.1011530 2.0776828 2.7376126 
01_AE.CN.07.GX070143.JX112835          0.6276885 0.6661472 0.6556710 0.6628721 0.7216980 0.6901826 0.7106991 0.6739315 0.6627304 0.6113616 0.5933810 0.5911664 0.6229329 0.5577324 0.5647511 0.6197974 0.5482602 0.5540700 0.6034755 0.4760864 0.6267310 0.2101237 0.2106478 0.2419281 0.2539754 0.0000000 0.2523686 0.2879619 0.3285130 0.4067417 0.7375400 0.7118449 0.8024981 0.8449755 0.8451317 0.5241291 0.5720431 0.8448995 0.7673767 0.9070196 0.9070023 0.9012251 0.8705032 0.9159405 0.9269746 0.8998319 0.9287279 0.9051712 0.9617100 0.9463752 0.8924124 0.8968429 0.8629819 0.9610378 0.9826189 0.9157055 0.9668629 0.9248497 0.9574611 0.9430662 0.9934249 0.9182987 0.9279659 0.9557690 0.9409320 0.9259346 0.9584644 0.9545647 0.9408266 0.9725515 0.9532148 0.9598855 1.0011333 1.0091457 0.8787529 0.8450024 0.8116702 1.1880857 0.9033534 0.8461139 0.8730135 0.9077570 0.9286089 0.8664200 0.9231034 0.8441037 0.9076731 0.8872115 0.8692060 0.8563520 0.9138739 0.9493705 0.9505715 1.0245871 0.9734734 0.9440344 2.0318019 2.0756005 2.0627392 2.7773583 
01_AE.CN.07.07CNYN326.KF835513         0.6414958 0.6603175 0.6631310 0.6755749 0.7320790 0.6923987 0.7167714 0.6669615 0.6667728 0.6121587 0.5863184 0.5988820 0.6122912 0.5595009 0.5743761 0.6141295 0.5431310 0.5523321 0.6056629 0.4685995 0.6352793 0.2144128 0.2114726 0.2246957 0.2517261 0.2523686 0.0000000 0.2810643 0.3261662 0.4069380 0.7412004 0.7159386 0.7998200 0.8293447 0.8516422 0.5128323 0.5692223 0.8733108 0.7834137 0.9111801 0.9089880 0.9292408 0.8659264 0.9127322 0.9327089 0.9140418 0.9328575 0.9000986 0.9565350 0.9573205 0.9014700 0.8955011 0.8739405 0.9479241 0.9794809 0.9079013 0.9491286 0.9225101 0.9464530 0.9404975 0.9855997 0.9291237 0.9410234 0.9430251 0.9201759 0.9169036 0.9629721 0.9460911 0.9170979 0.9638911 0.9521749 0.9716743 0.9998363 1.0325637 0.8618667 0.8456493 0.8052580 1.1927008 0.9035386 0.8463710 0.8742846 0.8987243 0.9057530 0.8798043 0.9159998 0.8457364 0.8913528 0.8955345 0.8569490 0.8818048 0.8985188 0.9565820 0.9625405 1.0333673 0.9660295 0.9266418 2.0450217 2.1548972 2.0742477 2.7151704 
01_AE.CN.07.07CNYN343.KF835528         0.6492438 0.6644667 0.6674882 0.6758744 0.7350715 0.6945844 0.7146501 0.6795463 0.6755554 0.6166800 0.5905450 0.5911240 0.6053445 0.5598525 0.5842723 0.6164325 0.5406652 0.5722409 0.6140341 0.4645903 0.6337383 0.2464481 0.2461191 0.2713893 0.2645734 0.2879619 0.2810643 0.0000000 0.3516127 0.4384816 0.7385519 0.7283973 0.8174728 0.8468492 0.8494466 0.5184646 0.5772973 0.8429975 0.7632654 0.9374213 0.8994040 0.9128405 0.8716152 0.9208807 0.9471950 0.9227863 0.9279111 0.9116566 0.9672581 0.9560149 0.8962010 0.8942668 0.8926580 0.9560412 0.9738324 0.9260014 0.9715491 0.9327611 0.9697817 0.9557602 0.9880248 0.9393411 0.9630781 0.9744870 0.9295847 0.9418909 0.9477215 0.9614538 0.9335425 0.9496830 0.9695726 0.9703373 1.0178428 1.0038434 0.8652535 0.8599568 0.7989981 1.1808051 0.8947308 0.8506218 0.8788944 0.9012842 0.9303735 0.8535031 0.9043402 0.8259337 0.8924456 0.8869093 0.8455050 0.8747869 0.9029846 0.9461733 0.9490987 1.0403374 0.9763881 0.9241589 2.0873263 2.1453134 2.0852806 2.8046735 
01BC.CN.13.SZ95LS8027.KX379000         0.6944862 0.7177725 0.7138654 0.7294812 0.7975041 0.7438362 0.7813130 0.7312453 0.7242907 0.6621614 0.6720649 0.6523271 0.6705297 0.6116541 0.6359413 0.7005818 0.6009635 0.6178181 0.6685201 0.5288056 0.6826490 0.2933679 0.2919854 0.3108017 0.3259852 0.3285130 0.3261662 0.3516127 0.0000000 0.4728790 0.8081677 0.7827903 0.8547667 0.8869635 0.9001007 0.5806253 0.6246705 0.8725392 0.8263028 0.9510480 0.9483968 0.9505448 0.9064575 0.9698183 0.9803205 0.9609920 0.9838871 0.9569857 1.0105085 0.9927246 0.9520944 0.9453162 0.9102117 1.0000490 1.0239989 0.9563568 0.9904078 0.9675249 1.0187505 0.9824073 1.0078068 0.9852124 0.9947912 1.0179196 0.9920790 1.0045309 1.0031968 0.9921628 0.9720540 0.9968778 1.0023459 1.0030508 1.0528537 1.0261760 0.9402328 0.9058842 0.8467396 1.2596562 0.9361204 0.9171831 0.9233786 0.9467443 0.9672454 0.9180240 0.9613707 0.9028342 0.9720348 0.9550801 0.9311595 0.9341430 0.9842095 0.9886333 1.0182835 1.0997781 1.0363330 0.9552254 2.1726129 2.1966047 2.1530327 2.7788391 
69_01B.JP.05.05JPMYC113SP420.LC027100  0.7909696 0.7876960 0.7956912 0.8102346 0.8734610 0.8169217 0.8564748 0.8111351 0.8127306 0.7627298 0.7509924 0.7337439 0.7645483 0.7040123 0.7276631 0.7693351 0.7053194 0.7041148 0.7692143 0.6274637 0.7606488 0.3660608 0.3736922 0.3901551 0.4064258 0.4067417 0.4069380 0.4384816 0.4728790 0.0000000 0.8809757 0.8610482 0.9671336 0.9871275 0.9792515 0.6509631 0.7141732 0.9866758 0.9155748 1.0534516 1.0428532 1.0494997 0.9935786 1.0739472 1.0697729 1.0387907 1.0644512 1.0533314 1.1039356 1.0931505 1.0391117 1.0282636 1.0043582 1.0945555 1.0980232 1.0654879 1.1282748 1.0770472 1.1245287 1.0905285 1.1183250 1.0549248 1.0761717 1.1171127 1.1018465 1.0791957 1.0990259 1.0830477 1.0904331 1.0915500 1.0956397 1.0922240 1.1493074 1.1431530 0.9910840 0.9848265 0.9513270 1.3358744 1.0424350 1.0243692 1.0327497 1.0662414 1.0494688 0.9971381 1.1060782 1.0088794 1.0509117 1.0482904 1.0032960 1.0415928 1.0723017 1.1160577 1.0886956 1.1676057 1.1268040 1.0808719 2.1433896 2.2475794 2.1747004 2.9743668 
93_cpx.CD.08.DRC653.MF372651           0.4812873 0.4816588 0.4855593 0.4980516 0.5555705 0.5198069 0.5339180 0.5244328 0.5483936 0.5591502 0.6115869 0.6215122 0.6608680 0.6002859 0.5939060 0.6314538 0.5759914 0.5962058 0.6527760 0.6071647 0.6405959 0.6870138 0.7004916 0.7227727 0.6951611 0.7375400 0.7412004 0.7385519 0.8081677 0.8809757 0.0000000 0.6196588 0.6725640 0.7121410 0.7232654 0.8279785 0.9220399 0.7042521 0.6892630 0.8421250 0.8323903 0.8386522 0.7885138 0.8359894 0.8688956 0.8473552 0.8737251 0.8531886 0.9029084 0.8769985 0.8420655 0.8026395 0.8217380 0.8962059 0.8906579 0.8492447 0.9149805 0.8662710 0.9029623 0.8719601 0.9176714 0.8198406 0.8522001 0.9037054 0.8762770 0.8769706 0.9038742 0.8731956 0.8866835 0.8911967 0.8943972 0.9010983 0.9414792 0.9486778 0.7968222 0.7740208 0.7242590 1.1228664 0.8947098 0.8726159 0.8951762 0.9201365 0.9363075 0.8861116 0.9397424 0.8657640 0.9142124 0.9153721 0.8885295 0.8768325 0.9333838 0.9731887 0.9419487 1.0632507 0.9939315 0.8428416 1.8826428 1.9105523 1.9116960 2.5381140 
G.NG.92.92NG083_JV10832.U88826         0.4931641 0.5182578 0.5064277 0.5186375 0.5714305 0.5452352 0.5617023 0.5338973 0.4820436 0.5564186 0.6150520 0.6106219 0.6418635 0.6076640 0.6140141 0.6344613 0.5764413 0.6020481 0.6363989 0.6059708 0.6767212 0.6578311 0.6906046 0.6912710 0.6930932 0.7118449 0.7159386 0.7283973 0.7827903 0.8610482 0.6196588 0.0000000 0.3190807 0.3865545 0.4027551 0.8324516 0.9300119 0.7004394 0.6964282 0.8490218 0.8254909 0.8337014 0.8056712 0.8431841 0.8460019 0.8404103 0.8493095 0.8516573 0.8987207 0.8786268 0.8558514 0.8130996 0.8059131 0.8977011 0.8894856 0.8523396 0.8834029 0.8507159 0.8821402 0.8847972 0.9114297 0.8283512 0.8619753 0.8941855 0.8667394 0.8779831 0.9025279 0.8709274 0.8715876 0.9070751 0.8876357 0.8797252 0.9494131 0.9171257 0.7915538 0.7678756 0.7078388 1.1081245 0.9289632 0.8740878 0.9206794 0.9245871 0.9188754 0.8875616 0.9299915 0.8702679 0.9222826 0.9330427 0.8850523 0.8989385 0.9327360 0.9677131 0.9327204 1.0157772 0.9764396 0.8586184 1.8873705 1.8995590 1.8966016 2.6077663 
G.NG.09.09NG010261.KX389626            0.5618007 0.5702023 0.5552696 0.5704606 0.6231445 0.6134694 0.6269491 0.6040920 0.5352917 0.6069281 0.6825380 0.6669808 0.6869155 0.6585628 0.6560663 0.6794261 0.6403018 0.6571848 0.6896328 0.6629511 0.7220229 0.7406459 0.7684076 0.7874835 0.7732127 0.8024981 0.7998200 0.8174728 0.8547667 0.9671336 0.6725640 0.3190807 0.0000000 0.4486548 0.4707056 0.9183793 0.9899581 0.7580310 0.7392776 0.9084703 0.8662064 0.9163486 0.8626440 0.9071353 0.9124675 0.9098202 0.9112276 0.9225375 0.9495323 0.9296246 0.9067335 0.8749088 0.8670384 0.9476520 0.9481566 0.9053755 0.9602283 0.8988765 0.9453797 0.9403678 0.9586463 0.8858200 0.9247150 0.9540340 0.9310354 0.9505318 0.9576569 0.9264084 0.9196337 0.9376911 0.9445026 0.9172172 1.0028649 0.9793454 0.8323918 0.8154006 0.7697211 1.1809855 0.9544026 0.9242223 0.9615108 0.9747773 0.9995773 0.9454791 0.9783163 0.9189039 0.9704108 0.9849724 0.9380176 0.9456786 0.9751312 1.0003179 1.0025794 1.0811043 1.0247888 0.9046852 1.9436694 2.0294650 1.9658942 2.7100470 
01F2G.CM.02.LT31.JN864056              0.5793524 0.5980541 0.5899290 0.6075247 0.6766886 0.6497435 0.6412814 0.6251771 0.5718923 0.6461823 0.7415915 0.7206822 0.7374902 0.6820226 0.7039270 0.7413818 0.6945158 0.6893203 0.7520155 0.7232573 0.7786526 0.7866927 0.8048676 0.8178189 0.8123374 0.8449755 0.8293447 0.8468492 0.8869635 0.9871275 0.7121410 0.3865545 0.4486548 0.0000000 0.4011965 0.9480338 1.0512514 0.7927077 0.7709981 0.9316096 0.9263073 0.9222101 0.8784335 0.9493344 0.9550982 0.9431481 0.9465656 0.9321101 0.9909490 0.9800581 0.9245204 0.9012648 0.8871395 0.9709638 0.9870745 0.9522434 0.9688021 0.9479778 0.9858326 0.9762844 0.9946932 0.9042789 0.9488603 0.9771950 0.9586750 0.9580322 0.9907139 0.9456420 0.9516657 0.9683387 0.9615421 0.9637717 1.0521100 1.0006325 0.8986563 0.8897459 0.7967808 1.2220219 1.0279215 0.9753918 1.0208340 1.0226106 1.0363881 0.9826353 1.0517385 0.9701832 1.0248503 1.0140072 0.9892837 1.0087104 1.0115219 1.0686026 1.0262765 1.1436736 1.0993194 0.9270522 1.9868349 2.0260206 2.0546400 2.8172171 
BCG.ES.15.100_119.KY496623             0.6166592 0.6189291 0.6209356 0.6408827 0.7022722 0.6750462 0.6806492 0.6412846 0.6088058 0.6652400 0.7326679 0.7366396 0.7927661 0.7113821 0.7215127 0.7385374 0.6949842 0.7336230 0.7539311 0.7291658 0.7754514 0.7994977 0.8191815 0.8206904 0.8255212 0.8451317 0.8516422 0.8494466 0.9001007 0.9792515 0.7232654 0.4027551 0.4707056 0.4011965 0.0000000 0.9800938 1.0445095 0.8322417 0.7906002 0.9555645 0.9315514 0.9393022 0.8902573 0.9413026 0.9666984 0.9431367 0.9737462 0.9448763 0.9881430 0.9803415 0.9566637 0.9114886 0.9027414 1.0214079 0.9926917 0.9590546 1.0010117 0.9498278 0.9945956 0.9938581 1.0088420 0.9352125 0.9496922 1.0114012 0.9862165 0.9872295 1.0038271 0.9897160 0.9845216 0.9856996 1.0034825 1.0011376 1.0311966 1.0074849 0.8832204 0.8591791 0.7887728 1.2009697 1.0143637 0.9832023 1.0206106 1.0440859 1.0608229 0.9891097 1.0485748 0.9994602 1.0481434 1.0482255 0.9984523 0.9828013 1.0424861 1.0499830 1.0535764 1.1341311 1.0877093 0.9289070 2.0306025 2.0886401 2.0370336 2.6821915 
0107.CN.15.HB041501.KY019257           0.7605268 0.7613327 0.7625433 0.7656124 0.8315151 0.7780133 0.8188183 0.7862847 0.7778074 0.7087095 0.7098104 0.6982467 0.7328708 0.6766556 0.6712800 0.7227016 0.6581491 0.6708052 0.7040850 0.5763392 0.7320322 0.4782485 0.4782674 0.5039711 0.4898102 0.5241291 0.5128323 0.5184646 0.5806253 0.6509631 0.8279785 0.8324516 0.9183793 0.9480338 0.9800938 0.0000000 0.4097653 0.9438421 0.8746986 1.0404137 0.9996204 1.0146397 0.9700444 1.0190567 1.0349703 1.0183851 1.0395457 1.0243208 1.0662900 1.0483357 1.0122000 0.9941563 0.9630128 1.0624936 1.0620255 1.0374843 1.0478973 1.0149945 1.0684272 1.0560876 1.0860878 0.9991356 1.0211727 1.0607381 1.0575278 1.0301302 1.0486910 1.0450057 1.0707560 1.0780438 1.0431304 1.0737626 1.1221463 1.0827945 0.9684571 0.9514665 0.9097931 1.3134580 0.9966516 0.9466545 0.9652329 0.9861359 1.0220673 0.9721538 1.0163128 0.9388615 0.9792416 0.9748238 0.9617008 0.9588119 0.9870093 1.0593069 1.0244925 1.1307698 1.0606516 1.0069067 2.1612630 2.2210831 2.1457258 2.8568188 
01BC.CN.14.BJ.2014.MSM.SP01.KP668994   0.8118166 0.8462037 0.8475135 0.8367806 0.8971007 0.8642796 0.8862098 0.8388992 0.8445597 0.7754736 0.7717632 0.7842076 0.8188094 0.7497162 0.7402926 0.8034125 0.7449312 0.7460598 0.7797815 0.6465051 0.8030125 0.5327145 0.5240863 0.5643166 0.5492652 0.5720431 0.5692223 0.5772973 0.6246705 0.7141732 0.9220399 0.9300119 0.9899581 1.0512514 1.0445095 0.4097653 0.0000000 1.0121704 0.9175225 1.1027297 1.0592004 1.0820706 1.0603615 1.0931056 1.1243177 1.1217793 1.1256514 1.0895037 1.1241144 1.1101004 1.0725694 1.0542336 1.0390222 1.1665878 1.1254725 1.1011745 1.1359437 1.0766665 1.1094905 1.1413236 1.1677544 1.0632357 1.1055659 1.1197313 1.1072283 1.1015084 1.1421070 1.1226996 1.1123959 1.1361701 1.1373570 1.1057379 1.1817184 1.1581545 1.0174855 1.0188351 0.9768685 1.3503626 1.0816616 1.0110748 1.0588060 1.0673962 1.0923279 0.9986927 1.1055061 0.9901825 1.0694392 1.0691854 1.0486601 1.0340028 1.0854102 1.1326131 1.1461685 1.1670684 1.1389761 1.1230645 2.2144161 2.2998025 2.2869180 2.9262160 
06_cpx.SN.97.97SE1078.AJ288981         0.5156407 0.5227944 0.5375786 0.5297758 0.6184514 0.5830970 0.6030307 0.5841206 0.6237511 0.6780130 0.7380117 0.7400133 0.7715013 0.7196101 0.7191635 0.7496272 0.7074342 0.7186449 0.7456832 0.7321308 0.7872392 0.7976489 0.8093605 0.8284350 0.8217801 0.8448995 0.8733108 0.8429975 0.8725392 0.9866758 0.7042521 0.7004394 0.7580310 0.7927077 0.8322417 0.9438421 1.0121704 0.0000000 0.7759708 0.9379830 0.9111557 0.9349949 0.9108559 0.9401108 0.9612933 0.9396204 0.9500761 0.9418235 0.9745118 0.9584067 0.9409243 0.9166801 0.9116735 0.9812634 0.9903434 0.9422251 0.9979557 0.9545244 1.0109085 0.9927150 1.0074661 0.9186873 0.9579468 1.0084174 0.9697285 0.9745687 0.9827933 0.9763069 0.9730623 0.9954518 0.9887697 1.0000435 1.0451662 1.0324328 0.9070796 0.8788142 0.8288254 1.2264682 1.0330029 0.9989880 1.0015576 1.0463116 1.0531637 0.9850678 1.0307683 0.9630747 1.0302246 1.0396081 0.9854552 0.9995408 1.0262043 1.0638264 1.0511812 1.1377704 1.1186940 0.9374121 1.9146172 1.9085158 1.8976068 2.5862236 
