100
02A1.GH.97.97GH_AG2.AB052867           0.0000000 0.3369090 0.3280381 0.3471072 0.4285466 0.3726772 0.3841070 0.4219083 0.4274911 0.5349131 0.5214893 0.5594694 0.4996495 0.5029932 0.5494263 0.4784284 0.5104124 0.5514935 0.5396621 0.6059737 0.6093309 0.6350676 0.6564280 0.6558893 0.6105661 0.6567162 0.7135896 0.7838558 0.4514933 0.5788504 0.7288345 0.8137212 0.4884842 0.5241195 0.5722860 0.6024127 0.6071356 0.5501846 0.6178090 0.8365912 0.8056910 0.8238322 0.8448137 0.8513545 0.8033685 0.8558977 0.7876393 0.8269448 0.8551521 0.7874404 0.8006037 0.8409317 0.8401377 0.8794362 0.9368684 0.9159458 0.7636266 0.7760924 0.7526243 0.7782290 0.7312809 0.7915206 0.7650641 0.7999353 0.7735196 0.7776308 0.8174388 0.7774010 0.7671472 0.7523169 0.7969716 0.8508316 0.8196186 0.8561182 0.7753107 0.8250190 0.8307121 0.7450353 0.8474087 0.7846147 0.8282733 0.8059891 0.8036184 0.7985072 0.7914914 0.8224362 0.8830944 0.8510538 0.8389772 0.8678286 0.8551130 0.7283584 0.7056696 0.6640898 1.0727757 0.7861397 1.7718755 1.8244318 1.7223899 2.3498776 
02_AG.CM.02.02CM_3217MN.GU201514       0.3369090 0.0000000 0.2554912 0.2692299 0.3588304 0.3965137 0.3989147 0.4316281 0.4393565 0.5437073 0.5516040 0.5792261 0.5321086 0.5266836 0.5796618 0.5038178 0.5350125 0.5545821 0.5635532 0.6266689 0.6195164 0.6576501 0.6566110 0.6673899 0.6418989 0.6591918 0.7479631 0.7977502 0.4677372 0.6018217 0.7560171 0.8243458 0.5037940 0.5358450 0.6061987 0.6196654 0.6297808 0.5585678 0.6355637 0.8817105 0.8299529 0.8612638 0.8535626 0.8856036 0.8307012 0.8691419 0.8165218 0.8340174 0.8621481 0.8245156 0.7987753 0.8702526 0.8813777 0.9192605 0.9573178 0.9662879 0.7853936 0.8095236 0.7854242 0.8179554 0.7586271 0.8081435 0.8068314 0.8357635 0.7984221 0.8184708 0.8289672 0.8088560 0.7869698 0.7659881 0.8105726 0.8616795 0.8668958 0.8764812 0.8009943 0.8449135 0.8157227 0.7787380 0.8707850 0.8118572 0.8294219 0.8280785 0.8271916 0.8079321 0.8352600 0.8319696 0.9090126 0.8426631 0.8630219 0.8859883 0.8480245 0.7401210 0.7110999 0.6868754 1.0866390 0.7951338 1.7090693 1.7652684 1.6692998 2.4059153 
02_AG.GW.04.CC_0030.FJ694791           0.3280381 0.2554912 0.0000000 0.2578711 0.3507963 0.3992263 0.3948571 0.4362432 0.4317625 0.5392041 0.5339814 0.5691763 0.5109598 0.5113175 0.5689878 0.4775385 0.5188312 0.5511565 0.5426689 0.6024831 0.6048447 0.6480064 0.6589803 0.6612430 0.6309376 0.6547290 0.7154110 0.7793924 0.4591472 0.5714217 0.7369962 0.8180374 0.4900970 0.5268842 0.5886339 0.6104226 0.6196517 0.5348092 0.6166157 0.8453865 0.8131886 0.8403807 0.8344801 0.8698965 0.8229820 0.8262456 0.7977361 0.8229562 0.8588659 0.8203381 0.8122873 0.8726365 0.8565329 0.9175771 0.9441594 0.9294071 0.7654630 0.7793492 0.7756023 0.7946616 0.7450280 0.7817318 0.7928264 0.8009769 0.7880560 0.7978412 0.8134713 0.7748065 0.7636426 0.7738833 0.8062766 0.8600233 0.8489365 0.8632888 0.7810209 0.8272290 0.8352538 0.7537741 0.8560496 0.7987642 0.8204806 0.8285976 0.8266380 0.7847270 0.8171933 0.8171619 0.8796827 0.8382084 0.8438772 0.8673699 0.8441838 0.7252734 0.7065032 0.6611598 1.0713563 0.7939843 1.7706648 1.8053739 1.7036112 2.4153507 
02_AG.GW.14.DE00214GW009.MH078544      0.3471072 0.2692299 0.2578711 0.0000000 0.3644091 0.4004228 0.4011899 0.4338797 0.4398645 0.5497782 0.5576158 0.5847268 0.5343407 0.5334062 0.5868498 0.5101503 0.5332018 0.5757594 0.5557479 0.6155444 0.6150593 0.6379886 0.6395707 0.6510795 0.6245385 0.6542069 0.7326006 0.8042825 0.4704963 0.5876015 0.7668848 0.8282250 0.5001573 0.5425221 0.5917989 0.6456789 0.6491795 0.5657301 0.6242408 0.8535769 0.8345769 0.8525072 0.8485329 0.8836115 0.8529183 0.8859159 0.8144012 0.8392401 0.8713837 0.8308194 0.8403305 0.8925823 0.8790690 0.9243379 0.9750660 0.9678483 0.7930198 0.8137517 0.7995292 0.8184566 0.7702322 0.8421244 0.8148045 0.8249368 0.8330733 0.8127551 0.8358266 0.8140650 0.8081326 0.7918096 0.8274358 0.8911892 0.8704565 0.8925305 0.8214356 0.8438109 0.8674521 0.8020430 0.8779366 0.8225883 0.8440327 0.8578703 0.8492694 0.8044812 0.8402215 0.8328055 0.8929093 0.8558673 0.8772061 0.8936327 0.8813869 0.7471848 0.7208286 0.6977634 1.0764808 0.8144481 1.7572973 1.7828024 1.7259717 2.3951301 
02D.GH.03.GHNJ193.AB231897             0.4285466 0.3588304 0.3507963 0.3644091 0.0000000 0.4992327 0.4839577 0.5327935 0.5297437 0.6473303 0.6449460 0.6823895 0.6210728 0.6171097 0.6762332 0.6007877 0.6363866 0.6507635 0.6508149 0.6965308 0.6986773 0.7367778 0.7307433 0.7477083 0.7146286 0.7570191 0.8121346 0.8763677 0.5525986 0.6674073 0.8282806 0.9016738 0.5913381 0.6482849 0.6871995 0.7214588 0.7391535 0.6440918 0.7220567 0.9466910 0.9458880 0.9335551 0.9328213 0.9504788 0.9224494 0.9677320 0.8922354 0.9281926 0.9435269 0.9036547 0.9199224 0.9479309 0.9785791 1.0238168 1.0612873 1.0172845 0.8798848 0.8961742 0.8957441 0.8830599 0.8517021 0.8879410 0.9026547 0.8999757 0.8975057 0.9131438 0.9169773 0.9018068 0.8793102 0.8759513 0.9078022 0.9563783 0.9637635 0.9775206 0.8891086 0.9349266 0.9327252 0.8634198 0.9544557 0.8921437 0.9475726 0.9300535 0.9292571 0.9191672 0.9296660 0.9497606 0.9892534 0.9347115 0.9824347 0.9714682 0.9367204 0.8277500 0.7864737 0.7661250 1.1735387 0.8682881 1.8525157 1.8733995 1.7825946 2.5361618 
02A.CI.16.DEURF16CI011.MH078538        0.3726772 0.3965137 0.3992263 0.4004228 0.4992327 0.0000000 0.4400897 0.4900883 0.4998743 0.6125364 0.5967740 0.6326129 0.5745755 0.5904272 0.6199353 0.5543243 0.5947884 0.5931831 0.6163870 0.6866332 0.6845465 0.7145097 0.7221998 0.7320537 0.6954223 0.7282611 0.7859220 0.8682327 0.5255836 0.6427661 0.8203765 0.8894975 0.5528391 0.5869275 0.6400457 0.6725005 0.6967593 0.6127780 0.6745624 0.9161274 0.8861555 0.8860639 0.8812776 0.9108165 0.8829601 0.9127649 0.8567238 0.9058173 0.9210172 0.8890097 0.8864288 0.9311903 0.9608476 0.9746875 1.0124624 0.9956340 0.8518225 0.8619263 0.8351801 0.8692844 0.8084179 0.8662122 0.8561542 0.8768625 0.8811931 0.8616138 0.8922073 0.8779454 0.8439021 0.8468632 0.8593899 0.9037283 0.8957412 0.9279511 0.8773764 0.8996930 0.8964356 0.8250525 0.9234342 0.8798682 0.9336912 0.9116488 0.9107861 0.8808252 0.8905188 0.8923278 0.9595211 0.9031410 0.9332331 0.9399672 0.9200980 0.8110964 0.7863153 0.7421844 1.1487433 0.8759638 1.8348534 1.8772327 1.8363498 2.5154413 
0206.SN.12.LA56Senegl.KU168299         0.3841070 0.3989147 0.3948571 0.4011899 0.4839577 0.4400897 0.0000000 0.3906035 0.4761037 0.5910163 0.5686944 0.5937003 0.5507771 0.5401942 0.5901990 0.5340722 0.5794348 0.5743327 0.5840718 0.6468346 0.6371800 0.6804545 0.6781453 0.6776869 0.6625719 0.6890531 0.7583441 0.8375771 0.4857726 0.6225469 0.7774190 0.8680325 0.5249252 0.5761894 0.6352794 0.6482231 0.6657187 0.6112661 0.6461784 0.8922431 0.8509760 0.8706165 0.8849110 0.9026505 0.8940782 0.8939156 0.8255004 0.8700794 0.8673176 0.8612644 0.8665713 0.9070244 0.9165193 0.9536981 0.9789451 0.9707604 0.7973252 0.8292975 0.8068370 0.8302525 0.7747258 0.8224093 0.7998201 0.8356260 0.8281296 0.8167183 0.8662284 0.8039370 0.7845686 0.8165258 0.8293392 0.8996349 0.8699904 0.8916855 0.8307624 0.8828947 0.8448657 0.7852823 0.8892156 0.8292298 0.8772254 0.8577955 0.8670592 0.8336055 0.8599615 0.8503894 0.9105094 0.8782448 0.8864216 0.8839978 0.8980234 0.7607434 0.7329189 0.6814197 1.1191854 0.8508556 1.8147774 1.8796773 1.8110203 2.4523407 
U.ES.10.DEURF10DZ001.JX140679          0.4219083 0.4316281 0.4362432 0.4338797 0.5327935 0.4900883 0.3906035 0.0000000 0.5016048 0.5989937 0.5945940 0.6115018 0.5629841 0.5617024 0.6227408 0.5659494 0.5843513 0.6201078 0.5938816 0.6852113 0.6776071 0.7098874 0.7099759 0.7112692 0.6894536 0.7175139 0.7946503 0.8747876 0.5308257 0.6554749 0.7890125 0.8786135 0.5572986 0.5915636 0.6574971 0.6748624 0.6939496 0.6401566 0.7011264 0.9336455 0.9317054 0.8935822 0.9232282 0.9479915 0.9154122 0.9290714 0.8858271 0.9011590 0.9438449 0.8996320 0.9009404 0.9415318 0.9581103 0.9876224 1.0619479 1.0319296 0.8244566 0.8388003 0.8372949 0.8473142 0.8064322 0.8558408 0.8413740 0.8582239 0.8546815 0.8399269 0.8643735 0.8201424 0.8190542 0.8170263 0.8428192 0.9310566 0.9034245 0.9112580 0.8744920 0.8842158 0.8956671 0.8223838 0.9276061 0.8513435 0.8882181 0.8679840 0.8802827 0.8636502 0.8695069 0.8485957 0.9448116 0.8828593 0.8957887 0.9282010 0.8962862 0.7693787 0.7605862 0.7146793 1.1437392 0.8393082 1.8355309 1.8807857 1.8318735 2.4851304 
AGU.CM.06.770_8.MH705142               0.4274911 0.4393565 0.4317625 0.4398645 0.5297437 0.4998743 0.4761037 0.5016048 0.0000000 0.5515496 0.5447524 0.5735315 0.5211608 0.5225045 0.5706974 0.5055766 0.5354892 0.5578480 0.5359015 0.6152839 0.6130021 0.6450623 0.6553879 0.6550480 0.6211789 0.6570082 0.7338236 0.8122135 0.4747916 0.6100636 0.7644741 0.8425271 0.5357824 0.4963686 0.5634260 0.6070316 0.6234479 0.6546487 0.6182899 0.8553573 0.8377415 0.8511222 0.8445243 0.8627442 0.8403885 0.8666131 0.8039176 0.8319455 0.8546582 0.8312199 0.8379549 0.8822582 0.8942584 0.9118631 0.9711199 0.9471696 0.7890414 0.8081634 0.8026212 0.8103313 0.7489868 0.8251687 0.7959746 0.8136434 0.8186928 0.8011165 0.8196752 0.7991669 0.7736922 0.7605839 0.8028477 0.8472670 0.8433137 0.8952794 0.8110348 0.8435257 0.8573156 0.7718097 0.8747770 0.8338269 0.8277142 0.8170237 0.8216396 0.8103040 0.8286619 0.8261369 0.9074904 0.8304512 0.8468573 0.8594917 0.8849435 0.7418536 0.7161748 0.6635703 1.0962455 0.8262990 1.9040072 1.9083162 1.8325544 2.5418672 
A1.KE.06.06KECst_028.FJ623479          0.5349131 0.5437073 0.5392041 0.5497782 0.6473303 0.6125364 0.5910163 0.5989937 0.5515496 0.0000000 0.3109333 0.4138293 0.3650438 0.4002901 0.4086172 0.4470671 0.4698867 0.4551205 0.4955320 0.5692376 0.5796523 0.6158199 0.5977877 0.6149741 0.5861939 0.6169938 0.6911310 0.7488284 0.5151908 0.4865711 0.7132638 0.7894370 0.6519426 0.6627140 0.7005104 0.7465532 0.7515170 0.7282727 0.6642745 0.7497345 0.7293070 0.7414713 0.7322118 0.7683841 0.7136798 0.7671969 0.7158383 0.7186114 0.7494039 0.7189193 0.7147543 0.7582657 0.7791310 0.8286411 0.8508221 0.8463016 0.8446938 0.8536457 0.8546539 0.8504062 0.8187279 0.8785431 0.8516834 0.8866085 0.8702005 0.8855930 0.9005505 0.8638169 0.8417397 0.8432448 0.8758118 0.9189309 0.9059872 0.9263624 0.8768489 0.9249147 0.9135727 0.8197069 0.9183581 0.9058036 0.9237196 0.9283252 0.9221981 0.8907607 0.8812398 0.9049526 0.9502208 0.9012987 0.9026713 0.9504278 0.9377326 0.8095974 0.7740298 0.7375511 1.1918669 0.8313666 1.9267589 1.9672555 1.8931392 2.6640384 
A1.KE.06.06KECst_013.FJ623485          0.5214893 0.5516040 0.5339814 0.5576158 0.6449460 0.5967740 0.5686944 0.5945940 0.5447524 0.3109333 0.0000000 0.4121586 0.3582689 0.3878829 0.3938000 0.4388841 0.4572988 0.4370533 0.4879644 0.5546748 0.5536568 0.5919638 0.5841998 0.5919161 0.5702295 0.5936060 0.6620185 0.7416617 0.4851543 0.4749480 0.6978891 0.7908839 0.6282131 0.6351683 0.6906865 0.7287963 0.7453778 0.7551033 0.6821876 0.7526997 0.7221104 0.7257388 0.7342864 0.7420996 0.7104349 0.7360533 0.6945041 0.7163785 0.7257000 0.7120277 0.6963169 0.7351169 0.7684120 0.8025737 0.8629823 0.8341372 0.8355256 0.8357210 0.8396800 0.8412105 0.8007542 0.8740721 0.8587791 0.8711114 0.8586452 0.8616796 0.8815428 0.8389574 0.8324357 0.8419537 0.8597453 0.9016624 0.9022264 0.9169234 0.8740943 0.8933155 0.8940279 0.8040015 0.9269971 0.8881976 0.9010440 0.9046017 0.8997258 0.8791383 0.8882790 0.8750403 0.9340866 0.8995351 0.9062488 0.9107556 0.9221125 0.7874119 0.7591988 0.7131918 1.1604083 0.8557800 1.8885558 1.9414242 1.8538535 2.5944534 
A1.CY.07.CY208.JF683760                0.5594694 0.5792261 0.5691763 0.5847268 0.6823895 0.6326129 0.5937003 0.6115018 0.5735315 0.4138293 0.4121586 0.0000000 0.2390513 0.4185219 0.4372349 0.4525087 0.4815677 0.4750574 0.5081763 0.5803905 0.5904896 0.6082747 0.6221076 0.6220685 0.5973846 0.6334405 0.7014133 0.7777580 0.5200646 0.4935395 0.7269137 0.8049667 0.6722102 0.6643232 0.7204632 0.7547949 0.7790365 0.7697895 0.6928596 0.7827283 0.7311320 0.7622376 0.7404850 0.7819089 0.7393897 0.7666412 0.7167088 0.7417446 0.7396668 0.7280355 0.7136974 0.7486156 0.7890560 0.8159928 0.8895704 0.8510997 0.8917933 0.8731027 0.8727734 0.8829757 0.8282985 0.9059889 0.8772047 0.8905558 0.8781151 0.8732937 0.9153116 0.8811560 0.8559850 0.8588133 0.9057494 0.9341733 0.9213272 0.9501391 0.9079681 0.9075445 0.9376852 0.8546706 0.9551855 0.9134187 0.9425179 0.9369460 0.9331740 0.9206978 0.8938686 0.9142723 0.9913020 0.9154899 0.9558249 0.9535192 0.9352636 0.8040223 0.8181045 0.7378099 1.1981713 0.8508253 1.9548270 1.9903798 1.9104143 2.6590836 
A1.CY.05.CY051.FJ388903                0.4996495 0.5321086 0.5109598 0.5343407 0.6210728 0.5745755 0.5507771 0.5629841 0.5211608 0.3650438 0.3582689 0.2390513 0.0000000 0.3636958 0.3889929 0.4057433 0.4324970 0.4077406 0.4538972 0.5281597 0.5354914 0.5740369 0.5655739 0.5675693 0.5483777 0.5731751 0.6366358 0.7192321 0.4732832 0.4563315 0.6635036 0.7626136 0.6085051 0.6208145 0.6759667 0.7135266 0.7243277 0.7215933 0.6504236 0.7323323 0.6926510 0.7130408 0.7076334 0.7295674 0.6851897 0.7194455 0.6803725 0.7043583 0.7213125 0.7069292 0.6915686 0.7157971 0.7469321 0.7742467 0.8496863 0.8187951 0.8297407 0.8080073 0.8131566 0.8192577 0.7807250 0.8480620 0.8142843 0.8354598 0.8229695 0.8345495 0.8638534 0.8263817 0.8013037 0.8139095 0.8438344 0.8741197 0.8875937 0.9143036 0.8448676 0.8587303 0.8794304 0.7672778 0.8920945 0.8694330 0.8708673 0.8837938 0.8631081 0.8424582 0.8436671 0.8533866 0.9364928 0.8608316 0.8962901 0.8837436 0.8814471 0.7678826 0.7569161 0.6878190 1.1028915 0.8142819 1.8899551 1.9455569 1.8955084 2.6450730 
A1.UG.11.DEMA110UG001.KF859745         0.5029932 0.5266836 0.5113175 0.5334062 0.6171097 0.5904272 0.5401942 0.5617024 0.5225045 0.4002901 0.3878829 0.4185219 0.3636958 0.0000000 0.4171803 0.4118416 0.4516493 0.4257096 0.4717622 0.5406278 0.5450177 0.5994063 0.5874481 0.5801142 0.5592058 0.5927825 0.6610705 0.7609328 0.4849391 0.4542396 0.6910207 0.7564119 0.6141406 0.6270436 0.6739203 0.7027392 0.7049190 0.7220371 0.6538016 0.7186271 0.6978925 0.7028816 0.7125505 0.7428332 0.6920760 0.7173377 0.6884191 0.7159607 0.7286799 0.6833054 0.6778183 0.7231956 0.7486771 0.7765403 0.8193968 0.7928546 0.8545201 0.8358941 0.8371381 0.8291080 0.7929588 0.8451385 0.8482342 0.8636363 0.8275122 0.8490673 0.8809690 0.8375988 0.7991463 0.8236928 0.8423113 0.8926218 0.8749012 0.9098322 0.8641084 0.8783522 0.8927725 0.7777010 0.8982218 0.8603501 0.8821002 0.8631093 0.8761931 0.8472658 0.8624131 0.8564523 0.9295134 0.8764407 0.8790614 0.9160639 0.9000636 0.7598657 0.7159375 0.6999885 1.1357408 0.7959675 1.8643017 1.9707807 1.8781456 2.6262360 
35_AD.AF.06.007H.GQ477450              0.5494263 0.5796618 0.5689878 0.5868498 0.6762332 0.6199353 0.5901990 0.6227408 0.5706974 0.4086172 0.3938000 0.4372349 0.3889929 0.4171803 0.0000000 0.4548794 0.4948946 0.4677071 0.5108259 0.5798841 0.5767421 0.6214533 0.6064266 0.6253854 0.6008165 0.6381597 0.6830112 0.7795549 0.5283396 0.5089477 0.7139211 0.8044803 0.6674116 0.6739551 0.7114256 0.7565142 0.7748467 0.8083483 0.7177785 0.7655853 0.7447667 0.7731971 0.7776292 0.7742621 0.7539179 0.7875142 0.7380063 0.7588794 0.7847125 0.7539261 0.7535470 0.7885498 0.8020499 0.8323263 0.8947579 0.8652042 0.8643345 0.8617497 0.8585863 0.8592435 0.7971541 0.8748308 0.8771982 0.8867927 0.8733587 0.8795383 0.9006373 0.8564230 0.8413616 0.8633550 0.8922914 0.9166761 0.9027142 0.9166732 0.8749428 0.9046233 0.9217686 0.8313266 0.9449522 0.8960690 0.9100697 0.9175891 0.9090719 0.8849333 0.8837447 0.8915864 0.9744425 0.9350941 0.9336139 0.9528532 0.9210222 0.8114397 0.7865549 0.7576775 1.1720658 0.8762031 1.9333631 1.9593614 1.9124285 2.7151059 
A1.CY.06.CY154.FJ388943                0.4784284 0.5038178 0.4775385 0.5101503 0.6007877 0.5543243 0.5340722 0.5659494 0.5055766 0.4470671 0.4388841 0.4525087 0.4057433 0.4118416 0.4548794 0.0000000 0.4140537 0.4438373 0.4256036 0.5121328 0.5161598 0.5357648 0.5451913 0.5471642 0.5297094 0.5416501 0.6249917 0.6919902 0.4419074 0.4783056 0.6606902 0.7404639 0.6004029 0.5877645 0.6364711 0.6693920 0.6968948 0.7118625 0.6275456 0.7485211 0.7210390 0.7210241 0.7199318 0.7352594 0.7122252 0.7499229 0.6796021 0.7063692 0.7359299 0.6944862 0.7072529 0.7295604 0.7665805 0.7984316 0.8505634 0.8284629 0.8167093 0.8112545 0.8145223 0.8099288 0.7715368 0.8334171 0.8209212 0.8321535 0.8127089 0.8235903 0.8682284 0.8090099 0.7944688 0.8099239 0.8257822 0.8741092 0.8561762 0.8921895 0.8181233 0.8537054 0.8533876 0.7717206 0.8763762 0.8268667 0.8655718 0.8410005 0.8470507 0.8318954 0.8269161 0.8387309 0.9284296 0.8418712 0.8613003 0.9075297 0.8645860 0.7650575 0.7210109 0.6871466 1.1153341 0.8101164 1.8588130 1.9467032 1.8271618 2.5747082 
A6.UA.12.DEMA112UA036.KU749406         0.5104124 0.5350125 0.5188312 0.5332018 0.6363866 0.5947884 0.5794348 0.5843513 0.5354892 0.4698867 0.4572988 0.4815677 0.4324970 0.4516493 0.4948946 0.4140537 0.0000000 0.4724911 0.4678621 0.5283020 0.5384630 0.5772070 0.5630296 0.5864367 0.5580552 0.5752918 0.6402690 0.7180830 0.4891460 0.5192707 0.6697416 0.7703242 0.6291186 0.6082875 0.6934273 0.7172859 0.7325055 0.7198029 0.6747648 0.7866767 0.7745746 0.7844910 0.7642473 0.8051742 0.7737091 0.8057915 0.7230528 0.7503347 0.7996068 0.7525843 0.7556820 0.8114088 0.8238040 0.8333477 0.9036856 0.8662662 0.8200760 0.8322291 0.8252162 0.8354076 0.7956358 0.8726623 0.8131208 0.8693030 0.8539059 0.8520914 0.8681124 0.8300738 0.8447511 0.8108826 0.8418382 0.8905600 0.8600128 0.8915740 0.8668946 0.8842269 0.8848721 0.7906620 0.8839553 0.8641581 0.8922924 0.9004318 0.8864533 0.8544551 0.8649002 0.8607146 0.9358079 0.8892629 0.8933993 0.9194970 0.9039822 0.7831580 0.7644659 0.7254656 1.1358374 0.8390831 1.9019021 1.9968665 1.8942477 2.6061940 
A1D.UG.99.99UGJ21953.AF484496          0.5514935 0.5545821 0.5511565 0.5757594 0.6507635 0.5931831 0.5743327 0.6201078 0.5578480 0.4551205 0.4370533 0.4750574 0.4077406 0.4257096 0.4677071 0.4438373 0.4724911 0.0000000 0.5000733 0.5808177 0.5759460 0.6081850 0.6015960 0.6197679 0.5911162 0.6160863 0.6710876 0.7669426 0.5122653 0.4715415 0.7120420 0.8007411 0.6465996 0.6304407 0.6958659 0.7319808 0.7330637 0.7590675 0.7030845 0.7450537 0.7117930 0.7203934 0.7281944 0.7401202 0.7144479 0.7349038 0.6623559 0.7155456 0.7503537 0.7189254 0.6887842 0.7471334 0.7711658 0.7860657 0.8428651 0.8028053 0.8671024 0.8645329 0.8687478 0.8561879 0.8345319 0.8933084 0.8746126 0.9028371 0.8762620 0.9056404 0.8994252 0.8751952 0.8657987 0.8364924 0.8954533 0.9359035 0.9342350 0.9034016 0.8788907 0.9069335 0.9038991 0.8288202 0.9329232 0.8933123 0.9078379 0.9098834 0.9189622 0.8893850 0.8854630 0.8852668 0.9663387 0.9091616 0.9313872 0.9429127 0.9411459 0.8099130 0.7868210 0.7571965 1.1490313 0.8324570 1.8949985 1.9992536 1.8780060 2.6582498 
22_01A1.CM.02.02CM_1867LE.AY371165     0.5396621 0.5635532 0.5426689 0.5557479 0.6508149 0.6163870 0.5840718 0.5938816 0.5359015 0.4955320 0.4879644 0.5081763 0.4538972 0.4717622 0.5108259 0.4256036 0.4678621 0.5000733 0.0000000 0.4263778 0.4345930 0.4710015 0.4528898 0.4749627 0.4410988 0.4693020 0.5344646 0.6314430 0.5174018 0.5298420 0.5665089 0.6616603 0.6396210 0.6211252 0.6814438 0.7383610 0.7410107 0.7428812 0.7027258 0.8284228 0.7599311 0.7845547 0.8065924 0.8210150 0.7671516 0.8183206 0.7590456 0.7575610 0.7871087 0.7622919 0.7758234 0.8024434 0.8393720 0.8327933 0.9149347 0.8907322 0.8379371 0.8353109 0.8210402 0.8358158 0.7979431 0.8699215 0.8434260 0.8571840 0.8289442 0.8640897 0.8888226 0.8273441 0.8210987 0.8182001 0.8799977 0.8809627 0.8718035 0.9015822 0.8558719 0.8941161 0.8804424 0.8025810 0.9075417 0.8530614 0.8818994 0.8764862 0.8623496 0.8616643 0.8578607 0.8616312 0.9322487 0.8884324 0.9194588 0.9168271 0.8856090 0.7788593 0.7548450 0.7180264 1.1663834 0.8278223 1.9291029 1.9881705 1.8976794 2.6042893 
01_AE.CN.02.YN0236.JX112866            0.6059737 0.6266689 0.6024831 0.6155444 0.6965308 0.6866332 0.6468346 0.6852113 0.6152839 0.5692376 0.5546748 0.5803905 0.5281597 0.5406278 0.5798841 0.5121328 0.5283020 0.5808177 0.4263778 0.0000000 0.1561061 0.2057163 0.2025962 0.2091166 0.2159852 0.2443766 0.2937444 0.3636423 0.5891374 0.6011901 0.4579383 0.5316311 0.7242293 0.7044262 0.7708919 0.8126054 0.8114740 0.8177570 0.7609650 0.8715559 0.8422324 0.8584830 0.8513995 0.8855305 0.8364182 0.8714276 0.8371830 0.8349886 0.8514053 0.8402339 0.8300761 0.8716907 0.8896733 0.9222450 0.9772472 0.9549415 0.9040171 0.9215771 0.9122567 0.9010494 0.8739334 0.9247335 0.9096806 0.9358662 0.9211025 0.9304226 0.9546916 0.9215747 0.9085182 0.9000132 0.9551234 0.9365920 0.9503557 0.9795616 0.9342739 0.9656011 0.9468373 0.8705068 0.9628643 0.9377385 0.9627278 0.9467216 0.9593861 0.9426689 0.9542552 0.9172711 0.9899193 0.9609047 0.9877146 1.0112869 0.9575139 0.8429646 0.8317674 0.7946251 1.2047961 0.8898017 1.9995376 2.0722635 2.0186844 2.6234125 
01_AE.TH.99.99TH_C4460.AY945726        0.6093309 0.6195164 0.6048447 0.6150593 0.6986773 0.6845465 0.6371800 0.6776071 0.6130021 0.5796523 0.5536568 0.5904896 0.5354914 0.5450177 0.5767421 0.5161598 0.5384630 0.5759460 0.4345930 0.1561061 0.0000000 0.2003037 0.2021422 0.2025041 0.2115017 0.2414019 0.2921965 0.3570290 0.5906603 0.6022127 0.4568049 0.5410180 0.7386480 0.6948259 0.7749633 0.8016805 0.7941310 0.8138369 0.7643043 0.8698331 0.8552235 0.8536468 0.8561354 0.8884571 0.8264876 0.8663338 0.8219999 0.8541641 0.8604434 0.8365860 0.8270938 0.8719237 0.8814275 0.9019365 0.9640476 0.9359196 0.9161168 0.9269271 0.9220623 0.9056884 0.8757981 0.9419875 0.9198286 0.9591012 0.9244846 0.9279757 0.9706451 0.9313213 0.8985866 0.9046559 0.9461878 0.9543936 0.9587799 0.9816699 0.9369714 0.9638532 0.9735288 0.8681590 0.9690604 0.9492918 0.9842213 0.9751796 0.9759495 0.9528154 0.9549442 0.9454267 0.9929489 0.9555841 0.9933144 0.9966777 0.9741193 0.8704770 0.8470840 0.8002576 1.1826462 0.9047336 1.9808947 2.0667676 2.0002672 2.5838479 
01_AE.CN.07.07CNYN326.KF835513         0.6350676 0.6576501 0.6480064 0.6379886 0.7367778 0.7145097 0.6804545 0.7098874 0.6450623 0.6158199 0.5919638 0.6082747 0.5740369 0.5994063 0.6214533 0.5357648 0.5772070 0.6081850 0.4710015 0.2057163 0.2003037 0.0000000 0.2281338 0.2436807 0.2444522 0.2692612 0.3240994 0.3985330 0.6085918 0.6357603 0.4872457 0.5610550 0.7602554 0.7260928 0.7951428 0.8468752 0.8349218 0.8529218 0.7817696 0.9115255 0.8813290 0.8759166 0.8783405 0.9019886 0.8547984 0.8889288 0.8617244 0.8665203 0.8877518 0.8604271 0.8520779 0.8989146 0.9038900 0.9386809 1.0095872 0.9646942 0.9372102 0.9433595 0.9429629 0.9524694 0.9088906 0.9537915 0.9531452 0.9695083 0.9621431 0.9582955 0.9914597 0.9557604 0.9166048 0.9268491 0.9677129 0.9812814 0.9743201 0.9930305 0.9695382 0.9846471 0.9884550 0.8930040 1.0226388 0.9537797 0.9774599 0.9688870 0.9673809 0.9722478 0.9768342 0.9700215 1.0259764 0.9961533 1.0330342 1.0476600 0.9921230 0.8729023 0.8600971 0.8537630 1.2153354 0.9466435 1.9898493 2.0722402 2.0188028 2.5871882 
01_AE.TH.07.AA030a04.JX447057          0.6564280 0.6566110 0.6589803 0.6395707 0.7307433 0.7221998 0.6781453 0.7099759 0.6553879 0.5977877 0.5841998 0.6221076 0.5655739 0.5874481 0.6064266 0.5451913 0.5630296 0.6015960 0.4528898 0.2025962 0.2021422 0.2281338 0.0000000 0.2421049 0.2438325 0.2642959 0.3268894 0.3993688 0.6162855 0.6353607 0.4894307 0.5762193 0.7654131 0.7389922 0.8046006 0.8314760 0.8515292 0.8445723 0.8016647 0.9325439 0.8664558 0.8672047 0.8678508 0.8951441 0.8368516 0.8915285 0.8372329 0.8695242 0.8618151 0.8434593 0.8422132 0.8835378 0.8991183 0.9262576 1.0047568 0.9517009 0.9374135 0.9632810 0.9589927 0.9557979 0.9256885 0.9655851 0.9594587 0.9807712 0.9830556 0.9920869 1.0018407 0.9638868 0.9502000 0.9309794 1.0015270 0.9856940 0.9895835 1.0042269 0.9770656 0.9741705 1.0217195 0.9121904 1.0267950 0.9696986 0.9835785 0.9845205 0.9972356 0.9602741 0.9657725 0.9753059 1.0332596 1.0019850 1.0372192 1.0370401 1.0114469 0.9178242 0.8689797 0.8384349 1.2134931 0.9289151 2.0032619 2.0528095 2.0511352 2.6822488 
01_AE.CN.07.GX070143.JX112835          0.6558893 0.6673899 0.6612430 0.6510795 0.7477083 0.7320537 0.6776869 0.7112692 0.6550480 0.6149741 0.5919161 0.6220685 0.5675693 0.5801142 0.6253854 0.5471642 0.5864367 0.6197679 0.4749627 0.2091166 0.2025041 0.2436807 0.2421049 0.0000000 0.2507633 0.2847004 0.3324212 0.3954046 0.6270912 0.6472928 0.4945242 0.5823786 0.7822075 0.7398440 0.8113277 0.8402306 0.8388257 0.8760377 0.7927796 0.9075121 0.8886694 0.8903175 0.8611053 0.9147160 0.8646477 0.9121083 0.8479616 0.8679497 0.8859625 0.8661927 0.8591744 0.9071668 0.9143379 0.9497880 1.0028216 0.9816207 0.9733608 0.9801933 0.9530844 0.9473179 0.9215026 0.9693671 0.9678522 0.9807820 0.9574699 0.9802556 1.0054296 0.9563361 0.9480034 0.9562302 0.9903648 1.0100590 1.0076064 1.0242945 0.9725568 1.0117405 1.0183276 0.9124199 1.0213283 0.9894955 1.0040529 0.9933619 1.0095650 0.9964055 0.9838604 0.9650367 1.0356482 1.0120560 1.0266408 1.0674181 1.0017517 0.8766345 0.8775901 0.8560876 1.2548308 0.9234057 2.0167710 2.0896231 2.0355971 2.6670454 
01_AE.TH.05.AA101a_WG1.JX447936        0.6105661 0.6418989 0.6309376 0.6245385 0.7146286 0.6954223 0.6625719 0.6894536 0.6211789 0.5861939 0.5702295 0.5973846 0.5483777 0.5592058 0.6008165 0.5297094 0.5580552 0.5911162 0.4410988 0.2159852 0.2115017 0.2444522 0.2438325 0.2507633 0.0000000 0.2495659 0.3240189 0.3904410 0.6019808 0.6222773 0.4756794 0.5598517 0.7378665 0.7049467 0.7761483 0.8173596 0.8178155 0.8384903 0.7713784 0.9021053 0.8601581 0.8658530 0.8559566 0.8871893 0.8403967 0.8747738 0.8179325 0.8245819 0.8702668 0.8346022 0.8489645 0.8685343 0.9068573 0.9120710 0.9814043 0.9534438 0.9181330 0.9508930 0.9255814 0.9257064 0.9013611 0.9471409 0.9235598 0.9613574 0.9303013 0.9503585 0.9774217 0.9583379 0.9246576 0.9181206 0.9646661 0.9751390 0.9899113 1.0091069 0.9320823 0.9440189 1.0030644 0.8835231 0.9862226 0.9529439 0.9804051 0.9650428 0.9906891 0.9699177 0.9638595 0.9399635 1.0112613 0.9789927 1.0054094 1.0028446 0.9851005 0.8574041 0.8328382 0.8163219 1.2276000 0.9225333 2.0261813 2.0881642 2.0023351 2.7065726 
01_AE.CN.07.07CNYN343.KF835528         0.6567162 0.6591918 0.6547290 0.6542069 0.7570191 0.7282611 0.6890531 0.7175139 0.6570082 0.6169938 0.5936060 0.6334405 0.5731751 0.5927825 0.6381597 0.5416501 0.5752918 0.6160863 0.4693020 0.2443766 0.2414019 0.2692612 0.2642959 0.2847004 0.2495659 0.0000000 0.3548647 0.4330837 0.6162997 0.6563333 0.5065637 0.5897691 0.7572879 0.7486461 0.8168643 0.8445968 0.8398375 0.8580918 0.8033579 0.9417899 0.9148190 0.8948509 0.8932087 0.9250739 0.8908064 0.9387304 0.8549170 0.8887965 0.9078245 0.8843325 0.8831300 0.9206268 0.9421822 0.9468368 1.0334117 1.0019464 0.9396549 0.9819078 0.9706634 0.9565980 0.9102491 0.9975501 0.9600519 0.9701559 0.9903023 0.9947947 1.0217518 0.9667691 0.9383693 0.9314688 0.9839967 1.0256775 1.0190048 1.0479883 0.9691558 0.9885569 0.9987198 0.9137475 1.0361577 0.9791544 1.0028301 0.9958506 1.0185776 0.9832907 0.9948087 0.9642921 1.0531850 1.0084120 1.0565757 1.0423374 1.0097569 0.9081760 0.8912267 0.8623744 1.2517221 0.9434303 2.0114751 2.0446549 2.0332534 2.6657871 
01BC.CN.13.SZ95LS8027.KX379000         0.7135896 0.7479631 0.7154110 0.7326006 0.8121346 0.7859220 0.7583441 0.7946503 0.7338236 0.6911310 0.6620185 0.7014133 0.6366358 0.6610705 0.6830112 0.6249917 0.6402690 0.6710876 0.5344646 0.2937444 0.2921965 0.3240994 0.3268894 0.3324212 0.3240189 0.3548647 0.0000000 0.4794664 0.6927428 0.7053445 0.5565790 0.6318767 0.8375671 0.8204722 0.8913100 0.8884372 0.8967832 0.9333083 0.8625528 0.9750488 0.9671294 0.9417613 0.9454020 0.9922775 0.9315302 0.9717557 0.9183064 0.9428268 0.9587179 0.9442578 0.9354236 0.9762273 0.9740673 0.9933856 1.1103273 1.0503868 1.0070762 1.0438841 1.0129215 1.0447952 0.9895616 1.0353228 1.0260945 1.0436488 1.0456003 1.0407125 1.0612834 1.0527510 1.0042830 1.0138128 1.0659466 1.0529524 1.0757735 1.0830005 1.0594443 1.0640517 1.0758841 0.9711156 1.1011389 1.0685489 1.0773516 1.0695448 1.0873475 1.0549624 1.0628542 1.0274120 1.1152555 1.0769719 1.1110480 1.1138240 1.1204751 0.9576106 0.9506879 0.9015181 1.3069934 0.9911704 1.9704304 2.0041317 2.0130851 2.6932744 
69_01B.JP.05.05JPMYC113SP420.LC027100  0.7838558 0.7977502 0.7793924 0.8042825 0.8763677 0.8682327 0.8375771 0.8747876 0.8122135 0.7488284 0.7416617 0.7777580 0.7192321 0.7609328 0.7795549 0.6919902 0.7180830 0.7669426 0.6314430 0.3636423 0.3570290 0.3985330 0.3993688 0.3954046 0.3904410 0.4330837 0.4794664 0.0000000 0.7804605 0.7784466 0.6377471 0.7155472 0.8990299 0.8850840 0.9387238 1.0007619 1.0163108 1.0073772 0.9448211 1.0626354 1.0467091 1.0420668 1.0178117 1.0790637 0.9965362 1.0561165 1.0130825 1.0062904 1.0337503 0.9938416 1.0259130 1.0566210 1.0986001 1.0912970 1.1617745 1.1043180 1.0853612 1.0983556 1.0936707 1.1324411 1.0765001 1.1141571 1.1026049 1.1343705 1.1197729 1.1167042 1.1443195 1.0936442 1.0879254 1.0681427 1.1484823 1.1522080 1.1383227 1.1472945 1.1114948 1.1080878 1.1620069 1.0566985 1.1722718 1.1173392 1.1206977 1.1359277 1.1301356 1.1224957 1.1440604 1.1333155 1.2015510 1.1328026 1.1720747 1.1896406 1.1608251 1.0390632 1.0141938 1.0002400 1.3886979 1.1046943 2.1391362 2.1932263 2.1063522 2.8085115 
45_cpx.CD.97.97CD_MBFE185.FN392874     0.4514933 0.4677372 0.4591472 0.4704963 0.5525986 0.5255836 0.4857726 0.5308257 0.4747916 0.5151908 0.4851543 0.5200646 0.4732832 0.4849391 0.5283396 0.4419074 0.4891460 0.5122653 0.5174018 0.5891374 0.5906603 0.6085918 0.6162855 0.6270912 0.6019808 0.6162997 0.6927428 0.7804605 0.0000000 0.5464795 0.7114799 0.8019228 0.5683312 0.5516216 0.6042640 0.6453191 0.6439171 0.6715798 0.6004146 0.8094635 0.7687066 0.7944700 0.8059737 0.8128925 0.7854300 0.8103979 0.7604687 0.7963825 0.8080038 0.7832653 0.7788901 0.8228188 0.8311232 0.8748142 0.9093102 0.8912086 0.7495948 0.7568215 0.7501412 0.7533684 0.7154734 0.7851321 0.7674448 0.7899856 0.7472618 0.7680955 0.8012663 0.7824209 0.7526246 0.7498223 0.7807417 0.8251783 0.8062972 0.8363824 0.7957455 0.8059007 0.8124404 0.7349635 0.8335914 0.7887268 0.8102942 0.7915444 0.8148618 0.7880563 0.7889090 0.7892634 0.8713252 0.8002029 0.8361517 0.8618583 0.8348518 0.7064588 0.6815251 0.6459744 1.0530365 0.7589244 1.8626482 1.8832193 1.8314271 2.5718786 
A1C.UG.99.99UGF25926.AF484491          0.5788504 0.6018217 0.5714217 0.5876015 0.6674073 0.6427661 0.6225469 0.6554749 0.6100636 0.4865711 0.4749480 0.4935395 0.4563315 0.4542396 0.5089477 0.4783056 0.5192707 0.4715415 0.5298420 0.6011901 0.6022127 0.6357603 0.6353607 0.6472928 0.6222773 0.6563333 0.7053445 0.7784466 0.5464795 0.0000000 0.7688018 0.8385378 0.6881913 0.6990065 0.7501981 0.7808697 0.7975874 0.7809469 0.7223366 0.6563945 0.6031279 0.6185334 0.6217050 0.6341147 0.5931895 0.6404362 0.5754498 0.6009874 0.6275598 0.6074810 0.5945060 0.6381455 0.6736848 0.6977933 0.7422097 0.7027120 0.9009422 0.8966319 0.8819919 0.8771183 0.8492859 0.8981694 0.9008077 0.9029845 0.8676491 0.9027583 0.9163002 0.8922262 0.8792683 0.8732149 0.8909692 0.9625260 0.9348771 0.9644571 0.8903827 0.9546988 0.9281379 0.8323492 0.9699644 0.9034286 0.9404074 0.9260173 0.9125756 0.9058207 0.9062840 0.9160158 0.9931447 0.9434221 0.9690719 0.9546760 0.9541945 0.8391913 0.8085329 0.7814643 1.1605670 0.8957919 1.9158750 2.0000772 1.8907451 2.5321036 
0107.CN.15.HB041501.KY019257           0.7288345 0.7560171 0.7369962 0.7668848 0.8282806 0.8203765 0.7774190 0.7890125 0.7644741 0.7132638 0.6978891 0.7269137 0.6635036 0.6910207 0.7139211 0.6606902 0.6697416 0.7120420 0.5665089 0.4579383 0.4568049 0.4872457 0.4894307 0.4945242 0.4756794 0.5065637 0.5565790 0.6377471 0.7114799 0.7688018 0.0000000 0.4250451 0.8524988 0.8315861 0.8972057 0.9439115 0.8922702 0.9360506 0.8860828 1.0250607 0.9563665 0.9737744 0.9789426 1.0222912 0.9511412 1.0033048 0.9396270 0.9534176 0.9743644 0.9668618 0.9562571 0.9994204 1.0308282 1.0384682 1.0918631 1.0414392 1.0460577 1.0572743 1.0453767 1.0592869 1.0257111 1.0541844 1.0413558 1.0801324 1.0644807 1.0840177 1.1131925 1.0684613 1.0503529 1.0288123 1.0874434 1.1333460 1.0874162 1.1274896 1.0793280 1.1072987 1.1151043 1.0142598 1.1271308 1.0926867 1.1050554 1.0773232 1.0990866 1.0615799 1.1037043 1.0620178 1.1932090 1.1141321 1.1424529 1.1659639 1.1323805 1.0056170 0.9885533 0.9487515 1.3275465 1.0749287 2.1642848 2.2265628 2.2003668 2.8251287 
01BC.CN.14.BJ.2014.MSM.SP01.KP668994   0.8137212 0.8243458 0.8180374 0.8282250 0.9016738 0.8894975 0.8680325 0.8786135 0.8425271 0.7894370 0.7908839 0.8049667 0.7626136 0.7564119 0.8044803 0.7404639 0.7703242 0.8007411 0.6616603 0.5316311 0.5410180 0.5610550 0.5762193 0.5823786 0.5598517 0.5897691 0.6318767 0.7155472 0.8019228 0.8385378 0.4250451 0.0000000 0.9404097 0.8962389 0.9514927 1.0186302 1.0271174 0.9987505 0.9496912 1.0863605 1.0325083 1.0833358 1.0867644 1.1119522 1.0728271 1.1058645 1.0284169 1.0451387 1.0890561 1.0551875 1.0562417 1.0931385 1.0916580 1.1389620 1.2024666 1.1709442 1.1189156 1.1351842 1.1075454 1.1500620 1.1081352 1.1383258 1.1180725 1.1552297 1.1612825 1.1469902 1.1572658 1.1428440 1.1274213 1.1190562 1.1567122 1.1908988 1.1629833 1.1971207 1.1713785 1.1784639 1.1643061 1.0764405 1.1877344 1.1425542 1.1847783 1.1498428 1.1812842 1.1644460 1.1386447 1.1188837 1.2204473 1.1888035 1.2092962 1.2413705 1.1841396 1.0583968 1.0456949 1.0284924 1.3894483 1.1182639 2.1798497 2.3075417 2.1998292 2.8674933 
93_cpx.CD.08.DRC653.MF372651           0.4884842 0.5037940 0.4900970 0.5001573 0.5913381 0.5528391 0.5249252 0.5572986 0.5357824 0.6519426 0.6282131 0.6722102 0.6085051 0.6141406 0.6674116 0.6004029 0.6291186 0.6465996 0.6396210 0.7242293 0.7386480 0.7602554 0.7654131 0.7822075 0.7378665 0.7572879 0.8375671 0.8990299 0.5683312 0.6881913 0.8524988 0.9404097 0.0000000 0.6311676 0.6869410 0.7318859 0.7388336 0.7079159 0.6947869 0.9518754 0.9213355 0.9452621 0.9522111 0.9529960 0.9268008 0.9739194 0.8729552 0.9057809 0.9446853 0.9046329 0.9318395 0.9893636 0.9989177 1.0207914 1.0416162 1.0304963 0.8937010 0.9005064 0.8727244 0.8936369 0.8404233 0.8965232 0.8749831 0.9033777 0.9070872 0.9034185 0.9130493 0.8921227 0.8784917 0.8770357 0.9110914 0.9545700 0.9338585 0.9654233 0.8946014 0.9199523 0.9282235 0.8539331 0.9492062 0.9094675 0.9315900 0.9333722 0.9236479 0.8951299 0.9148853 0.9030558 1.0087640 0.9244785 0.9602940 0.9869552 0.9136696 0.8353595 0.8024471 0.7500099 1.1941775 0.8953170 1.8869027 1.9369506 1.8966610 2.5569889 
G.NG.92.92NG083_JV10832.U88826         0.5241195 0.5358450 0.5268842 0.5425221 0.6482849 0.5869275 0.5761894 0.5915636 0.4963686 0.6627140 0.6351683 0.6643232 0.6208145 0.6270436 0.6739551 0.5877645 0.6082875 0.6304407 0.6211252 0.7044262 0.6948259 0.7260928 0.7389922 0.7398440 0.7049467 0.7486461 0.8204722 0.8850840 0.5516216 0.6990065 0.8315861 0.8962389 0.6311676 0.0000000 0.3413180 0.3897861 0.3892473 0.7494608 0.7187607 0.9714472 0.9175215 0.9501187 0.9409466 0.9405285 0.9369335 0.9668095 0.8833329 0.9184613 0.9610910 0.9449677 0.8974242 0.9657052 0.9753982 1.0028999 1.0572366 1.0370052 0.8580564 0.8747190 0.8685457 0.8839595 0.8468149 0.8860603 0.8970711 0.9141867 0.8908477 0.8990860 0.9186049 0.8885028 0.8537132 0.8716845 0.8805329 0.9449164 0.9307244 0.9797339 0.9065014 0.9163910 0.9479443 0.8623460 0.9561327 0.9170831 0.9459009 0.9318987 0.9459600 0.9104396 0.9145517 0.9017517 1.0005569 0.9369958 0.9281153 0.9794529 0.9406656 0.8220854 0.7990495 0.7505106 1.1815242 0.8834050 1.9262925 2.0071561 1.9605662 2.6098808 
G.NG.09.09NG010261.KX389626            0.5722860 0.6061987 0.5886339 0.5917989 0.6871995 0.6400457 0.6352794 0.6574971 0.5634260 0.7005104 0.6906865 0.7204632 0.6759667 0.6739203 0.7114256 0.6364711 0.6934273 0.6958659 0.6814438 0.7708919 0.7749633 0.7951428 0.8046006 0.8113277 0.7761483 0.8168643 0.8913100 0.9387238 0.6042640 0.7501981 0.8972057 0.9514927 0.6869410 0.3413180 0.0000000 0.4536955 0.4562095 0.7889871 0.7701929 1.0214077 0.9654277 0.9699300 0.9718845 1.0146789 0.9780101 1.0091021 0.9162913 0.9821935 0.9983863 0.9984533 0.9827336 1.0074726 1.0416448 1.0673996 1.0906776 1.0900260 0.9159168 0.9231580 0.9003994 0.9159325 0.8712106 0.9465373 0.9351040 0.9411660 0.9220866 0.9390224 0.9528483 0.9126965 0.8977266 0.9073805 0.9153159 0.9649659 0.9318045 0.9962770 0.9303031 0.9734146 0.9742483 0.8799524 0.9824865 0.9511748 0.9619754 0.9290557 0.9605527 0.9312686 0.9247978 0.9546148 1.0242332 0.9831784 0.9796027 1.0220412 0.9805451 0.8571094 0.8468548 0.7878453 1.2045264 0.9492465 2.0601377 2.1556706 2.0249453 2.6602478 
01F2G.CM.02.LT31.JN864056              0.6024127 0.6196654 0.6104226 0.6456789 0.7214588 0.6725005 0.6482231 0.6748624 0.6070316 0.7465532 0.7287963 0.7547949 0.7135266 0.7027392 0.7565142 0.6693920 0.7172859 0.7319808 0.7383610 0.8126054 0.8016805 0.8468752 0.8314760 0.8402306 0.8173596 0.8445968 0.8884372 1.0007619 0.6453191 0.7808697 0.9439115 1.0186302 0.7318859 0.3897861 0.4536955 0.0000000 0.4060938 0.8297653 0.8308466 1.0689553 0.9988592 1.0493438 1.0490785 1.0392144 1.0121668 1.0393916 0.9629585 1.0002015 1.0448587 1.0140087 1.0095995 1.0373348 1.0564557 1.1078314 1.1577832 1.0938610 0.9489564 0.9573650 0.9413452 0.9647082 0.9238817 0.9862470 0.9648653 0.9892487 0.9605737 0.9693969 0.9953660 0.9421573 0.9059167 0.9220465 0.9807164 1.0147524 1.0095787 1.0325773 0.9540815 1.0299299 1.0205354 0.9230957 1.0237394 0.9795255 1.0002136 1.0023723 1.0071911 0.9956614 0.9794903 0.9814311 1.0546175 1.0151638 1.0249634 1.0609633 1.0431297 0.8909176 0.8860191 0.8552347 1.2272040 0.9902943 1.9936101 2.0419939 1.9742729 2.7777600 
BCG.ES.15.100_119.KY496623             0.6071356 0.6297808 0.6196517 0.6491795 0.7391535 0.6967593 0.6657187 0.6939496 0.6234479 0.7515170 0.7453778 0.7790365 0.7243277 0.7049190 0.7748467 0.6968948 0.7325055 0.7330637 0.7410107 0.8114740 0.7941310 0.8349218 0.8515292 0.8388257 0.8178155 0.8398375 0.8967832 1.0163108 0.6439171 0.7975874 0.8922702 1.0271174 0.7388336 0.3892473 0.4562095 0.4060938 0.0000000 0.8678243 0.8350083 1.0597134 1.0049264 1.0571369 1.0289865 1.0623483 1.0293842 1.0597806 0.9711717 1.0314639 1.0743094 1.0674073 1.0272336 1.0710995 1.0920330 1.1191707 1.1872917 1.1407480 0.9403161 0.9505188 0.9431305 0.9711252 0.9034547 0.9881500 0.9772064 0.9847911 0.9622516 0.9739700 1.0201118 0.9574796 0.9387110 0.9340429 0.9794312 0.9929564 0.9980568 1.0624793 0.9695930 1.0156517 0.9994684 0.9286566 1.0085621 1.0000586 1.0153832 0.9962085 1.0148627 0.9824992 1.0009302 0.9813161 1.0828484 1.0352207 1.0276841 1.0662522 1.0348856 0.9053782 0.8893283 0.8556128 1.2805292 0.9583981 2.0153150 2.1194412 2.0288052 2.8049622 
06_cpx.SN.97.97SE1078.AJ288981         0.5501846 0.5585678 0.5348092 0.5657301 0.6440918 0.6127780 0.6112661 0.6401566 0.6546487 0.7282727 0.7551033 0.7697895 0.7215933 0.7220371 0.8083483 0.7118625 0.7198029 0.7590675 0.7428812 0.8177570 0.8138369 0.8529218 0.8445723 0.8760377 0.8384903 0.8580918 0.9333083 1.0073772 0.6715798 0.7809469 0.9360506 0.9987505 0.7079159 0.7494608 0.7889871 0.8297653 0.8678243 0.0000000 0.8276823 1.0315878 0.9975082 1.0114770 1.0060067 1.0492867 0.9935965 1.0369906 0.9858702 0.9993668 1.0409398 1.0060501 0.9983790 1.0570430 1.0593477 1.0789385 1.1303269 1.1066885 0.9897316 0.9986501 0.9918438 0.9823498 0.9488247 0.9997522 0.9927073 1.0244680 1.0009894 1.0133077 1.0106615 0.9874075 0.9752962 0.9578918 0.9889872 1.0701018 1.0186118 1.0764609 1.0060504 1.0328955 1.0204344 0.9367805 1.0678930 1.0375848 1.0093261 0.9971235 1.0283407 1.0159530 1.0099930 1.0136990 1.0968317 1.0438676 1.0440755 1.0341316 1.0504885 0.9245816 0.9481778 0.8764393 1.3346697 0.9789538 1.9118715 1.9225380 1.9223721 2.5905709 
