100
02A1.GH.97.97GH_AG2.AB052867           0.0000000 0.3368686 0.3279988 0.3470620 0.4284857 0.3726271 0.3840498 0.4218473 0.4274226 0.5348166 0.5213915 0.5593578 0.4995637 0.5029019 0.5493175 0.4783450 0.5103248 0.5513879 0.5395604 0.6058513 0.6092126 0.6349364 0.6562873 0.6557458 0.6104371 0.6565704 0.7134255 0.7836700 0.4514191 0.5787347 0.7286599 0.8135186 0.4883942 0.5240317 0.5721797 0.6022930 0.6070171 0.5500716 0.6176773 0.8363766 0.8054871 0.8236250 0.8445987 0.8511356 0.8031655 0.8556814 0.7874427 0.8267359 0.8549337 0.7872489 0.8004087 0.8407142 0.8399167 0.8792004 0.9366136 0.9156971 0.7634408 0.7758945 0.7524407 0.7780375 0.7311114 0.7913264 0.7648815 0.7997370 0.7733318 0.7774405 0.8172326 0.7772100 0.7669645 0.7521346 0.7967781 0.8506110 0.8194116 0.8558996 0.7751255 0.8248096 0.8304923 0.7448605 0.8471932 0.7844192 0.8280575 0.8057804 0.8034159 0.7983130 0.7912925 0.8222309 0.8828615 0.8508354 0.8387662 0.8676102 0.8548923 0.7281819 0.7055033 0.6639476 1.0724720 0.7859510 1.7712266 1.8237563 1.7217717 2.3488905 
02_AG.CM.02.02CM_3217MN.GU201514       0.3368686 0.0000000 0.2554650 0.2692034 0.3587858 0.3964558 0.3988498 0.4315573 0.4392804 0.5436013 0.5514926 0.5791054 0.5320072 0.5265820 0.5795475 0.5037231 0.5349084 0.5544702 0.5634401 0.6265344 0.6193841 0.6575094 0.6564686 0.6672415 0.6417605 0.6590497 0.7477831 0.7975591 0.4676545 0.6016934 0.7558354 0.8241282 0.5037018 0.5357428 0.6060738 0.6195295 0.6296450 0.5584545 0.6354248 0.8814841 0.8297336 0.8610406 0.8533366 0.8853617 0.8304916 0.8689191 0.8163092 0.8338067 0.8619258 0.8243062 0.7985706 0.8700129 0.8811421 0.9190087 0.9570534 0.9660167 0.7851970 0.8093070 0.7852266 0.8177431 0.7584352 0.8079344 0.8066254 0.8355510 0.7982191 0.8182611 0.8287512 0.8086451 0.7867687 0.7657887 0.8103686 0.8614525 0.8666570 0.8762460 0.8007883 0.8446913 0.8155060 0.7785423 0.8705592 0.8116485 0.8292023 0.8278534 0.8269745 0.8077254 0.8350383 0.8317584 0.9087674 0.8424402 0.8627940 0.8857579 0.8478014 0.7399377 0.7109296 0.6867165 1.0863206 0.7949357 1.7084415 1.7646061 1.6686950 2.4048925 
02_AG.GW.04.CC_0030.FJ694791           0.3279988 0.2554650 0.0000000 0.2578443 0.3507512 0.3991692 0.3947932 0.4361715 0.4316906 0.5391065 0.5338744 0.5690610 0.5108645 0.5112158 0.5688723 0.4774540 0.5187341 0.5510486 0.5425593 0.6023523 0.6047164 0.6478605 0.6588291 0.6610931 0.6307954 0.6545825 0.7152380 0.7792066 0.4590678 0.5713097 0.7368215 0.8178255 0.4900100 0.5267926 0.5885176 0.6102916 0.6195241 0.5347026 0.6164797 0.8451684 0.8129781 0.8401677 0.8342631 0.8696628 0.8227689 0.8260361 0.7975353 0.8227470 0.8586426 0.8201338 0.8120795 0.8724060 0.8563044 0.9173220 0.9439086 0.9291482 0.7652765 0.7791553 0.7754116 0.7944607 0.7448484 0.7815341 0.7926298 0.8007715 0.7878619 0.7976388 0.8132638 0.7746149 0.7634534 0.7736901 0.8060745 0.8597971 0.8487092 0.8630630 0.7808256 0.8270220 0.8350341 0.7535832 0.8558313 0.7985679 0.8202651 0.8283783 0.8264241 0.7845372 0.8169819 0.8169587 0.8794430 0.8379914 0.8436585 0.8671437 0.8439662 0.7250974 0.7063348 0.6610166 1.0710512 0.7937907 1.7700072 1.8046930 1.7029934 2.4143262 
02_AG.GW.14.DE00214GW009.MH078544      0.3470620 0.2692034 0.2578443 0.0000000 0.3643601 0.4003632 0.4011242 0.4338102 0.4397907 0.5496689 0.5575019 0.5846027 0.5342406 0.5333035 0.5867259 0.5100563 0.5331028 0.5756400 0.5556320 0.6154111 0.6149311 0.6378474 0.6394284 0.6509350 0.6243988 0.6540634 0.7324247 0.8040875 0.4704147 0.5874828 0.7667022 0.8280159 0.5000633 0.5424204 0.5916867 0.6455339 0.6490338 0.5656179 0.6241090 0.8533580 0.8343638 0.8522872 0.8483207 0.8833757 0.8527024 0.8856908 0.8141986 0.8390319 0.8711599 0.8306118 0.8401158 0.8923458 0.8788415 0.9240895 0.9748018 0.9675818 0.7928239 0.8135450 0.7993266 0.8182503 0.7700460 0.8419137 0.8145979 0.8247221 0.8328576 0.8125502 0.8356133 0.8138579 0.8079280 0.7916067 0.8272284 0.8909503 0.8702285 0.8922956 0.8212206 0.8435976 0.8672225 0.8018403 0.8777117 0.8223805 0.8438109 0.8576463 0.8490572 0.8042827 0.8400012 0.8325975 0.8926699 0.8556488 0.8769701 0.8934003 0.8811569 0.7470025 0.7206549 0.6976057 1.0761736 0.8142437 1.7566525 1.7821326 1.7253445 2.3941107 
02D.GH.03.GHNJ193.AB231897             0.4284857 0.3587858 0.3507512 0.3643601 0.0000000 0.4991484 0.4838698 0.5326961 0.5296418 0.6471928 0.6448057 0.6822340 0.6209441 0.6169801 0.6760842 0.6006648 0.6362531 0.6506184 0.6506732 0.6963743 0.6985245 0.7366073 0.7305752 0.7475381 0.7144657 0.7568438 0.8119324 0.8761505 0.5524920 0.6672630 0.8280729 0.9014273 0.5912199 0.6481569 0.6870530 0.7212960 0.7389807 0.6439521 0.7218892 0.9464288 0.9456261 0.9333081 0.9325739 0.9502218 0.9222092 0.9674697 0.8920006 0.9279525 0.9432751 0.9034168 0.9196756 0.9476649 0.9783066 1.0235234 1.0609878 1.0169924 0.8796475 0.8959298 0.8955060 0.8828284 0.8514773 0.8877070 0.9024128 0.8997364 0.8972643 0.9129011 0.9167309 0.9015602 0.8790782 0.8757166 0.9075583 0.9561099 0.9634904 0.9772470 0.8888674 0.9346701 0.9324693 0.8631869 0.9541913 0.8919019 0.9473064 0.9297924 0.9290066 0.9189240 0.9294109 0.9495077 0.9889765 0.9344529 0.9821687 0.9712006 0.9364630 0.8275323 0.7862750 0.7659422 1.1731913 0.8680678 1.8518185 1.8726801 1.7819403 2.5350308 
02A.CI.16.DEURF16CI011.MH078538        0.3726271 0.3964558 0.3991692 0.4003632 0.4991484 0.0000000 0.4400167 0.4900034 0.4997776 0.6124037 0.5966462 0.6324743 0.5744612 0.5903064 0.6198017 0.5542131 0.5946671 0.5930562 0.6162526 0.6864748 0.6843945 0.7143418 0.7220259 0.7318807 0.6952562 0.7280885 0.7857281 0.8680100 0.5254835 0.6426329 0.8201668 0.8892602 0.5527341 0.5868167 0.6399175 0.6723489 0.6966039 0.6126429 0.6744063 0.9158834 0.8859180 0.8858331 0.8810419 0.9105661 0.8827228 0.9125215 0.8564997 0.9055792 0.9207714 0.8887782 0.8861834 0.9309315 0.9605841 0.9744084 1.0121840 0.9953517 0.8515984 0.8616916 0.8349615 0.8690471 0.8082098 0.8659822 0.8559314 0.8766291 0.8809579 0.8613858 0.8919695 0.8777119 0.8436798 0.8466385 0.8591628 0.9034756 0.8954895 0.9277005 0.8771371 0.8994532 0.8961896 0.8248394 0.9231881 0.8796327 0.9334386 0.9113961 0.9105358 0.8805971 0.8902789 0.8920915 0.9592547 0.9028975 0.9329808 0.9397123 0.9198462 0.8108869 0.7861163 0.7420083 1.1484054 0.8757314 1.8341611 1.8765236 1.8356461 2.5143313 
0206.SN.12.LA56Senegl.KU168299         0.3840498 0.3988498 0.3947932 0.4011242 0.4838698 0.4400167 0.0000000 0.3905436 0.4760188 0.5908896 0.5685734 0.5935720 0.5506665 0.5400845 0.5900765 0.5339646 0.5793121 0.5742147 0.5839398 0.6466812 0.6370387 0.6803001 0.6779875 0.6775330 0.6624215 0.6888943 0.7581556 0.8373637 0.4856832 0.6224143 0.7772230 0.8677976 0.5248230 0.5760782 0.6351440 0.6480744 0.6655750 0.6111272 0.6460344 0.8920060 0.8507486 0.8703922 0.8846784 0.9024098 0.8938423 0.8936779 0.8252846 0.8698520 0.8670885 0.8610401 0.8663429 0.9067772 0.9162698 0.9534355 0.9786728 0.9704818 0.7971288 0.8290806 0.8066359 0.8300383 0.7745343 0.8221991 0.7996177 0.8354107 0.8279173 0.8165056 0.8660025 0.8037266 0.7843711 0.8163159 0.8291357 0.8993929 0.8697549 0.8914461 0.8305462 0.8826630 0.8446477 0.7850869 0.8889866 0.8290207 0.8769959 0.8575636 0.8668378 0.8333951 0.8597372 0.8501742 0.9102618 0.8780187 0.8861960 0.8837614 0.8977792 0.7605535 0.7327424 0.6812695 1.1188589 0.8506317 1.8140981 1.8789515 1.8103378 2.4512593 
U.ES.10.DEURF10DZ001.JX140679          0.4218473 0.4315573 0.4361715 0.4338102 0.5326961 0.4900034 0.3905436 0.0000000 0.5015133 0.5988721 0.5944738 0.6113742 0.5628731 0.5615950 0.6226107 0.5658413 0.5842332 0.6199784 0.5937640 0.6850582 0.6774597 0.7097274 0.7098133 0.7111086 0.6893007 0.7173466 0.7944560 0.8745708 0.5307237 0.6553314 0.7888178 0.8783787 0.5571941 0.5914484 0.6573602 0.6747156 0.6937993 0.6400094 0.7009711 0.9333966 0.9314530 0.8933477 0.9229810 0.9477260 0.9151661 0.9288310 0.8855920 0.9009194 0.9435908 0.8993917 0.9006928 0.9412794 0.9578459 0.9873486 1.0616451 1.0316346 0.8242524 0.8385778 0.8370763 0.8470984 0.8062286 0.8556193 0.8411538 0.8580057 0.8544589 0.8397185 0.8641509 0.8199347 0.8188490 0.8168127 0.8426043 0.9308049 0.9031796 0.9110108 0.8742588 0.8839848 0.8954347 0.8221798 0.9273608 0.8511224 0.8879799 0.8677548 0.8800564 0.8634303 0.8692812 0.8483830 0.9445533 0.8826231 0.8955507 0.9279522 0.8960424 0.7691925 0.7604031 0.7145228 1.1434073 0.8390962 1.8348512 1.8800666 1.8311921 2.4840429 
AGU.CM.06.770_8.MH705142               0.4274226 0.4392804 0.4316906 0.4397907 0.5296418 0.4997776 0.4760188 0.5015133 0.0000000 0.5514414 0.5446407 0.5734144 0.5210660 0.5224003 0.5705802 0.5054800 0.5353862 0.5577346 0.5357945 0.6151524 0.6128725 0.6449222 0.6552444 0.6549025 0.6210384 0.6568635 0.7336484 0.8120069 0.4747054 0.6099333 0.7642853 0.8423070 0.5356778 0.4962811 0.5633172 0.6069071 0.6233174 0.6544935 0.6181522 0.8551318 0.8375226 0.8509010 0.8443043 0.8625145 0.8401677 0.8663896 0.8037144 0.8317324 0.8544352 0.8310083 0.8377356 0.8820200 0.8940167 0.9116219 0.9708420 0.9469060 0.7888439 0.8079501 0.8024195 0.8101225 0.7488002 0.8249614 0.7957763 0.8134391 0.8184843 0.8009092 0.8194597 0.7989709 0.7735026 0.7603946 0.8026474 0.8470453 0.8430846 0.8950362 0.8108243 0.8433080 0.8570856 0.7716095 0.8745444 0.8336114 0.8274964 0.8168087 0.8214330 0.8101090 0.8284491 0.8259337 0.9072404 0.8302320 0.8466411 0.8592671 0.8847109 0.7416748 0.7160047 0.6634264 1.0959229 0.8260853 1.9032717 1.9075620 1.8318595 2.5407444 
A1.KE.06.06KECst_028.FJ623479          0.5348166 0.5436013 0.5391065 0.5496689 0.6471928 0.6124037 0.5908896 0.5988721 0.5514414 0.0000000 0.3108988 0.4137663 0.3649936 0.4002323 0.4085531 0.4469912 0.4698066 0.4550432 0.4954454 0.5691242 0.5795421 0.6156965 0.5976649 0.6148465 0.5860734 0.6168616 0.6909746 0.7486556 0.5150909 0.4864826 0.7131059 0.7892402 0.6518002 0.6625710 0.7003511 0.7463785 0.7513461 0.7280980 0.6641213 0.7495557 0.7291379 0.7412986 0.7320376 0.7681927 0.7135144 0.7670196 0.7156691 0.7184491 0.7492196 0.7187522 0.7145849 0.7580810 0.7789354 0.8284292 0.8506116 0.8460940 0.8444774 0.8534251 0.8544313 0.8501853 0.8185189 0.8783094 0.8514633 0.8863733 0.8699769 0.8853618 0.9003096 0.8635906 0.8415287 0.8430214 0.8755819 0.9186900 0.9057411 0.9261101 0.8766172 0.9246694 0.9133248 0.8194911 0.9181171 0.9055646 0.9234669 0.9280706 0.9219496 0.8905260 0.8810060 0.9047186 0.9499615 0.9010582 0.9024251 0.9501649 0.9374793 0.8093955 0.7738466 0.7373784 1.1915060 0.8311512 1.9260252 1.9664899 1.8924165 2.6628329 
A1.KE.06.06KECst_013.FJ623485          0.5213915 0.5514926 0.5338744 0.5575019 0.6448057 0.5966462 0.5685734 0.5944738 0.5446407 0.3108988 0.0000000 0.4120921 0.3582204 0.3878285 0.3937413 0.4388151 0.4572217 0.4369835 0.4878783 0.5545707 0.5535566 0.5918522 0.5840807 0.5917976 0.5701195 0.5934839 0.6618754 0.7414907 0.4850696 0.4748657 0.6977351 0.7906860 0.6280827 0.6350347 0.6905291 0.7286196 0.7452052 0.7549131 0.6820292 0.7525141 0.7219430 0.7255673 0.7341049 0.7419181 0.7102645 0.7358777 0.6943405 0.7162136 0.7255290 0.7118635 0.6961533 0.7349368 0.7682216 0.8023661 0.8627639 0.8339214 0.8353030 0.8354943 0.8394611 0.8409884 0.8005487 0.8738456 0.8585491 0.8708828 0.8584287 0.8614570 0.8813104 0.8387354 0.8322163 0.8417255 0.8595237 0.9014197 0.9019809 0.9166718 0.8738605 0.8930724 0.8937875 0.8037903 0.9267511 0.8879591 0.9007985 0.9043491 0.8994804 0.8789051 0.8880444 0.8748185 0.9338335 0.8992975 0.9059989 0.9105029 0.9218636 0.7872199 0.7590177 0.7130246 1.1600544 0.8555529 1.8878425 1.9406557 1.8531379 2.5932922 
A1.CY.07.CY208.JF683760                0.5593578 0.5791054 0.5690610 0.5846027 0.6822340 0.6324743 0.5935720 0.6113742 0.5734144 0.4137663 0.4120921 0.0000000 0.2390297 0.4184543 0.4371647 0.4524341 0.4814815 0.4749715 0.5080863 0.5802728 0.5903704 0.6081461 0.6219761 0.6219349 0.5972567 0.6333043 0.7012510 0.7775739 0.5199640 0.4934479 0.7267478 0.8047634 0.6720651 0.6641769 0.7202940 0.7546012 0.7788428 0.7695942 0.6926995 0.7825363 0.7309526 0.7620512 0.7403086 0.7817113 0.7392160 0.7664562 0.7165414 0.7415665 0.7394860 0.7278579 0.7135244 0.7484364 0.7888612 0.8157862 0.8893408 0.8508687 0.8915575 0.8728696 0.8725415 0.8827399 0.8280878 0.9057479 0.8769764 0.8903233 0.8778881 0.8730660 0.9150690 0.8809263 0.8557673 0.8585859 0.9055089 0.9339180 0.9210751 0.9498797 0.9077274 0.9073025 0.9374271 0.8544380 0.9549313 0.9131752 0.9422629 0.9366836 0.9329199 0.9204461 0.8936306 0.9140343 0.9910318 0.9152428 0.9555625 0.9532564 0.9350126 0.8038228 0.8178964 0.7376357 1.1978033 0.8506081 1.9540808 1.9895852 1.9096716 2.6578674 
A1.CY.05.CY051.FJ388903                0.4995637 0.5320072 0.5108645 0.5342406 0.6209441 0.5744612 0.5506665 0.5628731 0.5210660 0.3649936 0.3582204 0.2390297 0.0000000 0.3636482 0.3889404 0.4056834 0.4324345 0.4076816 0.4538218 0.5280618 0.5353950 0.5739267 0.5654629 0.5674581 0.5482718 0.5730631 0.6365019 0.7190674 0.4732070 0.4562559 0.6633621 0.7624262 0.6083777 0.6206946 0.6758246 0.7133631 0.7241677 0.7214161 0.6502791 0.7321677 0.6924931 0.7128826 0.7074821 0.7294038 0.6850462 0.7192896 0.6802208 0.7042066 0.7211463 0.7067686 0.6914135 0.7156375 0.7467618 0.7740622 0.8494808 0.8185935 0.8295373 0.8078069 0.8129524 0.8190578 0.7805406 0.8478475 0.8140770 0.8352533 0.8227672 0.8343444 0.8636332 0.8261766 0.8011115 0.8137055 0.8436222 0.8738949 0.8873599 0.9140671 0.8446548 0.8585179 0.8792031 0.7670938 0.8918696 0.8692135 0.8706426 0.8835611 0.8628909 0.8422487 0.8434598 0.8531753 0.9362467 0.8606108 0.8960573 0.8835216 0.8812150 0.7676925 0.7567400 0.6876659 1.1025727 0.8140845 1.8892439 1.9447947 1.8947956 2.6438762 
A1.UG.11.DEMA110UG001.KF859745         0.5029019 0.5265820 0.5112158 0.5333035 0.6169801 0.5903064 0.5400845 0.5615950 0.5224003 0.4002323 0.3878285 0.4184543 0.3636482 0.0000000 0.4171154 0.4117788 0.4515741 0.4256459 0.4716841 0.5405229 0.5449162 0.5992853 0.5873269 0.5799964 0.5590950 0.5926583 0.6609193 0.7607536 0.4848490 0.4541653 0.6908657 0.7562239 0.6140092 0.6269098 0.6737656 0.7025731 0.7047596 0.7218624 0.6536527 0.7184556 0.6977326 0.7027256 0.7123834 0.7426545 0.6919224 0.7171722 0.6882587 0.7157992 0.7285092 0.6831510 0.6776633 0.7230227 0.7484938 0.7763531 0.8191963 0.7926548 0.8542954 0.8356722 0.8369197 0.8288914 0.7927586 0.8449178 0.8480117 0.8634101 0.8272970 0.8488522 0.8807376 0.8373781 0.7989493 0.8234759 0.8420956 0.8923821 0.8746631 0.9095849 0.8638797 0.8781152 0.8925327 0.7774996 0.8979882 0.8601209 0.8818608 0.8628726 0.8759632 0.8470478 0.8621873 0.8562337 0.9292603 0.8762029 0.8788278 0.9158169 0.8998273 0.7596764 0.7157731 0.6998288 1.1354052 0.7957740 1.8635828 1.9699893 1.8774282 2.6250631 
35_AD.AF.06.007H.GQ477450              0.5493175 0.5795475 0.5688723 0.5867259 0.6760842 0.6198017 0.5900765 0.6226107 0.5705802 0.4085531 0.3937413 0.4371647 0.3889404 0.4171154 0.0000000 0.4548049 0.4948084 0.4676296 0.5107306 0.5797668 0.5766312 0.6213269 0.6063001 0.6252604 0.6006959 0.6380234 0.6828600 0.7793686 0.5282369 0.5088583 0.7137557 0.8042774 0.6672722 0.6738077 0.7112557 0.7563339 0.7746631 0.8081476 0.7176085 0.7654046 0.7445882 0.7730162 0.7774382 0.7740714 0.7537430 0.7873263 0.7378314 0.7587037 0.7845263 0.7537485 0.7533709 0.7883583 0.8018552 0.8321284 0.8945277 0.8649811 0.8641066 0.8615162 0.8583642 0.8590211 0.7969512 0.8746040 0.8769686 0.8865574 0.8731335 0.8793138 0.9003984 0.8562018 0.8411537 0.8631250 0.8920585 0.9164323 0.9024665 0.9164235 0.8747118 0.9043837 0.9215245 0.8311152 0.9447077 0.8958307 0.9098250 0.9173379 0.9088368 0.8847061 0.8835152 0.8913529 0.9741769 0.9348427 0.9333629 0.9525931 0.9207732 0.8112401 0.7863644 0.7574990 1.1717171 0.8759722 1.9326224 1.9585928 1.9116903 2.7138612 
A1.CY.06.CY154.FJ388943                0.4783450 0.5037231 0.4774540 0.5100563 0.6006648 0.5542131 0.5339646 0.5658413 0.5054800 0.4469912 0.4388151 0.4524341 0.4056834 0.4117788 0.4548049 0.0000000 0.4139875 0.4437636 0.4255336 0.5120390 0.5160655 0.5356660 0.5450851 0.5470596 0.5296062 0.5415462 0.6248548 0.6918305 0.4418289 0.4782234 0.6605432 0.7402803 0.6002758 0.5876434 0.6363323 0.6692347 0.6967352 0.7116858 0.6274079 0.7483426 0.7208716 0.7208555 0.7197642 0.7350823 0.7120582 0.7497454 0.6794471 0.7062130 0.7357589 0.6943310 0.7070880 0.7293897 0.7663902 0.7982330 0.8503499 0.8282537 0.8165047 0.8110413 0.8143147 0.8097202 0.7713482 0.8332083 0.8207133 0.8319378 0.8125022 0.8233798 0.8679998 0.8088036 0.7942750 0.8097227 0.8255769 0.8738763 0.8559506 0.8919543 0.8179098 0.8534849 0.8531631 0.7715266 0.8761536 0.8266557 0.8653377 0.8407676 0.8468264 0.8316851 0.8267054 0.8385188 0.9281751 0.8416507 0.8610750 0.9072883 0.8643600 0.7648685 0.7208458 0.6869944 1.1149987 0.8099116 1.8581201 1.9459595 1.8264791 2.5735727 
A6.UA.12.DEMA112UA036.KU749406         0.5103248 0.5349084 0.5187341 0.5331028 0.6362531 0.5946671 0.5793121 0.5842332 0.5353862 0.4698066 0.4572217 0.4814815 0.4324345 0.4515741 0.4948084 0.4139875 0.0000000 0.4724112 0.4677796 0.5282007 0.5383583 0.5770916 0.5629171 0.5863199 0.5579413 0.5751753 0.6401332 0.7179192 0.4890585 0.5191730 0.6695988 0.7701405 0.6289872 0.6081650 0.6932716 0.7171219 0.7323364 0.7196289 0.6746186 0.7864820 0.7743872 0.7842991 0.7640606 0.8049731 0.7735236 0.8055961 0.7228848 0.7501652 0.7994121 0.7524029 0.7554961 0.8112006 0.8235951 0.8331331 0.9034471 0.8660392 0.8198701 0.8320077 0.8250054 0.8351960 0.7954411 0.8724334 0.8129147 0.8690781 0.8536876 0.8518670 0.8678879 0.8298637 0.8445346 0.8106793 0.8416207 0.8903240 0.8597865 0.8913361 0.8666740 0.8839883 0.8846351 0.7904630 0.8837273 0.8639306 0.8920626 0.9001891 0.8862274 0.8542351 0.8646759 0.8605018 0.9355580 0.8890279 0.8931661 0.9192570 0.9037450 0.7829637 0.7642768 0.7253081 1.1355006 0.8388724 1.9011761 1.9960630 1.8935211 2.6050163 
A1D.UG.99.99UGJ21953.AF484496          0.5513879 0.5544702 0.5510486 0.5756400 0.6506184 0.5930562 0.5742147 0.6199784 0.5577346 0.4550432 0.4369835 0.4749715 0.4076816 0.4256459 0.4676296 0.4437636 0.4724112 0.0000000 0.4999872 0.5807013 0.5758337 0.6080626 0.6014721 0.6196400 0.5909951 0.6159549 0.6709345 0.7667599 0.5121647 0.4714593 0.7118695 0.8005425 0.6464615 0.6303125 0.6957137 0.7318103 0.7328999 0.7588695 0.7029131 0.7448789 0.7116345 0.7202227 0.7280251 0.7399443 0.7142776 0.7347349 0.6622062 0.7153834 0.7501734 0.7187598 0.6886287 0.7469606 0.7709772 0.7858796 0.8426529 0.8026022 0.8668742 0.8642990 0.8685129 0.8559539 0.8343090 0.8930662 0.8743773 0.9025921 0.8760295 0.9053987 0.8991867 0.8749630 0.8655726 0.8362693 0.8952130 0.9356513 0.9339747 0.9031605 0.8786582 0.9066921 0.9036528 0.8285977 0.9326724 0.8930733 0.9075937 0.9096338 0.9187154 0.8891478 0.8852306 0.8850325 0.9660714 0.9089163 0.9311349 0.9426511 0.9408937 0.8097148 0.7866325 0.7570196 1.1486902 0.8322462 1.8942906 1.9984586 1.8772930 2.6570379 
22_01A1.CM.02.02CM_1867LE.AY371165     0.5395604 0.5634401 0.5425593 0.5556320 0.6506732 0.6162526 0.5839398 0.5937640 0.5357945 0.4954454 0.4878783 0.5080863 0.4538218 0.4716841 0.5107306 0.4255336 0.4677796 0.4999872 0.0000000 0.4263073 0.4345263 0.4709181 0.4528087 0.4748799 0.4410255 0.4692159 0.5343600 0.6313108 0.5172950 0.5297386 0.5663962 0.6615161 0.6394738 0.6209928 0.6812874 0.7381836 0.7408291 0.7426869 0.7025646 0.8282133 0.7597430 0.7843628 0.8063877 0.8208059 0.7669614 0.8181125 0.7588562 0.7573753 0.7869153 0.7621075 0.7756263 0.8022392 0.8391452 0.8325827 0.9146914 0.8904936 0.8377242 0.8350924 0.8208338 0.8356014 0.7977453 0.8696940 0.8432025 0.8569572 0.8287332 0.8638667 0.8885880 0.8271295 0.8208942 0.8179858 0.8797570 0.8807252 0.8715646 0.9013336 0.8556436 0.8938790 0.8802049 0.8023710 0.9072981 0.8528359 0.8816632 0.8762476 0.8621225 0.8614393 0.8576334 0.8614095 0.9319946 0.8881953 0.9192076 0.9165753 0.8853753 0.7786610 0.7546647 0.7178619 1.1660389 0.8276110 1.9283426 1.9873617 1.8969287 2.6031148 
01_AE.CN.02.YN0236.JX112866            0.6058513 0.6265344 0.6023523 0.6154111 0.6963743 0.6864748 0.6466812 0.6850582 0.6151524 0.5691242 0.5545707 0.5802728 0.5280618 0.5405229 0.5797668 0.5120390 0.5282007 0.5807013 0.4263073 0.0000000 0.1560973 0.2057006 0.2025813 0.2091017 0.2159675 0.2443553 0.2937149 0.3635952 0.5890125 0.6010675 0.4578644 0.5315304 0.7240564 0.7042701 0.7707056 0.8124046 0.8112736 0.8175469 0.7607800 0.8713316 0.8420116 0.8582645 0.8511802 0.8852863 0.8362068 0.8712053 0.8369627 0.8347755 0.8511883 0.8400248 0.8298568 0.8714610 0.8894260 0.9219865 0.9769800 0.9546789 0.9037796 0.9213261 0.9120092 0.9008088 0.8737058 0.9244829 0.9094392 0.9356158 0.9208502 0.9301765 0.9544328 0.9213271 0.9082777 0.8997745 0.9548633 0.9363357 0.9500898 0.9792924 0.9340215 0.9653405 0.9465821 0.8702805 0.9626087 0.9374898 0.9624655 0.9464615 0.9591272 0.9424177 0.9539944 0.9170359 0.9896459 0.9606427 0.9874443 1.0110040 0.9572549 0.8427474 0.8315486 0.7944363 1.2044305 0.8895790 1.9987631 2.0714336 2.0178880 2.6222676 
01_AE.TH.99.99TH_C4460.AY945726        0.6092126 0.6193841 0.6047164 0.6149311 0.6985245 0.6843945 0.6370387 0.6774597 0.6128725 0.5795421 0.5535566 0.5903704 0.5353950 0.5449162 0.5766312 0.5160655 0.5383583 0.5758337 0.4345263 0.1560973 0.0000000 0.2002899 0.2021284 0.2024925 0.2114859 0.2413830 0.2921657 0.3569851 0.5905392 0.6020834 0.4567319 0.5409163 0.7384724 0.6946756 0.7747768 0.8014858 0.7939381 0.8136233 0.7641158 0.8696069 0.8550066 0.8534288 0.8559210 0.8882140 0.8262770 0.8661167 0.8217898 0.8539500 0.8602235 0.8363825 0.8268781 0.8716954 0.8811882 0.9016928 0.9637811 0.9356622 0.9158779 0.9266791 0.9218173 0.9054466 0.8755684 0.9417333 0.9195854 0.9588443 0.9242311 0.9277312 0.9703838 0.9310737 0.8983450 0.9044125 0.9459290 0.9541301 0.9585139 0.9814024 0.9367193 0.9635910 0.9732537 0.8679312 0.9688024 0.9490337 0.9839499 0.9749039 0.9756858 0.9525588 0.9546836 0.9451786 0.9926751 0.9553281 0.9930421 0.9964006 0.9738529 0.8702478 0.8468601 0.8000622 1.1822945 0.9045028 1.9801276 2.0659422 1.9994806 2.5827180 
01_AE.CN.07.07CNYN326.KF835513         0.6349364 0.6575094 0.6478605 0.6378474 0.7366073 0.7143418 0.6803001 0.7097274 0.6449222 0.6156965 0.5918522 0.6081461 0.5739267 0.5992853 0.6213269 0.5356660 0.5770916 0.6080626 0.4709181 0.2057006 0.2002899 0.0000000 0.2281155 0.2436615 0.2444299 0.2692373 0.3240620 0.3984744 0.6084628 0.6356242 0.4871635 0.5609447 0.7600707 0.7259374 0.7949491 0.8466686 0.8347145 0.8526971 0.7815761 0.9112926 0.8811012 0.8756937 0.8781091 0.9017424 0.8545775 0.8887015 0.8614945 0.8663030 0.8875206 0.8602121 0.8518598 0.8986741 0.9036408 0.9384251 1.0093060 0.9644357 0.9369598 0.9431044 0.9427057 0.9522061 0.9086489 0.9535284 0.9528883 0.9692444 0.9618691 0.9580301 0.9911849 0.9554986 0.9163612 0.9266019 0.9674434 0.9810054 0.9740458 0.9927553 0.9692690 0.9843741 0.9881758 0.8927644 1.0223602 0.9535169 0.9771890 0.9686138 0.9671164 0.9719783 0.9765647 0.9697619 1.0256827 0.9958742 1.0327482 1.0473605 0.9918441 0.8726734 0.8598714 0.8535465 1.2149657 0.9463917 1.9890674 2.0714006 2.0180089 2.5860571 
01_AE.TH.07.AA030a04.JX447057          0.6562873 0.6564686 0.6588291 0.6394284 0.7305752 0.7220259 0.6779875 0.7098133 0.6552444 0.5976649 0.5840807 0.6219761 0.5654629 0.5873269 0.6063001 0.5450851 0.5629171 0.6014721 0.4528087 0.2025813 0.2021284 0.2281155 0.0000000 0.2420850 0.2438096 0.2642694 0.3268525 0.3993122 0.6161428 0.6352232 0.4893459 0.5761066 0.7652217 0.7388273 0.8044023 0.8312648 0.8513050 0.8443454 0.8014607 0.9323000 0.8662278 0.8669817 0.8676243 0.8948960 0.8366334 0.8912962 0.8370130 0.8693010 0.8615907 0.8432432 0.8419916 0.8832971 0.8988677 0.9259997 1.0044719 0.9514335 0.9371619 0.9630124 0.9587270 0.9555342 0.9254430 0.9653183 0.9591982 0.9804987 0.9827789 0.9918126 1.0015599 0.9636198 0.9499403 0.9307231 1.0012427 0.9854219 0.9892980 1.0039455 0.9767900 0.9739025 1.0214317 0.9119469 1.0265100 0.9694325 0.9833023 0.9842393 0.9969567 0.9600140 0.9655059 0.9750480 1.0329663 1.0016989 1.0369247 1.0367503 1.0111618 0.9175755 0.8687469 0.8382254 1.2131249 0.9286683 2.0024860 2.0519925 2.0503268 2.6810556 
01_AE.CN.07.GX070143.JX112835          0.6557458 0.6672415 0.6610931 0.6509350 0.7475381 0.7318807 0.6775330 0.7111086 0.6549025 0.6148465 0.5917976 0.6219349 0.5674581 0.5799964 0.6252604 0.5470596 0.5863199 0.6196400 0.4748799 0.2091017 0.2024925 0.2436615 0.2420850 0.0000000 0.2507413 0.2846726 0.3323842 0.3953493 0.6269515 0.6471509 0.4944381 0.5822641 0.7820052 0.7396745 0.8111269 0.8400165 0.8386157 0.8757977 0.7925839 0.9072694 0.8884340 0.8900844 0.8608805 0.9144624 0.8644210 0.9118661 0.8477378 0.8677218 0.8857263 0.8659623 0.8589416 0.9069171 0.9140803 0.9495230 1.0025346 0.9813427 0.9730867 0.9799168 0.9528176 0.9470464 0.9212497 0.9690965 0.9675823 0.9805022 0.9571971 0.9799791 1.0051442 0.9560664 0.9477369 0.9559647 0.9900797 1.0097691 1.0073128 1.0240033 0.9722821 1.0114560 1.0180360 0.9121698 1.0210422 0.9892156 1.0037710 0.9930758 1.0092846 0.9961250 0.9835799 0.9647759 1.0353483 1.0117625 1.0263467 1.0671023 1.0014622 0.8764044 0.8773539 0.8558703 1.2544406 0.9231673 2.0159742 2.0887714 2.0347809 2.6658707 
01_AE.TH.05.AA101a_WG1.JX447936        0.6104371 0.6417605 0.6307954 0.6243988 0.7144657 0.6952562 0.6624215 0.6893007 0.6210384 0.5860734 0.5701195 0.5972567 0.5482718 0.5590950 0.6006959 0.5296062 0.5579413 0.5909951 0.4410255 0.2159675 0.2114859 0.2444299 0.2438096 0.2507413 0.0000000 0.2495439 0.3239821 0.3903896 0.6018407 0.6221455 0.4755962 0.5597442 0.7376781 0.7047942 0.7759523 0.8171559 0.8176074 0.8382624 0.7711817 0.9018672 0.8599327 0.8656320 0.8557320 0.8869414 0.8401799 0.8745491 0.8177158 0.8243740 0.8700406 0.8343888 0.8487420 0.8683000 0.9066049 0.9118232 0.9811270 0.9531838 0.9178851 0.9506271 0.9253284 0.9254514 0.9011246 0.9468794 0.9233145 0.9610972 0.9300418 0.9500984 0.9771515 0.9580750 0.9244050 0.9178726 0.9643952 0.9748633 0.9896253 1.0088219 0.9318287 0.9437603 1.0027833 0.8832917 0.9859581 0.9526872 0.9801289 0.9647688 0.9904174 0.9696470 0.9635894 0.9397142 1.0109810 0.9787199 1.0051311 1.0025675 0.9848235 0.8571808 0.8326220 0.8161183 1.2272240 0.9222880 2.0253793 2.0873071 2.0015398 2.7053547 
01_AE.CN.07.07CNYN343.KF835528         0.6565704 0.6590497 0.6545825 0.6540634 0.7568438 0.7280885 0.6888943 0.7173466 0.6568635 0.6168616 0.5934839 0.6333043 0.5730631 0.5926583 0.6380234 0.5415462 0.5751753 0.6159549 0.4692159 0.2443553 0.2413830 0.2692373 0.2642694 0.2846726 0.2495439 0.0000000 0.3548238 0.4330173 0.6161642 0.6561912 0.5064682 0.5896444 0.7570988 0.7484687 0.8166575 0.8443820 0.8396246 0.8578597 0.8031540 0.9415395 0.9145730 0.8946221 0.8929752 0.9248196 0.8905719 0.9384832 0.8546896 0.8885727 0.9075870 0.8841077 0.8828971 0.9203800 0.9419182 0.9465724 1.0331123 1.0016665 0.9394067 0.9816400 0.9703889 0.9563311 0.9100070 0.9972705 0.9597872 0.9698936 0.9900212 0.9945143 1.0214571 0.9665002 0.9381123 0.9312177 0.9837211 1.0253907 1.0187140 1.0476810 0.9688827 0.9882813 0.9984416 0.9135025 1.0358719 0.9788853 1.0025465 0.9955674 1.0182944 0.9830151 0.9945316 0.9640314 1.0528828 1.0081296 1.0562740 1.0420385 1.0094677 0.9079277 0.8909864 0.8621512 1.2513366 0.9431794 2.0106911 2.0438363 2.0324375 2.6645812 
01BC.CN.13.SZ95LS8027.KX379000         0.7134255 0.7477831 0.7152380 0.7324247 0.8119324 0.7857281 0.7581556 0.7944560 0.7336484 0.6909746 0.6618754 0.7012510 0.6365019 0.6609193 0.6828600 0.6248548 0.6401332 0.6709345 0.5343600 0.2937149 0.2921657 0.3240620 0.3268525 0.3323842 0.3239821 0.3548238 0.0000000 0.4793858 0.6925764 0.7051805 0.5564676 0.6317410 0.8373460 0.8202639 0.8910787 0.8882019 0.8965391 0.9330475 0.8623232 0.9747807 0.9668583 0.9415067 0.9451389 0.9919885 0.9312756 0.9714854 0.9180480 0.9425709 0.9584462 0.9439987 0.9351565 0.9759475 0.9737797 0.9930964 1.1099891 1.0500703 1.0067925 1.0435805 1.0126294 1.0444886 0.9892832 1.0350207 1.0257979 1.0433523 1.0452893 1.0404056 1.0609696 1.0524430 1.0039952 1.0135198 1.0656366 1.0526442 1.0754525 1.0826836 1.0591381 1.0637416 1.0755664 0.9708448 1.1008282 1.0682365 1.0770361 1.0692275 1.0870305 1.0546569 1.0625414 1.0271233 1.1149300 1.0766546 1.1107125 1.1134872 1.1201457 0.9573374 0.9504223 0.9012846 1.3065749 0.9908921 1.9696531 2.0033249 2.0122803 2.6920605 
69_01B.JP.05.05JPMYC113SP420.LC027100  0.7836700 0.7975591 0.7792066 0.8040875 0.8761505 0.8680100 0.8373637 0.8745708 0.8120069 0.7486556 0.7414907 0.7775739 0.7190674 0.7607536 0.7793686 0.6918305 0.7179192 0.7667599 0.6313108 0.3635952 0.3569851 0.3984744 0.3993122 0.3953493 0.3903896 0.4330173 0.4793858 0.0000000 0.7802622 0.7782649 0.6376132 0.7153850 0.8987895 0.8848705 0.9384819 1.0004874 1.0160371 1.0070930 0.9445606 1.0623428 1.0464112 1.0417725 1.0175339 1.0787431 0.9962621 1.0558216 1.0128059 1.0060226 1.0334651 0.9935737 1.0256307 1.0563201 1.0982798 1.0909831 1.1614231 1.1039988 1.0850435 1.0980323 1.0933443 1.1320993 1.0761852 1.1138288 1.1022822 1.1340319 1.1194404 1.1163782 1.1439780 1.0933227 1.0876079 1.0678300 1.1481372 1.1518578 1.1379785 1.1469523 1.1111718 1.1077672 1.1616568 1.0563930 1.1719255 1.1170091 1.1203656 1.1355882 1.1298073 1.1221626 1.1437186 1.1329831 1.2011800 1.1324613 1.1717226 1.1892845 1.1604789 1.0387722 1.0139104 0.9999657 1.3882474 1.1043732 2.1382559 2.1923034 2.1055011 2.8072164 
45_cpx.CD.97.97CD_MBFE185.FN392874     0.4514191 0.4676545 0.4590678 0.4704147 0.5524920 0.5254835 0.4856832 0.5307237 0.4747054 0.5150909 0.4850696 0.5199640 0.4732070 0.4848490 0.5282369 0.4418289 0.4890585 0.5121647 0.5172950 0.5890125 0.5905392 0.6084628 0.6161428 0.6269515 0.6018407 0.6161642 0.6925764 0.7802622 0.0000000 0.5463772 0.7113054 0.8017149 0.5682202 0.5515164 0.6041398 0.6451814 0.6437770 0.6714214 0.6002843 0.8092582 0.7685214 0.7942820 0.8057715 0.8126839 0.7852372 0.8102017 0.7602844 0.7961945 0.8078070 0.7830818 0.7786993 0.8226000 0.8309092 0.8745866 0.9090724 0.8909763 0.7494081 0.7566245 0.7499576 0.7531822 0.7152962 0.7849343 0.7672530 0.7897826 0.7470754 0.7679037 0.8010651 0.7822232 0.7524408 0.7496276 0.7805498 0.8249631 0.8060811 0.8361684 0.7955415 0.8056930 0.8122270 0.7347776 0.8333778 0.7885206 0.8100871 0.7913386 0.8146576 0.7878648 0.7887108 0.7890678 0.8710945 0.7999943 0.8359406 0.8616290 0.8346371 0.7062945 0.6813710 0.6458344 1.0527362 0.7587366 1.8619299 1.8824763 1.8307230 2.5707192 
A1C.UG.99.99UGF25926.AF484491          0.5787347 0.6016934 0.5713097 0.5874828 0.6672630 0.6426329 0.6224143 0.6553314 0.6099333 0.4864826 0.4748657 0.4934479 0.4562559 0.4541653 0.5088583 0.4782234 0.5191730 0.4714593 0.5297386 0.6010675 0.6020834 0.6356242 0.6352232 0.6471509 0.6221455 0.6561912 0.7051805 0.7782649 0.5463772 0.0000000 0.7686117 0.8383156 0.6880401 0.6988563 0.7500251 0.7806731 0.7973909 0.7807484 0.7221635 0.6562571 0.6030014 0.6184053 0.6215767 0.6339738 0.5930649 0.6403011 0.5753295 0.6008655 0.6274233 0.6073573 0.5943791 0.6380058 0.6735314 0.6976306 0.7420309 0.7025522 0.9007040 0.8963924 0.8817577 0.8768867 0.8490700 0.8979360 0.9005637 0.9027496 0.8674236 0.9025225 0.9160587 0.8919920 0.8790395 0.8729830 0.8907318 0.9622601 0.9346166 0.9641920 0.8901496 0.9544381 0.9278830 0.8321337 0.9697025 0.9031992 0.9401505 0.9257623 0.9123370 0.9055893 0.9060481 0.9157782 0.9928728 0.9431677 0.9688054 0.9544160 0.9539390 0.8389757 0.8083388 0.7812752 1.1602244 0.8955605 1.9151533 1.9992834 1.8900240 2.5309685 
0107.CN.15.HB041501.KY019257           0.7286599 0.7558354 0.7368215 0.7667022 0.8280729 0.8201668 0.7772230 0.7888178 0.7642853 0.7131059 0.6977351 0.7267478 0.6633621 0.6908657 0.7137557 0.6605432 0.6695988 0.7118695 0.5663962 0.4578644 0.4567319 0.4871635 0.4893459 0.4944381 0.4755962 0.5064682 0.5564676 0.6376132 0.7113054 0.7686117 0.0000000 0.4249734 0.8522807 0.8313815 0.8969657 0.9436480 0.8920307 0.9357902 0.8858407 1.0247687 0.9560956 0.9735112 0.9786663 1.0219889 0.9508734 1.0030249 0.9393606 0.9531555 0.9740943 0.9665923 0.9559941 0.9991433 1.0305299 1.0381595 1.0915337 1.0411309 1.0457512 1.0569657 1.0450753 1.0589708 1.0254175 1.0538747 1.0410534 1.0798141 1.0641665 1.0836985 1.1128640 1.0681450 1.0500501 1.0285133 1.0871304 1.1330020 1.0870952 1.1271520 1.0790127 1.1069721 1.1147688 1.0139674 1.1268030 1.0923591 1.1047320 1.0770082 1.0987640 1.0612766 1.1033795 1.0617053 1.1928380 1.1137979 1.1421088 1.1656189 1.1320491 1.0053260 0.9882684 0.9484947 1.3271199 1.0746192 2.1633990 2.2256306 2.1994506 2.8238033 
01BC.CN.14.BJ.2014.MSM.SP01.KP668994   0.8135186 0.8241282 0.8178255 0.8280159 0.9014273 0.8892602 0.8677976 0.8783787 0.8423070 0.7892402 0.7906860 0.8047634 0.7624262 0.7562239 0.8042774 0.7402803 0.7701405 0.8005425 0.6615161 0.5315304 0.5409163 0.5609447 0.5761066 0.5822641 0.5597442 0.5896444 0.6317410 0.7153850 0.8017149 0.8383156 0.4249734 0.0000000 0.9401512 0.8960022 0.9512422 1.0183388 1.0268259 0.9984543 0.9494257 1.0860372 1.0322019 1.0830142 1.0864379 1.1116066 1.0725086 1.1055429 1.0281096 1.0448310 1.0887322 1.0548739 1.0559300 1.0928048 1.0913229 1.1386100 1.2020837 1.1705832 1.1185717 1.1348301 1.1072099 1.1497033 1.1078037 1.1379791 1.1177379 1.1548749 1.1609175 1.1466362 1.1569099 1.1424946 1.1270810 1.1187139 1.1563579 1.1905190 1.1626176 1.1967481 1.1710140 1.1780972 1.1639404 1.0761138 1.1873720 1.1422010 1.1844092 1.1494808 1.1809225 1.1640914 1.1382983 1.1185455 1.2200594 1.1884323 1.2089163 1.2409810 1.1837736 1.0580778 1.0453841 1.0281872 1.3889899 1.1179346 2.1789380 2.3065198 2.1988918 2.8661303 
93_cpx.CD.08.DRC653.MF372651           0.4883942 0.5037018 0.4900100 0.5000633 0.5912199 0.5527341 0.5248230 0.5571941 0.5356778 0.6518002 0.6280827 0.6720651 0.6083777 0.6140092 0.6672722 0.6002758 0.6289872 0.6464615 0.6394738 0.7240564 0.7384724 0.7600707 0.7652217 0.7820052 0.7376781 0.7570988 0.8373460 0.8987895 0.5682202 0.6880401 0.8522807 0.9401512 0.0000000 0.6310415 0.6867862 0.7317091 0.7386592 0.7077384 0.6946249 0.9516168 0.9210896 0.9450105 0.9519519 0.9527372 0.9265462 0.9736566 0.8727279 0.9055377 0.9444266 0.9043946 0.9315886 0.9890890 0.9986304 1.0205021 1.0413184 1.0301963 0.8934674 0.9002593 0.8724906 0.8933991 0.8402113 0.8962817 0.8747545 0.9031386 0.9068447 0.9031783 0.9128105 0.8918844 0.8782641 0.8768070 0.9108535 0.9543092 0.9335976 0.9651613 0.8943610 0.9197062 0.9279647 0.8537093 0.9489457 0.9092213 0.9313276 0.9331090 0.9233969 0.8948908 0.9146388 0.9028152 1.0084812 0.9242314 0.9600339 0.9866793 0.9134183 0.8351434 0.8022421 0.7498358 1.1938210 0.8950814 1.8861890 1.9361998 1.8959361 2.5558578 
G.NG.92.92NG083_JV10832.U88826         0.5240317 0.5357428 0.5267926 0.5424204 0.6481569 0.5868167 0.5760782 0.5914484 0.4962811 0.6625710 0.6350347 0.6641769 0.6206946 0.6269098 0.6738077 0.5876434 0.6081650 0.6303125 0.6209928 0.7042701 0.6946756 0.7259374 0.7388273 0.7396745 0.7047942 0.7484687 0.8202639 0.8848705 0.5515164 0.6988563 0.8313815 0.8960022 0.6310415 0.0000000 0.3412750 0.3897302 0.3891889 0.7492770 0.7185894 0.9711807 0.9172819 0.9498658 0.9406951 0.9402743 0.9366871 0.9665605 0.8831018 0.9182291 0.9608351 0.9447191 0.8971911 0.9654483 0.9751304 1.0026287 1.0569385 1.0367104 0.8578422 0.8744880 0.8683249 0.8837262 0.8466034 0.8858218 0.8968353 0.9139405 0.8906130 0.8988499 0.9183604 0.8882721 0.8534998 0.8714516 0.8803064 0.9446606 0.9304705 0.9794582 0.9062641 0.9161493 0.9476838 0.8621246 0.9558762 0.9168352 0.9456442 0.9316445 0.9457120 0.9102048 0.9143010 0.9015161 1.0002720 0.9367474 0.9278674 0.9791827 0.9404171 0.8218884 0.7988539 0.7503355 1.1811794 0.8831869 1.9255579 2.0063678 1.9598026 2.6087083 
G.NG.09.09NG010261.KX389626            0.5721797 0.6060738 0.5885176 0.5916867 0.6870530 0.6399175 0.6351440 0.6573602 0.5633172 0.7003511 0.6905291 0.7202940 0.6758246 0.6737656 0.7112557 0.6363323 0.6932716 0.6957137 0.6812874 0.7707056 0.7747768 0.7949491 0.8044023 0.8111269 0.7759523 0.8166575 0.8910787 0.9384819 0.6041398 0.7500251 0.8969657 0.9512422 0.6867862 0.3412750 0.0000000 0.4536168 0.4561251 0.7887917 0.7700073 1.0211300 0.9651662 0.9696680 0.9716171 1.0143936 0.9777406 1.0088284 0.9160513 0.9819354 0.9981128 0.9981813 0.9824642 1.0071911 1.0413437 1.0670977 1.0903708 1.0897096 0.9156725 0.9229039 0.9001543 0.9156819 0.8709801 0.9462764 0.9348481 0.9409097 0.9218409 0.9387679 0.9525922 0.9124535 0.8974890 0.9071271 0.9150696 0.9646946 0.9315470 0.9959897 0.9300531 0.9731460 0.9739707 0.8797225 0.9822116 0.9509105 0.9617107 0.9287960 0.9602951 0.9310314 0.9245467 0.9543582 1.0239468 0.9829067 0.9793418 1.0217512 0.9802769 0.8568834 0.8466376 0.7876551 1.2041577 0.9489942 2.0592989 2.1547751 2.0241452 2.6590683 
01F2G.CM.02.LT31.JN864056              0.6022930 0.6195295 0.6102916 0.6455339 0.7212960 0.6723489 0.6480744 0.6747156 0.6069071 0.7463785 0.7286196 0.7546012 0.7133631 0.7025731 0.7563339 0.6692347 0.7171219 0.7318103 0.7381836 0.8124046 0.8014858 0.8466686 0.8312648 0.8400165 0.8171559 0.8443820 0.8882019 1.0004874 0.6451814 0.7806731 0.9436480 1.0183388 0.7317091 0.3897302 0.4536168 0.0000000 0.4060326 0.8295521 0.8306400 1.0686429 0.9985837 1.0490436 1.0487774 1.0389109 1.0118724 1.0390965 0.9626869 0.9999287 1.0445548 1.0137150 1.0093091 1.0370406 1.0561457 1.1075038 1.1574255 1.0935246 0.9487047 0.9571010 0.9410888 0.9644385 0.9236308 0.9859780 0.9646004 0.9889814 0.9603108 0.9691330 0.9950870 0.9418999 0.9056786 0.9217938 0.9804463 1.0144623 1.0092871 1.0322805 0.9538229 1.0296406 1.0202473 0.9228494 1.0234623 0.9792503 0.9999363 1.0020844 1.0069039 0.9953919 0.9792189 0.9811637 1.0543228 1.0148783 1.0246748 1.0606610 1.0428388 0.8906861 0.8857880 0.8550254 1.2268300 0.9900287 1.9928316 2.0411749 1.9734974 2.7764662 
BCG.ES.15.100_119.KY496623             0.6070171 0.6296450 0.6195241 0.6490338 0.7389807 0.6966039 0.6655750 0.6937993 0.6233174 0.7513461 0.7452052 0.7788428 0.7241677 0.7047596 0.7746631 0.6967352 0.7323364 0.7328999 0.7408291 0.8112736 0.7939381 0.8347145 0.8513050 0.8386157 0.8176074 0.8396246 0.8965391 1.0160371 0.6437770 0.7973909 0.8920307 1.0268259 0.7386592 0.3891889 0.4561251 0.4060326 0.0000000 0.8675915 0.8347945 1.0594109 1.0046431 1.0568319 1.0286932 1.0620447 1.0290822 1.0594802 0.9709013 1.0311790 1.0739957 1.0670994 1.0269332 1.0707929 1.0917133 1.1188394 1.1869317 1.1404003 0.9400656 0.9502578 0.9428691 0.9708559 0.9032110 0.9878766 0.9769317 0.9845183 0.9619825 0.9736961 1.0198240 0.9572104 0.9384575 0.9337871 0.9791593 0.9926792 0.9977699 1.0621702 0.9693278 1.0153693 0.9991877 0.9284085 1.0082754 0.9997753 1.0150968 0.9959292 1.0145840 0.9822300 1.0006496 0.9810500 1.0825368 1.0349228 1.0273917 1.0659442 1.0345875 0.9051355 0.8890939 0.8553906 1.2801311 0.9581383 2.0145213 2.1185746 2.0279897 2.8036570 
06_cpx.SN.97.97SE1078.AJ288981         0.5500716 0.5584545 0.5347026 0.5656179 0.6439521 0.6126429 0.6111272 0.6400094 0.6544935 0.7280980 0.7549131 0.7695942 0.7214161 0.7218624 0.8081476 0.7116858 0.7196289 0.7588695 0.7426869 0.8175469 0.8136233 0.8526971 0.8443454 0.8757977 0.8382624 0.8578597 0.9330475 1.0070930 0.6714214 0.7807484 0.9357902 0.9984543 0.7077384 0.7492770 0.7887917 0.8295521 0.8675915 0.0000000 0.8274597 1.0312798 0.9972146 1.0111881 1.0057175 1.0489625 0.9933075 1.0366860 0.9855883 0.9990792 1.0406322 1.0057618 0.9980883 1.0567290 1.0590337 1.0786138 1.1299829 1.1063511 0.9894433 0.9983567 0.9915599 0.9820680 0.9485589 0.9994581 0.9924157 1.0241633 1.0006984 1.0130111 1.0103621 0.9871192 0.9750177 0.9576155 0.9887045 1.0697780 1.0183071 1.0761372 1.0057538 1.0325890 1.0201323 0.9365204 1.0675829 1.0372694 1.0090202 0.9968224 1.0280366 1.0156579 1.0096924 1.0134018 1.0964993 1.0435535 1.0437587 1.0338266 1.0501777 0.9243292 0.9479086 0.8762177 1.3342288 0.9786752 1.9111423 1.9217883 1.9216236 2.5893937 
