100
02A1.GH.97.97GH_AG2.AB052867           0.0000000 0.3361291 0.3396626 0.3577010 0.3417373 0.4126493 0.3812580 0.4022756 0.4421218 0.5438074 0.5343341 0.5575143 0.5052792 0.5065374 0.5546187 0.5196577 0.4868873 0.5174147 0.4366325 0.5615915 0.5675244 0.5955374 0.6159443 0.6303128 0.6411136 0.6180038 0.6136880 0.6429221 0.7075634 0.7764682 0.7507731 0.8080472 0.4794351 0.5094534 0.5556744 0.5849198 0.6131424 0.5094593 0.5904120 0.7556412 0.7277832 0.7351148 0.7024192 0.7508533 0.7587636 0.7567088 0.7464635 0.7567614 0.7653467 0.7641098 0.7829803 0.7237037 0.7149407 0.7280216 0.7527793 0.8223562 0.7820790 0.7885040 0.7563266 0.7474587 0.8080981 0.7631649 0.7849769 0.7979366 0.7730398 0.7611919 0.7640336 0.7931073 0.7931908 0.7946843 0.8284945 0.7877758 0.8414936 0.8087435 0.6823207 0.6546900 0.6232573 1.0138629 0.8156055 0.7672048 0.7702227 0.7962347 0.8091815 0.7716799 0.7415827 0.8201449 0.8119034 0.7810845 0.7902014 0.7533364 0.7683661 0.8506977 0.8296025 0.9243468 0.9015713 0.7307692 1.7479711 1.7863695 1.7349509 2.4826059 
02_AG.CM.02.02CM_3217MN.GU201514       0.3361291 0.0000000 0.2447287 0.2698209 0.3889888 0.3432643 0.3971770 0.4198509 0.4498611 0.5505393 0.5471193 0.5727129 0.5228432 0.5201658 0.5807112 0.5326178 0.4949290 0.5418152 0.4418780 0.5618526 0.5911647 0.6299052 0.6333095 0.6627439 0.6689393 0.6486451 0.6403883 0.6660478 0.7280151 0.8080545 0.7606950 0.8234810 0.5050067 0.5343910 0.5751452 0.6130977 0.6167289 0.5204073 0.5938729 0.7600956 0.7744954 0.7631579 0.7362820 0.7706720 0.7645194 0.8033212 0.8092625 0.7720824 0.8083624 0.8009275 0.8177240 0.7639624 0.7530360 0.7500278 0.7685823 0.8260153 0.8194753 0.8082134 0.7876710 0.7569670 0.8402396 0.7719845 0.8095534 0.7872925 0.7912249 0.7765347 0.7815889 0.8204785 0.8041610 0.8131140 0.8333512 0.8262552 0.8537872 0.8509024 0.7298169 0.6770385 0.6450383 1.0153742 0.8394905 0.7955547 0.8159600 0.8466128 0.8438939 0.8129537 0.7686079 0.8497231 0.8310875 0.8087267 0.8128539 0.7773189 0.7800393 0.8918777 0.8813760 0.9796480 0.9564641 0.7413783 1.6952009 1.7398235 1.7188789 2.5344020 
02_AG.GW.04.CC_0030.FJ694791           0.3396626 0.2447287 0.0000000 0.2850468 0.3818500 0.3468203 0.3997755 0.4238800 0.4415995 0.5626656 0.5461496 0.5721065 0.5209382 0.5160566 0.5699062 0.5382972 0.4942961 0.5424078 0.4557911 0.5550068 0.5712160 0.6331235 0.6552842 0.6571669 0.6765990 0.6669944 0.6464650 0.6609195 0.7518393 0.8047794 0.7597749 0.8287605 0.5118562 0.5206659 0.5740141 0.6080719 0.6132381 0.5127467 0.5948678 0.7583107 0.7697357 0.7745888 0.7283190 0.7911553 0.7801182 0.7999894 0.7975420 0.7736093 0.8134314 0.8216883 0.8254439 0.7706403 0.7604509 0.7581515 0.7830211 0.8242257 0.8239971 0.8330814 0.7720286 0.7448044 0.8364897 0.7936955 0.8067119 0.8032172 0.7895959 0.7876998 0.7767683 0.8269792 0.8340023 0.8341121 0.8551730 0.8240108 0.8637297 0.8595533 0.7240218 0.6910180 0.6394098 1.0433922 0.8443719 0.7903538 0.7940019 0.8117682 0.8392269 0.7936280 0.7582885 0.8558676 0.8200583 0.8101968 0.7989565 0.7800939 0.7833433 0.8907963 0.8733521 0.9671071 0.9431628 0.7521256 1.6703494 1.7114122 1.7163939 2.4945601 
02_AG.GW.14.DE00214GW009.MH078544      0.3577010 0.2698209 0.2850468 0.0000000 0.4149170 0.3765556 0.4279397 0.4523967 0.4892729 0.6000301 0.6039357 0.5966624 0.5548352 0.5622433 0.6243214 0.5681577 0.5360202 0.5893234 0.4833275 0.6023910 0.6211421 0.6720017 0.6826629 0.6897942 0.7164352 0.6873512 0.6850278 0.6861559 0.7835637 0.8354814 0.8137025 0.8539275 0.5249376 0.5508688 0.6109327 0.6382914 0.6477892 0.5523402 0.6248070 0.7909055 0.7790834 0.7902963 0.7500726 0.7951720 0.7991481 0.8228692 0.8187869 0.7921398 0.8183805 0.8206007 0.8405656 0.7849813 0.7797164 0.7722258 0.7998727 0.8401097 0.8309208 0.8415131 0.7987629 0.7717459 0.8629033 0.8046085 0.8471537 0.8337819 0.8208246 0.8147128 0.7919174 0.8520414 0.8407414 0.8401080 0.8679407 0.8459641 0.8815583 0.8645202 0.7526926 0.7049204 0.6706764 1.0562827 0.8742005 0.8286430 0.8317833 0.8522016 0.8681387 0.8357544 0.8011844 0.8828119 0.8654741 0.8365567 0.8316358 0.7937144 0.8115884 0.9035425 0.8982402 0.9801877 0.9767831 0.7765588 1.7671290 1.7878360 1.8350524 2.5492289 
02A.CI.16.DEURF16CI011.MH078538        0.3417373 0.3889888 0.3818500 0.4149170 0.0000000 0.4681829 0.4331636 0.4630105 0.4967788 0.5958788 0.5935431 0.6154482 0.5663010 0.5671090 0.6082990 0.5783832 0.5261740 0.5761321 0.4915810 0.5865679 0.6212407 0.6651124 0.6608025 0.6987099 0.7098107 0.6864969 0.6851625 0.6992893 0.7668003 0.8290974 0.8199875 0.8753639 0.5365741 0.5629170 0.6115952 0.6414809 0.6545097 0.5704134 0.6383857 0.7922791 0.7745963 0.7928815 0.7502063 0.8160063 0.8066412 0.8212910 0.7987597 0.7973772 0.8255762 0.8289730 0.8398481 0.7852024 0.7833180 0.7659978 0.8111038 0.8503345 0.8442025 0.8517799 0.8135047 0.7771760 0.8642014 0.8237761 0.8276732 0.8180260 0.8140037 0.8164064 0.8053985 0.8400854 0.8491212 0.8601273 0.8610984 0.8458555 0.9053261 0.8692132 0.7476309 0.7098688 0.6586311 1.0894988 0.8875721 0.8195947 0.8430228 0.8719667 0.8604250 0.8445616 0.8188319 0.8669023 0.8639330 0.8366622 0.8333005 0.8125996 0.8371418 0.9318795 0.8854721 0.9978995 0.9791768 0.7907187 1.7577514 1.8431001 1.7930353 2.5485377 
02D.GH.03.GHNJ193.AB231897             0.4126493 0.3432643 0.3468203 0.3765556 0.4681829 0.0000000 0.4950042 0.5053677 0.5411360 0.6414892 0.6194326 0.6641785 0.5994815 0.6012313 0.6556122 0.6200840 0.5924485 0.6352393 0.5406486 0.6423166 0.6721469 0.7290930 0.7286859 0.7475734 0.7571540 0.7415014 0.7307741 0.7624645 0.8317741 0.8853189 0.8433857 0.9179630 0.5916311 0.6165421 0.6693739 0.6821041 0.6993907 0.6037591 0.6954539 0.8574380 0.8370028 0.8485712 0.8243140 0.8753962 0.8742364 0.8710908 0.8691099 0.8766794 0.8987562 0.8989337 0.8947745 0.8418944 0.8554270 0.8373978 0.8448842 0.9207954 0.9248027 0.9253198 0.8898160 0.8411591 0.9495606 0.8715233 0.9183103 0.9178644 0.9019356 0.8701160 0.8724074 0.9352998 0.9238622 0.9119319 0.9445584 0.9270062 0.9725352 0.9539250 0.8188039 0.7784435 0.7430989 1.1518601 0.9318911 0.8925991 0.8912669 0.9205603 0.9245867 0.9083634 0.8691319 0.9507394 0.9188906 0.9105569 0.9042303 0.8601000 0.8738139 0.9921785 0.9497407 1.0397429 1.0226372 0.8466575 1.8068882 1.8754479 1.8344004 2.5493094 
0206.SN.12.LA56Senegl.KU168299         0.3812580 0.3971770 0.3997755 0.4279397 0.4331636 0.4950042 0.0000000 0.3918268 0.4681292 0.5778271 0.5699777 0.5667470 0.5337345 0.5276535 0.5778704 0.5533609 0.5096467 0.5668687 0.4666769 0.5673411 0.6055328 0.6359586 0.6542392 0.6800691 0.6771506 0.6638242 0.6452639 0.6657919 0.7465574 0.8033526 0.7656360 0.8644560 0.5114717 0.5370579 0.5907994 0.6299208 0.6412097 0.5686833 0.6153860 0.7555090 0.7376473 0.7422027 0.6992754 0.7782844 0.7489451 0.7814885 0.7565337 0.7516936 0.7713279 0.7880187 0.7817304 0.7478191 0.7419730 0.7371098 0.7642017 0.8111254 0.8082976 0.7886890 0.7537965 0.7403363 0.8285416 0.7702566 0.7875238 0.7804840 0.7787913 0.7689431 0.7815620 0.8321580 0.7909713 0.8072430 0.8341569 0.7907317 0.8289204 0.8347573 0.7136810 0.6736461 0.6347070 1.0438199 0.8498427 0.8124439 0.8220380 0.8259382 0.8625241 0.7988620 0.7809507 0.8371316 0.8606059 0.8096144 0.8043486 0.8025790 0.8065549 0.8959063 0.8771101 0.9654459 0.9701861 0.7703288 1.8127784 1.8708183 1.8520711 2.6065072 
U.ES.10.DEURF10DZ001.JX140679          0.4022756 0.4198509 0.4238800 0.4523967 0.4630105 0.5053677 0.3918268 0.0000000 0.4885492 0.6022769 0.5995137 0.6109781 0.5687651 0.5465807 0.5984311 0.5765334 0.5370091 0.5816575 0.4995973 0.6144978 0.6229765 0.6650579 0.6814270 0.7007279 0.7167639 0.7006098 0.6742475 0.7014145 0.7670431 0.8350544 0.7826936 0.8599925 0.5460647 0.5549990 0.6144338 0.6394578 0.6587998 0.5917554 0.6452931 0.7870510 0.7904282 0.7787035 0.7464469 0.8148141 0.7994469 0.8199477 0.8076713 0.8019273 0.8346928 0.8117144 0.8358834 0.7780106 0.7877720 0.7787473 0.7961676 0.8489234 0.8389270 0.8333454 0.7972616 0.7740080 0.8591234 0.8071564 0.8198533 0.7982838 0.8140386 0.8099260 0.8110785 0.8406638 0.8264050 0.8533701 0.8675845 0.8421853 0.8897037 0.8762507 0.7374412 0.7106626 0.6598485 1.0841039 0.8693565 0.8219723 0.8446521 0.8734266 0.8956432 0.8367354 0.8196607 0.8768080 0.8763267 0.8336306 0.8306480 0.7981525 0.8207537 0.9170755 0.9135790 1.0114959 0.9869223 0.7714511 1.8105175 1.8817554 1.9065913 2.6116639 
AGU.CM.06.770_8.MH705142               0.4421218 0.4498611 0.4415995 0.4892729 0.4967788 0.5411360 0.4681292 0.4885492 0.0000000 0.5707453 0.5585194 0.5770272 0.5277827 0.5187720 0.5935877 0.5542548 0.4977170 0.5592228 0.4709598 0.5636785 0.6069068 0.6419771 0.6626838 0.6693483 0.6717763 0.6644299 0.6681996 0.6721195 0.7381341 0.8055144 0.8009268 0.8739531 0.5591483 0.5109474 0.5740221 0.5920143 0.5980095 0.6343325 0.6218051 0.7798549 0.7585791 0.7932061 0.7425842 0.7958251 0.7927015 0.8173047 0.8192084 0.7665713 0.8212267 0.8092978 0.8265740 0.7680957 0.7644624 0.7593218 0.7945679 0.8277902 0.8336929 0.8152238 0.7863207 0.7627296 0.8345527 0.8094833 0.8321407 0.8230354 0.8279068 0.7853214 0.7976326 0.8302700 0.8372789 0.8508991 0.8493735 0.8212536 0.8683447 0.8580708 0.7328687 0.7074642 0.6512215 1.0696267 0.8643279 0.8050313 0.8283702 0.8422524 0.8612981 0.8009284 0.7880715 0.8583875 0.8504833 0.8263971 0.8160757 0.7961359 0.7868679 0.9094272 0.8660862 0.9702805 0.9482356 0.7690614 1.8581399 1.9472188 1.9667270 2.6521077 
A1.KE.06.06KECst_028.FJ623479          0.5438074 0.5505393 0.5626656 0.6000301 0.5958788 0.6414892 0.5778271 0.6022769 0.5707453 0.0000000 0.3174269 0.4235074 0.3715637 0.3894890 0.3967915 0.4660496 0.4283436 0.4868476 0.4879849 0.4505638 0.4761770 0.5615648 0.5556572 0.5854105 0.5942536 0.5697579 0.5742387 0.5920580 0.6701005 0.7487619 0.6954807 0.7731686 0.6595469 0.6436725 0.6945626 0.7154665 0.7331416 0.7334469 0.6791951 0.8394517 0.8188924 0.8424196 0.7928868 0.8572297 0.8588159 0.8511873 0.8711011 0.8534310 0.8746102 0.8821206 0.8865932 0.8338939 0.8281038 0.8148407 0.8346277 0.8942738 0.8825745 0.8914798 0.8328201 0.8297014 0.8977575 0.8491102 0.8852073 0.8537507 0.8879723 0.8416418 0.8739834 0.8730240 0.8650347 0.9138361 0.9223837 0.9115962 0.9572473 0.9163925 0.7766677 0.7392152 0.6937484 1.1328216 0.7290768 0.6993178 0.7004516 0.7012963 0.7268407 0.6745407 0.6614845 0.7145723 0.7188169 0.6786044 0.6982293 0.6656519 0.6725698 0.7773793 0.7584201 0.8324556 0.8101844 0.8153986 1.9521588 2.0469029 1.9280669 2.7538278 
A1.KE.06.06KECst_013.FJ623485          0.5343341 0.5471193 0.5461496 0.6039357 0.5935431 0.6194326 0.5699777 0.5995137 0.5585194 0.3174269 0.0000000 0.4118484 0.3621622 0.3848180 0.3886693 0.4679575 0.4095239 0.4644749 0.4840245 0.4370229 0.4660991 0.5487111 0.5675591 0.5950923 0.6043072 0.5816683 0.5694104 0.6007350 0.6580149 0.7415070 0.7088392 0.7888802 0.6477158 0.6301990 0.6914107 0.7094169 0.7088115 0.7420179 0.6655731 0.8302095 0.8274628 0.8368523 0.7976520 0.8422132 0.8741210 0.8584259 0.8676193 0.8588329 0.8755806 0.8983557 0.8854132 0.8240887 0.8218751 0.7987990 0.8360329 0.9044342 0.9024013 0.9047832 0.8397152 0.8080507 0.9004674 0.8670877 0.8785712 0.8480218 0.8736462 0.8441292 0.8485945 0.8815686 0.8685322 0.9025152 0.9063256 0.8887798 0.9523085 0.9352329 0.7767552 0.7346482 0.7100790 1.1238269 0.7079789 0.6645621 0.7045838 0.6998780 0.7201238 0.6829976 0.6588349 0.7194777 0.7057627 0.6898145 0.7091658 0.6498574 0.6653978 0.7785804 0.7426033 0.8383087 0.8230918 0.8002558 2.0061879 2.0639242 2.0153882 2.7964137 
A1.CY.07.CY208.JF683760                0.5575143 0.5727129 0.5721065 0.5966624 0.6154482 0.6641785 0.5667470 0.6109781 0.5770272 0.4235074 0.4118484 0.0000000 0.2400803 0.4152696 0.4375489 0.4799865 0.4578332 0.4971461 0.5015927 0.4680137 0.4885780 0.5745594 0.5731830 0.6039493 0.6213931 0.6007514 0.5999775 0.6118527 0.6796431 0.7585716 0.7159729 0.7981352 0.6553370 0.6577796 0.7203115 0.7496612 0.7460499 0.7520956 0.6946210 0.8404992 0.8421581 0.8577655 0.8058922 0.8567956 0.8620629 0.8588818 0.8775989 0.8612742 0.8810544 0.8970275 0.8765711 0.8305376 0.8166941 0.8174568 0.8532640 0.9087668 0.8927323 0.8887532 0.8486145 0.8281392 0.9141730 0.8497159 0.8775534 0.8700777 0.8668876 0.8516224 0.8411232 0.8967217 0.8678044 0.8934598 0.9217608 0.8945214 0.9322186 0.9287702 0.8009728 0.7620062 0.7281560 1.1287985 0.7422642 0.7154669 0.7338674 0.7444509 0.7449417 0.7083707 0.6844826 0.7543227 0.7241285 0.7220663 0.7405214 0.6908212 0.7071618 0.8150597 0.7766999 0.8638519 0.8405268 0.8290480 2.0331504 2.1217279 2.0198521 2.7389093 
A1.CY.05.CY051.FJ388903                0.5052792 0.5228432 0.5209382 0.5548352 0.5663010 0.5994815 0.5337345 0.5687651 0.5277827 0.3715637 0.3621622 0.2400803 0.0000000 0.3601662 0.3923882 0.4279431 0.3952601 0.4482665 0.4568834 0.4175529 0.4470601 0.5165139 0.5249692 0.5488440 0.5695970 0.5403491 0.5439266 0.5506980 0.6153124 0.6884538 0.6649256 0.7412586 0.6165032 0.6182786 0.6662642 0.6905244 0.7097786 0.7105871 0.6547361 0.8118578 0.8177614 0.8028581 0.7736680 0.8187773 0.8288653 0.8373797 0.8347261 0.8204854 0.8377286 0.8525977 0.8434246 0.8023093 0.7956696 0.7958953 0.8079741 0.8737006 0.8755731 0.8412536 0.8220513 0.7848052 0.8739460 0.8276595 0.8530515 0.8374334 0.8523806 0.8175420 0.8197760 0.8616195 0.8348218 0.8569317 0.8835342 0.8621878 0.9137880 0.8807045 0.7699350 0.7231947 0.6777176 1.0922553 0.6799716 0.6680355 0.6705929 0.6950023 0.6930655 0.6456410 0.6399783 0.6941442 0.6882386 0.6760980 0.6840237 0.6375569 0.6647914 0.7496616 0.7489005 0.8114103 0.7834213 0.7542800 1.9196385 1.9551413 1.9585190 2.7160798 
A1.UG.11.DEMA110UG001.KF859745         0.5065374 0.5201658 0.5160566 0.5622433 0.5671090 0.6012313 0.5276535 0.5465807 0.5187720 0.3894890 0.3848180 0.4152696 0.3601662 0.0000000 0.4032135 0.4439565 0.3934377 0.4523103 0.4485876 0.4188237 0.4505536 0.5342857 0.5420096 0.5686364 0.5864860 0.5568160 0.5466346 0.5774073 0.6352220 0.7293462 0.6731397 0.7556703 0.6048555 0.6055377 0.6679075 0.6761284 0.7111352 0.7000704 0.6543250 0.8016639 0.7869083 0.8098044 0.7669565 0.8252441 0.8276124 0.8382032 0.8093524 0.8193785 0.8379425 0.8246140 0.8513281 0.7950025 0.7859683 0.7673910 0.7995806 0.8484670 0.8451198 0.8567797 0.8097647 0.7751424 0.8611534 0.8075588 0.8477557 0.8277134 0.8347486 0.8216745 0.8269749 0.8510197 0.8489862 0.8524460 0.8779894 0.8513073 0.8939910 0.8884729 0.7447150 0.7144231 0.6546128 1.1108579 0.7096171 0.6649200 0.6713219 0.6797553 0.6938660 0.6476760 0.6430698 0.7072653 0.6958002 0.6652448 0.6769103 0.6494745 0.6580153 0.7613665 0.7395112 0.8152327 0.8072167 0.7930726 1.9187165 2.0035991 1.9331541 2.8251461 
35_AD.AF.06.007H.GQ477450              0.5546187 0.5807112 0.5699062 0.6243214 0.6082990 0.6556122 0.5778704 0.5984311 0.5935877 0.3967915 0.3886693 0.4375489 0.3923882 0.4032135 0.0000000 0.4808324 0.4313619 0.4935892 0.5018305 0.4529126 0.4849902 0.5650864 0.5699074 0.5928942 0.6012321 0.5885061 0.5884150 0.6034777 0.6784115 0.7682075 0.7028810 0.7786960 0.6653557 0.6755125 0.7148637 0.7427961 0.7695166 0.7467370 0.7021478 0.8335852 0.8443695 0.8637754 0.8119519 0.8763039 0.8707556 0.8794871 0.9003329 0.8617586 0.8846625 0.8847177 0.8933786 0.8605567 0.8438718 0.8347211 0.8671323 0.9017478 0.9112307 0.9182833 0.8661847 0.8460592 0.9404232 0.8718430 0.8953495 0.8844932 0.9039840 0.8655760 0.9042063 0.9054718 0.8959307 0.9511678 0.9257724 0.8896300 0.9768589 0.9381536 0.7969154 0.7615106 0.7307759 1.1487861 0.7427098 0.6969132 0.7343575 0.7428599 0.7544691 0.6973024 0.6771450 0.7506354 0.7393705 0.7298308 0.7201719 0.6934650 0.6827870 0.8151545 0.7631052 0.8685245 0.8227467 0.8461550 1.9821811 2.0273160 1.9597056 2.8192449 
A6.UA.12.DEMA112UA036.KU749406         0.5196577 0.5326178 0.5382972 0.5681577 0.5783832 0.6200840 0.5533609 0.5765334 0.5542548 0.4660496 0.4679575 0.4799865 0.4279431 0.4439565 0.4808324 0.0000000 0.3862205 0.4525113 0.4712239 0.4753493 0.4956528 0.5180075 0.5148036 0.5457874 0.5638087 0.5325718 0.5353098 0.5534042 0.6210461 0.7071942 0.6386428 0.6976999 0.6350846 0.6273412 0.6678857 0.7086887 0.6947759 0.7112826 0.6556084 0.8001569 0.7955575 0.8207734 0.7665086 0.8161216 0.8080648 0.8343721 0.8321482 0.8202603 0.8203569 0.8485678 0.8508400 0.8109120 0.8026949 0.7979898 0.8155643 0.8612868 0.8515709 0.8314850 0.7898935 0.7840125 0.8755270 0.8032959 0.8519183 0.8277275 0.8481597 0.8408375 0.8246219 0.8510485 0.8415940 0.8723262 0.8939762 0.8709602 0.9041958 0.8850396 0.7590087 0.7152139 0.6825393 1.1057688 0.7501768 0.7182508 0.7408232 0.7537006 0.7661923 0.7117962 0.7087922 0.7773027 0.7639027 0.7286832 0.7423082 0.7097621 0.7254538 0.8330491 0.7871385 0.8755050 0.8530042 0.7894484 1.9651091 2.0002264 1.9487719 2.7503890 
A1.CY.06.CY154.FJ388943                0.4868873 0.4949290 0.4942961 0.5360202 0.5261740 0.5924485 0.5096467 0.5370091 0.4977170 0.4283436 0.4095239 0.4578332 0.3952601 0.3934377 0.4313619 0.3862205 0.0000000 0.4150312 0.4286381 0.4457678 0.4623977 0.4904563 0.5003917 0.5320349 0.5452075 0.5154658 0.5176346 0.5213875 0.6012862 0.6630469 0.6436928 0.7128661 0.6029709 0.5791972 0.6284991 0.6582691 0.6695825 0.6839379 0.6267368 0.7687488 0.7751237 0.7828904 0.7461149 0.7820220 0.8000774 0.8163895 0.7957659 0.7921730 0.8069944 0.8086158 0.8296441 0.7838188 0.7747251 0.7602356 0.7851326 0.8383383 0.8421915 0.8157130 0.7786893 0.7563901 0.8433099 0.7870834 0.8234915 0.8194370 0.8214808 0.7856227 0.7992754 0.8422051 0.8124762 0.8456938 0.8562107 0.8618853 0.8757080 0.8459540 0.7242711 0.6976946 0.6426900 1.0980658 0.7176517 0.6849921 0.7038518 0.7184884 0.7263694 0.6706943 0.6633782 0.7178120 0.7361757 0.6893176 0.6997315 0.6496314 0.6787744 0.7761326 0.7569085 0.8253288 0.8171403 0.7558163 1.9521372 1.9799535 1.9639301 2.7325615 
22_01A1.CM.02.02CM_1867LE.AY371165     0.5174147 0.5418152 0.5424078 0.5893234 0.5761321 0.6352393 0.5668687 0.5816575 0.5592228 0.4868476 0.4644749 0.4971461 0.4482665 0.4523103 0.4935892 0.4525113 0.4150312 0.0000000 0.4786773 0.4954628 0.5049099 0.4152723 0.4366457 0.4568558 0.4749786 0.4452551 0.4484699 0.4663757 0.5411594 0.6082232 0.5852129 0.6471718 0.6423872 0.6408337 0.6880124 0.7047767 0.7267602 0.7167084 0.6691633 0.8079528 0.8252425 0.8214653 0.7769438 0.8158302 0.8291564 0.8541261 0.8608320 0.8334735 0.8459153 0.8505558 0.8567271 0.8107234 0.8132448 0.7966778 0.8131147 0.8682410 0.8698706 0.8393457 0.8269699 0.8073332 0.8635839 0.8511261 0.8556526 0.8450015 0.8538981 0.8299266 0.8326471 0.8498363 0.8531720 0.8800927 0.8835638 0.8698129 0.9117879 0.8942983 0.7613444 0.7143327 0.7018573 1.0917352 0.7605266 0.7214860 0.7499774 0.7497095 0.7686717 0.7200715 0.7036558 0.7644375 0.7732253 0.7452398 0.7449240 0.6968111 0.7219343 0.8459676 0.7947993 0.8725887 0.8635873 0.8020024 2.0144106 2.0936957 2.0285544 2.7896868 
45_cpx.CD.97.97CD_MBFE185.FN392874     0.4366325 0.4418780 0.4557911 0.4833275 0.4915810 0.5406486 0.4666769 0.4995973 0.4709598 0.4879849 0.4840245 0.5015927 0.4568834 0.4485876 0.5018305 0.4712239 0.4286381 0.4786773 0.0000000 0.4982304 0.5342179 0.5389954 0.5528856 0.5830115 0.5976227 0.5713985 0.5643316 0.5828141 0.6596111 0.7248213 0.7014205 0.7700184 0.5372250 0.5436548 0.5940725 0.6166115 0.6365273 0.6311034 0.5691539 0.7319873 0.7190336 0.7312256 0.6967019 0.7534552 0.7491837 0.7615059 0.7482823 0.7492593 0.7834795 0.7644783 0.7817128 0.7025922 0.7146519 0.7060722 0.7502771 0.7934343 0.7936592 0.7801371 0.7267886 0.7242114 0.7873447 0.7456738 0.7666612 0.7450237 0.7677521 0.7498059 0.7440401 0.7835750 0.7864778 0.7840399 0.8061017 0.7959748 0.8197368 0.8086638 0.6941317 0.6535673 0.5914560 1.0275062 0.7828147 0.7472096 0.7704755 0.7626007 0.7861334 0.7401764 0.7241485 0.7998171 0.7776818 0.7408070 0.7388889 0.7187190 0.7335885 0.8340247 0.7938401 0.8763750 0.8820083 0.7066741 1.7936263 1.8413537 1.8245075 2.6555371 
A1D.UG.99.99UGJ21953.AF484496          0.5615915 0.5618526 0.5550068 0.6023910 0.5865679 0.6423166 0.5673411 0.6144978 0.5636785 0.4505638 0.4370229 0.4680137 0.4175529 0.4188237 0.4529126 0.4753493 0.4457678 0.4954628 0.4982304 0.0000000 0.4732868 0.5768063 0.5793033 0.6062559 0.6176170 0.5940259 0.5892480 0.6111262 0.6782066 0.7623000 0.7196165 0.7781353 0.6666761 0.6546464 0.7312421 0.7284026 0.7562387 0.7455992 0.6787897 0.8569880 0.8309876 0.8582877 0.8085771 0.8672488 0.8679603 0.8749403 0.8691423 0.8562350 0.8933355 0.8848602 0.9063252 0.8449477 0.8323672 0.8152564 0.8608345 0.8944838 0.9049530 0.8912204 0.8623212 0.8262037 0.9213059 0.8617020 0.8925565 0.8806563 0.8994828 0.8488042 0.8902107 0.9028271 0.8876484 0.9074692 0.9189847 0.8863935 0.9248193 0.9268562 0.8019376 0.7709912 0.7120743 1.1382278 0.7139897 0.6834324 0.7094600 0.7215362 0.7309505 0.6930290 0.6711811 0.7356961 0.7358931 0.6903807 0.6968041 0.6623179 0.6962222 0.7696165 0.7699220 0.8337003 0.8261527 0.8382714 1.9759953 2.0324717 2.0096614 2.8252587 
A1C.UG.99.99UGF25926.AF484491          0.5675244 0.5911647 0.5712160 0.6211421 0.6212407 0.6721469 0.6055328 0.6229765 0.6069068 0.4761770 0.4660991 0.4885780 0.4470601 0.4505536 0.4849902 0.4956528 0.4623977 0.5049099 0.5342179 0.4732868 0.0000000 0.5845667 0.5977003 0.6249844 0.6262701 0.6162847 0.6110305 0.6274060 0.6885567 0.7792613 0.7278433 0.8000058 0.6958517 0.6735811 0.7357226 0.7748217 0.7683807 0.7445412 0.7030548 0.8716246 0.8595440 0.8774276 0.8350624 0.8834285 0.9001345 0.9075438 0.8845614 0.9081254 0.9262933 0.9129929 0.9309451 0.8686497 0.8523617 0.8444905 0.8655553 0.9251481 0.9219848 0.9358372 0.8752270 0.8717519 0.9420727 0.8866254 0.9060886 0.8905020 0.9042752 0.8938988 0.8962588 0.9255575 0.9174537 0.9136253 0.9317712 0.9174111 0.9873388 0.9498435 0.8128374 0.7776250 0.7315752 1.1994589 0.6033981 0.5700147 0.6176639 0.6269438 0.6339180 0.5872891 0.5616923 0.6233501 0.6257222 0.6096147 0.6086812 0.5470247 0.5934652 0.6704223 0.6535772 0.7278268 0.7251546 0.8598614 1.9875204 2.0447889 2.0449504 2.7880221 
01_AE.CN.02.YN0236.JX112866            0.5955374 0.6299052 0.6331235 0.6720017 0.6651124 0.7290930 0.6359586 0.6650579 0.6419771 0.5615648 0.5487111 0.5745594 0.5165139 0.5342857 0.5650864 0.5180075 0.4904563 0.4152723 0.5389954 0.5768063 0.5845667 0.0000000 0.1561812 0.1996444 0.2056404 0.2005388 0.2144845 0.2438350 0.2883949 0.3571251 0.4565564 0.5258466 0.7209172 0.7124327 0.7666379 0.8009715 0.7906919 0.8193509 0.7531728 0.8901881 0.8913047 0.8716545 0.8502393 0.9027094 0.9153510 0.9363513 0.9100384 0.8921286 0.9304111 0.9325689 0.9256003 0.9032967 0.8841589 0.8586050 0.9000883 0.9505323 0.9342801 0.9290723 0.9158318 0.8904750 0.9596295 0.9057576 0.9688636 0.9257432 0.9751174 0.9419641 0.9334709 0.9394132 0.9469153 0.9569346 0.9699634 0.9221804 0.9840933 0.9774019 0.8185694 0.8066533 0.7663007 1.1831673 0.8390029 0.7983702 0.8228538 0.8364577 0.8670277 0.7895914 0.7702674 0.8305562 0.8499071 0.8068372 0.8212870 0.7705508 0.8032863 0.8986606 0.8705360 0.9367744 0.9392946 0.8748575 2.0709128 2.1445754 2.1072396 2.9487271 
01_AE.TH.99.99TH_C4460.AY945726        0.6159443 0.6333095 0.6552842 0.6826629 0.6608025 0.7286859 0.6542392 0.6814270 0.6626838 0.5556572 0.5675591 0.5731830 0.5249692 0.5420096 0.5699074 0.5148036 0.5003917 0.4366457 0.5528856 0.5793033 0.5977003 0.1561812 0.0000000 0.2065947 0.2149856 0.2035707 0.2124658 0.2478393 0.2907839 0.3613893 0.4733644 0.5432064 0.7373782 0.7267848 0.7737450 0.8092324 0.8150445 0.8163615 0.7562535 0.9041398 0.9359858 0.9141165 0.8991762 0.9325408 0.9631081 0.9934918 0.9666289 0.9371817 0.9754322 0.9874920 0.9747105 0.9559684 0.9072612 0.9045235 0.9377420 0.9859011 0.9740124 0.9783799 0.9493978 0.9238182 1.0005563 0.9546984 0.9893442 0.9692651 0.9914923 0.9723726 0.9671149 0.9824725 0.9886151 0.9876051 1.0087154 0.9862408 1.0248403 1.0117885 0.8501508 0.8449088 0.7886137 1.2115244 0.8480558 0.8245261 0.8390970 0.8482341 0.8794015 0.8225384 0.8109349 0.8395317 0.8594335 0.8429225 0.8400287 0.8006516 0.8431188 0.9074346 0.8837651 0.9640696 0.9680118 0.8970813 2.0847421 2.1346239 2.1187794 2.9861591 
01_AE.CN.07.07CNYN326.KF835513         0.6303128 0.6627439 0.6571669 0.6897942 0.6987099 0.7475734 0.6800691 0.7007279 0.6693483 0.5854105 0.5950923 0.6039493 0.5488440 0.5686364 0.5928942 0.5457874 0.5320349 0.4568558 0.5830115 0.6062559 0.6249844 0.1996444 0.2065947 0.0000000 0.2494122 0.2305863 0.2416062 0.2792647 0.3203152 0.3915178 0.5086741 0.5648457 0.7616521 0.7500181 0.8059883 0.8264252 0.8364802 0.8301845 0.7841518 0.9128019 0.9361157 0.9071589 0.8952602 0.9314123 0.9549322 0.9641527 0.9572583 0.9280712 0.9768535 1.0017583 0.9721518 0.9365708 0.9202057 0.9083644 0.9296470 0.9875456 0.9929124 0.9854624 0.9603814 0.9269046 0.9993993 0.9543163 1.0012818 0.9816036 1.0043431 0.9971182 0.9765252 1.0109314 1.0026450 1.0004562 0.9938384 0.9811897 1.0205776 1.0193599 0.8747243 0.8715915 0.8105805 1.2272000 0.8672196 0.8212279 0.8387181 0.8415044 0.8679018 0.8356259 0.8134471 0.8671731 0.8630207 0.8337451 0.8505091 0.8042362 0.8281586 0.9145824 0.8973211 0.9691240 0.9732834 0.9117293 2.0819065 2.1110999 2.1275160 2.9903801 
01_AE.CN.07.GX070143.JX112835          0.6411136 0.6689393 0.6765990 0.7164352 0.7098107 0.7571540 0.6771506 0.7167639 0.6717763 0.5942536 0.6043072 0.6213931 0.5695970 0.5864860 0.6012321 0.5638087 0.5452075 0.4749786 0.5976227 0.6176170 0.6262701 0.2056404 0.2149856 0.2494122 0.0000000 0.2403673 0.2581240 0.2869972 0.3357680 0.4027101 0.5056048 0.5751272 0.7772761 0.7541240 0.8119515 0.8291655 0.8495402 0.8667539 0.8053834 0.9274801 0.9444515 0.9506132 0.9090751 0.9600044 0.9680028 0.9861967 0.9862422 0.9313076 0.9825581 0.9807535 0.9877360 0.9673860 0.9259543 0.9240692 0.9633759 1.0063416 0.9954710 0.9981006 0.9782733 0.9187308 1.0232904 0.9507196 0.9949186 0.9818943 1.0020731 0.9945161 0.9853290 1.0046196 0.9894840 1.0063646 1.0241411 0.9975171 1.0297812 1.0271906 0.8947173 0.8579755 0.8100509 1.2731594 0.8925580 0.8360663 0.8566079 0.8766554 0.8755253 0.8457801 0.8402175 0.8730772 0.9143614 0.8497007 0.8444515 0.8228521 0.8519252 0.9301393 0.9025448 0.9889756 0.9699682 0.9132972 2.1398085 2.1960187 2.1569355 2.9465197 
01_AE.TH.07.AA030a04.JX447057          0.6180038 0.6486451 0.6669944 0.6873512 0.6864969 0.7415014 0.6638242 0.7006098 0.6644299 0.5697579 0.5816683 0.6007514 0.5403491 0.5568160 0.5885061 0.5325718 0.5154658 0.4452551 0.5713985 0.5940259 0.6162847 0.2005388 0.2035707 0.2305863 0.2403673 0.0000000 0.2383518 0.2695059 0.3179994 0.3872461 0.5000816 0.5534609 0.7541746 0.7431142 0.7933381 0.8240014 0.8151008 0.8463488 0.7841687 0.9308331 0.9212932 0.9033419 0.8885264 0.9446807 0.9477998 0.9846293 0.9663588 0.9375626 0.9656595 0.9744668 0.9640345 0.9468997 0.9367606 0.9009110 0.9396365 1.0023998 0.9662074 0.9724097 0.9391998 0.9309006 0.9834799 0.9626127 1.0057316 0.9829057 1.0047549 0.9748449 0.9743127 1.0000620 0.9756305 0.9916452 1.0198990 0.9840930 1.0068300 1.0435023 0.8585886 0.8367777 0.7939340 1.2343427 0.8563032 0.8186056 0.8495553 0.8442968 0.8681097 0.8271018 0.8174859 0.8612009 0.8747781 0.8405000 0.8357069 0.7910597 0.8393428 0.9241349 0.8952106 0.9618776 0.9498028 0.9135014 2.0919739 2.1652866 2.1465369 2.9794808 
01_AE.TH.05.AA101a_WG1.JX447936        0.6136880 0.6403883 0.6464650 0.6850278 0.6851625 0.7307741 0.6452639 0.6742475 0.6681996 0.5742387 0.5694104 0.5999775 0.5439266 0.5466346 0.5884150 0.5353098 0.5176346 0.4484699 0.5643316 0.5892480 0.6110305 0.2144845 0.2124658 0.2416062 0.2581240 0.2383518 0.0000000 0.2577328 0.3213858 0.3981447 0.4726555 0.5398569 0.7352874 0.7329687 0.7839593 0.8163445 0.8126076 0.8199439 0.7630414 0.9084696 0.9173834 0.9113901 0.8850317 0.9309784 0.9420602 0.9454042 0.9464115 0.9212798 0.9590436 0.9824040 0.9511250 0.9322171 0.9246987 0.8920092 0.9302736 1.0045436 0.9512549 0.9816903 0.9323090 0.9081858 0.9959993 0.9378775 0.9835156 0.9749170 0.9987629 0.9634303 0.9588814 0.9849315 0.9689168 0.9891998 1.0261273 0.9683279 0.9963465 0.9963791 0.8522456 0.8405121 0.7907062 1.2027956 0.8680652 0.8251452 0.8333547 0.8647651 0.8727547 0.8418428 0.8017027 0.8555972 0.8753300 0.8252750 0.8385279 0.7958348 0.8333633 0.9128889 0.9029957 0.9736698 0.9741609 0.8867612 2.0846932 2.1111142 2.1318134 2.9107608 
01_AE.CN.07.07CNYN343.KF835528         0.6429221 0.6660478 0.6609195 0.6861559 0.6992893 0.7624645 0.6657919 0.7014145 0.6721195 0.5920580 0.6007350 0.6118527 0.5506980 0.5774073 0.6034777 0.5534042 0.5213875 0.4663757 0.5828141 0.6111262 0.6274060 0.2438350 0.2478393 0.2792647 0.2869972 0.2695059 0.2577328 0.0000000 0.3497069 0.4177453 0.5007290 0.5650890 0.7444945 0.7289344 0.7924401 0.8129129 0.8262566 0.8444845 0.7908858 0.9230372 0.9267917 0.9062303 0.8958803 0.9202190 0.9457773 0.9681182 0.9690775 0.9337462 0.9793415 0.9837306 0.9606983 0.9518852 0.9286136 0.9190400 0.9474159 1.0040927 0.9753750 0.9659504 0.9455135 0.9248361 0.9994496 0.9440282 0.9986661 0.9704812 0.9968410 0.9708630 0.9931593 1.0034557 0.9947139 1.0089853 1.0108721 1.0134665 1.0147976 1.0321652 0.8755634 0.8664951 0.8133277 1.2389999 0.8696447 0.8314264 0.8429688 0.8549918 0.8870419 0.8445002 0.8232752 0.8724832 0.8962020 0.8411989 0.8506953 0.8012953 0.8453793 0.9280693 0.8910316 0.9774763 0.9849930 0.9003752 2.0808855 2.1570313 2.1123481 2.9092689 
01BC.CN.13.SZ95LS8027.KX379000         0.7075634 0.7280151 0.7518393 0.7835637 0.7668003 0.8317741 0.7465574 0.7670431 0.7381341 0.6701005 0.6580149 0.6796431 0.6153124 0.6352220 0.6784115 0.6210461 0.6012862 0.5411594 0.6596111 0.6782066 0.6885567 0.2883949 0.2907839 0.3203152 0.3357680 0.3179994 0.3213858 0.3497069 0.0000000 0.4792874 0.5683311 0.6344522 0.8343204 0.8121531 0.8810911 0.8983069 0.8940177 0.9238034 0.8670369 1.0116069 1.0325024 1.0299213 0.9901143 1.0448627 1.0377570 1.0425351 1.0498432 1.0250441 1.0622705 1.0857401 1.0765098 1.0482440 0.9982148 0.9830380 1.0460789 1.0795608 1.0387459 1.0729734 1.0537366 1.0068765 1.0919633 1.0279808 1.0727504 1.0573022 1.0857915 1.0433628 1.0366729 1.0807417 1.0540321 1.0650137 1.0875039 1.0666869 1.1082482 1.1001004 0.9758817 0.9458075 0.8799278 1.3040924 0.9145349 0.9046672 0.9168481 0.9327240 0.9561965 0.9056719 0.8876699 0.9385384 0.9590208 0.9137950 0.9370671 0.8938477 0.8924460 1.0051151 0.9630397 1.0507107 1.0582819 0.9755737 2.1948082 2.2476746 2.2159174 3.0947558 
69_01B.JP.05.05JPMYC113SP420.LC027100  0.7764682 0.8080545 0.8047794 0.8354814 0.8290974 0.8853189 0.8033526 0.8350544 0.8055144 0.7487619 0.7415070 0.7585716 0.6884538 0.7293462 0.7682075 0.7071942 0.6630469 0.6082232 0.7248213 0.7623000 0.7792613 0.3571251 0.3613893 0.3915178 0.4027101 0.3872461 0.3981447 0.4177453 0.4792874 0.0000000 0.6352619 0.7126573 0.9051954 0.8617146 0.9347057 0.9501925 0.9597793 0.9740331 0.9322340 1.0934090 1.0887019 1.0779546 1.0565649 1.1075734 1.1131269 1.1219373 1.1125671 1.0793826 1.1290244 1.1213962 1.1471657 1.1111237 1.0850809 1.0770940 1.1043294 1.1703598 1.1505779 1.1340957 1.1080585 1.0588465 1.1742432 1.0891337 1.1452079 1.1311918 1.1413388 1.1223996 1.1250608 1.1827004 1.1568920 1.1596532 1.1634215 1.1525644 1.1819440 1.1700972 1.0055260 0.9832174 0.9478465 1.3902905 1.0193163 0.9937416 1.0032174 1.0134463 1.0607732 0.9696003 0.9733528 1.0092176 1.0152872 1.0004044 0.9903724 0.9557221 0.9895045 1.0844578 1.0470612 1.1391782 1.1283637 1.0508471 2.3136724 2.2813177 2.2673366 3.0468868 
0107.CN.15.HB041501.KY019257           0.7507731 0.7606950 0.7597749 0.8137025 0.8199875 0.8433857 0.7656360 0.7826936 0.8009268 0.6954807 0.7088392 0.7159729 0.6649256 0.6731397 0.7028810 0.6386428 0.6436928 0.5852129 0.7014205 0.7196165 0.7278433 0.4565564 0.4733644 0.5086741 0.5056048 0.5000816 0.4726555 0.5007290 0.5683311 0.6352619 0.0000000 0.4200046 0.8519276 0.8305145 0.8808677 0.9198321 0.9286593 0.9512500 0.8797324 1.0346536 1.0429056 1.0366102 1.0234293 1.0678573 1.0685132 1.0879011 1.0614780 1.0444484 1.0891887 1.0954978 1.0758278 1.0468592 1.0202798 1.0103048 1.0450059 1.1129245 1.0670351 1.0874891 1.0716392 1.0413152 1.1193550 1.0518047 1.0994909 1.0657506 1.0931584 1.0698115 1.0741090 1.1082446 1.0669667 1.1109900 1.0980223 1.0945493 1.1246767 1.1349611 0.9752317 0.9552190 0.8889373 1.3150593 0.9866830 0.9455445 0.9748964 0.9699052 0.9966446 0.9376955 0.9288143 0.9809370 0.9818411 0.9671318 0.9506905 0.9088206 0.9391923 1.0440964 1.0121988 1.1261115 1.0914868 1.0382180 2.2065737 2.2954996 2.2388899 3.0462327 
01BC.CN.14.BJ.2014.MSM.SP01.KP668994   0.8080472 0.8234810 0.8287605 0.8539275 0.8753639 0.9179630 0.8644560 0.8599925 0.8739531 0.7731686 0.7888802 0.7981352 0.7412586 0.7556703 0.7786960 0.6976999 0.7128661 0.6471718 0.7700184 0.7781353 0.8000058 0.5258466 0.5432064 0.5648457 0.5751272 0.5534609 0.5398569 0.5650890 0.6344522 0.7126573 0.4200046 0.0000000 0.9209956 0.9332716 0.9791984 0.9933248 1.0261488 1.0233636 0.9659569 1.0828806 1.1102573 1.0953654 1.0713239 1.1416224 1.1186624 1.1292515 1.1343426 1.1237233 1.1593324 1.1505200 1.1177122 1.1118727 1.0812201 1.0719250 1.1206363 1.1702415 1.1323287 1.1562564 1.1075847 1.0998747 1.1834444 1.0994032 1.1859911 1.1351125 1.1557493 1.1212266 1.1165927 1.1549379 1.1302797 1.1993923 1.1706299 1.1459998 1.2147366 1.2101174 1.0495376 1.0283250 0.9736461 1.3503548 1.0435184 1.0097892 1.0334978 1.0592519 1.0711947 1.0064385 1.0088105 1.0453642 1.0325161 1.0053656 1.0106392 0.9770448 1.0125565 1.1179123 1.0848226 1.1636017 1.1738345 1.0709768 2.2725723 2.3672551 2.3186911 3.0846714 
93_cpx.CD.08.DRC653.MF372651           0.4794351 0.5050067 0.5118562 0.5249376 0.5365741 0.5916311 0.5114717 0.5460647 0.5591483 0.6595469 0.6477158 0.6553370 0.6165032 0.6048555 0.6653557 0.6350846 0.6029709 0.6423872 0.5372250 0.6666761 0.6958517 0.7209172 0.7373782 0.7616521 0.7772761 0.7541746 0.7352874 0.7444945 0.8343204 0.9051954 0.8519276 0.9209956 0.0000000 0.6269997 0.6710014 0.6991628 0.7235262 0.6614082 0.7289854 0.8582124 0.8385718 0.8505014 0.8043001 0.8619065 0.8567473 0.8917933 0.8824064 0.8662086 0.8720225 0.8893940 0.9121398 0.8532004 0.8364678 0.8332001 0.8750095 0.9253128 0.8964828 0.9299505 0.8698631 0.8420931 0.9349259 0.8569101 0.8885730 0.8673476 0.8781874 0.8780451 0.8918137 0.9088334 0.9028233 0.9013839 0.9292626 0.9010239 0.9551895 0.9583957 0.8032350 0.7833854 0.7254281 1.1662826 0.9520357 0.8984809 0.9174091 0.9441210 0.9665334 0.9183427 0.8920193 0.9700905 0.9520528 0.9117248 0.9251297 0.8865019 0.8961416 0.9897151 1.0087262 1.0669695 1.0440466 0.8243084 1.8763198 1.9213612 1.8777802 2.6528904 
G.NG.92.92NG083_JV10832.U88826         0.5094534 0.5343910 0.5206659 0.5508688 0.5629170 0.6165421 0.5370579 0.5549990 0.5109474 0.6436725 0.6301990 0.6577796 0.6182786 0.6055377 0.6755125 0.6273412 0.5791972 0.6408337 0.5436548 0.6546464 0.6735811 0.7124327 0.7267848 0.7500181 0.7541240 0.7431142 0.7329687 0.7289344 0.8121531 0.8617146 0.8305145 0.9332716 0.6269997 0.0000000 0.3429378 0.3830125 0.3847042 0.7102692 0.6947061 0.8637369 0.8553392 0.8763505 0.8127863 0.8787133 0.8800321 0.8967705 0.8837007 0.8640533 0.9311936 0.9062354 0.9108229 0.8581936 0.8164856 0.8454106 0.8825576 0.9237533 0.9167614 0.9036966 0.8568710 0.8318019 0.9309057 0.8770201 0.9161086 0.9019526 0.8940645 0.8748480 0.8898553 0.9202178 0.9117187 0.9236276 0.9580663 0.9146307 0.9672459 0.9490685 0.8076805 0.7561481 0.7142236 1.1643357 0.9041452 0.8777147 0.9001165 0.9132726 0.9398282 0.8691255 0.8570126 0.9303576 0.9195295 0.8853128 0.8866102 0.8739458 0.8675927 0.9439908 0.9492347 1.0130172 1.0317628 0.8307358 1.9927027 2.0201140 2.0051349 2.7175218 
G.NG.09.09NG010261.KX389626            0.5556744 0.5751452 0.5740141 0.6109327 0.6115952 0.6693739 0.5907994 0.6144338 0.5740221 0.6945626 0.6914107 0.7203115 0.6662642 0.6679075 0.7148637 0.6678857 0.6284991 0.6880124 0.5940725 0.7312421 0.7357226 0.7666379 0.7737450 0.8059883 0.8119515 0.7933381 0.7839593 0.7924401 0.8810911 0.9347057 0.8808677 0.9791984 0.6710014 0.3429378 0.0000000 0.4378836 0.4575754 0.7396368 0.7345369 0.9026913 0.8934239 0.9179138 0.8580243 0.9234994 0.9312331 0.9424671 0.9318802 0.9009406 0.9315430 0.9574998 0.9285807 0.8959779 0.9052559 0.8767509 0.8978233 0.9821218 0.9428725 0.9580415 0.8965055 0.8739737 0.9702925 0.9102658 0.9388562 0.9449654 0.9365182 0.9112427 0.9208682 0.9465828 0.9368103 0.9562079 0.9693645 0.9357497 0.9934965 0.9953116 0.8721032 0.8072989 0.7594797 1.1804535 1.0074366 0.9337908 0.9715298 0.9938339 1.0022822 0.9511399 0.9233969 0.9964619 1.0096070 0.9464616 0.9225649 0.9286653 0.9442297 1.0342591 1.0320147 1.0903726 1.0954460 0.8706288 2.0119532 2.0436609 2.0115277 2.7719475 
01F2G.CM.02.LT31.JN864056              0.5849198 0.6130977 0.6080719 0.6382914 0.6414809 0.6821041 0.6299208 0.6394578 0.5920143 0.7154665 0.7094169 0.7496612 0.6905244 0.6761284 0.7427961 0.7086887 0.6582691 0.7047767 0.6166115 0.7284026 0.7748217 0.8009715 0.8092324 0.8264252 0.8291655 0.8240014 0.8163445 0.8129129 0.8983069 0.9501925 0.9198321 0.9933248 0.6991628 0.3830125 0.4378836 0.0000000 0.3935055 0.7881689 0.7593367 0.9427525 0.9429938 0.9405016 0.8795398 0.9483281 0.9604922 0.9900815 0.9624201 0.9448290 0.9594347 0.9818978 0.9694642 0.9396883 0.9242402 0.8998253 0.9393477 1.0062262 0.9928842 0.9917129 0.9501901 0.9102733 1.0031214 0.9495802 0.9862891 0.9732913 0.9620800 0.9447976 0.9663228 0.9712408 0.9910480 0.9869068 1.0306271 0.9964310 1.0254206 0.9944535 0.8921341 0.8378918 0.8023184 1.2442906 1.0354752 0.9505550 0.9934831 0.9842991 1.0171639 0.9425307 0.9493210 1.0291737 1.0304971 0.9695038 0.9657197 0.9379346 0.9387701 1.0528268 1.0347494 1.0975216 1.1154384 0.9339680 2.0622635 2.1068741 2.1180507 2.7682893 
BCG.ES.15.100_119.KY496623             0.6131424 0.6167289 0.6132381 0.6477892 0.6545097 0.6993907 0.6412097 0.6587998 0.5980095 0.7331416 0.7088115 0.7460499 0.7097786 0.7111352 0.7695166 0.6947759 0.6695825 0.7267602 0.6365273 0.7562387 0.7683807 0.7906919 0.8150445 0.8364802 0.8495402 0.8151008 0.8126076 0.8262566 0.8940177 0.9597793 0.9286593 1.0261488 0.7235262 0.3847042 0.4575754 0.3935055 0.0000000 0.7844125 0.7703676 0.9547832 0.9355256 0.9487440 0.8843735 0.9337806 0.9590444 0.9816612 0.9568766 0.9600773 0.9737938 0.9853662 1.0050871 0.9296067 0.9280025 0.9347131 0.9549504 1.0067122 1.0082978 1.0022451 0.9513819 0.9207411 1.0409444 0.9360067 0.9774614 0.9838328 0.9765546 0.9630089 0.9532636 0.9830201 1.0035375 1.0209923 1.0495264 0.9981179 1.0533908 1.0429220 0.9160512 0.8552910 0.8106370 1.2056896 1.0038340 0.9726957 0.9928937 0.9892670 1.0390662 0.9579132 0.9583684 1.0122088 0.9988975 0.9723466 0.9826370 0.9342877 0.9637007 1.0416062 1.0298829 1.1006933 1.1075517 0.9089823 2.1115019 2.1387279 2.1174142 2.7405194 
06_cpx.SN.97.97SE1078.AJ288981         0.5094593 0.5204073 0.5127467 0.5523402 0.5704134 0.6037591 0.5686833 0.5917554 0.6343325 0.7334469 0.7420179 0.7520956 0.7105871 0.7000704 0.7467370 0.7112826 0.6839379 0.7167084 0.6311034 0.7455992 0.7445412 0.8193509 0.8163615 0.8301845 0.8667539 0.8463488 0.8199439 0.8444845 0.9238034 0.9740331 0.9512500 1.0233636 0.6614082 0.7102692 0.7396368 0.7881689 0.7844125 0.0000000 0.7859379 0.9354361 0.9351115 0.9426173 0.8994413 0.9597021 0.9324620 0.9665937 0.9447628 0.9403303 0.9610752 0.9674199 0.9884346 0.9366315 0.9331986 0.9210538 0.9486775 0.9884332 1.0109914 0.9693472 0.9415893 0.9190002 1.0113893 0.9431837 0.9667905 0.9794695 0.9716799 0.9278799 0.9493720 0.9878946 0.9604761 0.9936336 0.9942281 0.9712521 1.0310492 1.0104041 0.9012527 0.8325107 0.8107529 1.2187203 0.9974272 0.9786618 0.9748756 0.9809243 1.0242344 0.9649245 0.9280866 1.0203568 0.9908121 0.9809865 0.9597565 0.9343999 0.9633421 1.0440642 1.0491068 1.1275732 1.1315439 0.9160541 1.9034844 1.9883364 1.9174393 2.6287845 
