94
RESTV_M.fas-tc_USA_89_Philippines89-Pennsylvania_NC_004161 0.0000000 0.0254237 0.0340106 1.8518676 1.8515247 2.0329055 2.0690833 1.9209984 1.9213486 1.9197022 1.9216896 1.9605717 1.9589877 1.9560065 1.9575813 1.9617582 1.9593469 1.9587906 1.9587248 1.9619304 1.9611363 1.9605455 1.9627444 1.9632147 1.9632147 1.9624540 1.9611628 1.9573719 1.9592572 1.9586025 1.9587906 1.9586580 1.9583969 1.9578557 1.9575772 1.9575772 1.9572988 1.9570162 1.9581064 1.9599096 1.9559968 1.9559968 1.9580210 1.9577692 1.9579573 1.9577030 1.9577692 1.9585443 1.9575208 1.9583661 1.9581177 1.9580136 1.9588322 1.9590471 1.9585287 1.9558328 1.9573275 1.9580791 1.9569880 1.9596229 1.9594914 1.9589996 1.9602668 1.9589259 1.9593185 1.9588859 1.9575661 1.9567250 1.9572423 1.9572982 1.9572982 1.9592975 1.9604217 1.9578171 1.9590962 1.9590814 1.9593993 1.9586979 1.9578760 1.9575854 1.9572664 1.9596858 1.9571960 1.9579710 1.9596330 1.9596687 1.9599621 1.9607030 1.9604699 1.9612908 1.9435962 1.9476651 1.9378306 1.9337885 
RESTV_S.dom-tc_PHL_08_Reston08-A_FJ621583                  0.0254237 0.0000000 0.0523178 1.8708549 1.8705099 2.0618147 2.1047239 1.9398049 1.9401563 1.9384892 1.9404948 1.9833091 1.9817037 1.9786913 1.9802907 1.9845110 1.9820746 1.9815120 1.9814466 1.9847032 1.9836611 1.9830608 1.9853021 1.9859951 1.9859951 1.9852282 1.9839149 1.9798640 1.9819810 1.9813224 1.9815120 1.9818275 1.9811185 1.9805665 1.9802873 1.9802873 1.9800079 1.9797043 1.9808193 1.9826389 1.9796901 1.9796901 1.9807240 1.9804779 1.9806675 1.9800210 1.9804779 1.9812204 1.9802292 1.9810785 1.9808299 1.9807232 1.9813299 1.9801760 1.9812525 1.9785255 1.9800360 1.9807896 1.9796824 1.9823578 1.9822198 1.9817894 1.9830068 1.9816470 1.9820441 1.9816161 1.9802683 1.9794203 1.9799499 1.9797810 1.9797810 1.9820229 1.9831587 1.9805290 1.9818352 1.9834298 1.9837407 1.9830349 1.9821990 1.9818985 1.9815768 1.9842638 1.9815079 1.9806808 1.9822941 1.9823289 1.9826917 1.9834571 1.9826080 1.9834403 1.9611680 1.9663841 1.9573778 1.9499557 
RESTV_S.dom-xx_PHL_08_Reston08-C_FJ621584                  0.0340106 0.0523178 0.0000000 1.8549423 1.8545994 2.0374542 2.0764324 1.9147621 1.9144863 1.9128518 1.9147278 1.9587867 1.9569500 1.9540982 1.9553988 1.9595618 1.9568749 1.9563205 1.9562549 1.9594480 1.9586581 1.9580696 1.9602593 1.9607287 1.9607287 1.9599703 1.9586843 1.9551534 1.9567858 1.9561330 1.9563205 1.9561868 1.9559276 1.9553887 1.9551110 1.9551110 1.9548333 1.9545535 1.9556387 1.9574362 1.9533136 1.9533136 1.9555546 1.9553027 1.9559818 1.9552355 1.9553027 1.9560760 1.9550548 1.9558979 1.9556500 1.9555465 1.9563619 1.9565749 1.9560589 1.9533722 1.9548620 1.9560430 1.9545247 1.9571496 1.9572425 1.9567594 1.9575681 1.9564555 1.9568468 1.9564146 1.9551008 1.9542622 1.9547771 1.9548328 1.9548328 1.9586111 1.9579465 1.9553502 1.9566236 1.9572396 1.9569268 1.9562273 1.9554085 1.9551196 1.9548015 1.9550556 1.9547311 1.9555039 1.9567299 1.9567657 1.9575489 1.9582855 1.9578312 1.9586490 1.9371693 1.9408791 1.9318782 1.9285951 
SUDV_H.sap-xx_UGA_12_EboSud-603_KC545390                   1.8518676 1.8708549 1.8549423 0.0000000 0.0000507 2.1227135 2.2822766 2.0159865 2.0157028 2.0145800 2.0159457 2.0423416 2.0398877 2.0407330 2.0357206 2.0379946 2.0405539 2.0388373 2.0389439 2.0459096 2.0419641 2.0415109 2.0442869 2.0446422 2.0446422 2.0404621 2.0412957 2.0369416 2.0393739 2.0390874 2.0388373 2.0400683 2.0399611 2.0388098 2.0387855 2.0387855 2.0385010 2.0435236 2.0391255 2.0390607 2.0393271 2.0393271 2.0404673 2.0396679 2.0398071 2.0404978 2.0396679 2.0401157 2.0399181 2.0406987 2.0405030 2.0399181 2.0407600 2.0426270 2.0403301 2.0410438 2.0426466 2.0421595 2.0390427 2.0414238 2.0401649 2.0425431 2.0417429 2.0407796 2.0404151 2.0414937 2.0380762 2.0385769 2.0398367 2.0390149 2.0390149 2.0402043 2.0397658 2.0374872 2.0389944 2.0402643 2.0372981 2.0368422 2.0364686 2.0375642 2.0374750 2.0371983 2.0374521 2.0377818 2.0390466 2.0387943 2.0388164 2.0403578 2.0396816 2.0388289 2.0322507 2.0311851 2.0341735 2.0245647 
SUDV_H.sap-xx_UGA_12_EboSud-609_KC545391                   1.8515247 1.8705099 1.8545994 0.0000507 0.0000000 2.1223420 2.2818862 2.0162701 2.0159865 2.0148635 2.0162294 2.0426262 2.0401723 2.0410177 2.0360050 2.0382791 2.0408385 2.0391218 2.0392284 2.0461946 2.0422489 2.0417956 2.0445717 2.0449270 2.0449270 2.0407467 2.0415805 2.0372262 2.0396583 2.0393718 2.0391218 2.0403531 2.0402458 2.0390944 2.0390700 2.0390700 2.0387855 2.0438084 2.0394101 2.0393455 2.0396117 2.0396117 2.0407520 2.0399525 2.0400917 2.0407825 2.0399525 2.0404003 2.0402026 2.0409833 2.0407876 2.0402026 2.0410446 2.0429119 2.0406148 2.0413284 2.0429312 2.0424442 2.0393272 2.0417085 2.0404495 2.0428285 2.0420276 2.0410642 2.0406997 2.0417784 2.0383608 2.0388614 2.0401213 2.0392996 2.0392996 2.0404890 2.0400504 2.0377716 2.0392789 2.0405489 2.0375826 2.0371267 2.0367529 2.0378486 2.0377594 2.0374828 2.0377366 2.0380662 2.0393312 2.0390790 2.0391009 2.0406424 2.0399662 2.0391133 2.0325358 2.0314700 2.0344577 2.0248489 
TAFV_H.sap-tc_CIV_94_Pauleoula-CI_NC_014372                2.0329055 2.0618147 2.0374542 2.1227135 2.1223420 0.0000000 0.8203204 1.3922985 1.3920627 1.3933787 1.3943676 1.4184655 1.4197422 1.4187867 1.4182029 1.4179247 1.4185012 1.4182310 1.4188835 1.4214620 1.4196347 1.4198918 1.4198738 1.4202012 1.4202012 1.4213861 1.4189765 1.4188106 1.4184539 1.4180052 1.4182310 1.4159856 1.4165679 1.4176163 1.4179030 1.4179030 1.4176652 1.4186038 1.4173890 1.4177667 1.4184196 1.4184196 1.4182771 1.4172491 1.4174748 1.4168619 1.4172491 1.4174145 1.4174614 1.4179811 1.4177554 1.4174614 1.4180255 1.4173033 1.4177426 1.4169953 1.4169376 1.4166380 1.4174033 1.4176422 1.4179131 1.4196895 1.4183556 1.4184878 1.4182011 1.4164269 1.4165514 1.4174165 1.4172236 1.4175590 1.4175590 1.4189007 1.4186570 1.4183041 1.4197926 1.4193945 1.4186072 1.4188286 1.4182265 1.4177763 1.4175656 1.4173662 1.4178018 1.4188002 1.4186382 1.4186855 1.4185468 1.4198692 1.4205516 1.4210918 1.4017140 1.4036725 1.3997289 1.4033061 
BDBV_H.sap-xx_COD_12_EboBund-122_KC545395                  2.0690833 2.1047239 2.0764324 2.2822766 2.2818862 0.8203204 0.0000000 1.4057392 1.4060265 1.4075666 1.4072449 1.4337176 1.4335136 1.4337377 1.4373398 1.4370789 1.4304388 1.4304414 1.4308273 1.4336477 1.4318933 1.4324426 1.4307255 1.4335657 1.4335657 1.4320771 1.4320409 1.4304000 1.4309112 1.4306566 1.4304414 1.4328908 1.4301477 1.4301431 1.4299019 1.4299019 1.4296607 1.4308158 1.4292191 1.4295925 1.4318379 1.4318379 1.4287992 1.4297988 1.4295837 1.4299634 1.4297988 1.4300811 1.4295702 1.4293551 1.4295702 1.4300140 1.4305895 1.4297567 1.4292159 1.4292838 1.4304317 1.4291722 1.4304909 1.4311830 1.4307483 1.4322517 1.4315625 1.4311285 1.4309357 1.4308857 1.4315572 1.4298660 1.4296054 1.4294678 1.4294678 1.4297351 1.4298232 1.4293358 1.4326815 1.4335238 1.4320197 1.4317766 1.4314720 1.4314224 1.4306769 1.4316784 1.4316160 1.4305779 1.4339791 1.4337502 1.4337613 1.4341595 1.4353448 1.4348481 1.4149991 1.4182977 1.4105895 1.4151013 
EBOV_H.sap-tc_COD_07_1Luebo_KC242786                       1.9209984 1.9398049 1.9147621 2.0159865 2.0162701 1.3922985 1.4057392 0.0000000 0.0000512 0.0003587 0.0005125 0.0331695 0.0327132 0.0330392 0.0330461 0.0328128 0.0328731 0.0325898 0.0328157 0.0334573 0.0331667 0.0329982 0.0333928 0.0331123 0.0331123 0.0331108 0.0332162 0.0328959 0.0327024 0.0326457 0.0325898 0.0332432 0.0327119 0.0328962 0.0328400 0.0328400 0.0328967 0.0331139 0.0328765 0.0333372 0.0334422 0.0334422 0.0329370 0.0325944 0.0326508 0.0330444 0.0325944 0.0327634 0.0326029 0.0328851 0.0328287 0.0326502 0.0327073 0.0328844 0.0328216 0.0328798 0.0329936 0.0328819 0.0326555 0.0333379 0.0330458 0.0332737 0.0332201 0.0329336 0.0327640 0.0327055 0.0331624 0.0329322 0.0327069 0.0328768 0.0328768 0.0329981 0.0329855 0.0329246 0.0332734 0.0330528 0.0329328 0.0329375 0.0331079 0.0326510 0.0328772 0.0330508 0.0328203 0.0326473 0.0326967 0.0327526 0.0322449 0.0327571 0.0323078 0.0323645 0.0230309 0.0240938 0.0228141 0.0190838 
EBOV_H.sap-tc_COD_07_M-M_HQ613403                          1.9213486 1.9401563 1.9144863 2.0157028 2.0159865 1.3920627 1.4060265 0.0000512 0.0000000 0.0003074 0.0004612 0.0331132 0.0326569 0.0329830 0.0329898 0.0327566 0.0328169 0.0325336 0.0327595 0.0334009 0.0331104 0.0329420 0.0333365 0.0330560 0.0330560 0.0330545 0.0331599 0.0328396 0.0326462 0.0325895 0.0325336 0.0331869 0.0326557 0.0328400 0.0327837 0.0327837 0.0328404 0.0330576 0.0328203 0.0332809 0.0333859 0.0333859 0.0328808 0.0325382 0.0325946 0.0329881 0.0325382 0.0327072 0.0325467 0.0328289 0.0327724 0.0325940 0.0326511 0.0328281 0.0327654 0.0328236 0.0329373 0.0328257 0.0325993 0.0332816 0.0329895 0.0332173 0.0331638 0.0328773 0.0327078 0.0326493 0.0331062 0.0328760 0.0326507 0.0328206 0.0328206 0.0329418 0.0329293 0.0328684 0.0332171 0.0329965 0.0328766 0.0328812 0.0330516 0.0325948 0.0328209 0.0329946 0.0327641 0.0325911 0.0326405 0.0326964 0.0321887 0.0327009 0.0322517 0.0323084 0.0229762 0.0240389 0.0227595 0.0190297 
EBOV_H.sap-tc_COD_07_5Luebo_KC242790                       1.9197022 1.9384892 1.9128518 2.0145800 2.0148635 1.3933787 1.4075666 0.0003587 0.0003074 0.0000000 0.0007699 0.0334782 0.0330212 0.0333476 0.0333546 0.0331209 0.0331813 0.0328976 0.0331238 0.0337665 0.0334754 0.0333067 0.0337019 0.0334210 0.0334210 0.0334194 0.0335249 0.0332043 0.0330103 0.0329535 0.0328976 0.0335522 0.0330199 0.0332047 0.0331483 0.0331483 0.0332051 0.0334226 0.0331847 0.0336462 0.0337512 0.0337512 0.0332454 0.0329022 0.0329587 0.0333529 0.0329022 0.0330715 0.0329108 0.0331934 0.0331369 0.0329581 0.0330153 0.0331927 0.0331297 0.0331881 0.0333020 0.0331902 0.0329635 0.0336469 0.0333542 0.0335830 0.0335288 0.0332419 0.0330721 0.0330135 0.0334711 0.0332405 0.0330148 0.0331850 0.0331850 0.0333066 0.0332939 0.0332328 0.0335822 0.0333613 0.0332411 0.0332458 0.0334165 0.0329589 0.0331854 0.0333594 0.0331284 0.0329551 0.0330046 0.0330605 0.0325521 0.0330651 0.0326152 0.0326719 0.0233235 0.0243882 0.0231064 0.0193702 
EBOV_H.sap-tc_COD_08_034-KS_HQ613402                       1.9216896 1.9404948 1.9147278 2.0159457 2.0162294 1.3943676 1.4072449 0.0005125 0.0004612 0.0007699 0.0000000 0.0336253 0.0331683 0.0334947 0.0335016 0.0332680 0.0333284 0.0330447 0.0332709 0.0339135 0.0336225 0.0334538 0.0338489 0.0335681 0.0335681 0.0335665 0.0336719 0.0333515 0.0331575 0.0331006 0.0330447 0.0336993 0.0331671 0.0333518 0.0332955 0.0332955 0.0333523 0.0335697 0.0333318 0.0337932 0.0338982 0.0338982 0.0333925 0.0330493 0.0331058 0.0334999 0.0330493 0.0332186 0.0330580 0.0333406 0.0332840 0.0331053 0.0331624 0.0333398 0.0332769 0.0333352 0.0334491 0.0333373 0.0331106 0.0337939 0.0335013 0.0337303 0.0336759 0.0333890 0.0332192 0.0331606 0.0336182 0.0333876 0.0331620 0.0333321 0.0333321 0.0334537 0.0334409 0.0333799 0.0337293 0.0335084 0.0333882 0.0333929 0.0335636 0.0331060 0.0333325 0.0335065 0.0332755 0.0331022 0.0331517 0.0332076 0.0326992 0.0332122 0.0327624 0.0328191 0.0233624 0.0244266 0.0231455 0.0193595 
EBOV_H.sap-wt_GIN_14_Makona-Gueckedou-EM_080076_KR817235   1.9605717 1.9833091 1.9587867 2.0423416 2.0426262 1.4184655 1.4337176 0.0331695 0.0331132 0.0334782 0.0336253 0.0000000 0.0011806 0.0014376 0.0019534 0.0017469 0.0015926 0.0013352 0.0015411 0.0021090 0.0018507 0.0016962 0.0020569 0.0017993 0.0017993 0.0017992 0.0019019 0.0016452 0.0014381 0.0013867 0.0013352 0.0020066 0.0015415 0.0018513 0.0017997 0.0017997 0.0018513 0.0019025 0.0016958 0.0021596 0.0022112 0.0022112 0.0017475 0.0014383 0.0015928 0.0018502 0.0014383 0.0015928 0.0014388 0.0016963 0.0016448 0.0014898 0.0015413 0.0017993 0.0016443 0.0016960 0.0018507 0.0016960 0.0015414 0.0021087 0.0018503 0.0019566 0.0020565 0.0017473 0.0015928 0.0015933 0.0019536 0.0017472 0.0015413 0.0016958 0.0016958 0.0017992 0.0016956 0.0016443 0.0020052 0.0017990 0.0016956 0.0016958 0.0018504 0.0014382 0.0016441 0.0017989 0.0015926 0.0011809 0.0013350 0.0013864 0.0009237 0.0013866 0.0012838 0.0013352 0.0370094 0.0380063 0.0366585 0.0334516 
EBOV_H.sap-wt_GIN_14_Makona-Gueckedou-EM_079702_KR817210   1.9589877 1.9817037 1.9569500 2.0398877 2.0401723 1.4197422 1.4335136 0.0327132 0.0326569 0.0330212 0.0331683 0.0011806 0.0000000 0.0010763 0.0015921 0.0013859 0.0013347 0.0010776 0.0012832 0.0018503 0.0015924 0.0014381 0.0017984 0.0015410 0.0015410 0.0014380 0.0016436 0.0013870 0.0011804 0.0011290 0.0010776 0.0017480 0.0012836 0.0015929 0.0015414 0.0015414 0.0015929 0.0016441 0.0014377 0.0019010 0.0019526 0.0019526 0.0014893 0.0011805 0.0013348 0.0015920 0.0011805 0.0013348 0.0011809 0.0014381 0.0013867 0.0012319 0.0012834 0.0015410 0.0013863 0.0014378 0.0015924 0.0014379 0.0012834 0.0018501 0.0015921 0.0017494 0.0017980 0.0014892 0.0013348 0.0013353 0.0016952 0.0014891 0.0012834 0.0014377 0.0014377 0.0015410 0.0014375 0.0014376 0.0017981 0.0015407 0.0014375 0.0014377 0.0015922 0.0011804 0.0013861 0.0015406 0.0013347 0.0009235 0.0009737 0.0010260 0.0005636 0.0010261 0.0009234 0.0009748 0.0365477 0.0375431 0.0363113 0.0329949 
EBOV_H.sap-wt_GIN_14_Makona-Gueckedou-EM_079587_KR817202   1.9560065 1.9786913 1.9540982 2.0407330 2.0410177 1.4187867 1.4337377 0.0330392 0.0329830 0.0333476 0.0334947 0.0014376 0.0010763 0.0000000 0.0018493 0.0016430 0.0015917 0.0013345 0.0015403 0.0021079 0.0018497 0.0016953 0.0020558 0.0017983 0.0017983 0.0017983 0.0019009 0.0016443 0.0014374 0.0013859 0.0013345 0.0020056 0.0015407 0.0018503 0.0017988 0.0017988 0.0018503 0.0019015 0.0016949 0.0021584 0.0022100 0.0022100 0.0017466 0.0014376 0.0015919 0.0018492 0.0014376 0.0015919 0.0014380 0.0016954 0.0016439 0.0014890 0.0015405 0.0017983 0.0016435 0.0016950 0.0018497 0.0016951 0.0015405 0.0021076 0.0018493 0.0020072 0.0020554 0.0017464 0.0015919 0.0015925 0.0019525 0.0017463 0.0015404 0.0016949 0.0016949 0.0017983 0.0016947 0.0016947 0.0020555 0.0017980 0.0016947 0.0016949 0.0018494 0.0014374 0.0016432 0.0017979 0.0015918 0.0011803 0.0012314 0.0012828 0.0008199 0.0012830 0.0011802 0.0012317 0.0368760 0.0378721 0.0366394 0.0333211 
EBOV_H.sap-wt_GIN_14_Makona-Gueckedou-EM_079750_KR817213   1.9575813 1.9802907 1.9553988 2.0357206 2.0360050 1.4182029 1.4373398 0.0330461 0.0329898 0.0333546 0.0335016 0.0019534 0.0015921 0.0018493 0.0000000 0.0005123 0.0019010 0.0016435 0.0018495 0.0024179 0.0021594 0.0020048 0.0023657 0.0021079 0.0021079 0.0021079 0.0022105 0.0019538 0.0017465 0.0016950 0.0016435 0.0023156 0.0018500 0.0021600 0.0021084 0.0021084 0.0021600 0.0022112 0.0020043 0.0024683 0.0025200 0.0025200 0.0020561 0.0017467 0.0019012 0.0021588 0.0017467 0.0019012 0.0017472 0.0020049 0.0019533 0.0017982 0.0018497 0.0021079 0.0019528 0.0020045 0.0021594 0.0020046 0.0018498 0.0024175 0.0021589 0.0023174 0.0023652 0.0020558 0.0019012 0.0019019 0.0022622 0.0020558 0.0018497 0.0020043 0.0020043 0.0021079 0.0020040 0.0020041 0.0023653 0.0021075 0.0020040 0.0020043 0.0021590 0.0017465 0.0019526 0.0021074 0.0019010 0.0014891 0.0015403 0.0015917 0.0011289 0.0015919 0.0014891 0.0015405 0.0367180 0.0377140 0.0364815 0.0332761 
EBOV_H.sap-wt_GIN_14_Makona-Gueckedou-EM_079910_KR817221   1.9617582 1.9845110 1.9595618 2.0379946 2.0382791 1.4179247 1.4370789 0.0328128 0.0327566 0.0331209 0.0332680 0.0017469 0.0013859 0.0016430 0.0005123 0.0000000 0.0016946 0.0014373 0.0016431 0.0022110 0.0019527 0.0017982 0.0021589 0.0019013 0.0019013 0.0019012 0.0020039 0.0017473 0.0015402 0.0014887 0.0014373 0.0021087 0.0016436 0.0019533 0.0019018 0.0019018 0.0019533 0.0020045 0.0017978 0.0022614 0.0023131 0.0023131 0.0018495 0.0015404 0.0016948 0.0019522 0.0015404 0.0016948 0.0015409 0.0017983 0.0017468 0.0015919 0.0016434 0.0019013 0.0017464 0.0017980 0.0019527 0.0017981 0.0016434 0.0022106 0.0019523 0.0021104 0.0021584 0.0018493 0.0016948 0.0016954 0.0020555 0.0018492 0.0016433 0.0017978 0.0017978 0.0019013 0.0017976 0.0017976 0.0021585 0.0019010 0.0017976 0.0017978 0.0019524 0.0015403 0.0017462 0.0019008 0.0016947 0.0012831 0.0013342 0.0013856 0.0009224 0.0013858 0.0012830 0.0013345 0.0365416 0.0375369 0.0363052 0.0329894 
EBOV_H.sap-wt_LBR_14_Makona-LIBR0430_KR006955              1.9593469 1.9820746 1.9568749 2.0405539 2.0408385 1.4185012 1.4304388 0.0328731 0.0328169 0.0331813 0.0333284 0.0015926 0.0013347 0.0015917 0.0019010 0.0016946 0.0000000 0.0002561 0.0004611 0.0010264 0.0007686 0.0006148 0.0009748 0.0007173 0.0007173 0.0007173 0.0008199 0.0005640 0.0003586 0.0003073 0.0002561 0.0009240 0.0004611 0.0007686 0.0007173 0.0007173 0.0007686 0.0008199 0.0006148 0.0010773 0.0011287 0.0011287 0.0006661 0.0003586 0.0005123 0.0007686 0.0003586 0.0005123 0.0004098 0.0006661 0.0006148 0.0004098 0.0004611 0.0007173 0.0005636 0.0006148 0.0007686 0.0006148 0.0004611 0.0010263 0.0007686 0.0009238 0.0009737 0.0006661 0.0005123 0.0005123 0.0008711 0.0006661 0.0004611 0.0006148 0.0006148 0.0007173 0.0006148 0.0006148 0.0009737 0.0007173 0.0006148 0.0006148 0.0007686 0.0003586 0.0005636 0.0007173 0.0005123 0.0004098 0.0012830 0.0013344 0.0008711 0.0013346 0.0012318 0.0012832 0.0367085 0.0377042 0.0364720 0.0331549 
EBOV_H.sap-wt_SLE_14_Makona-G3734.1_KM233055               1.9587906 1.9815120 1.9563205 2.0388373 2.0391218 1.4182310 1.4304414 0.0325898 0.0325336 0.0328976 0.0330447 0.0013352 0.0010776 0.0013345 0.0016435 0.0014373 0.0002561 0.0000000 0.0002049 0.0007686 0.0005123 0.0003586 0.0007173 0.0004611 0.0004611 0.0004611 0.0005636 0.0003076 0.0001024 0.0000512 0.0000010 0.0006671 0.0002049 0.0005123 0.0004611 0.0004611 0.0005123 0.0005636 0.0003586 0.0008199 0.0008711 0.0008711 0.0004098 0.0001024 0.0002561 0.0005123 0.0001024 0.0002561 0.0001537 0.0004098 0.0003586 0.0001537 0.0002049 0.0004611 0.0003073 0.0003586 0.0005123 0.0003586 0.0002049 0.0007686 0.0005123 0.0006671 0.0007173 0.0004098 0.0002561 0.0002561 0.0006148 0.0004098 0.0002049 0.0003586 0.0003586 0.0004611 0.0003586 0.0003586 0.0007173 0.0004611 0.0003586 0.0003586 0.0005123 0.0001024 0.0003073 0.0004611 0.0002561 0.0001537 0.0010260 0.0010774 0.0006148 0.0010775 0.0009748 0.0010262 0.0364220 0.0374167 0.0361857 0.0328714 
EBOV_H.sap-wt_LBR_15_Makona-Liberia-DQE4_KR074998          1.9587248 1.9814466 1.9562549 2.0389439 2.0392284 1.4188835 1.4308273 0.0328157 0.0327595 0.0331238 0.0332709 0.0015411 0.0012832 0.0015403 0.0018495 0.0016431 0.0004611 0.0002049 0.0000000 0.0009750 0.0007173 0.0005636 0.0009224 0.0006661 0.0006661 0.0006661 0.0007686 0.0005127 0.0003073 0.0002561 0.0002049 0.0008726 0.0004098 0.0007173 0.0006661 0.0006661 0.0007173 0.0007686 0.0005636 0.0010250 0.0010773 0.0010773 0.0006148 0.0003073 0.0004611 0.0007173 0.0003073 0.0004611 0.0003586 0.0006148 0.0005636 0.0003586 0.0004098 0.0006661 0.0005123 0.0005636 0.0007173 0.0005636 0.0004098 0.0009749 0.0007173 0.0008725 0.0009224 0.0006148 0.0004611 0.0004611 0.0008199 0.0006148 0.0004098 0.0005636 0.0005636 0.0006661 0.0005636 0.0005636 0.0009224 0.0006661 0.0005636 0.0005636 0.0007173 0.0003073 0.0005123 0.0006661 0.0004611 0.0003586 0.0012315 0.0012829 0.0008199 0.0012831 0.0011804 0.0012318 0.0366503 0.0376458 0.0364139 0.0330975 
EBOV_H.sap-wt_GIN_14_Makona-Kankan-EM_078639_KR817166      1.9619304 1.9847032 1.9594480 2.0459096 2.0461946 1.4214620 1.4336477 0.0334573 0.0334009 0.0337665 0.0339135 0.0021090 0.0018503 0.0021079 0.0024179 0.0022110 0.0010264 0.0007686 0.0009750 0.0000000 0.0007686 0.0006148 0.0009737 0.0007173 0.0007173 0.0010264 0.0013351 0.0010785 0.0008722 0.0008199 0.0007686 0.0014392 0.0009753 0.0012843 0.0012328 0.0012328 0.0012843 0.0013355 0.0011293 0.0015923 0.0016438 0.0016438 0.0011809 0.0008724 0.0010265 0.0012836 0.0008724 0.0010265 0.0009237 0.0011807 0.0011293 0.0009237 0.0009751 0.0012325 0.0010780 0.0011295 0.0012839 0.0011295 0.0009752 0.0015413 0.0012836 0.0014403 0.0014894 0.0011808 0.0010265 0.0010269 0.0013866 0.0011807 0.0009751 0.0011293 0.0011293 0.0012325 0.0011292 0.0011292 0.0014895 0.0012323 0.0011292 0.0011294 0.0012837 0.0008723 0.0010778 0.0012322 0.0010264 0.0009236 0.0017984 0.0018499 0.0013866 0.0018502 0.0017472 0.0017988 0.0373010 0.0382990 0.0370639 0.0337397 
EBOV_H.sap-wt_GIN_14_Makona-Faranah-EM_078415_KR817160     1.9611363 1.9836611 1.9586581 2.0419641 2.0422489 1.4196347 1.4318933 0.0331667 0.0331104 0.0334754 0.0336225 0.0018507 0.0015924 0.0018497 0.0021594 0.0019527 0.0007686 0.0005123 0.0007173 0.0007686 0.0000000 0.0003586 0.0007173 0.0004611 0.0004611 0.0007686 0.0010777 0.0008205 0.0006148 0.0005636 0.0005123 0.0011815 0.0007173 0.0010268 0.0009754 0.0009754 0.0010268 0.0010780 0.0008722 0.0013347 0.0013862 0.0013862 0.0009236 0.0006148 0.0007686 0.0010262 0.0006148 0.0007686 0.0006661 0.0009235 0.0008721 0.0006661 0.0007173 0.0009752 0.0008199 0.0008722 0.0010265 0.0008723 0.0007173 0.0012837 0.0010263 0.0011824 0.0012319 0.0009235 0.0007686 0.0007697 0.0011292 0.0009235 0.0007173 0.0007686 0.0007686 0.0009751 0.0008711 0.0008711 0.0012319 0.0009750 0.0008711 0.0008722 0.0010263 0.0006148 0.0008199 0.0009749 0.0007686 0.0006661 0.0015406 0.0015921 0.0011291 0.0015923 0.0014894 0.0015409 0.0370064 0.0380033 0.0367696 0.0334488 
EBOV_H.sap-wt_GIN_14_Makona-Macenta-EM_076191_KR817141     1.9605455 1.9830608 1.9580696 2.0415109 2.0417956 1.4198918 1.4324426 0.0329982 0.0329420 0.0333067 0.0334538 0.0016962 0.0014381 0.0016953 0.0020048 0.0017982 0.0006148 0.0003586 0.0005636 0.0006148 0.0003586 0.0000000 0.0005636 0.0003073 0.0003073 0.0006148 0.0009236 0.0006666 0.0004611 0.0004098 0.0003586 0.0010272 0.0005636 0.0008726 0.0008212 0.0008212 0.0008726 0.0009239 0.0007173 0.0011805 0.0012319 0.0012319 0.0007686 0.0004611 0.0006148 0.0008721 0.0004611 0.0006148 0.0005123 0.0007686 0.0007173 0.0005123 0.0005636 0.0008210 0.0006661 0.0007173 0.0008724 0.0007173 0.0005636 0.0011295 0.0008722 0.0010280 0.0010777 0.0007686 0.0006148 0.0006148 0.0009750 0.0007686 0.0005636 0.0007173 0.0007173 0.0008210 0.0007173 0.0007173 0.0010777 0.0008209 0.0007173 0.0007173 0.0008722 0.0004611 0.0006661 0.0008199 0.0006148 0.0005123 0.0013863 0.0014377 0.0009750 0.0014379 0.0013351 0.0013865 0.0368363 0.0378327 0.0365996 0.0332802 
EBOV_H.sap-wt_GIN_14_Makona-Beyla-EM_075931_KR817138       1.9627444 1.9853021 1.9602593 2.0442869 2.0445717 1.4198738 1.4307255 0.0333928 0.0333365 0.0337019 0.0338489 0.0020569 0.0017984 0.0020558 0.0023657 0.0021589 0.0009748 0.0007173 0.0009224 0.0009737 0.0007173 0.0005636 0.0000000 0.0006661 0.0006661 0.0009748 0.0012833 0.0010269 0.0008199 0.0007686 0.0007173 0.0013873 0.0009237 0.0012325 0.0011811 0.0011811 0.0012325 0.0012837 0.0010777 0.0015405 0.0015920 0.0015920 0.0011292 0.0008199 0.0009749 0.0012318 0.0008199 0.0009749 0.0008721 0.0011291 0.0010777 0.0008721 0.0009235 0.0011808 0.0010263 0.0010778 0.0012322 0.0010778 0.0009236 0.0014895 0.0012319 0.0013885 0.0014376 0.0011291 0.0009749 0.0009752 0.0013348 0.0011290 0.0009235 0.0010777 0.0010777 0.0011808 0.0010775 0.0010776 0.0014377 0.0011806 0.0010776 0.0010777 0.0012319 0.0008199 0.0010262 0.0011805 0.0009748 0.0008711 0.0017465 0.0017980 0.0013348 0.0017982 0.0016953 0.0017468 0.0372350 0.0382326 0.0368844 0.0336751 
EBOV_H.sap-wt_GIN_14_Makona-Kissidougou-EM_078694_KR817171 1.9632147 1.9859951 1.9607287 2.0446422 2.0449270 1.4202012 1.4335657 0.0331123 0.0330560 0.0334210 0.0335681 0.0017993 0.0015410 0.0017983 0.0021079 0.0019013 0.0007173 0.0004611 0.0006661 0.0007173 0.0004611 0.0003073 0.0006661 0.0000000 0.0000010 0.0007173 0.0010264 0.0007692 0.0005636 0.0005123 0.0004611 0.0011301 0.0006661 0.0009755 0.0009241 0.0009241 0.0009755 0.0010267 0.0008199 0.0012833 0.0013348 0.0013348 0.0008723 0.0005636 0.0007173 0.0009749 0.0005636 0.0007173 0.0006148 0.0008722 0.0008199 0.0006148 0.0006661 0.0009238 0.0007686 0.0008209 0.0009752 0.0008210 0.0006661 0.0012323 0.0009749 0.0011310 0.0011805 0.0008722 0.0007173 0.0007184 0.0010778 0.0008722 0.0006661 0.0008199 0.0008199 0.0009238 0.0008199 0.0008199 0.0011806 0.0009237 0.0008199 0.0008199 0.0009750 0.0005636 0.0007686 0.0009236 0.0007173 0.0006148 0.0014892 0.0015407 0.0010778 0.0015409 0.0014380 0.0014895 0.0369518 0.0379486 0.0367150 0.0333944 
EBOV_H.sap-wt_GIN_14_Makona-Kissidougou-EM_078722_KR817175 1.9632147 1.9859951 1.9607287 2.0446422 2.0449270 1.4202012 1.4335657 0.0331123 0.0330560 0.0334210 0.0335681 0.0017993 0.0015410 0.0017983 0.0021079 0.0019013 0.0007173 0.0004611 0.0006661 0.0007173 0.0004611 0.0003073 0.0006661 0.0000010 0.0000000 0.0007173 0.0010264 0.0007692 0.0005636 0.0005123 0.0004611 0.0011301 0.0006661 0.0009755 0.0009241 0.0009241 0.0009755 0.0010267 0.0008199 0.0012833 0.0013348 0.0013348 0.0008723 0.0005636 0.0007173 0.0009749 0.0005636 0.0007173 0.0006148 0.0008722 0.0008199 0.0006148 0.0006661 0.0009238 0.0007686 0.0008209 0.0009752 0.0008210 0.0006661 0.0012323 0.0009749 0.0011310 0.0011805 0.0008722 0.0007173 0.0007184 0.0010778 0.0008722 0.0006661 0.0008199 0.0008199 0.0009238 0.0008199 0.0008199 0.0011806 0.0009237 0.0008199 0.0008199 0.0009750 0.0005636 0.0007686 0.0009236 0.0007173 0.0006148 0.0014892 0.0015407 0.0010778 0.0015409 0.0014380 0.0014895 0.0369518 0.0379486 0.0367150 0.0333944 
EBOV_H.sap-wt_LBR_14_Makona-LIBR0505_KR006957              1.9624540 1.9852282 1.9599703 2.0404621 2.0407467 1.4213861 1.4320771 0.0331108 0.0330545 0.0334194 0.0335665 0.0017992 0.0014380 0.0017983 0.0021079 0.0019012 0.0007173 0.0004611 0.0006661 0.0010264 0.0007686 0.0006148 0.0009748 0.0007173 0.0007173 0.0000000 0.0010263 0.0007692 0.0005636 0.0005123 0.0004611 0.0011300 0.0006661 0.0009754 0.0009240 0.0009240 0.0009754 0.0010266 0.0008199 0.0012833 0.0013348 0.0013348 0.0008723 0.0005636 0.0007173 0.0009749 0.0005636 0.0007173 0.0006148 0.0008722 0.0008199 0.0006148 0.0006661 0.0009238 0.0007686 0.0008209 0.0009751 0.0008209 0.0006661 0.0012323 0.0009749 0.0011310 0.0011805 0.0008722 0.0007173 0.0007184 0.0010778 0.0008722 0.0006661 0.0008199 0.0008199 0.0009238 0.0008199 0.0008199 0.0011805 0.0009236 0.0008199 0.0008199 0.0009750 0.0005636 0.0007686 0.0009236 0.0007173 0.0006148 0.0014892 0.0015406 0.0010777 0.0015408 0.0014380 0.0014894 0.0369500 0.0379468 0.0367133 0.0333929 
EBOV_H.sap-wt_SLE_14_Makona-Kailahun-20140517_KR653263     1.9611628 1.9839149 1.9586843 2.0412957 2.0415805 1.4189765 1.4320409 0.0332162 0.0331599 0.0335249 0.0336719 0.0019019 0.0016436 0.0019009 0.0022105 0.0020039 0.0008199 0.0005636 0.0007686 0.0013351 0.0010777 0.0009236 0.0012833 0.0010264 0.0010264 0.0010263 0.0000000 0.0005640 0.0006661 0.0006148 0.0005636 0.0012327 0.0007686 0.0010780 0.0010266 0.0010266 0.0010780 0.0011292 0.0009224 0.0013858 0.0014373 0.0014373 0.0009748 0.0006661 0.0008199 0.0010774 0.0006661 0.0008199 0.0007173 0.0009737 0.0009224 0.0007173 0.0007686 0.0010263 0.0008711 0.0009234 0.0010777 0.0009235 0.0007686 0.0013349 0.0010775 0.0012337 0.0012831 0.0009747 0.0008199 0.0008209 0.0011803 0.0009737 0.0007686 0.0009224 0.0009224 0.0010263 0.0009224 0.0009224 0.0012831 0.0010262 0.0009224 0.0009224 0.0010775 0.0006661 0.0008711 0.0010261 0.0008199 0.0007173 0.0015918 0.0016432 0.0011803 0.0016434 0.0015406 0.0015920 0.0370557 0.0380525 0.0368189 0.0334983 
EBOV_H.sap-wt_SLE_14_Makona-G4973_1_KR105286               1.9573719 1.9798640 1.9551534 2.0369416 2.0372262 1.4188106 1.4304000 0.0328959 0.0328396 0.0332043 0.0333515 0.0016452 0.0013870 0.0016443 0.0019538 0.0017473 0.0005640 0.0003076 0.0005127 0.0010785 0.0008205 0.0006666 0.0010269 0.0007692 0.0007692 0.0007692 0.0005640 0.0000000 0.0004101 0.0003588 0.0003076 0.0009761 0.0005127 0.0008215 0.0007692 0.0007692 0.0008215 0.0008718 0.0006666 0.0011294 0.0011809 0.0011809 0.0007179 0.0004101 0.0005640 0.0008205 0.0004101 0.0005640 0.0004614 0.0007179 0.0006666 0.0004614 0.0005127 0.0007692 0.0006153 0.0006666 0.0008205 0.0006666 0.0005127 0.0010784 0.0008205 0.0009759 0.0010257 0.0007179 0.0005640 0.0005640 0.0009231 0.0007179 0.0005127 0.0006666 0.0006666 0.0007692 0.0006666 0.0006666 0.0010257 0.0007692 0.0006666 0.0006666 0.0008205 0.0004101 0.0006153 0.0007692 0.0005640 0.0004614 0.0013353 0.0013867 0.0009231 0.0013869 0.0012841 0.0013355 0.0367911 0.0377877 0.0365544 0.0332344 
EBOV_H.sap-wt_SLE_14_Makona-G3799_KM233080                 1.9592572 1.9819810 1.9567858 2.0393739 2.0396583 1.4184539 1.4309112 0.0327024 0.0326462 0.0330103 0.0331575 0.0014381 0.0011804 0.0014374 0.0017465 0.0015402 0.0003586 0.0001024 0.0003073 0.0008722 0.0006148 0.0004611 0.0008199 0.0005636 0.0005636 0.0005636 0.0006661 0.0004101 0.0000000 0.0001537 0.0001024 0.0007698 0.0003073 0.0006148 0.0005636 0.0005636 0.0006148 0.0006661 0.0004611 0.0009224 0.0009737 0.0009737 0.0005123 0.0002049 0.0003586 0.0006148 0.0002049 0.0003586 0.0002561 0.0005123 0.0004611 0.0002561 0.0003073 0.0005636 0.0004098 0.0004611 0.0006148 0.0004611 0.0003073 0.0008711 0.0006148 0.0007698 0.0008199 0.0005123 0.0003586 0.0003586 0.0007173 0.0005123 0.0003073 0.0004611 0.0004611 0.0005636 0.0004611 0.0004611 0.0008199 0.0005636 0.0004611 0.0004611 0.0006148 0.0002049 0.0004098 0.0005636 0.0003586 0.0002561 0.0011287 0.0011801 0.0007173 0.0011803 0.0010775 0.0011289 0.0365358 0.0375309 0.0362994 0.0329841 
EBOV_H.sap-wt_SLE_14_Makona-G3788_KM233075                 1.9586025 1.9813224 1.9561330 2.0390874 2.0393718 1.4180052 1.4306566 0.0326457 0.0325895 0.0329535 0.0331006 0.0013867 0.0011290 0.0013859 0.0016950 0.0014887 0.0003073 0.0000512 0.0002561 0.0008199 0.0005636 0.0004098 0.0007686 0.0005123 0.0005123 0.0005123 0.0006148 0.0003588 0.0001537 0.0000000 0.0000512 0.0007184 0.0002561 0.0005636 0.0005123 0.0005123 0.0005636 0.0006148 0.0004098 0.0008711 0.0009224 0.0009224 0.0004611 0.0001537 0.0003073 0.0005636 0.0001537 0.0003073 0.0002049 0.0004611 0.0004098 0.0002049 0.0002561 0.0005123 0.0003586 0.0004098 0.0005636 0.0004098 0.0002561 0.0008199 0.0005636 0.0007184 0.0007686 0.0004611 0.0003073 0.0003073 0.0006661 0.0004611 0.0002561 0.0004098 0.0004098 0.0005123 0.0004098 0.0004098 0.0007686 0.0005123 0.0004098 0.0004098 0.0005636 0.0001537 0.0003586 0.0005123 0.0003073 0.0002049 0.0010774 0.0011287 0.0006661 0.0011289 0.0010262 0.0010775 0.0364784 0.0374733 0.0362421 0.0329273 
EBOV_H.sap-wt_SLE_14_Makona-G3677.2_KM034557               1.9587906 1.9815120 1.9563205 2.0388373 2.0391218 1.4182310 1.4304414 0.0325898 0.0325336 0.0328976 0.0330447 0.0013352 0.0010776 0.0013345 0.0016435 0.0014373 0.0002561 0.0000010 0.0002049 0.0007686 0.0005123 0.0003586 0.0007173 0.0004611 0.0004611 0.0004611 0.0005636 0.0003076 0.0001024 0.0000512 0.0000000 0.0006671 0.0002049 0.0005123 0.0004611 0.0004611 0.0005123 0.0005636 0.0003586 0.0008199 0.0008711 0.0008711 0.0004098 0.0001024 0.0002561 0.0005123 0.0001024 0.0002561 0.0001537 0.0004098 0.0003586 0.0001537 0.0002049 0.0004611 0.0003073 0.0003586 0.0005123 0.0003586 0.0002049 0.0007686 0.0005123 0.0006671 0.0007173 0.0004098 0.0002561 0.0002561 0.0006148 0.0004098 0.0002049 0.0003586 0.0003586 0.0004611 0.0003586 0.0003586 0.0007173 0.0004611 0.0003586 0.0003586 0.0005123 0.0001024 0.0003073 0.0004611 0.0002561 0.0001537 0.0010260 0.0010774 0.0006148 0.0010775 0.0009748 0.0010262 0.0364220 0.0374167 0.0361857 0.0328714 
EBOV_H.sap-wt_SLE_14_Makona-Kenema-G5059_1_KR105296        1.9586580 1.9818275 1.9561868 2.0400683 2.0403531 1.4159856 1.4328908 0.0332432 0.0331869 0.0335522 0.0336993 0.0020066 0.0017480 0.0020056 0.0023156 0.0021087 0.0009240 0.0006671 0.0008726 0.0014392 0.0011815 0.0010272 0.0013873 0.0011301 0.0011301 0.0011300 0.0012327 0.0009761 0.0007698 0.0007184 0.0006671 0.0000000 0.0004611 0.0007699 0.0007185 0.0007185 0.0007699 0.0009239 0.0008211 0.0012837 0.0013352 0.0013352 0.0008726 0.0005636 0.0007173 0.0009752 0.0005636 0.0007183 0.0006148 0.0008724 0.0008211 0.0006148 0.0006661 0.0009241 0.0007697 0.0008212 0.0009755 0.0008212 0.0006661 0.0012327 0.0009752 0.0011313 0.0011809 0.0008725 0.0007183 0.0007186 0.0010781 0.0008724 0.0006661 0.0008211 0.0008211 0.0009241 0.0010268 0.0010268 0.0013871 0.0011299 0.0010268 0.0010270 0.0011813 0.0007699 0.0009754 0.0011298 0.0009240 0.0008212 0.0016961 0.0017476 0.0012842 0.0017478 0.0016449 0.0016964 0.0370857 0.0380216 0.0368488 0.0335255 
EBOV_H.sap-wt_SLE_14_Makona-Kenema-G4702_1_KR105265        1.9583969 1.9811185 1.9559276 2.0399611 2.0402458 1.4165679 1.4301477 0.0327119 0.0326557 0.0330199 0.0331671 0.0015415 0.0012836 0.0015407 0.0018500 0.0016436 0.0004611 0.0002049 0.0004098 0.0009753 0.0007173 0.0005636 0.0009237 0.0006661 0.0006661 0.0006661 0.0007686 0.0005127 0.0003073 0.0002561 0.0002049 0.0004611 0.0000000 0.0003073 0.0002561 0.0002561 0.0003073 0.0005636 0.0003586 0.0008199 0.0008711 0.0008711 0.0004098 0.0001024 0.0002561 0.0005123 0.0001024 0.0002561 0.0001537 0.0004098 0.0003586 0.0001537 0.0002049 0.0004611 0.0003073 0.0003586 0.0005123 0.0003586 0.0002049 0.0007686 0.0005123 0.0006671 0.0007173 0.0004098 0.0002561 0.0002561 0.0006148 0.0004098 0.0002049 0.0003586 0.0003586 0.0004611 0.0005636 0.0005636 0.0009235 0.0006661 0.0005636 0.0005636 0.0007173 0.0003073 0.0005123 0.0006661 0.0004611 0.0003586 0.0012319 0.0012833 0.0008199 0.0012835 0.0011807 0.0012321 0.0365464 0.0375418 0.0363100 0.0329937 
EBOV_H.sap-wt_SLE_14_Makona-Kenema-G4350_1_KR105242        1.9578557 1.9805665 1.9553887 2.0388098 2.0390944 1.4176163 1.4301431 0.0328962 0.0328400 0.0332047 0.0333518 0.0018513 0.0015929 0.0018503 0.0021600 0.0019533 0.0007686 0.0005123 0.0007173 0.0012843 0.0010268 0.0008726 0.0012325 0.0009755 0.0009755 0.0009754 0.0010780 0.0008215 0.0006148 0.0005636 0.0005123 0.0007699 0.0003073 0.0000000 0.0000512 0.0000512 0.0001024 0.0008724 0.0006661 0.0011290 0.0011805 0.0011805 0.0007173 0.0004098 0.0005636 0.0008199 0.0004098 0.0005636 0.0004611 0.0007173 0.0006661 0.0004611 0.0005123 0.0007696 0.0006148 0.0006661 0.0008210 0.0006661 0.0005123 0.0010780 0.0008199 0.0009765 0.0010263 0.0007173 0.0005636 0.0005636 0.0009236 0.0007173 0.0005123 0.0006661 0.0006661 0.0007696 0.0008723 0.0008723 0.0012323 0.0009753 0.0008723 0.0008724 0.0010266 0.0006148 0.0008210 0.0009752 0.0007686 0.0006661 0.0015411 0.0015925 0.0011295 0.0015927 0.0014898 0.0015413 0.0367877 0.0377841 0.0365510 0.0332315 
EBOV_H.sap-wt_SLE_14_Makona-Kenema-G4971_1_KR105284        1.9575772 1.9802873 1.9551110 2.0387855 2.0390700 1.4179030 1.4299019 0.0328400 0.0327837 0.0331483 0.0332955 0.0017997 0.0015414 0.0017988 0.0021084 0.0019018 0.0007173 0.0004611 0.0006661 0.0012328 0.0009754 0.0008212 0.0011811 0.0009241 0.0009241 0.0009240 0.0010266 0.0007692 0.0005636 0.0005123 0.0004611 0.0007185 0.0002561 0.0000512 0.0000000 0.0000010 0.0000512 0.0008211 0.0006148 0.0010776 0.0011291 0.0011291 0.0006661 0.0003586 0.0005123 0.0007686 0.0003586 0.0005123 0.0004098 0.0006661 0.0006148 0.0004098 0.0004611 0.0007173 0.0005636 0.0006148 0.0007696 0.0006148 0.0004611 0.0010266 0.0007686 0.0009251 0.0009749 0.0006661 0.0005123 0.0005123 0.0008722 0.0006661 0.0004611 0.0006148 0.0006148 0.0007173 0.0008209 0.0008210 0.0011809 0.0009239 0.0008209 0.0008211 0.0009752 0.0005636 0.0007696 0.0009238 0.0007173 0.0006148 0.0014896 0.0015410 0.0010780 0.0015413 0.0014384 0.0014899 0.0367308 0.0377271 0.0364942 0.0331752 
EBOV_H.sap-wt_SLE_14_Makona-Kenema-G4937_1_KR105278        1.9575772 1.9802873 1.9551110 2.0387855 2.0390700 1.4179030 1.4299019 0.0328400 0.0327837 0.0331483 0.0332955 0.0017997 0.0015414 0.0017988 0.0021084 0.0019018 0.0007173 0.0004611 0.0006661 0.0012328 0.0009754 0.0008212 0.0011811 0.0009241 0.0009241 0.0009240 0.0010266 0.0007692 0.0005636 0.0005123 0.0004611 0.0007185 0.0002561 0.0000512 0.0000010 0.0000000 0.0000512 0.0008211 0.0006148 0.0010776 0.0011291 0.0011291 0.0006661 0.0003586 0.0005123 0.0007686 0.0003586 0.0005123 0.0004098 0.0006661 0.0006148 0.0004098 0.0004611 0.0007173 0.0005636 0.0006148 0.0007696 0.0006148 0.0004611 0.0010266 0.0007686 0.0009251 0.0009749 0.0006661 0.0005123 0.0005123 0.0008722 0.0006661 0.0004611 0.0006148 0.0006148 0.0007173 0.0008209 0.0008210 0.0011809 0.0009239 0.0008209 0.0008211 0.0009752 0.0005636 0.0007696 0.0009238 0.0007173 0.0006148 0.0014896 0.0015410 0.0010780 0.0015413 0.0014384 0.0014899 0.0367308 0.0377271 0.0364942 0.0331752 
EBOV_H.sap-wt_SLE_14_Makona-Kenema-G4856_1_KR105273        1.9572988 1.9800079 1.9548333 2.0385010 2.0387855 1.4176652 1.4296607 0.0328967 0.0328404 0.0332051 0.0333523 0.0018513 0.0015929 0.0018503 0.0021600 0.0019533 0.0007686 0.0005123 0.0007173 0.0012843 0.0010268 0.0008726 0.0012325 0.0009755 0.0009755 0.0009754 0.0010780 0.0008215 0.0006148 0.0005636 0.0005123 0.0007699 0.0003073 0.0001024 0.0000512 0.0000512 0.0000000 0.0008725 0.0006661 0.0011290 0.0011805 0.0011805 0.0007173 0.0004098 0.0005636 0.0008199 0.0004098 0.0005636 0.0004611 0.0007173 0.0006661 0.0004611 0.0005123 0.0007697 0.0006148 0.0006661 0.0008210 0.0006661 0.0005123 0.0010780 0.0008199 0.0009765 0.0010263 0.0007173 0.0005636 0.0005636 0.0009236 0.0007173 0.0005123 0.0006661 0.0006661 0.0007696 0.0008723 0.0008723 0.0012323 0.0009753 0.0008723 0.0008724 0.0010266 0.0006148 0.0008210 0.0009752 0.0007686 0.0006661 0.0015411 0.0015925 0.0011295 0.0015928 0.0014899 0.0015414 0.0367881 0.0377846 0.0365515 0.0332319 
EBOV_H.sap-wt_SLE_14_Makona-Bonthe-G5723_1_KR105319        1.9570162 1.9797043 1.9545535 2.0435236 2.0438084 1.4186038 1.4308158 0.0331139 0.0330576 0.0334226 0.0335697 0.0019025 0.0016441 0.0019015 0.0022112 0.0020045 0.0008199 0.0005636 0.0007686 0.0013355 0.0010780 0.0009239 0.0012837 0.0010267 0.0010267 0.0010266 0.0011292 0.0008718 0.0006661 0.0006148 0.0005636 0.0009239 0.0005636 0.0008724 0.0008211 0.0008211 0.0008725 0.0000000 0.0003073 0.0007686 0.0008199 0.0008199 0.0003586 0.0004611 0.0006148 0.0008711 0.0004611 0.0006148 0.0005123 0.0007686 0.0007173 0.0005123 0.0005636 0.0008199 0.0006661 0.0007173 0.0008722 0.0007173 0.0005636 0.0011292 0.0008711 0.0010278 0.0010775 0.0007686 0.0006148 0.0006148 0.0009748 0.0007686 0.0005636 0.0007173 0.0007173 0.0008199 0.0009235 0.0009236 0.0012835 0.0010265 0.0009235 0.0009237 0.0010779 0.0006661 0.0008722 0.0010264 0.0008199 0.0007173 0.0015923 0.0016437 0.0011807 0.0016439 0.0015411 0.0015925 0.0369535 0.0378886 0.0366646 0.0333440 
EBOV_H.sap-wt_SLE_14_Makona-J0042_KP759711                 1.9581064 1.9808193 1.9556387 2.0391255 2.0394101 1.4173890 1.4292191 0.0328765 0.0328203 0.0331847 0.0333318 0.0016958 0.0014377 0.0016949 0.0020043 0.0017978 0.0006148 0.0003586 0.0005636 0.0011293 0.0008722 0.0007173 0.0010777 0.0008199 0.0008199 0.0008199 0.0009224 0.0006666 0.0004611 0.0004098 0.0003586 0.0008211 0.0003586 0.0006661 0.0006148 0.0006148 0.0006661 0.0003073 0.0000000 0.0005636 0.0006148 0.0006148 0.0001537 0.0002561 0.0004098 0.0006661 0.0002561 0.0004098 0.0003073 0.0005636 0.0005123 0.0003073 0.0003586 0.0006148 0.0004611 0.0005123 0.0006661 0.0005123 0.0003586 0.0009224 0.0006661 0.0008211 0.0008711 0.0005636 0.0004098 0.0004098 0.0007686 0.0005636 0.0003586 0.0005123 0.0005123 0.0006148 0.0007173 0.0007173 0.0010775 0.0008199 0.0007173 0.0007173 0.0008711 0.0004611 0.0006661 0.0008199 0.0006148 0.0005123 0.0013860 0.0014374 0.0009747 0.0014376 0.0013348 0.0013862 0.0367123 0.0377080 0.0364236 0.0331063 
