96
RESTV_M.fas-tc_USA_89_Philippines89-Pennsylvania_NC_004161 0.0000000 0.0256163 0.0346224 1.8833291 1.8832403 2.1407019 2.2227535 1.8999029 1.9009562 1.8986262 1.9031115 1.9184917 1.9174489 1.9172465 1.9179249 1.9188294 1.9173157 1.9177827 1.9183790 1.9180999 1.9172635 1.9173685 1.9201386 1.9171117 1.9171117 1.9193306 1.9202947 1.9220833 1.9191321 1.9188546 1.9185704 1.9189209 1.9171974 1.9169641 1.9174913 1.9172072 1.9172170 1.9170147 1.9181816 1.9169140 1.9182603 1.9182603 1.9167858 1.9169704 1.9178626 1.9183085 1.9169704 1.9174373 1.9164895 1.9157484 1.9159772 1.9177674 1.9168711 1.9171994 1.9156112 1.9158145 1.9162026 1.9163899 1.9157061 1.9159490 1.9167574 1.9170644 1.9145650 1.9171080 1.9160098 1.9163555 1.9163901 1.9173850 1.9167016 1.9171442 1.9159490 1.9165862 1.9165862 1.9173112 1.9171199 1.9184891 1.9183213 1.9180343 1.9172705 1.9168260 1.9171101 1.9175447 1.9179509 1.9180234 1.9178772 1.9176595 1.9169559 1.9169559 1.9167227 1.9185997 1.9191540 1.9202436 1.9156090 1.9165868 1.9159156 1.9185674 
RESTV_S.dom-tc_PHL_08_Reston08-A_FJ621583                  0.0256163 0.0000000 0.0511774 1.8958741 1.8957859 2.1679606 2.2361573 1.9310519 1.9321255 1.9297544 1.9343189 1.9548870 1.9533694 1.9535912 1.9542681 1.9551965 1.9534465 1.9539185 1.9545308 1.9542395 1.9529139 1.9535040 1.9563585 1.9532477 1.9532477 1.9554926 1.9564456 1.9583505 1.9552915 1.9550143 1.9547279 1.9550961 1.9533338 1.9531014 1.9536309 1.9533446 1.9533554 1.9531340 1.9543233 1.9530370 1.9544200 1.9544200 1.9529012 1.9530891 1.9540058 1.9544496 1.9530891 1.9535609 1.9526068 1.9520634 1.9522960 1.9539088 1.9529907 1.9533218 1.9519202 1.9521251 1.9522977 1.9525011 1.9517985 1.9520416 1.9528685 1.9531973 1.9506448 1.9532223 1.9521188 1.9524621 1.9524962 1.9528582 1.9521721 1.9534998 1.9520416 1.9520462 1.9520462 1.9534450 1.9532495 1.9546387 1.9549311 1.9541921 1.9534039 1.9527323 1.9530186 1.9536793 1.9540854 1.9525817 1.9540100 1.9540166 1.9532938 1.9532938 1.9530615 1.9549815 1.9555387 1.9565923 1.9462233 1.9474326 1.9462837 1.9505788 
RESTV_S.dom-xx_PHL_08_Reston08-C_FJ621584                  0.0346224 0.0511774 0.0000000 1.9011736 1.9011452 2.1511342 2.2331989 1.9115207 1.9125781 1.9105126 1.9142627 1.9325181 1.9305586 1.9300795 1.9310153 1.9319252 1.9308339 1.9306593 1.9312023 1.9309768 1.9301408 1.9302464 1.9330936 1.9299907 1.9299907 1.9317314 1.9331874 1.9349914 1.9320124 1.9317360 1.9314520 1.9318075 1.9300762 1.9298440 1.9303703 1.9300863 1.9300964 1.9298881 1.9310589 1.9300085 1.9311437 1.9311437 1.9298780 1.9298438 1.9307415 1.9318270 1.9298438 1.9303108 1.9298438 1.9286169 1.9288463 1.9306460 1.9303867 1.9300733 1.9309844 1.9291608 1.9290703 1.9292626 1.9285745 1.9288166 1.9296288 1.9297229 1.9272136 1.9297600 1.9286637 1.9290074 1.9290416 1.9302577 1.9295757 1.9300222 1.9288166 1.9294570 1.9294570 1.9301887 1.9298314 1.9315303 1.9307137 1.9309721 1.9302023 1.9301831 1.9304670 1.9304218 1.9308265 1.9293507 1.9307525 1.9307558 1.9304157 1.9304157 1.9298157 1.9316473 1.9318320 1.9328677 1.9264832 1.9287882 1.9276416 1.9308183 
SUDV_H.sap-xx_UGA_12_EboSud-603_KC545390                   1.8833291 1.8958741 1.9011736 0.0000000 0.0004091 2.1417594 2.1485846 1.8983424 1.8978816 1.8982634 1.8997257 1.9175561 1.9136364 1.9136921 1.9148948 1.9150614 1.9172634 1.9166022 1.9174476 1.9191890 1.9192260 1.9187366 1.9169380 1.9186714 1.9186714 1.9177181 1.9166989 1.9189562 1.9175185 1.9177198 1.9174387 1.9208266 1.9204692 1.9205100 1.9210318 1.9207505 1.9210318 1.9193226 1.9197889 1.9183706 1.9204527 1.9204527 1.9193128 1.9190772 1.9194954 1.9176520 1.9190772 1.9189586 1.9190772 1.9210006 1.9210104 1.9201421 1.9193973 1.9193041 1.9182911 1.9178726 1.9196734 1.9204965 1.9172463 1.9190093 1.9198110 1.9200498 1.9189059 1.9191936 1.9190582 1.9195022 1.9191178 1.9201072 1.9181211 1.9172121 1.9189518 1.9189471 1.9189471 1.9184147 1.9161119 1.9170870 1.9163583 1.9175856 1.9160953 1.9196525 1.9198794 1.9167849 1.9158046 1.9170571 1.9144257 1.9162278 1.9158034 1.9158034 1.9178413 1.9185882 1.9172266 1.9177704 1.9182901 1.9172159 1.9132218 1.9124524 
SUDV_H.sap-xx_UGA_12_EboSud-609_KC545391                   1.8832403 1.8957859 1.9011452 0.0004091 0.0000000 2.1422428 2.1490296 1.8999340 1.8994724 1.8998550 1.9013186 1.9191626 1.9152392 1.9152947 1.9164994 1.9166666 1.9188699 1.9182083 1.9190546 1.9207978 1.9208349 1.9203451 1.9185446 1.9202799 1.9202799 1.9193254 1.9183045 1.9205650 1.9191256 1.9193271 1.9190458 1.9224372 1.9220796 1.9221206 1.9226426 1.9223611 1.9226426 1.9209318 1.9213991 1.9199794 1.9220636 1.9220636 1.9209220 1.9206863 1.9211050 1.9192598 1.9206863 1.9205675 1.9206863 1.9226114 1.9226213 1.9217524 1.9210067 1.9209134 1.9198993 1.9194806 1.9212837 1.9221079 1.9188525 1.9206178 1.9214205 1.9216599 1.9205144 1.9208028 1.9206672 1.9211116 1.9207269 1.9217171 1.9197298 1.9188183 1.9205604 1.9205552 1.9205552 1.9200229 1.9177177 1.9186936 1.9179631 1.9191929 1.9177012 1.9212619 1.9214891 1.9183912 1.9174103 1.9186637 1.9160294 1.9178337 1.9174085 1.9174085 1.9194489 1.9201962 1.9188340 1.9193788 1.9201175 1.9190417 1.9150452 1.9140592 
TAFV_H.sap-tc_CIV_94_Pauleoula-CI_NC_014372                2.1407019 2.1679606 2.1511342 2.1417594 2.1422428 0.0000000 0.7891787 1.2719903 1.2717976 1.2713865 1.2730183 1.3020260 1.3051256 1.3022937 1.3001546 1.3008989 1.2997346 1.3009240 1.3002509 1.3003984 1.3008065 1.3000352 1.3019782 1.3008007 1.3008007 1.3002572 1.3006611 1.3018594 1.3002515 1.3006579 1.3004338 1.3011053 1.3001388 1.3003282 1.3001259 1.3001324 1.3001259 1.3003094 1.3007428 1.3002925 1.3006504 1.3006504 1.3000853 1.3004338 1.3010155 1.3002547 1.3004338 1.3004474 1.3005173 1.3011693 1.3011629 1.3011135 1.3005674 1.3006579 1.3022511 1.3013247 1.3021875 1.3012976 1.3011922 1.3013194 1.3017259 1.3022441 1.3035267 1.3020515 1.3023601 1.3021980 1.3020708 1.3012688 1.3015573 1.3010948 1.3010685 1.3002336 1.3002336 1.3010098 1.3013618 1.3027075 1.3031698 1.3007568 1.3009880 1.3003920 1.3001250 1.3007280 1.3004480 1.3023223 1.3011051 1.3009414 1.3011444 1.3011444 1.3019996 1.3018704 1.3033653 1.3040965 1.2841011 1.2858490 1.2946930 1.2926800 
BDBV_H.sap-xx_COD_12_EboBund-122_KC545395                  2.2227535 2.2361573 2.2331989 2.1485846 2.1490296 0.7891787 0.0000000 1.3415829 1.3413680 1.3421569 1.3427550 1.3614346 1.3616175 1.3590010 1.3605248 1.3599966 1.3576355 1.3580732 1.3576575 1.3566338 1.3575581 1.3572044 1.3576650 1.3572060 1.3572060 1.3574187 1.3578777 1.3581669 1.3569392 1.3573508 1.3576240 1.3573780 1.3570033 1.3574299 1.3572263 1.3572312 1.3574592 1.3578285 1.3581126 1.3589163 1.3562362 1.3562362 1.3573675 1.3575611 1.3579348 1.3577773 1.3575611 1.3575763 1.3575611 1.3580489 1.3582142 1.3582677 1.3574639 1.3577892 1.3583215 1.3583988 1.3590504 1.3593074 1.3578150 1.3577127 1.3577948 1.3588261 1.3599841 1.3580152 1.3576033 1.3577577 1.3576269 1.3580891 1.3568805 1.3561578 1.3573831 1.3557832 1.3557832 1.3562416 1.3589394 1.3580771 1.3588982 1.3568345 1.3579710 1.3585125 1.3587405 1.3578744 1.3580017 1.3586989 1.3586173 1.3578326 1.3590300 1.3590300 1.3605269 1.3619546 1.3592288 1.3589289 1.3621174 1.3643592 1.3682252 1.3659923 
EBOV_H.sap-tc_COD_07_1Luebo_KC242786                       1.8999029 1.9310519 1.9115207 1.8983424 1.8999340 1.2719903 1.3415829 0.0000000 0.0001033 0.0004131 0.0007243 0.0304788 0.0304678 0.0300237 0.0300680 0.0300642 0.0304154 0.0298503 0.0301319 0.0301323 0.0302446 0.0300760 0.0303077 0.0301886 0.0301886 0.0300752 0.0304731 0.0308121 0.0300757 0.0299637 0.0299076 0.0307012 0.0302500 0.0303619 0.0303623 0.0303061 0.0303623 0.0301993 0.0301997 0.0304301 0.0304859 0.0304859 0.0302558 0.0300214 0.0301354 0.0303602 0.0300214 0.0301333 0.0301335 0.0301947 0.0301381 0.0300863 0.0301342 0.0300775 0.0307578 0.0305840 0.0304817 0.0306526 0.0301950 0.0301916 0.0303604 0.0308687 0.0307613 0.0307627 0.0308215 0.0305938 0.0305374 0.0303760 0.0308191 0.0304221 0.0302513 0.0303631 0.0303631 0.0303628 0.0304153 0.0304808 0.0305384 0.0300832 0.0300192 0.0303068 0.0303629 0.0299066 0.0301316 0.0300846 0.0302467 0.0296830 0.0292859 0.0292859 0.0294059 0.0298530 0.0296890 0.0298025 0.0241712 0.0247853 0.0237812 0.0200603 
EBOV_H.sap-tc_COD_07_M-M_HQ613403                          1.9009562 1.9321255 1.9125781 1.8978816 1.8994724 1.2717976 1.3413680 0.0001033 0.0000000 0.0003098 0.0006198 0.0303649 0.0303540 0.0299100 0.0299543 0.0299505 0.0303016 0.0297367 0.0300182 0.0300186 0.0301308 0.0299623 0.0301939 0.0300749 0.0300749 0.0299615 0.0303592 0.0306981 0.0299620 0.0298500 0.0297939 0.0305873 0.0301362 0.0302481 0.0302485 0.0301923 0.0302485 0.0300855 0.0300859 0.0303163 0.0303720 0.0303720 0.0301420 0.0299077 0.0300216 0.0302464 0.0299077 0.0300196 0.0300198 0.0300809 0.0300244 0.0299726 0.0300205 0.0299638 0.0306439 0.0304701 0.0303678 0.0305387 0.0300812 0.0300779 0.0302466 0.0307547 0.0306474 0.0306487 0.0307075 0.0304799 0.0304236 0.0302621 0.0307051 0.0303082 0.0301376 0.0302493 0.0302493 0.0302490 0.0303015 0.0303670 0.0304245 0.0299695 0.0299055 0.0301930 0.0302491 0.0297930 0.0300179 0.0299709 0.0301330 0.0295694 0.0291724 0.0291724 0.0292924 0.0297394 0.0295754 0.0296888 0.0240595 0.0246734 0.0236697 0.0199501 
EBOV_H.sap-tc_COD_07_5Luebo_KC242790                       1.8986262 1.9297544 1.9105126 1.8982634 1.8998550 1.2713865 1.3421569 0.0004131 0.0003098 0.0000000 0.0009317 0.0307133 0.0307022 0.0302578 0.0303020 0.0302982 0.0306499 0.0300842 0.0303660 0.0303664 0.0304788 0.0303101 0.0305420 0.0304228 0.0304228 0.0303093 0.0307075 0.0310469 0.0303098 0.0301977 0.0301415 0.0309359 0.0304843 0.0305963 0.0305967 0.0305405 0.0305967 0.0304336 0.0304340 0.0306647 0.0307205 0.0307205 0.0304901 0.0302555 0.0303696 0.0305945 0.0302555 0.0303675 0.0303677 0.0304289 0.0303724 0.0303205 0.0303684 0.0303116 0.0309926 0.0308185 0.0307162 0.0308873 0.0304293 0.0304259 0.0305948 0.0311035 0.0309961 0.0309975 0.0310563 0.0308285 0.0307720 0.0306105 0.0310539 0.0306565 0.0304857 0.0305975 0.0305975 0.0305972 0.0306497 0.0307154 0.0307730 0.0303174 0.0302532 0.0305411 0.0305973 0.0301406 0.0303658 0.0303188 0.0304810 0.0299168 0.0295193 0.0295193 0.0296394 0.0300869 0.0299228 0.0300364 0.0244000 0.0250146 0.0240096 0.0202853 
EBOV_H.sap-tc_COD_08_034-KS_HQ613402                       1.9031115 1.9343189 1.9142627 1.8997257 1.9013186 1.2730183 1.3427550 0.0007243 0.0006198 0.0009317 0.0000000 0.0310033 0.0309921 0.0305473 0.0305915 0.0305877 0.0309397 0.0303735 0.0306556 0.0306560 0.0307685 0.0305996 0.0308318 0.0307125 0.0307125 0.0305988 0.0309975 0.0313371 0.0305994 0.0304871 0.0304309 0.0312260 0.0307740 0.0308862 0.0308865 0.0308303 0.0308865 0.0307233 0.0307238 0.0309547 0.0310106 0.0310106 0.0307799 0.0305450 0.0306592 0.0308844 0.0305450 0.0306571 0.0306573 0.0307186 0.0306620 0.0306101 0.0306580 0.0306012 0.0312828 0.0311085 0.0310062 0.0311775 0.0307190 0.0307156 0.0308846 0.0313938 0.0312864 0.0312877 0.0313467 0.0311186 0.0310621 0.0309005 0.0313443 0.0309465 0.0307754 0.0308873 0.0308873 0.0308870 0.0309396 0.0308930 0.0309506 0.0306070 0.0305427 0.0308309 0.0308872 0.0304299 0.0306554 0.0306085 0.0307707 0.0302059 0.0298081 0.0298081 0.0299284 0.0303763 0.0302120 0.0303258 0.0247456 0.0253611 0.0243547 0.0206250 
EBOV_H.sap-wt_GIN_14_Makona-Gueckedou-EM_080076_KR817235   1.9184917 1.9548870 1.9325181 1.9175561 1.9191626 1.3020260 1.3614346 0.0304788 0.0303649 0.0307133 0.0310033 0.0000000 0.0016563 0.0013970 0.0019680 0.0020715 0.0023317 0.0018122 0.0020718 0.0021758 0.0022797 0.0021239 0.0023322 0.0022278 0.0022278 0.0020198 0.0023838 0.0026958 0.0020199 0.0019161 0.0018642 0.0026960 0.0021761 0.0022799 0.0022800 0.0022280 0.0022800 0.0021759 0.0021760 0.0024882 0.0025402 0.0025402 0.0022279 0.0019681 0.0021759 0.0023837 0.0019681 0.0020719 0.0020719 0.0022281 0.0021761 0.0020206 0.0020719 0.0020200 0.0026440 0.0024876 0.0023845 0.0025406 0.0022282 0.0021240 0.0022798 0.0027479 0.0026443 0.0026445 0.0027485 0.0025924 0.0024364 0.0023324 0.0027478 0.0023322 0.0022278 0.0024881 0.0024881 0.0023324 0.0023317 0.0024884 0.0024365 0.0021757 0.0019679 0.0023839 0.0024359 0.0018641 0.0021756 0.0020721 0.0021758 0.0016566 0.0012934 0.0012934 0.0013975 0.0018645 0.0017607 0.0018646 0.0345519 0.0351378 0.0339254 0.0307030 
EBOV_H.sap-wt_GIN_14_Makona-Gueckedou-EM_079702_KR817210   1.9174489 1.9533694 1.9305586 1.9136364 1.9152392 1.3051256 1.3616175 0.0304678 0.0303540 0.0307022 0.0309921 0.0016563 0.0000000 0.0012929 0.0018635 0.0019670 0.0022270 0.0017078 0.0019673 0.0020712 0.0021751 0.0020193 0.0022275 0.0021232 0.0021232 0.0019154 0.0022791 0.0025909 0.0019154 0.0018116 0.0017598 0.0025911 0.0020715 0.0021753 0.0021753 0.0021234 0.0021753 0.0020713 0.0020714 0.0023834 0.0024354 0.0024354 0.0021233 0.0018636 0.0020713 0.0022790 0.0018636 0.0019674 0.0019674 0.0021235 0.0020715 0.0019161 0.0019674 0.0019155 0.0025392 0.0023828 0.0022797 0.0024358 0.0021236 0.0020194 0.0021752 0.0026430 0.0025394 0.0025396 0.0026436 0.0024876 0.0023317 0.0022277 0.0026429 0.0022275 0.0021232 0.0023833 0.0023833 0.0022277 0.0022270 0.0023836 0.0023318 0.0020711 0.0018635 0.0022792 0.0023312 0.0017597 0.0020711 0.0019676 0.0020713 0.0015523 0.0011894 0.0011894 0.0012933 0.0017601 0.0016564 0.0017602 0.0346536 0.0352882 0.0339131 0.0306920 
EBOV_H.sap-wt_GIN_14_Makona-Gueckedou-EM_079587_KR817202   1.9172465 1.9535912 1.9300795 1.9136921 1.9152947 1.3022937 1.3590010 0.0300237 0.0299100 0.0302578 0.0305473 0.0013970 0.0012929 0.0000000 0.0015004 0.0016039 0.0018636 0.0013449 0.0016041 0.0017079 0.0018116 0.0016560 0.0018639 0.0017598 0.0017598 0.0015522 0.0019155 0.0022271 0.0015522 0.0014486 0.0013968 0.0022272 0.0017081 0.0018118 0.0018119 0.0017600 0.0018119 0.0017080 0.0017080 0.0020197 0.0020716 0.0020716 0.0017599 0.0015005 0.0017080 0.0019155 0.0015005 0.0016042 0.0016042 0.0017600 0.0017082 0.0015528 0.0016042 0.0015523 0.0021753 0.0020192 0.0019161 0.0020720 0.0017601 0.0016561 0.0018117 0.0022791 0.0021755 0.0021757 0.0022796 0.0021237 0.0019680 0.0018641 0.0022790 0.0018639 0.0017598 0.0020196 0.0020196 0.0018641 0.0018636 0.0020199 0.0019681 0.0017078 0.0015004 0.0019156 0.0019675 0.0013967 0.0017078 0.0016044 0.0017079 0.0011895 0.0008265 0.0008265 0.0009299 0.0013970 0.0012934 0.0013971 0.0342042 0.0347245 0.0334645 0.0302469 
EBOV_H.sap-wt_GIN_14_Makona-Gueckedou-EM_079750_KR817213   1.9179249 1.9542681 1.9310153 1.9148948 1.9164994 1.3001546 1.3605248 0.0300680 0.0299543 0.0303020 0.0305915 0.0019680 0.0018635 0.0015004 0.0000000 0.0002065 0.0019157 0.0013969 0.0016561 0.0017600 0.0018637 0.0017081 0.0019160 0.0018119 0.0018119 0.0016042 0.0019676 0.0022793 0.0016043 0.0015006 0.0014488 0.0022794 0.0017602 0.0018639 0.0018640 0.0018121 0.0018640 0.0017601 0.0017601 0.0020718 0.0021238 0.0021238 0.0018120 0.0015525 0.0017600 0.0019676 0.0015525 0.0016562 0.0016562 0.0018121 0.0017602 0.0016048 0.0016562 0.0016044 0.0022275 0.0020714 0.0019682 0.0021242 0.0018122 0.0017082 0.0018638 0.0023313 0.0022277 0.0022279 0.0023318 0.0021759 0.0020201 0.0019162 0.0023312 0.0019160 0.0018119 0.0020718 0.0020718 0.0019162 0.0019157 0.0020720 0.0020202 0.0017599 0.0015524 0.0019678 0.0020197 0.0014487 0.0017598 0.0016564 0.0017600 0.0012415 0.0008782 0.0008782 0.0009826 0.0014490 0.0013453 0.0014491 0.0342478 0.0348816 0.0336221 0.0301790 
EBOV_H.sap-wt_GIN_14_Makona-Gueckedou-EM_079910_KR817221   1.9188294 1.9551965 1.9319252 1.9150614 1.9166666 1.3008989 1.3599966 0.0300642 0.0299505 0.0302982 0.0305877 0.0020715 0.0019670 0.0016039 0.0002065 0.0000000 0.0020192 0.0015003 0.0017596 0.0018635 0.0019673 0.0018116 0.0020196 0.0019154 0.0019154 0.0017077 0.0020712 0.0023829 0.0017078 0.0016041 0.0015522 0.0023830 0.0018637 0.0019675 0.0019675 0.0019156 0.0019675 0.0018636 0.0018636 0.0021754 0.0022274 0.0022274 0.0019155 0.0016560 0.0018636 0.0020712 0.0016560 0.0017597 0.0017597 0.0019157 0.0018638 0.0017084 0.0017598 0.0017079 0.0023311 0.0021749 0.0020718 0.0022278 0.0019158 0.0018117 0.0019674 0.0024349 0.0023313 0.0023315 0.0024354 0.0022795 0.0021237 0.0020198 0.0024348 0.0020196 0.0019154 0.0021754 0.0021754 0.0020198 0.0020192 0.0021756 0.0021238 0.0018634 0.0016559 0.0020713 0.0021232 0.0015522 0.0018634 0.0017599 0.0018635 0.0013449 0.0009816 0.0009816 0.0010861 0.0015525 0.0014488 0.0015526 0.0343031 0.0349370 0.0336773 0.0302339 
EBOV_H.sap-wt_LBR_14_Makona-LIBR0430_KR006955              1.9173157 1.9534465 1.9308339 1.9172634 1.9188699 1.2997346 1.3576355 0.0304154 0.0303016 0.0306499 0.0309397 0.0023317 0.0022270 0.0018636 0.0019157 0.0020192 0.0000000 0.0005165 0.0007748 0.0008782 0.0008782 0.0008265 0.0010862 0.0009299 0.0009299 0.0007232 0.0010850 0.0013968 0.0007232 0.0006198 0.0005681 0.0013969 0.0008782 0.0009816 0.0009816 0.0009299 0.0009816 0.0008782 0.0008782 0.0011897 0.0012415 0.0012415 0.0009299 0.0006715 0.0008782 0.0010850 0.0006715 0.0007748 0.0007748 0.0009299 0.0008782 0.0007232 0.0007748 0.0007232 0.0013451 0.0011895 0.0010863 0.0012418 0.0009299 0.0008265 0.0009816 0.0014486 0.0013452 0.0013453 0.0014490 0.0012935 0.0011380 0.0010344 0.0014486 0.0010343 0.0009299 0.0011897 0.0011897 0.0010344 0.0010333 0.0011898 0.0011381 0.0008782 0.0006715 0.0010860 0.0011378 0.0005681 0.0008782 0.0007748 0.0008782 0.0008782 0.0012414 0.0012414 0.0013454 0.0018122 0.0017085 0.0018123 0.0347152 0.0353500 0.0339746 0.0306395 
EBOV_H.sap-wt_SLE_14_Makona-G3734.1_KM233055               1.9177827 1.9539185 1.9306593 1.9166022 1.9182083 1.3009240 1.3580732 0.0298503 0.0297367 0.0300842 0.0303735 0.0018122 0.0017078 0.0013449 0.0013969 0.0015003 0.0005165 0.0000000 0.0002582 0.0003615 0.0004648 0.0003098 0.0005681 0.0004131 0.0004131 0.0002065 0.0005682 0.0008783 0.0002065 0.0001033 0.0000516 0.0008782 0.0003615 0.0004648 0.0004648 0.0004131 0.0004648 0.0003615 0.0003615 0.0006715 0.0007232 0.0007232 0.0004131 0.0001549 0.0003615 0.0005681 0.0001549 0.0002582 0.0002582 0.0004131 0.0003615 0.0002065 0.0002582 0.0002065 0.0008265 0.0006715 0.0005681 0.0007232 0.0004131 0.0003098 0.0004648 0.0009299 0.0008265 0.0008265 0.0009299 0.0007748 0.0006198 0.0005165 0.0009299 0.0005165 0.0004131 0.0006715 0.0006715 0.0005165 0.0005165 0.0006715 0.0006198 0.0003615 0.0001549 0.0005681 0.0006198 0.0000516 0.0003615 0.0002582 0.0003615 0.0003615 0.0007232 0.0007232 0.0008265 0.0012935 0.0011899 0.0012935 0.0341421 0.0347759 0.0334026 0.0300731 
EBOV_H.sap-wt_LBR_15_Makona-Liberia-DQE4_KR074998          1.9183790 1.9545308 1.9312023 1.9174476 1.9190546 1.3002509 1.3576575 0.0301319 0.0300182 0.0303660 0.0306556 0.0020718 0.0019673 0.0016041 0.0016561 0.0017596 0.0007748 0.0002582 0.0000000 0.0005165 0.0006198 0.0004648 0.0007232 0.0005681 0.0005681 0.0003615 0.0007232 0.0010333 0.0003615 0.0002582 0.0002065 0.0010333 0.0005165 0.0006198 0.0006198 0.0005681 0.0006198 0.0005165 0.0005165 0.0008265 0.0008782 0.0008782 0.0005681 0.0003098 0.0005165 0.0007232 0.0003098 0.0004131 0.0004131 0.0005681 0.0005165 0.0003615 0.0004131 0.0003615 0.0009816 0.0008265 0.0007232 0.0008782 0.0005681 0.0004648 0.0006198 0.0010850 0.0009816 0.0009816 0.0010861 0.0009299 0.0007748 0.0006715 0.0010850 0.0006715 0.0005681 0.0008265 0.0008265 0.0006715 0.0006715 0.0009299 0.0008782 0.0006198 0.0004131 0.0008265 0.0008782 0.0003098 0.0006198 0.0005165 0.0006198 0.0006198 0.0009816 0.0009816 0.0010862 0.0015527 0.0014490 0.0015528 0.0344275 0.0350618 0.0336874 0.0303553 
EBOV_H.sap-wt_GIN_14_Makona-Kankan-EM_078639_KR817166      1.9180999 1.9542395 1.9309768 1.9191890 1.9207978 1.3003984 1.3566338 0.0301323 0.0300186 0.0303664 0.0306560 0.0021758 0.0020712 0.0017079 0.0017600 0.0018635 0.0008782 0.0003615 0.0005165 0.0000000 0.0004131 0.0002582 0.0005165 0.0003615 0.0003615 0.0004648 0.0008266 0.0011368 0.0004648 0.0003615 0.0003098 0.0011378 0.0006198 0.0007232 0.0007232 0.0006715 0.0007232 0.0006198 0.0006198 0.0009299 0.0009816 0.0009816 0.0006715 0.0004131 0.0006198 0.0008265 0.0004131 0.0005165 0.0005165 0.0006715 0.0006198 0.0004648 0.0005165 0.0004648 0.0010850 0.0009299 0.0008265 0.0009827 0.0006715 0.0005681 0.0007232 0.0011895 0.0010861 0.0010862 0.0011898 0.0010344 0.0008782 0.0007748 0.0011895 0.0007748 0.0006715 0.0009299 0.0009299 0.0007748 0.0007748 0.0010344 0.0009827 0.0007232 0.0005165 0.0009299 0.0009816 0.0004131 0.0007232 0.0005681 0.0007232 0.0007232 0.0010850 0.0010850 0.0011899 0.0016565 0.0015528 0.0016566 0.0344280 0.0350623 0.0336879 0.0303557 
EBOV_H.sap-wt_GIN_14_Makona-Faranah-EM_078415_KR817160     1.9172635 1.9529139 1.9301408 1.9192260 1.9208349 1.3008065 1.3575581 0.0302446 0.0301308 0.0304788 0.0307685 0.0022797 0.0021751 0.0018116 0.0018637 0.0019673 0.0008782 0.0004648 0.0006198 0.0004131 0.0000000 0.0003615 0.0006198 0.0004648 0.0004648 0.0005681 0.0009299 0.0012413 0.0005681 0.0004648 0.0004131 0.0012413 0.0007232 0.0008265 0.0008265 0.0007748 0.0008265 0.0007232 0.0007232 0.0010333 0.0010861 0.0010861 0.0007748 0.0005165 0.0007232 0.0009299 0.0005165 0.0006198 0.0006198 0.0007748 0.0007232 0.0005681 0.0006198 0.0005681 0.0011896 0.0010333 0.0009299 0.0010863 0.0007748 0.0006715 0.0008265 0.0012931 0.0011897 0.0011898 0.0012934 0.0011380 0.0009826 0.0008782 0.0012931 0.0008782 0.0007748 0.0010333 0.0010333 0.0008782 0.0008782 0.0011380 0.0010348 0.0008265 0.0006198 0.0010333 0.0010850 0.0005165 0.0008265 0.0006715 0.0008265 0.0008265 0.0011896 0.0011896 0.0012935 0.0017603 0.0016565 0.0017604 0.0345417 0.0351762 0.0338014 0.0304683 
EBOV_H.sap-wt_GIN_14_Makona-Macenta-EM_076191_KR817141     1.9173685 1.9535040 1.9302464 1.9187366 1.9203451 1.3000352 1.3572044 0.0300760 0.0299623 0.0303101 0.0305996 0.0021239 0.0020193 0.0016560 0.0017081 0.0018116 0.0008265 0.0003098 0.0004648 0.0002582 0.0003615 0.0000000 0.0004648 0.0003098 0.0003098 0.0004131 0.0007749 0.0010850 0.0004131 0.0003098 0.0002582 0.0010850 0.0005681 0.0006715 0.0006715 0.0006198 0.0006715 0.0005681 0.0005681 0.0008782 0.0009299 0.0009299 0.0006198 0.0003615 0.0005681 0.0007748 0.0003615 0.0004648 0.0004648 0.0006198 0.0005681 0.0004131 0.0004648 0.0004131 0.0010333 0.0008782 0.0007748 0.0009299 0.0006198 0.0005165 0.0006715 0.0011377 0.0010343 0.0010344 0.0011380 0.0009826 0.0008265 0.0007232 0.0011367 0.0007232 0.0006198 0.0008782 0.0008782 0.0007232 0.0007232 0.0009826 0.0009309 0.0006715 0.0004648 0.0008782 0.0009299 0.0003615 0.0006715 0.0005165 0.0006715 0.0006715 0.0010333 0.0010333 0.0011381 0.0016046 0.0015010 0.0016047 0.0343709 0.0350051 0.0336309 0.0302993 
EBOV_H.sap-wt_GIN_14_Makona-Beyla-EM_075931_KR817138       1.9201386 1.9563585 1.9330936 1.9169380 1.9185446 1.3019782 1.3576650 0.0303077 0.0301939 0.0305420 0.0308318 0.0023322 0.0022275 0.0018639 0.0019160 0.0020196 0.0010862 0.0005681 0.0007232 0.0005165 0.0006198 0.0004648 0.0000000 0.0005681 0.0005681 0.0006715 0.0010344 0.0013453 0.0006715 0.0005681 0.0005165 0.0013454 0.0008265 0.0009309 0.0009309 0.0008782 0.0009309 0.0008265 0.0008265 0.0011382 0.0011900 0.0011900 0.0008782 0.0006198 0.0008265 0.0010344 0.0006198 0.0007232 0.0007232 0.0008782 0.0008265 0.0006715 0.0007232 0.0006715 0.0011900 0.0010344 0.0009311 0.0010866 0.0008792 0.0007748 0.0009299 0.0013972 0.0012937 0.0012938 0.0013975 0.0012420 0.0010865 0.0009829 0.0013971 0.0009828 0.0008782 0.0011382 0.0011382 0.0009829 0.0009826 0.0012420 0.0011902 0.0009299 0.0007232 0.0011381 0.0011899 0.0006198 0.0009299 0.0007748 0.0009299 0.0009299 0.0012416 0.0012416 0.0013456 0.0018125 0.0017088 0.0018127 0.0346067 0.0352414 0.0338661 0.0305316 
EBOV_H.sap-wt_GIN_14_Makona-Kissidougou-EM_078694_KR817171 1.9171117 1.9532477 1.9299907 1.9186714 1.9202799 1.3008007 1.3572060 0.0301886 0.0300749 0.0304228 0.0307125 0.0022278 0.0021232 0.0017598 0.0018119 0.0019154 0.0009299 0.0004131 0.0005681 0.0003615 0.0004648 0.0003098 0.0005681 0.0000000 0.0000010 0.0005165 0.0008783 0.0011895 0.0005165 0.0004131 0.0003615 0.0011896 0.0006715 0.0007748 0.0007748 0.0007232 0.0007748 0.0006715 0.0006715 0.0009816 0.0010333 0.0010333 0.0007232 0.0004648 0.0006715 0.0008782 0.0004648 0.0005681 0.0005681 0.0007232 0.0006715 0.0005165 0.0005681 0.0005165 0.0011378 0.0009816 0.0008782 0.0010345 0.0007232 0.0006198 0.0007748 0.0012413 0.0011379 0.0011380 0.0012416 0.0010862 0.0009299 0.0008265 0.0012413 0.0008265 0.0007232 0.0009816 0.0009816 0.0008265 0.0008265 0.0010862 0.0010345 0.0007748 0.0005681 0.0009816 0.0010333 0.0004648 0.0007748 0.0006198 0.0007748 0.0007748 0.0011378 0.0011378 0.0012417 0.0017084 0.0016047 0.0017085 0.0344851 0.0351195 0.0337449 0.0304122 
EBOV_H.sap-wt_GIN_14_Makona-Kissidougou-EM_078722_KR817175 1.9171117 1.9532477 1.9299907 1.9186714 1.9202799 1.3008007 1.3572060 0.0301886 0.0300749 0.0304228 0.0307125 0.0022278 0.0021232 0.0017598 0.0018119 0.0019154 0.0009299 0.0004131 0.0005681 0.0003615 0.0004648 0.0003098 0.0005681 0.0000010 0.0000000 0.0005165 0.0008783 0.0011895 0.0005165 0.0004131 0.0003615 0.0011896 0.0006715 0.0007748 0.0007748 0.0007232 0.0007748 0.0006715 0.0006715 0.0009816 0.0010333 0.0010333 0.0007232 0.0004648 0.0006715 0.0008782 0.0004648 0.0005681 0.0005681 0.0007232 0.0006715 0.0005165 0.0005681 0.0005165 0.0011378 0.0009816 0.0008782 0.0010345 0.0007232 0.0006198 0.0007748 0.0012413 0.0011379 0.0011380 0.0012416 0.0010862 0.0009299 0.0008265 0.0012413 0.0008265 0.0007232 0.0009816 0.0009816 0.0008265 0.0008265 0.0010862 0.0010345 0.0007748 0.0005681 0.0009816 0.0010333 0.0004648 0.0007748 0.0006198 0.0007748 0.0007748 0.0011378 0.0011378 0.0012417 0.0017084 0.0016047 0.0017085 0.0344851 0.0351195 0.0337449 0.0304122 
EBOV_H.sap-wt_LBR_14_Makona-LIBR0505_KR006957              1.9193306 1.9554926 1.9317314 1.9177181 1.9193254 1.3002572 1.3574187 0.0300752 0.0299615 0.0303093 0.0305988 0.0020198 0.0019154 0.0015522 0.0016042 0.0017077 0.0007232 0.0002065 0.0003615 0.0004648 0.0005681 0.0004131 0.0006715 0.0005165 0.0005165 0.0000000 0.0006715 0.0009816 0.0003098 0.0002065 0.0001549 0.0009816 0.0004648 0.0005681 0.0005681 0.0005165 0.0005681 0.0004648 0.0004648 0.0007748 0.0008265 0.0008265 0.0005165 0.0002582 0.0004648 0.0006715 0.0002582 0.0003615 0.0003615 0.0005165 0.0004648 0.0003098 0.0003615 0.0003098 0.0009299 0.0007748 0.0006715 0.0008265 0.0005165 0.0004131 0.0005681 0.0010333 0.0009299 0.0009299 0.0010343 0.0008782 0.0007232 0.0006198 0.0010333 0.0006198 0.0005165 0.0007748 0.0007748 0.0006198 0.0006198 0.0008782 0.0008265 0.0005681 0.0003615 0.0007748 0.0008265 0.0002582 0.0005681 0.0004648 0.0005681 0.0005681 0.0009299 0.0009299 0.0010344 0.0015008 0.0013972 0.0015009 0.0343700 0.0350042 0.0336300 0.0302985 
EBOV_H.sap-wt_SLE_14_Makona-Kailahun-20140517_KR653263     1.9202947 1.9564456 1.9331874 1.9166989 1.9183045 1.3006611 1.3578777 0.0304731 0.0303592 0.0307075 0.0309975 0.0023838 0.0022791 0.0019155 0.0019676 0.0020712 0.0010850 0.0005682 0.0007232 0.0008266 0.0009299 0.0007749 0.0010344 0.0008783 0.0008783 0.0006715 0.0000000 0.0006198 0.0006715 0.0005682 0.0005165 0.0013450 0.0008266 0.0009299 0.0009299 0.0008783 0.0009299 0.0008266 0.0008266 0.0011379 0.0011897 0.0011897 0.0008783 0.0006198 0.0008266 0.0010333 0.0006198 0.0007232 0.0007232 0.0008783 0.0008266 0.0006715 0.0007232 0.0006715 0.0012933 0.0011368 0.0010345 0.0011899 0.0008783 0.0007749 0.0009299 0.0013968 0.0012934 0.0012935 0.0013456 0.0012416 0.0010862 0.0009826 0.0013968 0.0009816 0.0008783 0.0011379 0.0011379 0.0009816 0.0009816 0.0012417 0.0011899 0.0009299 0.0007232 0.0011378 0.0011896 0.0006198 0.0009299 0.0008266 0.0009299 0.0009299 0.0012932 0.0012932 0.0013972 0.0018642 0.0017604 0.0018643 0.0347738 0.0354087 0.0340330 0.0306973 
EBOV_H.sap-wt_SLE_14_Makona-G4973_1_KR105286               1.9220833 1.9583505 1.9349914 1.9189562 1.9205650 1.3018594 1.3581669 0.0308121 0.0306981 0.0310469 0.0313371 0.0026958 0.0025909 0.0022271 0.0022793 0.0023829 0.0013968 0.0008783 0.0010333 0.0011368 0.0012413 0.0010850 0.0013453 0.0011895 0.0011895 0.0009816 0.0006198 0.0000000 0.0009816 0.0008783 0.0008266 0.0016561 0.0011378 0.0012414 0.0012414 0.0011896 0.0012414 0.0011378 0.0011378 0.0014489 0.0015007 0.0015007 0.0011896 0.0009299 0.0011368 0.0013449 0.0009299 0.0010333 0.0010333 0.0011897 0.0011379 0.0009827 0.0010333 0.0009816 0.0016043 0.0014485 0.0013454 0.0015010 0.0011897 0.0010850 0.0012413 0.0017079 0.0016045 0.0016046 0.0016569 0.0015527 0.0013972 0.0012935 0.0017079 0.0012934 0.0011895 0.0014488 0.0014488 0.0012935 0.0012931 0.0015528 0.0015010 0.0012413 0.0010333 0.0014488 0.0015006 0.0009299 0.0012412 0.0011379 0.0012414 0.0012413 0.0016043 0.0016043 0.0017085 0.0021758 0.0020720 0.0021759 0.0351176 0.0357531 0.0343761 0.0310371 
EBOV_H.sap-wt_SLE_14_Makona-G3799_KM233080                 1.9191321 1.9552915 1.9320124 1.9175185 1.9191256 1.3002515 1.3569392 0.0300757 0.0299620 0.0303098 0.0305994 0.0020199 0.0019154 0.0015522 0.0016043 0.0017078 0.0007232 0.0002065 0.0003615 0.0004648 0.0005681 0.0004131 0.0006715 0.0005165 0.0005165 0.0003098 0.0006715 0.0009816 0.0000000 0.0001033 0.0001549 0.0009816 0.0004648 0.0005681 0.0005681 0.0005165 0.0005681 0.0004648 0.0004648 0.0007748 0.0008265 0.0008265 0.0005165 0.0002582 0.0004648 0.0006715 0.0002582 0.0003615 0.0003615 0.0005165 0.0004648 0.0003098 0.0003615 0.0003098 0.0009299 0.0007748 0.0006715 0.0008265 0.0005165 0.0004131 0.0005681 0.0010333 0.0009299 0.0009299 0.0010343 0.0008782 0.0007232 0.0006198 0.0010333 0.0006198 0.0005165 0.0007748 0.0007748 0.0006198 0.0006198 0.0008782 0.0008265 0.0005681 0.0003615 0.0007748 0.0008265 0.0002582 0.0005681 0.0004648 0.0005681 0.0005681 0.0009299 0.0009299 0.0010344 0.0015008 0.0013972 0.0015009 0.0343098 0.0349438 0.0335700 0.0302393 
EBOV_H.sap-wt_SLE_14_Makona-G3788_KM233075                 1.9188546 1.9550143 1.9317360 1.9177198 1.9193271 1.3006579 1.3573508 0.0299637 0.0298500 0.0301977 0.0304871 0.0019161 0.0018116 0.0014486 0.0015006 0.0016041 0.0006198 0.0001033 0.0002582 0.0003615 0.0004648 0.0003098 0.0005681 0.0004131 0.0004131 0.0002065 0.0005682 0.0008783 0.0001033 0.0000000 0.0000516 0.0008782 0.0003615 0.0004648 0.0004648 0.0004131 0.0004648 0.0003615 0.0003615 0.0006715 0.0007232 0.0007232 0.0004131 0.0001549 0.0003615 0.0005681 0.0001549 0.0002582 0.0002582 0.0004131 0.0003615 0.0002065 0.0002582 0.0002065 0.0008265 0.0006715 0.0005681 0.0007232 0.0004131 0.0003098 0.0004648 0.0009299 0.0008265 0.0008265 0.0009299 0.0007748 0.0006198 0.0005165 0.0009299 0.0005165 0.0004131 0.0006715 0.0006715 0.0005165 0.0005165 0.0007748 0.0007232 0.0004648 0.0002582 0.0006715 0.0007232 0.0001549 0.0004648 0.0003615 0.0004648 0.0004648 0.0008265 0.0008265 0.0009299 0.0013972 0.0012935 0.0013972 0.0342571 0.0348911 0.0335173 0.0301867 
EBOV_H.sap-wt_SLE_14_Makona-G3677.2_KM034557               1.9185704 1.9547279 1.9314520 1.9174387 1.9190458 1.3004338 1.3576240 0.0299076 0.0297939 0.0301415 0.0304309 0.0018642 0.0017598 0.0013968 0.0014488 0.0015522 0.0005681 0.0000516 0.0002065 0.0003098 0.0004131 0.0002582 0.0005165 0.0003615 0.0003615 0.0001549 0.0005165 0.0008266 0.0001549 0.0000516 0.0000000 0.0008265 0.0003098 0.0004131 0.0004131 0.0003615 0.0004131 0.0003098 0.0003098 0.0006198 0.0006715 0.0006715 0.0003615 0.0001033 0.0003098 0.0005165 0.0001033 0.0002065 0.0002065 0.0003615 0.0003098 0.0001549 0.0002065 0.0001549 0.0007748 0.0006198 0.0005165 0.0006715 0.0003615 0.0002582 0.0004131 0.0008782 0.0007748 0.0007748 0.0008782 0.0007232 0.0005681 0.0004648 0.0008782 0.0004648 0.0003615 0.0006198 0.0006198 0.0004648 0.0004648 0.0007232 0.0006715 0.0004131 0.0002065 0.0006198 0.0006715 0.0001033 0.0004131 0.0003098 0.0004131 0.0004131 0.0007748 0.0007748 0.0008782 0.0013453 0.0012417 0.0013454 0.0342003 0.0348342 0.0334606 0.0301305 
EBOV_H.sap-wt_SLE_14_Makona-Kenema-G5059_1_KR105296        1.9189209 1.9550961 1.9318075 1.9208266 1.9224372 1.3011053 1.3573780 0.0307012 0.0305873 0.0309359 0.0312260 0.0026960 0.0025911 0.0022272 0.0022794 0.0023830 0.0013969 0.0008782 0.0010333 0.0011378 0.0012413 0.0010850 0.0013454 0.0011896 0.0011896 0.0009816 0.0013450 0.0016561 0.0009816 0.0008782 0.0008265 0.0000000 0.0005165 0.0006198 0.0006198 0.0005681 0.0006198 0.0009299 0.0009299 0.0012415 0.0011897 0.0011897 0.0009816 0.0007232 0.0009299 0.0011377 0.0007232 0.0008265 0.0008265 0.0009816 0.0009299 0.0007748 0.0008265 0.0007748 0.0013969 0.0012412 0.0011381 0.0012936 0.0009816 0.0008782 0.0010333 0.0015005 0.0013970 0.0013971 0.0015008 0.0013453 0.0011898 0.0010862 0.0015004 0.0010861 0.0009816 0.0012415 0.0012415 0.0010862 0.0012932 0.0015528 0.0015011 0.0012413 0.0010333 0.0014489 0.0015007 0.0009299 0.0012413 0.0011379 0.0012414 0.0012413 0.0016044 0.0016044 0.0017086 0.0021759 0.0020721 0.0021760 0.0351191 0.0357546 0.0343776 0.0310385 
EBOV_H.sap-wt_SLE_14_Makona-Kenema-G4702_1_KR105265        1.9171974 1.9533338 1.9300762 1.9204692 1.9220796 1.3001388 1.3570033 0.0302500 0.0301362 0.0304843 0.0307740 0.0021761 0.0020715 0.0017081 0.0017602 0.0018637 0.0008782 0.0003615 0.0005165 0.0006198 0.0007232 0.0005681 0.0008265 0.0006715 0.0006715 0.0004648 0.0008266 0.0011378 0.0004648 0.0003615 0.0003098 0.0005165 0.0000000 0.0001033 0.0001033 0.0000516 0.0001033 0.0004131 0.0004131 0.0007232 0.0007748 0.0007748 0.0004648 0.0002065 0.0004131 0.0006198 0.0002065 0.0003098 0.0003098 0.0004648 0.0004131 0.0002582 0.0003098 0.0002582 0.0008782 0.0007232 0.0006198 0.0007748 0.0004648 0.0003615 0.0005165 0.0009816 0.0008782 0.0008782 0.0009826 0.0008265 0.0006715 0.0005681 0.0009816 0.0005681 0.0004648 0.0007232 0.0007232 0.0005681 0.0007748 0.0010345 0.0009828 0.0007232 0.0005165 0.0009299 0.0009816 0.0004131 0.0007232 0.0006198 0.0007232 0.0007232 0.0010861 0.0010861 0.0011900 0.0016567 0.0015530 0.0016568 0.0345480 0.0351826 0.0338076 0.0304737 
EBOV_H.sap-wt_SLE_14_Makona-Kenema-G4350_1_KR105242        1.9169641 1.9531014 1.9298440 1.9205100 1.9221206 1.3003282 1.3574299 0.0303619 0.0302481 0.0305963 0.0308862 0.0022799 0.0021753 0.0018118 0.0018639 0.0019675 0.0009816 0.0004648 0.0006198 0.0007232 0.0008265 0.0006715 0.0009309 0.0007748 0.0007748 0.0005681 0.0009299 0.0012414 0.0005681 0.0004648 0.0004131 0.0006198 0.0001033 0.0000000 0.0001033 0.0000516 0.0001033 0.0005165 0.0005165 0.0008265 0.0008782 0.0008782 0.0005681 0.0003098 0.0005165 0.0007232 0.0003098 0.0004131 0.0004131 0.0005681 0.0005165 0.0003615 0.0004131 0.0003615 0.0009816 0.0008265 0.0007232 0.0008782 0.0005681 0.0004648 0.0006198 0.0010850 0.0009816 0.0009826 0.0010862 0.0009299 0.0007748 0.0006715 0.0010850 0.0006715 0.0005681 0.0008265 0.0008265 0.0006715 0.0008782 0.0011381 0.0010864 0.0008265 0.0006198 0.0010343 0.0010861 0.0005165 0.0008265 0.0007232 0.0008265 0.0008265 0.0011897 0.0011897 0.0012936 0.0017605 0.0016567 0.0017606 0.0346614 0.0352961 0.0339207 0.0305859 
EBOV_H.sap-wt_SLE_14_Makona-Kenema-G4971_1_KR105284        1.9174913 1.9536309 1.9303703 1.9210318 1.9226426 1.3001259 1.3572263 0.0303623 0.0302485 0.0305967 0.0308865 0.0022800 0.0021753 0.0018119 0.0018640 0.0019675 0.0009816 0.0004648 0.0006198 0.0007232 0.0008265 0.0006715 0.0009309 0.0007748 0.0007748 0.0005681 0.0009299 0.0012414 0.0005681 0.0004648 0.0004131 0.0006198 0.0001033 0.0001033 0.0000000 0.0000516 0.0001033 0.0005165 0.0005165 0.0008265 0.0008782 0.0008782 0.0005681 0.0003098 0.0005165 0.0007232 0.0003098 0.0004131 0.0004131 0.0005681 0.0005165 0.0003615 0.0004131 0.0003615 0.0009816 0.0008265 0.0007232 0.0008782 0.0005681 0.0004648 0.0006198 0.0010850 0.0009816 0.0009826 0.0010862 0.0009299 0.0007748 0.0006715 0.0010850 0.0006715 0.0005681 0.0008265 0.0008265 0.0006715 0.0008782 0.0011381 0.0010864 0.0008265 0.0006198 0.0010343 0.0010861 0.0005165 0.0008265 0.0007232 0.0008265 0.0008265 0.0011897 0.0011897 0.0012937 0.0017605 0.0016567 0.0017606 0.0346618 0.0352965 0.0339211 0.0305863 
EBOV_H.sap-wt_SLE_14_Makona-Kenema-G4937_1_KR105278        1.9172072 1.9533446 1.9300863 1.9207505 1.9223611 1.3001324 1.3572312 0.0303061 0.0301923 0.0305405 0.0308303 0.0022280 0.0021234 0.0017600 0.0018121 0.0019156 0.0009299 0.0004131 0.0005681 0.0006715 0.0007748 0.0006198 0.0008782 0.0007232 0.0007232 0.0005165 0.0008783 0.0011896 0.0005165 0.0004131 0.0003615 0.0005681 0.0000516 0.0000516 0.0000516 0.0000000 0.0000516 0.0004648 0.0004648 0.0007748 0.0008265 0.0008265 0.0005165 0.0002582 0.0004648 0.0006715 0.0002582 0.0003615 0.0003615 0.0005165 0.0004648 0.0003098 0.0003615 0.0003098 0.0009299 0.0007748 0.0006715 0.0008265 0.0005165 0.0004131 0.0005681 0.0010333 0.0009299 0.0009299 0.0010344 0.0008782 0.0007232 0.0006198 0.0010333 0.0006198 0.0005165 0.0007748 0.0007748 0.0006198 0.0008265 0.0010863 0.0010346 0.0007748 0.0005681 0.0009816 0.0010343 0.0004648 0.0007748 0.0006715 0.0007748 0.0007748 0.0011379 0.0011379 0.0012418 0.0017086 0.0016049 0.0017087 0.0346049 0.0352395 0.0338643 0.0305300 
EBOV_H.sap-wt_SLE_14_Makona-Kenema-G4856_1_KR105273        1.9172170 1.9533554 1.9300964 1.9210318 1.9226426 1.3001259 1.3574592 0.0303623 0.0302485 0.0305967 0.0308865 0.0022800 0.0021753 0.0018119 0.0018640 0.0019675 0.0009816 0.0004648 0.0006198 0.0007232 0.0008265 0.0006715 0.0009309 0.0007748 0.0007748 0.0005681 0.0009299 0.0012414 0.0005681 0.0004648 0.0004131 0.0006198 0.0001033 0.0001033 0.0001033 0.0000516 0.0000000 0.0005165 0.0005165 0.0008265 0.0008782 0.0008782 0.0005681 0.0003098 0.0005165 0.0007232 0.0003098 0.0004131 0.0004131 0.0005681 0.0005165 0.0003615 0.0004131 0.0003615 0.0009816 0.0008265 0.0007232 0.0008782 0.0005681 0.0004648 0.0006198 0.0010850 0.0009816 0.0009826 0.0010862 0.0009299 0.0007748 0.0006715 0.0010850 0.0006715 0.0005681 0.0008265 0.0008265 0.0006715 0.0008782 0.0011381 0.0010864 0.0008265 0.0006198 0.0010343 0.0010861 0.0005165 0.0008265 0.0007232 0.0008265 0.0008265 0.0011897 0.0011897 0.0012937 0.0017605 0.0016567 0.0017606 0.0346618 0.0352965 0.0339211 0.0305863 
EBOV_H.sap-wt_SLE_14_Makona-Bonthe-G5723_1_KR105319        1.9170147 1.9531340 1.9298881 1.9193226 1.9209318 1.3003094 1.3578285 0.0301993 0.0300855 0.0304336 0.0307233 0.0021759 0.0020713 0.0017080 0.0017601 0.0018636 0.0008782 0.0003615 0.0005165 0.0006198 0.0007232 0.0005681 0.0008265 0.0006715 0.0006715 0.0004648 0.0008266 0.0011378 0.0004648 0.0003615 0.0003098 0.0009299 0.0004131 0.0005165 0.0005165 0.0004648 0.0005165 0.0000000 0.0001033 0.0004131 0.0004648 0.0004648 0.0001549 0.0002065 0.0004131 0.0006198 0.0002065 0.0003098 0.0003098 0.0004648 0.0004131 0.0002582 0.0003098 0.0002582 0.0008782 0.0007232 0.0006198 0.0007748 0.0004648 0.0003615 0.0005165 0.0009816 0.0008782 0.0008782 0.0009816 0.0008265 0.0006715 0.0005681 0.0009816 0.0005681 0.0004648 0.0007232 0.0007232 0.0005681 0.0007748 0.0010345 0.0009827 0.0007232 0.0005165 0.0009299 0.0009816 0.0004131 0.0007232 0.0006198 0.0007232 0.0007232 0.0010860 0.0010860 0.0011899 0.0016566 0.0015529 0.0016567 0.0344973 0.0351319 0.0336911 0.0304229 
EBOV_H.sap-wt_SLE_14_Makona-J0042_KP759711                 1.9181816 1.9543233 1.9310589 1.9197889 1.9213991 1.3007428 1.3581126 0.0301997 0.0300859 0.0304340 0.0307238 0.0021760 0.0020714 0.0017080 0.0017601 0.0018636 0.0008782 0.0003615 0.0005165 0.0006198 0.0007232 0.0005681 0.0008265 0.0006715 0.0006715 0.0004648 0.0008266 0.0011378 0.0004648 0.0003615 0.0003098 0.0009299 0.0004131 0.0005165 0.0005165 0.0004648 0.0005165 0.0001033 0.0000000 0.0004131 0.0004648 0.0004648 0.0001549 0.0002065 0.0004131 0.0006198 0.0002065 0.0003098 0.0003098 0.0004648 0.0004131 0.0002582 0.0003098 0.0002582 0.0008782 0.0007232 0.0006198 0.0007748 0.0004648 0.0003615 0.0005165 0.0009816 0.0008782 0.0008782 0.0009816 0.0008265 0.0006715 0.0005681 0.0009816 0.0005681 0.0004648 0.0007232 0.0007232 0.0005681 0.0007748 0.0010345 0.0009828 0.0007232 0.0005165 0.0009299 0.0009816 0.0004131 0.0007232 0.0006198 0.0007232 0.0007232 0.0010861 0.0010861 0.0011900 0.0016566 0.0015529 0.0016567 0.0344978 0.0351324 0.0336916 0.0304234 
