100
02A1.GH.97.97GH_AG2.AB052867           0.0000000 0.3592561 0.4438430 0.5185968 0.5790717 0.6097956 0.6359171 0.5518363 0.5335762 0.5539709 0.5355920 0.5104809 0.5118920 0.5910409 0.7788320 0.7902774 0.8843435 0.8348332 0.8218133 0.8508306 0.8154492 0.8064592 0.8731333 0.8901180 0.9549097 0.9137932 0.7835336 0.8445551 0.8417420 0.7979141 0.7899659 0.5553380 0.6124023 0.6005668 0.6462797 0.8243842 0.6570396 0.6635230 0.7499358 0.6231380 0.6454892 0.7599228 0.8117821 0.5390985 0.5373926 0.4734610 0.4526992 0.7501021 0.7691087 0.7931633 0.8189266 0.8198719 0.8664917 0.8071813 0.7623542 0.7891781 0.7363775 0.7751399 0.7795100 0.7849393 0.7713738 0.7146156 0.7686277 0.8528613 0.8032780 0.7798856 0.8256252 0.8111189 0.8189678 0.8047254 0.8018462 0.7803162 0.7488709 0.7498039 0.7338985 0.7992862 1.0407451 0.7989873 0.7510725 0.7850533 0.7946505 0.7161643 0.7093601 0.7100085 0.6789672 0.6227802 0.7594152 0.6184340 0.4917356 0.4119093 0.3872579 0.5365853 0.3377738 0.3400811 0.3615753 0.4313242 1.7705837 1.7682900 1.8753956 2.4111170 
02A.CI.16.DEURF16CI011.MH078538        0.3592561 0.0000000 0.5257506 0.5732816 0.6391988 0.6635934 0.6895759 0.6288166 0.6090448 0.6180415 0.6127072 0.5879121 0.5756173 0.6657376 0.8754574 0.8296182 0.9575047 0.8741413 0.8822470 0.9104611 0.8877687 0.8498909 0.9274145 0.9614120 1.0064062 0.9581830 0.8362344 0.8981847 0.9031519 0.8431578 0.8434331 0.6112874 0.6598676 0.6614825 0.7051710 0.8823230 0.6997367 0.7076660 0.7869161 0.6806161 0.6981159 0.8157450 0.9025432 0.6039457 0.6167964 0.5586312 0.5160618 0.8217001 0.8326956 0.8942002 0.8990521 0.8744323 0.9335009 0.9012628 0.8276824 0.8351989 0.8284219 0.8646145 0.8535089 0.8472617 0.8407094 0.7956346 0.8522123 0.9332258 0.8941732 0.8540495 0.9026491 0.8801775 0.8901239 0.8845043 0.8649762 0.8499948 0.8422300 0.8353239 0.8179893 0.8937825 1.1097301 0.8949605 0.8170842 0.8687400 0.8839262 0.7951989 0.7658438 0.7985171 0.7538523 0.7118487 0.8391680 0.6899264 0.5699789 0.4762531 0.4493350 0.6015757 0.4058872 0.4076362 0.4311036 0.4841344 1.8588605 1.9107083 1.9091656 2.5283488 
AGU.CM.06.770_8.MH705142               0.4438430 0.5257506 0.0000000 0.5259654 0.5790083 0.6066234 0.6170626 0.5980350 0.5778407 0.5913900 0.5800985 0.5380253 0.5255443 0.6256952 0.8397976 0.8292389 0.8846374 0.8583776 0.8572745 0.8510597 0.8495338 0.8047269 0.8695524 0.8920965 0.9914895 0.9434132 0.7855524 0.8504812 0.8749094 0.8073148 0.8118716 0.5942834 0.6191786 0.6314099 0.6816355 0.8234579 0.6702535 0.6704513 0.7580625 0.6572925 0.6588893 0.7965727 0.8636514 0.5647472 0.5615555 0.5219718 0.4832965 0.8034636 0.8084439 0.8721060 0.8710065 0.8553850 0.8989694 0.8379126 0.7932882 0.8373916 0.7789694 0.8136935 0.8275925 0.8110156 0.7963235 0.7498436 0.8142282 0.8727709 0.8298423 0.7898868 0.8443380 0.8279405 0.8429057 0.8268841 0.8411793 0.8036623 0.7735918 0.7803727 0.7614099 0.8463353 1.0629842 0.8565022 0.7919409 0.8440761 0.8203726 0.7535442 0.7472521 0.7568766 0.7061245 0.6635247 0.8060629 0.6456812 0.5583395 0.5088352 0.4834512 0.6499930 0.4572285 0.4748764 0.4948987 0.5615945 1.9600227 1.9342738 2.0022638 2.5965117 
G.NG.92.92NG083_JV10832.U88826         0.5185968 0.5732816 0.5259654 0.0000000 0.3404170 0.3931293 0.4061543 0.6750536 0.6634759 0.6618147 0.6578168 0.6232648 0.6344672 0.7012808 0.9098500 0.9363601 1.0025752 0.9667651 0.9404612 0.9653021 0.9255264 0.9289165 0.9966074 1.0159871 1.0732583 1.0529608 0.9038933 0.9540711 0.9670122 0.9207461 0.9236469 0.6500536 0.7208708 0.7158318 0.7483134 0.9209463 0.7612707 0.7499803 0.8494766 0.7398037 0.7484139 0.8633149 0.9409416 0.6565738 0.6531969 0.5995633 0.5587880 0.8411294 0.8609901 0.9113595 0.9150256 0.8944615 0.9320953 0.8868653 0.8559178 0.8929679 0.8163048 0.8592895 0.8778458 0.8780472 0.8504678 0.7944672 0.8834670 0.9490225 0.9123262 0.8574944 0.9137684 0.9054752 0.8989044 0.8823134 0.8750387 0.8678758 0.8453161 0.8394794 0.8183216 0.8954695 1.1518401 0.8995176 0.8639812 0.9082222 0.8631626 0.7826384 0.8114820 0.8274250 0.7778323 0.7487388 0.8872810 0.7346477 0.6469357 0.5805314 0.5597213 0.7146809 0.5361662 0.5529736 0.5732051 0.6404622 2.0190947 2.0428055 2.0453395 2.7273845 
G.NG.09.09NG010261.KX389626            0.5790717 0.6391988 0.5790083 0.3404170 0.0000000 0.4398136 0.4551049 0.7256538 0.6993408 0.7043155 0.6949706 0.6781103 0.6908083 0.7369875 0.9693839 0.9628215 1.0401176 0.9962940 0.9720394 1.0021682 0.9652509 0.9679629 1.0056277 1.0500123 1.1068615 1.0641488 0.9571546 1.0246325 1.0091786 0.9391633 0.9512521 0.7141457 0.7763880 0.7737142 0.8042873 0.9679226 0.8063810 0.8045124 0.8741670 0.8002433 0.8047721 0.9225177 0.9825990 0.7144737 0.6958253 0.6456623 0.6089856 0.9118886 0.9299770 0.9746466 0.9849591 0.9584428 1.0082900 0.9581923 0.9083686 0.9546548 0.9008949 0.9273474 0.9379947 0.9305694 0.9174152 0.8556174 0.9496363 1.0107457 0.9717563 0.9037427 0.9771862 0.9623982 0.9516942 0.9381528 0.9361177 0.9106293 0.8988311 0.9115610 0.8898081 0.9400302 1.2290408 0.9662542 0.9026650 0.9657474 0.9161384 0.8647700 0.8613616 0.8767980 0.8180731 0.8092967 0.9207686 0.7933097 0.6950021 0.6378554 0.6154482 0.7816418 0.5942954 0.5993862 0.6283724 0.6907004 2.0999399 2.0909347 2.0964420 2.6529909 
01F2G.CM.02.LT31.JN864056              0.6097956 0.6635934 0.6066234 0.3931293 0.4398136 0.0000000 0.4074250 0.7701827 0.7619254 0.7506288 0.7478713 0.7227037 0.7111872 0.7901950 1.0333042 1.0011020 1.1017366 1.0413697 1.0099162 1.0648202 1.0192815 1.0101492 1.0870351 1.1149189 1.1651574 1.1043794 0.9919397 1.0507804 1.0309717 0.9826214 0.9923582 0.7373507 0.8147117 0.8303649 0.8696125 1.0146621 0.8493723 0.8606547 0.9351105 0.8566748 0.8507156 0.9641026 1.0606056 0.7287403 0.7370320 0.6835259 0.6442303 0.9485996 0.9632384 0.9936906 1.0061348 0.9741384 1.0359592 0.9821799 0.9388767 0.9905392 0.9180604 0.9434289 0.9599814 0.9536939 0.9435585 0.8962342 0.9550794 1.0341755 0.9959128 0.9358339 0.9829869 0.9901105 0.9897197 0.9612206 0.9749633 0.9646097 0.9104443 0.9415138 0.9261873 1.0007687 1.2365132 1.0070396 0.9541930 1.0129729 0.9904065 0.9059129 0.8977850 0.8925739 0.8450646 0.8274103 0.9429750 0.8266690 0.7506437 0.6627357 0.6396403 0.8282259 0.6347021 0.6251611 0.6543766 0.7299670 2.1527280 2.1480613 2.1607887 2.8672825 
BCG.ES.15.100_119.KY496623             0.6359171 0.6895759 0.6170626 0.4061543 0.4551049 0.4074250 0.0000000 0.7560346 0.7607221 0.7446530 0.7748485 0.7246575 0.7228471 0.8019675 1.0311212 1.0022430 1.1392872 1.0479704 1.0295377 1.0803564 1.0339400 1.0210709 1.0720754 1.0866697 1.1374680 1.1187556 0.9957945 1.0558198 1.0798829 1.0135979 0.9945377 0.7501650 0.8326518 0.8246512 0.8775943 1.0237932 0.8598911 0.8759514 0.9514110 0.8631933 0.8475574 0.9627049 1.0444265 0.7466936 0.7656807 0.7117513 0.6568950 0.9858662 0.9963040 1.0440295 1.0602068 1.0335438 1.0879536 1.0558202 0.9999115 1.0153579 0.9684109 1.0003514 1.0153751 1.0027363 0.9909960 0.9346547 1.0085541 1.0855086 1.0473994 1.0059086 1.0680489 1.0514438 1.0362664 1.0315841 1.0039020 1.0078542 0.9696617 0.9675488 0.9472606 1.0168030 1.2479635 1.0316352 1.0071182 1.0374609 0.9725618 0.9441455 0.9287274 0.9198979 0.8804646 0.8659606 0.9888112 0.8475054 0.7756571 0.6810667 0.6495710 0.8352517 0.6364896 0.6282927 0.6660943 0.7282942 2.1480402 2.1633079 2.1416266 2.8098533 
A1.KE.06.06KECst_028.FJ623479          0.5518363 0.6288166 0.5980350 0.6750536 0.7256538 0.7701827 0.7560346 0.0000000 0.3370342 0.4174777 0.4276357 0.3828360 0.4005615 0.5114230 0.7456643 0.7443198 0.8120243 0.7511030 0.7573254 0.7996237 0.7596809 0.7261690 0.7998005 0.8220657 0.8935634 0.8483371 0.7151565 0.7785719 0.7760669 0.7270290 0.7173942 0.4624598 0.5574472 0.5475860 0.6025705 0.7691872 0.5935116 0.5907250 0.6785713 0.5747120 0.5843135 0.7184897 0.7887849 0.4833183 0.4968170 0.4657011 0.5098847 0.8322254 0.8325131 0.8840064 0.9057752 0.8938454 0.9149836 0.8863608 0.8162974 0.8724584 0.8155272 0.8489855 0.8727105 0.8451233 0.8402871 0.7928312 0.8591463 0.9313004 0.8800731 0.8478827 0.9173827 0.8785240 0.8864774 0.9080739 0.8771260 0.8525334 0.8505775 0.8340965 0.8246098 0.8815119 1.1244176 0.8956670 0.8501742 0.9080407 0.8701297 0.8035571 0.7780690 0.8122050 0.7396848 0.7074817 0.8408100 0.6881412 0.6686103 0.6275658 0.5884564 0.7434520 0.5682546 0.5700440 0.5970444 0.6476151 2.0744268 2.0894614 2.1211503 2.7223428 
A1.KE.06.06KECst_013.FJ623485          0.5335762 0.6090448 0.5778407 0.6634759 0.6993408 0.7619254 0.7607221 0.3370342 0.0000000 0.4203724 0.4200849 0.3769590 0.3944456 0.5053933 0.7242465 0.7064125 0.7696854 0.7369897 0.7466535 0.7663091 0.7537559 0.7090447 0.7625048 0.8161790 0.8653294 0.8362033 0.6830668 0.7651165 0.7711910 0.7131012 0.6886525 0.4633579 0.5516721 0.5327208 0.5859235 0.7710973 0.5884126 0.5875614 0.6701001 0.5730920 0.5727128 0.7196792 0.7895737 0.4763018 0.4792869 0.4370643 0.4842281 0.8218591 0.8187270 0.8641816 0.8955262 0.8729264 0.9047193 0.8408537 0.8209118 0.8399220 0.8122118 0.8153872 0.8441608 0.8319782 0.8093323 0.7711924 0.8346489 0.9284812 0.8723006 0.8469376 0.8904884 0.8743454 0.8771001 0.8303320 0.8819492 0.8539065 0.8340674 0.8088788 0.7941241 0.8873419 1.1309186 0.8567929 0.8004273 0.8606408 0.8419269 0.7860393 0.7727158 0.7754709 0.7303943 0.7346722 0.8516539 0.6754243 0.6685400 0.6051918 0.5742333 0.7256606 0.5484964 0.5571158 0.5909787 0.6491230 1.9941419 2.0190710 2.0226986 2.6280124 
35_AD.AF.06.007H.GQ477450              0.5539709 0.6180415 0.5913900 0.6618147 0.7043155 0.7506288 0.7446530 0.4174777 0.4203724 0.0000000 0.4237164 0.3927591 0.4198285 0.5173141 0.7320995 0.7275061 0.8103517 0.7601151 0.7715817 0.7845929 0.7710498 0.7329442 0.7750953 0.8204718 0.8877607 0.8448086 0.6945420 0.7714693 0.7751559 0.7293329 0.7309194 0.4677408 0.5502051 0.5378063 0.6124499 0.7703808 0.5813450 0.6088602 0.6791442 0.5761887 0.6050484 0.7060576 0.7658479 0.4845112 0.4844228 0.4559439 0.5160195 0.8209054 0.8324338 0.8820233 0.8960762 0.8783906 0.9253730 0.8737916 0.8385406 0.8542886 0.8272861 0.8346057 0.8531412 0.8506328 0.8318969 0.7727344 0.8541098 0.9076572 0.8832625 0.8659939 0.9060744 0.8748839 0.8659592 0.8664316 0.8833697 0.8393542 0.8329582 0.8213546 0.8040794 0.8775460 1.1423308 0.8721319 0.8262745 0.8973872 0.8376368 0.8038011 0.7897022 0.7932061 0.7414836 0.7170773 0.8444582 0.6766949 0.6728340 0.6072266 0.5795582 0.7514912 0.5580675 0.5697334 0.5762186 0.6571730 2.0700892 2.0918133 2.0746358 2.7078337 
A1.CY.07.CY208.JF683760                0.5355920 0.6127072 0.5800985 0.6578168 0.6949706 0.7478713 0.7748485 0.4276357 0.4200849 0.4237164 0.0000000 0.2466966 0.4123260 0.4978547 0.7304201 0.7332894 0.7927495 0.7438667 0.7378922 0.7672713 0.7499402 0.7059040 0.7727815 0.8043290 0.8866340 0.8378352 0.6940013 0.7590825 0.7707740 0.7129235 0.6920135 0.4545131 0.5648504 0.5495580 0.6120967 0.7707550 0.5920765 0.5885436 0.6812107 0.5670918 0.5973881 0.7120289 0.8101600 0.4870235 0.5018707 0.4468253 0.5075492 0.8283899 0.8478445 0.9033522 0.9203256 0.9152758 0.9770388 0.8957360 0.8374718 0.8745655 0.8290564 0.8381566 0.8725282 0.8527391 0.8466462 0.8053475 0.8662106 0.9278240 0.8902667 0.8612835 0.8991672 0.8700938 0.8801669 0.8825146 0.8736800 0.8615975 0.8447823 0.8526987 0.8498211 0.9054311 1.1228203 0.8857662 0.8575873 0.9008534 0.8913783 0.8175421 0.7991665 0.8068294 0.7462009 0.7197248 0.8502147 0.7071755 0.6714675 0.6195522 0.5840803 0.7355268 0.5663179 0.5698327 0.6001990 0.6804265 1.9936933 2.0658638 2.0431497 2.6886170 
A1.CY.05.CY051.FJ388903                0.5104809 0.5879121 0.5380253 0.6232648 0.6781103 0.7227037 0.7246575 0.3828360 0.3769590 0.3927591 0.2466966 0.0000000 0.3733398 0.4566517 0.6941373 0.6985833 0.7554038 0.6999531 0.7082847 0.7430669 0.7146689 0.6816793 0.7492915 0.7699018 0.8604440 0.7935634 0.6642713 0.7290335 0.7378094 0.6789427 0.6666016 0.4268947 0.5212989 0.5090641 0.5581435 0.7340691 0.5577882 0.5577929 0.6326537 0.5358855 0.5525320 0.6602899 0.7477632 0.4494592 0.4515203 0.4115612 0.4702662 0.7790303 0.7838562 0.8507925 0.8624590 0.8435224 0.9014166 0.8274563 0.7935507 0.8261219 0.7840013 0.7885356 0.8215870 0.7992630 0.7909774 0.7451529 0.7964242 0.8961326 0.8274913 0.7982905 0.8597599 0.8313940 0.8388669 0.8246577 0.8374719 0.8082879 0.8061068 0.7812230 0.7797325 0.8336708 1.0837623 0.8368680 0.8200090 0.8751642 0.8199409 0.7592431 0.7413001 0.7475398 0.7120461 0.6652337 0.8002834 0.6565324 0.6251915 0.5816966 0.5438732 0.7234788 0.5262917 0.5385017 0.5650283 0.6417800 1.9759712 1.9567458 1.9966043 2.6282538 
A1.UG.11.DEMA110UG001.KF859745         0.5118920 0.5756173 0.5255443 0.6344672 0.6908083 0.7111872 0.7228471 0.4005615 0.3944456 0.4198285 0.4123260 0.3733398 0.0000000 0.4733737 0.7045358 0.6786351 0.7590962 0.7069147 0.7056780 0.7439725 0.7008471 0.6600805 0.7376607 0.7678038 0.8534624 0.7810442 0.6531541 0.7359554 0.7236077 0.6930368 0.6790586 0.4396982 0.5305178 0.5234414 0.5751603 0.7356466 0.5563949 0.5620623 0.6490122 0.5417846 0.5609071 0.6800517 0.7393044 0.4500788 0.4714726 0.4066410 0.4756056 0.7805976 0.7753219 0.8473005 0.8428707 0.8556665 0.8767335 0.8423015 0.7791060 0.8302282 0.7702747 0.7872942 0.8165074 0.8026659 0.7989793 0.7226121 0.8088118 0.8736794 0.8419249 0.7978325 0.8475945 0.8248502 0.8316662 0.8169692 0.8256664 0.7994163 0.7908319 0.7839566 0.7743212 0.8654980 1.1009635 0.8375469 0.7897969 0.8413359 0.8159635 0.7616941 0.7485564 0.7630125 0.7038692 0.6743703 0.7991972 0.6340046 0.6223148 0.5768025 0.5541938 0.7123126 0.5256781 0.5399481 0.5640555 0.6289124 1.9685264 1.9782787 2.0045818 2.6507725 
A1C.UG.99.99UGF25926.AF484491          0.5910409 0.6657376 0.6256952 0.7012808 0.7369875 0.7901950 0.8019675 0.5114230 0.5053933 0.5173141 0.4978547 0.4566517 0.4733737 0.0000000 0.6268607 0.6055163 0.6958548 0.6345705 0.6277864 0.6577983 0.6357835 0.6156882 0.6573088 0.7217677 0.7666729 0.7337546 0.5925166 0.6470761 0.6615448 0.6024847 0.6204488 0.4973772 0.6085293 0.6042928 0.6512000 0.8235599 0.6428581 0.6453226 0.7156393 0.6213953 0.6507898 0.7573578 0.8436846 0.5365459 0.5457429 0.4977678 0.5347185 0.8753759 0.8801950 0.9616209 0.9508615 0.9438955 0.9816966 0.9282635 0.8525994 0.8964948 0.8555198 0.8843159 0.9252844 0.9002946 0.8931338 0.8421422 0.8907994 0.9636803 0.9269382 0.8799497 0.9522408 0.9429627 0.9373368 0.9170400 0.9050742 0.8931033 0.8697368 0.8719652 0.8421092 0.9390775 1.1892095 0.9277809 0.8772040 0.9417890 0.9084124 0.8410702 0.8229302 0.8415121 0.7966115 0.7482372 0.8827742 0.7116157 0.7116043 0.6575918 0.6225006 0.7793249 0.6107708 0.6003990 0.6378073 0.7053469 2.0361210 2.0755952 2.0763989 2.7426369 
A1C.IN.15.SC017.KY713232               0.7788320 0.8754574 0.8397976 0.9098500 0.9693839 1.0333042 1.0311212 0.7456643 0.7242465 0.7320995 0.7304201 0.6941373 0.7045358 0.6268607 0.0000000 0.6079767 0.6935449 0.6389181 0.6482390 0.6741542 0.6593089 0.6171967 0.6672848 0.7138382 0.8009581 0.7528868 0.6013244 0.6562987 0.6545237 0.6090529 0.6141708 0.7239732 0.8074287 0.8223927 0.8708651 1.0297085 0.8585832 0.8665416 0.9400029 0.8468498 0.8651914 0.9654442 1.0464172 0.7663565 0.7673148 0.7158726 0.7628947 1.1059844 1.1112856 1.1679926 1.1891359 1.1385006 1.1946614 1.1373117 1.1042018 1.1222913 1.0574865 1.1090049 1.1369430 1.1381628 1.0899473 1.0474281 1.1225452 1.1919518 1.1720578 1.1155654 1.1600954 1.1365475 1.1540962 1.1380856 1.1290568 1.1574116 1.0805469 1.1063512 1.0738243 1.1661216 1.3879158 1.1167460 1.1082455 1.1593631 1.1467087 1.0568674 1.0285985 1.0437380 1.0178932 0.9831124 1.1303733 0.9489207 0.9019514 0.8646190 0.8484513 1.0021986 0.8327765 0.8324205 0.8486559 0.9137040 2.2237019 2.2424615 2.2359234 2.9600774 
C.IL.99.99ET14.AY255825                0.7902774 0.8296182 0.8292389 0.9363601 0.9628215 1.0011020 1.0022430 0.7443198 0.7064125 0.7275061 0.7332894 0.6985833 0.6786351 0.6055163 0.6079767 0.0000000 0.4176575 0.4054882 0.4180270 0.4364300 0.4224937 0.3821363 0.4322545 0.5126968 0.5553590 0.5017132 0.3807623 0.4279563 0.4307184 0.3826131 0.3863983 0.7266845 0.8236882 0.8282725 0.8703095 1.0236631 0.8564364 0.8584523 0.9519772 0.8401591 0.8583683 0.9841006 1.0762372 0.7722391 0.7778888 0.7072652 0.7496443 1.0955701 1.1332849 1.1442646 1.1730706 1.1582210 1.1933865 1.1272470 1.0952466 1.1409688 1.0748310 1.1046797 1.1364062 1.1097620 1.0952200 1.0349651 1.1262032 1.1774065 1.1209639 1.1000858 1.1864755 1.1592797 1.1465404 1.0965811 1.1671837 1.1464816 1.0818162 1.1083839 1.0863759 1.1981918 1.4038135 1.1605350 1.0957212 1.1327004 1.1058574 1.0832988 1.0466570 1.0590770 0.9909607 0.9791858 1.1051248 0.9778861 0.8749175 0.8811632 0.8259074 0.9628727 0.8077842 0.8294184 0.8397512 0.9007551 2.2042102 2.1847074 2.3087166 2.8645438 
C.SE.09.035ZA.MF373148                 0.8843435 0.9575047 0.8846374 1.0025752 1.0401176 1.1017366 1.1392872 0.8120243 0.7696854 0.8103517 0.7927495 0.7554038 0.7590962 0.6958548 0.6935449 0.4176575 0.0000000 0.4810458 0.4780368 0.5015728 0.4875204 0.4525637 0.5049609 0.5678198 0.6193153 0.5844969 0.4455872 0.4965532 0.4950744 0.4455572 0.4677218 0.7961424 0.8970420 0.9073124 0.9382032 1.0690927 0.9269088 0.9437348 1.0257149 0.9056291 0.9225087 1.0471107 1.1385409 0.8351514 0.8523508 0.7704704 0.8470632 1.1909080 1.1993546 1.2492705 1.2017781 1.2651468 1.2636289 1.2219901 1.1609509 1.2252886 1.1799464 1.2005735 1.2161173 1.2016013 1.1628860 1.1121973 1.1992578 1.3126144 1.2094930 1.1862863 1.2433503 1.2200651 1.2454382 1.1743906 1.2337946 1.2288528 1.1545630 1.1876230 1.1511303 1.2384257 1.5004840 1.2286900 1.1600827 1.2416194 1.1960644 1.1595997 1.1292545 1.1590439 1.0954274 1.0723433 1.2030000 1.0231385 0.9721051 0.9390919 0.9153221 1.0649288 0.8807382 0.9031776 0.9215441 0.9867742 2.3393600 2.3504803 2.3631386 3.0636447 
C.ZA.04.04ZASK135B1.DQ011166           0.8348332 0.8741413 0.8583776 0.9667651 0.9962940 1.0413697 1.0479704 0.7511030 0.7369897 0.7601151 0.7438667 0.6999531 0.7069147 0.6345705 0.6389181 0.4054882 0.4810458 0.0000000 0.3375713 0.3464262 0.3622970 0.3376209 0.3978861 0.4741339 0.5149208 0.4721670 0.3387686 0.4197886 0.4286009 0.3849017 0.3960989 0.7132321 0.8404013 0.8670740 0.8904047 1.0560569 0.8683134 0.8902260 0.9573452 0.8778079 0.8623030 1.0160909 1.0692196 0.7741834 0.7788010 0.7293955 0.7830227 1.0983219 1.1360137 1.1699518 1.1766258 1.1536522 1.2031839 1.1496003 1.1116780 1.1608652 1.1157453 1.0919844 1.1527303 1.1317514 1.0921371 1.0597037 1.1199319 1.2454450 1.1445975 1.1070830 1.2066225 1.1578067 1.1717135 1.1454197 1.1708463 1.1438710 1.0742159 1.1078897 1.0870887 1.1939825 1.4339611 1.1706398 1.1063797 1.1858694 1.1206287 1.0540007 1.0924201 1.0583696 1.0479528 0.9898366 1.1413038 0.9820486 0.9289462 0.8898683 0.8878132 1.0269598 0.8544392 0.8532348 0.8864786 0.9451755 2.2853725 2.2578692 2.2820910 2.9774547 
C.ZA.03.03ZAPS130MB1.DQ275658          0.8218133 0.8822470 0.8572745 0.9404612 0.9720394 1.0099162 1.0295377 0.7573254 0.7466535 0.7715817 0.7378922 0.7082847 0.7056780 0.6277864 0.6482390 0.4180270 0.4780368 0.3375713 0.0000000 0.2922863 0.3732490 0.3334798 0.4030262 0.4560205 0.5188908 0.4762220 0.3401690 0.4335650 0.4345067 0.3815015 0.3873661 0.7362826 0.8464701 0.8395807 0.8862875 1.0329498 0.8784143 0.8748768 0.9634779 0.8364018 0.8571484 0.9883709 1.0548638 0.7902441 0.7857252 0.7171570 0.7557328 1.0828542 1.1098665 1.1514174 1.1604775 1.1342777 1.1734218 1.1314563 1.0765099 1.1256170 1.0734153 1.0946388 1.1301673 1.0906279 1.0883058 1.0324518 1.1134286 1.2012489 1.1454485 1.1060228 1.1904050 1.1934494 1.1801235 1.1340078 1.1662382 1.1358541 1.0580872 1.0860878 1.0700180 1.1567314 1.4185423 1.1528674 1.0990078 1.1853777 1.1356718 1.0642628 1.0507323 1.0770789 1.0165800 0.9751391 1.1618290 0.9611584 0.9079659 0.8819706 0.8633895 1.0012346 0.8369046 0.8660834 0.8646234 0.9242640 2.2740149 2.2877311 2.3587049 2.9797982 
C.ZA.97.97ZA012.AF286227               0.8508306 0.9104611 0.8510597 0.9653021 1.0021682 1.0648202 1.0803564 0.7996237 0.7663091 0.7845929 0.7672713 0.7430669 0.7439725 0.6577983 0.6741542 0.4364300 0.5015728 0.3464262 0.2922863 0.0000000 0.3938172 0.3643343 0.4217137 0.4893859 0.5427912 0.5083522 0.3581078 0.4453983 0.4573952 0.4077706 0.4168763 0.7646983 0.8723268 0.8779343 0.9270649 1.0503365 0.9094111 0.9129854 0.9921106 0.8767646 0.9164436 1.0164302 1.0901500 0.8081598 0.8074000 0.7591657 0.8031693 1.1357375 1.1347507 1.2130128 1.2092944 1.1958797 1.2266498 1.1799478 1.1117029 1.1923286 1.1074004 1.1319124 1.1790694 1.1582602 1.1442162 1.0862901 1.1608608 1.2339801 1.2015197 1.1383842 1.2096092 1.2047795 1.1920015 1.1672788 1.1850283 1.1859209 1.1065349 1.1417692 1.0999377 1.2112115 1.4349829 1.2130873 1.1396196 1.2144904 1.1878633 1.0987770 1.0953099 1.1027473 1.0389830 1.0236101 1.1576478 1.0018433 0.9381315 0.9157045 0.9175192 1.0441645 0.8727211 0.8905103 0.9219806 0.9692950 2.2127754 2.2442008 2.2711108 2.9970632 
C.BW.98.98BWMC14A3.AF443078            0.8154492 0.8877687 0.8495338 0.9255264 0.9652509 1.0192815 1.0339400 0.7596809 0.7537559 0.7710498 0.7499402 0.7146689 0.7008471 0.6357835 0.6593089 0.4224937 0.4875204 0.3622970 0.3732490 0.3938172 0.0000000 0.3437942 0.4002933 0.4681599 0.5193818 0.4727336 0.3462744 0.4357488 0.4270827 0.3775315 0.3970525 0.7356383 0.8540955 0.8538782 0.8881554 1.0313450 0.8715667 0.8845300 0.9718501 0.8612948 0.8811498 0.9892857 1.0793006 0.8014373 0.7876487 0.7437198 0.7818198 1.1282864 1.1284172 1.1738834 1.1593925 1.1562011 1.2367544 1.1599867 1.1005536 1.1693654 1.1049466 1.0973190 1.1622628 1.1592087 1.1078371 1.0776169 1.1285278 1.1912358 1.1681784 1.1026242 1.1994754 1.1868476 1.2115541 1.1361916 1.1870708 1.1741712 1.1124332 1.1118562 1.1063585 1.1812172 1.4583008 1.1927639 1.1061275 1.1899644 1.1440215 1.0868874 1.0780301 1.0663446 1.0468590 0.9908569 1.1428328 0.9928246 0.9363953 0.8981996 0.8677656 1.0317440 0.8330065 0.8504027 0.8767314 0.9478948 2.2511349 2.3023136 2.3682905 2.9593220 
C.ZA.99.99ZALT4.EU293444               0.8064592 0.8498909 0.8047269 0.9289165 0.9679629 1.0101492 1.0210709 0.7261690 0.7090447 0.7329442 0.7059040 0.6816793 0.6600805 0.6156882 0.6171967 0.3821363 0.4525637 0.3376209 0.3334798 0.3643343 0.3437942 0.0000000 0.3098461 0.4330696 0.4892081 0.4545989 0.3047679 0.3994260 0.3990864 0.3548832 0.3661932 0.7209794 0.8046724 0.8238417 0.8565170 0.9999920 0.8259078 0.8534508 0.9380969 0.8226533 0.8417196 0.9709527 1.0405403 0.7479226 0.7559054 0.6966019 0.7533266 1.0852404 1.0881278 1.1550294 1.1445828 1.1238784 1.2079851 1.1140108 1.0700863 1.1299429 1.0699197 1.0924497 1.1186681 1.0986037 1.0763036 1.0336011 1.0945562 1.2123964 1.1366272 1.1030196 1.1799781 1.1835451 1.1825799 1.1239119 1.1393230 1.1338521 1.0700890 1.0835366 1.0841706 1.1626716 1.4077634 1.1602447 1.0828033 1.1674059 1.1275985 1.0450396 1.0544163 1.0566415 1.0139245 0.9544663 1.1060155 0.9437043 0.8735965 0.8776065 0.8470693 0.9906755 0.8168509 0.8342309 0.8489921 0.9092978 2.3156149 2.3260650 2.3061783 2.9470642 
C.ZA.02.02ZAPS015MB1.DQ369995          0.8731333 0.9274145 0.8695524 0.9966074 1.0056277 1.0870351 1.0720754 0.7998005 0.7625048 0.7750953 0.7727815 0.7492915 0.7376607 0.6573088 0.6672848 0.4322545 0.5049609 0.3978861 0.4030262 0.4217137 0.4002933 0.3098461 0.0000000 0.4864218 0.5403405 0.5067815 0.3643665 0.4555382 0.4678544 0.4153354 0.4032882 0.7596322 0.8740598 0.8756077 0.9049726 1.0591439 0.9119664 0.9036101 0.9852175 0.8849575 0.8994483 1.0351733 1.0989695 0.8000646 0.8257649 0.7617651 0.8127609 1.1011078 1.1461663 1.1781267 1.1676386 1.1952890 1.2515099 1.1721692 1.1009302 1.1525385 1.1219249 1.1220093 1.1752061 1.1624545 1.1440430 1.0903739 1.1556502 1.2340370 1.1789285 1.1257473 1.2091893 1.1931452 1.1885128 1.1558349 1.1721891 1.1708391 1.1018744 1.1287522 1.1109868 1.2068617 1.4316259 1.2151428 1.1495302 1.2120778 1.1635094 1.1160280 1.0802361 1.0985462 1.0270656 1.0111873 1.1617087 1.0344489 0.9709635 0.9217632 0.8862480 1.0477820 0.8879278 0.9034668 0.9140832 1.0057268 2.2948565 2.3325156 2.3745118 3.0181080 
C.GB.14.13659_1_48.3.MF109437          0.8901180 0.9614120 0.8920965 1.0159871 1.0500123 1.1149189 1.0866697 0.8220657 0.8161790 0.8204718 0.8043290 0.7699018 0.7678038 0.7217677 0.7138382 0.5126968 0.5678198 0.4741339 0.4560205 0.4893859 0.4681599 0.4330696 0.4864218 0.0000000 0.5571651 0.5104200 0.4221898 0.5038763 0.5211807 0.4550403 0.4802798 0.8023515 0.9215713 0.9286846 0.9574179 1.1409881 0.9516161 0.9674906 1.0470981 0.9299128 0.9649120 1.0741958 1.1526366 0.8554048 0.8474275 0.8111301 0.8434188 1.1694751 1.1870413 1.2189772 1.2424163 1.2188615 1.3142870 1.1936769 1.1681262 1.2265089 1.1629545 1.1720674 1.2008093 1.1959155 1.1695670 1.1261877 1.1942669 1.3048746 1.2531065 1.1689247 1.2401536 1.2350519 1.2377877 1.1965100 1.2475193 1.1944307 1.1706186 1.1774903 1.1766358 1.2451855 1.4695307 1.2300737 1.1671588 1.2378597 1.1849889 1.1004454 1.1179937 1.1385617 1.0740807 1.0639044 1.2124762 1.0716259 0.9928799 0.9651823 0.9354221 1.0949192 0.8947582 0.9225421 0.9547612 1.0226558 2.3543380 2.3499652 2.4165389 3.1014774 
BC.CN.07.07CNYN340.KF835526            0.9549097 1.0064062 0.9914895 1.0732583 1.1068615 1.1651574 1.1374680 0.8935634 0.8653294 0.8877607 0.8866340 0.8604440 0.8534624 0.7666729 0.8009581 0.5553590 0.6193153 0.5149208 0.5188908 0.5427912 0.5193818 0.4892081 0.5403405 0.5571651 0.0000000 0.4110744 0.4834877 0.5718600 0.5780133 0.5216636 0.5244153 0.8933436 0.9892923 0.9999757 1.0500932 1.2085385 1.0152532 1.0472384 1.1159507 1.0001944 1.0251699 1.1304534 1.1774246 0.9125010 0.9285945 0.8943537 0.9162699 1.2634136 1.2729503 1.2941350 1.3102088 1.3507990 1.3472750 1.2989758 1.2455266 1.3209495 1.2165348 1.2678961 1.2650618 1.2561566 1.2444553 1.2191881 1.2441436 1.3485414 1.2551745 1.2573009 1.3096282 1.2786227 1.3072104 1.3078323 1.2853870 1.2530397 1.2335435 1.2612828 1.2511718 1.3465425 1.5376783 1.3155483 1.2447249 1.3056451 1.2558039 1.2064890 1.1836311 1.2212638 1.1588803 1.1511778 1.2769185 1.1235172 1.0451995 1.0295194 0.9900186 1.1206833 0.9532969 0.9851972 1.0046426 1.0492197 2.3914069 2.4031187 2.5137922 3.0975427 
85_BC.CN.14.14CN_SCYB4.KU992932        0.9137932 0.9581830 0.9434132 1.0529608 1.0641488 1.1043794 1.1187556 0.8483371 0.8362033 0.8448086 0.8378352 0.7935634 0.7810442 0.7337546 0.7528868 0.5017132 0.5844969 0.4721670 0.4762220 0.5083522 0.4727336 0.4545989 0.5067815 0.5104200 0.4110744 0.0000000 0.4372179 0.5349189 0.5385303 0.4750995 0.4796635 0.8214671 0.9447747 0.9546320 0.9954555 1.1558538 0.9686572 0.9823950 1.0931378 0.9760209 0.9953527 1.0876619 1.1397770 0.8872397 0.8599733 0.8340499 0.8707063 1.1811669 1.1852813 1.2139242 1.2708317 1.2359909 1.2925869 1.2042717 1.1803360 1.2342367 1.1721781 1.1871928 1.2039055 1.1991539 1.2037770 1.1480379 1.1950484 1.2991437 1.2335811 1.1929661 1.2499539 1.2528750 1.2704254 1.1836065 1.2509713 1.2105094 1.1630217 1.1795561 1.1493641 1.2851035 1.5344226 1.2450828 1.1585273 1.2761074 1.1889429 1.1397614 1.1201616 1.1495310 1.1131780 1.0896245 1.2087246 1.0770139 1.0087373 0.9861969 0.9654914 1.1093336 0.9202733 0.9271271 0.9601039 1.0273681 2.4227978 2.3590924 2.4133500 3.1091900 
C.BW.00.00BW076820.AF443089            0.7835336 0.8362344 0.7855524 0.9038933 0.9571546 0.9919397 0.9957945 0.7151565 0.6830668 0.6945420 0.6940013 0.6642713 0.6531541 0.5925166 0.6013244 0.3807623 0.4455872 0.3387686 0.3401690 0.3581078 0.3462744 0.3047679 0.3643665 0.4221898 0.4834877 0.4372179 0.0000000 0.3857210 0.3903688 0.3393107 0.3374382 0.6762395 0.7989646 0.8107767 0.8564509 0.9930092 0.8230570 0.8360759 0.9212950 0.8247048 0.8471141 0.9499320 1.0132615 0.7429070 0.7243159 0.6949271 0.7259856 1.0737122 1.0615348 1.1129695 1.1429480 1.1086206 1.1367080 1.1161585 1.0478845 1.1145837 1.0602282 1.0732598 1.0841613 1.0709579 1.0683763 1.0211722 1.0766332 1.1678914 1.1100279 1.0770479 1.1531933 1.1252408 1.1196883 1.0819614 1.1092610 1.1243594 1.0414405 1.0687714 1.0512714 1.1368389 1.3715435 1.1325262 1.0568826 1.1182814 1.0705863 1.0302131 1.0027025 1.0340934 0.9900576 0.9415922 1.0765010 0.9175667 0.8796748 0.8373725 0.8255769 0.9883371 0.8102446 0.8113890 0.8264651 0.8973005 2.2069667 2.2029344 2.2646746 2.8513288 
C.ZA.04.04ZASK170B1.DQ093595           0.8445551 0.8981847 0.8504812 0.9540711 1.0246325 1.0507804 1.0558198 0.7785719 0.7651165 0.7714693 0.7590825 0.7290335 0.7359554 0.6470761 0.6562987 0.4279563 0.4965532 0.4197886 0.4335650 0.4453983 0.4357488 0.3994260 0.4555382 0.5038763 0.5718600 0.5349189 0.3857210 0.0000000 0.3617424 0.3133685 0.3560290 0.7621794 0.8719107 0.8686777 0.9127051 1.0824636 0.8910145 0.9054348 1.0011922 0.8847526 0.8939081 1.0011818 1.0995548 0.8082898 0.7850570 0.7370666 0.7829439 1.1144068 1.1311083 1.1901671 1.2027350 1.1805011 1.2358249 1.1755327 1.1457277 1.1802556 1.1360735 1.1359939 1.1541346 1.1578174 1.1415264 1.0905117 1.1668249 1.2658908 1.1584432 1.1545026 1.2146124 1.1813492 1.1863262 1.1668935 1.1612065 1.1607662 1.1137541 1.1244788 1.0982527 1.2194005 1.4511541 1.2151913 1.1372790 1.1967919 1.1361853 1.1062494 1.0824634 1.0540927 1.0614178 1.0266550 1.1338618 0.9937659 0.9312397 0.8890048 0.8865035 1.0376980 0.8750971 0.8517578 0.8675005 0.9515581 2.3019904 2.3429875 2.4391582 3.0118709 
C.TZ.02.CO6721.AY734560                0.8417420 0.9031519 0.8749094 0.9670122 1.0091786 1.0309717 1.0798829 0.7760669 0.7711910 0.7751559 0.7707740 0.7378094 0.7236077 0.6615448 0.6545237 0.4307184 0.4950744 0.4286009 0.4345067 0.4573952 0.4270827 0.3990864 0.4678544 0.5211807 0.5780133 0.5385303 0.3903688 0.3617424 0.0000000 0.2543531 0.3594210 0.7438837 0.8659552 0.8607678 0.9137999 1.0552635 0.9044392 0.9011821 0.9944571 0.8665180 0.8925928 0.9856482 1.0764071 0.8147273 0.8062719 0.7452548 0.7895955 1.1264384 1.1407987 1.2096764 1.1999339 1.1802937 1.2299557 1.1708300 1.1099202 1.1773267 1.1191021 1.1192682 1.1524147 1.1632541 1.1191455 1.0709981 1.1406177 1.2427505 1.1755976 1.1238605 1.2523540 1.1992083 1.1946936 1.1529389 1.1919391 1.1926627 1.1052194 1.1304477 1.1122423 1.2030670 1.4356160 1.1998124 1.1289285 1.2046569 1.1459709 1.1104903 1.0904673 1.1073143 1.0727115 0.9981123 1.1552295 0.9883426 0.9430848 0.9030921 0.8812826 1.0272237 0.8458647 0.8571857 0.8801085 0.9231891 2.3148404 2.2892115 2.3447915 3.0537491 
C.TZ.01.BD39_8.AY253313                0.7979141 0.8431578 0.8073148 0.9207461 0.9391633 0.9826214 1.0135979 0.7270290 0.7131012 0.7293329 0.7129235 0.6789427 0.6930368 0.6024847 0.6090529 0.3826131 0.4455572 0.3849017 0.3815015 0.4077706 0.3775315 0.3548832 0.4153354 0.4550403 0.5216636 0.4750995 0.3393107 0.3133685 0.2543531 0.0000000 0.3148318 0.7175606 0.8234076 0.8345129 0.8576048 1.0087176 0.8422146 0.8544441 0.9322231 0.8351678 0.8381850 0.9615041 1.0479536 0.7458978 0.7531240 0.6846859 0.7368779 1.0484819 1.0696940 1.1305125 1.1583246 1.1186917 1.1932923 1.1000281 1.0399469 1.1076341 1.0469571 1.0709882 1.1132537 1.0937535 1.0795176 1.0148812 1.0897540 1.1997892 1.0971073 1.0618094 1.1467652 1.1215554 1.1542224 1.0713846 1.1132268 1.1201400 1.0312020 1.0569205 1.0469528 1.1429569 1.3992828 1.1265340 1.0567775 1.1253697 1.0880879 1.0287570 1.0153604 1.0473002 0.9974039 0.9662732 1.0843978 0.9355058 0.8848616 0.8514603 0.8346286 0.9686112 0.7888458 0.8005904 0.8319561 0.8921314 2.2112370 2.1628268 2.2610762 2.8758806 
C.ZA.03.03ZAPS067MB2.DQ396389          0.7899659 0.8434331 0.8118716 0.9236469 0.9512521 0.9923582 0.9945377 0.7173942 0.6886525 0.7309194 0.6920135 0.6666016 0.6790586 0.6204488 0.6141708 0.3863983 0.4677218 0.3960989 0.3873661 0.4168763 0.3970525 0.3661932 0.4032882 0.4802798 0.5244153 0.4796635 0.3374382 0.3560290 0.3594210 0.3148318 0.0000000 0.7031573 0.8299391 0.8307941 0.8720463 1.0146656 0.8408239 0.8807663 0.9473701 0.8478216 0.8565577 0.9483366 1.0452507 0.7620950 0.7567959 0.6848179 0.7382099 1.0654173 1.0785503 1.1190734 1.1387742 1.1150820 1.1636905 1.1297943 1.0576127 1.1103512 1.0711649 1.0769211 1.0916069 1.1139076 1.0750884 1.0324385 1.0749204 1.2125214 1.1215680 1.0889058 1.1538234 1.1250475 1.1558235 1.0968593 1.1280565 1.1421428 1.0596641 1.0830091 1.0440562 1.1776950 1.4523133 1.1525119 1.0884120 1.1618412 1.1132451 1.0564671 1.0407210 1.0263559 1.0165999 0.9835128 1.1056848 0.9349724 0.8752662 0.8698403 0.8358026 1.0051037 0.8069644 0.8204601 0.8462999 0.9188815 2.2113443 2.2772798 2.2787093 2.9488987 
A1D.UG.99.99UGJ21953.AF484496          0.5553380 0.6112874 0.5942834 0.6500536 0.7141457 0.7373507 0.7501650 0.4624598 0.4633579 0.4677408 0.4545131 0.4268947 0.4396982 0.4973772 0.7239732 0.7266845 0.7961424 0.7132321 0.7362826 0.7646983 0.7356383 0.7209794 0.7596322 0.8023515 0.8933436 0.8214671 0.6762395 0.7621794 0.7438837 0.7175606 0.7031573 0.0000000 0.5525270 0.5497080 0.6080039 0.7639545 0.5987109 0.6100464 0.6716738 0.5871785 0.5904433 0.6973860 0.7735416 0.4787350 0.5055901 0.4418336 0.5173306 0.8104340 0.8401813 0.8798543 0.9200086 0.8868600 0.8959052 0.8669091 0.8312186 0.8906131 0.8220943 0.8376468 0.8767636 0.8336444 0.8490997 0.7918827 0.8599920 0.9255840 0.8827230 0.8347539 0.9190718 0.8887942 0.8809308 0.8820333 0.8768926 0.8530328 0.8241238 0.8337546 0.8208327 0.8948399 1.1413840 0.8791303 0.8320620 0.9050509 0.8754789 0.8059843 0.7913431 0.7951523 0.7433188 0.7099631 0.8498323 0.6818880 0.6515511 0.6169487 0.5943089 0.7339518 0.5520445 0.5738434 0.5873807 0.6449423 2.0138699 2.0090640 2.0077123 2.7187250 
01_AE.CN.02.YN0236.JX112866            0.6124023 0.6598676 0.6191786 0.7208708 0.7763880 0.8147117 0.8326518 0.5574472 0.5516721 0.5502051 0.5648504 0.5212989 0.5305178 0.6085293 0.8074287 0.8236882 0.8970420 0.8404013 0.8464701 0.8723268 0.8540955 0.8046724 0.8740598 0.9215713 0.9892923 0.9447747 0.7989646 0.8719107 0.8659552 0.8234076 0.8299391 0.5525270 0.0000000 0.1512903 0.2079867 0.3680167 0.2021624 0.2116293 0.3029560 0.2204121 0.2389266 0.4722874 0.5408443 0.4178242 0.5212954 0.4899406 0.5563273 0.8795871 0.8997951 0.9321412 0.9802626 0.9705798 0.9890280 0.9445859 0.8895756 0.9221893 0.8810327 0.9042460 0.9332631 0.8926246 0.9001726 0.8366673 0.9286859 0.9707490 0.9580347 0.8834410 0.9492292 0.9276145 0.9384374 0.9359708 0.9341946 0.8990916 0.8669675 0.8738782 0.8594094 0.9457261 1.1845868 0.9494721 0.8947806 0.9588452 0.9141483 0.8456985 0.8334741 0.8524709 0.7938098 0.7656223 0.9142204 0.7445784 0.7281088 0.6773659 0.6391568 0.8133032 0.6110821 0.6345668 0.6595293 0.7000905 2.1104366 2.0726644 2.1080725 2.7466052 
01_AE.TH.99.99TH_C4460.AY945726        0.6005668 0.6614825 0.6314099 0.7158318 0.7737142 0.8303649 0.8246512 0.5475860 0.5327208 0.5378063 0.5495580 0.5090641 0.5234414 0.6042928 0.8223927 0.8282725 0.9073124 0.8670740 0.8395807 0.8779343 0.8538782 0.8238417 0.8756077 0.9286846 0.9999757 0.9546320 0.8107767 0.8686777 0.8607678 0.8345129 0.8307941 0.5497080 0.1512903 0.0000000 0.2078218 0.3604371 0.2012946 0.2150512 0.2997350 0.2153835 0.2352155 0.4769115 0.5365017 0.4162630 0.5153872 0.4764226 0.5464537 0.8713276 0.8968294 0.9410286 0.9828032 0.9655274 0.9637410 0.9344418 0.8977635 0.9162876 0.8878496 0.9122902 0.9144114 0.8883360 0.9055817 0.8504702 0.9159496 0.9693018 0.9461614 0.8871971 0.9595493 0.9489439 0.9522484 0.9279124 0.9338575 0.9042842 0.8713357 0.8821286 0.8642583 0.9507513 1.1858861 0.9426242 0.8877150 0.9595936 0.9106611 0.8434121 0.8333653 0.8583359 0.7984169 0.7686657 0.8872590 0.7424136 0.7121716 0.6644348 0.6383277 0.8245749 0.6125132 0.6137373 0.6456962 0.7089334 2.1070361 2.1189992 2.1354400 2.7693446 
01_AE.CN.07.GX070143.JX112835          0.6462797 0.7051710 0.6816355 0.7483134 0.8042873 0.8696125 0.8775943 0.6025705 0.5859235 0.6124499 0.6120967 0.5581435 0.5751603 0.6512000 0.8708651 0.8703095 0.9382032 0.8904047 0.8862875 0.9270649 0.8881554 0.8565170 0.9049726 0.9574179 1.0500932 0.9954555 0.8564509 0.9127051 0.9137999 0.8576048 0.8720463 0.6080039 0.2079867 0.2078218 0.0000000 0.4073549 0.2485656 0.2627533 0.3457082 0.2743442 0.2978759 0.5253280 0.5892239 0.4634785 0.5661432 0.5406910 0.6012540 0.9275244 0.9414863 0.9784744 1.0337581 0.9989040 1.0451894 1.0001680 0.9406403 0.9718663 0.9408891 0.9433034 0.9827447 0.9531224 0.9366570 0.8859416 0.9722376 1.0199578 1.0070518 0.9631883 1.0024479 0.9769365 0.9892228 0.9780778 0.9660865 0.9449271 0.9161709 0.9325074 0.9139544 0.9947487 1.2288895 0.9928064 0.9548519 1.0124320 0.9613867 0.8958588 0.8946905 0.8922137 0.8290183 0.8099423 0.9488683 0.7828006 0.7487745 0.7138772 0.6838399 0.8521374 0.6529626 0.6547486 0.7013592 0.7497969 2.1297794 2.0870177 2.1764004 2.8754541 
69_01B.JP.05.05JPMYC113SP420.LC027100  0.8243842 0.8823230 0.8234579 0.9209463 0.9679226 1.0146621 1.0237932 0.7691872 0.7710973 0.7703808 0.7707550 0.7340691 0.7356466 0.8235599 1.0297085 1.0236631 1.0690927 1.0560569 1.0329498 1.0503365 1.0313450 0.9999920 1.0591439 1.1409881 1.2085385 1.1558538 0.9930092 1.0824636 1.0552635 1.0087176 1.0146656 0.7639545 0.3680167 0.3604371 0.4073549 0.0000000 0.4080324 0.4160473 0.5179591 0.4177413 0.4435697 0.6940635 0.7469631 0.6231166 0.7325576 0.6906166 0.7685607 1.0912753 1.1281525 1.1543342 1.1741561 1.1907937 1.2201966 1.1382296 1.1206500 1.1369146 1.0844313 1.1441479 1.1706184 1.0911366 1.1086239 1.0539313 1.1213421 1.1835427 1.1227179 1.1021022 1.1457020 1.1404290 1.1404138 1.1351136 1.1285201 1.1058475 1.1214639 1.1163154 1.0551090 1.1763351 1.3928210 1.1686345 1.0985237 1.1592504 1.1262113 1.0746809 1.0713653 1.0461347 0.9848193 0.9707654 1.1079750 0.9288414 0.9046714 0.8515467 0.8515536 1.0015940 0.8229237 0.8259497 0.8535613 0.9221567 2.2897270 2.3045120 2.3272160 3.0014404 
01_AE.TH.07.AA030a04.JX447057          0.6570396 0.6997367 0.6702535 0.7612707 0.8063810 0.8493723 0.8598911 0.5935116 0.5884126 0.5813450 0.5920765 0.5577882 0.5563949 0.6428581 0.8585832 0.8564364 0.9269088 0.8683134 0.8784143 0.9094111 0.8715667 0.8259078 0.9119664 0.9516161 1.0152532 0.9686572 0.8230570 0.8910145 0.9044392 0.8422146 0.8408239 0.5987109 0.2021624 0.2012946 0.2485656 0.4080324 0.0000000 0.2389929 0.3411820 0.2490112 0.2721007 0.5025564 0.5700228 0.4381232 0.5431451 0.5181292 0.5957519 0.9201600 0.9472474 0.9811713 1.0151782 1.0077976 1.0327888 0.9677177 0.9182966 0.9569989 0.9281117 0.9429299 0.9487170 0.9524046 0.9179601 0.8726603 0.9666851 1.0102614 0.9900029 0.9560259 1.0156991 0.9893708 0.9878718 0.9699406 0.9821564 0.9375525 0.9231828 0.9268616 0.9081292 0.9903491 1.2347392 0.9956986 0.9366043 1.0122137 0.9482061 0.8795359 0.8849262 0.8892415 0.8293314 0.7930020 0.9320674 0.7720444 0.7327765 0.7046560 0.6795294 0.8453237 0.6554816 0.6594950 0.7009205 0.7508074 2.1508186 2.0970082 2.1902130 2.7775128 
01_AE.CN.07.07CNYN326.KF835513         0.6635230 0.7076660 0.6704513 0.7499803 0.8045124 0.8606547 0.8759514 0.5907250 0.5875614 0.6088602 0.5885436 0.5577929 0.5620623 0.6453226 0.8665416 0.8584523 0.9437348 0.8902260 0.8748768 0.9129854 0.8845300 0.8534508 0.9036101 0.9674906 1.0472384 0.9823950 0.8360759 0.9054348 0.9011821 0.8544441 0.8807663 0.6100464 0.2116293 0.2150512 0.2627533 0.4160473 0.2389929 0.0000000 0.3403424 0.2538648 0.2825997 0.5275604 0.5970172 0.4577025 0.5521724 0.5254528 0.6002328 0.9411774 0.9496367 0.9944913 1.0098867 1.0112287 1.0299317 0.9856730 0.9387215 0.9764819 0.9386656 0.9648439 0.9842191 0.9416606 0.9544148 0.8915552 0.9433755 1.0382671 0.9745333 0.9510754 1.0192662 0.9890698 0.9959717 0.9723123 0.9786232 0.9433747 0.9214593 0.9421483 0.9238777 0.9985548 1.2229635 0.9897201 0.9289905 1.0214453 0.9579372 0.8957813 0.9095255 0.8867764 0.8345449 0.8118628 0.9414777 0.7889197 0.7584707 0.7145102 0.6876768 0.8490809 0.6567101 0.6651692 0.6976944 0.7495994 2.1487765 2.1459925 2.1632899 2.9168743 
