94
RESTV_M.fas-tc_USA_89_Philippines89-Pennsylvania_NC_004161 0.0000000 0.0242607 0.0331310 1.9241672 1.9251910 2.1667006 2.1358394 1.8807175 1.8810872 1.8810466 1.8814585 1.9016336 1.9023247 1.8980332 1.9060455 1.9047893 1.9002482 1.9012635 1.9011576 1.9022345 1.8989232 1.9000478 1.9010281 1.9018127 1.9018127 1.8999030 1.9030603 1.9028551 1.9009934 1.9012635 1.9010303 1.9021891 1.9000308 1.8998623 1.8998623 1.8998297 1.8998334 1.9001445 1.8987248 1.9004972 1.9004972 1.9005078 1.9003991 1.9015400 1.9018971 1.9004555 1.9020767 1.9020767 1.9015446 1.9015446 1.9023143 1.9008418 1.9022882 1.9015963 1.9043267 1.9033825 1.9012936 1.9019942 1.9017672 1.9024221 1.9025069 1.9017760 1.9018214 1.9023795 1.9016804 1.9016829 1.9024161 1.9030954 1.9019942 1.9017239 1.9017239 1.9032560 1.9035819 1.9008528 1.8997699 1.9003805 1.8992106 1.9027187 1.9034194 1.9014905 1.9020740 1.9024935 1.9012962 1.9016225 1.9020355 1.9020355 1.9014282 1.9026411 1.9032812 1.9035515 1.8950559 1.8980169 1.8990413 1.8861302 
RESTV_S.dom-tc_PHL_08_Reston08-A_FJ621583                  0.0242607 0.0000000 0.0496409 1.9362965 1.9373243 2.1865508 2.1367753 1.8900877 1.8904615 1.8906575 1.8908342 1.9088488 1.9095459 1.9052319 1.9132818 1.9120195 1.9076610 1.9086809 1.9083124 1.9088638 1.9060915 1.9075340 1.9084455 1.9092323 1.9092323 1.9073128 1.9106886 1.9102761 1.9084101 1.9086809 1.9080310 1.9091922 1.9070245 1.9068554 1.9068554 1.9068228 1.9072449 1.9075568 1.9059277 1.9077090 1.9077090 1.9072190 1.9078138 1.9089623 1.9093163 1.9078688 1.9094986 1.9094986 1.9089626 1.9089626 1.9097369 1.9084597 1.9097131 1.9090170 1.9117600 1.9108104 1.9087132 1.9094159 1.9091881 1.9096464 1.9099326 1.9091983 1.9092442 1.9093876 1.9091016 1.9091038 1.9098392 1.9105237 1.9094159 1.9091450 1.9091450 1.9106851 1.9110099 1.9082710 1.9071831 1.9077930 1.9066174 1.9101424 1.9108452 1.9089087 1.9094957 1.9099168 1.9087135 1.9090402 1.9090506 1.9090506 1.9086432 1.9098619 1.9105050 1.9107760 1.9046747 1.9076561 1.9094986 1.8985183 
RESTV_S.dom-xx_PHL_08_Reston08-C_FJ621584                  0.0331310 0.0496409 0.0000000 1.9262803 1.9273052 2.1914058 2.1427035 1.8960322 1.8964084 1.8963675 1.8973326 1.9094769 1.9102581 1.9071192 1.9139081 1.9126464 1.9080881 1.9091076 1.9090015 1.9100805 1.9082179 1.9078851 1.9088723 1.9096586 1.9096586 1.9079416 1.9106741 1.9104636 1.9088369 1.9091076 1.9088741 1.9100347 1.9079799 1.9076986 1.9076986 1.9076661 1.9076723 1.9079840 1.9065571 1.9083378 1.9083378 1.9083482 1.9082409 1.9093890 1.9097425 1.9082958 1.9106273 1.9106273 1.9093890 1.9093890 1.9101630 1.9086848 1.9103776 1.9096817 1.9118207 1.9107594 1.9091399 1.9098423 1.9096145 1.9102747 1.9103587 1.9096248 1.9103732 1.9100286 1.9095281 1.9095303 1.9102652 1.9109496 1.9098423 1.9095715 1.9095715 1.9111109 1.9114353 1.9094002 1.9076106 1.9082201 1.9070450 1.9106805 1.9113829 1.9093352 1.9093697 1.9103428 1.9091401 1.9094666 1.9098804 1.9098804 1.9092715 1.9104897 1.9118351 1.9121059 1.9094935 1.9126000 1.9122353 1.8987593 
SUDV_H.sap-xx_UGA_12_EboSud-603_KC545390                   1.9241672 1.9362965 1.9262803 0.0000000 0.0001522 2.1075571 2.1899396 1.9783602 1.9787716 1.9787287 1.9778000 2.0027729 2.0041356 2.0025131 2.0031269 2.0017103 1.9992509 2.0015109 2.0005932 2.0060801 2.0041674 2.0050177 2.0036080 2.0043352 2.0043352 2.0013340 2.0028102 2.0008650 2.0016879 2.0015109 2.0002159 2.0009343 2.0009370 2.0012148 2.0012148 2.0011830 1.9998444 2.0001657 1.9980013 2.0004872 2.0004872 2.0001076 2.0010734 2.0006912 2.0021647 2.0007328 2.0034018 2.0034018 2.0012331 2.0012331 2.0023560 2.0018004 2.0011984 2.0001602 2.0038853 2.0027411 2.0006494 2.0007328 2.0004115 2.0003127 2.0007109 2.0002251 2.0001351 2.0007437 2.0006228 2.0004950 2.0001246 2.0014271 2.0007328 2.0007010 2.0007010 2.0013005 2.0016697 2.0020031 2.0009859 2.0011462 2.0014401 2.0023818 2.0023818 2.0011057 2.0011692 2.0024662 2.0017887 2.0016636 2.0015039 2.0015039 2.0018916 2.0032378 2.0023915 2.0026693 2.0014559 2.0063725 2.0085637 1.9936108 
SUDV_H.sap-xx_UGA_12_EboSud-609_KC545391                   1.9251910 1.9373243 1.9273052 0.0001522 0.0000000 2.1074661 2.1897608 1.9787070 1.9791185 1.9790756 1.9781468 2.0031237 2.0044865 2.0028636 2.0034777 2.0020609 1.9996009 2.0018613 2.0009437 2.0064315 2.0045185 2.0053689 2.0039588 2.0046861 2.0046861 2.0016845 2.0031609 2.0012154 2.0020384 2.0018613 2.0005663 2.0012847 2.0012874 2.0015652 2.0015652 2.0015334 2.0001947 2.0005159 1.9983513 2.0008375 2.0008375 2.0004579 2.0014238 2.0010416 2.0025152 2.0010831 2.0037524 2.0037524 2.0015835 2.0015835 2.0027066 2.0021509 2.0015488 2.0005104 2.0042360 2.0030917 2.0009997 2.0010831 2.0007618 2.0006632 2.0010614 2.0005754 2.0004855 2.0010941 2.0009731 2.0008453 2.0004749 2.0017776 2.0010831 2.0010513 2.0010513 2.0016509 2.0020201 2.0023537 2.0013363 2.0014965 2.0017906 2.0027324 2.0027324 2.0014562 2.0015198 2.0028168 2.0021391 2.0020140 2.0018544 2.0018544 2.0022421 2.0035885 2.0027420 2.0030198 2.0018060 2.0067234 2.0089148 1.9939599 
TAFV_H.sap-tc_CIV_94_Pauleoula-CI_NC_014372                2.1667006 2.1865508 2.1914058 2.1075571 2.1074661 0.0000000 0.7960859 1.3052151 1.3047191 1.3043660 1.3044650 1.3241890 1.3264103 1.3233617 1.3260609 1.3244741 1.3228571 1.3247992 1.3247206 1.3281684 1.3256364 1.3265988 1.3252199 1.3256665 1.3256665 1.3264037 1.3263153 1.3251789 1.3245878 1.3247992 1.3250923 1.3243462 1.3247255 1.3247619 1.3247619 1.3248809 1.3242380 1.3244762 1.3259256 1.3242380 1.3242380 1.3244619 1.3248159 1.3233689 1.3250562 1.3252259 1.3265121 1.3265121 1.3245878 1.3245878 1.3250289 1.3247700 1.3245015 1.3250399 1.3250716 1.3242168 1.3241293 1.3243675 1.3241293 1.3269347 1.3246894 1.3248669 1.3247602 1.3246575 1.3245425 1.3241293 1.3243407 1.3256553 1.3243675 1.3241562 1.3241562 1.3250272 1.3249381 1.3252150 1.3239958 1.3237049 1.3245467 1.3243005 1.3248223 1.3248064 1.3249378 1.3242152 1.3250106 1.3240181 1.3244814 1.3244814 1.3238164 1.3247426 1.3235232 1.3232963 1.3290157 1.3310442 1.3314058 1.3274659 
BDBV_H.sap-xx_COD_12_EboBund-122_KC545395                  2.1358394 2.1367753 2.1427035 2.1899396 2.1897608 0.7960859 0.0000000 1.3838743 1.3837131 1.3850817 1.3842210 1.4019591 1.4034857 1.4008676 1.4041799 1.4048849 1.4038472 1.4035232 1.4040423 1.4061982 1.4040161 1.4042464 1.4032759 1.4039270 1.4039270 1.4019996 1.4036482 1.4026343 1.4033039 1.4035232 1.4021643 1.4023963 1.4027157 1.4029349 1.4029349 1.4030599 1.4032230 1.4033933 1.4044300 1.4027236 1.4027236 1.4028976 1.4041625 1.4031982 1.4034476 1.4029796 1.4041283 1.4041283 1.4033039 1.4033039 1.4037839 1.4030067 1.4028867 1.4033844 1.4029891 1.4025096 1.4028094 1.4029796 1.4033143 1.4046408 1.4040038 1.4029233 1.4026169 1.4025476 1.4029796 1.4027319 1.4026069 1.4037749 1.4029796 1.4031046 1.4031046 1.4032048 1.4028817 1.4035933 1.4030856 1.4023655 1.4030957 1.4039023 1.4039023 1.4037710 1.4028853 1.4044495 1.4032885 1.4026146 1.4023669 1.4023669 1.4024027 1.4034161 1.4025557 1.4027749 1.3990245 1.3992519 1.3985211 1.3933551 
EBOV_H.sap-tc_COD_07_1Luebo_KC242786                       1.8807175 1.8900877 1.8960322 1.9783602 1.9787070 1.3052151 1.3838743 0.0000000 0.0001544 0.0004633 0.0008238 0.0310481 0.0308767 0.0305978 0.0305979 0.0304850 0.0306544 0.0303089 0.0306484 0.0313369 0.0310546 0.0308845 0.0308246 0.0307124 0.0307124 0.0308214 0.0306515 0.0309842 0.0303652 0.0303089 0.0306553 0.0305372 0.0304247 0.0303684 0.0303684 0.0304247 0.0305388 0.0304823 0.0306596 0.0306510 0.0306510 0.0305954 0.0305332 0.0305976 0.0304182 0.0303663 0.0307040 0.0307040 0.0302531 0.0302531 0.0303677 0.0304214 0.0307641 0.0305909 0.0309383 0.0307113 0.0303663 0.0303663 0.0304222 0.0309460 0.0306488 0.0306482 0.0307639 0.0307057 0.0304784 0.0303101 0.0304786 0.0305930 0.0303663 0.0304226 0.0304226 0.0307114 0.0305386 0.0305376 0.0309374 0.0305925 0.0305406 0.0306506 0.0306506 0.0303651 0.0305917 0.0304816 0.0303647 0.0300265 0.0300824 0.0300824 0.0299142 0.0302117 0.0301434 0.0301992 0.0229197 0.0239263 0.0229067 0.0202338 
EBOV_H.sap-tc_COD_07_M-M_HQ613403                          1.8810872 1.8904615 1.8964084 1.9787716 1.9791185 1.3047191 1.3837131 0.0001544 0.0000000 0.0003088 0.0006693 0.0308751 0.0307038 0.0304250 0.0304251 0.0303123 0.0304816 0.0301363 0.0304756 0.0311637 0.0308815 0.0307115 0.0306517 0.0305396 0.0305396 0.0306485 0.0304787 0.0308112 0.0301926 0.0301363 0.0304825 0.0303644 0.0302520 0.0301957 0.0301957 0.0302520 0.0303661 0.0303096 0.0304868 0.0304782 0.0304782 0.0304226 0.0303605 0.0304248 0.0302456 0.0301937 0.0305312 0.0305312 0.0300806 0.0300806 0.0301951 0.0302487 0.0305912 0.0304181 0.0307653 0.0305385 0.0301937 0.0301937 0.0302496 0.0307730 0.0304760 0.0304755 0.0305911 0.0305329 0.0303057 0.0301375 0.0303059 0.0304203 0.0301937 0.0302499 0.0302499 0.0305386 0.0303659 0.0303649 0.0307644 0.0304198 0.0303678 0.0304778 0.0304778 0.0301925 0.0304190 0.0303089 0.0301921 0.0298541 0.0299099 0.0299099 0.0297418 0.0300391 0.0299709 0.0300266 0.0227514 0.0237573 0.0227385 0.0200673 
EBOV_H.sap-tc_COD_07_5Luebo_KC242790                       1.8810466 1.8906575 1.8963675 1.9787287 1.9790756 1.3043660 1.3850817 0.0004633 0.0003088 0.0000000 0.0009784 0.0310552 0.0308838 0.0306048 0.0306049 0.0304920 0.0306614 0.0303159 0.0306554 0.0313441 0.0310617 0.0308915 0.0308317 0.0307195 0.0307195 0.0308284 0.0306585 0.0309913 0.0303722 0.0303159 0.0306623 0.0305442 0.0304316 0.0303753 0.0303753 0.0304316 0.0305458 0.0304893 0.0306666 0.0306580 0.0306580 0.0306024 0.0305401 0.0306046 0.0304252 0.0303732 0.0307111 0.0307111 0.0302601 0.0302601 0.0303746 0.0304283 0.0307711 0.0305979 0.0309454 0.0307183 0.0303732 0.0303732 0.0304292 0.0309531 0.0306558 0.0306552 0.0307709 0.0307127 0.0304853 0.0303171 0.0304856 0.0306000 0.0303732 0.0304295 0.0304295 0.0307184 0.0305456 0.0305446 0.0309444 0.0305995 0.0305476 0.0306576 0.0306576 0.0303720 0.0305987 0.0304886 0.0303716 0.0300334 0.0300893 0.0300893 0.0299210 0.0302186 0.0301503 0.0302061 0.0230846 0.0240917 0.0230715 0.0203973 
EBOV_H.sap-tc_COD_08_034-KS_HQ613402                       1.8814585 1.8908342 1.8973326 1.9778000 1.9781468 1.3044650 1.3842210 0.0008238 0.0006693 0.0009784 0.0000000 0.0315466 0.0313749 0.0310958 0.0310959 0.0309830 0.0311525 0.0308065 0.0311464 0.0318357 0.0315531 0.0313829 0.0313229 0.0312106 0.0312106 0.0313196 0.0311496 0.0314824 0.0308629 0.0308065 0.0311534 0.0310351 0.0309225 0.0308661 0.0308661 0.0309225 0.0310368 0.0309802 0.0311578 0.0311490 0.0311490 0.0310934 0.0310310 0.0310956 0.0309159 0.0308640 0.0312021 0.0312021 0.0307507 0.0307507 0.0308654 0.0309191 0.0312622 0.0310888 0.0314367 0.0312095 0.0308640 0.0308640 0.0309199 0.0314445 0.0311468 0.0311462 0.0312620 0.0312038 0.0309762 0.0308078 0.0309764 0.0310909 0.0308640 0.0309203 0.0309203 0.0312096 0.0310365 0.0310356 0.0314357 0.0310904 0.0310385 0.0311486 0.0311486 0.0308627 0.0310897 0.0309794 0.0308624 0.0305238 0.0305798 0.0305798 0.0304114 0.0307095 0.0305814 0.0306372 0.0233568 0.0243644 0.0233435 0.0207769 
EBOV_H.sap-wt_GIN_14_Makona-Gueckedou-EM_080076_KR817235   1.9016336 1.9088488 1.9094769 2.0027729 2.0031237 1.3241890 1.4019591 0.0310481 0.0308751 0.0310552 0.0315466 0.0000000 0.0013921 0.0012890 0.0017548 0.0016513 0.0018069 0.0014444 0.0018585 0.0024284 0.0021693 0.0020138 0.0019619 0.0018584 0.0018584 0.0019101 0.0019618 0.0021686 0.0014961 0.0014444 0.0019621 0.0018582 0.0017547 0.0017030 0.0017030 0.0017547 0.0016514 0.0015997 0.0018069 0.0018583 0.0018583 0.0017031 0.0016511 0.0018068 0.0015995 0.0014961 0.0018064 0.0018064 0.0014961 0.0014961 0.0015995 0.0015477 0.0018583 0.0017029 0.0020139 0.0019103 0.0015995 0.0014961 0.0016512 0.0020145 0.0017547 0.0017547 0.0019099 0.0019100 0.0015995 0.0015478 0.0015995 0.0018065 0.0014961 0.0015478 0.0015478 0.0020138 0.0016514 0.0017548 0.0020139 0.0017030 0.0016515 0.0017548 0.0018583 0.0014961 0.0018064 0.0015996 0.0014960 0.0011860 0.0012376 0.0012376 0.0010827 0.0013417 0.0013928 0.0014445 0.0339094 0.0348508 0.0334057 0.0312466 
EBOV_H.sap-wt_GIN_14_Makona-Gueckedou-EM_079702_KR817210   1.9023247 1.9095459 1.9102581 2.0041356 2.0044865 1.3264103 1.4034857 0.0308767 0.0307038 0.0308838 0.0313749 0.0013921 0.0000000 0.0012888 0.0017029 0.0015995 0.0017551 0.0013926 0.0018066 0.0023763 0.0021173 0.0019619 0.0019100 0.0018065 0.0018065 0.0018583 0.0019099 0.0021167 0.0014443 0.0013926 0.0019101 0.0018063 0.0017029 0.0016512 0.0016512 0.0017029 0.0015996 0.0015479 0.0017550 0.0018065 0.0018065 0.0016513 0.0015993 0.0017549 0.0015476 0.0014443 0.0017545 0.0017545 0.0014443 0.0014443 0.0015477 0.0014959 0.0018065 0.0016511 0.0019620 0.0018584 0.0015477 0.0014443 0.0015994 0.0018590 0.0017029 0.0017028 0.0018581 0.0018581 0.0015477 0.0014960 0.0015477 0.0017546 0.0014443 0.0014960 0.0014960 0.0019619 0.0015996 0.0017029 0.0019620 0.0016511 0.0015997 0.0017030 0.0018064 0.0014443 0.0017545 0.0015478 0.0014442 0.0011343 0.0011859 0.0011859 0.0010310 0.0012899 0.0013411 0.0013927 0.0337364 0.0346772 0.0332329 0.0310752 
EBOV_H.sap-wt_GIN_14_Makona-Gueckedou-EM_079587_KR817202   1.8980332 1.9052319 1.9071192 2.0025131 2.0028636 1.3233617 1.4008676 0.0305978 0.0304250 0.0306048 0.0310958 0.0012890 0.0012888 0.0000000 0.0013412 0.0012378 0.0013932 0.0010311 0.0014447 0.0020139 0.0017551 0.0015999 0.0015480 0.0014446 0.0014446 0.0014963 0.0015480 0.0017546 0.0010828 0.0010311 0.0015481 0.0014445 0.0013411 0.0012895 0.0012895 0.0013411 0.0012379 0.0011862 0.0013932 0.0014446 0.0014446 0.0012896 0.0012377 0.0013930 0.0011860 0.0010828 0.0013927 0.0013927 0.0010828 0.0010828 0.0011861 0.0011344 0.0014446 0.0012894 0.0015999 0.0014964 0.0011861 0.0010828 0.0012377 0.0016004 0.0013411 0.0013411 0.0014962 0.0014962 0.0011861 0.0011344 0.0011861 0.0013928 0.0010828 0.0011344 0.0011344 0.0015999 0.0012379 0.0013412 0.0015999 0.0012894 0.0012379 0.0013412 0.0014446 0.0010828 0.0013927 0.0011862 0.0010827 0.0007722 0.0008238 0.0008238 0.0006692 0.0009284 0.0009796 0.0010312 0.0334556 0.0343956 0.0329523 0.0307964 
EBOV_H.sap-wt_GIN_14_Makona-Gueckedou-EM_079750_KR817213   1.9060455 1.9132818 1.9139081 2.0031269 2.0034777 1.3260609 1.4041799 0.0305979 0.0304251 0.0306049 0.0310959 0.0017548 0.0017029 0.0013412 0.0000000 0.0003088 0.0013926 0.0010298 0.0014442 0.0020131 0.0017544 0.0015992 0.0015474 0.0014441 0.0014441 0.0014957 0.0015474 0.0017539 0.0010814 0.0010298 0.0015475 0.0014439 0.0013406 0.0012889 0.0012889 0.0013406 0.0012374 0.0011857 0.0013926 0.0014440 0.0014440 0.0012891 0.0012372 0.0013925 0.0011856 0.0010824 0.0013922 0.0013922 0.0010814 0.0010814 0.0011856 0.0011339 0.0014440 0.0012889 0.0015993 0.0014958 0.0011856 0.0010824 0.0012372 0.0015998 0.0013406 0.0013406 0.0014956 0.0014956 0.0011856 0.0011340 0.0011856 0.0013923 0.0010824 0.0011340 0.0011340 0.0015992 0.0012374 0.0013406 0.0015993 0.0012889 0.0012375 0.0013407 0.0014440 0.0010814 0.0013922 0.0011857 0.0010814 0.0007722 0.0008238 0.0008238 0.0006692 0.0009280 0.0009783 0.0010298 0.0334556 0.0343299 0.0328872 0.0307323 
EBOV_H.sap-wt_GIN_14_Makona-Gueckedou-EM_079910_KR817221   1.9047893 1.9120195 1.9126464 2.0017103 2.0020609 1.3244741 1.4048849 0.0304850 0.0303123 0.0304920 0.0309830 0.0016513 0.0015995 0.0012378 0.0003088 0.0000000 0.0012893 0.0009268 0.0013408 0.0019096 0.0016510 0.0014959 0.0014440 0.0013407 0.0013407 0.0013924 0.0014440 0.0016505 0.0009783 0.0009268 0.0014442 0.0013406 0.0012373 0.0011857 0.0011857 0.0012373 0.0011341 0.0010825 0.0012893 0.0013407 0.0013407 0.0011858 0.0011339 0.0012891 0.0010814 0.0009783 0.0012889 0.0012889 0.0009783 0.0009783 0.0010824 0.0010298 0.0013407 0.0011856 0.0014959 0.0013925 0.0010824 0.0009783 0.0011340 0.0014963 0.0012373 0.0012373 0.0013922 0.0013923 0.0010814 0.0010298 0.0010814 0.0012889 0.0009783 0.0010298 0.0010298 0.0014958 0.0011341 0.0012373 0.0014959 0.0011856 0.0011342 0.0012374 0.0013407 0.0009783 0.0012889 0.0010825 0.0009783 0.0006692 0.0007207 0.0007207 0.0005662 0.0008248 0.0008753 0.0009268 0.0333419 0.0342158 0.0327736 0.0306195 
EBOV_H.sap-wt_LBR_14_Makona-LIBR0430_KR006955              1.9002482 1.9076610 1.9080881 1.9992509 1.9996009 1.3228571 1.4038472 0.0306544 0.0304816 0.0306614 0.0311525 0.0018069 0.0017551 0.0013932 0.0013926 0.0012893 0.0000000 0.0003603 0.0007722 0.0013412 0.0010829 0.0009280 0.0008753 0.0007722 0.0007722 0.0008238 0.0008753 0.0010825 0.0004118 0.0003603 0.0008763 0.0007722 0.0006692 0.0006177 0.0006177 0.0006692 0.0005662 0.0005147 0.0007207 0.0007722 0.0007722 0.0006177 0.0005662 0.0007207 0.0005147 0.0004118 0.0007207 0.0007207 0.0004118 0.0004118 0.0005147 0.0004632 0.0007722 0.0006177 0.0009280 0.0008238 0.0005147 0.0004118 0.0005662 0.0009282 0.0006692 0.0006693 0.0008238 0.0008238 0.0005147 0.0004632 0.0005147 0.0007207 0.0004118 0.0004632 0.0004632 0.0009279 0.0005662 0.0006692 0.0009280 0.0006177 0.0005662 0.0006692 0.0007722 0.0004118 0.0007207 0.0005147 0.0004118 0.0006177 0.0008753 0.0008753 0.0007207 0.0009799 0.0010311 0.0010827 0.0335126 0.0343870 0.0329441 0.0307888 
EBOV_H.sap-wt_SLE_14_Makona-G3734.1_KM233055               1.9012635 1.9086809 1.9091076 2.0015109 2.0018613 1.3247992 1.4035232 0.0303089 0.0301363 0.0303159 0.0308065 0.0014444 0.0013926 0.0010311 0.0010298 0.0009268 0.0003603 0.0000000 0.0004118 0.0009783 0.0007207 0.0005662 0.0005147 0.0004118 0.0004118 0.0004632 0.0005147 0.0007207 0.0000515 0.0000010 0.0005147 0.0004118 0.0003088 0.0002573 0.0002573 0.0003088 0.0002059 0.0001544 0.0003603 0.0004118 0.0004118 0.0002573 0.0002059 0.0003603 0.0001544 0.0000515 0.0003603 0.0003603 0.0000515 0.0000515 0.0001544 0.0001029 0.0004118 0.0002573 0.0005662 0.0004632 0.0001544 0.0000515 0.0002059 0.0005662 0.0003088 0.0003088 0.0004633 0.0004633 0.0001544 0.0001029 0.0001544 0.0003603 0.0000515 0.0001029 0.0001029 0.0005662 0.0002059 0.0003088 0.0005662 0.0002573 0.0002059 0.0003088 0.0004118 0.0000515 0.0003603 0.0001544 0.0000515 0.0002573 0.0005147 0.0005147 0.0003603 0.0006177 0.0006692 0.0007207 0.0331636 0.0340369 0.0325958 0.0304435 
EBOV_H.sap-wt_LBR_15_Makona-Liberia-DQE4_KR074998          1.9011576 1.9083124 1.9090015 2.0005932 2.0009437 1.3247206 1.4040423 0.0306484 0.0304756 0.0306554 0.0311464 0.0018585 0.0018066 0.0014447 0.0014442 0.0013408 0.0007722 0.0004118 0.0000000 0.0013927 0.0011344 0.0009795 0.0009268 0.0008238 0.0008238 0.0008753 0.0009268 0.0011341 0.0004632 0.0004118 0.0009279 0.0008238 0.0007207 0.0006692 0.0006692 0.0007207 0.0006177 0.0005662 0.0007722 0.0008238 0.0008238 0.0006692 0.0006177 0.0007722 0.0005662 0.0004632 0.0007722 0.0007722 0.0004632 0.0004632 0.0005662 0.0005147 0.0008238 0.0006692 0.0009795 0.0008753 0.0005662 0.0004632 0.0006177 0.0009798 0.0007207 0.0007208 0.0008753 0.0008753 0.0005662 0.0005147 0.0005662 0.0007722 0.0004632 0.0005147 0.0005147 0.0009795 0.0006177 0.0007207 0.0009795 0.0006692 0.0006177 0.0007207 0.0008238 0.0004632 0.0007722 0.0005662 0.0004632 0.0006692 0.0009268 0.0009268 0.0007722 0.0010314 0.0010826 0.0011342 0.0336259 0.0345006 0.0330573 0.0309011 
EBOV_H.sap-wt_GIN_14_Makona-Kankan-EM_078639_KR817166      1.9022345 1.9088638 1.9100805 2.0060801 2.0064315 1.3281684 1.4061982 0.0313369 0.0311637 0.0313441 0.0318357 0.0024284 0.0023763 0.0020139 0.0020131 0.0019096 0.0013412 0.0009783 0.0013927 0.0000000 0.0007722 0.0007207 0.0008753 0.0007722 0.0007722 0.0011340 0.0014959 0.0017025 0.0010309 0.0009783 0.0014961 0.0013925 0.0012892 0.0012375 0.0012375 0.0012892 0.0011859 0.0011343 0.0013411 0.0013926 0.0013926 0.0012376 0.0011342 0.0013410 0.0011341 0.0010309 0.0013407 0.0013407 0.0010309 0.0010309 0.0011342 0.0010825 0.0013926 0.0012374 0.0015478 0.0014444 0.0011342 0.0010309 0.0011858 0.0015483 0.0012891 0.0012891 0.0014441 0.0014442 0.0011341 0.0010825 0.0011342 0.0013408 0.0010309 0.0010825 0.0010825 0.0014963 0.0011859 0.0012892 0.0015479 0.0012375 0.0011860 0.0012892 0.0013925 0.0010309 0.0013407 0.0011343 0.0010309 0.0012374 0.0014957 0.0014957 0.0013407 0.0016000 0.0016510 0.0017027 0.0342011 0.0350775 0.0336314 0.0314707 
EBOV_H.sap-wt_GIN_14_Makona-Faranah-EM_078415_KR817160     1.8989232 1.9060915 1.9082179 2.0041674 2.0045185 1.3256364 1.4040161 0.0310546 0.0308815 0.0310617 0.0315531 0.0021693 0.0021173 0.0017551 0.0017544 0.0016510 0.0010829 0.0007207 0.0011344 0.0007722 0.0000000 0.0004632 0.0006177 0.0005147 0.0005147 0.0008753 0.0012376 0.0014440 0.0007722 0.0007207 0.0012377 0.0011342 0.0010310 0.0009793 0.0009793 0.0010310 0.0009278 0.0008753 0.0010829 0.0011343 0.0011343 0.0009794 0.0009268 0.0010828 0.0008753 0.0007722 0.0010825 0.0010825 0.0007722 0.0007722 0.0008753 0.0008238 0.0011343 0.0009783 0.0012894 0.0011860 0.0008753 0.0007722 0.0009268 0.0012898 0.0010309 0.0010309 0.0011858 0.0011859 0.0008753 0.0008238 0.0008753 0.0010826 0.0007722 0.0008238 0.0008238 0.0012378 0.0009278 0.0010310 0.0012894 0.0009793 0.0009278 0.0010310 0.0011343 0.0007722 0.0010825 0.0008753 0.0007722 0.0009783 0.0012374 0.0012374 0.0010825 0.0013414 0.0013926 0.0014442 0.0338027 0.0346780 0.0331683 0.0310758 
EBOV_H.sap-wt_GIN_14_Makona-Macenta-EM_076191_KR817141     1.9000478 1.9075340 1.9078851 2.0050177 2.0053689 1.3265988 1.4042464 0.0308845 0.0307115 0.0308915 0.0313829 0.0020138 0.0019619 0.0015999 0.0015992 0.0014959 0.0009280 0.0005662 0.0009795 0.0007207 0.0004632 0.0000000 0.0004632 0.0003603 0.0003603 0.0007207 0.0010826 0.0012890 0.0006177 0.0005662 0.0010827 0.0009793 0.0008753 0.0008238 0.0008238 0.0008753 0.0007722 0.0007207 0.0009279 0.0009794 0.0009794 0.0008238 0.0007722 0.0009279 0.0007207 0.0006177 0.0009268 0.0009268 0.0006177 0.0006177 0.0007207 0.0006692 0.0009794 0.0008238 0.0011344 0.0010311 0.0007207 0.0006177 0.0007722 0.0011347 0.0008753 0.0008753 0.0010309 0.0010309 0.0007207 0.0006692 0.0007207 0.0009268 0.0006177 0.0006692 0.0006692 0.0010829 0.0007722 0.0008753 0.0011344 0.0008238 0.0007722 0.0008753 0.0009794 0.0006177 0.0009268 0.0007207 0.0006177 0.0008238 0.0010825 0.0010825 0.0009268 0.0011864 0.0012375 0.0012892 0.0337449 0.0346201 0.0331760 0.0310187 
EBOV_H.sap-wt_GIN_14_Makona-Beyla-EM_075931_KR817138       1.9010281 1.9084455 1.9088723 2.0036080 2.0039588 1.3252199 1.4032759 0.0308246 0.0306517 0.0308317 0.0313229 0.0019619 0.0019100 0.0015480 0.0015474 0.0014440 0.0008753 0.0005147 0.0009268 0.0008753 0.0006177 0.0004632 0.0000000 0.0003088 0.0003088 0.0006692 0.0010309 0.0012372 0.0005662 0.0005147 0.0010310 0.0009268 0.0008238 0.0007722 0.0007722 0.0008238 0.0007207 0.0006692 0.0008753 0.0009268 0.0009268 0.0007722 0.0007207 0.0008753 0.0006692 0.0005662 0.0008753 0.0008753 0.0005662 0.0005662 0.0006692 0.0006177 0.0009268 0.0007722 0.0010827 0.0009794 0.0006692 0.0005662 0.0007207 0.0010830 0.0008238 0.0008238 0.0009784 0.0009784 0.0006692 0.0006177 0.0006692 0.0008753 0.0005662 0.0006177 0.0006177 0.0010311 0.0007207 0.0008238 0.0010827 0.0007722 0.0007207 0.0008238 0.0009268 0.0005662 0.0008753 0.0006692 0.0005662 0.0007722 0.0010298 0.0010298 0.0008753 0.0011346 0.0011858 0.0012374 0.0336843 0.0345591 0.0331155 0.0309588 
EBOV_H.sap-wt_GIN_14_Makona-Kissidougou-EM_078694_KR817171 1.9018127 1.9092323 1.9096586 2.0043352 2.0046861 1.3256665 1.4039270 0.0307124 0.0305396 0.0307195 0.0312106 0.0018584 0.0018065 0.0014446 0.0014441 0.0013407 0.0007722 0.0004118 0.0008238 0.0007722 0.0005147 0.0003603 0.0003088 0.0000000 0.0000010 0.0005662 0.0009268 0.0011340 0.0004632 0.0004118 0.0009278 0.0008238 0.0007207 0.0006692 0.0006692 0.0007207 0.0006177 0.0005662 0.0007722 0.0008238 0.0008238 0.0006692 0.0006177 0.0007722 0.0005662 0.0004632 0.0007722 0.0007722 0.0004632 0.0004632 0.0005662 0.0005147 0.0008238 0.0006692 0.0009794 0.0008753 0.0005662 0.0004632 0.0006177 0.0009797 0.0007207 0.0007208 0.0008753 0.0008753 0.0005662 0.0005147 0.0005662 0.0007722 0.0004632 0.0005147 0.0005147 0.0009279 0.0006177 0.0007207 0.0009795 0.0006692 0.0006177 0.0007207 0.0008238 0.0004632 0.0007722 0.0005662 0.0004632 0.0006692 0.0009268 0.0009268 0.0007722 0.0010313 0.0010825 0.0011341 0.0335712 0.0344458 0.0330026 0.0308467 
EBOV_H.sap-wt_GIN_14_Makona-Kissidougou-EM_078722_KR817175 1.9018127 1.9092323 1.9096586 2.0043352 2.0046861 1.3256665 1.4039270 0.0307124 0.0305396 0.0307195 0.0312106 0.0018584 0.0018065 0.0014446 0.0014441 0.0013407 0.0007722 0.0004118 0.0008238 0.0007722 0.0005147 0.0003603 0.0003088 0.0000010 0.0000000 0.0005662 0.0009268 0.0011340 0.0004632 0.0004118 0.0009278 0.0008238 0.0007207 0.0006692 0.0006692 0.0007207 0.0006177 0.0005662 0.0007722 0.0008238 0.0008238 0.0006692 0.0006177 0.0007722 0.0005662 0.0004632 0.0007722 0.0007722 0.0004632 0.0004632 0.0005662 0.0005147 0.0008238 0.0006692 0.0009794 0.0008753 0.0005662 0.0004632 0.0006177 0.0009797 0.0007207 0.0007208 0.0008753 0.0008753 0.0005662 0.0005147 0.0005662 0.0007722 0.0004632 0.0005147 0.0005147 0.0009279 0.0006177 0.0007207 0.0009795 0.0006692 0.0006177 0.0007207 0.0008238 0.0004632 0.0007722 0.0005662 0.0004632 0.0006692 0.0009268 0.0009268 0.0007722 0.0010313 0.0010825 0.0011341 0.0335712 0.0344458 0.0330026 0.0308467 
EBOV_H.sap-wt_LBR_14_Makona-LIBR0505_KR006957              1.8999030 1.9073128 1.9079416 2.0013340 2.0016845 1.3264037 1.4019996 0.0308214 0.0306485 0.0308284 0.0313196 0.0019101 0.0018583 0.0014963 0.0014957 0.0013924 0.0008238 0.0004632 0.0008753 0.0011340 0.0008753 0.0007207 0.0006692 0.0005662 0.0005662 0.0000000 0.0009783 0.0011856 0.0005147 0.0004632 0.0009794 0.0008753 0.0007722 0.0007207 0.0007207 0.0007722 0.0006692 0.0006177 0.0008238 0.0008753 0.0008753 0.0007207 0.0006692 0.0008238 0.0006177 0.0005147 0.0008238 0.0008238 0.0005147 0.0005147 0.0006177 0.0005662 0.0008753 0.0007207 0.0010311 0.0009268 0.0006177 0.0005147 0.0006692 0.0010314 0.0007722 0.0007723 0.0009268 0.0009268 0.0006177 0.0005662 0.0006177 0.0008238 0.0005147 0.0005662 0.0005662 0.0010310 0.0006692 0.0007722 0.0010311 0.0007207 0.0006692 0.0007722 0.0008753 0.0005147 0.0008238 0.0006177 0.0005147 0.0007207 0.0009783 0.0009783 0.0008238 0.0010830 0.0011342 0.0011858 0.0336807 0.0345555 0.0331120 0.0308428 
EBOV_H.sap-wt_SLE_14_Makona-Kailahun-20140517_KR653263     1.9030603 1.9106886 1.9106741 2.0028102 2.0031609 1.3263153 1.4036482 0.0306515 0.0304787 0.0306585 0.0311496 0.0019618 0.0019099 0.0015480 0.0015474 0.0014440 0.0008753 0.0005147 0.0009268 0.0014959 0.0012376 0.0010826 0.0010309 0.0009268 0.0009268 0.0009783 0.0000000 0.0007207 0.0005662 0.0005147 0.0010310 0.0009268 0.0008238 0.0007722 0.0007722 0.0008238 0.0007207 0.0006692 0.0008753 0.0009268 0.0009268 0.0007722 0.0007207 0.0008753 0.0006692 0.0005662 0.0008753 0.0008753 0.0005662 0.0005662 0.0006692 0.0005147 0.0009268 0.0007722 0.0010827 0.0009794 0.0006692 0.0005662 0.0007207 0.0010830 0.0008238 0.0008238 0.0009784 0.0009784 0.0006692 0.0006177 0.0006692 0.0008753 0.0005662 0.0006177 0.0006177 0.0010826 0.0007207 0.0008238 0.0010827 0.0007722 0.0007207 0.0008238 0.0009268 0.0005662 0.0008753 0.0006692 0.0005662 0.0007722 0.0010298 0.0010298 0.0008753 0.0011346 0.0011857 0.0012374 0.0335094 0.0343837 0.0329410 0.0307858 
EBOV_H.sap-wt_SLE_14_Makona-G4973_1_KR105286               1.9028551 1.9102761 1.9104636 2.0008650 2.0012154 1.3251789 1.4026343 0.0309842 0.0308112 0.0309913 0.0314824 0.0021686 0.0021167 0.0017546 0.0017539 0.0016505 0.0010825 0.0007207 0.0011341 0.0017025 0.0014440 0.0012890 0.0012372 0.0011340 0.0011340 0.0011856 0.0007207 0.0000000 0.0007722 0.0007207 0.0012373 0.0011329 0.0010298 0.0009783 0.0009783 0.0010298 0.0009268 0.0008753 0.0010825 0.0011339 0.0011339 0.0009783 0.0009268 0.0010824 0.0008753 0.0007722 0.0010814 0.0010814 0.0007722 0.0007722 0.0008753 0.0008238 0.0011340 0.0009783 0.0012890 0.0011857 0.0008753 0.0007722 0.0009268 0.0012894 0.0010298 0.0010299 0.0011845 0.0011855 0.0008753 0.0008238 0.0008753 0.0010814 0.0007722 0.0008238 0.0008238 0.0012890 0.0009268 0.0010298 0.0012890 0.0009783 0.0009268 0.0010298 0.0011339 0.0007722 0.0010814 0.0008753 0.0007722 0.0009783 0.0012370 0.0012370 0.0010814 0.0013410 0.0013921 0.0014438 0.0338442 0.0347193 0.0332754 0.0310061 
EBOV_H.sap-wt_SLE_14_Makona-G3799_KM233080                 1.9009934 1.9084101 1.9088369 2.0016879 2.0020384 1.3245878 1.4033039 0.0303652 0.0301926 0.0303722 0.0308629 0.0014961 0.0014443 0.0010828 0.0010814 0.0009783 0.0004118 0.0000515 0.0004632 0.0010309 0.0007722 0.0006177 0.0005662 0.0004632 0.0004632 0.0005147 0.0005662 0.0007722 0.0000000 0.0000515 0.0005662 0.0004632 0.0003603 0.0003088 0.0003088 0.0003603 0.0002573 0.0002059 0.0004118 0.0004632 0.0004632 0.0003088 0.0002573 0.0004118 0.0002059 0.0001029 0.0004118 0.0004118 0.0001029 0.0001029 0.0002059 0.0001544 0.0004632 0.0003088 0.0006177 0.0005147 0.0002059 0.0001029 0.0002573 0.0006177 0.0003603 0.0003603 0.0005148 0.0005148 0.0002059 0.0001544 0.0002059 0.0004118 0.0001029 0.0001544 0.0001544 0.0006177 0.0002573 0.0003603 0.0006177 0.0003088 0.0002573 0.0003603 0.0004632 0.0001029 0.0004118 0.0002059 0.0001029 0.0003088 0.0005662 0.0005662 0.0004118 0.0006692 0.0007207 0.0007722 0.0332204 0.0340938 0.0325397 0.0304997 
EBOV_H.sap-wt_SLE_14_Makona-G3788_KM233075                 1.9012635 1.9086809 1.9091076 2.0015109 2.0018613 1.3247992 1.4035232 0.0303089 0.0301363 0.0303159 0.0308065 0.0014444 0.0013926 0.0010311 0.0010298 0.0009268 0.0003603 0.0000010 0.0004118 0.0009783 0.0007207 0.0005662 0.0005147 0.0004118 0.0004118 0.0004632 0.0005147 0.0007207 0.0000515 0.0000000 0.0005147 0.0004118 0.0003088 0.0002573 0.0002573 0.0003088 0.0002059 0.0001544 0.0003603 0.0004118 0.0004118 0.0002573 0.0002059 0.0003603 0.0001544 0.0000515 0.0003603 0.0003603 0.0000515 0.0000515 0.0001544 0.0001029 0.0004118 0.0002573 0.0005662 0.0004632 0.0001544 0.0000515 0.0002059 0.0005662 0.0003088 0.0003088 0.0004633 0.0004633 0.0001544 0.0001029 0.0001544 0.0003603 0.0000515 0.0001029 0.0001029 0.0005662 0.0002059 0.0003088 0.0005662 0.0002573 0.0002059 0.0003088 0.0004118 0.0000515 0.0003603 0.0001544 0.0000515 0.0002573 0.0005147 0.0005147 0.0003603 0.0006177 0.0006692 0.0007207 0.0331636 0.0340369 0.0325958 0.0304435 
EBOV_H.sap-wt_SLE_14_Makona-Kenema-G5059_1_KR105296        1.9010303 1.9080310 1.9088741 2.0002159 2.0005663 1.3250923 1.4021643 0.0306553 0.0304825 0.0306623 0.0311534 0.0019621 0.0019101 0.0015481 0.0015475 0.0014442 0.0008763 0.0005147 0.0009279 0.0014961 0.0012377 0.0010827 0.0010310 0.0009278 0.0009278 0.0009794 0.0010310 0.0012373 0.0005662 0.0005147 0.0000000 0.0005147 0.0004118 0.0003603 0.0003603 0.0004118 0.0007207 0.0006692 0.0008763 0.0009268 0.0009268 0.0007722 0.0007207 0.0008753 0.0006692 0.0005662 0.0008753 0.0008753 0.0005662 0.0005662 0.0006692 0.0006177 0.0009268 0.0007722 0.0010828 0.0009795 0.0006692 0.0005662 0.0007207 0.0010831 0.0008238 0.0008238 0.0009784 0.0008753 0.0006692 0.0006177 0.0006692 0.0008753 0.0005662 0.0006177 0.0006177 0.0010827 0.0007207 0.0008238 0.0010828 0.0007722 0.0007207 0.0008238 0.0009268 0.0005662 0.0008753 0.0006692 0.0005662 0.0007722 0.0010298 0.0010298 0.0008753 0.0011347 0.0011859 0.0012375 0.0336273 0.0345021 0.0330586 0.0309024 
EBOV_H.sap-wt_SLE_14_Makona-Kenema-G4702_1_KR105265        1.9021891 1.9091922 1.9100347 2.0009343 2.0012847 1.3243462 1.4023963 0.0305372 0.0303644 0.0305442 0.0310351 0.0018582 0.0018063 0.0014445 0.0014439 0.0013406 0.0007722 0.0004118 0.0008238 0.0013925 0.0011342 0.0009793 0.0009268 0.0008238 0.0008238 0.0008753 0.0009268 0.0011329 0.0004632 0.0004118 0.0005147 0.0000000 0.0003088 0.0002573 0.0002573 0.0003088 0.0005147 0.0004632 0.0006692 0.0007207 0.0007207 0.0005662 0.0006177 0.0007722 0.0005662 0.0004632 0.0007722 0.0007722 0.0004632 0.0004632 0.0005662 0.0005147 0.0008238 0.0006692 0.0009793 0.0008753 0.0005662 0.0004632 0.0006177 0.0009796 0.0007207 0.0007208 0.0008753 0.0007723 0.0005662 0.0005147 0.0005662 0.0007722 0.0004632 0.0005147 0.0005147 0.0009783 0.0006177 0.0007207 0.0009794 0.0006692 0.0006177 0.0007207 0.0008238 0.0004632 0.0007722 0.0005662 0.0004632 0.0006692 0.0009268 0.0009268 0.0007722 0.0010312 0.0010824 0.0011340 0.0335077 0.0343819 0.0329393 0.0307842 
EBOV_H.sap-wt_SLE_14_Makona-Kenema-G4350_1_KR105242        1.9000308 1.9070245 1.9079799 2.0009370 2.0012874 1.3247255 1.4027157 0.0304247 0.0302520 0.0304316 0.0309225 0.0017547 0.0017029 0.0013411 0.0013406 0.0012373 0.0006692 0.0003088 0.0007207 0.0012892 0.0010310 0.0008753 0.0008238 0.0007207 0.0007207 0.0007722 0.0008238 0.0010298 0.0003603 0.0003088 0.0004118 0.0003088 0.0000000 0.0000515 0.0000515 0.0001029 0.0005147 0.0004632 0.0006692 0.0007207 0.0007207 0.0005662 0.0005147 0.0006692 0.0004632 0.0003603 0.0006692 0.0006692 0.0003603 0.0003603 0.0004632 0.0004118 0.0007207 0.0005662 0.0008753 0.0007722 0.0004632 0.0003603 0.0005147 0.0008764 0.0006177 0.0006178 0.0007723 0.0006693 0.0004632 0.0004118 0.0004632 0.0006692 0.0003603 0.0004118 0.0004118 0.0008753 0.0005147 0.0006177 0.0008753 0.0005662 0.0005147 0.0006177 0.0007207 0.0003603 0.0006692 0.0004632 0.0003603 0.0005662 0.0008238 0.0008238 0.0006692 0.0009280 0.0009783 0.0010298 0.0333943 0.0342682 0.0328260 0.0306718 
EBOV_H.sap-wt_SLE_14_Makona-Kenema-G4971_1_KR105284        1.8998623 1.9068554 1.9076986 2.0012148 2.0015652 1.3247619 1.4029349 0.0303684 0.0301957 0.0303753 0.0308661 0.0017030 0.0016512 0.0012895 0.0012889 0.0011857 0.0006177 0.0002573 0.0006692 0.0012375 0.0009793 0.0008238 0.0007722 0.0006692 0.0006692 0.0007207 0.0007722 0.0009783 0.0003088 0.0002573 0.0003603 0.0002573 0.0000515 0.0000000 0.0000010 0.0000515 0.0004632 0.0004118 0.0006177 0.0006692 0.0006692 0.0005147 0.0004632 0.0006177 0.0004118 0.0003088 0.0006177 0.0006177 0.0003088 0.0003088 0.0004118 0.0003603 0.0006692 0.0005147 0.0008238 0.0007207 0.0004118 0.0003088 0.0004632 0.0008248 0.0005662 0.0005663 0.0007208 0.0006178 0.0004118 0.0003603 0.0004118 0.0006177 0.0003088 0.0003603 0.0003603 0.0008238 0.0004632 0.0005662 0.0008238 0.0005147 0.0004632 0.0005662 0.0006692 0.0003088 0.0006177 0.0004118 0.0003088 0.0005147 0.0007722 0.0007722 0.0006177 0.0008764 0.0009268 0.0009783 0.0333375 0.0342113 0.0327693 0.0306155 
EBOV_H.sap-wt_SLE_14_Makona-Kenema-G4937_1_KR105278        1.8998623 1.9068554 1.9076986 2.0012148 2.0015652 1.3247619 1.4029349 0.0303684 0.0301957 0.0303753 0.0308661 0.0017030 0.0016512 0.0012895 0.0012889 0.0011857 0.0006177 0.0002573 0.0006692 0.0012375 0.0009793 0.0008238 0.0007722 0.0006692 0.0006692 0.0007207 0.0007722 0.0009783 0.0003088 0.0002573 0.0003603 0.0002573 0.0000515 0.0000010 0.0000000 0.0000515 0.0004632 0.0004118 0.0006177 0.0006692 0.0006692 0.0005147 0.0004632 0.0006177 0.0004118 0.0003088 0.0006177 0.0006177 0.0003088 0.0003088 0.0004118 0.0003603 0.0006692 0.0005147 0.0008238 0.0007207 0.0004118 0.0003088 0.0004632 0.0008248 0.0005662 0.0005663 0.0007208 0.0006178 0.0004118 0.0003603 0.0004118 0.0006177 0.0003088 0.0003603 0.0003603 0.0008238 0.0004632 0.0005662 0.0008238 0.0005147 0.0004632 0.0005662 0.0006692 0.0003088 0.0006177 0.0004118 0.0003088 0.0005147 0.0007722 0.0007722 0.0006177 0.0008764 0.0009268 0.0009783 0.0333375 0.0342113 0.0327693 0.0306155 
EBOV_H.sap-wt_SLE_14_Makona-Kenema-G4856_1_KR105273        1.8998297 1.9068228 1.9076661 2.0011830 2.0015334 1.3248809 1.4030599 0.0304247 0.0302520 0.0304316 0.0309225 0.0017547 0.0017029 0.0013411 0.0013406 0.0012373 0.0006692 0.0003088 0.0007207 0.0012892 0.0010310 0.0008753 0.0008238 0.0007207 0.0007207 0.0007722 0.0008238 0.0010298 0.0003603 0.0003088 0.0004118 0.0003088 0.0001029 0.0000515 0.0000515 0.0000000 0.0005147 0.0004632 0.0006692 0.0007207 0.0007207 0.0005662 0.0005147 0.0006692 0.0004632 0.0003603 0.0006692 0.0006692 0.0003603 0.0003603 0.0004632 0.0004118 0.0007207 0.0005662 0.0008753 0.0007722 0.0004632 0.0003603 0.0005147 0.0008764 0.0006177 0.0006178 0.0007723 0.0006693 0.0004632 0.0004118 0.0004632 0.0006692 0.0003603 0.0004118 0.0004118 0.0008753 0.0005147 0.0006177 0.0008753 0.0005662 0.0005147 0.0006177 0.0007207 0.0003603 0.0006692 0.0004632 0.0003603 0.0005662 0.0008238 0.0008238 0.0006692 0.0009280 0.0009783 0.0010298 0.0333943 0.0342682 0.0328260 0.0306718 
EBOV_H.sap-wt_SLE_14_Makona-Bonthe-G5723_1_KR105319        1.8998334 1.9072449 1.9076723 1.9998444 2.0001947 1.3242380 1.4032230 0.0305388 0.0303661 0.0305458 0.0310368 0.0016514 0.0015996 0.0012379 0.0012374 0.0011341 0.0005662 0.0002059 0.0006177 0.0011859 0.0009278 0.0007722 0.0007207 0.0006177 0.0006177 0.0006692 0.0007207 0.0009268 0.0002573 0.0002059 0.0007207 0.0005147 0.0005147 0.0004632 0.0004632 0.0005147 0.0000000 0.0000515 0.0002573 0.0003088 0.0003088 0.0001544 0.0004118 0.0005662 0.0003603 0.0002573 0.0005662 0.0005662 0.0002573 0.0002573 0.0003603 0.0003088 0.0006177 0.0004632 0.0007722 0.0006692 0.0003603 0.0002573 0.0004118 0.0007722 0.0005147 0.0005148 0.0006693 0.0006693 0.0003603 0.0003088 0.0003603 0.0005662 0.0002573 0.0003088 0.0003088 0.0007722 0.0004118 0.0005147 0.0007722 0.0004632 0.0004118 0.0005147 0.0006177 0.0002573 0.0005662 0.0003603 0.0002573 0.0004632 0.0007207 0.0007207 0.0005662 0.0008248 0.0008753 0.0009268 0.0333958 0.0342698 0.0328276 0.0306732 
EBOV_H.sap-wt_SLE_14_Makona-J0042_KP759711                 1.9001445 1.9075568 1.9079840 2.0001657 2.0005159 1.3244762 1.4033933 0.0304823 0.0303096 0.0304893 0.0309802 0.0015997 0.0015479 0.0011862 0.0011857 0.0010825 0.0005147 0.0001544 0.0005662 0.0011343 0.0008753 0.0007207 0.0006692 0.0005662 0.0005662 0.0006177 0.0006692 0.0008753 0.0002059 0.0001544 0.0006692 0.0004632 0.0004632 0.0004118 0.0004118 0.0004632 0.0000515 0.0000000 0.0002059 0.0002573 0.0002573 0.0001029 0.0003603 0.0005147 0.0003088 0.0002059 0.0005147 0.0005147 0.0002059 0.0002059 0.0003088 0.0002573 0.0005662 0.0004118 0.0007207 0.0006177 0.0003088 0.0002059 0.0003603 0.0007207 0.0004632 0.0004633 0.0006178 0.0006178 0.0003088 0.0002573 0.0003088 0.0005147 0.0002059 0.0002573 0.0002573 0.0007207 0.0003603 0.0004632 0.0007207 0.0004118 0.0003603 0.0004632 0.0005662 0.0002059 0.0005147 0.0003088 0.0002059 0.0004118 0.0006692 0.0006692 0.0005147 0.0007722 0.0008238 0.0008753 0.0333388 0.0342126 0.0327706 0.0306167 
EBOV_H.sap-wt_SLE_14_Makona-J0150_KP759696                 1.8987248 1.9059277 1.9065571 1.9980013 1.9983513 1.3259256 1.4044300 0.0306596 0.0304868 0.0306666 0.0311578 0.0018069 0.0017550 0.0013932 0.0013926 0.0012893 0.0007207 0.0003603 0.0007722 0.0013411 0.0010829 0.0009279 0.0008753 0.0007722 0.0007722 0.0008238 0.0008753 0.0010825 0.0004118 0.0003603 0.0008763 0.0006692 0.0006692 0.0006177 0.0006177 0.0006692 0.0002573 0.0002059 0.0000000 0.0004632 0.0004632 0.0003088 0.0005662 0.0007207 0.0005147 0.0004118 0.0007207 0.0007207 0.0004118 0.0004118 0.0005147 0.0004632 0.0007722 0.0006177 0.0009280 0.0008238 0.0005147 0.0004118 0.0005662 0.0009282 0.0006692 0.0006693 0.0008238 0.0008238 0.0005147 0.0004632 0.0005147 0.0007207 0.0004118 0.0004632 0.0004632 0.0009279 0.0005662 0.0006692 0.0009280 0.0006177 0.0005662 0.0006692 0.0007722 0.0004118 0.0007207 0.0005147 0.0004118 0.0006177 0.0008753 0.0008753 0.0007207 0.0009798 0.0010311 0.0010827 0.0335183 0.0343928 0.0329497 0.0307939 
