96
SUDV_H.sap-xx_UGA_12_EboSud-603_KC545390                   0.0000000 0.0004091 1.8042787 1.7838315 1.7960890 1.7841231 1.7805693 1.7837143 1.7848757 1.7864203 1.7846077 1.7831107 1.7835716 1.7856708 1.7851524 1.7851524 1.7856488 1.7852212 1.7860452 1.7862484 1.7839028 1.7871335 1.7853846 1.7824645 1.7855017 1.7856190 1.7855493 1.7859080 1.7847866 1.7843941 1.7828096 1.7867562 1.7867562 1.7841958 1.7848246 1.7860243 1.7867636 1.7829339 1.7829098 1.7826724 1.7854489 1.7854489 1.7857366 1.7861362 1.7857363 1.7867952 1.7868305 1.7873267 1.7873267 1.7870610 1.7872989 1.7872992 1.7836789 1.7840452 1.7859014 1.7841520 1.7849173 1.7864482 1.7838581 1.7862062 1.7857022 1.7854174 1.7854788 1.7837484 1.7827762 1.7841010 1.7834337 1.7832648 1.7842905 1.7840250 1.7854051 1.7855128 1.7858101 1.7864776 1.7857161 1.7855128 1.7855128 1.7819549 1.7820924 1.7800251 1.7850914 1.7838067 1.7842825 1.7825423 1.7825423 1.7843946 1.7693266 1.7679630 1.7680314 1.7676351 1.7797808 1.7805628 1.7837952 1.7828327 2.0754273 2.0560340 
SUDV_H.sap-xx_UGA_12_EboSud-609_KC545391                   0.0004091 0.0000000 1.8042583 1.7837499 1.7960072 1.7855908 1.7820336 1.7851820 1.7863444 1.7878910 1.7860770 1.7845771 1.7850390 1.7871403 1.7866216 1.7866216 1.7871182 1.7866904 1.7875151 1.7877185 1.7853702 1.7886045 1.7868539 1.7839304 1.7869716 1.7870889 1.7870191 1.7873781 1.7862556 1.7858629 1.7842765 1.7882275 1.7882275 1.7856645 1.7862942 1.7874949 1.7882352 1.7844010 1.7843768 1.7841394 1.7869178 1.7869178 1.7872065 1.7876068 1.7872061 1.7882661 1.7883015 1.7887978 1.7887978 1.7885320 1.7887700 1.7887704 1.7851464 1.7855132 1.7873717 1.7856202 1.7863863 1.7879186 1.7853255 1.7876762 1.7871715 1.7868867 1.7869480 1.7852163 1.7842432 1.7855691 1.7849010 1.7847320 1.7857587 1.7854930 1.7868747 1.7869825 1.7872801 1.7879483 1.7871859 1.7869825 1.7869825 1.7834210 1.7835589 1.7814891 1.7865602 1.7852749 1.7857515 1.7840087 1.7840087 1.7858629 1.7707851 1.7694204 1.7694888 1.7690918 1.7812504 1.7822359 1.7854693 1.7845055 2.0758883 2.0565433 
RESTV_S.dom-xx_PHL_08_Reston08-C_FJ621584                  1.8042787 1.8042583 0.0000000 0.0347058 0.0512277 1.7722333 1.7705181 1.7714024 1.7734487 1.7697464 1.7696359 1.7706808 1.7727071 1.7701114 1.7699672 1.7699672 1.7709085 1.7702120 1.7701668 1.7704335 1.7707780 1.7715915 1.7674906 1.7718994 1.7688127 1.7698437 1.7691760 1.7691413 1.7709545 1.7693292 1.7698680 1.7709477 1.7709477 1.7717656 1.7700080 1.7692166 1.7693530 1.7707123 1.7707079 1.7705459 1.7695773 1.7695773 1.7699170 1.7709744 1.7699173 1.7700464 1.7698143 1.7703129 1.7700458 1.7700461 1.7689886 1.7691922 1.7694600 1.7710723 1.7706800 1.7708482 1.7701760 1.7702820 1.7700094 1.7697115 1.7691486 1.7689868 1.7689868 1.7715640 1.7701789 1.7718376 1.7703829 1.7706073 1.7715713 1.7713045 1.7703107 1.7698827 1.7703839 1.7705791 1.7700863 1.7698827 1.7698827 1.7712633 1.7720607 1.7700504 1.7714458 1.7716643 1.7725940 1.7704078 1.7704078 1.7698442 1.7612069 1.7578615 1.7587537 1.7597052 1.7716284 1.7671916 1.7667754 1.7688347 2.1219031 2.0308015 
RESTV_M.fas-tc_USA_89_Philippines89-Pennsylvania_NC_004161 1.7838315 1.7837499 0.0347058 0.0000000 0.0255947 1.7557277 1.7548798 1.7558339 1.7579939 1.7545295 1.7542192 1.7557191 1.7571971 1.7546890 1.7545447 1.7545447 1.7554859 1.7547893 1.7542892 1.7545558 1.7547580 1.7561563 1.7522873 1.7564641 1.7536016 1.7546326 1.7539665 1.7539312 1.7532759 1.7534647 1.7545881 1.7555183 1.7555183 1.7557449 1.7543855 1.7538075 1.7539383 1.7552917 1.7550814 1.7551246 1.7541639 1.7541639 1.7545003 1.7555513 1.7542972 1.7546237 1.7543908 1.7548893 1.7546219 1.7546228 1.7535780 1.7537810 1.7553955 1.7557080 1.7552565 1.7553563 1.7547540 1.7548655 1.7545870 1.7542967 1.7537385 1.7535776 1.7535776 1.7565914 1.7546937 1.7564099 1.7549611 1.7551854 1.7561427 1.7558761 1.7548932 1.7540097 1.7543682 1.7551553 1.7546690 1.7544659 1.7544659 1.7556420 1.7564322 1.7546782 1.7558743 1.7564234 1.7574100 1.7544550 1.7544550 1.7542222 1.7478069 1.7437646 1.7449167 1.7458620 1.7565574 1.7528081 1.7527992 1.7536998 2.1070132 2.0240303 
RESTV_S.dom-tc_PHL_08_Reston08-A_FJ621583                  1.7960890 1.7960072 0.0512277 0.0255947 0.0000000 1.7911418 1.7898517 1.7910180 1.7932610 1.7896925 1.7887659 1.7913429 1.7924417 1.7893972 1.7897114 1.7897114 1.7906601 1.7899585 1.7892462 1.7895152 1.7899235 1.7913646 1.7874022 1.7916130 1.7887443 1.7897830 1.7891081 1.7890740 1.7886048 1.7887968 1.7897516 1.7907083 1.7907083 1.7909196 1.7895420 1.7889380 1.7890827 1.7904598 1.7904578 1.7902931 1.7887029 1.7887029 1.7896536 1.7907270 1.7894477 1.7897917 1.7895589 1.7900612 1.7897926 1.7897921 1.7889157 1.7891215 1.7891854 1.7908933 1.7904311 1.7905438 1.7899213 1.7894166 1.7899596 1.7894439 1.7888708 1.7887065 1.7887065 1.7917881 1.7898610 1.7916028 1.7901295 1.7903557 1.7913355 1.7910665 1.7900511 1.7891596 1.7895213 1.7903298 1.7898249 1.7896190 1.7896190 1.7910108 1.7918234 1.7900466 1.7912750 1.7918289 1.7927738 1.7898144 1.7898144 1.7895818 1.7782147 1.7740940 1.7752672 1.7762322 1.7880713 1.7828208 1.7830700 1.7841907 2.1224139 2.0496338 
EBOV_H.sap-wt_GIN_14_Makona-Gueckedou-EM_080076_KR817235   1.7841231 1.7855908 1.7722333 1.7557277 1.7911418 0.0000000 0.0016562 0.0024882 0.0026957 0.0027477 0.0027476 0.0024363 0.0023320 0.0022796 0.0022276 0.0022276 0.0021757 0.0021237 0.0023838 0.0024357 0.0023316 0.0026958 0.0026441 0.0023836 0.0027483 0.0026442 0.0024362 0.0025922 0.0026438 0.0024874 0.0023316 0.0025400 0.0025400 0.0023836 0.0024880 0.0023843 0.0025404 0.0021757 0.0016565 0.0021755 0.0024879 0.0024879 0.0021758 0.0021758 0.0022278 0.0021759 0.0022798 0.0022798 0.0022798 0.0022279 0.0022280 0.0021760 0.0020720 0.0020717 0.0021758 0.0021756 0.0023322 0.0023322 0.0023320 0.0022797 0.0022281 0.0022277 0.0021238 0.0020197 0.0019678 0.0020198 0.0018640 0.0018121 0.0019160 0.0018641 0.0020718 0.0020718 0.0020718 0.0020205 0.0020199 0.0019680 0.0019680 0.0019679 0.0020714 0.0013970 0.0018644 0.0017606 0.0018645 0.0012934 0.0012934 0.0013974 0.0309711 0.0306820 0.0304479 0.0303343 0.0306709 0.0338854 0.0345116 0.0350958 1.3062423 1.2525953 
EBOV_H.sap-wt_GIN_14_Makona-Gueckedou-EM_079702_KR817210   1.7805693 1.7820336 1.7705181 1.7548798 1.7898517 0.0016562 0.0000000 0.0023834 0.0025908 0.0026428 0.0026427 0.0023316 0.0022273 0.0021749 0.0021230 0.0021230 0.0020711 0.0020192 0.0022791 0.0023310 0.0022269 0.0025909 0.0025392 0.0022789 0.0026433 0.0025394 0.0023315 0.0024874 0.0025390 0.0023827 0.0022269 0.0024352 0.0024352 0.0022789 0.0023832 0.0022796 0.0024356 0.0020711 0.0015523 0.0020710 0.0023832 0.0023832 0.0020712 0.0020712 0.0021232 0.0020714 0.0021752 0.0021752 0.0021752 0.0021233 0.0021234 0.0020714 0.0019675 0.0019672 0.0020712 0.0020710 0.0022276 0.0022275 0.0022273 0.0021750 0.0021234 0.0021231 0.0020193 0.0019153 0.0018634 0.0019153 0.0017596 0.0017078 0.0018116 0.0017597 0.0019673 0.0019673 0.0019673 0.0019160 0.0019154 0.0018635 0.0018635 0.0018634 0.0019669 0.0012929 0.0017600 0.0016563 0.0017601 0.0011884 0.0011884 0.0012933 0.0309600 0.0306710 0.0304370 0.0303235 0.0306599 0.0338733 0.0346132 0.0352465 1.3069213 1.2553367 
EBOV_H.sap-wt_GIN_14_Makona-Macenta-EM_000982_KR817086     1.7837143 1.7851820 1.7714024 1.7558339 1.7910180 0.0024882 0.0023834 0.0000000 0.0015527 0.0016046 0.0016045 0.0010866 0.0012420 0.0011380 0.0010862 0.0010862 0.0010344 0.0009826 0.0012417 0.0012935 0.0011898 0.0015528 0.0015011 0.0012416 0.0016049 0.0015012 0.0012938 0.0014493 0.0015009 0.0013452 0.0011898 0.0013974 0.0013974 0.0012416 0.0013455 0.0012420 0.0013976 0.0010344 0.0010343 0.0010343 0.0013455 0.0013455 0.0010344 0.0010344 0.0010862 0.0010345 0.0011381 0.0011381 0.0011381 0.0010863 0.0010863 0.0010345 0.0009309 0.0009299 0.0010344 0.0010343 0.0011901 0.0011901 0.0011900 0.0011380 0.0010864 0.0010862 0.0009826 0.0008782 0.0008265 0.0008782 0.0007232 0.0006715 0.0007748 0.0007232 0.0009299 0.0009299 0.0009299 0.0008793 0.0008782 0.0008265 0.0008265 0.0020719 0.0021755 0.0020197 0.0019684 0.0018646 0.0019685 0.0013972 0.0013972 0.0015013 0.0308610 0.0306841 0.0304500 0.0303364 0.0306205 0.0339490 0.0346894 0.0353232 1.3035565 1.2530159 
EBOV_H.sap-wt_SLE_14_Makona-G4973_1_KR105286               1.7848757 1.7863444 1.7734487 1.7579939 1.7932610 0.0026957 0.0025908 0.0015527 0.0000000 0.0017079 0.0017078 0.0015009 0.0013453 0.0012412 0.0011885 0.0011885 0.0011368 0.0010850 0.0014487 0.0015005 0.0013967 0.0016561 0.0016044 0.0006198 0.0016568 0.0016045 0.0013971 0.0015526 0.0016042 0.0014485 0.0012931 0.0015007 0.0015007 0.0013449 0.0014488 0.0013453 0.0015009 0.0012413 0.0012412 0.0012412 0.0014488 0.0014488 0.0011368 0.0011368 0.0011895 0.0011378 0.0012414 0.0012414 0.0012414 0.0011896 0.0011896 0.0011378 0.0011378 0.0010333 0.0011368 0.0012412 0.0012934 0.0012934 0.0012933 0.0012413 0.0011897 0.0011895 0.0010850 0.0009816 0.0010333 0.0009816 0.0009299 0.0008783 0.0008783 0.0008266 0.0010333 0.0010333 0.0010333 0.0009816 0.0009816 0.0009299 0.0009299 0.0022792 0.0023827 0.0022270 0.0021757 0.0020718 0.0021758 0.0016042 0.0016042 0.0017084 0.0313044 0.0310151 0.0307808 0.0306671 0.0310045 0.0343354 0.0350763 0.0357105 1.3035509 1.2521819 
EBOV_H.sap-wt_SLE_14_Makona-Koinadugu-20143659_KR653256    1.7864203 1.7878910 1.7697464 1.7545295 1.7896925 0.0027477 0.0026428 0.0016046 0.0017079 0.0000000 0.0011367 0.0015528 0.0013971 0.0012931 0.0012413 0.0012413 0.0011895 0.0011367 0.0015006 0.0015524 0.0014486 0.0015004 0.0008265 0.0013968 0.0009299 0.0008265 0.0006198 0.0007748 0.0012412 0.0010850 0.0013449 0.0013451 0.0013451 0.0011884 0.0012932 0.0009816 0.0011379 0.0012931 0.0012930 0.0012930 0.0008782 0.0008782 0.0009816 0.0009816 0.0010333 0.0009816 0.0010850 0.0010850 0.0010850 0.0010333 0.0010333 0.0009816 0.0011896 0.0010850 0.0009816 0.0012930 0.0007232 0.0007232 0.0007232 0.0007748 0.0007232 0.0006198 0.0006198 0.0010333 0.0010850 0.0010333 0.0009816 0.0009299 0.0009299 0.0008782 0.0008782 0.0008782 0.0008782 0.0008265 0.0008265 0.0007748 0.0007748 0.0023311 0.0024347 0.0022789 0.0022276 0.0021238 0.0022278 0.0016561 0.0016561 0.0017603 0.0313610 0.0310716 0.0308373 0.0307236 0.0310611 0.0343926 0.0351336 0.0357679 1.3042628 1.2525784 
EBOV_H.sap-wt_SLE_14_Makona-Kenema-G4730_1_KR105268        1.7846077 1.7860770 1.7696359 1.7542192 1.7887659 0.0027476 0.0026427 0.0016045 0.0017078 0.0011367 0.0000000 0.0015527 0.0013971 0.0012930 0.0012412 0.0012412 0.0011894 0.0011367 0.0015005 0.0015524 0.0014485 0.0015004 0.0010333 0.0013967 0.0011378 0.0010333 0.0008265 0.0009816 0.0012412 0.0010850 0.0013448 0.0013450 0.0013450 0.0011884 0.0012932 0.0009816 0.0011379 0.0012931 0.0012930 0.0012930 0.0008782 0.0008782 0.0009816 0.0009816 0.0010333 0.0009816 0.0010850 0.0010850 0.0010850 0.0010333 0.0010333 0.0009816 0.0011896 0.0010850 0.0009816 0.0012930 0.0007232 0.0006198 0.0007232 0.0007748 0.0007232 0.0006198 0.0006198 0.0010333 0.0010850 0.0010333 0.0009816 0.0009299 0.0009299 0.0008782 0.0008782 0.0008782 0.0008782 0.0008265 0.0008265 0.0007748 0.0007748 0.0023311 0.0024346 0.0022789 0.0022275 0.0021237 0.0022277 0.0016561 0.0016561 0.0017602 0.0313111 0.0310217 0.0307873 0.0306736 0.0310111 0.0343427 0.0350837 0.0357180 1.3023967 1.2519403 
EBOV_H.sap-wt_GIN_14_Makona-Gueckedou-EM_076138_KR817140   1.7831107 1.7845771 1.7706808 1.7557191 1.7913429 0.0024363 0.0023316 0.0010866 0.0015009 0.0015528 0.0015527 0.0000000 0.0011902 0.0010347 0.0010344 0.0010344 0.0009826 0.0009299 0.0011900 0.0012418 0.0011380 0.0015010 0.0014493 0.0011899 0.0015531 0.0014494 0.0012420 0.0013975 0.0014492 0.0012935 0.0011380 0.0013456 0.0013456 0.0011899 0.0012937 0.0011902 0.0013458 0.0009827 0.0009826 0.0009816 0.0012937 0.0012937 0.0009827 0.0009827 0.0010345 0.0009828 0.0010863 0.0010863 0.0010863 0.0010346 0.0010346 0.0009828 0.0008782 0.0008782 0.0009827 0.0009826 0.0011384 0.0011384 0.0011383 0.0010863 0.0010346 0.0010345 0.0009309 0.0008265 0.0007748 0.0008265 0.0006715 0.0006198 0.0007232 0.0006715 0.0008782 0.0008782 0.0008782 0.0008276 0.0008265 0.0007748 0.0007748 0.0020201 0.0021236 0.0019679 0.0019166 0.0018128 0.0019167 0.0013454 0.0013454 0.0014495 0.0309182 0.0307413 0.0305071 0.0303935 0.0307302 0.0340593 0.0347999 0.0354337 1.3043632 1.2534762 
EBOV_H.sap-wt_GIN_14_Makona-Beyla-EM_075931_KR817138       1.7835716 1.7850390 1.7727071 1.7571971 1.7924417 0.0023320 0.0022273 0.0012420 0.0013453 0.0013971 0.0013971 0.0011902 0.0000000 0.0006198 0.0005681 0.0005681 0.0005165 0.0004648 0.0011381 0.0011899 0.0010862 0.0013453 0.0012937 0.0010344 0.0013974 0.0012937 0.0010865 0.0012419 0.0011899 0.0010343 0.0009816 0.0011900 0.0011900 0.0010344 0.0011382 0.0009311 0.0010866 0.0009299 0.0009299 0.0009299 0.0011381 0.0011381 0.0008265 0.0008265 0.0008782 0.0008265 0.0009299 0.0009299 0.0009299 0.0008782 0.0008782 0.0008265 0.0007748 0.0007232 0.0008265 0.0009299 0.0009829 0.0009828 0.0009828 0.0009299 0.0008782 0.0008782 0.0007748 0.0006715 0.0007232 0.0006715 0.0006198 0.0005681 0.0005681 0.0005165 0.0007232 0.0007232 0.0007232 0.0006715 0.0006715 0.0006198 0.0006198 0.0019159 0.0020195 0.0018638 0.0018124 0.0017087 0.0018126 0.0012416 0.0012416 0.0013456 0.0308000 0.0305111 0.0302772 0.0301636 0.0304998 0.0338263 0.0345664 0.0351998 1.3031659 1.2523391 
EBOV_H.sap-wt_GIN_14_Makona-Faranah-EM_078415_KR817160     1.7856708 1.7871403 1.7701114 1.7546890 1.7893972 0.0022796 0.0021749 0.0011380 0.0012412 0.0012931 0.0012930 0.0010347 0.0006198 0.0000000 0.0004648 0.0004648 0.0004131 0.0003615 0.0010333 0.0010850 0.0008782 0.0012413 0.0011896 0.0009299 0.0012933 0.0011897 0.0009816 0.0011379 0.0011895 0.0010333 0.0008782 0.0010860 0.0010860 0.0009299 0.0010333 0.0009299 0.0010862 0.0008265 0.0008265 0.0008265 0.0010333 0.0010333 0.0007232 0.0007232 0.0007748 0.0007232 0.0008265 0.0008265 0.0008265 0.0007748 0.0007748 0.0007232 0.0006715 0.0006198 0.0007232 0.0008265 0.0008782 0.0008782 0.0008782 0.0008265 0.0007748 0.0007748 0.0006715 0.0005681 0.0006198 0.0005681 0.0005165 0.0004648 0.0004648 0.0004131 0.0006198 0.0006198 0.0006198 0.0005681 0.0005681 0.0005165 0.0005165 0.0018636 0.0019672 0.0018116 0.0017602 0.0016565 0.0017603 0.0011895 0.0011895 0.0012935 0.0307369 0.0304481 0.0302143 0.0301008 0.0304367 0.0337619 0.0345017 0.0351348 1.3030836 1.2512316 
EBOV_H.sap-wt_GIN_14_Makona-Kissidougou-EM_078694_KR817171 1.7851524 1.7866216 1.7699672 1.7545447 1.7897114 0.0022276 0.0021230 0.0010862 0.0011885 0.0012413 0.0012412 0.0010344 0.0005681 0.0004648 0.0000000 0.0000010 0.0003615 0.0003098 0.0009816 0.0010333 0.0009299 0.0011895 0.0011379 0.0008783 0.0012415 0.0011379 0.0009299 0.0010861 0.0011377 0.0009816 0.0008265 0.0010333 0.0010333 0.0008782 0.0009816 0.0008782 0.0010344 0.0007748 0.0007748 0.0007748 0.0009816 0.0009816 0.0006715 0.0006715 0.0007232 0.0006715 0.0007748 0.0007748 0.0007748 0.0007232 0.0007232 0.0006715 0.0006198 0.0005681 0.0006715 0.0007748 0.0008265 0.0008265 0.0008265 0.0007748 0.0007232 0.0007232 0.0006198 0.0005165 0.0005681 0.0005165 0.0004648 0.0004131 0.0004131 0.0003615 0.0005681 0.0005681 0.0005681 0.0005165 0.0005165 0.0004648 0.0004648 0.0018118 0.0019153 0.0017597 0.0017083 0.0016046 0.0017084 0.0011377 0.0011377 0.0012417 0.0306809 0.0303922 0.0301584 0.0300450 0.0303807 0.0337055 0.0344452 0.0350782 1.3027422 1.2509250 
EBOV_H.sap-wt_GIN_14_Makona-Kissidougou-EM_078722_KR817175 1.7851524 1.7866216 1.7699672 1.7545447 1.7897114 0.0022276 0.0021230 0.0010862 0.0011885 0.0012413 0.0012412 0.0010344 0.0005681 0.0004648 0.0000010 0.0000000 0.0003615 0.0003098 0.0009816 0.0010333 0.0009299 0.0011895 0.0011379 0.0008783 0.0012415 0.0011379 0.0009299 0.0010861 0.0011377 0.0009816 0.0008265 0.0010333 0.0010333 0.0008782 0.0009816 0.0008782 0.0010344 0.0007748 0.0007748 0.0007748 0.0009816 0.0009816 0.0006715 0.0006715 0.0007232 0.0006715 0.0007748 0.0007748 0.0007748 0.0007232 0.0007232 0.0006715 0.0006198 0.0005681 0.0006715 0.0007748 0.0008265 0.0008265 0.0008265 0.0007748 0.0007232 0.0007232 0.0006198 0.0005165 0.0005681 0.0005165 0.0004648 0.0004131 0.0004131 0.0003615 0.0005681 0.0005681 0.0005681 0.0005165 0.0005165 0.0004648 0.0004648 0.0018118 0.0019153 0.0017597 0.0017083 0.0016046 0.0017084 0.0011377 0.0011377 0.0012417 0.0306809 0.0303922 0.0301584 0.0300450 0.0303807 0.0337055 0.0344452 0.0350782 1.3027422 1.2509250 
EBOV_H.sap-wt_GIN_14_Makona-Kankan-EM_078639_KR817166      1.7856488 1.7871182 1.7709085 1.7554859 1.7906601 0.0021757 0.0020711 0.0010344 0.0011368 0.0011895 0.0011894 0.0009826 0.0005165 0.0004131 0.0003615 0.0003615 0.0000000 0.0002582 0.0009299 0.0009816 0.0008782 0.0011377 0.0010861 0.0008266 0.0011897 0.0010861 0.0008782 0.0010343 0.0010850 0.0009299 0.0007748 0.0009816 0.0009816 0.0008265 0.0009299 0.0008265 0.0009826 0.0007232 0.0007232 0.0007232 0.0009299 0.0009299 0.0006198 0.0006198 0.0006715 0.0006198 0.0007232 0.0007232 0.0007232 0.0006715 0.0006715 0.0006198 0.0005681 0.0005165 0.0006198 0.0007232 0.0007748 0.0007748 0.0007748 0.0007232 0.0006715 0.0006715 0.0005681 0.0004648 0.0005165 0.0004648 0.0004131 0.0003615 0.0003615 0.0003098 0.0005165 0.0005165 0.0005165 0.0004648 0.0004648 0.0004131 0.0004131 0.0017599 0.0018634 0.0017078 0.0016564 0.0015528 0.0016565 0.0010850 0.0010850 0.0011898 0.0306246 0.0303359 0.0301022 0.0299887 0.0303244 0.0336486 0.0343882 0.0350211 1.3022016 1.2508550 
EBOV_H.sap-wt_GIN_14_Makona-Macenta-EM_076191_KR817141     1.7852212 1.7866904 1.7702120 1.7547893 1.7899585 0.0021237 0.0020192 0.0009826 0.0010850 0.0011367 0.0011367 0.0009299 0.0004648 0.0003615 0.0003098 0.0003098 0.0002582 0.0000000 0.0008782 0.0009299 0.0008265 0.0010850 0.0010333 0.0007749 0.0011379 0.0010343 0.0008265 0.0009816 0.0010333 0.0008782 0.0007232 0.0009299 0.0009299 0.0007748 0.0008782 0.0007748 0.0009299 0.0006715 0.0006715 0.0006715 0.0008782 0.0008782 0.0005681 0.0005681 0.0006198 0.0005681 0.0006715 0.0006715 0.0006715 0.0006198 0.0006198 0.0005681 0.0005165 0.0004648 0.0005681 0.0006715 0.0007232 0.0007232 0.0007232 0.0006715 0.0006198 0.0006198 0.0005165 0.0004131 0.0004648 0.0004131 0.0003615 0.0003098 0.0003098 0.0002582 0.0004648 0.0004648 0.0004648 0.0004131 0.0004131 0.0003615 0.0003615 0.0017080 0.0018115 0.0016560 0.0016046 0.0015009 0.0016047 0.0010333 0.0010333 0.0011380 0.0305683 0.0302797 0.0300460 0.0299325 0.0302680 0.0335918 0.0343312 0.0349641 1.3027478 1.2504974 
EBOV_H.sap-wt_GIN_15_Makona-Faranah-EM_004503_KR817102     1.7860452 1.7875151 1.7701668 1.7542892 1.7892462 0.0023838 0.0022791 0.0012417 0.0014487 0.0015006 0.0015005 0.0011900 0.0011381 0.0010333 0.0009816 0.0009816 0.0009299 0.0008782 0.0000000 0.0000516 0.0010850 0.0014488 0.0013971 0.0011378 0.0015009 0.0013972 0.0011899 0.0013454 0.0013970 0.0012413 0.0010850 0.0012934 0.0012934 0.0011378 0.0012416 0.0011381 0.0012936 0.0009299 0.0009299 0.0009299 0.0012416 0.0012416 0.0009299 0.0009299 0.0009816 0.0009299 0.0010333 0.0010343 0.0010343 0.0009816 0.0009816 0.0009299 0.0008265 0.0008265 0.0009299 0.0007232 0.0010863 0.0010863 0.0010862 0.0010333 0.0009826 0.0009816 0.0008782 0.0007748 0.0005165 0.0007748 0.0006198 0.0005681 0.0006715 0.0006198 0.0008265 0.0008265 0.0008265 0.0007748 0.0007748 0.0007232 0.0007232 0.0019677 0.0020712 0.0019155 0.0018642 0.0017604 0.0018643 0.0012933 0.0012933 0.0013973 0.0307991 0.0305103 0.0302764 0.0301628 0.0304989 0.0338253 0.0345654 0.0351987 1.3039882 1.2508398 
EBOV_H.sap-wt_GIN_15_Makona-Kissidougou-EM_004555_KR817103 1.7862484 1.7877185 1.7704335 1.7545558 1.7895152 0.0024357 0.0023310 0.0012935 0.0015005 0.0015524 0.0015524 0.0012418 0.0011899 0.0010850 0.0010333 0.0010333 0.0009816 0.0009299 0.0000516 0.0000000 0.0011378 0.0015006 0.0014490 0.0011896 0.0015527 0.0014490 0.0012417 0.0013972 0.0014488 0.0012931 0.0011378 0.0013453 0.0013453 0.0011896 0.0012934 0.0011899 0.0013455 0.0009816 0.0009816 0.0009816 0.0012934 0.0012934 0.0009816 0.0009816 0.0010333 0.0009816 0.0010861 0.0010861 0.0010861 0.0010343 0.0010343 0.0009816 0.0008782 0.0008782 0.0009816 0.0007748 0.0011381 0.0011381 0.0011380 0.0010860 0.0010344 0.0010333 0.0009299 0.0008265 0.0005681 0.0008265 0.0006715 0.0006198 0.0007232 0.0006715 0.0008782 0.0008782 0.0008782 0.0008265 0.0008265 0.0007748 0.0007748 0.0020196 0.0021231 0.0019674 0.0019161 0.0018123 0.0019162 0.0013451 0.0013451 0.0014491 0.0308553 0.0305664 0.0303324 0.0302189 0.0305551 0.0338820 0.0346221 0.0352556 1.3042101 1.2505803 
EBOV_H.sap-wt_LBR_14_Makona-LIBR0430_KR006955              1.7839028 1.7853702 1.7707780 1.7547580 1.7899235 0.0023316 0.0022269 0.0011898 0.0013967 0.0014486 0.0014485 0.0011380 0.0010862 0.0008782 0.0009299 0.0009299 0.0008782 0.0008265 0.0010850 0.0011378 0.0000000 0.0013968 0.0013452 0.0010850 0.0014489 0.0013452 0.0011380 0.0012934 0.0013450 0.0011894 0.0010333 0.0012415 0.0012415 0.0010850 0.0011897 0.0010862 0.0012417 0.0008782 0.0008782 0.0008782 0.0011897 0.0011897 0.0008782 0.0008782 0.0009299 0.0008782 0.0009816 0.0009816 0.0009816 0.0009299 0.0009299 0.0008782 0.0007748 0.0007748 0.0008782 0.0008782 0.0010344 0.0010344 0.0010343 0.0009816 0.0009299 0.0009299 0.0008265 0.0007232 0.0006715 0.0007232 0.0005681 0.0005165 0.0006198 0.0005681 0.0007748 0.0007748 0.0007748 0.0007232 0.0007232 0.0006715 0.0006715 0.0019156 0.0020191 0.0018635 0.0018121 0.0017084 0.0018122 0.0012413 0.0012413 0.0013453 0.0309077 0.0306188 0.0303848 0.0302713 0.0306076 0.0339347 0.0346748 0.0353083 1.3031191 1.2501922 
EBOV_H.sap-wt_SLE_14_Makona-Kenema-G5059_1_KR105296        1.7871335 1.7886045 1.7715915 1.7561563 1.7913646 0.0026958 0.0025909 0.0015528 0.0016561 0.0015004 0.0015004 0.0015010 0.0013453 0.0012413 0.0011895 0.0011895 0.0011377 0.0010850 0.0014488 0.0015006 0.0013968 0.0000000 0.0013970 0.0013450 0.0015007 0.0013971 0.0011898 0.0013452 0.0013968 0.0012412 0.0012931 0.0011897 0.0011897 0.0011367 0.0012415 0.0011380 0.0012935 0.0012414 0.0012413 0.0012413 0.0012415 0.0012415 0.0009299 0.0009299 0.0009816 0.0005165 0.0006198 0.0006198 0.0006198 0.0005681 0.0009816 0.0009299 0.0011379 0.0010333 0.0009299 0.0012413 0.0010862 0.0010862 0.0010861 0.0010333 0.0009816 0.0009816 0.0008782 0.0009816 0.0010333 0.0009816 0.0009299 0.0008782 0.0008782 0.0008265 0.0008265 0.0008265 0.0008265 0.0007748 0.0007748 0.0007232 0.0007232 0.0022793 0.0023829 0.0022271 0.0021758 0.0020720 0.0021759 0.0016043 0.0016043 0.0017085 0.0311936 0.0309043 0.0306701 0.0305564 0.0310059 0.0343369 0.0350779 0.0357121 1.3029147 1.2515031 
EBOV_H.sap-wt_SLE_14_Makona-J0128_KP759677                 1.7853846 1.7868539 1.7674906 1.7522873 1.7874022 0.0026441 0.0025392 0.0015011 0.0016044 0.0008265 0.0010333 0.0014493 0.0012937 0.0011896 0.0011379 0.0011379 0.0010861 0.0010333 0.0013971 0.0014490 0.0013452 0.0013970 0.0000000 0.0012933 0.0008265 0.0007232 0.0005165 0.0006715 0.0011378 0.0009816 0.0012415 0.0012416 0.0012416 0.0010860 0.0011898 0.0008782 0.0010345 0.0011897 0.0011896 0.0011896 0.0007748 0.0007748 0.0008782 0.0008782 0.0009299 0.0008782 0.0009816 0.0009816 0.0009816 0.0009299 0.0009299 0.0008782 0.0010862 0.0009816 0.0008782 0.0011896 0.0006198 0.0006198 0.0006198 0.0006715 0.0006198 0.0005165 0.0005165 0.0009299 0.0009816 0.0009299 0.0008782 0.0008265 0.0008265 0.0007748 0.0007748 0.0007748 0.0007748 0.0007232 0.0007232 0.0006715 0.0006715 0.0022276 0.0023312 0.0021754 0.0021241 0.0020203 0.0021242 0.0015526 0.0015526 0.0016568 0.0312537 0.0309644 0.0307300 0.0306163 0.0309536 0.0342847 0.0350257 0.0356599 1.3053495 1.2537887 
EBOV_H.sap-wt_SLE_14_Makona-Kailahun-20140517_KR653263     1.7824645 1.7839304 1.7718994 1.7564641 1.7916130 0.0023836 0.0022789 0.0012416 0.0006198 0.0013968 0.0013967 0.0011899 0.0010344 0.0009299 0.0008783 0.0008783 0.0008266 0.0007749 0.0011378 0.0011896 0.0010850 0.0013450 0.0012933 0.0000000 0.0013456 0.0012934 0.0010862 0.0012416 0.0012932 0.0011368 0.0009816 0.0011897 0.0011897 0.0010333 0.0011379 0.0010344 0.0011899 0.0009299 0.0009299 0.0009299 0.0011379 0.0011379 0.0008266 0.0008266 0.0008783 0.0008266 0.0009299 0.0009299 0.0009299 0.0008783 0.0008783 0.0008266 0.0008266 0.0007232 0.0008266 0.0009299 0.0009816 0.0009816 0.0009816 0.0009299 0.0008783 0.0008783 0.0007749 0.0006715 0.0007232 0.0006715 0.0006198 0.0005682 0.0005682 0.0005165 0.0007232 0.0007232 0.0007232 0.0006715 0.0006715 0.0006198 0.0006198 0.0019675 0.0020711 0.0019154 0.0018641 0.0017603 0.0018642 0.0012932 0.0012932 0.0013972 0.0309654 0.0306764 0.0304423 0.0303287 0.0306653 0.0339930 0.0347333 0.0353669 1.3033673 1.2510587 
EBOV_H.sap-wt_SLE_14_Makona-PortLoko-J0083_KP759752        1.7855017 1.7869716 1.7688127 1.7536016 1.7887443 0.0027483 0.0026433 0.0016049 0.0016568 0.0009299 0.0011378 0.0015531 0.0013974 0.0012933 0.0012415 0.0012415 0.0011897 0.0011379 0.0015009 0.0015527 0.0014489 0.0015007 0.0008265 0.0013456 0.0000000 0.0003098 0.0003098 0.0002582 0.0012415 0.0010850 0.0013452 0.0013454 0.0013454 0.0011897 0.0012935 0.0009827 0.0011382 0.0012934 0.0012933 0.0012933 0.0008782 0.0008782 0.0009816 0.0009816 0.0010343 0.0009826 0.0010861 0.0010862 0.0010862 0.0010344 0.0010344 0.0009826 0.0011899 0.0010861 0.0009816 0.0012933 0.0007232 0.0007232 0.0007232 0.0007748 0.0007232 0.0006198 0.0006198 0.0010333 0.0010861 0.0010333 0.0009816 0.0009299 0.0009299 0.0008782 0.0008782 0.0008782 0.0008782 0.0008265 0.0008265 0.0007748 0.0007748 0.0023316 0.0024352 0.0022794 0.0022281 0.0021243 0.0022282 0.0016565 0.0016565 0.0017607 0.0313135 0.0310241 0.0307897 0.0306760 0.0309610 0.0342927 0.0350339 0.0356682 1.3031042 1.2526922 
EBOV_H.sap-wt_SLE_14_Makona-J0119_KP759667                 1.7856190 1.7870889 1.7698437 1.7546326 1.7897830 0.0026442 0.0025394 0.0015012 0.0016045 0.0008265 0.0010333 0.0014494 0.0012937 0.0011897 0.0011379 0.0011379 0.0010861 0.0010343 0.0013972 0.0014490 0.0013452 0.0013971 0.0007232 0.0012934 0.0003098 0.0000000 0.0002065 0.0001549 0.0011379 0.0009816 0.0012415 0.0012417 0.0012417 0.0010861 0.0011899 0.0008782 0.0010346 0.0011898 0.0011897 0.0011897 0.0007748 0.0007748 0.0008782 0.0008782 0.0009299 0.0008782 0.0009816 0.0009826 0.0009826 0.0009299 0.0009299 0.0008782 0.0010863 0.0009816 0.0008782 0.0011897 0.0006198 0.0006198 0.0006198 0.0006715 0.0006198 0.0005165 0.0005165 0.0009299 0.0009816 0.0009299 0.0008782 0.0008265 0.0008265 0.0007748 0.0007748 0.0007748 0.0007748 0.0007232 0.0007232 0.0006715 0.0006715 0.0022277 0.0023313 0.0021755 0.0021242 0.0020204 0.0021243 0.0015527 0.0015527 0.0016569 0.0312547 0.0309653 0.0307310 0.0306173 0.0308428 0.0342331 0.0349741 0.0356082 1.3034909 1.2523819 
EBOV_H.sap-wt_SLE_14_Makona-PortLoko-20140024_KR653252     1.7855493 1.7870191 1.7691760 1.7539665 1.7891081 0.0024362 0.0023315 0.0012938 0.0013971 0.0006198 0.0008265 0.0012420 0.0010865 0.0009816 0.0009299 0.0009299 0.0008782 0.0008265 0.0011899 0.0012417 0.0011380 0.0011898 0.0005165 0.0010862 0.0003098 0.0002065 0.0000000 0.0001549 0.0009299 0.0007748 0.0010344 0.0010345 0.0010345 0.0008782 0.0009827 0.0006715 0.0008265 0.0009826 0.0009816 0.0009816 0.0005681 0.0005681 0.0006715 0.0006715 0.0007232 0.0006715 0.0007748 0.0007748 0.0007748 0.0007232 0.0007232 0.0006715 0.0008782 0.0007748 0.0006715 0.0009816 0.0004131 0.0004131 0.0004131 0.0004648 0.0004131 0.0003098 0.0003098 0.0007232 0.0007748 0.0007232 0.0006715 0.0006198 0.0006198 0.0005681 0.0005681 0.0005681 0.0005681 0.0005165 0.0005165 0.0004648 0.0004648 0.0020200 0.0021236 0.0019678 0.0019165 0.0018127 0.0019166 0.0013454 0.0013454 0.0014494 0.0310294 0.0307403 0.0305062 0.0303925 0.0307293 0.0340583 0.0347989 0.0354327 1.3031100 1.2524073 
EBOV_H.sap-wt_SLE_14_Makona-J0158_KP759700                 1.7859080 1.7873781 1.7691413 1.7539312 1.7890740 0.0025922 0.0024874 0.0014493 0.0015526 0.0007748 0.0009816 0.0013975 0.0012419 0.0011379 0.0010861 0.0010861 0.0010343 0.0009816 0.0013454 0.0013972 0.0012934 0.0013452 0.0006715 0.0012416 0.0002582 0.0001549 0.0001549 0.0000000 0.0010861 0.0009299 0.0011897 0.0011899 0.0011899 0.0010333 0.0011381 0.0008265 0.0009828 0.0011380 0.0011379 0.0011379 0.0007232 0.0007232 0.0008265 0.0008265 0.0008782 0.0008265 0.0009299 0.0009299 0.0009299 0.0008782 0.0008782 0.0008265 0.0010345 0.0009299 0.0008265 0.0011379 0.0005681 0.0005681 0.0005681 0.0006198 0.0005681 0.0004648 0.0004648 0.0008782 0.0009299 0.0008782 0.0008265 0.0007748 0.0007748 0.0007232 0.0007232 0.0007232 0.0007232 0.0006715 0.0006715 0.0006198 0.0006198 0.0021758 0.0022794 0.0021236 0.0020722 0.0019684 0.0020724 0.0015009 0.0015009 0.0016050 0.0310858 0.0307966 0.0305625 0.0304488 0.0308455 0.0341760 0.0349168 0.0355509 1.3032382 1.2525321 
EBOV_H.sap-wt_SLE_14_Makona-J0093_KP759760                 1.7847866 1.7862556 1.7709545 1.7532759 1.7886048 0.0026438 0.0025390 0.0015009 0.0016042 0.0012412 0.0012412 0.0014492 0.0011899 0.0011895 0.0011377 0.0011377 0.0010850 0.0010333 0.0013970 0.0014488 0.0013450 0.0013968 0.0011378 0.0012932 0.0012415 0.0011379 0.0009299 0.0010861 0.0000000 0.0001549 0.0012413 0.0012415 0.0012415 0.0010850 0.0011897 0.0006715 0.0008265 0.0011896 0.0011895 0.0011895 0.0009816 0.0009816 0.0008782 0.0008782 0.0009299 0.0008782 0.0009816 0.0009816 0.0009816 0.0009299 0.0009299 0.0008782 0.0010861 0.0009816 0.0008782 0.0011895 0.0008265 0.0008265 0.0008265 0.0007748 0.0007232 0.0007232 0.0006198 0.0009299 0.0009816 0.0009299 0.0008782 0.0008265 0.0008265 0.0007748 0.0007748 0.0007748 0.0007748 0.0007232 0.0007232 0.0006715 0.0006715 0.0022274 0.0023310 0.0021752 0.0021239 0.0020201 0.0021240 0.0015525 0.0015525 0.0016566 0.0312502 0.0309609 0.0307266 0.0306129 0.0309502 0.0342808 0.0350217 0.0356558 1.3037894 1.2525914 
EBOV_H.sap-wt_SLE_14_Makona-PortLoko-J0080_KP759749        1.7843941 1.7858629 1.7693292 1.7534647 1.7887968 0.0024874 0.0023827 0.0013452 0.0014485 0.0010850 0.0010850 0.0012935 0.0010343 0.0010333 0.0009816 0.0009816 0.0009299 0.0008782 0.0012413 0.0012931 0.0011894 0.0012412 0.0009816 0.0011368 0.0010850 0.0009816 0.0007748 0.0009299 0.0001549 0.0000000 0.0010850 0.0010850 0.0010850 0.0009299 0.0010333 0.0005165 0.0006715 0.0010333 0.0010333 0.0010333 0.0008265 0.0008265 0.0007232 0.0007232 0.0007748 0.0007232 0.0008265 0.0008265 0.0008265 0.0007748 0.0007748 0.0007232 0.0009299 0.0008265 0.0007232 0.0010333 0.0006715 0.0006715 0.0006715 0.0006198 0.0005681 0.0005681 0.0004648 0.0007748 0.0008265 0.0007748 0.0007232 0.0006715 0.0006715 0.0006198 0.0006198 0.0006198 0.0006198 0.0005681 0.0005681 0.0005165 0.0005165 0.0020713 0.0021748 0.0020191 0.0019678 0.0018640 0.0019679 0.0013968 0.0013968 0.0015008 0.0310763 0.0307872 0.0305531 0.0304394 0.0307762 0.0341048 0.0348452 0.0354790 1.3038602 1.2517135 
EBOV_H.sap-wt_LBR_15_Makona-Liberia-DQE6_KR075000          1.7828096 1.7842765 1.7698680 1.7545881 1.7897516 0.0023316 0.0022269 0.0011898 0.0012931 0.0013449 0.0013448 0.0011380 0.0009816 0.0008782 0.0008265 0.0008265 0.0007748 0.0007232 0.0010850 0.0011378 0.0010333 0.0012931 0.0012415 0.0009816 0.0013452 0.0012415 0.0010344 0.0011897 0.0012413 0.0010850 0.0000000 0.0011378 0.0011378 0.0009816 0.0010860 0.0009816 0.0011380 0.0008782 0.0008782 0.0008782 0.0010860 0.0010860 0.0007748 0.0007748 0.0008265 0.0007748 0.0008782 0.0008782 0.0008782 0.0008265 0.0008265 0.0007748 0.0007748 0.0006715 0.0007232 0.0008782 0.0009299 0.0009299 0.0009299 0.0008782 0.0008265 0.0008265 0.0007232 0.0006198 0.0006715 0.0006198 0.0005681 0.0005165 0.0005165 0.0004648 0.0006715 0.0006715 0.0006715 0.0006198 0.0006198 0.0005681 0.0005681 0.0019156 0.0020191 0.0018635 0.0018121 0.0017084 0.0018122 0.0012413 0.0012413 0.0013453 0.0309076 0.0306187 0.0303847 0.0302712 0.0306075 0.0339345 0.0346747 0.0353081 1.3043889 1.2517480 
EBOV_H.sap-wt_SLE_14_Makona-J0171_KP759707                 1.7867562 1.7882275 1.7709477 1.7555183 1.7907083 0.0025400 0.0024352 0.0013974 0.0015007 0.0013451 0.0013450 0.0013456 0.0011900 0.0010860 0.0010333 0.0010333 0.0009816 0.0009299 0.0012934 0.0013453 0.0012415 0.0011897 0.0012416 0.0011897 0.0013454 0.0012417 0.0010345 0.0011899 0.0012415 0.0010850 0.0011378 0.0000000 0.0000010 0.0009816 0.0007748 0.0009827 0.0011382 0.0010861 0.0010860 0.0010860 0.0010862 0.0010862 0.0004648 0.0004648 0.0005165 0.0007748 0.0008782 0.0008782 0.0008782 0.0008265 0.0008265 0.0007748 0.0009826 0.0008782 0.0007748 0.0010860 0.0009309 0.0009309 0.0009299 0.0008782 0.0008265 0.0008265 0.0007232 0.0008265 0.0008782 0.0008265 0.0007748 0.0007232 0.0007232 0.0006715 0.0006715 0.0006715 0.0006715 0.0006198 0.0006198 0.0005681 0.0005681 0.0021237 0.0022272 0.0020715 0.0020202 0.0019164 0.0020203 0.0014489 0.0014489 0.0015530 0.0309780 0.0306889 0.0304548 0.0303411 0.0306778 0.0339416 0.0347474 0.0353813 1.3018240 1.2510560 
EBOV_H.sap-wt_SLE_14_Makona-J0174_KP759708                 1.7867562 1.7882275 1.7709477 1.7555183 1.7907083 0.0025400 0.0024352 0.0013974 0.0015007 0.0013451 0.0013450 0.0013456 0.0011900 0.0010860 0.0010333 0.0010333 0.0009816 0.0009299 0.0012934 0.0013453 0.0012415 0.0011897 0.0012416 0.0011897 0.0013454 0.0012417 0.0010345 0.0011899 0.0012415 0.0010850 0.0011378 0.0000010 0.0000000 0.0009816 0.0007748 0.0009827 0.0011382 0.0010861 0.0010860 0.0010860 0.0010862 0.0010862 0.0004648 0.0004648 0.0005165 0.0007748 0.0008782 0.0008782 0.0008782 0.0008265 0.0008265 0.0007748 0.0009826 0.0008782 0.0007748 0.0010860 0.0009309 0.0009309 0.0009299 0.0008782 0.0008265 0.0008265 0.0007232 0.0008265 0.0008782 0.0008265 0.0007748 0.0007232 0.0007232 0.0006715 0.0006715 0.0006715 0.0006715 0.0006198 0.0006198 0.0005681 0.0005681 0.0021237 0.0022272 0.0020715 0.0020202 0.0019164 0.0020203 0.0014489 0.0014489 0.0015530 0.0309780 0.0306889 0.0304548 0.0303411 0.0306778 0.0339416 0.0347474 0.0353813 1.3018240 1.2510560 
EBOV_H.sap-wt_SLE_14_Makona-G5640_1_KR105313               1.7841958 1.7856645 1.7717656 1.7557449 1.7909196 0.0023836 0.0022789 0.0012416 0.0013449 0.0011884 0.0011884 0.0011899 0.0010344 0.0009299 0.0008782 0.0008782 0.0008265 0.0007748 0.0011378 0.0011896 0.0010850 0.0011367 0.0010860 0.0010333 0.0011897 0.0010861 0.0008782 0.0010333 0.0010850 0.0009299 0.0009816 0.0009816 0.0009816 0.0000000 0.0009299 0.0008265 0.0009816 0.0009299 0.0009299 0.0009299 0.0009299 0.0009299 0.0006198 0.0006198 0.0006715 0.0006198 0.0007232 0.0007232 0.0007232 0.0006715 0.0006715 0.0006198 0.0008265 0.0007232 0.0006198 0.0009299 0.0007748 0.0007748 0.0007748 0.0007232 0.0006715 0.0006715 0.0005681 0.0006715 0.0007232 0.0006715 0.0006198 0.0005681 0.0005681 0.0005165 0.0005165 0.0005165 0.0005165 0.0004648 0.0004648 0.0004131 0.0004131 0.0019675 0.0020710 0.0019154 0.0018640 0.0017603 0.0018642 0.0012932 0.0012932 0.0013972 0.0308525 0.0305636 0.0303297 0.0302161 0.0305524 0.0338790 0.0347325 0.0353661 1.3035061 1.2507019 
EBOV_H.sap-wt_SLE_14_Makona-J0150_KP759696                 1.7848246 1.7862942 1.7700080 1.7543855 1.7895420 0.0024880 0.0023832 0.0013455 0.0014488 0.0012932 0.0012932 0.0012937 0.0011382 0.0010333 0.0009816 0.0009816 0.0009299 0.0008782 0.0012416 0.0012934 0.0011897 0.0012415 0.0011898 0.0011379 0.0012935 0.0011899 0.0009827 0.0011381 0.0011897 0.0010333 0.0010860 0.0007748 0.0007748 0.0009299 0.0000000 0.0009309 0.0010864 0.0010343 0.0010333 0.0010333 0.0010344 0.0010344 0.0004131 0.0004131 0.0004648 0.0007232 0.0008265 0.0008265 0.0008265 0.0007748 0.0007748 0.0007232 0.0009299 0.0008265 0.0007232 0.0010333 0.0008782 0.0008782 0.0008782 0.0008265 0.0007748 0.0007748 0.0006715 0.0007748 0.0008265 0.0007748 0.0007232 0.0006715 0.0006715 0.0006198 0.0006198 0.0006198 0.0006198 0.0005681 0.0005681 0.0005165 0.0005165 0.0020717 0.0021753 0.0020196 0.0019682 0.0018645 0.0019684 0.0013971 0.0013971 0.0015011 0.0309222 0.0306331 0.0303990 0.0302854 0.0306220 0.0338854 0.0346911 0.0353248 1.3043454 1.2507134 
EBOV_H.sap-wt_SLE_14_Makona-J0117_KP759665                 1.7860243 1.7874949 1.7692166 1.7538075 1.7889380 0.0023843 0.0022796 0.0012420 0.0013453 0.0009816 0.0009816 0.0011902 0.0009311 0.0009299 0.0008782 0.0008782 0.0008265 0.0007748 0.0011381 0.0011899 0.0010862 0.0011380 0.0008782 0.0010344 0.0009827 0.0008782 0.0006715 0.0008265 0.0006715 0.0005165 0.0009816 0.0009827 0.0009827 0.0008265 0.0009309 0.0000000 0.0001549 0.0009299 0.0009299 0.0009299 0.0007232 0.0007232 0.0006198 0.0006198 0.0006715 0.0006198 0.0007232 0.0007232 0.0007232 0.0006715 0.0006715 0.0006198 0.0008265 0.0007232 0.0006198 0.0009299 0.0005681 0.0005681 0.0005681 0.0005165 0.0004648 0.0004648 0.0003615 0.0006715 0.0007232 0.0006715 0.0006198 0.0005681 0.0005681 0.0005165 0.0005165 0.0005165 0.0005165 0.0004648 0.0004648 0.0004131 0.0004131 0.0019681 0.0020717 0.0019160 0.0018646 0.0017608 0.0018647 0.0012936 0.0012936 0.0013976 0.0309737 0.0306846 0.0304505 0.0303369 0.0306735 0.0340021 0.0347425 0.0353763 1.3044568 1.2525222 
EBOV_H.sap-wt_SLE_14_Makona-Kenema-G5685_1_KR105317        1.7867636 1.7882352 1.7693530 1.7539383 1.7890827 0.0025404 0.0024356 0.0013976 0.0015009 0.0011379 0.0011379 0.0013458 0.0010866 0.0010862 0.0010344 0.0010344 0.0009826 0.0009299 0.0012936 0.0013455 0.0012417 0.0012935 0.0010345 0.0011899 0.0011382 0.0010346 0.0008265 0.0009828 0.0008265 0.0006715 0.0011380 0.0011382 0.0011382 0.0009816 0.0010864 0.0001549 0.0000000 0.0010863 0.0010862 0.0010862 0.0008782 0.0008782 0.0007748 0.0007748 0.0008265 0.0007748 0.0008782 0.0008782 0.0008782 0.0008265 0.0008265 0.0007748 0.0009828 0.0008782 0.0007748 0.0010862 0.0007232 0.0007232 0.0007232 0.0006715 0.0006198 0.0006198 0.0005165 0.0008265 0.0008782 0.0008265 0.0007748 0.0007232 0.0007232 0.0006715 0.0006715 0.0006715 0.0006715 0.0006198 0.0006198 0.0005681 0.0005681 0.0021240 0.0022276 0.0020718 0.0020205 0.0019167 0.0020206 0.0014491 0.0014491 0.0015533 0.0311446 0.0308553 0.0306211 0.0305074 0.0308445 0.0341748 0.0349157 0.0355497 1.3046854 1.2516725 
EBOV_H.sap-wt_GIN_14_Makona-Macenta-EM_076322_KR817145     1.7829339 1.7844010 1.7707123 1.7552917 1.7904598 0.0021757 0.0020711 0.0010344 0.0012413 0.0012931 0.0012931 0.0009827 0.0009299 0.0008265 0.0007748 0.0007748 0.0007232 0.0006715 0.0009299 0.0009816 0.0008782 0.0012414 0.0011897 0.0009299 0.0012934 0.0011898 0.0009826 0.0011380 0.0011896 0.0010333 0.0008782 0.0010861 0.0010861 0.0009299 0.0010343 0.0009299 0.0010863 0.0000000 0.0007232 0.0007232 0.0010333 0.0010333 0.0007232 0.0007232 0.0007748 0.0007232 0.0008265 0.0008265 0.0008265 0.0007748 0.0007748 0.0007232 0.0006198 0.0006198 0.0007232 0.0007232 0.0008782 0.0008782 0.0008782 0.0008265 0.0007748 0.0007748 0.0006715 0.0005681 0.0005165 0.0005681 0.0004131 0.0003615 0.0004648 0.0004131 0.0006198 0.0006198 0.0006198 0.0005681 0.0005681 0.0005165 0.0005165 0.0017599 0.0018634 0.0017078 0.0016565 0.0015528 0.0016566 0.0010850 0.0010850 0.0011898 0.0307390 0.0304502 0.0302164 0.0301029 0.0304388 0.0337644 0.0345042 0.0351374 1.3040761 1.2515198 
EBOV_H.sap-wt_SLE_14_Makona-G3676.1_KM034554               1.7829098 1.7843768 1.7707079 1.7550814 1.7904578 0.0016565 0.0015523 0.0010343 0.0012412 0.0012930 0.0012930 0.0009826 0.0009299 0.0008265 0.0007748 0.0007748 0.0007232 0.0006715 0.0009299 0.0009816 0.0008782 0.0012413 0.0011896 0.0009299 0.0012933 0.0011897 0.0009816 0.0011379 0.0011895 0.0010333 0.0008782 0.0010860 0.0010860 0.0009299 0.0010333 0.0009299 0.0010862 0.0007232 0.0000000 0.0007232 0.0010333 0.0010333 0.0007232 0.0007232 0.0007748 0.0007232 0.0008265 0.0008265 0.0008265 0.0007748 0.0007748 0.0007232 0.0006198 0.0006198 0.0007232 0.0007232 0.0008782 0.0008782 0.0008782 0.0008265 0.0007748 0.0007748 0.0006715 0.0005681 0.0005165 0.0005681 0.0004131 0.0003615 0.0004648 0.0004131 0.0006198 0.0006198 0.0006198 0.0005681 0.0005681 0.0005165 0.0005165 0.0012414 0.0013449 0.0011895 0.0011380 0.0010345 0.0011381 0.0005681 0.0005681 0.0006715 0.0301752 0.0298870 0.0296536 0.0295403 0.0298748 0.0331950 0.0339338 0.0345660 1.3033318 1.2513430 
