96
SUDV_H.sap-xx_UGA_12_EboSud-603_KC545390                   0.0000000 0.0001537 1.7232294 1.7314490 1.7478762 1.7685868 1.7693011 1.7682598 1.7704480 1.7680940 1.7675633 1.7671780 1.7668975 1.7674216 1.7677522 1.7675085 1.7666193 1.7684014 1.7684014 1.7668717 1.7666150 1.7658664 1.7674772 1.7671333 1.7656519 1.7680226 1.7674925 1.7692170 1.7662708 1.7662708 1.7670276 1.7654493 1.7657331 1.7650846 1.7684211 1.7678346 1.7671876 1.7668963 1.7670690 1.7666835 1.7675880 1.7681830 1.7674428 1.7672669 1.7667611 1.7664307 1.7671586 1.7682344 1.7697224 1.7671639 1.7655647 1.7683527 1.7674657 1.7671851 1.7702154 1.7702154 1.7657388 1.7686957 1.7676381 1.7662203 1.7669777 1.7684991 1.7677119 1.7679076 1.7687810 1.7681535 1.7681535 1.7678227 1.7678227 1.7675179 1.7663824 1.7662300 1.7662300 1.7672350 1.7669794 1.7669794 1.7669882 1.7672438 1.7677822 1.7674516 1.7674516 1.7671209 1.7671209 1.7674401 1.7674401 1.7671094 1.7331238 1.7317993 1.7314990 1.7323673 1.7373513 1.7360236 1.7448457 1.7466235 2.0493634 2.0211054 
SUDV_H.sap-xx_UGA_12_EboSud-609_KC545391                   0.0001537 0.0000000 1.7232243 1.7314431 1.7479317 1.7696051 1.7703198 1.7692778 1.7714671 1.7691115 1.7685809 1.7681955 1.7679142 1.7684389 1.7687697 1.7685259 1.7676358 1.7694193 1.7694193 1.7678887 1.7676316 1.7668824 1.7684955 1.7681511 1.7666680 1.7690402 1.7685100 1.7702356 1.7672874 1.7672874 1.7680452 1.7664653 1.7667496 1.7661003 1.7694387 1.7688520 1.7682044 1.7679132 1.7680858 1.7677003 1.7686054 1.7692005 1.7684601 1.7682838 1.7677774 1.7674469 1.7681761 1.7692530 1.7707414 1.7681811 1.7665807 1.7693706 1.7684836 1.7682019 1.7712349 1.7712349 1.7667549 1.7697144 1.7686555 1.7672370 1.7679950 1.7695176 1.7687298 1.7689256 1.7697996 1.7691715 1.7691715 1.7688406 1.7688406 1.7685353 1.7673991 1.7672467 1.7672467 1.7682522 1.7679966 1.7679966 1.7680055 1.7682611 1.7687997 1.7684690 1.7684690 1.7681382 1.7681382 1.7684574 1.7684574 1.7681267 1.7341164 1.7327914 1.7324905 1.7333595 1.7383450 1.7370164 1.7458454 1.7476250 2.0482269 2.0217275 
RESTV_S.dom-xx_PHL_08_Reston08-C_FJ621584                  1.7232294 1.7232243 0.0000000 0.0320764 0.0491079 1.6111921 1.6138794 1.6111577 1.6119337 1.6110120 1.6091700 1.6089903 1.6078926 1.6093925 1.6092659 1.6090290 1.6123779 1.6111108 1.6111108 1.6112510 1.6108863 1.6096994 1.6114167 1.6119440 1.6114384 1.6125728 1.6128180 1.6127958 1.6104310 1.6104310 1.6108278 1.6105644 1.6102512 1.6098185 1.6118370 1.6117571 1.6119809 1.6120089 1.6112008 1.6114427 1.6111405 1.6111405 1.6101038 1.6122852 1.6102822 1.6102873 1.6093120 1.6132890 1.6110879 1.6099431 1.6106540 1.6123552 1.6120404 1.6101626 1.6095980 1.6095980 1.6131317 1.6105721 1.6111094 1.6100970 1.6095324 1.6106249 1.6115945 1.6112932 1.6103198 1.6117124 1.6117124 1.6113970 1.6113970 1.6106560 1.6110159 1.6114179 1.6114179 1.6122635 1.6120122 1.6120122 1.6120172 1.6122685 1.6106612 1.6109175 1.6109175 1.6106021 1.6106021 1.6107324 1.6107324 1.6104171 1.5827759 1.5853278 1.5838734 1.5846496 1.5948793 1.5864996 1.5944090 1.5940041 1.9084048 1.9675006 
RESTV_M.fas-tc_USA_89_Philippines89-Pennsylvania_NC_004161 1.7314490 1.7314431 0.0320764 0.0000000 0.0237534 1.6085815 1.6121727 1.6087290 1.6089316 1.6085820 1.6067372 1.6065570 1.6053389 1.6069609 1.6068339 1.6065965 1.6088886 1.6081930 1.6081930 1.6083328 1.6079681 1.6067796 1.6089874 1.6095147 1.6090079 1.6101442 1.6097710 1.6103681 1.6078205 1.6078205 1.6083983 1.6081335 1.6078205 1.6073878 1.6094072 1.6095147 1.6095526 1.6095803 1.6087705 1.6090130 1.6083898 1.6083898 1.6076720 1.6098571 1.6078510 1.6078561 1.6062100 1.6105408 1.6088377 1.6075107 1.6082236 1.6094380 1.6096121 1.6077320 1.6087776 1.6087776 1.6107027 1.6081412 1.6086799 1.6071769 1.6071009 1.6081943 1.6091652 1.6088631 1.6078886 1.6092832 1.6092832 1.6089671 1.6089671 1.6082255 1.6085851 1.6089880 1.6089880 1.6098346 1.6095826 1.6095826 1.6095876 1.6098396 1.6082306 1.6084874 1.6084874 1.6081714 1.6081714 1.6083021 1.6083021 1.6079861 1.5867488 1.5892454 1.5879076 1.5886872 1.5979269 1.5854591 1.5937520 1.5939134 1.8950252 1.9636193 
RESTV_S.dom-tc_PHL_08_Reston08-A_FJ621583                  1.7478762 1.7479317 0.0491079 0.0237534 0.0000000 1.6243562 1.6265260 1.6244931 1.6245284 1.6243520 1.6224967 1.6223161 1.6211931 1.6227156 1.6225892 1.6223518 1.6254160 1.6241369 1.6241369 1.6239585 1.6239107 1.6227146 1.6247523 1.6252881 1.6256461 1.6261103 1.6259858 1.6263326 1.6239443 1.6239443 1.6243427 1.6240831 1.6237637 1.6233242 1.6252487 1.6253553 1.6253869 1.6254169 1.6246050 1.6248479 1.6247068 1.6247068 1.6230466 1.6258160 1.6237976 1.6238033 1.6227236 1.6266475 1.6247932 1.6234603 1.6241715 1.6253960 1.6255681 1.6235527 1.6247340 1.6247340 1.6266807 1.6240907 1.6246286 1.6231188 1.6230376 1.6241427 1.6251208 1.6248193 1.6238365 1.6252399 1.6252399 1.6249232 1.6249232 1.6241744 1.6245407 1.6249444 1.6249444 1.6257979 1.6255463 1.6255463 1.6255517 1.6258033 1.6241801 1.6244370 1.6244370 1.6241204 1.6241204 1.6242507 1.6242507 1.6239340 1.5979544 1.5997324 1.5984597 1.5992437 1.6132476 1.6020371 1.6094405 1.6095000 1.9145123 1.9932434 
EBOV_H.sap-wt_GIN_14_Makona-Gueckedou-EM_080076_KR817235   1.7685868 1.7696051 1.6111921 1.6085815 1.6243562 0.0000000 0.0016516 0.0020644 0.0024277 0.0019094 0.0019092 0.0020126 0.0018057 0.0015472 0.0014955 0.0015472 0.0026350 0.0025311 0.0025311 0.0026865 0.0025309 0.0026349 0.0027903 0.0029460 0.0024790 0.0027388 0.0024274 0.0026344 0.0024267 0.0024267 0.0024787 0.0024786 0.0022196 0.0023750 0.0027385 0.0026865 0.0026863 0.0025827 0.0023755 0.0025309 0.0024791 0.0025828 0.0024789 0.0024276 0.0024790 0.0024271 0.0024789 0.0022718 0.0025312 0.0024791 0.0023758 0.0022721 0.0024272 0.0022718 0.0023239 0.0023239 0.0023759 0.0021682 0.0021681 0.0021165 0.0018057 0.0022200 0.0022200 0.0021164 0.0022201 0.0021682 0.0021682 0.0021164 0.0021164 0.0020647 0.0021164 0.0020648 0.0020648 0.0021684 0.0021166 0.0021166 0.0022202 0.0021684 0.0020129 0.0019611 0.0019611 0.0020129 0.0020129 0.0021164 0.0021164 0.0020646 0.0330102 0.0329890 0.0325375 0.0325976 0.0335291 0.0367732 0.0374593 0.0383282 1.2596893 1.3158304 
EBOV_H.sap-wt_GIN_14_Makona-Gueckedou-EM_079702_KR817210   1.7693011 1.7703198 1.6138794 1.6121727 1.6265260 0.0016516 0.0000000 0.0017550 0.0021180 0.0015999 0.0015998 0.0017032 0.0014963 0.0012379 0.0011862 0.0012379 0.0023252 0.0022214 0.0022214 0.0023768 0.0022212 0.0023252 0.0024805 0.0026362 0.0021694 0.0024290 0.0021177 0.0023248 0.0021172 0.0021172 0.0021691 0.0021690 0.0019101 0.0020655 0.0024288 0.0023768 0.0023766 0.0022730 0.0020659 0.0022212 0.0021695 0.0022731 0.0021692 0.0021179 0.0021693 0.0021175 0.0021693 0.0019623 0.0022215 0.0021695 0.0020661 0.0019625 0.0021175 0.0019622 0.0020143 0.0020143 0.0020662 0.0018587 0.0018586 0.0018069 0.0014963 0.0019105 0.0019104 0.0018069 0.0019105 0.0018587 0.0018587 0.0018069 0.0018069 0.0017551 0.0018069 0.0017553 0.0017553 0.0018589 0.0018071 0.0018071 0.0019106 0.0018588 0.0017034 0.0016517 0.0016517 0.0017034 0.0017034 0.0018069 0.0018069 0.0017551 0.0328009 0.0327797 0.0323282 0.0323883 0.0335455 0.0367408 0.0374281 0.0382975 1.2613638 1.3172899 
EBOV_H.sap-wt_GIN_14_Makona-Gueckedou-EM_079750_KR817213   1.7682598 1.7692778 1.6111577 1.6087290 1.6244931 0.0020644 0.0017550 0.0000000 0.0005662 0.0011858 0.0010823 0.0011855 0.0009782 0.0007207 0.0006692 0.0007207 0.0018062 0.0017026 0.0017026 0.0018577 0.0017024 0.0018061 0.0019612 0.0021165 0.0016507 0.0019097 0.0015991 0.0018058 0.0015987 0.0015987 0.0016505 0.0016504 0.0013921 0.0015471 0.0019095 0.0018576 0.0018575 0.0017541 0.0015474 0.0017024 0.0016508 0.0017542 0.0016506 0.0015993 0.0016507 0.0015990 0.0016506 0.0014440 0.0017027 0.0016508 0.0015476 0.0014442 0.0015990 0.0014440 0.0014958 0.0014958 0.0015476 0.0013406 0.0013406 0.0012890 0.0009782 0.0013923 0.0013923 0.0012890 0.0013923 0.0013406 0.0013406 0.0012889 0.0012889 0.0012373 0.0012889 0.0012374 0.0012374 0.0013407 0.0012891 0.0012891 0.0013924 0.0013407 0.0011857 0.0011340 0.0011340 0.0011857 0.0011857 0.0012889 0.0012889 0.0012373 0.0322151 0.0321944 0.0317438 0.0318037 0.0329581 0.0361970 0.0368820 0.0377494 1.2586591 1.3148411 
EBOV_H.sap-wt_GIN_14_Makona-Gueckedou-EM_079910_KR817221   1.7704480 1.7714671 1.6119337 1.6089316 1.6245284 0.0024277 0.0021180 0.0005662 0.0000000 0.0015479 0.0014442 0.0015476 0.0013408 0.0010826 0.0010310 0.0010826 0.0021691 0.0020654 0.0020654 0.0022207 0.0020652 0.0021691 0.0023243 0.0024799 0.0020134 0.0022728 0.0019618 0.0021168 0.0019613 0.0019613 0.0020131 0.0020131 0.0017544 0.0019096 0.0022726 0.0022207 0.0022205 0.0021170 0.0019100 0.0020652 0.0020135 0.0021170 0.0020133 0.0019620 0.0020134 0.0019616 0.0020133 0.0018064 0.0020655 0.0020135 0.0019102 0.0018067 0.0019616 0.0018064 0.0018584 0.0018584 0.0019103 0.0017029 0.0017029 0.0016512 0.0013409 0.0017547 0.0017546 0.0016512 0.0017547 0.0017029 0.0017029 0.0016512 0.0016512 0.0015995 0.0016512 0.0015996 0.0015996 0.0017031 0.0016514 0.0016514 0.0017548 0.0017031 0.0015478 0.0014961 0.0014961 0.0015478 0.0015478 0.0016512 0.0016512 0.0015995 0.0326208 0.0325998 0.0321487 0.0322087 0.0333648 0.0366080 0.0372939 0.0381626 1.2602565 1.3156504 
EBOV_H.sap-wt_GIN_14_Makona-Gueckedou-EM_079587_KR817202   1.7680940 1.7691115 1.6110120 1.6085820 1.6243520 0.0019094 0.0015999 0.0011858 0.0015479 0.0000000 0.0010309 0.0011341 0.0008752 0.0006177 0.0006177 0.0006692 0.0017547 0.0016512 0.0016512 0.0018062 0.0016510 0.0017547 0.0019098 0.0020651 0.0015993 0.0018583 0.0015477 0.0017544 0.0015473 0.0015473 0.0015990 0.0015990 0.0013406 0.0014957 0.0018581 0.0018062 0.0018061 0.0017027 0.0014960 0.0016510 0.0015993 0.0017028 0.0015992 0.0015478 0.0015992 0.0015475 0.0015992 0.0013926 0.0016512 0.0015993 0.0014961 0.0013927 0.0015476 0.0013925 0.0014444 0.0014444 0.0014962 0.0012892 0.0012891 0.0012376 0.0009267 0.0013409 0.0013408 0.0012375 0.0013409 0.0012892 0.0012892 0.0012375 0.0012375 0.0011859 0.0012375 0.0011860 0.0011860 0.0012893 0.0012377 0.0012377 0.0013409 0.0012893 0.0011342 0.0010826 0.0010826 0.0011342 0.0011342 0.0012375 0.0012375 0.0011859 0.0320559 0.0320353 0.0315847 0.0316446 0.0328542 0.0361468 0.0368318 0.0376993 1.2620310 1.3176449 
EBOV_H.sap-tc_GIN_14_Makona-Gueckedou-C05_KP096420         1.7675633 1.7685809 1.6091700 1.6067372 1.6224967 0.0019092 0.0015998 0.0010823 0.0014442 0.0010309 0.0000000 0.0001029 0.0008237 0.0005662 0.0005147 0.0005662 0.0016510 0.0015475 0.0015475 0.0017025 0.0015473 0.0016509 0.0018060 0.0019612 0.0014956 0.0017545 0.0014441 0.0016506 0.0014437 0.0014437 0.0014954 0.0014954 0.0012371 0.0013921 0.0017543 0.0017025 0.0017024 0.0015990 0.0013924 0.0015473 0.0014957 0.0015990 0.0014955 0.0014442 0.0014956 0.0014439 0.0014955 0.0012890 0.0015475 0.0014957 0.0013925 0.0012891 0.0014439 0.0012890 0.0013408 0.0013408 0.0013926 0.0011857 0.0011856 0.0011341 0.0008237 0.0012373 0.0012373 0.0011340 0.0012374 0.0011857 0.0011857 0.0011340 0.0011340 0.0010824 0.0011340 0.0010825 0.0010825 0.0011858 0.0011342 0.0011342 0.0012374 0.0011858 0.0010308 0.0009782 0.0009782 0.0010308 0.0010308 0.0011340 0.0011340 0.0010824 0.0317084 0.0316879 0.0312379 0.0312977 0.0324503 0.0356851 0.0363693 0.0372355 1.2598373 1.3152854 
EBOV_H.sap-wt_GIN_14_Makona-Kissidougou-C15_KT013254       1.7671780 1.7681955 1.6089903 1.6065570 1.6223161 0.0020126 0.0017032 0.0011855 0.0015476 0.0011341 0.0001029 0.0000000 0.0009267 0.0006692 0.0006177 0.0006692 0.0017544 0.0016508 0.0016508 0.0018059 0.0016507 0.0017543 0.0019094 0.0020647 0.0015990 0.0018579 0.0015474 0.0017540 0.0015470 0.0015470 0.0015987 0.0015987 0.0013404 0.0014954 0.0018577 0.0018059 0.0018058 0.0017024 0.0014957 0.0016507 0.0015990 0.0017024 0.0015989 0.0015475 0.0015989 0.0015472 0.0015989 0.0013923 0.0016509 0.0015990 0.0014958 0.0013925 0.0015472 0.0013923 0.0014441 0.0014441 0.0014959 0.0012889 0.0012889 0.0012373 0.0009267 0.0013406 0.0013406 0.0012373 0.0013406 0.0012889 0.0012889 0.0012373 0.0012373 0.0011856 0.0012373 0.0011858 0.0011858 0.0012891 0.0012374 0.0012374 0.0013407 0.0012890 0.0011340 0.0010824 0.0010824 0.0011340 0.0011340 0.0012373 0.0012373 0.0011856 0.0318206 0.0318001 0.0313500 0.0314098 0.0325627 0.0357984 0.0364828 0.0373492 1.2597091 1.3152854 
EBOV_H.sap-wt_GIN_14_Makona-Macenta-EM_079424_KR817189     1.7668975 1.7679142 1.6078926 1.6053389 1.6211931 0.0018057 0.0014963 0.0009782 0.0013408 0.0008752 0.0008237 0.0009267 0.0000000 0.0003602 0.0004117 0.0004632 0.0015475 0.0014441 0.0014441 0.0015990 0.0014439 0.0015475 0.0017025 0.0018577 0.0013922 0.0016510 0.0013407 0.0015472 0.0013403 0.0013403 0.0013920 0.0013920 0.0011338 0.0012887 0.0016508 0.0015990 0.0015989 0.0014956 0.0012890 0.0014439 0.0013923 0.0014956 0.0013921 0.0013408 0.0013922 0.0013405 0.0013922 0.0011857 0.0014441 0.0013923 0.0012891 0.0011858 0.0013405 0.0011857 0.0012374 0.0012374 0.0012892 0.0010824 0.0010823 0.0010308 0.0007207 0.0011340 0.0011340 0.0010308 0.0011340 0.0010824 0.0010824 0.0010308 0.0010308 0.0009782 0.0010307 0.0009792 0.0009792 0.0010825 0.0010309 0.0010309 0.0011341 0.0010825 0.0009267 0.0008752 0.0008752 0.0009267 0.0009267 0.0010307 0.0010307 0.0009782 0.0319319 0.0319113 0.0314611 0.0315209 0.0326742 0.0359107 0.0365952 0.0374619 1.2597493 1.3161799 
EBOV_H.sap-wt_GIN_14_Makona-Macenta-EM_079422_KR817187     1.7674216 1.7684389 1.6093925 1.6069609 1.6227156 0.0015472 0.0012379 0.0007207 0.0010826 0.0006177 0.0005662 0.0006692 0.0003602 0.0000000 0.0001544 0.0002058 0.0012891 0.0011858 0.0011858 0.0013406 0.0011856 0.0012891 0.0014440 0.0015991 0.0011340 0.0013925 0.0010825 0.0012889 0.0010812 0.0010812 0.0011338 0.0011338 0.0008752 0.0010297 0.0013924 0.0013406 0.0013405 0.0012373 0.0010308 0.0011856 0.0011340 0.0012373 0.0011339 0.0010826 0.0011340 0.0010823 0.0011339 0.0009267 0.0011858 0.0011340 0.0010309 0.0009267 0.0010824 0.0009267 0.0009793 0.0009793 0.0010310 0.0008237 0.0008237 0.0007722 0.0004632 0.0008752 0.0008752 0.0007722 0.0008752 0.0008237 0.0008237 0.0007722 0.0007722 0.0007207 0.0007722 0.0007207 0.0007207 0.0008237 0.0007722 0.0007722 0.0008752 0.0008237 0.0006692 0.0006177 0.0006177 0.0006692 0.0006692 0.0007722 0.0007722 0.0007207 0.0316491 0.0316287 0.0311788 0.0312385 0.0323908 0.0356249 0.0363088 0.0371748 1.2595393 1.3166086 
EBOV_H.sap-tc_GIN_14_Makona-Gueckedou-C07_KP096421         1.7677522 1.7687697 1.6092659 1.6068339 1.6225892 0.0014955 0.0011862 0.0006692 0.0010310 0.0006177 0.0005147 0.0006177 0.0004117 0.0001544 0.0000000 0.0000515 0.0012375 0.0011341 0.0011341 0.0012890 0.0011340 0.0012375 0.0013923 0.0015474 0.0010824 0.0013409 0.0010308 0.0012372 0.0010297 0.0010297 0.0010812 0.0010812 0.0008237 0.0009782 0.0013407 0.0012890 0.0012889 0.0011857 0.0009792 0.0011340 0.0010824 0.0011857 0.0010823 0.0010309 0.0010824 0.0010307 0.0010823 0.0008752 0.0011342 0.0010824 0.0009793 0.0008752 0.0010308 0.0008752 0.0009267 0.0009267 0.0009794 0.0007722 0.0007722 0.0007207 0.0004117 0.0008237 0.0008237 0.0007207 0.0008237 0.0007722 0.0007722 0.0007207 0.0007207 0.0006692 0.0007207 0.0006692 0.0006692 0.0007722 0.0007207 0.0007207 0.0008237 0.0007722 0.0006177 0.0005662 0.0005662 0.0006177 0.0006177 0.0007207 0.0007207 0.0006692 0.0315930 0.0315727 0.0311228 0.0311826 0.0322222 0.0355683 0.0362522 0.0371180 1.2593937 1.3160997 
EBOV_H.sap-wt_GIN_14_Makona-Gueckedou-C07_KT013256         1.7675085 1.7685259 1.6090290 1.6065965 1.6223518 0.0015472 0.0012379 0.0007207 0.0010826 0.0006692 0.0005662 0.0006692 0.0004632 0.0002058 0.0000515 0.0000000 0.0012891 0.0011858 0.0011858 0.0013406 0.0011857 0.0012891 0.0014440 0.0015991 0.0011340 0.0013925 0.0010825 0.0012889 0.0010812 0.0010812 0.0011338 0.0011338 0.0008752 0.0010297 0.0013924 0.0013406 0.0013406 0.0012373 0.0010308 0.0011857 0.0011341 0.0012373 0.0011339 0.0010826 0.0011340 0.0010824 0.0011340 0.0009267 0.0011858 0.0011340 0.0010309 0.0009277 0.0010824 0.0009267 0.0009793 0.0009793 0.0010310 0.0008237 0.0008237 0.0007722 0.0004632 0.0008752 0.0008752 0.0007722 0.0008752 0.0008237 0.0008237 0.0007722 0.0007722 0.0007207 0.0007722 0.0007207 0.0007207 0.0008237 0.0007722 0.0007722 0.0008752 0.0008237 0.0006692 0.0006177 0.0006177 0.0006692 0.0006692 0.0007722 0.0007722 0.0007207 0.0315960 0.0315757 0.0311258 0.0311855 0.0322253 0.0355717 0.0362556 0.0371215 1.2596229 1.3162040 
EBOV_H.sap-wt_GIN_14_Makona-Beyla-EM_075931_KR817138       1.7666193 1.7676358 1.6123779 1.6088886 1.6254160 0.0026350 0.0023252 0.0018062 0.0021691 0.0017547 0.0016510 0.0017544 0.0015475 0.0012891 0.0012375 0.0012891 0.0000000 0.0006177 0.0006177 0.0007722 0.0006177 0.0007207 0.0015995 0.0017547 0.0012892 0.0014443 0.0012377 0.0013406 0.0012373 0.0012373 0.0012891 0.0012890 0.0010309 0.0011858 0.0014441 0.0013923 0.0013923 0.0012890 0.0010825 0.0012373 0.0011857 0.0012890 0.0011856 0.0011342 0.0011856 0.0011340 0.0011856 0.0010827 0.0012375 0.0011857 0.0010826 0.0006692 0.0011340 0.0009782 0.0010309 0.0010309 0.0010827 0.0008752 0.0008752 0.0008237 0.0008237 0.0009267 0.0009267 0.0008237 0.0009267 0.0008752 0.0008752 0.0008237 0.0008237 0.0007722 0.0008237 0.0007722 0.0007722 0.0008752 0.0008237 0.0008237 0.0009267 0.0008752 0.0007207 0.0006692 0.0006692 0.0007207 0.0007207 0.0008237 0.0008237 0.0007722 0.0327347 0.0327136 0.0322623 0.0323223 0.0335921 0.0368373 0.0375236 0.0383929 1.2583030 1.3167455 
EBOV_H.sap-wt_GIN_14_Makona-Kissidougou-EM_078694_KR817171 1.7684014 1.7694193 1.6111108 1.6081930 1.6241369 0.0025311 0.0022214 0.0017026 0.0020654 0.0016512 0.0015475 0.0016508 0.0014441 0.0011858 0.0011341 0.0011858 0.0006177 0.0000000 0.0000010 0.0006692 0.0005147 0.0006177 0.0013926 0.0015477 0.0011858 0.0013408 0.0011343 0.0012372 0.0011340 0.0011340 0.0011857 0.0011857 0.0009267 0.0010824 0.0013407 0.0012889 0.0012888 0.0011856 0.0009782 0.0011340 0.0010824 0.0011856 0.0010823 0.0010309 0.0010823 0.0010297 0.0010823 0.0009794 0.0011341 0.0010824 0.0009793 0.0005662 0.0010297 0.0008752 0.0009267 0.0009267 0.0009793 0.0007722 0.0007722 0.0007207 0.0007207 0.0008237 0.0008237 0.0007207 0.0008237 0.0007722 0.0007722 0.0007207 0.0007207 0.0006692 0.0007207 0.0006692 0.0006692 0.0007722 0.0007207 0.0007207 0.0008237 0.0007722 0.0006177 0.0005662 0.0005662 0.0006177 0.0006177 0.0007207 0.0007207 0.0006692 0.0327321 0.0327110 0.0322597 0.0323198 0.0334763 0.0367203 0.0374064 0.0382754 1.2589777 1.3168804 
EBOV_H.sap-wt_GIN_14_Makona-Kissidougou-EM_078722_KR817175 1.7684014 1.7694193 1.6111108 1.6081930 1.6241369 0.0025311 0.0022214 0.0017026 0.0020654 0.0016512 0.0015475 0.0016508 0.0014441 0.0011858 0.0011341 0.0011858 0.0006177 0.0000010 0.0000000 0.0006692 0.0005147 0.0006177 0.0013926 0.0015477 0.0011858 0.0013408 0.0011343 0.0012372 0.0011340 0.0011340 0.0011857 0.0011857 0.0009267 0.0010824 0.0013407 0.0012889 0.0012888 0.0011856 0.0009782 0.0011340 0.0010824 0.0011856 0.0010823 0.0010309 0.0010823 0.0010297 0.0010823 0.0009794 0.0011341 0.0010824 0.0009793 0.0005662 0.0010297 0.0008752 0.0009267 0.0009267 0.0009793 0.0007722 0.0007722 0.0007207 0.0007207 0.0008237 0.0008237 0.0007207 0.0008237 0.0007722 0.0007722 0.0007207 0.0007207 0.0006692 0.0007207 0.0006692 0.0006692 0.0007722 0.0007207 0.0007207 0.0008237 0.0007722 0.0006177 0.0005662 0.0005662 0.0006177 0.0006177 0.0007207 0.0007207 0.0006692 0.0327321 0.0327110 0.0322597 0.0323198 0.0334763 0.0367203 0.0374064 0.0382754 1.2589777 1.3168804 
EBOV_H.sap-wt_GIN_14_Makona-Kankan-EM_078639_KR817166      1.7668717 1.7678887 1.6112510 1.6083328 1.6239585 0.0026865 0.0023768 0.0018577 0.0022207 0.0018062 0.0017025 0.0018059 0.0015990 0.0013406 0.0012890 0.0013406 0.0007722 0.0006692 0.0006692 0.0000000 0.0004632 0.0005662 0.0016510 0.0018062 0.0013407 0.0013924 0.0012892 0.0013921 0.0012888 0.0012888 0.0013405 0.0013405 0.0010823 0.0012372 0.0014956 0.0014438 0.0014437 0.0013405 0.0011340 0.0012888 0.0012372 0.0013405 0.0012371 0.0011857 0.0012371 0.0011855 0.0012371 0.0011342 0.0012890 0.0012372 0.0011341 0.0007207 0.0011855 0.0010297 0.0010824 0.0010824 0.0011341 0.0009267 0.0009267 0.0008752 0.0008752 0.0009782 0.0009782 0.0008752 0.0009782 0.0009267 0.0009267 0.0008752 0.0008752 0.0008237 0.0008752 0.0008237 0.0008237 0.0009267 0.0008752 0.0008752 0.0009782 0.0009267 0.0007722 0.0007207 0.0007207 0.0007722 0.0007722 0.0008752 0.0008752 0.0008237 0.0327873 0.0327662 0.0323149 0.0323749 0.0335316 0.0366624 0.0374621 0.0383312 1.2585827 1.3158168 
EBOV_H.sap-wt_GIN_14_Makona-Faranah-EM_078415_KR817160     1.7666150 1.7676316 1.6108863 1.6079681 1.6239107 0.0025309 0.0022212 0.0017024 0.0020652 0.0016510 0.0015473 0.0016507 0.0014439 0.0011856 0.0011340 0.0011857 0.0006177 0.0005147 0.0005147 0.0004632 0.0000000 0.0004117 0.0014958 0.0016509 0.0011857 0.0013407 0.0011342 0.0012371 0.0011339 0.0011339 0.0011856 0.0011856 0.0009267 0.0010823 0.0013406 0.0012888 0.0012887 0.0011855 0.0009782 0.0011339 0.0010823 0.0011855 0.0010812 0.0010308 0.0010812 0.0010297 0.0010812 0.0009793 0.0011340 0.0010823 0.0009782 0.0005662 0.0010297 0.0008752 0.0009267 0.0009267 0.0009792 0.0007722 0.0007722 0.0007207 0.0007207 0.0008237 0.0008237 0.0007207 0.0008237 0.0007722 0.0007722 0.0007207 0.0007207 0.0006692 0.0007207 0.0006692 0.0006692 0.0007722 0.0007207 0.0007207 0.0008237 0.0007722 0.0006177 0.0005662 0.0005662 0.0006177 0.0006177 0.0007207 0.0007207 0.0006692 0.0327288 0.0327077 0.0322565 0.0323165 0.0334729 0.0366030 0.0374026 0.0382714 1.2579829 1.3161648 
EBOV_H.sap-wt_GIN_14_Makona-Macenta-EM_076191_KR817141     1.7658664 1.7668824 1.6096994 1.6067796 1.6227146 0.0026349 0.0023252 0.0018061 0.0021691 0.0017547 0.0016509 0.0017543 0.0015475 0.0012891 0.0012375 0.0012891 0.0007207 0.0006177 0.0006177 0.0005662 0.0004117 0.0000000 0.0015994 0.0017546 0.0012892 0.0014442 0.0012376 0.0013405 0.0012373 0.0012373 0.0012890 0.0012890 0.0010308 0.0011857 0.0014441 0.0013923 0.0013922 0.0012889 0.0010825 0.0012373 0.0011857 0.0012890 0.0011856 0.0011342 0.0011856 0.0011340 0.0011856 0.0010827 0.0012375 0.0011857 0.0010826 0.0006692 0.0011340 0.0009782 0.0010309 0.0010309 0.0010826 0.0008752 0.0008752 0.0008237 0.0008237 0.0009267 0.0009267 0.0008237 0.0009267 0.0008752 0.0008752 0.0008237 0.0008237 0.0007722 0.0008237 0.0007722 0.0007722 0.0008752 0.0008237 0.0008237 0.0009267 0.0008752 0.0007207 0.0006692 0.0006692 0.0007207 0.0007207 0.0008237 0.0008237 0.0007722 0.0327336 0.0327125 0.0322612 0.0323213 0.0335287 0.0367224 0.0375223 0.0383916 1.2580696 1.3167741 
EBOV_H.sap-wt_GIN_15_Makona-Faranah-EM_004503_KR817102     1.7674772 1.7684955 1.6114167 1.6089874 1.6247523 0.0027903 0.0024805 0.0019612 0.0023243 0.0019098 0.0018060 0.0019094 0.0017025 0.0014440 0.0013923 0.0014440 0.0015995 0.0013926 0.0013926 0.0016510 0.0014958 0.0015994 0.0000000 0.0001544 0.0014441 0.0017030 0.0013925 0.0015991 0.0007722 0.0007722 0.0010308 0.0010308 0.0007722 0.0009267 0.0017028 0.0016510 0.0016509 0.0015475 0.0013408 0.0014958 0.0014442 0.0015475 0.0014440 0.0013927 0.0014441 0.0013924 0.0014440 0.0012375 0.0014960 0.0014442 0.0013410 0.0012376 0.0013924 0.0012375 0.0012893 0.0012893 0.0013411 0.0011342 0.0011341 0.0010826 0.0009782 0.0011858 0.0011858 0.0010825 0.0011859 0.0011342 0.0011342 0.0010825 0.0010825 0.0010309 0.0010825 0.0010310 0.0010310 0.0011343 0.0010827 0.0010827 0.0011859 0.0011343 0.0009793 0.0009267 0.0009267 0.0009793 0.0009793 0.0010825 0.0010825 0.0010309 0.0327346 0.0327135 0.0322622 0.0323223 0.0334789 0.0367231 0.0374092 0.0382782 1.2599199 1.3157715 
EBOV_H.sap-wt_GIN_15_Makona-Kissidougou-EM_004555_KR817103 1.7671333 1.7681511 1.6119440 1.6095147 1.6252881 0.0029460 0.0026362 0.0021165 0.0024799 0.0020651 0.0019612 0.0020647 0.0018577 0.0015991 0.0015474 0.0015991 0.0017547 0.0015477 0.0015477 0.0018062 0.0016509 0.0017546 0.0001544 0.0000000 0.0015992 0.0018582 0.0015476 0.0017543 0.0009267 0.0009267 0.0011857 0.0011857 0.0009267 0.0010825 0.0018580 0.0018062 0.0018060 0.0017026 0.0014959 0.0016509 0.0015993 0.0017027 0.0015991 0.0015478 0.0015992 0.0015475 0.0015991 0.0013925 0.0016512 0.0015993 0.0014961 0.0013927 0.0015475 0.0013925 0.0014443 0.0014443 0.0014961 0.0012891 0.0012891 0.0012375 0.0011341 0.0013408 0.0013408 0.0012375 0.0013408 0.0012891 0.0012891 0.0012375 0.0012375 0.0011858 0.0012374 0.0011859 0.0011859 0.0012893 0.0012376 0.0012376 0.0013409 0.0012892 0.0011342 0.0010825 0.0010825 0.0011342 0.0011342 0.0012375 0.0012375 0.0011858 0.0329051 0.0328839 0.0324324 0.0324925 0.0336497 0.0368955 0.0375819 0.0384513 1.2602677 1.3161391 
EBOV_H.sap-wt_GIN_14_Makona-Gueckedou-EM_076138_KR817140   1.7656519 1.7666680 1.6114384 1.6090079 1.6256461 0.0024790 0.0021694 0.0016507 0.0020134 0.0015993 0.0014956 0.0015990 0.0013922 0.0011340 0.0010824 0.0011340 0.0012892 0.0011858 0.0011858 0.0013407 0.0011857 0.0012892 0.0014441 0.0015992 0.0000000 0.0013411 0.0009793 0.0012890 0.0010823 0.0010823 0.0011339 0.0011339 0.0008752 0.0010297 0.0013925 0.0013407 0.0013406 0.0012374 0.0010309 0.0011857 0.0011341 0.0012374 0.0011340 0.0010311 0.0011341 0.0010824 0.0011340 0.0009267 0.0011859 0.0011341 0.0010310 0.0009278 0.0010824 0.0009267 0.0009794 0.0009794 0.0010311 0.0008237 0.0008237 0.0007722 0.0006692 0.0008752 0.0008752 0.0007722 0.0008752 0.0008237 0.0008237 0.0007722 0.0007722 0.0007207 0.0007722 0.0007207 0.0007207 0.0008237 0.0007722 0.0007722 0.0008752 0.0008237 0.0006692 0.0006177 0.0006177 0.0006692 0.0006692 0.0007722 0.0007722 0.0007207 0.0324562 0.0324353 0.0319843 0.0320443 0.0332497 0.0364919 0.0371776 0.0380460 1.2593799 1.3182722 
EBOV_H.sap-wt_SLE_14_Makona-Kailahun-20140517_KR653263     1.7680226 1.7690402 1.6125728 1.6101442 1.6261103 0.0027388 0.0024290 0.0019097 0.0022728 0.0018583 0.0017545 0.0018579 0.0016510 0.0013925 0.0013409 0.0013925 0.0014443 0.0013408 0.0013408 0.0013924 0.0013407 0.0014442 0.0017030 0.0018582 0.0013411 0.0000000 0.0012895 0.0014440 0.0013407 0.0013407 0.0013924 0.0012891 0.0011341 0.0012891 0.0015475 0.0014957 0.0014957 0.0013924 0.0011858 0.0013407 0.0012891 0.0013924 0.0012889 0.0006177 0.0012890 0.0012373 0.0012889 0.0011860 0.0013409 0.0012891 0.0011859 0.0010826 0.0012373 0.0010825 0.0011342 0.0011342 0.0011860 0.0009792 0.0009782 0.0009267 0.0009277 0.0010309 0.0010308 0.0009267 0.0010309 0.0009792 0.0009792 0.0009267 0.0009267 0.0008752 0.0009267 0.0008752 0.0008752 0.0009793 0.0009277 0.0009277 0.0010309 0.0009793 0.0008237 0.0007722 0.0007722 0.0008237 0.0008237 0.0009267 0.0009267 0.0008752 0.0327372 0.0327161 0.0322648 0.0323249 0.0335943 0.0368398 0.0375262 0.0383955 1.2603026 1.3186047 
EBOV_H.sap-wt_GIN_14_Makona-Macenta-EM_000982_KR817086     1.7674925 1.7685100 1.6128180 1.6097710 1.6259858 0.0024274 0.0021177 0.0015991 0.0019618 0.0015477 0.0014441 0.0015474 0.0013407 0.0010825 0.0010308 0.0010825 0.0012377 0.0011343 0.0011343 0.0012892 0.0011342 0.0012376 0.0013925 0.0015476 0.0009793 0.0012895 0.0000000 0.0012374 0.0010297 0.0010297 0.0010824 0.0010824 0.0008237 0.0009782 0.0013409 0.0012892 0.0012891 0.0011858 0.0009794 0.0011342 0.0010826 0.0011858 0.0010825 0.0009796 0.0010825 0.0010309 0.0010308 0.0008752 0.0011343 0.0010826 0.0009795 0.0008762 0.0010309 0.0008752 0.0009278 0.0009278 0.0009795 0.0007722 0.0007722 0.0007207 0.0006177 0.0008237 0.0008237 0.0007207 0.0008237 0.0007722 0.0007722 0.0007207 0.0007207 0.0006692 0.0007207 0.0006692 0.0006692 0.0007722 0.0007207 0.0007207 0.0008237 0.0007722 0.0006177 0.0005662 0.0005662 0.0006177 0.0006177 0.0007207 0.0007207 0.0006692 0.0326178 0.0325968 0.0321456 0.0322057 0.0333001 0.0364282 0.0372278 0.0380961 1.2595242 1.3154638 
EBOV_H.sap-wt_SLE_14_Makona-Kenema-G4730_1_KR105268        1.7692170 1.7702356 1.6127958 1.6103681 1.6263326 0.0026344 0.0023248 0.0018058 0.0021168 0.0017544 0.0016506 0.0017540 0.0015472 0.0012889 0.0012372 0.0012889 0.0013406 0.0012372 0.0012372 0.0013921 0.0012371 0.0013405 0.0015991 0.0017543 0.0012890 0.0014440 0.0012374 0.0000000 0.0012371 0.0012371 0.0012888 0.0012888 0.0010297 0.0011855 0.0011340 0.0010823 0.0010812 0.0009782 0.0007722 0.0009267 0.0010823 0.0011855 0.0010812 0.0011340 0.0010812 0.0010297 0.0007722 0.0010825 0.0011340 0.0009782 0.0007722 0.0009782 0.0010297 0.0008752 0.0009267 0.0009267 0.0009792 0.0007722 0.0007722 0.0008237 0.0008237 0.0008237 0.0008237 0.0007207 0.0008237 0.0007722 0.0007722 0.0007207 0.0007207 0.0007722 0.0007207 0.0006692 0.0006692 0.0007722 0.0007207 0.0007207 0.0008237 0.0007722 0.0007207 0.0006692 0.0006692 0.0006177 0.0006177 0.0006177 0.0006177 0.0005662 0.0326781 0.0326571 0.0322059 0.0322659 0.0334135 0.0366565 0.0373423 0.0382110 1.2585961 1.3171994 
EBOV_H.sap-wt_LBR_14_Makona-Foya-EM_074353_KR817112        1.7662708 1.7672874 1.6104310 1.6078205 1.6239443 0.0024267 0.0021172 0.0015987 0.0019613 0.0015473 0.0014437 0.0015470 0.0013403 0.0010812 0.0010297 0.0010812 0.0012373 0.0011340 0.0011340 0.0012888 0.0011339 0.0012373 0.0007722 0.0009267 0.0010823 0.0013407 0.0010297 0.0012371 0.0000000 0.0000010 0.0006692 0.0006692 0.0004117 0.0005662 0.0013406 0.0012888 0.0012887 0.0011855 0.0009782 0.0011339 0.0010823 0.0011855 0.0010812 0.0010308 0.0010812 0.0010297 0.0010812 0.0008752 0.0011340 0.0010823 0.0009782 0.0008752 0.0010297 0.0008752 0.0009267 0.0009267 0.0009793 0.0007722 0.0007722 0.0007207 0.0006177 0.0008237 0.0008237 0.0007207 0.0008237 0.0007722 0.0007722 0.0007207 0.0007207 0.0006692 0.0007207 0.0006692 0.0006692 0.0007722 0.0007207 0.0007207 0.0008237 0.0007722 0.0006177 0.0005662 0.0005662 0.0006177 0.0006177 0.0007207 0.0007207 0.0006692 0.0326085 0.0325875 0.0321365 0.0321965 0.0332396 0.0365942 0.0372799 0.0381482 1.2596561 1.3156418 
EBOV_H.sap-wt_LBR_14_Makona-Foya-EM_074350_KR817109        1.7662708 1.7672874 1.6104310 1.6078205 1.6239443 0.0024267 0.0021172 0.0015987 0.0019613 0.0015473 0.0014437 0.0015470 0.0013403 0.0010812 0.0010297 0.0010812 0.0012373 0.0011340 0.0011340 0.0012888 0.0011339 0.0012373 0.0007722 0.0009267 0.0010823 0.0013407 0.0010297 0.0012371 0.0000010 0.0000000 0.0006692 0.0006692 0.0004117 0.0005662 0.0013406 0.0012888 0.0012887 0.0011855 0.0009782 0.0011339 0.0010823 0.0011855 0.0010812 0.0010308 0.0010812 0.0010297 0.0010812 0.0008752 0.0011340 0.0010823 0.0009782 0.0008752 0.0010297 0.0008752 0.0009267 0.0009267 0.0009793 0.0007722 0.0007722 0.0007207 0.0006177 0.0008237 0.0008237 0.0007207 0.0008237 0.0007722 0.0007722 0.0007207 0.0007207 0.0006692 0.0007207 0.0006692 0.0006692 0.0007722 0.0007207 0.0007207 0.0008237 0.0007722 0.0006177 0.0005662 0.0005662 0.0006177 0.0006177 0.0007207 0.0007207 0.0006692 0.0326085 0.0325875 0.0321365 0.0321965 0.0332396 0.0365942 0.0372799 0.0381482 1.2596561 1.3156418 
EBOV_H.sap-wt_LBR_14_Makona-Foya-EM_074720_KR817125        1.7670276 1.7680452 1.6108278 1.6083983 1.6243427 0.0024787 0.0021691 0.0016505 0.0020131 0.0015990 0.0014954 0.0015987 0.0013920 0.0011338 0.0010812 0.0011338 0.0012891 0.0011857 0.0011857 0.0013405 0.0011856 0.0012890 0.0010308 0.0011857 0.0011339 0.0013924 0.0010824 0.0012888 0.0006692 0.0006692 0.0000000 0.0005147 0.0002573 0.0004117 0.0013923 0.0013405 0.0013405 0.0012372 0.0010308 0.0011856 0.0011340 0.0012372 0.0011339 0.0010825 0.0011339 0.0010823 0.0011339 0.0009267 0.0011857 0.0011340 0.0010309 0.0009267 0.0010823 0.0009267 0.0009792 0.0009792 0.0010309 0.0008237 0.0008237 0.0007722 0.0006692 0.0008752 0.0008752 0.0007722 0.0008752 0.0008237 0.0008237 0.0007722 0.0007722 0.0007207 0.0007722 0.0007207 0.0007207 0.0008237 0.0007722 0.0007722 0.0008752 0.0008237 0.0006692 0.0006177 0.0006177 0.0006692 0.0006692 0.0007722 0.0007722 0.0007207 0.0326086 0.0325876 0.0321366 0.0321966 0.0333523 0.0365944 0.0372801 0.0381484 1.2603893 1.3172071 
EBOV_H.sap-wt_GIN_14_Makona-Macenta-EM_076322_KR817145     1.7654493 1.7664653 1.6105644 1.6081335 1.6240831 0.0024786 0.0021690 0.0016504 0.0020131 0.0015990 0.0014954 0.0015987 0.0013920 0.0011338 0.0010812 0.0011338 0.0012890 0.0011857 0.0011857 0.0013405 0.0011856 0.0012890 0.0010308 0.0011857 0.0011339 0.0012891 0.0010824 0.0012888 0.0006692 0.0006692 0.0005147 0.0000000 0.0002573 0.0004117 0.0013923 0.0013405 0.0013404 0.0012372 0.0010307 0.0011856 0.0011340 0.0012372 0.0011338 0.0010825 0.0011339 0.0010823 0.0011339 0.0009267 0.0011857 0.0011340 0.0010308 0.0009267 0.0010823 0.0009267 0.0009792 0.0009792 0.0010309 0.0008237 0.0008237 0.0007722 0.0006692 0.0008752 0.0008752 0.0007722 0.0008752 0.0008237 0.0008237 0.0007722 0.0007722 0.0007207 0.0007722 0.0007207 0.0007207 0.0008237 0.0007722 0.0007722 0.0008752 0.0008237 0.0006692 0.0006177 0.0006177 0.0006692 0.0006692 0.0007722 0.0007722 0.0007207 0.0324414 0.0324205 0.0319696 0.0320296 0.0331848 0.0365396 0.0372252 0.0380935 1.2601959 1.3167999 
EBOV_H.sap-wt_LBR_14_Makona-EM_080065_KR817232             1.7657331 1.7667496 1.6102512 1.6078205 1.6237637 0.0022196 0.0019101 0.0013921 0.0017544 0.0013406 0.0012371 0.0013404 0.0011338 0.0008752 0.0008237 0.0008752 0.0010309 0.0009267 0.0009267 0.0010823 0.0009267 0.0010308 0.0007722 0.0009267 0.0008752 0.0011341 0.0008237 0.0010297 0.0004117 0.0004117 0.0002573 0.0002573 0.0000000 0.0001544 0.0011340 0.0010823 0.0010823 0.0009782 0.0007722 0.0009267 0.0008752 0.0009782 0.0008752 0.0008237 0.0008752 0.0008237 0.0008752 0.0006692 0.0009267 0.0008752 0.0007722 0.0006692 0.0008237 0.0006692 0.0007207 0.0007207 0.0007722 0.0005662 0.0005662 0.0005147 0.0004117 0.0006177 0.0006177 0.0005147 0.0006177 0.0005662 0.0005662 0.0005147 0.0005147 0.0004632 0.0005147 0.0004632 0.0004632 0.0005662 0.0005147 0.0005147 0.0006177 0.0005662 0.0004117 0.0003602 0.0003602 0.0004117 0.0004117 0.0005147 0.0005147 0.0004632 0.0323833 0.0323625 0.0319117 0.0319717 0.0331266 0.0363668 0.0370521 0.0379199 1.2595190 1.3159324 
EBOV_H.sap-wt_GIN_14_Makona-Nzerekore-EM_074437_KR817117   1.7650846 1.7661003 1.6098185 1.6073878 1.6233242 0.0023750 0.0020655 0.0015471 0.0019096 0.0014957 0.0013921 0.0014954 0.0012887 0.0010297 0.0009782 0.0010297 0.0011858 0.0010824 0.0010824 0.0012372 0.0010823 0.0011857 0.0009267 0.0010825 0.0010297 0.0012891 0.0009782 0.0011855 0.0005662 0.0005662 0.0004117 0.0004117 0.0001544 0.0000000 0.0012890 0.0012372 0.0012372 0.0011339 0.0009267 0.0010823 0.0010307 0.0011340 0.0010297 0.0009792 0.0010297 0.0009782 0.0010297 0.0008237 0.0010825 0.0010307 0.0009267 0.0008237 0.0009782 0.0008237 0.0008752 0.0008752 0.0009267 0.0007207 0.0007207 0.0006692 0.0005662 0.0007722 0.0007722 0.0006692 0.0007722 0.0007207 0.0007207 0.0006692 0.0006692 0.0006177 0.0006692 0.0006177 0.0006177 0.0007207 0.0006692 0.0006692 0.0007722 0.0007207 0.0005662 0.0005147 0.0005147 0.0005662 0.0005662 0.0006692 0.0006692 0.0006177 0.0325535 0.0325325 0.0320816 0.0321416 0.0332972 0.0365389 0.0372245 0.0380927 1.2592493 1.3162420 
EBOV_H.sap-wt_SLE_14_Makona-Koinadugu-20143659_KR653256    1.7684211 1.7694387 1.6118370 1.6094072 1.6252487 0.0027385 0.0024288 0.0019095 0.0022726 0.0018581 0.0017543 0.0018577 0.0016508 0.0013924 0.0013407 0.0013924 0.0014441 0.0013407 0.0013407 0.0014956 0.0013406 0.0014441 0.0017028 0.0018580 0.0013925 0.0015475 0.0013409 0.0011340 0.0013406 0.0013406 0.0013923 0.0013923 0.0011340 0.0012890 0.0000000 0.0006692 0.0006692 0.0005662 0.0003602 0.0005147 0.0011857 0.0012889 0.0011855 0.0012375 0.0011856 0.0011340 0.0009782 0.0011859 0.0012374 0.0010824 0.0008752 0.0010825 0.0011340 0.0009782 0.0010309 0.0010309 0.0010826 0.0008752 0.0008752 0.0009267 0.0009267 0.0009267 0.0009267 0.0008237 0.0009267 0.0008752 0.0008752 0.0008237 0.0008237 0.0008752 0.0008237 0.0007722 0.0007722 0.0008752 0.0008237 0.0008237 0.0009267 0.0008752 0.0008237 0.0007722 0.0007722 0.0007207 0.0007207 0.0007207 0.0007207 0.0006692 0.0329590 0.0329378 0.0324862 0.0325464 0.0337037 0.0369497 0.0376362 0.0385057 1.2595090 1.3184059 
EBOV_H.sap-wt_SLE_14_Makona-J0128_KP759677                 1.7678346 1.7688520 1.6117571 1.6095147 1.6253553 0.0026865 0.0023768 0.0018576 0.0022207 0.0018062 0.0017025 0.0018059 0.0015990 0.0013406 0.0012890 0.0013406 0.0013923 0.0012889 0.0012889 0.0014438 0.0012888 0.0013923 0.0016510 0.0018062 0.0013407 0.0014957 0.0012892 0.0010823 0.0012888 0.0012888 0.0013405 0.0013405 0.0010823 0.0012372 0.0006692 0.0000000 0.0006177 0.0005147 0.0003088 0.0004632 0.0011340 0.0012372 0.0011338 0.0011857 0.0011339 0.0010823 0.0009267 0.0011342 0.0011857 0.0010307 0.0008237 0.0010308 0.0010823 0.0009267 0.0009782 0.0009782 0.0010309 0.0008237 0.0008237 0.0008752 0.0008752 0.0008752 0.0008752 0.0007722 0.0008752 0.0008237 0.0008237 0.0007722 0.0007722 0.0008237 0.0007722 0.0007207 0.0007207 0.0008237 0.0007722 0.0007722 0.0008752 0.0008237 0.0007722 0.0007207 0.0007207 0.0006692 0.0006692 0.0006692 0.0006692 0.0006177 0.0328996 0.0328785 0.0324270 0.0324871 0.0336442 0.0368894 0.0375757 0.0384450 1.2591653 1.3185785 
EBOV_H.sap-wt_SLE_14_Makona-J0119_KP759667                 1.7671876 1.7682044 1.6119809 1.6095526 1.6253869 0.0026863 0.0023766 0.0018575 0.0022205 0.0018061 0.0017024 0.0018058 0.0015989 0.0013405 0.0012889 0.0013406 0.0013923 0.0012888 0.0012888 0.0014437 0.0012887 0.0013922 0.0016509 0.0018060 0.0013406 0.0014957 0.0012891 0.0010812 0.0012887 0.0012887 0.0013405 0.0013404 0.0010823 0.0012372 0.0006692 0.0006177 0.0000000 0.0003088 0.0003088 0.0002573 0.0011339 0.0012371 0.0011328 0.0011856 0.0011338 0.0010812 0.0009267 0.0011341 0.0011856 0.0010297 0.0008237 0.0010308 0.0010812 0.0009267 0.0009782 0.0009782 0.0010308 0.0008237 0.0008237 0.0008752 0.0008752 0.0008752 0.0008752 0.0007722 0.0008752 0.0008237 0.0008237 0.0007722 0.0007722 0.0008237 0.0007722 0.0007207 0.0007207 0.0008237 0.0007722 0.0007722 0.0008752 0.0008237 0.0007722 0.0007207 0.0007207 0.0006692 0.0006692 0.0006692 0.0006692 0.0006177 0.0328383 0.0328172 0.0323659 0.0324259 0.0335826 0.0368268 0.0375130 0.0383820 1.2591186 1.3174342 
EBOV_H.sap-wt_SLE_14_Makona-J0158_KP759700                 1.7668963 1.7679132 1.6120089 1.6095803 1.6254169 0.0025827 0.0022730 0.0017541 0.0021170 0.0017027 0.0015990 0.0017024 0.0014956 0.0012373 0.0011857 0.0012373 0.0012890 0.0011856 0.0011856 0.0013405 0.0011855 0.0012889 0.0015475 0.0017026 0.0012374 0.0013924 0.0011858 0.0009782 0.0011855 0.0011855 0.0012372 0.0012372 0.0009782 0.0011339 0.0005662 0.0005147 0.0003088 0.0000000 0.0002058 0.0001544 0.0010297 0.0011339 0.0010297 0.0010824 0.0010297 0.0009782 0.0008237 0.0010309 0.0010824 0.0009267 0.0007207 0.0009267 0.0009782 0.0008237 0.0008752 0.0008752 0.0009267 0.0007207 0.0007207 0.0007722 0.0007722 0.0007722 0.0007722 0.0006692 0.0007722 0.0007207 0.0007207 0.0006692 0.0006692 0.0007207 0.0006692 0.0006177 0.0006177 0.0007207 0.0006692 0.0006692 0.0007722 0.0007207 0.0006692 0.0006177 0.0006177 0.0005662 0.0005662 0.0005662 0.0005662 0.0005147 0.0327262 0.0327051 0.0322539 0.0323140 0.0334702 0.0367137 0.0373996 0.0382684 1.2582957 1.3179979 
EBOV_H.sap-wt_SLE_14_Makona-PortLoko-20140024_KR653252     1.7670690 1.7680858 1.6112008 1.6087705 1.6246050 0.0023755 0.0020659 0.0015474 0.0019100 0.0014960 0.0013924 0.0014957 0.0012890 0.0010308 0.0009792 0.0010308 0.0010825 0.0009782 0.0009782 0.0011340 0.0009782 0.0010825 0.0013408 0.0014959 0.0010309 0.0011858 0.0009794 0.0007722 0.0009782 0.0009782 0.0010308 0.0010307 0.0007722 0.0009267 0.0003602 0.0003088 0.0003088 0.0002058 0.0000000 0.0001544 0.0008237 0.0009267 0.0008237 0.0008752 0.0008237 0.0007722 0.0006177 0.0008237 0.0008752 0.0007207 0.0005147 0.0007207 0.0007722 0.0006177 0.0006692 0.0006692 0.0007207 0.0005147 0.0005147 0.0005662 0.0005662 0.0005662 0.0005662 0.0004632 0.0005662 0.0005147 0.0005147 0.0004632 0.0004632 0.0005147 0.0004632 0.0004117 0.0004117 0.0005147 0.0004632 0.0004632 0.0005662 0.0005147 0.0004632 0.0004117 0.0004117 0.0003602 0.0003602 0.0003602 0.0003602 0.0003088 0.0325604 0.0325394 0.0320884 0.0321484 0.0333042 0.0365466 0.0372323 0.0381008 1.2587323 1.3176765 
