100
02A1.GH.97.97GH_AG2.AB052867           0.0000000 0.3401084 0.3403052 0.3626383 0.4285742 0.3768349 0.4085319 0.4272281 0.4567216 0.5524535 0.5613774 0.5554141 0.5255179 0.5311831 0.5367579 0.5502188 0.5003238 0.5285352 0.5610394 0.6216031 0.6288086 0.6555310 0.6533754 0.6500622 0.6337013 0.6541874 0.7062499 0.8163162 0.4660334 0.5816966 0.5052081 0.5283891 0.6047781 0.6196226 0.6479657 0.7727744 0.8640882 0.5402434 0.6211975 0.7889836 0.7625021 0.7478713 0.7575215 0.7457947 0.7956609 0.7814978 0.7894010 0.7781572 0.7895261 0.8189966 0.7552938 0.7547992 0.7341568 0.7945398 0.8207653 0.7868317 0.8273919 0.8093290 0.8168630 0.7336628 0.8202289 0.7801746 0.7963360 0.8186629 0.8309799 0.8558100 0.8044214 0.8007493 0.8168292 0.8296012 0.8364345 0.8025395 0.8694326 0.8856478 0.7337323 0.6628633 0.6552913 1.1113337 0.8189743 0.8222665 0.8434071 0.8419275 0.8700296 0.7956072 0.8358313 0.7905723 0.8460877 0.8287185 0.8338504 0.7997216 0.8241913 0.8754535 0.8605220 0.9635988 0.9531869 0.7631408 1.7581813 1.8050113 1.7527415 2.5713489 
02_AG.CM.02.02CM_3217MN.GU201514       0.3401084 0.0000000 0.2518463 0.2843274 0.3433030 0.4033207 0.4115779 0.4422276 0.4706492 0.5538680 0.5587988 0.5646065 0.5226167 0.5173835 0.5636192 0.5658983 0.5008358 0.5275255 0.5582773 0.6237764 0.6302157 0.6615799 0.6633292 0.6528981 0.6462168 0.6754258 0.7267302 0.8266125 0.4754668 0.5823106 0.5099229 0.5416749 0.6156124 0.6455912 0.6793224 0.7923178 0.8674729 0.5429551 0.6172517 0.7995230 0.7831816 0.7819403 0.7639914 0.7369767 0.7884830 0.7853815 0.7938657 0.8046384 0.7900777 0.8269478 0.7682879 0.7670515 0.7645828 0.7989707 0.8424516 0.7979673 0.8478641 0.8410640 0.8275759 0.7465422 0.8421522 0.7915597 0.8253400 0.8468059 0.8523126 0.8698387 0.8372384 0.8319945 0.8449711 0.8554857 0.8317298 0.8116192 0.8847671 0.8981389 0.7357938 0.6832630 0.6477025 1.1250242 0.8481790 0.8322662 0.8654000 0.8735583 0.8933437 0.8214881 0.8740168 0.8310636 0.8509210 0.8495126 0.8689851 0.8199616 0.8253985 0.9051497 0.8925191 0.9742553 0.9671332 0.7866871 1.7490356 1.8505214 1.7796315 2.5547364 
02_AG.GW.04.CC_0030.FJ694791           0.3403052 0.2518463 0.0000000 0.2790927 0.3472499 0.3932708 0.4077627 0.4396508 0.4619101 0.5552408 0.5624923 0.5581996 0.5259687 0.5278935 0.5716271 0.5538945 0.5070961 0.5292089 0.5559127 0.6210360 0.6192270 0.6626920 0.6549523 0.6535734 0.6299804 0.6686059 0.7076826 0.8013874 0.4742421 0.5769740 0.5063425 0.5394624 0.6161939 0.6379869 0.6715496 0.7983807 0.8843829 0.5422278 0.5956283 0.7693915 0.7550737 0.7504835 0.7456326 0.7196416 0.7777419 0.7654804 0.7803433 0.7723828 0.7939023 0.8001260 0.7449323 0.7365648 0.7440496 0.7756575 0.8253597 0.7656212 0.8198262 0.8078455 0.8007149 0.7175273 0.8191659 0.7679861 0.8048120 0.8323235 0.8345632 0.8446714 0.7895281 0.8070389 0.8016355 0.8382067 0.8266706 0.8107147 0.8513946 0.8668101 0.7530437 0.6699598 0.6440767 1.1136764 0.8459703 0.8078286 0.8559141 0.8405001 0.8725038 0.8045626 0.8461325 0.7912965 0.8382795 0.8568104 0.8560227 0.7981980 0.8135955 0.8847866 0.8631428 0.9541028 0.9254920 0.7847334 1.7624808 1.8574815 1.7905468 2.5350894 
02_AG.GW.14.DE00214GW009.MH078544      0.3626383 0.2843274 0.2790927 0.0000000 0.3673115 0.4145672 0.4329407 0.4498099 0.4723284 0.5765541 0.5792054 0.5797106 0.5415614 0.5443352 0.5815787 0.5728182 0.5219879 0.5509087 0.5654216 0.6495262 0.6349155 0.6898936 0.6584881 0.6832282 0.6595678 0.6884925 0.7588027 0.8504999 0.4984513 0.6016024 0.5295055 0.5618671 0.6272615 0.6559361 0.6990728 0.8121625 0.8821373 0.5471322 0.6350116 0.8202348 0.7967639 0.7830791 0.7920623 0.7536170 0.8165383 0.8163855 0.8204255 0.8266916 0.8114465 0.8535035 0.7965056 0.7926436 0.7811188 0.8214614 0.8759431 0.8203573 0.8527144 0.8495530 0.8448424 0.7667597 0.8541612 0.8163417 0.8511893 0.8694537 0.8779620 0.8901928 0.8454325 0.8502573 0.8405143 0.9003176 0.8742644 0.8545400 0.8927715 0.9167240 0.7697100 0.7053264 0.6793811 1.1491421 0.8650112 0.8558929 0.8664543 0.8664680 0.8930903 0.8232734 0.8945400 0.8259080 0.8760208 0.8828774 0.8855041 0.8223446 0.8603175 0.9000764 0.9053838 0.9888541 0.9887916 0.7905138 1.7839052 1.8356034 1.8503850 2.5764814 
02D.GH.03.GHNJ193.AB231897             0.4285742 0.3433030 0.3472499 0.3673115 0.0000000 0.4792982 0.4924439 0.5195537 0.5533140 0.6312081 0.6330957 0.6365124 0.6079218 0.5901150 0.6379439 0.6438192 0.5831231 0.6145623 0.6354014 0.7080798 0.6948726 0.7347290 0.7237988 0.7343101 0.7216654 0.7510132 0.7861188 0.9032801 0.5636796 0.6638079 0.5800333 0.6266159 0.7068899 0.7358083 0.7398067 0.8567549 0.9434073 0.5977933 0.6976376 0.8898720 0.8652884 0.8565378 0.8467176 0.8384049 0.8718306 0.8712917 0.8802669 0.8846509 0.8942004 0.9075732 0.8545180 0.8382710 0.8432348 0.8538358 0.9365527 0.8850940 0.9250526 0.9209495 0.9024325 0.8105450 0.9216112 0.8844097 0.9020426 0.9283948 0.9572903 0.9368449 0.9128162 0.9141418 0.9157605 0.9471654 0.9359890 0.9021656 0.9432127 0.9540980 0.8372253 0.7672389 0.7584787 1.2239216 0.9298401 0.9167075 0.9403968 0.9656233 0.9670450 0.8974657 0.9387680 0.8927182 0.9342262 0.9444727 0.9556620 0.9212284 0.9165856 0.9719907 0.9725693 1.0609488 1.0330064 0.8589379 1.8610495 1.9139465 1.8767700 2.6077156 
02A.CI.16.DEURF16CI011.MH078538        0.3768349 0.4033207 0.3932708 0.4145672 0.4792982 0.0000000 0.4673274 0.4951898 0.4992226 0.6086705 0.6092961 0.6199232 0.5835139 0.5904420 0.6236227 0.6115061 0.5549578 0.5909153 0.6039429 0.6997451 0.6875406 0.7212571 0.7243080 0.7163549 0.7068847 0.7313918 0.7859233 0.9002210 0.5185195 0.6296187 0.5600176 0.5808717 0.6550677 0.6780804 0.7298909 0.8334005 0.9105995 0.5969943 0.6857017 0.8430200 0.8236593 0.8183309 0.8044148 0.7993283 0.8480457 0.8418407 0.8426124 0.8409028 0.8413310 0.8610728 0.8326909 0.8167558 0.7999845 0.8716912 0.8916237 0.8331795 0.9044338 0.8636388 0.8675004 0.7753790 0.8765642 0.8686610 0.8882855 0.9092486 0.8823424 0.8879095 0.8818217 0.8616773 0.8868171 0.9120207 0.9232816 0.8683799 0.9354031 0.9391920 0.7824954 0.7313863 0.7082934 1.1871613 0.9143457 0.8913064 0.9188853 0.9134105 0.9391996 0.8375529 0.9020770 0.8783437 0.9327084 0.9151710 0.9389165 0.8757366 0.9016209 0.9457731 0.9545879 1.0241499 1.0178888 0.8242355 1.8031113 1.8720268 1.8796382 2.5916975 
0206.SN.12.LA56Senegl.KU168299         0.4085319 0.4115779 0.4077627 0.4329407 0.4924439 0.4673274 0.0000000 0.4094703 0.4904017 0.6027223 0.6106622 0.6023282 0.5655930 0.5753130 0.6170013 0.6118207 0.5446020 0.5691897 0.5966753 0.6593553 0.6637279 0.6989044 0.6890835 0.6904826 0.6771714 0.7146582 0.7638238 0.8671474 0.5063592 0.6093780 0.5270043 0.5820096 0.6546082 0.6596944 0.7103407 0.8223081 0.9138925 0.6065618 0.6515688 0.8225538 0.8154589 0.7955725 0.7950872 0.7754537 0.8396016 0.8164569 0.8334767 0.8321744 0.8434253 0.8444488 0.8092905 0.8126435 0.7874537 0.8540738 0.8830451 0.8202052 0.8898376 0.8602595 0.8644570 0.7689513 0.8935975 0.8430677 0.8545968 0.8711205 0.8734525 0.8797288 0.8458017 0.8768798 0.8594604 0.8964411 0.8687250 0.8645953 0.9019332 0.9248588 0.7918976 0.7251150 0.6792046 1.1490110 0.8791842 0.8954410 0.8915127 0.8859141 0.9167797 0.8378731 0.9049867 0.8468648 0.8807161 0.8940050 0.9137223 0.8544319 0.8749650 0.9296889 0.9186074 1.0148066 0.9827032 0.8198556 1.8509991 1.9112089 1.8832969 2.5733410 
U.ES.10.DEURF10DZ001.JX140679          0.4272281 0.4422276 0.4396508 0.4498099 0.5195537 0.4951898 0.4094703 0.0000000 0.5110485 0.6341606 0.6372111 0.6276392 0.5953219 0.5931592 0.6491774 0.6389111 0.5673408 0.6063736 0.6156018 0.6719143 0.6770761 0.7274578 0.7009482 0.7040775 0.7007004 0.7226030 0.7902893 0.8974152 0.5411206 0.6598957 0.5898832 0.6058224 0.6683518 0.6970816 0.7332010 0.8406862 0.9301161 0.6444637 0.6700523 0.8475073 0.8353467 0.8130529 0.8182885 0.7932744 0.8659978 0.8440922 0.8668823 0.8659812 0.8613315 0.8927139 0.8305646 0.8139105 0.7854780 0.8563692 0.9043821 0.8461511 0.8881875 0.8665843 0.8689356 0.7819553 0.8958846 0.8435024 0.8636842 0.8693774 0.8890816 0.9031217 0.8828387 0.8814096 0.8786861 0.9304438 0.8753961 0.8829035 0.9117976 0.9366572 0.8271734 0.7453824 0.6992852 1.1794956 0.9136916 0.9076614 0.9238072 0.9445058 0.9494133 0.8793822 0.9291424 0.8774773 0.9278582 0.9447653 0.9446610 0.8969934 0.9091491 0.9394367 0.9737421 1.0456018 1.0311458 0.8264240 1.8715407 1.9406626 1.9129854 2.6742212 
AGU.CM.06.770_8.MH705142               0.4567216 0.4706492 0.4619101 0.4723284 0.5533140 0.4992226 0.4904017 0.5110485 0.0000000 0.5724943 0.5827812 0.5794877 0.5487514 0.5383793 0.5960530 0.5731320 0.5215044 0.5636893 0.5831693 0.6395638 0.6444187 0.6688553 0.6533921 0.6655486 0.6600594 0.6778153 0.7503774 0.8304647 0.4932852 0.5986378 0.5675625 0.5206685 0.5853805 0.6062721 0.6309482 0.7788541 0.8851083 0.6514286 0.6288250 0.7902919 0.7733974 0.7848012 0.7706250 0.7498390 0.8140908 0.7930913 0.8035692 0.8219630 0.8081439 0.8444531 0.7849883 0.7638053 0.7469104 0.8122072 0.8396369 0.8142889 0.8505526 0.8403833 0.8199573 0.7460410 0.8425021 0.7985737 0.8376648 0.8309380 0.8515253 0.8532569 0.8325172 0.8274625 0.8267070 0.8655253 0.8435365 0.8282234 0.8839429 0.8883916 0.7894710 0.6971663 0.6845180 1.1459839 0.8615140 0.8200919 0.8866028 0.8852999 0.8746926 0.8109205 0.8465394 0.8110983 0.8731495 0.8625424 0.8666583 0.8120793 0.8287586 0.8950923 0.8819275 0.9634044 0.9826729 0.7730353 1.8967132 1.9590055 1.9731639 2.7008021 
A1.KE.06.06KECst_028.FJ623479          0.5524535 0.5538680 0.5552408 0.5765541 0.6312081 0.6086705 0.6027223 0.6341606 0.5724943 0.0000000 0.3258395 0.4140559 0.3700311 0.3970500 0.4066580 0.4604760 0.4487253 0.4723031 0.4915591 0.5645793 0.5744509 0.6091343 0.6077410 0.5954849 0.5942697 0.5993308 0.6672309 0.7647560 0.5003657 0.4915056 0.6586900 0.6629596 0.7431805 0.7649780 0.8007275 0.7388193 0.8008416 0.7635760 0.7055952 0.8789968 0.8686266 0.8477350 0.8425003 0.8279235 0.8872675 0.8808963 0.8911159 0.8805084 0.8975727 0.8808136 0.8311549 0.8387824 0.8242575 0.8803473 0.9160044 0.8942031 0.9113854 0.9011853 0.8931933 0.7988587 0.9449663 0.8765928 0.9034683 0.9129153 0.9099883 0.9422196 0.9127778 0.8877813 0.8977125 0.9429916 0.9376458 0.9020569 0.9500494 0.9772798 0.7992277 0.7571924 0.7192090 1.2164704 0.7658891 0.7395921 0.7691453 0.7721574 0.7827995 0.7022035 0.7770237 0.7233178 0.7553093 0.7717033 0.7821255 0.7169615 0.7535860 0.7974274 0.8354226 0.8744319 0.8532164 0.8285593 1.9443704 2.0415404 1.9865991 2.7187549 
A1.KE.06.06KECst_013.FJ623485          0.5613774 0.5587988 0.5624923 0.5792054 0.6330957 0.6092961 0.6106622 0.6372111 0.5827812 0.3258395 0.0000000 0.4360931 0.3894567 0.4212941 0.4072801 0.4666050 0.4528903 0.4828913 0.5095131 0.5855946 0.5813910 0.6326920 0.6115587 0.6067122 0.5977421 0.6235660 0.6930647 0.7893880 0.5087757 0.4903121 0.6712285 0.6946220 0.7545849 0.7866020 0.8214880 0.7474901 0.8175305 0.7741060 0.7053858 0.8898976 0.8546897 0.8643896 0.8355808 0.8255669 0.8872767 0.8886091 0.8720844 0.8764599 0.8829280 0.8852878 0.8489090 0.8383256 0.8159616 0.8729844 0.9121513 0.8947801 0.9181688 0.8972702 0.8998450 0.8023043 0.9309742 0.8867099 0.8866549 0.9152418 0.9281220 0.9247262 0.9138974 0.8987883 0.9088382 0.9364338 0.9210176 0.9079396 0.9354470 0.9577098 0.8308607 0.7554594 0.7121275 1.2421874 0.7720380 0.7537417 0.7695420 0.7679277 0.7808574 0.7179012 0.7782927 0.7169256 0.7624611 0.7638344 0.7952201 0.7466635 0.7297869 0.8157691 0.8184998 0.8835361 0.8675338 0.8391185 2.0158986 2.0380631 2.0622255 2.6629505 
A1.CY.07.CY208.JF683760                0.5554141 0.5646065 0.5581996 0.5797106 0.6365124 0.6199232 0.6023282 0.6276392 0.5794877 0.4140559 0.4360931 0.0000000 0.2401614 0.4308303 0.4336245 0.4699820 0.4554084 0.5011503 0.5183585 0.5813955 0.5727021 0.6282899 0.6245637 0.6264255 0.6006899 0.6205072 0.6829573 0.7912581 0.5210027 0.4979678 0.6655993 0.6621751 0.7402343 0.7754529 0.7963453 0.7406195 0.7922545 0.7892584 0.7056587 0.8845985 0.8807921 0.8610250 0.8525204 0.8398524 0.8918355 0.8917380 0.9077368 0.8934685 0.9047730 0.8856259 0.8442218 0.8619690 0.8480141 0.8819877 0.9342802 0.9075899 0.9486535 0.9167172 0.9286698 0.8242608 0.9455741 0.8745368 0.9092530 0.9338746 0.9400898 0.9332411 0.9164419 0.9107697 0.8971874 0.9405242 0.9433096 0.9104890 0.9687410 0.9631201 0.8230675 0.7514890 0.7236384 1.2061158 0.7582154 0.7541221 0.7667622 0.7897673 0.7980167 0.7237402 0.7745686 0.7254889 0.7570751 0.7682399 0.8022962 0.7496772 0.7402114 0.8183325 0.8213219 0.8901929 0.8750155 0.8533767 2.0021171 2.0714389 2.0151441 2.8051977 
A1.CY.05.CY051.FJ388903                0.5255179 0.5226167 0.5259687 0.5415614 0.6079218 0.5835139 0.5655930 0.5953219 0.5487514 0.3700311 0.3894567 0.2401614 0.0000000 0.3853860 0.3916621 0.4101911 0.4169841 0.4485844 0.4763667 0.5344337 0.5335530 0.5747985 0.5705366 0.5812683 0.5574585 0.5728543 0.6378300 0.7450852 0.4824140 0.4496242 0.6348434 0.6367933 0.7132840 0.7309257 0.7673272 0.6875475 0.7654243 0.7427296 0.6679098 0.8309103 0.8301372 0.8244945 0.8185699 0.7873623 0.8269107 0.8688814 0.8568336 0.8392771 0.8666711 0.8591704 0.7938875 0.7970077 0.8095263 0.8370171 0.8809149 0.8476958 0.8769728 0.8536673 0.8707795 0.7748253 0.9161442 0.8418418 0.8671632 0.8728794 0.9082867 0.8925387 0.8625742 0.8523291 0.8605213 0.9025144 0.8676622 0.8809514 0.9001756 0.9275665 0.7939796 0.7231340 0.6760692 1.1536000 0.7044209 0.7165481 0.7284618 0.7289228 0.7422724 0.6841873 0.7250714 0.6780896 0.7052367 0.7174582 0.7525681 0.6866235 0.7052323 0.7803965 0.7849888 0.8598465 0.8282975 0.7983737 1.9447257 2.0088641 1.9545277 2.7035277 
A1.UG.11.DEMA110UG001.KF859745         0.5311831 0.5173835 0.5278935 0.5443352 0.5901150 0.5904420 0.5753130 0.5931592 0.5383793 0.3970500 0.4212941 0.4308303 0.3853860 0.0000000 0.4210679 0.4317974 0.4267590 0.4647704 0.4738222 0.5525735 0.5626439 0.5988592 0.5897956 0.5844045 0.5782816 0.5940426 0.6706979 0.7605603 0.4926326 0.4621661 0.6239523 0.6287206 0.7183693 0.7324516 0.7519808 0.7251758 0.7860977 0.7309467 0.6829333 0.8413142 0.8286114 0.8332776 0.8128375 0.7841690 0.8292147 0.8660275 0.8597280 0.8526935 0.8564680 0.8868890 0.8174243 0.8170253 0.8131032 0.8483804 0.9026437 0.8898285 0.9118577 0.8894858 0.8730125 0.7739457 0.9103760 0.8388893 0.8739602 0.8976553 0.8988765 0.8937306 0.9003966 0.8650622 0.8735528 0.9236310 0.8913269 0.8640896 0.9390089 0.9582463 0.8098550 0.7339386 0.6863511 1.1659320 0.7290299 0.7060130 0.7346635 0.7312754 0.7471654 0.6890375 0.7415068 0.6863915 0.7218730 0.7365528 0.7642827 0.6956220 0.7156183 0.7825062 0.7690310 0.8721711 0.8403574 0.8015318 1.9649357 2.0635622 2.0011422 2.8235880 
35_AD.AF.06.007H.GQ477450              0.5367579 0.5636192 0.5716271 0.5815787 0.6379439 0.6236227 0.6170013 0.6491774 0.5960530 0.4066580 0.4072801 0.4336245 0.3916621 0.4210679 0.0000000 0.4712908 0.4613577 0.4984000 0.5125066 0.5777911 0.5819450 0.6194165 0.6099644 0.6209686 0.6051633 0.6299977 0.6802486 0.7719119 0.5223677 0.4934713 0.6733453 0.6738672 0.7482039 0.7854566 0.8108569 0.7611137 0.8219462 0.7608338 0.7198509 0.8723434 0.8784053 0.8754574 0.8695303 0.8336160 0.9017503 0.9041808 0.9073240 0.9167985 0.8917593 0.9095197 0.8309404 0.8530207 0.8446941 0.8811633 0.9430330 0.8896040 0.9445270 0.9005514 0.9076805 0.8210962 0.9512402 0.8930814 0.9263742 0.9264857 0.9709431 0.9446197 0.9158864 0.9227747 0.8960587 0.9759771 0.9309700 0.9170094 0.9677842 0.9787972 0.8370182 0.7572653 0.7345788 1.2267021 0.7615008 0.7672317 0.7583016 0.7643518 0.7946208 0.7226705 0.7869252 0.7308554 0.7619472 0.7746047 0.8030001 0.7403548 0.7678024 0.8204218 0.8144292 0.9001384 0.8948007 0.8457213 1.9535596 2.0076933 1.9469280 2.7487904 
A1D.UG.99.99UGJ21953.AF484496          0.5502188 0.5658983 0.5538945 0.5728182 0.6438192 0.6115061 0.6118207 0.6389111 0.5731320 0.4604760 0.4666050 0.4699820 0.4101911 0.4317974 0.4712908 0.0000000 0.4554520 0.4986392 0.5172246 0.5916236 0.5819236 0.6252810 0.6048976 0.6219338 0.5945602 0.6227144 0.6718174 0.7820792 0.5204145 0.4646477 0.6654420 0.6587231 0.7362791 0.7776245 0.8041837 0.7227463 0.7937520 0.7612261 0.7182076 0.8722145 0.8568983 0.8390374 0.8487347 0.8245950 0.8615101 0.8724967 0.8895770 0.8748551 0.8716800 0.9077115 0.8303111 0.8390579 0.8157600 0.8643349 0.9256365 0.8811994 0.9152264 0.9111091 0.8901586 0.8105467 0.9441566 0.8735036 0.9086667 0.8990765 0.9246424 0.9386558 0.8864895 0.8960835 0.8991770 0.9419183 0.9138010 0.9196003 0.9430687 0.9557569 0.8254002 0.7636681 0.7382039 1.1821764 0.7413150 0.7241202 0.7519945 0.7618137 0.7743007 0.6907757 0.7477147 0.7020565 0.7398851 0.7377806 0.7418761 0.6937163 0.7088294 0.7895696 0.7723489 0.8572619 0.8397754 0.8292185 1.9866734 2.0303266 2.0003991 2.8135652 
A1.CY.06.CY154.FJ388943                0.5003238 0.5008358 0.5070961 0.5219879 0.5831231 0.5549578 0.5446020 0.5673408 0.5215044 0.4487253 0.4528903 0.4554084 0.4169841 0.4267590 0.4613577 0.4554520 0.0000000 0.4287389 0.4404014 0.5199534 0.5201370 0.5498776 0.5389132 0.5433413 0.5373916 0.5507082 0.6179189 0.7160696 0.4519326 0.4742538 0.6175549 0.6068383 0.6577488 0.7203045 0.7380234 0.6726008 0.7613145 0.7280986 0.6491864 0.8363393 0.8307462 0.8123841 0.8274063 0.7898942 0.8323726 0.8207045 0.8371927 0.8355110 0.8649224 0.8456421 0.7898015 0.7953227 0.7839239 0.8350565 0.8741497 0.8409244 0.8766614 0.8626667 0.8632741 0.7751455 0.8890060 0.8166959 0.8569996 0.8513154 0.8714490 0.8882766 0.8496807 0.8475792 0.8759374 0.8960937 0.8711975 0.8616460 0.8919364 0.9276903 0.7866321 0.7251334 0.6842120 1.1385313 0.7495939 0.7408221 0.7377879 0.7683519 0.7764723 0.6989590 0.7598685 0.6959161 0.7552393 0.7671913 0.7784600 0.7126059 0.7376244 0.8174993 0.8113838 0.8597736 0.8640495 0.7910675 1.9320917 2.0103229 2.0188853 2.7672033 
A6.UA.12.DEMA112UA036.KU749406         0.5285352 0.5275255 0.5292089 0.5509087 0.6145623 0.5909153 0.5691897 0.6063736 0.5636893 0.4723031 0.4828913 0.5011503 0.4485844 0.4647704 0.4984000 0.4986392 0.4287389 0.0000000 0.4552113 0.5346410 0.5228511 0.5598369 0.5447599 0.5626884 0.5315243 0.5519570 0.6276082 0.7118252 0.4998796 0.5093522 0.6302194 0.6351036 0.7283147 0.7371016 0.7730944 0.6788945 0.7638880 0.7462022 0.6712987 0.8438405 0.8448626 0.8518075 0.8410665 0.8056602 0.8637829 0.8426950 0.8860312 0.8847777 0.8811865 0.8788602 0.8364359 0.8290855 0.8177345 0.8597692 0.9203860 0.8846578 0.8954472 0.8904624 0.8779174 0.8063415 0.8884222 0.8488863 0.8869766 0.9296638 0.9217693 0.9026306 0.8903705 0.8892948 0.8849332 0.9520187 0.9130814 0.8844879 0.9057225 0.9809763 0.8208517 0.7524076 0.7215510 1.2137601 0.7791438 0.7470427 0.7845256 0.7934744 0.7847258 0.7206624 0.7830151 0.7318378 0.7630147 0.7850441 0.8207506 0.7547784 0.7599913 0.8431736 0.8219723 0.9253848 0.8777127 0.8433564 1.9593661 2.0338082 1.9941012 2.7575257 
22_01A1.CM.02.02CM_1867LE.AY371165     0.5610394 0.5582773 0.5559127 0.5654216 0.6354014 0.6039429 0.5966753 0.6156018 0.5831693 0.4915591 0.5095131 0.5183585 0.4763667 0.4738222 0.5125066 0.5172246 0.4404014 0.4552113 0.0000000 0.4377514 0.4370785 0.4930698 0.4673448 0.4774643 0.4601576 0.4719199 0.5537446 0.6531810 0.5012008 0.5188508 0.6706940 0.6552623 0.7354248 0.7703456 0.7767468 0.5864543 0.6602231 0.7448300 0.7077077 0.8852230 0.8695377 0.8577602 0.8533121 0.8077610 0.8740457 0.8934936 0.9024110 0.9031492 0.9126380 0.9183548 0.8398682 0.8443804 0.8390540 0.9035722 0.9256782 0.8899491 0.9307042 0.9233789 0.8903450 0.8399294 0.9247985 0.8743713 0.9137398 0.9109202 0.9200286 0.9431539 0.9034675 0.9244334 0.8964885 0.9639141 0.9422383 0.9250669 0.9406826 0.9631874 0.8182387 0.7602032 0.7255197 1.2047301 0.7855774 0.7696598 0.7956361 0.8041648 0.8168122 0.7331743 0.7880720 0.7366443 0.7776014 0.8031095 0.8069664 0.7515636 0.7719479 0.8510259 0.8278509 0.8920552 0.9033017 0.8289297 2.0020168 2.0772129 2.0374039 2.7346884 
01_AE.CN.02.YN0236.JX112866            0.6216031 0.6237764 0.6210360 0.6495262 0.7080798 0.6997451 0.6593553 0.6719143 0.6395638 0.5645793 0.5855946 0.5813955 0.5344337 0.5525735 0.5777911 0.5916236 0.5199534 0.5346410 0.4377514 0.0000000 0.1586037 0.2091456 0.2067920 0.2122675 0.2170637 0.2407908 0.2993454 0.3834845 0.5615283 0.6008397 0.7166318 0.7253040 0.7959389 0.8171866 0.8588902 0.4798338 0.5626435 0.8382113 0.7574116 0.9176354 0.9249908 0.9373433 0.9112214 0.8920681 0.9581399 0.9564997 0.9605813 0.9419190 0.9623102 0.9736769 0.8921350 0.8981220 0.8797258 0.9408796 0.9675182 0.9372173 0.9880481 0.9792976 0.9681048 0.8713157 1.0183256 0.9370519 0.9769355 0.9837206 0.9893386 0.9962358 0.9674177 0.9625980 0.9892863 1.0047424 0.9755179 0.9530953 1.0223631 1.0315036 0.8862316 0.8340641 0.7939744 1.2691738 0.8694143 0.8332536 0.8809008 0.8899955 0.9052934 0.8026182 0.8703967 0.8247696 0.8666817 0.8884282 0.8880018 0.8441575 0.8686708 0.9041289 0.8956681 0.9709167 0.9789790 0.9180702 2.0579884 2.1069963 2.1695554 2.8177432 
01_AE.TH.99.99TH_C4460.AY945726        0.6288086 0.6302157 0.6192270 0.6349155 0.6948726 0.6875406 0.6637279 0.6770761 0.6444187 0.5744509 0.5813910 0.5727021 0.5335530 0.5626439 0.5819450 0.5819236 0.5201370 0.5228511 0.4370785 0.1586037 0.0000000 0.2107463 0.2043239 0.2099804 0.2196469 0.2429467 0.2958338 0.3856916 0.5723503 0.5973118 0.7194738 0.7388766 0.8045529 0.8439772 0.8666840 0.4722546 0.5626471 0.8323091 0.7709773 0.9290636 0.9422146 0.9400284 0.9230393 0.8998647 0.9604262 0.9526212 0.9668957 0.9334814 0.9644727 0.9655496 0.9036105 0.9065764 0.8842640 0.9523359 0.9798489 0.9555175 1.0018177 0.9805538 0.9626846 0.8833967 1.0281262 0.9247309 0.9740120 0.9946389 0.9821184 1.0105838 0.9854070 0.9723944 0.9850481 1.0263227 0.9816440 0.9763758 1.0140463 1.0355501 0.8949738 0.8372068 0.8075476 1.2782147 0.8714721 0.8742299 0.8914614 0.8980173 0.9143314 0.8148437 0.8842304 0.8192929 0.8633537 0.9114385 0.9013043 0.8604022 0.8678066 0.9187634 0.9192332 0.9936247 0.9843576 0.9151946 2.0535970 2.1032666 2.1613864 2.7807903 
01_AE.CN.07.GX070143.JX112835          0.6555310 0.6615799 0.6626920 0.6898936 0.7347290 0.7212571 0.6989044 0.7274578 0.6688553 0.6091343 0.6326920 0.6282899 0.5747985 0.5988592 0.6194165 0.6252810 0.5498776 0.5598369 0.4930698 0.2091456 0.2107463 0.0000000 0.2445861 0.2483575 0.2643785 0.2825378 0.3385688 0.4244318 0.6019495 0.6539105 0.7814376 0.7870786 0.8547453 0.8887964 0.9092303 0.5247195 0.5965750 0.8724709 0.8147182 0.9771640 0.9822251 0.9800831 0.9598506 0.9541112 1.0194125 0.9915365 1.0059706 0.9804240 1.0199934 1.0245070 0.9492111 0.9545544 0.9344894 0.9791267 1.0300844 1.0083261 1.0350969 1.0311583 0.9968587 0.9352190 1.0696836 0.9600220 1.0318165 1.0223335 1.0344791 1.0525599 1.0278795 1.0181616 1.0270244 1.0744194 1.0254253 1.0167359 1.0767253 1.0971922 0.9240339 0.8774635 0.8322377 1.3072399 0.9079011 0.8736572 0.8995857 0.9235678 0.9391623 0.8421120 0.9173933 0.8540848 0.8918165 0.9259532 0.9159085 0.8698177 0.8985270 0.9700891 0.9462174 1.0241833 1.0216386 0.9540761 2.1015178 2.1607337 2.1748039 2.8395091 
01_AE.TH.07.AA030a04.JX447057          0.6533754 0.6633292 0.6549523 0.6584881 0.7237988 0.7243080 0.6890835 0.7009482 0.6533921 0.6077410 0.6115587 0.6245637 0.5705366 0.5897956 0.6099644 0.6048976 0.5389132 0.5447599 0.4673448 0.2067920 0.2043239 0.2445861 0.0000000 0.2341225 0.2451723 0.2661263 0.3223312 0.4152391 0.5916794 0.6283384 0.7638503 0.7819839 0.8300864 0.8639533 0.8802769 0.5056210 0.5884967 0.8536275 0.7718613 0.9604400 0.9727604 0.9748977 0.9587872 0.9224615 0.9992305 0.9645213 0.9780584 0.9726484 0.9923158 1.0022717 0.9331964 0.9260725 0.9152880 0.9811456 0.9971887 0.9701149 1.0064798 0.9801105 0.9647813 0.9003571 1.0360966 0.9543980 0.9980741 1.0095994 1.0112097 1.0069377 1.0199698 0.9858239 1.0184559 1.0457788 0.9997262 0.9864603 1.0369086 1.0504522 0.9012967 0.8511187 0.8078099 1.2934018 0.8754696 0.8400181 0.9051929 0.9004130 0.9209250 0.8197423 0.8908369 0.8494086 0.8706900 0.9107926 0.9209510 0.8483412 0.8904320 0.9334637 0.9335230 1.0123772 1.0062593 0.9449454 2.1025464 2.1525831 2.2155684 2.8273613 
01_AE.CN.07.07CNYN326.KF835513         0.6500622 0.6528981 0.6535734 0.6832282 0.7343101 0.7163549 0.6904826 0.7040775 0.6655486 0.5954849 0.6067122 0.6264255 0.5812683 0.5844045 0.6209686 0.6219338 0.5433413 0.5626884 0.4774643 0.2122675 0.2099804 0.2483575 0.2341225 0.0000000 0.2579175 0.2819495 0.3254165 0.4312654 0.5962231 0.6432511 0.7519045 0.7637329 0.8283259 0.8628050 0.9068052 0.5029185 0.5896866 0.8728710 0.7958779 0.9710939 0.9703960 0.9788912 0.9596656 0.9328394 0.9965292 0.9700820 0.9877777 0.9844899 1.0057276 1.0069537 0.9442964 0.9491525 0.9287037 0.9797594 1.0028872 0.9951852 1.0184424 1.0057597 1.0041984 0.8991668 1.0324610 0.9626763 0.9895524 1.0235043 1.0221790 1.0544949 1.0235144 1.0129491 1.0250413 1.0483202 1.0214372 0.9907425 1.0393831 1.0738667 0.9078444 0.8611201 0.8283401 1.3007613 0.8951276 0.8751861 0.9009558 0.9283938 0.9307292 0.8409428 0.8955487 0.8508882 0.8903979 0.9234221 0.9093883 0.8538502 0.8885018 0.9607701 0.9478149 1.0023448 1.0003871 0.9549696 2.0239049 2.1057132 2.1347231 2.8164690 
01_AE.TH.05.AA101a_WG1.JX447936        0.6337013 0.6462168 0.6299804 0.6595678 0.7216654 0.7068847 0.6771714 0.7007004 0.6600594 0.5942697 0.5977421 0.6006899 0.5574585 0.5782816 0.6051633 0.5945602 0.5373916 0.5315243 0.4601576 0.2170637 0.2196469 0.2643785 0.2451723 0.2579175 0.0000000 0.2575859 0.3309433 0.4369055 0.5870386 0.6234123 0.7519442 0.7512664 0.8054099 0.8672071 0.8857058 0.5068809 0.5771364 0.8513865 0.7786874 0.9622593 0.9506944 0.9541405 0.9411245 0.9334515 0.9711225 0.9754381 0.9769773 0.9727493 0.9972793 0.9926502 0.9294930 0.9221950 0.9096236 0.9694541 1.0089833 0.9945139 1.0129134 1.0067966 0.9850298 0.9244166 1.0275446 0.9455883 0.9902955 0.9932880 1.0222088 1.0242275 0.9817881 0.9819720 1.0224295 1.0432086 1.0223590 1.0021672 1.0532759 1.0718647 0.9090482 0.8558021 0.8405387 1.3008411 0.8815085 0.8550535 0.8754893 0.8751876 0.9091158 0.8080880 0.8735346 0.8260416 0.8884278 0.8865871 0.8922061 0.8515538 0.8783156 0.9362294 0.8953807 0.9862739 1.0024273 0.9365800 2.0739279 2.1172339 2.1242199 2.9008131 
01_AE.CN.07.07CNYN343.KF835528         0.6541874 0.6754258 0.6686059 0.6884925 0.7510132 0.7313918 0.7146582 0.7226030 0.6778153 0.5993308 0.6235660 0.6205072 0.5728543 0.5940426 0.6299977 0.6227144 0.5507082 0.5519570 0.4719199 0.2407908 0.2429467 0.2825378 0.2661263 0.2819495 0.2575859 0.0000000 0.3520046 0.4590975 0.5940488 0.6326921 0.7608291 0.7733275 0.8158257 0.8749356 0.8949805 0.5087570 0.5899881 0.8643531 0.8040146 0.9756452 0.9718198 0.9737163 0.9491205 0.9412000 0.9804089 0.9710522 0.9877633 0.9945270 0.9920615 0.9933309 0.9318310 0.9226728 0.9252550 0.9915001 0.9975433 0.9867970 1.0211652 1.0227402 1.0093232 0.9160539 1.0538765 0.9683974 1.0093987 1.0207911 1.0132804 1.0269545 0.9981326 1.0058385 1.0192659 1.0542335 1.0230931 0.9836433 1.0726036 1.0758206 0.9201502 0.8675576 0.8420159 1.3057854 0.9000289 0.8758687 0.8977396 0.9124757 0.9210915 0.8459777 0.8924492 0.8354547 0.8949768 0.8928472 0.9051095 0.8553103 0.8911888 0.9548878 0.9236649 1.0106974 1.0271280 0.9284545 2.0919876 2.0994825 2.1058150 2.9076995 
01BC.CN.13.SZ95LS8027.KX379000         0.7062499 0.7267302 0.7076826 0.7588027 0.7861188 0.7859233 0.7638238 0.7902893 0.7503774 0.6672309 0.6930647 0.6829573 0.6378300 0.6706979 0.6802486 0.6718174 0.6179189 0.6276082 0.5537446 0.2993454 0.2958338 0.3385688 0.3223312 0.3254165 0.3309433 0.3520046 0.0000000 0.5104989 0.6757252 0.7087825 0.8367455 0.8546006 0.9229990 0.9576968 0.9887744 0.5788000 0.6642507 0.9476944 0.8640953 1.0293419 1.0635452 1.0435544 1.0378639 1.0130661 1.0752666 1.0540853 1.0616851 1.0592004 1.0785159 1.0871434 1.0111188 1.0083422 0.9733048 1.0549410 1.0839191 1.0509371 1.1038315 1.0687372 1.0512650 0.9885666 1.1294118 1.0403235 1.0880617 1.1017576 1.0901594 1.1380521 1.0918064 1.0741472 1.0836342 1.1481999 1.0996098 1.1007282 1.1137169 1.1737378 0.9893191 0.9398501 0.9029237 1.3789237 0.9817423 0.9693357 1.0025231 1.0176576 1.0197825 0.9206363 0.9949560 0.9366834 0.9697471 1.0023783 1.0085851 0.9824117 0.9738866 1.0315366 1.0192570 1.1373540 1.1177142 1.0176869 2.1556716 2.1959618 2.2120427 2.8960725 
69_01B.JP.05.05JPMYC113SP420.LC027100  0.8163162 0.8266125 0.8013874 0.8504999 0.9032801 0.9002210 0.8671474 0.8974152 0.8304647 0.7647560 0.7893880 0.7912581 0.7450852 0.7605603 0.7719119 0.7820792 0.7160696 0.7118252 0.6531810 0.3834845 0.3856916 0.4244318 0.4152391 0.4312654 0.4369055 0.4590975 0.5104989 0.0000000 0.7725926 0.8110077 0.9477398 0.9431425 0.9801769 1.0571991 1.0673660 0.6786767 0.7578097 1.0266892 0.9674188 1.1242472 1.1209975 1.1268936 1.1046981 1.1029472 1.1594740 1.1241489 1.1604344 1.1708576 1.1726805 1.1584679 1.0666935 1.0807579 1.1032089 1.1281693 1.2024853 1.1401664 1.1826581 1.1708086 1.1304472 1.0875681 1.2095879 1.1255217 1.1568976 1.1814896 1.2299517 1.1807074 1.1468740 1.1790364 1.1824693 1.1999624 1.1841840 1.1441169 1.2060152 1.2316448 1.0904312 1.0420855 1.0012706 1.4715803 1.0537983 1.0342846 1.0901707 1.1070581 1.1239680 1.0274120 1.0772530 1.0238583 1.0587284 1.0912572 1.0664833 1.0349367 1.0351182 1.1107642 1.1134543 1.1953724 1.1802763 1.1245805 2.2683248 2.3214425 2.3286778 3.0050229 
45_cpx.CD.97.97CD_MBFE185.FN392874     0.4660334 0.4754668 0.4742421 0.4984513 0.5636796 0.5185195 0.5063592 0.5411206 0.4932852 0.5003657 0.5087757 0.5210027 0.4824140 0.4926326 0.5223677 0.5204145 0.4519326 0.4998796 0.5012008 0.5615283 0.5723503 0.6019495 0.5916794 0.5962231 0.5870386 0.5940488 0.6757252 0.7725926 0.0000000 0.5267890 0.5850067 0.5690527 0.6448995 0.6767733 0.6882261 0.7183330 0.8119224 0.6876731 0.6173778 0.7779504 0.7817220 0.7642600 0.7591060 0.7409988 0.8015552 0.7752882 0.7937376 0.8025031 0.8192054 0.8074639 0.7416080 0.7500464 0.7443947 0.7806780 0.8415821 0.7885723 0.8318448 0.8335225 0.8110551 0.7118991 0.8641476 0.7698847 0.8042045 0.8147337 0.8244839 0.8380819 0.8054382 0.8126426 0.7945418 0.8557212 0.8338969 0.7902985 0.8321715 0.8730039 0.7415556 0.6760580 0.6440115 1.1105800 0.7895329 0.7938162 0.8135122 0.7989237 0.8245959 0.7580598 0.8061031 0.7578364 0.8002909 0.8096414 0.8285131 0.7818498 0.7971340 0.8669623 0.8423550 0.9205806 0.9060352 0.7422520 1.9556538 1.9631059 1.9829722 2.6729191 
A1C.UG.99.99UGF25926.AF484491          0.5816966 0.5823106 0.5769740 0.6016024 0.6638079 0.6296187 0.6093780 0.6598957 0.5986378 0.4915056 0.4903121 0.4979678 0.4496242 0.4621661 0.4934713 0.4646477 0.4742538 0.5093522 0.5188508 0.6008397 0.5973118 0.6539105 0.6283384 0.6432511 0.6234123 0.6326921 0.7087825 0.8110077 0.5267890 0.0000000 0.6904487 0.6941238 0.7762160 0.7915139 0.8093932 0.7579844 0.8385280 0.7760668 0.7341247 0.9047445 0.8935373 0.8896739 0.8709860 0.8602155 0.9239963 0.9079872 0.9071884 0.9022288 0.9261935 0.9160141 0.8754994 0.8767507 0.8579876 0.9012246 0.9649877 0.9010127 0.9372604 0.9278534 0.9045584 0.8335688 0.9578823 0.9155848 0.9359222 0.9309056 0.9580140 0.9611896 0.9334827 0.9249663 0.9410798 0.9688462 0.9727946 0.9284159 0.9611619 0.9968974 0.8470814 0.8004453 0.7516678 1.2714396 0.6366995 0.6192919 0.6339306 0.6479516 0.6513885 0.6158031 0.6512225 0.5936834 0.6451623 0.6461446 0.6787429 0.6132213 0.6286429 0.7168332 0.6810871 0.7669883 0.7696294 0.8580247 2.0537352 2.1132620 2.0584460 2.8180110 
93_cpx.CD.08.DRC653.MF372651           0.5052081 0.5099229 0.5063425 0.5295055 0.5800333 0.5600176 0.5270043 0.5898832 0.5675625 0.6586900 0.6712285 0.6655993 0.6348434 0.6239523 0.6733453 0.6654420 0.6175549 0.6302194 0.6706940 0.7166318 0.7194738 0.7814376 0.7638503 0.7519045 0.7519442 0.7608291 0.8367455 0.9477398 0.5850067 0.6904487 0.0000000 0.6595277 0.7386688 0.7473253 0.7783216 0.9107511 0.9761139 0.7127320 0.7291021 0.8900805 0.8924799 0.8712147 0.8891212 0.8633785 0.9147992 0.9133037 0.9106757 0.9203293 0.9170484 0.9302311 0.8679568 0.8732327 0.8472619 0.9103011 0.9586585 0.9132471 0.9342683 0.9273795 0.9112770 0.8130164 0.9685774 0.9116032 0.9228085 0.9245299 0.9650754 0.9680938 0.9297174 0.9288118 0.9314438 0.9684472 0.9573824 0.9286152 0.9850502 1.0153449 0.8705785 0.7846437 0.7497623 1.2363244 0.9831929 0.9461647 0.9651529 0.9551118 1.0046079 0.9227201 0.9908333 0.9217842 0.9634786 0.9727638 0.9705813 0.9145526 0.9711355 0.9961020 1.0057989 1.0868830 1.0798498 0.8605295 2.0019739 2.0360260 2.0544695 2.8441962 
G.NG.92.92NG083_JV10832.U88826         0.5283891 0.5416749 0.5394624 0.5618671 0.6266159 0.5808717 0.5820096 0.6058224 0.5206685 0.6629596 0.6946220 0.6621751 0.6367933 0.6287206 0.6738672 0.6587231 0.6068383 0.6351036 0.6552623 0.7253040 0.7388766 0.7870786 0.7819839 0.7637329 0.7512664 0.7733275 0.8546006 0.9431425 0.5690527 0.6941238 0.6595277 0.0000000 0.3591708 0.3915963 0.4099701 0.8864452 0.9849560 0.7364855 0.7179865 0.8698307 0.8807097 0.8624718 0.8383943 0.8403586 0.8947659 0.8686777 0.8907474 0.9053608 0.9004834 0.9291554 0.8440826 0.8567057 0.8421674 0.8822695 0.9428584 0.8846673 0.9335099 0.9110175 0.8954094 0.8186545 0.9141409 0.8740943 0.8933139 0.9254599 0.9267018 0.9474881 0.9170042 0.9025854 0.8909344 0.9515919 0.9296894 0.9066426 0.9761005 0.9871012 0.8425928 0.7964307 0.7618390 1.2112788 0.9579787 0.9214851 0.9461973 0.9506268 0.9779382 0.9298917 0.9444508 0.9089545 0.9626091 0.9623296 0.9672239 0.9303734 0.9301652 1.0292164 0.9972001 1.0559265 1.0573069 0.8791651 1.9445717 1.9964062 2.0024721 2.7798528 
G.NG.09.09NG010261.KX389626            0.6047781 0.6156124 0.6161939 0.6272615 0.7068899 0.6550677 0.6546082 0.6683518 0.5853805 0.7431805 0.7545849 0.7402343 0.7132840 0.7183693 0.7482039 0.7362791 0.6577488 0.7283147 0.7354248 0.7959389 0.8045529 0.8547453 0.8300864 0.8283259 0.8054099 0.8158257 0.9229990 0.9801769 0.6448995 0.7762160 0.7386688 0.3591708 0.0000000 0.4684290 0.4922819 0.9460272 1.0570634 0.8272974 0.8087682 0.9682825 0.9516058 0.9367109 0.9313748 0.9086519 0.9842507 0.9861033 0.9681788 1.0104049 0.9822563 1.0020502 0.9290648 0.9426920 0.9246225 0.9730726 0.9964728 0.9706412 1.0412594 1.0131737 1.0169669 0.9029398 1.0133563 0.9445189 0.9629076 1.0089520 1.0264977 1.0115573 0.9928092 0.9942233 0.9784169 1.0252337 0.9854004 0.9615493 1.0317417 1.0560797 0.9347792 0.8616981 0.8376893 1.2900877 1.0178824 1.0219888 1.0308533 1.0242386 1.0516325 0.9789510 1.0338887 1.0059493 1.0294060 1.0282023 1.0393471 1.0076881 1.0210200 1.0928774 1.0749378 1.1648193 1.1490351 0.9471238 2.0372569 2.0768282 2.0789398 2.8424170 
01F2G.CM.02.LT31.JN864056              0.6196226 0.6455912 0.6379869 0.6559361 0.7358083 0.6780804 0.6596944 0.6970816 0.6062721 0.7649780 0.7866020 0.7754529 0.7309257 0.7324516 0.7854566 0.7776245 0.7203045 0.7371016 0.7703456 0.8171866 0.8439772 0.8887964 0.8639533 0.8628050 0.8672071 0.8749356 0.9576968 1.0571991 0.6767733 0.7915139 0.7473253 0.3915963 0.4684290 0.0000000 0.4189348 1.0064715 1.0766030 0.8493992 0.8443964 0.9689879 0.9724499 0.9452958 0.9530428 0.9366865 0.9975028 0.9760167 0.9902112 0.9963551 0.9802796 1.0232740 0.9518329 0.9460578 0.9545928 0.9768333 1.0446754 0.9889857 1.0299868 1.0258717 1.0149785 0.9247786 1.0311775 0.9818496 1.0012540 1.0594280 1.0318143 1.0291467 1.0450432 1.0181099 1.0172083 1.0604244 1.0200816 1.0116212 1.0572825 1.1024437 0.9588845 0.9029139 0.8688721 1.3263744 1.0443841 1.0527429 1.0703747 1.0321300 1.0825290 0.9944659 1.0566386 1.0162896 1.0697846 1.0486103 1.0905998 1.0165324 1.0320619 1.1188203 1.1071684 1.1861863 1.1650208 0.9885119 2.0665265 2.0846336 2.0491479 2.8296065 
BCG.ES.15.100_119.KY496623             0.6479657 0.6793224 0.6715496 0.6990728 0.7398067 0.7298909 0.7103407 0.7332010 0.6309482 0.8007275 0.8214880 0.7963453 0.7673272 0.7519808 0.8108569 0.8041837 0.7380234 0.7730944 0.7767468 0.8588902 0.8666840 0.9092303 0.8802769 0.9068052 0.8857058 0.8949805 0.9887744 1.0673660 0.6882261 0.8093932 0.7783216 0.4099701 0.4922819 0.4189348 0.0000000 1.0060957 1.1180152 0.8993879 0.8685757 1.0118833 1.0067902 0.9826074 0.9770635 0.9744359 1.0237260 1.0032234 1.0409766 1.0047297 1.0343431 1.0475501 0.9645934 0.9792391 0.9755102 1.0184203 1.0779424 1.0258381 1.0472732 1.0425570 1.0245152 0.9607042 1.0599041 1.0324442 1.0230626 1.0340548 1.0866132 1.0400923 1.0401229 1.0274866 1.0317476 1.0760741 1.0365296 1.0372514 1.1122558 1.1224606 0.9847291 0.9228168 0.9092189 1.3489958 1.0806105 1.0742735 1.1144988 1.0759960 1.0912579 1.0530350 1.0919794 1.0601451 1.0931316 1.0823697 1.1249293 1.0544514 1.0546438 1.1419741 1.0969617 1.1990287 1.2032016 1.0248530 2.1206683 2.1507180 2.1672475 2.9206473 
0107.CN.15.HB041501.KY019257           0.7727744 0.7923178 0.7983807 0.8121625 0.8567549 0.8334005 0.8223081 0.8406862 0.7788541 0.7388193 0.7474901 0.7406195 0.6875475 0.7251758 0.7611137 0.7227463 0.6726008 0.6788945 0.5864543 0.4798338 0.4722546 0.5247195 0.5056210 0.5029185 0.5068809 0.5087570 0.5788000 0.6786767 0.7183330 0.7579844 0.9107511 0.8864452 0.9460272 1.0064715 1.0060957 0.0000000 0.4418654 1.0016555 0.9096513 1.0704265 1.0679933 1.0882077 1.0597108 1.0423700 1.1051352 1.1086911 1.1087365 1.1190342 1.1169182 1.0878350 1.0606560 1.0492114 1.0522295 1.0922336 1.1354090 1.1133894 1.1474181 1.1336262 1.1118991 1.0141114 1.1694731 1.0879027 1.1399723 1.1580455 1.1436641 1.1525989 1.1189004 1.1144367 1.1279629 1.1466936 1.1329865 1.1273490 1.1938796 1.1922108 1.0796195 1.0065916 0.9517616 1.4356321 1.0042740 0.9651889 1.0309823 1.0427201 1.0249948 0.9690162 1.0393354 0.9619988 1.0139447 1.0327004 1.0553306 0.9935739 0.9932412 1.0887649 1.0363886 1.1590934 1.1473346 1.0713537 2.1698908 2.2405998 2.2406852 2.8422657 
01BC.CN.14.BJ.2014.MSM.SP01.KP668994   0.8640882 0.8674729 0.8843829 0.8821373 0.9434073 0.9105995 0.9138925 0.9301161 0.8851083 0.8008416 0.8175305 0.7922545 0.7654243 0.7860977 0.8219462 0.7937520 0.7613145 0.7638880 0.6602231 0.5626435 0.5626471 0.5965750 0.5884967 0.5896866 0.5771364 0.5899881 0.6642507 0.7578097 0.8119224 0.8385280 0.9761139 0.9849560 1.0570634 1.0766030 1.1180152 0.4418654 0.0000000 1.0598465 0.9977455 1.1812348 1.1675579 1.1738929 1.1288377 1.1286863 1.2098422 1.2130374 1.1943746 1.2135783 1.2184621 1.2007368 1.1444190 1.1273758 1.1285688 1.1485468 1.2178807 1.1714541 1.2257780 1.2172750 1.1748648 1.1078755 1.2620155 1.2060227 1.2363684 1.2282669 1.2243190 1.2102169 1.2063509 1.2066150 1.2602046 1.2631723 1.2089976 1.1883742 1.2546544 1.2855954 1.1148755 1.0973660 1.0332185 1.5370749 1.0837085 1.0550145 1.0966590 1.1046414 1.1297493 1.0352313 1.1011672 1.0547669 1.0867425 1.0966109 1.1290510 1.0606778 1.0702589 1.1465642 1.1140939 1.2266926 1.2409611 1.1642746 2.3606883 2.4532574 2.3508960 3.0880123 
06_cpx.SN.97.97SE1078.AJ288981         0.5402434 0.5429551 0.5422278 0.5471322 0.5977933 0.5969943 0.6065618 0.6444637 0.6514286 0.7635760 0.7741060 0.7892584 0.7427296 0.7309467 0.7608338 0.7612261 0.7280986 0.7462022 0.7448300 0.8382113 0.8323091 0.8724709 0.8536275 0.8728710 0.8513865 0.8643531 0.9476944 1.0266892 0.6876731 0.7760668 0.7127320 0.7364855 0.8272974 0.8493992 0.8993879 1.0016555 1.0598465 0.0000000 0.8360704 1.0055849 0.9955235 0.9776306 0.9442312 0.9361139 1.0046335 0.9724053 0.9947962 0.9945689 1.0062522 1.0126156 0.9437020 0.9632511 0.9380535 1.0182105 1.0312331 0.9927451 1.0584296 1.0349393 1.0189418 0.9472387 1.0347097 1.0129719 1.0140380 1.0525388 1.0365484 1.0454037 1.0323547 1.0367412 1.0533646 1.0663129 1.0561373 1.0383370 1.0540305 1.0751847 0.9456625 0.9055849 0.8480561 1.3756778 1.0513461 1.0192721 1.0384318 1.0658960 1.0536917 1.0252350 1.0412495 0.9942150 1.0221870 1.0711137 1.0802094 1.0203528 1.0247307 1.1017577 1.0873330 1.1783189 1.1563926 0.9673288 1.9962587 2.0477239 2.0320297 2.8183247 
