100
02A1.GH.97.97GH_AG2.AB052867           0.0000000 0.3455059 0.3463712 0.3643971 0.3726922 0.4333647 0.4064184 0.4353343 0.4524892 0.5464446 0.5415175 0.5826005 0.5251440 0.5171300 0.5768466 0.4869160 0.5509628 0.5248114 0.5643639 0.6169233 0.6279047 0.6593174 0.6621432 0.6551960 0.6359583 0.6728563 0.7388480 0.7938401 0.4734896 0.5996550 0.4942666 0.5278014 0.5929279 0.6405417 0.6575160 0.7741612 0.8510082 0.5556077 0.7881101 0.7872572 0.7786913 0.7677278 0.7578404 0.7260959 0.7988874 0.7851832 0.7831774 0.7889544 0.7857584 0.7472676 0.7419093 0.7335103 0.7903378 0.8085998 0.7767549 0.7938739 0.8072371 0.7784820 0.8013966 0.7920933 0.7884199 0.7897806 0.8328043 0.8667894 0.7361109 0.8344458 0.8120608 0.7995368 0.8173928 0.8510583 0.8567684 0.8384219 0.8600617 0.7253080 0.6690039 0.6503856 0.6405928 0.8655515 0.8309034 0.8305693 0.8321514 0.7846206 0.8484720 0.8784212 0.8630401 0.8405961 0.7862261 0.8059533 0.8394958 0.8816666 0.9102624 0.8932031 0.9808277 0.9539458 1.0665396 0.7830592 1.9593623 1.9980089 1.9119524 2.5260857 
02_AG.CM.02.02CM_3217MN.GU201514       0.3455059 0.0000000 0.2592734 0.2806608 0.3857123 0.3579465 0.4050446 0.4374326 0.4586768 0.5477019 0.5338332 0.5921787 0.5364409 0.5238915 0.5842910 0.5047541 0.5630951 0.5540412 0.5657462 0.6146684 0.6167584 0.6681769 0.6702438 0.6598177 0.6287517 0.6659652 0.7186928 0.8152395 0.4647594 0.5831543 0.5039173 0.5359286 0.5942101 0.6480699 0.6494764 0.7640938 0.8182074 0.5350973 0.7769403 0.8054477 0.7829390 0.7688440 0.7572088 0.7128781 0.7896575 0.7641316 0.7827076 0.7907417 0.8086085 0.7521553 0.7372937 0.7540091 0.7807124 0.8240598 0.7783192 0.7951851 0.8110009 0.7904633 0.8184007 0.8221883 0.8163738 0.7926977 0.8236351 0.8587550 0.7495930 0.8360791 0.8049406 0.7829612 0.8124169 0.8292557 0.8485138 0.8425134 0.8673257 0.7264520 0.6912297 0.6479650 0.6241424 0.8454597 0.8188211 0.8111266 0.8218765 0.7719252 0.8344606 0.8577445 0.8563936 0.8511575 0.8049031 0.7943986 0.8228058 0.8790095 0.9090536 0.8902500 0.9806858 0.9515181 1.0616658 0.7864855 1.8795396 1.9586354 1.8726213 2.5015540 
02_AG.GW.04.CC_0030.FJ694791           0.3463712 0.2592734 0.0000000 0.2849163 0.3909734 0.3652993 0.4114715 0.4326530 0.4518236 0.5541309 0.5336053 0.5922583 0.5296595 0.5340078 0.5563080 0.4984336 0.5444546 0.5452709 0.5558611 0.6199339 0.6211241 0.6487351 0.6635593 0.6451073 0.6298069 0.6638895 0.7193394 0.7913704 0.4755656 0.5854549 0.4897817 0.5155358 0.5911406 0.6274981 0.6394880 0.7369053 0.8232127 0.5443139 0.7996555 0.8049708 0.8095544 0.7762859 0.7545198 0.7222991 0.7991507 0.7846923 0.8036959 0.7893933 0.8125514 0.7528377 0.7550457 0.7671709 0.7939225 0.8272541 0.7813783 0.8132204 0.7967410 0.8031193 0.8452676 0.8288930 0.8094499 0.8075866 0.8556378 0.8665822 0.7537779 0.8393721 0.8214155 0.8064514 0.8096246 0.8333446 0.8585648 0.8375684 0.8763552 0.7179114 0.6811748 0.6516611 0.6268045 0.8616929 0.8284562 0.8467291 0.8463047 0.7728961 0.8550794 0.8730565 0.8689808 0.8580157 0.7990105 0.8163398 0.8350130 0.8909874 0.9141794 0.9126474 0.9801747 0.9580906 1.0842261 0.7764509 1.8145915 1.8412042 1.7775155 2.4418593 
02_AG.GW.14.DE00214GW009.MH078544      0.3643971 0.2806608 0.2849163 0.0000000 0.3947700 0.3807983 0.4359122 0.4552580 0.4885620 0.5822173 0.5617729 0.6021332 0.5513036 0.5506075 0.5823933 0.5254003 0.5672778 0.5633723 0.5762227 0.6343098 0.6472218 0.6799672 0.6993291 0.6848991 0.6663869 0.6851341 0.7375667 0.8283883 0.4945516 0.6136667 0.5194545 0.5521470 0.6276832 0.6592356 0.6644453 0.7790693 0.8610308 0.5661954 0.8170637 0.8288545 0.8084403 0.7935797 0.7681677 0.7327003 0.8076424 0.7656765 0.8069350 0.8040879 0.8058080 0.7697777 0.7636088 0.7833409 0.8111735 0.8264450 0.7990900 0.8215481 0.8308013 0.8262884 0.8262284 0.8395214 0.8225954 0.8366130 0.8556277 0.8858762 0.7584138 0.8561121 0.8359354 0.8281840 0.8468939 0.8705135 0.8605780 0.8577137 0.8873755 0.7635896 0.7086664 0.6694428 0.6525446 0.8687814 0.8425375 0.8365732 0.8513612 0.7946907 0.8715701 0.8795382 0.8761241 0.8699477 0.8211688 0.8462200 0.8546886 0.9001698 0.9350356 0.9090769 0.9826110 0.9889988 1.0733357 0.7787547 1.8964628 1.9742976 1.8473741 2.5545275 
02A.CI.16.DEURF16CI011.MH078538        0.3726922 0.3857123 0.3909734 0.3947700 0.0000000 0.4779692 0.4476591 0.4752524 0.5034871 0.6012229 0.5936870 0.6312779 0.5809862 0.5587896 0.6179171 0.5395213 0.5931878 0.5826461 0.6048796 0.6619472 0.6697229 0.6975474 0.7129039 0.6842389 0.6819102 0.6931365 0.7557287 0.8529136 0.5141582 0.6446617 0.5361230 0.5576830 0.6333884 0.6731710 0.6796921 0.8049684 0.8803909 0.6007359 0.8273006 0.8382260 0.8298016 0.7933552 0.7865825 0.7430686 0.8130949 0.8138659 0.8068457 0.8413026 0.8236496 0.7874082 0.7919244 0.7797004 0.8241779 0.8542360 0.8125511 0.8342730 0.8210133 0.8277101 0.8464428 0.8312697 0.8445199 0.8251206 0.8721241 0.9037536 0.7802849 0.8771884 0.8503844 0.8394922 0.8465876 0.8676051 0.8928221 0.8735950 0.8953215 0.7620931 0.7261934 0.6882238 0.6980723 0.9040527 0.8817583 0.8816601 0.8770243 0.8392695 0.8934109 0.9059337 0.9296248 0.8915235 0.8356321 0.8627888 0.8951630 0.9243391 0.9673896 0.9413456 1.0142227 0.9855783 1.1021649 0.8323311 1.9275506 1.9507053 1.8806581 2.5672191 
02D.GH.03.GHNJ193.AB231897             0.4333647 0.3579465 0.3652993 0.3807983 0.4779692 0.0000000 0.4859081 0.5120552 0.5519273 0.6180053 0.6198266 0.6840694 0.6212891 0.6139238 0.6517866 0.5766270 0.6363326 0.6246870 0.6398484 0.7086631 0.7093328 0.7533044 0.7477473 0.7342004 0.7034142 0.7410291 0.7950405 0.9056659 0.5498987 0.6731061 0.5783276 0.6255766 0.6923238 0.7333328 0.7441981 0.8391805 0.9052093 0.6415284 0.8534848 0.8911857 0.8718926 0.8623455 0.8400438 0.7953073 0.8902009 0.8499692 0.8708059 0.8672136 0.8672141 0.8439489 0.8297554 0.8294553 0.8674290 0.9079490 0.8466629 0.8880047 0.9030274 0.8680894 0.9173544 0.8981684 0.9030779 0.8857902 0.9337947 0.9519459 0.8481670 0.9107960 0.8868780 0.8848501 0.9033263 0.9332741 0.9236589 0.9376693 0.9408208 0.8060842 0.7808254 0.7352333 0.7120723 0.9428682 0.9095755 0.9346187 0.9169582 0.8636360 0.9439588 0.9516071 0.9573435 0.9367799 0.8974586 0.9103312 0.9345740 0.9834351 0.9950148 0.9729159 1.0385787 1.0373797 1.1747437 0.8633092 1.9577989 1.9675431 1.9115503 2.4631342 
0206.SN.12.LA56Senegl.KU168299         0.4064184 0.4050446 0.4114715 0.4359122 0.4476591 0.4859081 0.0000000 0.4066359 0.4933465 0.5602258 0.5532160 0.6132022 0.5608246 0.5584395 0.5973742 0.5245576 0.5687115 0.5592890 0.5966964 0.6525883 0.6617632 0.6909185 0.6989486 0.6878041 0.6667558 0.7000260 0.7637969 0.8305413 0.5014464 0.6408115 0.5363406 0.5675638 0.6272421 0.6718251 0.6745408 0.7971993 0.8569635 0.6312223 0.8178606 0.8143976 0.8291570 0.7987557 0.7970204 0.7553668 0.8299306 0.7970862 0.8001062 0.8210811 0.8420278 0.7964061 0.7887745 0.7726273 0.8131103 0.8369598 0.8184630 0.8345912 0.8391279 0.8372513 0.8337665 0.8315076 0.8269231 0.8276283 0.8488303 0.8861130 0.7765278 0.8686835 0.8315985 0.8286410 0.8428922 0.8552662 0.8850640 0.8744163 0.8935604 0.7530821 0.7142612 0.6789845 0.6796643 0.8912447 0.8496620 0.8416845 0.8803457 0.8087188 0.9048761 0.8923576 0.9050950 0.8684503 0.8195883 0.8268607 0.8727325 0.9096946 0.9516424 0.9139768 0.9948866 1.0022283 1.1032381 0.7954515 1.9738763 1.9828450 1.9523393 2.6815024 
U.ES.10.DEURF10DZ001.JX140679          0.4353343 0.4374326 0.4326530 0.4552580 0.4752524 0.5120552 0.4066359 0.0000000 0.5141756 0.6068174 0.6011741 0.6402482 0.5919454 0.5802422 0.6254344 0.5550848 0.6203440 0.6046168 0.6275337 0.6787565 0.6827387 0.7090643 0.7193758 0.7149544 0.6916156 0.7272571 0.7966008 0.8663140 0.5382473 0.6385075 0.5565573 0.6031451 0.6523384 0.6892955 0.7160718 0.8123918 0.8543089 0.6509067 0.8348245 0.8361069 0.8398688 0.8325974 0.8214730 0.7683160 0.8444213 0.8074839 0.8247327 0.8427600 0.8679814 0.7945338 0.8110801 0.8188601 0.8330897 0.8721687 0.8401059 0.8469759 0.8483776 0.8450907 0.8873169 0.8790480 0.8589248 0.8475430 0.8916708 0.9008245 0.8089696 0.8923072 0.8480069 0.8421284 0.8805390 0.9143294 0.9178429 0.9007444 0.9216379 0.7878312 0.7548923 0.7050652 0.6874205 0.9294439 0.8991145 0.8939551 0.8700776 0.8238226 0.9179716 0.9330992 0.9010843 0.8995819 0.8487332 0.8686644 0.8908991 0.9292427 0.9664100 0.9452448 1.0142230 1.0225499 1.1313923 0.8495579 2.0626134 2.0403955 2.0382196 2.6285167 
AGU.CM.06.770_8.MH705142               0.4524892 0.4586768 0.4518236 0.4885620 0.5034871 0.5519273 0.4933465 0.5141756 0.0000000 0.5759874 0.5462407 0.6128008 0.5504595 0.5435246 0.6000867 0.5120024 0.5666095 0.5468456 0.5863175 0.6544025 0.6679991 0.6795116 0.6824305 0.6694612 0.6505813 0.6860124 0.7559156 0.8230881 0.4887309 0.6215325 0.5456997 0.5059788 0.5653938 0.6150317 0.6127169 0.8100710 0.8711270 0.6679535 0.8039449 0.8069767 0.7830198 0.7732794 0.7636626 0.7142975 0.7977308 0.7889636 0.8094227 0.7847565 0.7944468 0.7477714 0.7419913 0.7492002 0.7750092 0.8281731 0.7957398 0.8202547 0.8046313 0.8070768 0.8294262 0.8271946 0.8301717 0.8194365 0.8153687 0.8691052 0.7444009 0.8433313 0.8345688 0.8142271 0.8155879 0.8633412 0.8739123 0.8303986 0.8679021 0.7405729 0.6931703 0.6665734 0.6627421 0.8676822 0.8349244 0.8588933 0.8463440 0.7859496 0.8748240 0.8973930 0.8795652 0.8630160 0.8339191 0.8387180 0.8565069 0.9091322 0.9447647 0.9076708 0.9853613 0.9524542 1.1017357 0.8135574 2.0423463 2.0965777 1.9705526 2.6702208 
A1.KE.06.06KECst_028.FJ623479          0.5464446 0.5477019 0.5541309 0.5822173 0.6012229 0.6180053 0.5602258 0.6068174 0.5759874 0.0000000 0.3045064 0.4309038 0.3768382 0.3972457 0.4173310 0.4281315 0.4853698 0.4687631 0.4589818 0.5589004 0.5653020 0.5849372 0.6000301 0.5890161 0.5691833 0.5836031 0.6559104 0.7290180 0.5007985 0.4935077 0.6500402 0.6307480 0.6867655 0.7428093 0.7643559 0.7070342 0.7763885 0.7750845 0.8278966 0.8350543 0.8415497 0.8205689 0.7882428 0.7563801 0.8332362 0.8162640 0.8275702 0.8416510 0.8398876 0.7944470 0.7960472 0.7699684 0.8442703 0.8727987 0.8278925 0.8430554 0.8438475 0.8124981 0.8616108 0.8516189 0.8532859 0.8440346 0.8721972 0.8982500 0.8034452 0.8798336 0.8458924 0.8630127 0.8808516 0.8875134 0.8973220 0.8853264 0.9044469 0.7807359 0.7341827 0.7046601 0.6772481 0.7434344 0.7082578 0.7445489 0.7049725 0.6894669 0.7446329 0.7473440 0.7540297 0.7362044 0.6992489 0.7137065 0.7350263 0.7941594 0.7872189 0.7696988 0.8515259 0.8406514 1.1235108 0.8320444 2.0948623 2.1104816 2.0734574 2.6581556 
A1.KE.06.06KECst_013.FJ623485          0.5415175 0.5338332 0.5336053 0.5617729 0.5936870 0.6198266 0.5532160 0.6011741 0.5462407 0.3045064 0.0000000 0.4292442 0.3674273 0.3857056 0.3930342 0.4242984 0.4819372 0.4603235 0.4275722 0.5498375 0.5619175 0.5722047 0.5934179 0.5821609 0.5552148 0.5906350 0.6654534 0.7279299 0.4876951 0.4773469 0.6223035 0.6130035 0.6749099 0.7185376 0.7409833 0.6760014 0.7580349 0.7527721 0.8229700 0.8334360 0.8224271 0.8280628 0.7801908 0.7528397 0.8314647 0.7952370 0.8290028 0.8196767 0.8527497 0.7914330 0.7915760 0.7841401 0.8351092 0.8535473 0.8205961 0.8468551 0.8526285 0.8261365 0.8595698 0.8463313 0.8629537 0.8412813 0.8851721 0.9080641 0.7930540 0.8792613 0.8334182 0.8628789 0.8545778 0.8756691 0.8879439 0.8815356 0.9068533 0.7718067 0.7233560 0.6923250 0.6812491 0.7219475 0.7117872 0.7132161 0.6962339 0.6633739 0.7304304 0.7272349 0.7273205 0.7301043 0.6732757 0.6947575 0.7286722 0.7608176 0.7817150 0.7729516 0.8218272 0.8304448 1.1131986 0.8146159 2.0885928 2.1162938 2.0273803 2.6209696 
A1.CY.07.CY208.JF683760                0.5826005 0.5921787 0.5922583 0.6021332 0.6312779 0.6840694 0.6132022 0.6402482 0.6128008 0.4309038 0.4292442 0.0000000 0.2553398 0.4208083 0.4610782 0.4666778 0.5182672 0.5135143 0.4845456 0.5943261 0.6065848 0.6284129 0.6200388 0.6149161 0.6086992 0.6408447 0.7145390 0.7714061 0.5338024 0.5312761 0.6656653 0.6645913 0.7326983 0.7551926 0.7927844 0.7304012 0.8253480 0.8218126 0.8898177 0.8730913 0.8653951 0.8377058 0.8249754 0.8124718 0.8775112 0.8776757 0.8440756 0.8783739 0.8743037 0.8364240 0.8382198 0.8236758 0.8630258 0.8953934 0.8663672 0.9093930 0.8898757 0.8672734 0.8938045 0.8810960 0.8976394 0.8880491 0.9066956 0.9133984 0.8203331 0.9263928 0.8859875 0.8896619 0.8911723 0.9160900 0.9500868 0.9111722 0.9501596 0.8011282 0.7558257 0.7354712 0.7370212 0.7596771 0.7403608 0.7599018 0.7302519 0.7152455 0.7976596 0.8092659 0.7593246 0.7783214 0.7198442 0.7329367 0.7736931 0.7839378 0.8044563 0.7938951 0.8722299 0.8733759 1.1523328 0.8837679 2.1056528 2.1040665 2.0717012 2.6575563 
A1.CY.05.CY051.FJ388903                0.5251440 0.5364409 0.5296595 0.5513036 0.5809862 0.6212891 0.5608246 0.5919454 0.5504595 0.3768382 0.3674273 0.2553398 0.0000000 0.3805532 0.4014540 0.4079297 0.4653282 0.4518237 0.4303375 0.5408284 0.5508356 0.5831014 0.5859545 0.5721957 0.5627380 0.5998324 0.6539507 0.7377573 0.4789489 0.4752016 0.6329470 0.6157093 0.6849836 0.7076979 0.7569870 0.6814753 0.7674353 0.7683481 0.8274245 0.8272708 0.8097975 0.7973119 0.7930286 0.7590858 0.8333176 0.8196196 0.8194044 0.8237241 0.8320459 0.8003024 0.7953789 0.7748409 0.8232305 0.8621383 0.8161489 0.8368840 0.8296377 0.8202186 0.8510660 0.8362326 0.8623030 0.8682376 0.8816022 0.8910869 0.7784609 0.8717117 0.8466446 0.8614164 0.8532465 0.8736132 0.8820453 0.8588242 0.9165289 0.7701764 0.7270941 0.6933275 0.6680997 0.7517704 0.7089176 0.7201004 0.6980076 0.6810474 0.7458797 0.7510460 0.7288095 0.7223291 0.6814047 0.6892440 0.7285616 0.7615493 0.7965332 0.7641255 0.8511697 0.8437903 1.1121729 0.8288944 2.0782726 2.0877116 2.0379850 2.6627925 
A1.UG.11.DEMA110UG001.KF859745         0.5171300 0.5238915 0.5340078 0.5506075 0.5587896 0.6139238 0.5584395 0.5802422 0.5435246 0.3972457 0.3857056 0.4208083 0.3805532 0.0000000 0.4156455 0.4120947 0.4580395 0.4376324 0.4303189 0.5323005 0.5433804 0.5651343 0.5946703 0.5594244 0.5415690 0.5904107 0.6481836 0.7208522 0.4742928 0.4629822 0.6267908 0.6026682 0.6813401 0.7037577 0.7333903 0.6751688 0.7662585 0.7424917 0.8089707 0.8286723 0.8009435 0.8046722 0.7788545 0.7568158 0.8298099 0.7955565 0.7983748 0.8250803 0.8056001 0.7821322 0.7627090 0.7698948 0.7979995 0.8384801 0.8101122 0.8389536 0.8265558 0.8164039 0.8424744 0.8197483 0.8340461 0.8190742 0.8482180 0.8899760 0.7707328 0.8460801 0.8505117 0.8318134 0.8352939 0.8450608 0.8748899 0.8768182 0.8727361 0.7704290 0.7130342 0.6818065 0.6706983 0.7526623 0.7074229 0.7090435 0.6915074 0.6721812 0.7492794 0.7522578 0.7230533 0.7246921 0.6890809 0.7067586 0.7206174 0.7679953 0.7768322 0.7705904 0.8321482 0.8278899 1.0801984 0.7868972 2.1014492 2.1430981 2.0585498 2.6616425 
35_AD.AF.06.007H.GQ477450              0.5768466 0.5842910 0.5563080 0.5823933 0.6179171 0.6517866 0.5973742 0.6254344 0.6000867 0.4173310 0.3930342 0.4610782 0.4014540 0.4156455 0.0000000 0.4434943 0.5049660 0.4839243 0.4736356 0.5699282 0.5840007 0.6096864 0.6092195 0.6001123 0.5870288 0.6233415 0.6845294 0.7597923 0.5222715 0.5049160 0.6768494 0.6370630 0.7136919 0.7161151 0.7475577 0.7273961 0.8025389 0.7960638 0.8620983 0.8512554 0.8349928 0.8223560 0.8140711 0.7866056 0.8368531 0.8272285 0.8207523 0.8431119 0.8359770 0.8023611 0.8021422 0.8038158 0.8295908 0.8931165 0.8296440 0.8613748 0.8624037 0.8532990 0.8657116 0.8515088 0.8707431 0.8571033 0.8928350 0.9142608 0.8070047 0.8973107 0.8648615 0.8695598 0.8462192 0.8761539 0.9090972 0.9053506 0.9296102 0.8088887 0.7557560 0.7257280 0.7100396 0.7596735 0.7289986 0.7483649 0.7304475 0.6944708 0.7498896 0.7625914 0.7735733 0.7641888 0.7155854 0.7256982 0.7681943 0.8003896 0.8150654 0.7961878 0.8836858 0.8681858 1.1506961 0.8412933 2.1220128 2.1314933 2.0635211 2.6301559 
A1.CY.06.CY154.FJ388943                0.4869160 0.5047541 0.4984336 0.5254003 0.5395213 0.5766270 0.5245576 0.5550848 0.5120024 0.4281315 0.4242984 0.4666778 0.4079297 0.4120947 0.4434943 0.0000000 0.4227068 0.4176668 0.4581504 0.4959454 0.5069184 0.5446239 0.5446773 0.5326308 0.5163837 0.5466739 0.6038675 0.7033205 0.4426340 0.4806479 0.6022853 0.5900258 0.6465461 0.6863938 0.7114249 0.6508923 0.7262074 0.6946609 0.7990951 0.8174457 0.7839689 0.7854211 0.7736183 0.7364500 0.7961284 0.7860298 0.8029320 0.8115016 0.8076442 0.7482668 0.7366628 0.7485206 0.7870119 0.8339672 0.7944811 0.7923074 0.8056492 0.8024364 0.8379195 0.8240851 0.8228315 0.8222187 0.8481336 0.8718503 0.7652054 0.8559496 0.8060315 0.8097162 0.8121279 0.8408793 0.8804920 0.8468226 0.8629922 0.7307081 0.6924916 0.6373601 0.6424950 0.7539934 0.7044502 0.7243006 0.7050439 0.6771009 0.7433014 0.7624283 0.7543495 0.7364625 0.6907394 0.7079637 0.7308527 0.7668910 0.7896154 0.7748328 0.8317789 0.8664720 1.0587766 0.7722198 2.0138142 2.0756728 1.9667844 2.6268257 
22_01A1.CM.02.02CM_1867LE.AY371165     0.5509628 0.5630951 0.5444546 0.5672778 0.5931878 0.6363326 0.5687115 0.6203440 0.5666095 0.4853698 0.4819372 0.5182672 0.4653282 0.4580395 0.5049660 0.4227068 0.0000000 0.4452703 0.4996540 0.4250348 0.4396569 0.4647888 0.4784293 0.4607157 0.4517617 0.4693776 0.5412048 0.6186190 0.5026777 0.5339535 0.6553823 0.6174507 0.6926031 0.7157695 0.7444061 0.5818416 0.6670089 0.7644757 0.8382160 0.8423649 0.8168132 0.8057920 0.8061608 0.7761077 0.8557451 0.8394897 0.8255276 0.8245335 0.8288721 0.8085351 0.8088911 0.7845059 0.8363713 0.8648450 0.8264163 0.8573436 0.8572440 0.8395753 0.8657539 0.8429966 0.8521035 0.8326881 0.8916290 0.9090902 0.8037453 0.8855963 0.8505798 0.8656702 0.8659878 0.8873315 0.9112815 0.8820122 0.9118830 0.7634501 0.7332475 0.6931845 0.6977956 0.7802071 0.7585770 0.7773967 0.7488069 0.7228696 0.7798535 0.8022724 0.7954253 0.7856987 0.7399098 0.7565461 0.7901941 0.8116847 0.8314451 0.8338588 0.9023199 0.9011654 1.1022577 0.8272100 2.0064904 2.0596313 2.0156509 2.5785964 
A6.UA.12.DEMA112UA036.KU749406         0.5248114 0.5540412 0.5452709 0.5633723 0.5826461 0.6246870 0.5592890 0.6046168 0.5468456 0.4687631 0.4603235 0.5135143 0.4518237 0.4376324 0.4839243 0.4176668 0.4452703 0.0000000 0.4960759 0.5264788 0.5436781 0.5708620 0.5674599 0.5492270 0.5424143 0.5751359 0.6290688 0.7058203 0.4921417 0.5267150 0.6291455 0.6211796 0.6910503 0.7052912 0.7356301 0.6730842 0.7611109 0.7513375 0.8320466 0.8274830 0.8161051 0.8206306 0.8026517 0.7533553 0.8231626 0.8120966 0.8138749 0.8396266 0.8366579 0.7764888 0.7788636 0.7868585 0.8194559 0.8512295 0.8139155 0.8526142 0.8561489 0.8208936 0.8439045 0.8431045 0.8311156 0.8374409 0.8758258 0.8963537 0.7805094 0.8847062 0.8547053 0.8527263 0.8350159 0.8727734 0.9091446 0.8774513 0.8938673 0.7809223 0.7307959 0.6829130 0.6833683 0.7998696 0.7625671 0.7615021 0.7356896 0.7268290 0.7805529 0.7828900 0.7845792 0.7845583 0.7413281 0.7565139 0.7736645 0.8099587 0.8467056 0.8206151 0.8959797 0.8964246 1.1102471 0.8067988 2.0365091 2.0699362 2.0466713 2.6197856 
A1D.UG.99.99UGJ21953.AF484496          0.5643639 0.5657462 0.5558611 0.5762227 0.6048796 0.6398484 0.5966964 0.6275337 0.5863175 0.4589818 0.4275722 0.4845456 0.4303375 0.4303189 0.4736356 0.4581504 0.4996540 0.4960759 0.0000000 0.5829106 0.5807804 0.6125163 0.6298246 0.6019790 0.5900424 0.6276423 0.6916140 0.7652269 0.5149650 0.5041688 0.6584876 0.6590947 0.7172992 0.7465888 0.7629987 0.7341921 0.8266202 0.7959517 0.8313761 0.8450970 0.8284587 0.8281942 0.8147960 0.7919782 0.8595349 0.8357715 0.8483029 0.8419761 0.8593643 0.8074556 0.8056110 0.7982790 0.8333885 0.8728655 0.8441332 0.8654991 0.8673622 0.8398037 0.8841215 0.8701593 0.8757384 0.8768562 0.8970758 0.9009214 0.8049510 0.8753884 0.8916167 0.8716260 0.8737323 0.9083825 0.8984432 0.8877856 0.9291721 0.8182398 0.7497463 0.7073854 0.7203053 0.7660656 0.7198953 0.7261779 0.7056208 0.6776563 0.7557052 0.7679613 0.7623483 0.7515923 0.7025145 0.6996714 0.7326802 0.7764990 0.7943862 0.7723283 0.8595292 0.8388325 1.0943686 0.8487693 2.1905370 2.2070675 2.1305727 2.6402891 
01_AE.CN.02.YN0236.JX112866            0.6169233 0.6146684 0.6199339 0.6343098 0.6619472 0.7086631 0.6525883 0.6787565 0.6544025 0.5589004 0.5498375 0.5943261 0.5408284 0.5323005 0.5699282 0.4959454 0.4250348 0.5264788 0.5829106 0.0000000 0.1531642 0.2009504 0.2000081 0.2029713 0.2155957 0.2447094 0.2895065 0.3586885 0.5729816 0.6039601 0.7169751 0.6987818 0.7875467 0.7961200 0.8540796 0.4672291 0.5546672 0.8330783 0.8988919 0.9146015 0.8857756 0.8942560 0.8726103 0.8611244 0.9273537 0.8917202 0.9091339 0.9190157 0.9222411 0.8775059 0.8732362 0.8659769 0.9043304 0.9202532 0.8970693 0.9298464 0.9205771 0.9129449 0.9483085 0.9325200 0.9320531 0.9322925 0.9417202 0.9864732 0.8677991 0.9649518 0.9158241 0.9261346 0.9194124 0.9704095 0.9836476 0.9782743 0.9633084 0.8430171 0.8193315 0.7738980 0.7838851 0.8805567 0.8585244 0.8521600 0.8533008 0.8132639 0.8486790 0.8562466 0.8715508 0.8774335 0.8244380 0.8479928 0.8783148 0.8829757 0.9310614 0.9200417 0.9812600 0.9599770 1.1748839 0.8717474 2.1010866 2.1247344 2.0794874 2.7297590 
01_AE.TH.99.99TH_C4460.AY945726        0.6279047 0.6167584 0.6211241 0.6472218 0.6697229 0.7093328 0.6617632 0.6827387 0.6679991 0.5653020 0.5619175 0.6065848 0.5508356 0.5433804 0.5840007 0.5069184 0.4396569 0.5436781 0.5807804 0.1531642 0.0000000 0.2093086 0.1988699 0.2017909 0.2171045 0.2468494 0.2958515 0.3712529 0.5781505 0.6234492 0.7282713 0.7005444 0.7906673 0.7896780 0.8587919 0.4634576 0.5603094 0.8386778 0.9060892 0.9123566 0.8942630 0.9095197 0.8810595 0.8551069 0.9343569 0.8886002 0.9124323 0.9276144 0.9173821 0.8921303 0.8845517 0.8761365 0.9102020 0.9443403 0.8943406 0.9409330 0.9145772 0.9274876 0.9550379 0.9315586 0.9366088 0.9621529 0.9525967 0.9897602 0.8758713 0.9725179 0.9368006 0.9192745 0.9493536 0.9706207 0.9708100 0.9694208 0.9791348 0.8495234 0.8229427 0.7898726 0.7911582 0.8789852 0.8549090 0.8603747 0.8459589 0.8127465 0.8678255 0.8708760 0.8840310 0.8916950 0.8385403 0.8542337 0.8802292 0.8929558 0.9410217 0.9276867 0.9918194 0.9590644 1.1767029 0.8811414 2.0942535 2.1260953 2.1256923 2.6605050 
01_AE.CN.07.07CNYN326.KF835513         0.6593174 0.6681769 0.6487351 0.6799672 0.6975474 0.7533044 0.6909185 0.7090643 0.6795116 0.5849372 0.5722047 0.6284129 0.5831014 0.5651343 0.6096864 0.5446239 0.4647888 0.5708620 0.6125163 0.2009504 0.2093086 0.0000000 0.2419521 0.2279869 0.2413385 0.2707454 0.3229053 0.4028648 0.6082483 0.6384531 0.7596404 0.7221248 0.8103312 0.8186693 0.8883027 0.4999426 0.5807676 0.8851517 0.9384996 0.9445546 0.9201143 0.9165493 0.8902219 0.8684252 0.9448087 0.9147034 0.9249798 0.9208082 0.9368081 0.8951153 0.8961198 0.9013935 0.9322515 0.9665289 0.9178008 0.9502698 0.9607199 0.9542733 0.9386586 0.9376706 0.9365899 0.9610403 0.9663318 1.0050640 0.8877991 0.9960526 0.9401586 0.9578559 0.9782037 0.9751418 1.0034326 1.0043414 0.9667087 0.8792637 0.8460087 0.8067672 0.8017661 0.9034398 0.8590281 0.8896332 0.8760568 0.8241623 0.8794517 0.9143355 0.8900451 0.9077490 0.8468376 0.8785710 0.8944942 0.9182447 0.9672856 0.9508109 1.0100669 0.9922738 1.1955538 0.9130554 2.1297237 2.1489333 2.0896105 2.7011981 
01_AE.CN.07.GX070143.JX112835          0.6621432 0.6702438 0.6635593 0.6993291 0.7129039 0.7477473 0.6989486 0.7193758 0.6824305 0.6000301 0.5934179 0.6200388 0.5859545 0.5946703 0.6092195 0.5446773 0.4784293 0.5674599 0.6298246 0.2000081 0.1988699 0.2419521 0.0000000 0.2414551 0.2531804 0.2865340 0.3232378 0.4022919 0.6193012 0.6635339 0.7705928 0.7497167 0.8351512 0.8396585 0.8925564 0.5183891 0.6078198 0.8903631 0.9596991 0.9561920 0.9376116 0.9395382 0.9098787 0.8801029 0.9530434 0.9496427 0.9351445 0.9596478 0.9761142 0.9277140 0.9226713 0.9153670 0.9419652 0.9721833 0.9302790 0.9799929 0.9706016 0.9469768 0.9933364 0.9753608 0.9736580 0.9858762 0.9848045 1.0438153 0.8957909 1.0200935 0.9638045 0.9787391 0.9618154 0.9949037 1.0236973 1.0062912 1.0026039 0.8943500 0.8512959 0.8177050 0.8246961 0.9123739 0.8962670 0.8888305 0.8873837 0.8713979 0.9000499 0.9387813 0.9137096 0.9114133 0.8598353 0.8856233 0.9204220 0.9390484 0.9479913 0.9671318 1.0191625 0.9924198 1.2136487 0.9116158 2.1679044 2.1791285 2.1104747 2.7597229 
01_AE.TH.07.AA030a04.JX447057          0.6551960 0.6598177 0.6451073 0.6848991 0.6842389 0.7342004 0.6878041 0.7149544 0.6694612 0.5890161 0.5821609 0.6149161 0.5721957 0.5594244 0.6001123 0.5326308 0.4607157 0.5492270 0.6019790 0.2029713 0.2017909 0.2279869 0.2414551 0.0000000 0.2491246 0.2732794 0.3195740 0.3919993 0.5937157 0.6480895 0.7437881 0.7187003 0.8001603 0.8041911 0.8692297 0.5051794 0.5749703 0.8660853 0.9272267 0.9221783 0.9122716 0.9137565 0.8779928 0.8492307 0.9211786 0.8970937 0.9137280 0.9216421 0.9169181 0.8775317 0.9021437 0.8777866 0.9284573 0.9459255 0.9097282 0.9672633 0.9512976 0.9384783 0.9594008 0.9377281 0.9343480 0.9608934 0.9474788 0.9826393 0.8752766 0.9717710 0.9366635 0.9347331 0.9414631 0.9734202 1.0062358 0.9859415 0.9933171 0.8771638 0.8425600 0.7932730 0.8124402 0.8956550 0.8872729 0.8855569 0.8724894 0.8441455 0.8926882 0.9061122 0.9113922 0.9030100 0.8678991 0.8937341 0.8942268 0.9203493 0.9483515 0.9511772 1.0163234 0.9539896 1.1824204 0.8881604 2.1417932 2.1633769 2.0462849 2.6664710 
01_AE.TH.05.AA101a_WG1.JX447936        0.6359583 0.6287517 0.6298069 0.6663869 0.6819102 0.7034142 0.6667558 0.6916156 0.6505813 0.5691833 0.5552148 0.6086992 0.5627380 0.5415690 0.5870288 0.5163837 0.4517617 0.5424143 0.5900424 0.2155957 0.2171045 0.2413385 0.2531804 0.2491246 0.0000000 0.2722804 0.3261505 0.3973284 0.5884031 0.6301262 0.7357974 0.7079743 0.7700667 0.8029903 0.8454721 0.4894160 0.5669208 0.8456476 0.9106698 0.9155890 0.8887277 0.8887526 0.8566627 0.8470251 0.9092862 0.8923527 0.8958784 0.9216599 0.9120043 0.8538887 0.8698854 0.8716640 0.8730802 0.9319595 0.8831928 0.9319197 0.9249173 0.9220526 0.9449524 0.9288669 0.9218786 0.9322841 0.9283232 0.9598991 0.8449364 0.9576995 0.9203551 0.9366832 0.9183321 0.9329872 0.9799586 0.9669693 0.9703819 0.8569799 0.8172804 0.7825159 0.7773054 0.8803595 0.8598682 0.8592710 0.8570167 0.8268451 0.8724302 0.8867236 0.8768929 0.8810348 0.8369087 0.8572306 0.8723100 0.9039067 0.9174701 0.9511573 0.9914472 0.9619215 1.1809386 0.8909831 2.1267814 2.1769422 2.0787591 2.6857310 
01_AE.CN.07.07CNYN343.KF835528         0.6728563 0.6659652 0.6638895 0.6851341 0.6931365 0.7410291 0.7000260 0.7272571 0.6860124 0.5836031 0.5906350 0.6408447 0.5998324 0.5904107 0.6233415 0.5466739 0.4693776 0.5751359 0.6276423 0.2447094 0.2468494 0.2707454 0.2865340 0.2732794 0.2722804 0.0000000 0.3637060 0.4393155 0.6157671 0.6566322 0.7699065 0.7417128 0.8094103 0.8227453 0.8770327 0.4978910 0.5918211 0.8852804 0.9289757 0.9573019 0.9294405 0.9221802 0.8985813 0.8740939 0.9507875 0.9207846 0.9307925 0.9319508 0.9330773 0.9061658 0.9012005 0.9006131 0.9300842 0.9708813 0.9192508 0.9560625 0.9666900 0.9488155 0.9805927 0.9653813 0.9514384 0.9578682 0.9827430 1.0039948 0.9108776 1.0120917 0.9577131 0.9667523 0.9668201 1.0019984 0.9874879 1.0050907 0.9956256 0.8938713 0.8729353 0.8155035 0.8172518 0.9001110 0.8788625 0.8723630 0.8788165 0.8322025 0.9043623 0.9159814 0.9002953 0.9032565 0.8427366 0.8974671 0.9004968 0.9357885 0.9580563 0.9657672 1.0203424 0.9991520 1.2031619 0.9230956 2.1240982 2.1708429 2.0869053 2.7345798 
01BC.CN.13.SZ95LS8027.KX379000         0.7388480 0.7186928 0.7193394 0.7375667 0.7557287 0.7950405 0.7637969 0.7966008 0.7559156 0.6559104 0.6654534 0.7145390 0.6539507 0.6481836 0.6845294 0.6038675 0.5412048 0.6290688 0.6916140 0.2895065 0.2958515 0.3229053 0.3232378 0.3195740 0.3261505 0.3637060 0.0000000 0.4800335 0.6707243 0.7397335 0.8300578 0.8064048 0.8717527 0.8743921 0.9426741 0.5665598 0.6556826 0.9571178 1.0200534 1.0357058 1.0103290 0.9983391 0.9592810 0.9496779 1.0107537 1.0038128 1.0335262 1.0371260 1.0283893 0.9982873 0.9788919 0.9922298 1.0064294 1.0558213 0.9919775 1.0689551 1.0393981 1.0320796 1.0864792 1.0428611 1.0383786 1.0321683 1.0592711 1.0965751 0.9731306 1.0770747 1.0369114 1.0322972 1.0525724 1.0795445 1.0740756 1.0836348 1.0953478 0.9631860 0.9419094 0.8812132 0.8833875 0.9649876 0.9478416 0.9678719 0.9436126 0.9242465 1.0028514 0.9879402 0.9787308 1.0015173 0.9233995 0.9525901 0.9803092 1.0143930 1.0535042 1.0172891 1.1038954 1.0752971 1.3254320 1.0036052 2.2373449 2.2623333 2.1786001 2.7331897 
69_01B.JP.05.05JPMYC113SP420.LC027100  0.7938401 0.8152395 0.7913704 0.8283883 0.8529136 0.9056659 0.8305413 0.8663140 0.8230881 0.7290180 0.7279299 0.7714061 0.7377573 0.7208522 0.7597923 0.7033205 0.6186190 0.7058203 0.7652269 0.3586885 0.3712529 0.4028648 0.4022919 0.3919993 0.3973284 0.4393155 0.4800335 0.0000000 0.7489949 0.8172705 0.9077884 0.8777937 0.9432492 0.9738018 1.0227301 0.6567615 0.7324845 1.0443266 1.0583074 1.0720859 1.0827714 1.0374432 1.0150082 0.9913310 1.0792990 1.0560049 1.0576930 1.0678628 1.0848210 0.9945479 1.0426201 1.0119446 1.0544161 1.0827147 1.0490008 1.0916546 1.0789236 1.0643857 1.1147686 1.0940223 1.0876536 1.1017310 1.0782863 1.1693519 1.0241542 1.1327025 1.0974633 1.0926378 1.1079874 1.0770136 1.1408884 1.1106713 1.1444562 1.0197133 0.9693295 0.9453397 0.9594108 1.0736175 1.0018585 1.0365292 1.0213461 0.9679041 1.0380689 1.0591576 1.0540167 1.0450432 1.0011171 0.9944733 1.0562786 1.0469752 1.1085571 1.0615642 1.1554173 1.1374051 1.3401254 1.0393457 2.2911057 2.3176940 2.2812482 2.8835835 
45_cpx.CD.97.97CD_MBFE185.FN392874     0.4734896 0.4647594 0.4755656 0.4945516 0.5141582 0.5498987 0.5014464 0.5382473 0.4887309 0.5007985 0.4876951 0.5338024 0.4789489 0.4742928 0.5222715 0.4426340 0.5026777 0.4921417 0.5149650 0.5729816 0.5781505 0.6082483 0.6193012 0.5937157 0.5884031 0.6157671 0.6707243 0.7489949 0.0000000 0.5422129 0.5734456 0.5670644 0.6259848 0.6507345 0.6682613 0.7130749 0.8084092 0.7005830 0.7613100 0.7723623 0.7530713 0.7503229 0.7347213 0.6929180 0.7767869 0.7440530 0.7638529 0.7727737 0.7641446 0.7112737 0.7225358 0.7092296 0.7551799 0.7859059 0.7484305 0.7895769 0.7638651 0.7851819 0.8019085 0.8012042 0.8021320 0.7739941 0.8109740 0.8202066 0.7249630 0.8171886 0.7863649 0.7911434 0.7741169 0.8184878 0.8389487 0.8167861 0.8321386 0.7096124 0.6779940 0.6188153 0.6054149 0.7904585 0.7607790 0.7714454 0.7579308 0.7169858 0.7939577 0.7934777 0.7991499 0.7960737 0.7396383 0.7597195 0.7978146 0.8016464 0.8596170 0.8261527 0.9156016 0.9269587 1.0449302 0.7774096 1.9924295 2.0568288 1.9793310 2.5704716 
A1C.UG.99.99UGF25926.AF484491          0.5996550 0.5831543 0.5854549 0.6136667 0.6446617 0.6731061 0.6408115 0.6385075 0.6215325 0.4935077 0.4773469 0.5312761 0.4752016 0.4629822 0.5049160 0.4806479 0.5339535 0.5267150 0.5041688 0.6039601 0.6234492 0.6384531 0.6635339 0.6480895 0.6301262 0.6566322 0.7397335 0.8172705 0.5422129 0.0000000 0.6773564 0.6946178 0.7736196 0.8021325 0.8315882 0.7670085 0.8483321 0.8110044 0.8701329 0.8906230 0.8728513 0.8508984 0.8425321 0.8118436 0.8942784 0.8676109 0.8608556 0.8879034 0.8931429 0.8480858 0.8545043 0.8484825 0.8644075 0.9137404 0.8769963 0.8923414 0.9172599 0.9024583 0.9140359 0.9015324 0.9134830 0.8897501 0.9156745 0.9315728 0.8293121 0.9076182 0.9049526 0.8894125 0.8708645 0.9244619 0.9494463 0.9395974 0.9299826 0.8386551 0.7669078 0.7484847 0.7481112 0.6373241 0.6108276 0.6310268 0.6059887 0.5773840 0.6394155 0.6673676 0.6400828 0.6367894 0.5919919 0.6054972 0.6244225 0.6622521 0.6942118 0.6755531 0.7614468 0.7336386 1.1804966 0.8665318 2.2080647 2.2025088 2.1538153 2.7650301 
93_cpx.CD.08.DRC653.MF372651           0.4942666 0.5039173 0.4897817 0.5194545 0.5361230 0.5783276 0.5363406 0.5565573 0.5456997 0.6500402 0.6223035 0.6656653 0.6329470 0.6267908 0.6768494 0.6022853 0.6553823 0.6291455 0.6584876 0.7169751 0.7282713 0.7596404 0.7705928 0.7437881 0.7357974 0.7699065 0.8300578 0.9077884 0.5734456 0.6773564 0.0000000 0.6248650 0.6675433 0.7263611 0.7471518 0.8639298 0.9328956 0.7154745 0.8605064 0.8842310 0.8785900 0.8265466 0.8531638 0.8071988 0.8770012 0.8726117 0.8537674 0.8700798 0.8879701 0.8404070 0.8432639 0.8491574 0.8608148 0.9260032 0.8746960 0.8818041 0.9019632 0.9066626 0.8986184 0.8999137 0.8817404 0.8937974 0.9101922 0.9270463 0.8103267 0.9237641 0.9002701 0.8952930 0.9225284 0.9451403 0.9483351 0.9278696 0.9296864 0.8154412 0.7833883 0.7472159 0.7269871 0.9659844 0.9313590 0.9099198 0.9162452 0.8811239 0.9367536 0.9531842 0.9694386 0.9446964 0.8995599 0.8973625 0.9332161 0.9552342 0.9888826 1.0043825 1.0399911 1.0229682 1.1342411 0.8394667 2.1144021 2.1575593 2.0284459 2.6886052 
G.NG.92.92NG083_JV10832.U88826         0.5278014 0.5359286 0.5155358 0.5521470 0.5576830 0.6255766 0.5675638 0.6031451 0.5059788 0.6307480 0.6130035 0.6645913 0.6157093 0.6026682 0.6370630 0.5900258 0.6174507 0.6211796 0.6590947 0.6987818 0.7005444 0.7221248 0.7497167 0.7187003 0.7079743 0.7417128 0.8064048 0.8777937 0.5670644 0.6946178 0.6248650 0.0000000 0.3452170 0.3913528 0.4052080 0.8633982 0.9347732 0.7363124 0.8725993 0.8787897 0.8550853 0.8727943 0.8309975 0.8040807 0.8495315 0.8404892 0.8718799 0.8727621 0.8790559 0.8481135 0.8178268 0.8079918 0.8776682 0.9043162 0.8616873 0.8988267 0.8959433 0.8707432 0.8867730 0.8634754 0.8745033 0.8657919 0.8896351 0.9067850 0.8263843 0.9311833 0.9146314 0.8814238 0.8964920 0.9089630 0.9402393 0.9441019 0.9531214 0.8136509 0.7511393 0.7395453 0.7257329 0.9737829 0.9201837 0.9425857 0.9468111 0.8832452 0.9530098 0.9670051 0.9550431 0.9435446 0.8952516 0.9120379 0.9474161 0.9736048 1.0134203 0.9757850 1.0373179 1.0460883 1.1738274 0.8627156 2.0181603 2.0514538 1.9878480 2.7491436 
G.NG.09.09NG010261.KX389626            0.5929279 0.5942101 0.5911406 0.6276832 0.6333884 0.6923238 0.6272421 0.6523384 0.5653938 0.6867655 0.6749099 0.7326983 0.6849836 0.6813401 0.7136919 0.6465461 0.6926031 0.6910503 0.7172992 0.7875467 0.7906673 0.8103312 0.8351512 0.8001603 0.7700667 0.8094103 0.8717527 0.9432492 0.6259848 0.7736196 0.6675433 0.3452170 0.0000000 0.4487225 0.4678844 0.9433276 1.0030409 0.8007334 0.9195493 0.9280773 0.9018862 0.8995454 0.9035201 0.8477226 0.9170032 0.9049300 0.9117953 0.9200213 0.9154560 0.8753399 0.8478546 0.8588710 0.8900222 0.9632632 0.9069030 0.9376405 0.9497980 0.9235907 0.9421960 0.9383933 0.9262619 0.9240911 0.9797288 0.9454360 0.8569204 0.9669179 0.9410708 0.9496016 0.9571821 0.9744906 0.9659642 0.9743535 1.0115385 0.8538127 0.8131500 0.7989563 0.7873497 1.0104820 0.9498434 0.9928382 0.9641806 0.9125479 1.0085007 1.0152810 0.9965694 0.9986703 0.9333227 0.9379239 0.9650018 0.9954374 1.0688119 1.0188287 1.0937820 1.0988230 1.2551198 0.8944670 2.1193645 2.1686063 2.0656860 2.6995827 
01F2G.CM.02.LT31.JN864056              0.6405417 0.6480699 0.6274981 0.6592356 0.6731710 0.7333328 0.6718251 0.6892955 0.6150317 0.7428093 0.7185376 0.7551926 0.7076979 0.7037577 0.7161151 0.6863938 0.7157695 0.7052912 0.7465888 0.7961200 0.7896780 0.8186693 0.8396585 0.8041911 0.8029903 0.8227453 0.8743921 0.9738018 0.6507345 0.8021325 0.7263611 0.3913528 0.4487225 0.0000000 0.3967808 0.9517317 1.0219898 0.8439842 0.9313133 0.9615940 0.9416906 0.9239643 0.9243141 0.8732215 0.9390527 0.9192918 0.9132747 0.9410490 0.9488784 0.9032471 0.8794311 0.8835779 0.9188530 0.9805022 0.9310673 0.9444745 0.9350250 0.9575243 0.9615524 0.9560215 0.9587385 0.9584368 1.0002609 0.9971664 0.9065893 1.0098302 0.9641302 0.9697491 0.9777800 0.9968796 1.0110374 0.9853493 1.0534788 0.8884923 0.8506788 0.8330386 0.8382396 1.0129666 1.0284585 1.0114927 1.0083595 0.9877873 1.0373463 1.0391630 1.0508327 1.0456057 1.0035130 0.9891203 1.0402160 1.0352692 1.1167549 1.0774281 1.1569805 1.1446320 1.2468895 0.9426456 2.1781654 2.2439854 2.1217914 2.8181256 
BCG.ES.15.100_119.KY496623             0.6575160 0.6494764 0.6394880 0.6644453 0.6796921 0.7441981 0.6745408 0.7160718 0.6127169 0.7643559 0.7409833 0.7927844 0.7569870 0.7333903 0.7475577 0.7114249 0.7444061 0.7356301 0.7629987 0.8540796 0.8587919 0.8883027 0.8925564 0.8692297 0.8454721 0.8770327 0.9426741 1.0227301 0.6682613 0.8315882 0.7471518 0.4052080 0.4678844 0.3967808 0.0000000 1.0015299 1.0398152 0.8816248 0.9858254 0.9953478 0.9851398 0.9719992 0.9623144 0.9193594 0.9612400 0.9770738 0.9566058 0.9855809 0.9808898 0.9657192 0.9444367 0.9471240 0.9720911 1.0267593 0.9696832 1.0184327 0.9983883 1.0082907 1.0215008 1.0065183 1.0164235 1.0103486 1.0433130 1.0343744 0.9500694 1.0520428 1.0081935 0.9947696 1.0264545 1.0354058 1.0618971 1.0721816 1.0875763 0.9369400 0.8768961 0.8453272 0.8603992 1.0780791 1.0459606 1.0455343 1.0419040 0.9958330 1.0808444 1.0729400 1.0827065 1.0654071 1.0267207 1.0198232 1.0632719 1.0703284 1.1333456 1.0808078 1.1494644 1.1973469 1.3116248 0.9817537 2.1710154 2.1999865 2.0635517 2.7925377 
0107.CN.15.HB041501.KY019257           0.7741612 0.7640938 0.7369053 0.7790693 0.8049684 0.8391805 0.7971993 0.8123918 0.8100710 0.7070342 0.6760014 0.7304012 0.6814753 0.6751688 0.7273961 0.6508923 0.5818416 0.6730842 0.7341921 0.4672291 0.4634576 0.4999426 0.5183891 0.5051794 0.4894160 0.4978910 0.5665598 0.6567615 0.7130749 0.7670085 0.8639298 0.8633982 0.9433276 0.9517317 1.0015299 0.0000000 0.4247396 1.0029250 1.0447470 1.0466743 1.0460788 1.0266701 1.0114608 0.9824440 1.0544358 1.0211251 1.0470526 1.0630989 1.0706998 1.0107872 1.0215382 1.0109799 1.0436207 1.0906542 1.0267914 1.0857220 1.0750134 1.0456491 1.1040780 1.0777295 1.0632809 1.0670672 1.0688758 1.1097770 1.0251459 1.1089534 1.0562477 1.0814387 1.0920597 1.1320753 1.1254002 1.1204999 1.1489360 1.0143869 0.9570061 0.9186772 0.9187945 0.9946797 0.9815387 0.9889848 0.9987787 0.9444168 0.9941663 1.0180707 0.9913948 1.0192943 0.9390023 0.9840962 0.9924380 1.0286032 1.0798177 1.0523420 1.0952574 1.0950176 1.3115517 1.0297143 2.2966039 2.3054567 2.3383215 2.8256780 
01BC.CN.14.BJ.2014.MSM.SP01.KP668994   0.8510082 0.8182074 0.8232127 0.8610308 0.8803909 0.9052093 0.8569635 0.8543089 0.8711270 0.7763885 0.7580349 0.8253480 0.7674353 0.7662585 0.8025389 0.7262074 0.6670089 0.7611109 0.8266202 0.5546672 0.5603094 0.5807676 0.6078198 0.5749703 0.5669208 0.5918211 0.6556826 0.7324845 0.8084092 0.8483321 0.9328956 0.9347732 1.0030409 1.0219898 1.0398152 0.4247396 0.0000000 1.0701844 1.1068746 1.1189609 1.0840788 1.0875929 1.0480638 1.0489678 1.1045196 1.1051015 1.1111747 1.1288389 1.1250786 1.0614233 1.0695927 1.0609704 1.0949158 1.1272234 1.0820488 1.1414408 1.1548306 1.0880226 1.1397689 1.1132736 1.0874375 1.1368241 1.1751995 1.1746350 1.0616769 1.1763083 1.1162893 1.1441197 1.1445793 1.1512039 1.1503463 1.1831589 1.2264670 1.0642948 0.9983686 0.9788290 0.9567526 1.0727106 1.0442639 1.0502752 1.0436756 1.0181656 1.0846915 1.0928578 1.0945036 1.0745762 1.0347072 1.0510396 1.0750256 1.1034679 1.1417422 1.1381216 1.1696194 1.1706935 1.3833086 1.0970753 2.3230165 2.3269249 2.2890776 2.9419313 
06_cpx.SN.97.97SE1078.AJ288981         0.5556077 0.5350973 0.5443139 0.5661954 0.6007359 0.6415284 0.6312223 0.6509067 0.6679535 0.7750845 0.7527721 0.8218126 0.7683481 0.7424917 0.7960638 0.6946609 0.7644757 0.7513375 0.7959517 0.8330783 0.8386778 0.8851517 0.8903631 0.8660853 0.8456476 0.8852804 0.9571178 1.0443266 0.7005830 0.8110044 0.7154745 0.7363124 0.8007334 0.8439842 0.8816248 1.0029250 1.0701844 0.0000000 1.0050658 1.0155754 1.0041116 1.0021019 0.9864389 0.9319186 1.0133667 0.9790631 1.0214832 1.0068191 1.0314417 0.9780296 0.9713339 0.9948594 1.0172648 1.0427399 1.0163913 1.0361773 1.0384692 0.9989683 1.0442512 1.0386345 1.0434401 1.0337902 1.0748188 1.0839656 0.9696673 1.0799819 1.0252521 1.0060686 1.0532270 1.0577425 1.0784744 1.0399429 1.1226586 0.9297915 0.8908739 0.8868513 0.8797322 1.1101594 1.0362311 1.0255297 1.0013927 1.0094541 1.0791854 1.0627770 1.0597371 1.0438584 1.0015125 1.0134522 1.0487104 1.0719987 1.1373700 1.0962888 1.1669198 1.1563685 1.2883293 0.9838584 2.1157849 2.1962156 2.0827054 2.8067755 
