100
02A1.GH.97.97GH_AG2.AB052867           0.0000000 0.3419855 0.3428629 0.3604802 0.3686104 0.4281297 0.4017557 0.4300567 0.4468376 0.5385736 0.5338470 0.5738339 0.5178728 0.5100011 0.5683798 0.4805822 0.5429901 0.5174318 0.5560596 0.6072718 0.6179686 0.6485688 0.6513505 0.6445571 0.6258240 0.6617375 0.7258868 0.7792648 0.4674001 0.5905103 0.4876885 0.5203879 0.5838176 0.6302504 0.6468033 0.7601186 0.8346986 0.5474213 0.7736155 0.7727870 0.7645055 0.7538627 0.7442540 0.7134281 0.7841182 0.7707730 0.7688407 0.7744915 0.7713178 0.7339641 0.7287715 0.7206100 0.7757740 0.7935194 0.7626229 0.7792256 0.7922152 0.7642923 0.7864967 0.7774945 0.7739804 0.7752732 0.8168921 0.8499116 0.7231088 0.8185012 0.7968604 0.7847586 0.8020441 0.8346851 0.8401888 0.8224484 0.8434065 0.7126216 0.6579125 0.6398167 0.6303273 0.8487454 0.8151651 0.8148640 0.8163837 0.7702557 0.8322091 0.8612175 0.8463501 0.8245384 0.7718586 0.7909555 0.8235321 0.8643980 0.8919842 0.8755664 0.9602244 0.9343322 1.0431532 0.7687741 1.9014679 1.9382830 1.8558566 2.4433587 
02_AG.CM.02.02CM_3217MN.GU201514       0.3419855 0.0000000 0.2572176 0.2782460 0.3813350 0.3541412 0.4003939 0.4321544 0.4528487 0.5397135 0.5262550 0.5830997 0.5287980 0.5165941 0.5755274 0.4979721 0.5547771 0.5459163 0.5572885 0.6050679 0.6070921 0.6571949 0.6592159 0.6491006 0.6187649 0.6549714 0.7063224 0.7999995 0.4588438 0.5743361 0.4971168 0.5282566 0.5849748 0.6375227 0.6389451 0.7503428 0.8027897 0.5274464 0.7627409 0.7903794 0.7686547 0.7549533 0.7436789 0.7005888 0.7751983 0.7503675 0.7683907 0.7762436 0.7934939 0.7387201 0.7243085 0.7405882 0.7664760 0.8085245 0.7641507 0.7805413 0.7958983 0.7758889 0.8029891 0.8067253 0.8010627 0.7781038 0.8080421 0.8421827 0.7362360 0.8201312 0.7899785 0.7686558 0.7972097 0.8135983 0.8322263 0.8264420 0.8504961 0.7138023 0.6795153 0.6374066 0.6143098 0.8292676 0.8033997 0.7959818 0.8063779 0.7578992 0.8186355 0.8411379 0.8398957 0.8347861 0.7899104 0.7797658 0.8073248 0.8618158 0.8908381 0.8726832 0.9601821 0.9320186 1.0384769 0.7720255 1.8249245 1.9005465 1.8182592 2.4198838 
02_AG.GW.04.CC_0030.FJ694791           0.3428629 0.2572176 0.0000000 0.2824537 0.3866042 0.3614227 0.4067496 0.4274326 0.4461466 0.5461199 0.5261151 0.5832333 0.5222016 0.5264911 0.5482736 0.4917369 0.5365436 0.5373832 0.5476832 0.6101488 0.6112925 0.6381789 0.6526454 0.6347327 0.6197942 0.6529492 0.7068654 0.7767838 0.4693716 0.5766274 0.4832721 0.5083197 0.5819611 0.6174641 0.6291504 0.7239162 0.8076241 0.5364381 0.7847806 0.7898998 0.7944173 0.7621225 0.7409785 0.7096830 0.7843746 0.7702807 0.7887271 0.7748946 0.7973012 0.7393490 0.7415247 0.7532839 0.7792581 0.8115736 0.7670922 0.7979621 0.7820174 0.7881776 0.8290023 0.8131892 0.7943520 0.7925011 0.8390340 0.8497313 0.7403121 0.8233321 0.8059364 0.7914448 0.7945333 0.8175118 0.8418862 0.8216464 0.8592543 0.7054986 0.6697420 0.6410549 0.6169396 0.8450018 0.8127802 0.8304574 0.8300230 0.7588670 0.8385432 0.8559421 0.8520623 0.8414246 0.7842088 0.8010147 0.8191393 0.8733908 0.8957591 0.8942995 0.9596584 0.9382459 1.0603022 0.7622826 1.7628598 1.7882583 1.7270651 2.3627946 
02_AG.GW.14.DE00214GW009.MH078544      0.3604802 0.2782460 0.2824537 0.0000000 0.3901804 0.3765794 0.4306096 0.4495192 0.4820012 0.5734742 0.5535808 0.5927743 0.5433021 0.5427157 0.5735950 0.5181040 0.5588392 0.5549402 0.5674679 0.6241769 0.6367391 0.6686049 0.6874217 0.6734161 0.6553912 0.6736307 0.7245909 0.8127410 0.4879848 0.6040933 0.5122426 0.5440761 0.6176000 0.6483417 0.6534595 0.7648172 0.8443127 0.5577629 0.8016704 0.8131086 0.7933541 0.7789404 0.7542863 0.7198604 0.7926346 0.7518316 0.7919256 0.7891991 0.7907753 0.7558032 0.7498683 0.7690221 0.7959971 0.8108350 0.7843083 0.8060731 0.8150687 0.8106387 0.8105745 0.8234964 0.8071352 0.8207079 0.8390676 0.8684328 0.7447757 0.8394888 0.8200403 0.8125423 0.8306497 0.8535514 0.8439225 0.8411514 0.8699251 0.7498501 0.6964916 0.6583572 0.6419294 0.8518898 0.8264140 0.8207036 0.8349723 0.7800326 0.8546043 0.8622714 0.8590327 0.8529973 0.8057630 0.8299990 0.8382103 0.8823505 0.9159967 0.8909088 0.9619972 0.9683253 1.0498321 0.7645363 1.8413083 1.9156853 1.7941967 2.4702855 
02A.CI.16.DEURF16CI011.MH078538        0.3686104 0.3813350 0.3866042 0.3901804 0.0000000 0.4717312 0.4421010 0.4690458 0.4965859 0.5918628 0.5846446 0.6212141 0.5722776 0.5506281 0.6082371 0.5318303 0.5840799 0.5738605 0.5954970 0.6510569 0.6585954 0.6857178 0.7006619 0.6727909 0.6704767 0.6814358 0.7421938 0.8365335 0.5070422 0.6342365 0.5284786 0.5495658 0.6232026 0.6620201 0.6683079 0.7899787 0.8630789 0.5913425 0.8115965 0.8222045 0.8140889 0.7787155 0.7721677 0.7298779 0.7978738 0.7985966 0.7917996 0.8252236 0.8081020 0.7729622 0.7772979 0.7654934 0.8086144 0.8377910 0.7973615 0.8183837 0.8055223 0.8120159 0.8301805 0.8155239 0.8283251 0.8095343 0.8549850 0.8857614 0.7660431 0.8599815 0.8340371 0.8235093 0.8303869 0.8507343 0.8751806 0.8564729 0.8775923 0.7484710 0.7135162 0.6766648 0.6861960 0.8861034 0.8643885 0.8643084 0.8598599 0.8232440 0.8758067 0.8878566 0.9107646 0.8738491 0.8197508 0.8460600 0.8774266 0.9057948 0.9472442 0.9220611 0.9925514 0.9649433 1.0775762 0.8165023 1.8711627 1.8930607 1.8259972 2.4827151 
02D.GH.03.GHNJ193.AB231897             0.4281297 0.3541412 0.3614227 0.3765794 0.4717312 0.0000000 0.4795407 0.5050833 0.5439845 0.6084164 0.6101747 0.6725727 0.6115778 0.6044647 0.6412167 0.5679999 0.6262250 0.6148206 0.6294958 0.6965374 0.6971892 0.7399472 0.7345297 0.7213983 0.6914335 0.7279894 0.7804017 0.8876769 0.5419891 0.6619714 0.5697173 0.6157771 0.6805950 0.7204463 0.7310563 0.8232031 0.8871115 0.6312789 0.8370165 0.8735562 0.8549120 0.8456314 0.8239884 0.7806129 0.8726875 0.8335974 0.8537809 0.8504134 0.8503362 0.8277789 0.8139866 0.8137681 0.8505028 0.8898198 0.8304520 0.8704864 0.8851315 0.8512184 0.8988427 0.8803132 0.8850625 0.8683847 0.9146924 0.9323901 0.8318717 0.8924748 0.8693809 0.8674781 0.8853356 0.9143436 0.9050706 0.9185599 0.9216606 0.7910707 0.7665331 0.7222928 0.6998573 0.9236699 0.8914358 0.9155691 0.8984744 0.8468719 0.9246984 0.9320201 0.9376725 0.9177946 0.8797493 0.8920659 0.9155660 0.9629054 0.9739203 0.9526598 1.0161227 1.0150269 1.1477656 0.8465848 1.8999089 1.9092496 1.8557229 2.3833149 
0206.SN.12.LA56Senegl.KU168299         0.4017557 0.4003939 0.4067496 0.4306096 0.4421010 0.4795407 0.0000000 0.4020170 0.4867136 0.5520561 0.5451630 0.6036570 0.5526657 0.5503233 0.5883754 0.5173667 0.5603438 0.5512445 0.5875799 0.6419548 0.6508390 0.6792572 0.6870887 0.6762464 0.6557059 0.6881305 0.7500535 0.8148188 0.4946782 0.6306136 0.5287878 0.5591773 0.6172602 0.6606606 0.6633728 0.7824182 0.8404226 0.6212197 0.8024935 0.7990637 0.8133832 0.7839672 0.7822599 0.7418575 0.8142046 0.7823533 0.7852594 0.8055879 0.8258249 0.7816555 0.7742716 0.7585975 0.7978820 0.8209986 0.8030874 0.8187435 0.8230556 0.8212343 0.8178669 0.8157285 0.8112890 0.8120261 0.8324561 0.8686081 0.7623506 0.8517201 0.8157930 0.8129677 0.8267256 0.8387539 0.8675787 0.8572644 0.8758256 0.7396938 0.7019559 0.6676174 0.6684081 0.8735688 0.8333471 0.8255947 0.8630584 0.7936604 0.8868083 0.8746623 0.8870216 0.8515124 0.8042610 0.8112787 0.8557564 0.8915049 0.9320085 0.8955825 0.9737616 0.9808421 1.0784478 0.7808091 1.9153284 1.9239212 1.8945000 2.5918675 
U.ES.10.DEURF10DZ001.JX140679          0.4300567 0.4321544 0.4274326 0.4495192 0.4690458 0.5050833 0.4020170 0.0000000 0.5070778 0.5974493 0.5920236 0.6299697 0.5829896 0.5716400 0.6157405 0.5470458 0.6106624 0.5953187 0.6176506 0.6674502 0.6713043 0.6969692 0.7069063 0.7026577 0.6799230 0.7145969 0.7819078 0.8495489 0.5306018 0.6283004 0.5485135 0.5938376 0.6417483 0.6776683 0.7037159 0.7971994 0.8378682 0.6403849 0.8189212 0.8201536 0.8238950 0.8168568 0.8059729 0.7544227 0.8283587 0.7924338 0.8091549 0.8267155 0.8510729 0.7798561 0.7958915 0.8034681 0.8172589 0.8551568 0.8240993 0.8307167 0.8321673 0.8289247 0.8697834 0.8617937 0.8423741 0.8312831 0.8740203 0.8829252 0.7939145 0.8746906 0.8318131 0.8260997 0.8633131 0.8960428 0.8993160 0.8828800 0.9031184 0.7734166 0.7414158 0.6930068 0.6757795 0.9105896 0.8812261 0.8761995 0.8530592 0.8082884 0.8994831 0.9140035 0.8831973 0.8816465 0.8324659 0.8517535 0.8732664 0.9104214 0.9462529 0.9258575 0.9925035 1.0005298 1.1058480 0.8332349 2.0003277 1.9790644 1.9767352 2.5411513 
AGU.CM.06.770_8.MH705142               0.4468376 0.4528487 0.4461466 0.4820012 0.4965859 0.5439845 0.4867136 0.5070778 0.0000000 0.5673783 0.5383958 0.6032262 0.5424421 0.5357087 0.5909143 0.5049099 0.5582110 0.5388207 0.5773838 0.6436956 0.6569375 0.6681227 0.6710092 0.6583515 0.6399856 0.6744780 0.7423664 0.8075750 0.4822173 0.6118044 0.5378953 0.4990903 0.5569309 0.6053992 0.6031178 0.7948651 0.8540767 0.6569095 0.7889885 0.7918973 0.7687269 0.7592785 0.7499228 0.7019303 0.7829655 0.7744612 0.7943111 0.7704125 0.7797329 0.7344995 0.7288672 0.7358769 0.7609474 0.8125214 0.7810154 0.8048518 0.7896806 0.7920333 0.8136866 0.8115649 0.8144222 0.8040703 0.8000604 0.8521604 0.7311560 0.8271489 0.8187384 0.7990051 0.8003011 0.8465862 0.8568429 0.8146592 0.8510123 0.7275019 0.6814029 0.6555030 0.6518438 0.8508440 0.8190365 0.8423432 0.8300884 0.7715228 0.8577694 0.8795111 0.8623542 0.8462685 0.8181216 0.8227074 0.8400221 0.8910367 0.9253444 0.8895474 0.9645907 0.9328775 1.0770762 0.7983264 1.9808273 2.0326256 1.9119634 2.5808172 
A1.KE.06.06KECst_028.FJ623479          0.5385736 0.5397135 0.5461199 0.5734742 0.5918628 0.6084164 0.5520561 0.5974493 0.5673783 0.0000000 0.3018186 0.4256701 0.3727308 0.3927774 0.4125219 0.4229057 0.4788677 0.4626684 0.4531211 0.5507759 0.5569644 0.5761128 0.5908122 0.5800497 0.5607424 0.5747630 0.6452132 0.7162698 0.4940488 0.4869159 0.6394946 0.6207302 0.6752128 0.7297068 0.7506321 0.6948717 0.7622580 0.7609727 0.8121853 0.8191483 0.8254453 0.8050867 0.7737343 0.7427709 0.8174521 0.8009221 0.8118959 0.8255916 0.8238220 0.7797100 0.7812881 0.7560106 0.8280843 0.8557925 0.8122328 0.8269014 0.8277087 0.7972457 0.8449255 0.8352633 0.8368825 0.8278658 0.8551812 0.8803871 0.7884758 0.8624970 0.8297189 0.8462253 0.8635358 0.8699885 0.8795293 0.8679129 0.8864372 0.7665475 0.7212396 0.6925098 0.6660163 0.7301937 0.6961304 0.7313754 0.6928816 0.6778312 0.7314562 0.7340665 0.7405717 0.7232826 0.6873321 0.7013657 0.7221121 0.7795249 0.7728045 0.7558107 0.8351315 0.8245983 1.0981748 0.8162399 2.0309961 2.0459410 2.0105457 2.5692922 
A1.KE.06.06KECst_013.FJ623485          0.5338470 0.5262550 0.5261151 0.5535808 0.5846446 0.6101747 0.5451630 0.5920236 0.5383958 0.3018186 0.0000000 0.4240811 0.3635251 0.3814938 0.3888125 0.4193198 0.4756722 0.4544101 0.4223909 0.5419050 0.5537080 0.5637482 0.5844074 0.5734389 0.5471437 0.5817081 0.6545639 0.7152696 0.4812498 0.4712168 0.6125118 0.6035048 0.6636947 0.7060887 0.7279018 0.6647348 0.7444515 0.7392549 0.8073644 0.8175510 0.8069289 0.8123849 0.7659513 0.7393739 0.8156566 0.7805598 0.8132795 0.8042316 0.8362363 0.7767982 0.7769417 0.7697984 0.8191271 0.8371114 0.8051464 0.8305601 0.8362081 0.8104750 0.8429137 0.8300984 0.8462175 0.8251767 0.8676767 0.8898430 0.7784148 0.8619194 0.8176037 0.8460792 0.8381004 0.8585135 0.8704571 0.8642155 0.8887230 0.7578165 0.7107587 0.6805750 0.6698746 0.7093577 0.6995528 0.7009391 0.6843898 0.6524306 0.7176785 0.7145479 0.7146207 0.7173746 0.6621223 0.6829407 0.7159471 0.7471478 0.7674187 0.7589682 0.8063402 0.8146940 1.0880307 0.7993073 2.0249153 2.0514344 1.9663610 2.5338459 
A1.CY.07.CY208.JF683760                0.5738339 0.5830997 0.5832333 0.5927743 0.6212141 0.6725727 0.6036570 0.6299697 0.6032262 0.4256701 0.4240811 0.0000000 0.2533360 0.4157995 0.4553218 0.4606579 0.5110393 0.5063566 0.4781162 0.5852271 0.5971557 0.6184639 0.6102850 0.6053476 0.5992513 0.6305102 0.7022145 0.7574880 0.5261742 0.5237968 0.6546854 0.6536286 0.7197843 0.7416278 0.7781932 0.7176075 0.8097635 0.8063046 0.8721688 0.8560383 0.8485606 0.8217437 0.8093806 0.7972282 0.8603403 0.8603887 0.8279225 0.8611274 0.8571256 0.8204094 0.8221702 0.8081027 0.8462549 0.8776583 0.8495308 0.8911860 0.8722903 0.8503080 0.8760732 0.8637761 0.8798393 0.8705695 0.8885524 0.8951087 0.8048644 0.9075498 0.8685062 0.8720597 0.8735928 0.8977838 0.9306073 0.8929394 0.9307573 0.7863144 0.7422865 0.7225024 0.7240571 0.7460494 0.7272909 0.7462771 0.7174621 0.7028650 0.7829093 0.7941130 0.7457099 0.7641405 0.7073681 0.7200789 0.7596086 0.7695680 0.7894565 0.7792354 0.8551605 0.8562721 1.1261474 0.8663645 2.0414041 2.0398865 2.0088144 2.5688678 
A1.CY.05.CY051.FJ388903                0.5178728 0.5287980 0.5222016 0.5433021 0.5722776 0.6115778 0.5526657 0.5829896 0.5424421 0.3727308 0.3635251 0.2533360 0.0000000 0.3763626 0.3969810 0.4031676 0.4593724 0.4461802 0.4250802 0.5330704 0.5427927 0.5743116 0.5770601 0.5636601 0.5544445 0.5905975 0.6432820 0.7248256 0.4726004 0.4690577 0.6228620 0.6061004 0.6734448 0.6955808 0.7435060 0.6700465 0.7535589 0.7544018 0.8117319 0.8115725 0.7946665 0.7825834 0.7783827 0.7454105 0.8175036 0.8041794 0.8039723 0.8081871 0.8162307 0.7854097 0.7806760 0.7607518 0.8076834 0.8454837 0.8008203 0.8209412 0.8139460 0.8047307 0.8347048 0.8203451 0.8456571 0.8513947 0.8642702 0.8735019 0.7642450 0.8546191 0.8303994 0.8447306 0.8368195 0.8566207 0.8647244 0.8422391 0.8981775 0.7562930 0.7144103 0.6815920 0.6571681 0.7383948 0.6968009 0.7076940 0.6861404 0.6696406 0.7326889 0.7376686 0.7161610 0.7098056 0.6700411 0.6776703 0.7158588 0.7478768 0.7818336 0.7504131 0.8348052 0.8276646 1.0873426 0.8131834 2.0151784 2.0242031 1.9764745 2.5737367 
A1.UG.11.DEMA110UG001.KF859745         0.5100011 0.5165941 0.5264911 0.5427157 0.5506281 0.6044647 0.5503233 0.5716400 0.5357087 0.3927774 0.3814938 0.4157995 0.3763626 0.0000000 0.4108039 0.4072848 0.4521914 0.4321699 0.4251436 0.5246829 0.5354817 0.5567397 0.5855979 0.5511848 0.5337100 0.5814522 0.6377092 0.7083272 0.4681466 0.4570366 0.6168676 0.5933994 0.6698478 0.6916668 0.7204846 0.6639538 0.7524298 0.7292473 0.7938303 0.8129371 0.7860795 0.7897124 0.7646505 0.7432373 0.8141084 0.7808325 0.7835693 0.8094886 0.7905562 0.7677785 0.7489575 0.7559565 0.7832223 0.8224973 0.7949358 0.8229377 0.8109217 0.8010645 0.8263257 0.8043121 0.8181910 0.8036693 0.8318790 0.8723903 0.7567213 0.8297814 0.8341671 0.8160129 0.8194052 0.8289226 0.8578081 0.8595763 0.8557214 0.7564709 0.7007040 0.6703972 0.6596282 0.7392274 0.6952724 0.6968892 0.6797818 0.6610254 0.7359301 0.7388037 0.7104859 0.7120417 0.6774914 0.6945566 0.7081137 0.7540800 0.7626641 0.7566618 0.8163315 0.8121574 1.0563155 0.7724064 2.0374437 2.0772320 1.9963817 2.5726404 
35_AD.AF.06.007H.GQ477450              0.5683798 0.5755274 0.5482736 0.5735950 0.6082371 0.6412167 0.5883754 0.6157405 0.5909143 0.4125219 0.3888125 0.4553218 0.3969810 0.4108039 0.0000000 0.4381310 0.4981690 0.4774964 0.4675392 0.5615816 0.5752847 0.6003187 0.5997931 0.5909703 0.5781405 0.6136135 0.6731338 0.7461831 0.5150910 0.4981174 0.6656220 0.6269766 0.7014326 0.7037716 0.7342777 0.7147295 0.7877472 0.7812940 0.8453203 0.8348573 0.8191285 0.8068432 0.7988511 0.7721125 0.8209222 0.8115606 0.8052961 0.8269893 0.8200537 0.7874254 0.7872530 0.7888821 0.8138344 0.8754473 0.8139151 0.8446502 0.8457004 0.8368096 0.8488223 0.8351331 0.8537437 0.8405914 0.8751318 0.8958683 0.7919575 0.8794045 0.8481263 0.8526069 0.8299737 0.8590410 0.8908990 0.8872021 0.9107930 0.7938457 0.7422382 0.7130726 0.6979430 0.7460791 0.7162913 0.7351089 0.7176332 0.6827190 0.7365313 0.7488664 0.7595809 0.7504284 0.7032198 0.7130636 0.7542972 0.7855858 0.7997637 0.7814753 0.8662136 0.8512432 1.1242258 0.8251575 2.0569524 2.0660413 2.0010669 2.5424848 
A1.CY.06.CY154.FJ388943                0.4805822 0.4979721 0.4917369 0.5181040 0.5318303 0.5679999 0.5173667 0.5470458 0.5049099 0.4229057 0.4193198 0.4606579 0.4031676 0.4072848 0.4381310 0.0000000 0.4176667 0.4126239 0.4523365 0.4892562 0.4999433 0.5367723 0.5368600 0.5250562 0.5092235 0.5387227 0.5945527 0.6913669 0.4371843 0.4743402 0.5929925 0.5810678 0.6360904 0.6748499 0.6992264 0.6403353 0.7134905 0.6829295 0.7842287 0.8020690 0.7696917 0.7710224 0.7595915 0.7234805 0.7814516 0.7716703 0.7880515 0.7963671 0.7926318 0.7349740 0.7237033 0.7352158 0.7725667 0.8182193 0.7798378 0.7777019 0.7906882 0.7875357 0.8219447 0.8085276 0.8073586 0.8067769 0.8318701 0.8548345 0.7513749 0.8394429 0.7910126 0.7946507 0.7969874 0.8249091 0.8632493 0.8305809 0.8462796 0.7179126 0.6807600 0.6270960 0.6322044 0.7405131 0.6924606 0.7117380 0.6930044 0.6658527 0.7301828 0.7487827 0.7409164 0.7234863 0.6790817 0.6958348 0.7181005 0.7530631 0.7751327 0.7607772 0.8159690 0.8496742 1.0358646 0.7582276 1.9534846 2.0126293 1.9083783 2.5394354 
22_01A1.CM.02.02CM_1867LE.AY371165     0.5429901 0.5547771 0.5365436 0.5588392 0.5840799 0.6262250 0.5603438 0.6106624 0.5582110 0.4788677 0.4756722 0.5110393 0.4593724 0.4521914 0.4981690 0.4176667 0.0000000 0.4397114 0.4928777 0.4199322 0.4342451 0.4588276 0.4722215 0.4548926 0.4460712 0.4633943 0.5334853 0.6089918 0.4959181 0.5264324 0.6446738 0.6077447 0.6808331 0.7033646 0.7312354 0.5731111 0.6560030 0.7507180 0.8222336 0.8262094 0.8014677 0.7907946 0.7911297 0.7619860 0.8392369 0.8234145 0.8098844 0.8089987 0.8131576 0.7934155 0.7938032 0.7701603 0.8204264 0.8480441 0.8108076 0.8408055 0.8407198 0.8235564 0.8488962 0.8268307 0.8356997 0.8169686 0.8739678 0.8908560 0.7887383 0.8680874 0.8342450 0.8488435 0.8490995 0.8698733 0.8930893 0.8646911 0.8936408 0.7496966 0.7203249 0.6813981 0.6859543 0.7659255 0.7450275 0.7632964 0.7355404 0.7103236 0.7656717 0.7873919 0.7807526 0.7713144 0.7269105 0.7430442 0.7756407 0.7965141 0.8156486 0.8180171 0.8842824 0.8832497 1.0777224 0.8115938 1.9465389 1.9974026 1.9553675 2.4935481 
A6.UA.12.DEMA112UA036.KU749406         0.5174318 0.5459163 0.5373832 0.5549402 0.5738605 0.6148206 0.5512445 0.5953187 0.5388207 0.4626684 0.4544101 0.5063566 0.4461802 0.4321699 0.4774964 0.4126239 0.4397114 0.0000000 0.4892340 0.5189940 0.5357884 0.5623159 0.5589934 0.5411754 0.5345302 0.5664904 0.6190394 0.6937529 0.4855187 0.5192904 0.6191372 0.6113442 0.6793446 0.6931910 0.7226614 0.6619505 0.7474743 0.7379683 0.8162374 0.8118299 0.8008002 0.8051876 0.7877258 0.7398315 0.8076877 0.7968942 0.7986605 0.8236344 0.8206950 0.7622899 0.7646266 0.7724502 0.8040419 0.8349025 0.7986814 0.8362009 0.8396265 0.8054631 0.8277249 0.8270018 0.8154148 0.8214910 0.8587055 0.8785488 0.7662253 0.8672567 0.8382313 0.8363159 0.8191454 0.8558079 0.8909979 0.8602954 0.8762176 0.7666751 0.7179538 0.6714516 0.6719532 0.7850787 0.7489144 0.7478030 0.7227224 0.7140956 0.7663627 0.7685450 0.7702306 0.7702430 0.7282320 0.7429341 0.7596332 0.7948825 0.8304262 0.8051622 0.8781760 0.8786415 1.0854857 0.7917704 1.9752181 2.0072021 1.9849714 2.5326947 
A1D.UG.99.99UGJ21953.AF484496          0.5560596 0.5572885 0.5476832 0.5674679 0.5954970 0.6294958 0.5875799 0.6176506 0.5773838 0.4531211 0.4223909 0.4781162 0.4250802 0.4251436 0.4675392 0.4523365 0.4928777 0.4892340 0.0000000 0.5740834 0.5719884 0.6029128 0.6198094 0.5926601 0.5809995 0.6177050 0.6799028 0.7513781 0.5077476 0.4973488 0.6476256 0.6482318 0.7048008 0.7333129 0.7492366 0.7212290 0.8109746 0.7811777 0.8155194 0.8288010 0.8127111 0.8124421 0.7994162 0.7772659 0.8428606 0.8197639 0.8319413 0.8258494 0.8426963 0.7923252 0.7905352 0.7834404 0.8175152 0.8557418 0.8279009 0.8486191 0.8504548 0.8237343 0.8666336 0.8531945 0.8585775 0.8596604 0.8792333 0.8829470 0.7898919 0.8581896 0.8740078 0.8546272 0.8565965 0.8902049 0.8805975 0.8702105 0.9103503 0.8027875 0.7363000 0.6951389 0.7077726 0.7521615 0.7073723 0.7134869 0.6934728 0.6662306 0.7421272 0.7539993 0.7485926 0.7381206 0.6904933 0.6876831 0.7197489 0.7623099 0.7796805 0.7583054 0.8428222 0.8228103 1.0700238 0.8323965 2.1225252 2.1383650 2.0652548 2.5521118 
01_AE.CN.02.YN0236.JX112866            0.6072718 0.6050679 0.6101488 0.6241769 0.6510569 0.6965374 0.6419548 0.6674502 0.6436956 0.5507759 0.5419050 0.5852271 0.5330704 0.5246829 0.5615816 0.4892562 0.4199322 0.5189940 0.5740834 0.0000000 0.1524372 0.1996881 0.1987644 0.2016862 0.2141265 0.2428801 0.2870186 0.3550037 0.5644126 0.5946316 0.7045386 0.6868950 0.7730949 0.7814223 0.8377183 0.4612399 0.5465570 0.8172396 0.8810135 0.8963123 0.8682959 0.8765748 0.8556082 0.8444518 0.9086016 0.8741272 0.8909249 0.9005553 0.9036475 0.8603036 0.8561970 0.8491816 0.8863178 0.9016826 0.8793545 0.9110673 0.9020895 0.8946599 0.9289179 0.9136581 0.9132030 0.9134856 0.9224678 0.9658460 0.8509266 0.9450284 0.8974570 0.9074392 0.9009732 0.9503239 0.9630627 0.9578901 0.9436075 0.8269350 0.8039214 0.7598940 0.7695864 0.8633410 0.8420213 0.8358462 0.8369198 0.7980591 0.8325257 0.8397877 0.8546053 0.8603558 0.8090088 0.8317607 0.8611638 0.8657190 0.9122256 0.9016062 0.9607145 0.9401327 1.1477441 0.8547781 2.0369688 2.0595410 2.0163195 2.6375984 
01_AE.TH.99.99TH_C4460.AY945726        0.6179686 0.6070921 0.6112925 0.6367391 0.6585954 0.6971892 0.6508390 0.6713043 0.6569375 0.5569644 0.5537080 0.5971557 0.5427927 0.5354817 0.5752847 0.4999433 0.4342451 0.5357884 0.5719884 0.1524372 0.0000000 0.2079388 0.1976385 0.2005045 0.2156327 0.2449806 0.2932488 0.3673364 0.5694424 0.6136794 0.7154832 0.6886017 0.7760791 0.7751350 0.8422330 0.4574859 0.5520413 0.8226686 0.8879633 0.8940805 0.8764774 0.8913707 0.8637591 0.8385912 0.9154643 0.8710892 0.8941851 0.9088556 0.8989372 0.8744496 0.8671635 0.8589903 0.8920178 0.9250136 0.8766498 0.9217984 0.8962894 0.9087760 0.9354062 0.9126514 0.9175835 0.9422945 0.9330150 0.9689150 0.8586989 0.9522799 0.9177298 0.9008335 0.9299831 0.9505860 0.9505903 0.9493774 0.9588212 0.8331929 0.8074077 0.7753516 0.7766309 0.8617864 0.8385074 0.8438097 0.8297783 0.7975535 0.8510114 0.8539227 0.8667260 0.8740647 0.8226757 0.8377783 0.8629867 0.8754038 0.9218315 0.9089928 0.9709510 0.9393087 1.1495463 0.8638746 2.0304747 2.0608506 2.0604802 2.5715096 
01_AE.CN.07.07CNYN326.KF835513         0.6485688 0.6571949 0.6381789 0.6686049 0.6857178 0.7399472 0.6792572 0.6969692 0.6681227 0.5761128 0.5637482 0.6184639 0.5743116 0.5567397 0.6003187 0.5367723 0.4588276 0.5623159 0.6029128 0.1996881 0.2079388 0.0000000 0.2401574 0.2263630 0.2395591 0.2685232 0.3198609 0.3983329 0.5988112 0.6282958 0.7459956 0.7095772 0.7951580 0.8032878 0.8708260 0.4931638 0.5720337 0.8676948 0.9193501 0.9252529 0.9015667 0.8982168 0.8726680 0.8515044 0.9255732 0.8963376 0.9063219 0.9023016 0.9177300 0.8773883 0.8783468 0.8834290 0.9133149 0.9465126 0.8994198 0.9307478 0.9408490 0.9346668 0.9195835 0.9186521 0.9175793 0.9412911 0.9463026 0.9838121 0.8702267 0.9750713 0.9210164 0.9381706 0.9577962 0.9548629 0.9821753 0.9830606 0.9468013 0.8619912 0.8297684 0.7917228 0.7869144 0.8854675 0.8424459 0.8720519 0.8588569 0.8086210 0.8622630 0.8959723 0.8725070 0.8896404 0.8306824 0.8613732 0.8768121 0.8997675 0.9471555 0.9313184 0.9885090 0.9712810 1.1676541 0.8947397 2.0644429 2.0828394 2.0260657 2.6103203 
01_AE.CN.07.GX070143.JX112835          0.6513505 0.6592159 0.6526454 0.6874217 0.7006619 0.7345297 0.6870887 0.7069063 0.6710092 0.5908122 0.5844074 0.6102850 0.5770601 0.5855979 0.5997931 0.5368600 0.4722215 0.5589934 0.6198094 0.1987644 0.1976385 0.2401574 0.0000000 0.2396481 0.2512023 0.2840290 0.3201846 0.3977968 0.6096612 0.6526779 0.7566431 0.7363933 0.8192538 0.8236366 0.8748881 0.5111785 0.5983332 0.8727651 0.9398517 0.9364391 0.9184306 0.9204220 0.8916250 0.8628105 0.9334520 0.9301397 0.9161356 0.9398827 0.9557242 0.9088900 0.9039507 0.8969941 0.9227266 0.9518899 0.9114514 0.9595477 0.9504425 0.9275864 0.9724066 0.9550689 0.9534473 0.9651568 0.9641369 1.0211039 0.8780186 0.9982145 0.9439070 0.9583106 0.9419627 0.9739898 1.0017545 0.9849190 0.9815073 0.8766431 0.8349456 0.8023577 0.8091673 0.8941363 0.8784863 0.8713460 0.8699713 0.8543853 0.8822377 0.9195913 0.8954349 0.8931973 0.8433248 0.8682111 0.9018473 0.9199435 0.9286106 0.9471149 0.9972612 0.9715392 1.1850679 0.8933954 2.1008661 2.1117064 2.0460950 2.6662882 
01_AE.TH.07.AA030a04.JX447057          0.6445571 0.6491006 0.6347327 0.6734161 0.6727909 0.7213983 0.6762464 0.7026577 0.6583515 0.5800497 0.5734389 0.6053476 0.5636601 0.5511848 0.5909703 0.5250562 0.4548926 0.5411754 0.5926601 0.2016862 0.2005045 0.2263630 0.2396481 0.0000000 0.2472342 0.2710042 0.3165500 0.3876718 0.5846525 0.6375994 0.7306362 0.7062849 0.7853400 0.7892111 0.8523005 0.4983156 0.5663383 0.8492764 0.9083764 0.9035481 0.8938917 0.8954605 0.8607471 0.8328782 0.9026605 0.8792437 0.8953025 0.9030572 0.8984963 0.8602951 0.8840849 0.8605768 0.9096076 0.9265672 0.8915490 0.9472028 0.9317477 0.9193589 0.9395848 0.9186448 0.9153711 0.9410671 0.9280477 0.9620211 0.8580984 0.9514845 0.9176221 0.9157411 0.9221949 0.9532486 0.9849036 0.9652479 0.9725167 0.8599813 0.8264567 0.7786788 0.7972342 0.8779270 0.8697530 0.8681668 0.8554900 0.8279870 0.8751709 0.8880209 0.8931209 0.8850700 0.8510661 0.8760236 0.8765654 0.9017895 0.9288305 0.9317112 0.9944809 0.9343308 1.1549481 0.8705972 2.0759261 2.0965232 1.9845567 2.5773195 
01_AE.TH.05.AA101a_WG1.JX447936        0.6258240 0.6187649 0.6197942 0.6553912 0.6704767 0.6914335 0.6557059 0.6799230 0.6399856 0.5607424 0.5471437 0.5992513 0.5544445 0.5337100 0.5781405 0.5092235 0.4460712 0.5345302 0.5809995 0.2141265 0.2156327 0.2395591 0.2512023 0.2472342 0.0000000 0.2700210 0.3230899 0.3928632 0.5794886 0.6201549 0.7228559 0.6959053 0.7561361 0.7880810 0.8292801 0.4829118 0.5584680 0.8294383 0.8924030 0.8971996 0.8711145 0.8712440 0.8400934 0.8307232 0.8911345 0.8746656 0.8781148 0.9030392 0.8936957 0.8374091 0.8528456 0.8546660 0.8559804 0.9130175 0.8658363 0.9130508 0.9061423 0.9034596 0.9256498 0.9100983 0.9033238 0.9133895 0.9095253 0.9400672 0.8287165 0.9378470 0.9017790 0.9176406 0.8998386 0.9141168 0.9594524 0.9469554 0.9503168 0.8404493 0.8019408 0.7682642 0.7631990 0.8631002 0.8432261 0.8427307 0.8404822 0.8111707 0.8554868 0.8692304 0.8597823 0.8637401 0.8210154 0.8406986 0.8553319 0.8858998 0.8990021 0.9316812 0.9704941 0.9419777 1.1536471 0.8733394 2.0616514 2.1095772 2.0156331 2.5956343 
01_AE.CN.07.07CNYN343.KF835528         0.6617375 0.6549714 0.6529492 0.6736307 0.6814358 0.7279894 0.6881305 0.7145969 0.6744780 0.5747630 0.5817081 0.6305102 0.5905975 0.5814522 0.6136135 0.5387227 0.4633943 0.5664904 0.6177050 0.2428801 0.2449806 0.2685232 0.2840290 0.2710042 0.2700210 0.0000000 0.3598816 0.4339730 0.6060862 0.6459238 0.7559687 0.7285944 0.7942894 0.8072313 0.8598698 0.4912111 0.5828001 0.8677306 0.9101169 0.9375565 0.9105208 0.9035655 0.8807593 0.8569639 0.9313342 0.9022198 0.9119217 0.9130844 0.9141545 0.8880294 0.8832518 0.8827182 0.9112478 0.9507002 0.9007923 0.9364689 0.9466439 0.9293447 0.9601487 0.9454192 0.9319845 0.9380990 0.9621896 0.9827001 0.8925213 0.9904779 0.9379334 0.9467730 0.9468377 0.9809994 0.9667225 0.9837923 0.9748343 0.8761659 0.8558210 0.8002181 0.8018874 0.8822304 0.8616280 0.8554186 0.8615281 0.8164068 0.8863854 0.8975627 0.8824531 0.8852839 0.8267157 0.8796657 0.8825849 0.9168928 0.9383044 0.9458651 0.9984989 0.9779992 1.1749778 0.9044398 2.0589864 2.1037238 2.0234616 2.6421929 
01BC.CN.13.SZ95LS8027.KX379000         0.7258868 0.7063224 0.7068654 0.7245909 0.7421938 0.7804017 0.7500535 0.7819078 0.7423664 0.6452132 0.6545639 0.7022145 0.6432820 0.6377092 0.6731338 0.5945527 0.5334853 0.6190394 0.6799028 0.2870186 0.2932488 0.3198609 0.3201846 0.3165500 0.3230899 0.3598816 0.0000000 0.4738632 0.6596293 0.7267630 0.8142987 0.7913871 0.8546935 0.8573036 0.9234370 0.5582478 0.6450324 0.9372687 0.9981862 1.0133132 0.9885598 0.9772983 0.9393733 0.9300441 0.9892406 0.9823771 1.0110475 1.0145696 1.0061371 0.9769705 0.9583214 0.9712940 0.9850515 1.0327836 0.9711115 1.0454476 1.0168527 1.0097999 1.0623091 1.0202315 1.0159739 1.0100067 1.0360798 1.0720842 0.9528381 1.0532220 1.0144349 1.0100146 1.0296401 1.0557679 1.0503767 1.0595446 1.0710304 0.9432890 0.9226389 0.8638396 0.8659915 0.9450549 0.9284139 0.9477956 0.9243045 0.9055256 0.9816343 0.9671030 0.9582985 0.9802140 0.9048633 0.9329999 0.9597756 0.9927398 1.0304330 0.9955882 1.0790086 1.0515979 1.2927579 0.9820970 2.1673864 2.1912052 2.1110892 2.6409648 
69_01B.JP.05.05JPMYC113SP420.LC027100  0.7792648 0.7999995 0.7767838 0.8127410 0.8365335 0.8876769 0.8148188 0.8495489 0.8075750 0.7162698 0.7152696 0.7574880 0.7248256 0.7083272 0.7461831 0.6913669 0.6089918 0.6937529 0.7513781 0.3550037 0.3673364 0.3983329 0.3977968 0.3876718 0.3928632 0.4339730 0.4738632 0.0000000 0.7356541 0.8019609 0.8896609 0.8605906 0.9239500 0.9535472 1.0009262 0.6460360 0.7196581 1.0217049 1.0351466 1.0483958 1.0588059 1.0151885 0.9934534 0.9704948 1.0557033 1.0330367 1.0346115 1.0444953 1.0608970 0.9736287 1.0201473 0.9905252 1.0316007 1.0587804 1.0263426 1.0674401 1.0552410 1.0410224 1.0898955 1.0698965 1.0637727 1.0772683 1.0544713 1.1424338 1.0021606 1.1070953 1.0731538 1.0684349 1.0832006 1.0534626 1.1150418 1.0859133 1.1185357 0.9979891 0.9492683 0.9259756 0.9396081 1.0499894 0.9806481 1.0141260 0.9994234 0.9477634 1.0156649 1.0359279 1.0311620 1.0223874 0.9800015 0.9735938 1.0331332 1.0242323 1.0835429 1.0384005 1.1288127 1.1115103 1.3070165 1.0168343 2.2187484 2.2441356 2.2093226 2.7844515 
45_cpx.CD.97.97CD_MBFE185.FN392874     0.4674001 0.4588438 0.4693716 0.4879848 0.5070422 0.5419891 0.4946782 0.5306018 0.4822173 0.4940488 0.4812498 0.5261742 0.4726004 0.4681466 0.5150910 0.4371843 0.4959181 0.4855187 0.5077476 0.5644126 0.5694424 0.5988112 0.6096612 0.5846525 0.5794886 0.6060862 0.6596293 0.7356541 0.0000000 0.5344949 0.5648978 0.5586796 0.6159851 0.6401900 0.6572137 0.7008131 0.7933000 0.6886651 0.7475570 0.7583155 0.7396563 0.7369453 0.7217792 0.6811733 0.7626294 0.7308517 0.7501132 0.7587810 0.7503209 0.6990470 0.7100092 0.6969977 0.7416300 0.7714854 0.7350899 0.7750529 0.7500862 0.7707873 0.7870268 0.7863485 0.7872308 0.7599343 0.7957626 0.8047226 0.7122900 0.8017940 0.7719664 0.7766018 0.7600450 0.8031012 0.8229472 0.8014641 0.8163291 0.6974078 0.6666221 0.6090402 0.5959797 0.7759316 0.7471032 0.7575128 0.7443629 0.7045794 0.7793720 0.7788671 0.7843797 0.7814176 0.7266606 0.7461019 0.7830703 0.7867927 0.8429160 0.8104760 0.8971584 0.9081898 1.0222642 0.7632662 1.9330190 1.9945697 1.9204395 2.4854531 
A1C.UG.99.99UGF25926.AF484491          0.5905103 0.5743361 0.5766274 0.6040933 0.6342365 0.6619714 0.6306136 0.6283004 0.6118044 0.4869159 0.4712168 0.5237968 0.4690577 0.4570366 0.4981174 0.4743402 0.5264324 0.5192904 0.4973488 0.5946316 0.6136794 0.6282958 0.6526779 0.6375994 0.6201549 0.6459238 0.7267630 0.8019609 0.5344949 0.0000000 0.6661528 0.6828697 0.7595934 0.7872876 0.8158569 0.7531974 0.8320615 0.7958358 0.8532215 0.8730246 0.8557749 0.8345435 0.8264768 0.7966636 0.8766950 0.8507824 0.8442152 0.8704373 0.8754284 0.8317769 0.8380206 0.8322182 0.8476291 0.8955007 0.8598712 0.8747026 0.8988551 0.8845031 0.8956642 0.8836355 0.8952611 0.8722880 0.8973576 0.9126316 0.8136591 0.8895359 0.8869595 0.8719026 0.8539424 0.9059012 0.9300325 0.9203810 0.9112826 0.8226754 0.7531109 0.7351451 0.7348459 0.6270941 0.6013498 0.6210085 0.5966089 0.5687650 0.6291927 0.6563509 0.6297776 0.6265765 0.5830013 0.5961227 0.6145467 0.6513119 0.6824363 0.6643353 0.7477798 0.7207540 1.1531871 0.8496529 2.1393848 2.1340337 2.0875318 2.6713572 
93_cpx.CD.08.DRC653.MF372651           0.4876885 0.4971168 0.4832721 0.5122426 0.5284786 0.5697173 0.5287878 0.5485135 0.5378953 0.6394946 0.6125118 0.6546854 0.6228620 0.6168676 0.6656220 0.5929925 0.6446738 0.6191372 0.6476256 0.7045386 0.7154832 0.7459956 0.7566431 0.7306362 0.7228559 0.7559687 0.8142987 0.8896609 0.5648978 0.6661528 0.0000000 0.6149709 0.6564201 0.7136702 0.7338637 0.8470925 0.9139586 0.7030961 0.8437637 0.8667197 0.8612420 0.8108593 0.8366561 0.7920949 0.8598048 0.8554921 0.8373240 0.8530950 0.8703005 0.8243172 0.8270268 0.8327908 0.8440583 0.9072214 0.8575826 0.8644396 0.8839688 0.8884615 0.8807327 0.8819906 0.8644133 0.8760506 0.8918456 0.9082960 0.7951143 0.9049879 0.8824040 0.8775311 0.9038486 0.9257294 0.9289465 0.9089828 0.9107985 0.8001118 0.7690371 0.7339110 0.7143452 0.9460015 0.9124189 0.8916494 0.8976989 0.8637201 0.9176460 0.9335929 0.9492687 0.9252917 0.8816471 0.8794982 0.9142003 0.9356289 0.9679367 0.9830891 1.0173854 1.0009888 1.1085353 0.8234084 2.0497849 2.0911464 1.9674804 2.5986280 
G.NG.92.92NG083_JV10832.U88826         0.5203879 0.5282566 0.5083197 0.5440761 0.5495658 0.6157771 0.5591773 0.5938376 0.4990903 0.6207302 0.6035048 0.6536286 0.6061004 0.5933994 0.6269766 0.5810678 0.6077447 0.6113442 0.6482318 0.6868950 0.6886017 0.7095772 0.7363933 0.7062849 0.6959053 0.7285944 0.7913871 0.8605906 0.5586796 0.6828697 0.6149709 0.0000000 0.3417303 0.3869715 0.4006482 0.8466141 0.9157491 0.7233630 0.8555720 0.8615312 0.8386494 0.8557574 0.8152549 0.7891383 0.8332464 0.8244274 0.8548249 0.8557190 0.8617911 0.8317879 0.8024568 0.7929689 0.8604229 0.8863193 0.8449874 0.8809749 0.8781679 0.8538019 0.8693214 0.8467071 0.8574229 0.8490617 0.8720957 0.8887011 0.8107634 0.9122324 0.8962565 0.8641950 0.8787360 0.8908923 0.9210877 0.9247891 0.9336119 0.7984420 0.7377495 0.7265114 0.7130991 0.9536431 0.9016932 0.9233832 0.9274640 0.8658681 0.9335437 0.9470170 0.9354868 0.9243294 0.8775439 0.8938072 0.9281021 0.9535147 0.9919045 0.9555245 1.0150095 1.0233460 1.1467337 0.8460566 1.9576300 1.9894836 1.9286815 2.6561997 
G.NG.09.09NG010261.KX389626            0.5838176 0.5849748 0.5819611 0.6176000 0.6232026 0.6805950 0.6172602 0.6417483 0.5569309 0.6752128 0.6636947 0.7197843 0.6734448 0.6698478 0.7014326 0.6360904 0.6808331 0.6793446 0.7048008 0.7730949 0.7760791 0.7951580 0.8192538 0.7853400 0.7561361 0.7942894 0.8546935 0.9239500 0.6159851 0.7595934 0.6564201 0.3417303 0.0000000 0.4430031 0.4618284 0.9239867 0.9819362 0.7858753 0.9011254 0.9092726 0.8839052 0.8817152 0.8855083 0.8314529 0.8985615 0.8867828 0.8935262 0.9015236 0.8970451 0.8581425 0.8315830 0.8422493 0.8724535 0.9433908 0.8887657 0.9185150 0.9303452 0.9050852 0.9229915 0.9192800 0.9075994 0.9054499 0.9592380 0.9261986 0.8402935 0.9468724 0.9218679 0.9301678 0.9374761 0.9542951 0.9459538 0.9540759 0.9900652 0.8373498 0.7979270 0.7841510 0.7728686 0.9890972 0.9304093 0.9720109 0.9443144 0.8942519 0.9872027 0.9935835 0.9756459 0.9777040 0.9144204 0.9188921 0.9450318 0.9746561 1.0454311 0.9972176 1.0695393 1.0744354 1.2251453 0.8767732 2.0544838 2.1015845 2.0031283 2.6088221 
01F2G.CM.02.LT31.JN864056              0.6302504 0.6375227 0.6174641 0.6483417 0.6620201 0.7204463 0.6606606 0.6776683 0.6053992 0.7297068 0.7060887 0.7416278 0.6955808 0.6916668 0.7037716 0.6748499 0.7033646 0.6931910 0.7333129 0.7814223 0.7751350 0.8032878 0.8236366 0.7892111 0.7880810 0.8072313 0.8573036 0.9535472 0.6401900 0.7872876 0.7136702 0.3869715 0.4430031 0.0000000 0.3922960 0.9321573 1.0003651 0.8278285 0.9124897 0.9416203 0.9223751 0.9053058 0.9056378 0.8561349 0.9198774 0.9006420 0.8948851 0.9218324 0.9292683 0.8851984 0.8622175 0.8662395 0.9003203 0.9599295 0.9121066 0.9250833 0.9159780 0.9377549 0.9416974 0.9362820 0.9389162 0.9386533 0.9790127 0.9761156 0.8884702 0.9881359 0.9441780 0.9496069 0.9573324 0.9758617 0.9894233 0.9647267 1.0305491 0.8709170 0.8342891 0.8171654 0.8222577 0.9914849 1.0064103 0.9900264 0.9869294 0.9670549 1.0150868 1.0168100 1.0281984 1.0231280 0.9824031 0.9683464 1.0178839 1.0131596 1.0915129 1.0537034 1.1305320 1.1185286 1.2169882 0.9234347 2.1107378 2.1737182 2.0568778 2.7219033 
BCG.ES.15.100_119.KY496623             0.6468033 0.6389451 0.6291504 0.6534595 0.6683079 0.7310563 0.6633728 0.7037159 0.6031178 0.7506321 0.7279018 0.7781932 0.7435060 0.7204846 0.7342777 0.6992264 0.7312354 0.7226614 0.7492366 0.8377183 0.8422330 0.8708260 0.8748881 0.8523005 0.8292801 0.8598698 0.9234370 1.0009262 0.6572137 0.8158569 0.7338637 0.4006482 0.4618284 0.3922960 0.0000000 0.9802889 1.0176526 0.8642462 0.9653093 0.9744182 0.9644985 0.9518147 0.9425163 0.9008469 0.9414867 0.9566381 0.9368438 0.9650211 0.9603991 0.9456268 0.9251080 0.9277419 0.9518478 1.0048610 0.9496509 0.9966841 0.9772678 0.9869542 0.9996741 0.9851714 0.9947129 0.9889921 1.0208552 1.0121620 0.9305796 1.0290220 0.9867822 0.9739090 1.0044377 1.0132322 1.0388295 1.0486409 1.0635328 0.9177965 0.8596380 0.8290806 0.8437625 1.0543765 1.0234548 1.0231452 1.0195396 0.9749842 1.0572298 1.0496161 1.0590452 1.0423503 1.0049293 0.9982360 1.0402288 1.0471095 1.1077052 1.0570744 1.1234090 1.1696029 1.2794403 0.9613745 2.1038953 2.1316306 2.0010412 2.6973857 
0107.CN.15.HB041501.KY019257           0.7601186 0.7503428 0.7239162 0.7648172 0.7899787 0.8232031 0.7824182 0.7971994 0.7948651 0.6948717 0.6647348 0.7176075 0.6700465 0.6639538 0.7147295 0.6403353 0.5731111 0.6619505 0.7212290 0.4612399 0.4574859 0.4931638 0.5111785 0.4983156 0.4829118 0.4912111 0.5582478 0.6460360 0.7008131 0.7531974 0.8470925 0.8466141 0.9239867 0.9321573 0.9802889 0.0000000 0.4195968 0.9816052 1.0219619 1.0238957 1.0231360 1.0045718 0.9898683 0.9616860 1.0314021 0.9991652 1.0242742 1.0397423 1.0471435 0.9891288 0.9994892 0.9893052 1.0208665 1.0662162 1.0047867 1.0615667 1.0511393 1.0228307 1.0793689 1.0539642 1.0400955 1.0436748 1.0452279 1.0847828 1.0029767 1.0838751 1.0331375 1.0574418 1.0677773 1.1065163 1.0997419 1.0951071 1.1227892 0.9927280 0.9372214 0.9000438 0.9003164 0.9737797 0.9609930 0.9681822 0.9776100 0.9249251 0.9732566 0.9962352 0.9705212 0.9975088 0.9199124 0.9634520 0.9713955 1.0065347 1.0557755 1.0293759 1.0707781 1.0706299 1.2793646 1.0074255 2.2239284 2.2324121 2.2638496 2.7288850 
01BC.CN.14.BJ.2014.MSM.SP01.KP668994   0.8346986 0.8027897 0.8076241 0.8443127 0.8630789 0.8871115 0.8404226 0.8378682 0.8540767 0.7622580 0.7444515 0.8097635 0.7535589 0.7524298 0.7877472 0.7134905 0.6560030 0.7474743 0.8109746 0.5465570 0.5520413 0.5720337 0.5983332 0.5663383 0.5584680 0.5828001 0.6450324 0.7196581 0.7933000 0.8320615 0.9139586 0.9157491 0.9819362 1.0003651 1.0176526 0.4195968 0.0000000 1.0467044 1.0822033 1.0936597 1.0599599 1.0634808 1.0252682 1.0260809 1.0798120 1.0803318 1.0862459 1.1033535 1.0996571 1.0381697 1.0461782 1.0377762 1.0704056 1.1017006 1.0581459 1.1154827 1.1283976 1.0639369 1.1138562 1.0883493 1.0635037 1.1110988 1.1479472 1.1475162 1.0383294 1.1490057 1.0911198 1.1183020 1.1185348 1.1249971 1.1240689 1.1555154 1.1977337 1.0410377 0.9772688 0.9583665 0.9370629 1.0492917 1.0217213 1.0275592 1.0210840 0.9964380 1.0608212 1.0686248 1.0702047 1.0509819 1.0125176 1.0282992 1.0514585 1.0790279 1.1157764 1.1123684 1.1427097 1.1436332 1.3485082 1.0727094 2.2492474 2.2529805 2.2168049 2.8398810 
06_cpx.SN.97.97SE1078.AJ288981         0.5474213 0.5274464 0.5364381 0.5577629 0.5913425 0.6312789 0.6212197 0.6403849 0.6569095 0.7609727 0.7392549 0.8063046 0.7544018 0.7292473 0.7812940 0.6829295 0.7507180 0.7379683 0.7811777 0.8172396 0.8226686 0.8676948 0.8727651 0.8492764 0.8294383 0.8677306 0.9372687 1.0217049 0.6886651 0.7958358 0.7030961 0.7233630 0.7858753 0.8278285 0.8642462 0.9816052 1.0467044 0.0000000 0.9837622 0.9939930 0.9828623 0.9809531 0.9657584 0.9130195 0.9918338 0.9586251 0.9996349 0.9854906 1.0092216 0.9575916 0.9510645 0.9739465 0.9955043 1.0201875 0.9947227 1.0138880 1.0160090 0.9779628 1.0215165 1.0161895 1.0207723 1.0115131 1.0510454 1.0600312 0.9494301 1.0560553 1.0032629 0.9848723 1.0303086 1.0347145 1.0546155 1.0173414 1.0974573 0.9108823 0.8732118 0.8693495 0.8624125 1.0851578 1.0138219 1.0035205 0.9802008 0.9878867 1.0554121 1.0395696 1.0367096 1.0212974 0.9803234 0.9918885 1.0259396 1.0484453 1.1113724 1.0718817 1.1400485 1.1298348 1.2572099 0.9631611 2.0511119 2.1280099 2.0195057 2.7111965 
