100
F1.BR.10.DEMF110BR015.KU749395         0.0000000 1.1349003 1.2770793 1.2812456 1.1953035 1.2145567 1.1087668 1.1263953 1.1362331 1.1403768 1.1384491 1.1501048 1.0706326 1.0919120 1.0979440 1.1017140 1.0954891 1.0635575 1.1901562 0.9323302 0.9374524 0.9426192 0.9269213 0.9116202 0.9799500 0.9123570 0.9003002 0.9279960 0.9114614 0.8213057 0.8970990 0.9295771 0.8747773 0.9079740 0.8778860 0.8842075 0.9294239 0.8812180 0.9562670 0.8461688 0.9048937 0.9140519 0.8542862 0.9196558 0.8896179 0.8997065 0.9003319 0.8662487 0.8859897 0.8935527 0.8599932 0.8709471 0.8818683 0.8256988 0.7347388 0.8226754 0.7771046 0.7452336 0.9328992 0.9593265 0.8504036 0.8911602 0.9405493 1.1076993 1.0762113 0.8450649 0.7874291 0.7906109 0.7880164 0.8669491 0.8083651 0.7457727 0.7940496 0.7560099 0.7678426 0.8835936 0.7237848 0.8615718 0.8096664 0.7738031 0.8686723 0.8349377 0.8192146 0.8118810 0.8507844 0.7716345 0.8249734 1.0879814 1.0074600 0.9257248 0.9105422 0.9391542 0.9375399 0.9375829 0.8998151 0.9223252 2.8969855 2.2367994 2.1603234 2.2319066 
A1C.IN.15.SC017.KY713232               1.1349003 0.0000000 0.7866566 0.7906825 0.6940016 0.7289713 0.6406990 0.6410192 0.6836666 0.6759926 0.6625378 0.6815689 0.5890866 0.6365859 0.6215749 0.6376427 0.6490274 0.5932886 1.4590412 1.2208054 1.2061038 1.2168683 1.1896878 1.1758602 1.2873296 1.1859487 1.1758705 1.1716615 1.1914640 1.1354552 1.1749255 1.1988751 1.1569177 1.1399141 1.1468313 1.1442518 1.2325461 1.1333170 1.1870955 1.1325736 1.2223222 1.1973214 1.1311998 1.1989079 1.1508695 1.1748819 1.1593633 1.1511727 1.1626095 1.1845367 1.1417124 1.1634168 1.1771116 1.1286992 1.0113984 1.0744293 1.0522353 0.9742554 1.0308540 1.0669840 0.9280925 1.0308831 1.0224596 1.0713807 1.0121787 0.9777246 0.8851835 0.8893540 0.8677928 0.9546276 0.9060677 0.8320601 0.8904011 0.8545040 0.8601256 0.6122201 0.7992578 0.7265132 0.7656135 0.7320359 0.7571648 0.7429016 0.7216478 0.7216395 0.7537183 0.6897638 0.7764418 1.0487527 0.9363022 0.8876024 0.8852874 0.9091156 0.8732638 0.8858591 0.8572259 0.8661722 3.0341427 2.2910733 2.1715245 2.2634291 
BC.CN.07.07CNYN340.KF835526            1.2770793 0.7866566 0.0000000 0.4032953 0.6339790 0.5599975 0.5713589 0.5053861 0.5240655 0.5204149 0.5207759 0.5234209 0.4775891 0.4721820 0.5267163 0.5559903 0.5709240 0.5194653 1.5888770 1.3674982 1.3291635 1.3517834 1.3105609 1.2708715 1.3479609 1.2871510 1.2921487 1.3054484 1.3262721 1.2099779 1.2648895 1.2950398 1.2759507 1.2606291 1.2842664 1.2456686 1.3124976 1.2750006 1.3163836 1.2598145 1.3134548 1.2743655 1.2194510 1.2996825 1.2567087 1.2587987 1.2540472 1.2502183 1.3067169 1.2920309 1.2283488 1.2486951 1.2519812 1.1829933 1.1264431 1.2001124 1.1745560 1.1094236 1.1350733 1.1330122 1.0435541 1.1254239 1.1597359 1.2060459 1.1652082 1.0957980 0.9951564 1.0369717 0.9923209 1.0691487 1.0277930 0.9467375 1.0028189 1.0034236 0.9903418 0.7436195 0.8979291 0.8532945 0.8990725 0.8436222 0.8921626 0.8532916 0.8581943 0.8328958 0.8866351 0.8285455 0.8951861 1.1771797 1.0807709 1.0036287 1.0005319 1.0153981 0.9870704 0.9963205 0.9599746 0.9879201 3.0917106 2.4495210 2.3769379 2.5090613 
85_BC.CN.14.14CN_SCYB4.KU992932        1.2812456 0.7906825 0.4032953 0.0000000 0.6064393 0.5262873 0.5429742 0.4738389 0.5162804 0.4963792 0.5059735 0.4937636 0.4528899 0.4536365 0.5020051 0.5334436 0.5243947 0.4810592 1.5798004 1.2963564 1.2938746 1.3063847 1.3061199 1.2609323 1.3516797 1.2652922 1.2498806 1.2629724 1.3048785 1.2079951 1.2679923 1.2765508 1.2567164 1.2378394 1.2411619 1.2370449 1.2752239 1.2386702 1.2857789 1.2427477 1.3130103 1.3023773 1.2155721 1.2538202 1.2478366 1.2634597 1.1985927 1.2231082 1.2847016 1.2270825 1.2120286 1.2300641 1.2525137 1.1843187 1.1248874 1.2135543 1.1981562 1.1088642 1.1435773 1.1529198 1.0634109 1.1285850 1.1647078 1.2159123 1.1217526 1.0738758 0.9747291 1.0124475 0.9984471 1.0500318 1.0045716 0.9256310 1.0014056 0.9797327 0.9639367 0.7409431 0.9043328 0.8456820 0.8759746 0.8359572 0.8449194 0.8292917 0.8405870 0.8249472 0.8611111 0.7982315 0.8884182 1.1668435 1.0900864 1.0106858 1.0005994 0.9964591 0.9765784 1.0009114 0.9620535 0.9941404 3.1130338 2.4220179 2.3485427 2.4697534 
C.SE.09.035ZA.MF373148                 1.1953035 0.6940016 0.6339790 0.6064393 0.0000000 0.5909567 0.4464305 0.4952739 0.5243892 0.5039904 0.4930887 0.5041416 0.4442239 0.4785413 0.4576768 0.4841918 0.4935482 0.4501765 1.4544296 1.3042918 1.2435898 1.2495211 1.2809786 1.2548097 1.3027760 1.2286688 1.2250559 1.2310256 1.2511170 1.2062200 1.2244696 1.2606705 1.2042657 1.2006630 1.2187603 1.1928851 1.2800532 1.1865477 1.2650578 1.1904138 1.2652388 1.2603816 1.1755382 1.2140321 1.1924039 1.2360242 1.1985411 1.1771876 1.2151023 1.2307962 1.1783716 1.1877296 1.2153797 1.1525644 1.0650246 1.1184281 1.0949241 1.0367820 1.0614659 1.0613195 0.9735568 1.0604853 1.0730715 1.1162181 1.0412058 1.0381709 0.8889062 0.9367277 0.9032322 0.9748780 0.9056492 0.8498460 0.9158188 0.9002264 0.8921091 0.6647908 0.8102958 0.7856993 0.8057181 0.7712886 0.7809969 0.7743923 0.7575041 0.7527923 0.7903390 0.7622474 0.8129944 1.0830324 0.9892069 0.9150473 0.9261280 0.9247844 0.9170884 0.9210622 0.8895217 0.9067749 3.0224292 2.3431869 2.3207888 2.4125456 
C.GB.14.13659_1_48.3.MF109437          1.2145567 0.7289713 0.5599975 0.5262873 0.5909567 0.0000000 0.5169024 0.4565248 0.4931211 0.4616817 0.4587340 0.4746994 0.4075415 0.4260635 0.4696374 0.4958363 0.5017094 0.4672685 1.5376454 1.2988352 1.2628462 1.2943565 1.2686087 1.2536252 1.3167875 1.2551604 1.2408571 1.2486996 1.2536686 1.2139936 1.1967615 1.2652658 1.1985412 1.2330961 1.2209963 1.1984937 1.2627912 1.1989676 1.2760688 1.1717472 1.2508297 1.2678465 1.1769387 1.2359022 1.2325138 1.2193454 1.2134870 1.1855889 1.2466523 1.2212346 1.1791701 1.2082442 1.2030670 1.1470070 1.0678893 1.1531122 1.1158945 1.0607687 1.0647177 1.0758362 0.9618815 1.0604007 1.0720717 1.1490183 1.0673527 1.0132175 0.9267346 0.9338386 0.9126527 1.0132380 0.9506271 0.8628114 0.9163227 0.9056004 0.9034503 0.6827729 0.8468739 0.7844742 0.8484108 0.7864001 0.8310165 0.7932604 0.7931743 0.7710574 0.8276168 0.7619530 0.8613592 1.1146651 1.0245026 0.9445800 0.9282279 0.9461096 0.9439901 0.9335128 0.9115012 0.9240051 3.0448858 2.3818285 2.3487723 2.3469155 
C.IL.99.99ET14.AY255825                1.1087668 0.6406990 0.5713589 0.5429742 0.4464305 0.5169024 0.0000000 0.4188040 0.4635852 0.4408070 0.4384269 0.4444021 0.3726178 0.3938224 0.3904352 0.4198377 0.4169517 0.3773257 1.4311162 1.2103158 1.1891028 1.2017150 1.1935644 1.1826872 1.2460921 1.1573085 1.1486352 1.1621874 1.1614012 1.1052084 1.1232347 1.1438925 1.1212148 1.1380924 1.1596751 1.1486600 1.1781528 1.0936832 1.1835916 1.1243112 1.1818771 1.1541566 1.1022489 1.1687896 1.1179454 1.1666738 1.1047926 1.0981747 1.1498332 1.1329967 1.1059565 1.1443392 1.1351671 1.0781668 0.9969141 1.0670381 1.0480391 0.9374612 1.0003972 0.9765748 0.8993468 0.9583623 1.0056396 1.0416152 0.9741387 0.9234105 0.8245364 0.8413530 0.8326314 0.9147328 0.8390026 0.7840098 0.8440163 0.8131885 0.8055368 0.5813776 0.7644470 0.6993221 0.7351771 0.6981390 0.7139033 0.7153493 0.6774726 0.6773708 0.7296101 0.6791975 0.7385779 1.0260799 0.9251334 0.8510486 0.8445529 0.8551841 0.8395389 0.8413724 0.8161710 0.8443266 2.9137813 2.2664559 2.2558434 2.3115520 
C.ZA.04.04ZASK135B1.DQ011166           1.1263953 0.6410192 0.5053861 0.4738389 0.4952739 0.4565248 0.4188040 0.0000000 0.3384088 0.3180158 0.3666302 0.3808619 0.3349203 0.3389920 0.3872025 0.4149441 0.4152758 0.3675791 1.4118407 1.1937407 1.1489090 1.2237765 1.2010279 1.1669217 1.2147809 1.1753976 1.1790868 1.1916261 1.1641247 1.0926577 1.1451353 1.1613027 1.1162180 1.1569424 1.1336692 1.1263196 1.1949107 1.1018137 1.1999164 1.1289228 1.1849184 1.2013160 1.1171362 1.1494740 1.1267358 1.1649352 1.1034086 1.0924918 1.1524378 1.1325176 1.1052366 1.1335927 1.1191314 1.0629375 0.9910762 1.0878621 1.0447027 0.9619558 1.0207359 1.0232997 0.9247854 0.9999608 1.0005023 1.0686583 1.0026807 0.9409330 0.8496779 0.8650922 0.8401291 0.9188054 0.8621729 0.7868626 0.8485770 0.8356776 0.8123786 0.6297195 0.7867355 0.7245678 0.7583078 0.7157574 0.7504898 0.7168478 0.7195236 0.6850027 0.7481164 0.6820040 0.7669029 1.0373110 0.9381221 0.8626944 0.8527092 0.8756833 0.8684173 0.8589435 0.8396611 0.8587780 3.0348304 2.2423543 2.1971030 2.3066543 
C.ZA.97.97ZA012.AF286227               1.1362331 0.6836666 0.5240655 0.5162804 0.5243892 0.4931211 0.4635852 0.3384088 0.0000000 0.2821442 0.3887006 0.4062131 0.3652658 0.3689734 0.4062237 0.4478131 0.4481954 0.4107154 1.4797501 1.2440718 1.2278255 1.2381889 1.2341929 1.1868903 1.2573419 1.2216084 1.2206512 1.2145043 1.2055901 1.1652850 1.1859581 1.1900122 1.1489963 1.1998236 1.1977186 1.1662324 1.2153445 1.1556836 1.2450102 1.1576247 1.1930393 1.2086695 1.1190339 1.1976564 1.1868182 1.1993575 1.1703700 1.1346819 1.1774066 1.1772221 1.1466478 1.1543831 1.1912316 1.1039538 1.0022263 1.0942644 1.0506467 0.9548682 1.0656674 1.0432436 0.9630544 1.0284938 1.0489679 1.1033467 1.0250454 0.9879331 0.8789807 0.9166353 0.8856902 0.9460385 0.8764316 0.8258804 0.8850412 0.8616480 0.8563916 0.6434155 0.8016368 0.7443510 0.7834701 0.7401664 0.7692456 0.7415368 0.7324628 0.7056012 0.7593483 0.7024522 0.7866242 1.0953261 0.9802040 0.9073381 0.8917839 0.8933999 0.8889291 0.8880552 0.8822413 0.8994075 3.0254337 2.3921029 2.2612279 2.3895302 
C.ZA.03.03ZAPS130MB1.DQ275658          1.1403768 0.6759926 0.5204149 0.4963792 0.5039904 0.4616817 0.4408070 0.3180158 0.2821442 0.0000000 0.3745507 0.3900631 0.3430329 0.3399887 0.3958669 0.4205855 0.4235632 0.3838215 1.4666622 1.2514599 1.2082724 1.2360998 1.2362040 1.1767267 1.2366235 1.1919815 1.1700883 1.1937140 1.1874882 1.1350904 1.1985978 1.1882584 1.1579745 1.1756818 1.1594579 1.1621513 1.2112170 1.1438431 1.2111768 1.1527471 1.2113846 1.1733212 1.1384953 1.1780759 1.1755565 1.1686866 1.1388923 1.1096626 1.1508800 1.1770469 1.1401397 1.1607038 1.1570061 1.0899239 1.0152559 1.0740565 1.0385392 0.9823626 1.0215944 1.0174360 0.9421832 1.0261130 1.0083288 1.0970866 0.9996766 0.9700153 0.8644068 0.8949965 0.8455755 0.9493507 0.8951019 0.8164065 0.8747294 0.8708788 0.8325338 0.6378383 0.7815686 0.7359319 0.7739680 0.7348021 0.7609906 0.7192234 0.7154777 0.6949412 0.7600440 0.7107031 0.7674692 1.0448081 0.9589294 0.8755792 0.8854143 0.8971577 0.8639791 0.8614016 0.8534738 0.8688415 3.0298563 2.3193579 2.2684859 2.3797483 
C.BW.98.98BWMC14A3.AF443078            1.1384491 0.6625378 0.5207759 0.5059735 0.4930887 0.4587340 0.4384269 0.3666302 0.3887006 0.3745507 0.0000000 0.3818060 0.3408291 0.3396851 0.3965410 0.4240234 0.4198994 0.3837037 1.4604290 1.2408228 1.2159562 1.2616966 1.2161289 1.2275194 1.2789266 1.2120059 1.1908172 1.2144705 1.2341095 1.1747762 1.1977913 1.2288637 1.1757012 1.2117949 1.1780169 1.1670026 1.2433018 1.1595828 1.2368929 1.1822312 1.2335180 1.1927522 1.1407926 1.2240738 1.2038176 1.2273382 1.1665147 1.1741001 1.2150799 1.1886582 1.1697555 1.1766948 1.1958475 1.1413930 1.0280654 1.0870483 1.0579786 1.0206736 1.0284899 1.0597395 0.9443221 1.0388287 1.0150133 1.0614846 1.0125756 0.9750237 0.8715432 0.8982579 0.8826700 0.9414921 0.8812533 0.8294462 0.8813768 0.8483926 0.8363550 0.6361252 0.7943555 0.7503897 0.7818964 0.7515259 0.7565709 0.7326741 0.7197405 0.7094132 0.7397008 0.7001481 0.7907249 1.0465919 0.9835826 0.9206355 0.8980316 0.9373475 0.8964420 0.8873738 0.8687495 0.8814321 2.8700952 2.2340392 2.2458818 2.3275818 
C.ZA.02.02ZAPS015MB1.DQ369995          1.1501048 0.6815689 0.5234209 0.4937636 0.5041416 0.4746994 0.4444021 0.3808619 0.4062131 0.3900631 0.3818060 0.0000000 0.3560661 0.3043709 0.4080382 0.4440246 0.4245360 0.3925259 1.4714152 1.2296049 1.2034912 1.2352070 1.2063671 1.1630110 1.2554499 1.1650019 1.1601836 1.1825975 1.2050543 1.1165533 1.1750748 1.1882124 1.1281620 1.1483742 1.1556098 1.1684035 1.2164271 1.1325957 1.2031222 1.1449454 1.1881045 1.1826214 1.1213464 1.1837663 1.1368017 1.1703800 1.1476712 1.1204550 1.1593775 1.1713717 1.1164081 1.1471006 1.1623668 1.1000373 1.0070586 1.0871401 1.0610400 0.9780893 1.0382308 1.0562215 0.9508385 1.0214787 1.0439714 1.0765458 1.0091306 0.9918351 0.8771022 0.8938305 0.8544045 0.9710613 0.8856856 0.8337483 0.8988033 0.8648893 0.8690004 0.6346096 0.8148797 0.7508152 0.7915181 0.7278830 0.7679187 0.7273324 0.7314157 0.7174771 0.7669863 0.7012061 0.7797793 1.0389443 0.9568646 0.8902555 0.8707103 0.8884960 0.8781547 0.8850989 0.8434629 0.8550360 3.0362610 2.2499340 2.3277132 2.3913949 
C.BW.00.00BW076820.AF443089            1.0706326 0.5890866 0.4775891 0.4528899 0.4442239 0.4075415 0.3726178 0.3349203 0.3652658 0.3430329 0.3408291 0.3560661 0.0000000 0.2992739 0.3422332 0.3617098 0.3664262 0.3255574 1.3889598 1.1612455 1.1306437 1.1626659 1.1192410 1.1284578 1.1819450 1.1128454 1.1198067 1.1119565 1.1534025 1.0764579 1.0951406 1.1063047 1.0811095 1.1097303 1.0911492 1.0775797 1.1628214 1.0733817 1.1510455 1.0743247 1.1341191 1.1015387 1.0648551 1.1035065 1.0824692 1.0927300 1.0580252 1.0553722 1.1035046 1.0897735 1.0439450 1.0894245 1.0949562 1.0231790 0.9528244 1.0189872 1.0164191 0.9015801 0.9857238 0.9728640 0.8787086 0.9465285 0.9509902 1.0396006 0.9528901 0.9155547 0.8035739 0.8357549 0.7978361 0.8887805 0.8372447 0.7567113 0.8161661 0.7850412 0.7734518 0.5719701 0.7393573 0.6839551 0.7216143 0.6737520 0.6901100 0.6753989 0.6688308 0.6537680 0.6975155 0.6505803 0.7169168 1.0004731 0.9090200 0.8427510 0.8192889 0.8566658 0.8368562 0.8321084 0.7819684 0.8276012 2.9021497 2.1987635 2.2148908 2.2445460 
C.ZA.99.99ZALT4.EU293444               1.0919120 0.6365859 0.4721820 0.4536365 0.4785413 0.4260635 0.3938224 0.3389920 0.3689734 0.3399887 0.3396851 0.3043709 0.2992739 0.0000000 0.3477734 0.3901864 0.3900423 0.3429887 1.4255785 1.1929544 1.1428693 1.1755317 1.1546995 1.1276347 1.2214271 1.1608558 1.1312245 1.1402791 1.1447681 1.0804483 1.1427016 1.1310910 1.0922579 1.0861186 1.0960685 1.0882648 1.1682882 1.0914969 1.1613051 1.0888551 1.1721500 1.1654946 1.0741118 1.1471837 1.0942469 1.1382530 1.1100490 1.0710833 1.1535259 1.1372731 1.0709706 1.0974396 1.1075219 1.0488776 0.9884603 1.0454356 1.0071818 0.9153580 0.9840073 0.9688741 0.8904477 0.9771098 0.9877530 1.0379719 0.9644111 0.9403629 0.8199054 0.8561727 0.8167337 0.9303153 0.8648453 0.7873561 0.8517098 0.8293021 0.8086081 0.5980776 0.7554929 0.7069033 0.7274178 0.6830504 0.7115085 0.6890906 0.6978339 0.6594568 0.7214169 0.6547921 0.7355603 0.9968548 0.9275655 0.8639545 0.8618383 0.8628770 0.8442570 0.8550820 0.8040790 0.8404440 2.8973792 2.2132367 2.2194848 2.3185343 
C.ZA.03.03ZAPS067MB2.DQ396389          1.0979440 0.6215749 0.5267163 0.5020051 0.4576768 0.4696374 0.3904352 0.3872025 0.4062237 0.3958669 0.3965410 0.4080382 0.3422332 0.3477734 0.0000000 0.3407997 0.3408978 0.3097015 1.3915468 1.1716422 1.1557502 1.1452420 1.1453860 1.1160531 1.2042844 1.1194066 1.1078695 1.1161025 1.1500006 1.1033223 1.1122227 1.1305998 1.0958027 1.1178073 1.1041138 1.0887340 1.1224524 1.0817830 1.1633983 1.0894446 1.1525292 1.1543523 1.0741207 1.1390441 1.0919679 1.1209893 1.0774585 1.0815427 1.1096986 1.1010742 1.0774080 1.1077804 1.0945874 1.0481972 0.9737311 1.0221929 1.0218780 0.9280905 0.9909947 0.9658111 0.8882837 0.9690492 0.9889396 1.0417998 0.9651725 0.9203552 0.8044079 0.8387581 0.8237774 0.8964733 0.8573518 0.7843462 0.8264858 0.7981994 0.7996962 0.6024213 0.7482680 0.7107431 0.7422420 0.6903102 0.6975756 0.6858542 0.6761741 0.6706814 0.7205635 0.6754387 0.7393991 1.0194712 0.9122400 0.8654227 0.8525818 0.8718230 0.8595087 0.8506213 0.8217983 0.8621686 2.9424853 2.2035304 2.2136465 2.2834857 
C.ZA.04.04ZASK170B1.DQ093595           1.1017140 0.6376427 0.5559903 0.5334436 0.4841918 0.4958363 0.4198377 0.4149441 0.4478131 0.4205855 0.4240234 0.4440246 0.3617098 0.3901864 0.3407997 0.0000000 0.3442671 0.2976705 1.4048015 1.2028322 1.1687015 1.1882530 1.1740668 1.1608104 1.2527228 1.1346516 1.1375476 1.1490079 1.1817826 1.0967837 1.1278702 1.1465112 1.1153086 1.1392210 1.1185095 1.1295644 1.1690825 1.1057009 1.1655515 1.1223149 1.1761661 1.1651082 1.0861439 1.1638653 1.1125004 1.1532601 1.1312315 1.0969182 1.1502677 1.1397331 1.0676756 1.1065720 1.1143560 1.0722998 0.9842853 1.0456062 1.0013331 0.9389932 0.9944251 0.9930508 0.9045268 0.9707300 1.0065997 1.0339404 0.9911903 0.9304748 0.8430046 0.8496176 0.8269151 0.9316534 0.8537330 0.7970512 0.8514673 0.8246297 0.8238778 0.6211196 0.7555356 0.7033521 0.7427414 0.7010933 0.7458273 0.6917529 0.7049223 0.6768012 0.7361786 0.6885531 0.7595212 1.0302866 0.9332918 0.8617153 0.8417670 0.8680281 0.8585290 0.8525855 0.8225589 0.8605863 2.9288185 2.2493156 2.2309845 2.3200437 
C.TZ.02.CO6721.AY734560                1.0954891 0.6490274 0.5709240 0.5243947 0.4935482 0.5017094 0.4169517 0.4152758 0.4481954 0.4235632 0.4198994 0.4245360 0.3664262 0.3900423 0.3408978 0.3442671 0.0000000 0.2471458 1.4476701 1.1886426 1.1857335 1.1912307 1.1689551 1.1705907 1.2101906 1.1279737 1.1207640 1.1407186 1.1728051 1.0872511 1.1262124 1.1506094 1.1296527 1.1374648 1.1392745 1.1420606 1.1612822 1.0950282 1.1853395 1.1120911 1.1696994 1.1586811 1.0858391 1.1487420 1.1044586 1.1254831 1.0908744 1.1020100 1.1395280 1.1160685 1.0860716 1.1017657 1.1066299 1.0700400 0.9627814 1.0533288 1.0211961 0.9344982 1.0101229 0.9916630 0.9090302 0.9461525 0.9869947 1.0441520 0.9789323 0.9474101 0.8366728 0.8511106 0.8233328 0.9258491 0.8515001 0.8085301 0.8477655 0.8316921 0.8142236 0.6186527 0.7559282 0.7113168 0.7593441 0.7114120 0.7381512 0.7112427 0.7216247 0.6901648 0.7558371 0.6951880 0.7623079 1.0223716 0.9595078 0.8714241 0.8553494 0.8629823 0.8551490 0.8719246 0.8363296 0.8595070 3.0356713 2.2573878 2.2594295 2.2978483 
C.TZ.01.BD39_8.AY253313                1.0635575 0.5932886 0.5194653 0.4810592 0.4501765 0.4672685 0.3773257 0.3675791 0.4107154 0.3838215 0.3837037 0.3925259 0.3255574 0.3429887 0.3097015 0.2976705 0.2471458 0.0000000 1.3992771 1.1399234 1.1175605 1.1578195 1.1358694 1.0910287 1.1695107 1.1005922 1.0955965 1.1037276 1.1383332 1.0484883 1.0973775 1.1143528 1.0637370 1.0929408 1.0900100 1.0934931 1.1321015 1.0746123 1.1380828 1.0685327 1.1305365 1.0964486 1.0455882 1.1094367 1.0799707 1.0937934 1.0622123 1.0588863 1.1344319 1.1141752 1.0479834 1.0619339 1.0564870 1.0279020 0.9438415 1.0107748 0.9812690 0.8936677 0.9582654 0.9598116 0.8947939 0.9520844 0.9571679 1.0054190 0.9319318 0.9088078 0.8136002 0.8142667 0.8204578 0.8823920 0.8282360 0.7683148 0.8096895 0.7934197 0.7939229 0.5556295 0.7329192 0.6755548 0.7238475 0.6612073 0.7077005 0.6787433 0.6612524 0.6603370 0.7040215 0.6470029 0.7105675 0.9846116 0.9121315 0.8189863 0.8130929 0.8394337 0.8083289 0.8218684 0.7838200 0.8175874 2.9407760 2.2313852 2.1758536 2.3090062 
BF1.BR.10.10BR_RJ029.KT427782          1.1901562 1.4590412 1.5888770 1.5798004 1.4544296 1.5376454 1.4311162 1.4118407 1.4797501 1.4666622 1.4604290 1.4714152 1.3889598 1.4255785 1.3915468 1.4048015 1.4476701 1.3992771 0.0000000 0.7436286 0.6626233 0.6512774 0.7187664 0.6489119 0.7665894 0.7190171 0.7231099 0.7198257 0.6054632 0.6835489 0.6824633 0.6893298 0.5855994 0.6715084 0.6729994 0.6685968 0.7369715 0.6252807 0.7347311 0.6198724 0.7329747 0.7392448 0.6431625 0.7160089 0.6713131 0.7035059 0.7085996 0.6771149 0.6801772 0.6873397 0.6630983 0.6812316 0.6708017 0.6310768 0.8603574 0.9047368 0.8524963 1.0743417 1.2417592 1.2852010 1.2008713 1.2199633 1.2553252 1.4017992 1.3631683 1.2006966 1.0980791 1.1152461 1.0763369 1.1888607 1.1235112 1.0413845 1.0812323 1.0404255 1.0712789 1.2375037 1.0537736 1.1716591 1.1379094 1.1237594 1.1810238 1.1656118 1.1540118 1.1396291 1.1584934 1.1187745 1.1202508 1.4342780 1.3420569 1.2811143 1.2367560 1.3157943 1.2744426 1.2659183 1.2205590 1.2488681 3.3600306 2.5397891 2.5829493 2.6030061 
51_01B.MY.11.11MYKL055.KJ485697        0.9323302 1.2208054 1.3674982 1.2963564 1.3042918 1.2988352 1.2103158 1.1937407 1.2440718 1.2514599 1.2408228 1.2296049 1.1612455 1.1929544 1.1716422 1.2028322 1.1886426 1.1399234 0.7436286 0.0000000 0.4916413 0.5123457 0.4848618 0.4794080 0.4823791 0.4935506 0.4818706 0.4764476 0.4945451 0.4752745 0.4688080 0.4646302 0.4592380 0.4542807 0.4490672 0.4529723 0.4855866 0.4290802 0.4623575 0.4349659 0.4682902 0.4646123 0.4220109 0.4536211 0.4291122 0.4415351 0.4399261 0.4062777 0.4286874 0.4296507 0.4096034 0.4208897 0.4215823 0.3716531 0.6207177 0.6562645 0.6214978 0.8507198 1.0760332 1.0238584 0.9757767 1.0220549 1.0393159 1.2523745 1.1742714 0.9878290 0.8799704 0.8981690 0.8579612 0.9789602 0.8904941 0.8304259 0.8846948 0.8725880 0.8794395 0.9771415 0.8291761 0.9526553 0.9120767 0.8650683 0.9660827 0.9416587 0.9597612 0.9133475 0.9554960 0.9044739 0.9175866 1.2090228 1.1388240 1.0649373 1.0252546 1.0581801 1.0732421 1.0504766 1.0060688 1.0375479 2.9744967 2.2943407 2.3461336 2.3701187 
B.GB.14.14667_1_16.3.MF109578          0.9374524 1.2061038 1.3291635 1.2938746 1.2435898 1.2628462 1.1891028 1.1489090 1.2278255 1.2082724 1.2159562 1.2034912 1.1306437 1.1428693 1.1557502 1.1687015 1.1857335 1.1175605 0.6626233 0.4916413 0.0000000 0.4294948 0.4765275 0.3952688 0.5029852 0.4743704 0.4598533 0.4517768 0.4021022 0.4312700 0.4405917 0.4391868 0.3700032 0.4377179 0.4247258 0.4257692 0.4869174 0.3803711 0.4696150 0.3737695 0.4733694 0.4556970 0.3753393 0.4474625 0.4364919 0.4460132 0.4412870 0.4217092 0.4264206 0.4240706 0.4097119 0.4293006 0.4197593 0.3742728 0.6042958 0.6249127 0.5868747 0.8185082 1.0519154 1.0166777 0.9504686 0.9827593 1.0232833 1.2392168 1.1488815 0.9276873 0.8734070 0.8762761 0.8290537 0.9361573 0.8825733 0.8137739 0.8600878 0.8332802 0.8553045 0.9413236 0.8034064 0.9350771 0.8977354 0.8652428 0.9776935 0.9404525 0.9270883 0.8770352 0.9197027 0.8791051 0.9040315 1.1964755 1.1000686 1.0396717 1.0154975 1.0344893 1.0191601 1.0286187 0.9833686 1.0144223 2.9705923 2.3014469 2.2964500 2.3753214 
BF1.BR.10.10BR_MG052.KT427668          0.9426192 1.2168683 1.3517834 1.3063847 1.2495211 1.2943565 1.2017150 1.2237765 1.2381889 1.2360998 1.2616966 1.2352070 1.1626659 1.1755317 1.1452420 1.1882530 1.1912307 1.1578195 0.6512774 0.5123457 0.4294948 0.0000000 0.4930911 0.4158878 0.5219090 0.4888107 0.4785003 0.4760330 0.3812728 0.4671245 0.4581368 0.4638772 0.3643971 0.4660476 0.4557482 0.4496729 0.5103489 0.3916832 0.4863872 0.3898649 0.4803005 0.4776181 0.3892827 0.4685343 0.4527341 0.4744650 0.4644633 0.4289046 0.4467763 0.4406755 0.4383748 0.4354375 0.4414428 0.3924634 0.6093818 0.6562178 0.6015208 0.8212607 1.0812727 1.0603349 0.9833391 0.9941700 1.0206426 1.2063905 1.1299932 0.9543840 0.8711278 0.8888672 0.8570321 0.9695006 0.8824611 0.8484945 0.8865075 0.8510292 0.8765146 0.9591689 0.8254026 0.9436156 0.9190231 0.8725881 0.9483073 0.9475260 0.9264890 0.9002434 0.9455598 0.9039427 0.9053387 1.1978237 1.1183268 1.0395666 1.0529547 1.0513378 1.0464950 1.0213457 0.9951570 1.0350273 2.8659811 2.2937071 2.3008020 2.3262088 
B.JP.11.NMC851C_clone_13.AB731669      0.9269213 1.1896878 1.3105609 1.3061199 1.2809786 1.2686087 1.1935644 1.2010279 1.2341929 1.2362040 1.2161289 1.2063671 1.1192410 1.1546995 1.1453860 1.1740668 1.1689551 1.1358694 0.7187664 0.4848618 0.4765275 0.4930911 0.0000000 0.4694619 0.5011383 0.4547636 0.4411624 0.4452079 0.4787849 0.4387272 0.4288056 0.4453711 0.4310520 0.4261825 0.4248386 0.4304623 0.4696041 0.4144899 0.4640492 0.4053484 0.4524674 0.4414053 0.3974468 0.4362623 0.4136655 0.4249589 0.4200834 0.4024109 0.4200781 0.4170224 0.3945285 0.4135880 0.3960696 0.3580033 0.6080039 0.6339662 0.5936439 0.8146284 1.0248769 1.0250939 0.9374848 0.9586787 0.9973239 1.1862606 1.1335516 0.9235999 0.8400258 0.8616905 0.8103069 0.9516872 0.8649338 0.8046224 0.8619569 0.8450668 0.8403325 0.9435904 0.8139062 0.9087496 0.8927733 0.8789737 0.9122298 0.9344348 0.9094262 0.8704173 0.9157327 0.8820889 0.8920830 1.1884788 1.0964463 1.0424342 0.9927136 1.0237641 1.0089290 1.0062640 0.9443640 1.0114828 3.0910552 2.3549562 2.3495863 2.3698301 
B.BR.10.10BR_PE013.KT427743            0.9116202 1.1758602 1.2708715 1.2609323 1.2548097 1.2536252 1.1826872 1.1669217 1.1868903 1.1767267 1.2275194 1.1630110 1.1284578 1.1276347 1.1160531 1.1608104 1.1705907 1.0910287 0.6489119 0.4794080 0.3952688 0.4158878 0.4694619 0.0000000 0.4972216 0.4596710 0.4426927 0.4393315 0.3982856 0.4221969 0.4271402 0.4367166 0.3560991 0.4327232 0.4191773 0.4091445 0.4626850 0.3619570 0.4562344 0.3609118 0.4580630 0.4440157 0.3724470 0.4328333 0.4247180 0.4434135 0.4345961 0.4066526 0.4196464 0.4204844 0.3902430 0.4206704 0.4002132 0.3608952 0.5883619 0.6093746 0.5702641 0.8003295 1.0330063 1.0183102 0.9361568 0.9618432 0.9872912 1.1734819 1.1055945 0.9270632 0.8591619 0.8467624 0.8120955 0.9496796 0.8690314 0.8118360 0.8571781 0.8216181 0.8543761 0.9424021 0.8043119 0.9125291 0.8631803 0.8296015 0.9187328 0.8874540 0.8898319 0.8704103 0.8887163 0.8541002 0.8744388 1.1958447 1.0891435 1.0248274 0.9942503 1.0177258 1.0006545 1.0306451 0.9727383 1.0149718 2.9248966 2.2766936 2.2343925 2.3315767 
B.US.15.2521.KX505446                  0.9799500 1.2873296 1.3479609 1.3516797 1.3027760 1.3167875 1.2460921 1.2147809 1.2573419 1.2366235 1.2789266 1.2554499 1.1819450 1.2214271 1.2042844 1.2527228 1.2101906 1.1695107 0.7665894 0.4823791 0.5029852 0.5219090 0.5011383 0.4972216 0.0000000 0.4924382 0.4866812 0.4808133 0.5158764 0.4717288 0.4671181 0.4776807 0.4620238 0.4740569 0.4685278 0.4693056 0.4461225 0.4526248 0.4429130 0.4402186 0.4267485 0.4255084 0.4365414 0.4216625 0.4020788 0.4184496 0.4071495 0.3870248 0.4141474 0.4003514 0.3908086 0.4070249 0.3830126 0.3492921 0.6525429 0.6593955 0.6448311 0.8515265 1.0844078 1.0560143 0.9920117 1.0178983 1.0604571 1.2556719 1.1608692 0.9826464 0.8897836 0.9103044 0.8509766 0.9984228 0.9260972 0.8614263 0.9019123 0.8727951 0.8849070 1.0146812 0.8388514 0.9514128 0.9277153 0.8945248 1.0028055 0.9827068 0.9773734 0.9157471 0.9567897 0.9360164 0.9361999 1.2178532 1.1411927 1.0419128 1.0207451 1.0563286 1.0317532 1.0473717 1.0056769 1.0504084 2.9799429 2.2988249 2.3127704 2.3427209 
B.CN.07.CBJC261.JF932474               0.9123570 1.1859487 1.2871510 1.2652922 1.2286688 1.2551604 1.1573085 1.1753976 1.2216084 1.1919815 1.2120059 1.1650019 1.1128454 1.1608558 1.1194066 1.1346516 1.1279737 1.1005922 0.7190171 0.4935506 0.4743704 0.4888107 0.4547636 0.4596710 0.4924382 0.0000000 0.1680266 0.1760213 0.4692994 0.4348577 0.3782686 0.4131970 0.4273663 0.4103628 0.3935007 0.4128937 0.4671781 0.4001744 0.4655936 0.3944277 0.4529518 0.4476461 0.3909730 0.4316394 0.4188472 0.4292377 0.4346381 0.4084721 0.4098482 0.4206154 0.3969786 0.4133477 0.3984061 0.3615747 0.5950309 0.6328951 0.5847538 0.7863008 1.0045498 1.0162890 0.9400616 0.9629175 0.9936242 1.2242435 1.1343994 0.9125788 0.8532333 0.8395868 0.8083733 0.9426049 0.8477717 0.8032946 0.8646155 0.8290916 0.8256740 0.9312692 0.7832744 0.9176703 0.8756721 0.8417131 0.9184095 0.9078816 0.8985337 0.8689120 0.8999245 0.8754626 0.8759462 1.1785205 1.1035783 1.0283203 1.0092518 1.0208104 1.0351789 1.0291206 0.9952383 1.0163851 3.0188419 2.2688285 2.3036360 2.3685547 
B.CN.01.CNHN24.AY180905                0.9003002 1.1758705 1.2921487 1.2498806 1.2250559 1.2408571 1.1486352 1.1790868 1.2206512 1.1700883 1.1908172 1.1601836 1.1198067 1.1312245 1.1078695 1.1375476 1.1207640 1.0955965 0.7231099 0.4818706 0.4598533 0.4785003 0.4411624 0.4426927 0.4866812 0.1680266 0.0000000 0.1650157 0.4518041 0.4102048 0.3636397 0.4084575 0.4160123 0.3930872 0.3802541 0.4072356 0.4486287 0.3837187 0.4468535 0.3831818 0.4408928 0.4289477 0.3809951 0.4151350 0.3999996 0.4169700 0.4118619 0.4005896 0.4021928 0.3972545 0.3857453 0.4053286 0.3859719 0.3464985 0.5832897 0.6129171 0.5821102 0.7791686 1.0106129 0.9999998 0.9230587 0.9681683 1.0094029 1.1703103 1.0986305 0.8892083 0.8415905 0.8152914 0.7986075 0.9404441 0.8356582 0.8151346 0.8489490 0.8029389 0.8205035 0.9114685 0.7597904 0.9024704 0.8489665 0.8345764 0.9045812 0.8737461 0.8659371 0.8452239 0.8892353 0.8554104 0.8633468 1.1627810 1.0898969 0.9952141 0.9956003 1.0038727 1.0049433 1.0050426 0.9470461 0.9910285 2.9535696 2.2420959 2.2384298 2.3534461 
B.CN.08.cbjc468.JF932498               0.9279960 1.1716615 1.3054484 1.2629724 1.2310256 1.2486996 1.1621874 1.1916261 1.2145043 1.1937140 1.2144705 1.1825975 1.1119565 1.1402791 1.1161025 1.1490079 1.1407186 1.1037276 0.7198257 0.4764476 0.4517768 0.4760330 0.4452079 0.4393315 0.4808133 0.1760213 0.1650157 0.0000000 0.4462838 0.4114973 0.3501665 0.4067639 0.4108303 0.3937342 0.3753905 0.4079867 0.4515529 0.3829258 0.4480182 0.3838499 0.4346790 0.4368213 0.3743770 0.4146668 0.4003657 0.4186830 0.4154531 0.3885583 0.4006059 0.3934946 0.3875187 0.4028299 0.3837966 0.3450601 0.5846677 0.6095858 0.5699231 0.7824035 1.0049382 0.9897752 0.9163405 0.9606197 0.9998898 1.1951673 1.1295706 0.9013830 0.8491922 0.8351629 0.7993278 0.9230735 0.8328929 0.7898179 0.8355603 0.8087133 0.8062307 0.9293788 0.7861377 0.9239419 0.8720458 0.8389005 0.9291299 0.9115257 0.8944251 0.8558328 0.8895099 0.8733081 0.8759763 1.1762670 1.1194252 1.0268371 1.0253496 1.0284023 1.0309776 1.0317600 1.0012442 1.0176430 2.9452215 2.2145964 2.2546808 2.3259941 
BF1.BR.00.BREPM13853.DQ085875          0.9114614 1.1914640 1.3262721 1.3048785 1.2511170 1.2536686 1.1614012 1.1641247 1.2055901 1.1874882 1.2341095 1.2050543 1.1534025 1.1447681 1.1500006 1.1817826 1.1728051 1.1383332 0.6054632 0.4945451 0.4021022 0.3812728 0.4787849 0.3982856 0.5158764 0.4692994 0.4518041 0.4462838 0.0000000 0.4252551 0.4326040 0.4497758 0.3411094 0.4447301 0.4313877 0.4117696 0.4869900 0.3780868 0.4643533 0.3651031 0.4707012 0.4569792 0.3749014 0.4540400 0.4341094 0.4653110 0.4374489 0.4288180 0.4340701 0.4319139 0.4058818 0.4349615 0.4170335 0.3806056 0.6053200 0.6356433 0.5856371 0.7950721 1.0375032 1.0246280 0.9410571 0.9679910 1.0409890 1.1711989 1.1031208 0.9201406 0.8548077 0.8592470 0.8287088 0.9489932 0.8641042 0.8013454 0.8478853 0.8377346 0.8446675 0.9476979 0.8130792 0.9299147 0.8737974 0.8601979 0.9354373 0.9063899 0.9242703 0.8661633 0.9169004 0.8969539 0.8926418 1.1900424 1.0732912 1.0038179 0.9770803 1.0239577 0.9919219 1.0221094 0.9601992 1.0008630 2.9584977 2.2855760 2.3274298 2.3762027 
B.US.15.3693.KX505555                  0.8213057 1.1354552 1.2099779 1.2079951 1.2062200 1.2139936 1.1052084 1.0926577 1.1652850 1.1350904 1.1747762 1.1165533 1.0764579 1.0804483 1.1033223 1.0967837 1.0872511 1.0484883 0.6835489 0.4752745 0.4312700 0.4671245 0.4387272 0.4221969 0.4717288 0.4348577 0.4102048 0.4114973 0.4252551 0.0000000 0.4084605 0.4182781 0.3975630 0.4165782 0.3992212 0.3912239 0.4486482 0.3630768 0.4379882 0.3717680 0.4416379 0.4250100 0.3453000 0.4039333 0.3976868 0.4055402 0.4112651 0.3774418 0.3981040 0.3903303 0.3803302 0.3926075 0.3782754 0.3409474 0.5101690 0.5522701 0.5121494 0.7199108 0.9453686 0.9360105 0.8515889 0.8946838 0.9438072 1.1344031 1.0732139 0.8641725 0.7804996 0.7902419 0.7592574 0.8621760 0.7952648 0.7643224 0.7864155 0.7727890 0.7606875 0.8950535 0.7394465 0.8493646 0.8045213 0.7712513 0.8676137 0.8505880 0.8275136 0.7932948 0.8496653 0.8020321 0.8265812 1.0924747 1.0361951 0.9499397 0.9297116 0.9419865 0.9552824 0.9518740 0.9130329 0.9460204 2.9183109 2.2115336 2.2351350 2.2695648 
B.DE.10.iso4_w10.KU612900              0.8970990 1.1749255 1.2648895 1.2679923 1.2244696 1.1967615 1.1232347 1.1451353 1.1859581 1.1985978 1.1977913 1.1750748 1.0951406 1.1427016 1.1122227 1.1278702 1.1262124 1.0973775 0.6824633 0.4688080 0.4405917 0.4581368 0.4288056 0.4271402 0.4671181 0.3782686 0.3636397 0.3501665 0.4326040 0.4084605 0.0000000 0.3746003 0.4034855 0.3740865 0.3528790 0.3876613 0.4468594 0.3812154 0.4285552 0.3663733 0.4265004 0.4268140 0.3580257 0.4027937 0.3834565 0.4054400 0.3921987 0.3832709 0.3877538 0.3800856 0.3682430 0.3853903 0.3704375 0.3363238 0.5685148 0.6005494 0.5605398 0.7697292 0.9601357 0.9762833 0.8977547 0.9346305 0.9679685 1.1362372 1.0875006 0.8781161 0.8287646 0.8263118 0.7896411 0.8940957 0.8430176 0.7798523 0.8215626 0.7890243 0.8128923 0.9103621 0.7614214 0.8857106 0.8252299 0.8020810 0.8941973 0.8696987 0.8877075 0.8259914 0.8704628 0.8477850 0.8714150 1.1215002 1.0603527 0.9702886 0.9608619 0.9755695 0.9865725 0.9797910 0.9284419 0.9779632 3.0084300 2.2931253 2.2773526 2.3408903 
B.CY.08.CY224.JF683773                 0.9295771 1.1988751 1.2950398 1.2765508 1.2606705 1.2652658 1.1438925 1.1613027 1.1900122 1.1882584 1.2288637 1.1882124 1.1063047 1.1310910 1.1305998 1.1465112 1.1506094 1.1143528 0.6893298 0.4646302 0.4391868 0.4638772 0.4453711 0.4367166 0.4776807 0.4131970 0.4084575 0.4067639 0.4497758 0.4182781 0.3746003 0.0000000 0.4112978 0.3834329 0.3834405 0.4093990 0.4534893 0.3869991 0.4469746 0.3942783 0.4414659 0.4314540 0.3757538 0.4075586 0.3940879 0.4090692 0.4090157 0.3825798 0.3978373 0.4015715 0.3799816 0.4046520 0.3872261 0.3349401 0.5824407 0.6097170 0.5729010 0.7874831 1.0103216 0.9991491 0.9453882 0.9700818 1.0153353 1.1927980 1.1425103 0.9330045 0.8512654 0.8602912 0.8540897 0.9625796 0.8606872 0.8118886 0.8717651 0.8399948 0.8480886 0.9521004 0.8018373 0.9296120 0.8726480 0.8607509 0.9294778 0.8964029 0.9036795 0.8728437 0.9219658 0.8847608 0.8729992 1.2170180 1.1124332 1.0337008 1.0103798 1.0312336 1.0266896 1.0380417 0.9632169 1.0064696 2.9470048 2.2133440 2.2059206 2.3123767 
B.BR.02.02BR2041.JN692443              0.8747773 1.1569177 1.2759507 1.2567164 1.2042657 1.1985412 1.1212148 1.1162180 1.1489963 1.1579745 1.1757012 1.1281620 1.0811095 1.0922579 1.0958027 1.1153086 1.1296527 1.0637370 0.5855994 0.4592380 0.3700032 0.3643971 0.4310520 0.3560991 0.4620238 0.4273663 0.4160123 0.4108303 0.3411094 0.3975630 0.4034855 0.4112978 0.0000000 0.3951414 0.4023386 0.3873803 0.4344315 0.3410304 0.4345492 0.3321951 0.4260450 0.4114355 0.3346014 0.4143876 0.3882995 0.4092753 0.3983236 0.3844735 0.3900216 0.3849927 0.3715503 0.3923415 0.3779121 0.3332875 0.5645941 0.5869426 0.5407774 0.7487540 0.9811682 0.9664410 0.9048288 0.9211364 0.9746628 1.1600664 1.0816171 0.8982654 0.8142470 0.8150856 0.7834518 0.8646484 0.8307123 0.7685798 0.8168261 0.7852140 0.8010599 0.8883096 0.7665211 0.8841867 0.8370781 0.8006552 0.8896374 0.8553954 0.8565523 0.8194487 0.8741479 0.8270715 0.8328312 1.1329508 1.0779854 0.9738560 0.9526877 0.9881818 0.9610506 0.9538019 0.9223689 0.9600863 2.9342563 2.2315452 2.3121713 2.3212057 
B.TH.06.AA010a_WG3.JX446800            0.9079740 1.1399141 1.2606291 1.2378394 1.2006630 1.2330961 1.1380924 1.1569424 1.1998236 1.1756818 1.2117949 1.1483742 1.1097303 1.0861186 1.1178073 1.1392210 1.1374648 1.0929408 0.6715084 0.4542807 0.4377179 0.4660476 0.4261825 0.4327232 0.4740569 0.4103628 0.3930872 0.3937342 0.4447301 0.4165782 0.3740865 0.3834329 0.3951414 0.0000000 0.3843567 0.3985966 0.4626815 0.3861301 0.4344814 0.3696072 0.4370278 0.4202627 0.3673931 0.4069599 0.3976460 0.4122846 0.3951337 0.3867990 0.3942033 0.3934826 0.3774984 0.3941957 0.3782591 0.3287096 0.5638561 0.6168231 0.5708862 0.7991824 0.9772546 0.9924461 0.9097542 0.9410428 0.9724643 1.1480231 1.1076734 0.9148857 0.8148038 0.8295789 0.8010748 0.8939903 0.8218055 0.7797866 0.8067321 0.7962086 0.7938432 0.9197288 0.7586236 0.9120500 0.8462457 0.8143907 0.9278647 0.8949342 0.8668420 0.8464597 0.8595991 0.8368074 0.8523313 1.1619865 1.0650658 1.0170987 0.9793678 1.0085131 0.9976865 1.0002834 0.9529868 0.9877096 2.9859183 2.2788041 2.3360654 2.4008819 
B.JP.04.DR6174.AB480692                0.8778860 1.1468313 1.2842664 1.2411619 1.2187603 1.2209963 1.1596751 1.1336692 1.1977186 1.1594579 1.1780169 1.1556098 1.0911492 1.0960685 1.1041138 1.1185095 1.1392745 1.0900100 0.6729994 0.4490672 0.4247258 0.4557482 0.4248386 0.4191773 0.4685278 0.3935007 0.3802541 0.3753905 0.4313877 0.3992212 0.3528790 0.3834405 0.4023386 0.3843567 0.0000000 0.3865708 0.4452038 0.3804615 0.4303943 0.3717546 0.4295750 0.4117611 0.3608244 0.4081887 0.3915520 0.4022329 0.4014598 0.3789995 0.3847431 0.3950826 0.3775156 0.3951576 0.3765397 0.3286411 0.5728711 0.6115291 0.5548989 0.7612282 0.9900222 0.9715154 0.8972565 0.9368347 0.9530015 1.1573737 1.1037861 0.9011378 0.8042162 0.8291192 0.7885265 0.8923252 0.8346682 0.7787507 0.8294168 0.7930407 0.8059382 0.9181731 0.7665853 0.8711894 0.8635551 0.8010099 0.8874366 0.8629459 0.8632023 0.8414366 0.8730613 0.8358830 0.8495789 1.1594094 1.0730590 0.9991573 0.9893788 1.0216963 0.9984703 1.0235572 0.9655590 0.9992033 3.0066994 2.2713801 2.2182372 2.3033705 
B.BR.10.10BR_PE101.KT427697            0.8842075 1.1442518 1.2456686 1.2370449 1.1928851 1.1984937 1.1486600 1.1263196 1.1662324 1.1621513 1.1670026 1.1684035 1.0775797 1.0882648 1.0887340 1.1295644 1.1420606 1.0934931 0.6685968 0.4529723 0.4257692 0.4496729 0.4304623 0.4091445 0.4693056 0.4128937 0.4072356 0.4079867 0.4117696 0.3912239 0.3876613 0.4093990 0.3873803 0.3985966 0.3865708 0.0000000 0.4260506 0.3577815 0.4202387 0.3559379 0.4197243 0.4125154 0.3393779 0.3938277 0.3821213 0.3906812 0.3889720 0.3740811 0.3791500 0.3750172 0.3563422 0.3737293 0.3645313 0.3215111 0.5733310 0.5896887 0.5454735 0.7548905 0.9776464 0.9771941 0.8776746 0.9191913 0.9645216 1.1452695 1.1068213 0.8913018 0.8060902 0.8153534 0.7723139 0.9139214 0.8317652 0.7726411 0.8136472 0.8045460 0.7898201 0.8978944 0.7432942 0.8860385 0.8102888 0.7943806 0.8879543 0.8527674 0.8606010 0.8284806 0.8681253 0.8406733 0.8463925 1.1384859 1.0826520 0.9719089 0.9549688 1.0034096 0.9630237 0.9842473 0.9377882 0.9725020 3.0248140 2.3079711 2.3547999 2.4027698 
B.GB.14.14535_1_7.3.MF109534           0.9294239 1.2325461 1.3124976 1.2752239 1.2800532 1.2627912 1.1781528 1.1949107 1.2153445 1.2112170 1.2433018 1.2164271 1.1628214 1.1682882 1.1224524 1.1690825 1.1612822 1.1321015 0.7369715 0.4855866 0.4869174 0.5103489 0.4696041 0.4626850 0.4461225 0.4671781 0.4486287 0.4515529 0.4869900 0.4486482 0.4468594 0.4534893 0.4344315 0.4626815 0.4452038 0.4260506 0.0000000 0.4357431 0.4196531 0.4237678 0.4170463 0.3929868 0.4173524 0.4071849 0.3575945 0.4009941 0.3835232 0.3522669 0.3811542 0.3858105 0.3633877 0.3861018 0.3686640 0.3181280 0.6274676 0.6371082 0.5948091 0.8180991 1.0711848 1.0335582 0.9558121 0.9963623 1.0408500 1.2237076 1.1530756 0.9609909 0.8564282 0.8801323 0.8509621 0.9777755 0.8863501 0.8261573 0.8834860 0.8596366 0.8574791 0.9695311 0.8052039 0.9471118 0.8984337 0.8631482 0.9650212 0.9203831 0.9241478 0.8825645 0.9365996 0.8933607 0.8860635 1.2086504 1.1232645 1.0272505 1.0194039 1.0485346 1.0063984 1.0251963 0.9809439 1.0250426 3.1511112 2.2624843 2.3300550 2.3263361 
B.US.07.502_0823_05.JF320530           0.8812180 1.1333170 1.2750006 1.2386702 1.1865477 1.1989676 1.0936832 1.1018137 1.1556836 1.1438431 1.1595828 1.1325957 1.0733817 1.0914969 1.0817830 1.1057009 1.0950282 1.0746123 0.6252807 0.4290802 0.3803711 0.3916832 0.4144899 0.3619570 0.4526248 0.4001744 0.3837187 0.3829258 0.3780868 0.3630768 0.3812154 0.3869991 0.3410304 0.3861301 0.3804615 0.3577815 0.4357431 0.0000000 0.4047940 0.3105431 0.4151485 0.4000648 0.3166355 0.3861127 0.3724246 0.3772765 0.3789323 0.3550731 0.3591551 0.3622125 0.3419143 0.3609018 0.3573624 0.3131199 0.5492297 0.5636511 0.5265904 0.7358885 0.9568239 0.9675832 0.8823383 0.9209087 0.9627665 1.1475490 1.0816938 0.8757803 0.7876340 0.7971461 0.7658732 0.8632333 0.8040603 0.7405625 0.8020121 0.7819206 0.7902641 0.8929958 0.7181644 0.8688044 0.8333652 0.8021326 0.8832889 0.8566023 0.8458036 0.8152909 0.8529781 0.8226221 0.8303432 1.1461579 1.0820125 0.9799886 0.9566000 0.9925053 0.9710137 0.9607961 0.9270100 0.9814220 2.8964339 2.2061675 2.2450258 2.2977838 
