94
RESTV_S.dom-xx_PHL_08_Reston08-C_FJ621584                  0.0000000 0.0340492 0.0512044 1.7519002 1.7504759 1.6948997 1.7028246 1.7028980 1.7004881 1.7009555 1.7017149 1.7017149 1.7028297 1.7044323 1.7003278 1.6982446 1.7003732 1.6982845 1.7010239 1.7001242 1.7018938 1.7005220 1.7007160 1.7007160 1.7008185 1.7007682 1.7012915 1.7007262 1.6991319 1.6991319 1.7013129 1.6994748 1.7012809 1.7005597 1.7010301 1.7002181 1.7000014 1.6996651 1.6991856 1.7000565 1.6992490 1.6999296 1.6992850 1.6999193 1.7004411 1.7010817 1.7010817 1.7009263 1.6989435 1.6990144 1.7007455 1.7004048 1.7001942 1.7001942 1.7001451 1.7009010 1.7011660 1.6996036 1.7003690 1.7004350 1.7004350 1.7004350 1.6999601 1.6999650 1.7010411 1.6999045 1.7002000 1.7002000 1.6995154 1.6996887 1.6993338 1.6995688 1.7003850 1.6994538 1.6985454 1.6975484 1.6975543 1.6976429 1.6970792 1.6974098 1.6979244 1.6965420 1.6965420 1.6970656 1.6712660 1.6703466 1.6699865 1.6701189 1.6884301 1.6929041 1.6935609 1.6943208 2.0153024 1.9722586 
RESTV_M.fas-tc_USA_89_Philippines89-Pennsylvania_NC_004161 0.0340492 0.0000000 0.0258509 1.7429552 1.7415418 1.6949210 1.7013640 1.7014371 1.6990835 1.6994998 1.7000665 1.7000665 1.7013696 1.7024373 1.6988736 1.6967951 1.6989190 1.6966451 1.6990982 1.6986702 1.7004360 1.6995368 1.6991464 1.6991464 1.6993633 1.6991226 1.7001010 1.6995372 1.6976807 1.6976807 1.6999059 1.6982628 1.6998246 1.6991051 1.6995747 1.6987641 1.6985982 1.6983269 1.6977339 1.6986527 1.6977972 1.6985265 1.6978337 1.6989358 1.6989866 1.6993364 1.6993364 1.6991814 1.6974922 1.6975630 1.6992901 1.6989500 1.6986254 1.6986254 1.6986912 1.6994453 1.6997098 1.6979863 1.6991052 1.6989806 1.6989806 1.6989806 1.6985066 1.6985114 1.6995851 1.6984511 1.6987460 1.6987460 1.6981131 1.6982362 1.6978819 1.6981164 1.6989307 1.6980017 1.6972860 1.6961001 1.6961061 1.6961949 1.6959871 1.6959622 1.6964754 1.6950965 1.6950965 1.6956191 1.6703225 1.6695438 1.6691840 1.6693163 1.6894598 1.6920998 1.6932637 1.6942130 1.9938175 1.9652932 
RESTV_S.dom-tc_PHL_08_Reston08-A_FJ621583                  0.0512044 0.0258509 0.0000000 1.7539833 1.7525543 1.7096415 1.7157598 1.7161270 1.7136867 1.7141098 1.7146878 1.7146878 1.7160020 1.7170916 1.7134744 1.7113722 1.7135203 1.7107443 1.7135139 1.7127378 1.7150561 1.7146195 1.7142216 1.7142216 1.7139687 1.7137266 1.7145271 1.7139544 1.7117925 1.7117925 1.7145238 1.7128558 1.7144364 1.7137075 1.7141802 1.7133649 1.7131415 1.7129237 1.7123722 1.7132514 1.7123860 1.7131204 1.7124172 1.7135321 1.7135888 1.7139448 1.7139448 1.7137882 1.7120799 1.7121505 1.7138981 1.7135560 1.7132253 1.7132253 1.7137639 1.7140550 1.7143211 1.7125809 1.7137078 1.7135821 1.7135821 1.7135821 1.7131051 1.7131099 1.7128235 1.7130488 1.7133460 1.7133460 1.7127034 1.7128279 1.7124710 1.7127071 1.7135321 1.7125918 1.7114968 1.7107227 1.7107282 1.7109289 1.7105992 1.7102728 1.7107942 1.7097023 1.7097023 1.7102288 1.6835409 1.6829155 1.6825538 1.6826868 1.7049539 1.7075534 1.7096459 1.7104921 2.0153641 1.9805672 
SUDV_H.sap-xx_UGA_12_EboSud-603_KC545390                   1.7519002 1.7429552 1.7539833 0.0000000 0.0001549 1.8438865 1.8571986 1.8533533 1.8529903 1.8535127 1.8550180 1.8550180 1.8554106 1.8506279 1.8506058 1.8553279 1.8531095 1.8545634 1.8525640 1.8537402 1.8513588 1.8536131 1.8541912 1.8541912 1.8512071 1.8513991 1.8548803 1.8540328 1.8533258 1.8533258 1.8550688 1.8524269 1.8541449 1.8523551 1.8522362 1.8534731 1.8532482 1.8531858 1.8522983 1.8544447 1.8519393 1.8535094 1.8528351 1.8539294 1.8545735 1.8518580 1.8518580 1.8519469 1.8540212 1.8535261 1.8531706 1.8535669 1.8530544 1.8530544 1.8529895 1.8540939 1.8517115 1.8530075 1.8529297 1.8531734 1.8531734 1.8531734 1.8531699 1.8532411 1.8523313 1.8531221 1.8529262 1.8529262 1.8535594 1.8540621 1.8528242 1.8530715 1.8531221 1.8535669 1.8489121 1.8497823 1.8495354 1.8466712 1.8508057 1.8504489 1.8514187 1.8494892 1.8494892 1.8492219 1.8173933 1.8174096 1.8174014 1.8176584 1.8253782 1.8309083 1.8361945 1.8419032 2.1238329 2.1424756 
SUDV_H.sap-xx_UGA_12_EboSud-609_KC545391                   1.7504759 1.7415418 1.7525543 0.0001549 0.0000000 1.8443954 1.8577103 1.8538641 1.8535009 1.8540238 1.8555293 1.8555293 1.8559221 1.8511384 1.8511163 1.8558392 1.8536204 1.8550745 1.8530747 1.8542511 1.8518693 1.8541242 1.8547021 1.8547021 1.8517176 1.8519096 1.8553915 1.8545438 1.8538370 1.8538370 1.8555801 1.8529376 1.8546560 1.8528660 1.8527470 1.8539840 1.8537592 1.8536967 1.8528089 1.8549559 1.8524500 1.8540204 1.8533459 1.8544405 1.8550847 1.8523687 1.8523687 1.8524576 1.8545323 1.8540371 1.8536816 1.8540780 1.8535653 1.8535653 1.8535004 1.8546050 1.8522222 1.8535184 1.8534406 1.8536843 1.8536843 1.8536843 1.8536808 1.8537520 1.8528420 1.8536330 1.8534370 1.8534370 1.8540704 1.8545732 1.8533352 1.8535825 1.8536330 1.8540780 1.8494220 1.8502923 1.8500454 1.8471807 1.8513162 1.8509592 1.8519292 1.8499993 1.8499993 1.8497319 1.8173933 1.8174096 1.8174014 1.8176584 1.8253782 1.8309083 1.8361945 1.8419032 2.1219449 2.1428739 
EBOV_H.sap-wt_GIN_14_Makona-Gueckedou-EM_080076_KR817235   1.6948997 1.6949210 1.7096415 1.8438865 1.8443954 0.0000000 0.0029140 0.0027080 0.0026055 0.0025544 0.0024005 0.0024005 0.0025549 0.0028122 0.0026569 0.0025542 0.0025028 0.0026058 0.0025028 0.0024522 0.0024003 0.0024008 0.0024002 0.0024002 0.0022985 0.0024009 0.0023491 0.0024002 0.0024003 0.0024003 0.0023499 0.0024520 0.0024002 0.0022987 0.0024011 0.0023491 0.0024515 0.0022465 0.0016322 0.0024004 0.0021444 0.0023490 0.0021955 0.0021954 0.0021955 0.0022467 0.0022467 0.0020930 0.0021442 0.0020931 0.0020930 0.0020930 0.0020930 0.0020930 0.0020418 0.0020420 0.0020421 0.0020930 0.0020418 0.0019906 0.0019906 0.0019906 0.0019906 0.0019907 0.0019909 0.0019906 0.0019395 0.0019395 0.0021442 0.0021442 0.0022466 0.0021954 0.0020931 0.0020931 0.0014276 0.0019391 0.0019903 0.0013254 0.0020412 0.0016835 0.0017348 0.0015298 0.0015298 0.0014786 0.0322769 0.0315507 0.0315503 0.0314957 0.0331406 0.0363207 0.0372254 0.0383091 1.2705172 1.2875678 
EBOV_H.sap-wt_SLE_14_Makona-J0150_KP759696                 1.7028246 1.7013640 1.7157598 1.8571986 1.8577103 0.0029140 0.0000000 0.0017342 0.0016320 0.0015810 0.0014276 0.0014276 0.0015813 0.0018376 0.0016832 0.0015809 0.0015297 0.0016322 0.0015297 0.0014790 0.0014275 0.0014278 0.0014274 0.0014274 0.0013257 0.0014279 0.0013764 0.0014275 0.0012232 0.0012232 0.0013769 0.0014789 0.0014275 0.0013259 0.0014280 0.0013765 0.0014786 0.0012743 0.0012746 0.0014276 0.0011723 0.0013764 0.0012233 0.0012232 0.0010191 0.0012743 0.0012743 0.0011211 0.0009681 0.0009161 0.0011212 0.0011212 0.0011211 0.0011211 0.0010701 0.0010702 0.0010702 0.0011211 0.0010701 0.0010191 0.0010191 0.0010191 0.0010191 0.0010191 0.0010192 0.0010191 0.0009681 0.0009681 0.0011722 0.0011722 0.0012743 0.0012233 0.0011212 0.0011212 0.0024005 0.0021956 0.0022469 0.0021956 0.0022977 0.0019398 0.0019912 0.0017858 0.0017858 0.0017346 0.0327226 0.0319955 0.0319951 0.0319404 0.0336008 0.0367864 0.0376925 0.0387780 1.2717783 1.2881891 
EBOV_H.sap-wt_GIN_14_Makona-Beyla-EM_075931_KR817138       1.7028980 1.7014371 1.7161270 1.8533533 1.8538641 0.0027080 0.0017342 0.0000000 0.0008142 0.0007633 0.0006106 0.0006106 0.0007633 0.0016325 0.0014783 0.0013761 0.0013250 0.0014274 0.0013250 0.0009670 0.0012229 0.0012232 0.0012228 0.0012228 0.0011212 0.0012232 0.0011719 0.0012228 0.0012229 0.0012229 0.0011723 0.0012742 0.0012228 0.0011212 0.0012233 0.0011719 0.0012739 0.0010689 0.0010701 0.0012229 0.0009670 0.0011718 0.0010179 0.0010179 0.0010179 0.0010689 0.0010689 0.0009161 0.0009670 0.0009161 0.0009161 0.0009161 0.0009161 0.0009161 0.0008652 0.0008652 0.0008652 0.0009161 0.0008652 0.0008142 0.0008142 0.0008142 0.0008142 0.0008142 0.0008142 0.0008142 0.0007633 0.0007633 0.0009670 0.0009670 0.0010689 0.0010179 0.0009161 0.0009161 0.0021950 0.0019903 0.0020414 0.0019902 0.0020923 0.0017346 0.0017860 0.0015808 0.0015808 0.0015297 0.0326658 0.0319389 0.0319385 0.0318838 0.0334193 0.0366020 0.0375073 0.0385918 1.2720001 1.2851259 
EBOV_H.sap-wt_GIN_14_Makona-Macenta-EM_076191_KR817141     1.7004881 1.6990835 1.7136867 1.8529903 1.8535009 0.0026055 0.0016320 0.0008142 0.0000000 0.0006615 0.0005088 0.0005088 0.0006615 0.0015303 0.0013762 0.0012740 0.0012229 0.0013252 0.0012229 0.0008652 0.0011208 0.0011211 0.0011208 0.0011208 0.0010191 0.0011211 0.0010689 0.0011208 0.0011209 0.0011209 0.0010702 0.0011721 0.0011208 0.0010192 0.0011212 0.0010689 0.0011719 0.0009670 0.0009680 0.0011209 0.0008652 0.0010689 0.0009161 0.0009161 0.0009161 0.0009670 0.0009670 0.0008142 0.0008652 0.0008142 0.0008142 0.0008142 0.0008142 0.0008142 0.0007633 0.0007633 0.0007633 0.0008142 0.0007633 0.0007124 0.0007124 0.0007124 0.0007124 0.0007124 0.0007124 0.0007124 0.0006615 0.0006615 0.0008652 0.0008652 0.0009670 0.0009161 0.0008142 0.0008142 0.0020926 0.0018880 0.0019391 0.0018879 0.0019900 0.0016324 0.0016837 0.0014787 0.0014787 0.0014276 0.0324440 0.0317174 0.0317170 0.0316623 0.0331968 0.0363776 0.0372825 0.0383664 1.2700186 1.2841238 
EBOV_H.sap-wt_GIN_14_Makona-Faranah-EM_078415_KR817160     1.7009555 1.6994998 1.7141098 1.8535127 1.8540238 0.0025544 0.0015810 0.0007633 0.0006615 0.0000000 0.0004579 0.0004579 0.0005088 0.0014792 0.0013252 0.0012231 0.0011719 0.0012743 0.0011720 0.0008142 0.0010699 0.0010701 0.0010689 0.0010689 0.0009681 0.0010702 0.0010179 0.0010689 0.0010699 0.0010699 0.0010192 0.0011211 0.0010689 0.0009682 0.0010703 0.0010179 0.0011209 0.0009161 0.0009161 0.0010699 0.0008142 0.0010179 0.0008652 0.0008652 0.0008652 0.0009161 0.0009161 0.0007633 0.0008142 0.0007633 0.0007633 0.0007633 0.0007633 0.0007633 0.0007124 0.0007124 0.0007124 0.0007633 0.0007124 0.0006615 0.0006615 0.0006615 0.0006615 0.0006615 0.0006615 0.0006615 0.0006106 0.0006106 0.0008142 0.0008142 0.0009161 0.0008652 0.0007633 0.0007633 0.0020415 0.0018369 0.0018881 0.0018369 0.0019389 0.0015814 0.0016327 0.0014277 0.0014277 0.0013766 0.0325007 0.0317740 0.0317737 0.0317190 0.0332538 0.0364352 0.0373402 0.0384243 1.2700553 1.2849317 
EBOV_H.sap-wt_GIN_14_Makona-Kissidougou-EM_078694_KR817171 1.7017149 1.7000665 1.7146878 1.8550180 1.8555293 0.0024005 0.0014276 0.0006106 0.0005088 0.0004579 0.0000000 0.0000010 0.0004579 0.0013258 0.0011720 0.0010699 0.0010179 0.0011210 0.0010179 0.0006615 0.0009161 0.0009161 0.0009161 0.0009161 0.0008142 0.0009161 0.0008652 0.0009161 0.0009161 0.0009161 0.0008652 0.0009670 0.0009161 0.0008142 0.0009171 0.0008652 0.0009670 0.0007633 0.0007633 0.0009161 0.0006615 0.0008652 0.0007124 0.0007124 0.0007124 0.0007633 0.0007633 0.0006106 0.0006615 0.0006106 0.0006106 0.0006106 0.0006106 0.0006106 0.0005597 0.0005597 0.0005597 0.0006106 0.0005597 0.0005088 0.0005088 0.0005088 0.0005088 0.0005088 0.0005088 0.0005088 0.0004579 0.0004579 0.0006615 0.0006615 0.0007633 0.0007124 0.0006106 0.0006106 0.0018879 0.0016834 0.0017345 0.0016834 0.0017854 0.0014279 0.0014792 0.0012744 0.0012744 0.0012233 0.0323314 0.0316051 0.0316047 0.0315500 0.0330839 0.0362636 0.0371681 0.0382517 1.2710725 1.2854904 
EBOV_H.sap-wt_GIN_14_Makona-Kissidougou-EM_078722_KR817175 1.7017149 1.7000665 1.7146878 1.8550180 1.8555293 0.0024005 0.0014276 0.0006106 0.0005088 0.0004579 0.0000010 0.0000000 0.0004579 0.0013258 0.0011720 0.0010699 0.0010179 0.0011210 0.0010179 0.0006615 0.0009161 0.0009161 0.0009161 0.0009161 0.0008142 0.0009161 0.0008652 0.0009161 0.0009161 0.0009161 0.0008652 0.0009670 0.0009161 0.0008142 0.0009171 0.0008652 0.0009670 0.0007633 0.0007633 0.0009161 0.0006615 0.0008652 0.0007124 0.0007124 0.0007124 0.0007633 0.0007633 0.0006106 0.0006615 0.0006106 0.0006106 0.0006106 0.0006106 0.0006106 0.0005597 0.0005597 0.0005597 0.0006106 0.0005597 0.0005088 0.0005088 0.0005088 0.0005088 0.0005088 0.0005088 0.0005088 0.0004579 0.0004579 0.0006615 0.0006615 0.0007633 0.0007124 0.0006106 0.0006106 0.0018879 0.0016834 0.0017345 0.0016834 0.0017854 0.0014279 0.0014792 0.0012744 0.0012744 0.0012233 0.0323314 0.0316051 0.0316047 0.0315500 0.0330839 0.0362636 0.0371681 0.0382517 1.2710725 1.2854904 
EBOV_H.sap-wt_GIN_14_Makona-Kankan-EM_078639_KR817166      1.7028297 1.7013696 1.7160020 1.8554106 1.8559221 0.0025549 0.0015813 0.0007633 0.0006615 0.0005088 0.0004579 0.0004579 0.0000000 0.0014795 0.0013255 0.0012233 0.0011721 0.0012745 0.0011722 0.0008142 0.0010701 0.0010703 0.0010700 0.0010700 0.0009683 0.0010703 0.0010191 0.0010700 0.0010701 0.0010701 0.0010194 0.0011213 0.0010700 0.0009684 0.0010705 0.0010191 0.0011211 0.0009161 0.0009172 0.0010701 0.0008142 0.0010190 0.0008652 0.0008652 0.0008652 0.0009161 0.0009161 0.0007633 0.0008142 0.0007633 0.0007633 0.0007633 0.0007633 0.0007633 0.0007124 0.0007124 0.0007124 0.0007633 0.0007124 0.0006615 0.0006615 0.0006615 0.0006615 0.0006615 0.0006615 0.0006615 0.0006106 0.0006106 0.0008142 0.0008142 0.0009161 0.0008652 0.0007633 0.0007633 0.0020419 0.0018373 0.0018884 0.0018372 0.0019393 0.0015816 0.0016330 0.0014279 0.0014279 0.0013768 0.0324490 0.0317224 0.0317220 0.0316673 0.0332602 0.0364423 0.0373475 0.0384318 1.2717440 1.2865363 
EBOV_H.sap-wt_SLE_14_Makona-Kenema-G5059_1_KR105296        1.7044323 1.7024373 1.7170916 1.8506279 1.8511384 0.0028122 0.0018376 0.0016325 0.0015303 0.0014792 0.0013258 0.0013258 0.0014795 0.0000000 0.0015814 0.0014791 0.0014279 0.0015304 0.0014279 0.0013772 0.0013257 0.0013260 0.0013257 0.0013257 0.0012239 0.0013261 0.0012747 0.0013257 0.0013257 0.0013257 0.0012751 0.0013771 0.0013257 0.0012240 0.0013262 0.0012747 0.0013768 0.0011725 0.0011728 0.0013258 0.0010705 0.0012746 0.0011215 0.0011215 0.0011215 0.0008663 0.0008663 0.0007124 0.0010704 0.0010194 0.0010194 0.0010194 0.0010194 0.0010194 0.0009683 0.0009685 0.0009685 0.0010194 0.0009683 0.0009173 0.0009173 0.0009173 0.0009173 0.0009173 0.0009174 0.0009173 0.0008663 0.0008663 0.0010704 0.0010704 0.0011725 0.0011215 0.0010194 0.0010194 0.0022987 0.0020938 0.0021450 0.0020938 0.0021959 0.0018380 0.0018894 0.0016840 0.0016840 0.0016328 0.0326839 0.0319565 0.0319561 0.0319014 0.0335491 0.0367344 0.0376405 0.0387259 1.2706817 1.2871415 
EBOV_H.sap-wt_LBR_14_Makona-LIBR0430_KR006955              1.7003278 1.6988736 1.7134744 1.8506058 1.8511163 0.0026569 0.0016832 0.0014783 0.0013762 0.0013252 0.0011720 0.0011720 0.0013255 0.0015814 0.0000000 0.0013251 0.0012740 0.0013763 0.0012740 0.0012233 0.0011719 0.0011722 0.0011719 0.0011719 0.0010702 0.0011722 0.0011209 0.0011719 0.0011719 0.0011719 0.0011213 0.0012232 0.0011719 0.0010702 0.0011723 0.0011209 0.0012229 0.0010179 0.0010191 0.0011719 0.0009161 0.0011209 0.0009670 0.0009670 0.0009670 0.0010179 0.0010179 0.0008652 0.0009161 0.0008652 0.0008652 0.0008652 0.0008652 0.0008652 0.0008142 0.0008142 0.0008142 0.0008652 0.0008142 0.0007633 0.0007633 0.0007633 0.0007633 0.0007633 0.0007633 0.0007633 0.0007124 0.0007124 0.0009161 0.0009161 0.0010179 0.0009670 0.0008652 0.0008652 0.0021439 0.0019392 0.0019904 0.0019392 0.0020412 0.0016836 0.0017349 0.0015298 0.0015298 0.0014787 0.0323420 0.0316154 0.0316150 0.0315603 0.0330839 0.0362637 0.0371682 0.0382518 1.2702583 1.2855471 
EBOV_H.sap-wt_SLE_14_Makona-Kailahun-20140517_KR653263     1.6982446 1.6967951 1.7113722 1.8553279 1.8558392 0.0025542 0.0015809 0.0013761 0.0012740 0.0012231 0.0010699 0.0010699 0.0012233 0.0014791 0.0013251 0.0000000 0.0006615 0.0012742 0.0011719 0.0011211 0.0010689 0.0010701 0.0010689 0.0010689 0.0009681 0.0010701 0.0010179 0.0010689 0.0010689 0.0010689 0.0010192 0.0011210 0.0010689 0.0009681 0.0010702 0.0010179 0.0011208 0.0009161 0.0009161 0.0010689 0.0008142 0.0010179 0.0008652 0.0008652 0.0008652 0.0009161 0.0009161 0.0007633 0.0008142 0.0007633 0.0006615 0.0007633 0.0007633 0.0007633 0.0007124 0.0007124 0.0006106 0.0007633 0.0007124 0.0006615 0.0006615 0.0006615 0.0006615 0.0006615 0.0006615 0.0006615 0.0006106 0.0006106 0.0008142 0.0008142 0.0009161 0.0008652 0.0007633 0.0007633 0.0020414 0.0018368 0.0018879 0.0018368 0.0019388 0.0015812 0.0016325 0.0014276 0.0014276 0.0013765 0.0324460 0.0317717 0.0317713 0.0317167 0.0332513 0.0364325 0.0373374 0.0384215 1.2695780 1.2842690 
EBOV_H.sap-wt_SLE_14_Makona-G4973_1_KR105286               1.7003732 1.6989190 1.7135203 1.8531095 1.8536204 0.0025028 0.0015297 0.0013250 0.0012229 0.0011719 0.0010179 0.0010179 0.0011721 0.0014279 0.0012740 0.0006615 0.0000000 0.0012230 0.0011198 0.0010700 0.0010179 0.0010189 0.0010179 0.0010179 0.0009161 0.0010190 0.0009670 0.0010179 0.0010179 0.0010179 0.0009681 0.0010699 0.0010179 0.0009161 0.0010191 0.0009670 0.0010689 0.0008652 0.0008652 0.0010179 0.0007633 0.0009670 0.0008142 0.0008142 0.0008142 0.0008652 0.0008652 0.0007124 0.0007633 0.0007124 0.0006106 0.0007124 0.0007124 0.0007124 0.0006615 0.0006615 0.0005597 0.0007124 0.0006615 0.0006106 0.0006106 0.0006106 0.0006106 0.0006106 0.0006106 0.0006106 0.0005597 0.0005597 0.0007633 0.0007633 0.0008652 0.0008142 0.0007124 0.0007124 0.0019901 0.0017855 0.0018367 0.0017855 0.0018875 0.0015300 0.0015813 0.0013764 0.0013764 0.0013253 0.0322769 0.0316030 0.0316026 0.0315479 0.0330817 0.0362612 0.0371657 0.0382491 1.2700823 1.2852949 
EBOV_H.sap-wt_SLE_14_Makona-Koinadugu-20143659_KR653256    1.6982845 1.6966451 1.7107443 1.8545634 1.8550745 0.0026058 0.0016322 0.0014274 0.0013252 0.0012743 0.0011210 0.0011210 0.0012745 0.0015304 0.0013763 0.0012742 0.0012230 0.0000000 0.0012230 0.0011723 0.0011209 0.0011212 0.0010179 0.0010179 0.0010192 0.0011212 0.0009670 0.0010179 0.0011210 0.0011210 0.0010703 0.0008652 0.0011209 0.0010193 0.0011213 0.0008652 0.0008652 0.0009670 0.0009681 0.0008142 0.0008652 0.0007633 0.0007124 0.0007124 0.0009161 0.0009670 0.0009670 0.0008142 0.0008652 0.0008142 0.0008142 0.0008142 0.0008142 0.0008142 0.0006615 0.0006615 0.0007633 0.0008142 0.0007633 0.0007124 0.0007124 0.0007124 0.0007124 0.0007124 0.0007124 0.0007124 0.0006615 0.0006615 0.0005597 0.0006615 0.0007633 0.0007124 0.0006106 0.0006106 0.0020928 0.0018882 0.0019393 0.0018881 0.0019902 0.0016325 0.0016839 0.0014788 0.0014788 0.0014277 0.0323843 0.0317687 0.0317683 0.0317136 0.0332482 0.0364292 0.0373341 0.0384181 1.2715516 1.2859512 
EBOV_H.sap-wt_LBR_14_Makona-Foya-EM_074720_KR817125        1.7010239 1.6990982 1.7135139 1.8525640 1.8530747 0.0025028 0.0015297 0.0013250 0.0012229 0.0011720 0.0010179 0.0010179 0.0011722 0.0014279 0.0012740 0.0011719 0.0011198 0.0012230 0.0000000 0.0010700 0.0010179 0.0010190 0.0010179 0.0010179 0.0009161 0.0010190 0.0009670 0.0010179 0.0010179 0.0010179 0.0009681 0.0010700 0.0009161 0.0009171 0.0010191 0.0009670 0.0010689 0.0008652 0.0008652 0.0010179 0.0007633 0.0009670 0.0008142 0.0008142 0.0008142 0.0008652 0.0008652 0.0007124 0.0007633 0.0007124 0.0007124 0.0007124 0.0007124 0.0007124 0.0006615 0.0006615 0.0006615 0.0006106 0.0006615 0.0006106 0.0006106 0.0006106 0.0006106 0.0006106 0.0006106 0.0005088 0.0005597 0.0005597 0.0007633 0.0007633 0.0008652 0.0008142 0.0007124 0.0007124 0.0019901 0.0017856 0.0018367 0.0017855 0.0018875 0.0015300 0.0015813 0.0013764 0.0013764 0.0013253 0.0324406 0.0317142 0.0317138 0.0316591 0.0331934 0.0363738 0.0372786 0.0383624 1.2702949 1.2857621 
EBOV_H.sap-wt_LBR_14_Makona-LIBR0505_KR006957              1.7001242 1.6986702 1.7127378 1.8537402 1.8542511 0.0024522 0.0014790 0.0009670 0.0008652 0.0008142 0.0006615 0.0006615 0.0008142 0.0013772 0.0012233 0.0011211 0.0010700 0.0011723 0.0010700 0.0000000 0.0009670 0.0009682 0.0009670 0.0009670 0.0008662 0.0009682 0.0009161 0.0009670 0.0009670 0.0009670 0.0009173 0.0010192 0.0009670 0.0008663 0.0009683 0.0009161 0.0010190 0.0008142 0.0008142 0.0009670 0.0007124 0.0009161 0.0007633 0.0007633 0.0007633 0.0008142 0.0008142 0.0006615 0.0007124 0.0006615 0.0006615 0.0006615 0.0006615 0.0006615 0.0006106 0.0006106 0.0006106 0.0006615 0.0006106 0.0005597 0.0005597 0.0005597 0.0005597 0.0005597 0.0005597 0.0005597 0.0005088 0.0005088 0.0007124 0.0007124 0.0008142 0.0007633 0.0006615 0.0006615 0.0019394 0.0017348 0.0017860 0.0017348 0.0018368 0.0014793 0.0015306 0.0013257 0.0013257 0.0012746 0.0322747 0.0315485 0.0315481 0.0314934 0.0330270 0.0362061 0.0371105 0.0381938 1.2697541 1.2864468 
EBOV_H.sap-wt_SLE_14_Makona-G5640_1_KR105313               1.7018938 1.7004360 1.7150561 1.8513588 1.8518693 0.0024003 0.0014275 0.0012229 0.0011208 0.0010699 0.0009161 0.0009161 0.0010701 0.0013257 0.0011719 0.0010689 0.0010179 0.0011209 0.0010179 0.0009670 0.0000000 0.0009161 0.0009161 0.0009161 0.0008142 0.0009161 0.0008652 0.0009161 0.0009161 0.0009161 0.0008652 0.0009670 0.0009161 0.0008142 0.0009161 0.0008652 0.0009670 0.0007633 0.0007633 0.0009161 0.0006615 0.0008652 0.0007124 0.0007124 0.0007124 0.0007633 0.0007633 0.0006106 0.0006615 0.0006106 0.0006106 0.0006106 0.0006106 0.0006106 0.0005597 0.0005597 0.0005597 0.0006106 0.0005597 0.0005088 0.0005088 0.0005088 0.0005088 0.0005088 0.0005088 0.0005088 0.0004579 0.0004579 0.0006615 0.0006615 0.0007633 0.0007124 0.0006106 0.0006106 0.0018878 0.0016833 0.0017344 0.0016832 0.0017852 0.0014278 0.0014791 0.0012742 0.0012742 0.0012232 0.0323288 0.0316026 0.0316022 0.0315475 0.0330813 0.0362607 0.0371652 0.0382487 1.2695381 1.2863817 
EBOV_H.sap-wt_GIN_14_Makona-Macenta-EM_000982_KR817086     1.7005220 1.6995368 1.7146195 1.8536131 1.8541242 0.0024008 0.0014278 0.0012232 0.0011211 0.0010701 0.0009161 0.0009161 0.0010703 0.0013260 0.0011722 0.0010701 0.0010189 0.0011212 0.0010190 0.0009682 0.0009161 0.0000000 0.0009161 0.0009161 0.0008142 0.0009172 0.0008652 0.0009161 0.0009161 0.0009161 0.0007633 0.0009681 0.0009161 0.0008152 0.0009173 0.0008652 0.0009670 0.0007633 0.0007633 0.0009161 0.0006615 0.0008652 0.0007124 0.0007124 0.0007124 0.0007633 0.0007633 0.0006106 0.0006615 0.0006106 0.0006106 0.0006106 0.0006106 0.0006106 0.0005597 0.0005597 0.0005597 0.0006106 0.0005597 0.0005088 0.0005088 0.0005088 0.0005088 0.0005088 0.0005088 0.0005088 0.0004579 0.0004579 0.0006615 0.0006615 0.0007633 0.0007124 0.0006106 0.0006106 0.0018882 0.0016836 0.0017348 0.0016836 0.0017856 0.0014281 0.0014794 0.0012745 0.0012745 0.0012235 0.0323353 0.0316090 0.0316086 0.0315539 0.0330880 0.0362679 0.0371726 0.0382562 1.2708492 1.2851346 
EBOV_H.sap-wt_SLE_14_Makona-J0093_KP759760                 1.7007160 1.6991464 1.7142216 1.8541912 1.8547021 0.0024002 0.0014274 0.0012228 0.0011208 0.0010689 0.0009161 0.0009161 0.0010700 0.0013257 0.0011719 0.0010689 0.0010179 0.0010179 0.0010179 0.0009670 0.0009161 0.0009161 0.0000000 0.0000010 0.0008142 0.0009161 0.0006615 0.0007124 0.0009161 0.0009161 0.0008652 0.0008652 0.0009161 0.0008142 0.0009161 0.0007633 0.0008652 0.0007633 0.0007633 0.0008142 0.0006615 0.0007633 0.0006106 0.0006106 0.0007124 0.0007633 0.0007633 0.0006106 0.0006615 0.0006106 0.0006106 0.0006106 0.0006106 0.0006106 0.0004579 0.0004579 0.0005597 0.0006106 0.0005597 0.0005088 0.0005088 0.0005088 0.0005088 0.0005088 0.0005088 0.0005088 0.0004579 0.0004579 0.0005597 0.0005597 0.0006615 0.0006106 0.0005088 0.0005088 0.0018877 0.0016832 0.0017343 0.0016832 0.0017852 0.0014278 0.0014790 0.0012742 0.0012742 0.0012231 0.0322165 0.0314905 0.0314901 0.0314355 0.0329687 0.0360351 0.0370512 0.0381343 1.2708427 1.2856098 
EBOV_H.sap-wt_SLE_14_Makona-PortLoko-J0080_KP759749        1.7007160 1.6991464 1.7142216 1.8541912 1.8547021 0.0024002 0.0014274 0.0012228 0.0011208 0.0010689 0.0009161 0.0009161 0.0010700 0.0013257 0.0011719 0.0010689 0.0010179 0.0010179 0.0010179 0.0009670 0.0009161 0.0009161 0.0000010 0.0000000 0.0008142 0.0009161 0.0006615 0.0007124 0.0009161 0.0009161 0.0008652 0.0008652 0.0009161 0.0008142 0.0009161 0.0007633 0.0008652 0.0007633 0.0007633 0.0008142 0.0006615 0.0007633 0.0006106 0.0006106 0.0007124 0.0007633 0.0007633 0.0006106 0.0006615 0.0006106 0.0006106 0.0006106 0.0006106 0.0006106 0.0004579 0.0004579 0.0005597 0.0006106 0.0005597 0.0005088 0.0005088 0.0005088 0.0005088 0.0005088 0.0005088 0.0005088 0.0004579 0.0004579 0.0005597 0.0005597 0.0006615 0.0006106 0.0005088 0.0005088 0.0018877 0.0016832 0.0017343 0.0016832 0.0017852 0.0014278 0.0014790 0.0012742 0.0012742 0.0012231 0.0322165 0.0314905 0.0314901 0.0314355 0.0329687 0.0360351 0.0370512 0.0381343 1.2708427 1.2856098 
EBOV_H.sap-wt_LBR_14_Makona-Foya-EM_074353_KR817112        1.7008185 1.6993633 1.7139687 1.8512071 1.8517176 0.0022985 0.0013257 0.0011212 0.0010191 0.0009681 0.0008142 0.0008142 0.0009683 0.0012239 0.0010702 0.0009681 0.0009161 0.0010192 0.0009161 0.0008662 0.0008142 0.0008142 0.0008142 0.0008142 0.0000000 0.0002035 0.0007633 0.0008142 0.0008142 0.0008142 0.0007633 0.0008652 0.0008142 0.0005088 0.0006106 0.0007633 0.0008652 0.0006615 0.0006615 0.0008142 0.0005597 0.0007633 0.0006106 0.0006106 0.0006106 0.0006615 0.0006615 0.0005088 0.0005597 0.0005088 0.0005088 0.0005088 0.0005088 0.0005088 0.0004579 0.0004579 0.0004579 0.0005088 0.0004579 0.0004070 0.0004070 0.0004070 0.0004070 0.0004070 0.0004070 0.0004070 0.0003561 0.0003561 0.0005597 0.0005597 0.0006615 0.0006106 0.0005088 0.0005088 0.0017860 0.0015815 0.0016326 0.0015815 0.0016835 0.0013260 0.0013773 0.0011725 0.0011725 0.0011214 0.0320630 0.0313370 0.0313366 0.0312820 0.0329260 0.0361050 0.0370094 0.0380928 1.2700126 1.2852535 
EBOV_H.sap-wt_LBR_14_Makona-Foya-EM_074350_KR817109        1.7007682 1.6991226 1.7137266 1.8513991 1.8519096 0.0024009 0.0014279 0.0012232 0.0011211 0.0010702 0.0009161 0.0009161 0.0010703 0.0013261 0.0011722 0.0010701 0.0010190 0.0011212 0.0010190 0.0009682 0.0009161 0.0009172 0.0009161 0.0009161 0.0002035 0.0000000 0.0008652 0.0009161 0.0009161 0.0009161 0.0008663 0.0009681 0.0009161 0.0006106 0.0007124 0.0008652 0.0009670 0.0007633 0.0007633 0.0009161 0.0006615 0.0008652 0.0007124 0.0007124 0.0007124 0.0007633 0.0007633 0.0006106 0.0006615 0.0006106 0.0006106 0.0006106 0.0006106 0.0006106 0.0005597 0.0005597 0.0005597 0.0006106 0.0005597 0.0005088 0.0005088 0.0005088 0.0005088 0.0005088 0.0005088 0.0005088 0.0004579 0.0004579 0.0006615 0.0006615 0.0007633 0.0007124 0.0006106 0.0006106 0.0018882 0.0016837 0.0017348 0.0016836 0.0017857 0.0014282 0.0014794 0.0012746 0.0012746 0.0012235 0.0322838 0.0315574 0.0315571 0.0315024 0.0330364 0.0362163 0.0371209 0.0382045 1.2698076 1.2854771 
EBOV_H.sap-wt_SLE_14_Makona-J0117_KP759665                 1.7012915 1.7001010 1.7145271 1.8548803 1.8553915 0.0023491 0.0013764 0.0011719 0.0010689 0.0010179 0.0008652 0.0008652 0.0010191 0.0012747 0.0011209 0.0010179 0.0009670 0.0009670 0.0009670 0.0009161 0.0008652 0.0008652 0.0006615 0.0006615 0.0007633 0.0008652 0.0000000 0.0001526 0.0008652 0.0008652 0.0008142 0.0008142 0.0008652 0.0007633 0.0008652 0.0007124 0.0008142 0.0007124 0.0007124 0.0007633 0.0006106 0.0007124 0.0005597 0.0005597 0.0006615 0.0007124 0.0007124 0.0005597 0.0006106 0.0005597 0.0005597 0.0005597 0.0005597 0.0005597 0.0004070 0.0004070 0.0005088 0.0005597 0.0005088 0.0004579 0.0004579 0.0004579 0.0004579 0.0004579 0.0004579 0.0004579 0.0004070 0.0004070 0.0005088 0.0005088 0.0006106 0.0005597 0.0004579 0.0004579 0.0018366 0.0016321 0.0016833 0.0016321 0.0017341 0.0013767 0.0014280 0.0012232 0.0012232 0.0011721 0.0322732 0.0315470 0.0315467 0.0314920 0.0330255 0.0362044 0.0371088 0.0381921 1.2704959 1.2855124 
EBOV_H.sap-wt_SLE_14_Makona-Kenema-G5685_1_KR105317        1.7007262 1.6995372 1.7139544 1.8540328 1.8545438 0.0024002 0.0014275 0.0012228 0.0011208 0.0010689 0.0009161 0.0009161 0.0010700 0.0013257 0.0011719 0.0010689 0.0010179 0.0010179 0.0010179 0.0009670 0.0009161 0.0009161 0.0007124 0.0007124 0.0008142 0.0009161 0.0001526 0.0000000 0.0009161 0.0009161 0.0008652 0.0008652 0.0009161 0.0008142 0.0009161 0.0007633 0.0008652 0.0007633 0.0007633 0.0008142 0.0006615 0.0007633 0.0006106 0.0006106 0.0007124 0.0007633 0.0007633 0.0006106 0.0006615 0.0006106 0.0006106 0.0006106 0.0006106 0.0006106 0.0004579 0.0004579 0.0005597 0.0006106 0.0005597 0.0005088 0.0005088 0.0005088 0.0005088 0.0005088 0.0005088 0.0005088 0.0004579 0.0004579 0.0005597 0.0005597 0.0006615 0.0006106 0.0005088 0.0005088 0.0018877 0.0016832 0.0017343 0.0016832 0.0017852 0.0014278 0.0014790 0.0012742 0.0012742 0.0012231 0.0323275 0.0316013 0.0316009 0.0315462 0.0330800 0.0362592 0.0371637 0.0382471 1.2697729 1.2849419 
EBOV_H.sap-wt_SLE_14_Makona-J0171_KP759707                 1.6991319 1.6976807 1.7117925 1.8533258 1.8538370 0.0024003 0.0012232 0.0012229 0.0011209 0.0010699 0.0009161 0.0009161 0.0010701 0.0013257 0.0011719 0.0010689 0.0010179 0.0011210 0.0010179 0.0009670 0.0009161 0.0009161 0.0009161 0.0009161 0.0008142 0.0009161 0.0008652 0.0009161 0.0000000 0.0000010 0.0008652 0.0009670 0.0009161 0.0008142 0.0009161 0.0008652 0.0009670 0.0007633 0.0007633 0.0009161 0.0006615 0.0008652 0.0007124 0.0007124 0.0005088 0.0007633 0.0007633 0.0006106 0.0004579 0.0004070 0.0006106 0.0006106 0.0006106 0.0006106 0.0005597 0.0005597 0.0005597 0.0006106 0.0005597 0.0005088 0.0005088 0.0005088 0.0005088 0.0005088 0.0005088 0.0005088 0.0004579 0.0004579 0.0006615 0.0006615 0.0007633 0.0007124 0.0006106 0.0006106 0.0018878 0.0016833 0.0017344 0.0016832 0.0017852 0.0013764 0.0014276 0.0012743 0.0012743 0.0012232 0.0322637 0.0315378 0.0315374 0.0314828 0.0330291 0.0362083 0.0371128 0.0381962 1.2691156 1.2841203 
EBOV_H.sap-wt_SLE_14_Makona-J0174_KP759708                 1.6991319 1.6976807 1.7117925 1.8533258 1.8538370 0.0024003 0.0012232 0.0012229 0.0011209 0.0010699 0.0009161 0.0009161 0.0010701 0.0013257 0.0011719 0.0010689 0.0010179 0.0011210 0.0010179 0.0009670 0.0009161 0.0009161 0.0009161 0.0009161 0.0008142 0.0009161 0.0008652 0.0009161 0.0000010 0.0000000 0.0008652 0.0009670 0.0009161 0.0008142 0.0009161 0.0008652 0.0009670 0.0007633 0.0007633 0.0009161 0.0006615 0.0008652 0.0007124 0.0007124 0.0005088 0.0007633 0.0007633 0.0006106 0.0004579 0.0004070 0.0006106 0.0006106 0.0006106 0.0006106 0.0005597 0.0005597 0.0005597 0.0006106 0.0005597 0.0005088 0.0005088 0.0005088 0.0005088 0.0005088 0.0005088 0.0005088 0.0004579 0.0004579 0.0006615 0.0006615 0.0007633 0.0007124 0.0006106 0.0006106 0.0018878 0.0016833 0.0017344 0.0016832 0.0017852 0.0013764 0.0014276 0.0012743 0.0012743 0.0012232 0.0322637 0.0315378 0.0315374 0.0314828 0.0330291 0.0362083 0.0371128 0.0381962 1.2691156 1.2841203 
EBOV_H.sap-wt_GIN_14_Makona-Gueckedou-EM_076138_KR817140   1.7013129 1.6999059 1.7145238 1.8550688 1.8555801 0.0023499 0.0013769 0.0011723 0.0010702 0.0010192 0.0008652 0.0008652 0.0010194 0.0012751 0.0011213 0.0010192 0.0009681 0.0010703 0.0009681 0.0009173 0.0008652 0.0007633 0.0008652 0.0008652 0.0007633 0.0008663 0.0008142 0.0008652 0.0008652 0.0008652 0.0000000 0.0009172 0.0008652 0.0007643 0.0008663 0.0008142 0.0009161 0.0007124 0.0007124 0.0008652 0.0006106 0.0008142 0.0006615 0.0006615 0.0006615 0.0007124 0.0007124 0.0005597 0.0006106 0.0005597 0.0005597 0.0005597 0.0005597 0.0005597 0.0005088 0.0005088 0.0005088 0.0005597 0.0005088 0.0004579 0.0004579 0.0004579 0.0004579 0.0004579 0.0004579 0.0004579 0.0004070 0.0004070 0.0006106 0.0006106 0.0007124 0.0006615 0.0005597 0.0005597 0.0018373 0.0016327 0.0016839 0.0016327 0.0017347 0.0013772 0.0014285 0.0012236 0.0012236 0.0011725 0.0322315 0.0315051 0.0315047 0.0314501 0.0330371 0.0362171 0.0371218 0.0382054 1.2702563 1.2864195 
EBOV_H.sap-wt_SLE_14_Makona-J0128_KP759677                 1.6994748 1.6982628 1.7128558 1.8524269 1.8529376 0.0024520 0.0014789 0.0012742 0.0011721 0.0011211 0.0009670 0.0009670 0.0011213 0.0013771 0.0012232 0.0011210 0.0010699 0.0008652 0.0010700 0.0010192 0.0009670 0.0009681 0.0008652 0.0008652 0.0008652 0.0009681 0.0008142 0.0008652 0.0009670 0.0009670 0.0009172 0.0000000 0.0009670 0.0008662 0.0009682 0.0007124 0.0007124 0.0008142 0.0008142 0.0006615 0.0007124 0.0006106 0.0005597 0.0005597 0.0007633 0.0008142 0.0008142 0.0006615 0.0007124 0.0006615 0.0006615 0.0006615 0.0006615 0.0006615 0.0005088 0.0005088 0.0006106 0.0006615 0.0006106 0.0005597 0.0005597 0.0005597 0.0005597 0.0005597 0.0005597 0.0005597 0.0005088 0.0005088 0.0004070 0.0005088 0.0006106 0.0005597 0.0004579 0.0004579 0.0019393 0.0017347 0.0017859 0.0017347 0.0018367 0.0014792 0.0015305 0.0013256 0.0013256 0.0012745 0.0323910 0.0316645 0.0316641 0.0316094 0.0331438 0.0363244 0.0372292 0.0383130 1.2695096 1.2837368 
EBOV_H.sap-wt_GIN_14_Makona-Macenta-EM_076322_KR817145     1.7012809 1.6998246 1.7144364 1.8541449 1.8546560 0.0024002 0.0014275 0.0012228 0.0011208 0.0010689 0.0009161 0.0009161 0.0010700 0.0013257 0.0011719 0.0010689 0.0010179 0.0011209 0.0009161 0.0009670 0.0009161 0.0009161 0.0009161 0.0009161 0.0008142 0.0009161 0.0008652 0.0009161 0.0009161 0.0009161 0.0008652 0.0009670 0.0000000 0.0008142 0.0009161 0.0008652 0.0009670 0.0007633 0.0007633 0.0009161 0.0006615 0.0008652 0.0007124 0.0007124 0.0007124 0.0007633 0.0007633 0.0006106 0.0006615 0.0006106 0.0006106 0.0006106 0.0006106 0.0006106 0.0005597 0.0005597 0.0005597 0.0005088 0.0005597 0.0005088 0.0005088 0.0005088 0.0005088 0.0005088 0.0005088 0.0004070 0.0004579 0.0004579 0.0006615 0.0006615 0.0007633 0.0007124 0.0006106 0.0006106 0.0018877 0.0016832 0.0017343 0.0016832 0.0017852 0.0014278 0.0014790 0.0012742 0.0012742 0.0012231 0.0322166 0.0314906 0.0314902 0.0314355 0.0329687 0.0361470 0.0370512 0.0381343 1.2699197 1.2853887 
EBOV_H.sap-wt_GIN_15_Makona-Faranah-EM_004503_KR817102     1.7005597 1.6991051 1.7137075 1.8523551 1.8528660 0.0022987 0.0013259 0.0011212 0.0010192 0.0009682 0.0008142 0.0008142 0.0009684 0.0012240 0.0010702 0.0009681 0.0009161 0.0010193 0.0009171 0.0008663 0.0008142 0.0008152 0.0008142 0.0008142 0.0005088 0.0006106 0.0007633 0.0008142 0.0008142 0.0008142 0.0007643 0.0008662 0.0008142 0.0000000 0.0001017 0.0007633 0.0008652 0.0006615 0.0006615 0.0008142 0.0005597 0.0007633 0.0006106 0.0006106 0.0006106 0.0006615 0.0006615 0.0005088 0.0005597 0.0005088 0.0005088 0.0005088 0.0005088 0.0005088 0.0004579 0.0004579 0.0004579 0.0005088 0.0004579 0.0004070 0.0004070 0.0004070 0.0004070 0.0004070 0.0004070 0.0004070 0.0003561 0.0003561 0.0005597 0.0005597 0.0006615 0.0006106 0.0005088 0.0005088 0.0017861 0.0015816 0.0016327 0.0015816 0.0016836 0.0013261 0.0013774 0.0011726 0.0011726 0.0011215 0.0322287 0.0315024 0.0315020 0.0314473 0.0329811 0.0361606 0.0370651 0.0381485 1.2696314 1.2847138 
EBOV_H.sap-wt_GIN_15_Makona-Kissidougou-EM_004555_KR817103 1.7010301 1.6995747 1.7141802 1.8522362 1.8527470 0.0024011 0.0014280 0.0012233 0.0011212 0.0010703 0.0009171 0.0009171 0.0010705 0.0013262 0.0011723 0.0010702 0.0010191 0.0011213 0.0010191 0.0009683 0.0009161 0.0009173 0.0009161 0.0009161 0.0006106 0.0007124 0.0008652 0.0009161 0.0009161 0.0009161 0.0008663 0.0009682 0.0009161 0.0001017 0.0000000 0.0008652 0.0009680 0.0007633 0.0007633 0.0009161 0.0006615 0.0008652 0.0007124 0.0007124 0.0007124 0.0007633 0.0007633 0.0006106 0.0006615 0.0006106 0.0006106 0.0006106 0.0006106 0.0006106 0.0005597 0.0005597 0.0005597 0.0006106 0.0005597 0.0005088 0.0005088 0.0005088 0.0005088 0.0005088 0.0005088 0.0005088 0.0004579 0.0004579 0.0006615 0.0006615 0.0007633 0.0007124 0.0006106 0.0006106 0.0018884 0.0016838 0.0017350 0.0016838 0.0017859 0.0014283 0.0014796 0.0012747 0.0012747 0.0012236 0.0323394 0.0316129 0.0316125 0.0315578 0.0330921 0.0362725 0.0371773 0.0382610 1.2696314 1.2847138 
EBOV_H.sap-wt_SLE_14_Makona-Kenema-G5039_1_KR105295        1.7002181 1.6987641 1.7133649 1.8534731 1.8539840 0.0023491 0.0013765 0.0011719 0.0010689 0.0010179 0.0008652 0.0008652 0.0010191 0.0012747 0.0011209 0.0010179 0.0009670 0.0008652 0.0009670 0.0009161 0.0008652 0.0008652 0.0007633 0.0007633 0.0007633 0.0008652 0.0007124 0.0007633 0.0008652 0.0008652 0.0008142 0.0007124 0.0008652 0.0007633 0.0008652 0.0000000 0.0007124 0.0007124 0.0007124 0.0006615 0.0006106 0.0006106 0.0004579 0.0004579 0.0006615 0.0007124 0.0007124 0.0005597 0.0006106 0.0005597 0.0005597 0.0005597 0.0005597 0.0005597 0.0004070 0.0004070 0.0005088 0.0005597 0.0005088 0.0004579 0.0004579 0.0004579 0.0004579 0.0004579 0.0004579 0.0004579 0.0004070 0.0004070 0.0004070 0.0004070 0.0005088 0.0004579 0.0003561 0.0003561 0.0018367 0.0016322 0.0016833 0.0016322 0.0017342 0.0013768 0.0014280 0.0012232 0.0012232 0.0011722 0.0322742 0.0315480 0.0315477 0.0314930 0.0330266 0.0362056 0.0369976 0.0380806 1.2710097 1.2848503 
EBOV_H.sap-wt_SLE_14_Makona-PortLoko-J0083_KP759752        1.7000014 1.6985982 1.7131415 1.8532482 1.8537592 0.0024515 0.0014786 0.0012739 0.0011719 0.0011209 0.0009670 0.0009670 0.0011211 0.0013768 0.0012229 0.0011208 0.0010689 0.0008652 0.0010689 0.0010190 0.0009670 0.0009670 0.0008652 0.0008652 0.0008652 0.0009670 0.0008142 0.0008652 0.0009670 0.0009670 0.0009161 0.0007124 0.0009670 0.0008652 0.0009680 0.0007124 0.0000000 0.0008142 0.0008142 0.0003561 0.0007124 0.0003052 0.0005597 0.0005597 0.0007633 0.0008142 0.0008142 0.0006615 0.0007124 0.0006615 0.0006615 0.0006615 0.0006615 0.0006615 0.0005088 0.0005088 0.0006106 0.0006615 0.0006106 0.0005597 0.0005597 0.0005597 0.0005597 0.0005597 0.0005597 0.0005597 0.0005088 0.0005088 0.0003052 0.0005088 0.0006106 0.0005597 0.0004579 0.0004579 0.0019389 0.0017343 0.0017855 0.0017343 0.0018363 0.0014789 0.0015302 0.0013253 0.0013253 0.0012742 0.0323838 0.0316574 0.0316570 0.0316024 0.0330254 0.0362043 0.0371086 0.0381919 1.2696632 1.2835489 
EBOV_H.sap-wt_LBR_15_Makona-Liberia-DQE6_KR075000          1.6996651 1.6983269 1.7129237 1.8531858 1.8536967 0.0022465 0.0012743 0.0010689 0.0009670 0.0009161 0.0007633 0.0007633 0.0009161 0.0011725 0.0010179 0.0009161 0.0008652 0.0009670 0.0008652 0.0008142 0.0007633 0.0007633 0.0007633 0.0007633 0.0006615 0.0007633 0.0007124 0.0007633 0.0007633 0.0007633 0.0007124 0.0008142 0.0007633 0.0006615 0.0007633 0.0007124 0.0008142 0.0000000 0.0006106 0.0007633 0.0005088 0.0007124 0.0005597 0.0005597 0.0005597 0.0006106 0.0006106 0.0004579 0.0005088 0.0004579 0.0004579 0.0004579 0.0004579 0.0004579 0.0004070 0.0004070 0.0004070 0.0004579 0.0004070 0.0003561 0.0003561 0.0003561 0.0003561 0.0003561 0.0003561 0.0003561 0.0003052 0.0003052 0.0005088 0.0005088 0.0006106 0.0005597 0.0004579 0.0004579 0.0017343 0.0015299 0.0015810 0.0015298 0.0016318 0.0012745 0.0013257 0.0011211 0.0011211 0.0010700 0.0321603 0.0314344 0.0314340 0.0313794 0.0329123 0.0360900 0.0369941 0.0380769 1.2682861 1.2840408 
EBOV_H.sap-wt_SLE_14_Makona-G3676.1_KM034554               1.6991856 1.6977339 1.7123722 1.8522983 1.8528089 0.0016322 0.0012746 0.0010701 0.0009680 0.0009161 0.0007633 0.0007633 0.0009172 0.0011728 0.0010191 0.0009161 0.0008652 0.0009681 0.0008652 0.0008142 0.0007633 0.0007633 0.0007633 0.0007633 0.0006615 0.0007633 0.0007124 0.0007633 0.0007633 0.0007633 0.0007124 0.0008142 0.0007633 0.0006615 0.0007633 0.0007124 0.0008142 0.0006106 0.0000000 0.0007633 0.0005088 0.0007124 0.0005597 0.0005597 0.0005597 0.0006106 0.0006106 0.0004579 0.0005088 0.0004579 0.0004579 0.0004579 0.0004579 0.0004579 0.0004070 0.0004070 0.0004070 0.0004579 0.0004070 0.0003561 0.0003561 0.0003561 0.0003561 0.0003561 0.0003561 0.0003561 0.0003052 0.0003052 0.0005088 0.0005088 0.0006106 0.0005597 0.0004579 0.0004579 0.0011210 0.0009161 0.0009670 0.0009161 0.0010179 0.0006615 0.0007124 0.0005088 0.0005088 0.0004579 0.0314864 0.0307619 0.0307615 0.0307070 0.0322364 0.0354075 0.0363097 0.0373904 1.2692213 1.2863953 
