93
RESTV_M.fas-tc_USA_89_Philippines89-Pennsylvania_NC_004161 0.0000000 0.0235274 0.0324406 1.8214039 1.8214451 2.0414821 2.0154054 1.8538389 1.8536382 1.8533656 1.8556499 1.8651808 1.8608196 1.8633544 1.8613802 1.8615052 1.8633112 1.8627021 1.8623292 1.8608894 1.8627090 1.8614899 1.8644663 1.8611785 1.8611785 1.8616419 1.8662176 1.8646145 1.8630649 1.8624752 1.8633073 1.8652809 1.8625157 1.8635090 1.8635090 1.8635403 1.8641060 1.8644135 1.8641127 1.8658669 1.8658669 1.8637870 1.8633073 1.8648569 1.8649893 1.8634323 1.8634323 1.8641630 1.8625486 1.8625486 1.8634323 1.8629601 1.8631323 1.8631323 1.8633791 1.8625837 1.8636518 1.8633385 1.8633958 1.8679548 1.8641254 1.8640098 1.8640343 1.8618438 1.8628409 1.8637668 1.8621495 1.8631935 1.8636170 1.8636170 1.8637278 1.8635301 1.8619141 1.8626794 1.8620370 1.8608338 1.8627016 1.8626654 1.8615844 1.8605344 1.8642146 1.8610291 1.8624158 1.8609252 1.8610502 1.8622381 1.8624893 1.8628682 1.8632356 1.8740347 1.8763322 1.8675880 1.8648636 
RESTV_S.dom-tc_PHL_08_Reston08-A_FJ621583                  0.0235274 0.0000000 0.0485143 1.8449025 1.8449440 2.0675288 2.0282207 1.8793329 1.8791222 1.8788463 1.8811700 1.8917254 1.8875376 1.8901333 1.8879075 1.8880337 1.8900795 1.8894556 1.8890769 1.8876159 1.8894698 1.8882303 1.8912590 1.8879062 1.8879062 1.8883742 1.8930371 1.8914138 1.8898301 1.8892263 1.8900743 1.8919075 1.8892666 1.8902777 1.8902777 1.8903104 1.8908894 1.8911999 1.8908903 1.8926831 1.8926831 1.8905586 1.8900743 1.8916458 1.8917830 1.8902006 1.8902006 1.8909460 1.8893080 1.8893080 1.8902006 1.8897248 1.8898996 1.8898996 1.8901478 1.8892903 1.8904230 1.8901070 1.8896103 1.8950657 1.8911551 1.8908622 1.8908881 1.8886596 1.8898505 1.8905483 1.8888992 1.8899490 1.8903876 1.8903876 1.8905021 1.8903094 1.8886622 1.8891024 1.8889395 1.8873866 1.8894567 1.8894199 1.8884842 1.8874163 1.8909982 1.8877592 1.8891664 1.8876557 1.8877819 1.8889806 1.8892425 1.8896230 1.8899933 1.9021140 1.9044443 1.8946202 1.8926758 
RESTV_S.dom-xx_PHL_08_Reston08-C_FJ621584                  0.0324406 0.0485143 0.0000000 1.8433446 1.8433861 2.0558528 2.0271469 1.8471375 1.8469395 1.8466678 1.8489874 1.8601992 1.8557844 1.8584702 1.8561765 1.8563013 1.8581026 1.8574961 1.8571242 1.8556879 1.8575016 1.8562860 1.8588457 1.8559769 1.8559769 1.8564396 1.8610001 1.8594003 1.8578567 1.8572696 1.8580988 1.8601150 1.8573102 1.8583004 1.8583004 1.8583314 1.8588948 1.8592018 1.8586914 1.8609767 1.8609767 1.8585779 1.8580988 1.8598903 1.8596116 1.8582237 1.8582237 1.8589518 1.8575062 1.8575062 1.8582237 1.8577520 1.8579238 1.8579238 1.8581704 1.8573777 1.8584428 1.8581298 1.8581870 1.8632793 1.8589139 1.8586359 1.8580646 1.8564762 1.8576329 1.8585558 1.8569440 1.8579062 1.8580005 1.8580005 1.8585181 1.8583194 1.8567089 1.8574269 1.8568339 1.8560412 1.8574953 1.8574592 1.8563816 1.8553347 1.8589222 1.8558270 1.8572103 1.8557230 1.8558478 1.8570340 1.8572833 1.8580695 1.8584363 1.8674673 1.8692035 1.8587492 1.8590879 
SUDV_H.sap-xx_UGA_12_EboSud-603_KC545390                   1.8214039 1.8449025 1.8433446 0.0000000 0.0001044 2.1360007 2.1520292 1.9687825 1.9702981 1.9704397 1.9705468 1.9963889 1.9936111 1.9947100 1.9935046 1.9935046 1.9950654 1.9943630 1.9924833 1.9906627 1.9904516 1.9919556 1.9909678 1.9934343 1.9934343 1.9925495 1.9957144 1.9954403 1.9930410 1.9924471 1.9932992 1.9931294 1.9919705 1.9931649 1.9931649 1.9934231 1.9934650 1.9934253 1.9953491 1.9934067 1.9934067 1.9923571 1.9932992 1.9942582 1.9946758 1.9934335 1.9934335 1.9948019 1.9911929 1.9911929 1.9935177 1.9935203 1.9928334 1.9928334 1.9930101 1.9921132 1.9931312 1.9929676 1.9923280 1.9978125 1.9918657 1.9913335 1.9906884 1.9925570 1.9911149 1.9916815 1.9934666 1.9935186 1.9924805 1.9924805 1.9955874 1.9920548 1.9928141 1.9958271 1.9967610 1.9960251 1.9979721 1.9983044 1.9950261 1.9965050 1.9957693 1.9950075 1.9940175 1.9935065 1.9937250 1.9935046 1.9940097 1.9922439 1.9913429 1.9946780 1.9976652 1.9857684 1.9800618 
SUDV_H.sap-xx_UGA_12_EboSud-609_KC545391                   1.8214451 1.8449440 1.8433861 0.0001044 0.0000000 2.1360434 2.1516436 1.9690008 1.9705165 1.9706581 1.9707653 1.9966104 1.9938323 1.9949312 1.9937257 1.9937257 1.9952867 1.9945842 1.9927043 1.9908836 1.9906724 1.9921765 1.9911886 1.9936554 1.9936554 1.9927706 1.9959358 1.9956616 1.9932620 1.9926681 1.9935203 1.9933504 1.9921915 1.9933860 1.9933860 1.9936442 1.9936861 1.9936465 1.9955704 1.9936278 1.9936278 1.9925782 1.9935203 1.9944794 1.9948970 1.9936546 1.9936546 1.9950231 1.9914138 1.9914138 1.9937388 1.9937414 1.9930544 1.9930544 1.9932311 1.9923342 1.9933523 1.9931887 1.9925490 1.9980342 1.9920867 1.9915543 1.9909093 1.9927781 1.9913358 1.9919025 1.9936877 1.9937397 1.9927016 1.9927016 1.9958087 1.9922757 1.9930351 1.9960486 1.9969825 1.9962465 1.9981938 1.9985261 1.9952474 1.9967264 1.9959907 1.9952288 1.9942387 1.9937276 1.9939461 1.9937257 1.9942308 1.9924649 1.9915637 1.9949000 1.9978875 1.9859894 1.9802822 
TAFV_H.sap-tc_CIV_94_Pauleoula-CI_NC_014372                2.0414821 2.0675288 2.0558528 2.1360007 2.1360434 0.0000000 0.7764414 1.2990129 1.2987591 1.2980976 1.2991210 1.3178636 1.3157616 1.3155915 1.3184816 1.3189428 1.3183405 1.3175453 1.3183078 1.3180116 1.3198897 1.3186610 1.3192406 1.3190942 1.3190942 1.3193710 1.3177221 1.3177318 1.3182525 1.3174630 1.3180034 1.3167814 1.3181271 1.3178171 1.3178171 1.3178227 1.3173434 1.3171358 1.3170828 1.3187361 1.3187361 1.3167820 1.3180034 1.3187093 1.3191240 1.3179537 1.3179537 1.3182140 1.3172864 1.3172864 1.3181897 1.3180348 1.3181852 1.3181852 1.3183153 1.3174915 1.3178153 1.3180090 1.3184840 1.3172960 1.3174451 1.3174747 1.3179287 1.3185310 1.3183343 1.3174299 1.3184244 1.3182779 1.3180486 1.3180486 1.3191934 1.3183819 1.3180958 1.3171376 1.3186900 1.3175301 1.3187743 1.3186543 1.3177953 1.3175941 1.3184404 1.3174040 1.3171514 1.3164288 1.3166150 1.3162267 1.3170185 1.3172632 1.3185398 1.3183428 1.3212192 1.3164994 1.3152503 
BDBV_H.sap-xx_COD_12_EboBund-122_KC545395                  2.0154054 2.0282207 2.0271469 2.1520292 2.1516436 0.7764414 0.0000000 1.3205205 1.3199024 1.3192948 1.3214557 1.3534031 1.3510699 1.3518489 1.3519972 1.3523721 1.3522544 1.3519173 1.3515244 1.3529015 1.3520050 1.3529811 1.3514891 1.3515396 1.3515396 1.3536167 1.3522625 1.3537779 1.3524883 1.3516864 1.3522380 1.3536483 1.3517408 1.3524140 1.3524140 1.3524209 1.3526335 1.3528839 1.3524748 1.3548682 1.3548682 1.3525177 1.3522380 1.3529576 1.3538513 1.3521892 1.3521892 1.3524612 1.3527982 1.3527982 1.3523374 1.3522699 1.3521455 1.3521455 1.3523513 1.3527969 1.3525086 1.3522449 1.3527546 1.3557955 1.3526751 1.3523227 1.3522142 1.3522059 1.3527809 1.3515043 1.3531618 1.3525823 1.3524975 1.3524975 1.3527950 1.3529058 1.3524928 1.3509311 1.3529138 1.3524011 1.3518922 1.3522288 1.3514942 1.3515778 1.3513643 1.3519102 1.3519718 1.3524783 1.3523025 1.3514883 1.3521647 1.3527915 1.3530986 1.3398892 1.3390213 1.3426622 1.3408232 
EBOV_H.sap-tc_COD_07_1Luebo_KC242786                       1.8538389 1.8793329 1.8471375 1.9687825 1.9690008 1.2990129 1.3205205 0.0000000 0.0002043 0.0004086 0.0006130 0.0333031 0.0323319 0.0321723 0.0329032 0.0328476 0.0327893 0.0323337 0.0325663 0.0331866 0.0331964 0.0330149 0.0330243 0.0329610 0.0329610 0.0329589 0.0328511 0.0331284 0.0325026 0.0325029 0.0324464 0.0328942 0.0325656 0.0325019 0.0325019 0.0325577 0.0326704 0.0326146 0.0330072 0.0331329 0.0331329 0.0326742 0.0324464 0.0327328 0.0331773 0.0325023 0.0325023 0.0326181 0.0328433 0.0328433 0.0325023 0.0325581 0.0325577 0.0325577 0.0326139 0.0325594 0.0326203 0.0325022 0.0326699 0.0334696 0.0329495 0.0332854 0.0330583 0.0330603 0.0328380 0.0325587 0.0327284 0.0327313 0.0325572 0.0325572 0.0327332 0.0326146 0.0327266 0.0326848 0.0326220 0.0325613 0.0328437 0.0330115 0.0323376 0.0325649 0.0327875 0.0326728 0.0321107 0.0319925 0.0320484 0.0319868 0.0319315 0.0320464 0.0322187 0.0234759 0.0246355 0.0230746 0.0198461 
EBOV_H.sap-tc_COD_07_M-M_HQ613403                          1.8536382 1.8791222 1.8469395 1.9702981 1.9705165 1.2987591 1.3199024 0.0002043 0.0000000 0.0002043 0.0004086 0.0330771 0.0321066 0.0319470 0.0326774 0.0326219 0.0325636 0.0321084 0.0323408 0.0329607 0.0329705 0.0327891 0.0327985 0.0327353 0.0327353 0.0327332 0.0326253 0.0329025 0.0322771 0.0322774 0.0322210 0.0326686 0.0323401 0.0322764 0.0322764 0.0323322 0.0324449 0.0323891 0.0327815 0.0329070 0.0329070 0.0324487 0.0322210 0.0325072 0.0329515 0.0322769 0.0322769 0.0323926 0.0326176 0.0326176 0.0322769 0.0323326 0.0323322 0.0323322 0.0323884 0.0323339 0.0323948 0.0322767 0.0324444 0.0332435 0.0327238 0.0330595 0.0328326 0.0328346 0.0326123 0.0323332 0.0325028 0.0325057 0.0323318 0.0323318 0.0325076 0.0323891 0.0325010 0.0324591 0.0323965 0.0323358 0.0326181 0.0327858 0.0321122 0.0323393 0.0325619 0.0324472 0.0318855 0.0317674 0.0318233 0.0317618 0.0317064 0.0318213 0.0319934 0.0232562 0.0244151 0.0228553 0.0196289 
EBOV_H.sap-tc_COD_07_5Luebo_KC242790                       1.8533656 1.8788463 1.8466678 1.9704397 1.9706581 1.2980976 1.3192948 0.0004086 0.0002043 0.0000000 0.0006130 0.0333019 0.0323308 0.0321711 0.0329020 0.0328464 0.0327881 0.0323326 0.0325652 0.0331855 0.0331952 0.0330137 0.0330231 0.0329599 0.0329599 0.0329577 0.0328499 0.0331272 0.0325014 0.0325017 0.0324452 0.0328931 0.0325645 0.0325007 0.0325007 0.0325565 0.0326693 0.0326135 0.0330060 0.0331317 0.0331317 0.0326731 0.0324452 0.0327316 0.0331761 0.0325012 0.0325012 0.0326169 0.0328421 0.0328421 0.0325012 0.0325570 0.0325565 0.0325565 0.0326127 0.0325582 0.0326192 0.0325010 0.0326688 0.0334684 0.0329483 0.0332842 0.0330571 0.0330591 0.0328368 0.0325575 0.0327272 0.0327301 0.0325561 0.0325561 0.0327321 0.0326134 0.0327254 0.0326836 0.0326209 0.0325601 0.0328426 0.0330104 0.0323364 0.0325637 0.0327864 0.0326716 0.0321096 0.0319914 0.0320473 0.0319857 0.0319303 0.0320452 0.0322175 0.0234751 0.0246347 0.0230738 0.0198455 
EBOV_H.sap-tc_COD_08_034-KS_HQ613402                       1.8556499 1.8811700 1.8489874 1.9705468 1.9707653 1.2991210 1.3214557 0.0006130 0.0004086 0.0006130 0.0000000 0.0334705 0.0324988 0.0323392 0.0330704 0.0330148 0.0329564 0.0325007 0.0327334 0.0333540 0.0333638 0.0331821 0.0331916 0.0331283 0.0331283 0.0331261 0.0330182 0.0332957 0.0326696 0.0326699 0.0326134 0.0330614 0.0327327 0.0326689 0.0326689 0.0327247 0.0328375 0.0327817 0.0331744 0.0333002 0.0333002 0.0328413 0.0326134 0.0328999 0.0333446 0.0326693 0.0326693 0.0327852 0.0330104 0.0330104 0.0326693 0.0327251 0.0327247 0.0327247 0.0327810 0.0327264 0.0327874 0.0326692 0.0328370 0.0336371 0.0331166 0.0334527 0.0332255 0.0332275 0.0330051 0.0327257 0.0328955 0.0328984 0.0327242 0.0327242 0.0329003 0.0327816 0.0328937 0.0328519 0.0327891 0.0327283 0.0330109 0.0331788 0.0325045 0.0327319 0.0329547 0.0328398 0.0322776 0.0321593 0.0322152 0.0321536 0.0320982 0.0322132 0.0323856 0.0236958 0.0248562 0.0232941 0.0200636 
EBOV_H.sap-wt_GIN_14_Makona-Gueckedou-EM_080076_KR817235   1.8651808 1.8917254 1.8601992 1.9963889 1.9966104 1.3178636 1.3534031 0.0333031 0.0330771 0.0333019 0.0334705 0.0000000 0.0016401 0.0018461 0.0025664 0.0025149 0.0023603 0.0019484 0.0021546 0.0027211 0.0027220 0.0025664 0.0026184 0.0025150 0.0025150 0.0025149 0.0024632 0.0027211 0.0021027 0.0021027 0.0020512 0.0025657 0.0022055 0.0021026 0.0021026 0.0021540 0.0023598 0.0023084 0.0026687 0.0027720 0.0027720 0.0023601 0.0020512 0.0023598 0.0027204 0.0021026 0.0021026 0.0022057 0.0024116 0.0024116 0.0021026 0.0021541 0.0021540 0.0021540 0.0022055 0.0021541 0.0022569 0.0021026 0.0023598 0.0030821 0.0026171 0.0029782 0.0028231 0.0027720 0.0025141 0.0022569 0.0024114 0.0025145 0.0022568 0.0022568 0.0025659 0.0022571 0.0023084 0.0023092 0.0022572 0.0022571 0.0025146 0.0026690 0.0021542 0.0023603 0.0024631 0.0022571 0.0017429 0.0017943 0.0018457 0.0018969 0.0018456 0.0020512 0.0022058 0.0377952 0.0388941 0.0372661 0.0339449 
EBOV_H.sap-wt_GIN_14_Makona-Gueckedou-EM_079702_KR817210   1.8608196 1.8875376 1.8557844 1.9936111 1.9938323 1.3157616 1.3510699 0.0323319 0.0321066 0.0323308 0.0324988 0.0016401 0.0000000 0.0008184 0.0015373 0.0014860 0.0013319 0.0009208 0.0011268 0.0016915 0.0016920 0.0015373 0.0015890 0.0014861 0.0014861 0.0014860 0.0014345 0.0016915 0.0010744 0.0010744 0.0010232 0.0015369 0.0011768 0.0010744 0.0010744 0.0011256 0.0013316 0.0012804 0.0016396 0.0017425 0.0017425 0.0013318 0.0010232 0.0013316 0.0016911 0.0010744 0.0010744 0.0011779 0.0013831 0.0013831 0.0010744 0.0011256 0.0011256 0.0011256 0.0011768 0.0011256 0.0012290 0.0010744 0.0013316 0.0020514 0.0015882 0.0019480 0.0017936 0.0017425 0.0014855 0.0012290 0.0013830 0.0014858 0.0012280 0.0012280 0.0015370 0.0012292 0.0012804 0.0012808 0.0012292 0.0012291 0.0014858 0.0016398 0.0011256 0.0013319 0.0014344 0.0012291 0.0007161 0.0007673 0.0008184 0.0008696 0.0008184 0.0010232 0.0011779 0.0368712 0.0379670 0.0363336 0.0330320 
EBOV_H.sap-wt_GIN_14_Makona-Gueckedou-EM_079587_KR817202   1.8633544 1.8901333 1.8584702 1.9947100 1.9949312 1.3155915 1.3518489 0.0321723 0.0319470 0.0321711 0.0323392 0.0018461 0.0008184 0.0000000 0.0014351 0.0013838 0.0012297 0.0008184 0.0010245 0.0015893 0.0015898 0.0014351 0.0014868 0.0013839 0.0013839 0.0013838 0.0013323 0.0015893 0.0009730 0.0009730 0.0009208 0.0014347 0.0010756 0.0009720 0.0009720 0.0010243 0.0012295 0.0011782 0.0015374 0.0016403 0.0016403 0.0012296 0.0009208 0.0012294 0.0015889 0.0009730 0.0009730 0.0010757 0.0012809 0.0012809 0.0009730 0.0010243 0.0010243 0.0010243 0.0010756 0.0010243 0.0011268 0.0009730 0.0012294 0.0019492 0.0014860 0.0018459 0.0016914 0.0016403 0.0013834 0.0011269 0.0012808 0.0013836 0.0011268 0.0011268 0.0014349 0.0011270 0.0011782 0.0011786 0.0011270 0.0011269 0.0013836 0.0015376 0.0010244 0.0012297 0.0013323 0.0011269 0.0006137 0.0006649 0.0007161 0.0007673 0.0007161 0.0009208 0.0010757 0.0367694 0.0378652 0.0362319 0.0329302 
EBOV_H.sap-wt_GIN_14_Makona-Gueckedou-EM_079750_KR817213   1.8613802 1.8879075 1.8561765 1.9935046 1.9937257 1.3184816 1.3519972 0.0329032 0.0326774 0.0329020 0.0330704 0.0025664 0.0015373 0.0014351 0.0000000 0.0001534 0.0019488 0.0015374 0.0017433 0.0023092 0.0023099 0.0021546 0.0022065 0.0021033 0.0021033 0.0021032 0.0020516 0.0023092 0.0016915 0.0016915 0.0016401 0.0021540 0.0017942 0.0016915 0.0016915 0.0017428 0.0019484 0.0018970 0.0022570 0.0023601 0.0023601 0.0019486 0.0016401 0.0019484 0.0023085 0.0016915 0.0016915 0.0017944 0.0020001 0.0020001 0.0016915 0.0017428 0.0017428 0.0017428 0.0017942 0.0017429 0.0018456 0.0016915 0.0019483 0.0026697 0.0022054 0.0025660 0.0024112 0.0023601 0.0021026 0.0018456 0.0019999 0.0021029 0.0018455 0.0018455 0.0021542 0.0018458 0.0018970 0.0018977 0.0018459 0.0018457 0.0021029 0.0022572 0.0017430 0.0019488 0.0020515 0.0018458 0.0013321 0.0013834 0.0014348 0.0014860 0.0014347 0.0016401 0.0017945 0.0374524 0.0384361 0.0369135 0.0336059 
EBOV_H.sap-wt_GIN_14_Makona-Gueckedou-EM_079910_KR817221   1.8615052 1.8880337 1.8563013 1.9935046 1.9937257 1.3189428 1.3523721 0.0328476 0.0326219 0.0328464 0.0330148 0.0025149 0.0014860 0.0013838 0.0001534 0.0000000 0.0018974 0.0014861 0.0016919 0.0022578 0.0022584 0.0021032 0.0021551 0.0020519 0.0020519 0.0020518 0.0020002 0.0022577 0.0016402 0.0016402 0.0015888 0.0021026 0.0017429 0.0016401 0.0016401 0.0016915 0.0018970 0.0018457 0.0022055 0.0023087 0.0023087 0.0018972 0.0015888 0.0018970 0.0022571 0.0016401 0.0016401 0.0017431 0.0019487 0.0019487 0.0016401 0.0016915 0.0016915 0.0016915 0.0017429 0.0016916 0.0017942 0.0016401 0.0018970 0.0026183 0.0021540 0.0025146 0.0023598 0.0023087 0.0020512 0.0017942 0.0019485 0.0020515 0.0017942 0.0017942 0.0021028 0.0017944 0.0018456 0.0018463 0.0017945 0.0017944 0.0020515 0.0022058 0.0016916 0.0018974 0.0020001 0.0017944 0.0012808 0.0013321 0.0013835 0.0014347 0.0013834 0.0015888 0.0017431 0.0373961 0.0383797 0.0368573 0.0335501 
EBOV_H.sap-wt_LBR_14_Makona-LIBR0430_KR006955              1.8633112 1.8900795 1.8581026 1.9950654 1.9952867 1.3183405 1.3522544 0.0327893 0.0325636 0.0327881 0.0329564 0.0023603 0.0013319 0.0012297 0.0019488 0.0018974 0.0000000 0.0005114 0.0007161 0.0012811 0.0012814 0.0011270 0.0011785 0.0010758 0.0010758 0.0010757 0.0010243 0.0012810 0.0006649 0.0006649 0.0006137 0.0011267 0.0007673 0.0006649 0.0006649 0.0007161 0.0009208 0.0008696 0.0012293 0.0013320 0.0013320 0.0009208 0.0006137 0.0009208 0.0012807 0.0006649 0.0006649 0.0007673 0.0009730 0.0009730 0.0006649 0.0007161 0.0007161 0.0007161 0.0007673 0.0007161 0.0008184 0.0006649 0.0009208 0.0016406 0.0011779 0.0015374 0.0013832 0.0013321 0.0010744 0.0008184 0.0009720 0.0010755 0.0008184 0.0008184 0.0011268 0.0008184 0.0008696 0.0008706 0.0008184 0.0008184 0.0010756 0.0012294 0.0007161 0.0009208 0.0010243 0.0008184 0.0006137 0.0011781 0.0012294 0.0012806 0.0012293 0.0014347 0.0015889 0.0373366 0.0384341 0.0367980 0.0334915 
EBOV_H.sap-wt_SLE_14_Makona-G3734.1_KM233055               1.8627021 1.8894556 1.8574961 1.9943630 1.9945842 1.3175453 1.3519173 0.0323337 0.0321084 0.0323326 0.0325007 0.0019484 0.0009208 0.0008184 0.0015374 0.0014861 0.0005114 0.0000000 0.0002045 0.0007673 0.0007673 0.0006137 0.0006649 0.0005626 0.0005626 0.0005626 0.0005114 0.0007673 0.0001534 0.0001534 0.0001023 0.0006137 0.0002557 0.0001534 0.0001534 0.0002045 0.0004091 0.0003580 0.0007161 0.0008184 0.0008184 0.0004091 0.0001023 0.0004091 0.0007673 0.0001534 0.0001534 0.0002557 0.0004603 0.0004603 0.0001534 0.0002045 0.0002045 0.0002045 0.0002557 0.0002045 0.0003068 0.0001534 0.0004091 0.0011269 0.0006649 0.0010232 0.0008696 0.0008184 0.0005626 0.0003068 0.0004603 0.0005626 0.0003068 0.0003068 0.0006137 0.0003068 0.0004603 0.0004603 0.0004091 0.0004091 0.0006649 0.0008184 0.0003068 0.0005114 0.0006137 0.0004091 0.0002045 0.0007673 0.0008184 0.0008696 0.0008184 0.0010232 0.0011780 0.0368733 0.0379691 0.0363357 0.0330339 
EBOV_H.sap-wt_LBR_15_Makona-Liberia-DQE4_KR074998          1.8623292 1.8890769 1.8571242 1.9924833 1.9927043 1.3183078 1.3515244 0.0325663 0.0323408 0.0325652 0.0327334 0.0021546 0.0011268 0.0010245 0.0017433 0.0016919 0.0007161 0.0002045 0.0000000 0.0007673 0.0007684 0.0006137 0.0006649 0.0005626 0.0005626 0.0005626 0.0005114 0.0007673 0.0001534 0.0001534 0.0001023 0.0006137 0.0002557 0.0001534 0.0001534 0.0002045 0.0004091 0.0003580 0.0007161 0.0008184 0.0008184 0.0004091 0.0001023 0.0004091 0.0007673 0.0001534 0.0001534 0.0002557 0.0004603 0.0004603 0.0001534 0.0002045 0.0002045 0.0002045 0.0002557 0.0002045 0.0003068 0.0001534 0.0004091 0.0011272 0.0006649 0.0010243 0.0008696 0.0008184 0.0005626 0.0003068 0.0004603 0.0005626 0.0003068 0.0003068 0.0006137 0.0003068 0.0006649 0.0006649 0.0006137 0.0006137 0.0008696 0.0010243 0.0005114 0.0007161 0.0008184 0.0006137 0.0004091 0.0009730 0.0010243 0.0010755 0.0010242 0.0012294 0.0013836 0.0371105 0.0382073 0.0365722 0.0332676 
EBOV_H.sap-wt_GIN_14_Makona-Kankan-EM_078639_KR817166      1.8608894 1.8876159 1.8556879 1.9906627 1.9908836 1.3180116 1.3529015 0.0331866 0.0329607 0.0331855 0.0333540 0.0027211 0.0016915 0.0015893 0.0023092 0.0022578 0.0012811 0.0007673 0.0007673 0.0000000 0.0004091 0.0003580 0.0006137 0.0005114 0.0005114 0.0008184 0.0010757 0.0013325 0.0007161 0.0007161 0.0006649 0.0011781 0.0008184 0.0007161 0.0007161 0.0007673 0.0009720 0.0009208 0.0012808 0.0013835 0.0013835 0.0009731 0.0006649 0.0009720 0.0013322 0.0007161 0.0007161 0.0008184 0.0010244 0.0010244 0.0007161 0.0007673 0.0007673 0.0007673 0.0008184 0.0007673 0.0008696 0.0007161 0.0009720 0.0016922 0.0012294 0.0015890 0.0014347 0.0013836 0.0011268 0.0008696 0.0010243 0.0011270 0.0008696 0.0008696 0.0011782 0.0008696 0.0012295 0.0012299 0.0011783 0.0011783 0.0014350 0.0015890 0.0010757 0.0012810 0.0013836 0.0011783 0.0009720 0.0015376 0.0015890 0.0016402 0.0015889 0.0017944 0.0019489 0.0376917 0.0387905 0.0371522 0.0338416 
EBOV_H.sap-wt_GIN_14_Makona-Faranah-EM_078415_KR817160     1.8627090 1.8894698 1.8575016 1.9904516 1.9906724 1.3198897 1.3520050 0.0331964 0.0329705 0.0331952 0.0333638 0.0027220 0.0016920 0.0015898 0.0023099 0.0022584 0.0012814 0.0007673 0.0007684 0.0004091 0.0000000 0.0003580 0.0006137 0.0005114 0.0005114 0.0008184 0.0010761 0.0013329 0.0007161 0.0007161 0.0006649 0.0011785 0.0008195 0.0007161 0.0007161 0.0007673 0.0009733 0.0009220 0.0012812 0.0013840 0.0013840 0.0009734 0.0006649 0.0009733 0.0013326 0.0007161 0.0007161 0.0008195 0.0010247 0.0010247 0.0007161 0.0007673 0.0007673 0.0007673 0.0008184 0.0007673 0.0008707 0.0007161 0.0009733 0.0016927 0.0012298 0.0015894 0.0014351 0.0013840 0.0011271 0.0008707 0.0010246 0.0011273 0.0008707 0.0008707 0.0011786 0.0008708 0.0012299 0.0012303 0.0011787 0.0011786 0.0014354 0.0015895 0.0010760 0.0012814 0.0013840 0.0011786 0.0009733 0.0015381 0.0015895 0.0016407 0.0015893 0.0017949 0.0019494 0.0377028 0.0388020 0.0371631 0.0338516 
EBOV_H.sap-wt_GIN_14_Makona-Macenta-EM_076191_KR817141     1.8614899 1.8882303 1.8562860 1.9919556 1.9921765 1.3186610 1.3529811 0.0330149 0.0327891 0.0330137 0.0331821 0.0025664 0.0015373 0.0014351 0.0021546 0.0021032 0.0011270 0.0006137 0.0006137 0.0003580 0.0003580 0.0000000 0.0004603 0.0003580 0.0003580 0.0006649 0.0009208 0.0011784 0.0005626 0.0005626 0.0005114 0.0010232 0.0006649 0.0005626 0.0005626 0.0006137 0.0008184 0.0007673 0.0011267 0.0012295 0.0012295 0.0008184 0.0005114 0.0008184 0.0011781 0.0005626 0.0005626 0.0006649 0.0008696 0.0008696 0.0005626 0.0006137 0.0006137 0.0006137 0.0006649 0.0006137 0.0007161 0.0005626 0.0008184 0.0015379 0.0010754 0.0014348 0.0012806 0.0012295 0.0009720 0.0007161 0.0008696 0.0009730 0.0007161 0.0007161 0.0010242 0.0007161 0.0010755 0.0010758 0.0010243 0.0010243 0.0012808 0.0014348 0.0009208 0.0011270 0.0012295 0.0010243 0.0008184 0.0013835 0.0014348 0.0014860 0.0014347 0.0016401 0.0017945 0.0375169 0.0386151 0.0369778 0.0336691 
EBOV_H.sap-wt_GIN_14_Makona-Beyla-EM_075931_KR817138       1.8644663 1.8912590 1.8588457 1.9909678 1.9911886 1.3192406 1.3514891 0.0330243 0.0327985 0.0330231 0.0331916 0.0026184 0.0015890 0.0014868 0.0022065 0.0021551 0.0011785 0.0006649 0.0006649 0.0006137 0.0006137 0.0004603 0.0000000 0.0004091 0.0004091 0.0007161 0.0009733 0.0012300 0.0006137 0.0006137 0.0005626 0.0010757 0.0007161 0.0006137 0.0006137 0.0006649 0.0008696 0.0008184 0.0011783 0.0012810 0.0012810 0.0008706 0.0005626 0.0008696 0.0012297 0.0006137 0.0006137 0.0007161 0.0009219 0.0009219 0.0006137 0.0006649 0.0006649 0.0006649 0.0007161 0.0006649 0.0007673 0.0006137 0.0008696 0.0015896 0.0011269 0.0014864 0.0013322 0.0012810 0.0010243 0.0007673 0.0009218 0.0010245 0.0007673 0.0007673 0.0010757 0.0007673 0.0011270 0.0011274 0.0010758 0.0010758 0.0013324 0.0014864 0.0009732 0.0011785 0.0012811 0.0010758 0.0008696 0.0014351 0.0014864 0.0015376 0.0014863 0.0016918 0.0018462 0.0375822 0.0386808 0.0369896 0.0337328 
EBOV_H.sap-wt_GIN_14_Makona-Kissidougou-EM_078694_KR817171 1.8611785 1.8879062 1.8559769 1.9934343 1.9936554 1.3190942 1.3515396 0.0329610 0.0327353 0.0329599 0.0331283 0.0025150 0.0014861 0.0013839 0.0021033 0.0020519 0.0010758 0.0005626 0.0005626 0.0005114 0.0005114 0.0003580 0.0004091 0.0000000 0.0000010 0.0006137 0.0008696 0.0011272 0.0005114 0.0005114 0.0004603 0.0009720 0.0006137 0.0005114 0.0005114 0.0005626 0.0007673 0.0007161 0.0010755 0.0011782 0.0011782 0.0007673 0.0004603 0.0007673 0.0011269 0.0005114 0.0005114 0.0006137 0.0008184 0.0008184 0.0005114 0.0005626 0.0005626 0.0005626 0.0006137 0.0005626 0.0006649 0.0005114 0.0007673 0.0014866 0.0010232 0.0013835 0.0012294 0.0011782 0.0009208 0.0006649 0.0008184 0.0009208 0.0006649 0.0006649 0.0009730 0.0006649 0.0010243 0.0010246 0.0009731 0.0009731 0.0012296 0.0013836 0.0008696 0.0010757 0.0011783 0.0009731 0.0007673 0.0013322 0.0013835 0.0014347 0.0013834 0.0015889 0.0017432 0.0374626 0.0385607 0.0369235 0.0336150 
EBOV_H.sap-wt_GIN_14_Makona-Kissidougou-EM_078722_KR817175 1.8611785 1.8879062 1.8559769 1.9934343 1.9936554 1.3190942 1.3515396 0.0329610 0.0327353 0.0329599 0.0331283 0.0025150 0.0014861 0.0013839 0.0021033 0.0020519 0.0010758 0.0005626 0.0005626 0.0005114 0.0005114 0.0003580 0.0004091 0.0000010 0.0000000 0.0006137 0.0008696 0.0011272 0.0005114 0.0005114 0.0004603 0.0009720 0.0006137 0.0005114 0.0005114 0.0005626 0.0007673 0.0007161 0.0010755 0.0011782 0.0011782 0.0007673 0.0004603 0.0007673 0.0011269 0.0005114 0.0005114 0.0006137 0.0008184 0.0008184 0.0005114 0.0005626 0.0005626 0.0005626 0.0006137 0.0005626 0.0006649 0.0005114 0.0007673 0.0014866 0.0010232 0.0013835 0.0012294 0.0011782 0.0009208 0.0006649 0.0008184 0.0009208 0.0006649 0.0006649 0.0009730 0.0006649 0.0010243 0.0010246 0.0009731 0.0009731 0.0012296 0.0013836 0.0008696 0.0010757 0.0011783 0.0009731 0.0007673 0.0013322 0.0013835 0.0014347 0.0013834 0.0015889 0.0017432 0.0374626 0.0385607 0.0369235 0.0336150 
EBOV_H.sap-wt_LBR_14_Makona-LIBR0505_KR006957              1.8616419 1.8883742 1.8564396 1.9925495 1.9927706 1.3193710 1.3536167 0.0329589 0.0327332 0.0329577 0.0331261 0.0025149 0.0014860 0.0013838 0.0021032 0.0020518 0.0010757 0.0005626 0.0005626 0.0008184 0.0008184 0.0006649 0.0007161 0.0006137 0.0006137 0.0000000 0.0008696 0.0011271 0.0005114 0.0005114 0.0004603 0.0008696 0.0006137 0.0005114 0.0005114 0.0005626 0.0007673 0.0007161 0.0010755 0.0011782 0.0011782 0.0007673 0.0004603 0.0007673 0.0011268 0.0005114 0.0005114 0.0006137 0.0008184 0.0008184 0.0005114 0.0005626 0.0005626 0.0005626 0.0006137 0.0005626 0.0006649 0.0005114 0.0007673 0.0014865 0.0010232 0.0013834 0.0012293 0.0011782 0.0009208 0.0006649 0.0008184 0.0009208 0.0006649 0.0006649 0.0009720 0.0006649 0.0010242 0.0010246 0.0009731 0.0009720 0.0012295 0.0013835 0.0008696 0.0010757 0.0011782 0.0009720 0.0007673 0.0013321 0.0013835 0.0014347 0.0013834 0.0015888 0.0017431 0.0374034 0.0385013 0.0368645 0.0335567 
EBOV_H.sap-wt_SLE_14_Makona-Kailahun-20140517_KR653263     1.8662176 1.8930371 1.8610001 1.9957144 1.9959358 1.3177221 1.3522625 0.0328511 0.0326253 0.0328499 0.0330182 0.0024632 0.0014345 0.0013323 0.0020516 0.0020002 0.0010243 0.0005114 0.0005114 0.0010757 0.0010761 0.0009208 0.0009733 0.0008696 0.0008696 0.0008696 0.0000000 0.0008696 0.0004603 0.0004603 0.0004091 0.0009208 0.0005626 0.0004603 0.0004603 0.0005114 0.0007161 0.0006649 0.0010232 0.0011268 0.0011268 0.0007161 0.0004091 0.0007161 0.0010754 0.0004603 0.0004603 0.0005626 0.0007673 0.0007673 0.0004603 0.0005114 0.0005114 0.0005114 0.0005626 0.0005114 0.0006137 0.0004603 0.0007161 0.0014350 0.0009720 0.0013320 0.0011779 0.0011268 0.0008696 0.0006137 0.0007673 0.0008696 0.0006137 0.0006137 0.0009208 0.0006137 0.0009720 0.0009732 0.0009208 0.0009208 0.0011781 0.0013320 0.0008184 0.0010243 0.0011268 0.0009208 0.0007161 0.0012807 0.0013320 0.0013832 0.0013319 0.0015373 0.0016916 0.0374494 0.0385471 0.0369105 0.0336031 
EBOV_H.sap-wt_SLE_14_Makona-G4973_1_KR105286               1.8646145 1.8914138 1.8594003 1.9954403 1.9956616 1.3177318 1.3537779 0.0331284 0.0329025 0.0331272 0.0332957 0.0027211 0.0016915 0.0015893 0.0023092 0.0022577 0.0012810 0.0007673 0.0007673 0.0013325 0.0013329 0.0011784 0.0012300 0.0011272 0.0011272 0.0011271 0.0008696 0.0000000 0.0007161 0.0007161 0.0006649 0.0011781 0.0008184 0.0007161 0.0007161 0.0007673 0.0009720 0.0009208 0.0012808 0.0013835 0.0013835 0.0009731 0.0006649 0.0009720 0.0013322 0.0007161 0.0007161 0.0008184 0.0010244 0.0010244 0.0007161 0.0007673 0.0007673 0.0007673 0.0008184 0.0007673 0.0008696 0.0007161 0.0009720 0.0016921 0.0012294 0.0015890 0.0014347 0.0013835 0.0011268 0.0008696 0.0010243 0.0011270 0.0008696 0.0008696 0.0011782 0.0008696 0.0012295 0.0012299 0.0011783 0.0011782 0.0014349 0.0015890 0.0010757 0.0012810 0.0013836 0.0011782 0.0009720 0.0015376 0.0015890 0.0016402 0.0015888 0.0017944 0.0019488 0.0376812 0.0387798 0.0371419 0.0338321 
EBOV_H.sap-wt_SLE_14_Makona-G3799_KM233080                 1.8630649 1.8898301 1.8578567 1.9930410 1.9932620 1.3182525 1.3524883 0.0325026 0.0322771 0.0325014 0.0326696 0.0021027 0.0010744 0.0009730 0.0016915 0.0016402 0.0006649 0.0001534 0.0001534 0.0007161 0.0007161 0.0005626 0.0006137 0.0005114 0.0005114 0.0005114 0.0004603 0.0007161 0.0000000 0.0001023 0.0000511 0.0005626 0.0002045 0.0001023 0.0001023 0.0001534 0.0003580 0.0003068 0.0006649 0.0007673 0.0007673 0.0003580 0.0000511 0.0003580 0.0007161 0.0001023 0.0001023 0.0002045 0.0004091 0.0004091 0.0001023 0.0001534 0.0001534 0.0001534 0.0002045 0.0001534 0.0002557 0.0001023 0.0003580 0.0010756 0.0006137 0.0009720 0.0008184 0.0007673 0.0005114 0.0002557 0.0004091 0.0005114 0.0002557 0.0002557 0.0005626 0.0002557 0.0006137 0.0006137 0.0005626 0.0005626 0.0008184 0.0009720 0.0004603 0.0006649 0.0007673 0.0005626 0.0003580 0.0009208 0.0009720 0.0010232 0.0009720 0.0011778 0.0013319 0.0370448 0.0381412 0.0365068 0.0332035 
EBOV_H.sap-wt_SLE_14_Makona-G3788_KM233075                 1.8624752 1.8892263 1.8572696 1.9924471 1.9926681 1.3174630 1.3516864 0.0325029 0.0322774 0.0325017 0.0326699 0.0021027 0.0010744 0.0009730 0.0016915 0.0016402 0.0006649 0.0001534 0.0001534 0.0007161 0.0007161 0.0005626 0.0006137 0.0005114 0.0005114 0.0005114 0.0004603 0.0007161 0.0001023 0.0000000 0.0000511 0.0005626 0.0002045 0.0001023 0.0001023 0.0001534 0.0003580 0.0003068 0.0006649 0.0007673 0.0007673 0.0003580 0.0000511 0.0003580 0.0007161 0.0001023 0.0001023 0.0002045 0.0004091 0.0004091 0.0001023 0.0001534 0.0001534 0.0001534 0.0002045 0.0001534 0.0002557 0.0001023 0.0003580 0.0010756 0.0006137 0.0009720 0.0008184 0.0007673 0.0005114 0.0002557 0.0004091 0.0005114 0.0002557 0.0002557 0.0005626 0.0002557 0.0006137 0.0006137 0.0005626 0.0005626 0.0008184 0.0009720 0.0004603 0.0006649 0.0007673 0.0005626 0.0003580 0.0009208 0.0009720 0.0010232 0.0009720 0.0011779 0.0013319 0.0370452 0.0381416 0.0365072 0.0332038 
EBOV_H.sap-wt_SLE_14_Makona-G3677.2_KM034557               1.8633073 1.8900743 1.8580988 1.9932992 1.9935203 1.3180034 1.3522380 0.0324464 0.0322210 0.0324452 0.0326134 0.0020512 0.0010232 0.0009208 0.0016401 0.0015888 0.0006137 0.0001023 0.0001023 0.0006649 0.0006649 0.0005114 0.0005626 0.0004603 0.0004603 0.0004603 0.0004091 0.0006649 0.0000511 0.0000511 0.0000000 0.0005114 0.0001534 0.0000511 0.0000511 0.0001023 0.0003068 0.0002557 0.0006137 0.0007161 0.0007161 0.0003068 0.0000010 0.0003068 0.0006649 0.0000511 0.0000511 0.0001534 0.0003580 0.0003580 0.0000511 0.0001023 0.0001023 0.0001023 0.0001534 0.0001023 0.0002045 0.0000511 0.0003068 0.0010243 0.0005626 0.0009208 0.0007673 0.0007161 0.0004603 0.0002045 0.0003580 0.0004603 0.0002045 0.0002045 0.0005114 0.0002045 0.0005626 0.0005626 0.0005114 0.0005114 0.0007673 0.0009208 0.0004091 0.0006137 0.0007161 0.0005114 0.0003068 0.0008696 0.0009208 0.0009720 0.0009208 0.0011256 0.0012806 0.0369878 0.0380840 0.0364499 0.0331470 
EBOV_H.sap-wt_SLE_14_Makona-Kenema-G5059_1_KR105296        1.8652809 1.8919075 1.8601150 1.9931294 1.9933504 1.3167814 1.3536483 0.0328942 0.0326686 0.0328931 0.0330614 0.0025657 0.0015369 0.0014347 0.0021540 0.0021026 0.0011267 0.0006137 0.0006137 0.0011781 0.0011785 0.0010232 0.0010757 0.0009720 0.0009720 0.0008696 0.0009208 0.0011781 0.0005626 0.0005626 0.0005114 0.0000000 0.0005626 0.0004603 0.0004603 0.0005114 0.0008184 0.0007673 0.0011256 0.0012291 0.0012291 0.0008184 0.0005114 0.0008184 0.0011778 0.0005626 0.0005626 0.0006649 0.0008696 0.0008696 0.0005626 0.0006137 0.0006137 0.0006137 0.0006649 0.0006137 0.0007161 0.0005626 0.0008184 0.0015375 0.0010744 0.0014344 0.0012802 0.0012291 0.0009720 0.0007161 0.0008696 0.0009720 0.0007161 0.0007161 0.0010232 0.0007161 0.0010744 0.0010756 0.0010232 0.0010232 0.0012805 0.0014344 0.0009208 0.0011267 0.0012292 0.0010232 0.0008184 0.0013831 0.0014344 0.0014856 0.0014343 0.0016397 0.0017940 0.0373291 0.0384263 0.0369035 0.0335967 
EBOV_H.sap-wt_SLE_14_Makona-Kenema-G4702_1_KR105265        1.8625157 1.8892666 1.8573102 1.9919705 1.9921915 1.3181271 1.3517408 0.0325656 0.0323401 0.0325645 0.0327327 0.0022055 0.0011768 0.0010756 0.0017942 0.0017429 0.0007673 0.0002557 0.0002557 0.0008184 0.0008195 0.0006649 0.0007161 0.0006137 0.0006137 0.0006137 0.0005626 0.0008184 0.0002045 0.0002045 0.0001534 0.0005626 0.0000000 0.0001023 0.0001023 0.0001534 0.0004603 0.0004091 0.0007673 0.0008696 0.0008696 0.0004603 0.0001534 0.0004603 0.0008184 0.0002045 0.0002045 0.0003068 0.0005114 0.0005114 0.0002045 0.0002557 0.0002557 0.0002557 0.0003068 0.0002557 0.0003580 0.0002045 0.0004603 0.0011782 0.0007161 0.0010744 0.0009208 0.0008696 0.0006137 0.0003580 0.0005114 0.0006137 0.0003580 0.0003580 0.0006649 0.0003580 0.0007161 0.0007161 0.0006649 0.0006649 0.0009208 0.0010744 0.0005626 0.0007673 0.0008696 0.0006649 0.0004603 0.0010232 0.0010744 0.0011256 0.0010744 0.0012804 0.0014346 0.0371097 0.0382064 0.0365714 0.0332669 
EBOV_H.sap-wt_SLE_14_Makona-Kenema-G4350_1_KR105242        1.8635090 1.8902777 1.8583004 1.9931649 1.9933860 1.3178171 1.3524140 0.0325019 0.0322764 0.0325007 0.0326689 0.0021026 0.0010744 0.0009720 0.0016915 0.0016401 0.0006649 0.0001534 0.0001534 0.0007161 0.0007161 0.0005626 0.0006137 0.0005114 0.0005114 0.0005114 0.0004603 0.0007161 0.0001023 0.0001023 0.0000511 0.0004603 0.0001023 0.0000000 0.0000010 0.0000511 0.0003580 0.0003068 0.0006649 0.0007673 0.0007673 0.0003580 0.0000511 0.0003580 0.0007161 0.0001023 0.0001023 0.0002045 0.0004091 0.0004091 0.0001023 0.0001534 0.0001534 0.0001534 0.0002045 0.0001534 0.0002557 0.0001023 0.0003580 0.0010756 0.0006137 0.0009720 0.0008184 0.0007673 0.0005114 0.0002557 0.0004091 0.0005114 0.0002557 0.0002557 0.0005626 0.0002557 0.0006137 0.0006137 0.0005626 0.0005626 0.0008184 0.0009720 0.0004603 0.0006649 0.0007673 0.0005626 0.0003580 0.0009208 0.0009720 0.0010232 0.0009720 0.0011778 0.0013319 0.0370440 0.0381404 0.0365060 0.0332027 
EBOV_H.sap-wt_SLE_14_Makona-Kenema-G4971_1_KR105284        1.8635090 1.8902777 1.8583004 1.9931649 1.9933860 1.3178171 1.3524140 0.0325019 0.0322764 0.0325007 0.0326689 0.0021026 0.0010744 0.0009720 0.0016915 0.0016401 0.0006649 0.0001534 0.0001534 0.0007161 0.0007161 0.0005626 0.0006137 0.0005114 0.0005114 0.0005114 0.0004603 0.0007161 0.0001023 0.0001023 0.0000511 0.0004603 0.0001023 0.0000010 0.0000000 0.0000511 0.0003580 0.0003068 0.0006649 0.0007673 0.0007673 0.0003580 0.0000511 0.0003580 0.0007161 0.0001023 0.0001023 0.0002045 0.0004091 0.0004091 0.0001023 0.0001534 0.0001534 0.0001534 0.0002045 0.0001534 0.0002557 0.0001023 0.0003580 0.0010756 0.0006137 0.0009720 0.0008184 0.0007673 0.0005114 0.0002557 0.0004091 0.0005114 0.0002557 0.0002557 0.0005626 0.0002557 0.0006137 0.0006137 0.0005626 0.0005626 0.0008184 0.0009720 0.0004603 0.0006649 0.0007673 0.0005626 0.0003580 0.0009208 0.0009720 0.0010232 0.0009720 0.0011778 0.0013319 0.0370440 0.0381404 0.0365060 0.0332027 
EBOV_H.sap-wt_SLE_14_Makona-Kenema-G4856_1_KR105273        1.8635403 1.8903104 1.8583314 1.9934231 1.9936442 1.3178227 1.3524209 0.0325577 0.0323322 0.0325565 0.0327247 0.0021540 0.0011256 0.0010243 0.0017428 0.0016915 0.0007161 0.0002045 0.0002045 0.0007673 0.0007673 0.0006137 0.0006649 0.0005626 0.0005626 0.0005626 0.0005114 0.0007673 0.0001534 0.0001534 0.0001023 0.0005114 0.0001534 0.0000511 0.0000511 0.0000000 0.0004091 0.0003580 0.0007161 0.0008184 0.0008184 0.0004091 0.0001023 0.0004091 0.0007673 0.0001534 0.0001534 0.0002557 0.0004603 0.0004603 0.0001534 0.0002045 0.0002045 0.0002045 0.0002557 0.0002045 0.0003068 0.0001534 0.0004091 0.0011269 0.0006649 0.0010232 0.0008696 0.0008184 0.0005626 0.0003068 0.0004603 0.0005626 0.0003068 0.0003068 0.0006137 0.0003068 0.0006649 0.0006649 0.0006137 0.0006137 0.0008696 0.0010232 0.0005114 0.0007161 0.0008184 0.0006137 0.0004091 0.0009720 0.0010232 0.0010744 0.0010232 0.0012291 0.0013832 0.0371006 0.0381971 0.0365625 0.0332588 
EBOV_H.sap-wt_SLE_14_Makona-Bonthe-G5723_1_KR105319        1.8641060 1.8908894 1.8588948 1.9934650 1.9936861 1.3173434 1.3526335 0.0326704 0.0324449 0.0326693 0.0328375 0.0023598 0.0013316 0.0012295 0.0019484 0.0018970 0.0009208 0.0004091 0.0004091 0.0009720 0.0009733 0.0008184 0.0008696 0.0007673 0.0007673 0.0007673 0.0007161 0.0009720 0.0003580 0.0003580 0.0003068 0.0008184 0.0004603 0.0003580 0.0003580 0.0004091 0.0000000 0.0000511 0.0004091 0.0005626 0.0005626 0.0001023 0.0003068 0.0006137 0.0009720 0.0003580 0.0003580 0.0004603 0.0006649 0.0006649 0.0003580 0.0004091 0.0004091 0.0004091 0.0004603 0.0004091 0.0005114 0.0003580 0.0006137 0.0013321 0.0008696 0.0012292 0.0010744 0.0010232 0.0007673 0.0005114 0.0006649 0.0007673 0.0005114 0.0005114 0.0008184 0.0005114 0.0008696 0.0008696 0.0008184 0.0008184 0.0010744 0.0012292 0.0007161 0.0009208 0.0010232 0.0008184 0.0006137 0.0011779 0.0012292 0.0012804 0.0012291 0.0014344 0.0015886 0.0372151 0.0383120 0.0366768 0.0333720 
EBOV_H.sap-wt_SLE_14_Makona-J0042_KP759711                 1.8644135 1.8911999 1.8592018 1.9934253 1.9936465 1.3171358 1.3528839 0.0326146 0.0323891 0.0326135 0.0327817 0.0023084 0.0012804 0.0011782 0.0018970 0.0018457 0.0008696 0.0003580 0.0003580 0.0009208 0.0009220 0.0007673 0.0008184 0.0007161 0.0007161 0.0007161 0.0006649 0.0009208 0.0003068 0.0003068 0.0002557 0.0007673 0.0004091 0.0003068 0.0003068 0.0003580 0.0000511 0.0000000 0.0003580 0.0005114 0.0005114 0.0000511 0.0002557 0.0005626 0.0009208 0.0003068 0.0003068 0.0004091 0.0006137 0.0006137 0.0003068 0.0003580 0.0003580 0.0003580 0.0004091 0.0003580 0.0004603 0.0003068 0.0005626 0.0012808 0.0008184 0.0011779 0.0010232 0.0009720 0.0007161 0.0004603 0.0006137 0.0007161 0.0004603 0.0004603 0.0007673 0.0004603 0.0008184 0.0008184 0.0007673 0.0007673 0.0010232 0.0011779 0.0006649 0.0008696 0.0009720 0.0007673 0.0005626 0.0011266 0.0011779 0.0012291 0.0011778 0.0013831 0.0015372 0.0371585 0.0382552 0.0366203 0.0333160 
EBOV_H.sap-wt_SLE_14_Makona-J0150_KP759696                 1.8641127 1.8908903 1.8586914 1.9953491 1.9955704 1.3170828 1.3524748 0.0330072 0.0327815 0.0330060 0.0331744 0.0026687 0.0016396 0.0015374 0.0022570 0.0022055 0.0012293 0.0007161 0.0007161 0.0012808 0.0012812 0.0011267 0.0011783 0.0010755 0.0010755 0.0010755 0.0010232 0.0012808 0.0006649 0.0006649 0.0006137 0.0011256 0.0007673 0.0006649 0.0006649 0.0007161 0.0004091 0.0003580 0.0000000 0.0008696 0.0008696 0.0004091 0.0006137 0.0009208 0.0012804 0.0006649 0.0006649 0.0007673 0.0009720 0.0009720 0.0006649 0.0007161 0.0007161 0.0007161 0.0007673 0.0007161 0.0008184 0.0006649 0.0009208 0.0016402 0.0011768 0.0015371 0.0013829 0.0013318 0.0010744 0.0008184 0.0009720 0.0010744 0.0008184 0.0008184 0.0011256 0.0008184 0.0011768 0.0011782 0.0011266 0.0011256 0.0013831 0.0015371 0.0010232 0.0012293 0.0013318 0.0011256 0.0009208 0.0014858 0.0015371 0.0015883 0.0015370 0.0017424 0.0018968 0.0375570 0.0386549 0.0370180 0.0337102 
EBOV_H.sap-wt_SLE_14_Makona-J0171_KP759707                 1.8658669 1.8926831 1.8609767 1.9934067 1.9936278 1.3187361 1.3548682 0.0331329 0.0329070 0.0331317 0.0333002 0.0027720 0.0017425 0.0016403 0.0023601 0.0023087 0.0013320 0.0008184 0.0008184 0.0013835 0.0013840 0.0012295 0.0012810 0.0011782 0.0011782 0.0011782 0.0011268 0.0013835 0.0007673 0.0007673 0.0007161 0.0012291 0.0008696 0.0007673 0.0007673 0.0008184 0.0005626 0.0005114 0.0008696 0.0000000 0.0000010 0.0005626 0.0007161 0.0010232 0.0013831 0.0007673 0.0007673 0.0008696 0.0010754 0.0010754 0.0007673 0.0008184 0.0008184 0.0008184 0.0008696 0.0008184 0.0009208 0.0007673 0.0010232 0.0017431 0.0012804 0.0016399 0.0014856 0.0014345 0.0011778 0.0009208 0.0010744 0.0011780 0.0009208 0.0009208 0.0012292 0.0009208 0.0012805 0.0012809 0.0012293 0.0012293 0.0014859 0.0016400 0.0011267 0.0013320 0.0014346 0.0012293 0.0010232 0.0015886 0.0016399 0.0016911 0.0016398 0.0018453 0.0019998 0.0375730 0.0386713 0.0370337 0.0337245 
