100
F1.BR.10.DEMF110BR015.KU749395         0.0000000 1.0824146 1.2114019 1.2699680 1.1416360 1.1658521 1.0947518 1.1022322 1.0964210 1.0972715 1.1091328 1.0482660 1.0998255 1.0882684 1.0557495 1.0947955 1.1417219 1.1252986 1.1774628 0.9814264 0.9197300 0.9324300 0.9016923 0.9047464 0.9080627 0.9001726 0.8905505 0.8931058 0.8819264 0.9119497 0.8761718 0.8343244 0.9340440 0.9230895 0.9139101 0.8792609 0.8670043 0.8634452 0.9180440 0.8646541 0.8361760 0.9201620 0.8558402 0.8862062 0.8594559 0.8780521 0.8928324 0.8461446 0.8583615 0.8412021 0.8802487 0.8634368 0.8424020 0.7994833 0.7402142 0.8098614 0.7672621 0.7265230 0.9771715 0.9768372 0.9382927 0.8590514 0.8889662 0.8350298 1.0930826 1.0255087 0.8092481 0.8472090 0.7948636 0.8293200 0.8610916 0.7801692 0.7763350 0.7825886 0.7745665 0.8631053 0.7748358 0.8240904 1.0366114 0.9990080 0.9206270 0.8862264 0.8852826 0.9096997 0.9078752 0.8675666 0.8770902 0.8455417 0.8030335 0.7694357 0.8369941 0.7847195 0.8805637 0.8258259 0.8304637 0.8122653 2.7058981 2.1429373 2.1884354 2.2097025 
A1C.IN.15.SC017.KY713232               1.0824146 0.0000000 0.7714665 0.7656099 0.6997231 0.7248692 0.6413809 0.6772950 0.6319606 0.6956359 0.6802683 0.6325194 0.6972406 0.6259835 0.6052534 0.6562458 0.6688726 0.6838833 1.4143542 1.1874993 1.1691633 1.1817601 1.1210492 1.1406468 1.1438044 1.1679204 1.1181374 1.1524851 1.1562953 1.1545420 1.1645977 1.0737284 1.1880537 1.1653184 1.1844417 1.1679604 1.1299489 1.1077120 1.1784150 1.1032269 1.0752448 1.1543208 1.0852501 1.1449391 1.1601959 1.0914937 1.1380479 1.1401038 1.1201069 1.1268086 1.1209621 1.1028748 1.0785460 1.0640026 0.9765265 1.0380704 1.0208086 0.9795486 1.1043165 1.0776936 1.0103378 0.9699097 1.0080130 0.9622408 1.0675161 0.9939345 0.8663465 0.9292747 0.8893022 0.9030098 0.9411334 0.8640889 0.8663762 0.8444127 0.8622813 0.6362593 0.7889192 0.7805306 1.0719683 0.9646041 0.9005817 0.8789298 0.8957775 0.9030977 0.9114961 0.8801185 0.8790175 0.7668213 0.8006260 0.7539589 0.7599569 0.7531180 0.7609434 0.7517313 0.7445676 0.7220401 2.7891101 2.2783937 2.2790815 2.2884738 
BC.CN.07.07CNYN340.KF835526            1.2114019 0.7714665 0.0000000 0.4128412 0.6163473 0.5466972 0.5341436 0.5080586 0.5020919 0.5472634 0.5544602 0.4975390 0.5519089 0.4898518 0.4655655 0.5042571 0.5337178 0.5206417 1.5167098 1.3018841 1.3255045 1.2664925 1.2323200 1.2719698 1.2648057 1.2846575 1.2683775 1.2706969 1.2879399 1.2766791 1.2686416 1.2095387 1.3176589 1.3253375 1.3086181 1.2517810 1.2294374 1.2359537 1.2889219 1.2276571 1.1976427 1.2964673 1.1893020 1.2554554 1.2828288 1.2446605 1.2874890 1.2406294 1.2404863 1.2246589 1.2680258 1.2145882 1.2056463 1.2034364 1.1225201 1.1838332 1.1975804 1.0967509 1.1579693 1.1433501 1.1496861 1.0326134 1.0896610 1.0350706 1.1646121 1.0899985 0.9829716 1.0114481 0.9936968 1.0120400 1.0316271 0.9789665 0.9797908 0.9758827 0.9769505 0.7578058 0.9127419 0.8984031 1.1522414 1.1006731 1.0144553 0.9857996 1.0140070 1.0070552 1.0140522 0.9774281 0.9873242 0.8542604 0.8924769 0.8280275 0.8799453 0.8280999 0.8685227 0.8479747 0.8502743 0.8186902 2.8754108 2.3218568 2.4120929 2.4114620 
85_BC.CN.14.14CN_SCYB4.KU992932        1.2699680 0.7656099 0.4128412 0.0000000 0.5998623 0.5352372 0.5299419 0.4959105 0.5051977 0.5369887 0.5443665 0.4963223 0.5470599 0.4657446 0.4409948 0.4853825 0.5148244 0.5031677 1.5122371 1.2966093 1.2967722 1.2647317 1.2258206 1.2507775 1.2382680 1.2382813 1.2585400 1.2442803 1.2631715 1.2603566 1.2538440 1.1895077 1.3113976 1.2751518 1.2919685 1.2446745 1.2064194 1.2170927 1.2830502 1.1825883 1.1840639 1.2696278 1.1817001 1.2544929 1.2600431 1.2006890 1.2194574 1.2410103 1.2061104 1.2066342 1.2266999 1.1961298 1.1687364 1.1391555 1.1025477 1.1565037 1.1557696 1.0875264 1.1482820 1.1942044 1.1399655 1.0443912 1.0960978 1.0181496 1.1647412 1.0905889 0.9515353 1.0211358 1.0010615 0.9838456 1.0331074 0.9518855 0.9852147 0.9490011 0.9546778 0.7320981 0.9238441 0.8972211 1.1329863 1.0715726 0.9953494 0.9582106 0.9513422 0.9889770 0.9879919 0.9564603 0.9553978 0.8352629 0.8934719 0.8633570 0.8661587 0.8255712 0.8712012 0.8403077 0.8389050 0.8284690 2.9462152 2.2992987 2.4265253 2.4313253 
C.SE.09.035ZA.MF373148                 1.1416360 0.6997231 0.6163473 0.5998623 0.0000000 0.5544235 0.4298448 0.4881049 0.4414205 0.4854069 0.4886969 0.4340501 0.5084002 0.4441656 0.4245636 0.4714906 0.5069205 0.4848805 1.4810693 1.2394754 1.2485136 1.2266090 1.1959889 1.2187522 1.2300901 1.2179677 1.1886682 1.1956610 1.2172806 1.2093312 1.2090403 1.1350647 1.2642620 1.2392296 1.2695224 1.2205995 1.1716790 1.1701314 1.2344491 1.1426423 1.1562098 1.2344537 1.1652151 1.2200009 1.2419383 1.1836672 1.2266868 1.2287566 1.1761512 1.1645963 1.1847773 1.1752539 1.1586005 1.1308169 1.0411419 1.0750835 1.0522456 1.0370282 1.0929266 1.0804358 1.0739077 0.9741954 1.0166309 1.0019292 1.1378454 1.0505867 0.9075607 0.9463386 0.9162528 0.9414012 0.9721155 0.8915671 0.9087819 0.8894737 0.9137667 0.6742939 0.8266650 0.8332683 1.0609755 1.0162041 0.9665418 0.9510041 0.9513548 0.9514093 0.9651576 0.9197522 0.9279271 0.7702309 0.8200204 0.7737457 0.7968848 0.7710261 0.7930962 0.7643717 0.7692544 0.7713943 2.8988117 2.2964341 2.3744754 2.4047632 
C.GB.14.13659_1_48.3.MF109437          1.1658521 0.7248692 0.5466972 0.5352372 0.5544235 0.0000000 0.4896034 0.4616295 0.4717357 0.5063844 0.5045511 0.4496966 0.4961237 0.4267626 0.4118891 0.4459909 0.4884766 0.4645671 1.4717285 1.2659890 1.2408424 1.2172763 1.1892317 1.2061938 1.1885035 1.2154050 1.2238775 1.2028993 1.2175366 1.2029589 1.2300311 1.1534007 1.2709447 1.2280322 1.2832735 1.1785817 1.1558193 1.1765357 1.2601646 1.1523238 1.1356932 1.2186477 1.1562467 1.2044977 1.2102569 1.1872149 1.2019193 1.1978000 1.1743714 1.1738815 1.1694639 1.1743208 1.1420672 1.1258955 1.0536343 1.1238630 1.0834977 1.0424226 1.1293949 1.1298236 1.1099924 1.0076909 1.0634259 0.9831026 1.1338742 1.0738896 0.9428134 0.9645054 0.9512518 0.9663078 0.9914054 0.9078374 0.9334221 0.9064591 0.9129509 0.6904464 0.8559238 0.8274041 1.1024513 1.0468150 0.9526024 0.9142108 0.9441419 0.9631179 0.9430201 0.9265872 0.9363311 0.7919667 0.8440380 0.7857980 0.8123234 0.7745913 0.8005628 0.7932917 0.7842763 0.7774419 2.8505098 2.3485539 2.3991576 2.4013485 
C.IL.99.99ET14.AY255825                1.0947518 0.6413809 0.5341436 0.5299419 0.4298448 0.4896034 0.0000000 0.4210242 0.3841603 0.4350657 0.4363472 0.3673139 0.4524133 0.3958879 0.3552747 0.4183607 0.4385845 0.4211193 1.3723065 1.1905564 1.1871371 1.1365083 1.1149704 1.1120401 1.1442238 1.1496696 1.1325658 1.1234555 1.1489970 1.1300816 1.1179650 1.0782763 1.1913068 1.1898903 1.1772680 1.1319434 1.1016344 1.0968853 1.1741019 1.0679221 1.0607458 1.1437346 1.0779319 1.1487052 1.1793154 1.1095580 1.1143725 1.1181937 1.1025861 1.1049603 1.1111777 1.1082022 1.0924341 1.0638307 0.9763692 1.0445544 1.0047317 0.9660805 1.0332541 1.0457216 1.0258671 0.9185629 0.9469173 0.9298957 1.0423941 0.9794928 0.8350104 0.8996388 0.8498439 0.8821877 0.9099212 0.8311131 0.8432326 0.8173647 0.8288174 0.6105066 0.7606774 0.7579133 1.0011451 0.9471556 0.8779819 0.8590125 0.8870767 0.8581734 0.8955690 0.8583851 0.8541403 0.7185013 0.7612658 0.7038786 0.7286054 0.7073898 0.7393764 0.7086731 0.7081327 0.7111772 2.8970156 2.3169136 2.4336858 2.4469490 
C.BW.98.98BWMC14A3.AF443078            1.1022322 0.6772950 0.5080586 0.4959105 0.4881049 0.4616295 0.4210242 0.0000000 0.4054712 0.4472967 0.4309842 0.3855085 0.4050955 0.3492452 0.3386695 0.3587960 0.4014376 0.3738506 1.4099125 1.1853044 1.1820410 1.1699915 1.1077609 1.1492511 1.1457823 1.1367865 1.1472368 1.1521180 1.1662641 1.1454978 1.1472363 1.0900518 1.1949579 1.2022394 1.2043110 1.1228660 1.1222474 1.1227605 1.1656839 1.0641955 1.0746888 1.1663328 1.0928911 1.1165317 1.1677340 1.0808392 1.1224805 1.1304662 1.1089827 1.0917066 1.0910553 1.1063120 1.0822221 1.0682969 0.9805014 1.0522804 1.0177529 0.9824972 1.0447722 1.0617381 1.0369949 0.9430832 0.9632085 0.9297758 1.0710302 0.9892790 0.8555297 0.8907361 0.8727268 0.8941919 0.9336140 0.8396928 0.8537320 0.8195206 0.8334804 0.6222930 0.7944340 0.7869456 1.0522146 0.9805906 0.8981675 0.8690427 0.8926142 0.8925978 0.9175100 0.8761998 0.8775384 0.7291376 0.7716633 0.7287157 0.7645923 0.7188593 0.7709256 0.7265424 0.7346178 0.7257792 2.7427178 2.2286606 2.2650253 2.3146301 
C.ZA.03.03ZAPS067MB2.DQ396389          1.0964210 0.6319606 0.5020919 0.5051977 0.4414205 0.4717357 0.3841603 0.4054712 0.0000000 0.3721158 0.3569358 0.3132476 0.4272275 0.3714056 0.3495183 0.3862437 0.4298021 0.4046600 1.3911758 1.1652134 1.1434072 1.1212902 1.0952505 1.1141754 1.1215831 1.1307619 1.1133840 1.1095971 1.1423285 1.1243837 1.1145531 1.0438421 1.2061478 1.1652494 1.1608106 1.0979649 1.0953309 1.0978471 1.1509504 1.0686248 1.0387167 1.1464928 1.0746729 1.1182555 1.1348972 1.1004894 1.1107113 1.1320661 1.0988115 1.1093162 1.1064932 1.1132262 1.0668843 1.0336573 0.9822490 1.0255794 1.0038660 0.9470498 1.0062685 1.0176791 0.9863663 0.9074581 0.9361614 0.8926842 1.0501454 0.9795280 0.8377612 0.8675610 0.8267949 0.8607876 0.9039909 0.8041763 0.8441038 0.7897367 0.8117647 0.6024789 0.7563042 0.7521840 0.9920905 0.9506471 0.8947240 0.8534357 0.8913430 0.8744271 0.8818265 0.8452176 0.8504004 0.6968764 0.7531657 0.7052066 0.7228236 0.7041298 0.7311527 0.6867164 0.7127809 0.6942401 2.8559779 2.2499469 2.3198112 2.3275377 
C.ZA.04.04ZASK170B1.DQ093595           1.0972715 0.6956359 0.5472634 0.5369887 0.4854069 0.5063844 0.4350657 0.4472967 0.3721158 0.0000000 0.3565076 0.3105899 0.4591681 0.4052241 0.3792162 0.4268722 0.4575453 0.4480130 1.3940481 1.1982724 1.1768373 1.1543555 1.1048431 1.1281799 1.1467981 1.1435730 1.1593955 1.1385474 1.1555106 1.1557716 1.1315454 1.0886467 1.1734541 1.1399864 1.1892402 1.1522897 1.1165603 1.1042199 1.1586581 1.0717748 1.0768418 1.1356463 1.0763733 1.1438365 1.1620013 1.1363368 1.1350816 1.1225502 1.1066851 1.1267122 1.1267354 1.1174692 1.0817585 1.0736807 0.9986846 1.0394897 1.0262958 0.9773144 1.0561212 1.0802488 1.0460322 0.9529307 0.9918421 0.9652272 1.0902710 0.9864984 0.8780445 0.9008662 0.9051061 0.9294791 0.9558474 0.8615976 0.8758186 0.8548713 0.8682139 0.6382553 0.7968898 0.7927904 1.0502702 0.9755736 0.8965672 0.8723291 0.9092008 0.8868715 0.9107411 0.8689336 0.8808336 0.7612693 0.7833584 0.7517911 0.7725116 0.7215498 0.7573986 0.7270155 0.7526391 0.7250041 2.8274280 2.2468452 2.3662392 2.3464014 
C.TZ.02.CO6721.AY734560                1.1091328 0.6802683 0.5544602 0.5443665 0.4886969 0.5045511 0.4363472 0.4309842 0.3569358 0.3565076 0.0000000 0.2549661 0.4703196 0.4084709 0.3777650 0.4198013 0.4609682 0.4315465 1.4031659 1.1847481 1.1776086 1.1814849 1.1217494 1.1510092 1.1640358 1.1952931 1.1609317 1.1754253 1.1970445 1.1893529 1.1676732 1.1107308 1.2118527 1.1617687 1.1949824 1.1602792 1.1484547 1.1108915 1.2256581 1.0971211 1.0944198 1.1658927 1.1125584 1.1567661 1.1932423 1.1397393 1.1547862 1.1575817 1.1327090 1.1292896 1.1097350 1.1345512 1.1084833 1.0909387 1.0008784 1.0384605 1.0254567 0.9761718 1.0393475 1.0607753 1.0405018 0.9405885 0.9953258 0.9423608 1.0731781 1.0161621 0.8628616 0.9015650 0.8685322 0.8914924 0.9344730 0.8406175 0.8688512 0.8498631 0.8557724 0.6374919 0.7934109 0.7841878 1.0437419 1.0009818 0.9010872 0.8773743 0.9028386 0.9062267 0.9069869 0.8768910 0.8887940 0.7489000 0.7816965 0.7351610 0.7630870 0.7239317 0.7776738 0.7204975 0.7365406 0.7303290 2.8170569 2.2283959 2.3366295 2.3543435 
C.TZ.01.BD39_8.AY253313                1.0482660 0.6325194 0.4975390 0.4963223 0.4340501 0.4496966 0.3673139 0.3855085 0.3132476 0.3105899 0.2549661 0.0000000 0.4047948 0.3592842 0.3297116 0.3723946 0.4086678 0.3846866 1.3196277 1.1418748 1.1534574 1.0942517 1.0687608 1.0974869 1.0987515 1.1186953 1.0872108 1.1086626 1.1158197 1.0882462 1.0752929 1.0402812 1.1695397 1.1279632 1.1336466 1.0866400 1.0772486 1.0620015 1.1369525 1.0266659 1.0221060 1.0978585 1.0293183 1.0886539 1.1360293 1.0621374 1.1203606 1.0797960 1.0735657 1.0747612 1.0716682 1.0496660 1.0409535 1.0123782 0.9500449 0.9919590 0.9956540 0.9419570 0.9965817 1.0237817 1.0014801 0.8924552 0.9317811 0.8962882 1.0308714 0.9360899 0.8337838 0.8475404 0.8183538 0.8346861 0.8956136 0.7864301 0.8195108 0.8024423 0.7982177 0.5898915 0.7385045 0.7374647 0.9985207 0.9215939 0.8412606 0.8327246 0.8663272 0.8449445 0.8575734 0.8234323 0.8369315 0.6993897 0.7390579 0.6895645 0.7150451 0.6871277 0.7186496 0.6796881 0.6993482 0.6729706 2.7775527 2.1705922 2.2715472 2.2540733 
C.ZA.02.02ZAPS015MB1.DQ369995          1.0998255 0.6972406 0.5519089 0.5470599 0.5084002 0.4961237 0.4524133 0.4050955 0.4272275 0.4591681 0.4703196 0.4047948 0.0000000 0.3334519 0.3655863 0.4050853 0.4303168 0.4103696 1.4725580 1.2199947 1.2137665 1.1929000 1.1364541 1.1877378 1.1703794 1.1758826 1.1620913 1.1388306 1.1730144 1.1844563 1.1805549 1.1391199 1.2599708 1.1972611 1.2243506 1.1758667 1.1516953 1.1684697 1.2323186 1.1482035 1.1069745 1.2155437 1.0906700 1.1653877 1.2155355 1.1456752 1.1776544 1.1616775 1.1468971 1.1443402 1.1469351 1.1391224 1.1195624 1.0975577 1.0099578 1.0786592 1.0561466 1.0237739 1.0665273 1.0665086 1.0313559 0.9707220 0.9937274 0.9512959 1.0981304 1.0272738 0.9086378 0.9301971 0.9097628 0.9239097 0.9817367 0.8822348 0.8990700 0.8764990 0.8892795 0.6610054 0.7994202 0.8094492 1.0431026 1.0128181 0.9339017 0.9019692 0.9192317 0.9165902 0.9359876 0.8817740 0.8921350 0.7735413 0.8086778 0.7657984 0.7988497 0.7665545 0.7828090 0.7592845 0.7928104 0.7598941 2.8566045 2.2757709 2.3661480 2.3882952 
C.ZA.99.99ZALT4.EU293444               1.0882684 0.6259835 0.4898518 0.4657446 0.4441656 0.4267626 0.3958879 0.3492452 0.3714056 0.4052241 0.4084709 0.3592842 0.3334519 0.0000000 0.2989425 0.3430921 0.3652774 0.3476264 1.4128411 1.1753307 1.1826945 1.1593297 1.1107377 1.1340304 1.1249025 1.1608382 1.1273577 1.1086647 1.1362189 1.1457962 1.1513441 1.0673831 1.2233772 1.1712253 1.2085524 1.1232224 1.1253632 1.1014725 1.1521286 1.0775593 1.0583266 1.1475573 1.0896357 1.1335174 1.1421786 1.1208265 1.1361540 1.1456278 1.1203198 1.1232929 1.1279064 1.1054033 1.0985443 1.0600706 0.9672501 1.0181505 0.9937494 0.9562244 0.9958612 1.0380363 1.0036317 0.9420963 0.9608984 0.9133382 1.0391677 0.9946829 0.8456339 0.8692164 0.8807317 0.8767172 0.9136221 0.8302495 0.8499875 0.8175998 0.8440064 0.6035465 0.7565919 0.7460667 1.0163268 0.9402700 0.8758963 0.8513627 0.8696744 0.8720904 0.8821229 0.8503756 0.8418683 0.7029754 0.7333126 0.7021087 0.7279640 0.6897010 0.7279906 0.6959546 0.7036039 0.6938916 2.6873127 2.2484912 2.2497142 2.3172787 
C.BW.00.00BW076820.AF443089            1.0557495 0.6052534 0.4655655 0.4409948 0.4245636 0.4118891 0.3552747 0.3386695 0.3495183 0.3792162 0.3777650 0.3297116 0.3655863 0.2989425 0.0000000 0.3293882 0.3619476 0.3404878 1.3239668 1.1253934 1.1209279 1.0935233 1.0605412 1.0919184 1.0639146 1.0825906 1.0596533 1.0836046 1.0965273 1.1030943 1.0880647 1.0257745 1.1581061 1.1060529 1.1579090 1.0789602 1.0545350 1.0565042 1.1077742 1.0155078 0.9913782 1.0671529 1.0062270 1.0791385 1.1029744 1.0541251 1.0636306 1.0931357 1.0608300 1.0573887 1.0599567 1.0668213 1.0389797 1.0056274 0.9247675 0.9882776 0.9702032 0.9182090 1.0028917 0.9937882 0.9852814 0.8797401 0.9103290 0.8778093 1.0132037 0.9421914 0.7846118 0.8237163 0.8094463 0.8381524 0.8620874 0.7822290 0.7936502 0.7696738 0.7708214 0.5756144 0.7150808 0.7218280 0.9671443 0.9232390 0.8297185 0.8249066 0.8415603 0.8223208 0.8682767 0.8110614 0.8107684 0.6751294 0.7252184 0.6749880 0.6932026 0.6708000 0.7136723 0.6790751 0.6902866 0.6619778 2.7420340 2.1690396 2.1965657 2.2624689 
C.ZA.04.04ZASK135B1.DQ011166           1.0947955 0.6562458 0.5042571 0.4853825 0.4714906 0.4459909 0.4183607 0.3587960 0.3862437 0.4268722 0.4198013 0.3723946 0.4050853 0.3430921 0.3293882 0.0000000 0.3436632 0.3258635 1.3890639 1.1609847 1.1677052 1.1344530 1.1144245 1.1253682 1.1367183 1.1641656 1.1566898 1.1378535 1.1605618 1.1597353 1.1398160 1.0747849 1.1845721 1.1731562 1.2131486 1.1374284 1.1071402 1.1152783 1.1443538 1.0606272 1.0642085 1.1539909 1.0715994 1.1379898 1.1775239 1.1114746 1.1301559 1.1314043 1.1330015 1.1128166 1.1224833 1.1085815 1.1064947 1.0771135 0.9933060 1.0142624 1.0341734 0.9839051 1.0204762 1.0402798 1.0046947 0.9378983 0.9873126 0.9048108 1.0462475 0.9852571 0.8555335 0.8910220 0.8382030 0.8796647 0.9300690 0.8285101 0.8336880 0.8073449 0.8428669 0.6281836 0.7705916 0.7748620 1.0322273 0.9657297 0.8696215 0.8555639 0.8833006 0.8876360 0.8863591 0.8486211 0.8568990 0.7245989 0.7615226 0.7228076 0.7480831 0.7090465 0.7566516 0.7196040 0.7452141 0.7120589 2.8426410 2.2882558 2.3094108 2.3433115 
C.ZA.97.97ZA012.AF286227               1.1417219 0.6688726 0.5337178 0.5148244 0.5069205 0.4884766 0.4385845 0.4014376 0.4298021 0.4575453 0.4609682 0.4086678 0.4303168 0.3652774 0.3619476 0.3436632 0.0000000 0.2961552 1.4369813 1.2255171 1.2113057 1.1697646 1.1453159 1.1624587 1.1694257 1.1875017 1.1904966 1.1623646 1.1904167 1.1813801 1.1589622 1.1273921 1.2256859 1.1869186 1.2537956 1.1819410 1.1492111 1.1814548 1.2325782 1.0980804 1.0919342 1.2171200 1.1337847 1.1924806 1.2110765 1.1487028 1.1616790 1.1576480 1.1501487 1.1362895 1.1564054 1.1482490 1.1373751 1.1115770 1.0349310 1.0929364 1.0542443 1.0024989 1.0574890 1.0686240 1.0365848 0.9630257 1.0120937 0.9507904 1.0899391 1.0150380 0.8970318 0.9337055 0.8928246 0.9057704 0.9492576 0.8787179 0.8789695 0.8570329 0.8718913 0.6655513 0.7914178 0.7998153 1.0565744 0.9859047 0.9135797 0.8839336 0.9046858 0.9129300 0.9356461 0.8550571 0.8690750 0.7655498 0.7813668 0.7611017 0.7632215 0.7515388 0.8084086 0.7496238 0.7477320 0.7270737 2.8277730 2.2151587 2.3257259 2.3878300 
C.ZA.03.03ZAPS130MB1.DQ275658          1.1252986 0.6838833 0.5206417 0.5031677 0.4848805 0.4645671 0.4211193 0.3738506 0.4046600 0.4480130 0.4315465 0.3846866 0.4103696 0.3476264 0.3404878 0.3258635 0.2961552 0.0000000 1.4263528 1.1798663 1.2202985 1.1683316 1.1035135 1.1381718 1.1822119 1.1558727 1.1539076 1.1508624 1.1693848 1.1439542 1.1451803 1.0728038 1.2233360 1.2029613 1.2160150 1.1378805 1.1146635 1.1287857 1.1914024 1.0701098 1.0619795 1.1717178 1.0732237 1.1519762 1.1709575 1.1278676 1.1337406 1.1336221 1.1325785 1.1296691 1.1197750 1.1536055 1.1103597 1.0862887 1.0055313 1.0699492 1.0353893 1.0006055 1.0714285 1.0757043 1.0314950 0.9462804 1.0048259 0.9339074 1.0783671 0.9896002 0.8729691 0.9174252 0.9045474 0.8925247 0.9410093 0.8465012 0.8710753 0.8323730 0.8531054 0.6360955 0.7911490 0.7761480 1.0327271 0.9992672 0.8997463 0.8685273 0.8892847 0.8756419 0.8943553 0.8449016 0.8635853 0.7515081 0.7772025 0.7396112 0.7475500 0.7454633 0.7939212 0.7434539 0.7435625 0.7280124 2.9402360 2.2098925 2.3292726 2.3434896 
BF1.BR.10.10BR_RJ029.KT427782          1.1774628 1.4143542 1.5167098 1.5122371 1.4810693 1.4717285 1.3723065 1.4099125 1.3911758 1.3940481 1.4031659 1.3196277 1.4725580 1.4128411 1.3239668 1.3890639 1.4369813 1.4263528 0.0000000 0.7662410 0.6497012 0.6855281 0.7297282 0.7252074 0.6606325 0.7411720 0.7233792 0.7182371 0.7205026 0.7147739 0.6045330 0.6838962 0.7583085 0.7701878 0.7600940 0.6940905 0.5942799 0.6861531 0.7590136 0.6216495 0.6251946 0.7352519 0.6452107 0.7129592 0.7156203 0.7057581 0.7021923 0.7051321 0.6954436 0.7059655 0.7203297 0.6969143 0.6654034 0.6308241 0.8533387 0.9076186 0.8624191 1.0759963 1.2879740 1.3176954 1.2530496 1.1775433 1.2596677 1.1372216 1.3876820 1.3173260 1.1045933 1.1361841 1.1079514 1.1056816 1.1782927 1.0700053 1.0778690 1.0626709 1.0878669 1.1869046 1.0508269 1.1080555 1.3439776 1.3301385 1.2091845 1.1855645 1.1881328 1.2025622 1.2163422 1.1810891 1.1784827 1.0983930 1.1141495 1.0626946 1.1577808 1.0858360 1.1577158 1.1175673 1.1254123 1.1172089 3.0157239 2.5435439 2.5265051 2.5379007 
51_01B.MY.11.11MYKL055.KJ485697        0.9814264 1.1874993 1.3018841 1.2966093 1.2394754 1.2659890 1.1905564 1.1853044 1.1652134 1.1982724 1.1847481 1.1418748 1.2199947 1.1753307 1.1253934 1.1609847 1.2255171 1.1798663 0.7662410 0.0000000 0.5407292 0.5461286 0.4948925 0.4855260 0.5144565 0.4989605 0.4880471 0.4796967 0.4764946 0.4767403 0.5211887 0.4663444 0.5149471 0.4896992 0.4978104 0.4636002 0.4725963 0.4594333 0.4796533 0.4367950 0.4540258 0.4863162 0.4332691 0.4529307 0.4474016 0.4545909 0.4388647 0.4553699 0.4421171 0.4362838 0.4582144 0.4347003 0.4172865 0.3833396 0.6493014 0.6672082 0.6367728 0.8537779 1.1171704 1.0833079 1.0501409 0.9489854 1.0084190 0.9262595 1.2203174 1.1438952 0.8666650 0.9199876 0.8922312 0.8939975 0.9385416 0.8582576 0.8861282 0.8660030 0.8747064 0.9302059 0.8303925 0.9095042 1.1420769 1.0929730 0.9941952 0.9681450 0.9919245 0.9653904 0.9994498 0.9616534 0.9770641 0.9270059 0.8921682 0.8617394 0.9281130 0.8719779 0.9486846 0.9151352 0.9012111 0.9049810 2.8593498 2.3368303 2.3481480 2.4039347 
BF1.BR.10.10BR_MG052.KT427668          0.9197300 1.1691633 1.3255045 1.2967722 1.2485136 1.2408424 1.1871371 1.1820410 1.1434072 1.1768373 1.1776086 1.1534574 1.2137665 1.1826945 1.1209279 1.1677052 1.2113057 1.2202985 0.6497012 0.5407292 0.0000000 0.4454709 0.5155675 0.5249773 0.4385498 0.4943039 0.4932964 0.4911690 0.4999432 0.4945776 0.4026194 0.4647833 0.5456521 0.5213555 0.5401977 0.4705250 0.3838925 0.4611394 0.5233716 0.4016611 0.4080169 0.5160990 0.4044211 0.4747137 0.4681977 0.4801234 0.4754864 0.4749180 0.4488758 0.4592219 0.4653340 0.4525065 0.4395553 0.4049035 0.6473256 0.6564128 0.6125498 0.8414020 1.0338661 1.0712844 0.9826417 0.9401655 0.9744988 0.9273982 1.1749602 1.1180787 0.8310753 0.9002504 0.8736445 0.8730633 0.9356352 0.8382256 0.8566747 0.8410571 0.8365044 0.9387346 0.8147917 0.8810467 1.1102355 1.0818100 1.0044513 0.9661579 0.9859880 1.0043575 1.0039128 0.9773801 0.9689548 0.8869393 0.8774773 0.8459188 0.9051399 0.8760376 0.9104505 0.8585479 0.8851026 0.8803615 2.8100531 2.2791206 2.2659888 2.3166935 
B.GB.14.14667_1_16.3.MF109578          0.9324300 1.1817601 1.2664925 1.2647317 1.2266090 1.2172763 1.1365083 1.1699915 1.1212902 1.1543555 1.1814849 1.0942517 1.1929000 1.1593297 1.0935233 1.1344530 1.1697646 1.1683316 0.6855281 0.5461286 0.4454709 0.0000000 0.4879514 0.4989511 0.4092254 0.4865809 0.4995689 0.4859964 0.4831147 0.4904098 0.4224612 0.4578779 0.5346775 0.5346062 0.5192864 0.4631621 0.3768963 0.4519945 0.5026487 0.3859250 0.3965139 0.4950979 0.4042902 0.4870435 0.4638864 0.4793245 0.4642033 0.4668437 0.4495874 0.4436624 0.4682734 0.4532635 0.4284481 0.4088139 0.6456739 0.6798363 0.6274456 0.8147840 1.0518658 1.0340055 0.9943021 0.9054928 0.9704383 0.9414803 1.1503574 1.1274330 0.8621954 0.9127019 0.8540415 0.8663503 0.9310747 0.8493948 0.8700398 0.8269121 0.8318185 0.9237780 0.8156192 0.8854101 1.0757444 1.0779239 1.0005823 0.9316360 0.9723832 0.9741026 0.9922738 0.9692723 0.9691257 0.9062974 0.8711512 0.8397114 0.8743603 0.8443757 0.9143482 0.8723459 0.8871070 0.8748574 2.8524456 2.1644256 2.2475996 2.2678971 
B.JP.11.NMC851C_clone_13.AB731669      0.9016923 1.1210492 1.2323200 1.2258206 1.1959889 1.1892317 1.1149704 1.1077609 1.0952505 1.1048431 1.1217494 1.0687608 1.1364541 1.1107377 1.0605412 1.1144245 1.1453159 1.1035135 0.7297282 0.4948925 0.5155675 0.4879514 0.0000000 0.4640094 0.4709469 0.4571323 0.4701079 0.4556268 0.4574520 0.4641793 0.4739712 0.4499113 0.4935995 0.4802779 0.4899581 0.4265847 0.4304426 0.4220779 0.4660139 0.4057625 0.4053113 0.4635467 0.4059235 0.4468814 0.4362007 0.4434277 0.4302681 0.4357715 0.4243674 0.4192311 0.4411538 0.4117633 0.4006003 0.3736615 0.6055856 0.6429425 0.5937693 0.7917624 1.0476248 1.0257607 0.9732099 0.8929055 0.9554612 0.9178465 1.1413246 1.0873090 0.8147935 0.8793507 0.8419345 0.8456218 0.9005663 0.8163543 0.8453254 0.8104494 0.8085088 0.8700136 0.7720342 0.8634833 1.1079025 1.0514894 0.9663670 0.9161949 0.9415819 0.9769925 0.9589579 0.9182636 0.9481750 0.8733473 0.8343727 0.8112497 0.8439329 0.8348509 0.8902773 0.8522614 0.8782422 0.8516428 2.7908545 2.2413863 2.3227460 2.3208574 
B.CY.08.CY224.JF683773                 0.9047464 1.1406468 1.2719698 1.2507775 1.2187522 1.2061938 1.1120401 1.1492511 1.1141754 1.1281799 1.1510092 1.0974869 1.1877378 1.1340304 1.0919184 1.1253682 1.1624587 1.1381718 0.7252074 0.4855260 0.5249773 0.4989511 0.4640094 0.0000000 0.4702125 0.4248568 0.4267668 0.4187195 0.4059821 0.4134944 0.4801523 0.4375115 0.4864925 0.4928862 0.4863847 0.3898856 0.4365408 0.4230773 0.4691296 0.4053620 0.3899413 0.4705322 0.3985998 0.4414551 0.4381980 0.4334736 0.4366789 0.4393803 0.4216783 0.4183499 0.4449458 0.4156042 0.4009176 0.3672664 0.6176326 0.6509841 0.6037896 0.7896385 1.0005227 0.9918667 0.9650139 0.8777729 0.9455424 0.8922324 1.1402720 1.0736307 0.8125317 0.8394777 0.8271566 0.8379675 0.8827203 0.7979165 0.8258015 0.7813705 0.8050032 0.8876516 0.7895141 0.8632253 1.0894687 1.0289986 0.9641794 0.9322765 0.9331217 0.9557101 0.9743417 0.9237606 0.9170946 0.8688299 0.8509859 0.8077598 0.8676263 0.8309776 0.8878076 0.8593346 0.8596600 0.8606885 2.7979817 2.1803054 2.2563421 2.2845462 
B.BR.10.10BR_PE013.KT427743            0.9080627 1.1438044 1.2648057 1.2382680 1.2300901 1.1885035 1.1442238 1.1457823 1.1215831 1.1467981 1.1640358 1.0987515 1.1703794 1.1249025 1.0639146 1.1367183 1.1694257 1.1822119 0.6606325 0.5144565 0.4385498 0.4092254 0.4709469 0.4702125 0.0000000 0.4672507 0.4681917 0.4603179 0.4608653 0.4709120 0.4016313 0.4364298 0.5136280 0.5024114 0.5030675 0.4399033 0.3566856 0.4436295 0.4895807 0.3775391 0.3702600 0.4890695 0.3705086 0.4582779 0.4539821 0.4611859 0.4541600 0.4420245 0.4350218 0.4317543 0.4503783 0.4308605 0.4087784 0.3804933 0.6142302 0.6437706 0.6090227 0.8129054 1.0344968 0.9937469 0.9311759 0.8917454 0.9460878 0.8980049 1.1494706 1.0708491 0.8025444 0.8467615 0.8367108 0.8195689 0.9006807 0.8058319 0.8293738 0.8085945 0.7949536 0.9148829 0.7613520 0.8543910 1.0768895 1.0357097 0.9638567 0.9215681 0.9483397 0.9574430 0.9652927 0.9190343 0.9112614 0.8647756 0.8541508 0.8031402 0.8588614 0.8257311 0.8875154 0.8278364 0.8403733 0.8499692 2.7463093 2.2477775 2.2112126 2.2876509 
B.TH.06.AA010a_WG3.JX446800            0.9001726 1.1679204 1.2846575 1.2382813 1.2179677 1.2154050 1.1496696 1.1367865 1.1307619 1.1435730 1.1952931 1.1186953 1.1758826 1.1608382 1.0825906 1.1641656 1.1875017 1.1558727 0.7411720 0.4989605 0.4943039 0.4865809 0.4571323 0.4248568 0.4672507 0.0000000 0.4298459 0.4148079 0.4269473 0.4279461 0.4649742 0.4240703 0.4854260 0.4722677 0.4834298 0.3954466 0.4430616 0.4234151 0.4503011 0.4057394 0.3995938 0.4593612 0.3966565 0.4369084 0.4166753 0.4282752 0.4164180 0.4338627 0.4062965 0.4083889 0.4283989 0.4088715 0.3864633 0.3525153 0.5957502 0.6219277 0.6010084 0.7992077 1.0175081 1.0041709 0.9592647 0.9100160 0.9373418 0.8949243 1.1139227 1.0530312 0.8322038 0.8458389 0.8287804 0.8494499 0.8853825 0.8098583 0.8321527 0.8022232 0.8184717 0.9036413 0.7845587 0.8476738 1.0947420 1.0343458 0.9572338 0.9193625 0.9351162 0.9382840 0.9594759 0.9139263 0.9341581 0.8888858 0.8522780 0.8032524 0.8610975 0.8478476 0.8839146 0.8440387 0.8434616 0.8314666 2.6838305 2.1869383 2.2819537 2.2938621 
B.CN.07.CBJC261.JF932474               0.8905505 1.1181374 1.2683775 1.2585400 1.1886682 1.2238775 1.1325658 1.1472368 1.1133840 1.1593955 1.1609317 1.0872108 1.1620913 1.1273577 1.0596533 1.1566898 1.1904966 1.1539076 0.7233792 0.4880471 0.4932964 0.4995689 0.4701079 0.4267668 0.4681917 0.4298459 0.0000000 0.1705160 0.1710234 0.4059581 0.4647652 0.4380047 0.4961909 0.4910056 0.4793426 0.3762900 0.4430905 0.4190349 0.4714572 0.4122847 0.4064821 0.4620929 0.4091740 0.4359597 0.4423977 0.4346383 0.4299721 0.4355553 0.4125325 0.4207453 0.4340552 0.4124055 0.3921094 0.3647680 0.5905291 0.6318925 0.5884295 0.8033200 1.0362842 1.0168628 0.9560269 0.8822021 0.9371433 0.8908033 1.1291392 1.0946199 0.8268717 0.8836940 0.8300496 0.8413737 0.9127408 0.7978022 0.8227457 0.8134586 0.8416581 0.9109860 0.7961603 0.8625640 1.1107166 1.0804278 0.9768347 0.9399761 0.9558452 0.9375270 0.9864909 0.9456234 0.9525496 0.8792947 0.8391490 0.8347351 0.8629221 0.8392855 0.8902827 0.8466819 0.8581415 0.8544446 2.8607109 2.2072297 2.2848987 2.3237753 
B.CN.01.CNHN24.AY180905                0.8931058 1.1524851 1.2706969 1.2442803 1.1956610 1.2028993 1.1234555 1.1521180 1.1095971 1.1385474 1.1754253 1.1086626 1.1388306 1.1086647 1.0836046 1.1378535 1.1623646 1.1508624 0.7182371 0.4796967 0.4911690 0.4859964 0.4556268 0.4187195 0.4603179 0.4148079 0.1705160 0.0000000 0.1655112 0.3964220 0.4675172 0.4289481 0.4917022 0.4755428 0.4715090 0.3593202 0.4358466 0.4152383 0.4593609 0.4006745 0.3901244 0.4597797 0.3834915 0.4323379 0.4300600 0.4174948 0.4105390 0.4154247 0.4016979 0.4030043 0.4269707 0.4128152 0.3790228 0.3499786 0.5945469 0.6310825 0.5870833 0.7806656 1.0331292 1.0053206 0.9542569 0.8609964 0.9367584 0.8961852 1.1062269 1.0737756 0.8261141 0.8778251 0.8307235 0.8296230 0.8969100 0.7911146 0.8389391 0.8205670 0.8277591 0.9023049 0.7997872 0.8405737 1.0915051 1.0423222 0.9635754 0.9262388 0.9365308 0.9378942 0.9724971 0.9323774 0.9317878 0.8689632 0.8417809 0.8237814 0.8518079 0.8202598 0.8810536 0.8352649 0.8510053 0.8452122 2.8578761 2.1727332 2.2664153 2.2928153 
B.CN.08.cbjc468.JF932498               0.8819264 1.1562953 1.2879399 1.2631715 1.2172806 1.2175366 1.1489970 1.1662641 1.1423285 1.1555106 1.1970445 1.1158197 1.1730144 1.1362189 1.0965273 1.1605618 1.1904167 1.1693848 0.7205026 0.4764946 0.4999432 0.4831147 0.4574520 0.4059821 0.4608653 0.4269473 0.1710234 0.1655112 0.0000000 0.3927832 0.4555461 0.4200683 0.4858480 0.4814115 0.4719869 0.3597283 0.4371821 0.4084428 0.4513427 0.3933251 0.3866528 0.4550627 0.3927859 0.4255963 0.4264430 0.4207976 0.4072189 0.4204108 0.4045279 0.4074610 0.4242329 0.4060390 0.3725788 0.3497617 0.5876823 0.6231753 0.5785380 0.7817098 1.0340975 1.0103089 0.9545620 0.8690082 0.9200381 0.8734929 1.0763520 1.0542582 0.8272542 0.8540734 0.8227002 0.8391026 0.8972156 0.7843511 0.8183835 0.8106350 0.8058230 0.9093493 0.7964351 0.8485202 1.0818213 1.0320209 0.9464271 0.9158111 0.9293678 0.9330625 0.9655955 0.9291325 0.9324791 0.8712695 0.8260005 0.8196713 0.8691132 0.8310805 0.8948048 0.8579498 0.8497438 0.8569566 2.7905661 2.1739846 2.2599567 2.2961343 
B.JP.04.DR6174.AB480692                0.9119497 1.1545420 1.2766791 1.2603566 1.2093312 1.2029589 1.1300816 1.1454978 1.1243837 1.1557716 1.1893529 1.0882462 1.1844563 1.1457962 1.1030943 1.1597353 1.1813801 1.1439542 0.7147739 0.4767403 0.4945776 0.4904098 0.4641793 0.4134944 0.4709120 0.4279461 0.4059581 0.3964220 0.3927832 0.0000000 0.4523199 0.4305509 0.4846866 0.4614598 0.4567208 0.3735607 0.4307347 0.4146350 0.4540726 0.3821324 0.3925920 0.4493550 0.3818057 0.4283468 0.4161789 0.4201619 0.4163258 0.4116963 0.3939504 0.4014089 0.4111146 0.3959909 0.3758095 0.3428454 0.5891287 0.6380030 0.5745958 0.8024359 1.0306020 1.0090513 0.9556866 0.8631124 0.9223819 0.8905551 1.1358585 1.0631092 0.8178452 0.8462010 0.8265850 0.8242734 0.8837890 0.7885089 0.8348494 0.7918577 0.8064302 0.8886331 0.7717007 0.8309374 1.1008360 1.0294305 0.9561455 0.9289259 0.9604007 0.9611595 0.9822225 0.9303732 0.9604818 0.8749656 0.8359173 0.8216150 0.8560754 0.8184262 0.8863938 0.8673054 0.8418919 0.8394155 2.7768103 2.2409572 2.2796141 2.2950169 
BF1.BR.00.BREPM13853.DQ085875          0.8761718 1.1645977 1.2686416 1.2538440 1.2090403 1.2300311 1.1179650 1.1472363 1.1145531 1.1315454 1.1676732 1.0752929 1.1805549 1.1513441 1.0880647 1.1398160 1.1589622 1.1451803 0.6045330 0.5211887 0.4026194 0.4224612 0.4739712 0.4801523 0.4016313 0.4649742 0.4647652 0.4675172 0.4555461 0.4523199 0.0000000 0.4287975 0.5038435 0.4959655 0.4848472 0.4326853 0.3430152 0.4346479 0.4666488 0.3770807 0.3678309 0.4665056 0.3803045 0.4526647 0.4392790 0.4364735 0.4424543 0.4369192 0.4312188 0.4301374 0.4507928 0.4159307 0.4067448 0.3669903 0.6011653 0.6329017 0.5862396 0.7886166 1.0313474 1.0173083 0.9404252 0.8962079 0.9341123 0.8783944 1.1348794 1.0788189 0.8190863 0.8457314 0.8338774 0.8332010 0.8858296 0.7930189 0.8206304 0.7946693 0.8121941 0.8920877 0.7873072 0.8558856 1.0904093 1.0659450 0.9548211 0.9288589 0.9668208 0.9490657 0.9761968 0.9283622 0.9400137 0.8635279 0.8517411 0.7913427 0.8593947 0.8392843 0.9085113 0.8358027 0.8414248 0.8462121 2.6272850 2.1513779 2.1986517 2.2496110 
B.US.15.3693.KX505555                  0.8343244 1.0737284 1.2095387 1.1895077 1.1350647 1.1534007 1.0782763 1.0900518 1.0438421 1.0886467 1.1107308 1.0402812 1.1391199 1.0673831 1.0257745 1.0747849 1.1273921 1.0728038 0.6838962 0.4663444 0.4647833 0.4578779 0.4499113 0.4375115 0.4364298 0.4240703 0.4380047 0.4289481 0.4200683 0.4305509 0.4287975 0.0000000 0.4743916 0.4649913 0.4625397 0.4113799 0.3985985 0.3887287 0.4511210 0.3699609 0.3719241 0.4401565 0.3732688 0.4239698 0.4197863 0.4113531 0.4108519 0.4055399 0.3951628 0.4001586 0.4170090 0.3814987 0.3692380 0.3406489 0.5325572 0.5783297 0.5318921 0.7346502 0.9655682 0.9480925 0.9040675 0.8232118 0.8551969 0.8070210 1.0537482 1.0189161 0.7434937 0.8081551 0.7750251 0.7786430 0.8471538 0.7345275 0.7569190 0.7484796 0.7523521 0.8275894 0.7232698 0.8009060 1.0212070 0.9715904 0.9094272 0.8402059 0.8729749 0.8852898 0.8916002 0.8660447 0.8729514 0.8029921 0.7789823 0.7639130 0.8050367 0.7704662 0.8199483 0.7778411 0.8022311 0.7905053 2.6531052 2.1756180 2.1737049 2.2460471 
B.US.15.2521.KX505446                  0.9340440 1.1880537 1.3176589 1.3113976 1.2642620 1.2709447 1.1913068 1.1949579 1.2061478 1.1734541 1.2118527 1.1695397 1.2599708 1.2233772 1.1581061 1.1845721 1.2256859 1.2233360 0.7583085 0.5149471 0.5456521 0.5346775 0.4935995 0.4864925 0.5136280 0.4854260 0.4961909 0.4917022 0.4858480 0.4846866 0.5038435 0.4743916 0.0000000 0.4563748 0.4534035 0.4664937 0.4839453 0.4504835 0.4284391 0.4453592 0.4360902 0.4449394 0.4339474 0.4125512 0.4064857 0.4107612 0.4112794 0.4153984 0.4002744 0.4079946 0.4235968 0.4071574 0.3806581 0.3479935 0.6519924 0.6877524 0.6301742 0.8417409 1.0743188 1.0602118 1.0091547 0.9354679 0.9643109 0.9443299 1.1433216 1.1204025 0.8729584 0.9165806 0.8836363 0.8918524 0.9223754 0.8555102 0.8596115 0.8467687 0.8577356 0.9509580 0.8371169 0.9101242 1.1386941 1.0719906 0.9867458 0.9757054 1.0033270 1.0010397 1.0185375 0.9810669 0.9669090 0.8961455 0.9083252 0.8795305 0.9072747 0.8746693 0.9465091 0.8811938 0.8946171 0.8851772 2.8386041 2.3297633 2.2809995 2.3655895 
B.GB.14.14535_1_7.3.MF109534           0.9230895 1.1653184 1.3253375 1.2751518 1.2392296 1.2280322 1.1898903 1.2022394 1.1652494 1.1399864 1.1617687 1.1279632 1.1972611 1.1712253 1.1060529 1.1731562 1.1869186 1.2029613 0.7701878 0.4896992 0.5213555 0.5346062 0.4802779 0.4928862 0.5024114 0.4722677 0.4910056 0.4755428 0.4814115 0.4614598 0.4959655 0.4649913 0.4563748 0.0000000 0.4451523 0.4552578 0.4765857 0.4494670 0.4388393 0.4286101 0.4303414 0.4067460 0.4175897 0.4075152 0.3682883 0.4139150 0.3767833 0.4139906 0.3913264 0.4067897 0.4129318 0.3977954 0.3825916 0.3402327 0.6213522 0.6807577 0.6292648 0.8526849 1.0778953 1.0327927 0.9951565 0.9035797 0.9433638 0.9244413 1.1685390 1.1052816 0.8678700 0.8993406 0.8848278 0.9024094 0.9498352 0.8650831 0.8839579 0.8573518 0.8649774 0.9320500 0.8191166 0.9064451 1.1673163 1.0941667 1.0029841 0.9562408 0.9815238 1.0038988 1.0412228 0.9846307 0.9875417 0.8994366 0.8953369 0.8705875 0.9122645 0.8891944 0.9116543 0.8897774 0.8950718 0.9051181 2.8395611 2.2783418 2.3226702 2.3705512 
B.ES.14.ARP1202.KT276262               0.9139101 1.1844417 1.3086181 1.2919685 1.2695224 1.2832735 1.1772680 1.2043110 1.1608106 1.1892402 1.1949824 1.1336466 1.2243506 1.2085524 1.1579090 1.2131486 1.2537956 1.2160150 0.7600940 0.4978104 0.5401977 0.5192864 0.4899581 0.4863847 0.5030675 0.4834298 0.4793426 0.4715090 0.4719869 0.4567208 0.4848472 0.4625397 0.4534035 0.4451523 0.0000000 0.4432560 0.4630103 0.4389289 0.4321110 0.4317564 0.4240726 0.4209134 0.4178370 0.4178170 0.3834676 0.4132140 0.3832131 0.3961369 0.3872587 0.3864623 0.4079374 0.3779153 0.3679333 0.3319512 0.6092157 0.6538986 0.6185110 0.8357845 1.0759855 1.0515302 1.0071085 0.9278715 0.9634283 0.9207333 1.1704150 1.1031571 0.8416460 0.8907424 0.8674217 0.8759094 0.9094578 0.8333529 0.8542604 0.8351288 0.8378303 0.9071157 0.8151706 0.8830789 1.1316061 1.0743451 1.0119654 0.9551133 0.9707183 0.9949472 1.0163224 0.9629170 0.9708092 0.8733974 0.8830284 0.8547259 0.8951005 0.8453680 0.9240323 0.8704199 0.8789305 0.8774295 2.7655261 2.1849483 2.3078663 2.4029093 
B.DE.10.iso4_w10.KU612900              0.8792609 1.1679604 1.2517810 1.2446745 1.2205995 1.1785817 1.1319434 1.1228660 1.0979649 1.1522897 1.1602792 1.0866400 1.1758667 1.1232224 1.0789602 1.1374284 1.1819410 1.1378805 0.6940905 0.4636002 0.4705250 0.4631621 0.4265847 0.3898856 0.4399033 0.3954466 0.3762900 0.3593202 0.3597283 0.3735607 0.4326853 0.4113799 0.4664937 0.4552578 0.4432560 0.0000000 0.3981707 0.3832913 0.4360314 0.3673325 0.3654507 0.4369056 0.3607901 0.4088712 0.4061671 0.4106766 0.3978867 0.4055412 0.3722943 0.3917212 0.4027889 0.3840650 0.3655333 0.3293219 0.5727879 0.6255030 0.5739171 0.7791873 0.9935101 1.0059445 0.9552964 0.8675216 0.9210615 0.9036527 1.0843197 1.0409001 0.8058028 0.8433995 0.8358208 0.8266095 0.8656076 0.7775187 0.8246182 0.7882608 0.8026667 0.9007911 0.7837432 0.8380171 1.0638993 1.0300319 0.9475610 0.9191855 0.9372752 0.9533836 0.9436875 0.9118161 0.9259858 0.8383666 0.8197208 0.8010199 0.8530251 0.8146006 0.8659619 0.8190600 0.8095792 0.8248412 2.6886029 2.2045638 2.2194617 2.2951356 
B.BR.02.02BR2041.JN692443              0.8670043 1.1299489 1.2294374 1.2064194 1.1716790 1.1558193 1.1016344 1.1222474 1.0953309 1.1165603 1.1484547 1.0772486 1.1516953 1.1253632 1.0545350 1.1071402 1.1492111 1.1146635 0.5942799 0.4725963 0.3838925 0.3768963 0.4304426 0.4365408 0.3566856 0.4430616 0.4430905 0.4358466 0.4371821 0.4307347 0.3430152 0.3985985 0.4839453 0.4765857 0.4630103 0.3981707 0.0000000 0.3946390 0.4562950 0.3303723 0.3415380 0.4575540 0.3430676 0.4225978 0.4077583 0.4182214 0.4191440 0.4179346 0.3982365 0.3947399 0.4218545 0.4055973 0.3835572 0.3472875 0.5762047 0.6116801 0.5691133 0.7720328 1.0124105 0.9715577 0.9177065 0.8755920 0.8881747 0.8580550 1.0900518 1.0387327 0.7738579 0.8316193 0.8118359 0.8228717 0.8659073 0.7889818 0.8097919 0.7788668 0.7923548 0.8625248 0.7530738 0.8352593 1.0527827 1.0051387 0.9289913 0.8712813 0.9275218 0.9313149 0.9398857 0.9029242 0.9084435 0.8314810 0.8178224 0.7858012 0.8272983 0.7969748 0.8612575 0.8219132 0.8420757 0.8333895 2.7184243 2.2259998 2.2165531 2.2731211 
B.BR.10.10BR_PE101.KT427697            0.8634452 1.1077120 1.2359537 1.2170927 1.1701314 1.1765357 1.0968853 1.1227605 1.0978471 1.1042199 1.1108915 1.0620015 1.1684697 1.1014725 1.0565042 1.1152783 1.1814548 1.1287857 0.6861531 0.4594333 0.4611394 0.4519945 0.4220779 0.4230773 0.4436295 0.4234151 0.4190349 0.4152383 0.4084428 0.4146350 0.4346479 0.3887287 0.4504835 0.4494670 0.4389289 0.3832913 0.3946390 0.0000000 0.4367607 0.3632963 0.3629481 0.4170376 0.3511437 0.4126265 0.3958380 0.4030727 0.3893834 0.4062744 0.3758354 0.3864982 0.4011493 0.3858131 0.3568506 0.3296058 0.5760197 0.6085247 0.5668104 0.7544736 1.0110671 0.9702940 0.9280194 0.8590157 0.9040099 0.8711390 1.0771036 1.0217409 0.7942134 0.8386847 0.8173443 0.8114404 0.8450745 0.7756044 0.7985186 0.7773744 0.7806157 0.8761461 0.7465954 0.8243821 1.0476357 0.9894303 0.9170288 0.8801052 0.9086939 0.9167554 0.9268932 0.8951454 0.8924044 0.8423465 0.8127904 0.7934161 0.8272712 0.8094683 0.8647710 0.8150099 0.8267803 0.8189691 2.6893340 2.2398588 2.2585924 2.2799526 
