100
2b.JP.MD2b2-2.AY232733       0.0000000 0.1518550 0.1436053 0.1435788 0.1446397 0.9331289 0.9364283 0.9239093 2.4489270 2.4036429 2.4253261 2.4447642 2.4302605 2.4225343 2.6255522 2.5751897 2.3925172 2.2592154 2.2386033 2.3115575 2.2600225 2.2738475 2.3278510 2.2141486 2.2844415 2.2566186 2.2432717 2.1989670 2.1993538 2.1898614 2.2300005 2.2036413 2.2757596 2.2420231 2.2458687 2.2841679 2.2625824 2.2872812 2.2719217 2.2796402 2.2255417 2.2152653 2.2956699 2.2299262 2.2117649 2.1669271 2.2136028 2.2538392 2.1512085 2.2024771 2.1972043 2.1904995 2.2216315 2.1749018 2.1909908 2.1890374 2.0891121 2.1253340 2.1623361 2.1705774 2.1929218 2.2145409 2.2403986 2.1928656 2.1957302 2.2043174 2.2310436 2.2276319 2.2172590 2.1936415 2.3496514 2.1972320 2.1810097 2.2219568 2.1818998 2.2090839 2.1685856 2.1764732 2.1851795 2.2112109 2.1952580 2.1774069 2.2274004 2.2216765 2.1218167 2.2029927 2.2001925 2.2243405 2.2043431 2.1514084 2.1524250 2.1798171 2.1930869 2.2165605 2.1700643 2.2001380 2.2334588 2.1831138 2.1537120 2.1555033 
2b.JP.HC-J8.D10988           0.1518550 0.0000000 0.1181512 0.1238918 0.1219115 0.9076008 0.9189069 0.9090188 2.4057490 2.4207144 2.4475528 2.4488519 2.4145272 2.4283625 2.6173198 2.5413642 2.3777246 2.2823030 2.1654915 2.2418960 2.1856918 2.2021248 2.2215143 2.1463238 2.2444165 2.2056403 2.1961585 2.1486819 2.1523555 2.1724434 2.1922900 2.1653659 2.2024575 2.1974463 2.2286768 2.2485359 2.1844870 2.2203114 2.1883556 2.2050782 2.1786680 2.1690618 2.2423927 2.1803605 2.1947106 2.1456064 2.1823835 2.2004481 2.1104547 2.1510645 2.1497294 2.1696074 2.1517369 2.1022286 2.1512873 2.1655721 2.0707223 2.1141176 2.1500596 2.1304424 2.1612647 2.1639768 2.1817595 2.1452271 2.1464522 2.1478637 2.1780052 2.1710404 2.1655236 2.1813880 2.2658560 2.2105124 2.1910722 2.2041215 2.1800914 2.1720787 2.1601246 2.1611332 2.1828619 2.1532899 2.1776853 2.1635409 2.1358530 2.1790666 2.1554263 2.1248733 2.1283991 2.2039681 2.1463336 2.1114146 2.1061613 2.0984742 2.1366992 2.1644864 2.1295787 2.1688933 2.1952173 2.1846145 2.0914003 2.1215822 
2b.-.MD2B-1.AF238486         0.1436053 0.1181512 0.0000000 0.1171751 0.1185298 0.9244325 0.8921084 0.9000471 2.3908618 2.3863972 2.4230297 2.3868673 2.3915242 2.3610056 2.5761296 2.5600403 2.3665968 2.2455299 2.1647130 2.2430966 2.1943673 2.2297338 2.2463001 2.1571041 2.2856861 2.2194266 2.2170484 2.1729076 2.1553266 2.1628905 2.2167238 2.1661843 2.2212488 2.2118329 2.2333275 2.2625966 2.2187022 2.2282393 2.2041795 2.2153536 2.2201076 2.1902727 2.2030895 2.2000390 2.1971504 2.1516884 2.1832875 2.1809281 2.1050451 2.1558224 2.1371887 2.1390624 2.1599909 2.1100973 2.1727993 2.1656329 2.0859195 2.1062281 2.1720062 2.1378554 2.1712454 2.1781847 2.1843587 2.1629585 2.1256534 2.1624618 2.1784847 2.1720267 2.1714701 2.1815734 2.2508786 2.1692318 2.1737782 2.2005385 2.1388713 2.1535622 2.1540532 2.1417360 2.1521044 2.1402355 2.1785912 2.1153332 2.1446494 2.1593723 2.1200968 2.1021559 2.1052925 2.1567009 2.1198988 2.0864901 2.1087526 2.0838744 2.1217678 2.1294069 2.1114755 2.1482674 2.1575596 2.1409241 2.1004117 2.1120095 
2b.JP.MD2b10-2.AY232749      0.1435788 0.1238918 0.1171751 0.0000000 0.0736187 0.9177004 0.8963038 0.8841649 2.4606826 2.4676203 2.4548342 2.4549763 2.4456998 2.4032295 2.6316057 2.5503305 2.3787031 2.2336025 2.2147942 2.2882330 2.1981170 2.2247249 2.2515408 2.1944135 2.2849505 2.2424798 2.1987669 2.2046034 2.2284381 2.1959457 2.2226477 2.2393464 2.2265201 2.2705402 2.2549742 2.2739935 2.2198396 2.2776196 2.2464649 2.2563440 2.2350850 2.2197266 2.2851241 2.2160024 2.1668069 2.1762081 2.2004713 2.2152849 2.1156112 2.1878301 2.1772352 2.1970300 2.2169597 2.1375564 2.2068522 2.1976513 2.1074863 2.1223024 2.1637198 2.1521126 2.2148218 2.1918976 2.2493010 2.2072208 2.1944196 2.2156943 2.2008237 2.2283225 2.1927487 2.1981015 2.2639894 2.2083978 2.1742375 2.1793894 2.1739555 2.1517667 2.1551850 2.1549144 2.1859003 2.1832925 2.1874245 2.1546005 2.1964977 2.2149076 2.1529235 2.1318470 2.1656212 2.1869903 2.1720671 2.1452767 2.1545716 2.1428229 2.1813733 2.1918140 2.1288093 2.1901261 2.2058558 2.1979005 2.1549551 2.1485408 
2b.JP.MD2b6-2.AY232741       0.1446397 0.1219115 0.1185298 0.0736187 0.0000000 0.9201627 0.8952310 0.8851117 2.4430508 2.4361510 2.4475089 2.4491158 2.4232637 2.4124450 2.6786689 2.5388997 2.4131982 2.2530728 2.2241037 2.2799835 2.2234846 2.2656306 2.2795486 2.1884616 2.2673244 2.2830323 2.2252848 2.1982701 2.2084436 2.2112078 2.2025713 2.2397445 2.2540811 2.2498822 2.2441924 2.2636671 2.2133269 2.2682061 2.2354535 2.2432106 2.2150151 2.2264305 2.2511012 2.2102154 2.2072226 2.1882326 2.1944582 2.2207151 2.1269939 2.2026317 2.1781216 2.2011841 2.2041649 2.1309463 2.2134146 2.2112825 2.1123415 2.1364922 2.1614453 2.1494234 2.1789375 2.1661828 2.2343184 2.1925079 2.1496595 2.1858658 2.2137519 2.1760557 2.1752118 2.1996703 2.2885663 2.2290858 2.2062875 2.2107012 2.2037011 2.1895887 2.1794611 2.1590992 2.2063349 2.1698612 2.1582305 2.1542201 2.1637238 2.2126682 2.1745573 2.1563921 2.1374125 2.1957302 2.1481984 2.1318386 2.1264263 2.0930047 2.1348595 2.1871565 2.1488329 2.1757681 2.2113610 2.1788566 2.1379534 2.1283647 
2k.MD.VAT96.AB031663         0.9331289 0.9076008 0.9244325 0.9177004 0.9201627 0.0000000 0.6916373 0.7208779 2.7216911 2.7153862 2.7149640 2.6810324 2.6716751 2.6007174 2.7399767 2.6947950 2.5339390 2.6039212 2.4662711 2.4455909 2.4830830 2.5185016 2.4612303 2.3890031 2.4958438 2.4329118 2.4244535 2.4512324 2.4782651 2.4573985 2.4146032 2.4528886 2.5207249 2.4796202 2.4541823 2.4358762 2.4690940 2.4368741 2.4132435 2.4209143 2.4019493 2.4257772 2.4688523 2.3874222 2.3559616 2.4181330 2.4434019 2.4092469 2.3788607 2.4614635 2.4898812 2.4257873 2.3842001 2.3995684 2.4383126 2.4372352 2.3740934 2.4194045 2.4025407 2.4272719 2.4286528 2.4651026 2.3697937 2.3779129 2.3976553 2.4008839 2.4441882 2.4029593 2.4241810 2.4368204 2.4524098 2.6568486 2.4993406 2.5789648 2.5447840 2.6022524 2.5394079 2.5148126 2.5465554 2.4889495 2.4976297 2.5399101 2.5451784 2.5032261 2.5100860 2.4640334 2.5210490 2.5110113 2.5020696 2.4891581 2.5576650 2.4995443 2.5286877 2.4938742 2.4768615 2.4711927 2.5776509 2.5223508 2.4881125 2.4922797 
2a.-.G2AK1.AF169003          0.9364283 0.9189069 0.8921084 0.8963038 0.8952310 0.6916373 0.0000000 0.1469466 2.5739422 2.6087483 2.5847340 2.5657971 2.5475763 2.4691240 2.6490123 2.6336436 2.5035182 2.5109524 2.4877469 2.4689286 2.5187249 2.5315736 2.5726753 2.4810270 2.5648269 2.5089035 2.4909602 2.5247239 2.4863233 2.4348120 2.5520441 2.4580874 2.4911757 2.4548514 2.4173107 2.4338786 2.4721129 2.4792820 2.4744250 2.4732139 2.3717560 2.4853166 2.4706124 2.4513030 2.4315617 2.4620613 2.4277252 2.4681083 2.4080444 2.4801520 2.5059983 2.4954963 2.4435958 2.4979739 2.4190287 2.3993729 2.4110678 2.3763729 2.4131727 2.3472607 2.4352991 2.4509337 2.4886360 2.4410701 2.4509492 2.4182832 2.4815699 2.4674050 2.4521068 2.4586815 2.4271156 2.4608249 2.4443384 2.4067087 2.3770363 2.4251690 2.4688112 2.4007387 2.3931789 2.3857727 2.4321119 2.4512153 2.4859880 2.4290255 2.4670023 2.4331861 2.4147020 2.4183235 2.4149232 2.4052388 2.5142736 2.4101262 2.4379412 2.3843118 2.3996462 2.3813928 2.4543355 2.3983769 2.3615695 2.3830669 
2a.-.MD2A-7.AF238485         0.9239093 0.9090188 0.9000471 0.8841649 0.8851117 0.7208779 0.1469466 0.0000000 2.6573598 2.6848124 2.6443603 2.6189099 2.6369849 2.4911648 2.6348135 2.6314559 2.4320093 2.4710675 2.4761946 2.4629410 2.5057826 2.5400677 2.5952013 2.4878261 2.5561534 2.5277993 2.5019772 2.4894532 2.4751286 2.4715663 2.5110132 2.4368655 2.4780361 2.4451113 2.3721164 2.4372052 2.5009494 2.5226085 2.4902834 2.4939552 2.3675485 2.4569536 2.4514789 2.4783617 2.4416495 2.4637664 2.4578968 2.4515904 2.3973592 2.4708833 2.5161715 2.5070779 2.4549376 2.4714851 2.4446005 2.3704915 2.4282648 2.4101106 2.3910009 2.3701549 2.4674602 2.4654539 2.4839862 2.4555259 2.4471547 2.4353258 2.4259888 2.4978395 2.4561395 2.5010152 2.4740312 2.5060571 2.4968181 2.4589939 2.4473174 2.4551894 2.5142081 2.3885915 2.4194125 2.3910321 2.4593658 2.4603645 2.5155923 2.4729548 2.4780083 2.4654987 2.5076152 2.4634357 2.4585232 2.4206233 2.5137816 2.4360772 2.4697920 2.4195694 2.4292165 2.4629279 2.4547359 2.4165476 2.4118366 2.4346016 
6a.HK.6a69.DQ480521          2.4489270 2.4057490 2.3908618 2.4606826 2.4430508 2.7216911 2.5739422 2.6573598 0.0000000 0.0703322 0.0727433 0.0834745 0.0701076 1.3811589 1.3945115 1.3639376 2.0202437 1.9188367 1.8886157 1.8512592 1.8942431 1.8427857 1.8767313 1.8213313 1.8696427 1.8648809 1.8674938 1.8654006 1.8045122 1.8051015 1.8274807 1.8531802 1.8681993 1.8415456 1.7985983 1.8490989 1.8299468 1.8395440 1.8325757 1.8341326 1.8646334 1.8497055 1.8908023 1.8356406 1.8804621 1.8239228 1.8314681 1.8496474 1.8527180 1.8593630 1.7969694 1.8225886 1.7999432 1.8277565 1.7967972 1.8238274 1.8142307 1.8008310 1.8014795 1.8338779 1.7840058 1.8116332 1.8326040 1.8062219 1.7771964 1.7900492 1.8208908 1.8050793 1.7835810 1.8306568 1.9500314 1.9666291 1.9755344 1.9804298 1.9696254 1.9709881 1.9685438 1.9398109 1.9563940 1.9294796 1.9104962 1.9113492 1.8969919 1.8856529 1.9178370 1.8492876 1.8882588 1.8948565 1.8754870 1.8776743 1.8608603 1.8789271 1.8500155 1.8571292 1.8465125 1.8577767 1.8646741 1.9038811 1.8696712 1.8754252 
6a.HK.6a33.AY859526          2.4036429 2.4207144 2.3863972 2.4676203 2.4361510 2.7153862 2.6087483 2.6848124 0.0703322 0.0000000 0.0681014 0.0796621 0.0682372 1.3420518 1.4192800 1.3415179 2.0051794 1.9012661 1.8925478 1.8839747 1.8910158 1.8681914 1.8888490 1.8362256 1.8598549 1.8648052 1.8651530 1.8483335 1.8184658 1.8102366 1.8608469 1.8486606 1.8770850 1.8441520 1.7968645 1.8306544 1.8297505 1.8496619 1.8408386 1.8384370 1.8514748 1.8585859 1.8684448 1.8626254 1.8509363 1.8614242 1.8394369 1.8488793 1.8570810 1.8875275 1.7996959 1.8260598 1.8138971 1.8430798 1.8114812 1.8529711 1.8165080 1.7984517 1.8188551 1.8483886 1.7986525 1.8050846 1.8512770 1.8189025 1.8206489 1.8211652 1.8283418 1.7993595 1.7890585 1.8351717 1.9192040 1.9595421 1.9831046 1.9861213 1.9979152 2.0076417 1.9857673 1.9525911 1.9511159 1.9326301 1.9021600 1.8994897 1.8976460 1.8939192 1.9191942 1.8562529 1.8743942 1.9196367 1.8850903 1.8719026 1.8893985 1.9163793 1.8743101 1.8604885 1.8750180 1.8752028 1.9022459 1.9105938 1.8719975 1.8717135 
6a.HK.6a64.DQ480515          2.4253261 2.4475528 2.4230297 2.4548342 2.4475089 2.7149640 2.5847340 2.6443603 0.0727433 0.0681014 0.0000000 0.0776139 0.0672079 1.3555796 1.4072033 1.3501866 1.9886667 1.9199982 1.9052006 1.8439282 1.8712269 1.8474456 1.8805094 1.8359233 1.8892218 1.8577389 1.8485065 1.8480285 1.8241440 1.7946538 1.8651514 1.8549159 1.8987786 1.8263695 1.7872235 1.8500776 1.8469220 1.8473786 1.8422665 1.8398021 1.8678768 1.8456340 1.8487838 1.8621476 1.8541284 1.8557057 1.8481841 1.8565743 1.8374266 1.8763517 1.8039302 1.8544021 1.8088445 1.8309389 1.7912225 1.8476380 1.8067585 1.8049612 1.8155670 1.8494454 1.8040311 1.7790993 1.8469003 1.8264344 1.8007052 1.8066571 1.8123717 1.8080692 1.7874876 1.8136947 1.9697629 1.9625248 1.9572625 1.9713978 1.9670940 1.9618434 1.9387114 1.9189030 1.9270426 1.9287166 1.8815169 1.8771452 1.8913890 1.8598252 1.9064674 1.8406222 1.8751431 1.8970601 1.8574925 1.8646664 1.8720411 1.8894503 1.8582697 1.8498094 1.8693776 1.8491985 1.8586951 1.9073201 1.8665301 1.8480560 
6a.HK.6a77.DQ480512          2.4447642 2.4488519 2.3868673 2.4549763 2.4491158 2.6810324 2.5657971 2.6189099 0.0834745 0.0796621 0.0776139 0.0000000 0.0670368 1.3812326 1.3937688 1.3625251 2.0471380 1.8933284 1.9145536 1.8955699 1.8973915 1.8712979 1.9085838 1.8663844 1.9266732 1.8823458 1.8852630 1.8676292 1.8316210 1.8389861 1.8728799 1.8735795 1.8954280 1.8586690 1.8184639 1.8452135 1.8773388 1.8574987 1.8596522 1.8572784 1.8783081 1.8932299 1.8615150 1.8853682 1.8901107 1.8789394 1.8502980 1.8707207 1.8644733 1.9108580 1.8163151 1.8670134 1.8314973 1.8444304 1.8390995 1.8692778 1.8475463 1.8309187 1.8610460 1.8774323 1.8064817 1.8264514 1.8501785 1.8445017 1.8283839 1.8416632 1.8315861 1.8334350 1.8237072 1.8614973 1.9622865 1.9702089 2.0182562 2.0191730 1.9993995 1.9978580 1.9586001 1.9671448 1.9560406 1.9511858 1.9337813 1.9237727 1.9220475 1.9111007 1.9343786 1.8672709 1.9255897 1.9170942 1.9183892 1.8740292 1.9225364 1.9245348 1.8926993 1.8830965 1.8908760 1.8835375 1.8915334 1.9250597 1.8983487 1.8926438 
6a.HK.6a35.DQ480513          2.4302605 2.4145272 2.3915242 2.4456998 2.4232637 2.6716751 2.5475763 2.6369849 0.0701076 0.0682372 0.0672079 0.0670368 0.0000000 1.3443219 1.4055242 1.3232214 2.0176457 1.9177486 1.8678993 1.8433274 1.8669657 1.8132295 1.8651069 1.8345152 1.8662226 1.8520856 1.8447122 1.8300161 1.7789316 1.7746325 1.8317541 1.8574423 1.8820059 1.8139706 1.7842606 1.8603511 1.8229999 1.8332462 1.8297166 1.8236875 1.8370441 1.8492402 1.8343754 1.8363760 1.8431952 1.8415368 1.8438122 1.8241230 1.8329394 1.8710216 1.7920556 1.8030180 1.7934027 1.8067057 1.7836102 1.8119823 1.8063780 1.8041305 1.8180378 1.8071162 1.7858702 1.7790052 1.8061006 1.7989716 1.7628661 1.7721011 1.8067631 1.7975535 1.8021698 1.8096842 1.9042908 1.9470331 1.9779667 1.9928137 1.9617844 1.9592310 1.9181379 1.9102406 1.9146362 1.8989551 1.8713462 1.8773370 1.8642086 1.8425357 1.8770787 1.8241005 1.8762407 1.8738528 1.8693185 1.8523176 1.8635146 1.8714638 1.8405041 1.8134487 1.8513391 1.8276218 1.8397500 1.8709523 1.8432654 1.8386091 
6m.TH.B4_92.DQ835767         2.4225343 2.4283625 2.3610056 2.4032295 2.4124450 2.6007174 2.4691240 2.4911648 1.3811589 1.3420518 1.3555796 1.3812326 1.3443219 0.0000000 0.9483135 0.8530524 1.9717803 1.9622287 2.0042629 2.0098449 2.0385979 1.9952276 2.0522220 1.9867970 2.0324758 1.9781247 2.0330431 2.0101614 1.9677996 1.9745540 1.9029234 1.9515463 1.9560076 1.9665358 1.9708766 2.0011172 2.0240352 1.9921227 1.9641350 1.9808140 1.9973732 1.9501580 1.9300241 1.9877091 1.9502895 1.9558441 1.9169355 1.9322549 1.9153797 2.0062994 1.9413932 1.9309845 1.9377790 1.9043819 1.9355321 1.9437651 1.9286135 1.9201729 1.9573203 1.9464672 1.9494192 1.9583807 1.9871505 1.9983354 1.9368464 1.9764211 1.9269325 1.9253364 1.9166032 1.9050987 1.9317661 2.0417344 2.0347642 2.0544620 2.0375684 2.0314224 2.0264113 2.0024891 1.9743115 1.9634423 1.9969151 1.9704669 1.9528001 1.9162326 1.9640164 1.9293946 1.9721926 1.9694494 1.9375171 1.9881062 1.9522986 1.9631503 1.9375698 1.9629812 1.9251471 1.9280459 1.9587359 1.9281758 1.9521374 1.9491195 
6j.TH.Th553.DQ835769         2.6255522 2.6173198 2.5761296 2.6316057 2.6786689 2.7399767 2.6490123 2.6348135 1.3945115 1.4192800 1.4072033 1.3937688 1.4055242 0.9483135 0.0000000 0.6597994 1.9873471 1.9916653 2.0931739 2.1095036 2.1037383 2.1479536 2.1793745 2.0958434 2.0739883 2.0666473 2.1219820 2.0824353 2.1106856 2.1064302 2.0734832 2.0591303 2.0734012 2.0615564 2.0358625 2.0822419 2.0328975 2.0382997 2.0273601 2.0200373 2.0415224 2.0565578 2.0915338 2.0760410 2.0586834 2.0882128 2.0070214 2.0519492 2.0175188 2.0543796 2.1008495 2.0871649 2.0521208 2.0301757 2.0728813 2.0647513 2.0320832 2.0466522 2.0817471 2.0757941 2.0822570 2.0637654 2.1016749 2.1225896 2.0282888 2.0557941 2.0385595 2.0375905 2.0635379 2.0710400 2.0119063 2.1597476 2.1303294 2.1402638 2.0947719 2.1148466 2.1491154 2.1099654 2.0855782 2.0653482 2.0697414 2.0952959 2.1066194 2.0422023 2.0320732 2.0064760 2.0506710 2.0862191 2.0040535 2.0384952 2.0479852 2.0402703 2.0354094 2.0129188 2.0187881 2.0445523 1.9999596 2.0445153 2.0352191 1.9897540 
6h.VN.VN004.D84265           2.5751897 2.5413642 2.5600403 2.5503305 2.5388997 2.6947950 2.6336436 2.6314559 1.3639376 1.3415179 1.3501866 1.3625251 1.3232214 0.8530524 0.6597994 0.0000000 2.0079482 1.9990958 2.0090868 2.0120431 2.0476372 2.0689513 2.0652941 2.0057380 2.0309123 2.0268827 2.0473286 2.0030996 2.0153406 2.0296655 2.0148868 2.0561901 2.0614846 2.0258533 2.0180437 2.1088190 2.0339613 2.0134537 2.0168042 2.0194391 1.9835147 1.9964855 1.9694845 2.0315787 2.0835215 2.0161560 1.9766977 2.0190965 1.9686339 2.0128533 2.0250096 2.0220976 1.9558433 1.9647374 1.9713088 1.9649464 1.9693222 2.0013645 2.0169425 1.9988281 2.0244177 1.9276494 2.0075737 1.9943308 1.9797575 1.9815838 1.9885298 1.9705737 2.0637187 1.9899094 2.0121331 2.0330984 2.0514831 2.0236909 1.9706138 2.0156256 1.9916272 1.9927499 1.9646431 1.8794856 1.9238203 1.9204214 1.9552353 1.9112834 1.9360813 1.8916667 1.9979616 1.9486727 1.8785826 1.9097245 1.9349073 1.8802488 1.8879382 1.9148512 1.9082480 1.9284059 1.9370114 1.9511320 1.9008755 1.9019369 
4d.-.24.DQ516083             2.3925172 2.3777246 2.3665968 2.3787031 2.4131982 2.5339390 2.5035182 2.4320093 2.0202437 2.0051794 1.9886667 2.0471380 2.0176457 1.9717803 1.9873471 2.0079482 0.0000000 0.5961792 1.6531441 1.5901850 1.6095850 1.6000643 1.6231528 1.6058826 1.6035271 1.6160729 1.6043464 1.6081931 1.5488895 1.5485226 1.5799143 1.5844192 1.5744797 1.5794435 1.5638187 1.5963973 1.5407417 1.5828118 1.5830488 1.5820352 1.6089184 1.6275856 1.5681642 1.6207425 1.5681309 1.6375218 1.5983950 1.6056629 1.5628415 1.6190100 1.5795487 1.5850677 1.5807688 1.5796546 1.5722383 1.5717806 1.6111359 1.5539309 1.5750477 1.5820943 1.5903483 1.5658273 1.5956745 1.6020289 1.5814615 1.5920476 1.5920103 1.5917215 1.5418220 1.5934501 1.6056194 1.5719711 1.5931888 1.5949203 1.5791283 1.6551940 1.5857433 1.5757074 1.5535332 1.5564191 1.5418034 1.5225523 1.5720503 1.5179368 1.4977873 1.4843664 1.5765652 1.5635294 1.5157561 1.5165859 1.5094318 1.5054839 1.5188057 1.5085489 1.5020173 1.5050443 1.5262587 1.5405867 1.5145733 1.5188683 
4a.EG.ED43.Y11604            2.2592154 2.2823030 2.2455299 2.2336025 2.2530728 2.6039212 2.5109524 2.4710675 1.9188367 1.9012661 1.9199982 1.8933284 1.9177486 1.9622287 1.9916653 1.9990958 0.5961792 0.0000000 1.6029580 1.6119893 1.6142120 1.5893684 1.5836123 1.5772854 1.5770732 1.5655245 1.5589041 1.5839020 1.5219828 1.5281945 1.5646230 1.5529205 1.5521338 1.5310675 1.5422650 1.5374360 1.5838449 1.5915772 1.5750067 1.5737295 1.5547915 1.5877496 1.5402593 1.5696117 1.5781433 1.6066145 1.5735691 1.5633534 1.5254543 1.5592272 1.5313408 1.5160445 1.5204812 1.5395792 1.5525110 1.5539654 1.5481061 1.5127949 1.5716603 1.5492755 1.5481868 1.5271203 1.5621611 1.6142289 1.5838990 1.5438341 1.5712996 1.5187302 1.5200237 1.5344036 1.6098528 1.5987099 1.6378401 1.6301605 1.6200158 1.6539934 1.6352570 1.5688885 1.6045996 1.5551799 1.5257674 1.5212917 1.5160216 1.5325613 1.4775004 1.4888740 1.5596401 1.5225767 1.5399251 1.5246090 1.5182890 1.5224866 1.5091205 1.5299752 1.5056503 1.5191514 1.5490386 1.5319994 1.5293135 1.5013698 
1b.CH.BID-V311.EU155376      2.2386033 2.1654915 2.1647130 2.2147942 2.2241037 2.4662711 2.4877469 2.4761946 1.8886157 1.8925478 1.9052006 1.9145536 1.8678993 2.0042629 2.0931739 2.0090868 1.6531441 1.6029580 0.0000000 0.2225176 0.2186691 0.2133289 0.2253273 0.2160822 0.2220143 0.2169796 0.2144814 0.2076471 0.1981331 0.1892635 0.2161670 0.2051730 0.2075477 0.1987899 0.2058822 0.2184408 0.2179362 0.2167922 0.2004489 0.2021203 0.1691103 0.2003621 0.2011033 0.1964981 0.2004582 0.2012932 0.1753177 0.1813195 0.1957342 0.1904871 0.1895307 0.1951259 0.2015302 0.1814037 0.1774833 0.1920521 0.1714260 0.1846234 0.1911264 0.1929487 0.1971246 0.1852567 0.1838878 0.1838341 0.1727668 0.1761078 0.1674495 0.1843218 0.1696987 0.1713984 0.8934813 0.8495581 0.8558537 0.8435480 0.8704032 0.8404366 0.8351878 0.8392967 0.8224932 0.7982898 0.7859907 0.7882853 0.8047535 0.7875875 0.7848506 0.7495769 0.8045455 0.8166964 0.7773101 0.7744158 0.7696950 0.7728774 0.7677448 0.7865839 0.8031008 0.7729038 0.7893201 0.8104472 0.7656096 0.7747955 
1b.JP.JT.D11355              2.3115575 2.2418960 2.2430966 2.2882330 2.2799835 2.4455909 2.4689286 2.4629410 1.8512592 1.8839747 1.8439282 1.8955699 1.8433274 2.0098449 2.1095036 2.0120431 1.5901850 1.6119893 0.2225176 0.0000000 0.1698666 0.1653804 0.1858399 0.1838131 0.1795292 0.1857955 0.1716892 0.1682518 0.1615184 0.1545489 0.2281257 0.2239423 0.2274780 0.2252523 0.2345104 0.2444057 0.2509935 0.2397738 0.2228578 0.2249842 0.2182967 0.2160326 0.2215832 0.2090496 0.2166343 0.2135179 0.2106690 0.2062269 0.2081980 0.2175824 0.2022335 0.2170472 0.2070516 0.1910815 0.1962192 0.2093225 0.1878880 0.1897486 0.1955797 0.2067967 0.2012262 0.1960148 0.1964731 0.1974243 0.1880408 0.1914232 0.1869235 0.1988766 0.1852974 0.1858529 0.9318568 0.8854838 0.9044857 0.9108923 0.9193495 0.8896567 0.8736815 0.8775990 0.8666714 0.8079167 0.8389466 0.8235549 0.8185540 0.8112388 0.8192433 0.7992177 0.8443389 0.8473322 0.8088955 0.8113387 0.8152015 0.7942062 0.7984905 0.8084973 0.8296695 0.8043999 0.8289395 0.8386866 0.7978637 0.8055689 
1b.JP.J33.D14484             2.2600225 2.1856918 2.1943673 2.1981170 2.2234846 2.4830830 2.5187249 2.5057826 1.8942431 1.8910158 1.8712269 1.8973915 1.8669657 2.0385979 2.1037383 2.0476372 1.6095850 1.6142120 0.2186691 0.1698666 0.0000000 0.1630270 0.1750206 0.1770492 0.1745096 0.1785438 0.1652767 0.1609074 0.1545410 0.1463513 0.2198000 0.2239914 0.2218241 0.2176181 0.2258923 0.2381807 0.2324134 0.2272001 0.2122882 0.2133455 0.2047455 0.2078174 0.2069283 0.2032348 0.2121029 0.2044101 0.1979216 0.1973121 0.2005756 0.1986296 0.2023901 0.1998719 0.1987539 0.1777064 0.1891182 0.1974645 0.1870521 0.1827786 0.1900924 0.2002626 0.2000577 0.1876972 0.1904144 0.1946602 0.1808255 0.1851325 0.1763709 0.1944243 0.1738811 0.1779298 0.9077668 0.9063949 0.8943659 0.9037418 0.9154236 0.9001436 0.8823021 0.8827133 0.8839389 0.8366987 0.8396096 0.8106686 0.8275322 0.8256792 0.8144786 0.7986529 0.8448161 0.8546227 0.8004858 0.8192351 0.8279408 0.8170903 0.8126667 0.8167793 0.8467553 0.8136403 0.8031780 0.8303120 0.7961460 0.8019793 
1b.-.HCR6.AY045702           2.2738475 2.2021248 2.2297338 2.2247249 2.2656306 2.5185016 2.5315736 2.5400677 1.8427857 1.8681914 1.8474456 1.8712979 1.8132295 1.9952276 2.1479536 2.0689513 1.6000643 1.5893684 0.2133289 0.1653804 0.1630270 0.0000000 0.1081543 0.1705735 0.1682569 0.1742354 0.1635413 0.1562339 0.1441116 0.1417664 0.2129175 0.2108071 0.2146627 0.2090394 0.2177630 0.2346383 0.2269728 0.2205533 0.2058530 0.2078616 0.2039324 0.2028011 0.2067630 0.1965689 0.2006863 0.2034145 0.1972209 0.1919186 0.1985160 0.2013636 0.1928078 0.2009743 0.1937355 0.1734963 0.1893851 0.1936230 0.1770203 0.1742993 0.1851580 0.1876117 0.1918613 0.1934879 0.1864415 0.1889857 0.1795166 0.1756560 0.1800638 0.1847970 0.1681773 0.1792825 0.8966589 0.8786949 0.8689732 0.8943414 0.9135914 0.8773428 0.8528650 0.8539206 0.8605399 0.7938890 0.8144186 0.7894426 0.8113116 0.7973899 0.8068886 0.7882820 0.8196941 0.8219032 0.7933505 0.7907583 0.8023876 0.7942570 0.7914240 0.8030234 0.8124006 0.7922189 0.8085503 0.8215609 0.7869374 0.7886055 
1b.-.MD21.AF207762           2.3278510 2.2215143 2.2463001 2.2515408 2.2795486 2.4612303 2.5726753 2.5952013 1.8767313 1.8888490 1.8805094 1.9085838 1.8651069 2.0522220 2.1793745 2.0652941 1.6231528 1.5836123 0.2253273 0.1858399 0.1750206 0.1081543 0.0000000 0.1953584 0.1881764 0.1943562 0.1837778 0.1770938 0.1649124 0.1619387 0.2333075 0.2343397 0.2334610 0.2277897 0.2313687 0.2510826 0.2443457 0.2390812 0.2249308 0.2242550 0.2275323 0.2213522 0.2211674 0.2150029 0.2192161 0.2267903 0.2150134 0.2090781 0.2101902 0.2136974 0.2102630 0.2119145 0.2060147 0.1955830 0.2081809 0.2099431 0.1934285 0.1941556 0.2076742 0.2103936 0.2124278 0.2095066 0.2007108 0.2012619 0.1949305 0.1945441 0.1928404 0.2054194 0.1850617 0.1876153 0.9099788 0.9109164 0.8887841 0.9194128 0.9225395 0.9092886 0.8693942 0.8701136 0.9027114 0.8279217 0.8359581 0.8177440 0.8226397 0.8015974 0.8140760 0.7977432 0.8340119 0.8522322 0.8147342 0.8192743 0.8331123 0.8171473 0.8142507 0.8200385 0.8363897 0.8036557 0.8213380 0.8396406 0.8043154 0.7946535 
1b.-.CQ819761.CQ819761       2.2141486 2.1463238 2.1571041 2.1944135 2.1884616 2.3890031 2.4810270 2.4878261 1.8213313 1.8362256 1.8359233 1.8663844 1.8345152 1.9867970 2.0958434 2.0057380 1.6058826 1.5772854 0.2160822 0.1838131 0.1770492 0.1705735 0.1953584 0.0000000 0.1784137 0.1761962 0.1624230 0.1623192 0.1563348 0.1396707 0.2222288 0.2259970 0.2225446 0.2243122 0.2222349 0.2365457 0.2381459 0.2305257 0.2161694 0.2169370 0.2080591 0.2126030 0.2227283 0.1986350 0.2059043 0.2066730 0.2104511 0.1936308 0.1986404 0.2055571 0.1981741 0.2030817 0.1997430 0.1783044 0.1900167 0.2032326 0.1850090 0.1833142 0.1897337 0.2068214 0.2008500 0.1929881 0.1884174 0.2000815 0.1845328 0.1826798 0.1846634 0.1936585 0.1717230 0.1811972 0.8862200 0.8703463 0.8790976 0.8783273 0.8891417 0.8704621 0.8486273 0.8536685 0.8570492 0.7887270 0.8085103 0.8113204 0.8031608 0.7941474 0.8119312 0.7847813 0.8098414 0.8426536 0.7896613 0.7953999 0.8033569 0.7901380 0.7877048 0.7946117 0.8205571 0.7871744 0.8009838 0.8165149 0.7987615 0.7854536 
1b.-.HCV-CG1B.AF333324       2.2844415 2.2444165 2.2856861 2.2849505 2.2673244 2.4958438 2.5648269 2.5561534 1.8696427 1.8598549 1.8892218 1.9266732 1.8662226 2.0324758 2.0739883 2.0309123 1.6035271 1.5770732 0.2220143 0.1795292 0.1745096 0.1682569 0.1881764 0.1784137 0.0000000 0.1450720 0.1275018 0.1287065 0.1513885 0.1508275 0.2200321 0.2274158 0.2221365 0.2147564 0.2207664 0.2355232 0.2306138 0.2273618 0.2134523 0.2148173 0.2204215 0.2138986 0.2148519 0.2088847 0.2045307 0.2079304 0.2023880 0.1969153 0.2055145 0.2055349 0.1983730 0.2040597 0.2027743 0.1792135 0.1928823 0.2009542 0.1875766 0.1846177 0.1927279 0.1983838 0.1959859 0.1962582 0.1919205 0.1930624 0.1813690 0.1884685 0.1841747 0.1904732 0.1749089 0.1802355 0.9049931 0.9007225 0.9067313 0.9039299 0.9219413 0.8940250 0.8838780 0.8823471 0.8751875 0.8071879 0.8374943 0.8314849 0.8236604 0.8068298 0.8109002 0.7966644 0.8299657 0.8466340 0.8020458 0.8092751 0.8296721 0.8125188 0.8127922 0.8277763 0.8394660 0.8027851 0.8256576 0.8377394 0.8191265 0.7921284 
1b.JP.HCV-N.AF139594         2.2566186 2.2056403 2.2194266 2.2424798 2.2830323 2.4329118 2.5089035 2.5277993 1.8648809 1.8648052 1.8577389 1.8823458 1.8520856 1.9781247 2.0666473 2.0268827 1.6160729 1.5655245 0.2169796 0.1857955 0.1785438 0.1742354 0.1943562 0.1761962 0.1450720 0.0000000 0.1181932 0.1125505 0.1539672 0.1518932 0.2189086 0.2253173 0.2253214 0.2179886 0.2248105 0.2342840 0.2345252 0.2370511 0.2209987 0.2216211 0.2171406 0.2184257 0.2124490 0.2118090 0.2146131 0.2067401 0.2087892 0.2011085 0.2031994 0.2120570 0.2028026 0.2049821 0.2001754 0.1811600 0.1963906 0.2022657 0.1872647 0.1871716 0.1987753 0.2054371 0.2140279 0.1940371 0.1911797 0.1990455 0.1802675 0.1858881 0.1892851 0.1955904 0.1833342 0.1836545 0.9028843 0.8962463 0.8821521 0.8746961 0.9065638 0.8828887 0.8594663 0.8775987 0.8539719 0.7934553 0.8156015 0.8078379 0.8073868 0.8042361 0.8108677 0.7823517 0.8279617 0.8340990 0.7923024 0.8013845 0.8040723 0.8037982 0.8021692 0.8028912 0.8221421 0.8047332 0.8077646 0.8396231 0.8044215 0.7956579 
1b.-.MD33.AF207774           2.2432717 2.1961585 2.2170484 2.1987669 2.2252848 2.4244535 2.4909602 2.5019772 1.8674938 1.8651530 1.8485065 1.8852630 1.8447122 2.0330431 2.1219820 2.0473286 1.6043464 1.5589041 0.2144814 0.1716892 0.1652767 0.1635413 0.1837778 0.1624230 0.1275018 0.1181932 0.0000000 0.1037258 0.1433200 0.1398316 0.2178872 0.2159073 0.2119464 0.2069171 0.2221885 0.2343381 0.2245763 0.2195011 0.2042856 0.2055426 0.2060335 0.2068241 0.2101745 0.2014384 0.1966463 0.1952433 0.1938292 0.1898283 0.1924648 0.1945980 0.1917786 0.1978982 0.1950528 0.1724013 0.1838989 0.1943582 0.1718834 0.1776254 0.1839202 0.1907853 0.1944484 0.1847825 0.1731398 0.1820277 0.1670749 0.1704532 0.1743405 0.1805299 0.1667951 0.1680821 0.8913259 0.8824640 0.8745712 0.8673827 0.8989340 0.8880467 0.8562737 0.8619087 0.8429863 0.7999600 0.8129290 0.8046298 0.7957840 0.7919479 0.8027709 0.7824369 0.8035624 0.8317745 0.7989525 0.7942478 0.8030752 0.7865728 0.7842373 0.8089190 0.8182720 0.7866660 0.7986105 0.8211803 0.7937826 0.7889801 
1b.-.HCVT209.AB049098        2.1989670 2.1486819 2.1729076 2.2046034 2.1982701 2.4512324 2.5247239 2.4894532 1.8654006 1.8483335 1.8480285 1.8676292 1.8300161 2.0101614 2.0824353 2.0030996 1.6081931 1.5839020 0.2076471 0.1682518 0.1609074 0.1562339 0.1770938 0.1623192 0.1287065 0.1125505 0.1037258 0.0000000 0.1339458 0.1352423 0.2054934 0.2030869 0.2074469 0.2016370 0.2089153 0.2221254 0.2219472 0.2110172 0.1977011 0.1979795 0.1983127 0.2016332 0.2069129 0.1910196 0.1931241 0.1894203 0.1887563 0.1822064 0.1875093 0.1846399 0.1843910 0.1912699 0.1810846 0.1653929 0.1799563 0.1879770 0.1715231 0.1704815 0.1844534 0.1900241 0.1888968 0.1854309 0.1764618 0.1749320 0.1659861 0.1672078 0.1684412 0.1749577 0.1648257 0.1681877 0.8966480 0.8856129 0.8726657 0.8660580 0.8905360 0.8643910 0.8521750 0.8608681 0.8363888 0.7812624 0.8025836 0.7895068 0.8054418 0.7949980 0.7947841 0.7849080 0.8130803 0.8228814 0.7774512 0.7823906 0.8031407 0.7834198 0.7820250 0.7931333 0.8163057 0.7848381 0.8057978 0.8136430 0.7903582 0.7859378 
1b.-.HCVT094.AB049088        2.1993538 2.1523555 2.1553266 2.2284381 2.2084436 2.4782651 2.4863233 2.4751286 1.8045122 1.8184658 1.8241440 1.8316210 1.7789316 1.9677996 2.1106856 2.0153406 1.5488895 1.5219828 0.1981331 0.1615184 0.1545410 0.1441116 0.1649124 0.1563348 0.1513885 0.1539672 0.1433200 0.1339458 0.0000000 0.1298271 0.2031839 0.1959046 0.1982328 0.1936811 0.1970997 0.2060985 0.2094329 0.2064784 0.1902335 0.1936393 0.1890608 0.1893263 0.1951357 0.1811268 0.1806961 0.1780520 0.1786492 0.1681247 0.1854899 0.1847941 0.1730769 0.1796131 0.1816590 0.1578428 0.1620822 0.1690843 0.1568732 0.1629749 0.1737693 0.1776640 0.1767058 0.1743347 0.1615309 0.1678174 0.1533511 0.1565327 0.1610317 0.1716851 0.1552277 0.1605519 0.8645252 0.8570911 0.8479895 0.8453410 0.8743334 0.8388126 0.8353502 0.8212109 0.8335448 0.7876520 0.8024791 0.7800665 0.7913620 0.7750794 0.7821840 0.7543323 0.7921136 0.8165703 0.7654071 0.7804106 0.7843067 0.7752757 0.7732405 0.7811593 0.7979364 0.7694446 0.7776756 0.8004417 0.7773353 0.7690655 
1b.-.MD15.AF207756           2.1898614 2.1724434 2.1628905 2.1959457 2.2112078 2.4573985 2.4348120 2.4715663 1.8051015 1.8102366 1.7946538 1.8389861 1.7746325 1.9745540 2.1064302 2.0296655 1.5485226 1.5281945 0.1892635 0.1545489 0.1463513 0.1417664 0.1619387 0.1396707 0.1508275 0.1518932 0.1398316 0.1352423 0.1298271 0.0000000 0.1903482 0.1904122 0.1892954 0.1851735 0.1874852 0.2102349 0.2032548 0.2037170 0.1881689 0.1894928 0.1779830 0.1830012 0.1850368 0.1723701 0.1795379 0.1789886 0.1744304 0.1673150 0.1698263 0.1718179 0.1679874 0.1689791 0.1724515 0.1545159 0.1645457 0.1731531 0.1542931 0.1543010 0.1610081 0.1664128 0.1636304 0.1589956 0.1619638 0.1638673 0.1507118 0.1547763 0.1513888 0.1616978 0.1465893 0.1536774 0.8837238 0.8659305 0.8650472 0.8563363 0.8740480 0.8660445 0.8350186 0.8474068 0.8439618 0.7882216 0.8099163 0.7917537 0.8017114 0.7816804 0.7941508 0.7720553 0.8150818 0.8213095 0.7661908 0.7823485 0.7822813 0.7846089 0.7776897 0.7908486 0.8131401 0.7791995 0.7898645 0.8059966 0.7701783 0.7819649 
1b.TR.HCV-TR1.AF483269       2.2300005 2.1922900 2.2167238 2.2226477 2.2025713 2.4146032 2.5520441 2.5110132 1.8274807 1.8608469 1.8651514 1.8728799 1.8317541 1.9029234 2.0734832 2.0148868 1.5799143 1.5646230 0.2161670 0.2281257 0.2198000 0.2129175 0.2333075 0.2222288 0.2200321 0.2189086 0.2178872 0.2054934 0.2031839 0.1903482 0.0000000 0.2219119 0.2173249 0.2019124 0.2119672 0.2342885 0.2204348 0.2225168 0.2093158 0.2096859 0.2046361 0.2037256 0.2023649 0.1998031 0.2052206 0.1982677 0.1990406 0.1973347 0.1944944 0.1980769 0.1926423 0.1997197 0.1969003 0.1842957 0.1883979 0.2010938 0.1773251 0.1780357 0.1902130 0.1928635 0.1964030 0.1754395 0.1906645 0.1875170 0.1780512 0.1881927 0.1840308 0.1717404 0.1618785 0.1769087 0.8696402 0.8626470 0.8502111 0.8660720 0.8810088 0.8630574 0.8405014 0.8356776 0.8386227 0.7829373 0.7966481 0.7894824 0.7969905 0.7820947 0.7916208 0.7511095 0.8032262 0.8125318 0.7763365 0.7621678 0.7838817 0.7744669 0.7614865 0.7835424 0.7909753 0.7770134 0.7780335 0.7893664 0.7610430 0.7676291 
1b.-.MD23.AF207764           2.2036413 2.1653659 2.1661843 2.2393464 2.2397445 2.4528886 2.4580874 2.4368655 1.8531802 1.8486606 1.8549159 1.8735795 1.8574423 1.9515463 2.0591303 2.0561901 1.5844192 1.5529205 0.2051730 0.2239423 0.2239914 0.2108071 0.2343397 0.2259970 0.2274158 0.2253173 0.2159073 0.2030869 0.1959046 0.1904122 0.2219119 0.0000000 0.1568426 0.1485766 0.1562930 0.1734698 0.1766576 0.1736071 0.1597434 0.1619135 0.1930930 0.2035052 0.2086408 0.2011964 0.2017506 0.1898038 0.1927143 0.1871096 0.1906997 0.1978671 0.1939677 0.1949763 0.1996804 0.1795472 0.1861193 0.1990467 0.1702833 0.1751905 0.1846723 0.1924548 0.1960149 0.1809156 0.1874516 0.1842911 0.1766540 0.1725319 0.1673671 0.1850111 0.1701605 0.1757165 0.8781637 0.8650780 0.8562201 0.8782178 0.8861218 0.8706337 0.8525870 0.8657181 0.8472008 0.8056445 0.8018490 0.8058890 0.8204579 0.8013245 0.8032401 0.7760887 0.8165477 0.8225246 0.7818338 0.7862299 0.7976298 0.7758236 0.7825829 0.8030098 0.8261294 0.7916477 0.7927585 0.8169010 0.7892423 0.7924464 
1b.-.JP1993068562-A_2.E04420 2.2757596 2.2024575 2.2212488 2.2265201 2.2540811 2.5207249 2.4911757 2.4780361 1.8681993 1.8770850 1.8987786 1.8954280 1.8820059 1.9560076 2.0734012 2.0614846 1.5744797 1.5521338 0.2075477 0.2274780 0.2218241 0.2146627 0.2334610 0.2225446 0.2221365 0.2253214 0.2119464 0.2074469 0.1982328 0.1892954 0.2173249 0.1568426 0.0000000 0.1410272 0.1477352 0.1597688 0.1799634 0.1762561 0.1625585 0.1649453 0.1980605 0.2143320 0.2124545 0.1976547 0.2121185 0.1996101 0.1918090 0.1917737 0.1953059 0.1905405 0.1968234 0.1977577 0.2030082 0.1802701 0.1850560 0.1952655 0.1794422 0.1713659 0.1854051 0.1969786 0.1948477 0.1835098 0.1839119 0.1911753 0.1789764 0.1837194 0.1721630 0.1915895 0.1736885 0.1755646 0.8761868 0.8546260 0.8666691 0.8582770 0.8642926 0.8709317 0.8388293 0.8394168 0.8333934 0.8063208 0.8229961 0.7963291 0.8093639 0.8043782 0.8006343 0.7753342 0.8111446 0.8250933 0.7741356 0.7866897 0.7862107 0.7822333 0.7755126 0.7964789 0.8155304 0.7891314 0.7908397 0.8025662 0.7716405 0.7821295 
1b.-.MD32.AF207773           2.2420231 2.1974463 2.2118329 2.2705402 2.2498822 2.4796202 2.4548514 2.4451113 1.8415456 1.8441520 1.8263695 1.8586690 1.8139706 1.9665358 2.0615564 2.0258533 1.5794435 1.5310675 0.1987899 0.2252523 0.2176181 0.2090394 0.2277897 0.2243122 0.2147564 0.2179886 0.2069171 0.2016370 0.1936811 0.1851735 0.2019124 0.1485766 0.1410272 0.0000000 0.1401327 0.1521631 0.1751664 0.1738222 0.1602897 0.1607955 0.1887633 0.2030641 0.2031412 0.1898143 0.2010847 0.1943243 0.1764600 0.1786828 0.1874643 0.1937021 0.1853611 0.1857902 0.1968323 0.1767950 0.1814195 0.1942530 0.1709180 0.1712680 0.1827537 0.1878474 0.1923136 0.1812862 0.1766791 0.1805877 0.1737416 0.1746940 0.1629927 0.1801290 0.1618116 0.1699087 0.8623054 0.8346920 0.8375875 0.8416814 0.8445172 0.8415451 0.8160556 0.8283034 0.8139300 0.7685835 0.7878544 0.7821264 0.7832248 0.7809626 0.7741849 0.7622701 0.8086105 0.8083224 0.7648943 0.7648642 0.7892861 0.7788809 0.7685301 0.7884694 0.8071386 0.7699116 0.7707678 0.8075993 0.7671108 0.7694949 
1b.-.MD30.AF207771           2.2458687 2.2286768 2.2333275 2.2549742 2.2441924 2.4541823 2.4173107 2.3721164 1.7985983 1.7968645 1.7872235 1.8184639 1.7842606 1.9708766 2.0358625 2.0180437 1.5638187 1.5422650 0.2058822 0.2345104 0.2258923 0.2177630 0.2313687 0.2222349 0.2207664 0.2248105 0.2221885 0.2089153 0.1970997 0.1874852 0.2119672 0.1562930 0.1477352 0.1401327 0.0000000 0.1263298 0.1780057 0.1728507 0.1606757 0.1614432 0.1997062 0.2025851 0.2017235 0.1979819 0.2043294 0.1974014 0.1910346 0.1883871 0.1960305 0.2021773 0.1945516 0.1947748 0.1998379 0.1782989 0.1888107 0.1978403 0.1754028 0.1760703 0.1892783 0.1918940 0.1942523 0.1825874 0.1900326 0.1879759 0.1761833 0.1781661 0.1659005 0.1857615 0.1728859 0.1739759 0.8724999 0.8528811 0.8532491 0.8675721 0.8725696 0.8495103 0.8381658 0.8519580 0.8402427 0.7930096 0.8060057 0.7848048 0.7889437 0.7761213 0.7830117 0.7810664 0.8204331 0.8245951 0.7721573 0.7728291 0.7779914 0.7849446 0.7708164 0.7823588 0.8184232 0.7786078 0.7992975 0.8028795 0.7812852 0.7768234 
1b.JP.MD1-0.AF165045         2.2841679 2.2485359 2.2625966 2.2739935 2.2636671 2.4358762 2.4338786 2.4372052 1.8490989 1.8306544 1.8500776 1.8452135 1.8603511 2.0011172 2.0822419 2.1088190 1.5963973 1.5374360 0.2184408 0.2444057 0.2381807 0.2346383 0.2510826 0.2365457 0.2355232 0.2342840 0.2343381 0.2221254 0.2060985 0.2102349 0.2342885 0.1734698 0.1597688 0.1521631 0.1263298 0.0000000 0.1920240 0.1836438 0.1732273 0.1749600 0.2084469 0.2221186 0.2202888 0.2135383 0.2166485 0.2152259 0.2015586 0.1982085 0.2129342 0.2137571 0.2099263 0.2055456 0.2160964 0.1925436 0.1977864 0.2073372 0.1861606 0.1925628 0.2025930 0.2120747 0.2132763 0.1978533 0.2049646 0.2010849 0.1910231 0.1938242 0.1808974 0.2059073 0.1900596 0.1858977 0.8805291 0.8602080 0.8649039 0.8710805 0.8712599 0.8744286 0.8592278 0.8575502 0.8459588 0.7978628 0.8125997 0.8042925 0.8152390 0.8052712 0.8011951 0.7912656 0.8329990 0.8362633 0.7810664 0.7944846 0.8057205 0.7991340 0.7981244 0.8010193 0.8161777 0.8017641 0.8103478 0.8241922 0.7939522 0.7836110 
1b.-.D89815.D89815           2.2625824 2.1844870 2.2187022 2.2198396 2.2133269 2.4690940 2.4721129 2.5009494 1.8299468 1.8297505 1.8469220 1.8773388 1.8229999 2.0240352 2.0328975 2.0339613 1.5407417 1.5838449 0.2179362 0.2509935 0.2324134 0.2269728 0.2443457 0.2381459 0.2306138 0.2345252 0.2245763 0.2219472 0.2094329 0.2032548 0.2204348 0.1766576 0.1799634 0.1751664 0.1780057 0.1920240 0.0000000 0.1252208 0.1078745 0.1096246 0.2077899 0.2235706 0.2277541 0.2080035 0.2085064 0.2080582 0.1958345 0.2015855 0.2068370 0.2119742 0.2031293 0.1971612 0.2149746 0.1877338 0.1955696 0.2069091 0.1836258 0.1871454 0.1987869 0.2011238 0.2062692 0.1996698 0.1907793 0.1968275 0.1864132 0.1883822 0.1782263 0.1992424 0.1723948 0.1863235 0.8694589 0.8508138 0.8485948 0.8460521 0.8562978 0.8596795 0.8369127 0.8353666 0.8406110 0.7938072 0.8067721 0.7802193 0.8001455 0.8001205 0.7886458 0.7620862 0.8178203 0.8213821 0.7693529 0.7764193 0.7880550 0.7836153 0.7763075 0.7921504 0.7974679 0.7881851 0.7799462 0.7966832 0.7694903 0.7666087 
1b.-.HPCPP.D30613            2.2872812 2.2203114 2.2282393 2.2776196 2.2682061 2.4368741 2.4792820 2.5226085 1.8395440 1.8496619 1.8473786 1.8574987 1.8332462 1.9921227 2.0382997 2.0134537 1.5828118 1.5915772 0.2167922 0.2397738 0.2272001 0.2205533 0.2390812 0.2305257 0.2273618 0.2370511 0.2195011 0.2110172 0.2064784 0.2037170 0.2225168 0.1736071 0.1762561 0.1738222 0.1728507 0.1836438 0.1252208 0.0000000 0.0161149 0.0131942 0.2019382 0.2207501 0.2148704 0.2026471 0.2118036 0.2015334 0.1948681 0.1954609 0.2042258 0.2073243 0.2062589 0.2027995 0.2103198 0.1889333 0.1991300 0.2043742 0.1795764 0.1842975 0.1931799 0.1957115 0.1993228 0.1964646 0.1906157 0.1896933 0.1837454 0.1841992 0.1735076 0.2007228 0.1701841 0.1786708 0.8559304 0.8415617 0.8651444 0.8599411 0.8633099 0.8503980 0.8309842 0.8545321 0.8347653 0.7936596 0.8179885 0.7916884 0.7980970 0.7946187 0.7710597 0.7586727 0.7988176 0.8318948 0.7679182 0.7647202 0.7754199 0.7866830 0.7711265 0.7890758 0.7959788 0.7738216 0.7922077 0.7936080 0.7617002 0.7573382 
