94
RESTV_M.fas-tc_USA_89_Philippines89-Pennsylvania_NC_004161 0.0000000 0.0258811 0.0341011 2.0741552 2.0441062 1.7358662 1.7354846 1.7353788 1.7366982 1.7600696 1.7612569 1.7592917 1.7548582 1.7626496 1.7651595 1.7640012 1.7657485 1.7658137 1.7658137 1.7660624 1.7655631 1.7655650 1.7655002 1.7660624 1.7660624 1.7661983 1.7652587 1.7657645 1.7667025 1.7665585 1.7656923 1.7656923 1.7668385 1.7663889 1.7660362 1.7660150 1.7651416 1.7650293 1.7651440 1.7651440 1.7652780 1.7660111 1.7655824 1.7644898 1.7645639 1.7660725 1.7662778 1.7664457 1.7664457 1.7648476 1.7648132 1.7656613 1.7657084 1.7653588 1.7658792 1.7646960 1.7646960 1.7664865 1.7662317 1.7661966 1.7666885 1.7672542 1.7666679 1.7653163 1.7666563 1.7662539 1.7662539 1.7661859 1.7670479 1.7656353 1.7628343 1.7628343 1.7633900 1.7637554 1.7642977 1.7637834 1.7685874 1.7666054 1.7672088 1.7672088 1.7661667 1.7671624 1.7657268 1.7637540 1.7657546 1.7676102 1.7669531 1.7635759 1.7638875 1.7638943 1.7697411 1.7685939 1.8151685 1.8136661 
RESTV_S.dom-tc_PHL_08_Reston08-A_FJ621583                  0.0258811 0.0000000 0.0513206 2.0976251 2.0604140 1.7511014 1.7507177 1.7506121 1.7517771 1.7785583 1.7794355 1.7767765 1.7723743 1.7798950 1.7818684 1.7812634 1.7828748 1.7829403 1.7829403 1.7831906 1.7826885 1.7826900 1.7826243 1.7831906 1.7831906 1.7833281 1.7823814 1.7833868 1.7823870 1.7836977 1.7828195 1.7828195 1.7839794 1.7835258 1.7831718 1.7831439 1.7822560 1.7821442 1.7822585 1.7822585 1.7823944 1.7831317 1.7827011 1.7816021 1.7816762 1.7832022 1.7834142 1.7835843 1.7835843 1.7819533 1.7819269 1.7827333 1.7828332 1.7824810 1.7830067 1.7813090 1.7813090 1.7836213 1.7833650 1.7833262 1.7838209 1.7841940 1.7835981 1.7824355 1.7842908 1.7838801 1.7838801 1.7831116 1.7841980 1.7828077 1.7799665 1.7799665 1.7805263 1.7805772 1.7811297 1.7809226 1.7857529 1.7837431 1.7843605 1.7843605 1.7832958 1.7843144 1.7822872 1.7808539 1.7828822 1.7847631 1.7840937 1.7801708 1.7810394 1.7810458 1.7869387 1.7855115 1.8274533 1.8259328 
RESTV_S.dom-xx_PHL_08_Reston08-C_FJ621584                  0.0341011 0.0513206 0.0000000 2.0918722 2.0465762 1.7352641 1.7348818 1.7347758 1.7362541 1.7587371 1.7597184 1.7584827 1.7516146 1.7609519 1.7648058 1.7638530 1.7656048 1.7656702 1.7656702 1.7659195 1.7654189 1.7654208 1.7653558 1.7659195 1.7659195 1.7658472 1.7652835 1.7656208 1.7665613 1.7664169 1.7656634 1.7656634 1.7666976 1.7662469 1.7658933 1.7658721 1.7649489 1.7648838 1.7649988 1.7649988 1.7651331 1.7653751 1.7653909 1.7643429 1.7644171 1.7659297 1.7664432 1.7666116 1.7666116 1.7647017 1.7646672 1.7654699 1.7655171 1.7650991 1.7657359 1.7645496 1.7645496 1.7663447 1.7662979 1.7660541 1.7665473 1.7668118 1.7662241 1.7649154 1.7660215 1.7662265 1.7662265 1.7665367 1.7668601 1.7654913 1.7626831 1.7626831 1.7632403 1.7636065 1.7641502 1.7632567 1.7684511 1.7664639 1.7672777 1.7672777 1.7659767 1.7670223 1.7655831 1.7636052 1.7656110 1.7674713 1.7668125 1.7636350 1.7637390 1.7637458 1.7701725 1.7684575 1.8233625 1.8218487 
TAFV_H.sap-tc_CIV_94_Pauleoula-CI_NC_014372                2.0741552 2.0976251 2.0918722 0.0000000 0.7773369 1.2831070 1.2832083 1.2828796 1.2839579 1.2999732 1.3018762 1.3001934 1.2936798 1.3078807 1.3071710 1.3079592 1.3073658 1.3065402 1.3065402 1.3067477 1.3066050 1.3063328 1.3067477 1.3067477 1.3067477 1.3066829 1.3067960 1.3068125 1.3071405 1.3073661 1.3069130 1.3069130 1.3069380 1.3065453 1.3069380 1.3067477 1.3070543 1.3072410 1.3072554 1.3072410 1.3075628 1.3072103 1.3079011 1.3067485 1.3066552 1.3071479 1.3060609 1.3057622 1.3057622 1.3074852 1.3072995 1.3069629 1.3074495 1.3055279 1.3081516 1.3064051 1.3064051 1.3073148 1.3071001 1.3069398 1.3069398 1.3078455 1.3070932 1.3068023 1.3082190 1.3081979 1.3081979 1.3076384 1.3075970 1.3065046 1.3065705 1.3065705 1.3069637 1.3059276 1.3062425 1.3073961 1.3088973 1.3073791 1.3084405 1.3084405 1.3073505 1.3093960 1.3070723 1.3068723 1.3071909 1.3068235 1.3072254 1.3089232 1.3094323 1.3094466 1.3080036 1.3091666 2.1918308 2.1898000 
BDBV_H.sap-xx_COD_12_EboBund-122_KC545395                  2.0441062 2.0604140 2.0465762 0.7773369 0.0000000 1.3081334 1.3079319 1.3080685 1.3101082 1.3261821 1.3276358 1.3286002 1.3197489 1.3222690 1.3222744 1.3222731 1.3201459 1.3193891 1.3193891 1.3195988 1.3195937 1.3191794 1.3193749 1.3191354 1.3191354 1.3189308 1.3193238 1.3193400 1.3190670 1.3197642 1.3195420 1.3195420 1.3199342 1.3198181 1.3194883 1.3178821 1.3182667 1.3186231 1.3183310 1.3184838 1.3184846 1.3185917 1.3182790 1.3183066 1.3185184 1.3188095 1.3188491 1.3186630 1.3186630 1.3184608 1.3195402 1.3180764 1.3187107 1.3185885 1.3192070 1.3187100 1.3187100 1.3198454 1.3200765 1.3192897 1.3192897 1.3201060 1.3195097 1.3182779 1.3197246 1.3202110 1.3202110 1.3203748 1.3210671 1.3210381 1.3191571 1.3191571 1.3196803 1.3190640 1.3193860 1.3202588 1.3207202 1.3195128 1.3200989 1.3200989 1.3186643 1.3207702 1.3211009 1.3188278 1.3200035 1.3210306 1.3200065 1.3205609 1.3211382 1.3211524 1.3218157 1.3229105 2.2065936 2.2069513 
EBOV_H.sap-tc_COD_07_1Luebo_KC242786                       1.7358662 1.7511014 1.7352641 1.2831070 1.3081334 0.0000000 0.0001017 0.0001526 0.0008650 0.0243482 0.0252834 0.0235285 0.0206171 0.0315945 0.0310815 0.0310278 0.0316595 0.0311454 0.0311454 0.0312006 0.0312005 0.0312011 0.0312006 0.0312006 0.0312006 0.0312561 0.0313118 0.0312558 0.0312046 0.0312600 0.0313113 0.0313113 0.0312601 0.0313122 0.0313125 0.0313144 0.0313685 0.0313132 0.0314796 0.0314239 0.0313684 0.0313127 0.0315904 0.0313032 0.0311374 0.0313594 0.0312009 0.0313692 0.0313692 0.0314251 0.0313709 0.0317015 0.0316478 0.0314778 0.0315919 0.0315815 0.0315815 0.0313804 0.0316014 0.0315462 0.0316570 0.0315909 0.0316452 0.0317088 0.0316529 0.0315342 0.0315342 0.0317584 0.0315490 0.0308035 0.0305774 0.0305774 0.0305210 0.0307513 0.0308105 0.0311345 0.0317669 0.0318185 0.0316491 0.0316491 0.0317617 0.0319838 0.0315923 0.0318161 0.0316469 0.0316465 0.0315342 0.0318134 0.0310286 0.0310842 0.0320016 0.0320406 1.8647567 1.8647567 
EBOV_H.sap-tc_COD_07_M-M_HQ613403                          1.7354846 1.7507177 1.7348818 1.2832083 1.3079319 0.0001017 0.0000000 0.0001526 0.0008650 0.0243479 0.0252831 0.0235282 0.0206168 0.0315941 0.0310811 0.0310274 0.0316591 0.0311450 0.0311450 0.0312002 0.0312001 0.0312007 0.0312002 0.0312002 0.0312002 0.0312558 0.0313114 0.0312554 0.0312042 0.0312596 0.0313109 0.0313109 0.0312597 0.0313118 0.0313121 0.0313140 0.0313681 0.0313128 0.0314792 0.0314235 0.0313680 0.0313123 0.0315900 0.0313028 0.0311370 0.0313590 0.0312005 0.0313688 0.0313688 0.0314247 0.0313705 0.0317011 0.0316474 0.0314774 0.0315915 0.0315811 0.0315811 0.0313800 0.0316010 0.0315458 0.0316566 0.0315905 0.0316448 0.0317084 0.0316525 0.0315338 0.0315338 0.0317580 0.0315486 0.0308031 0.0305770 0.0305770 0.0305207 0.0307509 0.0308102 0.0311341 0.0317665 0.0318181 0.0316487 0.0316487 0.0317613 0.0319834 0.0315919 0.0318157 0.0316465 0.0316461 0.0315338 0.0318130 0.0310282 0.0310838 0.0320012 0.0320402 1.8647490 1.8647490 
EBOV_H.sap-tc_COD_07_5Luebo_KC242790                       1.7353788 1.7506121 1.7347758 1.2828796 1.3080685 0.0001526 0.0001526 0.0000000 0.0009159 0.0244027 0.0253380 0.0235829 0.0206709 0.0315393 0.0310264 0.0309727 0.0316043 0.0310903 0.0310903 0.0311455 0.0311454 0.0311459 0.0311455 0.0311455 0.0311455 0.0312010 0.0312567 0.0312006 0.0311495 0.0312048 0.0312561 0.0312561 0.0312050 0.0312570 0.0312574 0.0312592 0.0313133 0.0312581 0.0314245 0.0313688 0.0313133 0.0312575 0.0315352 0.0312481 0.0310823 0.0313043 0.0311458 0.0313141 0.0313141 0.0313700 0.0313157 0.0316463 0.0315926 0.0314227 0.0315367 0.0315263 0.0315263 0.0313252 0.0315462 0.0314910 0.0316018 0.0315357 0.0315900 0.0316536 0.0315977 0.0314790 0.0314790 0.0317032 0.0314938 0.0307485 0.0305223 0.0305223 0.0304660 0.0306963 0.0307555 0.0310794 0.0317117 0.0317633 0.0315939 0.0315939 0.0317065 0.0319285 0.0315372 0.0317609 0.0315918 0.0315914 0.0314790 0.0317582 0.0309735 0.0310291 0.0319464 0.0319854 1.8650101 1.8650101 
EBOV_H.sap-tc_COD_08_034-KS_HQ613402                       1.7366982 1.7517771 1.7362541 1.2839579 1.3101082 0.0008650 0.0008650 0.0009159 0.0000000 0.0249033 0.0258403 0.0240820 0.0212721 0.0323227 0.0318085 0.0317547 0.0323881 0.0318727 0.0318727 0.0319280 0.0319279 0.0319285 0.0319280 0.0319280 0.0319280 0.0319836 0.0320394 0.0319832 0.0319321 0.0319875 0.0320389 0.0320389 0.0319877 0.0320398 0.0320401 0.0320421 0.0320962 0.0320408 0.0322076 0.0321517 0.0320962 0.0320403 0.0323185 0.0320306 0.0318645 0.0320869 0.0319283 0.0320970 0.0320970 0.0321530 0.0320987 0.0324299 0.0323761 0.0322057 0.0323201 0.0323094 0.0323094 0.0321084 0.0323298 0.0322745 0.0323855 0.0323190 0.0323734 0.0324373 0.0323813 0.0322622 0.0322622 0.0324869 0.0322773 0.0315300 0.0313032 0.0313032 0.0312468 0.0314777 0.0315371 0.0318615 0.0324956 0.0325472 0.0323774 0.0323774 0.0324903 0.0327128 0.0323205 0.0324923 0.0323228 0.0323748 0.0322622 0.0324307 0.0317555 0.0318113 0.0327310 0.0327698 1.8647871 1.8647871 
EBOV_H.sap-xx_COD_14_Lomela-Lokolia16_KP271018             1.7600696 1.7785583 1.7587371 1.2999732 1.3261821 0.0243482 0.0243479 0.0244027 0.0249033 0.0000000 0.0014788 0.0092417 0.0130271 0.0372875 0.0367640 0.0365971 0.0372303 0.0367178 0.0367178 0.0367739 0.0367738 0.0367744 0.0367739 0.0367739 0.0367739 0.0368303 0.0368869 0.0368298 0.0367786 0.0368348 0.0368862 0.0368862 0.0367759 0.0367747 0.0368877 0.0368900 0.0369447 0.0368885 0.0370576 0.0370009 0.0369446 0.0368879 0.0371700 0.0368918 0.0367233 0.0369490 0.0368869 0.0370582 0.0370582 0.0370024 0.0369475 0.0371705 0.0372287 0.0370554 0.0370591 0.0371747 0.0371747 0.0370711 0.0371829 0.0371269 0.0372394 0.0371706 0.0372256 0.0372916 0.0372346 0.0371129 0.0371129 0.0373409 0.0371838 0.0363689 0.0363097 0.0363097 0.0362523 0.0363755 0.0364363 0.0368765 0.0374103 0.0374028 0.0372302 0.0372302 0.0373449 0.0375705 0.0371724 0.0373999 0.0372277 0.0372273 0.0371128 0.0373970 0.0367107 0.0367672 0.0377042 0.0377565 1.8824682 1.8824682 
EBOV_H.sap-xx_COD_14_Lomela-Lokolia17_KP271019             1.7612569 1.7794355 1.7597184 1.3018762 1.3276358 0.0252834 0.0252831 0.0253380 0.0258403 0.0014788 0.0000000 0.0103444 0.0141413 0.0383747 0.0378493 0.0376820 0.0383174 0.0378033 0.0378033 0.0378595 0.0378594 0.0378600 0.0378595 0.0378595 0.0378595 0.0379160 0.0379728 0.0379156 0.0378643 0.0379207 0.0379721 0.0379721 0.0378616 0.0378603 0.0379737 0.0379760 0.0380308 0.0379745 0.0381440 0.0380873 0.0380307 0.0379739 0.0382568 0.0379779 0.0378090 0.0380353 0.0379728 0.0381447 0.0381447 0.0380888 0.0380337 0.0382573 0.0383157 0.0381418 0.0381457 0.0382616 0.0382616 0.0381579 0.0382700 0.0382138 0.0383267 0.0382574 0.0383125 0.0383789 0.0383217 0.0381995 0.0381995 0.0384282 0.0382710 0.0374530 0.0373936 0.0373936 0.0373360 0.0374598 0.0375209 0.0379621 0.0384982 0.0384904 0.0383173 0.0383173 0.0384324 0.0386585 0.0382593 0.0384875 0.0383147 0.0383142 0.0381994 0.0384845 0.0377959 0.0378526 0.0387932 0.0388456 1.8883855 1.8883855 
EBOV_H.sap-tc_COD_95_Kikwit-9510621_KR867676               1.7592917 1.7767765 1.7584827 1.3001934 1.3286002 0.0235285 0.0235282 0.0235829 0.0240820 0.0092417 0.0103444 0.0000000 0.0121851 0.0363234 0.0359139 0.0357473 0.0362663 0.0357552 0.0357552 0.0358111 0.0358110 0.0358116 0.0358111 0.0358111 0.0358111 0.0358674 0.0359238 0.0358669 0.0358157 0.0358718 0.0359232 0.0359232 0.0358720 0.0358119 0.0359246 0.0359269 0.0359815 0.0359254 0.0360941 0.0360376 0.0359814 0.0359248 0.0362063 0.0359286 0.0357606 0.0359857 0.0359238 0.0360947 0.0360947 0.0360390 0.0359842 0.0362067 0.0362647 0.0360920 0.0362081 0.0362108 0.0362108 0.0361072 0.0362188 0.0361629 0.0362752 0.0362068 0.0362617 0.0363273 0.0362705 0.0360371 0.0360371 0.0363767 0.0362197 0.0354074 0.0353484 0.0353484 0.0352912 0.0354139 0.0354744 0.0359138 0.0364456 0.0364383 0.0362662 0.0362662 0.0363806 0.0366056 0.0362086 0.0364355 0.0362638 0.0362633 0.0361492 0.0364326 0.0357482 0.0358047 0.0367385 0.0367908 1.8792322 1.8792322 
EBOV_H.sap-tc_COD_77_Bonduni_KC242791                      1.7548582 1.7723743 1.7516146 1.2936798 1.3197489 0.0206171 0.0206168 0.0206709 0.0212721 0.0130271 0.0141413 0.0121851 0.0000000 0.0331896 0.0326735 0.0326196 0.0331330 0.0326268 0.0326268 0.0326822 0.0326821 0.0326827 0.0326822 0.0326822 0.0326822 0.0327380 0.0327939 0.0327376 0.0326864 0.0327420 0.0327934 0.0327934 0.0327422 0.0326829 0.0327947 0.0327967 0.0328509 0.0327954 0.0329626 0.0329066 0.0328509 0.0328480 0.0330738 0.0327983 0.0326316 0.0328548 0.0327939 0.0329631 0.0329631 0.0329079 0.0328534 0.0330742 0.0331316 0.0329607 0.0330754 0.0330779 0.0330779 0.0329746 0.0330853 0.0330299 0.0331412 0.0330743 0.0331289 0.0331931 0.0331369 0.0330174 0.0330174 0.0332426 0.0330861 0.0322829 0.0322247 0.0322247 0.0321681 0.0323999 0.0324596 0.0327849 0.0333099 0.0333033 0.0331330 0.0331330 0.0332462 0.0334692 0.0330759 0.0333008 0.0331307 0.0331303 0.0330173 0.0332979 0.0326205 0.0326764 0.0335996 0.0336515 1.8735803 1.8735803 
EBOV_H.sap-wt_GIN_14_Makona-Gueckedou-EM_080076_KR817235   1.7626496 1.7798950 1.7609519 1.3078807 1.3222690 0.0315945 0.0315941 0.0315393 0.0323227 0.0372875 0.0383747 0.0363234 0.0331896 0.0000000 0.0014277 0.0013255 0.0026572 0.0019397 0.0019397 0.0019908 0.0019908 0.0019909 0.0019908 0.0019908 0.0019908 0.0020420 0.0020932 0.0020420 0.0019911 0.0020422 0.0020932 0.0020932 0.0020423 0.0020932 0.0020932 0.0020933 0.0021445 0.0020933 0.0022469 0.0021957 0.0021445 0.0021956 0.0023493 0.0021445 0.0020933 0.0021957 0.0020932 0.0022469 0.0022469 0.0021957 0.0021446 0.0024517 0.0024006 0.0022468 0.0023494 0.0024006 0.0024006 0.0022987 0.0024012 0.0022989 0.0024014 0.0023493 0.0024005 0.0024523 0.0024011 0.0024005 0.0024005 0.0025031 0.0023502 0.0016323 0.0015299 0.0015299 0.0014787 0.0016836 0.0017350 0.0020413 0.0025552 0.0025547 0.0024007 0.0024007 0.0026058 0.0027084 0.0024525 0.0025545 0.0025031 0.0024005 0.0024005 0.0026061 0.0019393 0.0019905 0.0028126 0.0029144 1.8940387 1.8945784 
EBOV_H.sap-wt_GIN_14_Makona-Gueckedou-EM_079702_KR817210   1.7651595 1.7818684 1.7648058 1.3071710 1.3222744 0.0310815 0.0310811 0.0310264 0.0318085 0.0367640 0.0378493 0.0359139 0.0326735 0.0014277 0.0000000 0.0009161 0.0021441 0.0014278 0.0014278 0.0014789 0.0014789 0.0014789 0.0014789 0.0014789 0.0014789 0.0015300 0.0015811 0.0015300 0.0014791 0.0015302 0.0015811 0.0015811 0.0015302 0.0015811 0.0015811 0.0015812 0.0016323 0.0015812 0.0017345 0.0016834 0.0016323 0.0016834 0.0018368 0.0016323 0.0015812 0.0016834 0.0015811 0.0017345 0.0017345 0.0016834 0.0016324 0.0019391 0.0018880 0.0017344 0.0018368 0.0018879 0.0018879 0.0017861 0.0018884 0.0017863 0.0018886 0.0018368 0.0018879 0.0019395 0.0018884 0.0018879 0.0018879 0.0019903 0.0018375 0.0011211 0.0010179 0.0010179 0.0009670 0.0011723 0.0012235 0.0015295 0.0020421 0.0020417 0.0018881 0.0018881 0.0020928 0.0021952 0.0019396 0.0020416 0.0019903 0.0018879 0.0018879 0.0020930 0.0014276 0.0014786 0.0022989 0.0024008 1.8992345 1.8997754 
EBOV_H.sap-wt_GIN_14_Makona-Gueckedou-EM_079587_KR817202   1.7640012 1.7812634 1.7638530 1.3079592 1.3222731 0.0310278 0.0310274 0.0309727 0.0317547 0.0365971 0.0376820 0.0357473 0.0326196 0.0013255 0.0009161 0.0000000 0.0019393 0.0012235 0.0012235 0.0012746 0.0012745 0.0012746 0.0012746 0.0012746 0.0012746 0.0013256 0.0013767 0.0013256 0.0012747 0.0013258 0.0013767 0.0013767 0.0012746 0.0013767 0.0013767 0.0013768 0.0014278 0.0013768 0.0015300 0.0014789 0.0014278 0.0014789 0.0016322 0.0014278 0.0013768 0.0014789 0.0013767 0.0015300 0.0015300 0.0014790 0.0014279 0.0017345 0.0016834 0.0015299 0.0016323 0.0016834 0.0016834 0.0015816 0.0016838 0.0015817 0.0016840 0.0016322 0.0016833 0.0017348 0.0016837 0.0016833 0.0016833 0.0017857 0.0016328 0.0009161 0.0008142 0.0008142 0.0007633 0.0009681 0.0010193 0.0013252 0.0018374 0.0018371 0.0016835 0.0016835 0.0018881 0.0019904 0.0017350 0.0018369 0.0017856 0.0016834 0.0016833 0.0018883 0.0012233 0.0012743 0.0020940 0.0021958 1.8969165 1.8974569 
EBOV_H.sap-wt_LBR_14_Makona-LIBR0430_KR006955              1.7657485 1.7828748 1.7656048 1.3073658 1.3201459 0.0316595 0.0316591 0.0316043 0.0323881 0.0372303 0.0383174 0.0362663 0.0331330 0.0026572 0.0021441 0.0019393 0.0000000 0.0007124 0.0007124 0.0007633 0.0007633 0.0007633 0.0007633 0.0007633 0.0007633 0.0008142 0.0008652 0.0008142 0.0007633 0.0008142 0.0008652 0.0008652 0.0008142 0.0008652 0.0008652 0.0008652 0.0009161 0.0008652 0.0010179 0.0009670 0.0009161 0.0009670 0.0011209 0.0009161 0.0008652 0.0009670 0.0008652 0.0010179 0.0010179 0.0009670 0.0009161 0.0012230 0.0011720 0.0010179 0.0011210 0.0011720 0.0011720 0.0010702 0.0011723 0.0010703 0.0011724 0.0011209 0.0011719 0.0012232 0.0011722 0.0011719 0.0011719 0.0012741 0.0011213 0.0010191 0.0015299 0.0015299 0.0014788 0.0016837 0.0017350 0.0020414 0.0013256 0.0013253 0.0011721 0.0011721 0.0013763 0.0014784 0.0012233 0.0013252 0.0012741 0.0011720 0.0011719 0.0013764 0.0019394 0.0019905 0.0015815 0.0016833 1.9006201 1.9011611 
EBOV_H.sap-wt_SLE_14_Makona-G3734.1_KM233055               1.7658137 1.7829403 1.7656702 1.3065402 1.3193891 0.0311454 0.0311450 0.0310903 0.0318727 0.0367178 0.0378033 0.0357552 0.0326268 0.0019397 0.0014278 0.0012235 0.0007124 0.0000000 0.0000010 0.0000509 0.0000509 0.0000509 0.0000509 0.0000509 0.0000509 0.0001017 0.0001526 0.0001017 0.0000509 0.0001017 0.0001526 0.0001526 0.0001017 0.0001526 0.0001526 0.0001526 0.0002035 0.0001526 0.0003052 0.0002544 0.0002035 0.0002544 0.0004070 0.0002035 0.0001526 0.0002544 0.0001526 0.0003052 0.0003052 0.0002544 0.0002035 0.0005088 0.0004579 0.0003052 0.0004070 0.0004579 0.0004579 0.0003561 0.0004579 0.0003561 0.0004579 0.0004070 0.0004579 0.0005088 0.0004579 0.0004579 0.0004579 0.0005597 0.0004070 0.0003052 0.0008142 0.0008142 0.0007633 0.0009683 0.0010195 0.0013255 0.0006106 0.0006106 0.0004579 0.0004579 0.0006615 0.0007633 0.0005088 0.0006106 0.0005597 0.0004579 0.0004579 0.0006615 0.0012235 0.0012746 0.0008663 0.0009681 1.9026782 1.9032197 
EBOV_H.sap-wt_SLE_14_Makona-G3677.2_KM034557               1.7658137 1.7829403 1.7656702 1.3065402 1.3193891 0.0311454 0.0311450 0.0310903 0.0318727 0.0367178 0.0378033 0.0357552 0.0326268 0.0019397 0.0014278 0.0012235 0.0007124 0.0000010 0.0000000 0.0000509 0.0000509 0.0000509 0.0000509 0.0000509 0.0000509 0.0001017 0.0001526 0.0001017 0.0000509 0.0001017 0.0001526 0.0001526 0.0001017 0.0001526 0.0001526 0.0001526 0.0002035 0.0001526 0.0003052 0.0002544 0.0002035 0.0002544 0.0004070 0.0002035 0.0001526 0.0002544 0.0001526 0.0003052 0.0003052 0.0002544 0.0002035 0.0005088 0.0004579 0.0003052 0.0004070 0.0004579 0.0004579 0.0003561 0.0004579 0.0003561 0.0004579 0.0004070 0.0004579 0.0005088 0.0004579 0.0004579 0.0004579 0.0005597 0.0004070 0.0003052 0.0008142 0.0008142 0.0007633 0.0009683 0.0010195 0.0013255 0.0006106 0.0006106 0.0004579 0.0004579 0.0006615 0.0007633 0.0005088 0.0006106 0.0005597 0.0004579 0.0004579 0.0006615 0.0012235 0.0012746 0.0008663 0.0009681 1.9026782 1.9032197 
EBOV_H.sap-wt_LBR_15_Makona-Liberia-DQE4_KR074998          1.7660624 1.7831906 1.7659195 1.3067477 1.3195988 0.0312006 0.0312002 0.0311455 0.0319280 0.0367739 0.0378595 0.0358111 0.0326822 0.0019908 0.0014789 0.0012746 0.0007633 0.0000509 0.0000509 0.0000000 0.0001017 0.0001017 0.0001017 0.0001017 0.0001017 0.0001526 0.0002035 0.0001526 0.0001017 0.0001526 0.0002035 0.0002035 0.0001526 0.0002035 0.0002035 0.0002035 0.0002544 0.0002035 0.0003561 0.0003052 0.0002544 0.0003052 0.0004579 0.0002544 0.0002035 0.0003052 0.0002035 0.0003561 0.0003561 0.0003052 0.0002544 0.0005597 0.0005088 0.0003561 0.0004579 0.0005088 0.0005088 0.0004070 0.0005088 0.0004070 0.0005088 0.0004579 0.0005088 0.0005597 0.0005088 0.0005088 0.0005088 0.0006106 0.0004579 0.0003561 0.0008652 0.0008652 0.0008142 0.0010194 0.0010705 0.0013765 0.0006615 0.0006615 0.0005088 0.0005088 0.0007124 0.0008142 0.0005597 0.0006615 0.0006106 0.0005088 0.0005088 0.0007124 0.0012746 0.0013257 0.0009174 0.0010191 1.9029337 1.9034752 
EBOV_H.sap-wt_SLE_14_Makona-G3789.1_KM233076               1.7655631 1.7826885 1.7654189 1.3066050 1.3195937 0.0312005 0.0312001 0.0311454 0.0319279 0.0367738 0.0378594 0.0358110 0.0326821 0.0019908 0.0014789 0.0012745 0.0007633 0.0000509 0.0000509 0.0001017 0.0000000 0.0001017 0.0001017 0.0001017 0.0001017 0.0001526 0.0002035 0.0001526 0.0001017 0.0001526 0.0002035 0.0002035 0.0001526 0.0002035 0.0002035 0.0002035 0.0002544 0.0002035 0.0003561 0.0003052 0.0002544 0.0003052 0.0004579 0.0002544 0.0002035 0.0003052 0.0002035 0.0003561 0.0003561 0.0003052 0.0002544 0.0005597 0.0005088 0.0003561 0.0004579 0.0005088 0.0005088 0.0004070 0.0005088 0.0004070 0.0005088 0.0004579 0.0005088 0.0005597 0.0005088 0.0005088 0.0005088 0.0006106 0.0004579 0.0003561 0.0008652 0.0008652 0.0008142 0.0010194 0.0010705 0.0013765 0.0006615 0.0006615 0.0005088 0.0005088 0.0007124 0.0008142 0.0005597 0.0006615 0.0006106 0.0005088 0.0005088 0.0007124 0.0012746 0.0013257 0.0009174 0.0010191 1.9029256 1.9034671 
EBOV_H.sap-wt_SLE_14_Makona-G3735.2_KM233057               1.7655650 1.7826900 1.7654208 1.3063328 1.3191794 0.0312011 0.0312007 0.0311459 0.0319285 0.0367744 0.0378600 0.0358116 0.0326827 0.0019909 0.0014789 0.0012746 0.0007633 0.0000509 0.0000509 0.0001017 0.0001017 0.0000000 0.0001017 0.0001017 0.0001017 0.0001526 0.0002035 0.0001526 0.0001017 0.0001526 0.0002035 0.0002035 0.0001526 0.0002035 0.0002035 0.0002035 0.0002544 0.0002035 0.0003561 0.0003052 0.0002544 0.0003052 0.0004579 0.0002544 0.0002035 0.0003052 0.0002035 0.0003561 0.0003561 0.0003052 0.0002544 0.0005597 0.0005088 0.0003561 0.0004579 0.0005088 0.0005088 0.0004070 0.0005088 0.0004070 0.0005088 0.0004579 0.0005088 0.0005597 0.0005088 0.0005088 0.0005088 0.0006106 0.0004579 0.0003561 0.0008652 0.0008652 0.0008142 0.0010194 0.0010705 0.0013765 0.0006615 0.0006615 0.0005088 0.0005088 0.0007124 0.0008142 0.0005597 0.0006615 0.0006106 0.0005088 0.0005088 0.0007124 0.0012746 0.0013257 0.0009174 0.0010192 1.9030044 1.9035460 
EBOV_H.sap-wt_LBR_14_Makona-EM_080065_KR817232             1.7655002 1.7826243 1.7653558 1.3067477 1.3193749 0.0312006 0.0312002 0.0311455 0.0319280 0.0367739 0.0378595 0.0358111 0.0326822 0.0019908 0.0014789 0.0012746 0.0007633 0.0000509 0.0000509 0.0001017 0.0001017 0.0001017 0.0000000 0.0001017 0.0001017 0.0001526 0.0001017 0.0001526 0.0001017 0.0001526 0.0002035 0.0002035 0.0001526 0.0002035 0.0002035 0.0002035 0.0002544 0.0002035 0.0003561 0.0003052 0.0002544 0.0003052 0.0004579 0.0002544 0.0002035 0.0003052 0.0002035 0.0003561 0.0003561 0.0003052 0.0002544 0.0005597 0.0005088 0.0003561 0.0004579 0.0005088 0.0005088 0.0004070 0.0005088 0.0004070 0.0005088 0.0004579 0.0005088 0.0005597 0.0005088 0.0005088 0.0005088 0.0005088 0.0004579 0.0003561 0.0008652 0.0008652 0.0008142 0.0010194 0.0010705 0.0013765 0.0006615 0.0006615 0.0005088 0.0005088 0.0007124 0.0008142 0.0005597 0.0006615 0.0006106 0.0005088 0.0004070 0.0007124 0.0012746 0.0013257 0.0009174 0.0010191 1.9028935 1.9034351 
EBOV_H.sap-wt_SLE_14_Makona-EM110_KM233037                 1.7660624 1.7831906 1.7659195 1.3067477 1.3191354 0.0312006 0.0312002 0.0311455 0.0319280 0.0367739 0.0378595 0.0358111 0.0326822 0.0019908 0.0014789 0.0012746 0.0007633 0.0000509 0.0000509 0.0001017 0.0001017 0.0001017 0.0001017 0.0000000 0.0000010 0.0000509 0.0002035 0.0001526 0.0001017 0.0001526 0.0002035 0.0002035 0.0001526 0.0002035 0.0002035 0.0002035 0.0002544 0.0002035 0.0003561 0.0003052 0.0002544 0.0003052 0.0004579 0.0002544 0.0002035 0.0003052 0.0002035 0.0003561 0.0003561 0.0003052 0.0002544 0.0005597 0.0005088 0.0003561 0.0004579 0.0005088 0.0005088 0.0004070 0.0005088 0.0004070 0.0005088 0.0004579 0.0005088 0.0005597 0.0005088 0.0005088 0.0005088 0.0006106 0.0004579 0.0003561 0.0008652 0.0008652 0.0008142 0.0010194 0.0010705 0.0013765 0.0006615 0.0006615 0.0005088 0.0005088 0.0007124 0.0008142 0.0005597 0.0006615 0.0006106 0.0005088 0.0005088 0.0007124 0.0012746 0.0013257 0.0009174 0.0010191 1.9029337 1.9034752 
EBOV_H.sap-wt_SLE_14_Makona-NM042.3_KM233118               1.7660624 1.7831906 1.7659195 1.3067477 1.3191354 0.0312006 0.0312002 0.0311455 0.0319280 0.0367739 0.0378595 0.0358111 0.0326822 0.0019908 0.0014789 0.0012746 0.0007633 0.0000509 0.0000509 0.0001017 0.0001017 0.0001017 0.0001017 0.0000010 0.0000000 0.0000509 0.0002035 0.0001526 0.0001017 0.0001526 0.0002035 0.0002035 0.0001526 0.0002035 0.0002035 0.0002035 0.0002544 0.0002035 0.0003561 0.0003052 0.0002544 0.0003052 0.0004579 0.0002544 0.0002035 0.0003052 0.0002035 0.0003561 0.0003561 0.0003052 0.0002544 0.0005597 0.0005088 0.0003561 0.0004579 0.0005088 0.0005088 0.0004070 0.0005088 0.0004070 0.0005088 0.0004579 0.0005088 0.0005597 0.0005088 0.0005088 0.0005088 0.0006106 0.0004579 0.0003561 0.0008652 0.0008652 0.0008142 0.0010194 0.0010705 0.0013765 0.0006615 0.0006615 0.0005088 0.0005088 0.0007124 0.0008142 0.0005597 0.0006615 0.0006106 0.0005088 0.0005088 0.0007124 0.0012746 0.0013257 0.0009174 0.0010191 1.9029337 1.9034752 
EBOV_H.sap-wt_SLE_14_Makona-G3818_KM233092                 1.7661983 1.7833281 1.7658472 1.3066829 1.3189308 0.0312561 0.0312558 0.0312010 0.0319836 0.0368303 0.0379160 0.0358674 0.0327380 0.0020420 0.0015300 0.0013256 0.0008142 0.0001017 0.0001017 0.0001526 0.0001526 0.0001526 0.0001526 0.0000509 0.0000509 0.0000000 0.0002544 0.0002035 0.0001526 0.0002035 0.0002544 0.0002544 0.0002035 0.0002544 0.0002544 0.0002544 0.0003052 0.0002544 0.0004070 0.0003561 0.0003052 0.0003561 0.0005088 0.0003052 0.0002544 0.0003561 0.0002544 0.0004070 0.0004070 0.0003561 0.0003052 0.0006106 0.0005597 0.0004070 0.0005088 0.0005597 0.0005597 0.0004579 0.0005597 0.0004579 0.0005597 0.0005088 0.0005597 0.0006106 0.0005597 0.0005597 0.0005597 0.0006615 0.0005088 0.0004070 0.0009161 0.0009161 0.0008652 0.0010704 0.0011216 0.0014276 0.0007124 0.0007124 0.0005597 0.0005597 0.0007633 0.0008652 0.0006106 0.0007124 0.0006615 0.0005597 0.0005597 0.0007633 0.0013256 0.0013767 0.0009684 0.0010702 1.9026863 1.9032278 
EBOV_H.sap-wt_GIN_14_Makona-Nzerekore-EM_074437_KR817117   1.7652587 1.7823814 1.7652835 1.3067960 1.3193238 0.0313118 0.0313114 0.0312567 0.0320394 0.0368869 0.0379728 0.0359238 0.0327939 0.0020932 0.0015811 0.0013767 0.0008652 0.0001526 0.0001526 0.0002035 0.0002035 0.0002035 0.0001017 0.0002035 0.0002035 0.0002544 0.0000000 0.0002544 0.0002035 0.0002544 0.0003052 0.0003052 0.0002544 0.0003052 0.0003052 0.0003052 0.0003561 0.0003052 0.0004579 0.0004070 0.0003561 0.0004070 0.0005597 0.0003561 0.0003052 0.0004070 0.0003052 0.0004579 0.0004579 0.0004070 0.0003561 0.0006615 0.0006106 0.0004579 0.0005597 0.0006106 0.0006106 0.0005088 0.0006106 0.0005088 0.0006106 0.0005597 0.0006106 0.0006615 0.0006106 0.0006106 0.0006106 0.0006106 0.0005597 0.0004579 0.0009681 0.0009681 0.0009161 0.0011215 0.0011726 0.0014787 0.0007633 0.0007633 0.0006106 0.0006106 0.0008142 0.0009161 0.0006615 0.0007633 0.0007124 0.0006106 0.0005088 0.0008142 0.0013767 0.0014278 0.0010194 0.0011212 1.9030392 1.9035808 
EBOV_H.sap-wt_SLE_14_Makona-G3825.1_KM233098               1.7657645 1.7833868 1.7656208 1.3068125 1.3193400 0.0312558 0.0312554 0.0312006 0.0319832 0.0368298 0.0379156 0.0358669 0.0327376 0.0020420 0.0015300 0.0013256 0.0008142 0.0001017 0.0001017 0.0001526 0.0001526 0.0001526 0.0001526 0.0001526 0.0001526 0.0002035 0.0002544 0.0000000 0.0001526 0.0001017 0.0002544 0.0002544 0.0002035 0.0002544 0.0002544 0.0001526 0.0002035 0.0001526 0.0003052 0.0002544 0.0002035 0.0002544 0.0004070 0.0003052 0.0002544 0.0003561 0.0002544 0.0004070 0.0004070 0.0002544 0.0003052 0.0005088 0.0004579 0.0004070 0.0004070 0.0005597 0.0005597 0.0004579 0.0005597 0.0004579 0.0005597 0.0004070 0.0004579 0.0005088 0.0005597 0.0004579 0.0004579 0.0006615 0.0005088 0.0004070 0.0009161 0.0009161 0.0008652 0.0010704 0.0011216 0.0014276 0.0007124 0.0007124 0.0005597 0.0005597 0.0007633 0.0008652 0.0006106 0.0007124 0.0006615 0.0005597 0.0005597 0.0006615 0.0013256 0.0013767 0.0009684 0.0010702 1.9027478 1.9032894 
EBOV_H.sap-wt_SLE_14_Makona-G3770.2_KM233070               1.7667025 1.7823870 1.7665613 1.3071405 1.3190670 0.0312046 0.0312042 0.0311495 0.0319321 0.0367786 0.0378643 0.0358157 0.0326864 0.0019911 0.0014791 0.0012747 0.0007633 0.0000509 0.0000509 0.0001017 0.0001017 0.0001017 0.0001017 0.0001017 0.0001017 0.0001526 0.0002035 0.0001526 0.0000000 0.0001526 0.0002035 0.0002035 0.0001526 0.0002035 0.0002035 0.0002035 0.0002544 0.0002035 0.0003561 0.0003052 0.0002544 0.0003052 0.0004579 0.0002544 0.0002035 0.0003052 0.0002035 0.0003561 0.0003561 0.0003052 0.0002544 0.0005597 0.0005088 0.0003561 0.0004579 0.0005088 0.0005088 0.0004070 0.0005088 0.0004070 0.0005088 0.0004579 0.0005088 0.0005597 0.0005088 0.0005088 0.0005088 0.0006106 0.0004579 0.0003561 0.0008662 0.0008662 0.0008142 0.0010195 0.0010707 0.0013767 0.0006615 0.0006615 0.0005088 0.0005088 0.0007124 0.0008142 0.0005597 0.0006615 0.0006106 0.0005088 0.0005088 0.0007124 0.0012747 0.0013258 0.0009175 0.0010193 1.9020624 1.9026037 
EBOV_H.sap-wt_SLE_14_Makona-Kenema-20140590_KR653278       1.7665585 1.7836977 1.7664169 1.3073661 1.3197642 0.0312600 0.0312596 0.0312048 0.0319875 0.0368348 0.0379207 0.0358718 0.0327420 0.0020422 0.0015302 0.0013258 0.0008142 0.0001017 0.0001017 0.0001526 0.0001526 0.0001526 0.0001526 0.0001526 0.0001526 0.0002035 0.0002544 0.0001017 0.0001526 0.0000000 0.0002544 0.0002544 0.0002035 0.0002544 0.0002544 0.0001526 0.0002035 0.0001526 0.0003052 0.0002544 0.0002035 0.0002544 0.0004070 0.0003052 0.0002544 0.0003561 0.0002544 0.0004070 0.0004070 0.0002544 0.0003052 0.0005088 0.0004579 0.0004070 0.0004070 0.0005597 0.0005597 0.0004579 0.0005597 0.0004579 0.0005597 0.0004070 0.0004579 0.0005088 0.0005597 0.0004579 0.0004579 0.0006615 0.0005088 0.0004070 0.0009172 0.0009172 0.0008652 0.0010705 0.0011217 0.0014278 0.0007124 0.0007124 0.0005597 0.0005597 0.0007633 0.0008652 0.0006106 0.0007124 0.0006615 0.0005597 0.0005597 0.0006615 0.0013258 0.0013769 0.0009685 0.0010703 1.9039031 1.9044449 
EBOV_H.sap-wt_SLE_14_Makona-Moyamba-G5763_1_KR105325       1.7656923 1.7828195 1.7656634 1.3069130 1.3195420 0.0313113 0.0313109 0.0312561 0.0320389 0.0368862 0.0379721 0.0359232 0.0327934 0.0020932 0.0015811 0.0013767 0.0008652 0.0001526 0.0001526 0.0002035 0.0002035 0.0002035 0.0002035 0.0002035 0.0002035 0.0002544 0.0003052 0.0002544 0.0002035 0.0002544 0.0000000 0.0000010 0.0002544 0.0003052 0.0003052 0.0003052 0.0003561 0.0003052 0.0004579 0.0004070 0.0003561 0.0004070 0.0005597 0.0003561 0.0003052 0.0004070 0.0003052 0.0004579 0.0004579 0.0004070 0.0003561 0.0006615 0.0006106 0.0004579 0.0005597 0.0006106 0.0006106 0.0005088 0.0006106 0.0005088 0.0006106 0.0005597 0.0006106 0.0006615 0.0006106 0.0006106 0.0006106 0.0007124 0.0005597 0.0004579 0.0009681 0.0009681 0.0009161 0.0011214 0.0011726 0.0014787 0.0007633 0.0007633 0.0006106 0.0006106 0.0008142 0.0009161 0.0006615 0.0007633 0.0007124 0.0006106 0.0006106 0.0008142 0.0013767 0.0014278 0.0010194 0.0011212 1.9028249 1.9033665 
EBOV_H.sap-wt_SLE_14_Makona-Moyamba-G5844_1_KR105328       1.7656923 1.7828195 1.7656634 1.3069130 1.3195420 0.0313113 0.0313109 0.0312561 0.0320389 0.0368862 0.0379721 0.0359232 0.0327934 0.0020932 0.0015811 0.0013767 0.0008652 0.0001526 0.0001526 0.0002035 0.0002035 0.0002035 0.0002035 0.0002035 0.0002035 0.0002544 0.0003052 0.0002544 0.0002035 0.0002544 0.0000010 0.0000000 0.0002544 0.0003052 0.0003052 0.0003052 0.0003561 0.0003052 0.0004579 0.0004070 0.0003561 0.0004070 0.0005597 0.0003561 0.0003052 0.0004070 0.0003052 0.0004579 0.0004579 0.0004070 0.0003561 0.0006615 0.0006106 0.0004579 0.0005597 0.0006106 0.0006106 0.0005088 0.0006106 0.0005088 0.0006106 0.0005597 0.0006106 0.0006615 0.0006106 0.0006106 0.0006106 0.0007124 0.0005597 0.0004579 0.0009681 0.0009681 0.0009161 0.0011214 0.0011726 0.0014787 0.0007633 0.0007633 0.0006106 0.0006106 0.0008142 0.0009161 0.0006615 0.0007633 0.0007124 0.0006106 0.0006106 0.0008142 0.0013767 0.0014278 0.0010194 0.0011212 1.9028249 1.9033665 
EBOV_H.sap-wt_SLE_14_Makona-G3799_KM233080                 1.7668385 1.7839794 1.7666976 1.3069380 1.3199342 0.0312601 0.0312597 0.0312050 0.0319877 0.0367759 0.0378616 0.0358720 0.0327422 0.0020423 0.0015302 0.0012746 0.0008142 0.0001017 0.0001017 0.0001526 0.0001526 0.0001526 0.0001526 0.0001526 0.0001526 0.0002035 0.0002544 0.0002035 0.0001526 0.0002035 0.0002544 0.0002544 0.0000000 0.0001526 0.0002544 0.0002544 0.0003052 0.0002544 0.0004070 0.0003561 0.0003052 0.0003561 0.0005088 0.0003052 0.0002544 0.0003561 0.0002544 0.0004070 0.0004070 0.0003561 0.0003052 0.0006106 0.0005597 0.0004070 0.0005088 0.0005597 0.0005597 0.0004579 0.0005597 0.0004579 0.0005597 0.0005088 0.0005597 0.0006106 0.0005597 0.0005597 0.0005597 0.0006615 0.0005088 0.0004070 0.0009172 0.0009172 0.0008652 0.0010705 0.0011217 0.0014278 0.0007124 0.0007124 0.0005597 0.0005597 0.0007633 0.0008652 0.0006106 0.0006106 0.0005597 0.0005597 0.0005597 0.0007633 0.0013258 0.0013769 0.0009685 0.0010703 1.9014221 1.9019635 
EBOV_H.sap-wt_SLE_14_Makona-G3788_KM233075                 1.7663889 1.7835258 1.7662469 1.3065453 1.3198181 0.0313122 0.0313118 0.0312570 0.0320398 0.0367747 0.0378603 0.0358119 0.0326829 0.0020932 0.0015811 0.0013767 0.0008652 0.0001526 0.0001526 0.0002035 0.0002035 0.0002035 0.0002035 0.0002035 0.0002035 0.0002544 0.0003052 0.0002544 0.0002035 0.0002544 0.0003052 0.0003052 0.0001526 0.0000000 0.0003052 0.0003052 0.0003561 0.0003052 0.0004579 0.0004070 0.0003561 0.0004070 0.0005597 0.0003561 0.0003052 0.0004070 0.0003052 0.0004579 0.0004579 0.0004070 0.0003561 0.0006615 0.0006106 0.0004579 0.0005597 0.0006106 0.0006106 0.0005088 0.0006106 0.0005088 0.0006106 0.0005597 0.0006106 0.0006615 0.0006106 0.0006106 0.0006106 0.0007124 0.0005597 0.0004579 0.0009681 0.0009681 0.0009161 0.0011215 0.0011727 0.0014787 0.0007633 0.0007633 0.0006106 0.0006106 0.0008142 0.0009161 0.0006615 0.0006615 0.0006106 0.0006106 0.0006106 0.0008142 0.0013767 0.0014278 0.0010194 0.0011212 1.9029317 1.9034734 
EBOV_H.sap-wt_SLE_14_Makona-J0054_KP759722                 1.7660362 1.7831718 1.7658933 1.3069380 1.3194883 0.0313125 0.0313121 0.0312574 0.0320401 0.0368877 0.0379737 0.0359246 0.0327947 0.0020932 0.0015811 0.0013767 0.0008652 0.0001526 0.0001526 0.0002035 0.0002035 0.0002035 0.0002035 0.0002035 0.0002035 0.0002544 0.0003052 0.0002544 0.0002035 0.0002544 0.0003052 0.0003052 0.0002544 0.0003052 0.0000000 0.0003052 0.0003561 0.0003052 0.0004579 0.0004070 0.0003561 0.0004070 0.0005597 0.0003561 0.0003052 0.0004070 0.0003052 0.0004579 0.0004579 0.0004070 0.0003561 0.0006615 0.0006106 0.0004579 0.0005597 0.0006106 0.0006106 0.0005088 0.0006106 0.0005088 0.0006106 0.0005597 0.0006106 0.0006615 0.0006106 0.0006106 0.0006106 0.0007124 0.0005597 0.0004579 0.0009681 0.0009681 0.0009161 0.0011215 0.0011727 0.0014787 0.0007633 0.0007633 0.0006106 0.0006106 0.0008142 0.0009161 0.0006615 0.0007633 0.0007124 0.0006106 0.0006106 0.0008142 0.0013768 0.0014278 0.0010194 0.0011212 1.9033636 1.9039054 
EBOV_H.sap-wt_SLE_14_Makona-Kailahun-G4255_1_KR105226      1.7660150 1.7831439 1.7658721 1.3067477 1.3178821 0.0313144 0.0313140 0.0312592 0.0320421 0.0368900 0.0379760 0.0359269 0.0327967 0.0020933 0.0015812 0.0013768 0.0008652 0.0001526 0.0001526 0.0002035 0.0002035 0.0002035 0.0002035 0.0002035 0.0002035 0.0002544 0.0003052 0.0001526 0.0002035 0.0001526 0.0003052 0.0003052 0.0002544 0.0003052 0.0003052 0.0000000 0.0001526 0.0001017 0.0002544 0.0002035 0.0001526 0.0002035 0.0003561 0.0003561 0.0003052 0.0004070 0.0003052 0.0004579 0.0004579 0.0002035 0.0003561 0.0004579 0.0004070 0.0004579 0.0003561 0.0006106 0.0006106 0.0005088 0.0006106 0.0005088 0.0006106 0.0004579 0.0005088 0.0004579 0.0006106 0.0005088 0.0005088 0.0007124 0.0005597 0.0004579 0.0009681 0.0009681 0.0009171 0.0011215 0.0011727 0.0014788 0.0007633 0.0007633 0.0006106 0.0006106 0.0008142 0.0009161 0.0006615 0.0007633 0.0007124 0.0006106 0.0006106 0.0006106 0.0013768 0.0014279 0.0010195 0.0011213 1.9028935 1.9034351 
EBOV_H.sap-wt_SLE_14_Makona-PortLoko-20140024_KR653252     1.7651416 1.7822560 1.7649489 1.3070543 1.3182667 0.0313685 0.0313681 0.0313133 0.0320962 0.0369447 0.0380308 0.0359815 0.0328509 0.0021445 0.0016323 0.0014278 0.0009161 0.0002035 0.0002035 0.0002544 0.0002544 0.0002544 0.0002544 0.0002544 0.0002544 0.0003052 0.0003561 0.0002035 0.0002544 0.0002035 0.0003561 0.0003561 0.0003052 0.0003561 0.0003561 0.0001526 0.0000000 0.0001526 0.0003052 0.0002544 0.0002035 0.0002544 0.0002035 0.0004070 0.0003561 0.0004579 0.0003561 0.0005088 0.0005088 0.0002544 0.0004070 0.0003052 0.0002544 0.0005088 0.0004070 0.0006615 0.0006615 0.0005597 0.0006615 0.0005597 0.0006615 0.0005088 0.0005597 0.0004070 0.0006615 0.0005597 0.0005597 0.0007633 0.0006106 0.0005088 0.0010191 0.0010191 0.0009681 0.0011725 0.0012237 0.0015298 0.0008142 0.0008142 0.0006615 0.0006615 0.0008652 0.0009670 0.0007124 0.0008142 0.0007633 0.0006615 0.0006615 0.0005597 0.0014279 0.0014790 0.0010705 0.0011723 1.9033606 1.9039024 
EBOV_H.sap-wt_SLE_14_Makona-G5296_1_KR105303               1.7650293 1.7821442 1.7648838 1.3072410 1.3186231 0.0313132 0.0313128 0.0312581 0.0320408 0.0368885 0.0379745 0.0359254 0.0327954 0.0020933 0.0015812 0.0013768 0.0008652 0.0001526 0.0001526 0.0002035 0.0002035 0.0002035 0.0002035 0.0002035 0.0002035 0.0002544 0.0003052 0.0001526 0.0002035 0.0001526 0.0003052 0.0003052 0.0002544 0.0003052 0.0003052 0.0001017 0.0001526 0.0000000 0.0001526 0.0001017 0.0001526 0.0002035 0.0003561 0.0003561 0.0003052 0.0004070 0.0003052 0.0004579 0.0004579 0.0002035 0.0003561 0.0004579 0.0004070 0.0004579 0.0003561 0.0006106 0.0006106 0.0005088 0.0006106 0.0005088 0.0006106 0.0004579 0.0005088 0.0004579 0.0006106 0.0005088 0.0005088 0.0007124 0.0005597 0.0004579 0.0009681 0.0009681 0.0009161 0.0011215 0.0011727 0.0014787 0.0007633 0.0007633 0.0006106 0.0006106 0.0008142 0.0009161 0.0006615 0.0007633 0.0007124 0.0006106 0.0006106 0.0006106 0.0013768 0.0014279 0.0010195 0.0011212 1.9033636 1.9039054 
EBOV_H.sap-wt_SLE_14_Makona-Bombali-J0022_KP759757         1.7651440 1.7822585 1.7649988 1.3072554 1.3183310 0.0314796 0.0314792 0.0314245 0.0322076 0.0370576 0.0381440 0.0360941 0.0329626 0.0022469 0.0017345 0.0015300 0.0010179 0.0003052 0.0003052 0.0003561 0.0003561 0.0003561 0.0003561 0.0003561 0.0003561 0.0004070 0.0004579 0.0003052 0.0003561 0.0003052 0.0004579 0.0004579 0.0004070 0.0004579 0.0004579 0.0002544 0.0003052 0.0001526 0.0000000 0.0000509 0.0003052 0.0003561 0.0005088 0.0005088 0.0004579 0.0005597 0.0004579 0.0006106 0.0006106 0.0003561 0.0005088 0.0006106 0.0005597 0.0006106 0.0005088 0.0007633 0.0007633 0.0006615 0.0007633 0.0006615 0.0007633 0.0006106 0.0006615 0.0006106 0.0007633 0.0006615 0.0006615 0.0008652 0.0007124 0.0006106 0.0011212 0.0011212 0.0010701 0.0012747 0.0013259 0.0016320 0.0009161 0.0009161 0.0007633 0.0007633 0.0009670 0.0010699 0.0008142 0.0009161 0.0008652 0.0007633 0.0007633 0.0007633 0.0015300 0.0015812 0.0011726 0.0012744 1.9028616 1.9034034 
