100
02A1.GH.97.97GH_AG2.AB052867           0.0000000 0.3691402 0.4670814 0.5337988 0.5634125 0.6307133 0.6563811 0.5516529 0.5515279 0.5458346 0.5746985 0.5200936 0.5270118 0.5916592 0.8489293 0.8217911 0.9118529 0.8500304 0.8429687 0.8657533 0.8355856 0.7943043 0.8727121 0.9022610 0.9592358 0.9677385 0.8012993 0.8463609 0.8509358 0.8100600 0.8166062 0.5722481 0.6082735 0.6138350 0.6604863 0.8282506 0.6370973 0.6440344 0.7167219 0.6228916 0.6475415 0.7788477 0.8387655 0.5498864 0.5387346 0.4976383 0.4676203 0.7793296 0.7981590 0.8648633 0.8715480 0.8499218 0.8641320 0.8345823 0.7634309 0.8143452 0.7820827 0.7952060 0.8092062 0.7920307 0.7902166 0.7259654 0.7968498 0.8752554 0.8416493 0.8057531 0.8452857 0.8022502 0.7957433 0.7887248 0.8545213 0.8019658 0.7633294 0.7533681 0.7584249 0.8605136 1.0800797 0.8732224 0.8187097 0.8369555 0.8086691 0.7394504 0.7404577 0.7420326 0.6874528 0.6694085 0.7618184 0.6120839 0.5074153 0.4247753 0.4053753 0.5575145 0.3510626 0.3508915 0.3728753 0.4398058 1.7572870 1.7820641 1.7047797 2.4975548 
02A.CI.16.DEURF16CI011.MH078538        0.3691402 0.0000000 0.5220836 0.5829553 0.6343200 0.6887586 0.7261021 0.6119590 0.6095420 0.6115906 0.6281026 0.5760472 0.5707836 0.6693503 0.9301942 0.8974223 0.9496910 0.9156185 0.9158948 0.9155063 0.9096848 0.8931823 0.9729978 1.0028592 1.0381796 1.0453317 0.8775231 0.9365760 0.9106980 0.8665574 0.8935765 0.6285749 0.6534297 0.6669612 0.6997486 0.8536271 0.6827463 0.6934377 0.7645777 0.6771471 0.7001886 0.8178821 0.8759984 0.6240117 0.5858253 0.5458336 0.5212869 0.8512849 0.8808278 0.8996061 0.9285671 0.8992655 0.9086302 0.9010974 0.8331423 0.8896350 0.8430653 0.8618906 0.8691878 0.8556039 0.8599830 0.8030037 0.8483579 0.9181650 0.9008548 0.8508922 0.8959693 0.8675555 0.8462229 0.8518473 0.8898264 0.8635384 0.8287760 0.8254000 0.8271306 0.8859663 1.1349121 0.9026960 0.8640499 0.8862381 0.8529437 0.7987902 0.8096569 0.7911058 0.7422580 0.7176366 0.8109198 0.6771999 0.5610905 0.4828964 0.4536106 0.6063592 0.4033837 0.4011498 0.4147302 0.4810925 1.8013891 1.8703529 1.7661755 2.6246196 
AGU.CM.06.770_8.MH705142               0.4670814 0.5220836 0.0000000 0.5347136 0.5792915 0.6381856 0.6653739 0.5712161 0.5713742 0.5708523 0.5912676 0.5479107 0.5352094 0.6145289 0.8866345 0.8333217 0.9265744 0.8559911 0.8572929 0.8814749 0.8477744 0.8169855 0.8744946 0.9501409 0.9741489 0.9702911 0.8194434 0.8699834 0.8810120 0.8175037 0.8277640 0.5838650 0.6280590 0.6316051 0.6748289 0.8484783 0.6707838 0.6764118 0.7316297 0.6469705 0.6652793 0.8084508 0.8695640 0.5785388 0.5592868 0.5240196 0.4857590 0.7790999 0.8349284 0.8476217 0.8705524 0.8654378 0.8769814 0.8574672 0.7742759 0.8125032 0.7983155 0.8061082 0.8108330 0.8154715 0.7902187 0.7396328 0.8086516 0.8966800 0.8530619 0.8168262 0.8641518 0.8439508 0.8275800 0.8161209 0.8425966 0.8248260 0.7747662 0.7717586 0.7795458 0.8431269 1.1027436 0.8808353 0.8225082 0.8596801 0.8148878 0.7446116 0.7585854 0.7817177 0.7014836 0.6868178 0.7943577 0.6172896 0.5817888 0.5349216 0.4946386 0.6560133 0.4698684 0.4780454 0.4822111 0.5526394 1.9320928 1.9637468 1.8795283 2.5618230 
G.NG.92.92NG083_JV10832.U88826         0.5337988 0.5829553 0.5347136 0.0000000 0.3472998 0.3973521 0.4118696 0.6557990 0.6372076 0.6537074 0.6724038 0.6086221 0.6218728 0.6869186 0.9632191 0.9045893 0.9882773 0.9358870 0.9469339 0.9593700 0.9319974 0.9109986 0.9599292 1.0248591 1.0590838 1.0265815 0.8923960 0.9513662 0.9458883 0.9024570 0.9231471 0.6595394 0.7089936 0.7107059 0.7567948 0.9223317 0.7413115 0.7400116 0.8117583 0.7212690 0.7435943 0.8904877 0.9414190 0.6597341 0.6263964 0.5965665 0.5506348 0.8704131 0.9145476 0.9636455 0.9682163 0.9422617 0.9928064 0.9381739 0.8664399 0.9119753 0.8708017 0.9066778 0.9057182 0.8949237 0.8931772 0.8132845 0.9062554 0.9717553 0.9148638 0.9024908 0.9506533 0.9250337 0.9108071 0.8788522 0.9403879 0.8975262 0.8534006 0.8695119 0.8697449 0.9343221 1.1602802 0.9430362 0.9082794 0.9460377 0.8799734 0.8460505 0.8477871 0.8495860 0.8033236 0.7689882 0.8476570 0.7168079 0.6545270 0.6093196 0.5725066 0.7245581 0.5466571 0.5313820 0.5414116 0.6096614 1.9417836 1.9882414 1.9623841 2.6664775 
G.NG.09.09NG010261.KX389626            0.5634125 0.6343200 0.5792915 0.3472998 0.0000000 0.4720757 0.4995207 0.7152197 0.6823256 0.6971711 0.7092746 0.6618079 0.6779188 0.7569340 0.9782882 0.9346100 1.0337661 0.9924958 1.0201887 1.0134453 0.9864337 0.9707876 1.0523641 1.0777592 1.0611514 1.0920457 0.9392325 0.9922435 0.9889216 0.9406374 0.9472563 0.7093006 0.7713182 0.7741049 0.8042996 0.9930881 0.8212627 0.7928547 0.8533183 0.7719795 0.8191164 0.9445255 0.9776751 0.7000086 0.6768846 0.6511615 0.6018959 0.9275304 0.9725357 1.0017712 1.0539687 1.0051541 1.0264114 1.0039194 0.9540892 0.9690150 0.9728264 0.9741941 0.9648324 0.9881991 0.9874795 0.8968122 0.9721529 1.0228636 0.9928848 0.9533552 0.9974285 0.9867778 0.9732709 0.9633186 0.9986145 0.9629413 0.9305964 0.9259352 0.9131955 0.9989066 1.2328251 0.9957360 0.9800015 0.9893464 0.9694058 0.8894981 0.9306815 0.9125466 0.8631079 0.8334362 0.9160410 0.7448807 0.6950569 0.6540898 0.6339853 0.7908443 0.6012208 0.5955701 0.6012097 0.6535136 1.9881174 2.0129818 2.0816543 2.7826451 
01F2G.CM.02.LT31.JN864056              0.6307133 0.6887586 0.6381856 0.3973521 0.4720757 0.0000000 0.4180026 0.7776979 0.7511963 0.7538041 0.7787314 0.7170442 0.7384838 0.7945839 1.0337303 0.9908784 1.0752318 1.0385444 1.0454455 1.0752751 1.0295003 0.9972679 1.0514879 1.1250259 1.1497234 1.1319754 0.9825454 1.0483514 1.0662253 0.9856427 1.0161283 0.7615659 0.7952142 0.8016666 0.8470732 1.0064699 0.8316574 0.8403602 0.9090932 0.8067480 0.8295336 0.9738208 1.0067516 0.7498820 0.7230425 0.7120101 0.6409842 0.9634626 0.9956628 1.0498846 1.0374872 1.0477933 1.0707553 1.0548021 0.9715933 0.9861398 1.0014948 0.9992900 0.9865945 0.9950769 0.9998793 0.9041823 1.0020977 1.0366872 1.0108212 1.0008570 1.0118320 0.9915315 1.0007159 0.9623942 1.0345454 0.9833244 0.9445978 0.9413505 0.9500611 1.0174494 1.2428795 1.0270792 1.0058169 1.0427699 0.9852661 0.9378695 0.9344329 0.9744798 0.9006103 0.8633277 0.9266326 0.7943391 0.7616261 0.7164256 0.6642965 0.8491551 0.6564133 0.6505626 0.6565239 0.7265982 1.9907299 2.0292790 2.0035346 2.8479377 
BCG.ES.15.100_119.KY496623             0.6563811 0.7261021 0.6653739 0.4118696 0.4995207 0.4180026 0.0000000 0.7993660 0.7795397 0.7950881 0.8124213 0.7402246 0.7614013 0.8383752 1.0951649 1.0037557 1.1504188 1.0521097 1.0874631 1.0980676 1.0648740 1.0508188 1.1104471 1.1514657 1.1687496 1.1544217 1.0252536 1.0634927 1.0829426 1.0356758 1.0586758 0.8147001 0.8475917 0.8544680 0.8736574 1.0372485 0.8823860 0.8676366 0.9621456 0.8969906 0.8900259 1.0047133 1.0840222 0.7829423 0.7732247 0.7168132 0.6780448 1.0157008 1.0419751 1.0856848 1.1175817 1.1058797 1.1243447 1.0878653 1.0155016 1.0365593 1.0127849 1.0504618 1.0336350 1.0298883 1.0484548 0.9579860 1.0325743 1.1138507 1.0554473 1.0374993 1.0814506 1.0494882 1.0529276 1.0234310 1.0784566 1.0216037 0.9783487 1.0142529 1.0194526 1.0787371 1.2935913 1.0728517 1.0412182 1.1026875 1.0248042 0.9647598 0.9888031 0.9820524 0.9569953 0.8787700 0.9601048 0.8274677 0.7741656 0.7338930 0.7019605 0.8783283 0.6686666 0.6628483 0.6720047 0.7292710 2.0166210 2.0302085 2.1017658 2.8519421 
A1.KE.06.06KECst_028.FJ623479          0.5516529 0.6119590 0.5712161 0.6557990 0.7152197 0.7776979 0.7993660 0.0000000 0.3066909 0.4129441 0.4097130 0.3755720 0.4052663 0.4942149 0.7441958 0.7017302 0.7847661 0.7421121 0.7326794 0.7681516 0.7323251 0.7073679 0.7655062 0.8171775 0.8402201 0.8424141 0.6805640 0.7367154 0.7224384 0.6770783 0.6972203 0.4710629 0.5580735 0.5687233 0.5904363 0.7745774 0.5953938 0.5990086 0.6761655 0.5653507 0.6108744 0.7460640 0.7966633 0.5038385 0.4831002 0.4345005 0.5091097 0.8334211 0.8770609 0.9039094 0.9161897 0.9139058 0.9260099 0.8984946 0.8425812 0.8877824 0.8576065 0.8757950 0.8751951 0.8804440 0.8597787 0.7942541 0.8618209 0.9332613 0.8830313 0.8621297 0.9081368 0.8866938 0.8637011 0.8670669 0.9059473 0.8877929 0.8344309 0.8348237 0.8421791 0.9153212 1.1731474 0.9498750 0.8925679 0.9234451 0.8971956 0.8095255 0.8133246 0.8058146 0.7583512 0.7359315 0.8140851 0.6840903 0.6592161 0.6098917 0.5740191 0.7578423 0.5644346 0.5491879 0.5785704 0.6388862 1.8746121 1.9784465 1.9621853 2.7164356 
A1.KE.06.06KECst_013.FJ623485          0.5515279 0.6095420 0.5713742 0.6372076 0.6823256 0.7511963 0.7795397 0.3066909 0.0000000 0.3872351 0.4128693 0.3701801 0.3897100 0.4892622 0.7220934 0.6966641 0.7919651 0.7255667 0.7277688 0.7471371 0.7068971 0.7006143 0.7618840 0.8181636 0.8441650 0.8330080 0.6803061 0.7390968 0.7100184 0.6842914 0.6869344 0.4614514 0.5520935 0.5503459 0.5832851 0.7616395 0.5635706 0.5756295 0.6667056 0.5648790 0.5940529 0.7249957 0.7937216 0.4911008 0.4727627 0.4315005 0.5052232 0.8382050 0.8813174 0.9188570 0.9388494 0.9062872 0.9453000 0.9185687 0.8480339 0.8930003 0.8402868 0.8764977 0.8811442 0.8709815 0.8430847 0.8019279 0.8580828 0.9596019 0.9068786 0.8570781 0.9008200 0.8743028 0.8759483 0.8547909 0.9081441 0.8862146 0.8381535 0.8163768 0.8311417 0.9007102 1.1292709 0.9224285 0.8827583 0.9290935 0.8914533 0.7905730 0.8280036 0.8199764 0.7536501 0.7272795 0.8231600 0.6740585 0.6499152 0.6096147 0.5846584 0.7672148 0.5632868 0.5519479 0.5693928 0.6281991 1.9594840 2.0225145 1.9671650 2.6892583 
35_AD.AF.06.007H.GQ477450              0.5458346 0.6115906 0.5708523 0.6537074 0.6971711 0.7538041 0.7950881 0.4129441 0.3872351 0.0000000 0.4340445 0.3726028 0.4147211 0.5049971 0.7328815 0.7319684 0.8027656 0.7324069 0.7469589 0.7743186 0.7359685 0.7089897 0.7796866 0.8256139 0.8653698 0.8811841 0.6895035 0.7596320 0.7134898 0.6899021 0.7179630 0.4819422 0.5655021 0.5725471 0.5918681 0.7838049 0.5988392 0.5977949 0.6849539 0.5828457 0.6115663 0.7541928 0.7814795 0.5023586 0.4819239 0.4424078 0.4981577 0.8428249 0.8904222 0.9137239 0.9144048 0.9206090 0.9444561 0.8856603 0.8494294 0.8787706 0.8576617 0.8606438 0.8543066 0.8799450 0.8648986 0.7942026 0.8586403 0.9494206 0.9101860 0.8563492 0.8897339 0.8599945 0.8581472 0.8862251 0.9014533 0.8826207 0.8276022 0.8357338 0.8514636 0.8980843 1.1450667 0.9333441 0.8687109 0.9126579 0.8908278 0.8021523 0.7974611 0.8102552 0.7708151 0.7290076 0.8385770 0.6897668 0.6669396 0.6021266 0.5821498 0.7570884 0.5662148 0.5473253 0.5801775 0.6549612 1.9754978 1.9991563 1.9671700 2.7278199 
A1.CY.07.CY208.JF683760                0.5746985 0.6281026 0.5912676 0.6724038 0.7092746 0.7787314 0.8124213 0.4097130 0.4128693 0.4340445 0.0000000 0.2418669 0.4138022 0.5204345 0.7330419 0.7250028 0.8069936 0.7440220 0.7547233 0.7805976 0.7568075 0.7189360 0.7782806 0.8440819 0.8754471 0.8783361 0.6983935 0.7693412 0.7557042 0.6907654 0.7158519 0.4853622 0.5728619 0.5700711 0.6148575 0.7848609 0.6002179 0.6129196 0.6819578 0.5864282 0.6199938 0.7566791 0.8135338 0.5172980 0.5008458 0.4642978 0.5238824 0.8563047 0.9062210 0.9383240 0.9475428 0.9436821 0.9709426 0.9356620 0.8629979 0.9097475 0.8721886 0.9034546 0.8959780 0.8941825 0.8789826 0.8189591 0.8906387 0.9777749 0.9206596 0.8636706 0.9167315 0.8970168 0.8818310 0.8818348 0.9168973 0.9027637 0.8530853 0.8422447 0.8569357 0.9478723 1.1855309 0.9532061 0.9104640 0.9524816 0.9062390 0.8201792 0.8407896 0.8453998 0.7761668 0.7793859 0.8504687 0.6740538 0.6770110 0.6380887 0.6093341 0.7673759 0.5855218 0.5602822 0.5870488 0.6602354 1.9608699 1.9772009 2.0155404 2.7771460 
A1.CY.05.CY051.FJ388903                0.5200936 0.5760472 0.5479107 0.6086221 0.6618079 0.7170442 0.7402246 0.3755720 0.3701801 0.3726028 0.2418669 0.0000000 0.3664503 0.4707837 0.6931814 0.6743306 0.7779338 0.6938838 0.7234300 0.7437322 0.7326527 0.6966591 0.7438259 0.8092330 0.8420858 0.8170662 0.6700585 0.7455136 0.7263258 0.6657595 0.6865704 0.4321103 0.5247682 0.5397796 0.5726715 0.7471531 0.5615407 0.5649766 0.6422348 0.5585768 0.5881056 0.7064442 0.7704460 0.4844384 0.4586831 0.4177036 0.4729415 0.8298480 0.8798935 0.9063609 0.9218270 0.8894310 0.9287684 0.8860767 0.8261468 0.8686668 0.8301047 0.8619409 0.8469487 0.8641564 0.8306201 0.7865657 0.8539815 0.9245187 0.8851861 0.8398220 0.8862636 0.8391939 0.8574465 0.8577364 0.8971265 0.8674575 0.8078784 0.8127167 0.8307028 0.9082667 1.1568596 0.9220101 0.8807076 0.9180438 0.8755381 0.8002001 0.8145668 0.8012532 0.7476079 0.7293168 0.7900719 0.6471434 0.6538331 0.5821491 0.5658694 0.7308018 0.5395726 0.5314680 0.5359546 0.6039539 1.9299055 1.9508870 1.9634724 2.7724277 
A1.UG.11.DEMA110UG001.KF859745         0.5270118 0.5707836 0.5352094 0.6218728 0.6779188 0.7384838 0.7614013 0.4052663 0.3897100 0.4147211 0.4138022 0.3664503 0.0000000 0.4741813 0.7269886 0.6845826 0.7681085 0.7216688 0.7219146 0.7580260 0.7289297 0.7002075 0.7667275 0.8037213 0.8521079 0.8289782 0.6770201 0.7470209 0.7125998 0.6799200 0.6883615 0.4404938 0.5282760 0.5290205 0.5721304 0.7632671 0.5515883 0.5722308 0.6382974 0.5413938 0.5738730 0.7134619 0.7509179 0.4893621 0.4515356 0.4151372 0.4741066 0.8038279 0.8469171 0.8767502 0.9081001 0.8736723 0.9005857 0.8757725 0.8216270 0.8509206 0.8324964 0.8299219 0.8467013 0.8387244 0.8333066 0.7725689 0.8391802 0.9126673 0.8634026 0.8287085 0.8803052 0.8603806 0.8365962 0.8216152 0.8795316 0.8541469 0.8229346 0.7956727 0.8122375 0.8624150 1.1306312 0.8940836 0.8445854 0.8789874 0.8485273 0.7572481 0.7968181 0.7965004 0.7299246 0.7097543 0.8069913 0.6397938 0.6521296 0.5682598 0.5554226 0.7398221 0.5430686 0.5244671 0.5532024 0.6008408 1.8951800 1.9972170 2.0089278 2.7914545 
A1C.UG.99.99UGF25926.AF484491          0.5916592 0.6693503 0.6145289 0.6869186 0.7569340 0.7945839 0.8383752 0.4942149 0.4892622 0.5049971 0.5204345 0.4707837 0.4741813 0.0000000 0.6280989 0.6058797 0.6886194 0.6359288 0.6359204 0.6541436 0.6305753 0.6170865 0.6593414 0.7070013 0.7917611 0.7611354 0.5814797 0.6496454 0.6287815 0.5983959 0.6169442 0.5061195 0.6107652 0.6013237 0.6430460 0.8354522 0.6393085 0.6396337 0.6991412 0.6203563 0.6465801 0.7713552 0.8409487 0.5656681 0.5292411 0.5014120 0.5410516 0.8822096 0.9292519 0.9558789 0.9748009 0.9093088 0.9739888 0.9486851 0.8964693 0.9603790 0.9032576 0.8993379 0.9303549 0.9404641 0.8885916 0.8328083 0.8901942 1.0014761 0.9497092 0.9055907 0.9519288 0.9021226 0.9338777 0.9162532 0.9495192 0.9276104 0.9043082 0.8711790 0.8749683 0.9527104 1.2198646 0.9677388 0.9122075 0.9799276 0.9186755 0.8399751 0.8463752 0.8468198 0.8051753 0.7637866 0.8796892 0.7305862 0.7218464 0.6644845 0.6257050 0.8035734 0.6233136 0.6111689 0.6306466 0.6979910 1.9185679 2.0281591 1.9882020 2.7173172 
A1C.IN.15.SC017.KY713232               0.8489293 0.9301942 0.8866345 0.9632191 0.9782882 1.0337303 1.0951649 0.7441958 0.7220934 0.7328815 0.7330419 0.6931814 0.7269886 0.6280989 0.0000000 0.6147477 0.6720107 0.6460637 0.6411300 0.6767872 0.6550405 0.6152448 0.6756765 0.7172376 0.7988259 0.7553251 0.5802574 0.6722818 0.6100900 0.5893193 0.6053085 0.7444285 0.8552309 0.8534794 0.9049063 1.0600330 0.8934291 0.8858585 0.9690380 0.8646778 0.8910704 1.0303032 1.0823276 0.8075972 0.7781362 0.7215816 0.8036102 1.1420888 1.1960153 1.2003228 1.2109060 1.2041390 1.2667573 1.2053692 1.1517409 1.1803442 1.1458741 1.1567204 1.1288508 1.1787404 1.1517372 1.0762758 1.1959453 1.2682317 1.2037407 1.1717944 1.2077396 1.1680026 1.1843890 1.1706689 1.1830322 1.2054073 1.1786206 1.1598374 1.1572145 1.2449724 1.4964474 1.2446263 1.1989334 1.2407905 1.1958110 1.1138657 1.1116251 1.1227198 1.0551606 1.0277106 1.1040962 0.9574887 0.9582817 0.9341730 0.8659283 1.0544958 0.8792757 0.8807938 0.8515420 0.9143439 2.1833357 2.2631454 2.3117901 2.9735195 
C.IL.99.99ET14.AY255825                0.8217911 0.8974223 0.8333217 0.9045893 0.9346100 0.9908784 1.0037557 0.7017302 0.6966641 0.7319684 0.7250028 0.6743306 0.6845826 0.6058797 0.6147477 0.0000000 0.4264586 0.4217967 0.4280120 0.4382378 0.4238885 0.3845657 0.4393008 0.4830717 0.5402890 0.5264629 0.3822594 0.4263600 0.4147688 0.3710936 0.3811583 0.7219448 0.8240575 0.8124050 0.8694089 1.0376911 0.8706601 0.8650184 0.9416487 0.8502663 0.8509608 0.9608829 1.0114924 0.7769949 0.7425032 0.6989018 0.7735243 1.0911134 1.1523884 1.1761210 1.2017648 1.1464494 1.2022567 1.1618157 1.1022619 1.1724445 1.1080102 1.1405760 1.1289460 1.1709395 1.1121073 1.0582046 1.1510941 1.2043604 1.1526822 1.1388259 1.1444133 1.1405518 1.1417483 1.1309358 1.1672356 1.1599595 1.1088620 1.0941838 1.0977761 1.1670656 1.4312541 1.1968293 1.1354963 1.1883112 1.1484254 1.0663343 1.0872766 1.0564392 1.0238157 1.0102612 1.0721184 0.9202395 0.9205050 0.8739435 0.8325817 1.0143364 0.8593130 0.8485113 0.8315411 0.8940827 2.1784775 2.2441768 2.2366832 2.9442630 
C.SE.09.035ZA.MF373148                 0.9118529 0.9496910 0.9265744 0.9882773 1.0337661 1.0752318 1.1504188 0.7847661 0.7919651 0.8027656 0.8069936 0.7779338 0.7681085 0.6886194 0.6720107 0.4264586 0.0000000 0.4787559 0.4943799 0.4963067 0.4738032 0.4503821 0.4973318 0.5560769 0.5969645 0.5900388 0.4388237 0.4964520 0.4781371 0.4382873 0.4531715 0.7953713 0.8861307 0.8720681 0.9232439 1.1116308 0.9304560 0.9229786 1.0082524 0.9010556 0.9248930 1.0455178 1.1078791 0.8328684 0.8175727 0.7623472 0.8320474 1.1512376 1.2184323 1.2156000 1.2199735 1.2239794 1.2703732 1.2298037 1.1653960 1.2270907 1.1662725 1.2232896 1.1866974 1.2231975 1.1707301 1.1226062 1.1977963 1.2396548 1.2399646 1.2039242 1.2349127 1.1911346 1.1956135 1.1831021 1.2324962 1.2226171 1.1794653 1.1481600 1.1787391 1.2442061 1.5108100 1.2726887 1.1991469 1.2362646 1.2166702 1.0850579 1.1331607 1.1526295 1.0790799 1.0660030 1.1470263 1.0198120 1.0187410 0.9548566 0.9383694 1.1169551 0.9315807 0.9212990 0.9247471 0.9880003 2.2699486 2.3698961 2.3898305 2.9978133 
C.ZA.04.04ZASK135B1.DQ011166           0.8500304 0.9156185 0.8559911 0.9358870 0.9924958 1.0385444 1.0521097 0.7421121 0.7255667 0.7324069 0.7440220 0.6938838 0.7216688 0.6359288 0.6460637 0.4217967 0.4787559 0.0000000 0.3299276 0.3506202 0.3762952 0.3463605 0.4014528 0.4675968 0.5289420 0.5045571 0.3524424 0.4319326 0.4200542 0.3877804 0.3959282 0.7365920 0.8646717 0.8601175 0.9063294 1.0864760 0.8961563 0.8869543 0.9680404 0.8775838 0.9091859 0.9873481 1.0600768 0.7973892 0.8057455 0.7233668 0.7939985 1.1286307 1.1830995 1.2078008 1.2117876 1.2056484 1.2106024 1.1913754 1.1231001 1.1833443 1.1529541 1.1743875 1.1376591 1.1638432 1.1403969 1.0852079 1.1730879 1.2803321 1.2015067 1.1617208 1.1981331 1.1683224 1.1759912 1.1580301 1.2058040 1.2161030 1.1709084 1.1218518 1.1274254 1.1837891 1.4376925 1.2406008 1.2077017 1.1940022 1.2017913 1.0854734 1.1148427 1.1074995 1.0646266 1.0271518 1.1098571 0.9764019 0.9649996 0.9115086 0.8857738 1.0398934 0.8457120 0.8567335 0.8746906 0.9160856 2.3016177 2.3573199 2.3571917 3.0780456 
C.ZA.03.03ZAPS130MB1.DQ275658          0.8429687 0.9158948 0.8572929 0.9469339 1.0201887 1.0454455 1.0874631 0.7326794 0.7277688 0.7469589 0.7547233 0.7234300 0.7219146 0.6359204 0.6411300 0.4280120 0.4943799 0.3299276 0.0000000 0.2881973 0.3794814 0.3431764 0.3976769 0.4528271 0.5288834 0.4961985 0.3445562 0.4549333 0.4322451 0.3967970 0.4019809 0.7470475 0.8792592 0.8785662 0.8981590 1.0772604 0.9105530 0.8979037 0.9920428 0.8941705 0.9135888 0.9961606 1.0965805 0.8058122 0.7686762 0.7388140 0.8060032 1.1002002 1.1535816 1.1913912 1.2029032 1.1897596 1.2070005 1.1662262 1.1069158 1.1667683 1.1181987 1.1546965 1.1483651 1.1514616 1.1266018 1.0705085 1.1405302 1.2713499 1.1951926 1.1536419 1.1734761 1.1330225 1.1374269 1.1887545 1.1896422 1.1866210 1.1272403 1.1104505 1.1005022 1.2046156 1.4620112 1.2266720 1.1668704 1.2006640 1.1818736 1.0576656 1.1033648 1.1020797 1.0458420 1.0124515 1.1158453 0.9507396 0.9877735 0.8944998 0.8776223 1.0486458 0.8679713 0.8701737 0.8777937 0.9271636 2.4055792 2.4674377 2.4620464 3.0879260 
C.ZA.97.97ZA012.AF286227               0.8657533 0.9155063 0.8814749 0.9593700 1.0134453 1.0752751 1.0980676 0.7681516 0.7471371 0.7743186 0.7805976 0.7437322 0.7580260 0.6541436 0.6767872 0.4382378 0.4963067 0.3506202 0.2881973 0.0000000 0.3932033 0.3608226 0.4199572 0.4761735 0.5292912 0.5226842 0.3687034 0.4682106 0.4437712 0.4048256 0.4185197 0.7659972 0.9081048 0.9023675 0.9215799 1.1060598 0.9299562 0.9275689 1.0285041 0.9331179 0.9189715 1.0325657 1.1183715 0.8201836 0.8085036 0.7654040 0.8196560 1.1296007 1.2196310 1.2180043 1.2155196 1.2083407 1.2144561 1.1787645 1.1489322 1.2015911 1.1392953 1.1807582 1.1829238 1.2025363 1.1522170 1.0908583 1.1663932 1.2592674 1.1859969 1.1635341 1.1973766 1.1704893 1.1799224 1.1741723 1.1998002 1.2145064 1.1416162 1.1366339 1.1333171 1.2300031 1.4417576 1.2560605 1.2042456 1.2339202 1.2126068 1.1001814 1.1414050 1.1129045 1.0525853 1.0524808 1.0899954 0.9775075 0.9571791 0.9445408 0.8736209 1.0610014 0.8975334 0.8899106 0.8860657 0.9441905 2.3334717 2.3610566 2.3474656 2.9369938 
C.BW.98.98BWMC14A3.AF443078            0.8355856 0.9096848 0.8477744 0.9319974 0.9864337 1.0295003 1.0648740 0.7323251 0.7068971 0.7359685 0.7568075 0.7326527 0.7289297 0.6305753 0.6550405 0.4238885 0.4738032 0.3762952 0.3794814 0.3932033 0.0000000 0.3467246 0.4005295 0.4602385 0.5247410 0.4967296 0.3517492 0.4427182 0.4289753 0.3953993 0.4080918 0.7463596 0.8502015 0.8402501 0.8781395 1.0450979 0.8752272 0.8829640 0.9455943 0.8532343 0.8913384 0.9800772 1.0508222 0.8031330 0.7689665 0.7257491 0.7869134 1.0852473 1.1536816 1.1569079 1.2138011 1.1604174 1.2192418 1.1423426 1.0985861 1.1748164 1.1394144 1.1360717 1.1332102 1.1864159 1.1254657 1.0638618 1.1305500 1.2035301 1.1841592 1.1453486 1.1792614 1.1673614 1.1573088 1.1425797 1.1625557 1.2004520 1.1361624 1.1422671 1.1300213 1.1951909 1.4739374 1.2201126 1.1950826 1.2223800 1.1972073 1.0905645 1.1121020 1.0811103 1.0333358 0.9725968 1.0810247 0.9419409 0.9445837 0.9084262 0.8626579 1.0569448 0.8759019 0.8735187 0.8509489 0.9497668 2.2796866 2.3595274 2.3828941 2.9759374 
C.ZA.99.99ZALT4.EU293444               0.7943043 0.8931823 0.8169855 0.9109986 0.9707876 0.9972679 1.0508188 0.7073679 0.7006143 0.7089897 0.7189360 0.6966591 0.7002075 0.6170865 0.6152448 0.3845657 0.4503821 0.3463605 0.3431764 0.3608226 0.3467246 0.0000000 0.3122142 0.4247523 0.4738693 0.4679631 0.3090276 0.4077631 0.3967054 0.3572851 0.3731910 0.7277346 0.8433363 0.8452581 0.8585570 1.0473299 0.8697176 0.8723787 0.9405504 0.8521680 0.8776164 1.0077203 1.0572417 0.7838001 0.7458235 0.6905098 0.7493960 1.0997820 1.1840339 1.1941488 1.1925494 1.1762961 1.1902857 1.1812492 1.1185182 1.1607566 1.1317531 1.1135647 1.1185846 1.1450771 1.1200894 1.0618135 1.1373355 1.2245561 1.1693363 1.1135732 1.1601653 1.1435248 1.1387687 1.1114055 1.1465373 1.1793894 1.1228351 1.1020683 1.1184567 1.1926951 1.4338409 1.1945947 1.1661680 1.1842223 1.1531448 1.0513647 1.0895797 1.0929269 1.0254258 0.9760286 1.0855764 0.9326995 0.9211863 0.8937707 0.8407913 1.0269000 0.8198039 0.8315173 0.8291276 0.9061707 2.2030221 2.2525891 2.2802990 2.9653553 
C.ZA.02.02ZAPS015MB1.DQ369995          0.8727121 0.9729978 0.8744946 0.9599292 1.0523641 1.0514879 1.1104471 0.7655062 0.7618840 0.7796866 0.7782806 0.7438259 0.7667275 0.6593414 0.6756765 0.4393008 0.4973318 0.4014528 0.3976769 0.4199572 0.4005295 0.3122142 0.0000000 0.4885784 0.5411852 0.5179490 0.3699824 0.4526736 0.4543370 0.4221306 0.4284360 0.7593569 0.8968287 0.8886827 0.9285786 1.1111939 0.9050362 0.9175670 0.9904977 0.8851801 0.9369836 1.0410302 1.1091899 0.8526219 0.8057463 0.7621928 0.8061606 1.1556808 1.1751448 1.2038498 1.2365956 1.2051630 1.2207882 1.2127297 1.1550493 1.2093066 1.1933245 1.1733466 1.1727376 1.2036586 1.1491708 1.0753322 1.2011639 1.2615645 1.2179238 1.1978649 1.2227089 1.1958525 1.2065572 1.1577848 1.2081947 1.2322291 1.1687931 1.1617989 1.1642307 1.2472216 1.5093178 1.2578005 1.2016389 1.2413607 1.2191527 1.1282371 1.1324567 1.1509948 1.0748853 1.0362622 1.1323396 1.0218155 0.9967899 0.9364758 0.9102613 1.0869865 0.8904629 0.9147927 0.8916099 0.9654539 2.2630800 2.3387637 2.3635324 3.0169589 
C.GB.14.13659_1_48.3.MF109437          0.9022610 1.0028592 0.9501409 1.0248591 1.0777592 1.1250259 1.1514657 0.8171775 0.8181636 0.8256139 0.8440819 0.8092330 0.8037213 0.7070013 0.7172376 0.4830717 0.5560769 0.4675968 0.4528271 0.4761735 0.4602385 0.4247523 0.4885784 0.0000000 0.5416270 0.5076091 0.4213933 0.5065475 0.4986593 0.4580458 0.4700974 0.8143540 0.9322682 0.9151883 0.9845561 1.1223969 0.9618070 0.9533750 1.0546882 0.9459355 0.9584754 1.0584654 1.1560070 0.8679764 0.8735906 0.8086812 0.8870516 1.1788735 1.2432471 1.2854766 1.2738412 1.2400397 1.2775794 1.2479889 1.2027647 1.2895657 1.2164434 1.2291961 1.1981417 1.2621597 1.2074109 1.1419138 1.2094847 1.3099806 1.2464675 1.2253563 1.2668904 1.2130998 1.2135311 1.2290128 1.2720130 1.2561114 1.2137974 1.1827230 1.1981193 1.2247700 1.5276326 1.2765229 1.2339600 1.3122656 1.2336809 1.1547420 1.1556780 1.1744456 1.1248792 1.0974886 1.1595644 1.0445334 1.0836862 0.9842738 0.9798054 1.1650661 0.9807641 0.9529409 0.9287472 1.0424486 2.3247483 2.3962526 2.4502000 2.9676653 
BC.CN.07.07CNYN340.KF835526            0.9592358 1.0381796 0.9741489 1.0590838 1.0611514 1.1497234 1.1687496 0.8402201 0.8441650 0.8653698 0.8754471 0.8420858 0.8521079 0.7917611 0.7988259 0.5402890 0.5969645 0.5289420 0.5288834 0.5292912 0.5247410 0.4738693 0.5411852 0.5416270 0.0000000 0.4054656 0.4811297 0.5751667 0.5437830 0.5168729 0.5186447 0.8752722 0.9934032 0.9957562 1.0576398 1.2037191 1.0334897 1.0220287 1.0933323 0.9861187 1.0462823 1.1314966 1.1871184 0.9411573 0.9108886 0.8573824 0.9254284 1.2374204 1.2911514 1.3024036 1.3779021 1.3274184 1.3473547 1.3352278 1.2516072 1.2950482 1.2694880 1.2898083 1.2759664 1.3113502 1.2752834 1.2160595 1.2622035 1.3433613 1.3597522 1.2987226 1.3285716 1.2738215 1.2849871 1.3169611 1.3222505 1.2706737 1.2682389 1.2575159 1.2644361 1.3376988 1.6020147 1.3603446 1.2940374 1.3601993 1.3066881 1.1990264 1.2192570 1.2742759 1.1794537 1.1600759 1.2299715 1.0927978 1.0930420 1.0224720 1.0125317 1.1848542 0.9958175 0.9937136 0.9734047 1.0659753 2.4081745 2.4602449 2.4072036 3.1008580 
85_BC.CN.14.14CN_SCYB4.KU992932        0.9677385 1.0453317 0.9702911 1.0265815 1.0920457 1.1319754 1.1544217 0.8424141 0.8330080 0.8811841 0.8783361 0.8170662 0.8289782 0.7611354 0.7553251 0.5264629 0.5900388 0.5045571 0.4961985 0.5226842 0.4967296 0.4679631 0.5179490 0.5076091 0.4054656 0.0000000 0.4550180 0.5516810 0.5412519 0.4898143 0.5100346 0.8714433 0.9765957 0.9861434 1.0233626 1.1803164 0.9956321 1.0294287 1.0800660 0.9778846 1.0198934 1.0810812 1.1722622 0.9226056 0.8787385 0.8437879 0.9012341 1.1998079 1.2561130 1.2830438 1.2963316 1.2726196 1.2858914 1.2478359 1.2381944 1.2627014 1.2223992 1.2282984 1.2337598 1.2566333 1.2584674 1.1766945 1.2526785 1.3421630 1.2768631 1.2318637 1.2783929 1.2503111 1.2530352 1.2462695 1.2956262 1.3014515 1.2379676 1.2216815 1.2311306 1.3157725 1.5831367 1.3146548 1.2569859 1.3277226 1.2622938 1.1609565 1.2145698 1.2558327 1.1461930 1.1242732 1.2080798 1.0532028 1.1158422 1.0411763 0.9976959 1.1865033 1.0077108 0.9929675 0.9974223 1.0572436 2.4133432 2.4720236 2.4927732 3.0464435 
C.BW.00.00BW076820.AF443089            0.8012993 0.8775231 0.8194434 0.8923960 0.9392325 0.9825454 1.0252536 0.6805640 0.6803061 0.6895035 0.6983935 0.6700585 0.6770201 0.5814797 0.5802574 0.3822594 0.4388237 0.3524424 0.3445562 0.3687034 0.3517492 0.3090276 0.3699824 0.4213933 0.4811297 0.4550180 0.0000000 0.3944970 0.3787204 0.3436799 0.3515164 0.6804968 0.8187585 0.8010673 0.8228809 1.0099751 0.8448832 0.8393195 0.9164302 0.8308229 0.8461194 0.9498528 1.0229676 0.7615997 0.7164464 0.6700822 0.7427081 1.0715920 1.1519717 1.1515999 1.1554795 1.1243402 1.1997452 1.1350047 1.0922082 1.1536014 1.0864392 1.1082550 1.1143748 1.1306116 1.0962629 1.0390099 1.1043709 1.1716328 1.1328793 1.0920707 1.1352224 1.1123851 1.1095886 1.1116636 1.1359753 1.1263839 1.0842426 1.0639668 1.0740237 1.1690770 1.4129073 1.1889275 1.1038730 1.1417348 1.1306910 1.0038180 1.0485791 1.0565230 0.9978856 0.9660620 1.0349545 0.8833459 0.9271946 0.8590830 0.8250620 1.0107930 0.8123664 0.8097071 0.8169755 0.8859935 2.2037762 2.2668873 2.2434444 2.9312719 
C.ZA.04.04ZASK170B1.DQ093595           0.8463609 0.9365760 0.8699834 0.9513662 0.9922435 1.0483514 1.0634927 0.7367154 0.7390968 0.7596320 0.7693412 0.7455136 0.7470209 0.6496454 0.6722818 0.4263600 0.4964520 0.4319326 0.4549333 0.4682106 0.4427182 0.4077631 0.4526736 0.5065475 0.5751667 0.5516810 0.3944970 0.0000000 0.3551940 0.3176446 0.3658811 0.7483436 0.8692392 0.8641924 0.9003079 1.0566120 0.8880936 0.8864708 0.9790737 0.8905549 0.9299917 1.0158534 1.0914109 0.8244086 0.7987109 0.7465199 0.8215765 1.1402269 1.2186952 1.2283733 1.2496025 1.1960442 1.2400681 1.2104847 1.1454486 1.2024831 1.1571428 1.1861235 1.1789551 1.2205726 1.1540317 1.0819700 1.1964379 1.2696744 1.1942588 1.1707310 1.2265172 1.1822206 1.1928773 1.2129338 1.2004529 1.2111211 1.1579483 1.1464520 1.1715105 1.2280142 1.4510073 1.2586672 1.1750884 1.2108011 1.2188323 1.0847043 1.0944963 1.1228233 1.0895105 1.0224558 1.1327685 0.9653769 0.9787436 0.9451126 0.8857215 1.0822085 0.8911656 0.8868509 0.8850907 0.9552371 2.2270111 2.3110709 2.3463174 2.9830427 
C.TZ.02.CO6721.AY734560                0.8509358 0.9106980 0.8810120 0.9458883 0.9889216 1.0662253 1.0829426 0.7224384 0.7100184 0.7134898 0.7557042 0.7263258 0.7125998 0.6287815 0.6100900 0.4147688 0.4781371 0.4200542 0.4322451 0.4437712 0.4289753 0.3967054 0.4543370 0.4986593 0.5437830 0.5412519 0.3787204 0.3551940 0.0000000 0.2438138 0.3580499 0.7329989 0.8905954 0.8677870 0.9279232 1.0827428 0.9195127 0.8905589 0.9631206 0.8809942 0.9124221 0.9935655 1.1027970 0.8381379 0.7732305 0.7420712 0.8044926 1.1133092 1.1998794 1.2365507 1.2000003 1.1968717 1.2317865 1.2055200 1.1468991 1.2004693 1.1415549 1.1726030 1.1764153 1.1976290 1.1388681 1.0831350 1.1830286 1.2344811 1.1956106 1.1487563 1.1813536 1.1854623 1.1712012 1.1641698 1.1853543 1.1923054 1.1580934 1.1155921 1.1274499 1.2208483 1.4625956 1.2147918 1.1580696 1.1849145 1.1825533 1.0656869 1.1139417 1.1134096 1.0687441 1.0144556 1.1320240 0.9385726 0.9708725 0.8900315 0.8501982 1.0226154 0.8732041 0.8510138 0.8550818 0.9641093 2.2376520 2.3042334 2.3017526 2.9457470 
C.TZ.01.BD39_8.AY253313                0.8100600 0.8665574 0.8175037 0.9024570 0.9406374 0.9856427 1.0356758 0.6770783 0.6842914 0.6899021 0.6907654 0.6657595 0.6799200 0.5983959 0.5893193 0.3710936 0.4382873 0.3877804 0.3967970 0.4048256 0.3953993 0.3572851 0.4221306 0.4580458 0.5168729 0.4898143 0.3436799 0.3176446 0.2438138 0.0000000 0.3153307 0.6875723 0.8377309 0.8135949 0.8646051 1.0184560 0.8572759 0.8583440 0.9300846 0.8306787 0.8794400 0.9449022 1.0306565 0.7588855 0.7374649 0.6982593 0.7365676 1.0993413 1.1427319 1.1530189 1.1936895 1.1558215 1.1794868 1.1743588 1.0727668 1.1666826 1.0930705 1.1312566 1.1199600 1.1477560 1.1148309 1.0226066 1.1113507 1.1970646 1.1874987 1.0881809 1.1650953 1.1164349 1.1105958 1.1433182 1.1531002 1.1651545 1.1204340 1.0891937 1.0841014 1.1622170 1.4375187 1.1799752 1.1428490 1.1533006 1.1617538 1.0306892 1.0596909 1.0751186 1.0009769 0.9906267 1.0583751 0.9147719 0.9309497 0.8717604 0.8312423 0.9878788 0.8343868 0.8389046 0.8147061 0.9024609 2.1480975 2.2380510 2.2624242 2.9739216 
C.ZA.03.03ZAPS067MB2.DQ396389          0.8166062 0.8935765 0.8277640 0.9231471 0.9472563 1.0161283 1.0586758 0.6972203 0.6869344 0.7179630 0.7158519 0.6865704 0.6883615 0.6169442 0.6053085 0.3811583 0.4531715 0.3959282 0.4019809 0.4185197 0.4080918 0.3731910 0.4284360 0.4700974 0.5186447 0.5100346 0.3515164 0.3658811 0.3580499 0.3153307 0.0000000 0.7091480 0.8339425 0.8333220 0.8771742 1.0377842 0.8697636 0.8614336 0.9429454 0.8627780 0.8843366 0.9980874 1.0466945 0.7761283 0.7547202 0.6873340 0.7792673 1.0966934 1.1418654 1.1765353 1.1720018 1.1845414 1.2041609 1.1516240 1.0888724 1.1601953 1.0981927 1.1598895 1.1196384 1.1517228 1.1198849 1.0494022 1.1381430 1.1994890 1.1704937 1.1049372 1.1597642 1.1303807 1.1221965 1.1492763 1.1618261 1.1582541 1.1042006 1.0823810 1.1104742 1.1808094 1.4615965 1.2195500 1.1600727 1.1775993 1.1499315 1.0485865 1.0549257 1.0618179 1.0306719 0.9667182 1.0679838 0.9387121 0.9494369 0.8989057 0.8445353 1.0188008 0.8490273 0.8314393 0.8371643 0.8987839 2.1644433 2.2302361 2.2428305 2.8449379 
A1D.UG.99.99UGJ21953.AF484496          0.5722481 0.6285749 0.5838650 0.6595394 0.7093006 0.7615659 0.8147001 0.4710629 0.4614514 0.4819422 0.4853622 0.4321103 0.4404938 0.5061195 0.7444285 0.7219448 0.7953713 0.7365920 0.7470475 0.7659972 0.7463596 0.7277346 0.7593569 0.8143540 0.8752722 0.8714433 0.6804968 0.7483436 0.7329989 0.6875723 0.7091480 0.0000000 0.5724743 0.5845537 0.6275475 0.7862604 0.6068780 0.6150915 0.7050347 0.6124842 0.6207144 0.7437169 0.7984650 0.5237907 0.4949897 0.4798216 0.5148815 0.8785310 0.9142071 0.9417128 0.9377796 0.9419344 0.9698404 0.9344012 0.8711648 0.9306557 0.8930358 0.9021660 0.9139712 0.9120086 0.8808736 0.8229717 0.9148405 0.9678733 0.9275380 0.9008762 0.9168300 0.9030087 0.8967435 0.8868237 0.9128924 0.8991669 0.8545737 0.8481885 0.8586707 0.9387172 1.1795450 0.9566926 0.8976196 0.9468444 0.9027986 0.8199225 0.8278182 0.8213452 0.7812195 0.7451277 0.8539774 0.7160011 0.7035366 0.6327474 0.6134551 0.7904469 0.5946805 0.5848282 0.5907758 0.6623782 1.9369564 1.9552364 2.0130252 2.7254301 
01_AE.CN.02.YN0236.JX112866            0.6082735 0.6534297 0.6280590 0.7089936 0.7713182 0.7952142 0.8475917 0.5580735 0.5520935 0.5655021 0.5728619 0.5247682 0.5282760 0.6107652 0.8552309 0.8240575 0.8861307 0.8646717 0.8792592 0.9081048 0.8502015 0.8433363 0.8968287 0.9322682 0.9934032 0.9765957 0.8187585 0.8692392 0.8905954 0.8377309 0.8339425 0.5724743 0.0000000 0.1528753 0.2051808 0.3661520 0.2015334 0.2095733 0.2857602 0.2066911 0.2387484 0.4673062 0.5166944 0.4256321 0.5286022 0.5043549 0.5628219 0.9053635 0.9249603 0.9799233 0.9718312 0.9548913 0.9834863 0.9750392 0.8903159 0.9368671 0.9157602 0.9224507 0.9311930 0.9246653 0.9099379 0.8490423 0.9293298 0.9721655 0.9629161 0.9076118 0.9669765 0.9425400 0.9425265 0.9258502 0.9512402 0.9358612 0.9054114 0.8843658 0.8937268 0.9771975 1.1678712 0.9936074 0.9602388 0.9688370 0.9509373 0.8746521 0.8547774 0.8680046 0.7920780 0.7886501 0.8823183 0.7295264 0.7482511 0.6653328 0.6309177 0.8312947 0.6304870 0.6146809 0.6342664 0.7099002 1.9528397 1.9768444 1.9534793 2.6902913 
01_AE.TH.99.99TH_C4460.AY945726        0.6138350 0.6669612 0.6316051 0.7107059 0.7741049 0.8016666 0.8544680 0.5687233 0.5503459 0.5725471 0.5700711 0.5397796 0.5290205 0.6013237 0.8534794 0.8124050 0.8720681 0.8601175 0.8785662 0.9023675 0.8402501 0.8452581 0.8886827 0.9151883 0.9957562 0.9861434 0.8010673 0.8641924 0.8677870 0.8135949 0.8333220 0.5845537 0.1528753 0.0000000 0.2083092 0.3721757 0.2050804 0.2184070 0.2895537 0.2126178 0.2404805 0.4729160 0.5300780 0.4319094 0.5290349 0.5066081 0.5776910 0.9100173 0.9384128 0.9768475 0.9832320 0.9690877 1.0024882 0.9820900 0.9118551 0.9448114 0.9259485 0.9450458 0.9339743 0.9506451 0.9131292 0.8391073 0.9454227 0.9785436 0.9709194 0.9225873 0.9807978 0.9396464 0.9464167 0.9049824 0.9479091 0.9413463 0.8902656 0.8850568 0.8888369 0.9895836 1.1687134 0.9888259 0.9594568 0.9857712 0.9638670 0.8651939 0.8758655 0.8903056 0.8089555 0.7952887 0.9048030 0.7369810 0.7384951 0.6753539 0.6325943 0.8330042 0.6333818 0.6209744 0.6501018 0.7080862 1.9763681 2.0104568 2.0157722 2.6860262 
01_AE.CN.07.GX070143.JX112835          0.6604863 0.6997486 0.6748289 0.7567948 0.8042996 0.8470732 0.8736574 0.5904363 0.5832851 0.5918681 0.6148575 0.5726715 0.5721304 0.6430460 0.9049063 0.8694089 0.9232439 0.9063294 0.8981590 0.9215799 0.8781395 0.8585570 0.9285786 0.9845561 1.0576398 1.0233626 0.8228809 0.9003079 0.9279232 0.8646051 0.8771742 0.6275475 0.2051808 0.2083092 0.0000000 0.4204787 0.2458919 0.2594264 0.3377822 0.2543800 0.2865442 0.5163862 0.5720866 0.4680987 0.5536859 0.5427144 0.5930629 0.9721034 0.9919328 1.0122439 1.0242436 1.0010087 1.0453039 1.0028570 0.9580446 0.9836104 0.9457837 0.9822848 0.9856385 0.9773929 0.9575921 0.9030126 0.9751704 1.0195825 0.9883387 0.9732787 1.0040916 0.9871177 0.9756592 0.9683913 1.0088116 0.9691225 0.9348902 0.9360320 0.9180050 1.0185893 1.2362591 1.0184810 0.9988612 1.0325164 1.0049846 0.9095209 0.9207816 0.9185740 0.8333286 0.8318350 0.9351861 0.7791403 0.7751702 0.7158022 0.6565720 0.8664174 0.6554137 0.6533546 0.6720460 0.7359942 1.9991932 2.0288507 2.0294756 2.7779030 
69_01B.JP.05.05JPMYC113SP420.LC027100  0.8282506 0.8536271 0.8484783 0.9223317 0.9930881 1.0064699 1.0372485 0.7745774 0.7616395 0.7838049 0.7848609 0.7471531 0.7632671 0.8354522 1.0600330 1.0376911 1.1116308 1.0864760 1.0772604 1.1060598 1.0450979 1.0473299 1.1111939 1.1223969 1.2037191 1.1803164 1.0099751 1.0566120 1.0827428 1.0184560 1.0377842 0.7862604 0.3661520 0.3721757 0.4204787 0.0000000 0.3996517 0.4158391 0.4954015 0.4051722 0.4363565 0.6707681 0.7182578 0.6294316 0.7502441 0.7051074 0.7771464 1.1080875 1.1265060 1.1473806 1.1824984 1.1659873 1.2088218 1.1875701 1.1181763 1.1373959 1.1354969 1.1236479 1.1356338 1.0972945 1.1237637 1.0286361 1.1138412 1.1749707 1.1384240 1.1066724 1.1884193 1.1268435 1.1334104 1.1361472 1.1465846 1.1247576 1.0550986 1.0561552 1.0853306 1.1871220 1.3820343 1.1649839 1.1173455 1.1796324 1.1319446 1.0592270 1.0461914 1.0460822 0.9755406 1.0125035 1.1030139 0.9334986 0.9297215 0.8903295 0.8356107 1.0158224 0.8346752 0.8176572 0.8268029 0.9192917 2.2308570 2.2791125 2.1860509 2.8675431 
01_AE.TH.07.AA030a04.JX447057          0.6370973 0.6827463 0.6707838 0.7413115 0.8212627 0.8316574 0.8823860 0.5953938 0.5635706 0.5988392 0.6002179 0.5615407 0.5515883 0.6393085 0.8934291 0.8706601 0.9304560 0.8961563 0.9105530 0.9299562 0.8752272 0.8697176 0.9050362 0.9618070 1.0334897 0.9956321 0.8448832 0.8880936 0.9195127 0.8572759 0.8697636 0.6068780 0.2015334 0.2050804 0.2458919 0.3996517 0.0000000 0.2345849 0.3166132 0.2387279 0.2672034 0.5136460 0.5443612 0.4526199 0.5514784 0.5369822 0.5891390 0.9467281 0.9779826 0.9984843 1.0059862 0.9940923 1.0138961 1.0183167 0.9433081 0.9741215 0.9672809 0.9657673 0.9714167 0.9655754 0.9604489 0.8850106 0.9771168 1.0193283 0.9744251 0.9425253 0.9972414 0.9602394 0.9666667 0.9582661 0.9951601 0.9859359 0.9205696 0.9211384 0.9377212 1.0191713 1.2117400 1.0145630 0.9961671 1.0536857 0.9707907 0.9058091 0.8911212 0.9096072 0.8316052 0.8338544 0.9380732 0.7785992 0.7619471 0.7123845 0.6676277 0.8650232 0.6350183 0.6388193 0.6628710 0.7430354 2.0009985 2.0355253 2.0190967 2.7068827 
01_AE.CN.07.07CNYN326.KF835513         0.6440344 0.6934377 0.6764118 0.7400116 0.7928547 0.8403602 0.8676366 0.5990086 0.5756295 0.5977949 0.6129196 0.5649766 0.5722308 0.6396337 0.8858585 0.8650184 0.9229786 0.8869543 0.8979037 0.9275689 0.8829640 0.8723787 0.9175670 0.9533750 1.0220287 1.0294287 0.8393195 0.8864708 0.8905589 0.8583440 0.8614336 0.6150915 0.2095733 0.2184070 0.2594264 0.4158391 0.2345849 0.0000000 0.3272118 0.2491353 0.2812794 0.5043472 0.5608799 0.4678774 0.5550311 0.5354813 0.5930151 0.9517950 0.9615940 0.9974932 1.0148680 0.9681411 1.0419938 0.9940628 0.9239559 0.9728695 0.9419401 0.9493612 0.9662482 0.9641697 0.9462374 0.8731733 0.9802694 1.0139496 0.9982752 0.9407121 1.0030258 0.9740154 0.9747844 0.9491681 0.9946597 0.9586043 0.9178128 0.9114937 0.9238859 1.0046707 1.2127212 1.0427164 0.9808131 1.0229559 0.9843393 0.8836704 0.9031436 0.8873604 0.8302776 0.8230259 0.9200343 0.7619287 0.7578906 0.7022039 0.6575751 0.8424845 0.6525590 0.6412645 0.6633503 0.7344576 2.0557702 2.0559511 2.0132428 2.7624840 
