100
02A1.GH.97.97GH_AG2.AB052867           0.0000000 0.3570924 0.4427299 0.5158026 0.5742865 0.6056665 0.6348575 0.5495312 0.5312043 0.5525249 0.5341118 0.5088493 0.5097140 0.5864283 0.7790012 0.7836668 0.8771593 0.8293481 0.8174469 0.8437746 0.8105875 0.8024458 0.8689497 0.8846262 0.9485327 0.9064185 0.7782599 0.8383443 0.8385745 0.7922684 0.7855439 0.5528375 0.6098300 0.5983094 0.6433478 0.8183033 0.6518514 0.6600374 0.7448208 0.6199773 0.6417453 0.7542427 0.8073662 0.5367850 0.5356129 0.4719978 0.4511739 0.7459235 0.7626498 0.7853865 0.8139365 0.8154080 0.8570452 0.8014565 0.7576322 0.7829765 0.7363537 0.7698483 0.7736626 0.7798903 0.7657036 0.7101510 0.7639348 0.8471629 0.7951678 0.7746032 0.8208905 0.8072716 0.8131604 0.8004634 0.7947099 0.7736383 0.7420999 0.7437949 0.7298488 0.7952224 1.0304000 0.7919640 0.7470115 0.7791759 0.7862400 0.7115710 0.7042800 0.7063578 0.6745651 0.6206307 0.7545627 0.6156977 0.4879005 0.4098641 0.3851286 0.5335860 0.3363414 0.3390452 0.3604369 0.4315907 1.7728561 1.7687326 1.8784152 2.4295745 
02A.CI.16.DEURF16CI011.MH078538        0.3570924 0.0000000 0.5223298 0.5693920 0.6350489 0.6582064 0.6853494 0.6251480 0.6049410 0.6147333 0.6097566 0.5836771 0.5712415 0.6604831 0.8730361 0.8228070 0.9496071 0.8651868 0.8749986 0.9023598 0.8803544 0.8436340 0.9209140 0.9553661 0.9956518 0.9488259 0.8294360 0.8894754 0.8960641 0.8345525 0.8364620 0.6053699 0.6545182 0.6559007 0.6992114 0.8714343 0.6922604 0.7010975 0.7805451 0.6753250 0.6909971 0.8090174 0.8988903 0.5993308 0.6132497 0.5563662 0.5134572 0.8122578 0.8234322 0.8816382 0.8917061 0.8649947 0.9188113 0.8914131 0.8164736 0.8262107 0.8229557 0.8552923 0.8425781 0.8383623 0.8306405 0.7863850 0.8434505 0.9263712 0.8838495 0.8471410 0.8930291 0.8741051 0.8821236 0.8765333 0.8560751 0.8415560 0.8325289 0.8255600 0.8108860 0.8847965 1.0970718 0.8854040 0.8109871 0.8607913 0.8724166 0.7870445 0.7585395 0.7928014 0.7476051 0.7093447 0.8335696 0.6862704 0.5650068 0.4731369 0.4461680 0.5978426 0.4035271 0.4050896 0.4292100 0.4836375 1.8682599 1.9186788 1.8993995 2.5424658 
AGU.CM.06.770_8.MH705142               0.4427299 0.5223298 0.0000000 0.5239704 0.5776469 0.6030369 0.6142045 0.5948892 0.5757792 0.5917490 0.5778766 0.5366259 0.5240814 0.6221368 0.8400527 0.8227803 0.8805899 0.8519215 0.8527150 0.8449641 0.8448756 0.8000118 0.8667929 0.8881409 0.9854421 0.9359415 0.7824791 0.8446127 0.8703582 0.8028661 0.8075882 0.5929171 0.6163130 0.6288451 0.6782905 0.8166153 0.6653648 0.6672988 0.7540341 0.6542637 0.6553893 0.7904759 0.8585582 0.5621245 0.5589699 0.5204233 0.4812850 0.7981127 0.8017105 0.8649292 0.8651993 0.8486954 0.8901934 0.8305726 0.7885503 0.8294320 0.7769253 0.8071226 0.8211669 0.8053304 0.7900063 0.7453525 0.8066226 0.8665252 0.8245694 0.7853061 0.8379953 0.8215783 0.8352563 0.8209185 0.8353675 0.7974594 0.7677002 0.7733365 0.7593963 0.8409357 1.0516399 0.8503669 0.7895670 0.8390621 0.8147838 0.7479196 0.7415233 0.7536472 0.7024730 0.6596665 0.8022762 0.6446462 0.5542357 0.5064258 0.4808731 0.6453922 0.4559601 0.4734796 0.4922805 0.5623606 1.9669306 1.9483041 2.0065589 2.6381259 
G.NG.92.92NG083_JV10832.U88826         0.5158026 0.5693920 0.5239704 0.0000000 0.3398391 0.3906335 0.4047668 0.6704573 0.6590194 0.6613089 0.6546173 0.6202849 0.6299482 0.6939685 0.9068600 0.9278095 0.9936783 0.9578759 0.9331551 0.9562494 0.9178775 0.9205236 0.9900316 1.0073557 1.0646961 1.0451999 0.8953472 0.9437351 0.9582350 0.9117148 0.9167728 0.6455628 0.7167797 0.7106074 0.7440768 0.9139245 0.7542577 0.7463345 0.8439476 0.7356053 0.7434499 0.8589006 0.9364146 0.6523696 0.6509632 0.5966257 0.5565919 0.8315600 0.8530536 0.9016640 0.9071870 0.8860906 0.9228486 0.8805602 0.8482952 0.8835861 0.8084419 0.8516589 0.8688195 0.8697692 0.8419086 0.7866759 0.8753590 0.9409454 0.9053593 0.8525861 0.9059284 0.8987767 0.8915449 0.8744166 0.8696050 0.8621276 0.8369490 0.8312723 0.8131186 0.8865754 1.1385134 0.8923928 0.8570548 0.9018950 0.8548398 0.7754928 0.8039902 0.8207083 0.7717617 0.7432947 0.8825604 0.7308826 0.6429286 0.5764804 0.5557467 0.7098179 0.5333352 0.5504547 0.5699832 0.6394288 2.0312264 2.0607782 2.0499768 2.7326839 
G.NG.09.09NG010261.KX389626            0.5742865 0.6350489 0.5776469 0.3398391 0.0000000 0.4377894 0.4551993 0.7214826 0.6953584 0.7046715 0.6937739 0.6766718 0.6890039 0.7324856 0.9674910 0.9580779 1.0344235 0.9893808 0.9678150 0.9956447 0.9589977 0.9625371 1.0028494 1.0434048 1.1010623 1.0579633 0.9523319 1.0174907 1.0024563 0.9342850 0.9457533 0.7092106 0.7730864 0.7677615 0.7998728 0.9574305 0.8001480 0.7998908 0.8686210 0.7952108 0.8000038 0.9160656 0.9787956 0.7108457 0.6935784 0.6432443 0.6054602 0.9027648 0.9235589 0.9651125 0.9784104 0.9500384 0.9994415 0.9510727 0.9015181 0.9456094 0.8942284 0.9207582 0.9297485 0.9219109 0.9084730 0.8486753 0.9419980 1.0036830 0.9628054 0.8958174 0.9663034 0.9530861 0.9420813 0.9288434 0.9301049 0.9032877 0.8889613 0.9054059 0.8837049 0.9299588 1.2145033 0.9582489 0.8962813 0.9609288 0.9065106 0.8573084 0.8536575 0.8711947 0.8111182 0.8036739 0.9148854 0.7893242 0.6906929 0.6354056 0.6110180 0.7742099 0.5915038 0.5963611 0.6246450 0.6891805 2.1234693 2.1143571 2.1095186 2.6831593 
01F2G.CM.02.LT31.JN864056              0.6056665 0.6582064 0.6030369 0.3906335 0.4377894 0.0000000 0.4056720 0.7642776 0.7549468 0.7480096 0.7436780 0.7169205 0.7055207 0.7823190 1.0304803 0.9900076 1.0932754 1.0324264 1.0014038 1.0560764 1.0104326 1.0019034 1.0782324 1.1051705 1.1526926 1.0947236 0.9827930 1.0397016 1.0208103 0.9723064 0.9824209 0.7312956 0.8068970 0.8234386 0.8611316 1.0029129 0.8380020 0.8523124 0.9266140 0.8498058 0.8424185 0.9543686 1.0516049 0.7226345 0.7323502 0.6788757 0.6399739 0.9377199 0.9540046 0.9795809 0.9971922 0.9633328 1.0213402 0.9719226 0.9272520 0.9792825 0.9128616 0.9330791 0.9495426 0.9411239 0.9327402 0.8868549 0.9455246 1.0236864 0.9856144 0.9294259 0.9746671 0.9817586 0.9821518 0.9518991 0.9671307 0.9558798 0.9014474 0.9332357 0.9206220 0.9922388 1.2248187 0.9977585 0.9460172 1.0051242 0.9778455 0.8989075 0.8881474 0.8861487 0.8389372 0.8205422 0.9361820 0.8206750 0.7432920 0.6584298 0.6337845 0.8188035 0.6307329 0.6205382 0.6491823 0.7261667 2.1722395 2.1668519 2.1675068 2.8941623 
BCG.ES.15.100_119.KY496623             0.6348575 0.6853494 0.6142045 0.4047668 0.4551993 0.4056720 0.0000000 0.7487529 0.7535524 0.7424506 0.7716079 0.7200066 0.7180915 0.7958386 1.0277163 0.9948846 1.1300941 1.0409840 1.0245138 1.0702920 1.0264722 1.0137652 1.0679276 1.0800855 1.1302461 1.1134799 0.9887198 1.0472316 1.0715219 1.0069516 0.9889579 0.7447836 0.8290414 0.8210387 0.8707364 1.0152488 0.8517957 0.8708052 0.9449278 0.8551400 0.8411606 0.9558536 1.0412899 0.7406271 0.7614331 0.7079849 0.6536746 0.9739093 0.9875903 1.0311902 1.0507427 1.0228769 1.0731969 1.0464288 0.9897282 1.0039161 0.9621554 0.9907926 1.0059406 0.9904546 0.9795213 0.9250192 0.9989875 1.0765095 1.0390270 1.0020184 1.0593639 1.0422739 1.0264663 1.0246236 0.9972818 0.9992340 0.9592509 0.9587740 0.9403403 1.0072895 1.2369206 1.0259197 0.9987914 1.0313656 0.9624587 0.9356774 0.9216282 0.9145598 0.8724530 0.8596026 0.9823090 0.8425131 0.7695519 0.6766434 0.6459039 0.8292652 0.6327410 0.6241696 0.6609389 0.7270833 2.1527408 2.1825986 2.1460830 2.8454647 
A1.KE.06.06KECst_028.FJ623479          0.5495312 0.6251480 0.5948892 0.6704573 0.7214826 0.7642776 0.7487529 0.0000000 0.3354205 0.4171634 0.4257872 0.3814175 0.3995774 0.5084567 0.7418055 0.7381256 0.8046741 0.7450212 0.7517670 0.7936635 0.7536133 0.7205085 0.7962422 0.8158962 0.8860743 0.8412365 0.7099424 0.7731441 0.7706483 0.7218657 0.7118396 0.4603716 0.5546018 0.5450633 0.5990649 0.7639012 0.5889868 0.5883694 0.6747620 0.5722769 0.5811981 0.7132612 0.7856201 0.4795427 0.4940622 0.4640754 0.5073708 0.8236387 0.8197812 0.8691903 0.8992039 0.8821875 0.9038419 0.8754339 0.8059780 0.8622581 0.8102743 0.8375749 0.8617606 0.8357177 0.8294224 0.7837534 0.8490698 0.9221517 0.8718343 0.8383906 0.9096951 0.8725452 0.8810169 0.8981022 0.8688760 0.8421115 0.8412151 0.8237296 0.8180554 0.8731253 1.1105858 0.8844519 0.8422440 0.8989356 0.8602244 0.7943744 0.7687868 0.8044374 0.7334503 0.7028536 0.8342423 0.6839450 0.6642399 0.6238605 0.5845525 0.7369578 0.5640509 0.5663143 0.5931589 0.6456873 2.0733787 2.0952856 2.1096051 2.7437992 
A1.KE.06.06KECst_013.FJ623485          0.5312043 0.6049410 0.5757792 0.6590194 0.6953584 0.7549468 0.7535524 0.3354205 0.0000000 0.4201815 0.4191456 0.3754470 0.3931360 0.5020270 0.7204483 0.7019238 0.7639543 0.7316276 0.7417250 0.7621543 0.7483320 0.7037778 0.7605367 0.8102025 0.8587185 0.8306588 0.6792842 0.7597047 0.7650291 0.7083895 0.6832782 0.4610797 0.5478233 0.5297507 0.5814672 0.7644620 0.5829866 0.5834683 0.6650266 0.5692451 0.5675252 0.7130112 0.7854256 0.4726369 0.4753997 0.4349356 0.4823526 0.8143297 0.8074692 0.8526792 0.8883498 0.8620065 0.8940602 0.8330938 0.8123228 0.8296165 0.8062903 0.8063351 0.8364454 0.8240943 0.8004401 0.7639521 0.8269446 0.9174772 0.8646574 0.8397417 0.8832021 0.8682525 0.8731320 0.8232788 0.8736329 0.8458512 0.8242402 0.7995878 0.7891334 0.8782399 1.1182116 0.8495458 0.7947334 0.8547710 0.8324367 0.7787062 0.7645443 0.7684715 0.7255184 0.7299736 0.8462709 0.6726588 0.6640845 0.6015125 0.5703496 0.7188809 0.5449219 0.5533157 0.5876854 0.6464954 1.9907109 2.0205305 2.0079796 2.6424738 
35_AD.AF.06.007H.GQ477450              0.5525249 0.6147333 0.5917490 0.6613089 0.7046715 0.7480096 0.7424506 0.4171634 0.4201815 0.0000000 0.4231629 0.3917801 0.4190498 0.5147046 0.7324960 0.7232150 0.8069212 0.7561185 0.7672842 0.7822833 0.7662252 0.7288486 0.7733626 0.8155674 0.8862075 0.8399464 0.6923894 0.7674268 0.7720938 0.7272073 0.7262311 0.4665002 0.5478212 0.5363186 0.6088949 0.7656818 0.5781450 0.6048564 0.6750508 0.5740654 0.6013662 0.7014170 0.7632308 0.4823719 0.4847145 0.4551989 0.5150740 0.8159280 0.8250817 0.8735093 0.8936642 0.8710817 0.9174841 0.8674608 0.8317718 0.8467083 0.8249399 0.8298971 0.8462996 0.8440798 0.8259762 0.7654895 0.8477899 0.9015157 0.8804764 0.8604072 0.9017369 0.8725484 0.8621480 0.8593585 0.8769569 0.8346058 0.8251238 0.8137207 0.7992680 0.8702303 1.1338240 0.8673723 0.8237264 0.8918601 0.8300738 0.7973915 0.7840384 0.7894118 0.7383264 0.7144066 0.8458260 0.6736214 0.6718283 0.6056005 0.5771618 0.7463081 0.5564908 0.5678583 0.5749512 0.6590291 2.0907801 2.1114301 2.0869441 2.7149340 
A1.CY.07.CY208.JF683760                0.5341118 0.6097566 0.5778766 0.6546173 0.6937739 0.7436780 0.7716079 0.4257872 0.4191456 0.4231629 0.0000000 0.2461445 0.4110006 0.4953511 0.7297917 0.7278810 0.7875711 0.7361884 0.7317506 0.7609739 0.7433690 0.7000112 0.7697170 0.7984616 0.8791314 0.8300429 0.6900104 0.7535517 0.7652343 0.7070841 0.6863643 0.4523579 0.5617328 0.5463105 0.6079477 0.7632211 0.5872996 0.5857275 0.6778031 0.5642737 0.5938316 0.7059952 0.8060552 0.4837093 0.4996881 0.4440367 0.5050787 0.8197864 0.8372162 0.8912178 0.9150078 0.9040597 0.9645654 0.8863768 0.8258397 0.8648788 0.8234519 0.8291978 0.8614592 0.8423490 0.8361082 0.7956767 0.8571575 0.9189925 0.8804007 0.8555239 0.8920654 0.8636733 0.8734165 0.8728397 0.8672012 0.8522321 0.8362509 0.8414771 0.8438653 0.8959247 1.1096962 0.8761378 0.8491167 0.8931018 0.8803863 0.8066921 0.7917893 0.7977870 0.7382977 0.7132765 0.8441218 0.7045553 0.6684333 0.6155650 0.5804570 0.7297266 0.5634297 0.5669548 0.5975725 0.6787592 2.0004856 2.0659457 2.0425770 2.7157758 
A1.CY.05.CY051.FJ388903                0.5088493 0.5836771 0.5366259 0.6202849 0.6766718 0.7169205 0.7200066 0.3814175 0.3754470 0.3917801 0.2461445 0.0000000 0.3721059 0.4535646 0.6937388 0.6935653 0.7499525 0.6943646 0.7040636 0.7392659 0.7098963 0.6772598 0.7475225 0.7634735 0.8545715 0.7879508 0.6599002 0.7244487 0.7333786 0.6758453 0.6624055 0.4244916 0.5181938 0.5061594 0.5549374 0.7283264 0.5534177 0.5547602 0.6294811 0.5330784 0.5496978 0.6564744 0.7439271 0.4459169 0.4498606 0.4094388 0.4682276 0.7721479 0.7760982 0.8391029 0.8564608 0.8343669 0.8903315 0.8191304 0.7852808 0.8176642 0.7798768 0.7804461 0.8125966 0.7905233 0.7824058 0.7383293 0.7888685 0.8883382 0.8198758 0.7916275 0.8522413 0.8263091 0.8326890 0.8168990 0.8303903 0.7996582 0.7965930 0.7724214 0.7737750 0.8266205 1.0714623 0.8288375 0.8141348 0.8685357 0.8112326 0.7508991 0.7343325 0.7414448 0.7068696 0.6609636 0.7937348 0.6519252 0.6213596 0.5784884 0.5401536 0.7184744 0.5234813 0.5357618 0.5630244 0.6418290 1.9796849 1.9592155 1.9876816 2.6434863 
A1.UG.11.DEMA110UG001.KF859745         0.5097140 0.5712415 0.5240814 0.6299482 0.6890039 0.7055207 0.7180915 0.3995774 0.3931360 0.4190498 0.4110006 0.3721059 0.0000000 0.4704234 0.7047540 0.6743195 0.7536856 0.7024668 0.7011970 0.7400570 0.6965710 0.6561213 0.7360163 0.7639551 0.8479897 0.7749708 0.6489819 0.7312361 0.7195007 0.6887270 0.6748016 0.4378729 0.5271707 0.5204831 0.5708909 0.7290512 0.5518075 0.5589630 0.6445377 0.5386505 0.5572607 0.6753217 0.7359631 0.4467796 0.4700004 0.4050682 0.4731878 0.7751992 0.7668576 0.8379266 0.8365903 0.8478237 0.8682246 0.8345089 0.7725080 0.8220552 0.7653765 0.7801160 0.8084559 0.7946436 0.7907993 0.7163718 0.8010750 0.8669629 0.8351576 0.7919994 0.8401628 0.8197815 0.8248851 0.8108299 0.8193523 0.7919434 0.7830576 0.7755802 0.7693143 0.8581152 1.0901858 0.8307509 0.7858548 0.8362549 0.8091407 0.7538793 0.7432324 0.7573635 0.6994601 0.6711384 0.7944128 0.6306236 0.6185700 0.5738032 0.5494702 0.7059076 0.5230881 0.5364229 0.5601214 0.6274364 1.9780719 1.9953916 2.0081864 2.6844676 
A1C.UG.99.99UGF25926.AF484491          0.5864283 0.6604831 0.6221368 0.6939685 0.7324856 0.7823190 0.7958386 0.5084567 0.5020270 0.5147046 0.4953511 0.4535646 0.4704234 0.0000000 0.6270506 0.6004508 0.6896923 0.6283160 0.6225196 0.6529398 0.6309825 0.6112295 0.6535462 0.7171596 0.7611481 0.7286194 0.5876734 0.6416221 0.6557622 0.5981189 0.6147288 0.4932060 0.6040338 0.5999475 0.6460663 0.8159652 0.6367530 0.6403868 0.7102443 0.6170472 0.6461811 0.7498096 0.8356795 0.5320624 0.5426254 0.4945760 0.5309797 0.8643275 0.8699550 0.9491342 0.9443165 0.9328184 0.9669004 0.9187677 0.8415614 0.8867030 0.8466089 0.8728245 0.9128321 0.8899630 0.8822387 0.8314025 0.8801080 0.9534940 0.9168194 0.8698756 0.9391779 0.9321691 0.9252434 0.9079886 0.8963304 0.8813299 0.8597799 0.8609935 0.8355974 0.9297452 1.1750639 0.9184738 0.8701182 0.9319274 0.8959564 0.8293816 0.8135780 0.8342420 0.7894786 0.7415867 0.8754259 0.7069375 0.7037279 0.6524074 0.6168590 0.7717558 0.6064695 0.5955655 0.6322001 0.7021395 2.0453877 2.0917275 2.0763548 2.7730788 
A1C.IN.15.SC017.KY713232               0.7790012 0.8730361 0.8400527 0.9068600 0.9674910 1.0304803 1.0277163 0.7418055 0.7204483 0.7324960 0.7297917 0.6937388 0.7047540 0.6270506 0.0000000 0.6080597 0.6940311 0.6382208 0.6473457 0.6738448 0.6597133 0.6175202 0.6668519 0.7128127 0.8004270 0.7512764 0.6012026 0.6552690 0.6536710 0.6085600 0.6141989 0.7216264 0.8065488 0.8223177 0.8697274 1.0235384 0.8566525 0.8654500 0.9369999 0.8455958 0.8618943 0.9631859 1.0433505 0.7646628 0.7671193 0.7156509 0.7626717 1.1006667 1.1061705 1.1608160 1.1863287 1.1274138 1.1868671 1.1339448 1.1007461 1.1195886 1.0594574 1.1037898 1.1317812 1.1347146 1.0852631 1.0442036 1.1158815 1.1905474 1.1681166 1.1123600 1.1605528 1.1390827 1.1541537 1.1354590 1.1264078 1.1515839 1.0732458 1.1017386 1.0722459 1.1603635 1.3715576 1.1105813 1.1065031 1.1565901 1.1416698 1.0515870 1.0258446 1.0433389 1.0137570 0.9778942 1.1283804 0.9478995 0.8981544 0.8604847 0.8431420 0.9958296 0.8296853 0.8284217 0.8454783 0.9116131 2.2346341 2.2499588 2.2430662 3.0144184 
C.IL.99.99ET14.AY255825                0.7836668 0.8228070 0.8227803 0.9278095 0.9580779 0.9900076 0.9948846 0.7381256 0.7019238 0.7232150 0.7278810 0.6935653 0.6743195 0.6004508 0.6080597 0.0000000 0.4175640 0.4030202 0.4156887 0.4343034 0.4202403 0.3803609 0.4308657 0.5101785 0.5525333 0.4988905 0.3785547 0.4258217 0.4291882 0.3814632 0.3844556 0.7204645 0.8151420 0.8200345 0.8613949 1.0118220 0.8464057 0.8502760 0.9451914 0.8333553 0.8491200 0.9740167 1.0683117 0.7638560 0.7724702 0.7016690 0.7446408 1.0803499 1.1172690 1.1263283 1.1584313 1.1408507 1.1739740 1.1127660 1.0807352 1.1217537 1.0650523 1.0906657 1.1198907 1.0929605 1.0793563 1.0201061 1.1100869 1.1628110 1.1065142 1.0859108 1.1748246 1.1482127 1.1342375 1.0857652 1.1537162 1.1280776 1.0658024 1.0922707 1.0745762 1.1809560 1.3832829 1.1457216 1.0837864 1.1225870 1.0880336 1.0687826 1.0335008 1.0477938 0.9813675 0.9680761 1.0973889 0.9688172 0.8646804 0.8724499 0.8175271 0.9529318 0.8006267 0.8207800 0.8321884 0.8958293 2.2051073 2.1831735 2.2973041 2.9011517 
C.SE.09.035ZA.MF373148                 0.8771593 0.9496071 0.8805899 0.9936783 1.0344235 1.0932754 1.1300941 0.8046741 0.7639543 0.8069212 0.7875711 0.7499525 0.7536856 0.6896923 0.6940311 0.4175640 0.0000000 0.4802505 0.4773904 0.5012191 0.4868336 0.4516495 0.5046315 0.5667614 0.6172466 0.5834093 0.4456296 0.4956095 0.4954013 0.4450255 0.4667036 0.7904711 0.8905066 0.9005702 0.9308531 1.0602494 0.9188473 0.9359178 1.0194998 0.8989558 0.9123817 1.0366025 1.1287276 0.8269104 0.8463122 0.7647940 0.8411468 1.1743979 1.1843307 1.2323896 1.1894578 1.2466186 1.2460533 1.2079095 1.1477163 1.2096793 1.1666332 1.1884936 1.1991739 1.1841559 1.1478571 1.0991513 1.1824192 1.2950169 1.1956571 1.1735481 1.2318637 1.2104793 1.2337855 1.1624912 1.2217119 1.2119808 1.1401287 1.1735630 1.1417858 1.2214756 1.4792749 1.2132464 1.1509443 1.2298759 1.1772767 1.1436956 1.1170736 1.1464482 1.0864838 1.0605971 1.1973460 1.0133364 0.9660235 0.9305938 0.9057635 1.0551324 0.8725706 0.8935060 0.9133417 0.9823796 2.3504954 2.3622977 2.3702863 3.1153355 
C.ZA.04.04ZASK135B1.DQ011166           0.8293481 0.8651868 0.8519215 0.9578759 0.9893808 1.0324264 1.0409840 0.7450212 0.7316276 0.7561185 0.7361884 0.6943646 0.7024668 0.6283160 0.6382208 0.4030202 0.4802505 0.0000000 0.3360150 0.3445940 0.3606416 0.3357788 0.3970058 0.4719017 0.5118044 0.4690293 0.3366159 0.4168505 0.4258860 0.3823273 0.3927510 0.7069773 0.8328140 0.8593430 0.8808391 1.0420214 0.8586926 0.8815324 0.9504542 0.8695503 0.8524321 1.0031665 1.0641969 0.7663573 0.7730973 0.7246111 0.7780406 1.0835862 1.1204000 1.1472729 1.1623233 1.1369278 1.1845687 1.1357117 1.0971418 1.1450151 1.1083635 1.0793214 1.1371018 1.1160530 1.0795873 1.0471382 1.1063002 1.2314459 1.1313750 1.0951378 1.1949240 1.1461464 1.1589801 1.1332672 1.1586737 1.1286349 1.0588289 1.0931841 1.0761652 1.1802842 1.4139456 1.1564589 1.0915478 1.1696899 1.1040656 1.0402903 1.0807392 1.0467661 1.0377819 0.9802753 1.1312788 0.9744184 0.9223151 0.8827855 0.8800908 1.0166357 0.8475138 0.8458002 0.8791743 0.9413431 2.2856158 2.2451495 2.2772049 3.0045137 
C.ZA.03.03ZAPS130MB1.DQ275658          0.8174469 0.8749986 0.8527150 0.9331551 0.9678150 1.0014038 1.0245138 0.7517670 0.7417250 0.7672842 0.7317506 0.7040636 0.7011970 0.6225196 0.6473457 0.4156887 0.4773904 0.3360150 0.0000000 0.2911143 0.3717482 0.3322464 0.4022883 0.4549819 0.5160169 0.4741255 0.3387370 0.4309166 0.4324908 0.3798747 0.3850617 0.7309163 0.8382546 0.8319730 0.8766535 1.0198972 0.8693010 0.8670568 0.9537989 0.8290988 0.8473872 0.9757054 1.0461258 0.7821925 0.7801632 0.7125218 0.7514071 1.0722308 1.0972199 1.1341844 1.1502578 1.1223382 1.1574704 1.1180753 1.0649754 1.1123944 1.0662450 1.0821597 1.1156696 1.0777306 1.0777601 1.0199332 1.1006184 1.1901597 1.1363462 1.0953557 1.1790466 1.1825716 1.1678561 1.1246665 1.1525394 1.1233313 1.0461124 1.0744127 1.0633424 1.1446826 1.3967940 1.1415756 1.0896062 1.1758624 1.1222141 1.0529817 1.0405681 1.0696525 1.0099719 0.9677059 1.1526299 0.9543996 0.9018821 0.8784285 0.8561520 0.9926142 0.8313260 0.8580173 0.8564732 0.9211754 2.2748314 2.2810576 2.3370330 3.0100675 
C.ZA.97.97ZA012.AF286227               0.8437746 0.9023598 0.8449641 0.9562494 0.9956447 1.0560764 1.0702920 0.7936635 0.7621543 0.7822833 0.7609739 0.7392659 0.7400570 0.6529398 0.6738448 0.4343034 0.5012191 0.3445940 0.2911143 0.0000000 0.3927215 0.3630476 0.4204052 0.4878700 0.5400498 0.5058429 0.3571371 0.4432613 0.4549814 0.4064837 0.4158325 0.7600248 0.8658474 0.8725416 0.9200331 1.0389381 0.9015930 0.9067676 0.9863215 0.8705093 0.9096630 1.0048822 1.0833862 0.8010009 0.8020976 0.7542889 0.7978127 1.1251676 1.1214798 1.1979761 1.1997501 1.1819400 1.2140775 1.1694836 1.1015006 1.1769891 1.1044756 1.1240768 1.1691109 1.1481444 1.1348557 1.0768469 1.1491434 1.2202977 1.1920511 1.1318987 1.1998199 1.1927796 1.1814064 1.1589668 1.1768621 1.1722719 1.0943925 1.1298612 1.0927805 1.2002393 1.4150440 1.2023423 1.1288950 1.2019285 1.1731732 1.0865231 1.0864683 1.0914707 1.0281767 1.0152511 1.1494561 0.9928046 0.9326457 0.9105516 0.9089484 1.0335625 0.8658670 0.8830083 0.9139766 0.9670813 2.2089271 2.2282881 2.2560732 3.0205218 
C.BW.98.98BWMC14A3.AF443078            0.8105875 0.8803544 0.8448756 0.9178775 0.9589977 1.0104326 1.0264722 0.7536133 0.7483320 0.7662252 0.7433690 0.7098963 0.6965710 0.6309825 0.6597133 0.4202403 0.4868336 0.3606416 0.3717482 0.3927215 0.0000000 0.3424189 0.3996038 0.4666819 0.5171277 0.4696166 0.3447170 0.4336008 0.4247935 0.3762725 0.3946150 0.7302875 0.8478286 0.8478547 0.8806369 1.0204942 0.8628960 0.8785644 0.9675589 0.8556047 0.8746370 0.9790764 1.0709331 0.7941059 0.7829718 0.7392899 0.7771565 1.1138412 1.1165771 1.1572430 1.1512828 1.1424472 1.2194739 1.1478587 1.0872560 1.1536495 1.0971441 1.0871108 1.1485405 1.1429073 1.0969418 1.0660448 1.1152332 1.1792488 1.1543910 1.0910945 1.1860363 1.1726702 1.1961126 1.1234149 1.1754890 1.1592203 1.0977256 1.0976377 1.0970432 1.1678262 1.4297764 1.1782509 1.0962131 1.1773540 1.1284999 1.0719649 1.0671498 1.0552050 1.0358263 0.9816190 1.1314649 0.9857619 0.9303491 0.8937933 0.8604704 1.0225388 0.8260060 0.8415503 0.8699981 0.9436520 2.2468917 2.2890440 2.3586261 2.9951100 
C.ZA.99.99ZALT4.EU293444               0.8024458 0.8436340 0.8000118 0.9205236 0.9625371 1.0019034 1.0137652 0.7205085 0.7037778 0.7288486 0.7000112 0.6772598 0.6561213 0.6112295 0.6175202 0.3803609 0.4516495 0.3357788 0.3322464 0.3630476 0.3424189 0.0000000 0.3095774 0.4316332 0.4868084 0.4521896 0.3032462 0.3974026 0.3973271 0.3538021 0.3638830 0.7144218 0.7975584 0.8170006 0.8478865 0.9882986 0.8171709 0.8464318 0.9326336 0.8163084 0.8330508 0.9593371 1.0303022 0.7412773 0.7513775 0.6917585 0.7480844 1.0709523 1.0749028 1.1417656 1.1333440 1.1083931 1.1911699 1.0993287 1.0577914 1.1138945 1.0626305 1.0808352 1.1048700 1.0848014 1.0629812 1.0215725 1.0813632 1.1977958 1.1227149 1.0916010 1.1656999 1.1704391 1.1656852 1.1102118 1.1276172 1.1193901 1.0575814 1.0709047 1.0729616 1.1481129 1.3869256 1.1465486 1.0712910 1.1568056 1.1095412 1.0316709 1.0428878 1.0455557 1.0035863 0.9451026 1.0983096 0.9378144 0.8673956 0.8713380 0.8407357 0.9830292 0.8107786 0.8262229 0.8421303 0.9052185 2.3125727 2.3129474 2.2931338 2.9874261 
C.ZA.02.02ZAPS015MB1.DQ369995          0.8689497 0.9209140 0.8667929 0.9900316 1.0028494 1.0782324 1.0679276 0.7962422 0.7605367 0.7733626 0.7697170 0.7475225 0.7360163 0.6535462 0.6668519 0.4308657 0.5046315 0.3970058 0.4022883 0.4204052 0.3996038 0.3095774 0.0000000 0.4861536 0.5388334 0.5049128 0.3639613 0.4547290 0.4669872 0.4149659 0.4014959 0.7566931 0.8702471 0.8739917 0.9006974 1.0509207 0.9062368 0.8999471 0.9824456 0.8814537 0.8944025 1.0268576 1.0939482 0.7966314 0.8223454 0.7596261 0.8087079 1.0906432 1.1364620 1.1681270 1.1624103 1.1835828 1.2368424 1.1649286 1.0930164 1.1446813 1.1173995 1.1141804 1.1649500 1.1507084 1.1350471 1.0820174 1.1482583 1.2293336 1.1712708 1.1203838 1.2038822 1.1882530 1.1827460 1.1511122 1.1672090 1.1628702 1.0936545 1.1193255 1.1052288 1.1977280 1.4151776 1.2077243 1.1434057 1.2013766 1.1515275 1.1107906 1.0734700 1.0943289 1.0237426 1.0072946 1.1549332 1.0301517 0.9662135 0.9174679 0.8792351 1.0396474 0.8830421 0.8972731 0.9076851 1.0037052 2.3075843 2.3487595 2.3734420 3.0704544 
C.GB.14.13659_1_48.3.MF109437          0.8846262 0.9553661 0.8881409 1.0073557 1.0434048 1.1051705 1.0800855 0.8158962 0.8102025 0.8155674 0.7984616 0.7634735 0.7639551 0.7171596 0.7128127 0.5101785 0.5667614 0.4719017 0.4549819 0.4878700 0.4666819 0.4316332 0.4861536 0.0000000 0.5548011 0.5083211 0.4215112 0.5015636 0.5192806 0.4537297 0.4791094 0.7954881 0.9132713 0.9203457 0.9481897 1.1277868 0.9410325 0.9590805 1.0394971 0.9219769 0.9558530 1.0623150 1.1445560 0.8458578 0.8418154 0.8066184 0.8396182 1.1559420 1.1771697 1.2074079 1.2332810 1.2032986 1.2967841 1.1839834 1.1573120 1.2131090 1.1581864 1.1619823 1.1908447 1.1823179 1.1578057 1.1173477 1.1835255 1.2914751 1.2394955 1.1601212 1.2318858 1.2251866 1.2284037 1.1868558 1.2365561 1.1818306 1.1601050 1.1674340 1.1683494 1.2340166 1.4477913 1.2191794 1.1587900 1.2263536 1.1727240 1.0900087 1.1067574 1.1290296 1.0655693 1.0541189 1.2013019 1.0628915 0.9855054 0.9593134 0.9286366 1.0872426 0.8900378 0.9151751 0.9498023 1.0203437 2.3444043 2.3480239 2.4134463 3.1422633 
BC.CN.07.07CNYN340.KF835526            0.9485327 0.9956518 0.9854421 1.0646961 1.1010623 1.1526926 1.1302461 0.8860743 0.8587185 0.8862075 0.8791314 0.8545715 0.8479897 0.7611481 0.8004270 0.5525333 0.6172466 0.5118044 0.5160169 0.5400498 0.5171277 0.4868084 0.5388334 0.5548011 0.0000000 0.4079551 0.4807869 0.5687180 0.5756260 0.5197967 0.5222228 0.8856924 0.9817379 0.9939804 1.0414723 1.1951238 1.0071187 1.0387555 1.1095867 0.9921222 1.0154175 1.1196983 1.1745334 0.9045971 0.9211686 0.8904027 0.9107478 1.2449347 1.2567505 1.2762881 1.2965136 1.3308625 1.3262132 1.2860568 1.2313558 1.3032336 1.2076056 1.2564276 1.2518129 1.2403377 1.2283543 1.2057379 1.2305912 1.3314691 1.2421312 1.2464407 1.2960497 1.2668865 1.2911975 1.2933160 1.2684964 1.2405347 1.2183390 1.2483857 1.2416730 1.3310226 1.5151891 1.3021818 1.2355130 1.2919612 1.2404742 1.1910191 1.1702820 1.2086263 1.1464040 1.1409397 1.2647727 1.1136314 1.0395680 1.0192048 0.9809846 1.1111060 0.9465806 0.9742276 0.9966003 1.0420486 2.3990898 2.4023816 2.5157102 3.1580159 
85_BC.CN.14.14CN_SCYB4.KU992932        0.9064185 0.9488259 0.9359415 1.0451999 1.0579633 1.0947236 1.1134799 0.8412365 0.8306588 0.8399464 0.8300429 0.7879508 0.7749708 0.7286194 0.7512764 0.4988905 0.5834093 0.4690293 0.4741255 0.5058429 0.4696166 0.4521896 0.5049128 0.5083211 0.4079551 0.0000000 0.4348349 0.5321116 0.5359466 0.4737004 0.4772469 0.8138253 0.9379803 0.9469829 0.9865865 1.1410630 0.9591671 0.9746820 1.0854216 0.9676657 0.9843829 1.0769302 1.1328205 0.8789009 0.8535687 0.8283812 0.8642911 1.1639736 1.1709094 1.1953419 1.2574551 1.2198515 1.2747254 1.1885045 1.1672113 1.2164317 1.1661721 1.1735719 1.1874940 1.1820317 1.1869095 1.1333146 1.1802218 1.2827844 1.2166952 1.1773878 1.2358469 1.2372905 1.2520707 1.1719541 1.2362284 1.1939593 1.1480623 1.1664923 1.1413496 1.2669556 1.5141452 1.2300140 1.1472762 1.2586649 1.1710343 1.1245089 1.1056879 1.1363741 1.1006758 1.0756796 1.1992139 1.0656833 0.9995511 0.9759519 0.9563839 1.0982053 0.9119584 0.9164671 0.9513018 1.0218629 2.4077801 2.3436173 2.4188466 3.1453608 
C.BW.00.00BW076820.AF443089            0.7782599 0.8294360 0.7824791 0.8953472 0.9523319 0.9827930 0.9887198 0.7099424 0.6792842 0.6923894 0.6900104 0.6599002 0.6489819 0.5876734 0.6012026 0.3785547 0.4456296 0.3366159 0.3387370 0.3571371 0.3447170 0.3032462 0.3639613 0.4215112 0.4807869 0.4348349 0.0000000 0.3842682 0.3889168 0.3383385 0.3357177 0.6703659 0.7914243 0.8029767 0.8483767 0.9808896 0.8143580 0.8287387 0.9139098 0.8184161 0.8381951 0.9387309 1.0066698 0.7360994 0.7191102 0.6906516 0.7209537 1.0603333 1.0487018 1.0970214 1.1325059 1.0944384 1.1214903 1.1015816 1.0363454 1.0996344 1.0532956 1.0605180 1.0715670 1.0578317 1.0543518 1.0090151 1.0626197 1.1543039 1.0990122 1.0653074 1.1427709 1.1165824 1.1102044 1.0695522 1.0997301 1.1106531 1.0287931 1.0547278 1.0418380 1.1257591 1.3551605 1.1204852 1.0466091 1.1053971 1.0556050 1.0187078 0.9920499 1.0228689 0.9802156 0.9321528 1.0700179 0.9112820 0.8747568 0.8313097 0.8195055 0.9800963 0.8054519 0.8035095 0.8202927 0.8931331 2.2044004 2.2023972 2.2593519 2.8918045 
C.ZA.04.04ZASK170B1.DQ093595           0.8383443 0.8894754 0.8446127 0.9437351 1.0174907 1.0397016 1.0472316 0.7731441 0.7597047 0.7674268 0.7535517 0.7244487 0.7312361 0.6416221 0.6552690 0.4258217 0.4956095 0.4168505 0.4309166 0.4432613 0.4336008 0.3974026 0.4547290 0.5015636 0.5687180 0.5321116 0.3842682 0.0000000 0.3602717 0.3120171 0.3540733 0.7565961 0.8638003 0.8614748 0.9038539 1.0692508 0.8800178 0.8984579 0.9935016 0.8770799 0.8856584 0.9901428 1.0898979 0.8001847 0.7807298 0.7330023 0.7774670 1.1005071 1.1149585 1.1755843 1.1913728 1.1635385 1.2167412 1.1609592 1.1324180 1.1640803 1.1269020 1.1228977 1.1391403 1.1431754 1.1261938 1.0769236 1.1512674 1.2516764 1.1462175 1.1423225 1.2028982 1.1711953 1.1751686 1.1550979 1.1512784 1.1472901 1.0982802 1.1104158 1.0869307 1.2075683 1.4301671 1.2010460 1.1289478 1.1833821 1.1213096 1.0939626 1.0702187 1.0465338 1.0524856 1.0184598 1.1265444 0.9872391 0.9243232 0.8810829 0.8774732 1.0261429 0.8676440 0.8433358 0.8592220 0.9480508 2.2895424 2.3274730 2.4203051 3.0262356 
C.TZ.02.CO6721.AY734560                0.8385745 0.8960641 0.8703582 0.9582350 1.0024563 1.0208103 1.0715219 0.7706483 0.7650291 0.7720938 0.7652343 0.7333786 0.7195007 0.6557622 0.6536710 0.4291882 0.4954013 0.4258860 0.4324908 0.4549814 0.4247935 0.3973271 0.4669872 0.5192806 0.5756260 0.5359466 0.3889168 0.3602717 0.0000000 0.2537367 0.3578761 0.7373529 0.8587670 0.8549709 0.9058734 1.0432174 0.8947337 0.8950805 0.9862636 0.8605025 0.8850139 0.9759109 1.0687960 0.8065562 0.8009268 0.7408135 0.7842139 1.1127798 1.1268675 1.1906785 1.1877895 1.1624194 1.2088875 1.1537951 1.0954218 1.1600757 1.1101887 1.1045626 1.1377984 1.1468624 1.1035540 1.0572621 1.1272737 1.2276126 1.1616696 1.1116008 1.2352524 1.1858431 1.1790845 1.1377407 1.1786832 1.1774182 1.0896728 1.1157036 1.1004324 1.1916905 1.4129976 1.1827954 1.1182494 1.1931688 1.1277116 1.0957546 1.0758760 1.0957760 1.0622221 0.9868646 1.1475279 0.9832445 0.9358789 0.8956765 0.8744984 1.0178754 0.8403133 0.8512253 0.8735148 0.9207241 2.3164273 2.2821260 2.3271350 3.0947201 
C.TZ.01.BD39_8.AY253313                0.7922684 0.8345525 0.8028661 0.9117148 0.9342850 0.9723064 1.0069516 0.7218657 0.7083895 0.7272073 0.7070841 0.6758453 0.6887270 0.5981189 0.6085600 0.3814632 0.4450255 0.3823273 0.3798747 0.4064837 0.3762725 0.3538021 0.4149659 0.4537297 0.5197967 0.4737004 0.3383385 0.3120171 0.2537367 0.0000000 0.3133313 0.7125761 0.8166194 0.8284806 0.8497358 0.9975969 0.8326880 0.8482612 0.9245433 0.8284241 0.8310500 0.9522435 1.0392936 0.7393094 0.7496324 0.6809594 0.7318337 1.0339109 1.0573010 1.1162182 1.1488517 1.1039804 1.1744487 1.0876608 1.0275123 1.0916276 1.0394550 1.0569667 1.0993636 1.0800504 1.0659187 1.0039302 1.0762128 1.1863124 1.0853916 1.0510853 1.1339502 1.1107685 1.1412906 1.0613086 1.1012815 1.1062290 1.0179857 1.0445574 1.0384863 1.1302461 1.3782627 1.1129550 1.0473873 1.1140822 1.0724759 1.0180241 1.0034878 1.0390510 0.9898175 0.9581312 1.0752910 0.9305343 0.8791535 0.8448377 0.8272694 0.9600907 0.7831026 0.7937497 0.8249141 0.8887706 2.2130745 2.1611247 2.2474659 2.9042344 
C.ZA.03.03ZAPS067MB2.DQ396389          0.7855439 0.8364620 0.8075882 0.9167728 0.9457533 0.9824209 0.9889579 0.7118396 0.6832782 0.7262311 0.6863643 0.6624055 0.6748016 0.6147288 0.6141989 0.3844556 0.4667036 0.3927510 0.3850617 0.4158325 0.3946150 0.3638830 0.4014959 0.4791094 0.5222228 0.4772469 0.3357177 0.3540733 0.3578761 0.3133313 0.0000000 0.6974033 0.8228561 0.8235282 0.8638529 1.0032983 0.8305418 0.8734614 0.9402903 0.8406301 0.8487832 0.9371719 1.0370658 0.7546817 0.7510833 0.6802377 0.7338474 1.0508761 1.0656159 1.1049000 1.1292518 1.1000280 1.1473186 1.1160247 1.0470005 1.0965554 1.0629447 1.0659073 1.0788662 1.0998675 1.0628791 1.0222902 1.0616558 1.1984672 1.1100701 1.0765105 1.1414644 1.1141587 1.1449996 1.0859835 1.1182019 1.1291895 1.0466933 1.0698329 1.0360595 1.1629861 1.4294011 1.1387178 1.0788042 1.1509297 1.0976945 1.0426978 1.0303471 1.0165581 1.0070012 0.9738869 1.0981732 0.9285511 0.8698143 0.8636278 0.8290231 0.9966507 0.8006272 0.8132577 0.8397982 0.9137027 2.2134355 2.2774235 2.2801080 2.9845946 
A1D.UG.99.99UGJ21953.AF484496          0.5528375 0.6053699 0.5929171 0.6455628 0.7092106 0.7312956 0.7447836 0.4603716 0.4610797 0.4665002 0.4523579 0.4244916 0.4378729 0.4932060 0.7216264 0.7204645 0.7904711 0.7069773 0.7309163 0.7600248 0.7302875 0.7144218 0.7566931 0.7954881 0.8856924 0.8138253 0.6703659 0.7565961 0.7373529 0.7125761 0.6974033 0.0000000 0.5493888 0.5468638 0.6037112 0.7579888 0.5939331 0.6071355 0.6685450 0.5840738 0.5875822 0.6920325 0.7699428 0.4751419 0.5018188 0.4397895 0.5152212 0.8028078 0.8309132 0.8701207 0.9154525 0.8787294 0.8844088 0.8588533 0.8220804 0.8829192 0.8121579 0.8307765 0.8667327 0.8238363 0.8382412 0.7838105 0.8509729 0.9175633 0.8727765 0.8289930 0.9086288 0.8791113 0.8735060 0.8741665 0.8683525 0.8434869 0.8133747 0.8235677 0.8147573 0.8854107 1.1274660 0.8699048 0.8264354 0.8961757 0.8654081 0.7966240 0.7838399 0.7880643 0.7369351 0.7041258 0.8455360 0.6768090 0.6487614 0.6115796 0.5890467 0.7259392 0.5476283 0.5689371 0.5835225 0.6422471 1.9994520 1.9979513 1.9983829 2.7290877 
01_AE.CN.02.YN0236.JX112866            0.6098300 0.6545182 0.6163130 0.7167797 0.7730864 0.8068970 0.8290414 0.5546018 0.5478233 0.5478212 0.5617328 0.5181938 0.5271707 0.6040338 0.8065488 0.8151420 0.8905066 0.8328140 0.8382546 0.8658474 0.8478286 0.7975584 0.8702471 0.9132713 0.9817379 0.9379803 0.7914243 0.8638003 0.8587670 0.8166194 0.8228561 0.5493888 0.0000000 0.1511491 0.2073933 0.3660357 0.2015463 0.2110700 0.3018661 0.2198151 0.2379711 0.4692728 0.5383609 0.4148819 0.5190616 0.4872553 0.5534892 0.8705189 0.8890092 0.9199015 0.9739065 0.9600689 0.9750208 0.9350315 0.8799180 0.9111935 0.8749744 0.8935945 0.9230596 0.8815853 0.8893412 0.8274401 0.9183113 0.9616877 0.9480640 0.8773818 0.9415332 0.9205825 0.9302192 0.9265848 0.9247813 0.8913126 0.8577253 0.8642506 0.8519950 0.9361115 1.1696863 0.9386122 0.8871061 0.9508299 0.9041240 0.8353853 0.8264030 0.8440257 0.7859720 0.7587915 0.9061811 0.7395772 0.7209414 0.6730505 0.6344356 0.8054768 0.6073768 0.6296275 0.6544479 0.6983277 2.1148241 2.0829764 2.1098822 2.7749775 
01_AE.TH.99.99TH_C4460.AY945726        0.5983094 0.6559007 0.6288451 0.7106074 0.7677615 0.8234386 0.8210387 0.5450633 0.5297507 0.5363186 0.5463105 0.5061594 0.5204831 0.5999475 0.8223177 0.8200345 0.9005702 0.8593430 0.8319730 0.8725416 0.8478547 0.8170006 0.8739917 0.9203457 0.9939804 0.9469829 0.8029767 0.8614748 0.8549709 0.8284806 0.8235282 0.5468638 0.1511491 0.0000000 0.2072037 0.3581015 0.2006866 0.2145071 0.2988892 0.2146979 0.2340397 0.4736541 0.5330863 0.4132418 0.5133040 0.4740373 0.5435940 0.8611795 0.8838823 0.9279728 0.9741489 0.9533838 0.9517003 0.9236024 0.8860183 0.9050933 0.8791718 0.9009237 0.9031478 0.8777682 0.8933046 0.8393776 0.9051118 0.9597636 0.9354653 0.8796067 0.9506609 0.9396971 0.9412149 0.9192269 0.9218297 0.8966828 0.8605920 0.8710151 0.8552161 0.9390358 1.1691867 0.9323025 0.8782002 0.9485237 0.8987126 0.8325971 0.8235878 0.8506839 0.7905833 0.7614179 0.8803934 0.7384539 0.7065664 0.6605951 0.6344761 0.8153550 0.6080648 0.6096462 0.6410626 0.7073548 2.1222053 2.1324702 2.1407285 2.7942412 
01_AE.CN.07.GX070143.JX112835          0.6433478 0.6992114 0.6782905 0.7440768 0.7998728 0.8611316 0.8707364 0.5990649 0.5814672 0.6088949 0.6079477 0.5549374 0.5708909 0.6460663 0.8697274 0.8613949 0.9308531 0.8808391 0.8766535 0.9200331 0.8806369 0.8478865 0.9006974 0.9481897 1.0414723 0.9865865 0.8483767 0.9038539 0.9058734 0.8497358 0.8638529 0.6037112 0.2073933 0.2072037 0.0000000 0.4049612 0.2477492 0.2617154 0.3455063 0.2733519 0.2962813 0.5209482 0.5853535 0.4601141 0.5637253 0.5376462 0.5983113 0.9185113 0.9284781 0.9650801 1.0276806 0.9884631 1.0312947 0.9893335 0.9311549 0.9609102 0.9340932 0.9325219 0.9715530 0.9410574 0.9265901 0.8756040 0.9612464 1.0110366 0.9966157 0.9535373 0.9946107 0.9700624 0.9793113 0.9684818 0.9556753 0.9363188 0.9058790 0.9239154 0.9058163 0.9842657 1.2126544 0.9812185 0.9474890 1.0034024 0.9502181 0.8859820 0.8857493 0.8844208 0.8242831 0.8037693 0.9399127 0.7780348 0.7406491 0.7083560 0.6783825 0.8432244 0.6481059 0.6490630 0.6953004 0.7470910 2.1371459 2.0931922 2.1787532 2.9005301 
69_01B.JP.05.05JPMYC113SP420.LC027100  0.8183033 0.8714343 0.8166153 0.9139245 0.9574305 1.0029129 1.0152488 0.7639012 0.7644620 0.7656818 0.7632211 0.7283264 0.7290512 0.8159652 1.0235384 1.0118220 1.0602494 1.0420214 1.0198972 1.0389381 1.0204942 0.9882986 1.0509207 1.1277868 1.1951238 1.1410630 0.9808896 1.0692508 1.0432174 0.9975969 1.0032983 0.7579888 0.3660357 0.3581015 0.4049612 0.0000000 0.4053340 0.4142219 0.5161032 0.4154954 0.4408229 0.6883134 0.7417109 0.6182664 0.7264264 0.6859783 0.7620451 1.0776812 1.1109662 1.1344635 1.1621007 1.1742173 1.2037844 1.1257309 1.1086371 1.1216752 1.0755888 1.1299468 1.1553457 1.0772789 1.0925212 1.0401317 1.1044840 1.1698010 1.1091060 1.0889725 1.1333986 1.1275267 1.1243871 1.1230347 1.1146941 1.0941621 1.1074327 1.1023951 1.0422237 1.1616200 1.3719457 1.1491158 1.0870697 1.1455827 1.1092755 1.0587707 1.0582319 1.0317900 0.9715307 0.9621344 1.0964763 0.9239771 0.8937335 0.8439873 0.8435105 0.9901115 0.8158737 0.8177083 0.8452281 0.9177524 2.2966678 2.3137743 2.3184674 3.0336445 
01_AE.TH.07.AA030a04.JX447057          0.6518514 0.6922604 0.6653648 0.7542577 0.8001480 0.8380020 0.8517957 0.5889868 0.5829866 0.5781450 0.5872996 0.5534177 0.5518075 0.6367530 0.8566525 0.8464057 0.9188473 0.8586926 0.8693010 0.9015930 0.8628960 0.8171709 0.9062368 0.9410325 1.0071187 0.9591671 0.8143580 0.8800178 0.8947337 0.8326880 0.8305418 0.5939331 0.2015463 0.2006866 0.2477492 0.4053340 0.0000000 0.2382965 0.3403370 0.2482452 0.2709650 0.4992051 0.5649535 0.4346120 0.5404520 0.5140983 0.5916602 0.9092168 0.9345979 0.9677248 1.0061891 0.9947717 1.0165603 0.9581512 0.9083846 0.9445904 0.9213081 0.9321970 0.9380943 0.9384287 0.9060613 0.8624553 0.9555022 1.0002726 0.9789824 0.9447217 1.0062520 0.9811249 0.9774572 0.9599968 0.9715818 0.9288636 0.9120052 0.9157217 0.9007346 0.9789054 1.2198207 0.9841181 0.9289947 1.0018065 0.9384545 0.8690911 0.8745589 0.8806136 0.8213333 0.7856638 0.9229181 0.7659493 0.7237373 0.6980856 0.6731420 0.8358229 0.6492182 0.6526053 0.6935903 0.7462889 2.1532880 2.0992518 2.1906348 2.8102797 
01_AE.CN.07.07CNYN326.KF835513         0.6600374 0.7010975 0.6672988 0.7463345 0.7998908 0.8523124 0.8708052 0.5883694 0.5834683 0.6048564 0.5857275 0.5547602 0.5589630 0.6403868 0.8654500 0.8502760 0.9359178 0.8815324 0.8670568 0.9067676 0.8785644 0.8464318 0.8999471 0.9590805 1.0387555 0.9746820 0.8287387 0.8984579 0.8950805 0.8482612 0.8734614 0.6071355 0.2110700 0.2145071 0.2617154 0.4142219 0.2382965 0.0000000 0.3399713 0.2530670 0.2813174 0.5239985 0.5929792 0.4542399 0.5504214 0.5228279 0.5970665 0.9295089 0.9370182 0.9811522 1.0023175 0.9986929 1.0172372 0.9745220 0.9278938 0.9643447 0.9307611 0.9533606 0.9725814 0.9295338 0.9422377 0.8803551 0.9318825 1.0285454 0.9644259 0.9421138 1.0104510 0.9812163 0.9870105 0.9635055 0.9670669 0.9339661 0.9094895 0.9306259 0.9153719 0.9885765 1.2087700 0.9799880 0.9220462 1.0119279 0.9460353 0.8837252 0.8999302 0.8792053 0.8269274 0.8052170 0.9336760 0.7841092 0.7515984 0.7102917 0.6820359 0.8411423 0.6522190 0.6601772 0.6916804 0.7462503 2.1474333 2.1528536 2.1689163 2.9355964 
