100
F1.BR.10.DEMF110BR015.KU749395         0.0000000 1.0789071 1.2081426 1.1783569 1.1344707 1.1207083 1.0506865 1.1104058 1.0485622 1.1087734 1.0373949 1.0578179 1.1078724 1.0647071 1.0152358 1.0897917 1.0921080 1.0708300 0.7025130 0.9492437 0.9432320 0.9085002 0.8994982 0.8313177 0.8552303 1.0834567 1.0232026 0.8633934 0.7324314 0.8098094 1.0785732 0.9959314 0.9210454 0.9009448 0.9010449 0.9159828 0.9174550 0.8638408 0.8878292 0.8380675 0.7987299 0.8087777 0.8230667 0.7916596 0.8358492 0.7764154 0.7863839 0.7450641 0.7785562 0.7959403 0.8294504 0.7505210 0.7760333 0.7585259 0.7511453 0.7813210 0.8200849 1.1729418 0.9360260 0.9245982 0.8997136 0.9072460 0.8797555 0.8903721 0.8795109 0.8141760 0.8739119 0.9284906 0.8821274 0.8768832 0.9343894 0.8638401 0.8831188 0.8394299 0.9081823 0.9198916 0.8499435 0.8951647 0.9045648 0.8321187 0.8219263 0.8016861 0.8761713 0.8742089 0.8697408 0.8818872 0.8490082 0.8284036 0.8552164 0.8622478 0.8574065 0.8587991 0.7957003 0.7120935 0.8090192 0.7399829 2.7072314 2.0184753 2.0623034 2.1123868 
A1C.IN.15.SC017.KY713232               1.0789071 0.0000000 0.7839529 0.7416750 0.7043954 0.6588688 0.6060388 0.6615098 0.5946263 0.6012985 0.5808387 0.6451265 0.6655743 0.6061932 0.5717852 0.6364972 0.6314242 0.6656538 0.9380577 1.0345956 1.0752728 1.0126883 0.9623732 0.9456697 0.9397313 1.0583308 1.0065674 0.6174028 0.7907644 0.7918209 1.0390283 0.9503691 0.8730175 0.8693250 0.8490852 0.8879100 0.8763231 0.8384980 0.8372594 0.7318559 0.7308639 0.7106622 0.7206221 0.7126220 0.7199141 0.6799073 0.7638547 0.7106514 0.8677811 0.9155751 0.8961152 0.8345291 0.8366279 0.8638582 0.8649664 0.8494997 0.9185314 1.4711067 1.2423505 1.2170192 1.2098529 1.2174738 1.1712600 1.1761996 1.1571600 1.0898997 1.1766122 1.1835814 1.1442518 1.1594706 1.2383626 1.1455275 1.1734921 1.1525228 1.1856335 1.1803363 1.1503637 1.1763320 1.1755988 1.1321865 1.1366911 1.0901307 1.1540248 1.1705160 1.1060980 1.1532548 1.1308144 1.1182521 1.1246880 1.1284620 1.1691383 1.1246470 1.0538849 1.0073320 1.0947575 1.0335734 2.7532247 2.1970768 2.1004675 2.1671231 
BC.CN.07.07CNYN340.KF835526            1.2081426 0.7839529 0.0000000 0.4005343 0.5331885 0.5855385 0.5319708 0.5654595 0.5104743 0.5371563 0.5086527 0.5175629 0.5308466 0.4671186 0.4747084 0.5210174 0.5208245 0.5217938 1.0656717 1.1618959 1.1502258 1.1278855 1.0435792 1.0385936 1.0707502 1.1626427 1.1104493 0.7758304 0.9100195 0.9216789 1.1805133 1.0715752 1.0261120 1.0027893 0.9661192 1.0373099 1.0132831 0.9748327 0.9794866 0.8581410 0.8254739 0.8298341 0.8469263 0.8345038 0.8589161 0.8259470 0.8917918 0.8414213 0.9552873 1.0191311 1.0428679 0.9404593 0.9553242 0.9760837 0.9766157 0.9934759 1.0054896 1.5764437 1.3188153 1.3344253 1.3281759 1.3090002 1.2830138 1.3343267 1.2992572 1.1994922 1.2466510 1.3063289 1.2510332 1.2606295 1.3242881 1.2914289 1.2690480 1.2451403 1.3512830 1.3082388 1.2750915 1.2776362 1.2994310 1.2425170 1.2349404 1.1778301 1.2722797 1.2680390 1.2517372 1.2890272 1.2640260 1.2153223 1.2486919 1.2288457 1.2405331 1.2544946 1.1936264 1.1372851 1.2435952 1.1528446 2.8596519 2.2614760 2.3068424 2.3460372 
85_BC.CN.14.14CN_SCYB4.KU992932        1.1783569 0.7416750 0.4005343 0.0000000 0.4989507 0.5779683 0.5178039 0.5425201 0.5008158 0.5324358 0.4822379 0.4891710 0.5082395 0.4593088 0.4480576 0.4962013 0.4886938 0.5139076 1.0264271 1.1565338 1.1291283 1.1057995 1.0680412 1.0040737 1.0878642 1.1443063 1.0538907 0.7453550 0.8817688 0.8983102 1.1540718 1.0549504 0.9961345 1.0050752 0.9566709 1.0003898 0.9740645 0.9554544 0.9670004 0.8519946 0.8266513 0.8164606 0.8620808 0.8107986 0.8607385 0.8012293 0.8586403 0.8244550 0.9472614 1.0213748 1.0290295 0.9454076 0.9739328 0.9837302 0.9700070 0.9749127 1.0212510 1.5552087 1.3123105 1.2874859 1.2923863 1.2878412 1.2348175 1.2479254 1.2645375 1.1904341 1.2711315 1.2505825 1.2232966 1.2265217 1.2543919 1.2161624 1.2270390 1.2138239 1.2671258 1.2208608 1.2045687 1.2553427 1.2420897 1.2031373 1.1952578 1.1342760 1.2353291 1.2297653 1.2083910 1.2300007 1.2004527 1.1778634 1.1978056 1.2105758 1.2264737 1.2288653 1.1503999 1.0982132 1.2234508 1.1170899 2.8369757 2.3322555 2.3071026 2.3435974 
C.GB.14.13659_1_48.3.MF109437          1.1344707 0.7043954 0.5331885 0.4989507 0.0000000 0.5462264 0.4763570 0.4999267 0.4634311 0.4924672 0.4523768 0.4548020 0.4820218 0.4192702 0.4172697 0.4619774 0.4479976 0.4698729 1.0209280 1.1404817 1.1320236 1.1019053 1.0584093 1.0069165 1.0608550 1.1325830 1.0372063 0.6958134 0.8700895 0.8479983 1.1022175 1.0341243 0.9407207 0.9367972 0.9283580 0.9670996 0.9441659 0.9152836 0.9018447 0.8008761 0.8030680 0.8049433 0.8093846 0.7864738 0.8277530 0.7928150 0.8561277 0.7951727 0.9319305 0.9872816 1.0207231 0.8871703 0.9126925 0.9635942 0.9351723 0.9627596 0.9690885 1.5025106 1.2825905 1.2490510 1.2796274 1.2009767 1.2085510 1.2199934 1.2465638 1.1321365 1.2275582 1.2425932 1.1876394 1.1873952 1.2509652 1.2024785 1.2114572 1.1884932 1.2477866 1.2195422 1.2008488 1.2581026 1.2117929 1.1745498 1.1590505 1.1299307 1.2634267 1.2182011 1.1742154 1.2388727 1.2011609 1.1564480 1.1931324 1.1782960 1.1848332 1.1847262 1.1195533 1.0769807 1.1497719 1.1022318 2.7458098 2.2896401 2.2219888 2.2661470 
C.SE.09.035ZA.MF373148                 1.1207083 0.6588688 0.5855385 0.5779683 0.5462264 0.0000000 0.4201485 0.4889293 0.4446351 0.4708537 0.4311948 0.4655015 0.4882020 0.4434941 0.4316251 0.4707176 0.4862321 0.4885861 0.9954411 1.0873245 1.1276983 1.0511347 1.0125843 0.9698099 0.9971200 1.0854471 1.0239780 0.6749061 0.8166732 0.8147756 1.0895607 0.9864127 0.9054892 0.9056980 0.8853969 0.9059750 0.9122939 0.8696924 0.8571596 0.7796055 0.7698595 0.7784245 0.7843884 0.7526323 0.7904913 0.7615125 0.7996360 0.7470653 0.9050669 0.9322434 0.9643602 0.8957463 0.9068290 0.9130595 0.9052365 0.9184754 0.9362436 1.4813778 1.2123043 1.2444736 1.2087492 1.2172057 1.1902649 1.2118888 1.2065828 1.1087618 1.1920629 1.2089269 1.1653673 1.1696334 1.2394093 1.1585000 1.1754394 1.1559473 1.1958586 1.2037857 1.1790817 1.1904710 1.1962289 1.1549448 1.1249489 1.0623502 1.2018373 1.1911084 1.1644675 1.1969458 1.1957703 1.1264263 1.1453127 1.1419823 1.1755717 1.1466862 1.0993793 1.0398403 1.1264682 1.0564413 2.7780645 2.2458650 2.1606660 2.2322926 
C.IL.99.99ET14.AY255825                1.0506865 0.6060388 0.5319708 0.5178039 0.4763570 0.4201485 0.0000000 0.4221107 0.3765328 0.4109091 0.3674146 0.4190536 0.4343066 0.3801014 0.3782011 0.4168976 0.4238212 0.4333405 0.9003864 0.9924096 0.9872708 0.9738027 0.9197592 0.8899063 0.9001655 0.9919648 0.9416307 0.5953663 0.7587409 0.7595406 1.0194614 0.9240355 0.8357404 0.8504307 0.8356095 0.8542378 0.8547090 0.8095874 0.8008897 0.7088419 0.6894041 0.6845889 0.7184771 0.6731707 0.7121347 0.6617276 0.7279586 0.6875863 0.8174002 0.8820953 0.8746354 0.8072604 0.8160786 0.8434618 0.8334440 0.8173293 0.8603530 1.4075869 1.1803442 1.1724980 1.1591281 1.1434143 1.1288628 1.1262560 1.1434905 1.0685970 1.1349761 1.1184211 1.1197185 1.1195285 1.1790482 1.1068798 1.1118246 1.0882443 1.1757165 1.1365524 1.1165326 1.1561427 1.1228904 1.0767015 1.0745316 1.0452280 1.1496645 1.1292785 1.1045702 1.1474372 1.1139278 1.0705141 1.0899508 1.0801757 1.1287599 1.0917018 1.0376185 0.9894460 1.0322043 1.0035515 2.7307353 2.0994667 2.0798941 2.1245231 
C.ZA.04.04ZASK170B1.DQ093595           1.1104058 0.6615098 0.5654595 0.5425201 0.4999267 0.4889293 0.4221107 0.0000000 0.3613578 0.3525404 0.3142810 0.4380126 0.4472782 0.4027590 0.3908780 0.4266002 0.4496419 0.4622388 0.9450511 1.0601618 1.0460245 1.0278944 0.9743332 0.9333595 0.9605041 1.0707156 0.9973555 0.6399876 0.8084491 0.8083571 1.0401332 0.9613241 0.9142824 0.8727793 0.8755988 0.8858439 0.8727728 0.8553253 0.8506505 0.7366853 0.7261566 0.7287892 0.7464909 0.7325176 0.7575334 0.7335286 0.7846212 0.7350726 0.8530454 0.9216447 0.9354456 0.8326205 0.8688748 0.8760993 0.8719477 0.8677952 0.9299271 1.4233660 1.2469048 1.2336604 1.1836198 1.2019038 1.1957584 1.1712694 1.1826960 1.0748189 1.1831724 1.2023022 1.1586347 1.1694231 1.2169569 1.1875203 1.1537998 1.1355464 1.2256814 1.1884693 1.1476342 1.2062817 1.1734995 1.1501595 1.1256667 1.0636273 1.1794333 1.1958210 1.1571367 1.1982058 1.1595133 1.1173768 1.1361428 1.1238826 1.1744097 1.1325352 1.0626041 1.0030947 1.0975471 1.0659095 2.7468242 2.2068019 2.1364038 2.1908268 
C.ZA.03.03ZAPS067MB2.DQ396389          1.0485622 0.5946263 0.5104743 0.5008158 0.4634311 0.4446351 0.3765328 0.3613578 0.0000000 0.3552403 0.3114732 0.4032274 0.4233024 0.3685542 0.3475194 0.3902387 0.3973938 0.4132232 0.9177986 0.9955015 1.0391283 0.9970984 0.9317397 0.9076795 0.9313903 1.0269585 0.9763638 0.6067024 0.7659916 0.7608275 1.0208720 0.9259491 0.8668680 0.8461921 0.8477945 0.8612681 0.8549311 0.8192725 0.8187642 0.6975286 0.6869018 0.6782952 0.7055142 0.6774921 0.7041303 0.6744850 0.7388907 0.6756717 0.8123677 0.8790975 0.8784965 0.8031905 0.8221840 0.8347025 0.8191380 0.8305334 0.8853916 1.4378887 1.1783273 1.1933016 1.1514985 1.1559455 1.1297285 1.1489831 1.1403369 1.0331742 1.1332933 1.1357571 1.1077464 1.0979883 1.1796650 1.1258121 1.1403849 1.0834334 1.1493280 1.1290085 1.0838572 1.1527729 1.1574552 1.0884611 1.0630196 1.0289437 1.1355413 1.1197064 1.0968906 1.1280460 1.1343345 1.0753893 1.0774179 1.0674300 1.1171417 1.0988187 1.0267231 0.9481681 1.0380033 1.0084213 2.6304784 2.1201319 2.0732018 2.1201580 
C.TZ.02.CO6721.AY734560                1.1087734 0.6012985 0.5371563 0.5324358 0.4924672 0.4708537 0.4109091 0.3525404 0.3552403 0.0000000 0.2430655 0.4247822 0.4482430 0.3928339 0.3755196 0.4151574 0.4270471 0.4392151 0.9195845 0.9985644 1.0626726 1.0432531 0.9714297 0.9286442 0.9512205 1.0809534 0.9720002 0.6208794 0.7899111 0.8230268 1.0643847 0.9445821 0.8956480 0.8740962 0.8653287 0.9103878 0.9016414 0.8753324 0.8541820 0.7212642 0.7124325 0.6988730 0.7017243 0.6989145 0.7434682 0.7150134 0.7579106 0.7294307 0.8625207 0.8940394 0.9422254 0.8356606 0.8382030 0.8563549 0.8339426 0.8343788 0.8736530 1.4377438 1.2127939 1.1840464 1.1544669 1.1960268 1.1577527 1.1739106 1.1628275 1.0931836 1.1671600 1.1573987 1.1605711 1.1452902 1.2002319 1.1392994 1.1346547 1.1350014 1.1728502 1.1807468 1.1233227 1.2090656 1.1718447 1.1034515 1.0928689 1.0424233 1.1712974 1.1728724 1.1499014 1.1734962 1.1435614 1.0912966 1.1203159 1.1225347 1.1611566 1.1170389 1.0614528 0.9926875 1.0862823 1.0439244 2.6968054 2.1538834 2.1218207 2.1682238 
C.TZ.01.BD39_8.AY253313                1.0373949 0.5808387 0.5086527 0.4822379 0.4523768 0.4311948 0.3674146 0.3142810 0.3114732 0.2430655 0.0000000 0.3909394 0.4175379 0.3535137 0.3401784 0.3830949 0.3924444 0.4000220 0.8961101 0.9666018 1.0186747 0.9669709 0.9254428 0.8874252 0.9119688 1.0113206 0.9254043 0.5892848 0.7255686 0.7436027 1.0025530 0.9140687 0.8634781 0.8447906 0.8182331 0.8517153 0.8433644 0.8245677 0.8025911 0.6767926 0.6667785 0.6751711 0.6786627 0.6687069 0.6799972 0.6536835 0.7238808 0.6880196 0.8030432 0.8532417 0.8832413 0.7964734 0.8022992 0.8214549 0.8269945 0.8161289 0.8576195 1.4132169 1.1757277 1.1572443 1.1282259 1.1398270 1.1396076 1.1647733 1.1325506 1.0402394 1.1397809 1.1414587 1.0945541 1.0894183 1.1552030 1.1214920 1.1207475 1.1003767 1.1722886 1.1503709 1.0687300 1.1314868 1.1346233 1.0639553 1.0695921 1.0108586 1.1422621 1.1206100 1.0977990 1.1276621 1.1060995 1.0774839 1.0733592 1.0553360 1.0903049 1.0935448 1.0031052 0.9706189 1.0543411 0.9811877 2.7254760 2.1342279 2.0428462 2.1188130 
C.BW.98.98BWMC14A3.AF443078            1.0578179 0.6451265 0.5175629 0.4891710 0.4548020 0.4655015 0.4190536 0.4380126 0.4032274 0.4247822 0.3909394 0.0000000 0.3959190 0.3438300 0.3480989 0.3718387 0.3755873 0.3886301 0.9193501 1.0341294 1.0444862 1.0101531 0.9677260 0.9150910 0.9254338 1.0304458 0.9600558 0.6194627 0.7737858 0.7883999 1.0276294 0.9287857 0.8746781 0.8673512 0.8390234 0.8635022 0.8595647 0.8347993 0.8275799 0.7347132 0.7222392 0.6981032 0.7240886 0.7158091 0.7443351 0.7198267 0.7542715 0.7147996 0.8326537 0.8938565 0.9273207 0.8214562 0.8362730 0.8579429 0.8582645 0.8476871 0.8918509 1.4471238 1.1800879 1.1941662 1.1961828 1.1702138 1.1690459 1.1601346 1.1394519 1.0916316 1.1751724 1.1555090 1.1411239 1.1322243 1.1937932 1.1221101 1.1715091 1.1128163 1.1887039 1.1211846 1.1221683 1.1355489 1.1361884 1.1060997 1.1211791 1.0705754 1.1478751 1.1304830 1.1102895 1.1630030 1.1121086 1.0661166 1.1183058 1.0744479 1.1077385 1.1020399 1.0405582 0.9549274 1.0597027 1.0135234 2.7495598 2.2365110 2.1721537 2.2284988 
C.ZA.02.02ZAPS015MB1.DQ369995          1.1078724 0.6655743 0.5308466 0.5082395 0.4820218 0.4882020 0.4343066 0.4472782 0.4233024 0.4482430 0.4175379 0.3959190 0.0000000 0.3092920 0.3662953 0.3961834 0.3930668 0.4151509 0.9955565 1.0601105 1.0890264 1.0293203 1.0302446 0.9390402 0.9750825 1.0854609 1.0162858 0.6469727 0.7909328 0.8317655 1.0889672 0.9675948 0.9147917 0.8988539 0.8666028 0.9102370 0.8854272 0.8756198 0.8712543 0.7445685 0.7521248 0.7472621 0.7640561 0.7485782 0.7638322 0.7279287 0.7866961 0.7475151 0.8545064 0.9560410 0.9449019 0.8571738 0.8720025 0.8744271 0.8966400 0.8907241 0.9196622 1.4808967 1.2326688 1.2250020 1.2100015 1.2155276 1.1904034 1.1876071 1.1819413 1.1055187 1.2001146 1.1936647 1.1676503 1.1754425 1.1897850 1.1298728 1.1756002 1.1413658 1.2069486 1.1802118 1.1692206 1.1779495 1.1756464 1.1373946 1.1326184 1.1005782 1.1804368 1.1492364 1.1451957 1.1765308 1.1443934 1.1292182 1.1657546 1.1273394 1.1757387 1.1236302 1.0508266 1.0132620 1.1191437 1.0470096 2.7919940 2.2069194 2.1555287 2.2143357 
C.ZA.99.99ZALT4.EU293444               1.0647071 0.6061932 0.4671186 0.4593088 0.4192702 0.4434941 0.3801014 0.4027590 0.3685542 0.3928339 0.3535137 0.3438300 0.3092920 0.0000000 0.3067500 0.3428619 0.3397397 0.3569836 0.9136244 1.0048415 1.0340883 0.9789507 0.9542764 0.8948990 0.9058537 1.0369578 0.9869916 0.6076436 0.7375104 0.7677642 1.0292365 0.9228718 0.8621667 0.8579274 0.8379620 0.8442553 0.8547794 0.8290176 0.8323124 0.7152386 0.6949857 0.6903465 0.6966184 0.6869004 0.7068615 0.6838591 0.7320425 0.6797394 0.8025841 0.8800541 0.8880116 0.7820157 0.8146854 0.8071429 0.8182149 0.8255932 0.8813906 1.4109205 1.2004973 1.1672371 1.1586065 1.1666439 1.1323057 1.1436264 1.1252703 1.0675180 1.1535287 1.1374692 1.1214142 1.1162303 1.1630593 1.0862312 1.1428935 1.1015511 1.1687387 1.1586522 1.0908635 1.1679553 1.1488327 1.0957841 1.0816553 1.0302784 1.1365671 1.1601490 1.0955503 1.1237162 1.0840775 1.0789545 1.1116047 1.0947797 1.1138243 1.0980931 1.0404324 0.9559955 1.0645110 1.0037012 2.7340508 2.1288606 2.1029521 2.1310539 
C.BW.00.00BW076820.AF443089            1.0152358 0.5717852 0.4747084 0.4480576 0.4172697 0.4316251 0.3782011 0.3908780 0.3475194 0.3755196 0.3401784 0.3480989 0.3662953 0.3067500 0.0000000 0.3488898 0.3420383 0.3650308 0.8648531 0.9862778 1.0067988 0.9625236 0.9220151 0.8769810 0.9070887 1.0048677 0.9321550 0.5731949 0.7294362 0.7483373 0.9923839 0.9011247 0.8301004 0.8255413 0.8183241 0.8093047 0.8304180 0.8051513 0.7901135 0.6695103 0.6706971 0.6707883 0.6780544 0.6650520 0.6873094 0.6580793 0.7023170 0.6588714 0.8029668 0.8623561 0.8657182 0.7867125 0.8000179 0.7973960 0.7944762 0.8097528 0.8444174 1.3914027 1.1514599 1.1640284 1.1156308 1.1441220 1.1092964 1.1095625 1.1155913 1.0259824 1.1026731 1.1113248 1.0911682 1.0861765 1.1709873 1.0890571 1.0844508 1.0638521 1.1323615 1.1128809 1.0702440 1.1265315 1.1024799 1.0517238 1.0450192 0.9838118 1.1287386 1.1281110 1.0881470 1.1075949 1.0843745 1.0524882 1.0681348 1.0703282 1.0821519 1.0739869 1.0177223 0.9461163 1.0343656 0.9771749 2.7032793 2.0910330 2.0985873 2.1414920 
C.ZA.04.04ZASK135B1.DQ011166           1.0897917 0.6364972 0.5210174 0.4962013 0.4619774 0.4707176 0.4168976 0.4266002 0.3902387 0.4151574 0.3830949 0.3718387 0.3961834 0.3428619 0.3488898 0.0000000 0.3274194 0.3465484 0.9546278 1.0173530 1.0357321 1.0188925 0.9755068 0.9202191 0.9472308 1.0412761 0.9678601 0.6261572 0.7804535 0.7807621 1.0681378 0.9502281 0.8921142 0.8727933 0.8627719 0.8907514 0.8809556 0.8501823 0.8480725 0.7243160 0.7301185 0.7143523 0.7193314 0.7085132 0.7312174 0.6814461 0.7902441 0.7117012 0.8400714 0.9030348 0.8990312 0.8368544 0.8589807 0.8322905 0.8426578 0.8703206 0.8977672 1.4156121 1.2530115 1.2158145 1.1686798 1.1625631 1.1824921 1.1768077 1.1831261 1.0951479 1.1903290 1.1759559 1.1472346 1.1542927 1.1858702 1.1351336 1.1867501 1.1478221 1.1884981 1.1660139 1.1415751 1.1840537 1.1800905 1.1067887 1.1014205 1.0648573 1.1612146 1.1622513 1.1155747 1.1430528 1.1507633 1.1078846 1.1342767 1.1023086 1.1501284 1.1193233 1.0655396 1.0080253 1.0857916 1.0435411 2.8502881 2.2247712 2.2051018 2.2511135 
C.ZA.03.03ZAPS130MB1.DQ275658          1.0921080 0.6314242 0.5208245 0.4886938 0.4479976 0.4862321 0.4238212 0.4496419 0.3973938 0.4270471 0.3924444 0.3755873 0.3930668 0.3397397 0.3420383 0.3274194 0.0000000 0.2864817 0.9304888 1.0255219 1.0673960 1.0241059 1.0002762 0.9284177 0.9676204 1.0752513 0.9753731 0.6277115 0.7907677 0.7882447 1.0586186 0.9731789 0.8963171 0.8819910 0.8761109 0.8812517 0.8941075 0.8637258 0.8635672 0.7339895 0.7211840 0.7155245 0.7330027 0.7070526 0.7418470 0.7110832 0.7538594 0.7261738 0.8413874 0.9017856 0.9084930 0.8298527 0.8608809 0.8530163 0.8540092 0.8609368 0.8794617 1.4352391 1.2441530 1.1986088 1.1719996 1.1810166 1.1601629 1.1673046 1.1657776 1.0814807 1.1574783 1.1489449 1.1100184 1.1116354 1.1801695 1.1617116 1.1435409 1.1034260 1.1764395 1.1402862 1.1279081 1.1683736 1.1627017 1.0780918 1.0884243 1.0351096 1.1438191 1.1317612 1.1232258 1.1290224 1.1285572 1.0802131 1.0973221 1.0818617 1.1178194 1.1056690 1.0476565 0.9929106 1.0768067 1.0234322 2.8503474 2.3127061 2.2886923 2.3315126 
C.ZA.97.97ZA012.AF286227               1.0708300 0.6656538 0.5217938 0.5139076 0.4698729 0.4885861 0.4333405 0.4622388 0.4132232 0.4392151 0.4000220 0.3886301 0.4151509 0.3569836 0.3650308 0.3465484 0.2864817 0.0000000 0.9595830 1.0385776 1.0802090 1.0539338 0.9955449 0.9429724 0.9400782 1.0984523 1.0131505 0.6445775 0.8068218 0.8045488 1.0873415 1.0100966 0.9020325 0.9128456 0.9170231 0.9068799 0.9150093 0.8935379 0.8894523 0.7538681 0.7567832 0.7360296 0.7607526 0.7431174 0.7675761 0.7295538 0.7929615 0.7538012 0.8667425 0.9031420 0.9258489 0.8528897 0.8718280 0.8826666 0.8757442 0.8589656 0.9311839 1.4191579 1.2336525 1.2285593 1.2047593 1.2048716 1.1875504 1.1597159 1.1748886 1.1200491 1.1875758 1.1713773 1.1484808 1.1554266 1.1892077 1.1490441 1.1794798 1.1206884 1.1916542 1.1535145 1.1400326 1.1924258 1.1822884 1.1115549 1.1148896 1.0764407 1.1765379 1.1954589 1.1591115 1.1812313 1.1567139 1.1108455 1.1200914 1.1266778 1.1442146 1.1303809 1.0679981 1.0328427 1.0898037 1.0330938 2.7081777 2.2182822 2.2225909 2.2326910 
H.CF.02.LA25LeMi.KU168279              0.7025130 0.9380577 1.0656717 1.0264271 1.0209280 0.9954411 0.9003864 0.9450511 0.9177986 0.9195845 0.8961101 0.9193501 0.9955565 0.9136244 0.8648531 0.9546278 0.9304888 0.9595830 0.0000000 0.8013874 0.8111570 0.7805577 0.7318378 0.7037535 0.7124612 0.9170769 0.8767935 0.7157798 0.5710354 0.6819785 0.9152218 0.8251158 0.7670127 0.7469036 0.7349197 0.7643377 0.7636591 0.7161091 0.7239489 0.7031761 0.6711432 0.6617576 0.6759095 0.6258365 0.6622849 0.6341963 0.6499432 0.6150581 0.6054313 0.6658264 0.6792247 0.6031632 0.6155550 0.6190575 0.6018942 0.6425026 0.6814738 1.0464876 0.8321974 0.8162742 0.8099501 0.7993729 0.7575447 0.7770519 0.7890255 0.6982112 0.7407138 0.7868490 0.7651638 0.7587641 0.8448888 0.7707345 0.7517874 0.7316797 0.8232308 0.8309583 0.7463175 0.7734922 0.7990372 0.7132277 0.7130830 0.6855934 0.7894198 0.7695377 0.7495252 0.7478380 0.7530316 0.7463263 0.7346903 0.7380575 0.7435008 0.7515705 0.6864250 0.6164746 0.7137344 0.6545829 2.5275039 1.8670732 1.9097730 1.9146251 
06_cpx.SN.97.97SE1078.AJ288981         0.9492437 1.0345956 1.1618959 1.1565338 1.1404817 1.0873245 0.9924096 1.0601618 0.9955015 0.9985644 0.9666018 1.0341294 1.0601105 1.0048415 0.9862778 1.0173530 1.0255219 1.0385776 0.8013874 0.0000000 0.8585924 0.8306016 0.7750528 0.7110006 0.7218729 1.0379644 0.9726192 0.7880237 0.6580070 0.7344944 0.9933369 0.9116907 0.8402030 0.8245730 0.8212542 0.8474406 0.8460314 0.8135250 0.8154109 0.7727392 0.7432165 0.7492084 0.7415143 0.7267606 0.7519219 0.7144973 0.7374446 0.7031202 0.6414549 0.5946978 0.6299173 0.5468931 0.5539492 0.5474105 0.5472299 0.5986424 0.6074115 1.2547138 1.0326036 1.0445642 1.0238212 1.0666860 1.0072854 1.0147396 0.9874068 0.9478241 1.0000792 1.0366456 1.0175728 1.0043866 1.0226336 0.9734730 0.9992738 0.9608923 1.0279982 1.0035515 0.9877133 1.0327894 1.0257001 0.9568002 0.9504216 0.9229575 0.9892144 0.9920823 0.9943322 0.9952462 0.9794478 0.9648455 0.9697662 0.9610190 0.9754236 0.9908032 0.9096292 0.8356928 0.9426680 0.8841204 2.4595984 1.8631257 1.9342992 1.9335414 
BCG.ES.15.100_119.KY496623             0.9432320 1.0752728 1.1502258 1.1291283 1.1320236 1.1276983 0.9872708 1.0460245 1.0391283 1.0626726 1.0186747 1.0444862 1.0890264 1.0340883 1.0067988 1.0357321 1.0673960 1.0802090 0.8111570 0.8585924 0.0000000 0.4132531 0.4925277 0.4071899 0.7605142 1.0627283 0.9838535 0.8234656 0.6681940 0.7677059 1.0157647 0.9429969 0.8729943 0.8512421 0.8800440 0.8580778 0.8656676 0.8331563 0.8397384 0.8005224 0.7858260 0.7665683 0.7810165 0.7476173 0.7986079 0.7264558 0.7598101 0.7048709 0.6528850 0.7141791 0.7148200 0.6460493 0.6608101 0.6570987 0.6529331 0.6887524 0.7211599 1.2695200 1.0923536 1.0513122 1.0775420 1.0569543 1.0046892 1.0326368 1.0587814 0.9717899 1.0026087 1.0591551 1.0284936 1.0308891 1.1018767 1.0047184 1.0192780 0.9602054 1.0955976 1.0673221 1.0158446 1.0633963 1.0832277 1.0002262 0.9933288 0.9460239 1.0177180 1.0207353 1.0124199 1.0120688 1.0288241 0.9971500 0.9933725 0.9947731 1.0145345 1.0283764 0.9394976 0.8630708 0.9581686 0.9395823 2.6157478 2.0163190 1.9280947 1.9380670 
01F2G.CM.02.LT31.JN864056              0.9085002 1.0126883 1.1278855 1.1057995 1.1019053 1.0511347 0.9738027 1.0278944 0.9970984 1.0432531 0.9669709 1.0101531 1.0293203 0.9789507 0.9625236 1.0188925 1.0241059 1.0539338 0.7805577 0.8306016 0.4132531 0.0000000 0.4655476 0.3929647 0.7483878 0.9863527 0.9523642 0.7819077 0.6321394 0.7354984 0.9855601 0.8917658 0.8147804 0.8244593 0.7920850 0.8310573 0.8158627 0.7814174 0.7874484 0.7486280 0.7643153 0.7365615 0.7392698 0.7244738 0.7652290 0.7039376 0.7105643 0.6996607 0.6260859 0.6785038 0.7110830 0.6212422 0.6467555 0.6458424 0.6409081 0.6517806 0.7047597 1.2203057 1.0161468 1.0038371 1.0177228 0.9960785 0.9657471 0.9892586 1.0136598 0.9165950 0.9649398 0.9924267 0.9724735 0.9800663 1.0491485 0.9426998 0.9850020 0.9279044 1.0178612 1.0352978 0.9795595 1.0283085 1.0267040 0.9314148 0.9222574 0.9186947 0.9658169 0.9744127 0.9656899 0.9775263 0.9776748 0.9473184 0.9817576 0.9529269 0.9824464 0.9791899 0.8865270 0.8480720 0.9501768 0.8847545 2.6018149 1.9114164 1.8986638 1.9240384 
G.NG.09.09NG010261.KX389626            0.8994982 0.9623732 1.0435792 1.0680412 1.0584093 1.0125843 0.9197592 0.9743332 0.9317397 0.9714297 0.9254428 0.9677260 1.0302446 0.9542764 0.9220151 0.9755068 1.0002762 0.9955449 0.7318378 0.7750528 0.4925277 0.4655476 0.0000000 0.3432751 0.6830774 0.9602761 0.9246217 0.7451884 0.5943678 0.6866776 0.9732478 0.8378756 0.8050790 0.7790486 0.7590938 0.7907228 0.8066012 0.7584629 0.7616586 0.6975937 0.7033323 0.6707910 0.6861338 0.6666622 0.6979332 0.6499292 0.6665041 0.6416311 0.5699225 0.6246430 0.6394774 0.5558247 0.5920252 0.5920875 0.5867082 0.6228755 0.6434409 1.2086906 1.0028608 0.9773806 0.9666405 0.9800085 0.9521146 0.9731563 0.9802636 0.9143019 0.9448563 0.9790047 0.9674114 0.9545496 1.0081644 0.9449532 0.9595117 0.9131785 1.0344014 0.9839356 0.9362762 0.9831186 0.9833805 0.8973038 0.9086027 0.8742445 0.9505220 0.9531033 0.9472372 0.9701566 0.9564753 0.9093286 0.9549026 0.9366930 0.9547728 0.9695819 0.8805848 0.8176743 0.8922664 0.8462392 2.5620949 1.9821151 1.9088703 1.9271859 
G.NG.92.92NG083_JV10832.U88826         0.8313177 0.9456697 1.0385936 1.0040737 1.0069165 0.9698099 0.8899063 0.9333595 0.9076795 0.9286442 0.8874252 0.9150910 0.9390402 0.8948990 0.8769810 0.9202191 0.9284177 0.9429724 0.7037535 0.7110006 0.4071899 0.3929647 0.3432751 0.0000000 0.6442724 0.9237102 0.8718803 0.6764196 0.5438888 0.6487438 0.9045315 0.7979675 0.7316539 0.7271476 0.7095837 0.7437293 0.7286062 0.6975645 0.6997272 0.6496737 0.6457398 0.6276331 0.6431529 0.6121375 0.6630255 0.5991436 0.6165196 0.5889483 0.5256222 0.5750488 0.5968855 0.5274362 0.5340438 0.5387939 0.5239153 0.5639732 0.5999297 1.1382121 0.9528108 0.9276797 0.9253020 0.9166832 0.8660931 0.8960821 0.9220918 0.8333303 0.8809539 0.9344185 0.9093202 0.8935966 0.9740078 0.8641196 0.8900430 0.8400492 0.9508456 0.9195132 0.8859388 0.9454519 0.9243771 0.8550887 0.8534703 0.8315137 0.8949311 0.8980506 0.8876753 0.8794124 0.8910693 0.8545423 0.8552645 0.8508380 0.8908555 0.8769108 0.7987845 0.7551109 0.8297431 0.7882092 2.4292038 1.8707084 1.8581395 1.8911569 
93_cpx.CD.08.DRC653.MF372651           0.8552303 0.9397313 1.0707502 1.0878642 1.0608550 0.9971200 0.9001655 0.9605041 0.9313903 0.9512205 0.9119688 0.9254338 0.9750825 0.9058537 0.9070887 0.9472308 0.9676204 0.9400782 0.7124612 0.7218729 0.7605142 0.7483878 0.6830774 0.6442724 0.0000000 0.9448089 0.8787314 0.7088020 0.5622773 0.6441733 0.9101922 0.8228732 0.7630235 0.7441052 0.7173983 0.7592960 0.7469422 0.7337152 0.7253581 0.6910557 0.6479427 0.6381152 0.6546235 0.6396913 0.6649785 0.6404313 0.6342846 0.6102310 0.5705674 0.5522121 0.6024171 0.5002671 0.5086188 0.5151050 0.5050795 0.5374125 0.5714125 1.2107474 0.9933419 0.9653126 0.9696614 0.9709952 0.9332830 0.9311871 0.9367831 0.8514609 0.9094143 0.9573929 0.9253526 0.9328597 0.9945583 0.9081458 0.9158029 0.8949910 0.9775218 0.9617790 0.9299965 0.9459589 0.9581430 0.8901426 0.8811273 0.8638436 0.9209679 0.9273943 0.9101092 0.9396754 0.9241651 0.8966709 0.8904654 0.8844609 0.8938438 0.8981858 0.8458225 0.7682026 0.8290503 0.7762398 2.4318045 1.8717101 1.8754580 1.9007864 
01BC.CN.14.BJ.2014.MSM.SP01.KP668994   1.0834567 1.0583308 1.1626427 1.1443063 1.1325830 1.0854471 0.9919648 1.0707156 1.0269585 1.0809534 1.0113206 1.0304458 1.0854609 1.0369578 1.0048677 1.0412761 1.0752513 1.0984523 0.9170769 1.0379644 1.0627283 0.9863527 0.9602761 0.9237102 0.9448089 0.0000000 0.4232712 0.8255658 0.7862546 0.6230491 0.7046571 0.6309492 0.5566988 0.5518430 0.5351930 0.5635955 0.5364579 0.5086953 0.5222395 0.7846087 0.7826167 0.7779868 0.7672475 0.7367258 0.7994547 0.7560966 0.7598177 0.7223225 0.8507246 0.8606976 0.9096968 0.8246855 0.8463121 0.8593218 0.8298635 0.8485458 0.9060213 1.3614807 1.1867822 1.1407200 1.1856303 1.1476977 1.1276530 1.1834909 1.1634776 1.0576484 1.1393907 1.1589903 1.1298034 1.1177600 1.2363563 1.1369979 1.1204725 1.0781340 1.1803093 1.2052276 1.1235206 1.1408145 1.1607738 1.0902331 1.0508727 1.0627166 1.1469214 1.1373203 1.1626154 1.1356609 1.1288213 1.1153185 1.1337434 1.1111125 1.1277734 1.1393162 1.0635860 1.0189632 1.0969068 1.0378360 2.6605516 2.1080461 2.1163050 2.1322955 
0107.CN.15.HB041501.KY019257           1.0232026 1.0065674 1.1104493 1.0538907 1.0372063 1.0239780 0.9416307 0.9973555 0.9763638 0.9720002 0.9254043 0.9600558 1.0162858 0.9869916 0.9321550 0.9678601 0.9753731 1.0131505 0.8767935 0.9726192 0.9838535 0.9523642 0.9246217 0.8718803 0.8787314 0.4232712 0.0000000 0.7548923 0.7297181 0.5897520 0.6588982 0.5676441 0.5058468 0.4975031 0.4884830 0.5087340 0.5064076 0.4609833 0.4674079 0.7281928 0.7308963 0.7100101 0.7368756 0.6970902 0.7429974 0.6917816 0.7094457 0.6537283 0.7898377 0.8009681 0.8484772 0.7642452 0.7862509 0.7798568 0.7792052 0.7951417 0.8297142 1.3204065 1.1563255 1.0949132 1.1084844 1.1233255 1.0848767 1.1263082 1.0922402 1.0155506 1.0659506 1.0960249 1.0826929 1.0747646 1.1378500 1.0700827 1.0907249 1.0280886 1.1163093 1.1143437 1.0647032 1.0969737 1.1129661 1.0406844 1.0273721 1.0113849 1.1043666 1.0935831 1.1040424 1.0801665 1.0811002 1.0529844 1.0743812 1.0477492 1.0560204 1.0694567 1.0033830 0.9573299 1.0174882 0.9531864 2.6355987 2.1662051 2.1077255 2.1735168 
A1C.UG.99.99UGF25926.AF484491          0.8633934 0.6174028 0.7758304 0.7453550 0.6958134 0.6749061 0.5953663 0.6399876 0.6067024 0.6208794 0.5892848 0.6194627 0.6469727 0.6076436 0.5731949 0.6261572 0.6277115 0.6445775 0.7157798 0.7880237 0.8234656 0.7819077 0.7451884 0.6764196 0.7088020 0.8255658 0.7548923 0.0000000 0.5329458 0.5563238 0.8201963 0.6877552 0.6370276 0.6288336 0.6106752 0.6324142 0.6293063 0.6015405 0.5917862 0.4999609 0.4874746 0.4833403 0.4980825 0.4668593 0.5129315 0.4642408 0.5217938 0.4950165 0.6027864 0.6590853 0.6847694 0.5835235 0.6212930 0.6130356 0.6018968 0.6165408 0.6547422 1.1971730 0.9810786 0.9472788 0.9566127 0.9329028 0.9007494 0.9306242 0.9312409 0.8314356 0.9097406 0.9335069 0.8844282 0.9159885 0.9541553 0.8978208 0.8934265 0.8883545 0.9563293 0.9287480 0.8890366 0.9366225 0.8919286 0.8594942 0.8555765 0.8246945 0.9408914 0.9101572 0.9119484 0.9235192 0.8812858 0.8656309 0.8875270 0.8783444 0.8739143 0.8708896 0.8161532 0.7516536 0.8297752 0.7917261 2.5064089 1.8879474 1.8294596 1.9251177 
45_cpx.CD.97.97CD_MBFE185.FN392874     0.7324314 0.7907644 0.9100195 0.8817688 0.8700895 0.8166732 0.7587409 0.8084491 0.7659916 0.7899111 0.7255686 0.7737858 0.7909328 0.7375104 0.7294362 0.7804535 0.7907677 0.8068218 0.5710354 0.6580070 0.6681940 0.6321394 0.5943678 0.5438888 0.5622773 0.7862546 0.7297181 0.5329458 0.0000000 0.4956573 0.7643963 0.6719217 0.5999294 0.5842213 0.5710263 0.5845291 0.5803576 0.5551401 0.5704759 0.5082062 0.5026629 0.4979484 0.4912601 0.4673063 0.5179147 0.4663698 0.4916188 0.4477652 0.4785220 0.5157267 0.5420493 0.4628498 0.4912653 0.4596178 0.4522271 0.4814290 0.5318385 1.0685203 0.8202475 0.8233513 0.8003068 0.8066358 0.7805723 0.7822065 0.8095668 0.7044316 0.7789587 0.8043395 0.7770577 0.7652974 0.8227264 0.7746568 0.7778539 0.7440284 0.8070748 0.8073479 0.7844367 0.8059523 0.7991051 0.7262033 0.7227907 0.7064217 0.7812441 0.7739862 0.7668949 0.7762821 0.7665738 0.7414712 0.7476638 0.7579646 0.7567702 0.7512679 0.6986553 0.6493717 0.7074146 0.6639376 2.3682068 1.7738775 1.7937461 1.8120535 
22_01A1.CM.02.02CM_1867LE.AY371165     0.8098094 0.7918209 0.9216789 0.8983102 0.8479983 0.8147756 0.7595406 0.8083571 0.7608275 0.8230268 0.7436027 0.7883999 0.8317655 0.7677642 0.7483373 0.7807621 0.7882447 0.8045488 0.6819785 0.7344944 0.7677059 0.7354984 0.6866776 0.6487438 0.6441733 0.6230491 0.5897520 0.5563238 0.4956573 0.0000000 0.6191769 0.5348605 0.4621366 0.4610989 0.4392803 0.4602696 0.4456811 0.4193410 0.4255942 0.5156493 0.4951452 0.4845404 0.4937614 0.4804347 0.5100356 0.4767298 0.4588923 0.4338563 0.5658828 0.6130893 0.6326852 0.5409914 0.5704206 0.5772526 0.5545042 0.5826048 0.6152811 1.1201181 0.9048825 0.8943913 0.9099134 0.8977944 0.8982950 0.8848578 0.8753992 0.7956089 0.8728009 0.8930260 0.8754338 0.8617437 0.9202082 0.8638489 0.8444816 0.8328854 0.8968092 0.8939310 0.8590163 0.8689532 0.8785853 0.8283020 0.7893914 0.7961977 0.8569169 0.8676068 0.8430089 0.8467567 0.8671811 0.8347324 0.8424979 0.8410495 0.8508440 0.8306884 0.7705275 0.7065836 0.7738338 0.7088176 2.4387290 1.8056795 1.8226877 1.9009850 
69_01B.JP.05.05JPMYC113SP420.LC027100  1.0785732 1.0390283 1.1805133 1.1540718 1.1022175 1.0895607 1.0194614 1.0401332 1.0208720 1.0643847 1.0025530 1.0276294 1.0889672 1.0292365 0.9923839 1.0681378 1.0586186 1.0873415 0.9152218 0.9933369 1.0157647 0.9855601 0.9732478 0.9045315 0.9101922 0.7046571 0.6588982 0.8201963 0.7643963 0.6191769 0.0000000 0.4890453 0.4300577 0.4102240 0.3998804 0.4152678 0.3942616 0.3615129 0.3684367 0.7723236 0.7607823 0.7475420 0.7688852 0.7479207 0.7723755 0.7323732 0.7379726 0.6940909 0.8304993 0.8394223 0.8973028 0.8126745 0.8108266 0.8190404 0.8030586 0.8191111 0.8735267 1.3531290 1.1494617 1.1408617 1.1511258 1.1637310 1.1081555 1.1136132 1.1209999 1.0243917 1.0985827 1.1627089 1.1030216 1.1073413 1.1828778 1.1102210 1.0944702 1.0355365 1.1575179 1.1604128 1.0843783 1.1231790 1.1404669 1.0646222 1.0340322 1.0361367 1.1115616 1.0998913 1.1103959 1.0741101 1.0985337 1.0859038 1.1109515 1.0939211 1.0923321 1.0999323 1.0074912 0.9921841 1.0208868 0.9578893 2.6397789 2.0745542 2.1448958 2.1621383 
01BC.CN.13.SZ95LS8027.KX379000         0.9959314 0.9503691 1.0715752 1.0549504 1.0341243 0.9864127 0.9240355 0.9613241 0.9259491 0.9445821 0.9140687 0.9287857 0.9675948 0.9228718 0.9011247 0.9502281 0.9731789 1.0100966 0.8251158 0.9116907 0.9429969 0.8917658 0.8378756 0.7979675 0.8228732 0.6309492 0.5676441 0.6877552 0.6719217 0.5348605 0.4890453 0.0000000 0.3518369 0.3238501 0.3146970 0.3346163 0.3135714 0.2831447 0.2871060 0.6936517 0.6652428 0.6558403 0.6731456 0.6272127 0.6719279 0.6323147 0.6122689 0.5926043 0.7161402 0.7520363 0.7883830 0.7048132 0.7321769 0.7088930 0.7046642 0.7145297 0.7739417 1.2828175 1.0959649 1.0858703 1.0672983 1.0504892 1.0126497 1.0391461 1.0348124 0.9573375 1.0132298 1.0600096 1.0206544 1.0221971 1.0840619 1.0245515 1.0494698 0.9815367 1.0946083 1.0406045 1.0182463 1.0356030 1.0573288 0.9856522 0.9859384 0.9523029 1.0464878 1.0253712 1.0063568 1.0143409 1.0317129 0.9942484 1.0131475 0.9988164 1.0148874 1.0138723 0.9460619 0.9179624 0.9705387 0.9227556 2.5779124 1.9794645 2.0338993 2.0161313 
01_AE.CN.07.07CNYN343.KF835528         0.9210454 0.8730175 1.0261120 0.9961345 0.9407207 0.9054892 0.8357404 0.9142824 0.8668680 0.8956480 0.8634781 0.8746781 0.9147917 0.8621667 0.8301004 0.8921142 0.8963171 0.9020325 0.7670127 0.8402030 0.8729943 0.8147804 0.8050790 0.7316539 0.7630235 0.5566988 0.5058468 0.6370276 0.5999294 0.4621366 0.4300577 0.3518369 0.0000000 0.2786876 0.2553584 0.2842839 0.2649075 0.2368655 0.2388881 0.6112616 0.6016653 0.5848571 0.6021977 0.5647015 0.6107837 0.5790366 0.5660891 0.5260694 0.6520313 0.6878795 0.7183050 0.6369663 0.6757844 0.6508776 0.6444593 0.6593325 0.6889968 1.1891096 1.0180786 1.0032727 1.0074949 0.9914793 0.9492593 0.9824972 0.9785427 0.8863352 0.9420927 0.9962792 0.9424304 0.9390209 1.0036595 0.9191631 0.9547223 0.8895509 0.9790564 0.9567582 0.9283802 0.9827697 0.9661162 0.9165829 0.8809078 0.8949248 0.9534936 0.9370590 0.9372056 0.9532949 0.9653522 0.9170062 0.9438108 0.9136805 0.9404133 0.9299878 0.8588842 0.8285466 0.8981252 0.8296874 2.4842611 1.8859815 1.8966847 1.9651126 
01_AE.CN.07.07CNYN326.KF835513         0.9009448 0.8693250 1.0027893 1.0050752 0.9367972 0.9056980 0.8504307 0.8727793 0.8461921 0.8740962 0.8447906 0.8673512 0.8988539 0.8579274 0.8255413 0.8727933 0.8819910 0.9128456 0.7469036 0.8245730 0.8512421 0.8244593 0.7790486 0.7271476 0.7441052 0.5518430 0.4975031 0.6288336 0.5842213 0.4610989 0.4102240 0.3238501 0.2786876 0.0000000 0.2471191 0.2575961 0.2327852 0.2081451 0.2171293 0.6060185 0.5899598 0.5674507 0.5880311 0.5625784 0.6039250 0.5565061 0.5469180 0.5286704 0.6627725 0.6828092 0.7183071 0.6336599 0.6523934 0.6414550 0.6309888 0.6465552 0.6904593 1.1919829 0.9944047 1.0199755 0.9977912 0.9850690 0.9641581 0.9779569 0.9740676 0.8863073 0.9383656 0.9839734 0.9554271 0.9543421 1.0197810 0.9287793 0.9609152 0.9008269 0.9947947 0.9712655 0.9224013 0.9762995 0.9461988 0.9054429 0.8939785 0.8653580 0.9531037 0.9395966 0.9457740 0.9445859 0.9281692 0.9334467 0.9230897 0.9064835 0.9595902 0.9265941 0.8560871 0.8070300 0.8653764 0.8145472 2.5205176 1.9045856 1.9690775 1.9398413 
01_AE.TH.05.AA101a_WG1.JX447936        0.9010449 0.8490852 0.9661192 0.9566709 0.9283580 0.8853969 0.8356095 0.8755988 0.8477945 0.8653287 0.8182331 0.8390234 0.8666028 0.8379620 0.8183241 0.8627719 0.8761109 0.9170231 0.7349197 0.8212542 0.8800440 0.7920850 0.7590938 0.7095837 0.7173983 0.5351930 0.4884830 0.6106752 0.5710263 0.4392803 0.3998804 0.3146970 0.2553584 0.2471191 0.0000000 0.2523632 0.2368998 0.2052760 0.2114709 0.6041227 0.5574485 0.5565509 0.5736828 0.5329330 0.5794889 0.5500344 0.5282716 0.5135860 0.6344950 0.6669320 0.7110260 0.6136812 0.6467812 0.6357592 0.6183351 0.6376797 0.6675206 1.2174959 0.9858900 0.9846654 1.0073179 0.9837893 0.9551942 0.9794217 0.9613163 0.8767420 0.9507059 0.9848572 0.9451823 0.9400413 1.0022291 0.9125172 0.9630412 0.8857620 1.0044321 0.9776462 0.9293861 0.9700284 0.9486628 0.9173019 0.8928328 0.8757127 0.9258996 0.9446117 0.9306895 0.9410133 0.9325149 0.9232432 0.9263887 0.9098243 0.9353845 0.9218714 0.8520647 0.7954910 0.8586311 0.7964035 2.5530684 1.9080743 1.9182844 1.8993930 
01_AE.CN.07.GX070143.JX112835          0.9159828 0.8879100 1.0373099 1.0003898 0.9670996 0.9059750 0.8542378 0.8858439 0.8612681 0.9103878 0.8517153 0.8635022 0.9102370 0.8442553 0.8093047 0.8907514 0.8812517 0.9068799 0.7643377 0.8474406 0.8580778 0.8310573 0.7907228 0.7437293 0.7592960 0.5635955 0.5087340 0.6324142 0.5845291 0.4602696 0.4152678 0.3346163 0.2842839 0.2575961 0.2523632 0.0000000 0.2440039 0.2040885 0.2074813 0.6173684 0.5814391 0.5736365 0.5818056 0.5620498 0.6058414 0.5645684 0.5454666 0.5349479 0.6613606 0.6882507 0.7194362 0.6495499 0.6610840 0.6448532 0.6430706 0.6455748 0.7045655 1.2107460 0.9973270 0.9971217 1.0069374 0.9970488 0.9838871 0.9656996 0.9862944 0.9015383 0.9470242 0.9826566 0.9679881 0.9533406 1.0218024 0.9466561 0.9789302 0.9175457 1.0029619 0.9814029 0.9523450 0.9906968 0.9789236 0.8994594 0.9169309 0.8895164 0.9622880 0.9683405 0.9653940 0.9562049 0.9601910 0.9537997 0.9260596 0.9385149 0.9545231 0.9369216 0.8851071 0.8162140 0.8975708 0.8158583 2.5302193 1.9273280 1.9242221 1.9257618 
01_AE.TH.07.AA030a04.JX447057          0.9174550 0.8763231 1.0132831 0.9740645 0.9441659 0.9122939 0.8547090 0.8727728 0.8549311 0.9016414 0.8433644 0.8595647 0.8854272 0.8547794 0.8304180 0.8809556 0.8941075 0.9150093 0.7636591 0.8460314 0.8656676 0.8158627 0.8066012 0.7286062 0.7469422 0.5364579 0.5064076 0.6293063 0.5803576 0.4456811 0.3942616 0.3135714 0.2649075 0.2327852 0.2368998 0.2440039 0.0000000 0.2002093 0.2040136 0.5977872 0.5866876 0.5554908 0.5889632 0.5424741 0.5917658 0.5534796 0.5429568 0.5297052 0.6571406 0.6720080 0.7257838 0.6260828 0.6512724 0.6242308 0.6282015 0.6566538 0.7003499 1.1916181 0.9984190 0.9932360 1.0287309 0.9982195 0.9519673 0.9541327 0.9738971 0.8738456 0.9646884 0.9770817 0.9416093 0.9455244 0.9924116 0.9373629 0.9760679 0.9044539 0.9869999 0.9953292 0.9233030 0.9773000 0.9716647 0.9196474 0.9043455 0.8864516 0.9535642 0.9557215 0.9511675 0.9465295 0.9439696 0.9298797 0.9478980 0.9251500 0.9563998 0.9393698 0.8671915 0.8172855 0.8878995 0.8138153 2.4736828 1.9200259 1.9209214 1.9282122 
01_AE.CN.02.YN0236.JX112866            0.8638408 0.8384980 0.9748327 0.9554544 0.9152836 0.8696924 0.8095874 0.8553253 0.8192725 0.8753324 0.8245677 0.8347993 0.8756198 0.8290176 0.8051513 0.8501823 0.8637258 0.8935379 0.7161091 0.8135250 0.8331563 0.7814174 0.7584629 0.6975645 0.7337152 0.5086953 0.4609833 0.6015405 0.5551401 0.4193410 0.3615129 0.2831447 0.2368655 0.2081451 0.2052760 0.2040885 0.2002093 0.0000000 0.1519400 0.5641991 0.5502231 0.5439430 0.5563345 0.5206014 0.5654459 0.5171717 0.5213314 0.4980325 0.6165103 0.6438157 0.6953139 0.5990144 0.6240342 0.6205255 0.6052642 0.6216624 0.6551824 1.1469195 0.9533278 0.9732466 0.9462681 0.9576790 0.9317041 0.9434780 0.9308758 0.8385507 0.9166284 0.9478284 0.9253453 0.9223448 0.9634818 0.9064327 0.9422532 0.8894709 0.9529961 0.9539472 0.8894025 0.9598831 0.9338424 0.8772180 0.8676185 0.8567893 0.9178714 0.9047181 0.9124507 0.9065713 0.9021975 0.8892781 0.8980582 0.8737557 0.9110925 0.8916019 0.8327577 0.7743183 0.8474463 0.7745879 2.4501816 1.8451972 1.8710528 1.8805129 
