93
RESTV_M.fas-tc_USA_89_Philippines89-Pennsylvania_NC_004161 0.0000000 0.0250580 0.0346454 2.1127998 2.1557282 1.8767695 1.8772544 1.8775827 1.8801952 1.8928272 1.8883216 1.8949271 1.8919301 1.8878790 1.8880746 1.8875337 1.8875337 1.8874882 1.8876552 1.8876552 1.8873623 1.8879753 1.8879543 1.8879543 1.8882534 1.8880332 1.8871988 1.8882683 1.8885463 1.8881140 1.8890771 1.8890771 1.8889972 1.8889972 1.8892753 1.8871988 1.8881942 1.8890358 1.8880201 1.8879869 1.8886213 1.8882207 1.8878898 1.8873697 1.8879257 1.8886637 1.8891894 1.8890869 1.8893626 1.8890516 1.8881500 1.8881500 1.8916094 1.8912643 1.8898701 1.8903752 1.8870357 1.8870357 1.8875512 1.8875512 1.8869284 1.8881922 1.8875506 1.8877249 1.8871551 1.8863145 1.8854752 1.8876227 1.8856095 1.8859083 1.8839470 1.8839470 1.8851267 1.8850813 1.8856929 1.8870880 1.8903352 1.8891222 1.8877591 1.8898000 1.8889958 1.8863159 1.8887099 1.8875643 1.8891610 1.8903986 1.8874790 1.8840222 1.8840222 1.8868852 1.8841559 1.9193108 1.9192643 
RESTV_S.dom-tc_PHL_08_Reston08-A_FJ621583                  0.0250580 0.0000000 0.0512482 2.1184728 2.1719475 1.8831399 1.8832087 1.8835394 1.8861599 1.9016963 1.8959270 1.9024987 1.8994081 1.8995455 1.8997435 1.8991956 1.8991956 1.8991497 1.8993177 1.8993177 1.8990243 1.8998792 1.8996175 1.8996175 1.8999173 1.9002693 1.8988560 1.8999321 1.9002108 1.8997777 1.9007469 1.9007469 1.9009043 1.9009043 1.9011830 1.8988568 1.8998581 1.9007060 1.8996869 1.8996508 1.9002863 1.8998850 1.8995526 1.8990313 1.8995886 1.8982919 1.9008599 1.9007565 1.9010339 1.9007208 1.8998095 1.8998095 1.9032940 1.9029477 1.9016408 1.9022174 1.8986911 1.8986911 1.8992180 1.8992180 1.8985934 1.8998683 1.8990532 1.8993912 1.8988160 1.8979700 1.8971251 1.8992840 1.8970996 1.8973992 1.8954294 1.8954294 1.8966123 1.8965665 1.8971804 1.8985851 1.9020109 1.9007886 1.8996633 1.9013148 1.9005041 1.8985470 1.9003746 1.8992283 1.9014040 1.9020780 1.8991446 1.8956673 1.8956673 1.8987076 1.8961196 1.9478853 1.9478374 
RESTV_S.dom-xx_PHL_08_Reston08-C_FJ621584                  0.0346454 0.0512482 0.0000000 2.1009367 2.1267504 1.8766822 1.8769135 1.8772413 1.8799280 1.8877816 1.8849924 1.8916320 1.8872794 1.8821709 1.8825365 1.8813298 1.8813298 1.8812846 1.8814510 1.8814510 1.8811585 1.8817705 1.8817495 1.8817495 1.8820480 1.8818280 1.8809977 1.8820630 1.8823405 1.8819089 1.8828682 1.8828682 1.8827901 1.8827901 1.8830676 1.8809973 1.8819889 1.8824102 1.8824831 1.8817817 1.8824152 1.8820151 1.8816852 1.8811661 1.8817212 1.8818853 1.8829801 1.8828781 1.8831526 1.8828430 1.8827700 1.8827700 1.8852972 1.8850468 1.8836569 1.8841592 1.8808357 1.8808357 1.8820146 1.8820146 1.8813930 1.8826507 1.8813463 1.8815186 1.8809521 1.8801148 1.8792790 1.8807498 1.8792538 1.8795521 1.8781661 1.8781661 1.8787738 1.8787287 1.8787638 1.8807276 1.8841224 1.8828212 1.8817256 1.8834283 1.8826282 1.8801143 1.8825039 1.8807837 1.8829515 1.8845829 1.8819430 1.8800405 1.8800405 1.8817676 1.8788039 1.9461177 1.9460701 
TAFV_H.sap-tc_CIV_94_Pauleoula-CI_NC_014372                2.1127998 2.1184728 2.1009367 0.0000000 0.8173775 1.3860963 1.3863560 1.3875411 1.3874581 1.4039217 1.4040171 1.4091033 1.4012914 1.4064306 1.4069853 1.4057544 1.4057544 1.4055132 1.4058453 1.4058453 1.4057544 1.4064826 1.4060866 1.4060866 1.4061124 1.4062835 1.4064149 1.4056636 1.4058896 1.4057729 1.4064334 1.4064334 1.4059737 1.4059737 1.4061997 1.4070094 1.4060866 1.4069550 1.4067509 1.4048353 1.4058636 1.4067003 1.4058569 1.4057294 1.4053966 1.4070265 1.4067220 1.4076285 1.4065760 1.4040857 1.4053577 1.4053577 1.4076624 1.4076106 1.4074862 1.4088753 1.4063427 1.4063427 1.4061998 1.4061998 1.4064885 1.4077863 1.4053633 1.4050578 1.4058074 1.4064070 1.4075541 1.4065617 1.4055326 1.4060875 1.4045466 1.4045466 1.4075547 1.4073132 1.4087545 1.4095765 1.4045693 1.4076141 1.4069008 1.4058096 1.4067615 1.4044011 1.4042435 1.4064306 1.4067865 1.4073060 1.4083909 1.4044048 1.4044048 1.4057772 1.4060552 2.2290015 2.2289408 
BDBV_H.sap-xx_COD_12_EboBund-122_KC545395                  2.1557282 2.1719475 2.1267504 0.8173775 0.0000000 1.3451111 1.3453922 1.3464086 1.3464333 1.3657196 1.3660642 1.3697449 1.3610844 1.3711893 1.3716706 1.3721009 1.3721009 1.3719477 1.3723426 1.3723426 1.3722522 1.3720434 1.3721159 1.3721159 1.3722691 1.3717849 1.3724361 1.3716942 1.3719199 1.3718046 1.3724558 1.3724558 1.3724024 1.3724024 1.3726281 1.3719743 1.3725833 1.3734291 1.3728987 1.3716170 1.3714049 1.3718655 1.3728595 1.3719120 1.3718961 1.3725514 1.3730548 1.3740104 1.3722530 1.3727971 1.3733053 1.3733053 1.3726599 1.3724818 1.3722765 1.3734895 1.3705916 1.3705916 1.3716984 1.3716984 1.3722015 1.3736945 1.3734625 1.3743117 1.3743681 1.3748084 1.3753805 1.3731763 1.3715740 1.3722543 1.3714881 1.3714881 1.3737079 1.3734670 1.3739312 1.3733383 1.3689439 1.3731841 1.3724042 1.3711464 1.3721326 1.3734537 1.3721640 1.3735115 1.3733145 1.3737573 1.3718713 1.3718022 1.3718022 1.3744175 1.3743541 2.2578065 2.2577431 
EBOV_H.sap-tc_COD_07_1Luebo_KC242786                       1.8767695 1.8831399 1.8766822 1.3860963 1.3451111 0.0000000 0.0002078 0.0002597 0.0010406 0.0212107 0.0217713 0.0212231 0.0182698 0.0309184 0.0304672 0.0304123 0.0304123 0.0304691 0.0304690 0.0304690 0.0305252 0.0306387 0.0305255 0.0305255 0.0305820 0.0306386 0.0305895 0.0305824 0.0305257 0.0306388 0.0306989 0.0306989 0.0306953 0.0306953 0.0307516 0.0308127 0.0307515 0.0306422 0.0303565 0.0309210 0.0309216 0.0306951 0.0311470 0.0310346 0.0309211 0.0307537 0.0309243 0.0310977 0.0313183 0.0307057 0.0308124 0.0308124 0.0309878 0.0308746 0.0310995 0.0314475 0.0305350 0.0305350 0.0300138 0.0300138 0.0300708 0.0303565 0.0308124 0.0306444 0.0306998 0.0307578 0.0310515 0.0312166 0.0304747 0.0306446 0.0309340 0.0309340 0.0307037 0.0307606 0.0310993 0.0309935 0.0309813 0.0312706 0.0311532 0.0312136 0.0310932 0.0310369 0.0312091 0.0309370 0.0310444 0.0309871 0.0307566 0.0302332 0.0302332 0.0312086 0.0312084 1.9879643 1.9879150 
EBOV_H.sap-tc_COD_07_5Luebo_KC242790                       1.8772544 1.8832087 1.8769135 1.3863560 1.3453922 0.0002078 0.0000000 0.0001558 0.0009364 0.0211006 0.0216610 0.0211129 0.0181606 0.0308053 0.0303542 0.0302993 0.0302993 0.0303562 0.0303560 0.0303560 0.0304123 0.0305257 0.0304125 0.0304125 0.0304690 0.0305256 0.0304765 0.0304694 0.0304127 0.0305258 0.0305859 0.0305859 0.0305823 0.0305823 0.0306386 0.0306997 0.0306384 0.0305291 0.0302435 0.0308080 0.0308085 0.0305821 0.0310339 0.0309215 0.0308080 0.0306407 0.0308112 0.0309846 0.0312051 0.0305926 0.0306993 0.0306993 0.0308746 0.0307615 0.0309863 0.0313342 0.0304220 0.0304220 0.0299010 0.0299010 0.0299580 0.0302436 0.0306994 0.0305313 0.0305867 0.0306447 0.0309383 0.0311034 0.0303617 0.0305315 0.0308209 0.0308209 0.0305906 0.0306475 0.0309862 0.0308803 0.0308682 0.0311574 0.0310401 0.0311005 0.0309800 0.0309237 0.0310959 0.0308238 0.0309313 0.0308740 0.0306435 0.0301204 0.0301204 0.0310954 0.0310952 1.9877012 1.9876519 
EBOV_H.sap-tc_COD_07_M-M_HQ613403                          1.8775827 1.8835394 1.8772413 1.3875411 1.3464086 0.0002597 0.0001558 0.0000000 0.0009886 0.0211572 0.0217177 0.0211694 0.0182165 0.0308641 0.0304129 0.0303580 0.0303580 0.0304149 0.0304147 0.0304147 0.0304710 0.0305844 0.0304712 0.0304712 0.0305277 0.0305843 0.0305352 0.0305281 0.0304714 0.0305846 0.0306446 0.0306446 0.0306411 0.0306411 0.0306974 0.0307584 0.0306972 0.0305879 0.0303022 0.0308667 0.0308673 0.0306409 0.0310927 0.0309803 0.0308668 0.0306994 0.0308700 0.0310434 0.0312640 0.0306514 0.0307581 0.0307581 0.0309335 0.0308203 0.0310452 0.0313931 0.0304807 0.0304807 0.0299596 0.0299596 0.0300166 0.0303023 0.0307581 0.0305901 0.0306455 0.0307035 0.0309972 0.0311623 0.0304204 0.0305903 0.0308797 0.0308797 0.0306494 0.0307063 0.0310450 0.0309391 0.0309270 0.0312163 0.0310989 0.0311593 0.0310389 0.0309826 0.0311548 0.0308826 0.0309901 0.0309328 0.0307023 0.0301790 0.0301790 0.0311543 0.0311540 1.9884129 1.9883635 
EBOV_H.sap-tc_COD_08_034-KS_HQ613402                       1.8801952 1.8861599 1.8799280 1.3874581 1.3464333 0.0010406 0.0009364 0.0009886 0.0000000 0.0219903 0.0225524 0.0218924 0.0190416 0.0317224 0.0312702 0.0312152 0.0312152 0.0312722 0.0312720 0.0312720 0.0313284 0.0314421 0.0313286 0.0313286 0.0313852 0.0314420 0.0313930 0.0313857 0.0313288 0.0314422 0.0315025 0.0315025 0.0314989 0.0314989 0.0315553 0.0316166 0.0315551 0.0314457 0.0311593 0.0317251 0.0317256 0.0314987 0.0319515 0.0318388 0.0317251 0.0315574 0.0317284 0.0319023 0.0321232 0.0315095 0.0316163 0.0316163 0.0317922 0.0316788 0.0319041 0.0322531 0.0313384 0.0313384 0.0308158 0.0308158 0.0308729 0.0311593 0.0316163 0.0314479 0.0315034 0.0315616 0.0318562 0.0320216 0.0312779 0.0314481 0.0317384 0.0317384 0.0315075 0.0315645 0.0319040 0.0317980 0.0317855 0.0320757 0.0319579 0.0320186 0.0318976 0.0318412 0.0320139 0.0317414 0.0318490 0.0317374 0.0315604 0.0310355 0.0310355 0.0320134 0.0320131 1.9907836 1.9907341 
EBOV_H.sap-xx_COD_14_Lomela-Lokolia16_KP271018             1.8928272 1.9016963 1.8877816 1.4039217 1.3657196 0.0212107 0.0211006 0.0211572 0.0219903 0.0000000 0.0013536 0.0085266 0.0119072 0.0351256 0.0346694 0.0346140 0.0346140 0.0346716 0.0346714 0.0346714 0.0347283 0.0348430 0.0347285 0.0347285 0.0347857 0.0348430 0.0347942 0.0347861 0.0347288 0.0347285 0.0347897 0.0347897 0.0349004 0.0349004 0.0349573 0.0349049 0.0349571 0.0348471 0.0345577 0.0350138 0.0350144 0.0349024 0.0351278 0.0350143 0.0348995 0.0349597 0.0350175 0.0351933 0.0353011 0.0349122 0.0349045 0.0349045 0.0351974 0.0350830 0.0351957 0.0355485 0.0349050 0.0349050 0.0342107 0.0342107 0.0342684 0.0345578 0.0350193 0.0347995 0.0350198 0.0350787 0.0352627 0.0354292 0.0347922 0.0349141 0.0352578 0.0352578 0.0350243 0.0350819 0.0354244 0.0352639 0.0350752 0.0352536 0.0353641 0.0354258 0.0353029 0.0352460 0.0353661 0.0352024 0.0352547 0.0350795 0.0349630 0.0343176 0.0343176 0.0353056 0.0351909 2.0041041 2.0040542 
EBOV_H.sap-xx_COD_14_Lomela-Lokolia17_KP271019             1.8883216 1.8959270 1.8849924 1.4040171 1.3660642 0.0217713 0.0216610 0.0217177 0.0225524 0.0013536 0.0000000 0.0090625 0.0124497 0.0355445 0.0350877 0.0350322 0.0350322 0.0350899 0.0350897 0.0350897 0.0351466 0.0352616 0.0351469 0.0351469 0.0352041 0.0352615 0.0352128 0.0352046 0.0351471 0.0351469 0.0352082 0.0352082 0.0353190 0.0353190 0.0353760 0.0353236 0.0353758 0.0352657 0.0349759 0.0354325 0.0354332 0.0353211 0.0355468 0.0354330 0.0353181 0.0353784 0.0354363 0.0356125 0.0357203 0.0353309 0.0353232 0.0353232 0.0356166 0.0355020 0.0356149 0.0359683 0.0353237 0.0353237 0.0346283 0.0346283 0.0346861 0.0349759 0.0354382 0.0352182 0.0354386 0.0354976 0.0356821 0.0358487 0.0352108 0.0353329 0.0356771 0.0356771 0.0354432 0.0355009 0.0358439 0.0356832 0.0354941 0.0356728 0.0357835 0.0358453 0.0357222 0.0356652 0.0357855 0.0356217 0.0356740 0.0356158 0.0353818 0.0347352 0.0347352 0.0357249 0.0356100 2.0045073 2.0044574 
EBOV_H.sap-tc_COD_95_Kikwit-9510621_KR867676               1.8949271 1.9024987 1.8916320 1.4091033 1.3697449 0.0212231 0.0211129 0.0211694 0.0218924 0.0085266 0.0090625 0.0000000 0.0119156 0.0350878 0.0346315 0.0345761 0.0345761 0.0346336 0.0346334 0.0346334 0.0346903 0.0348052 0.0346906 0.0346906 0.0347478 0.0348051 0.0347563 0.0347482 0.0346908 0.0346906 0.0347518 0.0347518 0.0348625 0.0348625 0.0349194 0.0348670 0.0349192 0.0348092 0.0345197 0.0348616 0.0349766 0.0348646 0.0350901 0.0349765 0.0348616 0.0349219 0.0349797 0.0350965 0.0352634 0.0348743 0.0348666 0.0348666 0.0351597 0.0350452 0.0352725 0.0356255 0.0348671 0.0348671 0.0341725 0.0341725 0.0342303 0.0345198 0.0349815 0.0348117 0.0349820 0.0350409 0.0352250 0.0353915 0.0347543 0.0349263 0.0352201 0.0352201 0.0349865 0.0350441 0.0353868 0.0352261 0.0350374 0.0353308 0.0353265 0.0353881 0.0352653 0.0352083 0.0353829 0.0351647 0.0352170 0.0351589 0.0349252 0.0342794 0.0342794 0.0353824 0.0353821 2.0148345 2.0147841 
EBOV_H.sap-tc_COD_77_Bonduni_KC242791                      1.8919301 1.8994081 1.8872794 1.4012914 1.3610844 0.0182698 0.0181606 0.0182165 0.0190416 0.0119072 0.0124497 0.0119156 0.0000000 0.0322766 0.0318240 0.0317690 0.0317690 0.0318260 0.0318258 0.0318258 0.0318823 0.0319420 0.0318825 0.0318825 0.0319392 0.0319960 0.0319471 0.0319396 0.0318827 0.0319963 0.0320567 0.0320567 0.0319988 0.0319988 0.0320553 0.0321709 0.0320551 0.0319997 0.0317130 0.0322793 0.0322799 0.0320527 0.0323925 0.0322798 0.0321659 0.0321116 0.0322827 0.0324569 0.0325643 0.0320637 0.0321121 0.0321121 0.0323467 0.0322332 0.0324587 0.0328081 0.0320572 0.0320572 0.0313692 0.0313692 0.0314263 0.0317131 0.0321706 0.0320020 0.0321710 0.0322292 0.0324109 0.0325764 0.0319452 0.0321157 0.0324064 0.0324064 0.0321751 0.0322322 0.0325721 0.0324120 0.0323399 0.0326304 0.0324583 0.0325733 0.0324521 0.0322822 0.0325685 0.0323513 0.0324035 0.0323460 0.0321146 0.0314757 0.0314757 0.0325680 0.0325059 2.0013955 2.0013457 
EBOV_H.sap-wt_GIN_14_Makona-Gueckedou-EM_080076_KR817235   1.8878790 1.8995455 1.8821709 1.4064306 1.3711893 0.0309184 0.0308053 0.0308641 0.0317224 0.0351256 0.0355445 0.0350878 0.0322766 0.0000000 0.0011434 0.0014571 0.0014571 0.0015092 0.0015092 0.0015092 0.0015614 0.0016657 0.0015614 0.0015614 0.0016135 0.0016657 0.0016139 0.0017179 0.0016657 0.0016657 0.0017181 0.0017181 0.0018222 0.0018222 0.0018744 0.0018225 0.0017700 0.0016659 0.0014050 0.0019266 0.0019266 0.0018223 0.0021354 0.0020310 0.0019266 0.0017701 0.0019267 0.0020836 0.0022921 0.0018228 0.0020312 0.0020312 0.0018749 0.0017706 0.0020837 0.0022933 0.0017181 0.0017181 0.0011954 0.0011954 0.0012485 0.0015092 0.0018224 0.0016660 0.0017181 0.0017703 0.0019276 0.0020840 0.0018225 0.0019791 0.0021362 0.0021362 0.0018227 0.0018749 0.0021882 0.0020842 0.0020315 0.0023451 0.0021358 0.0021882 0.0020833 0.0020311 0.0022924 0.0019796 0.0019271 0.0020838 0.0015616 0.0019270 0.0019270 0.0022924 0.0021879 2.0190312 2.0189807 
EBOV_H.sap-wt_GIN_14_Makona-Gueckedou-EM_079702_KR817210   1.8880746 1.8997435 1.8825365 1.4069853 1.3716706 0.0304672 0.0303542 0.0304129 0.0312702 0.0346694 0.0350877 0.0346315 0.0318240 0.0011434 0.0000000 0.0010394 0.0010394 0.0010914 0.0010914 0.0010914 0.0011445 0.0012487 0.0011445 0.0011445 0.0011966 0.0012487 0.0011969 0.0013008 0.0012487 0.0012487 0.0013009 0.0013009 0.0014050 0.0014050 0.0014572 0.0014052 0.0013529 0.0012488 0.0009874 0.0015093 0.0015093 0.0014051 0.0017179 0.0016136 0.0015093 0.0013530 0.0015094 0.0016661 0.0018745 0.0014055 0.0016138 0.0016138 0.0015619 0.0014576 0.0017705 0.0019799 0.0013009 0.0013009 0.0007794 0.0007794 0.0008314 0.0010914 0.0015095 0.0013531 0.0014052 0.0014574 0.0016145 0.0017707 0.0014053 0.0015617 0.0017186 0.0017186 0.0014054 0.0014575 0.0017705 0.0016666 0.0016140 0.0019272 0.0017182 0.0017706 0.0016658 0.0016137 0.0018747 0.0015621 0.0016141 0.0016662 0.0011446 0.0015096 0.0015096 0.0018747 0.0017703 2.0181524 2.0181019 
EBOV_H.sap-wt_LBR_14_Makona-LIBR0430_KR006955              1.8875337 1.8991956 1.8813298 1.4057544 1.3721009 0.0304123 0.0302993 0.0303580 0.0312152 0.0346140 0.0350322 0.0345761 0.0317690 0.0014571 0.0010394 0.0000000 0.0000010 0.0000519 0.0000519 0.0000519 0.0001039 0.0002078 0.0001039 0.0001039 0.0001558 0.0002078 0.0001558 0.0002597 0.0002078 0.0002078 0.0002597 0.0002597 0.0003636 0.0003636 0.0004156 0.0003636 0.0003117 0.0002078 0.0001558 0.0004676 0.0004676 0.0003636 0.0006755 0.0005715 0.0004676 0.0003117 0.0004676 0.0006235 0.0008314 0.0003636 0.0005715 0.0005715 0.0005195 0.0004156 0.0007274 0.0009354 0.0002597 0.0002597 0.0004676 0.0004676 0.0005195 0.0007794 0.0004676 0.0003117 0.0003636 0.0004156 0.0005715 0.0007274 0.0003636 0.0005195 0.0006755 0.0006755 0.0003636 0.0004156 0.0007274 0.0006235 0.0005715 0.0008834 0.0006755 0.0007274 0.0006235 0.0005715 0.0008314 0.0005195 0.0005715 0.0006235 0.0010394 0.0011968 0.0011968 0.0015616 0.0014573 2.0157261 2.0156757 
EBOV_H.sap-wt_SLE_14_Makona-G3734.1_KM233055               1.8875337 1.8991956 1.8813298 1.4057544 1.3721009 0.0304123 0.0302993 0.0303580 0.0312152 0.0346140 0.0350322 0.0345761 0.0317690 0.0014571 0.0010394 0.0000010 0.0000000 0.0000519 0.0000519 0.0000519 0.0001039 0.0002078 0.0001039 0.0001039 0.0001558 0.0002078 0.0001558 0.0002597 0.0002078 0.0002078 0.0002597 0.0002597 0.0003636 0.0003636 0.0004156 0.0003636 0.0003117 0.0002078 0.0001558 0.0004676 0.0004676 0.0003636 0.0006755 0.0005715 0.0004676 0.0003117 0.0004676 0.0006235 0.0008314 0.0003636 0.0005715 0.0005715 0.0005195 0.0004156 0.0007274 0.0009354 0.0002597 0.0002597 0.0004676 0.0004676 0.0005195 0.0007794 0.0004676 0.0003117 0.0003636 0.0004156 0.0005715 0.0007274 0.0003636 0.0005195 0.0006755 0.0006755 0.0003636 0.0004156 0.0007274 0.0006235 0.0005715 0.0008834 0.0006755 0.0007274 0.0006235 0.0005715 0.0008314 0.0005195 0.0005715 0.0006235 0.0010394 0.0011968 0.0011968 0.0015616 0.0014573 2.0157261 2.0156757 
EBOV_H.sap-wt_LBR_15_Makona-Liberia-DQE4_KR074998          1.8874882 1.8991497 1.8812846 1.4055132 1.3719477 0.0304691 0.0303562 0.0304149 0.0312722 0.0346716 0.0350899 0.0346336 0.0318260 0.0015092 0.0010914 0.0000519 0.0000519 0.0000000 0.0001039 0.0001039 0.0001558 0.0002597 0.0001558 0.0001558 0.0002078 0.0002597 0.0002078 0.0003117 0.0002597 0.0002597 0.0003117 0.0003117 0.0004156 0.0004156 0.0004676 0.0004156 0.0003636 0.0002597 0.0002078 0.0005195 0.0005195 0.0004156 0.0007274 0.0006235 0.0005195 0.0003636 0.0005195 0.0006755 0.0008834 0.0004156 0.0006235 0.0006235 0.0005715 0.0004676 0.0007794 0.0009885 0.0003117 0.0003117 0.0005195 0.0005195 0.0005715 0.0008314 0.0005195 0.0003636 0.0004156 0.0004676 0.0006235 0.0007794 0.0004156 0.0005715 0.0007274 0.0007274 0.0004156 0.0004676 0.0007794 0.0006755 0.0006235 0.0009354 0.0007274 0.0007794 0.0006755 0.0006235 0.0008834 0.0005715 0.0006235 0.0006755 0.0010925 0.0012489 0.0012489 0.0016138 0.0015094 2.0161134 2.0160630 
EBOV_H.sap-wt_SLE_14_Makona-G3799_KM233080                 1.8876552 1.8993177 1.8814510 1.4058453 1.3723426 0.0304690 0.0303560 0.0304147 0.0312720 0.0346714 0.0350897 0.0346334 0.0318258 0.0015092 0.0010914 0.0000519 0.0000519 0.0001039 0.0000000 0.0000010 0.0000519 0.0002597 0.0001558 0.0001558 0.0002078 0.0002597 0.0002078 0.0003117 0.0002597 0.0002597 0.0003117 0.0003117 0.0004156 0.0004156 0.0004676 0.0004156 0.0003636 0.0002597 0.0002078 0.0005195 0.0005195 0.0004156 0.0007274 0.0006235 0.0005195 0.0003636 0.0005195 0.0006755 0.0008834 0.0004156 0.0006235 0.0006235 0.0005715 0.0004676 0.0007794 0.0009885 0.0003117 0.0003117 0.0005195 0.0005195 0.0005715 0.0008314 0.0005195 0.0003636 0.0004156 0.0004676 0.0006235 0.0007794 0.0004156 0.0005715 0.0007274 0.0007274 0.0004156 0.0004676 0.0007794 0.0006755 0.0006235 0.0009354 0.0007274 0.0006755 0.0005715 0.0006235 0.0008834 0.0005715 0.0006235 0.0006755 0.0010925 0.0012489 0.0012489 0.0016138 0.0015094 2.0158543 2.0158039 
EBOV_H.sap-wt_SLE_14_Makona-G3677.2_KM034557               1.8876552 1.8993177 1.8814510 1.4058453 1.3723426 0.0304690 0.0303560 0.0304147 0.0312720 0.0346714 0.0350897 0.0346334 0.0318258 0.0015092 0.0010914 0.0000519 0.0000519 0.0001039 0.0000010 0.0000000 0.0000519 0.0002597 0.0001558 0.0001558 0.0002078 0.0002597 0.0002078 0.0003117 0.0002597 0.0002597 0.0003117 0.0003117 0.0004156 0.0004156 0.0004676 0.0004156 0.0003636 0.0002597 0.0002078 0.0005195 0.0005195 0.0004156 0.0007274 0.0006235 0.0005195 0.0003636 0.0005195 0.0006755 0.0008834 0.0004156 0.0006235 0.0006235 0.0005715 0.0004676 0.0007794 0.0009885 0.0003117 0.0003117 0.0005195 0.0005195 0.0005715 0.0008314 0.0005195 0.0003636 0.0004156 0.0004676 0.0006235 0.0007794 0.0004156 0.0005715 0.0007274 0.0007274 0.0004156 0.0004676 0.0007794 0.0006755 0.0006235 0.0009354 0.0007274 0.0006755 0.0005715 0.0006235 0.0008834 0.0005715 0.0006235 0.0006755 0.0010925 0.0012489 0.0012489 0.0016138 0.0015094 2.0158543 2.0158039 
EBOV_H.sap-wt_SLE_14_Makona-G3788_KM233075                 1.8873623 1.8990243 1.8811585 1.4057544 1.3722522 0.0305252 0.0304123 0.0304710 0.0313284 0.0347283 0.0351466 0.0346903 0.0318823 0.0015614 0.0011445 0.0001039 0.0001039 0.0001558 0.0000519 0.0000519 0.0000000 0.0003117 0.0002078 0.0002078 0.0002597 0.0003117 0.0002597 0.0003636 0.0003117 0.0003117 0.0003636 0.0003636 0.0004676 0.0004676 0.0005195 0.0004676 0.0004156 0.0003117 0.0002597 0.0005715 0.0005715 0.0004676 0.0007794 0.0006755 0.0005715 0.0004156 0.0005715 0.0007274 0.0009354 0.0004676 0.0006755 0.0006755 0.0006235 0.0005195 0.0008314 0.0010406 0.0003636 0.0003636 0.0005715 0.0005715 0.0006235 0.0008834 0.0005715 0.0004156 0.0004676 0.0005195 0.0006755 0.0008314 0.0004676 0.0006235 0.0007794 0.0007794 0.0004676 0.0005195 0.0008314 0.0007274 0.0006755 0.0009874 0.0007794 0.0007274 0.0006235 0.0006755 0.0009354 0.0006235 0.0006755 0.0007274 0.0011446 0.0013010 0.0013010 0.0016659 0.0015616 2.0157261 2.0156757 
EBOV_H.sap-wt_SLE_14_Makona-Kenema-G4702_1_KR105265        1.8879753 1.8998792 1.8817705 1.4064826 1.3720434 0.0306387 0.0305257 0.0305844 0.0314421 0.0348430 0.0352616 0.0348052 0.0319420 0.0016657 0.0012487 0.0002078 0.0002078 0.0002597 0.0002597 0.0002597 0.0003117 0.0000000 0.0001039 0.0001039 0.0001558 0.0002078 0.0001558 0.0002597 0.0002078 0.0002078 0.0002597 0.0002597 0.0001558 0.0001558 0.0002078 0.0003636 0.0003117 0.0002078 0.0003636 0.0004676 0.0004676 0.0003636 0.0006755 0.0005715 0.0004676 0.0003117 0.0004676 0.0006235 0.0008314 0.0003636 0.0005715 0.0005715 0.0005195 0.0004156 0.0007274 0.0009354 0.0002597 0.0002597 0.0006755 0.0006755 0.0007274 0.0009874 0.0006755 0.0005195 0.0005715 0.0006235 0.0007794 0.0009354 0.0005715 0.0007274 0.0008834 0.0008834 0.0005715 0.0006235 0.0009354 0.0008314 0.0005715 0.0008834 0.0004676 0.0009354 0.0008314 0.0007794 0.0008314 0.0007274 0.0007794 0.0008314 0.0012488 0.0014053 0.0014053 0.0017703 0.0016659 2.0155714 2.0155210 
EBOV_H.sap-wt_SLE_14_Makona-G3789.1_KM233076               1.8879543 1.8996175 1.8817495 1.4060866 1.3721159 0.0305255 0.0304125 0.0304712 0.0313286 0.0347285 0.0351469 0.0346906 0.0318825 0.0015614 0.0011445 0.0001039 0.0001039 0.0001558 0.0001558 0.0001558 0.0002078 0.0001039 0.0000000 0.0000010 0.0000519 0.0001039 0.0000519 0.0001558 0.0001039 0.0001039 0.0001558 0.0001558 0.0002597 0.0002597 0.0003117 0.0002597 0.0002078 0.0001039 0.0002597 0.0003636 0.0003636 0.0002597 0.0005715 0.0004676 0.0003636 0.0002078 0.0003636 0.0005195 0.0007274 0.0002597 0.0004676 0.0004676 0.0004156 0.0003117 0.0006235 0.0008314 0.0001558 0.0001558 0.0005715 0.0005715 0.0006235 0.0008834 0.0005715 0.0004156 0.0004676 0.0005195 0.0006755 0.0008314 0.0004676 0.0006235 0.0007794 0.0007794 0.0004676 0.0005195 0.0008314 0.0007274 0.0004676 0.0007794 0.0005715 0.0008314 0.0007274 0.0006755 0.0007274 0.0006235 0.0006755 0.0007274 0.0011446 0.0013010 0.0013010 0.0016659 0.0015616 2.0159964 2.0159460 
EBOV_H.sap-wt_SLE_14_Makona-G3735.2_KM233057               1.8879543 1.8996175 1.8817495 1.4060866 1.3721159 0.0305255 0.0304125 0.0304712 0.0313286 0.0347285 0.0351469 0.0346906 0.0318825 0.0015614 0.0011445 0.0001039 0.0001039 0.0001558 0.0001558 0.0001558 0.0002078 0.0001039 0.0000010 0.0000000 0.0000519 0.0001039 0.0000519 0.0001558 0.0001039 0.0001039 0.0001558 0.0001558 0.0002597 0.0002597 0.0003117 0.0002597 0.0002078 0.0001039 0.0002597 0.0003636 0.0003636 0.0002597 0.0005715 0.0004676 0.0003636 0.0002078 0.0003636 0.0005195 0.0007274 0.0002597 0.0004676 0.0004676 0.0004156 0.0003117 0.0006235 0.0008314 0.0001558 0.0001558 0.0005715 0.0005715 0.0006235 0.0008834 0.0005715 0.0004156 0.0004676 0.0005195 0.0006755 0.0008314 0.0004676 0.0006235 0.0007794 0.0007794 0.0004676 0.0005195 0.0008314 0.0007274 0.0004676 0.0007794 0.0005715 0.0008314 0.0007274 0.0006755 0.0007274 0.0006235 0.0006755 0.0007274 0.0011446 0.0013010 0.0013010 0.0016659 0.0015616 2.0159964 2.0159460 
EBOV_H.sap-wt_SLE_14_Makona-NM042.3_KM233118               1.8882534 1.8999173 1.8820480 1.4061124 1.3722691 0.0305820 0.0304690 0.0305277 0.0313852 0.0347857 0.0352041 0.0347478 0.0319392 0.0016135 0.0011966 0.0001558 0.0001558 0.0002078 0.0002078 0.0002078 0.0002597 0.0001558 0.0000519 0.0000519 0.0000000 0.0001558 0.0001039 0.0002078 0.0001558 0.0001558 0.0002078 0.0002078 0.0003117 0.0003117 0.0003636 0.0003117 0.0002597 0.0001558 0.0003117 0.0004156 0.0004156 0.0003117 0.0006235 0.0005195 0.0004156 0.0002597 0.0004156 0.0005715 0.0007794 0.0003117 0.0005195 0.0005195 0.0004676 0.0003636 0.0006755 0.0008834 0.0002078 0.0002078 0.0006235 0.0006235 0.0006755 0.0009354 0.0006235 0.0004676 0.0005195 0.0005715 0.0007274 0.0008834 0.0005195 0.0006755 0.0008314 0.0008314 0.0005195 0.0005715 0.0008834 0.0007794 0.0005195 0.0008314 0.0006235 0.0008834 0.0007794 0.0007274 0.0007794 0.0006755 0.0007274 0.0007794 0.0011967 0.0013532 0.0013532 0.0017181 0.0016137 2.0163046 2.0162542 
EBOV_H.sap-wt_SLE_14_Makona-G3770.2_KM233070               1.8880332 1.9002693 1.8818280 1.4062835 1.3717849 0.0306386 0.0305256 0.0305843 0.0314420 0.0348430 0.0352615 0.0348051 0.0319960 0.0016657 0.0012487 0.0002078 0.0002078 0.0002597 0.0002597 0.0002597 0.0003117 0.0002078 0.0001039 0.0001039 0.0001558 0.0000000 0.0001558 0.0002597 0.0002078 0.0002078 0.0002597 0.0002597 0.0003636 0.0003636 0.0004156 0.0003636 0.0003117 0.0002078 0.0003636 0.0004676 0.0004676 0.0003636 0.0006755 0.0005715 0.0004676 0.0003117 0.0004676 0.0006235 0.0008314 0.0003636 0.0005715 0.0005715 0.0005195 0.0004156 0.0007274 0.0009354 0.0002597 0.0002597 0.0006755 0.0006755 0.0007274 0.0009874 0.0006755 0.0005195 0.0005715 0.0006235 0.0007794 0.0009354 0.0005715 0.0007274 0.0008834 0.0008834 0.0005715 0.0006235 0.0009354 0.0008314 0.0005715 0.0008834 0.0006755 0.0009354 0.0008314 0.0007794 0.0008314 0.0007274 0.0007794 0.0008314 0.0012488 0.0014053 0.0014053 0.0017703 0.0016659 2.0157261 2.0156757 
EBOV_H.sap-wt_SLE_14_Makona-G3818_KM233092                 1.8871988 1.8988560 1.8809977 1.4064149 1.3724361 0.0305895 0.0304765 0.0305352 0.0313930 0.0347942 0.0352128 0.0347563 0.0319471 0.0016139 0.0011969 0.0001558 0.0001558 0.0002078 0.0002078 0.0002078 0.0002597 0.0001558 0.0000519 0.0000519 0.0001039 0.0001558 0.0000000 0.0002078 0.0001558 0.0001558 0.0002078 0.0002078 0.0003117 0.0003117 0.0003636 0.0003117 0.0002597 0.0001558 0.0003117 0.0004156 0.0004156 0.0003117 0.0006235 0.0005195 0.0004156 0.0002597 0.0004156 0.0005715 0.0007794 0.0003117 0.0005195 0.0005195 0.0004676 0.0003636 0.0006755 0.0008845 0.0002078 0.0002078 0.0006235 0.0006235 0.0006755 0.0009354 0.0006235 0.0004676 0.0005195 0.0005715 0.0007274 0.0008844 0.0005195 0.0006755 0.0008314 0.0008314 0.0005195 0.0005715 0.0008834 0.0007794 0.0005195 0.0008314 0.0006235 0.0008834 0.0007794 0.0007274 0.0007794 0.0006755 0.0007274 0.0007794 0.0011970 0.0013535 0.0013535 0.0017185 0.0016141 2.0148323 2.0147820 
EBOV_H.sap-wt_SLE_14_Makona-J0042_KP759711                 1.8882683 1.8999321 1.8820630 1.4056636 1.3716942 0.0305824 0.0304694 0.0305281 0.0313857 0.0347861 0.0352046 0.0347482 0.0319396 0.0017179 0.0013008 0.0002597 0.0002597 0.0003117 0.0003117 0.0003117 0.0003636 0.0002597 0.0001558 0.0001558 0.0002078 0.0002597 0.0002078 0.0000000 0.0000519 0.0002597 0.0003117 0.0003117 0.0004156 0.0004156 0.0004676 0.0004156 0.0003636 0.0002597 0.0004156 0.0005195 0.0005195 0.0004156 0.0007274 0.0006235 0.0005195 0.0003636 0.0005195 0.0006755 0.0008834 0.0002078 0.0004156 0.0004156 0.0005715 0.0004676 0.0007794 0.0009885 0.0003117 0.0003117 0.0007274 0.0007274 0.0007794 0.0010394 0.0007274 0.0005715 0.0006235 0.0006755 0.0008314 0.0009874 0.0006235 0.0007794 0.0009354 0.0009354 0.0006235 0.0006755 0.0009874 0.0008834 0.0006235 0.0009354 0.0007274 0.0009874 0.0008834 0.0008314 0.0006755 0.0007794 0.0008314 0.0008834 0.0013010 0.0014575 0.0014575 0.0018225 0.0017181 2.0154754 2.0154250 
EBOV_H.sap-wt_SLE_14_Makona-Moyamba-G6103_1_KR105348       1.8885463 1.9002108 1.8823405 1.4058896 1.3719199 0.0305257 0.0304127 0.0304714 0.0313288 0.0347288 0.0351471 0.0346908 0.0318827 0.0016657 0.0012487 0.0002078 0.0002078 0.0002597 0.0002597 0.0002597 0.0003117 0.0002078 0.0001039 0.0001039 0.0001558 0.0002078 0.0001558 0.0000519 0.0000000 0.0002078 0.0002597 0.0002597 0.0003636 0.0003636 0.0004156 0.0003636 0.0003117 0.0002078 0.0003636 0.0004676 0.0004676 0.0003636 0.0006755 0.0005715 0.0004676 0.0003117 0.0004676 0.0006235 0.0008314 0.0001558 0.0003636 0.0003636 0.0005195 0.0004156 0.0007274 0.0009354 0.0002597 0.0002597 0.0006755 0.0006755 0.0007274 0.0009874 0.0006755 0.0005195 0.0005715 0.0006235 0.0007794 0.0009354 0.0005715 0.0007274 0.0008834 0.0008834 0.0005715 0.0006235 0.0009354 0.0008314 0.0005715 0.0008834 0.0006755 0.0009354 0.0008314 0.0007794 0.0006235 0.0007274 0.0007794 0.0008314 0.0012488 0.0014053 0.0014053 0.0017703 0.0016659 2.0157611 2.0157107 
EBOV_H.sap-wt_SLE_14_Makona-G3825.1_KM233098               1.8881140 1.8997777 1.8819089 1.4057729 1.3718046 0.0306388 0.0305258 0.0305846 0.0314422 0.0347285 0.0351469 0.0346906 0.0319963 0.0016657 0.0012487 0.0002078 0.0002078 0.0002597 0.0002597 0.0002597 0.0003117 0.0002078 0.0001039 0.0001039 0.0001558 0.0002078 0.0001558 0.0002597 0.0002078 0.0000000 0.0000519 0.0000519 0.0003636 0.0003636 0.0004156 0.0001558 0.0003117 0.0002078 0.0003636 0.0002597 0.0002597 0.0001558 0.0004676 0.0003636 0.0002597 0.0003117 0.0002597 0.0004156 0.0006235 0.0003636 0.0005715 0.0005715 0.0005195 0.0004156 0.0007274 0.0009354 0.0002597 0.0002597 0.0006755 0.0006755 0.0007274 0.0009874 0.0006755 0.0005195 0.0005715 0.0006235 0.0007794 0.0009354 0.0005715 0.0007274 0.0008834 0.0008834 0.0005715 0.0006235 0.0009354 0.0008314 0.0003636 0.0006755 0.0006755 0.0009354 0.0008314 0.0007794 0.0008314 0.0007274 0.0007794 0.0008314 0.0012488 0.0014053 0.0014053 0.0017703 0.0016659 2.0159964 2.0159460 
EBOV_H.sap-wt_SLE_14_Makona-G5296_1_KR105303               1.8890771 1.9007469 1.8828682 1.4064334 1.3724558 0.0306989 0.0305859 0.0306446 0.0315025 0.0347897 0.0352082 0.0347518 0.0320567 0.0017181 0.0013009 0.0002597 0.0002597 0.0003117 0.0003117 0.0003117 0.0003636 0.0002597 0.0001558 0.0001558 0.0002078 0.0002597 0.0002078 0.0003117 0.0002597 0.0000519 0.0000000 0.0000010 0.0004156 0.0004156 0.0004676 0.0002078 0.0003636 0.0002597 0.0004156 0.0003117 0.0003117 0.0002078 0.0005195 0.0004156 0.0003117 0.0003636 0.0003117 0.0004676 0.0006755 0.0004156 0.0006235 0.0006235 0.0005715 0.0004676 0.0007794 0.0009886 0.0003117 0.0003117 0.0007274 0.0007274 0.0007794 0.0010394 0.0007274 0.0005715 0.0006235 0.0006755 0.0008314 0.0009885 0.0006235 0.0007794 0.0009354 0.0009354 0.0006235 0.0006755 0.0009874 0.0008834 0.0004156 0.0007274 0.0007274 0.0009874 0.0008834 0.0008314 0.0008834 0.0007794 0.0008314 0.0008834 0.0013011 0.0014576 0.0014576 0.0018227 0.0017183 2.0167730 2.0167226 
EBOV_H.sap-wt_SLE_14_Makona-Bombali-J0022_KP759757         1.8890771 1.9007469 1.8828682 1.4064334 1.3724558 0.0306989 0.0305859 0.0306446 0.0315025 0.0347897 0.0352082 0.0347518 0.0320567 0.0017181 0.0013009 0.0002597 0.0002597 0.0003117 0.0003117 0.0003117 0.0003636 0.0002597 0.0001558 0.0001558 0.0002078 0.0002597 0.0002078 0.0003117 0.0002597 0.0000519 0.0000010 0.0000000 0.0004156 0.0004156 0.0004676 0.0002078 0.0003636 0.0002597 0.0004156 0.0003117 0.0003117 0.0002078 0.0005195 0.0004156 0.0003117 0.0003636 0.0003117 0.0004676 0.0006755 0.0004156 0.0006235 0.0006235 0.0005715 0.0004676 0.0007794 0.0009886 0.0003117 0.0003117 0.0007274 0.0007274 0.0007794 0.0010394 0.0007274 0.0005715 0.0006235 0.0006755 0.0008314 0.0009885 0.0006235 0.0007794 0.0009354 0.0009354 0.0006235 0.0006755 0.0009874 0.0008834 0.0004156 0.0007274 0.0007274 0.0009874 0.0008834 0.0008314 0.0008834 0.0007794 0.0008314 0.0008834 0.0013011 0.0014576 0.0014576 0.0018227 0.0017183 2.0167730 2.0167226 
EBOV_H.sap-wt_SLE_14_Makona-Kenema-G4350_1_KR105242        1.8889972 1.9009043 1.8827901 1.4059737 1.3724024 0.0306953 0.0305823 0.0306411 0.0314989 0.0349004 0.0353190 0.0348625 0.0319988 0.0018222 0.0014050 0.0003636 0.0003636 0.0004156 0.0004156 0.0004156 0.0004676 0.0001558 0.0002597 0.0002597 0.0003117 0.0003636 0.0003117 0.0004156 0.0003636 0.0003636 0.0004156 0.0004156 0.0000000 0.0000010 0.0000519 0.0005195 0.0004676 0.0003636 0.0005195 0.0006235 0.0006235 0.0005195 0.0008314 0.0007274 0.0006235 0.0004676 0.0006235 0.0007794 0.0009874 0.0005195 0.0007274 0.0007274 0.0006755 0.0005715 0.0008834 0.0010927 0.0004156 0.0004156 0.0008314 0.0008314 0.0008834 0.0011445 0.0008314 0.0006755 0.0007274 0.0007794 0.0009364 0.0010925 0.0007274 0.0008834 0.0010404 0.0010404 0.0007274 0.0007794 0.0010914 0.0009885 0.0007274 0.0010394 0.0006235 0.0010924 0.0009874 0.0009354 0.0009874 0.0008834 0.0009354 0.0009874 0.0014052 0.0015618 0.0015618 0.0019269 0.0018225 2.0148269 2.0147765 
EBOV_H.sap-wt_SLE_14_Makona-Kenema-G4971_1_KR105284        1.8889972 1.9009043 1.8827901 1.4059737 1.3724024 0.0306953 0.0305823 0.0306411 0.0314989 0.0349004 0.0353190 0.0348625 0.0319988 0.0018222 0.0014050 0.0003636 0.0003636 0.0004156 0.0004156 0.0004156 0.0004676 0.0001558 0.0002597 0.0002597 0.0003117 0.0003636 0.0003117 0.0004156 0.0003636 0.0003636 0.0004156 0.0004156 0.0000010 0.0000000 0.0000519 0.0005195 0.0004676 0.0003636 0.0005195 0.0006235 0.0006235 0.0005195 0.0008314 0.0007274 0.0006235 0.0004676 0.0006235 0.0007794 0.0009874 0.0005195 0.0007274 0.0007274 0.0006755 0.0005715 0.0008834 0.0010927 0.0004156 0.0004156 0.0008314 0.0008314 0.0008834 0.0011445 0.0008314 0.0006755 0.0007274 0.0007794 0.0009364 0.0010925 0.0007274 0.0008834 0.0010404 0.0010404 0.0007274 0.0007794 0.0010914 0.0009885 0.0007274 0.0010394 0.0006235 0.0010924 0.0009874 0.0009354 0.0009874 0.0008834 0.0009354 0.0009874 0.0014052 0.0015618 0.0015618 0.0019269 0.0018225 2.0148269 2.0147765 
EBOV_H.sap-wt_SLE_14_Makona-Kenema-G4856_1_KR105273        1.8892753 1.9011830 1.8830676 1.4061997 1.3726281 0.0307516 0.0306386 0.0306974 0.0315553 0.0349573 0.0353760 0.0349194 0.0320553 0.0018744 0.0014572 0.0004156 0.0004156 0.0004676 0.0004676 0.0004676 0.0005195 0.0002078 0.0003117 0.0003117 0.0003636 0.0004156 0.0003636 0.0004676 0.0004156 0.0004156 0.0004676 0.0004676 0.0000519 0.0000519 0.0000000 0.0005715 0.0005195 0.0004156 0.0005715 0.0006755 0.0006755 0.0005715 0.0008834 0.0007794 0.0006755 0.0005195 0.0006755 0.0008314 0.0010394 0.0005715 0.0007794 0.0007794 0.0007274 0.0006235 0.0009354 0.0011448 0.0004676 0.0004676 0.0008834 0.0008834 0.0009354 0.0011966 0.0008834 0.0007274 0.0007794 0.0008314 0.0009885 0.0011446 0.0007794 0.0009354 0.0010925 0.0010925 0.0007794 0.0008314 0.0011445 0.0010405 0.0007794 0.0010924 0.0006755 0.0011445 0.0010394 0.0009874 0.0010394 0.0009354 0.0009874 0.0010394 0.0014573 0.0016139 0.0016139 0.0019791 0.0018746 2.0148647 2.0148143 
EBOV_H.sap-wt_SLE_14_Makona-Kenema-G5039_1_KR105295        1.8871988 1.8988568 1.8809973 1.4070094 1.3719743 0.0308127 0.0306997 0.0307584 0.0316166 0.0349049 0.0353236 0.0348670 0.0321709 0.0018225 0.0014052 0.0003636 0.0003636 0.0004156 0.0004156 0.0004156 0.0004676 0.0003636 0.0002597 0.0002597 0.0003117 0.0003636 0.0003117 0.0004156 0.0003636 0.0001558 0.0002078 0.0002078 0.0005195 0.0005195 0.0005715 0.0000000 0.0004676 0.0003636 0.0005195 0.0004156 0.0004156 0.0003117 0.0006235 0.0005195 0.0004156 0.0004676 0.0004156 0.0005715 0.0007794 0.0005195 0.0007274 0.0007274 0.0006755 0.0005715 0.0008834 0.0010928 0.0004156 0.0004156 0.0008314 0.0008314 0.0008834 0.0011446 0.0008314 0.0006755 0.0007274 0.0007794 0.0009365 0.0010927 0.0007274 0.0008834 0.0010406 0.0010406 0.0007274 0.0007794 0.0010925 0.0009886 0.0005195 0.0008314 0.0008314 0.0010926 0.0009874 0.0009354 0.0009874 0.0008834 0.0009354 0.0009874 0.0014054 0.0015620 0.0015620 0.0019271 0.0018227 2.0149896 2.0149393 
EBOV_H.sap-wt_SLE_14_Makona-G3949_1_KR105209               1.8881942 1.8998581 1.8819889 1.4060866 1.3725833 0.0307515 0.0306384 0.0306972 0.0315551 0.0349571 0.0353758 0.0349192 0.0320551 0.0017700 0.0013529 0.0003117 0.0003117 0.0003636 0.0003636 0.0003636 0.0004156 0.0003117 0.0002078 0.0002078 0.0002597 0.0003117 0.0002597 0.0003636 0.0003117 0.0003117 0.0003636 0.0003636 0.0004676 0.0004676 0.0005195 0.0004676 0.0000000 0.0003117 0.0004676 0.0005715 0.0005715 0.0004676 0.0007794 0.0006755 0.0005715 0.0004156 0.0005715 0.0007274 0.0009354 0.0004676 0.0006755 0.0006755 0.0006235 0.0005195 0.0008314 0.0010406 0.0003636 0.0003636 0.0007794 0.0007794 0.0008314 0.0010914 0.0007794 0.0006235 0.0006755 0.0007274 0.0008834 0.0010404 0.0006755 0.0008314 0.0009874 0.0009874 0.0006755 0.0007274 0.0010394 0.0009354 0.0006755 0.0009874 0.0007794 0.0010394 0.0009354 0.0008834 0.0009354 0.0008314 0.0008834 0.0009354 0.0013531 0.0015096 0.0015096 0.0018747 0.0017702 2.0156592 2.0156088 
EBOV_H.sap-wt_SLE_14_Makona-J0054_KP759722                 1.8890358 1.9007060 1.8824102 1.4069550 1.3734291 0.0306422 0.0305291 0.0305879 0.0314457 0.0348471 0.0352657 0.0348092 0.0319997 0.0016659 0.0012488 0.0002078 0.0002078 0.0002597 0.0002597 0.0002597 0.0003117 0.0002078 0.0001039 0.0001039 0.0001558 0.0002078 0.0001558 0.0002597 0.0002078 0.0002078 0.0002597 0.0002597 0.0003636 0.0003636 0.0004156 0.0003636 0.0003117 0.0000000 0.0003636 0.0004676 0.0004676 0.0003636 0.0006755 0.0005715 0.0004676 0.0003117 0.0004676 0.0006235 0.0008314 0.0003636 0.0005715 0.0005715 0.0005195 0.0004156 0.0007274 0.0009365 0.0002597 0.0002597 0.0006755 0.0006755 0.0007274 0.0009874 0.0006755 0.0005195 0.0005715 0.0006235 0.0007794 0.0009354 0.0005715 0.0007274 0.0008834 0.0008834 0.0005715 0.0006235 0.0009354 0.0008314 0.0005715 0.0008834 0.0006755 0.0009354 0.0008314 0.0007794 0.0008314 0.0007274 0.0007794 0.0008314 0.0012490 0.0014055 0.0014055 0.0017705 0.0016661 2.0156603 2.0156099 
EBOV_H.sap-wt_SLE_14_Makona-G3676.1_KM034554               1.8880201 1.8996869 1.8824831 1.4067509 1.3728987 0.0303565 0.0302435 0.0303022 0.0311593 0.0345577 0.0349759 0.0345197 0.0317130 0.0014050 0.0009874 0.0001558 0.0001558 0.0002078 0.0002078 0.0002078 0.0002597 0.0003636 0.0002597 0.0002597 0.0003117 0.0003636 0.0003117 0.0004156 0.0003636 0.0003636 0.0004156 0.0004156 0.0005195 0.0005195 0.0005715 0.0005195 0.0004676 0.0003636 0.0000000 0.0006235 0.0006235 0.0005195 0.0008314 0.0007274 0.0006235 0.0004676 0.0006235 0.0007794 0.0009874 0.0005195 0.0007274 0.0007274 0.0006755 0.0005715 0.0008834 0.0010927 0.0004156 0.0004156 0.0004156 0.0004156 0.0004676 0.0007274 0.0006235 0.0004676 0.0005195 0.0005715 0.0007274 0.0008834 0.0005195 0.0006755 0.0008314 0.0008314 0.0005195 0.0005715 0.0008834 0.0007794 0.0007274 0.0010394 0.0008314 0.0008834 0.0007794 0.0007274 0.0009874 0.0006755 0.0007274 0.0007794 0.0009874 0.0011447 0.0011447 0.0015095 0.0014052 2.0151848 2.0151345 
EBOV_H.sap-wt_SLE_14_Makona-Kenema-20140590_KR653278       1.8879869 1.8996508 1.8817817 1.4048353 1.3716170 0.0309210 0.0308080 0.0308667 0.0317251 0.0350138 0.0354325 0.0348616 0.0322793 0.0019266 0.0015093 0.0004676 0.0004676 0.0005195 0.0005195 0.0005195 0.0005715 0.0004676 0.0003636 0.0003636 0.0004156 0.0004676 0.0004156 0.0005195 0.0004676 0.0002597 0.0003117 0.0003117 0.0006235 0.0006235 0.0006755 0.0004156 0.0005715 0.0004676 0.0006235 0.0000000 0.0005195 0.0004156 0.0007274 0.0006235 0.0005195 0.0005715 0.0005195 0.0006755 0.0008834 0.0006235 0.0008314 0.0008314 0.0007794 0.0006755 0.0009874 0.0011969 0.0005196 0.0005196 0.0009354 0.0009354 0.0009874 0.0012487 0.0009354 0.0007794 0.0008314 0.0008834 0.0010406 0.0011967 0.0008314 0.0009874 0.0011446 0.0011446 0.0008314 0.0008834 0.0011966 0.0010926 0.0006235 0.0009354 0.0009354 0.0011966 0.0010914 0.0010394 0.0010914 0.0009874 0.0010394 0.0010914 0.0015095 0.0016661 0.0016661 0.0020313 0.0019268 2.0166572 2.0166067 
