93
RESTV_M.fas-tc_USA_89_Philippines89-Pennsylvania_NC_004161 0.0000000 0.0249187 0.0311996 2.0491634 2.0293578 1.8072815 1.8080551 1.8101263 1.8075181 1.8109367 1.8156844 1.8119644 1.8183492 1.8149067 1.8159715 1.8151599 1.8122100 1.8122100 1.8157147 1.8163828 1.8167983 1.8163097 1.8172524 1.8172769 1.8204158 1.8177119 1.8188030 1.8185081 1.8182909 1.8176596 1.8203363 1.8197606 1.8192705 1.8193373 1.8193373 1.8195387 1.8195387 1.8191372 1.8190929 1.8188238 1.8200867 1.8196941 1.8196941 1.8197387 1.8189442 1.8195565 1.8201393 1.8203567 1.8205373 1.8209612 1.8220334 1.8220334 1.8216057 1.8196480 1.8202292 1.8212676 1.8197283 1.8186668 1.8190341 1.8190341 1.8198712 1.8206696 1.8215432 1.8215432 1.8195113 1.8182047 1.8206802 1.8193248 1.8202600 1.8194434 1.8212707 1.8197696 1.8228165 1.8223280 1.8188299 1.8212557 1.8212178 1.8194104 1.8202837 1.8233973 1.8190856 1.8164532 1.8153074 1.8165599 1.8163152 1.8203481 1.8201775 1.8208613 1.8202526 1.8197302 1.8233123 1.8181848 1.8177330 
RESTV_S.dom-tc_PHL_08_Reston08-A_FJ621583                  0.0249187 0.0000000 0.0493982 2.0549216 2.0540008 1.8149844 1.8157622 1.8178485 1.8152222 1.8170071 1.8216040 1.8182122 1.8241396 1.8256338 1.8267133 1.8255607 1.8229246 1.8229246 1.8264567 1.8271312 1.8275416 1.8270522 1.8289457 1.8289650 1.8311852 1.8284615 1.8291228 1.8292642 1.8286099 1.8284133 1.8311041 1.8305277 1.8300322 1.8300985 1.8300985 1.8302997 1.8302997 1.8298985 1.8298538 1.8295844 1.8308536 1.8304559 1.8304559 1.8304997 1.8296995 1.8303183 1.8314581 1.8311248 1.8313060 1.8317358 1.8328167 1.8328167 1.8323873 1.8304109 1.8309928 1.8320368 1.8304886 1.8294240 1.8297898 1.8297898 1.8306845 1.8314385 1.8323248 1.8323248 1.8317695 1.8310129 1.8316385 1.8300853 1.8309808 1.8302033 1.8320410 1.8301330 1.8336037 1.8331101 1.8301410 1.8340837 1.8325435 1.8307225 1.8316039 1.8341852 1.8298458 1.8269673 1.8258147 1.8270743 1.8268283 1.8308974 1.8305099 1.8316332 1.8310216 1.8304946 1.8341005 1.8278279 1.8273766 
RESTV_S.dom-xx_PHL_08_Reston08-C_FJ621584                  0.0311996 0.0493982 0.0000000 2.0386793 2.0365591 1.8095153 1.8102918 1.8125891 1.8097999 1.8094494 1.8126766 1.8102928 1.8132948 1.8177915 1.8190456 1.8182330 1.8172952 1.8172952 1.8187886 1.8194593 1.8198738 1.8199415 1.8197733 1.8197967 1.8235028 1.8207902 1.8218846 1.8215891 1.8213718 1.8207390 1.8234227 1.8228462 1.8223540 1.8224207 1.8224207 1.8226223 1.8226223 1.8222204 1.8221749 1.8219065 1.8216832 1.8227781 1.8227781 1.8228225 1.8220255 1.8226404 1.8237814 1.8234432 1.8236242 1.8240502 1.8251261 1.8251261 1.8246975 1.8227322 1.8235314 1.8243555 1.8213234 1.8217483 1.8221156 1.8221156 1.8230031 1.8237567 1.8246349 1.8246349 1.8240852 1.8227740 1.8237693 1.8224080 1.8233458 1.8227907 1.8243588 1.8228545 1.8259113 1.8254207 1.8224683 1.8249019 1.8248632 1.8230497 1.8237093 1.8264929 1.8221685 1.8195252 1.8183761 1.8196321 1.8193868 1.8234352 1.8227066 1.8239038 1.8233393 1.8229527 1.8261906 1.8240178 1.8239737 
TAFV_H.sap-tc_CIV_94_Pauleoula-CI_NC_014372                2.0491634 2.0549216 2.0386793 0.0000000 0.7745391 1.3129912 1.3125055 1.3130295 1.3099461 1.3306540 1.3311246 1.3297673 1.3270625 1.3392629 1.3396610 1.3372461 1.3400084 1.3400084 1.3388781 1.3383330 1.3392708 1.3393140 1.3383014 1.3373905 1.3408752 1.3389435 1.3386345 1.3385133 1.3390386 1.3391810 1.3404495 1.3401116 1.3395944 1.3398427 1.3398427 1.3400350 1.3400350 1.3400350 1.3396309 1.3398335 1.3403123 1.3394768 1.3394768 1.3398427 1.3389789 1.3403188 1.3392910 1.3399393 1.3411681 1.3407880 1.3413102 1.3413102 1.3411610 1.3401359 1.3397629 1.3387125 1.3385387 1.3401834 1.3409474 1.3409474 1.3407344 1.3400302 1.3395277 1.3395277 1.3402713 1.3398208 1.3392899 1.3389590 1.3414235 1.3397143 1.3395770 1.3401079 1.3405702 1.3405462 1.3386033 1.3386738 1.3397744 1.3401563 1.3397225 1.3415662 1.3386723 1.3402951 1.3406202 1.3410722 1.3410655 1.3392034 1.3393240 1.3393746 1.3402511 1.3413544 1.3386873 2.1904477 2.1902047 
BDBV_H.sap-xx_COD_12_EboBund-122_KC545395                  2.0293578 2.0540008 2.0365591 0.7745391 0.0000000 1.2717340 1.2713013 1.2722470 1.2709034 1.2834483 1.2830949 1.2836469 1.2802806 1.3009056 1.2985194 1.2984277 1.3010170 1.3010170 1.3004165 1.3001850 1.2998140 1.2998850 1.2993641 1.2989360 1.3001132 1.2996776 1.2996554 1.3005036 1.3009554 1.3007735 1.3006782 1.3010665 1.3005686 1.3005583 1.3005583 1.3003783 1.3003783 1.3007481 1.3008073 1.3007435 1.3010362 1.3008600 1.3008600 1.3007311 1.3004121 1.3005979 1.3010452 1.3015295 1.3016541 1.3014615 1.3019583 1.3019583 1.3021798 1.3006020 1.3008571 1.3012158 1.2997628 1.3009552 1.2999356 1.2999356 1.3013763 1.3010414 1.2999390 1.2999390 1.3015683 1.3013346 1.3005504 1.3006359 1.3028540 1.3000029 1.3024708 1.3011034 1.3018764 1.3012026 1.3005500 1.3020148 1.2999681 1.3009616 1.3014553 1.3015471 1.3000295 1.3011013 1.3011588 1.3005830 1.3005779 1.3007686 1.2994846 1.3009983 1.3001911 1.3013131 1.3012972 2.1406072 2.1401478 
EBOV_H.sap-tc_COD_07_1Luebo_KC242786                       1.8072815 1.8149844 1.8095153 1.3129912 1.2717340 0.0000000 0.0000509 0.0003561 0.0004579 0.0251040 0.0256746 0.0235021 0.0210929 0.0332499 0.0326246 0.0321726 0.0316816 0.0316816 0.0315059 0.0316758 0.0313941 0.0315054 0.0323444 0.0323439 0.0323670 0.0320767 0.0322450 0.0317984 0.0323560 0.0322997 0.0324225 0.0323671 0.0323659 0.0322550 0.0322550 0.0323106 0.0323106 0.0323106 0.0323108 0.0323656 0.0323110 0.0323662 0.0323662 0.0324766 0.0324229 0.0324775 0.0325882 0.0324778 0.0325450 0.0323743 0.0324868 0.0324868 0.0326538 0.0325910 0.0325322 0.0325891 0.0325379 0.0324779 0.0325336 0.0325336 0.0325895 0.0326503 0.0325923 0.0325923 0.0326488 0.0328145 0.0325354 0.0325991 0.0326551 0.0326489 0.0328179 0.0327559 0.0327098 0.0326504 0.0329832 0.0333182 0.0330334 0.0330342 0.0331443 0.0327617 0.0323572 0.0325351 0.0324806 0.0324243 0.0323688 0.0324256 0.0326939 0.0332145 0.0331015 0.0330979 0.0328726 1.9207024 1.9208717 
EBOV_H.sap-tc_COD_07_M-M_HQ613403                          1.8080551 1.8157622 1.8102918 1.3125055 1.2713013 0.0000509 0.0000000 0.0003052 0.0004070 0.0250492 0.0256197 0.0234476 0.0210388 0.0331938 0.0325686 0.0321167 0.0316257 0.0316257 0.0314501 0.0316199 0.0313383 0.0314496 0.0322884 0.0322879 0.0323110 0.0320208 0.0321890 0.0317425 0.0323000 0.0322437 0.0323665 0.0323111 0.0323099 0.0321990 0.0321990 0.0322546 0.0322546 0.0322546 0.0322548 0.0323096 0.0322550 0.0323102 0.0323102 0.0324206 0.0323669 0.0324215 0.0325322 0.0324218 0.0324889 0.0323183 0.0324308 0.0324308 0.0325977 0.0325349 0.0324762 0.0325331 0.0324819 0.0324219 0.0324775 0.0324775 0.0325334 0.0325943 0.0325363 0.0325363 0.0325927 0.0327584 0.0324794 0.0325430 0.0325990 0.0325928 0.0327618 0.0326998 0.0326538 0.0325944 0.0329271 0.0332621 0.0329773 0.0329781 0.0330881 0.0327056 0.0323013 0.0324791 0.0324246 0.0323682 0.0323128 0.0323696 0.0326379 0.0331584 0.0330454 0.0330417 0.0328166 1.9198743 1.9200436 
EBOV_H.sap-tc_COD_07_5Luebo_KC242790                       1.8101263 1.8178485 1.8125891 1.3130295 1.2722470 0.0003561 0.0003052 0.0000000 0.0007124 0.0252726 0.0258437 0.0236696 0.0212587 0.0334205 0.0329091 0.0324567 0.0319653 0.0319653 0.0317894 0.0319595 0.0316775 0.0317889 0.0326286 0.0326281 0.0326514 0.0323608 0.0325292 0.0320823 0.0326404 0.0325840 0.0327070 0.0326516 0.0326504 0.0325394 0.0325394 0.0325950 0.0325950 0.0325950 0.0325952 0.0326501 0.0325954 0.0326507 0.0326507 0.0327611 0.0327074 0.0327621 0.0328728 0.0327623 0.0328297 0.0326588 0.0327714 0.0327714 0.0329385 0.0328756 0.0328168 0.0328738 0.0328225 0.0327624 0.0328181 0.0328181 0.0328741 0.0329350 0.0328770 0.0328770 0.0329335 0.0330994 0.0328200 0.0328838 0.0329398 0.0329336 0.0331027 0.0330407 0.0329946 0.0329352 0.0332682 0.0336035 0.0333184 0.0333192 0.0334293 0.0330465 0.0326416 0.0328197 0.0327652 0.0327088 0.0326532 0.0327101 0.0329786 0.0334998 0.0333867 0.0333830 0.0331576 1.9196817 1.9198511 
EBOV_H.sap-tc_COD_08_034-KS_HQ613402                       1.8075181 1.8152222 1.8097999 1.3099461 1.2709034 0.0004579 0.0004070 0.0007124 0.0000000 0.0254354 0.0260068 0.0238949 0.0214818 0.0336583 0.0330320 0.0325793 0.0320877 0.0320877 0.0319116 0.0320818 0.0317997 0.0319112 0.0327514 0.0327508 0.0327742 0.0324834 0.0326519 0.0322047 0.0327631 0.0327067 0.0328298 0.0327744 0.0327732 0.0326621 0.0326621 0.0327178 0.0327178 0.0327178 0.0327180 0.0327729 0.0327182 0.0327735 0.0327735 0.0328840 0.0328302 0.0328849 0.0329958 0.0328852 0.0329526 0.0327817 0.0328944 0.0328944 0.0330615 0.0329985 0.0329397 0.0329967 0.0329454 0.0328853 0.0329410 0.0329410 0.0329970 0.0330580 0.0329999 0.0329999 0.0330564 0.0332224 0.0329429 0.0330067 0.0330628 0.0330566 0.0332258 0.0331637 0.0331177 0.0330581 0.0333913 0.0337269 0.0334415 0.0334424 0.0335526 0.0331696 0.0327644 0.0329426 0.0328881 0.0328316 0.0327761 0.0328330 0.0331016 0.0336231 0.0335099 0.0335062 0.0332807 1.9234755 1.9236446 
EBOV_H.sap-xx_COD_14_Lomela-Lokolia16_KP271018             1.8109367 1.8170071 1.8094494 1.3306540 1.2834483 0.0251040 0.0250492 0.0252726 0.0254354 0.0000000 0.0016337 0.0085033 0.0139089 0.0382025 0.0375075 0.0372736 0.0366660 0.0366660 0.0364869 0.0366593 0.0363736 0.0364863 0.0373362 0.0373356 0.0373620 0.0370666 0.0372970 0.0367849 0.0375236 0.0372924 0.0374181 0.0373622 0.0373608 0.0372486 0.0372486 0.0373049 0.0373049 0.0373049 0.0373051 0.0373604 0.0373053 0.0373611 0.0373611 0.0374727 0.0374186 0.0374738 0.0375857 0.0375414 0.0375437 0.0373705 0.0374846 0.0374846 0.0376535 0.0375888 0.0376411 0.0375868 0.0375355 0.0374742 0.0375305 0.0375305 0.0375871 0.0376495 0.0375905 0.0375905 0.0376477 0.0378152 0.0374826 0.0375307 0.0376548 0.0375351 0.0378192 0.0377555 0.0375981 0.0375375 0.0378733 0.0383253 0.0380361 0.0380371 0.0380961 0.0377623 0.0373509 0.0375922 0.0375373 0.0374801 0.0374240 0.0375438 0.0377520 0.0382215 0.0381070 0.0381026 0.0378747 1.9172247 1.9173943 
EBOV_H.sap-xx_COD_14_Lomela-Lokolia17_KP271019             1.8156844 1.8216040 1.8126766 1.3311246 1.2830949 0.0256746 0.0256197 0.0258437 0.0260068 0.0016337 0.0000000 0.0091353 0.0145029 0.0386188 0.0379226 0.0376882 0.0370800 0.0370800 0.0369004 0.0370731 0.0367870 0.0368998 0.0377511 0.0377504 0.0377771 0.0374812 0.0377119 0.0371990 0.0379389 0.0377072 0.0378333 0.0377773 0.0377759 0.0376635 0.0376635 0.0377199 0.0377199 0.0377199 0.0377201 0.0377755 0.0377203 0.0377762 0.0377762 0.0378879 0.0378338 0.0378890 0.0380011 0.0379569 0.0379592 0.0377857 0.0378999 0.0378999 0.0380691 0.0380043 0.0380565 0.0380022 0.0379509 0.0378894 0.0379459 0.0379459 0.0380026 0.0380651 0.0380060 0.0380060 0.0380632 0.0382310 0.0378980 0.0379460 0.0380704 0.0379505 0.0382350 0.0381712 0.0379678 0.0379070 0.0382892 0.0387418 0.0384522 0.0384531 0.0385122 0.0381780 0.0377659 0.0380077 0.0379527 0.0378955 0.0378393 0.0379593 0.0381676 0.0386380 0.0385233 0.0385189 0.0382906 1.9176581 1.9178275 
EBOV_H.sap-tc_COD_95_Kikwit-9510621_KR867676               1.8119644 1.8182122 1.8102928 1.3297673 1.2836469 0.0235021 0.0234476 0.0236696 0.0238949 0.0085033 0.0091353 0.0000000 0.0122165 0.0361641 0.0354735 0.0352412 0.0346362 0.0346362 0.0344585 0.0346298 0.0343458 0.0344580 0.0353032 0.0353026 0.0353277 0.0350345 0.0352634 0.0347542 0.0354888 0.0352590 0.0353836 0.0353279 0.0353266 0.0352149 0.0352149 0.0352709 0.0352709 0.0352709 0.0352711 0.0353262 0.0352713 0.0353269 0.0353269 0.0354379 0.0353840 0.0354390 0.0355504 0.0355058 0.0355079 0.0353357 0.0354491 0.0354491 0.0356172 0.0355533 0.0356055 0.0355514 0.0355001 0.0354394 0.0354954 0.0354954 0.0355517 0.0356135 0.0355549 0.0355549 0.0356117 0.0357785 0.0354473 0.0354956 0.0356185 0.0354998 0.0357822 0.0357193 0.0356737 0.0356136 0.0359485 0.0362263 0.0359985 0.0359994 0.0361102 0.0357256 0.0353172 0.0355565 0.0355018 0.0354450 0.0353891 0.0355079 0.0357159 0.0361821 0.0360683 0.0360642 0.0358374 1.9206770 1.9208465 
EBOV_H.sap-tc_COD_77_Bonduni_KC242791                      1.8183492 1.8241396 1.8132948 1.3270625 1.2802806 0.0210929 0.0210388 0.0212587 0.0214818 0.0139089 0.0145029 0.0122165 0.0000000 0.0338723 0.0331354 0.0329052 0.0323036 0.0323036 0.0321277 0.0322977 0.0320159 0.0321272 0.0329664 0.0329659 0.0329894 0.0326989 0.0329779 0.0324205 0.0332017 0.0328760 0.0330449 0.0329895 0.0329883 0.0328774 0.0328774 0.0329330 0.0329330 0.0329330 0.0329332 0.0329880 0.0329334 0.0329886 0.0329886 0.0330990 0.0330453 0.0330999 0.0332106 0.0331657 0.0331676 0.0329969 0.0331094 0.0331094 0.0332764 0.0332134 0.0332654 0.0332115 0.0331604 0.0331003 0.0331560 0.0331560 0.0332119 0.0332728 0.0332148 0.0332148 0.0332712 0.0334370 0.0331077 0.0331561 0.0332777 0.0331600 0.0334404 0.0333783 0.0333324 0.0332730 0.0336057 0.0339408 0.0336558 0.0336566 0.0337667 0.0333842 0.0329795 0.0332684 0.0332139 0.0331575 0.0331020 0.0332717 0.0333158 0.0338372 0.0337242 0.0337205 0.0333824 1.9285682 1.9287367 
EBOV_H.sap-wt_GIN_14_Makona-Gueckedou-EM_080076_KR817235   1.8149067 1.8256338 1.8177915 1.3392629 1.3009056 0.0332499 0.0331938 0.0334205 0.0336583 0.0382025 0.0386188 0.0361641 0.0338723 0.0000000 0.0024503 0.0020919 0.0021951 0.0021951 0.0019900 0.0021437 0.0020923 0.0021946 0.0027579 0.0027578 0.0027599 0.0024001 0.0026564 0.0021441 0.0028616 0.0027076 0.0027601 0.0027089 0.0027088 0.0026063 0.0026063 0.0026575 0.0026575 0.0026575 0.0026576 0.0027088 0.0026576 0.0027088 0.0027088 0.0028113 0.0027602 0.0028114 0.0029140 0.0028637 0.0028637 0.0027095 0.0028122 0.0028122 0.0029661 0.0029653 0.0029652 0.0029140 0.0028631 0.0028114 0.0028627 0.0028627 0.0029141 0.0029658 0.0029143 0.0029143 0.0029657 0.0031196 0.0029147 0.0029150 0.0029663 0.0029657 0.0031715 0.0030680 0.0030175 0.0029658 0.0032738 0.0035821 0.0033246 0.0033247 0.0034273 0.0031711 0.0027595 0.0029654 0.0029142 0.0028628 0.0028116 0.0029142 0.0030670 0.0034801 0.0033771 0.0034796 0.0031194 1.9438445 1.9440118 
EBOV_H.sap-wt_GIN_14_Makona-Gueckedou-EM_079702_KR817210   1.8159715 1.8267133 1.8190456 1.3396610 1.2985194 0.0326246 0.0325686 0.0329091 0.0330320 0.0375075 0.0379226 0.0354735 0.0331354 0.0024503 0.0000000 0.0015290 0.0016317 0.0016317 0.0014272 0.0015805 0.0015292 0.0016314 0.0021937 0.0021936 0.0021953 0.0018364 0.0020922 0.0015808 0.0022969 0.0021433 0.0021955 0.0021443 0.0021442 0.0020419 0.0020419 0.0020931 0.0020931 0.0020931 0.0020931 0.0021442 0.0020931 0.0021443 0.0021443 0.0022466 0.0021955 0.0022467 0.0023490 0.0022986 0.0022987 0.0021448 0.0022473 0.0022473 0.0024010 0.0024003 0.0024002 0.0023491 0.0022982 0.0022467 0.0022979 0.0022979 0.0023491 0.0024007 0.0023493 0.0023493 0.0024006 0.0025542 0.0023496 0.0023499 0.0024011 0.0024006 0.0026060 0.0025028 0.0024522 0.0024007 0.0027081 0.0030159 0.0027589 0.0027590 0.0028615 0.0026056 0.0021950 0.0024004 0.0023492 0.0022980 0.0022468 0.0023492 0.0025020 0.0029139 0.0027085 0.0029135 0.0025541 1.9438743 1.9440417 
EBOV_H.sap-wt_GIN_14_Makona-Gueckedou-EM_079587_KR817202   1.8151599 1.8255607 1.8182330 1.3372461 1.2984277 0.0321726 0.0321167 0.0324567 0.0325793 0.0372736 0.0376882 0.0352412 0.0329052 0.0020919 0.0015290 0.0000000 0.0012229 0.0012229 0.0010179 0.0011718 0.0011198 0.0012227 0.0017843 0.0017842 0.0017856 0.0014273 0.0016827 0.0011720 0.0018872 0.0017338 0.0017857 0.0017346 0.0017346 0.0016323 0.0016323 0.0016835 0.0016835 0.0016835 0.0016835 0.0017346 0.0016835 0.0017346 0.0017346 0.0018368 0.0017858 0.0018369 0.0019391 0.0018886 0.0018887 0.0017350 0.0018374 0.0018374 0.0019908 0.0019903 0.0019902 0.0019392 0.0018883 0.0018369 0.0018880 0.0018880 0.0019392 0.0019906 0.0019393 0.0019393 0.0019906 0.0021440 0.0019396 0.0019398 0.0019910 0.0019906 0.0021956 0.0020926 0.0020420 0.0019906 0.0022977 0.0026051 0.0023485 0.0023486 0.0024509 0.0021953 0.0017853 0.0019904 0.0019393 0.0018881 0.0018370 0.0019393 0.0020920 0.0025032 0.0024006 0.0025028 0.0021439 1.9430804 1.9432477 
EBOV_H.sap-tc_GIN_14_Makona-Gueckedou-C07_KP096421         1.8122100 1.8229246 1.8172952 1.3400084 1.3010170 0.0316816 0.0316257 0.0319653 0.0320877 0.0366660 0.0370800 0.0346362 0.0323036 0.0021951 0.0016317 0.0012229 0.0000000 0.0000010 0.0004070 0.0005597 0.0006106 0.0007124 0.0013763 0.0013762 0.0013773 0.0010194 0.0012747 0.0007633 0.0014790 0.0013257 0.0013774 0.0013263 0.0013263 0.0012241 0.0012241 0.0012752 0.0012752 0.0012752 0.0012752 0.0013263 0.0012752 0.0013263 0.0013263 0.0014285 0.0013774 0.0014285 0.0015307 0.0014801 0.0014801 0.0013266 0.0014289 0.0014289 0.0015823 0.0015818 0.0015818 0.0015307 0.0014798 0.0014285 0.0014796 0.0014796 0.0015308 0.0015821 0.0015309 0.0015309 0.0015821 0.0017354 0.0015311 0.0015313 0.0015824 0.0015821 0.0017869 0.0016841 0.0016335 0.0015821 0.0018890 0.0021962 0.0019399 0.0019399 0.0020422 0.0017867 0.0013771 0.0015819 0.0015308 0.0014797 0.0014286 0.0015308 0.0016836 0.0020943 0.0019917 0.0020939 0.0017353 1.9407924 1.9409599 
EBOV_H.sap-wt_GIN_14_Makona-Gueckedou-C07_KT013256         1.8122100 1.8229246 1.8172952 1.3400084 1.3010170 0.0316816 0.0316257 0.0319653 0.0320877 0.0366660 0.0370800 0.0346362 0.0323036 0.0021951 0.0016317 0.0012229 0.0000010 0.0000000 0.0004070 0.0005597 0.0006106 0.0007124 0.0013763 0.0013762 0.0013773 0.0010194 0.0012747 0.0007633 0.0014790 0.0013257 0.0013774 0.0013263 0.0013263 0.0012241 0.0012241 0.0012752 0.0012752 0.0012752 0.0012752 0.0013263 0.0012752 0.0013263 0.0013263 0.0014285 0.0013774 0.0014285 0.0015307 0.0014801 0.0014801 0.0013266 0.0014289 0.0014289 0.0015823 0.0015818 0.0015818 0.0015307 0.0014798 0.0014285 0.0014796 0.0014796 0.0015308 0.0015821 0.0015309 0.0015309 0.0015821 0.0017354 0.0015311 0.0015313 0.0015824 0.0015821 0.0017869 0.0016841 0.0016335 0.0015821 0.0018890 0.0021962 0.0019399 0.0019399 0.0020422 0.0017867 0.0013771 0.0015819 0.0015308 0.0014797 0.0014286 0.0015308 0.0016836 0.0020943 0.0019917 0.0020939 0.0017353 1.9407924 1.9409599 
EBOV_H.sap-wt_GIN_14_Makona-Macenta-EM_079422_KR817187     1.8157147 1.8264567 1.8187886 1.3388781 1.3004165 0.0315059 0.0314501 0.0317894 0.0319116 0.0364869 0.0369004 0.0344585 0.0321277 0.0019900 0.0014272 0.0010179 0.0004070 0.0004070 0.0000000 0.0001526 0.0004070 0.0005088 0.0011719 0.0011719 0.0011728 0.0008142 0.0010703 0.0005597 0.0012745 0.0011213 0.0011729 0.0011218 0.0011218 0.0010197 0.0010197 0.0010707 0.0010707 0.0010707 0.0010707 0.0011218 0.0010707 0.0011218 0.0011218 0.0012239 0.0011729 0.0012239 0.0013261 0.0012754 0.0012754 0.0011220 0.0012242 0.0012242 0.0013775 0.0013771 0.0013771 0.0013261 0.0012752 0.0012239 0.0012750 0.0012750 0.0013261 0.0013774 0.0013262 0.0013262 0.0013773 0.0015306 0.0013264 0.0013265 0.0013776 0.0013773 0.0015820 0.0014794 0.0014287 0.0013774 0.0016841 0.0019911 0.0017349 0.0017350 0.0018372 0.0015818 0.0011726 0.0013772 0.0013262 0.0012751 0.0012240 0.0013261 0.0014789 0.0018891 0.0017867 0.0018888 0.0015305 1.9441925 1.9443598 
EBOV_H.sap-wt_GIN_14_Makona-Macenta-EM_079424_KR817189     1.8163828 1.8271312 1.8194593 1.3383330 1.3001850 0.0316758 0.0316199 0.0319595 0.0320818 0.0366593 0.0370731 0.0346298 0.0322977 0.0021437 0.0015805 0.0011718 0.0005597 0.0005597 0.0001526 0.0000000 0.0005597 0.0006615 0.0013251 0.0013251 0.0013261 0.0009683 0.0012235 0.0007124 0.0014278 0.0012745 0.0013262 0.0012752 0.0012751 0.0011730 0.0011730 0.0012240 0.0012240 0.0012240 0.0012240 0.0012751 0.0012241 0.0012751 0.0012751 0.0013773 0.0013263 0.0013773 0.0014795 0.0014289 0.0014289 0.0012754 0.0013777 0.0013777 0.0015311 0.0015306 0.0015306 0.0014795 0.0014286 0.0013773 0.0014284 0.0014284 0.0014795 0.0015309 0.0014797 0.0014797 0.0015308 0.0016842 0.0014799 0.0014800 0.0015312 0.0015308 0.0017356 0.0016329 0.0015822 0.0015309 0.0018377 0.0021449 0.0018886 0.0018886 0.0019909 0.0017354 0.0013259 0.0015307 0.0014796 0.0014285 0.0013774 0.0014796 0.0016324 0.0020429 0.0019404 0.0020426 0.0016841 1.9430590 1.9432264 
EBOV_H.sap-tc_GIN_14_Makona-Gueckedou-C05_KP096420         1.8167983 1.8275416 1.8198738 1.3392708 1.2998140 0.0313941 0.0313383 0.0316775 0.0317997 0.0363736 0.0367870 0.0343458 0.0320159 0.0020923 0.0015292 0.0011198 0.0006106 0.0006106 0.0004070 0.0005597 0.0000000 0.0001017 0.0012739 0.0012739 0.0012748 0.0009171 0.0011723 0.0006615 0.0013766 0.0012233 0.0012750 0.0012239 0.0012239 0.0011217 0.0011217 0.0011728 0.0011728 0.0011728 0.0011728 0.0012238 0.0011728 0.0012239 0.0012239 0.0013260 0.0012750 0.0013260 0.0014282 0.0013776 0.0013776 0.0012242 0.0013264 0.0013264 0.0014797 0.0014793 0.0014793 0.0014282 0.0013773 0.0013260 0.0013771 0.0013771 0.0014282 0.0014796 0.0014283 0.0014283 0.0014795 0.0016328 0.0014285 0.0014287 0.0014798 0.0014795 0.0016843 0.0015815 0.0015309 0.0014796 0.0017863 0.0020934 0.0018372 0.0018372 0.0019394 0.0016840 0.0012746 0.0014794 0.0014283 0.0013772 0.0013261 0.0014283 0.0015810 0.0019914 0.0018890 0.0019911 0.0016327 1.9425002 1.9426675 
EBOV_H.sap-wt_GIN_14_Makona-Kissidougou-C15_KT013254       1.8163097 1.8270522 1.8199415 1.3393140 1.2998850 0.0315054 0.0314496 0.0317889 0.0319112 0.0364863 0.0368998 0.0344580 0.0321272 0.0021946 0.0016314 0.0012227 0.0007124 0.0007124 0.0005088 0.0006615 0.0001017 0.0000000 0.0013760 0.0013760 0.0013770 0.0010192 0.0012744 0.0007633 0.0014787 0.0013254 0.0013771 0.0013261 0.0013260 0.0012239 0.0012239 0.0012750 0.0012750 0.0012750 0.0012750 0.0013260 0.0012750 0.0013260 0.0013260 0.0014282 0.0013772 0.0014282 0.0015304 0.0014798 0.0014799 0.0013264 0.0014286 0.0014286 0.0015820 0.0015815 0.0015815 0.0015304 0.0014795 0.0014282 0.0014793 0.0014793 0.0015305 0.0015818 0.0015306 0.0015306 0.0015818 0.0017351 0.0015308 0.0015310 0.0015821 0.0015818 0.0017866 0.0016838 0.0016331 0.0015818 0.0018886 0.0021958 0.0019395 0.0019395 0.0020418 0.0017863 0.0013768 0.0015816 0.0015305 0.0014794 0.0014283 0.0015305 0.0016833 0.0020938 0.0019914 0.0020935 0.0017350 1.9425624 1.9427298 
EBOV_H.sap-wt_GIN_14_Makona-Gueckedou-EM_079750_KR817213   1.8172524 1.8289457 1.8197733 1.3383014 1.2993641 0.0323444 0.0322884 0.0326286 0.0327514 0.0373362 0.0377511 0.0353032 0.0329664 0.0027579 0.0021937 0.0017843 0.0013763 0.0013763 0.0011719 0.0013251 0.0012739 0.0013760 0.0000000 0.0003052 0.0019393 0.0015807 0.0018363 0.0013253 0.0020410 0.0018874 0.0019395 0.0018883 0.0018883 0.0017860 0.0017860 0.0018371 0.0018371 0.0018371 0.0018371 0.0018883 0.0018371 0.0018883 0.0018883 0.0019906 0.0019395 0.0019906 0.0020929 0.0020425 0.0020425 0.0018887 0.0019912 0.0019912 0.0021447 0.0021441 0.0021441 0.0020930 0.0020421 0.0019906 0.0020418 0.0020418 0.0020930 0.0021445 0.0020932 0.0020932 0.0021444 0.0022980 0.0020934 0.0020937 0.0021449 0.0021444 0.0023496 0.0022465 0.0021960 0.0021445 0.0024517 0.0027593 0.0025026 0.0025026 0.0026050 0.0023493 0.0019390 0.0021442 0.0020931 0.0020419 0.0019907 0.0020426 0.0022458 0.0026573 0.0025547 0.0026569 0.0022978 1.9429597 1.9431271 
EBOV_H.sap-wt_GIN_14_Makona-Gueckedou-EM_079910_KR817221   1.8172769 1.8289650 1.8197967 1.3373905 1.2989360 0.0323439 0.0322879 0.0326281 0.0327508 0.0373356 0.0377504 0.0353026 0.0329659 0.0027578 0.0021936 0.0017842 0.0013762 0.0013762 0.0011719 0.0013251 0.0012739 0.0013760 0.0003052 0.0000000 0.0019393 0.0015807 0.0018363 0.0013253 0.0020409 0.0018874 0.0019394 0.0018883 0.0018882 0.0017860 0.0017860 0.0018371 0.0018371 0.0018371 0.0018371 0.0018882 0.0018371 0.0018883 0.0018883 0.0019905 0.0019395 0.0019906 0.0020929 0.0020424 0.0020425 0.0018887 0.0019911 0.0019911 0.0021447 0.0021441 0.0021440 0.0020929 0.0020420 0.0019906 0.0020418 0.0020418 0.0020930 0.0021445 0.0020931 0.0020931 0.0021444 0.0022979 0.0020934 0.0020936 0.0021449 0.0021444 0.0023496 0.0022465 0.0021959 0.0021445 0.0024517 0.0027592 0.0025025 0.0025026 0.0026050 0.0023493 0.0019390 0.0021442 0.0020931 0.0020419 0.0019907 0.0020425 0.0022458 0.0026573 0.0025546 0.0026569 0.0022978 1.9435868 1.9437541 
EBOV_H.sap-wt_LBR_14_Makona-LIBR0430_KR006955              1.8204158 1.8311852 1.8235028 1.3408752 1.3001132 0.0323670 0.0323110 0.0326514 0.0327742 0.0373620 0.0377771 0.0353277 0.0329894 0.0027599 0.0021953 0.0017856 0.0013773 0.0013773 0.0011728 0.0013261 0.0012748 0.0013770 0.0019393 0.0019393 0.0000000 0.0003561 0.0006106 0.0006106 0.0008142 0.0006615 0.0007124 0.0006615 0.0006615 0.0005597 0.0005597 0.0006106 0.0006106 0.0006106 0.0006106 0.0006615 0.0006106 0.0006615 0.0006615 0.0007633 0.0007124 0.0007633 0.0008663 0.0008156 0.0008156 0.0006615 0.0007645 0.0007645 0.0009176 0.0009173 0.0009173 0.0008663 0.0008154 0.0007643 0.0008153 0.0008153 0.0008663 0.0009175 0.0008664 0.0008664 0.0009175 0.0010705 0.0008665 0.0008666 0.0009177 0.0009175 0.0011218 0.0010194 0.0009687 0.0009175 0.0012238 0.0015303 0.0012746 0.0012747 0.0013768 0.0011217 0.0007124 0.0009174 0.0008664 0.0008154 0.0007644 0.0008664 0.0010191 0.0014284 0.0013262 0.0014282 0.0010705 1.9489844 1.9491512 
EBOV_H.sap-wt_SLE_14_Makona-G3734.1_KM233055               1.8177119 1.8284615 1.8207902 1.3389435 1.2996776 0.0320767 0.0320208 0.0323608 0.0324834 0.0370666 0.0374812 0.0350345 0.0326989 0.0024001 0.0018364 0.0014273 0.0010194 0.0010194 0.0008142 0.0009683 0.0009171 0.0010192 0.0015807 0.0015807 0.0003561 0.0000000 0.0002544 0.0002544 0.0004579 0.0003052 0.0003561 0.0003052 0.0003052 0.0002035 0.0002035 0.0002544 0.0002544 0.0002544 0.0002544 0.0003052 0.0002544 0.0003052 0.0003052 0.0004070 0.0003561 0.0004070 0.0005088 0.0004579 0.0004579 0.0003052 0.0004070 0.0004070 0.0005597 0.0005597 0.0005597 0.0005088 0.0004579 0.0004070 0.0004579 0.0004579 0.0005088 0.0005597 0.0005088 0.0005088 0.0005597 0.0007124 0.0005088 0.0005088 0.0005597 0.0005597 0.0007633 0.0006615 0.0006106 0.0005597 0.0008652 0.0011723 0.0009161 0.0009161 0.0010190 0.0007633 0.0003561 0.0005597 0.0005088 0.0004579 0.0004070 0.0005088 0.0006615 0.0010704 0.0009683 0.0010703 0.0007124 1.9464721 1.9466392 
EBOV_H.sap-wt_LBR_14_Makona-EM_080065_KR817232             1.8188030 1.8291228 1.8218846 1.3386345 1.2996554 0.0322450 0.0321890 0.0325292 0.0326519 0.0372970 0.0377119 0.0352634 0.0329779 0.0026564 0.0020922 0.0016827 0.0012747 0.0012747 0.0010703 0.0012235 0.0011723 0.0012744 0.0018363 0.0018363 0.0006106 0.0002544 0.0000000 0.0005088 0.0002035 0.0005597 0.0006106 0.0005597 0.0005597 0.0004579 0.0004579 0.0005088 0.0005088 0.0005088 0.0005088 0.0005597 0.0005088 0.0005597 0.0005597 0.0006615 0.0006106 0.0006615 0.0007633 0.0007124 0.0007124 0.0005597 0.0006615 0.0006615 0.0008152 0.0008142 0.0008142 0.0007633 0.0007124 0.0006615 0.0007124 0.0007124 0.0007633 0.0008142 0.0007633 0.0007633 0.0008142 0.0009681 0.0007633 0.0007633 0.0008153 0.0008142 0.0010193 0.0009161 0.0008663 0.0008142 0.0011212 0.0014276 0.0011721 0.0011721 0.0012742 0.0010192 0.0006106 0.0006106 0.0005597 0.0005088 0.0004579 0.0004579 0.0004070 0.0013258 0.0012236 0.0013256 0.0009681 1.9476202 1.9477872 
EBOV_H.sap-wt_SLE_14_Makona-G3676.1_KM034554               1.8185081 1.8292642 1.8215891 1.3385133 1.3005036 0.0317984 0.0317425 0.0320823 0.0322047 0.0367849 0.0371990 0.0347542 0.0324205 0.0021441 0.0015808 0.0011720 0.0007633 0.0007633 0.0005597 0.0007124 0.0006615 0.0007633 0.0013253 0.0013253 0.0006106 0.0002544 0.0005088 0.0000000 0.0007124 0.0005597 0.0006106 0.0005597 0.0005597 0.0004579 0.0004579 0.0005088 0.0005088 0.0005088 0.0005088 0.0005597 0.0005088 0.0005597 0.0005597 0.0006615 0.0006106 0.0006615 0.0007633 0.0007124 0.0007124 0.0005597 0.0006615 0.0006615 0.0008142 0.0008142 0.0008142 0.0007633 0.0007124 0.0006615 0.0007124 0.0007124 0.0007633 0.0008142 0.0007633 0.0007633 0.0008142 0.0009681 0.0007633 0.0007633 0.0008153 0.0008142 0.0010193 0.0009161 0.0008662 0.0008142 0.0011212 0.0014276 0.0011721 0.0011721 0.0012741 0.0010192 0.0006106 0.0008142 0.0007633 0.0007124 0.0006615 0.0007633 0.0009161 0.0013257 0.0012235 0.0013255 0.0009680 1.9458712 1.9460383 
EBOV_H.sap-wt_LBR_14_Makona-Foya-EM_074720_KR817125        1.8182909 1.8286099 1.8213718 1.3390386 1.3009554 0.0323560 0.0323000 0.0326404 0.0327631 0.0375236 0.0379389 0.0354888 0.0332017 0.0028616 0.0022969 0.0018872 0.0014790 0.0014790 0.0012745 0.0014278 0.0013766 0.0014787 0.0020410 0.0020409 0.0008142 0.0004579 0.0002035 0.0007124 0.0000000 0.0007633 0.0008142 0.0007633 0.0007633 0.0006615 0.0006615 0.0007124 0.0007124 0.0007124 0.0007124 0.0007633 0.0007124 0.0007633 0.0007633 0.0008652 0.0008142 0.0008652 0.0009680 0.0009174 0.0009174 0.0007633 0.0008663 0.0008663 0.0010194 0.0010191 0.0010190 0.0009681 0.0009172 0.0008652 0.0009161 0.0009161 0.0009681 0.0010192 0.0009682 0.0009682 0.0010192 0.0011723 0.0009683 0.0009684 0.0010194 0.0010192 0.0012235 0.0011211 0.0010704 0.0010193 0.0013255 0.0016320 0.0013763 0.0013764 0.0014785 0.0012234 0.0008142 0.0008142 0.0007633 0.0007124 0.0006615 0.0006615 0.0006106 0.0015302 0.0014279 0.0015299 0.0011722 1.9476700 1.9478370 
EBOV_H.sap-wt_GIN_14_Makona-Gueckedou-EM_076138_KR817140   1.8176596 1.8284133 1.8207390 1.3391810 1.3007735 0.0322997 0.0322437 0.0325840 0.0327067 0.0372924 0.0377072 0.0352590 0.0328760 0.0027076 0.0021433 0.0017338 0.0013257 0.0013257 0.0011213 0.0012745 0.0012233 0.0013254 0.0018874 0.0018874 0.0006615 0.0003052 0.0005597 0.0005597 0.0007633 0.0000000 0.0006615 0.0006106 0.0006106 0.0005088 0.0005088 0.0005597 0.0005597 0.0005597 0.0005597 0.0006106 0.0005597 0.0006106 0.0006106 0.0007124 0.0006615 0.0007124 0.0008142 0.0007633 0.0007633 0.0006106 0.0007124 0.0007124 0.0008662 0.0008652 0.0008652 0.0008142 0.0007633 0.0007124 0.0007633 0.0007633 0.0008142 0.0008652 0.0008142 0.0008142 0.0008652 0.0010191 0.0008142 0.0008153 0.0008663 0.0008652 0.0010703 0.0009680 0.0009173 0.0008652 0.0011723 0.0014786 0.0012231 0.0012231 0.0013252 0.0010702 0.0006615 0.0008652 0.0008142 0.0007633 0.0007124 0.0008142 0.0009670 0.0013768 0.0012746 0.0013766 0.0010190 1.9455861 1.9457533 
EBOV_H.sap-wt_LBR_15_Makona-Liberia-DQE4_KR074998          1.8203363 1.8311041 1.8234227 1.3404495 1.3006782 0.0324225 0.0323665 0.0327070 0.0328298 0.0374181 0.0378333 0.0353836 0.0330449 0.0027601 0.0021955 0.0017857 0.0013774 0.0013774 0.0011729 0.0013262 0.0012750 0.0013771 0.0019395 0.0019394 0.0007124 0.0003561 0.0006106 0.0006106 0.0008142 0.0006615 0.0000000 0.0002544 0.0002544 0.0001526 0.0001526 0.0002035 0.0002035 0.0002035 0.0002035 0.0002544 0.0002035 0.0002544 0.0002544 0.0003561 0.0003052 0.0003561 0.0004579 0.0004070 0.0004070 0.0002544 0.0003561 0.0003561 0.0005088 0.0005088 0.0005088 0.0004579 0.0004070 0.0003561 0.0004070 0.0004070 0.0004579 0.0005088 0.0004579 0.0004579 0.0005088 0.0006615 0.0004579 0.0004579 0.0005088 0.0005088 0.0007124 0.0006106 0.0005597 0.0005088 0.0008142 0.0011198 0.0008652 0.0008652 0.0009670 0.0007124 0.0004070 0.0009175 0.0008665 0.0008154 0.0007644 0.0008665 0.0010192 0.0010179 0.0009161 0.0010179 0.0010706 1.9486157 1.9487826 
EBOV_H.sap-wt_SLE_14_Makona-G3799_KM233080                 1.8197606 1.8305277 1.8228462 1.3401116 1.3010665 0.0323671 0.0323111 0.0326516 0.0327744 0.0373622 0.0377773 0.0353279 0.0329895 0.0027089 0.0021443 0.0017346 0.0013263 0.0013263 0.0011218 0.0012752 0.0012239 0.0013261 0.0018883 0.0018883 0.0006615 0.0003052 0.0005597 0.0005597 0.0007633 0.0006106 0.0002544 0.0000000 0.0001017 0.0001017 0.0001017 0.0001526 0.0001526 0.0001526 0.0001526 0.0002035 0.0001526 0.0002035 0.0002035 0.0003052 0.0002544 0.0003052 0.0004070 0.0003561 0.0003561 0.0002035 0.0003052 0.0003052 0.0004579 0.0004579 0.0004579 0.0004070 0.0003561 0.0003052 0.0003561 0.0003561 0.0004070 0.0004579 0.0004070 0.0004070 0.0004579 0.0006106 0.0004070 0.0004070 0.0004579 0.0004579 0.0006615 0.0005597 0.0005088 0.0004579 0.0007633 0.0010689 0.0008142 0.0008142 0.0009161 0.0006615 0.0003561 0.0008665 0.0008155 0.0007644 0.0007134 0.0008154 0.0009682 0.0009670 0.0008652 0.0009670 0.0010195 1.9483728 1.9485398 
EBOV_H.sap-wt_SLE_14_Makona-G3788_KM233075                 1.8192705 1.8300322 1.8223540 1.3395944 1.3005686 0.0323659 0.0323099 0.0326504 0.0327732 0.0373608 0.0377759 0.0353266 0.0329883 0.0027088 0.0021442 0.0017346 0.0013263 0.0013263 0.0011218 0.0012751 0.0012239 0.0013260 0.0018883 0.0018882 0.0006615 0.0003052 0.0005597 0.0005597 0.0007633 0.0006106 0.0002544 0.0001017 0.0000000 0.0001017 0.0001017 0.0001526 0.0001526 0.0001526 0.0001526 0.0002035 0.0001526 0.0002035 0.0002035 0.0003052 0.0002544 0.0003052 0.0004070 0.0003561 0.0003561 0.0002035 0.0003052 0.0003052 0.0004579 0.0004579 0.0004579 0.0004070 0.0003561 0.0003052 0.0003561 0.0003561 0.0004070 0.0004579 0.0004070 0.0004070 0.0004579 0.0006106 0.0004070 0.0004070 0.0004579 0.0004579 0.0006615 0.0005597 0.0005088 0.0004579 0.0007633 0.0010689 0.0008142 0.0008142 0.0009161 0.0006615 0.0003561 0.0008664 0.0008154 0.0007644 0.0007124 0.0008154 0.0009681 0.0009670 0.0008652 0.0009670 0.0010195 1.9475399 1.9477070 
EBOV_H.sap-wt_SLE_14_Makona-G3677.2_KM034557               1.8193373 1.8300985 1.8224207 1.3398427 1.3005583 0.0322550 0.0321990 0.0325394 0.0326621 0.0372486 0.0376635 0.0352149 0.0328774 0.0026063 0.0020419 0.0016323 0.0012241 0.0012241 0.0010197 0.0011730 0.0011217 0.0012239 0.0017860 0.0017860 0.0005597 0.0002035 0.0004579 0.0004579 0.0006615 0.0005088 0.0001526 0.0001017 0.0001017 0.0000000 0.0000010 0.0000509 0.0000509 0.0000509 0.0000509 0.0001017 0.0000509 0.0001017 0.0001017 0.0002035 0.0001526 0.0002035 0.0003052 0.0002544 0.0002544 0.0001017 0.0002035 0.0002035 0.0003561 0.0003561 0.0003561 0.0003052 0.0002544 0.0002035 0.0002544 0.0002544 0.0003052 0.0003561 0.0003052 0.0003052 0.0003561 0.0005088 0.0003052 0.0003052 0.0003561 0.0003561 0.0005597 0.0004579 0.0004070 0.0003561 0.0006615 0.0009670 0.0007124 0.0007124 0.0008142 0.0005597 0.0002544 0.0007644 0.0007134 0.0006615 0.0006106 0.0007124 0.0008652 0.0008652 0.0007633 0.0008652 0.0009174 1.9478343 1.9480013 
EBOV_H.sap-wt_SLE_14_Makona-G3735.2_KM233057               1.8193373 1.8300985 1.8224207 1.3398427 1.3005583 0.0322550 0.0321990 0.0325394 0.0326621 0.0372486 0.0376635 0.0352149 0.0328774 0.0026063 0.0020419 0.0016323 0.0012241 0.0012241 0.0010197 0.0011730 0.0011217 0.0012239 0.0017860 0.0017860 0.0005597 0.0002035 0.0004579 0.0004579 0.0006615 0.0005088 0.0001526 0.0001017 0.0001017 0.0000010 0.0000000 0.0000509 0.0000509 0.0000509 0.0000509 0.0001017 0.0000509 0.0001017 0.0001017 0.0002035 0.0001526 0.0002035 0.0003052 0.0002544 0.0002544 0.0001017 0.0002035 0.0002035 0.0003561 0.0003561 0.0003561 0.0003052 0.0002544 0.0002035 0.0002544 0.0002544 0.0003052 0.0003561 0.0003052 0.0003052 0.0003561 0.0005088 0.0003052 0.0003052 0.0003561 0.0003561 0.0005597 0.0004579 0.0004070 0.0003561 0.0006615 0.0009670 0.0007124 0.0007124 0.0008142 0.0005597 0.0002544 0.0007644 0.0007134 0.0006615 0.0006106 0.0007124 0.0008652 0.0008652 0.0007633 0.0008652 0.0009174 1.9478343 1.9480013 
EBOV_H.sap-wt_SLE_14_Makona-Bonthe-G5723_1_KR105319        1.8195387 1.8302997 1.8226223 1.3400350 1.3003783 0.0323106 0.0322546 0.0325950 0.0327178 0.0373049 0.0377199 0.0352709 0.0329330 0.0026575 0.0020931 0.0016835 0.0012752 0.0012752 0.0010707 0.0012240 0.0011728 0.0012750 0.0018371 0.0018371 0.0006106 0.0002544 0.0005088 0.0005088 0.0007124 0.0005597 0.0002035 0.0001526 0.0001526 0.0000509 0.0000509 0.0000000 0.0000010 0.0001017 0.0001017 0.0001526 0.0001017 0.0001526 0.0001526 0.0002544 0.0002035 0.0001526 0.0003561 0.0003052 0.0003052 0.0001526 0.0002544 0.0002544 0.0004070 0.0004070 0.0004070 0.0003561 0.0003052 0.0002544 0.0002035 0.0002035 0.0003561 0.0004070 0.0003561 0.0003561 0.0004070 0.0005597 0.0003561 0.0003561 0.0004070 0.0004070 0.0006106 0.0005088 0.0004579 0.0004070 0.0007124 0.0010179 0.0007633 0.0007633 0.0008652 0.0006106 0.0003052 0.0008154 0.0007644 0.0007124 0.0006615 0.0007644 0.0009171 0.0009161 0.0008142 0.0008142 0.0009685 1.9476313 1.9477983 
EBOV_H.sap-wt_SLE_14_Makona-J0042_KP759711                 1.8195387 1.8302997 1.8226223 1.3400350 1.3003783 0.0323106 0.0322546 0.0325950 0.0327178 0.0373049 0.0377199 0.0352709 0.0329330 0.0026575 0.0020931 0.0016835 0.0012752 0.0012752 0.0010707 0.0012240 0.0011728 0.0012750 0.0018371 0.0018371 0.0006106 0.0002544 0.0005088 0.0005088 0.0007124 0.0005597 0.0002035 0.0001526 0.0001526 0.0000509 0.0000509 0.0000010 0.0000000 0.0001017 0.0001017 0.0001526 0.0001017 0.0001526 0.0001526 0.0002544 0.0002035 0.0001526 0.0003561 0.0003052 0.0003052 0.0001526 0.0002544 0.0002544 0.0004070 0.0004070 0.0004070 0.0003561 0.0003052 0.0002544 0.0002035 0.0002035 0.0003561 0.0004070 0.0003561 0.0003561 0.0004070 0.0005597 0.0003561 0.0003561 0.0004070 0.0004070 0.0006106 0.0005088 0.0004579 0.0004070 0.0007124 0.0010179 0.0007633 0.0007633 0.0008652 0.0006106 0.0003052 0.0008154 0.0007644 0.0007124 0.0006615 0.0007644 0.0009171 0.0009161 0.0008142 0.0008142 0.0009685 1.9476313 1.9477983 
EBOV_H.sap-wt_SLE_14_Makona-G3789.1_KM233076               1.8191372 1.8298985 1.8222204 1.3400350 1.3007481 0.0323106 0.0322546 0.0325950 0.0327178 0.0373049 0.0377199 0.0352709 0.0329330 0.0026575 0.0020931 0.0016835 0.0012752 0.0012752 0.0010707 0.0012240 0.0011728 0.0012750 0.0018371 0.0018371 0.0006106 0.0002544 0.0005088 0.0005088 0.0007124 0.0005597 0.0002035 0.0001526 0.0001526 0.0000509 0.0000509 0.0001017 0.0001017 0.0000000 0.0001017 0.0001526 0.0001017 0.0001526 0.0001526 0.0002544 0.0002035 0.0002544 0.0003561 0.0003052 0.0003052 0.0001526 0.0002544 0.0002544 0.0004070 0.0004070 0.0004070 0.0003561 0.0003052 0.0002544 0.0003052 0.0003052 0.0003561 0.0004070 0.0003561 0.0003561 0.0004070 0.0005597 0.0003561 0.0003561 0.0004070 0.0004070 0.0006106 0.0005088 0.0004579 0.0004070 0.0007124 0.0010179 0.0007633 0.0007633 0.0008652 0.0006106 0.0003052 0.0008154 0.0007644 0.0007124 0.0006615 0.0007644 0.0009171 0.0009161 0.0008142 0.0009161 0.0009685 1.9480353 1.9482022 
EBOV_H.sap-wt_SLE_14_Makona-EM110_KM233037                 1.8190929 1.8298538 1.8221749 1.3396309 1.3008073 0.0323108 0.0322548 0.0325952 0.0327180 0.0373051 0.0377201 0.0352711 0.0329332 0.0026576 0.0020931 0.0016835 0.0012752 0.0012752 0.0010707 0.0012240 0.0011728 0.0012750 0.0018371 0.0018371 0.0006106 0.0002544 0.0005088 0.0005088 0.0007124 0.0005597 0.0002035 0.0001526 0.0001526 0.0000509 0.0000509 0.0001017 0.0001017 0.0001017 0.0000000 0.0001526 0.0001017 0.0001526 0.0001526 0.0002544 0.0002035 0.0002544 0.0003561 0.0003052 0.0003052 0.0001526 0.0002544 0.0002544 0.0004070 0.0004070 0.0004070 0.0003561 0.0003052 0.0002544 0.0003052 0.0003052 0.0003561 0.0004070 0.0003561 0.0003561 0.0004070 0.0005597 0.0003561 0.0003561 0.0004070 0.0004070 0.0006106 0.0005088 0.0004579 0.0004070 0.0007124 0.0010179 0.0007633 0.0007633 0.0008652 0.0006106 0.0003052 0.0008154 0.0007644 0.0007124 0.0006615 0.0007644 0.0009171 0.0009161 0.0008142 0.0009161 0.0009685 1.9475680 1.9477350 
EBOV_H.sap-wt_SLE_14_Makona-G3818_KM233092                 1.8188238 1.8295844 1.8219065 1.3398335 1.3007435 0.0323656 0.0323096 0.0326501 0.0327729 0.0373604 0.0377755 0.0353262 0.0329880 0.0027088 0.0021442 0.0017346 0.0013263 0.0013263 0.0011218 0.0012751 0.0012238 0.0013260 0.0018883 0.0018882 0.0006615 0.0003052 0.0005597 0.0005597 0.0007633 0.0006106 0.0002544 0.0002035 0.0002035 0.0001017 0.0001017 0.0001526 0.0001526 0.0001526 0.0001526 0.0000000 0.0001526 0.0002035 0.0002035 0.0003052 0.0002544 0.0003052 0.0004070 0.0003561 0.0003561 0.0002035 0.0003052 0.0003052 0.0004579 0.0004579 0.0004579 0.0004070 0.0003561 0.0003052 0.0003561 0.0003561 0.0004070 0.0004579 0.0004070 0.0004070 0.0004579 0.0006106 0.0004070 0.0004070 0.0004579 0.0004579 0.0006615 0.0005597 0.0005088 0.0004579 0.0007633 0.0010689 0.0008142 0.0008142 0.0009161 0.0006615 0.0003561 0.0008664 0.0008154 0.0007644 0.0007124 0.0008154 0.0009681 0.0009670 0.0008652 0.0009670 0.0010195 1.9478861 1.9480531 
