93
RESTV_M.fas-tc_USA_89_Philippines89-Pennsylvania_NC_004161 0.0000000 0.0249243 0.0312083 2.0715384 2.0513735 1.8260134 1.8267995 1.8289101 1.8262480 1.8295827 1.8344238 1.8306681 1.8371649 1.8338639 1.8349493 1.8341363 1.8311039 1.8311039 1.8346763 1.8353513 1.8357797 1.8352855 1.8362285 1.8362535 1.8394544 1.8367152 1.8378195 1.8375211 1.8372984 1.8366649 1.8393792 1.8387839 1.8382854 1.8383568 1.8383568 1.8385632 1.8385632 1.8381516 1.8381095 1.8378342 1.8391177 1.8387188 1.8387188 1.8387683 1.8379608 1.8385682 1.8391686 1.8393905 1.8395819 1.8400097 1.8410886 1.8410886 1.8406507 1.8386679 1.8392577 1.8403169 1.8387413 1.8376689 1.8380498 1.8380498 1.8388935 1.8396962 1.8405961 1.8405961 1.8385287 1.8372038 1.8397191 1.8383374 1.8392985 1.8384780 1.8403069 1.8387963 1.8418913 1.8414032 1.8378370 1.8402947 1.8402534 1.8384348 1.8392933 1.8424791 1.8380930 1.8354427 1.8342823 1.8355391 1.8352950 1.8393823 1.8392075 1.8399057 1.8392784 1.8387443 1.8424017 1.8369769 1.8365170 
RESTV_S.dom-tc_PHL_08_Reston08-A_FJ621583                  0.0249243 0.0000000 0.0494178 2.0773952 2.0763718 1.8337597 1.8345501 1.8366760 1.8339955 1.8356436 1.8403467 1.8369027 1.8429352 1.8445985 1.8456985 1.8445332 1.8418254 1.8418254 1.8454257 1.8461071 1.8465305 1.8460355 1.8479419 1.8479617 1.8502316 1.8474726 1.8481626 1.8482849 1.8476404 1.8474263 1.8501549 1.8495589 1.8490549 1.8491258 1.8491258 1.8493320 1.8493320 1.8489206 1.8488782 1.8486025 1.8498924 1.8494885 1.8494885 1.8495372 1.8487239 1.8493378 1.8505055 1.8501665 1.8503586 1.8507923 1.8518798 1.8518798 1.8514402 1.8494386 1.8500292 1.8510942 1.8495094 1.8484338 1.8488134 1.8488134 1.8497194 1.8504729 1.8513857 1.8513857 1.8508142 1.8500461 1.8507032 1.8491057 1.8500224 1.8492458 1.8510852 1.8491573 1.8526866 1.8521935 1.8491660 1.8531604 1.8515973 1.8497651 1.8506316 1.8532752 1.8488609 1.8459721 1.8448050 1.8460689 1.8458235 1.8499505 1.8495632 1.8506855 1.8500552 1.8495165 1.8531981 1.8467229 1.8462635 
RESTV_S.dom-xx_PHL_08_Reston08-C_FJ621584                  0.0312083 0.0494178 0.0000000 2.0610262 2.0586431 1.8281151 1.8289040 1.8312329 1.8284024 1.8279505 1.8312504 1.8288305 1.8319126 1.8366268 1.8379193 1.8371052 1.8361240 1.8361240 1.8376460 1.8383235 1.8387510 1.8388199 1.8386417 1.8386657 1.8424371 1.8396894 1.8407969 1.8404979 1.8402750 1.8396402 1.8423614 1.8417653 1.8412647 1.8413360 1.8413360 1.8415426 1.8415426 1.8411306 1.8410907 1.8408127 1.8405905 1.8416986 1.8416986 1.8417480 1.8409379 1.8415478 1.8427133 1.8423728 1.8425646 1.8429945 1.8440769 1.8440769 1.8436381 1.8416479 1.8424513 1.8433006 1.8402129 1.8406462 1.8410272 1.8410272 1.8419259 1.8426790 1.8435835 1.8435835 1.8430177 1.8416883 1.8427039 1.8413164 1.8422801 1.8417182 1.8432908 1.8417770 1.8448817 1.8443917 1.8413779 1.8438434 1.8438014 1.8419767 1.8426258 1.8454704 1.8410716 1.8384107 1.8372472 1.8385073 1.8382626 1.8423650 1.8416256 1.8428390 1.8422607 1.8418756 1.8451801 1.8427145 1.8426728 
TAFV_H.sap-tc_CIV_94_Pauleoula-CI_NC_014372                2.0715384 2.0773952 2.0610262 0.0000000 0.7795747 1.3246217 1.3241291 1.3246638 1.3215463 1.3425050 1.3429831 1.3415829 1.3388757 1.3512368 1.3516381 1.3491990 1.3519908 1.3519908 1.3508474 1.3502947 1.3512462 1.3512899 1.3502387 1.3493209 1.3528536 1.3509029 1.3505915 1.3504716 1.3510005 1.3511451 1.3524223 1.3520886 1.3515691 1.3518142 1.3518142 1.3520097 1.3520097 1.3520097 1.3516007 1.3518008 1.3522881 1.3514422 1.3514422 1.3518142 1.3509373 1.3522944 1.3512588 1.3519077 1.3531630 1.3527709 1.3533021 1.3533021 1.3531503 1.3521084 1.3517388 1.3506699 1.3504803 1.3521623 1.3529249 1.3529249 1.3527210 1.3520079 1.3514952 1.3514952 1.3522401 1.3517879 1.3512473 1.3509196 1.3534037 1.3516957 1.3515467 1.3520750 1.3525555 1.3525297 1.3505596 1.3506466 1.3517514 1.3521416 1.3516860 1.3535622 1.3506289 1.3522669 1.3525911 1.3530564 1.3530442 1.3511589 1.3512901 1.3513443 1.3522347 1.3533514 1.3506452 2.2153154 2.2150569 
BDBV_H.sap-xx_COD_12_EboBund-122_KC545395                  2.0513735 2.0763718 2.0586431 0.7795747 0.0000000 1.2828170 1.2823804 1.2833398 1.2819784 1.2947297 1.2943705 1.2949171 1.2914808 1.3124123 1.3099634 1.3098853 1.3125014 1.3125014 1.3119034 1.3116672 1.3112927 1.3113670 1.3108211 1.3103901 1.3116136 1.3111644 1.3111426 1.3119950 1.3124580 1.3122750 1.3121900 1.3125861 1.3120861 1.3120652 1.3120652 1.3118822 1.3118822 1.3122580 1.3123163 1.3122586 1.3125498 1.3123696 1.3123696 1.3122315 1.3119177 1.3121076 1.3125630 1.3130465 1.3131737 1.3129793 1.3134847 1.3134847 1.3137096 1.3121054 1.3123667 1.3127217 1.3112532 1.3124724 1.3114409 1.3114409 1.3128919 1.3125462 1.3114367 1.3114367 1.3130804 1.3128474 1.3120506 1.3121427 1.3143866 1.3115183 1.3139873 1.3126033 1.3134023 1.3127184 1.3120664 1.3135470 1.3114817 1.3124753 1.3129658 1.3130586 1.3115409 1.3125983 1.3126579 1.3120992 1.3120887 1.3122569 1.3109729 1.3125202 1.3116811 1.3128300 1.3128100 2.1646157 2.1641395 
EBOV_H.sap-tc_COD_07_1Luebo_KC242786                       1.8260134 1.8337597 1.8281151 1.3246217 1.2828170 0.0000000 0.0000509 0.0003561 0.0004579 0.0251080 0.0256785 0.0235062 0.0210967 0.0332578 0.0326321 0.0321799 0.0316887 0.0316887 0.0315129 0.0316829 0.0314011 0.0315125 0.0323519 0.0323513 0.0323736 0.0320835 0.0322519 0.0318050 0.0323630 0.0323066 0.0324291 0.0323738 0.0323726 0.0322616 0.0322616 0.0323172 0.0323172 0.0323172 0.0323174 0.0323723 0.0323176 0.0323729 0.0323729 0.0324833 0.0324296 0.0324842 0.0325950 0.0324845 0.0325516 0.0323809 0.0324935 0.0324935 0.0326605 0.0325976 0.0325389 0.0325959 0.0325446 0.0324846 0.0325403 0.0325403 0.0325963 0.0326572 0.0325993 0.0325993 0.0326555 0.0328213 0.0325420 0.0326054 0.0326615 0.0326557 0.0328248 0.0327628 0.0327166 0.0326573 0.0329901 0.0333254 0.0330404 0.0330412 0.0331513 0.0327687 0.0323643 0.0325419 0.0324874 0.0324310 0.0323755 0.0324322 0.0327010 0.0332216 0.0331087 0.0331048 0.0328799 1.9413240 1.9414912 
EBOV_H.sap-tc_COD_07_M-M_HQ613403                          1.8267995 1.8345501 1.8289040 1.3241291 1.2823804 0.0000509 0.0000000 0.0003052 0.0004070 0.0250532 0.0256235 0.0234516 0.0210426 0.0332016 0.0325761 0.0321239 0.0316327 0.0316327 0.0314571 0.0316270 0.0313452 0.0314566 0.0322958 0.0322953 0.0323175 0.0320275 0.0321959 0.0317491 0.0323069 0.0322506 0.0323731 0.0323177 0.0323165 0.0322056 0.0322056 0.0322612 0.0322612 0.0322612 0.0322614 0.0323162 0.0322616 0.0323168 0.0323168 0.0324272 0.0323735 0.0324282 0.0325389 0.0324284 0.0324955 0.0323248 0.0324374 0.0324374 0.0326044 0.0325415 0.0324828 0.0325398 0.0324885 0.0324285 0.0324842 0.0324842 0.0325402 0.0326011 0.0325432 0.0325432 0.0325994 0.0327652 0.0324859 0.0325493 0.0326054 0.0325995 0.0327686 0.0327066 0.0326605 0.0326012 0.0329339 0.0332692 0.0329842 0.0329850 0.0330951 0.0327126 0.0323083 0.0324858 0.0324313 0.0323749 0.0323194 0.0323761 0.0326449 0.0331654 0.0330525 0.0330486 0.0328238 1.9404865 1.9406538 
EBOV_H.sap-tc_COD_07_5Luebo_KC242790                       1.8289101 1.8366760 1.8312329 1.3246638 1.2833398 0.0003561 0.0003052 0.0000000 0.0007124 0.0252768 0.0258477 0.0236738 0.0212626 0.0334284 0.0329169 0.0324642 0.0319726 0.0319726 0.0317967 0.0319668 0.0316848 0.0317962 0.0326364 0.0326358 0.0326583 0.0323679 0.0325364 0.0320891 0.0326476 0.0325912 0.0327139 0.0326585 0.0326572 0.0325462 0.0325462 0.0326019 0.0326019 0.0326019 0.0326021 0.0326570 0.0326023 0.0326576 0.0326576 0.0327681 0.0327143 0.0327690 0.0328798 0.0327693 0.0328365 0.0326656 0.0327784 0.0327784 0.0329455 0.0328825 0.0328238 0.0328808 0.0328295 0.0327694 0.0328251 0.0328251 0.0328812 0.0329422 0.0328842 0.0328842 0.0329405 0.0331064 0.0328268 0.0328904 0.0329465 0.0329406 0.0331099 0.0330478 0.0330017 0.0329422 0.0332753 0.0336110 0.0333256 0.0333264 0.0334366 0.0330538 0.0326490 0.0328267 0.0327722 0.0327157 0.0326602 0.0327169 0.0329860 0.0335072 0.0333941 0.0333902 0.0331651 1.9402878 1.9404550 
EBOV_H.sap-tc_COD_08_034-KS_HQ613402                       1.8262480 1.8339955 1.8284024 1.3215463 1.2819784 0.0004579 0.0004070 0.0007124 0.0000000 0.0254394 0.0260107 0.0238987 0.0214853 0.0336659 0.0330393 0.0325863 0.0320945 0.0320945 0.0319184 0.0320886 0.0318064 0.0319179 0.0327586 0.0327580 0.0327805 0.0324899 0.0326586 0.0322110 0.0327698 0.0327134 0.0328362 0.0327807 0.0327795 0.0326684 0.0326684 0.0327241 0.0327241 0.0327241 0.0327243 0.0327792 0.0327245 0.0327798 0.0327798 0.0328904 0.0328366 0.0328913 0.0330022 0.0328916 0.0329589 0.0327879 0.0329007 0.0329007 0.0330680 0.0330049 0.0329461 0.0330032 0.0329518 0.0328917 0.0329475 0.0329475 0.0330036 0.0330646 0.0330066 0.0330066 0.0330629 0.0332290 0.0329492 0.0330128 0.0330690 0.0330631 0.0332324 0.0331703 0.0331242 0.0330647 0.0333979 0.0337338 0.0334483 0.0334491 0.0335593 0.0331763 0.0327712 0.0329491 0.0328946 0.0328380 0.0327825 0.0328392 0.0331084 0.0336300 0.0335168 0.0335129 0.0332877 1.9441429 1.9443099 
EBOV_H.sap-xx_COD_14_Lomela-Lokolia16_KP271018             1.8295827 1.8356436 1.8279505 1.3425050 1.2947297 0.0251080 0.0250532 0.0252768 0.0254394 0.0000000 0.0016337 0.0085037 0.0139103 0.0382125 0.0375172 0.0372830 0.0366752 0.0366752 0.0364960 0.0366685 0.0363827 0.0364954 0.0373459 0.0373452 0.0373707 0.0370755 0.0373059 0.0367935 0.0375327 0.0373014 0.0374269 0.0373709 0.0373695 0.0372572 0.0372572 0.0373135 0.0373135 0.0373135 0.0373138 0.0373692 0.0373140 0.0373699 0.0373699 0.0374815 0.0374274 0.0374826 0.0375945 0.0375498 0.0375524 0.0373791 0.0374933 0.0374933 0.0376624 0.0375975 0.0376499 0.0375956 0.0375443 0.0374830 0.0375394 0.0375394 0.0375961 0.0376585 0.0375996 0.0375996 0.0376565 0.0378241 0.0374913 0.0375396 0.0376633 0.0375440 0.0378282 0.0377645 0.0376070 0.0375464 0.0378823 0.0383347 0.0380453 0.0380462 0.0381052 0.0377714 0.0373602 0.0376011 0.0375462 0.0374889 0.0374328 0.0375524 0.0377612 0.0382308 0.0381163 0.0381117 0.0378842 1.9377951 1.9379626 
EBOV_H.sap-xx_COD_14_Lomela-Lokolia17_KP271019             1.8344238 1.8403467 1.8312504 1.3429831 1.2943705 0.0256785 0.0256235 0.0258477 0.0260107 0.0016337 0.0000000 0.0091357 0.0145042 0.0386286 0.0379320 0.0376974 0.0370889 0.0370889 0.0369093 0.0370821 0.0367958 0.0369087 0.0377605 0.0377598 0.0377855 0.0374898 0.0377206 0.0372074 0.0379478 0.0377160 0.0378418 0.0377857 0.0377843 0.0376719 0.0376719 0.0377283 0.0377283 0.0377283 0.0377285 0.0377840 0.0377288 0.0377847 0.0377847 0.0378964 0.0378423 0.0378976 0.0380097 0.0379650 0.0379676 0.0377941 0.0379085 0.0379085 0.0380777 0.0380127 0.0380652 0.0380108 0.0379595 0.0378980 0.0379545 0.0379545 0.0380113 0.0380739 0.0380148 0.0380148 0.0380718 0.0382397 0.0379064 0.0379546 0.0380787 0.0379591 0.0382437 0.0381799 0.0379758 0.0379151 0.0382979 0.0387510 0.0384611 0.0384620 0.0385211 0.0381869 0.0377749 0.0380163 0.0379613 0.0379040 0.0378478 0.0379676 0.0381766 0.0386470 0.0385323 0.0385277 0.0382998 1.9382507 1.9384179 
EBOV_H.sap-tc_COD_95_Kikwit-9510621_KR867676               1.8306681 1.8369027 1.8288305 1.3415829 1.2949171 0.0235062 0.0234516 0.0236738 0.0238987 0.0085037 0.0091357 0.0000000 0.0122177 0.0361728 0.0354819 0.0352494 0.0346441 0.0346441 0.0344664 0.0346378 0.0343537 0.0344659 0.0353116 0.0353110 0.0353351 0.0350421 0.0352711 0.0347616 0.0354967 0.0352668 0.0353911 0.0353354 0.0353340 0.0352223 0.0352223 0.0352784 0.0352784 0.0352784 0.0352786 0.0353337 0.0352788 0.0353344 0.0353344 0.0354455 0.0353916 0.0354465 0.0355580 0.0355130 0.0355153 0.0353431 0.0354567 0.0354567 0.0356249 0.0355608 0.0356131 0.0355590 0.0355077 0.0354469 0.0355030 0.0355030 0.0355594 0.0356212 0.0355627 0.0355627 0.0356194 0.0357862 0.0354548 0.0355032 0.0356258 0.0355073 0.0357900 0.0357270 0.0356814 0.0356213 0.0359562 0.0362344 0.0360064 0.0360073 0.0361181 0.0357335 0.0353252 0.0355642 0.0355094 0.0354525 0.0353966 0.0355153 0.0357239 0.0361902 0.0360763 0.0360720 0.0358456 1.9412925 1.9414598 
EBOV_H.sap-tc_COD_77_Bonduni_KC242791                      1.8371649 1.8429352 1.8319126 1.3388757 1.2914808 0.0210967 0.0210426 0.0212626 0.0214853 0.0139103 0.0145042 0.0122177 0.0000000 0.0338808 0.0331435 0.0329132 0.0323113 0.0323113 0.0321354 0.0323054 0.0320235 0.0321349 0.0329745 0.0329739 0.0329966 0.0327063 0.0329855 0.0324277 0.0332095 0.0328831 0.0330522 0.0329968 0.0329955 0.0328846 0.0328846 0.0329402 0.0329402 0.0329402 0.0329404 0.0329952 0.0329406 0.0329959 0.0329959 0.0331063 0.0330526 0.0331072 0.0332180 0.0331727 0.0331748 0.0330040 0.0331167 0.0331167 0.0332837 0.0332206 0.0332728 0.0332189 0.0331677 0.0331076 0.0331633 0.0331633 0.0332193 0.0332803 0.0332224 0.0332224 0.0332786 0.0334444 0.0331149 0.0331635 0.0332847 0.0331673 0.0334479 0.0333858 0.0333399 0.0332804 0.0336132 0.0339486 0.0336634 0.0336643 0.0337744 0.0333918 0.0329872 0.0332758 0.0332214 0.0331649 0.0331094 0.0332790 0.0333235 0.0338450 0.0337320 0.0337280 0.0333902 1.9493245 1.9494909 
EBOV_H.sap-wt_GIN_14_Makona-Gueckedou-EM_080076_KR817235   1.8338639 1.8445985 1.8366268 1.3512368 1.3124123 0.0332578 0.0332016 0.0334284 0.0336659 0.0382125 0.0386286 0.0361728 0.0338808 0.0000000 0.0024504 0.0020920 0.0021951 0.0021951 0.0019900 0.0021438 0.0020923 0.0021947 0.0027579 0.0027579 0.0027599 0.0024001 0.0026564 0.0021441 0.0028616 0.0027076 0.0027601 0.0027088 0.0027087 0.0026062 0.0026062 0.0026575 0.0026575 0.0026575 0.0026575 0.0027087 0.0026575 0.0027088 0.0027088 0.0028113 0.0027601 0.0028114 0.0029139 0.0028636 0.0028636 0.0027094 0.0028121 0.0028121 0.0029661 0.0029652 0.0029652 0.0029140 0.0028630 0.0028114 0.0028627 0.0028627 0.0029140 0.0029658 0.0029142 0.0029142 0.0029656 0.0031195 0.0029146 0.0029149 0.0029663 0.0029656 0.0031715 0.0030679 0.0030174 0.0029658 0.0032737 0.0035821 0.0033246 0.0033246 0.0034272 0.0031711 0.0027595 0.0029654 0.0029142 0.0028628 0.0028115 0.0029141 0.0030670 0.0034801 0.0033771 0.0034795 0.0031194 1.9647459 1.9649111 
EBOV_H.sap-wt_GIN_14_Makona-Gueckedou-EM_079702_KR817210   1.8349493 1.8456985 1.8379193 1.3516381 1.3099634 0.0326321 0.0325761 0.0329169 0.0330393 0.0375172 0.0379320 0.0354819 0.0331435 0.0024504 0.0000000 0.0015290 0.0016318 0.0016318 0.0014272 0.0015806 0.0015293 0.0016314 0.0021937 0.0021937 0.0021953 0.0018364 0.0020922 0.0015808 0.0022970 0.0021433 0.0021955 0.0021443 0.0021442 0.0020419 0.0020419 0.0020930 0.0020930 0.0020930 0.0020930 0.0021442 0.0020931 0.0021442 0.0021442 0.0022466 0.0021955 0.0022466 0.0023490 0.0022986 0.0022986 0.0021447 0.0022472 0.0022472 0.0024009 0.0024002 0.0024002 0.0023491 0.0022981 0.0022466 0.0022979 0.0022979 0.0023491 0.0024007 0.0023493 0.0023493 0.0024006 0.0025542 0.0023496 0.0023498 0.0024011 0.0024006 0.0026059 0.0025027 0.0024522 0.0024007 0.0027081 0.0030159 0.0027589 0.0027590 0.0028614 0.0026056 0.0021949 0.0024004 0.0023492 0.0022979 0.0022467 0.0023492 0.0025020 0.0029139 0.0027085 0.0029135 0.0025541 1.9647803 1.9649457 
EBOV_H.sap-wt_GIN_14_Makona-Gueckedou-EM_079587_KR817202   1.8341363 1.8445332 1.8371052 1.3491990 1.3098853 0.0321799 0.0321239 0.0324642 0.0325863 0.0372830 0.0376974 0.0352494 0.0329132 0.0020920 0.0015290 0.0000000 0.0012229 0.0012229 0.0010179 0.0011718 0.0011198 0.0012227 0.0017843 0.0017843 0.0017855 0.0014273 0.0016827 0.0011720 0.0018872 0.0017338 0.0017857 0.0017346 0.0017345 0.0016323 0.0016323 0.0016834 0.0016834 0.0016834 0.0016834 0.0017345 0.0016834 0.0017345 0.0017345 0.0018368 0.0017857 0.0018368 0.0019391 0.0018886 0.0018886 0.0017350 0.0018373 0.0018373 0.0019908 0.0019902 0.0019902 0.0019391 0.0018882 0.0018368 0.0018880 0.0018880 0.0019391 0.0019906 0.0019393 0.0019393 0.0019905 0.0021440 0.0019396 0.0019397 0.0019909 0.0019905 0.0021956 0.0020926 0.0020420 0.0019906 0.0022977 0.0026051 0.0023485 0.0023485 0.0024509 0.0021953 0.0017853 0.0019903 0.0019393 0.0018881 0.0018369 0.0019392 0.0020920 0.0025031 0.0024005 0.0025027 0.0021439 1.9639815 1.9641467 
EBOV_H.sap-tc_GIN_14_Makona-Gueckedou-C07_KP096421         1.8311039 1.8418254 1.8361240 1.3519908 1.3125014 0.0316887 0.0316327 0.0319726 0.0320945 0.0366752 0.0370889 0.0346441 0.0323113 0.0021951 0.0016318 0.0012229 0.0000000 0.0000010 0.0004070 0.0005597 0.0006106 0.0007124 0.0013763 0.0013763 0.0013773 0.0010194 0.0012746 0.0007633 0.0014790 0.0013257 0.0013774 0.0013263 0.0013263 0.0012241 0.0012241 0.0012752 0.0012752 0.0012752 0.0012752 0.0013262 0.0012752 0.0013263 0.0013263 0.0014284 0.0013774 0.0014285 0.0015307 0.0014801 0.0014801 0.0013266 0.0014289 0.0014289 0.0015823 0.0015818 0.0015818 0.0015307 0.0014798 0.0014285 0.0014796 0.0014796 0.0015307 0.0015821 0.0015309 0.0015309 0.0015820 0.0017354 0.0015311 0.0015312 0.0015824 0.0015820 0.0017869 0.0016841 0.0016334 0.0015821 0.0018890 0.0021962 0.0019398 0.0019399 0.0020422 0.0017867 0.0013771 0.0015819 0.0015308 0.0014797 0.0014286 0.0015308 0.0016836 0.0020942 0.0019917 0.0020939 0.0017353 1.9616663 1.9618317 
EBOV_H.sap-wt_GIN_14_Makona-Gueckedou-C07_KT013256         1.8311039 1.8418254 1.8361240 1.3519908 1.3125014 0.0316887 0.0316327 0.0319726 0.0320945 0.0366752 0.0370889 0.0346441 0.0323113 0.0021951 0.0016318 0.0012229 0.0000010 0.0000000 0.0004070 0.0005597 0.0006106 0.0007124 0.0013763 0.0013763 0.0013773 0.0010194 0.0012746 0.0007633 0.0014790 0.0013257 0.0013774 0.0013263 0.0013263 0.0012241 0.0012241 0.0012752 0.0012752 0.0012752 0.0012752 0.0013262 0.0012752 0.0013263 0.0013263 0.0014284 0.0013774 0.0014285 0.0015307 0.0014801 0.0014801 0.0013266 0.0014289 0.0014289 0.0015823 0.0015818 0.0015818 0.0015307 0.0014798 0.0014285 0.0014796 0.0014796 0.0015307 0.0015821 0.0015309 0.0015309 0.0015820 0.0017354 0.0015311 0.0015312 0.0015824 0.0015820 0.0017869 0.0016841 0.0016334 0.0015821 0.0018890 0.0021962 0.0019398 0.0019399 0.0020422 0.0017867 0.0013771 0.0015819 0.0015308 0.0014797 0.0014286 0.0015308 0.0016836 0.0020942 0.0019917 0.0020939 0.0017353 1.9616663 1.9618317 
EBOV_H.sap-wt_GIN_14_Makona-Macenta-EM_079422_KR817187     1.8346763 1.8454257 1.8376460 1.3508474 1.3119034 0.0315129 0.0314571 0.0317967 0.0319184 0.0364960 0.0369093 0.0344664 0.0321354 0.0019900 0.0014272 0.0010179 0.0004070 0.0004070 0.0000000 0.0001526 0.0004070 0.0005088 0.0011719 0.0011719 0.0011727 0.0008142 0.0010702 0.0005597 0.0012745 0.0011212 0.0011728 0.0011218 0.0011217 0.0010196 0.0010196 0.0010707 0.0010707 0.0010707 0.0010707 0.0011217 0.0010707 0.0011217 0.0011217 0.0012238 0.0011728 0.0012239 0.0013260 0.0012754 0.0012754 0.0011220 0.0012242 0.0012242 0.0013775 0.0013771 0.0013771 0.0013261 0.0012751 0.0012239 0.0012750 0.0012750 0.0013261 0.0013774 0.0013262 0.0013262 0.0013773 0.0015306 0.0013263 0.0013265 0.0013776 0.0013773 0.0015820 0.0014793 0.0014286 0.0013774 0.0016840 0.0019910 0.0017349 0.0017349 0.0018372 0.0015818 0.0011726 0.0013772 0.0013261 0.0012750 0.0012239 0.0013261 0.0014789 0.0018891 0.0017867 0.0018888 0.0015305 1.9651226 1.9652878 
EBOV_H.sap-wt_GIN_14_Makona-Macenta-EM_079424_KR817189     1.8353513 1.8461071 1.8383235 1.3502947 1.3116672 0.0316829 0.0316270 0.0319668 0.0320886 0.0366685 0.0370821 0.0346378 0.0323054 0.0021438 0.0015806 0.0011718 0.0005597 0.0005597 0.0001526 0.0000000 0.0005597 0.0006615 0.0013251 0.0013251 0.0013261 0.0009683 0.0012235 0.0007124 0.0014278 0.0012745 0.0013262 0.0012751 0.0012751 0.0011729 0.0011729 0.0012240 0.0012240 0.0012240 0.0012240 0.0012751 0.0012240 0.0012751 0.0012751 0.0013772 0.0013262 0.0013773 0.0014795 0.0014288 0.0014289 0.0012754 0.0013777 0.0013777 0.0015310 0.0015306 0.0015305 0.0014795 0.0014286 0.0013773 0.0014284 0.0014284 0.0014795 0.0015309 0.0014796 0.0014796 0.0015308 0.0016841 0.0014798 0.0014800 0.0015311 0.0015308 0.0017356 0.0016329 0.0015822 0.0015309 0.0018377 0.0021448 0.0018885 0.0018886 0.0019909 0.0017354 0.0013259 0.0015307 0.0014796 0.0014285 0.0013774 0.0014796 0.0016324 0.0020429 0.0019404 0.0020426 0.0016841 1.9639830 1.9641483 
EBOV_H.sap-tc_GIN_14_Makona-Gueckedou-C05_KP096420         1.8357797 1.8465305 1.8387510 1.3512462 1.3112927 0.0314011 0.0313452 0.0316848 0.0318064 0.0363827 0.0367958 0.0343537 0.0320235 0.0020923 0.0015293 0.0011198 0.0006106 0.0006106 0.0004070 0.0005597 0.0000000 0.0001017 0.0012739 0.0012739 0.0012748 0.0009171 0.0011723 0.0006615 0.0013766 0.0012233 0.0012749 0.0012239 0.0012238 0.0011217 0.0011217 0.0011728 0.0011728 0.0011728 0.0011728 0.0012238 0.0011728 0.0012238 0.0012238 0.0013260 0.0012749 0.0013260 0.0014282 0.0013775 0.0013776 0.0012241 0.0013264 0.0013264 0.0014797 0.0014793 0.0014792 0.0014282 0.0013773 0.0013260 0.0013771 0.0013771 0.0014282 0.0014795 0.0014283 0.0014283 0.0014795 0.0016328 0.0014285 0.0014286 0.0014798 0.0014795 0.0016842 0.0015815 0.0015308 0.0014795 0.0017863 0.0020933 0.0018371 0.0018372 0.0019394 0.0016840 0.0012746 0.0014793 0.0014283 0.0013772 0.0013261 0.0014283 0.0015810 0.0019914 0.0018889 0.0019911 0.0016327 1.9633627 1.9635280 
EBOV_H.sap-wt_GIN_14_Makona-Kissidougou-C15_KT013254       1.8352855 1.8460355 1.8388199 1.3512899 1.3113670 0.0315125 0.0314566 0.0317962 0.0319179 0.0364954 0.0369087 0.0344659 0.0321349 0.0021947 0.0016314 0.0012227 0.0007124 0.0007124 0.0005088 0.0006615 0.0001017 0.0000000 0.0013760 0.0013760 0.0013770 0.0010192 0.0012744 0.0007633 0.0014787 0.0013254 0.0013771 0.0013260 0.0013260 0.0012238 0.0012238 0.0012749 0.0012749 0.0012749 0.0012749 0.0013260 0.0012749 0.0013260 0.0013260 0.0014282 0.0013771 0.0014282 0.0015304 0.0014798 0.0014798 0.0013263 0.0014286 0.0014286 0.0015819 0.0015815 0.0015815 0.0015304 0.0014795 0.0014282 0.0014793 0.0014793 0.0015304 0.0015818 0.0015306 0.0015306 0.0015817 0.0017351 0.0015308 0.0015309 0.0015820 0.0015817 0.0017865 0.0016838 0.0016331 0.0015818 0.0018886 0.0021957 0.0019395 0.0019395 0.0020418 0.0017863 0.0013768 0.0015816 0.0015305 0.0014794 0.0014283 0.0015305 0.0016833 0.0020938 0.0019913 0.0020935 0.0017350 1.9634299 1.9635952 
EBOV_H.sap-wt_GIN_14_Makona-Gueckedou-EM_079750_KR817213   1.8362285 1.8479419 1.8386417 1.3502387 1.3108211 0.0323519 0.0322958 0.0326364 0.0327586 0.0373459 0.0377605 0.0353116 0.0329745 0.0027579 0.0021937 0.0017843 0.0013763 0.0013763 0.0011719 0.0013251 0.0012739 0.0013760 0.0000000 0.0003052 0.0019393 0.0015807 0.0018363 0.0013253 0.0020410 0.0018874 0.0019394 0.0018883 0.0018882 0.0017860 0.0017860 0.0018371 0.0018371 0.0018371 0.0018371 0.0018882 0.0018371 0.0018883 0.0018883 0.0019905 0.0019395 0.0019906 0.0020929 0.0020424 0.0020425 0.0018887 0.0019911 0.0019911 0.0021447 0.0021441 0.0021440 0.0020929 0.0020420 0.0019906 0.0020418 0.0020418 0.0020930 0.0021445 0.0020931 0.0020931 0.0021444 0.0022979 0.0020934 0.0020936 0.0021448 0.0021444 0.0023496 0.0022465 0.0021959 0.0021445 0.0024517 0.0027593 0.0025025 0.0025026 0.0026050 0.0023493 0.0019390 0.0021442 0.0020931 0.0020419 0.0019907 0.0020425 0.0022458 0.0026573 0.0025547 0.0026569 0.0022978 1.9638732 1.9640384 
EBOV_H.sap-wt_GIN_14_Makona-Gueckedou-EM_079910_KR817221   1.8362535 1.8479617 1.8386657 1.3493209 1.3103901 0.0323513 0.0322953 0.0326358 0.0327580 0.0373452 0.0377598 0.0353110 0.0329739 0.0027579 0.0021937 0.0017843 0.0013763 0.0013763 0.0011719 0.0013251 0.0012739 0.0013760 0.0003052 0.0000000 0.0019392 0.0015807 0.0018363 0.0013253 0.0020409 0.0018874 0.0019394 0.0018883 0.0018882 0.0017859 0.0017859 0.0018371 0.0018371 0.0018371 0.0018371 0.0018882 0.0018371 0.0018882 0.0018882 0.0019905 0.0019394 0.0019905 0.0020929 0.0020424 0.0020424 0.0018887 0.0019911 0.0019911 0.0021447 0.0021441 0.0021440 0.0020929 0.0020420 0.0019906 0.0020417 0.0020417 0.0020929 0.0021444 0.0020931 0.0020931 0.0021443 0.0022979 0.0020934 0.0020936 0.0021448 0.0021444 0.0023495 0.0022465 0.0021959 0.0021444 0.0024517 0.0027592 0.0025025 0.0025025 0.0026049 0.0023492 0.0019390 0.0021442 0.0020930 0.0020418 0.0019907 0.0020425 0.0022458 0.0026573 0.0025546 0.0026569 0.0022978 1.9645075 1.9646727 
EBOV_H.sap-wt_LBR_14_Makona-LIBR0430_KR006955              1.8394544 1.8502316 1.8424371 1.3528536 1.3116136 0.0323736 0.0323175 0.0326583 0.0327805 0.0373707 0.0377855 0.0353351 0.0329966 0.0027599 0.0021953 0.0017855 0.0013773 0.0013773 0.0011727 0.0013261 0.0012748 0.0013770 0.0019393 0.0019392 0.0000000 0.0003561 0.0006106 0.0006106 0.0008142 0.0006615 0.0007124 0.0006615 0.0006615 0.0005597 0.0005597 0.0006106 0.0006106 0.0006106 0.0006106 0.0006615 0.0006106 0.0006615 0.0006615 0.0007633 0.0007124 0.0007633 0.0008663 0.0008156 0.0008156 0.0006615 0.0007645 0.0007645 0.0009176 0.0009173 0.0009173 0.0008663 0.0008154 0.0007633 0.0008153 0.0008153 0.0008663 0.0009175 0.0008664 0.0008664 0.0009174 0.0010705 0.0008665 0.0008666 0.0009176 0.0009174 0.0011218 0.0010194 0.0009686 0.0009175 0.0012237 0.0015303 0.0012746 0.0012746 0.0013767 0.0011216 0.0007124 0.0009174 0.0008664 0.0008153 0.0007643 0.0008664 0.0010191 0.0014284 0.0013261 0.0014282 0.0010705 1.9699782 1.9701429 
EBOV_H.sap-wt_SLE_14_Makona-G3734.1_KM233055               1.8367152 1.8474726 1.8396894 1.3509029 1.3111644 0.0320835 0.0320275 0.0323679 0.0324899 0.0370755 0.0374898 0.0350421 0.0327063 0.0024001 0.0018364 0.0014273 0.0010194 0.0010194 0.0008142 0.0009683 0.0009171 0.0010192 0.0015807 0.0015807 0.0003561 0.0000000 0.0002544 0.0002544 0.0004579 0.0003052 0.0003561 0.0003052 0.0003052 0.0002035 0.0002035 0.0002544 0.0002544 0.0002544 0.0002544 0.0003052 0.0002544 0.0003052 0.0003052 0.0004070 0.0003561 0.0004070 0.0005088 0.0004579 0.0004579 0.0003052 0.0004070 0.0004070 0.0005597 0.0005597 0.0005597 0.0005088 0.0004579 0.0004070 0.0004579 0.0004579 0.0005088 0.0005597 0.0005088 0.0005088 0.0005597 0.0007124 0.0005088 0.0005088 0.0005597 0.0005597 0.0007633 0.0006615 0.0006106 0.0005597 0.0008652 0.0011723 0.0009161 0.0009161 0.0010190 0.0007633 0.0003561 0.0005597 0.0005088 0.0004579 0.0004070 0.0005088 0.0006615 0.0010704 0.0009683 0.0010703 0.0007124 1.9674229 1.9675879 
EBOV_H.sap-wt_LBR_14_Makona-EM_080065_KR817232             1.8378195 1.8481626 1.8407969 1.3505915 1.3111426 0.0322519 0.0321959 0.0325364 0.0326586 0.0373059 0.0377206 0.0352711 0.0329855 0.0026564 0.0020922 0.0016827 0.0012746 0.0012746 0.0010702 0.0012235 0.0011723 0.0012744 0.0018363 0.0018363 0.0006106 0.0002544 0.0000000 0.0005088 0.0002035 0.0005597 0.0006106 0.0005597 0.0005597 0.0004579 0.0004579 0.0005088 0.0005088 0.0005088 0.0005088 0.0005597 0.0005088 0.0005597 0.0005597 0.0006615 0.0006106 0.0006615 0.0007633 0.0007124 0.0007124 0.0005597 0.0006615 0.0006615 0.0008152 0.0008142 0.0008142 0.0007633 0.0007124 0.0006615 0.0007124 0.0007124 0.0007633 0.0008142 0.0007633 0.0007633 0.0008142 0.0009681 0.0007633 0.0007633 0.0008153 0.0008142 0.0010193 0.0009161 0.0008663 0.0008142 0.0011212 0.0014276 0.0011721 0.0011721 0.0012742 0.0010192 0.0006106 0.0006106 0.0005597 0.0005088 0.0004579 0.0004579 0.0004070 0.0013258 0.0012236 0.0013255 0.0009681 1.9685906 1.9687555 
EBOV_H.sap-wt_SLE_14_Makona-G3676.1_KM034554               1.8375211 1.8482849 1.8404979 1.3504716 1.3119950 0.0318050 0.0317491 0.0320891 0.0322110 0.0367935 0.0372074 0.0347616 0.0324277 0.0021441 0.0015808 0.0011720 0.0007633 0.0007633 0.0005597 0.0007124 0.0006615 0.0007633 0.0013253 0.0013253 0.0006106 0.0002544 0.0005088 0.0000000 0.0007124 0.0005597 0.0006106 0.0005597 0.0005597 0.0004579 0.0004579 0.0005088 0.0005088 0.0005088 0.0005088 0.0005597 0.0005088 0.0005597 0.0005597 0.0006615 0.0006106 0.0006615 0.0007633 0.0007124 0.0007124 0.0005597 0.0006615 0.0006615 0.0008142 0.0008142 0.0008142 0.0007633 0.0007124 0.0006615 0.0007124 0.0007124 0.0007633 0.0008142 0.0007633 0.0007633 0.0008142 0.0009681 0.0007633 0.0007633 0.0008153 0.0008142 0.0010193 0.0009161 0.0008662 0.0008142 0.0011212 0.0014276 0.0011720 0.0011721 0.0012741 0.0010192 0.0006106 0.0008142 0.0007633 0.0007124 0.0006615 0.0007633 0.0009161 0.0013257 0.0012235 0.0013255 0.0009680 1.9668048 1.9669698 
EBOV_H.sap-wt_LBR_14_Makona-Foya-EM_074720_KR817125        1.8372984 1.8476404 1.8402750 1.3510005 1.3124580 0.0323630 0.0323069 0.0326476 0.0327698 0.0375327 0.0379478 0.0354967 0.0332095 0.0028616 0.0022970 0.0018872 0.0014790 0.0014790 0.0012745 0.0014278 0.0013766 0.0014787 0.0020410 0.0020409 0.0008142 0.0004579 0.0002035 0.0007124 0.0000000 0.0007633 0.0008142 0.0007633 0.0007633 0.0006615 0.0006615 0.0007124 0.0007124 0.0007124 0.0007124 0.0007633 0.0007124 0.0007633 0.0007633 0.0008652 0.0008142 0.0008652 0.0009680 0.0009173 0.0009174 0.0007633 0.0008663 0.0008663 0.0010193 0.0010191 0.0010190 0.0009681 0.0009172 0.0008652 0.0009161 0.0009161 0.0009681 0.0010192 0.0009681 0.0009681 0.0010192 0.0011723 0.0009683 0.0009684 0.0010194 0.0010192 0.0012235 0.0011211 0.0010704 0.0010192 0.0013255 0.0016320 0.0013763 0.0013764 0.0014784 0.0012234 0.0008142 0.0008142 0.0007633 0.0007124 0.0006615 0.0006615 0.0006106 0.0015302 0.0014279 0.0015299 0.0011722 1.9686377 1.9688026 
EBOV_H.sap-wt_GIN_14_Makona-Gueckedou-EM_076138_KR817140   1.8366649 1.8474263 1.8396402 1.3511451 1.3122750 0.0323066 0.0322506 0.0325912 0.0327134 0.0373014 0.0377160 0.0352668 0.0328831 0.0027076 0.0021433 0.0017338 0.0013257 0.0013257 0.0011212 0.0012745 0.0012233 0.0013254 0.0018874 0.0018874 0.0006615 0.0003052 0.0005597 0.0005597 0.0007633 0.0000000 0.0006615 0.0006106 0.0006106 0.0005088 0.0005088 0.0005597 0.0005597 0.0005597 0.0005597 0.0006106 0.0005597 0.0006106 0.0006106 0.0007124 0.0006615 0.0007124 0.0008142 0.0007633 0.0007633 0.0006106 0.0007124 0.0007124 0.0008662 0.0008652 0.0008652 0.0008142 0.0007633 0.0007124 0.0007633 0.0007633 0.0008142 0.0008652 0.0008142 0.0008142 0.0008652 0.0010191 0.0008142 0.0008153 0.0008663 0.0008652 0.0010703 0.0009670 0.0009172 0.0008652 0.0011722 0.0014786 0.0012231 0.0012231 0.0013252 0.0010702 0.0006615 0.0008652 0.0008142 0.0007633 0.0007124 0.0008142 0.0009670 0.0013768 0.0012746 0.0013766 0.0010191 1.9665113 1.9666764 
EBOV_H.sap-wt_LBR_15_Makona-Liberia-DQE4_KR074998          1.8393792 1.8501549 1.8423614 1.3524223 1.3121900 0.0324291 0.0323731 0.0327139 0.0328362 0.0374269 0.0378418 0.0353911 0.0330522 0.0027601 0.0021955 0.0017857 0.0013774 0.0013774 0.0011728 0.0013262 0.0012749 0.0013771 0.0019394 0.0019394 0.0007124 0.0003561 0.0006106 0.0006106 0.0008142 0.0006615 0.0000000 0.0002544 0.0002544 0.0001526 0.0001526 0.0002035 0.0002035 0.0002035 0.0002035 0.0002544 0.0002035 0.0002544 0.0002544 0.0003561 0.0003052 0.0003561 0.0004579 0.0004070 0.0004070 0.0002544 0.0003561 0.0003561 0.0005088 0.0005088 0.0005088 0.0004579 0.0004070 0.0003561 0.0004070 0.0004070 0.0004579 0.0005088 0.0004579 0.0004579 0.0005088 0.0006615 0.0004579 0.0004579 0.0005088 0.0005088 0.0007124 0.0006106 0.0005597 0.0005088 0.0008142 0.0011198 0.0008652 0.0008652 0.0009670 0.0007124 0.0004070 0.0009174 0.0008664 0.0008154 0.0007644 0.0008664 0.0010192 0.0010179 0.0009161 0.0010179 0.0010706 1.9696101 1.9697749 
EBOV_H.sap-wt_SLE_14_Makona-G3799_KM233080                 1.8387839 1.8495589 1.8417653 1.3520886 1.3125861 0.0323738 0.0323177 0.0326585 0.0327807 0.0373709 0.0377857 0.0353354 0.0329968 0.0027088 0.0021443 0.0017346 0.0013263 0.0013263 0.0011218 0.0012751 0.0012239 0.0013260 0.0018883 0.0018883 0.0006615 0.0003052 0.0005597 0.0005597 0.0007633 0.0006106 0.0002544 0.0000000 0.0001017 0.0001017 0.0001017 0.0001526 0.0001526 0.0001526 0.0001526 0.0002035 0.0001526 0.0002035 0.0002035 0.0003052 0.0002544 0.0003052 0.0004070 0.0003561 0.0003561 0.0002035 0.0003052 0.0003052 0.0004579 0.0004579 0.0004579 0.0004070 0.0003561 0.0003052 0.0003561 0.0003561 0.0004070 0.0004579 0.0004070 0.0004070 0.0004579 0.0006106 0.0004070 0.0004070 0.0004579 0.0004579 0.0006615 0.0005597 0.0005088 0.0004579 0.0007633 0.0010689 0.0008142 0.0008142 0.0009161 0.0006615 0.0003561 0.0008664 0.0008154 0.0007644 0.0007124 0.0008154 0.0009682 0.0009670 0.0008652 0.0009670 0.0010195 1.9693615 1.9695264 
EBOV_H.sap-wt_SLE_14_Makona-G3788_KM233075                 1.8382854 1.8490549 1.8412647 1.3515691 1.3120861 0.0323726 0.0323165 0.0326572 0.0327795 0.0373695 0.0377843 0.0353340 0.0329955 0.0027087 0.0021442 0.0017345 0.0013263 0.0013263 0.0011217 0.0012751 0.0012238 0.0013260 0.0018882 0.0018882 0.0006615 0.0003052 0.0005597 0.0005597 0.0007633 0.0006106 0.0002544 0.0001017 0.0000000 0.0001017 0.0001017 0.0001526 0.0001526 0.0001526 0.0001526 0.0002035 0.0001526 0.0002035 0.0002035 0.0003052 0.0002544 0.0003052 0.0004070 0.0003561 0.0003561 0.0002035 0.0003052 0.0003052 0.0004579 0.0004579 0.0004579 0.0004070 0.0003561 0.0003052 0.0003561 0.0003561 0.0004070 0.0004579 0.0004070 0.0004070 0.0004579 0.0006106 0.0004070 0.0004070 0.0004579 0.0004579 0.0006615 0.0005597 0.0005088 0.0004579 0.0007633 0.0010689 0.0008142 0.0008142 0.0009161 0.0006615 0.0003561 0.0008664 0.0008154 0.0007644 0.0007124 0.0008154 0.0009681 0.0009670 0.0008652 0.0009670 0.0010195 1.9685218 1.9686868 
EBOV_H.sap-wt_SLE_14_Makona-G3677.2_KM034557               1.8383568 1.8491258 1.8413360 1.3518142 1.3120652 0.0322616 0.0322056 0.0325462 0.0326684 0.0372572 0.0376719 0.0352223 0.0328846 0.0026062 0.0020419 0.0016323 0.0012241 0.0012241 0.0010196 0.0011729 0.0011217 0.0012238 0.0017860 0.0017859 0.0005597 0.0002035 0.0004579 0.0004579 0.0006615 0.0005088 0.0001526 0.0001017 0.0001017 0.0000000 0.0000010 0.0000509 0.0000509 0.0000509 0.0000509 0.0001017 0.0000509 0.0001017 0.0001017 0.0002035 0.0001526 0.0002035 0.0003052 0.0002544 0.0002544 0.0001017 0.0002035 0.0002035 0.0003561 0.0003561 0.0003561 0.0003052 0.0002544 0.0002035 0.0002544 0.0002544 0.0003052 0.0003561 0.0003052 0.0003052 0.0003561 0.0005088 0.0003052 0.0003052 0.0003561 0.0003561 0.0005597 0.0004579 0.0004070 0.0003561 0.0006615 0.0009670 0.0007124 0.0007124 0.0008142 0.0005597 0.0002544 0.0007644 0.0007124 0.0006615 0.0006106 0.0007124 0.0008652 0.0008652 0.0007633 0.0008652 0.0009174 1.9688131 1.9689780 
EBOV_H.sap-wt_SLE_14_Makona-G3735.2_KM233057               1.8383568 1.8491258 1.8413360 1.3518142 1.3120652 0.0322616 0.0322056 0.0325462 0.0326684 0.0372572 0.0376719 0.0352223 0.0328846 0.0026062 0.0020419 0.0016323 0.0012241 0.0012241 0.0010196 0.0011729 0.0011217 0.0012238 0.0017860 0.0017859 0.0005597 0.0002035 0.0004579 0.0004579 0.0006615 0.0005088 0.0001526 0.0001017 0.0001017 0.0000010 0.0000000 0.0000509 0.0000509 0.0000509 0.0000509 0.0001017 0.0000509 0.0001017 0.0001017 0.0002035 0.0001526 0.0002035 0.0003052 0.0002544 0.0002544 0.0001017 0.0002035 0.0002035 0.0003561 0.0003561 0.0003561 0.0003052 0.0002544 0.0002035 0.0002544 0.0002544 0.0003052 0.0003561 0.0003052 0.0003052 0.0003561 0.0005088 0.0003052 0.0003052 0.0003561 0.0003561 0.0005597 0.0004579 0.0004070 0.0003561 0.0006615 0.0009670 0.0007124 0.0007124 0.0008142 0.0005597 0.0002544 0.0007644 0.0007124 0.0006615 0.0006106 0.0007124 0.0008652 0.0008652 0.0007633 0.0008652 0.0009174 1.9688131 1.9689780 
EBOV_H.sap-wt_SLE_14_Makona-Bonthe-G5723_1_KR105319        1.8385632 1.8493320 1.8415426 1.3520097 1.3118822 0.0323172 0.0322612 0.0326019 0.0327241 0.0373135 0.0377283 0.0352784 0.0329402 0.0026575 0.0020930 0.0016834 0.0012752 0.0012752 0.0010707 0.0012240 0.0011728 0.0012749 0.0018371 0.0018371 0.0006106 0.0002544 0.0005088 0.0005088 0.0007124 0.0005597 0.0002035 0.0001526 0.0001526 0.0000509 0.0000509 0.0000000 0.0000010 0.0001017 0.0001017 0.0001526 0.0001017 0.0001526 0.0001526 0.0002544 0.0002035 0.0001526 0.0003561 0.0003052 0.0003052 0.0001526 0.0002544 0.0002544 0.0004070 0.0004070 0.0004070 0.0003561 0.0003052 0.0002544 0.0002035 0.0002035 0.0003561 0.0004070 0.0003561 0.0003561 0.0004070 0.0005597 0.0003561 0.0003561 0.0004070 0.0004070 0.0006106 0.0005088 0.0004579 0.0004070 0.0007124 0.0010179 0.0007633 0.0007633 0.0008652 0.0006106 0.0003052 0.0008154 0.0007644 0.0007124 0.0006615 0.0007644 0.0009171 0.0009161 0.0008142 0.0008142 0.0009685 1.9686042 1.9687692 
EBOV_H.sap-wt_SLE_14_Makona-J0042_KP759711                 1.8385632 1.8493320 1.8415426 1.3520097 1.3118822 0.0323172 0.0322612 0.0326019 0.0327241 0.0373135 0.0377283 0.0352784 0.0329402 0.0026575 0.0020930 0.0016834 0.0012752 0.0012752 0.0010707 0.0012240 0.0011728 0.0012749 0.0018371 0.0018371 0.0006106 0.0002544 0.0005088 0.0005088 0.0007124 0.0005597 0.0002035 0.0001526 0.0001526 0.0000509 0.0000509 0.0000010 0.0000000 0.0001017 0.0001017 0.0001526 0.0001017 0.0001526 0.0001526 0.0002544 0.0002035 0.0001526 0.0003561 0.0003052 0.0003052 0.0001526 0.0002544 0.0002544 0.0004070 0.0004070 0.0004070 0.0003561 0.0003052 0.0002544 0.0002035 0.0002035 0.0003561 0.0004070 0.0003561 0.0003561 0.0004070 0.0005597 0.0003561 0.0003561 0.0004070 0.0004070 0.0006106 0.0005088 0.0004579 0.0004070 0.0007124 0.0010179 0.0007633 0.0007633 0.0008652 0.0006106 0.0003052 0.0008154 0.0007644 0.0007124 0.0006615 0.0007644 0.0009171 0.0009161 0.0008142 0.0008142 0.0009685 1.9686042 1.9687692 
EBOV_H.sap-wt_SLE_14_Makona-G3789.1_KM233076               1.8381516 1.8489206 1.8411306 1.3520097 1.3122580 0.0323172 0.0322612 0.0326019 0.0327241 0.0373135 0.0377283 0.0352784 0.0329402 0.0026575 0.0020930 0.0016834 0.0012752 0.0012752 0.0010707 0.0012240 0.0011728 0.0012749 0.0018371 0.0018371 0.0006106 0.0002544 0.0005088 0.0005088 0.0007124 0.0005597 0.0002035 0.0001526 0.0001526 0.0000509 0.0000509 0.0001017 0.0001017 0.0000000 0.0001017 0.0001526 0.0001017 0.0001526 0.0001526 0.0002544 0.0002035 0.0002544 0.0003561 0.0003052 0.0003052 0.0001526 0.0002544 0.0002544 0.0004070 0.0004070 0.0004070 0.0003561 0.0003052 0.0002544 0.0003052 0.0003052 0.0003561 0.0004070 0.0003561 0.0003561 0.0004070 0.0005597 0.0003561 0.0003561 0.0004070 0.0004070 0.0006106 0.0005088 0.0004579 0.0004070 0.0007124 0.0010179 0.0007633 0.0007633 0.0008652 0.0006106 0.0003052 0.0008154 0.0007644 0.0007124 0.0006615 0.0007644 0.0009171 0.0009161 0.0008142 0.0009161 0.0009685 1.9690197 1.9691846 
EBOV_H.sap-wt_SLE_14_Makona-EM110_KM233037                 1.8381095 1.8488782 1.8410907 1.3516007 1.3123163 0.0323174 0.0322614 0.0326021 0.0327243 0.0373138 0.0377285 0.0352786 0.0329404 0.0026575 0.0020930 0.0016834 0.0012752 0.0012752 0.0010707 0.0012240 0.0011728 0.0012749 0.0018371 0.0018371 0.0006106 0.0002544 0.0005088 0.0005088 0.0007124 0.0005597 0.0002035 0.0001526 0.0001526 0.0000509 0.0000509 0.0001017 0.0001017 0.0001017 0.0000000 0.0001526 0.0001017 0.0001526 0.0001526 0.0002544 0.0002035 0.0002544 0.0003561 0.0003052 0.0003052 0.0001526 0.0002544 0.0002544 0.0004070 0.0004070 0.0004070 0.0003561 0.0003052 0.0002544 0.0003052 0.0003052 0.0003561 0.0004070 0.0003561 0.0003561 0.0004070 0.0005597 0.0003561 0.0003561 0.0004070 0.0004070 0.0006106 0.0005088 0.0004579 0.0004070 0.0007124 0.0010179 0.0007633 0.0007633 0.0008652 0.0006106 0.0003052 0.0008154 0.0007644 0.0007124 0.0006615 0.0007644 0.0009171 0.0009161 0.0008142 0.0009161 0.0009685 1.9685471 1.9687121 
EBOV_H.sap-wt_SLE_14_Makona-G3818_KM233092                 1.8378342 1.8486025 1.8408127 1.3518008 1.3122586 0.0323723 0.0323162 0.0326570 0.0327792 0.0373692 0.0377840 0.0353337 0.0329952 0.0027087 0.0021442 0.0017345 0.0013262 0.0013262 0.0011217 0.0012751 0.0012238 0.0013260 0.0018882 0.0018882 0.0006615 0.0003052 0.0005597 0.0005597 0.0007633 0.0006106 0.0002544 0.0002035 0.0002035 0.0001017 0.0001017 0.0001526 0.0001526 0.0001526 0.0001526 0.0000000 0.0001526 0.0002035 0.0002035 0.0003052 0.0002544 0.0003052 0.0004070 0.0003561 0.0003561 0.0002035 0.0003052 0.0003052 0.0004579 0.0004579 0.0004579 0.0004070 0.0003561 0.0003052 0.0003561 0.0003561 0.0004070 0.0004579 0.0004070 0.0004070 0.0004579 0.0006106 0.0004070 0.0004070 0.0004579 0.0004579 0.0006615 0.0005597 0.0005088 0.0004579 0.0007633 0.0010689 0.0008142 0.0008142 0.0009161 0.0006615 0.0003561 0.0008664 0.0008154 0.0007644 0.0007124 0.0008154 0.0009681 0.0009670 0.0008652 0.0009670 0.0010195 1.9688624 1.9690273 
