100
F1.BR.10.DEMF110BR015.KU749395         0.0000000 1.1363459 1.2370617 1.1989155 1.1221528 1.1804759 1.0673920 1.0798131 1.1185250 1.0892307 1.0641541 1.1005659 1.1208899 1.0961221 1.1291744 1.1610311 1.0909772 1.0849072 1.1600633 0.9470310 0.9173481 0.9286333 0.8965594 0.8670464 0.9156946 0.8731431 0.8895852 0.9008541 0.9079208 0.8858654 0.8772420 0.8374844 0.9312582 0.8676966 0.8794005 0.8589023 0.8854628 0.9109360 0.9245097 0.8986313 0.8642582 0.8566627 0.8295252 0.8792469 0.8633239 0.8690669 0.8850680 0.8642709 0.8654771 0.8673062 0.8687838 0.8552629 0.8478739 0.8019259 0.7620125 0.8264402 0.7705592 0.7287132 0.9873889 0.9929475 0.9754326 0.9051000 0.8704120 0.8766481 0.7985510 0.8488788 0.8091417 0.8318789 0.7520551 0.8911004 0.7858920 0.7865284 0.7890306 1.0885709 1.0235781 0.8707043 0.7552429 1.1004141 1.0032762 0.9434889 0.9283654 0.9341923 0.9299054 0.9399584 0.9231308 0.9213835 0.8364883 0.8221225 0.8134150 0.7896342 0.8404853 0.8418092 0.8511701 0.7924519 0.8847952 0.8206024 2.7059012 2.0951369 2.0749710 2.1006286 
A1C.IN.15.SC017.KY713232               1.1363459 0.0000000 0.7571718 0.7043412 0.6727531 0.7331036 0.6094100 0.6322348 0.6408023 0.6260187 0.6004679 0.6354522 0.6404442 0.6282466 0.6458147 0.6590797 0.6024326 0.5688331 1.4377865 1.2257356 1.1733851 1.2130810 1.1445104 1.1801069 1.1939658 1.1557884 1.1642259 1.1781996 1.1905895 1.1704772 1.1462036 1.1618714 1.2261993 1.1498016 1.1635819 1.1439844 1.1589739 1.2197074 1.1824606 1.2272229 1.1347423 1.1568784 1.1090488 1.1500177 1.1411276 1.1739771 1.1615786 1.1535879 1.1143790 1.1455401 1.1546953 1.1097971 1.1461447 1.0810558 1.0324774 1.0936198 1.0632984 0.9668336 1.0836992 1.0508933 1.0882525 1.0088118 0.9527856 0.9783301 0.8512193 0.9283134 0.8739770 0.9040150 0.8664384 0.9316565 0.8727346 0.8595949 0.8624477 1.1067471 0.9642121 0.6341517 0.7893051 1.0663534 0.9786021 0.9099944 0.8837747 0.8838134 0.9171177 0.8921788 0.8646485 0.8818501 0.7450422 0.7951318 0.7690576 0.7725002 0.7650367 0.7486509 0.7591284 0.7281444 0.7663002 0.7253848 2.7455607 2.2630122 2.2073261 2.2771131 
BC.CN.07.07CNYN340.KF835526            1.2370617 0.7571718 0.0000000 0.3893031 0.5812195 0.5272133 0.5217155 0.5308086 0.5457595 0.5247927 0.4882221 0.4971556 0.5022858 0.4875509 0.5288207 0.5249966 0.4602219 0.4447469 1.4893181 1.3070826 1.2569843 1.2810779 1.2152414 1.2812628 1.3070705 1.2810638 1.2517519 1.2728357 1.2756098 1.2549382 1.2770607 1.2487302 1.3208511 1.2660813 1.2353170 1.2228929 1.2648430 1.3154285 1.2948250 1.2803819 1.2019475 1.2110915 1.1774498 1.2497524 1.2538844 1.2777346 1.2550588 1.2546161 1.2300178 1.2680289 1.2637024 1.2232012 1.2208141 1.1703949 1.1329345 1.1927597 1.1397066 1.0492215 1.1430480 1.1599437 1.1353287 1.1089157 1.0377990 1.0375175 0.9497815 1.0287187 0.9982667 0.9968343 0.9557647 1.0719586 0.9905710 0.9746344 0.9769484 1.2135723 1.0980032 0.7463082 0.9007253 1.1631434 1.0454814 1.0145760 0.9709817 0.9812627 0.9926778 0.9920179 0.9783620 0.9532668 0.8496826 0.8753849 0.8581160 0.8288924 0.8682804 0.8394069 0.8659284 0.8245660 0.8719032 0.8097125 2.9319064 2.3199797 2.3227150 2.3304716 
85_BC.CN.14.14CN_SCYB4.KU992932        1.1989155 0.7043412 0.3893031 0.0000000 0.5542410 0.5068900 0.4932347 0.5096525 0.5187908 0.5143987 0.4841888 0.4676509 0.4776127 0.4440841 0.4962407 0.4894030 0.4393759 0.4256548 1.5020082 1.2615482 1.1821424 1.2378169 1.1846133 1.2128094 1.2267900 1.1725173 1.1819843 1.2212940 1.2010836 1.2078281 1.2049573 1.1817601 1.2305889 1.2009712 1.1799162 1.1632945 1.2121544 1.2421862 1.2309991 1.2467228 1.1465180 1.1754117 1.1251130 1.1860434 1.1576288 1.2301397 1.2231842 1.1828152 1.1519671 1.1884305 1.1895633 1.1729493 1.1796645 1.1160074 1.0766143 1.1336466 1.0697047 1.0072334 1.0909554 1.0990224 1.1097782 1.0465634 0.9994433 0.9862908 0.9308068 0.9688760 0.9339584 0.9544188 0.9228768 1.0180139 0.9408263 0.9113153 0.9442041 1.1707917 1.0774759 0.7009533 0.8513976 1.0958932 0.9883825 0.9341447 0.9383401 0.9199274 0.9470940 0.9362010 0.9102641 0.8972337 0.7882730 0.8398385 0.8197676 0.8024387 0.8015353 0.7955633 0.8109235 0.7742715 0.8161692 0.7600482 2.8492475 2.2560179 2.2172802 2.2459456 
C.SE.09.035ZA.MF373148                 1.1221528 0.6727531 0.5812195 0.5542410 0.0000000 0.5559532 0.4185957 0.4671527 0.4833781 0.4591310 0.4300934 0.4755224 0.4824893 0.4739884 0.4894305 0.5037942 0.4386853 0.4162525 1.3819668 1.2033687 1.1364811 1.1908836 1.1305296 1.1479129 1.1897966 1.1478859 1.1318331 1.1630566 1.1624731 1.1363175 1.1480335 1.1031872 1.1615957 1.1388004 1.1208941 1.1382487 1.1580763 1.1648487 1.1681383 1.1902861 1.0874416 1.0899370 1.0811384 1.1398283 1.1275446 1.1454497 1.1593888 1.1240405 1.0954310 1.1347765 1.1426885 1.1103449 1.0853650 1.0622796 1.0001363 1.0387911 1.0125441 0.9628290 1.0386673 1.0494965 1.0226750 0.9897890 0.9321382 0.9362306 0.8545751 0.9162966 0.8821325 0.8765897 0.8634637 0.9615612 0.8947973 0.8444221 0.8591974 1.0518860 1.0325794 0.6577927 0.7891892 1.0381477 0.9421429 0.8841103 0.8898506 0.8944459 0.8983220 0.8900884 0.8791730 0.8730274 0.7511258 0.7837388 0.7528654 0.7512784 0.7754596 0.7241991 0.7392256 0.7177078 0.7720794 0.7186841 2.7401271 2.2334559 2.2104606 2.2228339 
C.GB.14.13659_1_48.3.MF109437          1.1804759 0.7331036 0.5272133 0.5068900 0.5559532 0.0000000 0.5005272 0.4924030 0.5069394 0.4947538 0.4689263 0.4588635 0.4591655 0.4634218 0.4867193 0.4752697 0.4282037 0.4113259 1.4737577 1.2495571 1.2069931 1.2404672 1.1887557 1.1925724 1.2306690 1.2056619 1.1917469 1.2046695 1.1677602 1.1577102 1.1617561 1.1455297 1.2298204 1.1482186 1.1599152 1.1887835 1.2044741 1.2413697 1.2176714 1.2207061 1.1207339 1.1488465 1.1239291 1.1830794 1.1797160 1.1784448 1.1991662 1.1732136 1.1605204 1.1823779 1.2068739 1.1593520 1.1611373 1.1185894 1.0647245 1.1434808 1.1006849 1.0114697 1.0488712 1.0956416 1.0697554 1.0557140 0.9982882 0.9860830 0.9352400 0.9498363 0.9396193 0.9349578 0.9148496 1.0048551 0.9181027 0.8973305 0.9249845 1.1572795 1.0814215 0.7191080 0.8249744 1.1330897 1.0021365 0.9449691 0.9306584 0.9196078 0.9619244 0.9455479 0.9113580 0.9230990 0.7923077 0.8406066 0.7989503 0.7973593 0.8107632 0.8173893 0.7925673 0.7881041 0.8533636 0.7823441 2.9016859 2.2032130 2.2715086 2.3120417 
C.IL.99.99ET14.AY255825                1.0673920 0.6094100 0.5217155 0.4932347 0.4185957 0.5005272 0.0000000 0.4083932 0.4113164 0.4039535 0.3705240 0.4139142 0.4233034 0.4151708 0.4427873 0.4496807 0.3905795 0.3657511 1.3472514 1.1597016 1.1221306 1.1503014 1.1000549 1.1288054 1.1458971 1.0893064 1.0941018 1.1178843 1.1015070 1.0893197 1.0837142 1.0728099 1.1254861 1.0999333 1.0661039 1.0847977 1.1056939 1.1169506 1.1338231 1.1572592 1.0778492 1.0582189 1.0303746 1.0738588 1.0851073 1.1014724 1.1231687 1.0942593 1.0498272 1.0711933 1.0946268 1.0620296 1.0552017 1.0282489 0.9814140 1.0013779 0.9968232 0.9165407 0.9812140 1.0018523 0.9782258 0.9304224 0.8896706 0.8743505 0.8135461 0.8743570 0.8162227 0.8518686 0.7915865 0.8899285 0.8264122 0.7990367 0.8185363 1.0059256 0.9608231 0.5973877 0.7445248 1.0083383 0.8938584 0.8346329 0.8456161 0.8157284 0.8275281 0.8307947 0.8013178 0.8135617 0.6995128 0.7219654 0.7144514 0.7004533 0.7170584 0.6725449 0.6859151 0.6626494 0.7018258 0.6569067 2.7694029 2.1844245 2.1417903 2.2501856 
C.ZA.03.03ZAPS067MB2.DQ396389          1.0798131 0.6322348 0.5308086 0.5096525 0.4671527 0.4924030 0.4083932 0.0000000 0.3679666 0.3542471 0.3213944 0.4231919 0.4297520 0.4180797 0.4470413 0.4391946 0.3829195 0.3562006 1.3830056 1.1944016 1.1298683 1.1294655 1.1100299 1.1066706 1.1442853 1.1057393 1.0986300 1.1130230 1.0986335 1.0987163 1.0912233 1.0802073 1.1627287 1.0937138 1.0653261 1.0864702 1.1288434 1.1540770 1.1465092 1.1643791 1.0735427 1.0624628 1.0524852 1.0805146 1.0758926 1.1131705 1.1242117 1.0958667 1.0731616 1.0917503 1.1334652 1.0673863 1.0938891 1.0315774 0.9937117 1.0375951 1.0350764 0.9255219 1.0233314 1.0273873 1.0008178 0.9873282 0.9188968 0.9286516 0.8145511 0.8672933 0.8552031 0.8544954 0.8227928 0.9271298 0.8385687 0.8342153 0.8416513 1.0546444 0.9766051 0.6160852 0.7753090 1.0218256 0.9308760 0.8714359 0.8522236 0.8297840 0.8581738 0.8499419 0.8528877 0.8230698 0.7125123 0.7378827 0.7380574 0.7245096 0.7327454 0.7036769 0.7168798 0.6892945 0.7541960 0.6737984 2.9321536 2.2149214 2.2172375 2.1998697 
C.ZA.04.04ZASK170B1.DQ093595           1.1185250 0.6408023 0.5457595 0.5187908 0.4833781 0.5069394 0.4113164 0.3679666 0.0000000 0.3365751 0.3007071 0.4396470 0.4569974 0.4414966 0.4693141 0.4591911 0.4121707 0.3734608 1.4062386 1.1967160 1.1543744 1.1761612 1.1216160 1.1798626 1.1668721 1.1282708 1.1234231 1.1338901 1.1270284 1.1208696 1.0997060 1.1016773 1.2024862 1.1068251 1.1097500 1.1076490 1.1609853 1.1635878 1.1716439 1.1841167 1.0746025 1.0621105 1.0510619 1.1129850 1.1175761 1.1292720 1.1484382 1.1110573 1.0985982 1.1244567 1.1518901 1.0876162 1.0995859 1.0418731 1.0008267 1.0476559 1.0092615 0.9203015 1.0184424 1.0288522 0.9946618 0.9617776 0.9099351 0.9292806 0.8515368 0.8641557 0.8511085 0.8675015 0.8169985 0.9507958 0.8404226 0.8329450 0.8665258 1.0621518 0.9789281 0.6381114 0.7629178 1.0126768 0.9327912 0.8712308 0.8517531 0.8372329 0.8609278 0.8465377 0.8452415 0.8435012 0.7244760 0.7590055 0.7425644 0.7131672 0.7329643 0.7067967 0.7309443 0.7016050 0.7513194 0.6869778 2.8035412 2.1816258 2.1627983 2.2099220 
C.TZ.02.CO6721.AY734560                1.0892307 0.6260187 0.5247927 0.5143987 0.4591310 0.4947538 0.4039535 0.3542471 0.3365751 0.0000000 0.2410524 0.4280495 0.4285536 0.4207828 0.4438911 0.4545386 0.3897042 0.3663678 1.3515412 1.1549017 1.1123829 1.1219582 1.0986698 1.1211301 1.1363650 1.1113018 1.0770964 1.1291990 1.1129017 1.0917441 1.0935921 1.0699570 1.1703941 1.0906052 1.0922268 1.0827656 1.1424942 1.1512738 1.1287393 1.1541030 1.0648735 1.0791246 1.0331659 1.1103471 1.1085951 1.1009323 1.1228562 1.0864893 1.0684727 1.1002788 1.1202876 1.0606890 1.0741870 1.0246677 0.9890619 1.0328858 1.0017138 0.9264347 0.9795104 0.9944639 0.9802520 0.9473197 0.8921706 0.8827797 0.8034167 0.8491953 0.8501863 0.8420255 0.7911881 0.9051710 0.8413194 0.8305295 0.8212335 1.0432899 0.9598952 0.6159209 0.7619098 1.0187291 0.9051894 0.8574643 0.8482562 0.8358113 0.8623806 0.8551584 0.8303358 0.8402136 0.7171783 0.7435260 0.7390942 0.7198296 0.7202230 0.7016409 0.7020205 0.6831208 0.7304803 0.6725915 2.8221880 2.1506771 2.1590785 2.1820976 
C.TZ.01.BD39_8.AY253313                1.0641541 0.6004679 0.4882221 0.4841888 0.4300934 0.4689263 0.3705240 0.3213944 0.3007071 0.2410524 0.0000000 0.3960812 0.4039723 0.3920242 0.4208801 0.4144612 0.3583823 0.3351510 1.3353224 1.1300392 1.0833388 1.1088848 1.0685460 1.0979573 1.0990045 1.0601201 1.0620183 1.0928836 1.0732022 1.0701282 1.0634539 1.0421111 1.1174714 1.0532437 1.0347942 1.0309405 1.0961203 1.1084274 1.1017880 1.0901960 1.0281547 1.0152381 0.9993737 1.0509607 1.0535582 1.0768939 1.0830985 1.0480837 1.0259951 1.0656789 1.0917587 1.0251883 1.0283288 0.9830624 0.9580570 0.9864530 0.9919252 0.8849467 0.9657843 0.9775500 0.9557888 0.9422768 0.8763688 0.8603421 0.7923749 0.8218289 0.8138779 0.8361980 0.7945772 0.8750660 0.8008772 0.8111998 0.8052356 1.0157396 0.9384582 0.5795239 0.7253084 1.0055146 0.8782899 0.8460850 0.8089472 0.8014718 0.8171677 0.8217526 0.8047847 0.7900653 0.6814433 0.7076391 0.7004821 0.6825497 0.6865749 0.6809383 0.6643500 0.6452328 0.7018206 0.6330053 2.8115515 2.1318195 2.1271590 2.1143820 
C.BW.98.98BWMC14A3.AF443078            1.1005659 0.6354522 0.4971556 0.4676509 0.4755224 0.4588635 0.4139142 0.4231919 0.4396470 0.4280495 0.3960812 0.0000000 0.3655633 0.3596803 0.3809729 0.3971655 0.3415533 0.3400813 1.3719972 1.2020132 1.1326742 1.1796433 1.1401929 1.1537936 1.1660084 1.1224868 1.1326414 1.1494433 1.1271480 1.1001087 1.1233460 1.0975854 1.1779628 1.1107145 1.0784554 1.0957661 1.1543731 1.1619242 1.1479119 1.1644201 1.0860635 1.0803995 1.0407140 1.1126125 1.1149002 1.1416799 1.1507432 1.1244603 1.0933608 1.1259896 1.1387554 1.0922589 1.1049753 1.0583413 1.0103299 1.0722084 1.0239644 0.9588645 1.0310138 1.0288077 1.0112998 0.9704062 0.9120981 0.9066635 0.8494595 0.8905914 0.8683739 0.8548562 0.8395537 0.9352967 0.8442911 0.8386258 0.8608808 1.0691853 0.9850590 0.6406723 0.7678355 1.0310200 0.9362601 0.8824216 0.8580763 0.8539196 0.8824632 0.8679252 0.8469044 0.8434413 0.7155480 0.7549521 0.7643830 0.7376199 0.7482432 0.7092537 0.7241341 0.7006711 0.7398744 0.6839414 2.8068093 2.1334420 2.1294907 2.1870991 
C.ZA.04.04ZASK135B1.DQ011166           1.1208899 0.6404442 0.5022858 0.4776127 0.4824893 0.4591655 0.4233034 0.4297520 0.4569974 0.4285536 0.4039723 0.3655633 0.0000000 0.3140654 0.3477645 0.4033707 0.3438255 0.3472009 1.4030275 1.2381465 1.1393608 1.2010208 1.1372839 1.1204298 1.1781709 1.1474733 1.1674926 1.1583834 1.1576636 1.1543269 1.1545288 1.1254511 1.1997304 1.1404739 1.1213734 1.1365275 1.1271386 1.1447018 1.1587620 1.1697107 1.0968725 1.1060986 1.0801922 1.1438307 1.1375549 1.1843562 1.1560664 1.1449149 1.0980387 1.1401827 1.1724875 1.1190166 1.1589613 1.0723881 1.0294701 1.0926418 1.0727493 0.9510185 1.0140061 1.0396605 1.0052442 0.9647686 0.9390012 0.9259364 0.8613746 0.8810902 0.8676648 0.8550701 0.8434215 0.9008993 0.8535299 0.8346998 0.8555658 1.0963300 1.0038676 0.6245339 0.7901517 1.0670173 0.9692805 0.8929208 0.8800551 0.8845259 0.9092309 0.8932616 0.8798751 0.8782123 0.7323570 0.7650618 0.7452128 0.7160720 0.7591402 0.7280764 0.7232231 0.6861260 0.7359579 0.7018395 2.8764955 2.1867369 2.1945564 2.1711686 
C.ZA.03.03ZAPS130MB1.DQ275658          1.0961221 0.6282466 0.4875509 0.4440841 0.4739884 0.4634218 0.4151708 0.4180797 0.4414966 0.4207828 0.3920242 0.3596803 0.3140654 0.0000000 0.2824606 0.3983393 0.3316458 0.3304818 1.3839461 1.1916834 1.1404385 1.1687400 1.1288180 1.1205076 1.1801653 1.1507474 1.1382352 1.1479530 1.1294892 1.1258173 1.1414442 1.0876714 1.1776209 1.0885992 1.1024274 1.1313149 1.1348684 1.1515795 1.1474899 1.1560026 1.0901198 1.0904057 1.0468464 1.1292698 1.1078349 1.1424428 1.1476923 1.1138594 1.0824333 1.1286002 1.1555260 1.1027857 1.0999807 1.0489799 1.0200391 1.0313603 1.0070208 0.9389288 1.0224871 1.0366367 1.0232436 0.9737731 0.9046433 0.9183494 0.8374644 0.8726298 0.8633815 0.8536742 0.8421269 0.9309203 0.8578610 0.8267563 0.8564157 1.0921680 0.9835154 0.6364921 0.7568268 1.0192419 0.9435872 0.8720855 0.8670334 0.8610989 0.8676761 0.8778746 0.8526437 0.8306488 0.7187234 0.7496300 0.7278672 0.7234105 0.7355708 0.7082057 0.7062594 0.6817709 0.7451886 0.6881087 2.8262458 2.1713870 2.1954078 2.1925671 
C.ZA.97.97ZA012.AF286227               1.1291744 0.6458147 0.5288207 0.4962407 0.4894305 0.4867193 0.4427873 0.4470413 0.4693141 0.4438911 0.4208801 0.3809729 0.3477645 0.2824606 0.0000000 0.4365470 0.3707844 0.3534476 1.4510644 1.2134653 1.1843326 1.2078385 1.1693538 1.1672460 1.1930006 1.1656051 1.1567497 1.1893426 1.1668612 1.1575319 1.1648010 1.1262799 1.2122609 1.1525341 1.1362605 1.1395258 1.1838791 1.1982389 1.1811719 1.1721002 1.1102603 1.1280766 1.0599807 1.1539989 1.1513001 1.1782479 1.1650645 1.1519267 1.1059388 1.1591985 1.1664973 1.1137233 1.1215740 1.0740030 1.0444560 1.0865477 1.0499687 0.9544456 1.0668312 1.0538517 1.0320678 1.0135909 0.9453178 0.9542683 0.8813174 0.8917173 0.8697813 0.8858544 0.8749827 0.9479570 0.8634017 0.8436073 0.8625686 1.1091419 0.9986029 0.6655672 0.8045178 1.0607970 0.9639477 0.9035424 0.8721370 0.8548174 0.9122289 0.9067102 0.8653028 0.8735921 0.7517810 0.7772635 0.7746689 0.7507862 0.7606344 0.7406175 0.7308272 0.7229496 0.7692666 0.7126443 2.7651731 2.2107597 2.1369939 2.2156597 
C.ZA.02.02ZAPS015MB1.DQ369995          1.1610311 0.6590797 0.5249966 0.4894030 0.5037942 0.4752697 0.4496807 0.4391946 0.4591911 0.4545386 0.4144612 0.3971655 0.4033707 0.3983393 0.4365470 0.0000000 0.3189157 0.3657603 1.3987366 1.2259487 1.1642508 1.1930046 1.1540725 1.1666757 1.1645785 1.1514121 1.1534719 1.1786976 1.1668613 1.1523487 1.1510047 1.1046644 1.1953724 1.1335752 1.1365265 1.1060102 1.1409473 1.1633379 1.1858219 1.2147486 1.0881025 1.0993556 1.0658520 1.1259069 1.1486422 1.1655980 1.1709920 1.1397500 1.1004791 1.1172869 1.1401169 1.1171313 1.0903281 1.0620191 1.0217426 1.0912011 1.0403791 0.9642503 1.0328680 1.0872306 1.0618317 1.0043278 0.9461935 0.9363531 0.8590692 0.8921325 0.8939009 0.8975128 0.8608887 0.9508426 0.8639297 0.8625942 0.8656228 1.0811160 1.0035920 0.6752242 0.8061763 1.0884472 0.9794984 0.9093118 0.8917197 0.8817395 0.9058353 0.9108329 0.8884869 0.8904421 0.7320779 0.7921822 0.7763213 0.7651319 0.7791104 0.7453330 0.7536687 0.7284324 0.7876066 0.7124639 2.7923800 2.1516593 2.1790132 2.2099568 
C.ZA.99.99ZALT4.EU293444               1.0909772 0.6024326 0.4602219 0.4393759 0.4386853 0.4282037 0.3905795 0.3829195 0.4121707 0.3897042 0.3583823 0.3415533 0.3438255 0.3316458 0.3707844 0.3189157 0.0000000 0.3056338 1.3829006 1.1471172 1.1168084 1.1348873 1.1150412 1.0927914 1.1155953 1.0745295 1.0792820 1.1161078 1.0893889 1.0768214 1.0711156 1.0609133 1.1740792 1.0769660 1.0631745 1.0833691 1.1055277 1.1173721 1.1334523 1.1070857 1.0488171 1.0696695 1.0040061 1.0768659 1.0931604 1.0851107 1.0993585 1.0610258 1.0576884 1.0903897 1.0947869 1.0532304 1.0488593 1.0101467 0.9677439 1.0548459 0.9823989 0.9121545 1.0037859 0.9939781 0.9882509 0.9272234 0.8638444 0.8669019 0.8136278 0.8340409 0.8108663 0.8222380 0.7712960 0.9019678 0.8237645 0.7938495 0.8233652 1.0284425 0.9556717 0.5920630 0.7325705 1.0203053 0.9164293 0.8483734 0.8409934 0.8303530 0.8554874 0.8474025 0.8190265 0.8202361 0.6886212 0.7044360 0.6950828 0.6944635 0.6977767 0.6859950 0.6862738 0.6636180 0.7191241 0.6461647 2.7869668 2.1776168 2.1616093 2.1429198 
C.BW.00.00BW076820.AF443089            1.0849072 0.5688331 0.4447469 0.4256548 0.4162525 0.4113259 0.3657511 0.3562006 0.3734608 0.3663678 0.3351510 0.3400813 0.3472009 0.3304818 0.3534476 0.3657603 0.3056338 0.0000000 1.3388115 1.1641349 1.0876027 1.0934928 1.0772787 1.0714709 1.0752954 1.0671411 1.0585203 1.0862754 1.0856702 1.0696998 1.0798203 1.0576732 1.1131391 1.0542833 1.0466504 1.0453537 1.0700808 1.1023776 1.1250718 1.1156036 1.0312049 1.0452088 1.0083698 1.0716995 1.0604288 1.0640528 1.0909138 1.0645814 1.0246298 1.0696940 1.0829725 1.0472724 1.0390271 0.9925863 0.9487338 1.0206993 0.9848490 0.8948254 0.9749223 0.9875837 0.9764157 0.9301821 0.8820812 0.8737110 0.8011104 0.8420656 0.7928952 0.8218031 0.7764080 0.8845955 0.8186280 0.7814728 0.7995350 1.0540281 0.9462719 0.5832754 0.7140895 1.0063261 0.8882494 0.8329835 0.8104658 0.7786978 0.8198115 0.8302903 0.8077187 0.7892903 0.6693919 0.6918953 0.6727173 0.6769704 0.7003832 0.6810309 0.6711597 0.6433508 0.7016159 0.6358023 2.7631395 2.1600361 2.0989982 2.1145686 
BF1.BR.10.10BR_RJ029.KT427782          1.1600633 1.4377865 1.4893181 1.5020082 1.3819668 1.4737577 1.3472514 1.3830056 1.4062386 1.3515412 1.3353224 1.3719972 1.4030275 1.3839461 1.4510644 1.3987366 1.3829006 1.3388115 0.0000000 0.7755143 0.6947999 0.6750757 0.6453539 0.7458333 0.7465755 0.7233312 0.7368832 0.6411606 0.7411555 0.7334838 0.7363135 0.7047475 0.7515460 0.6258030 0.7113201 0.7018354 0.7696891 0.7679778 0.7711421 0.7581168 0.6465557 0.6622324 0.6270005 0.7220523 0.7125704 0.6971800 0.7346437 0.6935756 0.7027971 0.6984909 0.7444294 0.6932566 0.6925277 0.6504269 0.8766140 0.8751541 0.8405253 1.0238674 1.3161762 1.3243536 1.2606650 1.2259184 1.1612356 1.1988449 1.1176407 1.1974656 1.1508577 1.1352868 1.0945581 1.2095696 1.1116856 1.1035809 1.0761853 1.4779930 1.3109215 1.1755314 1.0657804 1.4059187 1.3169864 1.2514196 1.2250127 1.2443718 1.2634154 1.2863526 1.2418184 1.2188499 1.1766066 1.1423149 1.1215776 1.1151524 1.1670534 1.1432174 1.1514002 1.1231441 1.1716274 1.1275062 2.9719624 2.4161429 2.4022160 2.4389938 
51_01B.MY.11.11MYKL055.KJ485697        0.9470310 1.2257356 1.3070826 1.2615482 1.2033687 1.2495571 1.1597016 1.1944016 1.1967160 1.1549017 1.1300392 1.2020132 1.2381465 1.1916834 1.2134653 1.2259487 1.1471172 1.1641349 0.7755143 0.0000000 0.5204835 0.5177641 0.5045268 0.4787240 0.4866275 0.4684028 0.4846668 0.5146203 0.4955219 0.4724985 0.4740532 0.4731257 0.4843908 0.4679162 0.4597753 0.4533369 0.4834086 0.4793190 0.4805855 0.4670616 0.4458254 0.4385025 0.4267995 0.4484344 0.4345361 0.4302933 0.4405359 0.4324221 0.4201571 0.4178640 0.4311355 0.3934700 0.4145623 0.3831785 0.6476555 0.6695520 0.6342419 0.8116587 1.0775557 1.1127780 1.0739806 1.0199245 0.9711406 0.9675320 0.8873829 0.9673050 0.9038138 0.9416822 0.8663139 0.9842174 0.9308014 0.9043419 0.8764406 1.2161102 1.1153247 1.0110198 0.8326448 1.1867334 1.0939004 1.0387768 1.0204248 1.0067613 1.0502768 1.0497867 1.0178585 1.0082057 0.9518014 0.9259086 0.8964968 0.8722218 0.9687711 0.8997844 0.9275852 0.8920027 0.9565702 0.9025243 2.7033496 2.1482263 2.1188309 2.1745021 
B.GB.14.14667_1_16.3.MF109578          0.9173481 1.1733851 1.2569843 1.1821424 1.1364811 1.2069931 1.1221306 1.1298683 1.1543744 1.1123829 1.0833388 1.1326742 1.1393608 1.1404385 1.1843326 1.1642508 1.1168084 1.0876027 0.6947999 0.5204835 0.0000000 0.4571260 0.3961881 0.4803962 0.4833034 0.4655566 0.4679834 0.4349581 0.4851325 0.4747888 0.4648482 0.4489875 0.5010253 0.3884767 0.4522638 0.4357861 0.5099598 0.5069677 0.5061029 0.4811270 0.3915438 0.3795972 0.3865455 0.4655828 0.4513173 0.4509746 0.4515566 0.4446522 0.4441203 0.4340396 0.4545434 0.4309099 0.4338190 0.3891515 0.6098490 0.6353101 0.5928909 0.7919994 1.0399302 1.0371955 1.0227649 0.9530674 0.9187087 0.9330691 0.8475899 0.9079299 0.8592945 0.8804243 0.8315238 0.9585882 0.8697107 0.8488929 0.8552487 1.1671989 1.0657145 0.9165090 0.8251579 1.1387999 1.0377642 0.9823657 0.9724023 0.9727097 1.0107634 0.9922858 0.9582824 0.9507616 0.9009620 0.8620063 0.8763784 0.8413706 0.8918300 0.8756366 0.8851676 0.8663000 0.8922974 0.8545515 2.6901765 2.1152625 2.0898340 2.0916246 
BF1.BR.10.10BR_MG052.KT427668          0.9286333 1.2130810 1.2810779 1.2378169 1.1908836 1.2404672 1.1503014 1.1294655 1.1761612 1.1219582 1.1088848 1.1796433 1.2010208 1.1687400 1.2078385 1.1930046 1.1348873 1.0934928 0.6750757 0.5177641 0.4571260 0.0000000 0.4315169 0.4913217 0.5076673 0.4733220 0.4801838 0.4108412 0.4903562 0.4838840 0.4857833 0.4629302 0.5339510 0.3780904 0.4657895 0.4496733 0.5192913 0.5138061 0.5198667 0.5025702 0.4089827 0.4090926 0.3930002 0.4789562 0.4573118 0.4637715 0.4698037 0.4690514 0.4534907 0.4481890 0.4684348 0.4484702 0.4462929 0.4121344 0.6447451 0.6442516 0.6012287 0.8007636 1.0350958 1.0399938 1.0381211 0.9914301 0.9341549 0.9646741 0.8720293 0.9157989 0.8911279 0.8973226 0.8438356 0.9334239 0.8818429 0.8849922 0.8405415 1.2014085 1.0839253 0.9524399 0.8163717 1.1645795 1.0885844 1.0177381 1.0048728 1.0097101 1.0320459 1.0116438 0.9887259 0.9930695 0.9224372 0.8958311 0.8840191 0.8608144 0.9117371 0.8817073 0.9066293 0.8805119 0.9321464 0.8804437 2.7404971 2.2108910 2.1633738 2.1365133 
B.BR.10.10BR_PE013.KT427743            0.8965594 1.1445104 1.2152414 1.1846133 1.1305296 1.1887557 1.1000549 1.1100299 1.1216160 1.0986698 1.0685460 1.1401929 1.1372839 1.1288180 1.1693538 1.1540725 1.1150412 1.0772787 0.6453539 0.5045268 0.3961881 0.4315169 0.0000000 0.4726379 0.4732443 0.4410660 0.4602808 0.4050876 0.4715141 0.4513494 0.4585018 0.4320560 0.4905704 0.3693959 0.4457095 0.4218553 0.4910870 0.4860433 0.4806034 0.4704712 0.3777964 0.3740829 0.3671311 0.4577324 0.4370852 0.4393341 0.4511627 0.4369589 0.4378031 0.4266485 0.4409808 0.4172296 0.4145939 0.3827198 0.6008642 0.6155366 0.5801433 0.7690806 1.0510680 1.0277787 1.0253094 0.9783273 0.9149887 0.9297283 0.8454337 0.8997260 0.8533220 0.8699409 0.8185187 0.9107858 0.8470479 0.8127708 0.8259283 1.1795409 1.0675379 0.9020168 0.7920046 1.1282809 1.0242198 0.9769276 0.9526403 0.9519616 0.9874888 0.9789149 0.9547375 0.9305226 0.8856735 0.8510196 0.8359708 0.8266005 0.9004791 0.8736548 0.8535944 0.8544580 0.8706209 0.8313361 2.7548175 2.2189121 2.1362676 2.1762552 
B.CY.08.CY224.JF683773                 0.8670464 1.1801069 1.2812628 1.2128094 1.1479129 1.1925724 1.1288054 1.1066706 1.1798626 1.1211301 1.0979573 1.1537936 1.1204298 1.1205076 1.1672460 1.1666757 1.0927914 1.0714709 0.7458333 0.4787240 0.4803962 0.4913217 0.4726379 0.0000000 0.4420185 0.4154108 0.4192033 0.4833831 0.4284505 0.4125732 0.4197573 0.4468219 0.4688995 0.4323302 0.4028421 0.4295894 0.4864518 0.4712088 0.4739993 0.4515632 0.4160823 0.4157529 0.3989984 0.4350212 0.4251694 0.4281665 0.4267823 0.4159238 0.4109503 0.4069099 0.4320597 0.4088773 0.4004170 0.3647059 0.6192278 0.6435244 0.6021240 0.7785968 1.0327096 1.0606641 1.0309104 0.9939069 0.9212163 0.9418780 0.8734631 0.9062811 0.8739551 0.8798617 0.8405553 0.9287918 0.8487959 0.8417528 0.8174590 1.1730637 1.0795155 0.9284648 0.8182615 1.1418667 1.0507625 1.0051991 0.9674717 0.9496709 0.9862981 0.9804064 0.9284894 0.9374498 0.9105672 0.8688209 0.8580827 0.8696817 0.8900220 0.8877959 0.8847068 0.8408275 0.9120507 0.8639296 2.6810235 2.1014761 2.0614713 2.0922976 
B.JP.11.NMC851C_clone_13.AB731669      0.9156946 1.1939658 1.3070705 1.2267900 1.1897966 1.2306690 1.1458971 1.1442853 1.1668721 1.1363650 1.0990045 1.1660084 1.1781709 1.1801653 1.1930006 1.1645785 1.1155953 1.0752954 0.7465755 0.4866275 0.4833034 0.5076673 0.4732443 0.4420185 0.0000000 0.4421067 0.4345685 0.4743802 0.4510232 0.4374739 0.4384798 0.4473670 0.4709015 0.4398349 0.4186993 0.4308847 0.4717933 0.4727445 0.4591770 0.4542642 0.4141241 0.4072083 0.4006852 0.4351417 0.4220917 0.4135039 0.4265167 0.4215006 0.4139946 0.4080560 0.4276213 0.4096003 0.4062460 0.3596437 0.6212633 0.6387958 0.5885687 0.7910186 1.0245656 1.0522347 1.0673970 1.0025794 0.9657813 0.9625273 0.8581842 0.9484282 0.8829035 0.8923079 0.8349340 0.9376455 0.8952068 0.8555791 0.8435047 1.1756784 1.0814923 0.9266088 0.8201100 1.1598801 1.0479656 1.0099703 0.9840553 0.9780994 1.0139111 1.0112327 0.9694564 0.9668543 0.8999056 0.8841415 0.8582243 0.8595009 0.9206725 0.9147775 0.9142778 0.8680641 0.9275450 0.8799556 2.7349471 2.1706967 2.1026577 2.1939748 
B.TH.06.AA010a_WG3.JX446800            0.8731431 1.1557884 1.2810638 1.1725173 1.1478859 1.2056619 1.0893064 1.1057393 1.1282708 1.1113018 1.0601201 1.1224868 1.1474733 1.1507474 1.1656051 1.1514121 1.0745295 1.0671411 0.7233312 0.4684028 0.4655566 0.4733220 0.4410660 0.4154108 0.4421067 0.0000000 0.3924759 0.4616361 0.4096062 0.3944222 0.3985734 0.4174251 0.4439428 0.4197049 0.3770884 0.4059989 0.4667036 0.4635769 0.4680002 0.4428499 0.3911604 0.3937966 0.3730864 0.4205496 0.4114907 0.4099453 0.4050883 0.3934663 0.4044715 0.3922904 0.4162771 0.3792158 0.3922369 0.3534901 0.5839176 0.6028459 0.5724875 0.7534726 1.0030387 1.0165800 0.9942380 0.9459871 0.9019499 0.9053111 0.8437880 0.8953891 0.8546162 0.8626135 0.8097117 0.8914454 0.8395379 0.8106700 0.8007126 1.1465973 1.0491039 0.9117311 0.7783622 1.1358849 1.0257325 0.9723821 0.9420891 0.9473667 0.9829914 0.9702620 0.9352294 0.9509351 0.8750986 0.8536320 0.8268485 0.8150269 0.8897419 0.8733371 0.8614493 0.8439326 0.8934470 0.8417839 2.6557455 2.1612159 2.0646669 2.0460804 
B.JP.04.DR6174.AB480692                0.8895852 1.1642259 1.2517519 1.1819843 1.1318331 1.1917469 1.0941018 1.0986300 1.1234231 1.0770964 1.0620183 1.1326414 1.1674926 1.1382352 1.1567497 1.1534719 1.0792820 1.0585203 0.7368832 0.4846668 0.4679834 0.4801838 0.4602808 0.4192033 0.4345685 0.3924759 0.0000000 0.4670435 0.3982520 0.3960204 0.3876062 0.4235496 0.4685001 0.4237083 0.3761498 0.4092358 0.4628804 0.4655154 0.4563555 0.4408814 0.3955010 0.3857835 0.3689135 0.4161671 0.4150872 0.4028101 0.4083793 0.4029159 0.4049454 0.3956416 0.4159693 0.3874187 0.3828763 0.3563532 0.5880510 0.6126112 0.5802659 0.7408549 1.0073968 1.0458828 1.0002312 0.9394905 0.9000224 0.9066245 0.8175723 0.8896895 0.8147799 0.8401087 0.7848358 0.9017478 0.8184922 0.8170797 0.8033249 1.1678709 1.0536626 0.8845186 0.7989847 1.1349649 1.0194384 0.9747834 0.9613254 0.9513440 0.9950849 0.9668840 0.9483741 0.9412809 0.8929105 0.8448950 0.8362406 0.8087492 0.8737576 0.8444947 0.8510207 0.8424809 0.8862603 0.8226400 2.6536874 2.0849583 2.0139751 2.0482917 
BF1.BR.00.BREPM13853.DQ085875          0.9008541 1.1781996 1.2728357 1.2212940 1.1630566 1.2046695 1.1178843 1.1130230 1.1338901 1.1291990 1.0928836 1.1494433 1.1583834 1.1479530 1.1893426 1.1786976 1.1161078 1.0862754 0.6411606 0.5146203 0.4349581 0.4108412 0.4050876 0.4833831 0.4743802 0.4616361 0.4670435 0.0000000 0.4851815 0.4625308 0.4546301 0.4332848 0.5061219 0.3591451 0.4591632 0.4383359 0.4982804 0.4954528 0.4917907 0.5002634 0.3860879 0.3827001 0.3789825 0.4700189 0.4413906 0.4475279 0.4432792 0.4488790 0.4404298 0.4342236 0.4533926 0.4228605 0.4242347 0.3956817 0.5914543 0.6265040 0.5927371 0.7811571 1.0383573 1.0374570 1.0180586 0.9755209 0.9195599 0.9387589 0.8593347 0.9323203 0.8830861 0.8823467 0.8318594 0.9323095 0.8654248 0.8432385 0.8444219 1.1851457 1.0879527 0.9283746 0.8106402 1.1238707 1.0575486 1.0059516 0.9759648 0.9664497 0.9907099 0.9948276 0.9743528 0.9566366 0.8976080 0.8664482 0.8490260 0.8217711 0.8963420 0.8625231 0.8818506 0.8689766 0.8985576 0.8582901 2.7309127 2.2265698 2.1136373 2.1458082 
B.CN.07.CBJC261.JF932474               0.9079208 1.1905895 1.2756098 1.2010836 1.1624731 1.1677602 1.1015070 1.0986335 1.1270284 1.1129017 1.0732022 1.1271480 1.1576636 1.1294892 1.1668612 1.1668613 1.0893889 1.0856702 0.7411555 0.4955219 0.4851325 0.4903562 0.4715141 0.4284505 0.4510232 0.4096062 0.3982520 0.4851815 0.0000000 0.1821027 0.1858676 0.4375187 0.4792896 0.4344681 0.3789337 0.4301275 0.4866505 0.4732934 0.4697284 0.4604873 0.4092945 0.4116723 0.3972229 0.4386462 0.4341249 0.4148279 0.4237968 0.4214449 0.4271489 0.4092992 0.4367926 0.3930267 0.4015863 0.3683636 0.6251765 0.6229839 0.5881029 0.7501392 1.0326729 1.0468739 1.0381183 0.9809515 0.9415120 0.9572329 0.8634084 0.8999644 0.8578842 0.8777585 0.8085506 0.9063023 0.8370456 0.8402402 0.8371908 1.1334004 1.0908467 0.9415425 0.8134942 1.1534543 1.0626906 0.9851628 0.9770881 0.9660171 1.0035323 0.9731531 0.9576381 0.9571884 0.8853185 0.8528065 0.8635021 0.8312680 0.8872882 0.8750649 0.8683297 0.8440214 0.8757741 0.8482984 2.6884730 2.1502664 2.1548909 2.2182415 
B.CN.01.CNHN24.AY180905                0.8858654 1.1704772 1.2549382 1.2078281 1.1363175 1.1577102 1.0893197 1.0987163 1.1208696 1.0917441 1.0701282 1.1001087 1.1543269 1.1258173 1.1575319 1.1523487 1.0768214 1.0696998 0.7334838 0.4724985 0.4747888 0.4838840 0.4513494 0.4125732 0.4374739 0.3944222 0.3960204 0.4625308 0.1821027 0.0000000 0.1691076 0.4253019 0.4708285 0.4305388 0.3613088 0.3989310 0.4688625 0.4703120 0.4549577 0.4494771 0.3925238 0.3904239 0.3809223 0.4267550 0.4194648 0.4108141 0.4193347 0.4061701 0.4117722 0.3909054 0.4191197 0.3861770 0.3853194 0.3544336 0.5991866 0.6055669 0.5768720 0.7554430 1.0206264 1.0006924 1.0011938 0.9503641 0.9128644 0.9365042 0.8474846 0.8734822 0.8258281 0.8446347 0.7865444 0.9037202 0.8333799 0.8107018 0.8231572 1.1197029 1.0623573 0.9151506 0.8075322 1.1341898 1.0235309 0.9834151 0.9439103 0.9411440 0.9927157 0.9686013 0.9235713 0.9331046 0.8838262 0.8346262 0.8346703 0.8122406 0.8717658 0.8495817 0.8440743 0.8452553 0.8798943 0.8452392 2.6721726 2.1700781 2.1403379 2.1980253 
B.CN.08.cbjc468.JF932498               0.8772420 1.1462036 1.2770607 1.2049573 1.1480335 1.1617561 1.0837142 1.0912233 1.0997060 1.0935921 1.0634539 1.1233460 1.1545288 1.1414442 1.1648010 1.1510047 1.0711156 1.0798203 0.7363135 0.4740532 0.4648482 0.4857833 0.4585018 0.4197573 0.4384798 0.3985734 0.3876062 0.4546301 0.1858676 0.1691076 0.0000000 0.4281664 0.4664569 0.4322634 0.3637802 0.4204975 0.4640121 0.4596786 0.4677367 0.4522444 0.3925819 0.3933212 0.3791885 0.4261949 0.4161453 0.4081005 0.4128031 0.4138032 0.4065472 0.3966159 0.4127243 0.3819556 0.3847568 0.3508014 0.5976481 0.6169902 0.5842522 0.7546434 1.0038769 1.0332237 1.0425700 0.9426138 0.9160871 0.9347731 0.8631656 0.8959623 0.8542073 0.8594818 0.7940475 0.9027922 0.8479332 0.8274278 0.8248476 1.1588683 1.0743633 0.9210580 0.8125905 1.1324834 1.0334723 0.9808435 0.9452829 0.9372135 0.9771684 0.9719152 0.9371526 0.9458331 0.8767442 0.8384167 0.8357970 0.8082597 0.8906067 0.8530418 0.8677243 0.8310616 0.8578868 0.8479903 2.6603247 2.1513874 2.1417629 2.1549030 
B.US.15.3693.KX505555                  0.8374844 1.1618714 1.2487302 1.1817601 1.1031872 1.1455297 1.0728099 1.0802073 1.1016773 1.0699570 1.0421111 1.0975854 1.1254511 1.0876714 1.1262799 1.1046644 1.0609133 1.0576732 0.7047475 0.4731257 0.4489875 0.4629302 0.4320560 0.4468219 0.4473670 0.4174251 0.4235496 0.4332848 0.4375187 0.4253019 0.4281664 0.0000000 0.4623694 0.4007616 0.4201651 0.3943154 0.4527467 0.4591958 0.4470954 0.4446138 0.3776403 0.3732914 0.3606370 0.4232100 0.4188264 0.4032717 0.4137719 0.4016682 0.3991485 0.3915471 0.4138629 0.3758634 0.3822340 0.3498635 0.5531066 0.5677538 0.5274143 0.7082663 0.9911430 0.9720680 0.9791535 0.9275211 0.8595594 0.9083018 0.7874314 0.8547629 0.8039945 0.8343234 0.7648124 0.8632231 0.8039294 0.7862846 0.7708950 1.1184735 1.0286688 0.8900318 0.7490445 1.0966607 0.9723565 0.9596094 0.9283836 0.9259861 0.9282279 0.9414249 0.9131244 0.9099899 0.8421052 0.8166758 0.8009122 0.7824660 0.8525948 0.8340661 0.8318207 0.8100619 0.8403820 0.8139568 2.7023733 2.0686384 2.0081735 2.0373396 
B.US.15.2521.KX505446                  0.9312582 1.2261993 1.3208511 1.2305889 1.1615957 1.2298204 1.1254861 1.1627287 1.2024862 1.1703941 1.1174714 1.1779628 1.1997304 1.1776209 1.2122609 1.1953724 1.1740792 1.1131391 0.7515460 0.4843908 0.5010253 0.5339510 0.4905704 0.4688995 0.4709015 0.4439428 0.4685001 0.5061219 0.4792896 0.4708285 0.4664569 0.4623694 0.0000000 0.4665253 0.4493594 0.4512070 0.4421047 0.4171528 0.4392851 0.4195207 0.4400854 0.4332513 0.4156853 0.4085758 0.3896368 0.3902041 0.4001820 0.3913216 0.3892882 0.3732344 0.3893465 0.3688330 0.3808029 0.3383225 0.6491732 0.6596665 0.6129429 0.8243933 1.0711491 1.0837324 1.0809809 1.0165466 0.9856153 0.9827875 0.8836749 0.9547046 0.9064694 0.9361758 0.8531125 0.9560002 0.8945364 0.8939377 0.8657235 1.1876718 1.0718647 0.9756417 0.8497481 1.1795769 1.0704157 1.0205314 1.0025173 1.0039108 1.0389742 1.0261537 0.9797268 0.9702453 0.9487345 0.9319836 0.8726455 0.8788749 0.9566377 0.9362463 0.9165031 0.8732342 0.9405684 0.8998905 2.7401414 2.1389270 2.1495773 2.2064909 
B.BR.02.02BR2041.JN692443              0.8676966 1.1498016 1.2660813 1.2009712 1.1388004 1.1482186 1.0999333 1.0937138 1.1068251 1.0906052 1.0532437 1.1107145 1.1404739 1.0885992 1.1525341 1.1335752 1.0769660 1.0542833 0.6258030 0.4679162 0.3884767 0.3780904 0.3693959 0.4323302 0.4398349 0.4197049 0.4237083 0.3591451 0.4344681 0.4305388 0.4322634 0.4007616 0.4665253 0.0000000 0.3970935 0.3961698 0.4513944 0.4548323 0.4447128 0.4492415 0.3508360 0.3398881 0.3370785 0.4285199 0.4038175 0.4022779 0.4155496 0.4106290 0.4014914 0.3973520 0.4178174 0.3899821 0.3840253 0.3489715 0.5678715 0.5901929 0.5685098 0.7439755 1.0216646 1.0192515 1.0191527 0.9562087 0.8992687 0.9179459 0.8235842 0.8736927 0.8378442 0.8540226 0.7946672 0.8992675 0.8523076 0.8119079 0.8054070 1.1423866 1.0564299 0.8958034 0.7752853 1.0818876 1.0242924 0.9630421 0.9429100 0.9346024 0.9590052 0.9489735 0.9213094 0.9210930 0.8689396 0.8381622 0.8284872 0.8106886 0.8637476 0.8515776 0.8365507 0.8367998 0.8597404 0.8280852 2.6812020 2.1004188 2.0884458 2.1041806 
B.DE.10.iso4_w10.KU612900              0.8794005 1.1635819 1.2353170 1.1799162 1.1208941 1.1599152 1.0661039 1.0653261 1.1097500 1.0922268 1.0347942 1.0784554 1.1213734 1.1024274 1.1362605 1.1365265 1.0631745 1.0466504 0.7113201 0.4597753 0.4522638 0.4657895 0.4457095 0.4028421 0.4186993 0.3770884 0.3761498 0.4591632 0.3789337 0.3613088 0.3637802 0.4201651 0.4493594 0.3970935 0.0000000 0.3968669 0.4535645 0.4486551 0.4512155 0.4331224 0.3829726 0.3796084 0.3588791 0.4060996 0.4089189 0.3977610 0.4026426 0.3953900 0.3926462 0.3773665 0.4212231 0.3773905 0.3818968 0.3386631 0.5889315 0.5955305 0.5735938 0.7602804 1.0168016 1.0158690 0.9920724 0.9486735 0.8952689 0.9019374 0.8289928 0.8833685 0.8319013 0.8480544 0.7995008 0.8933375 0.8376019 0.8190854 0.8098592 1.1210649 1.0399655 0.8849721 0.8063125 1.0832615 1.0085080 0.9723773 0.9373295 0.9426549 0.9603501 0.9530029 0.9151282 0.9010186 0.8808836 0.8441973 0.8462337 0.8276926 0.8810740 0.8461801 0.8379291 0.8407051 0.8870072 0.8267636 2.6431241 2.1399992 2.0619769 2.1121613 
B.BR.10.10BR_PE101.KT427697            0.8589023 1.1439844 1.2228929 1.1632945 1.1382487 1.1887835 1.0847977 1.0864702 1.1076490 1.0827656 1.0309405 1.0957661 1.1365275 1.1313149 1.1395258 1.1060102 1.0833691 1.0453537 0.7018354 0.4533369 0.4357861 0.4496733 0.4218553 0.4295894 0.4308847 0.4059989 0.4092358 0.4383359 0.4301275 0.3989310 0.4204975 0.3943154 0.4512070 0.3961698 0.3968669 0.0000000 0.4407726 0.4440278 0.4320454 0.4227320 0.3650388 0.3682653 0.3488291 0.4059047 0.4006098 0.3828999 0.3932230 0.3963417 0.3783834 0.3728063 0.3987251 0.3649022 0.3740277 0.3343920 0.5542267 0.5904212 0.5540335 0.7368472 1.0014639 0.9942443 0.9994842 0.9408738 0.9025218 0.9107577 0.8159252 0.8770177 0.8246501 0.8287933 0.7813241 0.8683166 0.8049231 0.7739155 0.7694724 1.1071602 1.0081386 0.8853767 0.7728203 1.1147957 1.0080038 0.9671801 0.9362673 0.9224618 0.9793290 0.9480827 0.9292329 0.9186968 0.8450462 0.8141545 0.8101459 0.7978777 0.8538268 0.8334871 0.8503322 0.8018620 0.8664890 0.8218519 2.6208099 2.0665712 2.0560887 2.0977458 
B.GB.14.14535_1_7.3.MF109534           0.8854628 1.1589739 1.2648430 1.2121544 1.1580763 1.2044741 1.1056939 1.1288434 1.1609853 1.1424942 1.0961203 1.1543731 1.1271386 1.1348684 1.1838791 1.1409473 1.1055277 1.0700808 0.7696891 0.4834086 0.5099598 0.5192913 0.4910870 0.4864518 0.4717933 0.4667036 0.4628804 0.4982804 0.4866505 0.4688625 0.4640121 0.4527467 0.4421047 0.4513944 0.4535645 0.4407726 0.0000000 0.4424514 0.4101118 0.4165828 0.4296700 0.4371893 0.4171814 0.4083644 0.3994748 0.3677853 0.4081901 0.3868368 0.3681899 0.3841628 0.4065183 0.3775349 0.3833587 0.3350971 0.6239138 0.6472171 0.6022928 0.7916876 1.0434765 1.0515990 1.0283359 0.9669487 0.9178999 0.9667204 0.8660107 0.9109225 0.8682974 0.8890750 0.8266968 0.9224838 0.8589994 0.8400558 0.8335565 1.1887991 1.0894237 0.9452917 0.8114548 1.1768871 1.0731635 1.0254395 0.9904305 0.9897742 1.0216085 1.0080157 0.9571923 0.9567588 0.8864430 0.8715694 0.8682377 0.8245037 0.9004902 0.9046252 0.8850276 0.8476723 0.9046515 0.8475839 2.6448833 2.1592988 2.1049153 2.1611265 
B.GB.14.13659_1_64.3.MF109452          0.9109360 1.2197074 1.3154285 1.2421862 1.1648487 1.2413697 1.1169506 1.1540770 1.1635878 1.1512738 1.1084274 1.1619242 1.1447018 1.1515795 1.1982389 1.1633379 1.1173721 1.1023776 0.7679778 0.4793190 0.5069677 0.5138061 0.4860433 0.4712088 0.4727445 0.4635769 0.4655154 0.4954528 0.4732934 0.4703120 0.4596786 0.4591958 0.4171528 0.4548323 0.4486551 0.4440278 0.4424514 0.0000000 0.4353171 0.4119929 0.4401347 0.4228403 0.4071729 0.4026182 0.3965172 0.3821457 0.4040036 0.3930071 0.3770671 0.3722110 0.3911495 0.3671549 0.3710300 0.3352939 0.6444600 0.6545282 0.6172922 0.8003409 1.0367793 1.0562610 1.0602197 1.0054428 0.9645843 0.9789222 0.9098013 0.9448466 0.8853114 0.9069358 0.8508994 0.9193568 0.8804320 0.8837582 0.8562502 1.1867526 1.0948079 0.9762390 0.8411824 1.1685941 1.0781790 1.0271456 1.0116630 1.0146279 1.0338869 1.0138113 0.9899946 0.9914530 0.9304654 0.8990925 0.8969312 0.8482474 0.9399675 0.9144443 0.9250437 0.8846347 0.9121047 0.8843195 2.7042651 2.1699730 2.2026303 2.1916832 
