93
RESTV_S.dom-xx_PHL_08_Reston08-C_FJ621584                  0.0000000 0.0325050 0.0487140 1.8628888 1.8629356 1.8965613 1.8923265 1.8924608 1.8996729 1.8952260 1.8950119 1.8943625 1.8938867 1.8927606 1.8920623 1.8944596 1.8948646 1.8938084 1.8937680 1.8919279 1.8920621 1.8933849 1.8935858 1.8959374 1.8957295 1.8950847 1.8918771 1.8937404 1.8922102 1.8922102 1.8924720 1.8947346 1.8931557 1.8923466 1.8952375 1.8920247 1.8926485 1.8915679 1.8944156 1.8973705 1.8973705 1.8937106 1.8927270 1.8965868 1.8941576 1.8929411 1.8973733 1.8942745 1.8950643 1.8937343 1.8937343 1.8963101 1.8952156 1.8949411 1.8955571 1.8945127 1.8932107 1.8945776 1.8934938 1.8942994 1.8942994 1.8947889 1.8948368 1.8934054 1.8938027 1.8936074 1.8952737 1.8940203 1.8944865 1.8936848 1.8942095 1.8942095 1.8944399 1.8946279 1.8946279 1.8946641 1.8941329 1.8935579 1.8945380 1.8945380 1.8944037 1.8944037 1.8945380 1.8867739 1.8847800 1.8843386 1.8846445 1.8970954 1.8963766 1.9053667 1.9071176 2.0672221 2.1010182 
RESTV_M.fas-tc_USA_89_Philippines89-Pennsylvania_NC_004161 0.0325050 0.0000000 0.0236161 1.8416931 1.8417390 1.9008273 1.8968403 1.8969749 1.9035960 1.8997475 1.8997074 1.8997294 1.8984045 1.8974498 1.8963956 1.8985211 1.8989268 1.8983244 1.8982838 1.8964394 1.8965739 1.8978984 1.8981011 1.9006365 1.9002536 1.9000617 1.8963883 1.8982575 1.8967210 1.8967210 1.8969855 1.8988964 1.8976684 1.8964020 1.8998545 1.8965364 1.8971608 1.8960768 1.8989337 1.9015384 1.9015384 1.8982853 1.8972387 1.9010505 1.8986739 1.8974557 1.9019018 1.8988864 1.8998190 1.8980749 1.8980749 1.9005693 1.8997365 1.8994599 1.9000786 1.8990310 1.8977253 1.8990976 1.8980088 1.8992723 1.8992723 1.8993078 1.8993576 1.8979199 1.8983187 1.8981224 1.8997948 1.8985378 1.8990051 1.8982003 1.8987277 1.8987277 1.8989582 1.8991462 1.8991462 1.8991826 1.8986507 1.8980733 1.8990565 1.8990565 1.8989219 1.8989219 1.8990565 1.8926129 1.8906694 1.8902242 1.8905312 1.9021140 1.9046638 1.9112727 1.9136509 2.0520999 2.0829176 
RESTV_S.dom-tc_PHL_08_Reston08-A_FJ621583                  0.0487140 0.0236161 0.0000000 1.8657373 1.8657842 1.9277759 1.9237657 1.9239023 1.9311669 1.9272295 1.9269971 1.9270231 1.9258658 1.9247039 1.9235302 1.9256926 1.9261022 1.9254973 1.9254551 1.9235863 1.9237228 1.9250566 1.9252698 1.9278473 1.9274737 1.9272709 1.9235342 1.9254373 1.9238641 1.9238641 1.9241446 1.9260962 1.9250001 1.9233601 1.9270564 1.9236848 1.9244907 1.9233870 1.9261186 1.9287732 1.9287732 1.9251028 1.9243867 1.9280733 1.9258487 1.9246209 1.9291474 1.9260576 1.9270150 1.9252529 1.9252529 1.9277754 1.9269375 1.9266487 1.9272830 1.9255984 1.9248902 1.9262941 1.9251762 1.9264586 1.9264586 1.9264973 1.9265582 1.9250834 1.9254915 1.9252892 1.9269967 1.9257199 1.9261926 1.9253129 1.9259138 1.9259138 1.9261448 1.9263325 1.9263325 1.9263700 1.9258341 1.9252427 1.9262439 1.9262439 1.9261072 1.9261072 1.9262439 1.9183388 1.9163679 1.9159078 1.9162180 1.9302315 1.9319065 1.9396757 1.9420949 2.0649618 2.1090596 
SUDV_H.sap-xx_UGA_12_EboSud-603_KC545390                   1.8628888 1.8416931 1.8657373 0.0000000 0.0001044 2.0159826 2.0126324 2.0126324 2.0170179 2.0110131 2.0086762 2.0098081 2.0102730 2.0116805 2.0127575 2.0114291 2.0108108 2.0171817 2.0175470 2.0127229 2.0129602 2.0127226 2.0131939 2.0138388 2.0149026 2.0120127 2.0097851 2.0095446 2.0126412 2.0126412 2.0111061 2.0139479 2.0159475 2.0152263 2.0149458 2.0141869 2.0142145 2.0157485 2.0142614 2.0125328 2.0125328 2.0150087 2.0116747 2.0124049 2.0137697 2.0120464 2.0148829 2.0127320 2.0145822 2.0103615 2.0103615 2.0139392 2.0125946 2.0114703 2.0125523 2.0114323 2.0125995 2.0112167 2.0131989 2.0116017 2.0116017 2.0123137 2.0108137 2.0116906 2.0135776 2.0111258 2.0140600 2.0127396 2.0121847 2.0112818 2.0119857 2.0119857 2.0121323 2.0123502 2.0123502 2.0126359 2.0122111 2.0116488 2.0126434 2.0126434 2.0124968 2.0124968 2.0127342 1.9912228 1.9893758 1.9911087 1.9909489 1.9999881 2.0070815 2.0156073 2.0187325 2.1735151 2.1481724 
SUDV_H.sap-xx_UGA_12_EboSud-609_KC545391                   1.8629356 1.8417390 1.8657842 0.0001044 0.0000000 2.0162256 2.0128752 2.0128752 2.0172611 2.0112558 2.0089187 2.0100507 2.0105156 2.0119232 2.0130004 2.0116718 2.0110534 2.0174249 2.0177902 2.0129656 2.0132029 2.0129653 2.0134367 2.0140817 2.0151455 2.0122555 2.0100277 2.0097872 2.0128840 2.0128840 2.0113488 2.0141907 2.0161906 2.0154693 2.0151888 2.0144299 2.0144574 2.0159915 2.0145043 2.0127757 2.0127757 2.0152517 2.0119175 2.0126475 2.0140125 2.0122891 2.0151259 2.0129747 2.0148251 2.0106040 2.0106040 2.0141820 2.0128375 2.0117132 2.0127952 2.0116751 2.0128424 2.0114593 2.0134417 2.0118444 2.0118444 2.0125565 2.0110564 2.0119333 2.0138204 2.0113685 2.0143028 2.0129823 2.0124274 2.0115244 2.0122285 2.0122285 2.0123751 2.0125930 2.0125930 2.0128787 2.0124539 2.0118915 2.0128862 2.0128862 2.0127396 2.0127396 2.0129769 1.9914635 1.9896164 1.9913493 1.9911896 2.0002306 2.0073245 2.0158511 2.0189765 2.1730916 2.1482306 
EBOV_H.sap-wt_GIN_14_Makona-Gueckedou-EM_080076_KR817235   1.8965613 1.9008273 1.9277759 2.0159826 2.0162256 0.0000000 0.0025667 0.0025153 0.0030827 0.0026174 0.0029787 0.0028236 0.0025145 0.0027724 0.0016402 0.0020515 0.0022061 0.0025149 0.0026694 0.0017945 0.0018459 0.0018971 0.0018457 0.0027208 0.0027216 0.0026188 0.0027216 0.0027224 0.0025154 0.0025154 0.0025667 0.0018463 0.0022575 0.0022574 0.0024634 0.0022574 0.0021545 0.0023606 0.0023606 0.0027724 0.0027724 0.0023095 0.0025152 0.0025660 0.0025663 0.0023087 0.0024635 0.0025149 0.0026691 0.0024120 0.0024120 0.0023601 0.0023601 0.0023604 0.0023087 0.0023601 0.0024117 0.0022574 0.0017430 0.0022571 0.0022571 0.0022572 0.0022572 0.0021549 0.0019486 0.0022058 0.0022060 0.0021543 0.0022057 0.0021544 0.0021543 0.0021543 0.0021029 0.0021029 0.0021029 0.0021543 0.0021029 0.0021029 0.0021029 0.0021029 0.0020515 0.0020515 0.0021029 0.0334817 0.0333138 0.0333124 0.0330868 0.0339573 0.0373503 0.0378819 0.0389855 1.3826758 1.3436279 
EBOV_H.sap-wt_GIN_14_Makona-Gueckedou-EM_079750_KR817213   1.8923265 1.8968403 1.9237657 2.0126324 2.0128752 0.0025667 0.0000000 0.0001534 0.0026702 0.0022057 0.0025664 0.0024116 0.0021028 0.0023604 0.0015375 0.0016403 0.0017947 0.0021032 0.0022575 0.0013836 0.0014349 0.0014861 0.0014348 0.0023089 0.0023095 0.0022068 0.0023095 0.0023102 0.0021036 0.0021036 0.0021549 0.0014352 0.0018461 0.0018460 0.0020518 0.0018460 0.0017432 0.0019490 0.0019490 0.0023604 0.0023604 0.0018979 0.0021035 0.0021543 0.0021545 0.0018972 0.0020518 0.0021031 0.0022573 0.0020003 0.0020003 0.0019486 0.0019486 0.0019489 0.0018972 0.0019486 0.0020001 0.0018460 0.0013322 0.0018457 0.0018457 0.0018458 0.0018458 0.0017435 0.0015375 0.0017944 0.0017946 0.0017430 0.0017944 0.0017431 0.0017430 0.0017430 0.0016917 0.0016916 0.0016916 0.0017430 0.0016917 0.0016917 0.0016917 0.0016917 0.0016403 0.0016403 0.0016917 0.0330806 0.0329129 0.0329115 0.0326862 0.0336172 0.0369967 0.0375378 0.0385258 1.3810362 1.3443208 
EBOV_H.sap-wt_GIN_14_Makona-Gueckedou-EM_079910_KR817221   1.8924608 1.8969749 1.9239023 2.0126324 2.0128752 0.0025153 0.0001534 0.0000000 0.0026187 0.0021543 0.0025150 0.0023601 0.0020514 0.0023090 0.0014861 0.0015889 0.0017433 0.0020518 0.0022061 0.0013322 0.0013836 0.0014348 0.0013835 0.0022574 0.0022581 0.0021554 0.0022581 0.0022588 0.0020522 0.0020522 0.0021035 0.0013839 0.0017947 0.0017946 0.0020004 0.0017946 0.0016918 0.0018976 0.0018976 0.0023090 0.0023090 0.0018465 0.0020520 0.0021029 0.0021031 0.0018459 0.0020004 0.0020517 0.0022059 0.0019489 0.0019489 0.0018972 0.0018973 0.0018975 0.0018459 0.0018972 0.0019487 0.0017946 0.0012809 0.0017944 0.0017944 0.0017944 0.0017944 0.0016921 0.0014862 0.0017431 0.0017433 0.0016917 0.0017430 0.0016917 0.0016917 0.0016917 0.0016403 0.0016403 0.0016403 0.0016917 0.0016403 0.0016403 0.0016403 0.0016403 0.0015889 0.0015889 0.0016403 0.0330248 0.0328571 0.0328558 0.0326305 0.0335613 0.0369403 0.0374813 0.0384692 1.3814334 1.3448247 
EBOV_H.sap-wt_SLE_14_Makona-Koinadugu-20143659_KR653256    1.8996729 1.9035960 1.9311669 2.0170179 2.0172611 0.0030827 0.0026702 0.0026187 0.0000000 0.0010757 0.0014352 0.0012810 0.0009731 0.0012298 0.0020516 0.0020518 0.0022064 0.0017948 0.0019490 0.0018976 0.0019490 0.0020003 0.0019489 0.0016918 0.0016923 0.0015897 0.0016923 0.0016928 0.0014867 0.0014867 0.0015380 0.0019494 0.0015379 0.0015378 0.0017434 0.0015378 0.0014351 0.0016407 0.0016407 0.0017433 0.0017433 0.0015896 0.0014867 0.0015376 0.0013324 0.0015890 0.0014352 0.0012811 0.0016404 0.0013838 0.0013838 0.0013322 0.0013322 0.0013324 0.0012809 0.0011270 0.0011783 0.0012297 0.0013322 0.0010243 0.0010243 0.0011269 0.0010244 0.0011273 0.0011270 0.0011783 0.0011784 0.0011270 0.0010757 0.0010244 0.0010244 0.0010244 0.0009731 0.0010757 0.0010757 0.0011270 0.0010757 0.0010757 0.0010757 0.0010757 0.0010244 0.0010244 0.0010757 0.0336494 0.0334815 0.0334801 0.0332544 0.0341883 0.0374595 0.0380016 0.0391058 1.3850001 1.3430200 
EBOV_H.sap-wt_SLE_14_Makona-J0128_KP759677                 1.8952260 1.8997475 1.9272295 2.0110131 2.0112558 0.0026174 0.0022057 0.0021543 0.0010757 0.0000000 0.0009720 0.0008184 0.0005114 0.0007673 0.0015883 0.0015885 0.0017428 0.0013318 0.0014858 0.0014345 0.0014858 0.0015370 0.0014857 0.0012291 0.0012295 0.0011270 0.0012295 0.0012298 0.0010242 0.0010242 0.0010755 0.0014861 0.0010744 0.0010744 0.0012805 0.0010744 0.0009720 0.0011780 0.0011780 0.0012805 0.0012805 0.0011269 0.0010232 0.0010744 0.0008696 0.0011256 0.0009720 0.0008184 0.0011768 0.0009208 0.0009208 0.0008696 0.0008696 0.0008696 0.0008184 0.0006649 0.0007161 0.0007673 0.0008696 0.0005626 0.0005626 0.0006649 0.0005626 0.0006649 0.0006649 0.0007161 0.0007161 0.0006649 0.0006137 0.0005626 0.0005626 0.0005626 0.0005114 0.0006137 0.0006137 0.0006649 0.0006137 0.0006137 0.0006137 0.0006137 0.0005626 0.0005626 0.0006137 0.0331267 0.0329590 0.0329576 0.0327323 0.0336633 0.0370423 0.0375834 0.0386858 1.3817316 1.3431783 
EBOV_H.sap-wt_SLE_14_Makona-J0119_KP759667                 1.8950119 1.8997074 1.9269971 2.0086762 2.0089187 0.0029787 0.0025664 0.0025150 0.0014352 0.0009720 0.0000000 0.0004603 0.0004603 0.0004091 0.0019483 0.0019484 0.0021030 0.0016915 0.0018457 0.0017943 0.0018456 0.0018969 0.0018455 0.0015887 0.0015891 0.0014865 0.0015891 0.0015896 0.0013836 0.0013836 0.0014349 0.0018461 0.0014348 0.0014347 0.0016402 0.0014347 0.0013320 0.0015375 0.0015376 0.0016401 0.0016401 0.0014864 0.0013836 0.0014345 0.0012294 0.0014859 0.0013321 0.0011781 0.0015372 0.0012807 0.0012807 0.0012292 0.0012293 0.0012294 0.0011780 0.0010232 0.0010754 0.0011268 0.0012293 0.0009208 0.0009208 0.0010232 0.0009208 0.0010244 0.0010232 0.0010744 0.0010755 0.0010232 0.0009720 0.0009208 0.0009208 0.0009208 0.0008696 0.0009720 0.0009720 0.0010232 0.0009720 0.0009720 0.0009720 0.0009720 0.0009208 0.0009208 0.0009720 0.0334642 0.0332964 0.0332950 0.0330695 0.0340660 0.0374494 0.0379914 0.0390953 1.3810098 1.3429179 
EBOV_H.sap-wt_SLE_14_Makona-PortLoko-J0083_KP759752        1.8943625 1.8997294 1.9270231 2.0098081 2.0100507 0.0028236 0.0024116 0.0023601 0.0012810 0.0008184 0.0004603 0.0000000 0.0003068 0.0002557 0.0017938 0.0017939 0.0019484 0.0015372 0.0016912 0.0016399 0.0016912 0.0017424 0.0016911 0.0014344 0.0014348 0.0013323 0.0014348 0.0014352 0.0012294 0.0012294 0.0012807 0.0016916 0.0012806 0.0012805 0.0014858 0.0012805 0.0011779 0.0013832 0.0013833 0.0014858 0.0014858 0.0013322 0.0012294 0.0012803 0.0010744 0.0013317 0.0011780 0.0010232 0.0013830 0.0011266 0.0011266 0.0010744 0.0010744 0.0010744 0.0010232 0.0008696 0.0009208 0.0009720 0.0010744 0.0007673 0.0007673 0.0008696 0.0007673 0.0008696 0.0008696 0.0009208 0.0009208 0.0008696 0.0008184 0.0007673 0.0007673 0.0007673 0.0007161 0.0008184 0.0008184 0.0008696 0.0008184 0.0008184 0.0008184 0.0008184 0.0007673 0.0007673 0.0008184 0.0332360 0.0330683 0.0330669 0.0328416 0.0338901 0.0372713 0.0378128 0.0389160 1.3808818 1.3434298 
EBOV_H.sap-wt_SLE_14_Makona-PortLoko-20140024_KR653252     1.8938867 1.8984045 1.9258658 2.0102730 2.0105156 0.0025145 0.0021028 0.0020514 0.0009731 0.0005114 0.0004603 0.0003068 0.0000000 0.0002557 0.0014857 0.0014858 0.0016400 0.0012293 0.0013832 0.0013318 0.0013832 0.0014344 0.0013831 0.0011256 0.0011269 0.0010244 0.0011269 0.0011272 0.0009208 0.0009208 0.0009720 0.0013835 0.0009720 0.0009720 0.0011779 0.0009720 0.0008696 0.0010754 0.0010754 0.0011779 0.0011779 0.0010243 0.0009208 0.0009720 0.0007673 0.0010232 0.0008696 0.0007161 0.0010744 0.0008184 0.0008184 0.0007673 0.0007673 0.0007673 0.0007161 0.0005626 0.0006137 0.0006649 0.0007673 0.0004603 0.0004603 0.0005626 0.0004603 0.0005626 0.0005626 0.0006137 0.0006137 0.0005626 0.0005114 0.0004603 0.0004603 0.0004603 0.0004091 0.0005114 0.0005114 0.0005626 0.0005114 0.0005114 0.0005114 0.0005114 0.0004603 0.0004603 0.0005114 0.0330148 0.0328472 0.0328458 0.0326206 0.0335511 0.0369290 0.0374699 0.0385720 1.3815105 1.3438397 
EBOV_H.sap-wt_SLE_14_Makona-J0158_KP759700                 1.8927606 1.8974498 1.9247039 2.0116805 2.0119232 0.0027724 0.0023604 0.0023090 0.0012298 0.0007673 0.0004091 0.0002557 0.0002557 0.0000000 0.0017427 0.0017428 0.0018972 0.0014861 0.0016401 0.0015887 0.0016401 0.0016913 0.0016400 0.0013833 0.0013837 0.0012811 0.0013837 0.0013841 0.0011783 0.0011783 0.0012295 0.0016405 0.0012294 0.0012294 0.0014347 0.0012294 0.0011268 0.0013321 0.0013322 0.0014346 0.0014346 0.0012810 0.0011782 0.0012292 0.0010232 0.0012806 0.0011268 0.0009720 0.0013319 0.0010755 0.0010755 0.0010232 0.0010232 0.0010242 0.0009720 0.0008184 0.0008696 0.0009208 0.0010232 0.0007161 0.0007161 0.0008184 0.0007161 0.0008184 0.0008184 0.0008696 0.0008696 0.0008184 0.0007673 0.0007161 0.0007161 0.0007161 0.0006649 0.0007673 0.0007673 0.0008184 0.0007673 0.0007673 0.0007673 0.0007673 0.0007161 0.0007161 0.0007673 0.0332381 0.0330704 0.0330690 0.0328436 0.0338390 0.0372202 0.0377617 0.0388649 1.3808798 1.3439777 
EBOV_H.sap-wt_GIN_14_Makona-Gueckedou-EM_079702_KR817210   1.8920623 1.8963956 1.9235302 2.0127575 2.0130004 0.0016402 0.0015375 0.0014861 0.0020516 0.0015883 0.0019483 0.0017938 0.0014857 0.0017427 0.0000000 0.0010232 0.0011780 0.0014859 0.0016400 0.0007673 0.0008184 0.0008696 0.0008184 0.0016912 0.0016917 0.0015891 0.0016917 0.0016922 0.0014862 0.0014862 0.0015374 0.0008184 0.0012293 0.0012292 0.0014346 0.0012292 0.0011266 0.0013320 0.0013320 0.0017427 0.0017427 0.0012809 0.0014861 0.0015370 0.0015372 0.0012804 0.0014346 0.0014859 0.0016398 0.0013833 0.0013833 0.0013317 0.0013318 0.0013319 0.0012805 0.0013317 0.0013831 0.0012292 0.0007161 0.0012291 0.0012291 0.0012291 0.0012291 0.0011268 0.0009208 0.0011779 0.0011780 0.0011256 0.0011778 0.0011266 0.0011256 0.0011256 0.0010744 0.0010744 0.0010744 0.0011256 0.0010744 0.0010744 0.0010744 0.0010744 0.0010232 0.0010232 0.0010744 0.0325067 0.0323393 0.0323379 0.0321130 0.0330410 0.0364140 0.0369538 0.0380542 1.3801855 1.3415033 
EBOV_H.sap-tc_GIN_14_Makona-Gueckedou-C05_KP096420         1.8944596 1.8985211 1.9256926 2.0114291 2.0116718 0.0020515 0.0016403 0.0015889 0.0020518 0.0015885 0.0019484 0.0017939 0.0014858 0.0017428 0.0010232 0.0000000 0.0001534 0.0015887 0.0017428 0.0006649 0.0007161 0.0007673 0.0007161 0.0017941 0.0017946 0.0016920 0.0017946 0.0017951 0.0015890 0.0015890 0.0016403 0.0009208 0.0013320 0.0013319 0.0015374 0.0013319 0.0012293 0.0014347 0.0014348 0.0018455 0.0018455 0.0013836 0.0015889 0.0016398 0.0015373 0.0013832 0.0015374 0.0014860 0.0017426 0.0014860 0.0014860 0.0014345 0.0014345 0.0014346 0.0013832 0.0013318 0.0013832 0.0013320 0.0008184 0.0012292 0.0012292 0.0013318 0.0012292 0.0012295 0.0010232 0.0012805 0.0012807 0.0012292 0.0012805 0.0012293 0.0012292 0.0012292 0.0011779 0.0011779 0.0011779 0.0012292 0.0011779 0.0011779 0.0011779 0.0011779 0.0011266 0.0011266 0.0011779 0.0322201 0.0320528 0.0320515 0.0318267 0.0327040 0.0359609 0.0366131 0.0377125 1.3819899 1.3430420 
EBOV_H.sap-wt_GIN_14_Makona-Kissidougou-C15_KT013254       1.8948646 1.8989268 1.9261022 2.0108108 2.0110534 0.0022061 0.0017947 0.0017433 0.0022064 0.0017428 0.0021030 0.0019484 0.0016400 0.0018972 0.0011780 0.0001534 0.0000000 0.0017431 0.0018972 0.0008184 0.0008696 0.0009208 0.0008696 0.0019485 0.0019491 0.0018465 0.0019491 0.0019497 0.0017434 0.0017434 0.0017947 0.0010758 0.0014862 0.0014861 0.0016917 0.0014861 0.0013835 0.0015890 0.0015890 0.0020000 0.0020000 0.0015379 0.0017433 0.0017942 0.0016916 0.0015374 0.0016917 0.0016403 0.0018970 0.0016403 0.0016403 0.0015887 0.0015887 0.0015889 0.0015374 0.0014860 0.0015374 0.0014861 0.0009720 0.0013833 0.0013833 0.0014860 0.0013834 0.0013837 0.0011781 0.0014347 0.0014348 0.0013833 0.0014347 0.0013834 0.0013833 0.0013833 0.0013320 0.0013320 0.0013320 0.0013833 0.0013320 0.0013320 0.0013320 0.0013320 0.0012807 0.0012807 0.0013320 0.0323931 0.0322258 0.0322244 0.0319996 0.0327650 0.0360230 0.0366754 0.0377752 1.3823172 1.3443388 
EBOV_H.sap-wt_GIN_15_Makona-Faranah-EM_004503_KR817102     1.8938084 1.8983244 1.9254973 2.0171817 2.0174249 0.0025149 0.0021032 0.0020518 0.0017948 0.0013318 0.0016915 0.0015372 0.0012293 0.0014861 0.0014859 0.0015887 0.0017431 0.0000000 0.0001534 0.0013321 0.0013834 0.0014346 0.0013833 0.0014347 0.0014351 0.0013325 0.0014351 0.0014355 0.0012297 0.0012297 0.0012809 0.0013837 0.0006649 0.0006649 0.0009720 0.0007673 0.0006649 0.0008696 0.0010756 0.0014861 0.0014861 0.0010245 0.0012296 0.0012806 0.0012807 0.0010232 0.0011782 0.0012294 0.0013833 0.0011269 0.0011269 0.0010754 0.0010754 0.0010755 0.0010232 0.0010744 0.0011267 0.0009720 0.0007673 0.0009720 0.0009720 0.0009720 0.0009720 0.0008696 0.0006649 0.0009208 0.0009208 0.0008696 0.0009208 0.0008696 0.0008696 0.0008696 0.0008184 0.0008184 0.0008184 0.0008696 0.0008184 0.0008184 0.0008184 0.0008184 0.0007673 0.0007673 0.0008184 0.0330208 0.0328532 0.0328518 0.0326265 0.0336696 0.0370492 0.0375904 0.0386930 1.3809886 1.3441532 
EBOV_H.sap-wt_GIN_15_Makona-Kissidougou-EM_004555_KR817103 1.8937680 1.8982838 1.9254551 2.0175470 2.0177902 0.0026694 0.0022575 0.0022061 0.0019490 0.0014858 0.0018457 0.0016912 0.0013832 0.0016401 0.0016400 0.0017428 0.0018972 0.0001534 0.0000000 0.0014861 0.0015374 0.0015886 0.0015373 0.0015887 0.0015891 0.0014866 0.0015891 0.0015896 0.0013837 0.0013837 0.0014349 0.0015378 0.0008184 0.0008184 0.0011266 0.0009208 0.0008184 0.0010232 0.0012295 0.0016401 0.0016401 0.0010758 0.0013836 0.0014345 0.0014347 0.0011780 0.0013321 0.0013834 0.0015372 0.0012808 0.0012808 0.0012293 0.0012293 0.0012294 0.0011780 0.0012292 0.0012806 0.0011268 0.0009208 0.0011266 0.0011266 0.0011266 0.0011267 0.0010244 0.0008184 0.0010754 0.0010755 0.0010232 0.0010744 0.0010232 0.0010232 0.0010232 0.0009720 0.0009720 0.0009720 0.0010232 0.0009720 0.0009720 0.0009720 0.0009720 0.0009208 0.0009208 0.0009720 0.0331893 0.0330216 0.0330202 0.0327948 0.0338387 0.0372199 0.0377614 0.0388645 1.3813713 1.3440378 
EBOV_H.sap-tc_GIN_14_Makona-Gueckedou-C07_KP096421         1.8919279 1.8964394 1.9235863 2.0127229 2.0129656 0.0017945 0.0013836 0.0013322 0.0018976 0.0014345 0.0017943 0.0016399 0.0013318 0.0015887 0.0007673 0.0006649 0.0008184 0.0013321 0.0014861 0.0000000 0.0000511 0.0005114 0.0004603 0.0015373 0.0015377 0.0014352 0.0015378 0.0015382 0.0013323 0.0013323 0.0013836 0.0006649 0.0010755 0.0010755 0.0012807 0.0010755 0.0009720 0.0011782 0.0011782 0.0015887 0.0015887 0.0011271 0.0013322 0.0013832 0.0013833 0.0011267 0.0012808 0.0013320 0.0014859 0.0012294 0.0012294 0.0011780 0.0011780 0.0011781 0.0011267 0.0011779 0.0012293 0.0010755 0.0005626 0.0010744 0.0010744 0.0010744 0.0010744 0.0009731 0.0007673 0.0010232 0.0010242 0.0009720 0.0010232 0.0009720 0.0009720 0.0009720 0.0009208 0.0009208 0.0009208 0.0009720 0.0009208 0.0009208 0.0009208 0.0009208 0.0008696 0.0008696 0.0009208 0.0321658 0.0319986 0.0319972 0.0317725 0.0326495 0.0360192 0.0365583 0.0376576 1.3816846 1.3423964 
EBOV_H.sap-wt_GIN_14_Makona-Gueckedou-C07_KT013256         1.8920621 1.8965739 1.9237228 2.0129602 2.0132029 0.0018459 0.0014349 0.0013836 0.0019490 0.0014858 0.0018456 0.0016912 0.0013832 0.0016401 0.0008184 0.0007161 0.0008696 0.0013834 0.0015374 0.0000511 0.0000000 0.0005626 0.0005114 0.0015887 0.0015891 0.0014866 0.0015891 0.0015896 0.0013836 0.0013836 0.0014349 0.0007161 0.0011268 0.0011267 0.0013321 0.0011267 0.0010232 0.0012295 0.0012295 0.0016401 0.0016401 0.0011784 0.0013836 0.0014345 0.0014346 0.0011780 0.0013321 0.0013834 0.0015372 0.0012807 0.0012807 0.0012293 0.0012293 0.0012294 0.0011780 0.0012292 0.0012806 0.0011268 0.0006137 0.0011266 0.0011266 0.0011266 0.0011267 0.0010244 0.0008184 0.0010744 0.0010755 0.0010232 0.0010744 0.0010232 0.0010232 0.0010232 0.0009720 0.0009720 0.0009720 0.0010232 0.0009720 0.0009720 0.0009720 0.0009720 0.0009208 0.0009208 0.0009720 0.0322219 0.0320546 0.0320533 0.0318285 0.0327058 0.0360760 0.0366152 0.0377147 1.3814871 1.3426051 
EBOV_H.sap-wt_GIN_14_Makona-Macenta-EM_079422_KR817187     1.8933849 1.8978984 1.9250566 2.0127226 2.0129653 0.0018971 0.0014861 0.0014348 0.0020003 0.0015370 0.0018969 0.0017424 0.0014344 0.0016913 0.0008696 0.0007673 0.0009208 0.0014346 0.0015886 0.0005114 0.0005626 0.0000000 0.0002557 0.0016399 0.0016404 0.0015378 0.0016404 0.0016409 0.0014349 0.0014349 0.0014861 0.0007673 0.0011780 0.0011780 0.0013833 0.0011780 0.0010744 0.0012807 0.0012807 0.0016913 0.0016913 0.0012296 0.0014348 0.0014857 0.0014859 0.0012292 0.0013833 0.0014346 0.0015884 0.0013320 0.0013320 0.0012805 0.0012805 0.0012806 0.0012292 0.0012804 0.0013318 0.0011780 0.0006649 0.0011778 0.0011778 0.0011778 0.0011779 0.0010756 0.0008696 0.0011256 0.0011267 0.0010744 0.0011256 0.0010744 0.0010744 0.0010744 0.0010232 0.0010232 0.0010232 0.0010744 0.0010232 0.0010232 0.0010232 0.0010232 0.0009720 0.0009720 0.0010232 0.0321599 0.0319926 0.0319913 0.0317666 0.0326435 0.0360125 0.0365514 0.0376505 1.3806014 1.3419387 
EBOV_H.sap-wt_GIN_14_Makona-Macenta-EM_079424_KR817189     1.8935858 1.8981011 1.9252698 2.0131939 2.0134367 0.0018457 0.0014348 0.0013835 0.0019489 0.0014857 0.0018455 0.0016911 0.0013831 0.0016400 0.0008184 0.0007161 0.0008696 0.0013833 0.0015373 0.0004603 0.0005114 0.0002557 0.0000000 0.0015886 0.0015890 0.0014865 0.0015890 0.0015895 0.0013836 0.0013836 0.0014348 0.0007161 0.0011267 0.0011267 0.0013320 0.0011267 0.0010232 0.0012294 0.0012294 0.0016400 0.0016400 0.0011783 0.0013835 0.0014344 0.0014345 0.0011779 0.0013320 0.0013833 0.0015371 0.0012807 0.0012807 0.0012292 0.0012292 0.0012293 0.0011779 0.0012291 0.0012805 0.0011267 0.0006137 0.0011256 0.0011256 0.0011256 0.0011266 0.0010243 0.0008184 0.0010744 0.0010754 0.0010232 0.0010744 0.0010232 0.0010232 0.0010232 0.0009720 0.0009720 0.0009720 0.0010232 0.0009720 0.0009720 0.0009720 0.0009720 0.0009208 0.0009208 0.0009720 0.0321043 0.0319371 0.0319358 0.0317111 0.0325877 0.0359563 0.0364951 0.0375941 1.3812854 1.3427615 
EBOV_H.sap-wt_SLE_14_Makona-G5640_1_KR105313               1.8959374 1.9006365 1.9278473 2.0138388 2.0140817 0.0027208 0.0023089 0.0022574 0.0016918 0.0012291 0.0015887 0.0014344 0.0011256 0.0013833 0.0016912 0.0017941 0.0019485 0.0014347 0.0015887 0.0015373 0.0015887 0.0016399 0.0015886 0.0000000 0.0013323 0.0012297 0.0013323 0.0013327 0.0011270 0.0011270 0.0011782 0.0015890 0.0011781 0.0011780 0.0013833 0.0011780 0.0010754 0.0012807 0.0012808 0.0013832 0.0013832 0.0012296 0.0011269 0.0011779 0.0011780 0.0012292 0.0010755 0.0011267 0.0012805 0.0010232 0.0010232 0.0009720 0.0009720 0.0009720 0.0009208 0.0009720 0.0010232 0.0008696 0.0009720 0.0008696 0.0008696 0.0008696 0.0008696 0.0007673 0.0007673 0.0008184 0.0008184 0.0007673 0.0008184 0.0007673 0.0007673 0.0007673 0.0007161 0.0007161 0.0007161 0.0007673 0.0007161 0.0007161 0.0007161 0.0007161 0.0006649 0.0006649 0.0007161 0.0333555 0.0331877 0.0331863 0.0329609 0.0338931 0.0372745 0.0378161 0.0389193 1.3829908 1.3449162 
EBOV_H.sap-wt_SLE_14_Makona-G4973_1_KR105286               1.8957295 1.9002536 1.9274737 2.0149026 2.0151455 0.0027216 0.0023095 0.0022581 0.0016923 0.0012295 0.0015891 0.0014348 0.0011269 0.0013837 0.0016917 0.0017946 0.0019491 0.0014351 0.0015891 0.0015377 0.0015891 0.0016404 0.0015890 0.0013323 0.0000000 0.0012301 0.0013326 0.0013330 0.0011273 0.0011273 0.0011785 0.0015895 0.0011784 0.0011783 0.0013837 0.0011783 0.0010757 0.0012811 0.0012811 0.0013836 0.0013836 0.0012300 0.0011272 0.0011782 0.0011783 0.0012296 0.0008696 0.0011270 0.0012809 0.0010245 0.0010245 0.0009730 0.0009730 0.0009732 0.0009208 0.0009730 0.0010244 0.0008696 0.0009730 0.0008696 0.0008696 0.0008696 0.0008696 0.0007673 0.0007673 0.0008184 0.0008184 0.0007673 0.0008184 0.0007673 0.0007673 0.0007673 0.0007161 0.0007161 0.0007161 0.0007673 0.0007161 0.0007161 0.0007161 0.0007161 0.0006649 0.0006649 0.0007161 0.0333069 0.0331391 0.0331377 0.0329122 0.0338444 0.0372262 0.0377678 0.0388712 1.3829340 1.3436277 
EBOV_H.sap-wt_GIN_14_Makona-Beyla-EM_075931_KR817138       1.8950847 1.9000617 1.9272709 2.0120127 2.0122555 0.0026188 0.0022068 0.0021554 0.0015897 0.0011270 0.0014865 0.0013323 0.0010244 0.0012811 0.0015891 0.0016920 0.0018465 0.0013325 0.0014866 0.0014352 0.0014866 0.0015378 0.0014865 0.0012297 0.0012301 0.0000000 0.0006137 0.0006137 0.0004091 0.0004091 0.0004603 0.0014869 0.0010759 0.0010758 0.0012812 0.0010758 0.0009733 0.0011786 0.0011786 0.0012811 0.0012811 0.0011275 0.0007161 0.0010757 0.0010758 0.0011271 0.0009733 0.0010246 0.0011784 0.0009220 0.0009220 0.0008696 0.0008696 0.0008707 0.0008184 0.0008696 0.0009219 0.0007673 0.0008696 0.0007673 0.0007673 0.0007673 0.0007673 0.0006649 0.0006649 0.0007161 0.0007161 0.0006649 0.0007161 0.0006649 0.0006649 0.0006649 0.0006137 0.0006137 0.0006137 0.0006649 0.0006137 0.0006137 0.0006137 0.0006137 0.0005626 0.0005626 0.0006137 0.0332021 0.0330343 0.0330329 0.0328075 0.0337446 0.0370731 0.0376682 0.0387716 1.3817376 1.3450665 
EBOV_H.sap-wt_GIN_14_Makona-Kankan-EM_078639_KR817166      1.8918771 1.8963883 1.9235342 2.0097851 2.0100277 0.0027216 0.0023095 0.0022581 0.0016923 0.0012295 0.0015891 0.0014348 0.0011269 0.0013837 0.0016917 0.0017946 0.0019491 0.0014351 0.0015891 0.0015378 0.0015891 0.0016404 0.0015890 0.0013323 0.0013326 0.0006137 0.0000000 0.0004091 0.0005114 0.0005114 0.0003580 0.0015895 0.0011784 0.0011783 0.0013837 0.0011783 0.0010757 0.0012811 0.0012811 0.0013836 0.0013836 0.0012300 0.0008184 0.0011782 0.0011783 0.0012296 0.0010758 0.0011270 0.0012809 0.0010245 0.0010245 0.0009730 0.0009730 0.0009732 0.0009208 0.0009730 0.0010244 0.0008696 0.0009730 0.0008696 0.0008696 0.0008696 0.0008696 0.0007673 0.0007673 0.0008184 0.0008184 0.0007673 0.0008184 0.0007673 0.0007673 0.0007673 0.0007161 0.0007161 0.0007161 0.0007673 0.0007161 0.0007161 0.0007161 0.0007161 0.0006649 0.0006649 0.0007161 0.0333650 0.0331971 0.0331958 0.0329703 0.0338535 0.0372361 0.0377778 0.0388814 1.3819770 1.3438287 
EBOV_H.sap-wt_GIN_14_Makona-Faranah-EM_078415_KR817160     1.8937404 1.8982575 1.9254373 2.0095446 2.0097872 0.0027224 0.0023102 0.0022588 0.0016928 0.0012298 0.0015896 0.0014352 0.0011272 0.0013841 0.0016922 0.0017951 0.0019497 0.0014355 0.0015896 0.0015382 0.0015896 0.0016409 0.0015895 0.0013327 0.0013330 0.0006137 0.0004091 0.0000000 0.0005114 0.0005114 0.0003580 0.0015900 0.0011788 0.0011787 0.0013841 0.0011787 0.0010761 0.0012815 0.0012815 0.0013841 0.0013841 0.0012304 0.0008184 0.0011786 0.0011787 0.0012299 0.0010761 0.0011274 0.0012812 0.0010248 0.0010248 0.0009733 0.0009733 0.0009734 0.0009221 0.0009733 0.0010247 0.0008708 0.0009733 0.0008707 0.0008707 0.0008707 0.0008708 0.0007684 0.0007673 0.0008195 0.0008196 0.0007673 0.0008195 0.0007673 0.0007673 0.0007673 0.0007161 0.0007161 0.0007161 0.0007673 0.0007161 0.0007161 0.0007161 0.0007161 0.0006649 0.0006649 0.0007161 0.0333748 0.0332070 0.0332056 0.0329800 0.0338636 0.0372471 0.0377890 0.0388930 1.3815114 1.3461409 
EBOV_H.sap-wt_GIN_14_Makona-Kissidougou-EM_078694_KR817171 1.8922102 1.8967210 1.9238641 2.0126412 2.0128840 0.0025154 0.0021036 0.0020522 0.0014867 0.0010242 0.0013836 0.0012294 0.0009208 0.0011783 0.0014862 0.0015890 0.0017434 0.0012297 0.0013837 0.0013323 0.0013836 0.0014349 0.0013836 0.0011270 0.0011273 0.0004091 0.0005114 0.0005114 0.0000000 0.0000010 0.0003580 0.0013840 0.0009732 0.0009731 0.0011784 0.0009731 0.0008696 0.0010758 0.0010758 0.0011783 0.0011783 0.0010247 0.0006137 0.0009720 0.0009731 0.0010243 0.0008696 0.0009218 0.0010756 0.0008184 0.0008184 0.0007673 0.0007673 0.0007673 0.0007161 0.0007673 0.0008184 0.0006649 0.0007673 0.0006649 0.0006649 0.0006649 0.0006649 0.0005626 0.0005626 0.0006137 0.0006137 0.0005626 0.0006137 0.0005626 0.0005626 0.0005626 0.0005114 0.0005114 0.0005114 0.0005626 0.0005114 0.0005114 0.0005114 0.0005114 0.0004603 0.0004603 0.0005114 0.0331386 0.0329709 0.0329695 0.0327442 0.0336263 0.0370067 0.0375480 0.0386508 1.3805620 1.3449036 
EBOV_H.sap-wt_GIN_14_Makona-Kissidougou-EM_078722_KR817175 1.8922102 1.8967210 1.9238641 2.0126412 2.0128840 0.0025154 0.0021036 0.0020522 0.0014867 0.0010242 0.0013836 0.0012294 0.0009208 0.0011783 0.0014862 0.0015890 0.0017434 0.0012297 0.0013837 0.0013323 0.0013836 0.0014349 0.0013836 0.0011270 0.0011273 0.0004091 0.0005114 0.0005114 0.0000010 0.0000000 0.0003580 0.0013840 0.0009732 0.0009731 0.0011784 0.0009731 0.0008696 0.0010758 0.0010758 0.0011783 0.0011783 0.0010247 0.0006137 0.0009720 0.0009731 0.0010243 0.0008696 0.0009218 0.0010756 0.0008184 0.0008184 0.0007673 0.0007673 0.0007673 0.0007161 0.0007673 0.0008184 0.0006649 0.0007673 0.0006649 0.0006649 0.0006649 0.0006649 0.0005626 0.0005626 0.0006137 0.0006137 0.0005626 0.0006137 0.0005626 0.0005626 0.0005626 0.0005114 0.0005114 0.0005114 0.0005626 0.0005114 0.0005114 0.0005114 0.0005114 0.0004603 0.0004603 0.0005114 0.0331386 0.0329709 0.0329695 0.0327442 0.0336263 0.0370067 0.0375480 0.0386508 1.3805620 1.3449036 
EBOV_H.sap-wt_GIN_14_Makona-Macenta-EM_076191_KR817141     1.8924720 1.8969855 1.9241446 2.0111061 2.0113488 0.0025667 0.0021549 0.0021035 0.0015380 0.0010755 0.0014349 0.0012807 0.0009720 0.0012295 0.0015374 0.0016403 0.0017947 0.0012809 0.0014349 0.0013836 0.0014349 0.0014861 0.0014348 0.0011782 0.0011785 0.0004603 0.0003580 0.0003580 0.0003580 0.0003580 0.0000000 0.0014352 0.0010244 0.0010243 0.0012296 0.0010243 0.0009208 0.0011270 0.0011271 0.0012295 0.0012295 0.0010759 0.0006649 0.0010242 0.0010243 0.0010755 0.0009218 0.0009731 0.0011268 0.0008696 0.0008696 0.0008184 0.0008184 0.0008184 0.0007673 0.0008184 0.0008696 0.0007161 0.0008184 0.0007161 0.0007161 0.0007161 0.0007161 0.0006137 0.0006137 0.0006649 0.0006649 0.0006137 0.0006649 0.0006137 0.0006137 0.0006137 0.0005626 0.0005626 0.0005626 0.0006137 0.0005626 0.0005626 0.0005626 0.0005626 0.0005114 0.0005114 0.0005626 0.0331925 0.0330247 0.0330234 0.0327980 0.0336803 0.0370609 0.0376023 0.0387052 1.3821062 1.3444690 
EBOV_H.sap-wt_GIN_14_Makona-Gueckedou-EM_079587_KR817202   1.8947346 1.8988964 1.9260962 2.0139479 2.0141907 0.0018463 0.0014352 0.0013839 0.0019494 0.0014861 0.0018461 0.0016916 0.0013835 0.0016405 0.0008184 0.0009208 0.0010758 0.0013837 0.0015378 0.0006649 0.0007161 0.0007673 0.0007161 0.0015890 0.0015895 0.0014869 0.0015895 0.0015900 0.0013840 0.0013840 0.0014352 0.0000000 0.0011271 0.0011270 0.0013324 0.0011270 0.0010244 0.0012298 0.0012298 0.0016405 0.0016405 0.0011787 0.0013839 0.0014348 0.0014350 0.0011782 0.0013324 0.0013837 0.0015376 0.0012810 0.0012810 0.0012295 0.0012295 0.0012297 0.0011782 0.0012295 0.0012809 0.0011270 0.0006137 0.0011269 0.0011269 0.0011269 0.0011269 0.0010246 0.0008184 0.0010756 0.0010758 0.0010243 0.0010756 0.0010244 0.0010243 0.0010243 0.0009731 0.0009730 0.0009730 0.0010243 0.0009731 0.0009731 0.0009731 0.0009731 0.0009208 0.0009208 0.0009731 0.0323464 0.0321791 0.0321777 0.0319528 0.0329386 0.0363116 0.0368514 0.0379518 1.3810240 1.3413070 
EBOV_H.sap-wt_LBR_14_Makona-Foya-EM_074353_KR817112        1.8931557 1.8976684 1.9250001 2.0159475 2.0161906 0.0022575 0.0018461 0.0017947 0.0015379 0.0010744 0.0014348 0.0012806 0.0009720 0.0012294 0.0012293 0.0013320 0.0014862 0.0006649 0.0008184 0.0010755 0.0011268 0.0011780 0.0011267 0.0011781 0.0011784 0.0010759 0.0011784 0.0011788 0.0009732 0.0009732 0.0010244 0.0011271 0.0000000 0.0003068 0.0007161 0.0005114 0.0004091 0.0006137 0.0008184 0.0012294 0.0012294 0.0007673 0.0009731 0.0010232 0.0010242 0.0007673 0.0009208 0.0009720 0.0011267 0.0008696 0.0008696 0.0008184 0.0008184 0.0008184 0.0007673 0.0008184 0.0008696 0.0007161 0.0005114 0.0007161 0.0007161 0.0007161 0.0007161 0.0006137 0.0004091 0.0006649 0.0006649 0.0006137 0.0006649 0.0006137 0.0006137 0.0006137 0.0005626 0.0005626 0.0005626 0.0006137 0.0005626 0.0005626 0.0005626 0.0005626 0.0005114 0.0005114 0.0005626 0.0327981 0.0326305 0.0326291 0.0324040 0.0333336 0.0367104 0.0372510 0.0383527 1.3820521 1.3445820 
EBOV_H.sap-wt_LBR_14_Makona-Foya-EM_074350_KR817109        1.8923466 1.8964020 1.9233601 2.0152263 2.0154693 0.0022574 0.0018460 0.0017946 0.0015378 0.0010744 0.0014347 0.0012805 0.0009720 0.0012294 0.0012292 0.0013319 0.0014861 0.0006649 0.0008184 0.0010755 0.0011267 0.0011780 0.0011267 0.0011780 0.0011783 0.0010758 0.0011783 0.0011787 0.0009731 0.0009731 0.0010243 0.0011270 0.0003068 0.0000000 0.0007161 0.0005114 0.0004091 0.0006137 0.0008184 0.0012293 0.0012293 0.0007673 0.0009731 0.0010232 0.0010232 0.0007673 0.0009208 0.0009720 0.0011266 0.0008696 0.0008696 0.0008184 0.0008184 0.0008184 0.0007673 0.0008184 0.0008696 0.0007161 0.0005114 0.0007161 0.0007161 0.0007161 0.0007161 0.0006137 0.0004091 0.0006649 0.0006649 0.0006137 0.0006649 0.0006137 0.0006137 0.0006137 0.0005626 0.0005626 0.0005626 0.0006137 0.0005626 0.0005626 0.0005626 0.0005626 0.0005114 0.0005114 0.0005626 0.0327371 0.0325695 0.0325682 0.0323431 0.0332723 0.0366481 0.0371884 0.0382898 1.3815140 1.3433705 
EBOV_H.sap-wt_LBR_14_Makona-Foya-EM_074720_KR817125        1.8952375 1.8998545 1.9270564 2.0149458 2.0151888 0.0024634 0.0020518 0.0020004 0.0017434 0.0012805 0.0016402 0.0014858 0.0011779 0.0014347 0.0014346 0.0015374 0.0016917 0.0009720 0.0011266 0.0012807 0.0013321 0.0013833 0.0013320 0.0013833 0.0013837 0.0012812 0.0013837 0.0013841 0.0011784 0.0011784 0.0012296 0.0013324 0.0007161 0.0007161 0.0000000 0.0006137 0.0004091 0.0006137 0.0010243 0.0014347 0.0014347 0.0009732 0.0011783 0.0012293 0.0012294 0.0009720 0.0011269 0.0011781 0.0013319 0.0010756 0.0010756 0.0010232 0.0010232 0.0010242 0.0009720 0.0010232 0.0010754 0.0009208 0.0007161 0.0009208 0.0009208 0.0009208 0.0009208 0.0008184 0.0006137 0.0008696 0.0008696 0.0008184 0.0008696 0.0008184 0.0008184 0.0008184 0.0007673 0.0007673 0.0007673 0.0008184 0.0007673 0.0007673 0.0007673 0.0007673 0.0007161 0.0007161 0.0007673 0.0329644 0.0327968 0.0327954 0.0325702 0.0335006 0.0368787 0.0373033 0.0384050 1.3804892 1.3442933 
EBOV_H.sap-wt_GIN_14_Makona-Macenta-EM_076322_KR817145     1.8920247 1.8965364 1.9236848 2.0141869 2.0144299 0.0022574 0.0018460 0.0017946 0.0015378 0.0010744 0.0014347 0.0012805 0.0009720 0.0012294 0.0012292 0.0013319 0.0014861 0.0007673 0.0009208 0.0010755 0.0011267 0.0011780 0.0011267 0.0011780 0.0011783 0.0010758 0.0011783 0.0011787 0.0009731 0.0009731 0.0010243 0.0011270 0.0005114 0.0005114 0.0006137 0.0000000 0.0003068 0.0005114 0.0008184 0.0012293 0.0012293 0.0007673 0.0009731 0.0010232 0.0010232 0.0007673 0.0009208 0.0009720 0.0011266 0.0008696 0.0008696 0.0008184 0.0008184 0.0008184 0.0007673 0.0008184 0.0008696 0.0007161 0.0005114 0.0007161 0.0007161 0.0007161 0.0007161 0.0006137 0.0004091 0.0006649 0.0006649 0.0006137 0.0006649 0.0006137 0.0006137 0.0006137 0.0005626 0.0005626 0.0005626 0.0006137 0.0005626 0.0005626 0.0005626 0.0005626 0.0005114 0.0005114 0.0005626 0.0328489 0.0326813 0.0326799 0.0324548 0.0333261 0.0367612 0.0373018 0.0384035 1.3810392 1.3431724 
EBOV_H.sap-wt_LBR_14_Makona-EM_080065_KR817232             1.8926485 1.8971608 1.9244907 2.0142145 2.0144574 0.0021545 0.0017432 0.0016918 0.0014351 0.0009720 0.0013320 0.0011779 0.0008696 0.0011268 0.0011266 0.0012293 0.0013835 0.0006649 0.0008184 0.0009720 0.0010232 0.0010744 0.0010232 0.0010754 0.0010757 0.0009733 0.0010757 0.0010761 0.0008696 0.0008696 0.0009208 0.0010244 0.0004091 0.0004091 0.0004091 0.0003068 0.0000000 0.0002045 0.0007161 0.0011268 0.0011268 0.0006649 0.0008696 0.0009208 0.0009208 0.0006649 0.0008184 0.0008696 0.0010232 0.0007673 0.0007673 0.0007161 0.0007161 0.0007161 0.0006649 0.0007161 0.0007673 0.0006137 0.0004091 0.0006137 0.0006137 0.0006137 0.0006137 0.0005114 0.0003068 0.0005626 0.0005626 0.0005114 0.0005626 0.0005114 0.0005114 0.0005114 0.0004603 0.0004603 0.0004603 0.0005114 0.0004603 0.0004603 0.0004603 0.0004603 0.0004091 0.0004091 0.0004603 0.0325124 0.0323450 0.0323437 0.0321187 0.0330469 0.0364205 0.0369604 0.0380611 1.3805650 1.3435984 
EBOV_H.sap-wt_GIN_14_Makona-Nzerekore-EM_074437_KR817117   1.8915679 1.8960768 1.9233870 2.0157485 2.0159915 0.0023606 0.0019490 0.0018976 0.0016407 0.0011780 0.0015375 0.0013832 0.0010754 0.0013321 0.0013320 0.0014347 0.0015890 0.0008696 0.0010232 0.0011782 0.0012295 0.0012807 0.0012294 0.0012807 0.0012811 0.0011786 0.0012811 0.0012815 0.0010758 0.0010758 0.0011270 0.0012298 0.0006137 0.0006137 0.0006137 0.0005114 0.0002045 0.0000000 0.0009218 0.0013321 0.0013321 0.0008707 0.0010757 0.0011267 0.0011268 0.0008696 0.0010244 0.0010756 0.0012294 0.0009730 0.0009730 0.0009208 0.0009208 0.0009208 0.0008696 0.0009208 0.0009720 0.0008184 0.0006137 0.0008184 0.0008184 0.0008184 0.0008184 0.0007161 0.0005114 0.0007673 0.0007673 0.0007161 0.0007673 0.0007161 0.0007161 0.0007161 0.0006649 0.0006649 0.0006649 0.0007161 0.0006649 0.0006649 0.0006649 0.0006649 0.0006137 0.0006137 0.0006649 0.0327406 0.0325731 0.0325717 0.0323466 0.0332759 0.0366520 0.0371925 0.0382939 1.3806207 1.3433499 
EBOV_H.sap-wt_LBR_14_Makona-LIBR0430_KR006955              1.8944156 1.8989337 1.9261186 2.0142614 2.0145043 0.0023606 0.0019490 0.0018976 0.0016407 0.0011780 0.0015376 0.0013833 0.0010754 0.0013322 0.0013320 0.0014348 0.0015890 0.0010756 0.0012295 0.0011782 0.0012295 0.0012807 0.0012294 0.0012808 0.0012811 0.0011786 0.0012811 0.0012815 0.0010758 0.0010758 0.0011271 0.0012298 0.0008184 0.0008184 0.0010243 0.0008184 0.0007161 0.0009218 0.0000000 0.0013321 0.0013321 0.0008707 0.0010758 0.0011268 0.0011269 0.0008696 0.0010244 0.0010756 0.0012294 0.0009731 0.0009731 0.0009208 0.0009208 0.0009208 0.0008696 0.0009208 0.0009720 0.0008184 0.0006137 0.0008184 0.0008184 0.0008184 0.0008184 0.0007161 0.0005114 0.0007673 0.0007673 0.0007161 0.0007673 0.0007161 0.0007161 0.0007161 0.0006649 0.0006649 0.0006649 0.0007161 0.0006649 0.0006649 0.0006649 0.0006649 0.0006137 0.0006137 0.0006649 0.0329660 0.0327983 0.0327970 0.0325717 0.0335022 0.0368804 0.0374213 0.0385235 1.3813154 1.3441772 
EBOV_H.sap-wt_SLE_14_Makona-J0171_KP759707                 1.8973705 1.9015384 1.9287732 2.0125328 2.0127757 0.0027724 0.0023604 0.0023090 0.0017433 0.0012805 0.0016401 0.0014858 0.0011779 0.0014346 0.0017427 0.0018455 0.0020000 0.0014861 0.0016401 0.0015887 0.0016401 0.0016913 0.0016400 0.0013832 0.0013836 0.0012811 0.0013836 0.0013841 0.0011783 0.0011783 0.0012295 0.0016405 0.0012294 0.0012293 0.0014347 0.0012293 0.0011268 0.0013321 0.0013321 0.0000000 0.0000010 0.0012810 0.0011782 0.0012292 0.0012293 0.0012806 0.0011268 0.0011780 0.0008696 0.0010755 0.0010755 0.0010232 0.0005626 0.0005626 0.0005114 0.0010232 0.0010744 0.0009208 0.0010232 0.0009208 0.0009208 0.0009208 0.0009208 0.0008184 0.0008184 0.0008696 0.0008696 0.0008184 0.0008696 0.0008184 0.0008184 0.0008184 0.0007673 0.0007673 0.0007673 0.0008184 0.0007673 0.0007673 0.0007673 0.0007673 0.0007161 0.0007161 0.0007673 0.0333109 0.0331431 0.0331417 0.0329162 0.0337360 0.0371171 0.0376586 0.0387617 1.3840130 1.3449512 
