100
02A1.GH.97.97GH_AG2.AB052867           0.0000000 0.3454923 0.3463578 0.3643815 0.3726764 0.4333436 0.4064004 0.4353140 0.4524674 0.5464134 0.5414873 0.5825660 0.5251158 0.5171016 0.5768131 0.4868915 0.5509315 0.5247810 0.5643319 0.6168874 0.6278673 0.6592752 0.6621011 0.6551547 0.6359195 0.6728124 0.7387965 0.7937833 0.4734658 0.5996185 0.4942401 0.5277722 0.5928915 0.6405013 0.6574735 0.7741054 0.8509440 0.5555752 0.7880519 0.7871988 0.7786366 0.7676721 0.7577861 0.7260444 0.7988276 0.7851268 0.7831205 0.7888968 0.7857005 0.7472142 0.7418569 0.7334592 0.7902797 0.8085411 0.7766988 0.7938160 0.8071777 0.7784250 0.8013372 0.7920358 0.7883625 0.7897240 0.8327415 0.8667225 0.7360601 0.8343809 0.8119998 0.7994781 0.8173318 0.8509933 0.8567014 0.8383570 0.8599951 0.7252589 0.6689611 0.6503449 0.6405523 0.8654838 0.8308409 0.8305081 0.8320880 0.7845638 0.8484073 0.8783541 0.8629735 0.8405306 0.7861691 0.8058940 0.8394328 0.8815974 0.9101890 0.8931323 0.9807450 0.9538660 1.0664442 0.7830043 1.9591128 1.9977511 1.9117120 2.5257238 
02_AG.CM.02.02CM_3217MN.GU201514       0.3454923 0.0000000 0.2592661 0.2806518 0.3856951 0.3579316 0.4050261 0.4374118 0.4586541 0.5476713 0.5338023 0.5921424 0.5364108 0.5238627 0.5842560 0.5047272 0.5630629 0.5540082 0.5657130 0.6146318 0.6167214 0.6681345 0.6702018 0.6597766 0.6287138 0.6659208 0.7186448 0.8151806 0.4647367 0.5831199 0.5038905 0.5358987 0.5941734 0.6480286 0.6494346 0.7640399 0.8181460 0.5350660 0.7768830 0.8053863 0.7828826 0.7687874 0.7571556 0.7128277 0.7895995 0.7640778 0.7826504 0.7906835 0.8085481 0.7521012 0.7372412 0.7539558 0.7806555 0.8239986 0.7782627 0.7951278 0.8109408 0.7904047 0.8183388 0.8221264 0.8163117 0.7926392 0.8235717 0.8586885 0.7495395 0.8360154 0.8048796 0.7829037 0.8123556 0.8291941 0.8484484 0.8424486 0.8672584 0.7264028 0.6911831 0.6479231 0.6241041 0.8453945 0.8187610 0.8110681 0.8218143 0.7718700 0.8343986 0.8576792 0.8563296 0.8510915 0.8048444 0.7943405 0.8227441 0.8789426 0.9089810 0.8901805 0.9806041 0.9514391 1.0615715 0.7864289 1.8793036 1.9583884 1.8723893 2.5012018 
02_AG.GW.04.CC_0030.FJ694791           0.3463578 0.2592661 0.0000000 0.2849064 0.3909562 0.3652834 0.4114526 0.4326326 0.4518019 0.5540991 0.5335753 0.5922220 0.5296298 0.5339774 0.5562756 0.4984063 0.5444227 0.5452382 0.5558285 0.6198962 0.6210854 0.6486938 0.6635168 0.6450672 0.6297681 0.6638452 0.7192895 0.7913116 0.4755418 0.5854197 0.4897556 0.5155077 0.5911043 0.6274582 0.6394465 0.7368534 0.8231507 0.5442822 0.7995954 0.8049100 0.8094957 0.7762293 0.7544657 0.7222479 0.7990913 0.7846360 0.8036365 0.7893352 0.8124899 0.7527830 0.7549923 0.7671159 0.7938646 0.8271933 0.7813221 0.8131600 0.7966824 0.8030607 0.8452035 0.8288304 0.8093898 0.8075274 0.8555721 0.8665135 0.7537251 0.8393073 0.8213530 0.8063921 0.8095637 0.8332809 0.8584975 0.8375045 0.8762875 0.7178635 0.6811303 0.6516201 0.6267663 0.8616263 0.8283939 0.8466648 0.8462385 0.7728411 0.8550135 0.8729876 0.8689138 0.8579481 0.7989521 0.8162778 0.8349498 0.8909171 0.9141053 0.9125728 0.9800915 0.9580092 1.0841302 0.7763953 1.8143713 1.8409784 1.7773013 2.4415155 
02_AG.GW.14.DE00214GW009.MH078544      0.3643815 0.2806518 0.2849064 0.0000000 0.3947512 0.3807811 0.4358907 0.4552354 0.4885357 0.5821823 0.5617386 0.6020950 0.5512717 0.5505751 0.5823575 0.5253712 0.5672439 0.5633373 0.5761870 0.6342699 0.6471802 0.6799209 0.6992810 0.6848542 0.6663437 0.6850864 0.7375141 0.8283253 0.4945253 0.6136283 0.5194254 0.5521146 0.6276424 0.6591919 0.6644018 0.7790130 0.8609639 0.5661617 0.8170014 0.8287907 0.8083808 0.7935196 0.7681115 0.7326474 0.8075812 0.7656219 0.8068748 0.8040278 0.8057476 0.7697207 0.7635536 0.7832829 0.8111125 0.8263836 0.7990303 0.8214873 0.8307384 0.8262248 0.8261654 0.8394572 0.8225332 0.8365492 0.8555610 0.8858049 0.7583586 0.8560440 0.8358696 0.8281209 0.8468278 0.8704450 0.8605108 0.8576457 0.8873056 0.7635358 0.7086173 0.6693991 0.6525021 0.8687136 0.8424727 0.8365105 0.8512940 0.7946327 0.8715025 0.8794698 0.8760559 0.8698786 0.8211075 0.8461549 0.8546224 0.9000985 0.9349594 0.9090034 0.9825276 0.9889146 1.0732398 0.7786992 1.8962232 1.9740447 1.8471448 2.5541589 
02A.CI.16.DEURF16CI011.MH078538        0.3726764 0.3856951 0.3909562 0.3947512 0.0000000 0.4779445 0.4476367 0.4752289 0.5034603 0.6011862 0.5936505 0.6312375 0.5809515 0.5587572 0.6178785 0.5394904 0.5931514 0.5826107 0.6048427 0.6619047 0.6696792 0.6975014 0.7128554 0.6841932 0.6818660 0.6930887 0.7556750 0.8528485 0.5141304 0.6446199 0.5360930 0.5576506 0.6333474 0.6731265 0.6796456 0.8049082 0.8803213 0.6006974 0.8272378 0.8381615 0.8297401 0.7932961 0.7865250 0.7430152 0.8130339 0.8138056 0.8067848 0.8412372 0.8235874 0.7873498 0.7918653 0.7796437 0.8241144 0.8541715 0.8124912 0.8342099 0.8209506 0.8276468 0.8463792 0.8312072 0.8444554 0.8250583 0.8720546 0.9036802 0.7802279 0.8771191 0.8503182 0.8394284 0.8465222 0.8675374 0.8927518 0.8735250 0.8952501 0.7620407 0.7261434 0.6881792 0.6980260 0.9039799 0.8816890 0.8815904 0.8769540 0.8392044 0.8933395 0.9058612 0.9295482 0.8914504 0.8355680 0.8627207 0.8950919 0.9242641 0.9673077 0.9412665 1.0141340 0.9854932 1.1020646 0.8322689 1.9273067 1.9504574 1.8804205 2.5668538 
02D.GH.03.GHNJ193.AB231897             0.4333436 0.3579316 0.3652834 0.3807811 0.4779445 0.0000000 0.4858826 0.5120275 0.5518955 0.6179665 0.6197866 0.6840225 0.6212500 0.6138859 0.6517440 0.5765924 0.6362935 0.6246463 0.6398066 0.7086164 0.7092851 0.7532512 0.7476953 0.7341497 0.7033666 0.7409758 0.7949819 0.9055944 0.5498669 0.6730614 0.5782937 0.6255374 0.6922776 0.7332814 0.7441457 0.8391167 0.9051375 0.6414874 0.8534191 0.8911149 0.8718265 0.8622782 0.8399801 0.7952478 0.8901309 0.8499047 0.8707383 0.8671466 0.8671474 0.8438847 0.8296930 0.8293927 0.8673617 0.9078773 0.8465989 0.8879355 0.9029567 0.8680218 0.9172810 0.8980969 0.9030059 0.8857213 0.9337186 0.9518677 0.8481019 0.9107227 0.8868066 0.8847801 0.9032538 0.9331988 0.9235843 0.9375911 0.9407432 0.8060258 0.7807683 0.7351821 0.7120246 0.9427923 0.9095021 0.9345438 0.9168824 0.8635690 0.9438826 0.9515287 0.9572652 0.9367025 0.8973879 0.9102572 0.9344975 0.9833531 0.9949295 0.9728339 1.0384889 1.0372888 1.1746323 0.8632434 1.9575484 1.9672910 1.9113088 2.4627840 
0206.SN.12.LA56Senegl.KU168299         0.4064004 0.4050261 0.4114526 0.4358907 0.4476367 0.4858826 0.0000000 0.4066182 0.4933203 0.5601924 0.5531833 0.6131634 0.5607919 0.5584064 0.5973382 0.5245284 0.5686782 0.5592559 0.5966591 0.6525468 0.6617202 0.6908722 0.6989017 0.6877589 0.6667117 0.6999772 0.7637424 0.8304790 0.5014199 0.6407697 0.5363106 0.5675307 0.6272020 0.6717812 0.6744958 0.7971403 0.8568981 0.6311823 0.8177992 0.8143351 0.8290953 0.7986956 0.7969612 0.7553117 0.8298676 0.7970288 0.8000467 0.8210184 0.8419627 0.7963469 0.7887161 0.7725703 0.8130492 0.8368962 0.8184009 0.8345288 0.8390636 0.8371872 0.8337035 0.8314447 0.8268601 0.8275658 0.8487659 0.8860416 0.7764715 0.8686148 0.8315343 0.8285780 0.8428278 0.8552007 0.8849942 0.8743468 0.8934900 0.7530289 0.7142122 0.6789385 0.6796201 0.8911735 0.8495977 0.8416202 0.8802751 0.8086579 0.9048042 0.8922871 0.9050241 0.8683812 0.8195274 0.8267981 0.8726645 0.9096220 0.9515634 0.9139031 0.9948011 1.0021412 1.1031376 0.7953941 1.9736250 1.9825927 1.9520926 2.6811123 
U.ES.10.DEURF10DZ001.JX140679          0.4353140 0.4374118 0.4326326 0.4552354 0.4752289 0.5120275 0.4066182 0.0000000 0.5141483 0.6067798 0.6011370 0.6402070 0.5919093 0.5802077 0.6253959 0.5550530 0.6203054 0.6045792 0.6274937 0.6787136 0.6826947 0.7090175 0.7193271 0.7149068 0.6915707 0.7272065 0.7965434 0.8662478 0.5382166 0.6384662 0.5565256 0.6031086 0.6522959 0.6892484 0.7160217 0.8123317 0.8542447 0.6508641 0.8347610 0.8360420 0.8398057 0.8325341 0.8214119 0.7682590 0.8443572 0.8074242 0.8246702 0.8426952 0.8679133 0.7944744 0.8110196 0.8187977 0.8330255 0.8721011 0.8400421 0.8469116 0.8483122 0.8450266 0.8872471 0.8789797 0.8588595 0.8474783 0.8916003 0.9007525 0.8089105 0.8922351 0.8479412 0.8420641 0.8804696 0.9142559 0.9177677 0.9006714 0.9215637 0.7877751 0.7548385 0.7050161 0.6873741 0.9293676 0.8990426 0.8938844 0.8700082 0.8237600 0.9178968 0.9330227 0.9010139 0.8995088 0.8486682 0.8685957 0.8908276 0.9291657 0.9663283 0.9451663 1.0141359 1.0224601 1.1312883 0.8494928 2.0623413 2.0401299 2.0379516 2.6281336 
AGU.CM.06.770_8.MH705142               0.4524674 0.4586541 0.4518019 0.4885357 0.5034603 0.5518955 0.4933203 0.5141483 0.0000000 0.5759539 0.5462090 0.6127622 0.5504278 0.5434943 0.6000507 0.5119751 0.5665765 0.5468128 0.5862825 0.6543621 0.6679575 0.6794674 0.6823869 0.6694182 0.6505410 0.6859658 0.7558626 0.8230280 0.4887051 0.6214943 0.5456692 0.5059517 0.5653599 0.6149932 0.6126787 0.8100113 0.8710590 0.6679089 0.8038855 0.8069167 0.7829639 0.7732237 0.7636071 0.7142461 0.7976714 0.7889070 0.8093628 0.7846980 0.7943882 0.7477173 0.7419380 0.7491460 0.7749522 0.8281108 0.7956802 0.8201933 0.8045709 0.8070161 0.8293640 0.8271327 0.8301083 0.8193756 0.8153072 0.8690374 0.7443486 0.8432662 0.8345048 0.8141664 0.8155259 0.8632736 0.8738432 0.8303342 0.8678353 0.7405221 0.6931239 0.6665295 0.6626993 0.8676153 0.8348618 0.8588293 0.8462791 0.7858935 0.8747582 0.8973230 0.8794971 0.8629493 0.8338571 0.8386542 0.8564426 0.9090616 0.9446867 0.9075994 0.9852779 0.9523754 1.1016345 0.8134984 2.0420790 2.0963000 1.9702994 2.6698299 
A1.KE.06.06KECst_028.FJ623479          0.5464134 0.5476713 0.5540991 0.5821823 0.6011862 0.6179665 0.5601924 0.6067798 0.5759539 0.0000000 0.3044951 0.4308819 0.3768219 0.3972272 0.4173114 0.4281106 0.4853443 0.4687388 0.4589584 0.5588704 0.5652710 0.5849036 0.5999957 0.5889815 0.5691514 0.5835688 0.6558684 0.7289685 0.5007720 0.4934807 0.6499982 0.6307081 0.6867197 0.7427568 0.7643014 0.7069866 0.7763331 0.7750276 0.8278328 0.8349896 0.8414856 0.8205060 0.7881851 0.7563237 0.8331716 0.8162028 0.8275071 0.8415856 0.8398227 0.7943870 0.7959871 0.7699126 0.8442050 0.8727310 0.8278293 0.8429909 0.8437814 0.8124363 0.8615447 0.8515536 0.8532203 0.8439698 0.8721288 0.8981778 0.8033850 0.8797622 0.8458260 0.8629442 0.8807814 0.8874410 0.8972494 0.8852553 0.9043739 0.7806817 0.7341325 0.7046120 0.6772047 0.7433821 0.7082097 0.7444963 0.7049237 0.6894204 0.7445810 0.7472917 0.7539775 0.7361532 0.6992019 0.7136570 0.7349742 0.7941007 0.7871615 0.7696436 0.8514598 0.8405858 1.1234063 0.8319829 2.0945807 2.1102017 2.0731857 2.6577623 
A1.KE.06.06KECst_013.FJ623485          0.5414873 0.5338023 0.5335753 0.5617386 0.5936505 0.6197866 0.5531833 0.6011370 0.5462090 0.3044951 0.0000000 0.4292228 0.3674110 0.3856880 0.3930171 0.4242779 0.4819126 0.4602984 0.4275499 0.5498059 0.5618849 0.5721704 0.5933822 0.5821261 0.5551824 0.5905980 0.6654095 0.7278789 0.4876685 0.4773212 0.6222635 0.6129646 0.6748644 0.7184864 0.7409302 0.6759556 0.7579809 0.7527165 0.8229059 0.8333711 0.8223650 0.8279995 0.7801333 0.7527837 0.8314007 0.7951788 0.8289390 0.8196136 0.8526829 0.7913734 0.7915158 0.7840813 0.8350447 0.8534816 0.8205340 0.8467889 0.8525616 0.8260731 0.8595031 0.8462660 0.8628867 0.8412156 0.8851021 0.9079897 0.7929950 0.8791894 0.8333545 0.8628105 0.8545113 0.8755991 0.8878723 0.8814646 0.9067794 0.7717522 0.7233063 0.6922780 0.6812041 0.7218957 0.7117371 0.7131666 0.6961843 0.6633287 0.7303789 0.7271830 0.7272699 0.7300522 0.6732302 0.6947084 0.7286200 0.7607618 0.7816571 0.7728948 0.8217641 0.8303796 1.1130951 0.8145549 2.0883129 2.1160123 2.0271133 2.6205842 
A1.CY.07.CY208.JF683760                0.5825660 0.5921424 0.5922220 0.6020950 0.6312375 0.6840225 0.6131634 0.6402070 0.6127622 0.4308819 0.4292228 0.0000000 0.2553313 0.4207880 0.4610547 0.4666538 0.5182378 0.5134847 0.4845195 0.5942905 0.6065470 0.6283735 0.6199998 0.6148777 0.6086624 0.6408022 0.7144886 0.7713504 0.5337716 0.5312455 0.6656219 0.6645473 0.7326458 0.7551362 0.7927259 0.7303497 0.8252851 0.8217497 0.8897462 0.8730211 0.8653282 0.8376417 0.8249134 0.8124086 0.8774421 0.8776079 0.8440102 0.8783039 0.8742343 0.8363588 0.8381548 0.8236121 0.8629574 0.8953224 0.8662996 0.9093194 0.8898046 0.8672050 0.8937333 0.8810261 0.8975676 0.8879789 0.9066229 0.9133251 0.8202708 0.9263153 0.8859157 0.8895911 0.8911021 0.9160157 0.9500076 0.9110968 0.9500817 0.8010706 0.7557721 0.7354193 0.7369701 0.7596224 0.7403078 0.7598474 0.7302004 0.7151945 0.7975999 0.8092044 0.7592704 0.7782642 0.7197934 0.7328849 0.7736363 0.7838802 0.8043956 0.7938348 0.8721616 0.8733059 1.1522235 0.8836985 2.1053707 2.1037860 2.0714269 2.6571640 
A1.CY.05.CY051.FJ388903                0.5251158 0.5364108 0.5296298 0.5512717 0.5809515 0.6212500 0.5607919 0.5919093 0.5504278 0.3768219 0.3674110 0.2553313 0.0000000 0.3805364 0.4014356 0.4079102 0.4653049 0.4518004 0.4303167 0.5407984 0.5508040 0.5830666 0.5859191 0.5721620 0.5627058 0.5997946 0.6539081 0.7377057 0.4789237 0.4751765 0.6329076 0.6156709 0.6849378 0.7076486 0.7569324 0.6814301 0.7673805 0.7682916 0.8273616 0.8272074 0.8097385 0.7972542 0.7929705 0.7590303 0.8332543 0.8195595 0.8193421 0.8236618 0.8319828 0.8002430 0.7953210 0.7747850 0.8231684 0.8620730 0.8160887 0.8368213 0.8295744 0.8201570 0.8510012 0.8361703 0.8622372 0.8681711 0.8815330 0.8910174 0.7784057 0.8716424 0.8465792 0.8613504 0.8531812 0.8735460 0.8819754 0.8587578 0.9164555 0.7701235 0.7270444 0.6932821 0.6680571 0.7517164 0.7088698 0.7200519 0.6979597 0.6810012 0.7458276 0.7509939 0.7287603 0.7222793 0.6813607 0.6891979 0.7285113 0.7614945 0.7964752 0.7640710 0.8511049 0.8437260 1.1120717 0.8288329 2.0779950 2.0874352 2.0377172 2.6623996 
A1.UG.11.DEMA110UG001.KF859745         0.5171016 0.5238627 0.5339774 0.5505751 0.5587572 0.6138859 0.5584064 0.5802077 0.5434943 0.3972272 0.3856880 0.4207880 0.3805364 0.0000000 0.4156260 0.4120749 0.4580161 0.4376099 0.4302981 0.5322722 0.5433509 0.5651024 0.5946352 0.5593929 0.5415401 0.5903756 0.6481420 0.7208038 0.4742682 0.4629580 0.6267516 0.6026314 0.6812942 0.7037079 0.7333363 0.6751253 0.7662034 0.7424381 0.8089095 0.8286084 0.8008852 0.8046114 0.7787983 0.7567600 0.8297465 0.7954990 0.7983151 0.8250169 0.8055380 0.7820738 0.7626533 0.7698391 0.7979403 0.8384173 0.8100517 0.8388896 0.8264921 0.8163414 0.8424091 0.8196860 0.8339822 0.8190128 0.8481528 0.8899039 0.7706766 0.8460139 0.8504450 0.8317506 0.8352304 0.8449952 0.8748211 0.8767479 0.8726676 0.7703737 0.7129853 0.6817604 0.6706548 0.7526089 0.7073743 0.7089951 0.6914597 0.6721368 0.7492270 0.7522044 0.7230032 0.7246401 0.6890340 0.7067088 0.7205674 0.7679396 0.7767756 0.7705344 0.8320850 0.8278256 1.0801000 0.7868391 2.1011717 2.1428126 2.0582790 2.6612510 
35_AD.AF.06.007H.GQ477450              0.5768131 0.5842560 0.5562756 0.5823575 0.6178785 0.6517440 0.5973382 0.6253959 0.6000507 0.4173114 0.3930171 0.4610547 0.4014356 0.4156260 0.0000000 0.4434728 0.5049390 0.4838968 0.4736102 0.5698958 0.5839658 0.6096490 0.6091818 0.6000756 0.5869937 0.6233026 0.6844830 0.7597377 0.5222424 0.5048880 0.6768050 0.6370213 0.7136423 0.7160648 0.7475029 0.7273454 0.8024807 0.7960036 0.8620307 0.8511890 0.8349303 0.8222935 0.8140105 0.7865467 0.8367892 0.8271670 0.8206893 0.8430470 0.8359124 0.8023003 0.8020834 0.8037554 0.8295277 0.8930467 0.8295807 0.8613080 0.8623361 0.8532319 0.8656442 0.8514430 0.8706748 0.8570376 0.8927636 0.9141869 0.8069445 0.8972372 0.8647942 0.8694921 0.8461543 0.8760854 0.9090227 0.9052767 0.9295356 0.8088301 0.7557030 0.7256779 0.7099921 0.7596194 0.7289473 0.7483128 0.7303954 0.6944234 0.7498362 0.7625362 0.7735182 0.7641329 0.7155360 0.7256463 0.7681381 0.8003307 0.8150041 0.7961280 0.8836142 0.8681167 1.1505868 0.8412299 2.1217264 2.1312072 2.0632490 2.6297669 
A1.CY.06.CY154.FJ388943                0.4868915 0.5047272 0.4984063 0.5253712 0.5394904 0.5765924 0.5245284 0.5550530 0.5119751 0.4281106 0.4242779 0.4666538 0.4079102 0.4120749 0.4434728 0.0000000 0.4226866 0.4176457 0.4581272 0.4959198 0.5068910 0.5445925 0.5446462 0.5326012 0.5163564 0.5466418 0.6038292 0.7032731 0.4426120 0.4806222 0.6022489 0.5899893 0.6465034 0.6863457 0.7113756 0.6508502 0.7261566 0.6946128 0.7990351 0.8173838 0.7839127 0.7853638 0.7735627 0.7363967 0.7960697 0.7859732 0.8028724 0.8114412 0.8075842 0.7482143 0.7366114 0.7484665 0.7869534 0.8339059 0.7944226 0.7922493 0.8055887 0.8023751 0.8378564 0.8240227 0.8227705 0.8221579 0.8480684 0.8717817 0.7651501 0.8558826 0.8059698 0.8096562 0.8120672 0.8408152 0.8804218 0.8467564 0.8629267 0.7306572 0.6924457 0.6373195 0.6424544 0.7539399 0.7044035 0.7242519 0.7049957 0.6770563 0.7432497 0.7623739 0.7542970 0.7364102 0.6906932 0.7079151 0.7308020 0.7668360 0.7895575 0.7747759 0.8317149 0.8664035 1.0586830 0.7721652 2.0135527 2.0754020 1.9665353 2.6264487 
22_01A1.CM.02.02CM_1867LE.AY371165     0.5509315 0.5630629 0.5444227 0.5672439 0.5931514 0.6362935 0.5686782 0.6203054 0.5665765 0.4853443 0.4819126 0.5182378 0.4653049 0.4580161 0.5049390 0.4226866 0.0000000 0.4452482 0.4996265 0.4250157 0.4396360 0.4647661 0.4784058 0.4606933 0.4517405 0.4693537 0.5411741 0.6185823 0.5026513 0.5339235 0.6553396 0.6174123 0.6925568 0.7157190 0.7443533 0.5818076 0.6669660 0.7644216 0.8381520 0.8423000 0.8167532 0.8057321 0.8061010 0.7760511 0.8556792 0.8394269 0.8254652 0.8244713 0.8288101 0.8084754 0.8088318 0.7844487 0.8363075 0.8647790 0.8263545 0.8572785 0.8571769 0.8395114 0.8656870 0.8429329 0.8520378 0.8326253 0.8915581 0.9090173 0.8036863 0.8855255 0.8505136 0.8656036 0.8659202 0.8872611 0.9112090 0.8819427 0.9118107 0.7633972 0.7331970 0.6931377 0.6977495 0.7801500 0.7585233 0.7773410 0.7487538 0.7228199 0.7797992 0.8022141 0.7953680 0.7856409 0.7398585 0.7564913 0.7901361 0.8116248 0.8313828 0.8337953 0.9022469 0.9010928 1.1021580 0.8271493 2.0062304 2.0593636 2.0153912 2.5782233 
A6.UA.12.DEMA112UA036.KU749406         0.5247810 0.5540082 0.5452382 0.5633373 0.5826107 0.6246463 0.5592559 0.6045792 0.5468128 0.4687388 0.4602984 0.5134847 0.4518004 0.4376099 0.4838968 0.4176457 0.4452482 0.0000000 0.4960473 0.5264494 0.5436473 0.5708275 0.5674254 0.5491948 0.5423829 0.5751000 0.6290285 0.7057708 0.4921143 0.5266840 0.6291037 0.6211395 0.6910023 0.7052412 0.7355759 0.6730402 0.7610567 0.7512833 0.8319825 0.8274199 0.8160441 0.8205680 0.8025916 0.7533002 0.8231001 0.8120364 0.8138133 0.8395627 0.8365930 0.7764304 0.7788063 0.7868004 0.8193940 0.8511642 0.8138534 0.8525481 0.8560810 0.8208305 0.8438391 0.8430398 0.8310525 0.8373776 0.8757562 0.8962809 0.7804516 0.8846342 0.8546380 0.8526609 0.8349508 0.8727041 0.9090708 0.8773817 0.8937965 0.7808662 0.7307450 0.6828666 0.6833231 0.7998101 0.7625123 0.7614466 0.7356373 0.7267772 0.7804962 0.7828320 0.7845225 0.7845000 0.7412749 0.7564578 0.7736079 0.8098982 0.8466396 0.8205530 0.8959077 0.8963525 1.1101455 0.8067388 2.0362437 2.0696657 2.0464054 2.6194037 
A1D.UG.99.99UGJ21953.AF484496          0.5643319 0.5657130 0.5558285 0.5761870 0.6048427 0.6398066 0.5966591 0.6274937 0.5862825 0.4589584 0.4275499 0.4845195 0.4303167 0.4302981 0.4736102 0.4581272 0.4996265 0.4960473 0.0000000 0.5828763 0.5807457 0.6124784 0.6297850 0.6019417 0.5900070 0.6276018 0.6915657 0.7651711 0.5149368 0.5041420 0.6584437 0.6590513 0.7172487 0.7465352 0.7629429 0.7341395 0.8265569 0.7958907 0.8313109 0.8450283 0.8283949 0.8281295 0.8147319 0.7919162 0.8594667 0.8357070 0.8482347 0.8419098 0.8592962 0.8073939 0.8055488 0.7982185 0.8333235 0.8727952 0.8440654 0.8654299 0.8672922 0.8397371 0.8840500 0.8700904 0.8756679 0.8767864 0.8970022 0.9008477 0.8048895 0.8753166 0.8915432 0.8715562 0.8736610 0.9083070 0.8983693 0.8877121 0.9290958 0.8181784 0.7496918 0.7073357 0.7202558 0.7660088 0.7198445 0.7261271 0.7055721 0.6776105 0.7556516 0.7679048 0.7622937 0.7515370 0.7024673 0.6996229 0.7326278 0.7764420 0.7943276 0.7722707 0.8594604 0.8387664 1.0942678 0.8487034 2.1902375 2.2067669 2.1302867 2.6398998 
01_AE.CN.02.YN0236.JX112866            0.6168874 0.6146318 0.6198962 0.6342699 0.6619047 0.7086164 0.6525468 0.6787136 0.6543621 0.5588704 0.5498059 0.5942905 0.5407984 0.5322722 0.5698958 0.4959198 0.4250157 0.5264494 0.5828763 0.0000000 0.1531614 0.2009457 0.2000034 0.2029667 0.2155907 0.2447023 0.2894963 0.3586743 0.5729493 0.6039239 0.7169265 0.6987363 0.7874891 0.7960608 0.8540152 0.4672058 0.5546360 0.8330160 0.8988211 0.9145284 0.8857074 0.8941857 0.8725426 0.8610575 0.9272808 0.8916517 0.9090620 0.9189426 0.9221677 0.8774374 0.8731683 0.8659104 0.9042592 0.9201809 0.8969991 0.9297723 0.9205037 0.9128722 0.9482318 0.9324462 0.9319789 0.9322183 0.9416439 0.9863910 0.8677329 0.9648716 0.9157508 0.9260611 0.9193386 0.9703284 0.9835655 0.9781942 0.9632309 0.8429554 0.8192713 0.7738450 0.7838302 0.8804893 0.8584596 0.8520968 0.8532359 0.8132048 0.8486172 0.8561827 0.8714851 0.8773669 0.8243784 0.8479280 0.8782467 0.8829081 0.9309871 0.9199682 0.9811781 0.9598978 1.1747752 0.8716810 2.1008086 2.1244516 2.0792152 2.7293534 
01_AE.TH.99.99TH_C4460.AY945726        0.6278673 0.6167214 0.6210854 0.6471802 0.6696792 0.7092851 0.6617202 0.6826947 0.6679575 0.5652710 0.5618849 0.6065470 0.5508040 0.5433509 0.5839658 0.5068910 0.4396360 0.5436473 0.5807457 0.1531614 0.0000000 0.2093033 0.1988651 0.2017862 0.2170993 0.2468420 0.2958413 0.3712374 0.5781167 0.6234115 0.7282205 0.7004976 0.7906086 0.7896190 0.8587251 0.4634342 0.5602780 0.8386148 0.9060166 0.9122822 0.8941935 0.9094475 0.8809912 0.8550403 0.9342821 0.8885312 0.9123597 0.9275395 0.9173086 0.8920595 0.8844822 0.8760685 0.9101293 0.9442643 0.8942704 0.9408577 0.9145038 0.9274124 0.9549605 0.9314841 0.9365342 0.9620750 0.9525185 0.9896770 0.8758034 0.9724362 0.9367242 0.9192015 0.9492758 0.9705398 0.9707295 0.9693398 0.9790538 0.8494601 0.8228825 0.7898170 0.7911020 0.8789174 0.8548447 0.8603106 0.8458954 0.8126869 0.8677602 0.8708092 0.8839643 0.8916254 0.8384786 0.8541685 0.8801612 0.8928870 0.9409462 0.9276121 0.9917355 0.9589860 1.1765928 0.8810742 2.0939763 2.1258116 2.1254073 2.6601108 
01_AE.CN.07.07CNYN326.KF835513         0.6592752 0.6681345 0.6486938 0.6799209 0.6975014 0.7532512 0.6908722 0.7090175 0.6794674 0.5849036 0.5721704 0.6283735 0.5830666 0.5651024 0.6096490 0.5445925 0.4647661 0.5708275 0.6124784 0.2009457 0.2093033 0.0000000 0.2419451 0.2279809 0.2413317 0.2707370 0.3228930 0.4028470 0.6082117 0.6384131 0.7595861 0.7220756 0.8102701 0.8186070 0.8882328 0.4999161 0.5807335 0.8850817 0.9384237 0.9444762 0.9200415 0.9164757 0.8901521 0.8683564 0.9447323 0.9146310 0.9249054 0.9207339 0.9367317 0.8950440 0.8960483 0.9013217 0.9321755 0.9664497 0.9177275 0.9501915 0.9606389 0.9541948 0.9385819 0.9375946 0.9365139 0.9609634 0.9662503 1.0049783 0.8877288 0.9959672 0.9400814 0.9577759 0.9781205 0.9750594 1.0033451 1.0042555 0.9666287 0.8791970 0.8459448 0.8067085 0.8017077 0.9033684 0.8589622 0.8895638 0.8759877 0.8241010 0.8793846 0.9142626 0.8899769 0.9076767 0.8467743 0.8785018 0.8944233 0.9181707 0.9672054 0.9507314 1.0099797 0.9921891 1.1954404 0.9129827 2.1294405 2.1486486 2.0893370 2.7007961 
01_AE.CN.07.GX070143.JX112835          0.6621011 0.6702018 0.6635168 0.6992810 0.7128554 0.7476953 0.6989017 0.7193271 0.6823869 0.5999957 0.5933822 0.6199998 0.5859191 0.5946352 0.6091818 0.5446462 0.4784058 0.5674254 0.6297850 0.2000034 0.1988651 0.2419451 0.0000000 0.2414483 0.2531730 0.2865240 0.3232252 0.4022733 0.6192633 0.6634917 0.7705375 0.7496639 0.8350876 0.8395937 0.8924850 0.5183611 0.6077825 0.8902919 0.9596211 0.9561126 0.9375363 0.9394629 0.9098059 0.8800328 0.9529657 0.9495660 0.9350685 0.9595691 0.9760335 0.9276379 0.9225963 0.9152947 0.9418884 0.9721039 0.9302041 0.9799110 0.9705211 0.9468987 0.9932529 0.9752807 0.9735776 0.9857942 0.9847217 1.0437251 0.8957204 1.0200064 0.9637249 0.9786579 0.9617354 0.9948189 1.0236087 1.0062053 1.0025208 0.8942812 0.8512321 0.8176455 0.8246363 0.9123016 0.8961964 0.8887615 0.8873148 0.8713304 0.8999806 0.9387056 0.9136384 0.9113417 0.8597708 0.8855533 0.9203485 0.9389734 0.9479140 0.9670522 1.0190741 0.9923358 1.2135331 0.9115434 2.1676134 2.1788345 2.1101967 2.7593087 
01_AE.TH.07.AA030a04.JX447057          0.6551547 0.6597766 0.6450672 0.6848542 0.6841932 0.7341497 0.6877589 0.7149068 0.6694182 0.5889815 0.5821261 0.6148777 0.5721620 0.5593929 0.6000756 0.5326012 0.4606933 0.5491948 0.6019417 0.2029667 0.2017862 0.2279809 0.2414483 0.0000000 0.2491177 0.2732707 0.3195619 0.3919824 0.5936801 0.6480484 0.7437360 0.7186505 0.8001001 0.8041289 0.8691612 0.5051526 0.5749367 0.8660186 0.9271502 0.9221020 0.9121990 0.9136822 0.8779231 0.8491639 0.9211043 0.8970230 0.9136536 0.9215673 0.9168434 0.8774622 0.9020706 0.8777168 0.9283816 0.9458484 0.9096553 0.9671823 0.9512182 0.9384014 0.9593220 0.9376525 0.9342730 0.9608145 0.9474006 0.9825561 0.8752083 0.9716881 0.9365863 0.9346567 0.9413855 0.9733377 1.0061481 0.9858585 0.9932335 0.8770968 0.8424960 0.7932156 0.8123798 0.8955845 0.8872035 0.8854896 0.8724224 0.8440817 0.8926200 0.9060411 0.9113202 0.9029380 0.8678326 0.8936627 0.8941561 0.9202749 0.9482747 0.9510990 1.0162358 0.9539110 1.1823094 0.8880906 2.1415064 2.1630880 2.0460198 2.6660764 
01_AE.TH.05.AA101a_WG1.JX447936        0.6359195 0.6287138 0.6297681 0.6663437 0.6818660 0.7033666 0.6667117 0.6915707 0.6505410 0.5691514 0.5551824 0.6086624 0.5627058 0.5415401 0.5869937 0.5163564 0.4517405 0.5423829 0.5900070 0.2155907 0.2170993 0.2413317 0.2531730 0.2491177 0.0000000 0.2722718 0.3261388 0.3973112 0.5883687 0.6300888 0.7357466 0.7079278 0.7700116 0.8029303 0.8454071 0.4893906 0.5668882 0.8455833 0.9105970 0.9155146 0.8886578 0.8886820 0.8565960 0.8469586 0.9092134 0.8922822 0.8958066 0.9215845 0.9119312 0.8538227 0.8698164 0.8715961 0.8730119 0.9318838 0.8831236 0.9318438 0.9248414 0.9219775 0.9448754 0.9287925 0.9218049 0.9322085 0.9282482 0.9598191 0.8448724 0.9576184 0.9202795 0.9366072 0.9182570 0.9329112 0.9798747 0.9668885 0.9703006 0.8569162 0.8172201 0.7824611 0.7772506 0.8802912 0.8598031 0.8592076 0.8569520 0.8267836 0.8723649 0.8866556 0.8768268 0.8809661 0.8368476 0.8571653 0.8722431 0.9038349 0.9173970 0.9510802 0.9913635 0.9618424 1.1808283 0.8909137 2.1264983 2.1766488 2.0784870 2.6853313 
01_AE.CN.07.07CNYN343.KF835528         0.6728124 0.6659208 0.6638452 0.6850864 0.6930887 0.7409758 0.6999772 0.7272065 0.6859658 0.5835688 0.5905980 0.6408022 0.5997946 0.5903756 0.6233026 0.5466418 0.4693537 0.5751000 0.6276018 0.2447023 0.2468420 0.2707370 0.2865240 0.2732707 0.2722718 0.0000000 0.3636903 0.4392943 0.6157283 0.6565896 0.7698495 0.7416601 0.8093481 0.8226809 0.8769621 0.4978635 0.5917843 0.8852087 0.9288991 0.9572208 0.9293636 0.9221045 0.8985090 0.8740230 0.9507087 0.9207100 0.9307157 0.9318737 0.9330005 0.9060927 0.9011272 0.9005408 0.9300079 0.9708005 0.9191755 0.9559822 0.9666080 0.9487359 0.9805103 0.9653008 0.9513611 0.9577885 0.9826581 1.0039076 0.9108031 1.0120022 0.9576314 0.9666702 0.9667374 1.0019120 0.9874018 1.0050037 0.9955421 0.8938005 0.8728669 0.8154432 0.8171908 0.9000383 0.8787933 0.8722955 0.8787462 0.8321390 0.9042903 0.9159064 0.9002238 0.9031834 0.8426726 0.8973947 0.9004236 0.9357124 0.9579759 0.9656856 1.0202523 0.9990645 1.2030457 0.9230211 2.1238129 2.1705483 2.0866297 2.7341682 
01BC.CN.13.SZ95LS8027.KX379000         0.7387965 0.7186448 0.7192895 0.7375141 0.7556750 0.7949819 0.7637424 0.7965434 0.7558626 0.6558684 0.6654095 0.7144886 0.6539081 0.6481420 0.6844830 0.6038292 0.5411741 0.6290285 0.6915657 0.2894963 0.2958413 0.3228930 0.3232252 0.3195619 0.3261388 0.3636903 0.0000000 0.4800082 0.6706800 0.7396827 0.8299934 0.8063452 0.8716831 0.8743230 0.9425959 0.5665257 0.6556392 0.9570377 1.0199653 1.0356140 1.0102422 0.9982544 0.9592009 0.9495979 1.0106671 1.0037274 1.0334355 1.0370355 1.0282993 0.9982009 0.9788082 0.9921443 1.0063430 1.0557292 0.9918931 1.0688596 1.0393065 1.0319888 1.0863820 1.0427697 1.0382877 1.0320791 1.0591769 1.0964761 0.9730491 1.0769773 1.0368189 1.0322077 1.0524785 1.0794469 1.0739781 1.0835357 1.0952491 0.9631081 0.9418327 0.8811437 0.8833185 0.9649070 0.9477642 0.9677924 0.9435352 0.9241712 1.0027668 0.9878567 0.9786498 1.0014318 0.9233257 0.9525113 0.9802255 1.0143065 1.0534117 1.0172006 1.1037943 1.0752000 1.3252974 1.0035205 2.2370363 2.2620195 2.1783045 2.7327777 
69_01B.JP.05.05JPMYC113SP420.LC027100  0.7937833 0.8151806 0.7913116 0.8283253 0.8528485 0.9055944 0.8304790 0.8662478 0.8230280 0.7289685 0.7278789 0.7713504 0.7377057 0.7208038 0.7597377 0.7032731 0.6185823 0.7057708 0.7651711 0.3586743 0.3712374 0.4028470 0.4022733 0.3919824 0.3973112 0.4392943 0.4800082 0.0000000 0.7489414 0.8172101 0.9077158 0.8777243 0.9431712 0.9737182 1.0226423 0.6567190 0.7324346 1.0442359 1.0582133 1.0719877 1.0826739 1.0373517 1.0149206 0.9912457 1.0792028 1.0559121 1.0575982 1.0677673 1.0847237 0.9944626 1.0425280 1.0118560 1.0543237 1.0826179 1.0489082 1.0915558 1.0788270 1.0642894 1.1146674 1.0939243 1.0875564 1.1016315 1.0781889 1.1692404 1.0240647 1.1325959 1.0973623 1.0925381 1.1078843 1.0769169 1.1407814 1.1105697 1.1443500 1.0196272 0.9692494 0.9452641 0.9593314 1.0735201 1.0017726 1.0364397 1.0212578 0.9678229 1.0379790 1.0590633 1.0539246 1.0449507 1.0010322 0.9943890 1.0561842 1.0468823 1.1084548 1.0614695 1.1553083 1.1373001 1.3399885 1.0392553 2.2907869 2.3173726 2.2809334 2.8831394 
45_cpx.CD.97.97CD_MBFE185.FN392874     0.4734658 0.4647367 0.4755418 0.4945253 0.5141304 0.5498669 0.5014199 0.5382166 0.4887051 0.5007720 0.4876685 0.5337716 0.4789237 0.4742682 0.5222424 0.4426120 0.5026513 0.4921143 0.5149368 0.5729493 0.5781167 0.6082117 0.6192633 0.5936801 0.5883687 0.6157283 0.6706800 0.7489414 0.0000000 0.5421815 0.5734119 0.5670306 0.6259443 0.6506914 0.6682154 0.7130257 0.8083485 0.7005348 0.7612537 0.7723058 0.7530185 0.7502688 0.7346700 0.6928703 0.7767292 0.7440011 0.7637979 0.7727169 0.7640893 0.7112244 0.7224858 0.7091813 0.7551250 0.7858484 0.7483775 0.7895187 0.7638095 0.7851247 0.8018493 0.8011447 0.8020726 0.7739377 0.8109127 0.8201439 0.7249138 0.8171262 0.7863059 0.7910853 0.7740599 0.8184254 0.8388852 0.8167236 0.8320751 0.7095651 0.6779501 0.6187765 0.6053774 0.7903998 0.7607239 0.7713902 0.7578763 0.7169363 0.7939006 0.7934198 0.7990916 0.7960147 0.7395871 0.7596646 0.7977559 0.8015867 0.8595497 0.8260885 0.9155274 0.9268825 1.0448362 0.7773557 1.9921702 2.0565603 1.9790774 2.5700968 
A1C.UG.99.99UGF25926.AF484491          0.5996185 0.5831199 0.5854197 0.6136283 0.6446199 0.6730614 0.6407697 0.6384662 0.6214943 0.4934807 0.4773212 0.5312455 0.4751765 0.4629580 0.5048880 0.4806222 0.5339235 0.5266840 0.5041420 0.6039239 0.6234115 0.6384131 0.6634917 0.6480484 0.6300888 0.6565896 0.7396827 0.8172101 0.5421815 0.0000000 0.6773111 0.6945703 0.7735631 0.8020718 0.8315243 0.7669534 0.8482673 0.8109434 0.8700644 0.8905521 0.8727834 0.8508326 0.8424688 0.8117816 0.8942079 0.8675452 0.8607890 0.8878330 0.8930717 0.8480200 0.8544380 0.8484168 0.8643395 0.9136680 0.8769270 0.8922705 0.9171853 0.9023852 0.9139616 0.9014601 0.9134098 0.8896808 0.9156012 0.9314955 0.8292505 0.9075436 0.9048788 0.8893423 0.8707973 0.9243878 0.9493680 0.9395196 0.9299071 0.8385931 0.7668542 0.7484313 0.7480583 0.6372831 0.6107905 0.6309886 0.6059519 0.5773498 0.6393769 0.6673247 0.6400437 0.6367496 0.5919580 0.6054607 0.6243838 0.6622087 0.6941654 0.6755087 0.7613924 0.7335860 1.1803847 0.8664655 2.2077608 2.2022093 2.1535243 2.7646153 
93_cpx.CD.08.DRC653.MF372651           0.4942401 0.5038905 0.4897556 0.5194254 0.5360930 0.5782937 0.5363106 0.5565256 0.5456692 0.6499982 0.6222635 0.6656219 0.6329076 0.6267516 0.6768050 0.6022489 0.6553396 0.6291037 0.6584437 0.7169265 0.7282205 0.7595861 0.7705375 0.7437360 0.7357466 0.7698495 0.8299934 0.9077158 0.5734119 0.6773111 0.0000000 0.6248245 0.6674992 0.7263104 0.7470984 0.8638618 0.9328210 0.7154245 0.8604395 0.8841607 0.8785209 0.8264832 0.8530976 0.8071377 0.8769330 0.8725443 0.8537020 0.8700125 0.8878983 0.8403423 0.8431996 0.8490930 0.8607477 0.9259295 0.8746282 0.8817342 0.9018913 0.9065901 0.8985477 0.8998424 0.8816711 0.8937269 0.9101196 0.9269712 0.8102665 0.9236879 0.9001984 0.8952221 0.9224529 0.9450621 0.9482589 0.9277924 0.9296110 0.8153813 0.7833315 0.7471649 0.7269380 0.9659046 0.9312833 0.9098478 0.9161704 0.8810553 0.9366774 0.9531062 0.9693593 0.9446186 0.8994887 0.8972909 0.9331405 0.9551569 0.9887992 1.0042969 1.0398987 1.0228797 1.1341353 0.8394028 2.1141196 2.1572725 2.0281809 2.6882076 
G.NG.92.92NG083_JV10832.U88826         0.5277722 0.5358987 0.5155077 0.5521146 0.5576506 0.6255374 0.5675307 0.6031086 0.5059517 0.6307081 0.6129646 0.6645473 0.6156709 0.6026314 0.6370213 0.5899893 0.6174123 0.6211395 0.6590513 0.6987363 0.7004976 0.7220756 0.7496639 0.7186505 0.7079278 0.7416601 0.8063452 0.8777243 0.5670306 0.6945703 0.6248245 0.0000000 0.3452034 0.3913360 0.4051898 0.8633303 0.9346966 0.7362603 0.8725312 0.8787195 0.8550212 0.8727251 0.8309349 0.8040203 0.8494663 0.8404256 0.8718113 0.8726932 0.8789861 0.8480470 0.8177645 0.8079321 0.8775985 0.9042444 0.8616202 0.8987554 0.8958713 0.8706754 0.8867039 0.8634081 0.8744351 0.8657253 0.8895646 0.9067119 0.8263220 0.9311053 0.9145574 0.8813545 0.8964202 0.9088897 0.9401620 0.9440231 0.9530435 0.8135924 0.7510861 0.7394947 0.7256837 0.9737004 0.9201099 0.9425095 0.9467334 0.8831751 0.9529317 0.9669251 0.9549652 0.9434666 0.8951805 0.9119642 0.9473388 0.9735252 1.0133341 0.9757037 1.0372278 1.0459951 1.1737167 0.8626512 2.0178997 2.0511886 1.9875944 2.7487412 
G.NG.09.09NG010261.KX389626            0.5928915 0.5941734 0.5911043 0.6276424 0.6333474 0.6922776 0.6272020 0.6522959 0.5653599 0.6867197 0.6748644 0.7326458 0.6849378 0.6812942 0.7136423 0.6465034 0.6925568 0.6910023 0.7172487 0.7874891 0.7906086 0.8102701 0.8350876 0.8001001 0.7700116 0.8093481 0.8716831 0.9431712 0.6259443 0.7735631 0.6674992 0.3452034 0.0000000 0.4486995 0.4678601 0.9432492 1.0029565 0.8006716 0.9194742 0.9280007 0.9018151 0.8994735 0.9034478 0.8476567 0.9169283 0.9048577 0.9117220 0.9199460 0.9153830 0.8752697 0.8477889 0.8588048 0.8899523 0.9631838 0.9068292 0.9375641 0.9497185 0.9235154 0.9421188 0.9383158 0.9261857 0.9240166 0.9796453 0.9453588 0.8568526 0.9668363 0.9409922 0.9495233 0.9571015 0.9744088 0.9658827 0.9742696 1.0114513 0.8537486 0.8130903 0.7988988 0.7872920 1.0103947 0.9497661 0.9927557 0.9641004 0.9124753 1.0084149 1.0151935 0.9964862 0.9985858 0.9332482 0.9378471 0.9649208 0.9953539 1.0687172 1.0187405 1.0936833 1.0987226 1.2549957 0.8943971 2.1190845 2.1683157 2.0654153 2.6991880 
01F2G.CM.02.LT31.JN864056              0.6405013 0.6480286 0.6274582 0.6591919 0.6731265 0.7332814 0.6717812 0.6892484 0.6149932 0.7427568 0.7184864 0.7551362 0.7076486 0.7037079 0.7160648 0.6863457 0.7157190 0.7052412 0.7465352 0.7960608 0.7896190 0.8186070 0.8395937 0.8041289 0.8029303 0.8226809 0.8743230 0.9737182 0.6506914 0.8020718 0.7263104 0.3913360 0.4486995 0.0000000 0.3967624 0.9516508 1.0219006 0.8439189 0.9312364 0.9615132 0.9416129 0.9238888 0.9242393 0.8731520 0.9389738 0.9192171 0.9131996 0.9409709 0.9487992 0.9031737 0.8793617 0.8835073 0.9187778 0.9804188 0.9309899 0.9443969 0.9349470 0.9574436 0.9614721 0.9559412 0.9586583 0.9583569 1.0001743 0.9970800 0.9065162 1.0097415 0.9640491 0.9696678 0.9776969 0.9967946 1.0109487 0.9852648 1.0533855 0.8884224 0.8506121 0.8329756 0.8381757 1.0128780 1.0283680 1.0114046 1.0082708 0.9877017 1.0372545 1.0390726 1.0507400 1.0455123 1.0034267 0.9890341 1.0401248 1.0351784 1.1166504 1.0773304 1.1568703 1.1445229 1.2467660 0.9425680 2.1778688 2.2436799 2.1215089 2.8177015 
BCG.ES.15.100_119.KY496623             0.6574735 0.6494346 0.6394465 0.6644018 0.6796456 0.7441457 0.6744958 0.7160217 0.6126787 0.7643014 0.7409302 0.7927259 0.7569324 0.7333363 0.7475029 0.7113756 0.7443533 0.7355759 0.7629429 0.8540152 0.8587251 0.8882328 0.8924850 0.8691612 0.8454071 0.8769621 0.9425959 1.0226423 0.6682154 0.8315243 0.7470984 0.4051898 0.4678601 0.3967624 0.0000000 1.0014434 1.0397251 0.8815541 0.9857410 0.9952609 0.9850561 0.9719154 0.9622329 0.9192824 0.9611584 0.9769896 0.9565237 0.9854943 0.9808052 0.9656357 0.9443584 0.9470441 0.9720074 1.0266698 0.9696002 1.0183432 0.9983018 1.0082009 1.0214106 1.0064294 1.0163329 1.0102609 1.0432205 1.0342812 0.9499899 1.0519473 1.0081051 0.9946834 1.0263629 1.0353135 1.0618004 1.0720824 1.0874780 0.9368629 0.8768254 0.8452613 0.8603329 1.0779807 1.0458683 1.0454431 1.0418130 0.9957483 1.0807497 1.0728455 1.0826115 1.0653128 1.0266331 1.0197346 1.0631778 1.0702351 1.1332414 1.0807115 1.1493561 1.1972335 1.3114902 0.9816721 2.1707182 2.1996873 2.0632760 2.7921216 
0107.CN.15.HB041501.KY019257           0.7741054 0.7640399 0.7368534 0.7790130 0.8049082 0.8391167 0.7971403 0.8123317 0.8100113 0.7069866 0.6759556 0.7303497 0.6814301 0.6751253 0.7273454 0.6508502 0.5818076 0.6730402 0.7341395 0.4672058 0.4634342 0.4999161 0.5183611 0.5051526 0.4893906 0.4978635 0.5665257 0.6567190 0.7130257 0.7669534 0.8638618 0.8633303 0.9432492 0.9516508 1.0014434 0.0000000 0.4247191 1.0028398 1.0446552 1.0465817 1.0459874 1.0265809 1.0113736 0.9823589 1.0543417 1.0210366 1.0469606 1.0630031 1.0706038 1.0106990 1.0214506 1.0108928 1.0435281 1.0905548 1.0267023 1.0856234 1.0749160 1.0455563 1.1039794 1.0776344 1.0631880 1.0669733 1.0687809 1.1096738 1.0250567 1.1088511 1.0561541 1.0813414 1.0919604 1.1319707 1.1252956 1.1203957 1.1488296 1.0143015 0.9569268 0.9186031 0.9187215 0.9945946 0.9814570 0.9889024 0.9986936 0.9443384 0.9940822 1.0179828 0.9913107 1.0192052 0.9389257 0.9840121 0.9923524 1.0285144 1.0797199 1.0522492 1.0951581 1.0949179 1.3114190 1.0296259 2.2962837 2.3051352 2.3379931 2.8252500 
01BC.CN.14.BJ.2014.MSM.SP01.KP668994   0.8509440 0.8181460 0.8231507 0.8609639 0.8803213 0.9051375 0.8568981 0.8542447 0.8710590 0.7763331 0.7579809 0.8252851 0.7673805 0.7662034 0.8024807 0.7261566 0.6669660 0.7610567 0.8265569 0.5546360 0.5602780 0.5807335 0.6077825 0.5749367 0.5668882 0.5917843 0.6556392 0.7324346 0.8083485 0.8482673 0.9328210 0.9346966 1.0029565 1.0219006 1.0397251 0.4247191 0.0000000 1.0700914 1.1067749 1.1188579 1.0839827 1.0874958 1.0479729 1.0488743 1.1044194 1.1050023 1.1110749 1.1287346 1.1249755 1.0613285 1.0694979 1.0608763 1.0948162 1.1271207 1.0819533 1.1413353 1.1547236 1.0879264 1.1396646 1.1131730 1.0873417 1.1367206 1.1750899 1.1745245 1.0615839 1.1761965 1.1161879 1.1440144 1.1444734 1.1510972 1.1502390 1.1830466 1.2263501 1.0642029 0.9982849 0.9787482 0.9566751 1.0726146 1.0441737 1.0501846 1.0435835 1.0180776 1.0845966 1.0927614 1.0944068 1.0744783 1.0346174 1.0509466 1.0749301 1.1033700 1.1416355 1.1380165 1.1695102 1.1705825 1.3831633 1.0969787 2.3226908 2.3266004 2.2887587 2.9414758 
06_cpx.SN.97.97SE1078.AJ288981         0.5555752 0.5350660 0.5442822 0.5661617 0.6006974 0.6414874 0.6311823 0.6508641 0.6679089 0.7750276 0.7527165 0.8217497 0.7682916 0.7424381 0.7960036 0.6946128 0.7644216 0.7512833 0.7958907 0.8330160 0.8386148 0.8850817 0.8902919 0.8660186 0.8455833 0.8852087 0.9570377 1.0442359 0.7005348 0.8109434 0.7154245 0.7362603 0.8006716 0.8439189 0.8815541 1.0028398 1.0700914 0.0000000 1.0049789 1.0154869 1.0040271 1.0020156 0.9863552 0.9318409 1.0132792 0.9789810 1.0213935 1.0067327 1.0313505 0.9779461 0.9712510 0.9947751 1.0171762 1.0426491 1.0163043 1.0360876 1.0383775 0.9988841 1.0441609 1.0385452 1.0433482 1.0337010 1.0747213 1.0838682 0.9695865 1.0798836 1.0251600 1.0059835 1.0531328 1.0576479 1.0783773 1.0398497 1.1225556 0.9297153 0.8908024 0.8867820 0.8796637 1.1100571 1.0361393 1.0254415 1.0013065 1.0093664 1.0790894 1.0626838 1.0596437 1.0437660 1.0014281 1.0133634 1.0486189 1.0719018 1.1372643 1.0961903 1.1668088 1.1562586 1.2881997 0.9837752 2.1155019 2.1959196 2.0824309 2.8063512 
