100
02A1.GH.97.97GH_AG2.AB052867           0.0000000 0.3605648 0.4358335 0.4950003 0.5640581 0.5819051 0.6195624 0.5295651 0.5388044 0.5502098 0.5401682 0.5035500 0.5092840 0.5636201 0.8014605 0.7698723 0.8713804 0.8123050 0.8290807 0.8406565 0.8360849 0.7958667 0.8471894 0.8732996 0.9462338 0.9043423 0.7643542 0.8449453 0.8373027 0.8032607 0.7879603 0.5659344 0.5892917 0.6149095 0.6310880 0.7963665 0.6269501 0.6454081 0.6992858 0.6159821 0.6538804 0.7648205 0.8184805 0.5335601 0.5153489 0.4789175 0.4696209 0.7449594 0.7712186 0.7932315 0.8342247 0.8060422 0.8158484 0.8215532 0.7515477 0.8010455 0.7604097 0.7840508 0.7537971 0.7946403 0.7564911 0.7004916 0.7641305 0.8416359 0.8023727 0.7877520 0.8160416 0.7982223 0.8043343 0.8121864 0.7915016 0.7823588 0.7687922 0.7396025 0.7126666 0.8065027 1.0366163 0.8566802 0.7577077 0.7975359 0.7873249 0.7145094 0.7378302 0.6996502 0.6829614 0.6353802 0.7283692 0.5927286 0.4842063 0.4013036 0.3895004 0.5197566 0.3435433 0.3294086 0.3445849 0.4139145 1.7589769 1.8040274 1.7744019 2.4597341 
02A.CI.16.DEURF16CI011.MH078538        0.3605648 0.0000000 0.4859882 0.5492281 0.6183893 0.6549229 0.6803258 0.5657050 0.5840768 0.6020001 0.6057000 0.5428121 0.5612892 0.6228590 0.8691998 0.8641708 0.9354072 0.8670870 0.8930342 0.8879285 0.9039241 0.8489948 0.8928764 0.9215947 0.9910245 0.9361474 0.8255595 0.9048379 0.9060247 0.8618471 0.8538660 0.6149610 0.6314736 0.6503360 0.6957895 0.8231165 0.6661703 0.6976773 0.7508805 0.6632438 0.7006035 0.7835964 0.8734249 0.5780169 0.5733532 0.5256035 0.5199446 0.8049568 0.8131345 0.8406978 0.8683790 0.8444238 0.8466525 0.8736071 0.7907614 0.8367164 0.8199398 0.8353551 0.8047332 0.8242387 0.7922825 0.7435796 0.7868689 0.8853639 0.8621072 0.8337213 0.8485505 0.8363825 0.8405530 0.8719505 0.8356102 0.8376429 0.8193748 0.7825144 0.7633350 0.8759705 1.0949960 0.8871824 0.8027361 0.8248917 0.8524697 0.7803269 0.7927285 0.7351411 0.7287739 0.6899101 0.7936798 0.6324825 0.5250614 0.4552260 0.4420287 0.5866553 0.3891723 0.3815278 0.4009174 0.4581541 1.8199676 1.8291787 1.7889786 2.5005355 
AGU.CM.06.770_8.MH705142               0.4358335 0.4859882 0.0000000 0.4839042 0.5378417 0.5742061 0.6123135 0.5572870 0.5484232 0.5660016 0.5698034 0.5268612 0.5247479 0.6145570 0.8421690 0.7950018 0.8942288 0.8409097 0.8757534 0.8500603 0.8782656 0.8230820 0.8766376 0.8946043 0.9777648 0.9172736 0.7947777 0.8552311 0.8607199 0.8079477 0.8269146 0.5730786 0.6198603 0.6370112 0.6676069 0.8201376 0.6528977 0.6721781 0.7297311 0.6472770 0.6798320 0.7827359 0.8507288 0.5435922 0.5461680 0.5189669 0.4975713 0.7701694 0.7943153 0.8272591 0.8515430 0.8290769 0.8309051 0.8376645 0.7730492 0.8123432 0.7900352 0.7923705 0.7855624 0.8045978 0.7669108 0.7202129 0.7845962 0.8468891 0.8354425 0.8042320 0.8325717 0.8041725 0.8004538 0.8333011 0.8070376 0.8113229 0.7812485 0.7539341 0.7525707 0.8096874 1.0727088 0.8620633 0.7787150 0.8210828 0.8124787 0.7527398 0.7593898 0.7298248 0.7022300 0.6478431 0.7909710 0.6300674 0.5519105 0.5020845 0.4795385 0.6288371 0.4491797 0.4359601 0.4571696 0.5079418 1.8874744 1.8917882 1.8442744 2.5129780 
G.NG.92.92NG083_JV10832.U88826         0.4950003 0.5492281 0.4839042 0.0000000 0.3207626 0.3876305 0.4052638 0.6171721 0.6130998 0.6377862 0.6432358 0.6078992 0.6165558 0.6800548 0.9318841 0.8785142 0.9369864 0.9260577 0.9284301 0.9229554 0.9364738 0.8926722 0.9374844 0.9728313 1.0203706 0.9806559 0.8747758 0.9274464 0.9390649 0.8887496 0.9045462 0.6413896 0.6603614 0.6945203 0.7171003 0.8673859 0.6955463 0.7206948 0.7891218 0.6961446 0.7333663 0.8373220 0.9384762 0.6093023 0.6052209 0.5793376 0.5605788 0.8567401 0.8475526 0.9050405 0.9191197 0.8985922 0.8932065 0.8907502 0.8332254 0.9058703 0.8534446 0.8562614 0.8592986 0.8854642 0.8402691 0.8129259 0.8528904 0.9278280 0.9185038 0.8691671 0.9014798 0.8751338 0.8843292 0.9108736 0.8802896 0.8798556 0.8571214 0.8629632 0.8189975 0.8906418 1.1175431 0.9611693 0.8600755 0.8980979 0.8863040 0.8123653 0.8363222 0.7962694 0.7746929 0.7139133 0.8649310 0.7011069 0.6232014 0.5640207 0.5355849 0.7030136 0.5202609 0.5088584 0.5203469 0.5735724 1.9029337 1.9275919 1.9152325 2.6370036 
G.NG.09.09NG010261.KX389626            0.5640581 0.6183893 0.5378417 0.3207626 0.0000000 0.4512474 0.4736636 0.6851376 0.6703109 0.6838959 0.6891782 0.6605330 0.6586484 0.7257329 0.9599691 0.9317552 1.0099773 0.9692048 0.9788004 1.0081274 0.9827482 0.9523250 0.9898277 1.0089338 1.0881586 1.0321625 0.9261061 0.9775119 0.9917726 0.9445075 0.9534116 0.6961518 0.7444880 0.7737102 0.8087205 0.9752231 0.7923370 0.8051304 0.8606537 0.7775873 0.8242878 0.9227805 0.9985471 0.6675335 0.6615093 0.6446882 0.6129195 0.9166161 0.9179521 0.9536226 0.9675856 0.9575187 0.9504678 0.9703972 0.8749480 0.9592219 0.9204665 0.9192918 0.9311278 0.9378698 0.9256007 0.8699524 0.9161980 0.9939372 0.9497636 0.9339266 0.9641905 0.9423274 0.9594407 0.9669239 0.9291010 0.9371580 0.9137404 0.9165298 0.8831571 0.9556480 1.1901706 1.0187537 0.9098265 0.9561000 0.9269475 0.8751083 0.8953524 0.8388276 0.8216617 0.7778234 0.9145830 0.7441521 0.6774710 0.6302207 0.6069437 0.7645955 0.5730553 0.5584175 0.5731152 0.6260276 1.9613295 2.0592112 1.9737554 2.7522840 
01F2G.CM.02.LT31.JN864056              0.5819051 0.6549229 0.5742061 0.3876305 0.4512474 0.0000000 0.4026745 0.7450431 0.7241668 0.7456189 0.7394389 0.6831054 0.7073267 0.7813860 1.0328712 0.9832631 1.0315146 1.0286186 1.0266995 1.0417605 1.0186779 0.9890811 1.0617479 1.0750503 1.1493865 1.1045794 0.9764801 1.0329391 1.0206576 0.9947761 1.0143787 0.7576978 0.7896821 0.8087340 0.8525523 0.9950978 0.8223099 0.8342805 0.8925302 0.8155600 0.8520188 0.9540510 1.0637232 0.7275657 0.6934855 0.6979286 0.6506311 0.9382022 0.9507343 0.9770461 1.0033979 0.9956472 0.9831980 0.9758860 0.9343235 0.9973789 0.9622399 0.9525142 0.9389819 0.9864273 0.9302150 0.8855292 0.9569905 1.0111443 0.9764523 0.9564121 0.9868166 0.9674493 0.9658284 0.9983957 0.9586389 0.9538636 0.9602766 0.9314580 0.9080452 0.9933624 1.2313787 1.0654257 0.9560222 0.9713654 0.9711115 0.8923044 0.9128204 0.9054744 0.8953839 0.8042084 0.9318437 0.7743388 0.7169580 0.6437975 0.6272501 0.7976668 0.6015921 0.5942145 0.6121580 0.6805573 2.0065685 2.0521015 2.0683375 2.8828301 
BCG.ES.15.100_119.KY496623             0.6195624 0.6803258 0.6123135 0.4052638 0.4736636 0.4026745 0.0000000 0.7363866 0.7412583 0.7437405 0.7965144 0.7141916 0.7249263 0.7783697 1.0191938 0.9916539 1.0616756 1.0281305 1.0498679 1.0673201 1.0505114 0.9967482 1.0601556 1.0570754 1.1418425 1.0949935 1.0072447 1.0559910 1.0546712 1.0044054 0.9904336 0.7601899 0.8047749 0.8249497 0.8530721 0.9881794 0.8271226 0.8593219 0.9084290 0.8299187 0.8558587 0.9875767 1.0565411 0.7332605 0.7385022 0.6994702 0.6716764 0.9643221 0.9518093 1.0323441 1.0194013 1.0029186 1.0043135 1.0117816 0.9438475 0.9971381 0.9776271 0.9830050 0.9533755 0.9892125 0.9486177 0.8990822 0.9516696 1.0193784 0.9969257 0.9608731 1.0225862 0.9971273 0.9964564 1.0140044 0.9943535 1.0003943 0.9687841 0.9671963 0.9204293 1.0047824 1.2126319 1.0439056 0.9612897 1.0156572 1.0071112 0.9112103 0.9468728 0.8895938 0.8663170 0.7956653 0.9351091 0.7965063 0.7272842 0.6859068 0.6457123 0.8384756 0.6222786 0.6246671 0.6448136 0.7044034 2.0498051 2.1154090 2.0478881 2.7255633 
A1.KE.06.06KECst_028.FJ623479          0.5295651 0.5657050 0.5572870 0.6171721 0.6851376 0.7450431 0.7363866 0.0000000 0.3183976 0.4032262 0.4213756 0.3732207 0.3966013 0.4787418 0.7221217 0.6756930 0.7739605 0.7393799 0.7500328 0.7382659 0.7454940 0.6847324 0.7519889 0.8070466 0.8744284 0.8174560 0.6703144 0.7468745 0.7283890 0.7020566 0.7034158 0.4463265 0.5582667 0.5683834 0.5964318 0.7563366 0.5836435 0.5899903 0.6758748 0.5706951 0.5944289 0.7145944 0.7779980 0.4845329 0.4623413 0.4322832 0.5056937 0.8319532 0.8478954 0.8793460 0.8843934 0.8995241 0.8757594 0.8989735 0.8277273 0.8614020 0.8495662 0.8544822 0.8372634 0.8808450 0.8281981 0.7801724 0.8367779 0.9103815 0.8611532 0.8565328 0.8805952 0.8617461 0.8547248 0.8751033 0.8500931 0.8495263 0.8355220 0.8086135 0.7986450 0.8810443 1.1573638 0.9290134 0.8348937 0.8700504 0.8677707 0.8056237 0.8025943 0.7839190 0.7642013 0.7022251 0.8276207 0.6633185 0.6133175 0.5986286 0.5598050 0.7432012 0.5318018 0.5399181 0.5453128 0.6105216 1.9648378 2.0226854 1.9533970 2.5642672 
A1.KE.06.06KECst_013.FJ623485          0.5388044 0.5840768 0.5484232 0.6130998 0.6703109 0.7241668 0.7412583 0.3183976 0.0000000 0.3887749 0.4198534 0.3593409 0.3939101 0.4805609 0.7142053 0.6759483 0.7609604 0.7073445 0.7419868 0.7142594 0.7515354 0.6689588 0.7307270 0.7768610 0.8312212 0.7953438 0.6744662 0.7140069 0.7215131 0.6844983 0.6855009 0.4471934 0.5516870 0.5578089 0.5944977 0.7382148 0.5750398 0.6026715 0.6566688 0.5735873 0.5944819 0.7016688 0.7900797 0.4753354 0.4609997 0.4267362 0.4995171 0.7965974 0.8248592 0.8480152 0.8799953 0.8712136 0.8659324 0.8678340 0.8035179 0.8508141 0.8430197 0.8310937 0.8080818 0.8589360 0.8142506 0.7535325 0.8119234 0.9047440 0.8521678 0.8241605 0.8821033 0.8401210 0.8430166 0.8573550 0.8540908 0.8458288 0.8161694 0.7859939 0.7766021 0.8675062 1.1050556 0.9002293 0.8299465 0.8734918 0.8588279 0.7917436 0.7993057 0.7638481 0.7462295 0.7096332 0.8102299 0.6525525 0.6260383 0.6013776 0.5638433 0.7448768 0.5560215 0.5488850 0.5636722 0.6271447 2.0072885 2.0654105 1.9898910 2.6717205 
35_AD.AF.06.007H.GQ477450              0.5502098 0.6020001 0.5660016 0.6377862 0.6838959 0.7456189 0.7437405 0.4032262 0.3887749 0.0000000 0.4299739 0.3901444 0.4162849 0.5061286 0.7684525 0.7060285 0.7639798 0.7233964 0.7548339 0.7450570 0.7714817 0.7017700 0.7719531 0.7880860 0.8721810 0.8446698 0.6968735 0.7576275 0.7492872 0.7199266 0.7187867 0.4792291 0.5837232 0.5975493 0.6236579 0.7753466 0.6096516 0.6181553 0.7060662 0.6005310 0.6206907 0.7266643 0.8079524 0.4974821 0.4723675 0.4542088 0.5142144 0.8380634 0.8512582 0.9018667 0.8818833 0.8852601 0.8818716 0.8814272 0.8444459 0.8779425 0.8604168 0.8591102 0.8520746 0.8769896 0.8370078 0.7753506 0.8548080 0.9310951 0.8945470 0.8558096 0.8970208 0.8674956 0.8662267 0.8921818 0.8514774 0.8757207 0.8482915 0.8158973 0.8097649 0.8907800 1.1175583 0.9378828 0.8366087 0.8797423 0.8558034 0.8052223 0.8079583 0.7793109 0.7633174 0.7173768 0.8276431 0.6693201 0.6348515 0.6062763 0.5805793 0.7557212 0.5668049 0.5558680 0.5728024 0.6287526 2.0652657 2.0701186 1.9676605 2.6806163 
A1.CY.07.CY208.JF683760                0.5401682 0.6057000 0.5698034 0.6432358 0.6891782 0.7394389 0.7965144 0.4213756 0.4198534 0.4299739 0.0000000 0.2332848 0.4081356 0.4947916 0.7385351 0.6997128 0.7915360 0.7360090 0.7617810 0.7550770 0.7518439 0.6888946 0.7486752 0.7810544 0.8769867 0.8216352 0.6829370 0.7398092 0.7589131 0.7218358 0.7203011 0.4767641 0.5716586 0.5696856 0.6253891 0.7707105 0.5949829 0.6141277 0.6724990 0.5904227 0.6075637 0.7362771 0.8249758 0.5014197 0.4730601 0.4518769 0.5183991 0.8388912 0.8333508 0.8915163 0.8856579 0.8786945 0.8806396 0.8877724 0.8246315 0.8619455 0.8536621 0.8538952 0.8538770 0.8602048 0.8305393 0.7789614 0.8261394 0.9347977 0.8618449 0.8538395 0.9001132 0.8640443 0.8691797 0.8844932 0.8476524 0.8682585 0.8456550 0.8149804 0.7955954 0.8564639 1.1035744 0.9166947 0.8204304 0.8779171 0.8692606 0.7912018 0.8283118 0.7698216 0.7521447 0.7271032 0.8265716 0.6662517 0.6641803 0.6096612 0.5994846 0.7754651 0.5680197 0.5650314 0.5766917 0.6514062 2.0152567 2.0243536 2.0028375 2.6024664 
A1.CY.05.CY051.FJ388903                0.5035500 0.5428121 0.5268612 0.6078992 0.6605330 0.6831054 0.7141916 0.3732207 0.3593409 0.3901444 0.2332848 0.0000000 0.3646289 0.4365153 0.7027129 0.6569964 0.7497137 0.6849278 0.7172119 0.6978152 0.6990015 0.6453070 0.7002457 0.7492354 0.8125726 0.7788843 0.6292145 0.7006299 0.6945650 0.6689747 0.6683655 0.4316683 0.5239763 0.5292796 0.5595232 0.7084636 0.5490041 0.5615278 0.6141519 0.5425894 0.5618404 0.6773803 0.7529513 0.4449130 0.4199607 0.4082266 0.4775195 0.7745494 0.8004033 0.8188384 0.8246821 0.8366821 0.8537188 0.8302353 0.7655472 0.8121993 0.7923603 0.8020198 0.7864777 0.7972023 0.7647676 0.7274388 0.7913970 0.8720258 0.8059100 0.8069563 0.8379364 0.8094898 0.8137743 0.8273419 0.8159921 0.8011328 0.8093066 0.7679003 0.7497645 0.8065213 1.0600850 0.8643055 0.7811271 0.8240293 0.7936602 0.7332462 0.7631577 0.7259525 0.7028162 0.6690713 0.7925282 0.6252153 0.6020014 0.5698184 0.5366550 0.7217547 0.5187907 0.5064402 0.5262008 0.5869891 1.9749561 2.0237365 1.9565354 2.6466413 
A1.UG.11.DEMA110UG001.KF859745         0.5092840 0.5612892 0.5247479 0.6165558 0.6586484 0.7073267 0.7249263 0.3966013 0.3939101 0.4162849 0.4081356 0.3646289 0.0000000 0.4553124 0.7034789 0.6396146 0.7344925 0.6914814 0.7103376 0.7114267 0.7009996 0.6459569 0.7109771 0.7569112 0.8294130 0.7828566 0.6486964 0.6985545 0.6981342 0.6721588 0.6939440 0.4254329 0.5327971 0.5348325 0.5675821 0.7330862 0.5636056 0.5765693 0.6391665 0.5529242 0.5877077 0.6746102 0.7455224 0.4509926 0.4217738 0.4083543 0.4778868 0.7981238 0.8066856 0.8440595 0.8594297 0.8736837 0.8401620 0.8500548 0.7914391 0.8499935 0.8158362 0.8073713 0.7936355 0.8313799 0.7999934 0.7631018 0.7930779 0.8785933 0.8490842 0.8165817 0.8613257 0.8126398 0.8291425 0.8416149 0.8430878 0.8394872 0.7979595 0.7975786 0.7833246 0.8659158 1.0981827 0.8889266 0.8117945 0.8708943 0.8307752 0.7643727 0.7938389 0.7409049 0.7112415 0.6778525 0.8159548 0.6363465 0.5982041 0.5777282 0.5410758 0.7237979 0.5407969 0.5255079 0.5362659 0.5869997 1.9871737 2.0452728 1.9991791 2.7722563 
A1C.UG.99.99UGF25926.AF484491          0.5636201 0.6228590 0.6145570 0.6800548 0.7257329 0.7813860 0.7783697 0.4787418 0.4805609 0.5061286 0.4947916 0.4365153 0.4553124 0.0000000 0.6242994 0.5735983 0.6369536 0.5984738 0.6117992 0.6335919 0.6284757 0.5718386 0.6234114 0.6821462 0.7556920 0.7099419 0.5705955 0.6198697 0.6176504 0.5825354 0.5882085 0.4689388 0.5965620 0.6079022 0.6301645 0.7667344 0.6141293 0.6397184 0.6882589 0.5907604 0.6395745 0.7356694 0.8097661 0.5261851 0.5018441 0.4702255 0.5377961 0.8367124 0.8600106 0.8773032 0.9030104 0.9155427 0.8838880 0.8867578 0.8154093 0.8777522 0.8537998 0.8579871 0.8524107 0.8651762 0.8458392 0.8013136 0.8372852 0.9229498 0.8887171 0.8508430 0.8946331 0.8571870 0.8739773 0.8787025 0.8621773 0.8631334 0.8443364 0.8237570 0.8066946 0.8872207 1.1367485 0.9385963 0.8630265 0.9085355 0.8861997 0.8032089 0.8128591 0.7644735 0.7651498 0.7354724 0.8742636 0.6996894 0.6442656 0.6366045 0.6073276 0.7936853 0.6024658 0.5810718 0.5890482 0.6647271 2.0152896 2.0976256 1.9993010 2.6369790 
A1C.IN.15.SC017.KY713232               0.8014605 0.8691998 0.8421690 0.9318841 0.9599691 1.0328712 1.0191938 0.7221217 0.7142053 0.7684525 0.7385351 0.7027129 0.7034789 0.6242994 0.0000000 0.5947881 0.6759205 0.6358666 0.6464340 0.6461800 0.6330956 0.6078156 0.6626758 0.7077710 0.7910459 0.7488931 0.5851179 0.6412813 0.6371905 0.6240390 0.6206526 0.7310421 0.8813860 0.8734802 0.9092270 1.0512963 0.9038734 0.9082834 0.9423073 0.8767877 0.8997422 1.0013049 1.0906438 0.7774159 0.7590459 0.7213683 0.7763203 1.0847299 1.0968122 1.1424740 1.1592144 1.1303978 1.1297046 1.1743349 1.0725598 1.1310450 1.0904098 1.1205370 1.0921289 1.1193468 1.0858022 1.0307675 1.0906214 1.1833139 1.1497042 1.1199194 1.1337175 1.1192057 1.1064760 1.1516253 1.1014460 1.1205388 1.1100247 1.0613789 1.0656884 1.1333770 1.3995608 1.1683281 1.0820797 1.1022137 1.1107915 1.0635059 1.0729724 1.0288192 1.0423056 0.9899239 1.1002885 0.9371958 0.9038601 0.8889752 0.8701415 1.0431799 0.8156656 0.8223337 0.8347238 0.9018691 2.2700722 2.3406709 2.2222257 2.9058267 
C.IL.99.99ET14.AY255825                0.7698723 0.8641708 0.7950018 0.8785142 0.9317552 0.9832631 0.9916539 0.6756930 0.6759483 0.7060285 0.6997128 0.6569964 0.6396146 0.5735983 0.5947881 0.0000000 0.4250316 0.4127233 0.4205612 0.4253413 0.4168650 0.3722541 0.4267431 0.4806759 0.5656653 0.5083620 0.3592855 0.4155792 0.4081785 0.3827657 0.3909902 0.6873386 0.8222201 0.8184096 0.8519603 1.0338941 0.8382425 0.8528572 0.9248952 0.8183094 0.8580755 0.9554721 1.0183669 0.7360467 0.7229065 0.6886123 0.7598530 1.0523351 1.0747601 1.1038467 1.1210507 1.1240173 1.1181421 1.1114568 1.0611959 1.0855183 1.0779369 1.0642942 1.0637100 1.0864817 1.0457504 1.0085230 1.0563950 1.1447016 1.0849894 1.0758181 1.1144557 1.0782842 1.0803219 1.0908049 1.0639820 1.1075433 1.0701879 1.0402601 1.0334835 1.1176250 1.3635543 1.1495905 1.0539506 1.1070607 1.0880509 1.0209475 1.0022943 1.0099140 0.9779114 0.9507551 1.0704863 0.9010543 0.8815061 0.8506401 0.8153429 1.0068900 0.8153067 0.8028142 0.8106295 0.8709511 2.1941384 2.2282869 2.2317559 2.9068868 
C.SE.09.035ZA.MF373148                 0.8713804 0.9354072 0.8942288 0.9369864 1.0099773 1.0315146 1.0616756 0.7739605 0.7609604 0.7639798 0.7915360 0.7497137 0.7344925 0.6369536 0.6759205 0.4250316 0.0000000 0.4884827 0.4857216 0.4950545 0.4885733 0.4472421 0.5003069 0.5445506 0.6168899 0.5690986 0.4226044 0.4783112 0.4755552 0.4413366 0.4613296 0.7679663 0.9168021 0.9104657 0.9573845 1.0981433 0.9210097 0.9704614 1.0260168 0.9235547 0.9575887 1.0328399 1.1566890 0.8129665 0.7902035 0.7620000 0.8198231 1.1462685 1.1388611 1.1640944 1.1689244 1.1993915 1.1900384 1.1798547 1.1122808 1.1486065 1.1797580 1.1470941 1.1241566 1.1680007 1.1133905 1.0775947 1.1236712 1.2449653 1.1798654 1.1576087 1.1911394 1.1438855 1.1401947 1.1564530 1.1262432 1.1515538 1.1659731 1.1181714 1.1067717 1.1785684 1.4258805 1.2530683 1.1240981 1.2097372 1.1937193 1.1193773 1.0928888 1.0706738 1.0764929 1.0564809 1.1600266 1.0097230 0.9525849 0.9465283 0.9164195 1.0620827 0.8577548 0.8923472 0.8865565 0.9382018 2.2331285 2.2876183 2.3079195 2.9225481 
C.ZA.04.04ZASK135B1.DQ011166           0.8123050 0.8670870 0.8409097 0.9260577 0.9692048 1.0286186 1.0281305 0.7393799 0.7073445 0.7233964 0.7360090 0.6849278 0.6914814 0.5984738 0.6358666 0.4127233 0.4884827 0.0000000 0.3247066 0.3369138 0.3587743 0.3327341 0.3832946 0.4600965 0.5065261 0.4759969 0.3305453 0.4345035 0.4194746 0.3875367 0.3998312 0.7382223 0.8344487 0.8338151 0.8782738 1.0431737 0.8553967 0.8806670 0.9303273 0.8444666 0.8856462 0.9713583 1.0673190 0.7514652 0.7387375 0.7253637 0.7690222 1.0845061 1.0980998 1.1254857 1.1618177 1.1223178 1.1418426 1.1312443 1.0574920 1.1006084 1.0897955 1.0928383 1.0861450 1.1116398 1.0682416 1.0165147 1.0547093 1.1309369 1.1422472 1.1067152 1.1229853 1.1021500 1.1028459 1.1397240 1.1095398 1.1034991 1.0963452 1.0627273 1.0459020 1.1467603 1.3630427 1.1731578 1.0950727 1.1099333 1.1189254 1.0478040 1.0484942 1.0619437 1.0421898 0.9837301 1.1069208 0.9281545 0.9035091 0.8726231 0.8537424 1.0100336 0.8175934 0.8165752 0.8144791 0.8641147 2.2335281 2.2719041 2.2117827 2.9179525 
C.ZA.03.03ZAPS130MB1.DQ275658          0.8290807 0.8930342 0.8757534 0.9284301 0.9788004 1.0266995 1.0498679 0.7500328 0.7419868 0.7548339 0.7617810 0.7172119 0.7103376 0.6117992 0.6464340 0.4205612 0.4857216 0.3247066 0.0000000 0.2859258 0.3627951 0.3364609 0.3780100 0.4531159 0.5098987 0.4767137 0.3321313 0.4229493 0.4233742 0.3891158 0.4096174 0.7479923 0.8509470 0.8484896 0.9127671 1.0767129 0.8840109 0.9045997 0.9541615 0.8594075 0.9075317 0.9931155 1.0717121 0.7657530 0.7667890 0.7393610 0.7874421 1.0899196 1.1328062 1.1352575 1.1563412 1.1823507 1.1591177 1.1622496 1.0861714 1.1594862 1.1349580 1.1085454 1.1134708 1.1247013 1.0954639 1.0634156 1.1052777 1.1968227 1.1179350 1.1418761 1.1457614 1.1308352 1.1353727 1.1529040 1.1237144 1.1520063 1.1180274 1.0710593 1.0750005 1.1473763 1.3694369 1.1627195 1.1122712 1.1161863 1.1205922 1.0845104 1.0792084 1.0677756 1.0426382 0.9905392 1.1059401 0.9303036 0.9282403 0.8997587 0.8719626 1.0529575 0.8492361 0.8573199 0.8351422 0.9149356 2.2605659 2.2878442 2.2370038 2.8218262 
C.ZA.97.97ZA012.AF286227               0.8406565 0.8879285 0.8500603 0.9229554 1.0081274 1.0417605 1.0673201 0.7382659 0.7142594 0.7450570 0.7550770 0.6978152 0.7114267 0.6335919 0.6461800 0.4253413 0.4950545 0.3369138 0.2859258 0.0000000 0.3902097 0.3598496 0.4014906 0.4604280 0.5375419 0.5030908 0.3503681 0.4390008 0.4322184 0.4015277 0.4118345 0.7414621 0.9123603 0.8816479 0.9355006 1.0596779 0.8940846 0.9129366 0.9747978 0.8949206 0.9369042 1.0294955 1.1004769 0.7870377 0.7701716 0.7390939 0.8200787 1.1108174 1.1122454 1.1635162 1.1735692 1.1693321 1.1604380 1.1466866 1.1060412 1.1408639 1.1340121 1.1179600 1.1108825 1.1369382 1.0976205 1.0547995 1.0967245 1.1841381 1.1393852 1.1399027 1.1446692 1.1368973 1.1429803 1.1356761 1.1490169 1.1571493 1.1458922 1.1105521 1.0781276 1.1520545 1.4023597 1.1884782 1.0911378 1.1431826 1.1487191 1.0738387 1.0829636 1.0629919 1.0540481 1.0016638 1.1234907 0.9531746 0.9447448 0.9147492 0.8813864 1.0611770 0.8225242 0.8696049 0.8521324 0.9135530 2.2046115 2.2536468 2.2547631 2.9395715 
C.BW.98.98BWMC14A3.AF443078            0.8360849 0.9039241 0.8782656 0.9364738 0.9827482 1.0186779 1.0505114 0.7454940 0.7515354 0.7714817 0.7518439 0.6990015 0.7009996 0.6284757 0.6330956 0.4168650 0.4885733 0.3587743 0.3627951 0.3902097 0.0000000 0.3314359 0.3850007 0.4605898 0.5281969 0.4780947 0.3350007 0.4219119 0.4130494 0.3856433 0.4005390 0.7543391 0.8742417 0.8756460 0.9199954 1.0832246 0.8884388 0.9056641 0.9924766 0.8767395 0.9106022 0.9943264 1.0957042 0.7761224 0.7603526 0.7500368 0.8152571 1.1118999 1.1288650 1.1453134 1.1779515 1.1623529 1.1863676 1.1647313 1.1004474 1.1391308 1.1454568 1.1431952 1.1164453 1.1298857 1.1362288 1.0775551 1.1209116 1.2077485 1.1572944 1.1341316 1.1760935 1.1630028 1.1620154 1.1916109 1.1458280 1.1427871 1.1458028 1.0975292 1.1055344 1.1702540 1.4068639 1.1981253 1.0986386 1.1371531 1.1493060 1.0983949 1.0791474 1.0408138 1.0250170 0.9982424 1.1090275 0.9389919 0.9426844 0.9000784 0.8716569 1.0362246 0.8568912 0.8634910 0.8687504 0.9171719 2.2162961 2.2875283 2.3080459 2.8245794 
C.ZA.99.99ZALT4.EU293444               0.7958667 0.8489948 0.8230820 0.8926722 0.9523250 0.9890811 0.9967482 0.6847324 0.6689588 0.7017700 0.6888946 0.6453070 0.6459569 0.5718386 0.6078156 0.3722541 0.4472421 0.3327341 0.3364609 0.3598496 0.3314359 0.0000000 0.2938126 0.4115407 0.4652990 0.4386205 0.3004911 0.3939163 0.3880933 0.3561631 0.3598176 0.6744631 0.8171235 0.8185438 0.8705411 1.0066733 0.8401543 0.8839180 0.9224431 0.8275348 0.8578278 0.9784204 1.0037895 0.7314220 0.7001806 0.6973215 0.7477265 1.0923105 1.0782621 1.1156035 1.1420044 1.1249793 1.1423932 1.1226808 1.0573749 1.0806103 1.0797306 1.1023094 1.0835153 1.1114854 1.0737106 1.0069196 1.0468969 1.1403063 1.1183312 1.1020260 1.1101463 1.0926766 1.0720912 1.1104522 1.0822570 1.0910513 1.0804760 1.0572499 1.0313220 1.0955243 1.3428783 1.1231692 1.0665740 1.0942889 1.0927134 1.0304063 1.0480091 1.0011648 0.9812500 0.9557505 1.0830102 0.8959134 0.8956249 0.8350686 0.8346232 0.9940845 0.8008195 0.8049941 0.8116055 0.8707453 2.1860310 2.2513906 2.2808856 2.8635329 
C.ZA.02.02ZAPS015MB1.DQ369995          0.8471894 0.8928764 0.8766376 0.9374844 0.9898277 1.0617479 1.0601556 0.7519889 0.7307270 0.7719531 0.7486752 0.7002457 0.7109771 0.6234114 0.6626758 0.4267431 0.5003069 0.3832946 0.3780100 0.4014906 0.3850007 0.2938126 0.0000000 0.4567696 0.5250480 0.5027990 0.3498039 0.4454559 0.4360595 0.4120300 0.4099730 0.7470138 0.8835814 0.8742517 0.9301424 1.1198911 0.8825832 0.9236736 0.9697959 0.8946403 0.9118488 1.0246816 1.1153079 0.7974633 0.7621056 0.7479962 0.8130048 1.1077295 1.1245045 1.1522703 1.1994421 1.1725974 1.2005070 1.1813688 1.0876631 1.1665291 1.1272921 1.1419106 1.1193811 1.1529495 1.1190205 1.0885079 1.1191514 1.1801764 1.1760254 1.1501552 1.1550020 1.1485301 1.1280640 1.1606850 1.1504154 1.1395362 1.1397642 1.0935572 1.0788131 1.1469154 1.3762101 1.2051065 1.1180791 1.1691768 1.1628238 1.0978263 1.0843704 1.0298887 1.0335854 1.0113416 1.1243359 0.9675881 0.9505747 0.8911349 0.8867282 1.0432339 0.8571731 0.8556514 0.8419509 0.9156791 2.2573462 2.3004275 2.3036920 3.0203684 
C.GB.14.13659_1_48.3.MF109437          0.8732996 0.9215947 0.8946043 0.9728313 1.0089338 1.0750503 1.0570754 0.8070466 0.7768610 0.7880860 0.7810544 0.7492354 0.7569112 0.6821462 0.7077710 0.4806759 0.5445506 0.4600965 0.4531159 0.4604280 0.4605898 0.4115407 0.4567696 0.0000000 0.5405346 0.4994672 0.3987192 0.4894402 0.4959639 0.4595312 0.4566612 0.7744170 0.9102467 0.9131505 0.9536386 1.1271991 0.9345532 0.9629680 0.9961960 0.9095569 0.9529554 1.0649080 1.1396155 0.8300840 0.8062924 0.8017276 0.8501952 1.1495724 1.1617809 1.1968637 1.1868108 1.1896471 1.2316010 1.2074350 1.1195462 1.1903180 1.1653272 1.1426578 1.1343930 1.1762937 1.1373691 1.0980073 1.1382650 1.2073408 1.1617488 1.1733098 1.1995969 1.1630003 1.1617587 1.1931355 1.1747986 1.1736396 1.1563167 1.1435812 1.1066119 1.1797865 1.4539237 1.2432002 1.1595016 1.1937592 1.2042748 1.1195256 1.1018036 1.0668032 1.0730705 1.0185694 1.1559105 0.9821220 0.9813172 0.9228291 0.9055875 1.0707848 0.8843362 0.9000896 0.9037030 0.9289673 2.3900441 2.4064874 2.3625189 2.9662756 
BC.CN.07.07CNYN340.KF835526            0.9462338 0.9910245 0.9777648 1.0203706 1.0881586 1.1493865 1.1418425 0.8744284 0.8312212 0.8721810 0.8769867 0.8125726 0.8294130 0.7556920 0.7910459 0.5656653 0.6168899 0.5065261 0.5098987 0.5375419 0.5281969 0.4652990 0.5250480 0.5405346 0.0000000 0.4050129 0.4591550 0.5779556 0.5654921 0.5202234 0.5267337 0.8477679 0.9809682 0.9867672 1.0280892 1.1775427 1.0056799 1.0372863 1.1061948 1.0112072 1.0427562 1.1332698 1.1719947 0.9060513 0.8556939 0.8460221 0.9216842 1.2598390 1.2884169 1.2934506 1.2815218 1.2873838 1.3099011 1.3093235 1.2132177 1.2837563 1.2727647 1.2519136 1.2417480 1.2808397 1.2508179 1.1876664 1.2776220 1.2942054 1.2751644 1.2658195 1.2810047 1.2341054 1.2550268 1.2809205 1.2568422 1.2636151 1.2365562 1.2172292 1.1979232 1.3110549 1.5231768 1.3289809 1.2606098 1.2891256 1.2706163 1.2107974 1.2453276 1.1434534 1.1646162 1.0974768 1.2723867 1.0513250 1.0711892 1.0198196 0.9906140 1.1455864 0.9493661 0.9507240 0.9620051 1.0339699 2.5154979 2.4775833 2.4222023 3.1229315 
85_BC.CN.14.14CN_SCYB4.KU992932        0.9043423 0.9361474 0.9172736 0.9806559 1.0321625 1.1045794 1.0949935 0.8174560 0.7953438 0.8446698 0.8216352 0.7788843 0.7828566 0.7099419 0.7488931 0.5083620 0.5690986 0.4759969 0.4767137 0.5030908 0.4780947 0.4386205 0.5027990 0.4994672 0.4050129 0.0000000 0.4304340 0.5204891 0.5245288 0.4956655 0.4896025 0.8063946 0.9255527 0.9334350 0.9793090 1.1358663 0.9426237 0.9716736 1.0452828 0.9369633 0.9813186 1.0664802 1.1470240 0.8437008 0.8399546 0.7985611 0.8900680 1.1770375 1.1972671 1.2385411 1.2608467 1.2278153 1.2729653 1.2446140 1.1838916 1.2067606 1.1898275 1.2201601 1.1769217 1.1991046 1.1987221 1.1325941 1.1905928 1.2738273 1.1942294 1.2104106 1.2224450 1.1981995 1.1992201 1.2072608 1.1934635 1.2467817 1.2031961 1.1505786 1.1509674 1.2329334 1.5055953 1.2990048 1.1879387 1.2387655 1.2396531 1.1542360 1.1764761 1.0910275 1.1038281 1.0638530 1.1980534 1.0114741 1.0035055 0.9671963 0.9411570 1.1281884 0.9139872 0.9114332 0.9150931 0.9873791 2.4371212 2.4452005 2.3878885 3.1218502 
C.BW.00.00BW076820.AF443089            0.7643542 0.8255595 0.7947777 0.8747758 0.9261061 0.9764801 1.0072447 0.6703144 0.6744662 0.6968735 0.6829370 0.6292145 0.6486964 0.5705955 0.5851179 0.3592855 0.4226044 0.3305453 0.3321313 0.3503681 0.3350007 0.3004911 0.3498039 0.3987192 0.4591550 0.4304340 0.0000000 0.3697609 0.3639011 0.3328476 0.3401765 0.6779356 0.8113270 0.8031318 0.8494887 1.0192748 0.8222638 0.8516027 0.9094822 0.8104560 0.8316221 0.9442805 0.9953552 0.7309067 0.6902522 0.6807080 0.7461149 1.0450756 1.0624018 1.0766690 1.1141436 1.0963683 1.1324918 1.1185979 1.0316737 1.0607128 1.0907580 1.0911889 1.0633470 1.0610983 1.0542969 0.9929263 1.0524882 1.1247522 1.0583726 1.0939571 1.1100125 1.0788231 1.0668917 1.1028145 1.0775492 1.0972901 1.0706401 1.0363112 1.0335203 1.1347937 1.3085378 1.1341175 1.0462298 1.0955336 1.0793152 1.0333992 1.0342795 1.0062412 0.9908290 0.9267815 1.0867403 0.8867229 0.8719615 0.8589228 0.8302225 0.9709488 0.7733790 0.7819230 0.7932959 0.8500918 2.2467894 2.2856415 2.2713508 2.8709066 
C.ZA.04.04ZASK170B1.DQ093595           0.8449453 0.9048379 0.8552311 0.9274464 0.9775119 1.0329391 1.0559910 0.7468745 0.7140069 0.7576275 0.7398092 0.7006299 0.6985545 0.6198697 0.6412813 0.4155792 0.4783112 0.4345035 0.4229493 0.4390008 0.4219119 0.3939163 0.4454559 0.4894402 0.5779556 0.5204891 0.3697609 0.0000000 0.3405651 0.3078055 0.3576501 0.7366918 0.8604084 0.8905835 0.9129643 1.0618551 0.8925316 0.8969493 0.9800427 0.8819417 0.8984571 0.9848456 1.0753611 0.7774205 0.7558149 0.7236348 0.7817155 1.0937874 1.1181280 1.1396187 1.1645561 1.1502529 1.1258542 1.1554398 1.0888108 1.1199361 1.0967661 1.1156398 1.0837310 1.1122149 1.0899803 1.0502614 1.0938943 1.1828219 1.1077274 1.1195058 1.1806501 1.1368678 1.1266504 1.1517074 1.1012248 1.1158123 1.1130419 1.0603773 1.0616930 1.1466298 1.3587696 1.1571154 1.0873829 1.1437285 1.1262236 1.0580686 1.0882849 1.0263206 1.0176551 0.9996788 1.0992120 0.9621967 0.9216460 0.9029709 0.8808898 1.0396071 0.8631451 0.8627737 0.8633910 0.9274923 2.2656273 2.2851290 2.3260469 2.9061397 
C.TZ.02.CO6721.AY734560                0.8373027 0.9060247 0.8607199 0.9390649 0.9917726 1.0206576 1.0546712 0.7283890 0.7215131 0.7492872 0.7589131 0.6945650 0.6981342 0.6176504 0.6371905 0.4081785 0.4755552 0.4194746 0.4233742 0.4322184 0.4130494 0.3880933 0.4360595 0.4959639 0.5654921 0.5245288 0.3639011 0.3405651 0.0000000 0.2416111 0.3584258 0.7328114 0.8576100 0.8658256 0.8931443 1.0582818 0.8847722 0.9034946 0.9641043 0.8870775 0.8936185 0.9792423 1.0760328 0.7648462 0.7518196 0.7305717 0.7885766 1.1143840 1.1325272 1.1423449 1.1853364 1.1758622 1.1473268 1.1409132 1.0937610 1.1310922 1.1158871 1.1396179 1.0899512 1.1205447 1.0829858 1.0533983 1.1011776 1.1682820 1.1445442 1.1014565 1.1497257 1.1268540 1.1207870 1.1195458 1.1136053 1.1525909 1.1248378 1.0870569 1.0623993 1.1393514 1.4010972 1.1864753 1.1061394 1.1163400 1.1055200 1.0545675 1.0669378 1.0462795 1.0272536 0.9988855 1.1029193 0.9380472 0.9231951 0.8897007 0.8921520 1.0481280 0.8403675 0.8459502 0.8498399 0.9232716 2.1548440 2.2344242 2.2750429 2.8883319 
C.TZ.01.BD39_8.AY253313                0.8032607 0.8618471 0.8079477 0.8887496 0.9445075 0.9947761 1.0044054 0.7020566 0.6844983 0.7199266 0.7218358 0.6689747 0.6721588 0.5825354 0.6240390 0.3827657 0.4413366 0.3875367 0.3891158 0.4015277 0.3856433 0.3561631 0.4120300 0.4595312 0.5202234 0.4956655 0.3328476 0.3078055 0.2416111 0.0000000 0.3285319 0.7158957 0.8323435 0.8328710 0.8741290 1.0126616 0.8316746 0.8629810 0.9378958 0.8522727 0.8508258 0.9669374 1.0572374 0.7450223 0.7199832 0.6956349 0.7521150 1.0454135 1.0591106 1.0856048 1.1060451 1.1326324 1.1181968 1.0916666 1.0519301 1.0905781 1.0655889 1.0718528 1.0331460 1.0875150 1.0288617 1.0112900 1.0440261 1.1304111 1.0857959 1.0990843 1.1187092 1.0874812 1.0784555 1.0971033 1.0938252 1.1001580 1.0612865 1.0268044 1.0259786 1.1185721 1.3146444 1.1526638 1.0403271 1.0795195 1.0827456 1.0196007 1.0306982 1.0004242 1.0145786 0.9546250 1.0746277 0.9328380 0.8962647 0.8649220 0.8545912 0.9937997 0.8137496 0.8117455 0.8187979 0.8842982 2.1867259 2.2278826 2.2566030 2.8286404 
C.ZA.03.03ZAPS067MB2.DQ396389          0.7879603 0.8538660 0.8269146 0.9045462 0.9534116 1.0143787 0.9904336 0.7034158 0.6855009 0.7187867 0.7203011 0.6683655 0.6939440 0.5882085 0.6206526 0.3909902 0.4613296 0.3998312 0.4096174 0.4118345 0.4005390 0.3598176 0.4099730 0.4566612 0.5267337 0.4896025 0.3401765 0.3576501 0.3584258 0.3285319 0.0000000 0.6913703 0.8386896 0.8252439 0.8623083 1.0503402 0.8503636 0.8886978 0.9420033 0.8447946 0.8806827 0.9636649 1.0408489 0.7466412 0.7377507 0.7030147 0.7662612 1.0792163 1.1061814 1.1227361 1.1332401 1.1327755 1.1364496 1.1102268 1.0435965 1.0908734 1.1153395 1.0736974 1.0702444 1.1233566 1.0568802 1.0123508 1.0458780 1.1718984 1.1116194 1.1069699 1.1403251 1.1121064 1.1085083 1.1065568 1.0977289 1.1061920 1.0761678 1.0523014 1.0336183 1.1257003 1.3489139 1.1947367 1.0906097 1.1079319 1.1082319 1.0716549 1.0554325 1.0086859 1.0020321 0.9547803 1.0796394 0.9134659 0.8849694 0.8622479 0.8468013 1.0072887 0.8043088 0.8164162 0.8113402 0.8609371 2.2009473 2.2357209 2.2273590 2.8198192 
A1D.UG.99.99UGJ21953.AF484496          0.5659344 0.6149610 0.5730786 0.6413896 0.6961518 0.7576978 0.7601899 0.4463265 0.4471934 0.4792291 0.4767641 0.4316683 0.4254329 0.4689388 0.7310421 0.6873386 0.7679663 0.7382223 0.7479923 0.7414621 0.7543391 0.6744631 0.7470138 0.7744170 0.8477679 0.8063946 0.6779356 0.7366918 0.7328114 0.7158957 0.6913703 0.0000000 0.5719357 0.5808545 0.6073797 0.7762697 0.5945035 0.6099005 0.6727344 0.5901629 0.6188671 0.7090291 0.7869979 0.5048659 0.4732359 0.4492363 0.5144738 0.8127487 0.8200380 0.8591865 0.8893312 0.8918892 0.8708980 0.8789352 0.8101141 0.8584651 0.8346207 0.8375916 0.8131115 0.8620257 0.8169320 0.7648155 0.8133157 0.8957387 0.8586276 0.8255844 0.8723565 0.8267611 0.8425356 0.8780867 0.8574310 0.8640203 0.8311521 0.8108701 0.8049113 0.8492713 1.0978453 0.8889184 0.8039469 0.8596648 0.8677647 0.7869622 0.7980124 0.7762866 0.7477131 0.7231427 0.8295826 0.6832375 0.6568617 0.6238882 0.5784352 0.7510761 0.5717248 0.5622642 0.5800727 0.6382693 1.9986013 2.0132872 1.9480601 2.5853919 
01_AE.CN.02.YN0236.JX112866            0.5892917 0.6314736 0.6198603 0.6603614 0.7444880 0.7896821 0.8047749 0.5582667 0.5516870 0.5837232 0.5716586 0.5239763 0.5327971 0.5965620 0.8813860 0.8222201 0.9168021 0.8344487 0.8509470 0.9123603 0.8742417 0.8171235 0.8835814 0.9102467 0.9809682 0.9255527 0.8113270 0.8604084 0.8576100 0.8323435 0.8386896 0.5719357 0.0000000 0.1592421 0.2108623 0.3676704 0.2012876 0.2150274 0.2945230 0.2189000 0.2472330 0.4783654 0.5348730 0.4391976 0.5134301 0.5065615 0.5795325 0.8983550 0.8952180 0.9298102 0.9636146 0.9550008 0.9214426 0.9453774 0.8721460 0.9405949 0.9212473 0.8989615 0.8717575 0.9239505 0.8898650 0.8397104 0.9040016 0.9735491 0.9298402 0.9254324 0.9393308 0.9119029 0.8996458 0.9292576 0.9297655 0.9141633 0.8882532 0.8888325 0.8656067 0.9459839 1.1799598 0.9894196 0.8906608 0.9393177 0.9420620 0.8430192 0.8988995 0.8397301 0.8233450 0.7749175 0.9099791 0.7207707 0.6894089 0.6728851 0.6318210 0.8042541 0.6179463 0.6186712 0.6237817 0.6772111 2.0626876 2.1550247 2.0338216 2.8522992 
01_AE.TH.99.99TH_C4460.AY945726        0.6149095 0.6503360 0.6370112 0.6945203 0.7737102 0.8087340 0.8249497 0.5683834 0.5578089 0.5975493 0.5696856 0.5292796 0.5348325 0.6079022 0.8734802 0.8184096 0.9104657 0.8338151 0.8484896 0.8816479 0.8756460 0.8185438 0.8742517 0.9131505 0.9867672 0.9334350 0.8031318 0.8905835 0.8658256 0.8328710 0.8252439 0.5808545 0.1592421 0.0000000 0.2112292 0.3756466 0.2013840 0.2120179 0.2932466 0.2166318 0.2468526 0.4794348 0.5274664 0.4436352 0.5382406 0.5049415 0.5706449 0.8863566 0.8962386 0.9200040 0.9595277 0.9411677 0.9157390 0.9647124 0.8747785 0.9269392 0.9039986 0.8990917 0.8727429 0.9305301 0.8753505 0.8238921 0.8979365 0.9754988 0.9418768 0.9182861 0.9317316 0.9159732 0.9116485 0.9354363 0.9262025 0.9085744 0.8745961 0.8696796 0.8689869 0.9347572 1.1972434 0.9780835 0.9038485 0.9351367 0.9369054 0.8512385 0.8967749 0.8295731 0.8268960 0.7848947 0.9133009 0.7354499 0.7032715 0.6707412 0.6313115 0.8152027 0.6251304 0.6196707 0.6253892 0.7007823 2.0353244 2.1146093 2.1033317 2.8369256 
01_AE.CN.07.GX070143.JX112835          0.6310880 0.6957895 0.6676069 0.7171003 0.8087205 0.8525523 0.8530721 0.5964318 0.5944977 0.6236579 0.6253891 0.5595232 0.5675821 0.6301645 0.9092270 0.8519603 0.9573845 0.8782738 0.9127671 0.9355006 0.9199954 0.8705411 0.9301424 0.9536386 1.0280892 0.9793090 0.8494887 0.9129643 0.8931443 0.8741290 0.8623083 0.6073797 0.2108623 0.2112292 0.0000000 0.4089716 0.2426117 0.2529081 0.3301595 0.2547965 0.2890139 0.5255537 0.5743572 0.4776216 0.5567508 0.5515490 0.6162870 0.9161526 0.9106548 0.9693578 1.0037302 0.9935639 0.9525424 0.9741461 0.9165309 0.9696584 0.9361497 0.9359797 0.9136731 0.9547037 0.9108865 0.8799178 0.9258512 1.0210095 0.9820962 0.9384587 0.9648917 0.9498914 0.9339307 0.9682519 0.9505459 0.9632797 0.9241187 0.9034263 0.9041812 0.9692675 1.2018948 1.0139713 0.9351526 0.9653415 0.9667086 0.8728398 0.9263928 0.8855792 0.8514819 0.8189649 0.9517545 0.7741856 0.7404372 0.7137700 0.6762802 0.8517099 0.6699896 0.6590665 0.6669552 0.7260195 2.0751411 2.1270331 2.0855015 2.8113287 
69_01B.JP.05.05JPMYC113SP420.LC027100  0.7963665 0.8231165 0.8201376 0.8673859 0.9752231 0.9950978 0.9881794 0.7563366 0.7382148 0.7753466 0.7707105 0.7084636 0.7330862 0.7667344 1.0512963 1.0338941 1.0981433 1.0431737 1.0767129 1.0596779 1.0832246 1.0066733 1.1198911 1.1271991 1.1775427 1.1358663 1.0192748 1.0618551 1.0582818 1.0126616 1.0503402 0.7762697 0.3676704 0.3756466 0.4089716 0.0000000 0.3925077 0.4095898 0.4762285 0.4088503 0.4412793 0.6545430 0.7185401 0.6313955 0.7088919 0.7102658 0.7707153 1.0675147 1.0517384 1.1057351 1.1289273 1.1110101 1.1031944 1.1393807 1.0580633 1.1167569 1.0818306 1.0742972 1.0641295 1.1055807 1.0622010 1.0050590 1.0869104 1.1593682 1.1086046 1.0917882 1.1279953 1.1140592 1.0895347 1.1117504 1.1025179 1.0946361 1.0760248 1.0515878 1.0400036 1.1390506 1.3439164 1.1638248 1.0917109 1.1122035 1.1006078 1.0175961 1.0662458 1.0025810 0.9978513 0.9634108 1.0922990 0.9267317 0.8899949 0.8636551 0.8182469 0.9980973 0.7936300 0.8016374 0.8174500 0.8774218 2.1707505 2.2872062 2.1959729 3.0153644 
01_AE.TH.07.AA030a04.JX447057          0.6269501 0.6661703 0.6528977 0.6955463 0.7923370 0.8223099 0.8271226 0.5836435 0.5750398 0.6096516 0.5949829 0.5490041 0.5636056 0.6141293 0.9038734 0.8382425 0.9210097 0.8553967 0.8840109 0.8940846 0.8884388 0.8401543 0.8825832 0.9345532 1.0056799 0.9426237 0.8222638 0.8925316 0.8847722 0.8316746 0.8503636 0.5945035 0.2012876 0.2013840 0.2426117 0.3925077 0.0000000 0.2253770 0.3121044 0.2398324 0.2720558 0.5050254 0.5667135 0.4678006 0.5490365 0.5275011 0.6014648 0.8885243 0.9186893 0.9363157 0.9594700 0.9586875 0.9349979 0.9711901 0.8874756 0.9302039 0.9214612 0.8990169 0.8805826 0.9320908 0.8958572 0.8434968 0.8895918 0.9763587 0.9462548 0.9334641 0.9571077 0.9370238 0.9211760 0.9513595 0.9407161 0.9271459 0.9007375 0.8869908 0.8819557 0.9621427 1.2030384 0.9713691 0.8947369 0.9353169 0.9509728 0.8701790 0.9139871 0.8616665 0.8398993 0.7867670 0.9512852 0.7617864 0.7255668 0.6957171 0.6642084 0.8366435 0.6394975 0.6396739 0.6459248 0.7187561 2.1096232 2.1625815 2.1053974 2.8425192 
01_AE.CN.07.07CNYN326.KF835513         0.6454081 0.6976773 0.6721781 0.7206948 0.8051304 0.8342805 0.8593219 0.5899903 0.6026715 0.6181553 0.6141277 0.5615278 0.5765693 0.6397184 0.9082834 0.8528572 0.9704614 0.8806670 0.9045997 0.9129366 0.9056641 0.8839180 0.9236736 0.9629680 1.0372863 0.9716736 0.8516027 0.8969493 0.9034946 0.8629810 0.8886978 0.6099005 0.2150274 0.2120179 0.2529081 0.4095898 0.2253770 0.0000000 0.3275890 0.2526423 0.2819896 0.5137928 0.5718697 0.4698459 0.5553203 0.5458442 0.6173558 0.9207148 0.9257915 0.9564748 0.9948435 0.9900582 0.9501355 0.9566567 0.9195572 0.9651965 0.9417202 0.9400278 0.9098957 0.9656301 0.9385363 0.8743448 0.9227028 1.0432025 0.9737414 0.9527049 0.9512318 0.9284003 0.9235549 0.9720914 0.9258181 0.9547170 0.9168653 0.9136124 0.9031472 0.9569854 1.2075297 1.0123133 0.9326855 0.9630666 0.9781314 0.8830924 0.9368647 0.8682848 0.8517337 0.8147723 0.9346679 0.7906477 0.7454055 0.7205417 0.6695707 0.8807020 0.6646573 0.6669167 0.6802040 0.7371163 2.0697206 2.2005723 2.0953656 2.7400926 
