94
RESTV_M.fas-tc_USA_89_Philippines89-Pennsylvania_NC_004161 0.0000000 0.0258882 0.0341136 2.0960222 2.0657224 1.7528575 1.7524715 1.7523625 1.7537047 1.7773466 1.7785611 1.7765804 1.7721146 1.7800081 1.7825240 1.7813710 1.7831378 1.7832047 1.7832047 1.7834578 1.7829501 1.7829516 1.7828853 1.7834578 1.7834578 1.7835942 1.7826399 1.7831537 1.7841042 1.7839584 1.7830856 1.7830856 1.7842407 1.7837847 1.7834272 1.7834083 1.7825196 1.7824097 1.7825279 1.7825279 1.7826628 1.7834079 1.7829697 1.7818665 1.7819361 1.7834669 1.7836668 1.7838359 1.7838359 1.7822234 1.7821901 1.7830387 1.7830906 1.7827427 1.7832745 1.7820777 1.7820777 1.7838862 1.7836330 1.7835896 1.7840895 1.7846496 1.7840491 1.7827014 1.7840526 1.7836448 1.7836448 1.7835869 1.7844521 1.7830182 1.7801793 1.7801793 1.7807511 1.7811206 1.7816695 1.7811494 1.7860197 1.7840147 1.7846431 1.7846431 1.7835747 1.7845949 1.7831271 1.7811090 1.7831436 1.7850161 1.7843588 1.7809460 1.7812578 1.7812588 1.7871786 1.7860182 1.8331946 1.8316750 
RESTV_S.dom-tc_PHL_08_Reston08-A_FJ621583                  0.0258882 0.0000000 0.0513492 2.1198001 2.0823539 1.7683019 1.7679136 1.7678047 1.7689849 1.7960604 1.7969652 1.7942870 1.7898475 1.7974733 1.7994423 1.7988530 1.8004787 1.8005459 1.8005459 1.8008007 1.8002900 1.8002912 1.8002240 1.8008007 1.8008007 1.8009387 1.7999770 1.8009988 1.7999859 1.8013124 1.8004275 1.8004275 1.8015964 1.8011362 1.8007773 1.8007519 1.7998485 1.7997390 1.7998569 1.7998569 1.7999937 1.8007432 1.8003029 1.7991932 1.7992628 1.8008113 1.8010178 1.8011890 1.8011890 1.7995435 1.7995181 1.8003231 1.8004299 1.8000793 1.8006167 1.7988971 1.7988971 1.8012357 1.8009810 1.8009339 1.8014367 1.8018076 1.8011974 1.8000351 1.8019101 1.8014938 1.8014938 1.8007308 1.8018170 1.8004073 1.7975275 1.7975275 1.7981037 1.7981588 1.7987180 1.7985050 1.8034004 1.8013673 1.8020100 1.8020100 1.8009185 1.8019621 1.7998918 1.7984230 1.8004858 1.8023838 1.8017142 1.7977471 1.7986260 1.7986266 1.8045914 1.8031522 1.8456677 1.8441297 
RESTV_S.dom-xx_PHL_08_Reston08-C_FJ621584                  0.0341136 0.0513492 0.0000000 2.1140186 2.0682470 1.7522669 1.7518802 1.7517709 1.7532665 1.7760001 1.7770121 1.7757699 1.7688421 1.7782888 1.7821726 1.7812217 1.7829929 1.7830600 1.7830600 1.7833138 1.7828048 1.7828063 1.7827399 1.7833138 1.7833138 1.7832455 1.7826716 1.7830090 1.7839618 1.7838156 1.7830591 1.7830591 1.7840987 1.7836415 1.7832831 1.7832642 1.7823237 1.7822631 1.7823815 1.7823815 1.7825168 1.7827627 1.7827749 1.7817185 1.7817883 1.7833230 1.7838427 1.7840122 1.7840122 1.7820763 1.7820428 1.7828441 1.7828961 1.7824784 1.7831301 1.7819302 1.7819302 1.7837433 1.7836946 1.7834459 1.7839472 1.7842165 1.7836147 1.7823008 1.7834087 1.7836197 1.7836197 1.7839446 1.7842610 1.7828731 1.7800270 1.7800270 1.7806003 1.7809707 1.7815210 1.7806172 1.7858822 1.7838721 1.7847073 1.7847073 1.7833814 1.7844537 1.7829822 1.7809591 1.7829988 1.7848760 1.7842170 1.7810005 1.7811082 1.7811092 1.7876190 1.7858806 1.8415541 1.8400228 
TAFV_H.sap-tc_CIV_94_Pauleoula-CI_NC_014372                2.0960222 2.1198001 2.1140186 0.0000000 0.7824905 1.2939775 1.2940808 1.2937562 1.2948456 1.3111057 1.3130160 1.3113688 1.3047333 1.3190803 1.3183492 1.3191590 1.3185480 1.3177219 1.3177219 1.3179320 1.3177835 1.3175118 1.3179320 1.3179320 1.3179320 1.3178703 1.3179812 1.3179936 1.3183284 1.3185568 1.3180943 1.3180943 1.3181236 1.3177273 1.3181236 1.3179320 1.3182378 1.3184291 1.3184392 1.3184291 1.3187557 1.3183954 1.3190939 1.3179317 1.3178380 1.3183370 1.3172371 1.3169343 1.3169343 1.3186757 1.3184953 1.3181440 1.3186360 1.3166997 1.3193455 1.3175924 1.3175924 1.3185038 1.3182911 1.3181302 1.3181302 1.3190477 1.3182906 1.3179865 1.3194208 1.3194000 1.3194000 1.3188444 1.3187880 1.3176828 1.3177439 1.3177439 1.3181469 1.3170942 1.3174131 1.3185818 1.3201029 1.3185745 1.3196508 1.3196508 1.3185530 1.3206120 1.3182634 1.3180523 1.3183864 1.3180084 1.3184135 1.3201425 1.3206427 1.3206528 1.3192037 1.3203771 2.2154100 2.2133544 
BDBV_H.sap-xx_COD_12_EboBund-122_KC545395                  2.0657224 2.0823539 2.0682470 0.7824905 0.0000000 1.3192809 1.3190791 1.3192192 1.3212867 1.3375575 1.3390259 1.3400223 1.3310594 1.3336215 1.3336293 1.3336341 1.3314822 1.3307177 1.3307177 1.3309300 1.3309246 1.3305053 1.3307077 1.3304607 1.3304607 1.3302538 1.3306556 1.3306676 1.3303915 1.3310960 1.3308719 1.3308719 1.3312723 1.3311603 1.3308184 1.3291852 1.3295796 1.3299377 1.3296389 1.3297930 1.3297981 1.3299033 1.3295921 1.3296232 1.3298369 1.3301319 1.3301775 1.3299894 1.3299894 1.3297748 1.3308737 1.3293828 1.3300280 1.3299056 1.3305269 1.3300440 1.3300440 1.3311874 1.3314173 1.3306185 1.3306185 1.3314380 1.3308339 1.3295914 1.3310576 1.3315531 1.3315531 1.3317160 1.3324152 1.3323841 1.3304817 1.3304817 1.3310103 1.3303916 1.3307177 1.3315932 1.3320719 1.3308482 1.3314519 1.3314519 1.3299913 1.3321145 1.3324571 1.3301528 1.3313441 1.3323790 1.3313553 1.3319054 1.3324950 1.3325049 1.3331814 1.3342814 2.2305772 2.2309387 
EBOV_H.sap-tc_COD_07_1Luebo_KC242786                       1.7528575 1.7683019 1.7522669 1.2939775 1.3192809 0.0000000 0.0001017 0.0001526 0.0008650 0.0243545 0.0252902 0.0235344 0.0206218 0.0316044 0.0310912 0.0310374 0.0316694 0.0311550 0.0311550 0.0312103 0.0312102 0.0312107 0.0312103 0.0312103 0.0312103 0.0312659 0.0313216 0.0312655 0.0312143 0.0312697 0.0313210 0.0313210 0.0312698 0.0313219 0.0313223 0.0313242 0.0313783 0.0313230 0.0314895 0.0314338 0.0313783 0.0313224 0.0316003 0.0313130 0.0311471 0.0313692 0.0312106 0.0313790 0.0313790 0.0314350 0.0313807 0.0317115 0.0316578 0.0314877 0.0316019 0.0315914 0.0315914 0.0313901 0.0316113 0.0315560 0.0316669 0.0316008 0.0316552 0.0317188 0.0316628 0.0315441 0.0315441 0.0317684 0.0315588 0.0308130 0.0305867 0.0305867 0.0305303 0.0307607 0.0308199 0.0311442 0.0317770 0.0318286 0.0316591 0.0316591 0.0317718 0.0319940 0.0316023 0.0318262 0.0316569 0.0316565 0.0315440 0.0318237 0.0310382 0.0310938 0.0320117 0.0320509 1.8836644 1.8836644 
EBOV_H.sap-tc_COD_07_M-M_HQ613403                          1.7524715 1.7679136 1.7518802 1.2940808 1.3190791 0.0001017 0.0000000 0.0001526 0.0008650 0.0243542 0.0252899 0.0235341 0.0206215 0.0316040 0.0310908 0.0310370 0.0316690 0.0311546 0.0311546 0.0312099 0.0312098 0.0312103 0.0312099 0.0312099 0.0312099 0.0312655 0.0313212 0.0312651 0.0312139 0.0312693 0.0313206 0.0313206 0.0312694 0.0313215 0.0313219 0.0313238 0.0313779 0.0313226 0.0314891 0.0314334 0.0313779 0.0313220 0.0315999 0.0313126 0.0311467 0.0313688 0.0312102 0.0313786 0.0313786 0.0314346 0.0313803 0.0317111 0.0316574 0.0314873 0.0316015 0.0315910 0.0315910 0.0313897 0.0316109 0.0315556 0.0316665 0.0316004 0.0316548 0.0317184 0.0316624 0.0315437 0.0315437 0.0317680 0.0315584 0.0308126 0.0305863 0.0305863 0.0305299 0.0307603 0.0308195 0.0311438 0.0317766 0.0318282 0.0316587 0.0316587 0.0317714 0.0319936 0.0316019 0.0318258 0.0316565 0.0316561 0.0315436 0.0318233 0.0310378 0.0310934 0.0320113 0.0320504 1.8836567 1.8836567 
EBOV_H.sap-tc_COD_07_5Luebo_KC242790                       1.7523625 1.7678047 1.7517709 1.2937562 1.3192192 0.0001526 0.0001526 0.0000000 0.0009159 0.0244090 0.0253449 0.0235887 0.0206756 0.0315492 0.0310360 0.0309822 0.0316142 0.0310999 0.0310999 0.0311551 0.0311550 0.0311556 0.0311551 0.0311551 0.0311551 0.0312107 0.0312664 0.0312103 0.0311591 0.0312145 0.0312659 0.0312659 0.0312147 0.0312668 0.0312671 0.0312691 0.0313231 0.0312678 0.0314343 0.0313786 0.0313231 0.0312673 0.0315451 0.0312578 0.0310919 0.0313141 0.0311554 0.0313238 0.0313238 0.0313798 0.0313255 0.0316563 0.0316026 0.0314325 0.0315467 0.0315362 0.0315362 0.0313349 0.0315560 0.0315008 0.0316116 0.0315456 0.0316000 0.0316636 0.0316076 0.0314889 0.0314889 0.0317131 0.0315036 0.0307579 0.0305316 0.0305316 0.0304753 0.0307056 0.0307648 0.0310890 0.0317217 0.0317733 0.0316039 0.0316039 0.0317165 0.0319387 0.0315471 0.0317709 0.0316017 0.0316013 0.0314888 0.0317684 0.0309830 0.0310387 0.0319564 0.0319956 1.8839222 1.8839222 
EBOV_H.sap-tc_COD_08_034-KS_HQ613402                       1.7537047 1.7689849 1.7532665 1.2948456 1.3212867 0.0008650 0.0008650 0.0009159 0.0000000 0.0249098 0.0258473 0.0240881 0.0212770 0.0323331 0.0318186 0.0317647 0.0323985 0.0318828 0.0318828 0.0319381 0.0319380 0.0319386 0.0319381 0.0319381 0.0319381 0.0319938 0.0320496 0.0319934 0.0319422 0.0319977 0.0320491 0.0320491 0.0319979 0.0320500 0.0320503 0.0320524 0.0321065 0.0320511 0.0322179 0.0321621 0.0321065 0.0320505 0.0323289 0.0320409 0.0318746 0.0320972 0.0319384 0.0321072 0.0321072 0.0321634 0.0321089 0.0324404 0.0323866 0.0322160 0.0323305 0.0323198 0.0323198 0.0321186 0.0323401 0.0322848 0.0323958 0.0323294 0.0323839 0.0324478 0.0323917 0.0322726 0.0322726 0.0324973 0.0322876 0.0315399 0.0313130 0.0313130 0.0312565 0.0314875 0.0315470 0.0318716 0.0325062 0.0325577 0.0323879 0.0323879 0.0325008 0.0327234 0.0323310 0.0325028 0.0323332 0.0323853 0.0322725 0.0324414 0.0317655 0.0318213 0.0327415 0.0327805 1.8836683 1.8836683 
EBOV_H.sap-xx_COD_14_Lomela-Lokolia16_KP271018             1.7773466 1.7960604 1.7760001 1.3111057 1.3375575 0.0243545 0.0243542 0.0244090 0.0249098 0.0000000 0.0014788 0.0092425 0.0130290 0.0373018 0.0367780 0.0366109 0.0372446 0.0367317 0.0367317 0.0367878 0.0367877 0.0367883 0.0367878 0.0367878 0.0367878 0.0368442 0.0369009 0.0368438 0.0367925 0.0368488 0.0369002 0.0369002 0.0367899 0.0367886 0.0369017 0.0369041 0.0369588 0.0369026 0.0370718 0.0370151 0.0369587 0.0369020 0.0371843 0.0369058 0.0367372 0.0369631 0.0369009 0.0370724 0.0370724 0.0370166 0.0369615 0.0371847 0.0372431 0.0370696 0.0370733 0.0371889 0.0371889 0.0370851 0.0371971 0.0371410 0.0372536 0.0371849 0.0372399 0.0373059 0.0372488 0.0371271 0.0371271 0.0373552 0.0371981 0.0363825 0.0363232 0.0363232 0.0362658 0.0363890 0.0364499 0.0368905 0.0374247 0.0374172 0.0372446 0.0372446 0.0373593 0.0375850 0.0371867 0.0374143 0.0372420 0.0372415 0.0371270 0.0374117 0.0367246 0.0367812 0.0377187 0.0377712 1.9015312 1.9015312 
EBOV_H.sap-xx_COD_14_Lomela-Lokolia17_KP271019             1.7785611 1.7969652 1.7770121 1.3130160 1.3390259 0.0252902 0.0252899 0.0253449 0.0258473 0.0014788 0.0000000 0.0103455 0.0141435 0.0383899 0.0378642 0.0376967 0.0383326 0.0378180 0.0378180 0.0378743 0.0378742 0.0378748 0.0378743 0.0378743 0.0378743 0.0379309 0.0379877 0.0379304 0.0378791 0.0379355 0.0379870 0.0379870 0.0378764 0.0378751 0.0379886 0.0379910 0.0380458 0.0379895 0.0381591 0.0381023 0.0380457 0.0379888 0.0382720 0.0379927 0.0378237 0.0380502 0.0379877 0.0381598 0.0381598 0.0381039 0.0380486 0.0382724 0.0383310 0.0381568 0.0381607 0.0382767 0.0382767 0.0381729 0.0382851 0.0382289 0.0383417 0.0382726 0.0383277 0.0383942 0.0383368 0.0382146 0.0382146 0.0384434 0.0382861 0.0374675 0.0374080 0.0374080 0.0373504 0.0374742 0.0375354 0.0379770 0.0385135 0.0385057 0.0383325 0.0383325 0.0384476 0.0386740 0.0382744 0.0385028 0.0383299 0.0383294 0.0382145 0.0385001 0.0378107 0.0378674 0.0388086 0.0388611 1.9075189 1.9075189 
EBOV_H.sap-tc_COD_95_Kikwit-9510621_KR867676               1.7765804 1.7942870 1.7757699 1.3113688 1.3400223 0.0235344 0.0235341 0.0235887 0.0240881 0.0092425 0.0103455 0.0000000 0.0121867 0.0363369 0.0359272 0.0357604 0.0362798 0.0357683 0.0357683 0.0358242 0.0358241 0.0358248 0.0358242 0.0358242 0.0358242 0.0358806 0.0359370 0.0358801 0.0358288 0.0358849 0.0359364 0.0359364 0.0358851 0.0358250 0.0359378 0.0359402 0.0359948 0.0359387 0.0361075 0.0360509 0.0359947 0.0359381 0.0362197 0.0359418 0.0357736 0.0359989 0.0359370 0.0361081 0.0361081 0.0360524 0.0359974 0.0362202 0.0362783 0.0361053 0.0362215 0.0362242 0.0362242 0.0361205 0.0362322 0.0361762 0.0362885 0.0362203 0.0362752 0.0363408 0.0362839 0.0360505 0.0360505 0.0363902 0.0362331 0.0354202 0.0353612 0.0353612 0.0353039 0.0354266 0.0354872 0.0359269 0.0364592 0.0364519 0.0362797 0.0362797 0.0363942 0.0366193 0.0362220 0.0364491 0.0362773 0.0362768 0.0361626 0.0364465 0.0357613 0.0358178 0.0367522 0.0368046 1.8982883 1.8982883 
EBOV_H.sap-tc_COD_77_Bonduni_KC242791                      1.7721146 1.7898475 1.7688421 1.3047333 1.3310594 0.0206218 0.0206215 0.0206756 0.0212770 0.0130290 0.0141435 0.0121867 0.0000000 0.0332008 0.0326845 0.0326305 0.0331442 0.0326376 0.0326376 0.0326931 0.0326930 0.0326936 0.0326931 0.0326931 0.0326931 0.0327489 0.0328049 0.0327485 0.0326973 0.0327529 0.0328043 0.0328043 0.0327531 0.0326938 0.0328056 0.0328077 0.0328620 0.0328064 0.0329737 0.0329177 0.0328619 0.0328591 0.0330850 0.0328092 0.0326425 0.0328658 0.0328049 0.0329742 0.0329742 0.0329190 0.0328644 0.0330854 0.0331429 0.0329718 0.0330866 0.0330891 0.0330891 0.0329857 0.0330964 0.0330409 0.0331523 0.0330855 0.0331401 0.0332044 0.0331481 0.0330285 0.0330285 0.0332539 0.0330973 0.0322935 0.0322353 0.0322353 0.0321786 0.0324105 0.0324703 0.0327958 0.0333212 0.0333146 0.0331442 0.0331442 0.0332575 0.0334807 0.0330871 0.0333120 0.0331419 0.0331415 0.0330284 0.0333095 0.0326313 0.0326873 0.0336110 0.0336630 1.8925516 1.8925516 
EBOV_H.sap-wt_GIN_14_Makona-Gueckedou-EM_080076_KR817235   1.7800081 1.7974733 1.7782888 1.3190803 1.3336215 0.0316044 0.0316040 0.0315492 0.0323331 0.0373018 0.0383899 0.0363369 0.0332008 0.0000000 0.0014277 0.0013255 0.0026572 0.0019397 0.0019397 0.0019909 0.0019908 0.0019909 0.0019909 0.0019909 0.0019909 0.0020420 0.0020932 0.0020420 0.0019911 0.0020423 0.0020932 0.0020932 0.0020423 0.0020933 0.0020933 0.0020934 0.0021445 0.0020933 0.0022469 0.0021957 0.0021445 0.0021957 0.0023493 0.0021445 0.0020933 0.0021957 0.0020932 0.0022469 0.0022469 0.0021958 0.0021447 0.0024518 0.0024007 0.0022468 0.0023494 0.0024006 0.0024006 0.0022988 0.0024012 0.0022990 0.0024014 0.0023494 0.0024005 0.0024523 0.0024011 0.0024005 0.0024005 0.0025032 0.0023502 0.0016323 0.0015299 0.0015299 0.0014788 0.0016837 0.0017350 0.0020414 0.0025552 0.0025547 0.0024008 0.0024008 0.0026059 0.0027084 0.0024525 0.0025546 0.0025031 0.0024006 0.0024005 0.0026062 0.0019393 0.0019905 0.0028126 0.0029145 1.9133382 1.9138873 
EBOV_H.sap-wt_GIN_14_Makona-Gueckedou-EM_079702_KR817210   1.7825240 1.7994423 1.7821726 1.3183492 1.3336293 0.0310912 0.0310908 0.0310360 0.0318186 0.0367780 0.0378642 0.0359272 0.0326845 0.0014277 0.0000000 0.0009161 0.0021441 0.0014278 0.0014278 0.0014789 0.0014789 0.0014789 0.0014789 0.0014789 0.0014789 0.0015300 0.0015811 0.0015300 0.0014791 0.0015302 0.0015811 0.0015811 0.0015302 0.0015811 0.0015812 0.0015812 0.0016323 0.0015812 0.0017345 0.0016834 0.0016323 0.0016834 0.0018368 0.0016323 0.0015812 0.0016834 0.0015811 0.0017346 0.0017346 0.0016835 0.0016324 0.0019391 0.0018880 0.0017344 0.0018369 0.0018880 0.0018880 0.0017862 0.0018884 0.0017863 0.0018886 0.0018368 0.0018879 0.0019395 0.0018884 0.0018879 0.0018879 0.0019903 0.0018375 0.0011211 0.0010179 0.0010179 0.0009670 0.0011723 0.0012235 0.0015295 0.0020422 0.0020418 0.0018881 0.0018881 0.0020929 0.0021952 0.0019396 0.0020416 0.0019903 0.0018880 0.0018879 0.0020931 0.0014276 0.0014787 0.0022990 0.0024008 1.9185932 1.9191435 
EBOV_H.sap-wt_GIN_14_Makona-Gueckedou-EM_079587_KR817202   1.7813710 1.7988530 1.7812217 1.3191590 1.3336341 0.0310374 0.0310370 0.0309822 0.0317647 0.0366109 0.0376967 0.0357604 0.0326305 0.0013255 0.0009161 0.0000000 0.0019394 0.0012235 0.0012235 0.0012746 0.0012746 0.0012746 0.0012746 0.0012746 0.0012746 0.0013256 0.0013767 0.0013256 0.0012747 0.0013258 0.0013767 0.0013767 0.0012746 0.0013767 0.0013767 0.0013768 0.0014278 0.0013768 0.0015300 0.0014789 0.0014278 0.0014789 0.0016322 0.0014278 0.0013768 0.0014790 0.0013767 0.0015301 0.0015301 0.0014790 0.0014280 0.0017345 0.0016834 0.0015300 0.0016323 0.0016834 0.0016834 0.0015816 0.0016838 0.0015817 0.0016840 0.0016323 0.0016833 0.0017349 0.0016838 0.0016833 0.0016833 0.0017857 0.0016328 0.0009161 0.0008142 0.0008142 0.0007633 0.0009682 0.0010193 0.0013252 0.0018374 0.0018371 0.0016835 0.0016835 0.0018881 0.0019905 0.0017350 0.0018369 0.0017857 0.0016834 0.0016833 0.0018883 0.0012233 0.0012744 0.0020940 0.0021959 1.9162670 1.9168167 
EBOV_H.sap-wt_LBR_14_Makona-LIBR0430_KR006955              1.7831378 1.8004787 1.7829929 1.3185480 1.3314822 0.0316694 0.0316690 0.0316142 0.0323985 0.0372446 0.0383326 0.0362798 0.0331442 0.0026572 0.0021441 0.0019394 0.0000000 0.0007124 0.0007124 0.0007633 0.0007633 0.0007633 0.0007633 0.0007633 0.0007633 0.0008142 0.0008652 0.0008142 0.0007633 0.0008142 0.0008652 0.0008652 0.0008142 0.0008652 0.0008652 0.0008652 0.0009161 0.0008652 0.0010179 0.0009670 0.0009161 0.0009670 0.0011209 0.0009161 0.0008652 0.0009670 0.0008652 0.0010179 0.0010179 0.0009670 0.0009161 0.0012230 0.0011720 0.0010179 0.0011210 0.0011720 0.0011720 0.0010702 0.0011723 0.0010703 0.0011724 0.0011209 0.0011719 0.0012233 0.0011722 0.0011719 0.0011719 0.0012741 0.0011214 0.0010191 0.0015299 0.0015299 0.0014788 0.0016837 0.0017351 0.0020414 0.0013256 0.0013253 0.0011721 0.0011721 0.0013763 0.0014785 0.0012233 0.0013252 0.0012741 0.0011720 0.0011719 0.0013765 0.0019394 0.0019906 0.0015815 0.0016834 1.9200077 1.9205581 
EBOV_H.sap-wt_SLE_14_Makona-G3734.1_KM233055               1.7832047 1.8005459 1.7830600 1.3177219 1.3307177 0.0311550 0.0311546 0.0310999 0.0318828 0.0367317 0.0378180 0.0357683 0.0326376 0.0019397 0.0014278 0.0012235 0.0007124 0.0000000 0.0000010 0.0000509 0.0000509 0.0000509 0.0000509 0.0000509 0.0000509 0.0001017 0.0001526 0.0001017 0.0000509 0.0001017 0.0001526 0.0001526 0.0001017 0.0001526 0.0001526 0.0001526 0.0002035 0.0001526 0.0003052 0.0002544 0.0002035 0.0002544 0.0004070 0.0002035 0.0001526 0.0002544 0.0001526 0.0003052 0.0003052 0.0002544 0.0002035 0.0005088 0.0004579 0.0003052 0.0004070 0.0004579 0.0004579 0.0003561 0.0004579 0.0003561 0.0004579 0.0004070 0.0004579 0.0005088 0.0004579 0.0004579 0.0004579 0.0005597 0.0004070 0.0003052 0.0008142 0.0008142 0.0007633 0.0009683 0.0010195 0.0013255 0.0006106 0.0006106 0.0004579 0.0004579 0.0006615 0.0007633 0.0005088 0.0006106 0.0005597 0.0004579 0.0004579 0.0006615 0.0012235 0.0012746 0.0008663 0.0009681 1.9220971 1.9226481 
EBOV_H.sap-wt_SLE_14_Makona-G3677.2_KM034557               1.7832047 1.8005459 1.7830600 1.3177219 1.3307177 0.0311550 0.0311546 0.0310999 0.0318828 0.0367317 0.0378180 0.0357683 0.0326376 0.0019397 0.0014278 0.0012235 0.0007124 0.0000010 0.0000000 0.0000509 0.0000509 0.0000509 0.0000509 0.0000509 0.0000509 0.0001017 0.0001526 0.0001017 0.0000509 0.0001017 0.0001526 0.0001526 0.0001017 0.0001526 0.0001526 0.0001526 0.0002035 0.0001526 0.0003052 0.0002544 0.0002035 0.0002544 0.0004070 0.0002035 0.0001526 0.0002544 0.0001526 0.0003052 0.0003052 0.0002544 0.0002035 0.0005088 0.0004579 0.0003052 0.0004070 0.0004579 0.0004579 0.0003561 0.0004579 0.0003561 0.0004579 0.0004070 0.0004579 0.0005088 0.0004579 0.0004579 0.0004579 0.0005597 0.0004070 0.0003052 0.0008142 0.0008142 0.0007633 0.0009683 0.0010195 0.0013255 0.0006106 0.0006106 0.0004579 0.0004579 0.0006615 0.0007633 0.0005088 0.0006106 0.0005597 0.0004579 0.0004579 0.0006615 0.0012235 0.0012746 0.0008663 0.0009681 1.9220971 1.9226481 
EBOV_H.sap-wt_LBR_15_Makona-Liberia-DQE4_KR074998          1.7834578 1.8008007 1.7833138 1.3179320 1.3309300 0.0312103 0.0312099 0.0311551 0.0319381 0.0367878 0.0378743 0.0358242 0.0326931 0.0019909 0.0014789 0.0012746 0.0007633 0.0000509 0.0000509 0.0000000 0.0001017 0.0001017 0.0001017 0.0001017 0.0001017 0.0001526 0.0002035 0.0001526 0.0001017 0.0001526 0.0002035 0.0002035 0.0001526 0.0002035 0.0002035 0.0002035 0.0002544 0.0002035 0.0003561 0.0003052 0.0002544 0.0003052 0.0004579 0.0002544 0.0002035 0.0003052 0.0002035 0.0003561 0.0003561 0.0003052 0.0002544 0.0005597 0.0005088 0.0003561 0.0004579 0.0005088 0.0005088 0.0004070 0.0005088 0.0004070 0.0005088 0.0004579 0.0005088 0.0005597 0.0005088 0.0005088 0.0005088 0.0006106 0.0004579 0.0003561 0.0008652 0.0008652 0.0008142 0.0010194 0.0010705 0.0013765 0.0006615 0.0006615 0.0005088 0.0005088 0.0007124 0.0008142 0.0005597 0.0006615 0.0006106 0.0005088 0.0005088 0.0007124 0.0012746 0.0013257 0.0009174 0.0010191 1.9223576 1.9229085 
EBOV_H.sap-wt_SLE_14_Makona-G3789.1_KM233076               1.7829501 1.8002900 1.7828048 1.3177835 1.3309246 0.0312102 0.0312098 0.0311550 0.0319380 0.0367877 0.0378742 0.0358241 0.0326930 0.0019908 0.0014789 0.0012746 0.0007633 0.0000509 0.0000509 0.0001017 0.0000000 0.0001017 0.0001017 0.0001017 0.0001017 0.0001526 0.0002035 0.0001526 0.0001017 0.0001526 0.0002035 0.0002035 0.0001526 0.0002035 0.0002035 0.0002035 0.0002544 0.0002035 0.0003561 0.0003052 0.0002544 0.0003052 0.0004579 0.0002544 0.0002035 0.0003052 0.0002035 0.0003561 0.0003561 0.0003052 0.0002544 0.0005597 0.0005088 0.0003561 0.0004579 0.0005088 0.0005088 0.0004070 0.0005088 0.0004070 0.0005088 0.0004579 0.0005088 0.0005597 0.0005088 0.0005088 0.0005088 0.0006106 0.0004579 0.0003561 0.0008652 0.0008652 0.0008142 0.0010194 0.0010705 0.0013765 0.0006615 0.0006615 0.0005088 0.0005088 0.0007124 0.0008142 0.0005597 0.0006615 0.0006106 0.0005088 0.0005088 0.0007124 0.0012746 0.0013257 0.0009174 0.0010191 1.9223491 1.9229000 
EBOV_H.sap-wt_SLE_14_Makona-G3735.2_KM233057               1.7829516 1.8002912 1.7828063 1.3175118 1.3305053 0.0312107 0.0312103 0.0311556 0.0319386 0.0367883 0.0378748 0.0358248 0.0326936 0.0019909 0.0014789 0.0012746 0.0007633 0.0000509 0.0000509 0.0001017 0.0001017 0.0000000 0.0001017 0.0001017 0.0001017 0.0001526 0.0002035 0.0001526 0.0001017 0.0001526 0.0002035 0.0002035 0.0001526 0.0002035 0.0002035 0.0002035 0.0002544 0.0002035 0.0003561 0.0003052 0.0002544 0.0003052 0.0004579 0.0002544 0.0002035 0.0003052 0.0002035 0.0003561 0.0003561 0.0003052 0.0002544 0.0005597 0.0005088 0.0003561 0.0004579 0.0005088 0.0005088 0.0004070 0.0005088 0.0004070 0.0005088 0.0004579 0.0005088 0.0005597 0.0005088 0.0005088 0.0005088 0.0006106 0.0004579 0.0003561 0.0008652 0.0008652 0.0008142 0.0010194 0.0010705 0.0013765 0.0006615 0.0006615 0.0005088 0.0005088 0.0007124 0.0008142 0.0005597 0.0006615 0.0006106 0.0005088 0.0005088 0.0007124 0.0012746 0.0013257 0.0009174 0.0010192 1.9224301 1.9229811 
EBOV_H.sap-wt_LBR_14_Makona-EM_080065_KR817232             1.7828853 1.8002240 1.7827399 1.3179320 1.3307077 0.0312103 0.0312099 0.0311551 0.0319381 0.0367878 0.0378743 0.0358242 0.0326931 0.0019909 0.0014789 0.0012746 0.0007633 0.0000509 0.0000509 0.0001017 0.0001017 0.0001017 0.0000000 0.0001017 0.0001017 0.0001526 0.0001017 0.0001526 0.0001017 0.0001526 0.0002035 0.0002035 0.0001526 0.0002035 0.0002035 0.0002035 0.0002544 0.0002035 0.0003561 0.0003052 0.0002544 0.0003052 0.0004579 0.0002544 0.0002035 0.0003052 0.0002035 0.0003561 0.0003561 0.0003052 0.0002544 0.0005597 0.0005088 0.0003561 0.0004579 0.0005088 0.0005088 0.0004070 0.0005088 0.0004070 0.0005088 0.0004579 0.0005088 0.0005597 0.0005088 0.0005088 0.0005088 0.0005088 0.0004579 0.0003561 0.0008652 0.0008652 0.0008142 0.0010194 0.0010705 0.0013765 0.0006615 0.0006615 0.0005088 0.0005088 0.0007124 0.0008142 0.0005597 0.0006615 0.0006106 0.0005088 0.0004070 0.0007124 0.0012746 0.0013257 0.0009174 0.0010191 1.9223151 1.9228661 
EBOV_H.sap-wt_SLE_14_Makona-EM110_KM233037                 1.7834578 1.8008007 1.7833138 1.3179320 1.3304607 0.0312103 0.0312099 0.0311551 0.0319381 0.0367878 0.0378743 0.0358242 0.0326931 0.0019909 0.0014789 0.0012746 0.0007633 0.0000509 0.0000509 0.0001017 0.0001017 0.0001017 0.0001017 0.0000000 0.0000010 0.0000509 0.0002035 0.0001526 0.0001017 0.0001526 0.0002035 0.0002035 0.0001526 0.0002035 0.0002035 0.0002035 0.0002544 0.0002035 0.0003561 0.0003052 0.0002544 0.0003052 0.0004579 0.0002544 0.0002035 0.0003052 0.0002035 0.0003561 0.0003561 0.0003052 0.0002544 0.0005597 0.0005088 0.0003561 0.0004579 0.0005088 0.0005088 0.0004070 0.0005088 0.0004070 0.0005088 0.0004579 0.0005088 0.0005597 0.0005088 0.0005088 0.0005088 0.0006106 0.0004579 0.0003561 0.0008652 0.0008652 0.0008142 0.0010194 0.0010705 0.0013765 0.0006615 0.0006615 0.0005088 0.0005088 0.0007124 0.0008142 0.0005597 0.0006615 0.0006106 0.0005088 0.0005088 0.0007124 0.0012746 0.0013257 0.0009174 0.0010191 1.9223576 1.9229085 
EBOV_H.sap-wt_SLE_14_Makona-NM042.3_KM233118               1.7834578 1.8008007 1.7833138 1.3179320 1.3304607 0.0312103 0.0312099 0.0311551 0.0319381 0.0367878 0.0378743 0.0358242 0.0326931 0.0019909 0.0014789 0.0012746 0.0007633 0.0000509 0.0000509 0.0001017 0.0001017 0.0001017 0.0001017 0.0000010 0.0000000 0.0000509 0.0002035 0.0001526 0.0001017 0.0001526 0.0002035 0.0002035 0.0001526 0.0002035 0.0002035 0.0002035 0.0002544 0.0002035 0.0003561 0.0003052 0.0002544 0.0003052 0.0004579 0.0002544 0.0002035 0.0003052 0.0002035 0.0003561 0.0003561 0.0003052 0.0002544 0.0005597 0.0005088 0.0003561 0.0004579 0.0005088 0.0005088 0.0004070 0.0005088 0.0004070 0.0005088 0.0004579 0.0005088 0.0005597 0.0005088 0.0005088 0.0005088 0.0006106 0.0004579 0.0003561 0.0008652 0.0008652 0.0008142 0.0010194 0.0010705 0.0013765 0.0006615 0.0006615 0.0005088 0.0005088 0.0007124 0.0008142 0.0005597 0.0006615 0.0006106 0.0005088 0.0005088 0.0007124 0.0012746 0.0013257 0.0009174 0.0010191 1.9223576 1.9229085 
EBOV_H.sap-wt_SLE_14_Makona-G3818_KM233092                 1.7835942 1.8009387 1.7832455 1.3178703 1.3302538 0.0312659 0.0312655 0.0312107 0.0319938 0.0368442 0.0379309 0.0358806 0.0327489 0.0020420 0.0015300 0.0013256 0.0008142 0.0001017 0.0001017 0.0001526 0.0001526 0.0001526 0.0001526 0.0000509 0.0000509 0.0000000 0.0002544 0.0002035 0.0001526 0.0002035 0.0002544 0.0002544 0.0002035 0.0002544 0.0002544 0.0002544 0.0003052 0.0002544 0.0004070 0.0003561 0.0003052 0.0003561 0.0005088 0.0003052 0.0002544 0.0003561 0.0002544 0.0004070 0.0004070 0.0003561 0.0003052 0.0006106 0.0005597 0.0004070 0.0005088 0.0005597 0.0005597 0.0004579 0.0005597 0.0004579 0.0005597 0.0005088 0.0005597 0.0006106 0.0005597 0.0005597 0.0005597 0.0006615 0.0005088 0.0004070 0.0009161 0.0009161 0.0008652 0.0010704 0.0011216 0.0014276 0.0007124 0.0007124 0.0005597 0.0005597 0.0007633 0.0008652 0.0006106 0.0007124 0.0006615 0.0005597 0.0005597 0.0007633 0.0013257 0.0013767 0.0009684 0.0010702 1.9221056 1.9226566 
EBOV_H.sap-wt_GIN_14_Makona-Nzerekore-EM_074437_KR817117   1.7826399 1.7999770 1.7826716 1.3179812 1.3306556 0.0313216 0.0313212 0.0312664 0.0320496 0.0369009 0.0379877 0.0359370 0.0328049 0.0020932 0.0015811 0.0013767 0.0008652 0.0001526 0.0001526 0.0002035 0.0002035 0.0002035 0.0001017 0.0002035 0.0002035 0.0002544 0.0000000 0.0002544 0.0002035 0.0002544 0.0003052 0.0003052 0.0002544 0.0003052 0.0003052 0.0003052 0.0003561 0.0003052 0.0004579 0.0004070 0.0003561 0.0004070 0.0005597 0.0003561 0.0003052 0.0004070 0.0003052 0.0004579 0.0004579 0.0004070 0.0003561 0.0006615 0.0006106 0.0004579 0.0005597 0.0006106 0.0006106 0.0005088 0.0006106 0.0005088 0.0006106 0.0005597 0.0006106 0.0006615 0.0006106 0.0006106 0.0006106 0.0006106 0.0005597 0.0004579 0.0009681 0.0009681 0.0009161 0.0011215 0.0011726 0.0014787 0.0007633 0.0007633 0.0006106 0.0006106 0.0008142 0.0009161 0.0006615 0.0007633 0.0007124 0.0006106 0.0005088 0.0008142 0.0013767 0.0014278 0.0010194 0.0011212 1.9224616 1.9230126 
EBOV_H.sap-wt_SLE_14_Makona-G3825.1_KM233098               1.7831537 1.8009988 1.7830090 1.3179936 1.3306676 0.0312655 0.0312651 0.0312103 0.0319934 0.0368438 0.0379304 0.0358801 0.0327485 0.0020420 0.0015300 0.0013256 0.0008142 0.0001017 0.0001017 0.0001526 0.0001526 0.0001526 0.0001526 0.0001526 0.0001526 0.0002035 0.0002544 0.0000000 0.0001526 0.0001017 0.0002544 0.0002544 0.0002035 0.0002544 0.0002544 0.0001526 0.0002035 0.0001526 0.0003052 0.0002544 0.0002035 0.0002544 0.0004070 0.0003052 0.0002544 0.0003561 0.0002544 0.0004070 0.0004070 0.0002544 0.0003052 0.0005088 0.0004579 0.0004070 0.0004070 0.0005597 0.0005597 0.0004579 0.0005597 0.0004579 0.0005597 0.0004070 0.0004579 0.0005088 0.0005597 0.0004579 0.0004579 0.0006615 0.0005088 0.0004070 0.0009161 0.0009161 0.0008652 0.0010704 0.0011216 0.0014276 0.0007124 0.0007124 0.0005597 0.0005597 0.0007633 0.0008652 0.0006106 0.0007124 0.0006615 0.0005597 0.0005597 0.0006615 0.0013256 0.0013767 0.0009684 0.0010702 1.9221686 1.9227196 
EBOV_H.sap-wt_SLE_14_Makona-G3770.2_KM233070               1.7841042 1.7999859 1.7839618 1.3183284 1.3303915 0.0312143 0.0312139 0.0311591 0.0319422 0.0367925 0.0378791 0.0358288 0.0326973 0.0019911 0.0014791 0.0012747 0.0007633 0.0000509 0.0000509 0.0001017 0.0001017 0.0001017 0.0001017 0.0001017 0.0001017 0.0001526 0.0002035 0.0001526 0.0000000 0.0001526 0.0002035 0.0002035 0.0001526 0.0002035 0.0002035 0.0002035 0.0002544 0.0002035 0.0003561 0.0003052 0.0002544 0.0003052 0.0004579 0.0002544 0.0002035 0.0003052 0.0002035 0.0003561 0.0003561 0.0003052 0.0002544 0.0005597 0.0005088 0.0003561 0.0004579 0.0005088 0.0005088 0.0004070 0.0005088 0.0004070 0.0005088 0.0004579 0.0005088 0.0005597 0.0005088 0.0005088 0.0005088 0.0006106 0.0004579 0.0003561 0.0008662 0.0008662 0.0008142 0.0010195 0.0010707 0.0013767 0.0006615 0.0006615 0.0005088 0.0005088 0.0007124 0.0008142 0.0005597 0.0006615 0.0006106 0.0005088 0.0005088 0.0007124 0.0012747 0.0013258 0.0009175 0.0010193 1.9214737 1.9220245 
EBOV_H.sap-wt_SLE_14_Makona-Kenema-20140590_KR653278       1.7839584 1.8013124 1.7838156 1.3185568 1.3310960 0.0312697 0.0312693 0.0312145 0.0319977 0.0368488 0.0379355 0.0358849 0.0327529 0.0020423 0.0015302 0.0013258 0.0008142 0.0001017 0.0001017 0.0001526 0.0001526 0.0001526 0.0001526 0.0001526 0.0001526 0.0002035 0.0002544 0.0001017 0.0001526 0.0000000 0.0002544 0.0002544 0.0002035 0.0002544 0.0002544 0.0001526 0.0002035 0.0001526 0.0003052 0.0002544 0.0002035 0.0002544 0.0004070 0.0003052 0.0002544 0.0003561 0.0002544 0.0004070 0.0004070 0.0002544 0.0003052 0.0005088 0.0004579 0.0004070 0.0004070 0.0005597 0.0005597 0.0004579 0.0005597 0.0004579 0.0005597 0.0004070 0.0004579 0.0005088 0.0005597 0.0004579 0.0004579 0.0006615 0.0005088 0.0004070 0.0009172 0.0009172 0.0008652 0.0010705 0.0011217 0.0014278 0.0007124 0.0007124 0.0005597 0.0005597 0.0007633 0.0008652 0.0006106 0.0007124 0.0006615 0.0005597 0.0005597 0.0006615 0.0013258 0.0013769 0.0009685 0.0010703 1.9233376 1.9238889 
EBOV_H.sap-wt_SLE_14_Makona-Moyamba-G5763_1_KR105325       1.7830856 1.8004275 1.7830591 1.3180943 1.3308719 0.0313210 0.0313206 0.0312659 0.0320491 0.0369002 0.0379870 0.0359364 0.0328043 0.0020932 0.0015811 0.0013767 0.0008652 0.0001526 0.0001526 0.0002035 0.0002035 0.0002035 0.0002035 0.0002035 0.0002035 0.0002544 0.0003052 0.0002544 0.0002035 0.0002544 0.0000000 0.0000010 0.0002544 0.0003052 0.0003052 0.0003052 0.0003561 0.0003052 0.0004579 0.0004070 0.0003561 0.0004070 0.0005597 0.0003561 0.0003052 0.0004070 0.0003052 0.0004579 0.0004579 0.0004070 0.0003561 0.0006615 0.0006106 0.0004579 0.0005597 0.0006106 0.0006106 0.0005088 0.0006106 0.0005088 0.0006106 0.0005597 0.0006106 0.0006615 0.0006106 0.0006106 0.0006106 0.0007124 0.0005597 0.0004579 0.0009681 0.0009681 0.0009161 0.0011214 0.0011726 0.0014787 0.0007633 0.0007633 0.0006106 0.0006106 0.0008142 0.0009161 0.0006615 0.0007633 0.0007124 0.0006106 0.0006106 0.0008142 0.0013767 0.0014278 0.0010194 0.0011212 1.9222450 1.9227960 
EBOV_H.sap-wt_SLE_14_Makona-Moyamba-G5844_1_KR105328       1.7830856 1.8004275 1.7830591 1.3180943 1.3308719 0.0313210 0.0313206 0.0312659 0.0320491 0.0369002 0.0379870 0.0359364 0.0328043 0.0020932 0.0015811 0.0013767 0.0008652 0.0001526 0.0001526 0.0002035 0.0002035 0.0002035 0.0002035 0.0002035 0.0002035 0.0002544 0.0003052 0.0002544 0.0002035 0.0002544 0.0000010 0.0000000 0.0002544 0.0003052 0.0003052 0.0003052 0.0003561 0.0003052 0.0004579 0.0004070 0.0003561 0.0004070 0.0005597 0.0003561 0.0003052 0.0004070 0.0003052 0.0004579 0.0004579 0.0004070 0.0003561 0.0006615 0.0006106 0.0004579 0.0005597 0.0006106 0.0006106 0.0005088 0.0006106 0.0005088 0.0006106 0.0005597 0.0006106 0.0006615 0.0006106 0.0006106 0.0006106 0.0007124 0.0005597 0.0004579 0.0009681 0.0009681 0.0009161 0.0011214 0.0011726 0.0014787 0.0007633 0.0007633 0.0006106 0.0006106 0.0008142 0.0009161 0.0006615 0.0007633 0.0007124 0.0006106 0.0006106 0.0008142 0.0013767 0.0014278 0.0010194 0.0011212 1.9222450 1.9227960 
EBOV_H.sap-wt_SLE_14_Makona-G3799_KM233080                 1.7842407 1.8015964 1.7840987 1.3181236 1.3312723 0.0312698 0.0312694 0.0312147 0.0319979 0.0367899 0.0378764 0.0358851 0.0327531 0.0020423 0.0015302 0.0012746 0.0008142 0.0001017 0.0001017 0.0001526 0.0001526 0.0001526 0.0001526 0.0001526 0.0001526 0.0002035 0.0002544 0.0002035 0.0001526 0.0002035 0.0002544 0.0002544 0.0000000 0.0001526 0.0002544 0.0002544 0.0003052 0.0002544 0.0004070 0.0003561 0.0003052 0.0003561 0.0005088 0.0003052 0.0002544 0.0003561 0.0002544 0.0004070 0.0004070 0.0003561 0.0003052 0.0006106 0.0005597 0.0004070 0.0005088 0.0005597 0.0005597 0.0004579 0.0005597 0.0004579 0.0005597 0.0005088 0.0005597 0.0006106 0.0005597 0.0005597 0.0005597 0.0006615 0.0005088 0.0004070 0.0009172 0.0009172 0.0008652 0.0010705 0.0011217 0.0014278 0.0007124 0.0007124 0.0005597 0.0005597 0.0007633 0.0008652 0.0006106 0.0006106 0.0005597 0.0005597 0.0005597 0.0007633 0.0013258 0.0013769 0.0009685 0.0010703 1.9208235 1.9213743 
EBOV_H.sap-wt_SLE_14_Makona-G3788_KM233075                 1.7837847 1.8011362 1.7836415 1.3177273 1.3311603 0.0313219 0.0313215 0.0312668 0.0320500 0.0367886 0.0378751 0.0358250 0.0326938 0.0020933 0.0015811 0.0013767 0.0008652 0.0001526 0.0001526 0.0002035 0.0002035 0.0002035 0.0002035 0.0002035 0.0002035 0.0002544 0.0003052 0.0002544 0.0002035 0.0002544 0.0003052 0.0003052 0.0001526 0.0000000 0.0003052 0.0003052 0.0003561 0.0003052 0.0004579 0.0004070 0.0003561 0.0004070 0.0005597 0.0003561 0.0003052 0.0004070 0.0003052 0.0004579 0.0004579 0.0004070 0.0003561 0.0006615 0.0006106 0.0004579 0.0005597 0.0006106 0.0006106 0.0005088 0.0006106 0.0005088 0.0006106 0.0005597 0.0006106 0.0006615 0.0006106 0.0006106 0.0006106 0.0007124 0.0005597 0.0004579 0.0009681 0.0009681 0.0009161 0.0011215 0.0011727 0.0014787 0.0007633 0.0007633 0.0006106 0.0006106 0.0008142 0.0009161 0.0006615 0.0006615 0.0006106 0.0006106 0.0006106 0.0008142 0.0013768 0.0014278 0.0010194 0.0011212 1.9223508 1.9229019 
EBOV_H.sap-wt_SLE_14_Makona-J0054_KP759722                 1.7834272 1.8007773 1.7832831 1.3181236 1.3308184 0.0313223 0.0313219 0.0312671 0.0320503 0.0369017 0.0379886 0.0359378 0.0328056 0.0020933 0.0015812 0.0013767 0.0008652 0.0001526 0.0001526 0.0002035 0.0002035 0.0002035 0.0002035 0.0002035 0.0002035 0.0002544 0.0003052 0.0002544 0.0002035 0.0002544 0.0003052 0.0003052 0.0002544 0.0003052 0.0000000 0.0003052 0.0003561 0.0003052 0.0004579 0.0004070 0.0003561 0.0004070 0.0005597 0.0003561 0.0003052 0.0004070 0.0003052 0.0004579 0.0004579 0.0004070 0.0003561 0.0006615 0.0006106 0.0004579 0.0005597 0.0006106 0.0006106 0.0005088 0.0006106 0.0005088 0.0006106 0.0005597 0.0006106 0.0006615 0.0006106 0.0006106 0.0006106 0.0007124 0.0005597 0.0004579 0.0009681 0.0009681 0.0009161 0.0011215 0.0011727 0.0014787 0.0007633 0.0007633 0.0006106 0.0006106 0.0008142 0.0009161 0.0006615 0.0007633 0.0007124 0.0006106 0.0006106 0.0008142 0.0013768 0.0014279 0.0010194 0.0011212 1.9227879 1.9233391 
EBOV_H.sap-wt_SLE_14_Makona-Kailahun-G4255_1_KR105226      1.7834083 1.8007519 1.7832642 1.3179320 1.3291852 0.0313242 0.0313238 0.0312691 0.0320524 0.0369041 0.0379910 0.0359402 0.0328077 0.0020934 0.0015812 0.0013768 0.0008652 0.0001526 0.0001526 0.0002035 0.0002035 0.0002035 0.0002035 0.0002035 0.0002035 0.0002544 0.0003052 0.0001526 0.0002035 0.0001526 0.0003052 0.0003052 0.0002544 0.0003052 0.0003052 0.0000000 0.0001526 0.0001017 0.0002544 0.0002035 0.0001526 0.0002035 0.0003561 0.0003561 0.0003052 0.0004070 0.0003052 0.0004579 0.0004579 0.0002035 0.0003561 0.0004579 0.0004070 0.0004579 0.0003561 0.0006106 0.0006106 0.0005088 0.0006106 0.0005088 0.0006106 0.0004579 0.0005088 0.0004579 0.0006106 0.0005088 0.0005088 0.0007124 0.0005597 0.0004579 0.0009682 0.0009682 0.0009171 0.0011215 0.0011727 0.0014788 0.0007633 0.0007633 0.0006106 0.0006106 0.0008142 0.0009161 0.0006615 0.0007633 0.0007124 0.0006106 0.0006106 0.0006106 0.0013768 0.0014279 0.0010195 0.0011213 1.9223151 1.9228661 
EBOV_H.sap-wt_SLE_14_Makona-PortLoko-20140024_KR653252     1.7825196 1.7998485 1.7823237 1.3182378 1.3295796 0.0313783 0.0313779 0.0313231 0.0321065 0.0369588 0.0380458 0.0359948 0.0328620 0.0021445 0.0016323 0.0014278 0.0009161 0.0002035 0.0002035 0.0002544 0.0002544 0.0002544 0.0002544 0.0002544 0.0002544 0.0003052 0.0003561 0.0002035 0.0002544 0.0002035 0.0003561 0.0003561 0.0003052 0.0003561 0.0003561 0.0001526 0.0000000 0.0001526 0.0003052 0.0002544 0.0002035 0.0002544 0.0002035 0.0004070 0.0003561 0.0004579 0.0003561 0.0005088 0.0005088 0.0002544 0.0004070 0.0003052 0.0002544 0.0005088 0.0004070 0.0006615 0.0006615 0.0005597 0.0006615 0.0005597 0.0006615 0.0005088 0.0005597 0.0004070 0.0006615 0.0005597 0.0005597 0.0007633 0.0006106 0.0005088 0.0010191 0.0010191 0.0009681 0.0011725 0.0012238 0.0015298 0.0008142 0.0008142 0.0006615 0.0006615 0.0008652 0.0009670 0.0007124 0.0008142 0.0007633 0.0006615 0.0006615 0.0005597 0.0014279 0.0014790 0.0010705 0.0011723 1.9227786 1.9233299 
EBOV_H.sap-wt_SLE_14_Makona-G5296_1_KR105303               1.7824097 1.7997390 1.7822631 1.3184291 1.3299377 0.0313230 0.0313226 0.0312678 0.0320511 0.0369026 0.0379895 0.0359387 0.0328064 0.0020933 0.0015812 0.0013768 0.0008652 0.0001526 0.0001526 0.0002035 0.0002035 0.0002035 0.0002035 0.0002035 0.0002035 0.0002544 0.0003052 0.0001526 0.0002035 0.0001526 0.0003052 0.0003052 0.0002544 0.0003052 0.0003052 0.0001017 0.0001526 0.0000000 0.0001526 0.0001017 0.0001526 0.0002035 0.0003561 0.0003561 0.0003052 0.0004070 0.0003052 0.0004579 0.0004579 0.0002035 0.0003561 0.0004579 0.0004070 0.0004579 0.0003561 0.0006106 0.0006106 0.0005088 0.0006106 0.0005088 0.0006106 0.0004579 0.0005088 0.0004579 0.0006106 0.0005088 0.0005088 0.0007124 0.0005597 0.0004579 0.0009681 0.0009681 0.0009171 0.0011215 0.0011727 0.0014788 0.0007633 0.0007633 0.0006106 0.0006106 0.0008142 0.0009161 0.0006615 0.0007633 0.0007124 0.0006106 0.0006106 0.0006106 0.0013768 0.0014279 0.0010195 0.0011213 1.9227879 1.9233391 
EBOV_H.sap-wt_SLE_14_Makona-Bombali-J0022_KP759757         1.7825279 1.7998569 1.7823815 1.3184392 1.3296389 0.0314895 0.0314891 0.0314343 0.0322179 0.0370718 0.0381591 0.0361075 0.0329737 0.0022469 0.0017345 0.0015300 0.0010179 0.0003052 0.0003052 0.0003561 0.0003561 0.0003561 0.0003561 0.0003561 0.0003561 0.0004070 0.0004579 0.0003052 0.0003561 0.0003052 0.0004579 0.0004579 0.0004070 0.0004579 0.0004579 0.0002544 0.0003052 0.0001526 0.0000000 0.0000509 0.0003052 0.0003561 0.0005088 0.0005088 0.0004579 0.0005597 0.0004579 0.0006106 0.0006106 0.0003561 0.0005088 0.0006106 0.0005597 0.0006106 0.0005088 0.0007633 0.0007633 0.0006615 0.0007633 0.0006615 0.0007633 0.0006106 0.0006615 0.0006106 0.0007633 0.0006615 0.0006615 0.0008652 0.0007124 0.0006106 0.0011212 0.0011212 0.0010701 0.0012747 0.0013259 0.0016320 0.0009171 0.0009161 0.0007633 0.0007633 0.0009670 0.0010699 0.0008142 0.0009161 0.0008652 0.0007633 0.0007633 0.0007633 0.0015301 0.0015812 0.0011726 0.0012744 1.9222767 1.9228279 
