100
02A1.GH.97.97GH_AG2.AB052867           0.0000000 0.3712302 0.4625350 0.5517301 0.6018767 0.6413560 0.6626141 0.5629665 0.5640036 0.5780532 0.5869121 0.5299445 0.5417098 0.5904629 0.8920442 0.8107991 0.8840825 0.8647109 0.8674722 0.8964290 0.8612119 0.7909704 0.8841671 0.9421167 0.9924324 0.9498067 0.7974928 0.8394994 0.8120614 0.8135364 0.8435023 0.5830079 0.6463402 0.6521370 0.6878538 0.8581926 0.6804848 0.6768682 0.7347908 0.6688121 0.6811865 0.8031772 0.8832367 0.5522265 0.5372315 0.5212381 0.4886735 0.8083217 0.8350380 0.8753264 0.8508392 0.8364789 0.8766810 0.8736714 0.7915283 0.8225986 0.8148360 0.8114738 0.8166997 0.8184517 0.7993154 0.7513514 0.8383585 0.8899623 0.8574375 0.8220307 0.8341052 0.8083468 0.8184460 0.8076929 0.8630204 0.8325535 0.8014815 0.8108493 0.8005108 0.8535071 1.1199761 0.8691723 0.8161407 0.8533095 0.8400820 0.7634256 0.7854087 0.7510622 0.7099342 0.6843120 0.7685630 0.6491902 0.5105057 0.4474302 0.4130276 0.5655490 0.3551965 0.3597319 0.3804820 0.4361864 1.7998806 1.8387225 1.8212868 2.5525776 
02A.CI.16.DEURF16CI011.MH078538        0.3712302 0.0000000 0.5267749 0.6123673 0.6579521 0.7013522 0.7071996 0.6079448 0.6157511 0.6345911 0.6337943 0.5837341 0.5969205 0.6508429 0.9340701 0.8745282 0.9051982 0.8786093 0.8812875 0.9090927 0.8814337 0.8468577 0.9233414 0.9675955 1.0343472 0.9854278 0.8442965 0.8911248 0.8662461 0.8577695 0.8802308 0.6471886 0.7050983 0.7036863 0.7558008 0.9124684 0.7519042 0.7202523 0.8067967 0.7201950 0.7519319 0.8428347 0.9358652 0.6183526 0.6029242 0.5741566 0.5533914 0.8642525 0.8917598 0.9447670 0.9173408 0.9071578 0.9628619 0.9325726 0.8503511 0.8915535 0.8738578 0.8755837 0.8730088 0.8820674 0.8493054 0.8019914 0.8860641 0.9711396 0.9185855 0.8732547 0.9077610 0.8709488 0.8875303 0.8655149 0.9067465 0.8885517 0.8505358 0.8396545 0.8396015 0.9083025 1.1635959 0.9258339 0.8797723 0.9049599 0.8936671 0.8105628 0.8587744 0.8041731 0.7492921 0.7465470 0.8511843 0.6994171 0.5765843 0.4809146 0.4524929 0.6261108 0.4101413 0.4019763 0.4313100 0.5022386 1.8102379 1.8923387 1.8932102 2.6040834 
AGU.CM.06.770_8.MH705142               0.4625350 0.5267749 0.0000000 0.5278168 0.5863287 0.6169272 0.6413179 0.5696561 0.5598307 0.5908966 0.6050839 0.5502825 0.5364283 0.6106451 0.8719755 0.8306207 0.8780914 0.8799422 0.8614423 0.9010420 0.8710895 0.8335606 0.8828733 0.9652638 0.9809702 0.9548330 0.8224453 0.8720767 0.8219999 0.8098014 0.8336701 0.5940763 0.6665627 0.6612745 0.7045471 0.8733322 0.6861787 0.6820673 0.7552281 0.6694667 0.6929871 0.7982160 0.8797955 0.5574086 0.5630889 0.5170643 0.4997037 0.8444732 0.8842230 0.8914908 0.8895265 0.9169782 0.9092564 0.9332021 0.8296162 0.8563705 0.8460946 0.8576774 0.8748488 0.8344148 0.8345463 0.7771080 0.8758283 0.9127985 0.8837565 0.8518231 0.8907321 0.8702009 0.8868985 0.8385387 0.8982944 0.8669230 0.8349351 0.8168740 0.8077865 0.8828247 1.1483510 0.8957235 0.8448065 0.8704065 0.8687849 0.7877151 0.8067907 0.7806678 0.7311181 0.6947138 0.8148930 0.6542377 0.5721788 0.5349645 0.5000213 0.6927199 0.4849381 0.4821957 0.5012114 0.5561132 1.8703294 1.8862552 1.9348931 2.6487828 
G.NG.92.92NG083_JV10832.U88826         0.5517301 0.6123673 0.5278168 0.0000000 0.3573361 0.3979257 0.4315781 0.6683133 0.6647936 0.6746522 0.7136371 0.6411626 0.6384867 0.7015570 0.9818204 0.9129788 0.9572862 0.9626615 0.9319809 0.9667299 0.9374104 0.8884310 0.9732359 1.0296550 1.0716841 1.0279568 0.9078517 0.9364561 0.9147175 0.8971733 0.9441047 0.6755521 0.7312314 0.7387231 0.7677494 0.9417456 0.7580160 0.7523622 0.8558672 0.7483488 0.7722120 0.8735688 0.9490463 0.6700437 0.6386632 0.6150534 0.5887311 0.9246819 0.9626068 0.9844119 0.9458178 0.9968096 1.0150198 0.9915825 0.9199963 0.9384761 0.9077086 0.9306905 0.9497714 0.9256078 0.9144887 0.8784577 0.9519745 0.9988953 0.9933599 0.9217484 0.9763156 0.9440980 0.9472001 0.9282245 0.9501543 0.9305824 0.9267403 0.8997288 0.8743686 0.9452751 1.1904974 0.9631896 0.9251379 0.9465835 0.9422928 0.8778270 0.8852642 0.8702392 0.8176990 0.7904304 0.8915747 0.7284648 0.6454461 0.6077320 0.5855137 0.7615376 0.5565705 0.5564973 0.5598921 0.6509209 1.9423119 2.0139227 2.0351429 2.6323702 
G.NG.09.09NG010261.KX389626            0.6018767 0.6579521 0.5863287 0.3573361 0.0000000 0.4597065 0.4946102 0.7220437 0.7176233 0.7365211 0.7597623 0.7069896 0.6956408 0.7811061 1.0444338 0.9586795 1.0217127 0.9916807 1.0102643 1.0448400 1.0049266 0.9581511 1.0379551 1.0957191 1.1530323 1.0827425 0.9622908 0.9958428 0.9741282 0.9717942 1.0205069 0.7426713 0.8115365 0.7884008 0.8279106 1.0162254 0.8321352 0.8205276 0.9381643 0.8120198 0.8336198 0.9374433 1.0346680 0.7064171 0.6984417 0.6676841 0.6511804 0.9563368 1.0108796 1.0350041 0.9984630 1.0212855 1.0461217 1.0386984 0.9589827 0.9850690 0.9641576 0.9863330 0.9859347 0.9808216 0.9446770 0.9048859 0.9992382 1.0528855 1.0369590 0.9816109 1.0181348 0.9796339 0.9772470 0.9730320 1.0267333 0.9779621 0.9689584 0.9467392 0.9160451 1.0035230 1.2662410 1.0267739 0.9855894 0.9840155 1.0108557 0.9271985 0.9578641 0.9274054 0.8785867 0.8360037 0.9312475 0.7946032 0.6963051 0.6572856 0.6250331 0.8184771 0.6135556 0.6006763 0.6255194 0.7034899 2.0046075 2.0733579 2.1404311 2.7617523 
01F2G.CM.02.LT31.JN864056              0.6413560 0.7013522 0.6169272 0.3979257 0.4597065 0.0000000 0.4250353 0.7704146 0.7730719 0.7864255 0.7919195 0.7504403 0.7453281 0.8074566 1.1232451 1.0027051 1.0502627 1.0313211 1.0517754 1.0590290 1.0386791 1.0140051 1.0921615 1.1049596 1.1729839 1.1444600 1.0044990 1.0270002 1.0098242 0.9825252 1.0291037 0.7894049 0.8306636 0.8334261 0.8613141 1.0387964 0.8519960 0.8498013 0.9281071 0.8508151 0.8779201 0.9572317 1.0792630 0.7577905 0.7440388 0.7258459 0.6953235 1.0209541 1.0510265 1.0461029 1.0591426 1.0915326 1.1122243 1.0938838 1.0120468 1.0473264 1.0065752 1.0365450 1.0207020 1.0221833 0.9886922 0.9595401 1.0555997 1.1038344 1.1007172 1.0206792 1.0780173 1.0344852 1.0764006 1.0324711 1.0635146 1.0241496 1.0275545 1.0152253 1.0011727 1.0473448 1.2918910 1.0710881 1.0486186 1.0556841 1.0597760 0.9671954 1.0101432 0.9851214 0.9233337 0.8973337 1.0017169 0.8393377 0.7541187 0.7254939 0.6838665 0.8688540 0.6537475 0.6500962 0.6719892 0.7446646 2.0463462 2.1050314 2.0929627 2.7146939 
BCG.ES.15.100_119.KY496623             0.6626141 0.7071996 0.6413179 0.4315781 0.4946102 0.4250353 0.0000000 0.7814705 0.7731369 0.8050806 0.8008024 0.7488726 0.7633828 0.8096365 1.0817326 1.0253205 1.0814798 1.0646675 1.0701206 1.0808561 1.0588900 1.0220774 1.1201050 1.1330767 1.2035902 1.1347221 1.0161549 1.0564519 1.0194141 1.0007450 1.0563344 0.7817130 0.8517896 0.8374888 0.8796918 1.0444219 0.8780104 0.8566087 0.9477954 0.8584202 0.9047148 1.0088574 1.1154511 0.7586820 0.7470406 0.7170426 0.7059139 1.0192948 1.0708224 1.1176945 1.0823702 1.1198579 1.1181216 1.0886850 1.0132272 1.0710744 1.0212174 1.0487988 1.0574289 1.0488085 1.0185859 0.9864742 1.0580449 1.1480378 1.0855096 1.0470368 1.0817652 1.0334021 1.0664514 1.0781600 1.0971635 1.0505081 1.0223466 1.0218222 1.0051724 1.0695405 1.3596000 1.0750918 1.0515166 1.0692357 1.0592931 1.0011255 1.0004377 0.9690587 0.9442569 0.9210818 1.0176065 0.8638438 0.7755898 0.7249464 0.6978741 0.8888549 0.6531389 0.6534387 0.6803813 0.7358365 2.0429884 2.0810786 2.1569968 2.8593608 
A1.KE.06.06KECst_028.FJ623479          0.5629665 0.6079448 0.5696561 0.6683133 0.7220437 0.7704146 0.7814705 0.0000000 0.3227102 0.4218368 0.4310360 0.3757425 0.4090122 0.4873250 0.7694963 0.6861298 0.7392974 0.7430879 0.7254403 0.7569149 0.7261334 0.7022904 0.7626985 0.8390450 0.8671182 0.8169895 0.6982194 0.7231696 0.7175285 0.6971992 0.7214310 0.4848816 0.5545576 0.5581386 0.6081103 0.7804870 0.5839455 0.5780865 0.6587946 0.5685969 0.5823705 0.7053321 0.8120129 0.4962039 0.4726656 0.4482880 0.4993812 0.8639007 0.8778414 0.9196994 0.9286118 0.9268296 0.9585805 0.9389587 0.8497898 0.8589280 0.8511223 0.8609793 0.8892750 0.8634841 0.8623173 0.8218382 0.8820725 0.9222551 0.9376292 0.8664331 0.9016874 0.8729772 0.8765530 0.8668261 0.9128053 0.8985077 0.8529886 0.8506766 0.8277428 0.8848747 1.1703472 0.9057190 0.8748927 0.8984105 0.8970922 0.8158221 0.8557336 0.8077086 0.7555521 0.7323155 0.8593812 0.6971827 0.6642537 0.6242622 0.5895796 0.7773105 0.5745207 0.5684673 0.5778281 0.6352620 2.0152133 2.0773474 2.0362141 2.7409800 
A1.KE.06.06KECst_013.FJ623485          0.5640036 0.6157511 0.5598307 0.6647936 0.7176233 0.7730719 0.7731369 0.3227102 0.0000000 0.4203790 0.4237914 0.3743880 0.3990929 0.4852960 0.7800181 0.7013530 0.7569193 0.7403555 0.7245030 0.7464503 0.7420523 0.7025193 0.7714044 0.8145538 0.8945285 0.8317503 0.6879142 0.7479261 0.7188965 0.6795632 0.7341450 0.4743258 0.5456962 0.5475368 0.5922995 0.7827424 0.6038278 0.5881355 0.6548782 0.5666337 0.5774647 0.7068209 0.7929305 0.4729848 0.4713511 0.4471825 0.5089889 0.8611850 0.8801485 0.9132088 0.9087967 0.9188536 0.9395455 0.9494980 0.8417347 0.8797517 0.8620394 0.8595436 0.8771979 0.8536555 0.8608472 0.8303301 0.8875888 0.9530177 0.9400670 0.8586663 0.8960972 0.8676691 0.8918287 0.8753962 0.9131830 0.8854126 0.8723446 0.8444946 0.8495428 0.9051348 1.1797906 0.9325968 0.8585111 0.9094094 0.8772719 0.8207459 0.8552221 0.8169957 0.7663229 0.7411880 0.8696154 0.6726825 0.6780643 0.6093210 0.5827580 0.7843987 0.5664789 0.5677753 0.5857072 0.6440677 2.0302550 2.0494243 2.0620748 2.7643955 
35_AD.AF.06.007H.GQ477450              0.5780532 0.6345911 0.5908966 0.6746522 0.7365211 0.7864255 0.8050806 0.4218368 0.4203790 0.0000000 0.4605105 0.4003563 0.4196549 0.4938515 0.7853006 0.7322408 0.7922170 0.7738320 0.7520259 0.7757098 0.7631314 0.7127588 0.7955702 0.8318799 0.8952087 0.8213966 0.7163645 0.7502316 0.7365932 0.7028642 0.7483068 0.4912260 0.5612888 0.5708955 0.6051654 0.7762686 0.6050777 0.5879888 0.6841216 0.5920969 0.6084579 0.7133704 0.8110105 0.5012735 0.4885270 0.4597652 0.5232359 0.9025433 0.9188995 0.9606633 0.9265659 0.9466504 0.9845691 0.9710616 0.8949491 0.9053554 0.8892127 0.8867625 0.9201203 0.8915755 0.8793899 0.8385557 0.9287601 0.9972118 0.9462817 0.9065021 0.9173716 0.8978723 0.9176516 0.8997983 0.9187531 0.9162106 0.8775860 0.9021908 0.8814541 0.9211167 1.2002074 0.9397578 0.8899327 0.9174396 0.9246604 0.8581107 0.8765514 0.8400054 0.8051677 0.7783215 0.8596505 0.6725867 0.6945749 0.6588533 0.6183872 0.8011826 0.5983124 0.6060511 0.6137991 0.6903077 2.0372252 2.0367929 2.0948111 2.7288218 
A1.CY.07.CY208.JF683760                0.5869121 0.6337943 0.6050839 0.7136371 0.7597623 0.7919195 0.8008024 0.4310360 0.4237914 0.4605105 0.0000000 0.2578277 0.4216172 0.5115923 0.7877291 0.7151144 0.7896436 0.7481267 0.7645607 0.7859516 0.7572509 0.7357645 0.8057883 0.8781210 0.8982026 0.8379294 0.7192782 0.7685144 0.7480679 0.7186214 0.7739095 0.5024010 0.5876209 0.5814796 0.6250080 0.8003011 0.6113784 0.5937178 0.6887140 0.6105764 0.6238583 0.7324673 0.8289263 0.5059633 0.5072602 0.4707357 0.5276778 0.8852864 0.9035497 0.9648486 0.9301228 0.9490189 0.9655928 0.9379116 0.8746229 0.9046688 0.9068365 0.8981724 0.9019778 0.8936358 0.8916443 0.8425558 0.8802956 0.9835671 0.9543589 0.9104662 0.9050728 0.9050583 0.8812567 0.9114777 0.9403294 0.9176121 0.8896833 0.8800189 0.8644932 0.9243909 1.2053488 0.9612889 0.8842898 0.9169882 0.8926496 0.8440044 0.8634576 0.8422481 0.7919182 0.7738052 0.9047746 0.7068930 0.7127228 0.6518861 0.6096108 0.8030996 0.5993451 0.6188637 0.6201424 0.6843501 2.0577285 2.1034091 2.0847340 2.8109988 
A1.CY.05.CY051.FJ388903                0.5299445 0.5837341 0.5502825 0.6411626 0.7069896 0.7504403 0.7488726 0.3757425 0.3743880 0.4003563 0.2578277 0.0000000 0.3733520 0.4613585 0.7441023 0.6693643 0.7361154 0.7169569 0.7063960 0.7285712 0.6991726 0.6612133 0.7305475 0.8055291 0.8344729 0.7801926 0.6519740 0.7026358 0.6878874 0.6479105 0.6918678 0.4544294 0.5329341 0.5263937 0.5691612 0.7729880 0.5676453 0.5629715 0.6335209 0.5583125 0.5694790 0.6811263 0.7871557 0.4644448 0.4490194 0.4158039 0.4835589 0.8324197 0.8595185 0.8976753 0.8703026 0.9079106 0.9238070 0.9092330 0.8298745 0.8601169 0.8324378 0.8356024 0.8418064 0.8364381 0.8391846 0.8001695 0.8553185 0.9262487 0.9041687 0.8486765 0.8756444 0.8700442 0.8722394 0.8446584 0.8911627 0.8650031 0.8434907 0.8389918 0.8270228 0.8821358 1.1587169 0.9061154 0.8505936 0.8775581 0.8527425 0.7981851 0.8369850 0.7831240 0.7474018 0.7305805 0.8393814 0.6650860 0.6561293 0.5900074 0.5524601 0.7617628 0.5334512 0.5552566 0.5404270 0.6186329 1.9698559 2.0402655 2.0214251 2.8080928 
A1.UG.11.DEMA110UG001.KF859745         0.5417098 0.5969205 0.5364283 0.6384867 0.6956408 0.7453281 0.7633828 0.4090122 0.3990929 0.4196549 0.4216172 0.3733520 0.0000000 0.4661656 0.7485658 0.6757224 0.7330977 0.6993773 0.6977083 0.7378987 0.7155706 0.6778094 0.7452193 0.8088766 0.8491322 0.7939963 0.6570875 0.7164087 0.6972283 0.6593322 0.7054568 0.4393594 0.5309333 0.5278506 0.5687801 0.7422561 0.5739100 0.5508773 0.6346345 0.5394196 0.5695768 0.6910246 0.7648189 0.4554721 0.4509059 0.4112443 0.4854284 0.8287412 0.8606357 0.8905996 0.8723369 0.9020314 0.8964275 0.9109116 0.8267855 0.8533200 0.8371589 0.8213016 0.8594109 0.8233132 0.8299362 0.7893338 0.8590452 0.9148717 0.8918101 0.8631065 0.8732272 0.8700457 0.8561901 0.8673727 0.8657359 0.8691213 0.8214154 0.8350920 0.8221585 0.8931389 1.1515830 0.9053726 0.8609486 0.8895344 0.8775250 0.8026145 0.8329637 0.7987640 0.7460061 0.7311600 0.8072428 0.6551371 0.6529230 0.5967204 0.5482436 0.7505222 0.5471667 0.5515915 0.5644148 0.6403900 1.9957862 2.0456811 2.0952574 2.7953277 
A1C.UG.99.99UGF25926.AF484491          0.5904629 0.6508429 0.6106451 0.7015570 0.7811061 0.8074566 0.8096365 0.4873250 0.4852960 0.4938515 0.5115923 0.4613585 0.4661656 0.0000000 0.6489205 0.6081636 0.6712489 0.6350654 0.6502622 0.6779112 0.6550575 0.6036724 0.6891832 0.7367199 0.7663977 0.7176883 0.5942243 0.6494541 0.6268758 0.5889200 0.6277150 0.5073891 0.6019401 0.6078852 0.6508862 0.8274400 0.6322845 0.6139041 0.7084110 0.6157474 0.6394801 0.7767496 0.8579569 0.5353542 0.5179029 0.4918833 0.5548031 0.9141638 0.9425360 0.9957334 0.9716966 0.9865108 0.9991304 1.0032999 0.8945252 0.9303539 0.9113945 0.9151920 0.9271870 0.9232471 0.9185567 0.8699490 0.9494396 1.0378905 0.9509816 0.9068857 0.9715394 0.9408694 0.9461690 0.9096130 0.9530798 0.9357484 0.9057215 0.8927444 0.9001554 0.9526339 1.2046524 0.9788509 0.9196645 0.9398521 0.9258415 0.8646718 0.9126229 0.8800681 0.8155828 0.7891996 0.8895087 0.7367997 0.7174096 0.6540939 0.6366745 0.8185680 0.5949057 0.6103793 0.6068610 0.6921181 2.0971985 2.1410309 2.0954173 2.7835135 
A1C.IN.15.SC017.KY713232               0.8920442 0.9340701 0.8719755 0.9818204 1.0444338 1.1232451 1.0817326 0.7694963 0.7800181 0.7853006 0.7877291 0.7441023 0.7485658 0.6489205 0.0000000 0.6218662 0.6896037 0.6536739 0.6418817 0.6609955 0.6512280 0.6171553 0.6748087 0.7518160 0.7799103 0.7232830 0.5823609 0.6557446 0.6419519 0.6145029 0.6479539 0.7691972 0.8877838 0.9063356 0.9413263 1.0981438 0.9170990 0.9055986 1.0068535 0.9112638 0.9354770 0.9935796 1.1481125 0.8168351 0.7880438 0.7940454 0.8099420 1.1586145 1.2203824 1.2364312 1.2087194 1.2815488 1.2700289 1.2642681 1.1526093 1.1941527 1.1887001 1.2086933 1.2085421 1.1857840 1.1863806 1.1252958 1.1984346 1.2730615 1.2407254 1.2113312 1.2380189 1.2190029 1.1935062 1.2106089 1.2332490 1.1970399 1.1875793 1.2088287 1.1811106 1.2186370 1.4860781 1.2631559 1.1927430 1.2176136 1.1892006 1.1496529 1.2074361 1.1318091 1.1020857 1.0690067 1.1750760 0.9953553 1.0125570 0.9542554 0.9024571 1.1232883 0.8841163 0.8830669 0.8964389 0.9613633 2.3870838 2.4757277 2.4359829 3.0645498 
C.IL.99.99ET14.AY255825                0.8107991 0.8745282 0.8306207 0.9129788 0.9586795 1.0027051 1.0253205 0.6861298 0.7013530 0.7322408 0.7151144 0.6693643 0.6757224 0.6081636 0.6218662 0.0000000 0.4244092 0.4277560 0.4192721 0.4473063 0.4186091 0.3943992 0.4541318 0.5072082 0.5307300 0.4993527 0.3684943 0.4156436 0.4076926 0.3731674 0.4131957 0.7164471 0.8192505 0.8312129 0.8457862 1.0344345 0.8494461 0.8338367 0.9167255 0.8665865 0.8551122 0.9840674 1.0340882 0.7399878 0.7300524 0.7176340 0.7611096 1.0858505 1.1391920 1.1785971 1.1451018 1.2011168 1.1615553 1.1550632 1.0963872 1.1083656 1.1094956 1.1370166 1.1619366 1.1217756 1.0895447 1.0642180 1.1294780 1.1965172 1.1855906 1.1046182 1.1454765 1.1308881 1.1227964 1.1316230 1.1721174 1.1260529 1.1215174 1.0981300 1.1155337 1.1508027 1.3881431 1.1907479 1.1362515 1.1594690 1.1354983 1.0630104 1.1073618 1.0328687 1.0269087 1.0142495 1.0994772 0.9418306 0.8995850 0.8974647 0.8366662 1.0103036 0.8160412 0.8349064 0.8437855 0.9120796 2.2964215 2.4217434 2.3267765 3.0608691 
C.SE.09.035ZA.MF373148                 0.8840825 0.9051982 0.8780914 0.9572862 1.0217127 1.0502627 1.0814798 0.7392974 0.7569193 0.7922170 0.7896436 0.7361154 0.7330977 0.6712489 0.6896037 0.4244092 0.0000000 0.4899939 0.4824783 0.4983815 0.4841416 0.4463348 0.5121280 0.5676849 0.5935859 0.5648056 0.4222396 0.4908825 0.4657959 0.4363752 0.4745016 0.7717847 0.9036119 0.8978172 0.9250488 1.0683406 0.9153966 0.9162408 0.9703503 0.9148714 0.9088052 1.0636688 1.0847312 0.8035601 0.7703183 0.7713774 0.8086100 1.1330487 1.1838284 1.2132510 1.1993529 1.2372930 1.1988562 1.2045156 1.1491139 1.1789827 1.1716227 1.1678584 1.2000088 1.1636321 1.1224704 1.0991643 1.1824247 1.2464153 1.2315129 1.1639132 1.2041041 1.1768948 1.1886509 1.1703799 1.1891033 1.1877826 1.1779490 1.1322643 1.1245985 1.1964998 1.4283472 1.2344507 1.1765867 1.1723461 1.1688911 1.1175265 1.1400211 1.0752192 1.0433531 1.0343850 1.1584071 0.9888922 0.9670394 0.9406537 0.9068963 1.0712641 0.8655936 0.8741347 0.9172343 0.9842719 2.3709677 2.3940640 2.3877279 3.0569886 
C.ZA.04.04ZASK135B1.DQ011166           0.8647109 0.8786093 0.8799422 0.9626615 0.9916807 1.0313211 1.0646675 0.7430879 0.7403555 0.7738320 0.7481267 0.7169569 0.6993773 0.6350654 0.6536739 0.4277560 0.4899939 0.0000000 0.3162745 0.3503719 0.3696129 0.3473602 0.4072762 0.4647292 0.5107967 0.4839866 0.3503031 0.4625221 0.4338402 0.4086994 0.4354187 0.7513862 0.9003668 0.8986887 0.9293154 1.0941074 0.9149490 0.9037537 0.9946099 0.9015239 0.9148374 1.0310664 1.1305312 0.7822626 0.7586990 0.7308222 0.8065455 1.1307100 1.2166885 1.1999390 1.1613413 1.2099076 1.2334020 1.1802205 1.1518289 1.1769084 1.1740003 1.1865446 1.1937520 1.1705531 1.1948109 1.1029017 1.2088371 1.2767161 1.2154592 1.1557908 1.1971462 1.1930190 1.1919144 1.2006910 1.1606646 1.1806513 1.1700501 1.1402757 1.1289215 1.1889654 1.4423790 1.2391419 1.1712558 1.1726893 1.1684083 1.1122388 1.1574024 1.1263642 1.1054251 1.0602479 1.1528610 0.9726213 0.9531392 0.9017138 0.8899073 1.0450294 0.8537544 0.8762631 0.8757248 0.9228177 2.3493082 2.3112096 2.3254688 3.1605634 
C.ZA.03.03ZAPS130MB1.DQ275658          0.8674722 0.8812875 0.8614423 0.9319809 1.0102643 1.0517754 1.0701206 0.7254403 0.7245030 0.7520259 0.7645607 0.7063960 0.6977083 0.6502622 0.6418817 0.4192721 0.4824783 0.3162745 0.0000000 0.2846964 0.3643764 0.3355174 0.4035679 0.4700693 0.4955230 0.4510322 0.3338943 0.4488001 0.4262139 0.3964196 0.4244963 0.7400434 0.8766133 0.8535183 0.8906339 1.0469180 0.9013850 0.8843524 0.9756607 0.8910062 0.8966862 1.0116703 1.1317792 0.7687584 0.7474151 0.7442611 0.7775147 1.1172877 1.1786461 1.1890633 1.1744100 1.1942224 1.2146822 1.1869172 1.1363027 1.1662063 1.1641005 1.1536496 1.1865710 1.1395445 1.1352876 1.0809021 1.1909894 1.2299858 1.2178883 1.1391839 1.1717606 1.1672745 1.1843033 1.1748169 1.1608713 1.1850180 1.1683050 1.1313391 1.1270385 1.1832402 1.4269162 1.2076779 1.1259794 1.1767776 1.1658293 1.0817263 1.1214651 1.0647456 1.0381889 1.0533247 1.1301586 0.9655994 0.9522736 0.8990438 0.8882898 1.0561992 0.8490498 0.8768711 0.8813959 0.9550626 2.3710864 2.3735771 2.3286616 3.1408607 
C.ZA.97.97ZA012.AF286227               0.8964290 0.9090927 0.9010420 0.9667299 1.0448400 1.0590290 1.0808561 0.7569149 0.7464503 0.7757098 0.7859516 0.7285712 0.7378987 0.6779112 0.6609955 0.4473063 0.4983815 0.3503719 0.2846964 0.0000000 0.3855350 0.3750760 0.4420204 0.4936418 0.5385944 0.5046718 0.3570324 0.4751101 0.4493347 0.4255298 0.4526633 0.7704852 0.8865382 0.8944449 0.9331580 1.0876267 0.9284567 0.8748683 0.9893651 0.8953250 0.9257048 1.0243567 1.1424774 0.7944058 0.7896878 0.7711383 0.8233949 1.1378558 1.2130714 1.2218618 1.2248775 1.2091060 1.2466159 1.2308813 1.1436444 1.1873756 1.1932733 1.1919659 1.2008794 1.1826234 1.1543195 1.1041917 1.2004288 1.2480652 1.2282959 1.1687998 1.2041233 1.1918936 1.2028131 1.1903158 1.2059996 1.1990265 1.1741729 1.1636178 1.1454643 1.2212687 1.4898004 1.2473879 1.1862441 1.2187059 1.2020891 1.0901426 1.1590721 1.1213381 1.0818518 1.0758608 1.1623811 0.9754634 0.9842061 0.9135046 0.8913829 1.0960624 0.8635084 0.8809525 0.8845113 0.9719288 2.2805065 2.3644152 2.3348755 3.0326051 
C.BW.98.98BWMC14A3.AF443078            0.8612119 0.8814337 0.8710895 0.9374104 1.0049266 1.0386791 1.0588900 0.7261334 0.7420523 0.7631314 0.7572509 0.6991726 0.7155706 0.6550575 0.6512280 0.4186091 0.4841416 0.3696129 0.3643764 0.3855350 0.0000000 0.3458589 0.4021963 0.4664076 0.5060889 0.4748960 0.3433304 0.4458191 0.4339388 0.4010425 0.4306393 0.7357526 0.8695717 0.8659916 0.9052879 1.0616221 0.8909354 0.8750070 0.9648319 0.8801503 0.9064004 1.0110699 1.1002721 0.7736528 0.7822077 0.7564823 0.7863761 1.1263751 1.1752639 1.1858329 1.1922712 1.2017578 1.2146133 1.1937765 1.1249877 1.1458091 1.1600828 1.1660974 1.1876011 1.1476518 1.1388961 1.0903644 1.1723971 1.2365058 1.2021378 1.1115820 1.1672700 1.1376342 1.1615709 1.1660071 1.1947640 1.1524894 1.1288923 1.1197569 1.1191093 1.1838555 1.4092499 1.2140531 1.1449437 1.1674933 1.1746120 1.0726195 1.1304481 1.1067055 1.0527836 1.0394529 1.1331665 0.9829637 0.9383175 0.9150116 0.8907904 1.0616051 0.8603212 0.8792703 0.8659048 0.9584082 2.2827579 2.3614594 2.2754592 3.1242996 
C.ZA.99.99ZALT4.EU293444               0.7909704 0.8468577 0.8335606 0.8884310 0.9581511 1.0140051 1.0220774 0.7022904 0.7025193 0.7127588 0.7357645 0.6612133 0.6778094 0.6036724 0.6171553 0.3943992 0.4463348 0.3473602 0.3355174 0.3750760 0.3458589 0.0000000 0.3228526 0.4352894 0.4692565 0.4466236 0.3087878 0.4178101 0.3951440 0.3629013 0.3889005 0.7053693 0.8392311 0.8403203 0.8769645 1.0471617 0.8690224 0.8503583 0.9434163 0.8628273 0.8708527 0.9804759 1.0611443 0.7213352 0.7109812 0.7124792 0.7507251 1.0923350 1.1165857 1.1734774 1.1432500 1.1432471 1.2112929 1.1495420 1.0837365 1.1099388 1.1249475 1.0998463 1.1349141 1.1249311 1.0823113 1.0417175 1.1276851 1.1807423 1.1510973 1.0976416 1.1298554 1.1142708 1.1084977 1.1115245 1.1301376 1.1070353 1.1166740 1.1068176 1.0801881 1.1516975 1.4236395 1.1701518 1.1097752 1.1520242 1.1506751 1.0361000 1.0928270 1.0870292 1.0121987 0.9986681 1.1233045 0.9356199 0.8968220 0.8554330 0.8320233 1.0349138 0.8125340 0.8411524 0.8448075 0.9254664 2.3109498 2.3156182 2.3050550 3.0806926 
C.ZA.02.02ZAPS015MB1.DQ369995          0.8841671 0.9233414 0.8828733 0.9732359 1.0379551 1.0921615 1.1201050 0.7626985 0.7714044 0.7955702 0.8057883 0.7305475 0.7452193 0.6891832 0.6748087 0.4541318 0.5121280 0.4072762 0.4035679 0.4420204 0.4021963 0.3228526 0.0000000 0.4829344 0.5355423 0.4978128 0.3711634 0.4650034 0.4611972 0.4205762 0.4463732 0.7517124 0.9121405 0.9140072 0.9287512 1.1186930 0.9347009 0.9036925 1.0075896 0.9166233 0.9340878 1.0329044 1.1157011 0.8147816 0.7958068 0.7861862 0.8273905 1.1334680 1.1986921 1.2278052 1.1780883 1.2595218 1.2290077 1.1992042 1.1506290 1.1579718 1.1510048 1.1776722 1.2083371 1.1814562 1.1231331 1.0944916 1.1717019 1.2645004 1.2012834 1.1732467 1.2069044 1.1931453 1.1909327 1.1882613 1.2057413 1.1858625 1.1391448 1.1345037 1.1230909 1.2107125 1.4394584 1.2323756 1.1657971 1.1993666 1.1895983 1.0973366 1.1370119 1.1275438 1.0738831 1.0553782 1.1954068 0.9895279 0.9702563 0.9171273 0.9189328 1.0629645 0.8837588 0.8843973 0.8866656 0.9753401 2.3381535 2.3786609 2.2759507 3.0653454 
C.GB.14.13659_1_48.3.MF109437          0.9421167 0.9675955 0.9652638 1.0296550 1.0957191 1.1049596 1.1330767 0.8390450 0.8145538 0.8318799 0.8781210 0.8055291 0.8088766 0.7367199 0.7518160 0.5072082 0.5676849 0.4647292 0.4700693 0.4936418 0.4664076 0.4352894 0.4829344 0.0000000 0.5393660 0.5161151 0.4159710 0.5150718 0.5037202 0.4775791 0.5009909 0.8146678 0.9458066 0.9547477 0.9955050 1.1672123 0.9781105 0.9499713 1.0447139 0.9604854 0.9795118 1.1196106 1.1977302 0.8706952 0.8205045 0.8217152 0.8492023 1.2015737 1.2205746 1.2681978 1.2536801 1.2645400 1.2762039 1.2876734 1.2009894 1.2273543 1.2229836 1.2203244 1.2441902 1.2251870 1.2060879 1.1569606 1.2469732 1.2928789 1.2805617 1.2006346 1.2126147 1.2008587 1.2080915 1.2314834 1.2380863 1.2513605 1.2304923 1.2000740 1.1672026 1.2479148 1.5286950 1.2870969 1.1878139 1.2484628 1.2260100 1.1695572 1.1905382 1.1897301 1.1409594 1.1042249 1.2171470 1.0426479 1.0284761 0.9781263 0.9688469 1.0893921 0.9233816 0.9472151 0.9451398 1.0333169 2.4323819 2.4834462 2.3735777 3.2453747 
BC.CN.07.07CNYN340.KF835526            0.9924324 1.0343472 0.9809702 1.0716841 1.1530323 1.1729839 1.2035902 0.8671182 0.8945285 0.8952087 0.8982026 0.8344729 0.8491322 0.7663977 0.7799103 0.5307300 0.5935859 0.5107967 0.4955230 0.5385944 0.5060889 0.4692565 0.5355423 0.5393660 0.0000000 0.3964238 0.4536956 0.5555001 0.5346167 0.4969079 0.5411699 0.8804279 1.0123305 0.9848836 1.0249452 1.2011445 1.0280118 1.0128532 1.0838263 1.0034839 1.0523968 1.1375518 1.2583883 0.9042742 0.8846939 0.8571854 0.9334648 1.2791137 1.3280962 1.3511238 1.3167162 1.3347658 1.3723539 1.3621359 1.2696449 1.2957281 1.3178480 1.3061673 1.3063675 1.2998128 1.2695905 1.2181912 1.3114633 1.3555744 1.3539643 1.2821373 1.3300362 1.3060737 1.3306154 1.3004397 1.3338639 1.3290388 1.2699881 1.2609969 1.2511293 1.3188930 1.5455667 1.3291619 1.3159833 1.3033509 1.2611871 1.2247977 1.2960033 1.2358091 1.1828254 1.1815704 1.2826527 1.0893625 1.0774047 1.0603016 1.0365423 1.1890144 1.0074827 1.0078472 1.0251604 1.1127483 2.5251666 2.5346200 2.4689436 3.3212956 
85_BC.CN.14.14CN_SCYB4.KU992932        0.9498067 0.9854278 0.9548330 1.0279568 1.0827425 1.1444600 1.1347221 0.8169895 0.8317503 0.8213966 0.8379294 0.7801926 0.7939963 0.7176883 0.7232830 0.4993527 0.5648056 0.4839866 0.4510322 0.5046718 0.4748960 0.4466236 0.4978128 0.5161151 0.3964238 0.0000000 0.4320997 0.5276526 0.5246435 0.4927545 0.5189742 0.8113624 0.9367482 0.9238049 0.9743483 1.1312420 0.9637669 0.9461084 1.0196811 0.9676673 0.9626392 1.1116014 1.2112981 0.8645097 0.8408140 0.8268729 0.8758354 1.1924244 1.2751675 1.2799087 1.2556222 1.2896151 1.2748017 1.2844783 1.2135493 1.2277337 1.2308998 1.2288839 1.2660772 1.1959376 1.2215446 1.1579960 1.2325191 1.3063439 1.2686254 1.2227984 1.2482755 1.2535840 1.2504862 1.2245552 1.2591602 1.2130743 1.2047938 1.2241781 1.1894645 1.2614165 1.5562182 1.2836769 1.2428519 1.2229749 1.2275260 1.1646063 1.2239005 1.1694146 1.1029547 1.1130820 1.2379880 1.0368571 1.0235228 0.9965890 0.9622784 1.1335232 0.9363734 0.9684721 0.9682867 1.0453108 2.3732431 2.4264821 2.3994314 3.1432186 
C.BW.00.00BW076820.AF443089            0.7974928 0.8442965 0.8224453 0.9078517 0.9622908 1.0044990 1.0161549 0.6982194 0.6879142 0.7163645 0.7192782 0.6519740 0.6570875 0.5942243 0.5823609 0.3684943 0.4222396 0.3503031 0.3338943 0.3570324 0.3433304 0.3087878 0.3711634 0.4159710 0.4536956 0.4320997 0.0000000 0.3782280 0.3710856 0.3386912 0.3613976 0.6870166 0.8290496 0.8088357 0.8403363 1.0349023 0.8521689 0.7996699 0.9143415 0.8316196 0.8556554 0.9730804 1.0905622 0.7085805 0.6896859 0.6962007 0.7328472 1.0595041 1.0994989 1.1675047 1.1081414 1.1573747 1.1512791 1.1398237 1.0807026 1.1085080 1.1068146 1.1072875 1.1307053 1.0937350 1.0730838 1.0270207 1.1200513 1.2013828 1.1117854 1.0828917 1.1281391 1.1060454 1.1212350 1.0924418 1.1104516 1.1031502 1.0796492 1.0827404 1.0672523 1.1193611 1.3837434 1.1326248 1.0887482 1.1255821 1.1106060 1.0407794 1.0913788 1.0545609 1.0150158 0.9759780 1.1172570 0.9193501 0.9032663 0.8645966 0.8153888 1.0115314 0.8011815 0.8185019 0.8395916 0.9073039 2.2449176 2.2976017 2.3099806 3.1067546 
C.ZA.04.04ZASK170B1.DQ093595           0.8394994 0.8911248 0.8720767 0.9364561 0.9958428 1.0270002 1.0564519 0.7231696 0.7479261 0.7502316 0.7685144 0.7026358 0.7164087 0.6494541 0.6557446 0.4156436 0.4908825 0.4625221 0.4488001 0.4751101 0.4458191 0.4178101 0.4650034 0.5150718 0.5555001 0.5276526 0.3782280 0.0000000 0.3405703 0.3039245 0.3735581 0.7433070 0.8680710 0.8657336 0.8849831 1.0419226 0.8693998 0.8585856 0.9615245 0.8753471 0.8933230 1.0043991 1.0956220 0.7773206 0.7597706 0.7309826 0.7817611 1.1364620 1.1654634 1.2145157 1.2021023 1.2281551 1.2413935 1.1995079 1.1188996 1.1459961 1.1611683 1.1539634 1.1869722 1.1526776 1.1364599 1.0753853 1.1879207 1.2333313 1.2052183 1.1482778 1.1707948 1.1622839 1.1408273 1.1591296 1.2192116 1.1643133 1.1463894 1.0997382 1.1099317 1.1677917 1.4502527 1.2181435 1.1415396 1.1903777 1.1553663 1.0854463 1.1367400 1.0803894 1.0392482 1.0292851 1.1519767 0.9446045 0.9568925 0.8863985 0.8757220 1.0525775 0.8545458 0.8856106 0.8606091 0.9729471 2.3185718 2.3743729 2.3380899 3.1195302 
C.TZ.02.CO6721.AY734560                0.8120614 0.8662461 0.8219999 0.9147175 0.9741282 1.0098242 1.0194141 0.7175285 0.7188965 0.7365932 0.7480679 0.6878874 0.6972283 0.6268758 0.6419519 0.4076926 0.4657959 0.4338402 0.4262139 0.4493347 0.4339388 0.3951440 0.4611972 0.5037202 0.5346167 0.5246435 0.3710856 0.3405703 0.0000000 0.2426607 0.3581792 0.7367220 0.8498433 0.8607015 0.8823727 1.0445962 0.8755544 0.8560772 0.9301323 0.8695812 0.8799693 0.9865864 1.0749534 0.7615218 0.7570938 0.7396869 0.7820830 1.1011371 1.1327801 1.1700040 1.1810477 1.1922057 1.2064909 1.1860662 1.0912976 1.1438585 1.1331915 1.1256771 1.1601930 1.1403211 1.1089189 1.0567340 1.1541496 1.1905009 1.1695955 1.1264952 1.1519771 1.1250845 1.1306408 1.1095387 1.1574136 1.1466817 1.1144232 1.1132893 1.0960218 1.1618367 1.3924164 1.1587663 1.1235561 1.1455219 1.1307792 1.0629718 1.1002824 1.0643681 1.0325884 1.0189349 1.1217744 0.9506435 0.9101542 0.8690796 0.8750537 1.0132594 0.8519641 0.8376427 0.8617667 0.9266794 2.3315852 2.3653237 2.2964974 3.1494466 
C.TZ.01.BD39_8.AY253313                0.8135364 0.8577695 0.8098014 0.8971733 0.9717942 0.9825252 1.0007450 0.6971992 0.6795632 0.7028642 0.7186214 0.6479105 0.6593322 0.5889200 0.6145029 0.3731674 0.4363752 0.4086994 0.3964196 0.4255298 0.4010425 0.3629013 0.4205762 0.4775791 0.4969079 0.4927545 0.3386912 0.3039245 0.2426607 0.0000000 0.3242676 0.6999761 0.8243605 0.8089614 0.8371428 1.0332743 0.8408846 0.8210982 0.9034122 0.8301711 0.8682222 0.9620309 1.0465949 0.7240445 0.7164969 0.7012477 0.7419011 1.0578126 1.1096897 1.1437794 1.1339549 1.1315330 1.1506911 1.1385857 1.0529114 1.0805298 1.0997164 1.0861184 1.1194798 1.0860711 1.0633570 1.0139952 1.1285905 1.1660492 1.1346967 1.0700560 1.1143669 1.1073201 1.1039311 1.0940981 1.1346005 1.0931340 1.0633412 1.0494385 1.0618278 1.1248106 1.3753758 1.1480665 1.0874207 1.1183139 1.1024994 1.0296909 1.0744963 1.0172204 1.0226710 0.9854254 1.0977079 0.9083409 0.8877950 0.8399996 0.8363113 0.9932779 0.8301756 0.8203750 0.8183743 0.8957693 2.2969532 2.2809753 2.2753382 3.1457846 
C.ZA.03.03ZAPS067MB2.DQ396389          0.8435023 0.8802308 0.8336701 0.9441047 1.0205069 1.0291037 1.0563344 0.7214310 0.7341450 0.7483068 0.7739095 0.6918678 0.7054568 0.6277150 0.6479539 0.4131957 0.4745016 0.4354187 0.4244963 0.4526633 0.4306393 0.3889005 0.4463732 0.5009909 0.5411699 0.5189742 0.3613976 0.3735581 0.3581792 0.3242676 0.0000000 0.7331010 0.8750278 0.8452253 0.8805710 1.0494842 0.8720295 0.8496429 0.9607525 0.8756613 0.8946486 1.0027828 1.0879637 0.7548955 0.7564030 0.7451427 0.7954821 1.1065275 1.1475541 1.1866760 1.1693177 1.2058637 1.1993357 1.1868336 1.1008562 1.1144209 1.1271468 1.1378411 1.1624586 1.1094241 1.1309049 1.0658259 1.1693667 1.2344223 1.1804000 1.0998934 1.1388545 1.1370029 1.1290266 1.1346551 1.1428557 1.1415935 1.1206816 1.0993047 1.1102177 1.1479200 1.4266899 1.1694417 1.1288456 1.1668966 1.1461366 1.0868236 1.1146381 1.0696180 1.0677686 1.0222565 1.1102120 0.9492303 0.9592666 0.8900573 0.8803244 1.0565875 0.8550266 0.8587898 0.8606050 0.9527123 2.3728716 2.3689605 2.3519353 3.2324442 
A1D.UG.99.99UGJ21953.AF484496          0.5830079 0.6471886 0.5940763 0.6755521 0.7426713 0.7894049 0.7817130 0.4848816 0.4743258 0.4912260 0.5024010 0.4544294 0.4393594 0.5073891 0.7691972 0.7164471 0.7717847 0.7513862 0.7400434 0.7704852 0.7357526 0.7053693 0.7517124 0.8146678 0.8804279 0.8113624 0.6870166 0.7433070 0.7367220 0.6999761 0.7331010 0.0000000 0.5899788 0.5983492 0.6367673 0.8191657 0.6330579 0.6118898 0.7063341 0.6115523 0.6292119 0.7372603 0.8183275 0.5043728 0.4953838 0.4744138 0.5358970 0.8996374 0.9229123 0.9526070 0.9122986 0.9429658 0.9734338 0.9560386 0.8815594 0.9148004 0.9023338 0.8990925 0.9153072 0.8879548 0.8793558 0.8472150 0.9246756 0.9794419 0.9249474 0.9058031 0.9135990 0.9094536 0.9031573 0.9193298 0.9384656 0.9020255 0.8666488 0.8890623 0.8625540 0.9238042 1.2074916 0.9514168 0.8917467 0.9265766 0.9121682 0.8509596 0.8673529 0.8516796 0.7982301 0.7683232 0.8563189 0.7257337 0.7040406 0.6554001 0.6192259 0.7798355 0.5692391 0.5890717 0.6027871 0.6868394 1.9794044 2.0314041 1.9991116 2.6938354 
01_AE.CN.02.YN0236.JX112866            0.6463402 0.7050983 0.6665627 0.7312314 0.8115365 0.8306636 0.8517896 0.5545576 0.5456962 0.5612888 0.5876209 0.5329341 0.5309333 0.6019401 0.8877838 0.8192505 0.9036119 0.9003668 0.8766133 0.8865382 0.8695717 0.8392311 0.9121405 0.9458066 1.0123305 0.9367482 0.8290496 0.8680710 0.8498433 0.8243605 0.8750278 0.5899788 0.0000000 0.1545276 0.2155868 0.3878361 0.2024209 0.2125208 0.3034136 0.2221107 0.2453251 0.4704218 0.5424326 0.4349833 0.5213863 0.5076097 0.5763879 0.9249770 0.9618967 0.9996507 0.9855515 0.9961047 1.0088718 1.0201495 0.9346180 0.9606772 0.9575049 0.9401873 0.9651267 0.9360289 0.9387021 0.8986873 0.9735711 1.0455843 0.9977110 0.9419806 0.9890965 0.9507295 0.9666181 0.9757029 0.9568729 0.9634708 0.9538067 0.9297792 0.9216538 1.0022067 1.2769642 1.0210307 0.9493359 0.9885396 0.9825710 0.9014018 0.9401363 0.8849119 0.8418297 0.8209984 0.9440833 0.7850988 0.7542198 0.7003949 0.6494775 0.8863380 0.6409285 0.6389426 0.6653477 0.7349674 2.0878644 2.1051355 2.0938548 2.8570788 
01_AE.TH.99.99TH_C4460.AY945726        0.6521370 0.7036863 0.6612745 0.7387231 0.7884008 0.8334261 0.8374888 0.5581386 0.5475368 0.5708955 0.5814796 0.5263937 0.5278506 0.6078852 0.9063356 0.8312129 0.8978172 0.8986887 0.8535183 0.8944449 0.8659916 0.8403203 0.9140072 0.9547477 0.9848836 0.9238049 0.8088357 0.8657336 0.8607015 0.8089614 0.8452253 0.5983492 0.1545276 0.0000000 0.2055825 0.3722722 0.2005726 0.2065638 0.2926928 0.2153812 0.2418738 0.4647795 0.5347373 0.4283419 0.5271916 0.5092605 0.5685839 0.9307051 0.9811824 1.0095165 0.9851967 0.9864772 0.9974736 1.0214373 0.9335010 0.9676407 0.9537524 0.9535366 0.9562712 0.9614028 0.9270493 0.9015387 0.9755805 1.0367993 0.9954817 0.9265333 0.9886088 0.9615304 0.9751261 0.9683218 0.9667498 0.9803812 0.9433414 0.9478937 0.9185397 0.9830138 1.2534793 1.0256020 0.9492922 0.9811556 0.9593794 0.9026023 0.9370284 0.8749440 0.8318517 0.8141826 0.9423493 0.7957811 0.7384478 0.7009494 0.6667539 0.8768531 0.6479995 0.6530443 0.6590588 0.7395979 2.1077355 2.1344538 2.1046314 2.8924398 
01_AE.CN.07.GX070143.JX112835          0.6878538 0.7558008 0.7045471 0.7677494 0.8279106 0.8613141 0.8796918 0.6081103 0.5922995 0.6051654 0.6250080 0.5691612 0.5687801 0.6508862 0.9413263 0.8457862 0.9250488 0.9293154 0.8906339 0.9331580 0.9052879 0.8769645 0.9287512 0.9955050 1.0249452 0.9743483 0.8403363 0.8849831 0.8823727 0.8371428 0.8805710 0.6367673 0.2155868 0.2055825 0.0000000 0.4218427 0.2498934 0.2541984 0.3419632 0.2644616 0.2859483 0.5197752 0.5831165 0.4632579 0.5657592 0.5339704 0.6225833 0.9802850 1.0268803 1.0595156 1.0515534 1.0244786 1.0683474 1.0663473 0.9876119 0.9930540 0.9923669 0.9707311 1.0081835 0.9826339 0.9728175 0.9317674 1.0227202 1.0789994 1.0447069 0.9882887 1.0370374 1.0225266 1.0091240 1.0241104 1.0156506 1.0127211 1.0052073 0.9939838 0.9797816 1.0178501 1.2989601 1.0682479 0.9875446 1.0416207 1.0173878 0.9421756 0.9557381 0.9187270 0.8858323 0.8611730 0.9502371 0.8099142 0.7911628 0.7411021 0.6919430 0.8977276 0.6709135 0.6827125 0.6946587 0.7632644 2.1595618 2.1938675 2.1351960 2.9797971 
69_01B.JP.05.05JPMYC113SP420.LC027100  0.8581926 0.9124684 0.8733322 0.9417456 1.0162254 1.0387964 1.0444219 0.7804870 0.7827424 0.7762686 0.8003011 0.7729880 0.7422561 0.8274400 1.0981438 1.0344345 1.0683406 1.0941074 1.0469180 1.0876267 1.0616221 1.0471617 1.1186930 1.1672123 1.2011445 1.1312420 1.0349023 1.0419226 1.0445962 1.0332743 1.0494842 0.8191657 0.3878361 0.3722722 0.4218427 0.0000000 0.4192485 0.4069468 0.5037150 0.4369676 0.4492419 0.6760418 0.7632873 0.6309682 0.7404323 0.7413701 0.7810030 1.1379643 1.1737260 1.2055107 1.2126520 1.1801512 1.2142570 1.2061055 1.1377967 1.1614083 1.1368389 1.1455886 1.1953216 1.1356459 1.1751204 1.1063335 1.1552954 1.2228832 1.1969305 1.1161917 1.1927078 1.1677241 1.1674384 1.1720295 1.1784302 1.1713555 1.1479414 1.1437776 1.0978948 1.1573262 1.4490952 1.2057885 1.1164512 1.1755919 1.1644155 1.0962733 1.1293772 1.1034580 1.0405632 0.9952984 1.1292026 0.9964238 0.9711802 0.9211220 0.8827828 1.0737129 0.8564805 0.8609980 0.8972540 0.9373076 2.2748216 2.3043180 2.2762634 3.0871184 
01_AE.TH.07.AA030a04.JX447057          0.6804848 0.7519042 0.6861787 0.7580160 0.8321352 0.8519960 0.8780104 0.5839455 0.6038278 0.6050777 0.6113784 0.5676453 0.5739100 0.6322845 0.9170990 0.8494461 0.9153966 0.9149490 0.9013850 0.9284567 0.8909354 0.8690224 0.9347009 0.9781105 1.0280118 0.9637669 0.8521689 0.8693998 0.8755544 0.8408846 0.8720295 0.6330579 0.2024209 0.2005726 0.2498934 0.4192485 0.0000000 0.2290606 0.3354493 0.2468852 0.2693291 0.4894604 0.5716201 0.4578450 0.5571689 0.5337935 0.6009270 0.9668464 1.0173988 1.0324858 1.0385602 1.0264922 1.0552470 1.0460353 0.9675417 0.9967457 0.9986598 0.9783826 1.0075830 0.9844546 0.9752571 0.9266815 0.9912852 1.0801109 1.0425828 0.9819763 1.0077781 0.9985763 1.0036720 0.9952863 1.0123793 1.0004834 0.9744094 0.9781932 0.9443095 1.0227798 1.3249946 1.0468461 0.9795292 1.0248847 1.0107427 0.9256397 0.9706908 0.9076210 0.8824404 0.8582289 0.9607053 0.7932397 0.7629716 0.7239083 0.6982451 0.8963441 0.6800109 0.6777142 0.6845896 0.7489660 2.1481274 2.1465465 2.1370562 2.8841187 
01_AE.CN.07.07CNYN326.KF835513         0.6768682 0.7202523 0.6820673 0.7523622 0.8205276 0.8498013 0.8566087 0.5780865 0.5881355 0.5879888 0.5937178 0.5629715 0.5508773 0.6139041 0.9055986 0.8338367 0.9162408 0.9037537 0.8843524 0.8748683 0.8750070 0.8503583 0.9036925 0.9499713 1.0128532 0.9461084 0.7996699 0.8585856 0.8560772 0.8210982 0.8496429 0.6118898 0.2125208 0.2065638 0.2541984 0.4069468 0.2290606 0.0000000 0.3348990 0.2496578 0.2818851 0.5001103 0.5677248 0.4481020 0.5408194 0.5292707 0.5989064 0.9433278 0.9923145 1.0178380 1.0211130 0.9983462 1.0324479 1.0476879 0.9602367 0.9676907 0.9643767 0.9438316 0.9812291 0.9771060 0.9610731 0.9274573 0.9820689 1.0367991 1.0105081 0.9696700 0.9985833 0.9687003 0.9673795 0.9799017 0.9802572 0.9774091 0.9487358 0.9570383 0.9463222 0.9935292 1.2817205 1.0450751 0.9627287 1.0039677 0.9826336 0.9207606 0.9553017 0.9180973 0.8594298 0.8474470 0.9563469 0.7758735 0.7758036 0.7183237 0.6883252 0.8902708 0.6763814 0.6692789 0.6802421 0.7484625 2.1100721 2.1399279 2.1329136 2.9037799 
