100
F1.BR.10.DEMF110BR015.KU749395         0.0000000 1.0893759 1.2555568 1.1812800 1.1472482 1.1433816 1.0617382 1.0698907 1.0885633 1.0956526 1.0661832 1.1004219 1.0797059 1.1134787 1.0721309 1.0968307 1.1155090 1.0973882 1.1690131 0.9575014 0.9070933 0.9021963 0.8901964 0.8937855 0.9227057 0.8613069 0.9140990 0.8905979 0.8824976 0.8769171 0.8744789 0.8297860 0.8625846 0.8653726 0.9396203 0.9183209 0.8636051 0.8979005 0.8897282 0.8341934 0.8349369 0.9009819 0.8147858 0.8710927 0.8801344 0.8470268 0.8588319 0.8577580 0.8381458 0.8785167 0.8604172 0.8431003 0.8525621 0.8051065 0.7403827 0.8131359 0.7754723 0.7360658 0.9378155 0.9295384 0.9249179 0.8587471 0.9052882 1.0096221 1.1269378 0.8417325 0.7870582 0.7879582 0.7221066 0.8045382 0.7588638 0.7632688 0.7464617 0.7977723 0.7708019 0.7349288 1.0808946 0.9556248 0.9246971 0.9064794 0.9435223 0.9266481 0.9429974 0.9035787 0.9067614 0.8681058 0.8211448 0.8228114 0.8208357 0.8089096 0.8193982 0.7860041 0.8231179 0.8025077 0.8039530 0.7803758 2.6639688 1.9408240 1.9919907 2.0046509 
A1C.IN.15.SC017.KY713232               1.0893759 0.0000000 0.7873172 0.7438423 0.6735877 0.7065266 0.5912118 0.6177557 0.6372078 0.6340831 0.6221891 0.6311067 0.5828090 0.6585549 0.6053352 0.6327690 0.6453224 0.6442375 1.3756480 1.1551683 1.1684894 1.0873794 1.1013470 1.1385967 1.1196409 1.0882362 1.1219575 1.1074441 1.0931854 1.1349195 1.1053705 1.0617141 1.1065903 1.0692250 1.1423454 1.1161309 1.0968126 1.1579289 1.1169754 1.0548471 1.0489464 1.1267133 1.0532856 1.1033845 1.1162319 1.0792509 1.1075268 1.0813966 1.0713788 1.0767669 1.0789491 1.0597726 1.0736010 1.0194403 0.9793238 1.0179222 1.0329180 0.9294426 1.0306801 1.0134568 1.0277525 0.9264448 0.9502268 0.9954998 1.0805113 0.8941740 0.8354176 0.8596701 0.7954560 0.8926014 0.8260040 0.8086984 0.8161707 0.8815985 0.8600942 0.7696831 1.0397079 0.9342635 0.8932052 0.8691433 0.8988629 0.9003932 0.8933705 0.8715314 0.8654076 0.6200202 0.7709147 0.7244221 0.7626401 0.6992756 0.7330752 0.6971531 0.7186117 0.7084645 0.7557572 0.7166705 2.7618469 2.1763952 2.2202344 2.2382141 
BC.CN.07.07CNYN340.KF835526            1.2555568 0.7873172 0.0000000 0.4052747 0.6140908 0.5389921 0.5627151 0.5238410 0.5738862 0.5611898 0.5172191 0.5261176 0.4568799 0.5218404 0.4632165 0.5034434 0.5371851 0.5073528 1.5009751 1.3122090 1.2750644 1.2702421 1.2545201 1.2663140 1.2977085 1.2411020 1.2666451 1.2187282 1.2344468 1.2563510 1.2521222 1.2309556 1.2468214 1.2395855 1.2661447 1.2940959 1.2219022 1.2916579 1.2728004 1.1825143 1.2005724 1.2789710 1.1959351 1.2668406 1.2690498 1.2281087 1.2402219 1.2742539 1.2454451 1.2554714 1.2598467 1.1964471 1.2361038 1.1729201 1.0839233 1.1339249 1.1518151 1.0386551 1.1321344 1.1295202 1.1402239 1.0105472 1.0762420 1.1234497 1.1671872 1.0606760 0.9716830 0.9786446 0.9343492 1.0232392 0.9520221 0.9402976 0.9414780 1.0101826 0.9802991 0.9117195 1.1624663 1.0920738 1.0337913 1.0008461 1.0192649 1.0286185 0.9956664 0.9735417 0.9779416 0.7497706 0.8989971 0.8392986 0.8659531 0.8226146 0.8686228 0.8048752 0.8673053 0.8242726 0.8483886 0.8380446 2.9274100 2.3548451 2.4770974 2.3816231 
85_BC.CN.14.14CN_SCYB4.KU992932        1.1812800 0.7438423 0.4052747 0.0000000 0.5676427 0.5007979 0.5058123 0.4872561 0.5178429 0.5211979 0.4927934 0.4764033 0.4284661 0.5007500 0.4371154 0.4739477 0.5037326 0.4747038 1.4861717 1.2825423 1.2569846 1.2205961 1.2222873 1.1918065 1.2131561 1.1755137 1.2063781 1.1826443 1.1806901 1.1789400 1.1953939 1.1608289 1.2309054 1.1718520 1.2424121 1.2568454 1.1900940 1.2268068 1.2125339 1.1376710 1.1367054 1.2214141 1.1390147 1.1857746 1.1961083 1.1671069 1.2051090 1.1836024 1.1642639 1.1760715 1.1765099 1.1659811 1.1833406 1.1181826 1.0501884 1.0796534 1.0919449 1.0004232 1.1172464 1.0852431 1.0961560 0.9741698 1.0219868 1.0554797 1.1397169 0.9898970 0.9083315 0.9252078 0.8948061 0.9738970 0.9057662 0.9058317 0.9038536 0.9564841 0.9316788 0.8802629 1.1233060 1.0340112 0.9736758 0.9263250 0.9702149 0.9632914 0.9346038 0.9176588 0.9253629 0.7045392 0.8351592 0.7985763 0.8368892 0.7751304 0.8128537 0.7706238 0.8096324 0.7866887 0.8327153 0.7910867 2.9049318 2.3126647 2.3858054 2.3412996 
C.SE.09.035ZA.MF373148                 1.1472482 0.6735877 0.6140908 0.5676427 0.0000000 0.5457220 0.4224963 0.4598334 0.4764703 0.4742256 0.4403400 0.4869443 0.4212447 0.4979860 0.4459119 0.4859125 0.4951249 0.4833576 1.4119572 1.2398070 1.2287674 1.1952288 1.1826926 1.1433757 1.1659937 1.1129235 1.1791994 1.1331238 1.1318445 1.1670231 1.1457739 1.0841393 1.1374832 1.1100054 1.1573474 1.1773033 1.1551555 1.1675406 1.1860327 1.0974738 1.1051257 1.1514800 1.1081608 1.1572367 1.1397920 1.1159256 1.1363092 1.1262600 1.1352900 1.1677635 1.1146750 1.1024466 1.1029755 1.0672705 1.0454919 1.0615697 1.0662858 1.0010692 1.0522150 1.0539096 1.0235411 0.9319366 1.0011823 1.0214786 1.1505373 0.9430433 0.8882651 0.9251056 0.8642938 0.9281936 0.8786712 0.8527609 0.8862383 0.9400429 0.9099216 0.8111914 1.0901334 1.0171118 0.9482224 0.9158293 0.9507233 0.9613367 0.9131058 0.9096280 0.9035650 0.6326498 0.8053788 0.7613931 0.7579913 0.7313368 0.7860262 0.7447834 0.7698379 0.7561677 0.7863281 0.7584709 2.7673314 2.2273230 2.1779442 2.1965797 
C.GB.14.13659_1_48.3.MF109437          1.1433816 0.7065266 0.5389921 0.5007979 0.5457220 0.0000000 0.4812405 0.4563074 0.4885139 0.4958039 0.4602620 0.4619422 0.3997085 0.4564456 0.4121590 0.4606782 0.4632377 0.4525748 1.4384475 1.2288238 1.1923249 1.1808312 1.1918529 1.1816841 1.1686994 1.1632657 1.1875207 1.1506463 1.1492352 1.1487021 1.1627082 1.0929664 1.1609479 1.1471344 1.1715329 1.2170658 1.1458541 1.1927195 1.1744524 1.0958276 1.1303562 1.1854642 1.1084019 1.1639511 1.1816108 1.1245723 1.1297828 1.1494731 1.1407017 1.1519900 1.1277619 1.1064816 1.1251942 1.0859431 1.0086652 1.0586570 1.0608218 0.9710421 1.0584720 1.0463901 1.0652638 0.9660695 0.9958185 1.0572138 1.1306739 0.9703364 0.8859450 0.9083964 0.8668529 0.9175748 0.8935947 0.8769452 0.8914966 0.9153118 0.8975507 0.8380017 1.1139276 0.9869482 0.9443540 0.8994435 0.9453397 0.9529429 0.9250040 0.9015151 0.9048957 0.6758702 0.8207400 0.7690497 0.7818368 0.7525540 0.7758673 0.7447220 0.8026057 0.7715531 0.7991277 0.7960821 2.7983180 2.2600083 2.3386126 2.3174826 
C.IL.99.99ET14.AY255825                1.0617382 0.5912118 0.5627151 0.5058123 0.4224963 0.4812405 0.0000000 0.3892744 0.4134771 0.4061691 0.3807880 0.4148300 0.3573444 0.4249880 0.3702686 0.4109840 0.4241715 0.4185342 1.3480635 1.1374532 1.1284498 1.0916600 1.0766256 1.0781540 1.1047001 1.0505899 1.1051800 1.0682849 1.0694606 1.0723933 1.0629138 0.9919365 1.0954458 1.0421334 1.1108820 1.1079092 1.0579293 1.0997817 1.1123056 1.0217880 1.0280621 1.0944604 1.0084187 1.0748152 1.0766816 1.0526952 1.0542524 1.0635227 1.0440867 1.0654425 1.0471236 1.0508204 1.0341846 0.9967110 0.9413213 1.0002521 0.9667948 0.8942231 1.0000043 0.9847822 0.9770036 0.8740511 0.9230294 0.9466935 1.0114491 0.8737114 0.7906177 0.8542097 0.7642441 0.8619209 0.8036901 0.8103395 0.7975617 0.8429591 0.8073863 0.7520464 1.0242608 0.9181796 0.8519631 0.8117670 0.8457804 0.8459774 0.8323393 0.8162176 0.8121204 0.5700818 0.7313677 0.6821510 0.7008215 0.6355273 0.6948127 0.6531682 0.6724744 0.6722480 0.7190384 0.6857108 2.7253941 2.1607602 2.1445437 2.1413997 
C.ZA.03.03ZAPS067MB2.DQ396389          1.0698907 0.6177557 0.5238410 0.4872561 0.4598334 0.4563074 0.3892744 0.0000000 0.3565560 0.3564673 0.3274195 0.3990822 0.3388743 0.4079476 0.3584367 0.3972863 0.4114826 0.4072805 1.3352737 1.1859906 1.1576376 1.0965253 1.1001882 1.0964797 1.1139334 1.0863954 1.1294356 1.0997385 1.0972713 1.1008480 1.0961515 1.0466032 1.0987046 1.0805173 1.1222338 1.1262193 1.0672611 1.0998641 1.1213445 1.0257025 1.0400038 1.1153152 1.0639853 1.1151682 1.0830935 1.0604931 1.0658848 1.0967809 1.0716790 1.1028439 1.0374867 1.0352550 1.0485629 1.0049293 0.9464660 1.0003410 0.9929806 0.9057128 0.9978298 0.9829660 1.0079145 0.8978935 0.9437669 0.9555337 1.0358577 0.8759663 0.8210567 0.8433884 0.7809885 0.8515850 0.8035957 0.7986938 0.8105364 0.8535214 0.8396275 0.7607611 1.0415280 0.9340414 0.8741753 0.8380921 0.8564767 0.8812587 0.8441860 0.8333467 0.8193318 0.5843230 0.7413087 0.6872440 0.7129751 0.6890133 0.7145994 0.6638884 0.6988171 0.6806383 0.7335114 0.6992049 2.6589235 2.1561367 2.1667804 2.1620188 
C.ZA.04.04ZASK170B1.DQ093595           1.0885633 0.6372078 0.5738862 0.5178429 0.4764703 0.4885139 0.4134771 0.3565560 0.0000000 0.3389996 0.3072702 0.4209839 0.3679122 0.4433550 0.3915983 0.4312570 0.4390873 0.4205861 1.3429756 1.1436740 1.1682684 1.1273545 1.1132364 1.1376608 1.1341521 1.0884472 1.1681606 1.1230476 1.1123935 1.0941844 1.1073664 1.0783992 1.1032685 1.0707483 1.1515037 1.1122885 1.1011330 1.1430620 1.1357122 1.0496018 1.0486150 1.1274580 1.0471505 1.1009725 1.1132303 1.0716026 1.1053609 1.1046864 1.0836816 1.0879024 1.0825120 1.0767186 1.0790779 1.0389542 0.9866834 1.0178589 1.0061223 0.9536267 1.0306279 1.0459799 1.0235841 0.9194937 0.9660130 0.9767741 1.0688325 0.9135064 0.8480469 0.8936258 0.8367765 0.9168076 0.8547952 0.8559868 0.8555168 0.8940508 0.8725416 0.7749586 1.0498969 0.9701618 0.8899271 0.8745896 0.9054892 0.8885263 0.8845405 0.8549029 0.8824948 0.6146084 0.7705317 0.7301692 0.7527341 0.6934288 0.7333443 0.6953151 0.7411715 0.7077434 0.7497960 0.7181976 2.7023922 2.2494582 2.2282962 2.1933381 
C.TZ.02.CO6721.AY734560                1.0956526 0.6340831 0.5611898 0.5211979 0.4742256 0.4958039 0.4061691 0.3564673 0.3389996 0.0000000 0.2409205 0.4116989 0.3624155 0.4335807 0.3857299 0.4165523 0.4310580 0.4208466 1.3852825 1.1762790 1.1550847 1.1048160 1.0976116 1.1104324 1.1297096 1.1041632 1.1402001 1.1179244 1.1110478 1.1318370 1.0914651 1.0578485 1.1450713 1.0932037 1.1750865 1.1351856 1.1156195 1.1302717 1.1657613 1.0531841 1.0768002 1.1323300 1.0473598 1.1117571 1.1251740 1.0796010 1.1303384 1.1219051 1.1053636 1.1062606 1.0934874 1.0844569 1.0732485 1.0446564 0.9922726 1.0403893 1.0186661 0.9305437 1.0392801 1.0475415 1.0127513 0.9314720 0.9830122 0.9724786 1.0774580 0.9149365 0.8544544 0.8952035 0.8312574 0.9144863 0.8429386 0.8350966 0.8398755 0.8819910 0.8858338 0.7799610 1.0488278 0.9554331 0.8862900 0.8796216 0.8878007 0.8958906 0.8790222 0.8521257 0.8589652 0.6124042 0.7589528 0.7281821 0.7447949 0.6937126 0.7523583 0.6905280 0.7240912 0.7164416 0.7482990 0.7288593 2.7189328 2.2083498 2.1138357 2.1516423 
C.TZ.01.BD39_8.AY253313                1.0661832 0.6221891 0.5172191 0.4927934 0.4403400 0.4602620 0.3807880 0.3274195 0.3072702 0.2409205 0.0000000 0.3846084 0.3317837 0.4098104 0.3547898 0.3854603 0.4012643 0.3871041 1.3024836 1.1415882 1.1190664 1.0687518 1.0738569 1.0861762 1.1067702 1.0839526 1.1111251 1.0772656 1.0686781 1.0749390 1.0890814 1.0232986 1.0899738 1.0287894 1.0952894 1.1065559 1.0527798 1.0833327 1.1235868 1.0188904 1.0172142 1.0754816 1.0113774 1.0795813 1.0839761 1.0233707 1.0641781 1.0505503 1.0374552 1.0572650 1.0371031 1.0438172 1.0199156 1.0040612 0.9453240 0.9934083 1.0055679 0.9240594 0.9843678 0.9971395 0.9884895 0.8830730 0.9350691 0.9593187 1.0531325 0.8871950 0.8026055 0.8518094 0.7978542 0.8758710 0.8119920 0.8090974 0.8070231 0.8565924 0.8483277 0.7455285 1.0038805 0.9310767 0.8445228 0.8459282 0.8684855 0.8556883 0.8265783 0.8265955 0.8274086 0.5788586 0.7389193 0.7111162 0.7154005 0.6690783 0.7164567 0.6656693 0.6981240 0.6802126 0.7168590 0.6927634 2.6463013 2.1788049 2.1524010 2.1405858 
C.BW.98.98BWMC14A3.AF443078            1.1004219 0.6311067 0.5261176 0.4764033 0.4869443 0.4619422 0.4148300 0.3990822 0.4209839 0.4116989 0.3846084 0.0000000 0.3341868 0.3831963 0.3301449 0.3568198 0.3893645 0.3610823 1.3916808 1.1822042 1.1933943 1.1209495 1.1375639 1.1762759 1.1561496 1.1323518 1.1633375 1.1479702 1.1487738 1.1429877 1.1214451 1.0692637 1.1287757 1.0836311 1.1638941 1.1715315 1.1339643 1.1535405 1.1491732 1.0940463 1.0827513 1.1326621 1.0849563 1.1185273 1.1290787 1.1073965 1.1317827 1.1153304 1.1019466 1.1356381 1.1091792 1.0887008 1.1244963 1.0663892 0.9883947 1.0308339 1.0173125 0.9289485 1.0265871 1.0407214 1.0104411 0.9302146 0.9731412 0.9841002 1.0874239 0.9338384 0.8717372 0.8925699 0.8276338 0.9067816 0.8612228 0.8491555 0.8558724 0.8903021 0.8639396 0.8072829 1.0711716 0.9825135 0.9025391 0.8689662 0.9122790 0.8966792 0.8809563 0.8660547 0.8679941 0.6238198 0.7696454 0.7473974 0.7660734 0.6952162 0.7447818 0.6944568 0.7389634 0.7449755 0.7549058 0.7435812 2.6538966 2.2334907 2.1745626 2.1827312 
C.BW.00.00BW076820.AF443089            1.0797059 0.5828090 0.4568799 0.4284661 0.4212447 0.3997085 0.3573444 0.3388743 0.3679122 0.3624155 0.3317837 0.3341868 0.0000000 0.3482705 0.2992915 0.3286166 0.3505077 0.3309128 1.2959864 1.1230146 1.1115745 1.0856494 1.0704823 1.0915787 1.1228424 1.0673695 1.1022404 1.0688844 1.0581755 1.0493484 1.0841092 1.0269063 1.0878300 1.0351180 1.1033039 1.1207559 1.0617664 1.1075703 1.0856406 1.0238568 1.0268238 1.0672165 1.0237886 1.0518039 1.0534403 1.0536466 1.0832921 1.0521423 1.0361692 1.0833404 1.0449468 1.0224050 1.0444020 0.9838157 0.9196323 0.9980805 0.9831549 0.8797604 0.9620180 0.9999342 0.9694252 0.8697697 0.9183005 0.9360132 0.9949272 0.8650573 0.7893596 0.8169698 0.7599924 0.8438827 0.7882575 0.7686269 0.7768683 0.8510342 0.8251625 0.7394154 1.0084647 0.9025872 0.8255149 0.8039801 0.8445216 0.8456822 0.8166940 0.8067928 0.7973049 0.5664863 0.7260389 0.6747366 0.6933461 0.6453200 0.6794874 0.6265625 0.6676699 0.6698981 0.6872190 0.6775916 2.6937786 2.2002589 2.2045572 2.1988919 
C.ZA.02.02ZAPS015MB1.DQ369995          1.1134787 0.6585549 0.5218404 0.5007500 0.4979860 0.4564456 0.4249880 0.4079476 0.4433550 0.4335807 0.4098104 0.3831963 0.3482705 0.0000000 0.2925916 0.3810780 0.4002878 0.3760714 1.3635397 1.1903609 1.1664791 1.1536971 1.1507525 1.1461851 1.1344761 1.1376705 1.1429989 1.1344333 1.1147292 1.1626118 1.1396293 1.0741467 1.1257699 1.1026142 1.1864894 1.1891133 1.1276835 1.1696297 1.1590473 1.0662588 1.0803663 1.1393959 1.0855533 1.1426153 1.1575696 1.1069364 1.1320401 1.1119642 1.0974934 1.1165553 1.1074166 1.0756692 1.1068524 1.0779276 1.0027529 1.0220381 1.0245947 0.9581645 1.0313386 1.0482742 1.0536982 0.9288491 0.9760124 1.0154577 1.1072195 0.9384948 0.8690418 0.8820099 0.8380134 0.9070183 0.8334282 0.8491319 0.8474182 0.8817431 0.8800173 0.8059705 1.1043174 0.9601161 0.9026041 0.8867963 0.9216535 0.9136005 0.8748355 0.8760591 0.8655017 0.6179641 0.7905436 0.7411701 0.7660421 0.7048902 0.7408971 0.6945062 0.7460627 0.7234653 0.7563241 0.7435460 2.8478240 2.2358051 2.2242651 2.2182314 
C.ZA.99.99ZALT4.EU293444               1.0721309 0.6053352 0.4632165 0.4371154 0.4459119 0.4121590 0.3702686 0.3584367 0.3915983 0.3857299 0.3547898 0.3301449 0.2992915 0.2925916 0.0000000 0.3310428 0.3586732 0.3346428 1.3290829 1.1109481 1.1269188 1.0834532 1.0817499 1.0995696 1.0843820 1.0715627 1.1001113 1.0810877 1.0615278 1.1045663 1.0916128 1.0385454 1.0814674 1.0535421 1.1290091 1.1296653 1.0723060 1.1106254 1.1135857 1.0216153 1.0457084 1.1049217 1.0202514 1.1020520 1.0728839 1.0739669 1.0925656 1.0680964 1.0828737 1.0705700 1.0369646 1.0471111 1.0629720 0.9977272 0.9494354 0.9921954 0.9728693 0.8894268 0.9857129 0.9887158 0.9820988 0.8863600 0.9427542 0.9699255 0.9997115 0.8866423 0.8169734 0.8418366 0.7892724 0.8623399 0.8047431 0.7950340 0.7987419 0.8279034 0.8289006 0.7402367 0.9950102 0.9164765 0.8527877 0.8229237 0.8646401 0.8780929 0.8348251 0.8124910 0.8131146 0.5675922 0.7269865 0.6687517 0.6973875 0.6415446 0.6827490 0.6412367 0.6810145 0.6643619 0.6960520 0.6937671 2.6864033 2.2148573 2.1446282 2.1722828 
C.ZA.04.04ZASK135B1.DQ011166           1.0968307 0.6327690 0.5034434 0.4739477 0.4859125 0.4606782 0.4109840 0.3972863 0.4312570 0.4165523 0.3854603 0.3568198 0.3286166 0.3810780 0.3310428 0.0000000 0.3374058 0.3232685 1.3434299 1.1579888 1.1148514 1.0943593 1.1068413 1.1249655 1.1322827 1.0946315 1.1086155 1.0896480 1.0880919 1.1270376 1.0945081 1.0354954 1.0894179 1.0781840 1.1491515 1.1275487 1.0816635 1.1164004 1.1086091 1.0314771 1.0482443 1.1118792 1.0357252 1.0992251 1.0899984 1.0769113 1.0805574 1.0860733 1.0728235 1.0780910 1.0424517 1.0436576 1.0561384 1.0030858 0.9759278 1.0529690 1.0302343 0.9169408 1.0003984 1.0198099 1.0202052 0.9183069 0.9592238 0.9614276 1.0636736 0.8933739 0.8347654 0.8579825 0.8054040 0.8550140 0.8057889 0.8101087 0.8095386 0.8641205 0.8461707 0.7601197 1.0296271 0.9225819 0.8782976 0.8373927 0.8714206 0.8726652 0.8488785 0.8279539 0.8271017 0.5937722 0.7447409 0.7312162 0.7180523 0.6863670 0.7296079 0.6794769 0.7324356 0.7018402 0.7339044 0.7212630 2.7446315 2.1301785 2.1863971 2.1780190 
C.ZA.97.97ZA012.AF286227               1.1155090 0.6453224 0.5371851 0.5037326 0.4951249 0.4632377 0.4241715 0.4114826 0.4390873 0.4310580 0.4012643 0.3893645 0.3505077 0.4002878 0.3586732 0.3374058 0.0000000 0.2871621 1.3835098 1.1740343 1.1687504 1.1297744 1.1379033 1.1226502 1.1350511 1.1343832 1.1331977 1.1255920 1.1317045 1.1264368 1.1260979 1.0729080 1.1430915 1.0770391 1.1610357 1.1477361 1.1323965 1.1327259 1.1559340 1.0643171 1.0970176 1.1493334 1.0634608 1.1263975 1.1321236 1.0980316 1.1090630 1.0977825 1.1005012 1.1252331 1.0866717 1.0947509 1.0849047 1.0438696 0.9914266 1.0518538 1.0432516 0.9435261 1.0511209 1.0612625 1.0344413 0.9170656 0.9991436 1.0201606 1.0964899 0.9368591 0.8466666 0.8826201 0.8360666 0.9041571 0.8449851 0.8170178 0.8638055 0.9088366 0.8746355 0.8136233 1.0501245 0.9701772 0.9298882 0.8881857 0.9307829 0.9074574 0.8877194 0.9061006 0.8747521 0.6311043 0.7815064 0.7364301 0.7407115 0.7077298 0.7487936 0.6932540 0.7356700 0.7099618 0.7657039 0.7336684 2.7633587 2.1857866 2.1683031 2.1767228 
C.ZA.03.03ZAPS130MB1.DQ275658          1.0973882 0.6442375 0.5073528 0.4747038 0.4833576 0.4525748 0.4185342 0.4072805 0.4205861 0.4208466 0.3871041 0.3610823 0.3309128 0.3760714 0.3346428 0.3232685 0.2871621 0.0000000 1.3581748 1.1499924 1.1806757 1.1029930 1.1081850 1.1407466 1.1326306 1.1111357 1.1353724 1.1188418 1.1217149 1.1042834 1.1298728 1.0698779 1.1394133 1.0967032 1.1425363 1.1445838 1.1063308 1.1491333 1.1679966 1.0636573 1.0586406 1.1226276 1.0749474 1.1128189 1.1498608 1.1028789 1.0975022 1.1204283 1.0788317 1.1233836 1.0950982 1.0745317 1.0832184 1.0522777 0.9808361 1.0609376 1.0315561 0.9230629 1.0441564 1.0415307 1.0182314 0.9211663 0.9693017 0.9851658 1.0711677 0.9196554 0.8684244 0.8823014 0.8213261 0.9055104 0.8285179 0.8433395 0.8502201 0.8896687 0.8636560 0.7783284 1.0649095 0.9444218 0.9002777 0.8527007 0.9064310 0.8972506 0.8770017 0.8430615 0.8410252 0.6070978 0.7587646 0.7427403 0.7481827 0.7051438 0.7558170 0.7120191 0.7456832 0.7368394 0.7608704 0.7352720 2.6356567 2.1541068 2.2114985 2.1987476 
BF1.BR.10.10BR_RJ029.KT427782          1.1690131 1.3756480 1.5009751 1.4861717 1.4119572 1.4384475 1.3480635 1.3352737 1.3429756 1.3852825 1.3024836 1.3916808 1.2959864 1.3635397 1.3290829 1.3434299 1.3835098 1.3581748 0.0000000 0.6426798 0.7519085 0.6509077 0.6219974 0.7188115 0.5846506 0.6898921 0.7030172 0.6919361 0.6786131 0.6873882 0.6801238 0.6810549 0.6878574 0.5751352 0.7390257 0.7411441 0.6607244 0.7239218 0.7236513 0.5922870 0.5995456 0.7155635 0.6178092 0.6961194 0.7025309 0.6928589 0.6857059 0.6711610 0.6632856 0.6742383 0.6696426 0.6535367 0.6625644 0.6244565 0.8503503 0.8558621 0.8408185 1.0067892 1.2251996 1.1983046 1.2187280 1.1030507 1.1724172 1.3056257 1.3470643 1.1181740 1.0610150 1.0779788 1.0232833 1.1154920 1.0674468 1.0259624 1.0191520 1.0774237 1.0690598 1.0313412 1.3256941 1.2532369 1.1784655 1.1488086 1.1853688 1.1892162 1.1846589 1.1655205 1.1837565 1.1232419 1.1071682 1.0827083 1.1031441 1.0863162 1.0921358 1.0498606 1.1449340 1.0943017 1.0864244 1.0319614 2.8810566 2.3202328 2.2990045 2.3290590 
BF1.BR.10.10BR_MG052.KT427668          0.9575014 1.1551683 1.3122090 1.2825423 1.2398070 1.2288238 1.1374532 1.1859906 1.1436740 1.1762790 1.1415882 1.1822042 1.1230146 1.1903609 1.1109481 1.1579888 1.1740343 1.1499924 0.6426798 0.0000000 0.5402207 0.4406382 0.4378027 0.5130531 0.4077717 0.4974334 0.5203207 0.5059489 0.4856912 0.4866884 0.4850276 0.4880759 0.4747289 0.3786509 0.5243968 0.5047153 0.4620987 0.4998662 0.5210827 0.3992751 0.4074215 0.5092707 0.3985463 0.4837412 0.5013384 0.4702001 0.4798736 0.4591708 0.4552443 0.4744885 0.4684134 0.4484658 0.4458676 0.4077486 0.6349667 0.6453921 0.6205347 0.8090241 1.0461338 1.0337864 1.0543504 0.9505929 1.0051565 1.1218822 1.1874794 0.9417994 0.8556987 0.8785860 0.8491874 0.9229682 0.8562134 0.8404053 0.8487983 0.8942133 0.8729364 0.8353157 1.1512377 1.0549582 1.0198534 0.9962883 1.0026156 1.0019011 0.9625219 0.9769802 0.9686737 0.9324281 0.9113541 0.8793530 0.9298373 0.8820981 0.9070037 0.8572312 0.9212392 0.8917156 0.8936174 0.8608857 2.6290084 2.1216156 2.0685610 2.1138817 
51_01B.MY.11.11MYKL055.KJ485697        0.9070933 1.1684894 1.2750644 1.2569846 1.2287674 1.1923249 1.1284498 1.1576376 1.1682684 1.1550847 1.1190664 1.1933943 1.1115745 1.1664791 1.1269188 1.1148514 1.1687504 1.1806757 0.7519085 0.5402207 0.0000000 0.4973876 0.4941693 0.4681838 0.4930853 0.4645964 0.4815643 0.4653925 0.4594579 0.4607211 0.4564007 0.4684367 0.4594509 0.4487212 0.4927728 0.4739573 0.4409949 0.4613746 0.4620081 0.4297935 0.4359854 0.4701187 0.4084318 0.4379500 0.4352564 0.4269248 0.4225676 0.4232184 0.4067901 0.4302258 0.4195931 0.3939174 0.4017711 0.3713241 0.6152154 0.6449986 0.6181315 0.8065251 1.0328867 1.0079600 0.9997889 0.9188316 0.9787863 1.0810783 1.1606812 0.9469816 0.8386426 0.8751056 0.8327987 0.9211737 0.8518615 0.8423291 0.8351460 0.8769007 0.8627808 0.8102706 1.1452723 1.0273274 1.0057893 1.0014706 1.0099918 1.0330055 0.9660449 0.9632675 0.9668101 0.9122118 0.8833560 0.8861244 0.9229215 0.8703812 0.9245608 0.8643961 0.9008234 0.8967870 0.8736877 0.8398859 2.5740775 2.0655274 2.1025143 2.0938741 
B.GB.14.14667_1_16.3.MF109578          0.9021963 1.0873794 1.2702421 1.2205961 1.1952288 1.1808312 1.0916600 1.0965253 1.1273545 1.1048160 1.0687518 1.1209495 1.0856494 1.1536971 1.0834532 1.0943593 1.1297744 1.1029930 0.6509077 0.4406382 0.4973876 0.0000000 0.3929036 0.4786893 0.4099984 0.4543218 0.4723081 0.4599672 0.4465821 0.4629904 0.4478890 0.4480996 0.4473423 0.3660136 0.4925453 0.4839225 0.4286289 0.4787358 0.4730066 0.3743604 0.3830555 0.4687780 0.3807405 0.4615822 0.4601323 0.4481219 0.4468041 0.4343187 0.4207983 0.4358122 0.4411889 0.4150630 0.4259653 0.3811440 0.5888234 0.6367589 0.6081875 0.7746239 0.9916763 1.0037169 0.9618453 0.8877551 0.9468706 1.0411921 1.1375751 0.8946761 0.8150732 0.8148544 0.7900494 0.8681899 0.8107343 0.8056641 0.7989676 0.8415086 0.8011488 0.7756524 1.0976191 1.0046525 0.9719405 0.9393350 0.9535793 0.9525388 0.9242118 0.9282569 0.9258236 0.9000324 0.8596288 0.8507877 0.8730814 0.8629292 0.8698189 0.8167809 0.8607520 0.8644759 0.8577479 0.8020210 2.5369815 2.0259314 2.0475914 2.0705546 
B.BR.10.10BR_PE013.KT427743            0.8901964 1.1013470 1.2545201 1.2222873 1.1826926 1.1918529 1.0766256 1.1001882 1.1132364 1.0976116 1.0738569 1.1375639 1.0704823 1.1507525 1.0817499 1.1068413 1.1379033 1.1081850 0.6219974 0.4378027 0.4941693 0.3929036 0.0000000 0.4541379 0.4098129 0.4490378 0.4643024 0.4545525 0.4463144 0.4589815 0.4380470 0.4444086 0.4524263 0.3750243 0.4855510 0.4845922 0.4200207 0.4693093 0.4778095 0.3615541 0.3756565 0.4628623 0.3685113 0.4617564 0.4627656 0.4403264 0.4429846 0.4209614 0.4113370 0.4343330 0.4306850 0.4044375 0.4212961 0.3709155 0.5889922 0.6154450 0.5828836 0.7519953 0.9979558 1.0002027 0.9600149 0.8778367 0.9163366 1.0714595 1.1034074 0.8983174 0.8088827 0.8452157 0.7810572 0.8460192 0.8143178 0.8036299 0.7986992 0.8289930 0.8113160 0.7686478 1.0871155 1.0001018 0.9699366 0.9380878 0.9566893 0.9685337 0.9432589 0.9324111 0.9277862 0.8787468 0.8411801 0.8616308 0.8490193 0.8246642 0.8614144 0.7864647 0.8603770 0.8525856 0.8261721 0.7936111 2.5426592 2.0381225 2.0377466 2.0838295 
B.JP.04.DR6174.AB480692                0.8937855 1.1385967 1.2663140 1.1918065 1.1433757 1.1816841 1.0781540 1.0964797 1.1376608 1.1104324 1.0861762 1.1762759 1.0915787 1.1461851 1.0995696 1.1249655 1.1226502 1.1407466 0.7188115 0.5130531 0.4681838 0.4786893 0.4541379 0.0000000 0.4683754 0.3938266 0.4045444 0.3844656 0.3780442 0.4271573 0.3805756 0.4201952 0.3996416 0.4219330 0.4679817 0.4604130 0.4054668 0.4472866 0.4501868 0.3902790 0.3983850 0.4460497 0.3682458 0.4213129 0.4302675 0.4109809 0.4025335 0.4048563 0.3975569 0.4028709 0.4043431 0.3860675 0.3972030 0.3497931 0.5896684 0.6200437 0.5804805 0.7717542 0.9838184 1.0055675 0.9913523 0.9021119 0.9577528 1.0461407 1.1431956 0.9029688 0.8276807 0.8629681 0.8057146 0.8730988 0.8343330 0.8198606 0.8093611 0.8506823 0.8274101 0.7961370 1.0982881 1.0037710 0.9475333 0.9390351 0.9578088 0.9620992 0.9416926 0.9193051 0.9272291 0.8718057 0.8683181 0.8705867 0.8861422 0.8355233 0.8766348 0.8211745 0.8685959 0.8505339 0.8479954 0.8065914 2.6376693 2.0376449 2.0892312 2.1002818 
BF1.BR.00.BREPM13853.DQ085875          0.9227057 1.1196409 1.2977085 1.2131561 1.1659937 1.1686994 1.1047001 1.1139334 1.1341521 1.1297096 1.1067702 1.1561496 1.1228424 1.1344761 1.0843820 1.1322827 1.1350511 1.1326306 0.5846506 0.4077717 0.4930853 0.4099984 0.4098129 0.4683754 0.0000000 0.4464498 0.4740122 0.4598954 0.4443054 0.4664272 0.4516675 0.4344588 0.4410774 0.3475392 0.4860274 0.4846401 0.4256930 0.4756546 0.4812183 0.3695961 0.3837222 0.4620035 0.3765491 0.4438119 0.4630773 0.4451769 0.4462844 0.4352032 0.4220823 0.4358978 0.4343287 0.4158789 0.4246082 0.3724932 0.6005123 0.6196700 0.5954357 0.7660866 1.0106504 0.9940717 0.9848874 0.8814719 0.9450846 1.0645876 1.1100731 0.9032555 0.8041052 0.8674716 0.7989959 0.8833140 0.8228895 0.8255867 0.8034805 0.8626600 0.8354743 0.7879133 1.1236695 1.0189335 0.9714571 0.9497133 0.9586512 0.9480140 0.9532204 0.9372706 0.9268703 0.8809368 0.8636166 0.8413562 0.8826793 0.8579105 0.8481699 0.8000276 0.8731867 0.8595411 0.8250425 0.8011045 2.5826870 2.0237831 2.0282606 2.0474441 
B.CY.08.CY224.JF683773                 0.8613069 1.0882362 1.2411020 1.1755137 1.1129235 1.1632657 1.0505899 1.0863954 1.0884472 1.1041632 1.0839526 1.1323518 1.0673695 1.1376705 1.0715627 1.0946315 1.1343832 1.1111357 0.6898921 0.4974334 0.4645964 0.4543218 0.4490378 0.3938266 0.4464498 0.0000000 0.4089491 0.3965817 0.3859231 0.4297422 0.3860377 0.4255105 0.3879415 0.4182916 0.4590700 0.4340187 0.4020358 0.4301799 0.4352849 0.3949229 0.3961837 0.4269965 0.3753839 0.4222213 0.4161272 0.4108294 0.4074589 0.3889906 0.3857549 0.3900523 0.3959960 0.3745208 0.3726250 0.3425843 0.5669401 0.6108814 0.5873579 0.7371709 0.9742784 0.9847944 0.9509398 0.8714207 0.9196234 1.0697281 1.1097990 0.8871953 0.8011802 0.8286975 0.7843453 0.8505311 0.8103885 0.8059259 0.7850274 0.8244729 0.8058315 0.7514196 1.0903953 0.9716070 0.9340391 0.9337694 0.9400027 0.9164359 0.9304052 0.9182803 0.9156331 0.8563321 0.8231560 0.8503911 0.8458297 0.8354578 0.8401922 0.8102903 0.8419348 0.8453895 0.8156594 0.7890489 2.4889216 1.9915474 2.0310132 2.0716619 
B.CN.07.CBJC261.JF932474               0.9140990 1.1219575 1.2666451 1.2063781 1.1791994 1.1875207 1.1051800 1.1294356 1.1681606 1.1402001 1.1111251 1.1633375 1.1022404 1.1429989 1.1001113 1.1086155 1.1331977 1.1353724 0.7030172 0.5203207 0.4815643 0.4723081 0.4643024 0.4045444 0.4740122 0.4089491 0.0000000 0.1711470 0.1665870 0.4390064 0.3807990 0.4313260 0.4148888 0.4423864 0.4712964 0.4653952 0.4104412 0.4560957 0.4635598 0.3992320 0.4151514 0.4440136 0.3915859 0.4370515 0.4365149 0.4294223 0.4103951 0.4076635 0.4039681 0.4165236 0.4135646 0.3945826 0.4059727 0.3604933 0.5999639 0.6054372 0.5895814 0.7731682 1.0100869 1.0139358 0.9781929 0.8937831 0.9530294 1.0613732 1.1204071 0.9034811 0.8269295 0.8410591 0.8082053 0.8560990 0.8314536 0.8133512 0.8015411 0.8432573 0.8297172 0.7690926 1.1157578 1.0184681 0.9749501 0.9282201 0.9558205 0.9424036 0.9489465 0.9303216 0.9241816 0.8891258 0.8699847 0.8649759 0.8896337 0.8546123 0.8916714 0.8312597 0.8731197 0.8750173 0.8430669 0.8225427 2.6028369 2.0688989 2.0878226 2.0805250 
B.CN.01.CNHN24.AY180905                0.8905979 1.1074441 1.2187282 1.1826443 1.1331238 1.1506463 1.0682849 1.0997385 1.1230476 1.1179244 1.0772656 1.1479702 1.0688844 1.1344333 1.0810877 1.0896480 1.1255920 1.1188418 0.6919361 0.5059489 0.4653925 0.4599672 0.4545525 0.3844656 0.4598954 0.3965817 0.1711470 0.0000000 0.1579165 0.4205936 0.3628854 0.4119506 0.3941965 0.4271069 0.4568002 0.4448019 0.3962144 0.4428748 0.4410357 0.3779306 0.3938490 0.4392129 0.3683771 0.4209771 0.4220566 0.4088945 0.4056134 0.3992224 0.3871855 0.4019157 0.3986402 0.3734425 0.3915265 0.3482530 0.5773828 0.5896007 0.5654028 0.7379246 0.9693345 0.9890902 0.9576328 0.8670177 0.9309638 1.0544331 1.1042877 0.8745145 0.7987403 0.8287547 0.7893810 0.8617182 0.8157326 0.8004131 0.7809327 0.8272821 0.8114972 0.7492599 1.1005993 0.9923046 0.9297381 0.9147667 0.9400648 0.9196431 0.9280593 0.9022746 0.9069319 0.8509809 0.8474016 0.8192679 0.8605058 0.8057101 0.8565600 0.8032006 0.8532608 0.8330688 0.8186617 0.7911020 2.4996854 2.0078373 2.0523386 2.0874429 
B.CN.08.cbjc468.JF932498               0.8824976 1.0931854 1.2344468 1.1806901 1.1318445 1.1492352 1.0694606 1.0972713 1.1123935 1.1110478 1.0686781 1.1487738 1.0581755 1.1147292 1.0615278 1.0880919 1.1317045 1.1217149 0.6786131 0.4856912 0.4594579 0.4465821 0.4463144 0.3780442 0.4443054 0.3859231 0.1665870 0.1579165 0.0000000 0.4196626 0.3550543 0.4090500 0.3820533 0.4126363 0.4529174 0.4322929 0.3857312 0.4193618 0.4361675 0.3755358 0.3869976 0.4295742 0.3608894 0.4133840 0.4082307 0.4021120 0.3904912 0.3902155 0.3734020 0.3865804 0.3939578 0.3644674 0.3797837 0.3378542 0.5703437 0.5784315 0.5651409 0.7443907 0.9744938 0.9896442 0.9572108 0.8782116 0.9489962 1.0271650 1.1018923 0.8751542 0.7954511 0.8328338 0.7966124 0.8372393 0.8122331 0.7936945 0.7770797 0.8309133 0.8037597 0.7375700 1.0783935 1.0038539 0.9423132 0.9013783 0.9250999 0.9152454 0.9132881 0.8924813 0.9046301 0.8683061 0.8420402 0.8339533 0.8588658 0.8223779 0.8609866 0.8069746 0.8464337 0.8358311 0.8011275 0.7883666 2.5386617 2.0015560 2.0505632 2.0855545 
B.JP.11.NMC851C_clone_13.AB731669      0.8769171 1.1349195 1.2563510 1.1789400 1.1670231 1.1487021 1.0723933 1.1008480 1.0941844 1.1318370 1.0749390 1.1429877 1.0493484 1.1626118 1.1045663 1.1270376 1.1264368 1.1042834 0.6873882 0.4866884 0.4607211 0.4629904 0.4589815 0.4271573 0.4664272 0.4297422 0.4390064 0.4205936 0.4196626 0.0000000 0.4152367 0.4264994 0.4251895 0.4177347 0.4590097 0.4474874 0.4025567 0.4374469 0.4405012 0.3857372 0.4096960 0.4310381 0.3788352 0.4179534 0.4150799 0.4003424 0.3953658 0.4000072 0.3847725 0.4051229 0.4037798 0.3706581 0.3796852 0.3397465 0.5930860 0.6057814 0.5843626 0.7606579 0.9960429 0.9875024 0.9677721 0.9072332 0.9373507 1.0765152 1.1363154 0.8893038 0.8285043 0.8515812 0.7936086 0.8833980 0.8299147 0.8067533 0.7991826 0.8482031 0.8434030 0.7613804 1.0906062 0.9953797 0.9492999 0.9314073 0.9711966 0.9624972 0.9354786 0.9196395 0.9324561 0.8814209 0.8375504 0.8490303 0.8854899 0.8406548 0.8524135 0.7988228 0.8529422 0.8437622 0.8205814 0.7966553 2.5803496 2.0844669 2.1253314 2.1450337 
B.DE.10.iso4_w10.KU612900              0.8744789 1.1053705 1.2521222 1.1953939 1.1457739 1.1627082 1.0629138 1.0961515 1.1073664 1.0914651 1.0890814 1.1214451 1.0841092 1.1396293 1.0916128 1.0945081 1.1260979 1.1298728 0.6801238 0.4850276 0.4564007 0.4478890 0.4380470 0.3805756 0.4516675 0.3860377 0.3807990 0.3628854 0.3550543 0.4152367 0.0000000 0.4132423 0.3807247 0.3998621 0.4500438 0.4360967 0.3916061 0.4359648 0.4363813 0.3728370 0.3763846 0.4226368 0.3561783 0.4139567 0.4272849 0.4049705 0.3953235 0.3901238 0.3759148 0.3958946 0.3895485 0.3711530 0.3670347 0.3376526 0.5756157 0.6043037 0.5800296 0.7471358 0.9593574 0.9500610 0.9475781 0.8613671 0.9228888 1.0193917 1.1019235 0.8526605 0.7982636 0.8251970 0.7801750 0.8542903 0.7995552 0.7830374 0.7673237 0.8185163 0.7893886 0.7607038 1.0769033 0.9958198 0.9648410 0.9211265 0.9285466 0.9419718 0.9235882 0.9154593 0.9085609 0.8456466 0.8309644 0.8165319 0.8489618 0.8097994 0.8450625 0.8006904 0.8495252 0.8163836 0.8098528 0.7954794 2.6301930 1.9764145 2.0485554 2.0915036 
B.US.15.3693.KX505555                  0.8297860 1.0617141 1.2309556 1.1608289 1.0841393 1.0929664 0.9919365 1.0466032 1.0783992 1.0578485 1.0232986 1.0692637 1.0269063 1.0741467 1.0385454 1.0354954 1.0729080 1.0698779 0.6810549 0.4880759 0.4684367 0.4480996 0.4444086 0.4201952 0.4344588 0.4255105 0.4313260 0.4119506 0.4090500 0.4264994 0.4132423 0.0000000 0.4107693 0.4075202 0.4477304 0.4471459 0.3936559 0.4452127 0.4385319 0.3541499 0.3748130 0.4271373 0.3514485 0.4123990 0.4282768 0.4035893 0.4045042 0.3896087 0.3839592 0.3984197 0.3966146 0.3751555 0.3819781 0.3380314 0.5256134 0.5376166 0.5203788 0.7000324 0.9192146 0.9372260 0.9061769 0.8283002 0.8867568 0.9981904 1.0626070 0.8192458 0.7541018 0.7842362 0.7319028 0.8037054 0.7276733 0.7315360 0.7205032 0.7687556 0.7597327 0.7105632 1.0547339 0.9847983 0.9381647 0.9052932 0.9170912 0.9273494 0.9056250 0.8904573 0.8893348 0.8076470 0.8010879 0.7928357 0.8022931 0.7887747 0.8209676 0.7584142 0.7961258 0.7936958 0.7819463 0.7575684 2.4595809 1.9208178 1.9885320 2.0056528 
B.TH.06.AA010a_WG3.JX446800            0.8625846 1.1065903 1.2468214 1.2309054 1.1374832 1.1609479 1.0954458 1.0987046 1.1032685 1.1450713 1.0899738 1.1287757 1.0878300 1.1257699 1.0814674 1.0894179 1.1430915 1.1394133 0.6878574 0.4747289 0.4594509 0.4473423 0.4524263 0.3996416 0.4410774 0.3879415 0.4148888 0.3941965 0.3820533 0.4251895 0.3807247 0.4107693 0.0000000 0.4059672 0.4442770 0.4417281 0.3905961 0.4371774 0.4262004 0.3712890 0.3800427 0.4356940 0.3588673 0.4043452 0.4078078 0.3919979 0.4003348 0.3920183 0.3790121 0.3871059 0.3851774 0.3664947 0.3747970 0.3317616 0.5744019 0.5974841 0.5592509 0.7515223 0.9764652 0.9913933 0.9441555 0.8710282 0.9259751 1.0423089 1.1196632 0.8717215 0.8052766 0.8286010 0.7760691 0.8525333 0.8011717 0.7921217 0.7756553 0.8249218 0.8078996 0.7625283 1.0824251 0.9932014 0.9628499 0.9321251 0.9546966 0.9460292 0.9186682 0.9051150 0.9008145 0.8578082 0.8597036 0.8559565 0.8689470 0.8326580 0.8608646 0.7950159 0.8429093 0.8386417 0.8248926 0.7967626 2.5550441 2.0664514 2.0798337 2.1002022 
B.BR.02.02BR2041.JN692443              0.8653726 1.0692250 1.2395855 1.1718520 1.1100054 1.1471344 1.0421334 1.0805173 1.0707483 1.0932037 1.0287894 1.0836311 1.0351180 1.1026142 1.0535421 1.0781840 1.0770391 1.0967032 0.5751352 0.3786509 0.4487212 0.3660136 0.3750243 0.4219330 0.3475392 0.4182916 0.4423864 0.4271069 0.4126363 0.4177347 0.3998621 0.4075202 0.4059672 0.0000000 0.4536819 0.4350566 0.3917052 0.4339346 0.4385830 0.3323309 0.3433290 0.4237036 0.3331190 0.4127029 0.4136511 0.4008559 0.4117686 0.3859592 0.3752083 0.3987909 0.3954080 0.3666250 0.3781455 0.3377882 0.5570842 0.5756136 0.5593508 0.7107800 0.9542565 0.9495573 0.9459703 0.8498446 0.8975448 1.0124730 1.0772414 0.8648527 0.7731592 0.7968490 0.7494455 0.8324974 0.7697424 0.7631082 0.7603637 0.8029616 0.7834599 0.7448925 1.0757044 0.9677956 0.9333172 0.8955397 0.9251857 0.9219707 0.8860524 0.8829944 0.8942138 0.8551705 0.8235407 0.7969103 0.8285087 0.8041920 0.8145965 0.7748403 0.8277700 0.8213450 0.7934234 0.7702475 2.4826400 1.9830924 1.9771190 2.0219076 
B.GB.14.14535_1_7.3.MF109534           0.9396203 1.1423454 1.2661447 1.2424121 1.1573474 1.1715329 1.1108820 1.1222338 1.1515037 1.1750865 1.0952894 1.1638941 1.1033039 1.1864894 1.1290091 1.1491515 1.1610357 1.1425363 0.7390257 0.5243968 0.4927728 0.4925453 0.4855510 0.4679817 0.4860274 0.4590700 0.4712964 0.4568002 0.4529174 0.4590097 0.4500438 0.4477304 0.4442770 0.4536819 0.0000000 0.4394160 0.4402624 0.4273855 0.3963317 0.4186194 0.4342479 0.3962098 0.4036389 0.4066245 0.4072398 0.3895526 0.3808630 0.3600325 0.3452186 0.3838628 0.3784798 0.3598984 0.3648857 0.3237091 0.6092466 0.6319266 0.6039365 0.7752344 1.0087397 1.0103480 0.9941083 0.9114637 0.9568917 1.0835312 1.1715173 0.9162322 0.8437123 0.8609821 0.8257161 0.8871427 0.8145808 0.8377911 0.8128259 0.8628200 0.8447684 0.7974940 1.1167256 1.0070669 0.9883435 0.9663862 0.9925395 0.9834934 0.9497291 0.9534915 0.9498642 0.8964109 0.8782088 0.8809126 0.8752735 0.8522590 0.8764245 0.8188948 0.8783374 0.8727312 0.8663667 0.8251058 2.5110911 2.0886096 2.0575710 2.0763708 
B.US.15.2521.KX505446                  0.9183209 1.1161309 1.2940959 1.2568454 1.1773033 1.2170658 1.1079092 1.1262193 1.1122885 1.1351856 1.1065559 1.1715315 1.1207559 1.1891133 1.1296653 1.1275487 1.1477361 1.1445838 0.7411441 0.5047153 0.4739573 0.4839225 0.4845922 0.4604130 0.4846401 0.4340187 0.4653952 0.4448019 0.4322929 0.4474874 0.4360967 0.4471459 0.4417281 0.4350566 0.4394160 0.0000000 0.4305370 0.3838274 0.4123703 0.4165859 0.4195238 0.3991155 0.4059380 0.4064069 0.3966626 0.3949708 0.3794013 0.3741233 0.3563667 0.3785721 0.3830653 0.3549792 0.3690298 0.3208822 0.5887945 0.6186671 0.5941721 0.7418402 0.9928935 0.9947612 0.9743831 0.8858061 0.9395456 1.0535545 1.1383040 0.8710984 0.8245978 0.8397039 0.8098560 0.8681568 0.8118340 0.8007695 0.7957533 0.8463115 0.8294475 0.7760252 1.0912846 0.9833802 0.9579856 0.9138891 0.9434232 0.9399234 0.9262544 0.9115400 0.9073611 0.8780806 0.8696988 0.8632855 0.8749850 0.8337996 0.8724237 0.8468221 0.8679045 0.8590859 0.8564661 0.8104856 2.4623097 2.0307983 2.0816212 2.1312079 
B.BR.10.10BR_PE101.KT427697            0.8636051 1.0968126 1.2219022 1.1900940 1.1551555 1.1458541 1.0579293 1.0672611 1.1011330 1.1156195 1.0527798 1.1339643 1.0617664 1.1276835 1.0723060 1.0816635 1.1323965 1.1063308 0.6607244 0.4620987 0.4409949 0.4286289 0.4200207 0.4054668 0.4256930 0.4020358 0.4104412 0.3962144 0.3857312 0.4025567 0.3916061 0.3936559 0.3905961 0.3917052 0.4402624 0.4305370 0.0000000 0.4107646 0.4184440 0.3595720 0.3632869 0.4060449 0.3458387 0.3961959 0.4074201 0.3810580 0.3770797 0.3713044 0.3637935 0.3782221 0.3812580 0.3471270 0.3544967 0.3179769 0.5559985 0.5806456 0.5421098 0.7231724 0.9429419 0.9608490 0.9514834 0.8515156 0.9051340 1.0321708 1.1012945 0.8472447 0.7753909 0.8119321 0.7629870 0.8254842 0.7748285 0.7670072 0.7659116 0.8029464 0.7864858 0.7255772 1.0647295 0.9561787 0.9262116 0.8969431 0.9158389 0.9074326 0.8928020 0.8800198 0.8675698 0.8397505 0.8114750 0.8236946 0.8419757 0.7927632 0.8382085 0.8034184 0.8292696 0.8097760 0.7979021 0.7836958 2.4266059 2.0086163 2.0377293 2.1056081 
B.GB.14.13659_1_64.3.MF109452          0.8979005 1.1579289 1.2916579 1.2268068 1.1675406 1.1927195 1.0997817 1.0998641 1.1430620 1.1302717 1.0833327 1.1535405 1.1075703 1.1696297 1.1106254 1.1164004 1.1327259 1.1491333 0.7239218 0.4998662 0.4613746 0.4787358 0.4693093 0.4472866 0.4756546 0.4301799 0.4560957 0.4428748 0.4193618 0.4374469 0.4359648 0.4452127 0.4371774 0.4339346 0.4273855 0.3838274 0.4107646 0.0000000 0.4037433 0.4138485 0.4181166 0.4034851 0.3849046 0.3812396 0.3889093 0.3697962 0.3720773 0.3657369 0.3411601 0.3671348 0.3678721 0.3370167 0.3487053 0.3122355 0.5953321 0.6187839 0.6033199 0.7849354 0.9998537 1.0018939 0.9677135 0.8814070 0.9584506 1.0425826 1.1338851 0.9139557 0.8301825 0.8653184 0.8132369 0.8839707 0.8451688 0.8353069 0.7933774 0.8664502 0.8298291 0.7906575 1.1276154 0.9898459 0.9718086 0.9493725 0.9659728 0.9476463 0.9630698 0.9363620 0.9574450 0.8814171 0.8569395 0.8716762 0.8749009 0.8434077 0.8801898 0.8244415 0.8902660 0.8590267 0.8571962 0.8069077 2.5404187 2.0797490 2.0584169 2.1258214 
