100
02A1.GH.97.97GH_AG2.AB052867           0.0000000 0.3567305 0.4419887 0.5277005 0.5802160 0.6016470 0.6410271 0.5268675 0.5352393 0.5557025 0.5644275 0.5176172 0.5230513 0.5856510 0.8472279 0.8332990 0.8811533 0.8548841 0.8680296 0.8596191 0.8492842 0.8230079 0.8872289 0.9171608 0.9712432 0.9470665 0.8262316 0.8542094 0.8297560 0.8002316 0.8167811 0.5705545 0.5937259 0.5863178 0.6260112 0.7816648 0.6184970 0.6217491 0.7061267 0.6218270 0.6478811 0.7374538 0.8011180 0.5588909 0.5223784 0.4823598 0.4622048 0.7695443 0.7456227 0.7923389 0.8393173 0.8301927 0.8440627 0.8292478 0.7575060 0.7920418 0.7810533 0.7758279 0.8102202 0.7962069 0.7554120 0.7321598 0.7834753 0.8753578 0.8059470 0.7814183 0.7949487 0.7815284 0.8013535 0.8187905 0.7619319 0.7990107 0.7684592 0.7457705 0.7376855 0.8100808 1.0467322 0.8168888 0.7676707 0.8039921 0.8115131 0.7245006 0.7264028 0.7089015 0.6919112 0.6286977 0.7359690 0.6061167 0.4853379 0.4245933 0.3952021 0.5534396 0.3393608 0.3449302 0.3515455 0.4154034 1.7247407 1.7706014 1.7106146 2.4112032 
02A.CI.16.DEURF16CI011.MH078538        0.3567305 0.0000000 0.5086825 0.5935802 0.6507849 0.6755366 0.7061825 0.5735154 0.5840870 0.6052619 0.6080614 0.5833830 0.5695156 0.6457084 0.8912766 0.8877315 0.9442024 0.8966524 0.9079601 0.9064324 0.8890225 0.8774470 0.9125105 0.9575322 1.0208600 0.9963473 0.8786396 0.9043164 0.8903275 0.8669173 0.8725214 0.6207444 0.6595088 0.6524283 0.6974742 0.8565133 0.6872024 0.6898467 0.7760144 0.6836885 0.7040149 0.7874274 0.8600717 0.6082387 0.5815679 0.5600018 0.5188680 0.8146347 0.7955608 0.8477123 0.8992795 0.8668383 0.8748464 0.8820012 0.8137143 0.8322508 0.8336488 0.8250304 0.8600113 0.8384209 0.7982965 0.7621100 0.8438404 0.9158605 0.8641515 0.8470722 0.8545691 0.8235547 0.8600798 0.8726338 0.8120797 0.8361749 0.8268883 0.7797192 0.7839206 0.8673142 1.0787018 0.8463166 0.8055804 0.8374092 0.8549722 0.7759704 0.7805186 0.7596799 0.7367287 0.6766086 0.8249783 0.6524048 0.5570060 0.4784598 0.4551579 0.6202147 0.3959742 0.3895214 0.4160521 0.4777580 1.7047894 1.8069609 1.7920433 2.4606019 
AGU.CM.06.770_8.MH705142               0.4419887 0.5086825 0.0000000 0.5058805 0.5684433 0.5981713 0.6204338 0.5423808 0.5632546 0.5743354 0.5820263 0.5272124 0.5296162 0.6022783 0.8528813 0.8185819 0.8786850 0.8416151 0.8630948 0.8592333 0.8450232 0.8160659 0.8618492 0.9312458 0.9659079 0.9434858 0.8215435 0.8493832 0.8314298 0.8145531 0.8174136 0.5909745 0.6308191 0.6419235 0.6701844 0.8104365 0.6513732 0.6477783 0.7290886 0.6471506 0.6659667 0.7595536 0.8437021 0.5837249 0.5523523 0.5238002 0.4891619 0.7866878 0.7854961 0.8343938 0.8673030 0.8522203 0.8489042 0.8557258 0.7794777 0.8249324 0.8153863 0.7731278 0.8215562 0.8180501 0.7837064 0.7366803 0.8046650 0.8769860 0.8180544 0.8017590 0.8138405 0.7991396 0.8154509 0.8162385 0.7996159 0.8063056 0.7934310 0.7839172 0.7639297 0.8209511 1.0801437 0.8526031 0.8097874 0.8345724 0.8404594 0.7487449 0.7621156 0.7405463 0.6994476 0.6535507 0.7769355 0.6230211 0.5565418 0.5227191 0.4865339 0.6797266 0.4618142 0.4732664 0.4638715 0.5387564 1.7998501 1.8529337 1.8214159 2.5416083 
G.NG.92.92NG083_JV10832.U88826         0.5277005 0.5935802 0.5058805 0.0000000 0.3524429 0.3925352 0.4089404 0.6341431 0.6439058 0.6694075 0.6754077 0.6287162 0.6313279 0.6865009 0.9621243 0.9345666 1.0164888 0.9765034 0.9979421 1.0058303 0.9686619 0.9367329 0.9841186 1.0209880 1.0851570 1.0330880 0.9354795 0.9697245 0.9701643 0.9290742 0.9223271 0.6667767 0.6873083 0.7008004 0.7352536 0.8850042 0.7320581 0.7303755 0.8058884 0.7330215 0.7545748 0.8320808 0.9133431 0.6473891 0.6088101 0.5881826 0.5674278 0.8530089 0.8621147 0.8861885 0.9255555 0.9270009 0.9185649 0.9308736 0.8495178 0.8936012 0.8880461 0.8435207 0.8997816 0.9008327 0.8514318 0.8259082 0.8763643 0.9695325 0.8797545 0.9079447 0.8918723 0.8884680 0.8883136 0.9061895 0.8767332 0.8899686 0.8767451 0.8381397 0.8085283 0.9024280 1.1459759 0.8971586 0.8354015 0.8964872 0.9174543 0.8161667 0.8275361 0.7990069 0.7672075 0.7335003 0.8466895 0.7077146 0.6263943 0.5871217 0.5646718 0.7521975 0.5339675 0.5458811 0.5411409 0.6150589 1.9351824 1.9408882 1.8878470 2.5489869 
G.NG.09.09NG010261.KX389626            0.5802160 0.6507849 0.5684433 0.3524429 0.0000000 0.4637890 0.4798760 0.6927923 0.7074855 0.7331380 0.7200916 0.6836896 0.6882338 0.7538399 0.9862714 0.9892569 1.0673766 1.0362182 1.0334429 1.0597337 1.0052794 1.0015347 1.0467329 1.0655019 1.1521464 1.1254190 0.9777266 1.0278992 1.0100343 0.9908127 1.0075566 0.7282689 0.7706471 0.7904215 0.8167572 0.9684462 0.7868095 0.8115212 0.8763051 0.8001113 0.8306627 0.9330497 0.9842005 0.7153335 0.6769247 0.6466414 0.6345240 0.9312178 0.8990594 0.9445139 0.9784649 0.9720149 0.9712333 0.9787642 0.9018629 0.9544245 0.9261715 0.9162436 0.9652326 0.9471749 0.9115489 0.8631688 0.9200877 1.0303814 0.9428042 0.9233991 0.9528871 0.9465012 0.9221193 0.9619359 0.9149250 0.9189425 0.9314376 0.9009614 0.8703791 0.9575324 1.1681790 0.9492218 0.9096573 0.9376749 0.9546793 0.8737453 0.8644138 0.8387405 0.8348723 0.7898455 0.9260738 0.7622936 0.7125334 0.6583057 0.6292286 0.8139331 0.5953471 0.6059748 0.6039520 0.6819707 1.9836514 2.0187820 1.9022328 2.6579119 
01F2G.CM.02.LT31.JN864056              0.6016470 0.6755366 0.5981713 0.3925352 0.4637890 0.0000000 0.4085533 0.7251990 0.7131101 0.7423520 0.7548839 0.6967574 0.7037282 0.7610656 1.0436718 1.0131935 1.0743320 1.0418119 1.0801189 1.0819372 1.0456363 1.0134239 1.0654642 1.1286416 1.1900040 1.1266420 1.0218642 1.0507309 1.0268046 0.9962833 1.0301549 0.7677350 0.7782759 0.7770833 0.8229858 0.9751063 0.7969020 0.8212223 0.8795525 0.8022486 0.8288779 0.9081839 0.9768042 0.7368395 0.6939958 0.6696062 0.6455957 0.9394190 0.9413604 0.9918948 1.0324497 1.0100324 0.9919503 0.9992161 0.9481240 0.9706324 0.9764145 0.9005679 0.9890616 0.9660601 0.9288912 0.9156961 0.9690614 1.0703379 0.9817883 0.9914102 0.9830949 0.9766792 0.9906281 1.0097346 0.9557330 0.9951300 0.9690620 0.9417494 0.9265770 0.9935013 1.2317532 1.0267494 0.9585714 0.9909259 1.0105587 0.9102792 0.9162556 0.8872880 0.8595020 0.8146357 0.9250449 0.7945200 0.7329548 0.6810349 0.6521788 0.8500284 0.6163621 0.6204973 0.6263801 0.7158702 1.9805583 2.0477533 1.9618853 2.6328410 
BCG.ES.15.100_119.KY496623             0.6410271 0.7061825 0.6204338 0.4089404 0.4798760 0.4085533 0.0000000 0.7471971 0.7446919 0.7760392 0.7882438 0.7305719 0.7458144 0.7822066 1.0421548 1.0411093 1.1243631 1.0545980 1.1030386 1.1098523 1.0440165 1.0262797 1.0669973 1.1179506 1.1925772 1.1424614 1.0179115 1.0361676 1.0515571 1.0073137 1.0279091 0.7781970 0.8129318 0.8136781 0.8477237 0.9966559 0.8397890 0.8424148 0.9405465 0.8396812 0.8601964 0.9415029 1.0309800 0.7685896 0.7395753 0.7011993 0.6743102 0.9749298 1.0030822 1.0137941 1.0529762 1.0702075 1.0405514 1.0535272 0.9883053 1.0198203 0.9885509 0.9683403 1.0322369 1.0070613 0.9840715 0.9437975 1.0124153 1.0745657 1.0274450 1.0205819 1.0003932 1.0014755 1.0205402 1.0238194 0.9896443 1.0318794 0.9864620 0.9511102 0.9357743 1.0145460 1.2442488 1.0452801 0.9626356 1.0430346 1.0423953 0.9423374 0.9759233 0.8906347 0.9154368 0.8576129 0.9522428 0.8438067 0.7646770 0.6975033 0.6658223 0.8624719 0.6369824 0.6584036 0.6598729 0.7386577 2.0066009 2.0603535 2.0513899 2.6899114 
A1.KE.06.06KECst_028.FJ623479          0.5268675 0.5735154 0.5423808 0.6341431 0.6927923 0.7251990 0.7471971 0.0000000 0.3044084 0.3896359 0.4113377 0.3695183 0.3824585 0.4632805 0.7251631 0.7011728 0.7701473 0.7321391 0.7335649 0.7513806 0.7382762 0.6948709 0.7576426 0.8167739 0.8630656 0.8313143 0.7128447 0.7267714 0.7329346 0.6765048 0.7206137 0.4479037 0.5351566 0.5442363 0.5958638 0.7315279 0.5485631 0.5617307 0.6535759 0.5634767 0.5816840 0.6735495 0.7500654 0.4807506 0.4546002 0.4080332 0.4810588 0.8093184 0.8074826 0.8277278 0.8657064 0.8536762 0.8607582 0.8428410 0.7933445 0.8457193 0.8105923 0.8136502 0.8348669 0.8131681 0.7834440 0.7554051 0.8169343 0.9122062 0.8672898 0.8292204 0.8403735 0.8315165 0.8299728 0.8328891 0.8081650 0.8498958 0.8174147 0.7662330 0.7654367 0.8678737 1.0886606 0.8559733 0.8140608 0.8740629 0.8493221 0.7698315 0.7768795 0.7626323 0.7443011 0.6740733 0.8004073 0.6420123 0.6309256 0.5718614 0.5676425 0.7783512 0.5461154 0.5271567 0.5431499 0.6176500 1.9235592 1.9669644 1.9030721 2.6300227 
A1.KE.06.06KECst_013.FJ623485          0.5352393 0.5840870 0.5632546 0.6439058 0.7074855 0.7131101 0.7446919 0.3044084 0.0000000 0.3882205 0.4253095 0.3784014 0.3898337 0.4675965 0.7454046 0.7138310 0.7769745 0.7480140 0.7593178 0.7857254 0.7404723 0.7380712 0.7671896 0.8541061 0.8760601 0.8641468 0.7189783 0.7519065 0.7540135 0.7090600 0.7372435 0.4748907 0.5512991 0.5624235 0.6022825 0.7617035 0.5816099 0.5688954 0.6593683 0.5769065 0.5870139 0.6983949 0.7652516 0.4847625 0.4672611 0.4320996 0.5014896 0.8129930 0.8148707 0.8426476 0.8813829 0.8789272 0.8810581 0.8953308 0.8001240 0.8473147 0.8278484 0.8270350 0.8619653 0.8519698 0.8027133 0.7773094 0.8397519 0.9270387 0.8771393 0.8628189 0.8548235 0.8359995 0.8497710 0.8549731 0.8410010 0.8705633 0.8477680 0.7699877 0.7746358 0.8561685 1.1158512 0.8878177 0.8196961 0.8654066 0.8673880 0.7760315 0.7901648 0.7820646 0.7472279 0.6806842 0.8076088 0.6622566 0.6305296 0.6060047 0.5670939 0.7663856 0.5462468 0.5453874 0.5462387 0.6195356 1.9109001 1.9601040 1.9177867 2.6831418 
35_AD.AF.06.007H.GQ477450              0.5557025 0.6052619 0.5743354 0.6694075 0.7331380 0.7423520 0.7760392 0.3896359 0.3882205 0.0000000 0.4441667 0.3838796 0.4087201 0.4903219 0.7434409 0.7415803 0.7998929 0.7316346 0.7486208 0.7598802 0.7547355 0.7214626 0.7849293 0.8521333 0.9054473 0.8612795 0.7199553 0.7471890 0.7453652 0.7039508 0.7314107 0.4815966 0.5747169 0.5704522 0.6240416 0.7757650 0.6000965 0.5955354 0.6834053 0.5921113 0.6234286 0.7002841 0.7896785 0.5094180 0.4699518 0.4426893 0.5186926 0.8366866 0.8370828 0.8602597 0.8977802 0.9041897 0.8921110 0.8853013 0.8271416 0.8587774 0.8574747 0.8267461 0.8555133 0.8506487 0.8182570 0.7835736 0.8487478 0.9310195 0.9021115 0.8916173 0.8782193 0.8689358 0.8580820 0.8809520 0.8381733 0.8538309 0.8736073 0.8196640 0.8019341 0.8848304 1.1168400 0.9086124 0.8346049 0.8923014 0.8709615 0.8054441 0.8085135 0.8102713 0.7828442 0.7273020 0.8153733 0.6909322 0.6694112 0.6246434 0.5811692 0.8009739 0.5649206 0.5678457 0.5682895 0.6234702 1.9073871 1.9578823 1.9818747 2.7733393 
A1.CY.07.CY208.JF683760                0.5644275 0.6080614 0.5820263 0.6754077 0.7200916 0.7548839 0.7882438 0.4113377 0.4253095 0.4441667 0.0000000 0.2486976 0.4176666 0.5037181 0.7736031 0.7484390 0.8215156 0.7800830 0.7743071 0.7918846 0.7644045 0.7521895 0.8070500 0.8739018 0.8883157 0.8803482 0.7281562 0.7744432 0.7651764 0.7152415 0.7452137 0.4926673 0.5725013 0.5842167 0.6198612 0.7817516 0.5850758 0.5989129 0.7047727 0.6036863 0.6336964 0.7296420 0.8052493 0.5323803 0.5040059 0.4662759 0.5012897 0.8484581 0.8397890 0.8677992 0.9199053 0.8851589 0.9240563 0.8995283 0.8317762 0.8654033 0.8575966 0.8533226 0.8715335 0.8633727 0.8298735 0.7974946 0.8593146 0.9477025 0.8868940 0.8694705 0.9012315 0.8645297 0.8827403 0.8688657 0.8716010 0.8522539 0.8598311 0.8198643 0.8162798 0.8963793 1.1216701 0.9041038 0.8552989 0.8914710 0.9094252 0.7856402 0.8057083 0.8182283 0.7760310 0.7257927 0.8658847 0.7003240 0.6688032 0.6413507 0.6141326 0.7862764 0.5937729 0.5945194 0.5974539 0.6585924 1.9741570 2.0613756 1.9316817 2.7114074 
A1.CY.05.CY051.FJ388903                0.5176172 0.5833830 0.5272124 0.6287162 0.6836896 0.6967574 0.7305719 0.3695183 0.3784014 0.3838796 0.2486976 0.0000000 0.3699433 0.4503262 0.7279883 0.6867760 0.7814830 0.7327963 0.7366567 0.7597437 0.7086101 0.7096270 0.7672435 0.8047172 0.8540777 0.8427595 0.6900184 0.7177973 0.7020634 0.6728852 0.7078646 0.4410364 0.5200302 0.5220490 0.5712667 0.7207446 0.5575091 0.5466180 0.6341198 0.5456538 0.5725882 0.6604247 0.7512028 0.4779698 0.4512492 0.4145228 0.4625992 0.8065237 0.8118916 0.8331174 0.8666498 0.8627770 0.8841957 0.8664631 0.8028226 0.8327114 0.8358465 0.8072703 0.8417027 0.8274166 0.8059287 0.7645867 0.8150841 0.8969666 0.8683570 0.8373357 0.8492033 0.8336113 0.8288221 0.8349147 0.8183731 0.8488650 0.8256177 0.7806752 0.7838533 0.8539500 1.0962464 0.8760480 0.8210165 0.8653590 0.8597551 0.7754674 0.7765335 0.7639097 0.7318670 0.6747696 0.8119061 0.6600133 0.6269230 0.5842397 0.5511287 0.7499823 0.5434779 0.5461788 0.5385300 0.6018511 1.9074130 1.9806178 1.9092790 2.7038725 
A1.UG.11.DEMA110UG001.KF859745         0.5230513 0.5695156 0.5296162 0.6313279 0.6882338 0.7037282 0.7458144 0.3824585 0.3898337 0.4087201 0.4176666 0.3699433 0.0000000 0.4516123 0.7137616 0.6925120 0.7440959 0.7082172 0.7366186 0.7462029 0.7157083 0.7144138 0.7478599 0.8140628 0.8543893 0.8279489 0.6848247 0.7264802 0.7086450 0.6832660 0.7130610 0.4453565 0.5234544 0.5289180 0.5700066 0.7262600 0.5420391 0.5484740 0.6488669 0.5385247 0.5675130 0.6576427 0.7494263 0.4742226 0.4442568 0.4082250 0.4670084 0.7967827 0.7732087 0.8298312 0.8844356 0.8613830 0.8593808 0.8813078 0.7923572 0.8209448 0.8275465 0.7945066 0.8100452 0.8240322 0.7853147 0.7514270 0.8159066 0.9151115 0.8530728 0.8086398 0.8396012 0.8240428 0.8373359 0.8337881 0.8200956 0.8381332 0.8156877 0.7785539 0.7713143 0.8556980 1.0806013 0.8794117 0.8013486 0.8423477 0.8260282 0.7552097 0.7636378 0.7529880 0.7401929 0.6874308 0.8204617 0.6697972 0.6362630 0.5800945 0.5606183 0.7479101 0.5308124 0.5416096 0.5367333 0.5991138 1.8582590 1.9189985 1.9126194 2.6608067 
A1C.UG.99.99UGF25926.AF484491          0.5856510 0.6457084 0.6022783 0.6865009 0.7538399 0.7610656 0.7822066 0.4632805 0.4675965 0.4903219 0.5037181 0.4503262 0.4516123 0.0000000 0.6389661 0.6239519 0.6860677 0.6503013 0.6678503 0.6860792 0.6413701 0.6232841 0.6673904 0.7174765 0.7661118 0.7617699 0.6148219 0.6439823 0.6388239 0.5894825 0.6249489 0.4781646 0.5937719 0.5923539 0.6365820 0.7763997 0.6265416 0.6075886 0.7015216 0.6177066 0.6380854 0.7443653 0.8129120 0.5072583 0.5001662 0.4648378 0.5115629 0.8612414 0.8548252 0.8752061 0.9378926 0.8941691 0.9178264 0.9290122 0.8562549 0.8800530 0.8606569 0.8435277 0.8842396 0.8780288 0.8500530 0.8174770 0.8796555 0.9650067 0.8888548 0.9050622 0.8914037 0.8901342 0.9082843 0.8942423 0.8827870 0.8929186 0.8868423 0.8380611 0.8377641 0.9151709 1.1099390 0.9235184 0.8557146 0.9147129 0.9158068 0.8181398 0.8347463 0.8118838 0.8058998 0.7353555 0.8532023 0.7036922 0.7083451 0.6381929 0.6346205 0.8221842 0.6038714 0.6043354 0.6152274 0.6835272 1.9690141 2.0837067 2.0240690 2.8600532 
A1C.IN.15.SC017.KY713232               0.8472279 0.8912766 0.8528813 0.9621243 0.9862714 1.0436718 1.0421548 0.7251631 0.7454046 0.7434409 0.7736031 0.7279883 0.7137616 0.6389661 0.0000000 0.6353640 0.6970206 0.6569641 0.6649785 0.6981092 0.6706508 0.6312682 0.6896864 0.7229368 0.7834972 0.7632010 0.6289165 0.6612269 0.6460053 0.5945862 0.6236859 0.7333874 0.8671809 0.8639708 0.8919258 1.0456341 0.8817026 0.8819919 0.9746026 0.8870249 0.8969266 0.9648122 1.0701295 0.8217998 0.7590743 0.7343108 0.7662367 1.1311100 1.0927625 1.1501194 1.2023602 1.1502633 1.1806784 1.1884502 1.0919722 1.1036264 1.1145618 1.1180755 1.1481673 1.1259465 1.1051344 1.0619793 1.1233287 1.2208240 1.1704467 1.1304133 1.1330048 1.1254956 1.1363899 1.1180403 1.0990353 1.1145030 1.1385657 1.1193939 1.1051598 1.1735102 1.4004542 1.1854980 1.1374762 1.1534631 1.1944275 1.0958880 1.1026386 1.0928327 1.0619356 1.0000666 1.1406964 0.9991699 0.9634145 0.9167774 0.9081169 1.0624086 0.8546466 0.8534395 0.8779175 0.9260100 2.2809552 2.2841786 2.1906786 3.0955418 
C.IL.99.99ET14.AY255825                0.8332990 0.8877315 0.8185819 0.9345666 0.9892569 1.0131935 1.0411093 0.7011728 0.7138310 0.7415803 0.7484390 0.6867760 0.6925120 0.6239519 0.6353640 0.0000000 0.4299307 0.4256780 0.4468777 0.4530944 0.4264515 0.3852620 0.4360612 0.4815431 0.5341983 0.5231566 0.3851769 0.4164962 0.4122233 0.3705411 0.3938399 0.7190331 0.8374102 0.8318873 0.8865381 1.0340239 0.8624463 0.8586077 0.9565376 0.8639358 0.8931831 0.9602194 1.0648398 0.7752804 0.7578667 0.7101229 0.7682239 1.1039365 1.0935104 1.1157995 1.1751210 1.1275940 1.1505874 1.1637399 1.0761333 1.1036058 1.0978275 1.1112313 1.1195558 1.0753766 1.0661815 1.0238191 1.0828958 1.1674500 1.1333158 1.1011922 1.1073544 1.1066528 1.1136431 1.1391960 1.0930336 1.0916766 1.1131324 1.0612896 1.0389370 1.1071004 1.3714677 1.1686986 1.0565595 1.1111601 1.1399392 1.0592117 1.0726295 1.0614167 1.0281555 0.9708982 1.0712808 0.9703292 0.9448179 0.8744161 0.8740753 1.0522728 0.8408914 0.8104569 0.8559529 0.8772921 2.1985284 2.2459094 2.1340797 2.8614822 
C.SE.09.035ZA.MF373148                 0.8811533 0.9442024 0.8786850 1.0164888 1.0673766 1.0743320 1.1243631 0.7701473 0.7769745 0.7998929 0.8215156 0.7814830 0.7440959 0.6860677 0.6970206 0.4299307 0.0000000 0.4838309 0.5020774 0.5305519 0.4918818 0.4445153 0.5030936 0.5632824 0.6048879 0.6037689 0.4551534 0.4828924 0.4973453 0.4431330 0.4651221 0.7910603 0.9019834 0.8971471 0.9377165 1.1254861 0.9216567 0.9359673 1.0187085 0.9206271 0.9578570 1.0438206 1.1811940 0.8433697 0.8070904 0.7716633 0.8305849 1.1722337 1.1696756 1.1788995 1.2335109 1.1985348 1.2272476 1.2426531 1.1571491 1.1932609 1.2080865 1.1760161 1.2156759 1.1752046 1.1560057 1.1254283 1.1658375 1.2852694 1.2033458 1.1788796 1.1696633 1.1784066 1.1815077 1.2273071 1.1534118 1.1604010 1.1887363 1.1406613 1.1251653 1.1939803 1.3936078 1.2140656 1.1542478 1.2201361 1.2091443 1.1203873 1.1228063 1.1601015 1.1251504 1.0199086 1.1402389 1.0139363 1.0028536 0.9452037 0.9282810 1.0853227 0.8857359 0.8812066 0.9069200 0.9717728 2.3055131 2.3192690 2.2215447 3.0556088 
C.ZA.04.04ZASK135B1.DQ011166           0.8548841 0.8966524 0.8416151 0.9765034 1.0362182 1.0418119 1.0545980 0.7321391 0.7480140 0.7316346 0.7800830 0.7327963 0.7082172 0.6503013 0.6569641 0.4256780 0.4838309 0.0000000 0.3339398 0.3447527 0.3620492 0.3323606 0.3928614 0.4552718 0.4971147 0.4832451 0.3506842 0.4202715 0.4176470 0.3807981 0.4092108 0.7252716 0.8671748 0.8728203 0.9032934 1.0544980 0.9054358 0.8952781 0.9934494 0.9140245 0.9237201 0.9879999 1.0952352 0.7974493 0.7785874 0.7378469 0.7828256 1.1179670 1.1461090 1.1349079 1.1938884 1.1576008 1.1878394 1.1965879 1.1005778 1.1685026 1.1253399 1.1141063 1.1478265 1.1172051 1.1072314 1.0599625 1.1192789 1.2430279 1.1568611 1.1240225 1.1285149 1.1220039 1.1366970 1.1230038 1.1218448 1.1140267 1.1259613 1.0964418 1.0711638 1.1372820 1.3661527 1.1877328 1.0972591 1.1465072 1.1513341 1.0725944 1.1041413 1.0791234 1.0367963 1.0205278 1.1054180 0.9837646 0.9804240 0.9189617 0.8907120 1.1161104 0.8635910 0.8395620 0.8596672 0.9366989 2.2382171 2.3478769 2.2582283 2.9646233 
C.ZA.03.03ZAPS130MB1.DQ275658          0.8680296 0.9079601 0.8630948 0.9979421 1.0334429 1.0801189 1.1030386 0.7335649 0.7593178 0.7486208 0.7743071 0.7366567 0.7366186 0.6678503 0.6649785 0.4468777 0.5020774 0.3339398 0.0000000 0.3016766 0.3847430 0.3491119 0.4085614 0.4722860 0.5193347 0.5103593 0.3640388 0.4438036 0.4376867 0.3910691 0.4261403 0.7558828 0.8789779 0.8598149 0.9290229 1.0986065 0.9207264 0.8894948 0.9980033 0.9281755 0.9211563 1.0418663 1.1273188 0.7991664 0.7752779 0.7389587 0.7891105 1.1672624 1.1597611 1.1638781 1.2099523 1.1875639 1.2320495 1.2188687 1.1247585 1.1692092 1.1441919 1.1411809 1.1700174 1.1293633 1.1419398 1.0816094 1.1163813 1.2590229 1.1676498 1.1608986 1.1433522 1.1578371 1.1643485 1.1921621 1.1551588 1.1799215 1.1657098 1.1092199 1.0701720 1.1564035 1.4066400 1.1990712 1.1474992 1.1738637 1.1825968 1.1076003 1.1168178 1.1156164 1.0700308 1.0288699 1.1312236 0.9757152 0.9899368 0.9182483 0.8971005 1.1239516 0.8735691 0.8731472 0.8958826 0.9514959 2.2968946 2.3861326 2.2711321 3.0259520 
C.ZA.97.97ZA012.AF286227               0.8596191 0.9064324 0.8592333 1.0058303 1.0597337 1.0819372 1.1098523 0.7513806 0.7857254 0.7598802 0.7918846 0.7597437 0.7462029 0.6860792 0.6981092 0.4530944 0.5305519 0.3447527 0.3016766 0.0000000 0.3864478 0.3640692 0.4187719 0.4883603 0.5187261 0.5128789 0.3794549 0.4473594 0.4483696 0.4078143 0.4138678 0.7526745 0.9087011 0.8892364 0.9518255 1.0975101 0.9377194 0.9306037 1.0183042 0.9428647 0.9531873 1.0385572 1.1132740 0.8400533 0.8101197 0.7710546 0.8200640 1.1501998 1.1441053 1.1414404 1.2128437 1.1813595 1.1874386 1.2157896 1.1193146 1.1841837 1.1347052 1.1377890 1.1582435 1.1420103 1.1423202 1.0800693 1.1178986 1.2735863 1.2030348 1.1572559 1.1507105 1.1363307 1.1741866 1.1776437 1.1695779 1.1609305 1.1511909 1.1130666 1.0833839 1.1558893 1.3880751 1.1918410 1.1118647 1.1725143 1.2188464 1.1025978 1.1042487 1.1174599 1.0696449 1.0328004 1.1332256 0.9801344 0.9891947 0.9419731 0.9211067 1.1226776 0.8992319 0.8627411 0.9178598 0.9565909 2.3431576 2.4099743 2.2611717 3.0131729 
C.BW.98.98BWMC14A3.AF443078            0.8492842 0.8890225 0.8450232 0.9686619 1.0052794 1.0456363 1.0440165 0.7382762 0.7404723 0.7547355 0.7644045 0.7086101 0.7157083 0.6413701 0.6706508 0.4264515 0.4918818 0.3620492 0.3847430 0.3864478 0.0000000 0.3322989 0.3903001 0.4544585 0.4979939 0.5010332 0.3564944 0.4232757 0.4182870 0.3768223 0.4112688 0.7399169 0.8790911 0.8594780 0.8996473 1.0658538 0.8921637 0.8841989 0.9709579 0.8988326 0.9086342 1.0145905 1.1092093 0.7876068 0.7658096 0.7401588 0.7816935 1.0937514 1.0999112 1.1155660 1.1739893 1.1435200 1.1851630 1.1597254 1.0549191 1.1248536 1.0865640 1.0938980 1.1372814 1.0693561 1.0936893 1.0500515 1.0725402 1.1812816 1.1359742 1.1419120 1.1297891 1.1132474 1.1322397 1.1203538 1.1076166 1.1209773 1.1055219 1.0656577 1.0509392 1.1422057 1.3616987 1.1816758 1.1014123 1.1496417 1.1630878 1.0691466 1.0667753 1.0634326 1.0521711 1.0102418 1.1118062 0.9611232 0.9368525 0.9016066 0.8920178 1.0740409 0.8463671 0.8338317 0.8604609 0.9281054 2.2618381 2.3195949 2.2514681 2.9872538 
C.ZA.99.99ZALT4.EU293444               0.8230079 0.8774470 0.8160659 0.9367329 1.0015347 1.0134239 1.0262797 0.6948709 0.7380712 0.7214626 0.7521895 0.7096270 0.7144138 0.6232841 0.6312682 0.3852620 0.4445153 0.3323606 0.3491119 0.3640692 0.3322989 0.0000000 0.3017038 0.4152914 0.4629583 0.4653787 0.3179282 0.3881884 0.3885067 0.3463916 0.3673379 0.7224257 0.8627868 0.8522529 0.9106151 1.0528622 0.8890611 0.8798339 0.9744112 0.8865201 0.8808522 0.9967293 1.0680960 0.7741149 0.7540876 0.6930614 0.7843652 1.1041656 1.0975624 1.1119005 1.1748360 1.1440918 1.1519532 1.1665171 1.0761164 1.1256802 1.0997050 1.0982198 1.1215370 1.0973704 1.1006018 1.0548063 1.1081678 1.2332368 1.1210229 1.1054100 1.1214414 1.1146079 1.1125870 1.1461661 1.0645195 1.1165751 1.1311656 1.0798416 1.0366679 1.1250477 1.3370760 1.1737078 1.0841618 1.1412853 1.1463263 1.0473875 1.0607545 1.0585680 1.0198940 0.9667217 1.0906030 0.9340643 0.9379015 0.8774306 0.8518258 1.0708873 0.8251517 0.8144342 0.8395402 0.8782367 2.2043480 2.2903803 2.1768446 2.9472426 
C.ZA.02.02ZAPS015MB1.DQ369995          0.8872289 0.9125105 0.8618492 0.9841186 1.0467329 1.0654642 1.0669973 0.7576426 0.7671896 0.7849293 0.8070500 0.7672435 0.7478599 0.6673904 0.6896864 0.4360612 0.5030936 0.3928614 0.4085614 0.4187719 0.3903001 0.3017038 0.0000000 0.4724210 0.5137886 0.5185891 0.3711322 0.4462146 0.4370327 0.3987567 0.4189853 0.7818141 0.8912502 0.9159959 0.9603757 1.0817378 0.9378999 0.9344811 1.0184618 0.9363274 0.9476872 1.0604561 1.1440353 0.8248982 0.7913975 0.7490366 0.8183725 1.1418767 1.1537884 1.1575905 1.2151035 1.1787733 1.1956481 1.2235807 1.1261581 1.1864954 1.1357367 1.1399802 1.1739977 1.1417661 1.1618805 1.0702760 1.1256969 1.2732569 1.1913940 1.1629721 1.1549943 1.1499733 1.1754250 1.1658551 1.1333599 1.1878629 1.1603193 1.1046971 1.0935958 1.1705617 1.3949917 1.2181025 1.1037279 1.1966208 1.2027393 1.1126938 1.1132777 1.0867778 1.0674749 1.0097801 1.1297562 0.9905223 0.9853387 0.9348574 0.8953219 1.1196287 0.8936578 0.8707525 0.8938194 0.9425276 2.2644794 2.3357861 2.2670408 2.9629722 
C.GB.14.13659_1_48.3.MF109437          0.9171608 0.9575322 0.9312458 1.0209880 1.0655019 1.1286416 1.1179506 0.8167739 0.8541061 0.8521333 0.8739018 0.8047172 0.8140628 0.7174765 0.7229368 0.4815431 0.5632824 0.4552718 0.4722860 0.4883603 0.4544585 0.4152914 0.4724210 0.0000000 0.5477190 0.5194658 0.4069501 0.4874680 0.4970398 0.4480163 0.4758648 0.8193831 0.9390807 0.9522726 0.9857876 1.1252616 0.9716427 0.9869878 1.0508685 0.9884707 1.0025279 1.1009626 1.1716998 0.8897230 0.8743012 0.8032097 0.8638197 1.1808468 1.1972501 1.2060514 1.2772756 1.2270380 1.2447387 1.2303961 1.1650735 1.2071889 1.1806363 1.1895777 1.2007934 1.1807969 1.1788532 1.1163222 1.1809664 1.2938255 1.1801388 1.1916858 1.1725632 1.1481685 1.1969900 1.1977453 1.1922119 1.1817093 1.1694998 1.1294399 1.1333067 1.2170373 1.4668573 1.2594638 1.1615989 1.2369123 1.2362542 1.1073189 1.1310665 1.1254562 1.1484781 1.0595694 1.2163800 1.0344741 1.0349840 0.9788755 0.9530330 1.1771641 0.9232352 0.9153838 0.9333785 0.9901615 2.2856515 2.3321504 2.2856235 3.0534682 
BC.CN.07.07CNYN340.KF835526            0.9712432 1.0208600 0.9659079 1.0851570 1.1521464 1.1900040 1.1925772 0.8630656 0.8760601 0.9054473 0.8883157 0.8540777 0.8543893 0.7661118 0.7834972 0.5341983 0.6048879 0.4971147 0.5193347 0.5187261 0.4979939 0.4629583 0.5137886 0.5477190 0.0000000 0.4185545 0.4641689 0.5440630 0.5382596 0.4962827 0.5246224 0.8494260 1.0221564 1.0066543 1.0574902 1.1971733 1.0319239 1.0505184 1.1031838 1.0637012 1.0794223 1.1182915 1.2294605 0.9294036 0.9172930 0.8547147 0.9239432 1.2494985 1.2501233 1.2686067 1.3335925 1.3131513 1.2808503 1.3273114 1.2635017 1.2655421 1.2830441 1.2670956 1.2967232 1.2760063 1.2352971 1.2211515 1.2453026 1.3540645 1.2793804 1.2908138 1.2850357 1.2720708 1.2644490 1.2873713 1.2849795 1.2813880 1.2649313 1.2368378 1.2213247 1.2589055 1.4614196 1.3313693 1.2524482 1.2816788 1.3086047 1.2185646 1.2320103 1.2215631 1.2088293 1.1275327 1.2568156 1.1043336 1.1223032 1.0213970 1.0213744 1.1727904 0.9988585 0.9892823 0.9887373 1.0373638 2.3810523 2.4696472 2.3306608 2.9461845 
85_BC.CN.14.14CN_SCYB4.KU992932        0.9470665 0.9963473 0.9434858 1.0330880 1.1254190 1.1266420 1.1424614 0.8313143 0.8641468 0.8612795 0.8803482 0.8427595 0.8279489 0.7617699 0.7632010 0.5231566 0.6037689 0.4832451 0.5103593 0.5128789 0.5010332 0.4653787 0.5185891 0.5194658 0.4185545 0.0000000 0.4531820 0.5345908 0.5432767 0.4911965 0.5205023 0.8259066 1.0123677 0.9853816 1.0400906 1.2001989 1.0460908 1.0294833 1.1095698 1.0265722 1.0686436 1.1415814 1.2108613 0.9007147 0.8902683 0.8454210 0.9077471 1.2574174 1.2418436 1.2602899 1.2951883 1.3349539 1.2885185 1.3021299 1.2092204 1.2365022 1.2337327 1.2202919 1.2582976 1.2181443 1.2234121 1.1865419 1.2550778 1.3380674 1.2557487 1.2480086 1.2346380 1.2392665 1.2721824 1.2327960 1.2287596 1.2460744 1.2212384 1.2208520 1.1687355 1.2527198 1.5069548 1.2967831 1.2179770 1.2536357 1.2762583 1.1800437 1.1974212 1.1838170 1.1727804 1.1072189 1.2169420 1.0649567 1.0622354 1.0074617 1.0098507 1.1925405 0.9788874 0.9296282 0.9682889 1.0384641 2.2374837 2.3909825 2.3084270 3.0853761 
C.BW.00.00BW076820.AF443089            0.8262316 0.8786396 0.8215435 0.9354795 0.9777266 1.0218642 1.0179115 0.7128447 0.7189783 0.7199553 0.7281562 0.6900184 0.6848247 0.6148219 0.6289165 0.3851769 0.4551534 0.3506842 0.3640388 0.3794549 0.3564944 0.3179282 0.3711322 0.4069501 0.4641689 0.4531820 0.0000000 0.3810760 0.3807284 0.3404168 0.3616190 0.7087449 0.8124220 0.8218329 0.8470378 1.0032375 0.8593359 0.8569261 0.9480395 0.8623497 0.8695371 0.9617483 1.0619118 0.7641095 0.7324768 0.7068063 0.7632020 1.0892122 1.0794362 1.1060764 1.1728518 1.1361012 1.1303208 1.1456312 1.0556556 1.1086190 1.0939305 1.0900821 1.1088283 1.0951008 1.1032932 1.0344639 1.0696241 1.2184678 1.1161136 1.1105266 1.0986839 1.0950342 1.1071517 1.1371593 1.1017166 1.1143741 1.0889369 1.0532968 1.0175387 1.1316352 1.3549448 1.1541547 1.0820543 1.1325343 1.1484899 1.0383027 1.0549659 1.0452140 1.0320677 0.9518365 1.0927218 0.9457396 0.9536669 0.9004705 0.8618432 1.0395093 0.8307146 0.8102956 0.8577654 0.8744579 2.2273440 2.3340022 2.2430436 2.8923419 
C.ZA.04.04ZASK170B1.DQ093595           0.8542094 0.9043164 0.8493832 0.9697245 1.0278992 1.0507309 1.0361676 0.7267714 0.7519065 0.7471890 0.7744432 0.7177973 0.7264802 0.6439823 0.6612269 0.4164962 0.4828924 0.4202715 0.4438036 0.4473594 0.4232757 0.3881884 0.4462146 0.4874680 0.5440630 0.5345908 0.3810760 0.0000000 0.3291745 0.2970495 0.3512942 0.7422364 0.8795754 0.8795292 0.9085864 1.0656952 0.9150212 0.8816971 0.9919579 0.9218383 0.9075599 1.0102675 1.0911839 0.7936239 0.7657972 0.7470044 0.7964573 1.1423454 1.1228660 1.1541683 1.2152661 1.1849273 1.1675842 1.2078888 1.1161952 1.1285536 1.1408433 1.1369119 1.1389465 1.1144341 1.1021687 1.0775027 1.1303382 1.2165018 1.1477124 1.1530016 1.1337879 1.1395044 1.1493858 1.1554282 1.1389498 1.1354435 1.1469978 1.0990784 1.0654649 1.1245166 1.3696183 1.2123239 1.0851339 1.1848649 1.1596353 1.0808940 1.0648012 1.0545286 1.0648236 0.9960497 1.0976825 0.9821843 0.9781710 0.9044574 0.8926365 1.0844752 0.8795935 0.8392105 0.8737018 0.9232487 2.2826085 2.3076450 2.2329934 2.9370403 
C.TZ.02.CO6721.AY734560                0.8297560 0.8903275 0.8314298 0.9701643 1.0100343 1.0268046 1.0515571 0.7329346 0.7540135 0.7453652 0.7651764 0.7020634 0.7086450 0.6388239 0.6460053 0.4122233 0.4973453 0.4176470 0.4376867 0.4483696 0.4182870 0.3885067 0.4370327 0.4970398 0.5382596 0.5432767 0.3807284 0.3291745 0.0000000 0.2388551 0.3510426 0.7314300 0.8782055 0.8694696 0.9093567 1.0638009 0.8912195 0.8885473 0.9910891 0.9034794 0.9192439 0.9624650 1.0686515 0.7969574 0.7711318 0.7263786 0.7912766 1.1369224 1.1098333 1.1619817 1.2060275 1.1679270 1.1690610 1.1741579 1.1023757 1.1332413 1.1493109 1.1303112 1.1671907 1.1146304 1.0888686 1.0675555 1.1179008 1.2331419 1.1638479 1.1575033 1.1401516 1.1346937 1.1587894 1.1590276 1.1407931 1.1285257 1.1305435 1.0911989 1.0662542 1.1408854 1.3458968 1.2046783 1.1272407 1.1638337 1.1780063 1.0694039 1.0785479 1.0708646 1.0243895 0.9580137 1.1226608 0.9663734 0.9529029 0.8860079 0.8649158 1.0791450 0.8652583 0.8361935 0.8675185 0.9073989 2.1944220 2.2635685 2.2757497 3.0104893 
C.TZ.01.BD39_8.AY253313                0.8002316 0.8669173 0.8145531 0.9290742 0.9908127 0.9962833 1.0073137 0.6765048 0.7090600 0.7039508 0.7152415 0.6728852 0.6832660 0.5894825 0.5945862 0.3705411 0.4431330 0.3807981 0.3910691 0.4078143 0.3768223 0.3463916 0.3987567 0.4480163 0.4962827 0.4911965 0.3404168 0.2970495 0.2388551 0.0000000 0.3105881 0.6969556 0.8320956 0.8313239 0.8662274 1.0216971 0.8663708 0.8453665 0.9150079 0.8702410 0.8709157 0.9562101 1.0671387 0.7632206 0.7286317 0.6933276 0.7570749 1.0959936 1.0869809 1.1058322 1.1642292 1.1272895 1.1483782 1.1504463 1.0864138 1.1150153 1.0997317 1.1026419 1.1123001 1.0789268 1.0772021 1.0348486 1.0751674 1.1855758 1.1001809 1.1179224 1.1038966 1.1011180 1.1151128 1.1181204 1.0946205 1.0885633 1.1023218 1.0837508 1.0380247 1.1240614 1.3542029 1.1589001 1.0931040 1.1232306 1.1509324 1.0476956 1.0350658 1.0501880 1.0085893 0.9503169 1.0682371 0.9324637 0.9454647 0.8697003 0.8497959 1.0222525 0.8340822 0.8046942 0.8550807 0.8725115 2.2516776 2.3119580 2.2283973 2.9606087 
C.ZA.03.03ZAPS067MB2.DQ396389          0.8167811 0.8725214 0.8174136 0.9223271 1.0075566 1.0301549 1.0279091 0.7206137 0.7372435 0.7314107 0.7452137 0.7078646 0.7130610 0.6249489 0.6236859 0.3938399 0.4651221 0.4092108 0.4261403 0.4138678 0.4112688 0.3673379 0.4189853 0.4758648 0.5246224 0.5205023 0.3616190 0.3512942 0.3510426 0.3105881 0.0000000 0.7370264 0.8593895 0.8508142 0.8912903 1.0369905 0.8887703 0.8665872 0.9511748 0.8866588 0.8908719 0.9763974 1.0640413 0.7723303 0.7482259 0.7197406 0.7596715 1.1170778 1.1104273 1.1204614 1.1781175 1.1442305 1.1366127 1.1676190 1.0759290 1.1376456 1.1085996 1.0881467 1.1170005 1.0834973 1.0662698 1.0423144 1.0848486 1.2180367 1.1438784 1.1235580 1.1343096 1.1059236 1.1130037 1.1523604 1.0888112 1.0987529 1.1117738 1.0766458 1.0707846 1.1172941 1.3584345 1.1435371 1.0963172 1.1486785 1.1597011 1.0502461 1.0716461 1.0350049 1.0226269 0.9590709 1.0802535 0.9575890 0.9645781 0.8867767 0.8699335 1.0528791 0.8477377 0.8362492 0.8680510 0.9111871 2.2192241 2.3364620 2.1620632 2.9958640 
A1D.UG.99.99UGJ21953.AF484496          0.5705545 0.6207444 0.5909745 0.6667767 0.7282689 0.7677350 0.7781970 0.4479037 0.4748907 0.4815966 0.4926673 0.4410364 0.4453565 0.4781646 0.7333874 0.7190331 0.7910603 0.7252716 0.7558828 0.7526745 0.7399169 0.7224257 0.7818141 0.8193831 0.8494260 0.8259066 0.7087449 0.7422364 0.7314300 0.6969556 0.7370264 0.0000000 0.5935768 0.5945302 0.6377862 0.7960470 0.6243336 0.6163079 0.7119665 0.6229812 0.6303468 0.7271498 0.8046403 0.5303501 0.4970921 0.4630816 0.5344598 0.8409887 0.8316232 0.8752801 0.9385482 0.8915218 0.9135282 0.9013135 0.8455702 0.8777786 0.8494116 0.8356330 0.8860568 0.8753156 0.8225769 0.7962017 0.8544775 0.9499063 0.9174369 0.8759661 0.8996024 0.8875699 0.8982527 0.8963864 0.8672872 0.8771692 0.8517664 0.8202770 0.8324723 0.8920072 1.1265713 0.9067817 0.8434926 0.8826670 0.9094186 0.8060925 0.8154050 0.7956301 0.7749177 0.7061250 0.8471723 0.7036275 0.6727598 0.6242774 0.6067880 0.8212384 0.5809803 0.5838047 0.5946595 0.6478166 1.9554726 2.0053800 1.8895998 2.7329788 
01_AE.CN.02.YN0236.JX112866            0.5937259 0.6595088 0.6308191 0.6873083 0.7706471 0.7782759 0.8129318 0.5351566 0.5512991 0.5747169 0.5725013 0.5200302 0.5234544 0.5937719 0.8671809 0.8374102 0.9019834 0.8671748 0.8789779 0.9087011 0.8790911 0.8627868 0.8912502 0.9390807 1.0221564 1.0123677 0.8124220 0.8795754 0.8782055 0.8320956 0.8593895 0.5935768 0.0000000 0.1613435 0.2084082 0.3762320 0.2110957 0.2094630 0.2965524 0.2215782 0.2484636 0.4454605 0.5161774 0.4179041 0.5068410 0.4949224 0.5567235 0.8947825 0.8979408 0.9313698 0.9576635 0.9327976 0.9422034 0.9438587 0.8647312 0.9096225 0.8927109 0.8950273 0.9096758 0.8847162 0.8832434 0.8549689 0.8947338 0.9857504 0.9338127 0.9222258 0.9452116 0.9274965 0.9260681 0.9383007 0.8928224 0.9108525 0.8829845 0.8723285 0.8613176 0.9295521 1.1855791 0.9438732 0.8845012 0.9475920 0.9464995 0.8726282 0.8633440 0.8638793 0.8402529 0.7707208 0.9002836 0.7337884 0.7078236 0.6585370 0.6331394 0.8370025 0.6316475 0.6452354 0.6229414 0.6785883 2.0040456 2.0699411 1.9836155 2.7044756 
01_AE.TH.99.99TH_C4460.AY945726        0.5863178 0.6524283 0.6419235 0.7008004 0.7904215 0.7770833 0.8136781 0.5442363 0.5624235 0.5704522 0.5842167 0.5220490 0.5289180 0.5923539 0.8639708 0.8318873 0.8971471 0.8728203 0.8598149 0.8892364 0.8594780 0.8522529 0.9159959 0.9522726 1.0066543 0.9853816 0.8218329 0.8795292 0.8694696 0.8313239 0.8508142 0.5945302 0.1613435 0.0000000 0.2104316 0.3726350 0.2097136 0.2118301 0.3016500 0.2144890 0.2415610 0.4518115 0.5205232 0.4249773 0.5093400 0.5044371 0.5496293 0.8877322 0.8996451 0.9229000 0.9397143 0.9370740 0.9537879 0.9467318 0.8660407 0.9031141 0.8916869 0.8994739 0.9018878 0.9011909 0.8846349 0.8507211 0.8825179 1.0060271 0.9451179 0.9216036 0.9509446 0.9273989 0.9208853 0.9350445 0.8860174 0.8988219 0.8755510 0.8846303 0.8730393 0.9123499 1.1571975 0.9690061 0.8944298 0.9406783 0.9343314 0.8603592 0.8504784 0.8790248 0.8434760 0.7673492 0.9024335 0.7436716 0.7115391 0.6587057 0.6452586 0.8447164 0.6178764 0.6480127 0.6178811 0.6876530 1.9807927 2.0527622 1.9694446 2.7518896 
01_AE.CN.07.GX070143.JX112835          0.6260112 0.6974742 0.6701844 0.7352536 0.8167572 0.8229858 0.8477237 0.5958638 0.6022825 0.6240416 0.6198612 0.5712667 0.5700066 0.6365820 0.8919258 0.8865381 0.9377165 0.9032934 0.9290229 0.9518255 0.8996473 0.9106151 0.9603757 0.9857876 1.0574902 1.0400906 0.8470378 0.9085864 0.9093567 0.8662274 0.8912903 0.6377862 0.2084082 0.2104316 0.0000000 0.4208116 0.2466887 0.2559100 0.3428003 0.2588350 0.2792046 0.4795996 0.5582565 0.4682822 0.5609576 0.5492352 0.5901693 0.9472646 0.9353308 0.9727882 0.9996930 1.0016606 0.9797327 1.0033139 0.8992667 0.9530857 0.9450046 0.9263983 0.9750801 0.9464008 0.9224146 0.8852066 0.9329070 1.0337481 0.9931339 0.9453682 0.9859363 0.9682690 0.9711052 0.9715657 0.9402588 0.9399910 0.9195457 0.9061767 0.8775628 0.9529362 1.1945608 0.9983445 0.9202857 0.9963228 0.9883692 0.8876338 0.8863030 0.9110271 0.8587804 0.8115702 0.9541145 0.7729905 0.7413824 0.6872181 0.6889167 0.8652852 0.6560079 0.6763154 0.6654427 0.7355212 2.0227457 2.0819603 2.0450166 2.7930078 
69_01B.JP.05.05JPMYC113SP420.LC027100  0.7816648 0.8565133 0.8104365 0.8850042 0.9684462 0.9751063 0.9966559 0.7315279 0.7617035 0.7757650 0.7817516 0.7207446 0.7262600 0.7763997 1.0456341 1.0340239 1.1254861 1.0544980 1.0986065 1.0975101 1.0658538 1.0528622 1.0817378 1.1252616 1.1971733 1.2001989 1.0032375 1.0656952 1.0638009 1.0216971 1.0369905 0.7960470 0.3762320 0.3726350 0.4208116 0.0000000 0.4093779 0.4262150 0.5097031 0.4231498 0.4554570 0.6399930 0.7084392 0.6317963 0.6913921 0.6824418 0.7500800 1.0877776 1.0763108 1.1155280 1.1655097 1.1479511 1.1457189 1.1333694 1.0597393 1.1016910 1.0798066 1.0780700 1.0775021 1.0936347 1.0632123 1.0346003 1.0932112 1.1711589 1.1051443 1.1017100 1.1025568 1.0883299 1.0960406 1.1302878 1.0819452 1.1042759 1.0847505 1.0613485 1.0702750 1.1324108 1.3610566 1.1525430 1.0840256 1.1519667 1.1209952 1.0533517 1.0434237 1.0452849 1.0236762 0.9341494 1.0976121 0.9110206 0.9181050 0.8674595 0.8405613 1.0242953 0.8380914 0.8336004 0.8387128 0.8963900 2.2665625 2.2688224 2.1960641 2.8979518 
01_AE.TH.07.AA030a04.JX447057          0.6184970 0.6872024 0.6513732 0.7320581 0.7868095 0.7969020 0.8397890 0.5485631 0.5816099 0.6000965 0.5850758 0.5575091 0.5420391 0.6265416 0.8817026 0.8624463 0.9216567 0.9054358 0.9207264 0.9377194 0.8921637 0.8890611 0.9378999 0.9716427 1.0319239 1.0460908 0.8593359 0.9150212 0.8912195 0.8663708 0.8887703 0.6243336 0.2110957 0.2097136 0.2466887 0.4093779 0.0000000 0.2309953 0.3283926 0.2438639 0.2764225 0.4660717 0.5493914 0.4437209 0.5436951 0.5261428 0.5768660 0.9158579 0.9136001 0.9513695 0.9906052 0.9490135 0.9638306 0.9752866 0.8951002 0.9364723 0.9087384 0.9022792 0.9341222 0.9252443 0.8933392 0.8721647 0.8934529 1.0148966 0.9678824 0.9459774 0.9717568 0.9511607 0.9605060 0.9548961 0.9143895 0.9172287 0.9198723 0.9119029 0.8825207 0.9499511 1.1798188 0.9574159 0.9060938 0.9443811 0.9625832 0.8741241 0.8878942 0.8886320 0.8435745 0.8094678 0.9215905 0.7666596 0.7229196 0.6974499 0.6799291 0.8658116 0.6473793 0.6687664 0.6584038 0.7157859 2.0001734 2.0786304 2.0047907 2.7132848 
01_AE.CN.07.07CNYN326.KF835513         0.6217491 0.6898467 0.6477783 0.7303755 0.8115212 0.8212223 0.8424148 0.5617307 0.5688954 0.5955354 0.5989129 0.5466180 0.5484740 0.6075886 0.8819919 0.8586077 0.9359673 0.8952781 0.8894948 0.9306037 0.8841989 0.8798339 0.9344811 0.9869878 1.0505184 1.0294833 0.8569261 0.8816971 0.8885473 0.8453665 0.8665872 0.6163079 0.2094630 0.2118301 0.2559100 0.4262150 0.2309953 0.0000000 0.3342549 0.2518544 0.2752060 0.4704457 0.5392467 0.4495535 0.5368018 0.5229176 0.5802067 0.9225566 0.9173807 0.9392684 0.9619453 0.9604508 0.9816642 0.9731104 0.8843133 0.9174370 0.9130221 0.9388327 0.9340701 0.9199253 0.8982219 0.8717934 0.9088779 1.0066953 0.9590107 0.9503117 0.9644962 0.9445812 0.9548581 0.9557472 0.9082742 0.9453346 0.9208068 0.8919157 0.9010631 0.9396890 1.1904758 0.9460079 0.9028648 0.9692701 0.9594257 0.8750693 0.8780103 0.8838438 0.8474434 0.7832785 0.9397760 0.7533265 0.7402464 0.6935274 0.6725247 0.8582160 0.6406359 0.6667808 0.6490372 0.7203356 1.9712562 2.0540456 2.0136896 2.7578399 
