100
F1.BR.10.DEMF110BR015.KU749395         0.0000000 1.1365886 1.3159438 1.2355656 1.1988817 1.1947302 1.1068371 1.1156027 1.1356923 1.1432885 1.1116347 1.1484694 1.1261370 1.1624636 1.1180014 1.1445914 1.1646335 1.1451201 1.2222891 0.9950790 0.9413585 0.9360583 0.9232988 0.9271013 0.9579225 0.8924206 0.9487335 0.9237274 0.9150061 0.9092720 0.9063977 0.8591227 0.8938982 0.8969184 0.9760278 0.9531981 0.8948258 0.9315132 0.9228428 0.8636498 0.8644324 0.9347844 0.8432179 0.9028913 0.9125947 0.8772729 0.8898475 0.8887707 0.8678853 0.9109472 0.8916764 0.8732099 0.8831782 0.8328517 0.7642534 0.8414456 0.8013768 0.7596478 0.9740677 0.9651156 0.9602228 0.8897957 0.9394080 1.0509454 1.1770311 0.8715999 0.8135498 0.8146024 0.7448822 0.8320570 0.7837293 0.7883411 0.7707163 0.8250067 0.7964064 0.7585868 1.1274121 0.9931529 0.9600941 0.9407072 0.9801432 0.9622007 0.9796123 0.9376295 0.9410451 0.8996851 0.8499166 0.8515006 0.8495936 0.8366719 0.8478647 0.8123537 0.8519541 0.8299269 0.8314868 0.8065697 2.8799894 2.0687857 2.1255578 2.1393909 
A1C.IN.15.SC017.KY713232               1.1365886 0.0000000 0.8140803 0.7681594 0.6939729 0.7286895 0.6073793 0.6351276 0.6557285 0.6525807 0.6398579 0.6492670 0.5986145 0.6782198 0.6223053 0.6508894 0.6641258 0.6630877 1.4463576 1.2074129 1.2218385 1.1344215 1.1494360 1.1895951 1.1691412 1.1352971 1.1716277 1.1560226 1.1406358 1.1855686 1.1537370 1.1067955 1.1550662 1.1148676 1.1936209 1.1653198 1.1446062 1.2103878 1.1662337 1.0994592 1.0930973 1.1767450 1.0978097 1.1516557 1.1654072 1.1256567 1.1561131 1.1279669 1.1171823 1.1229628 1.1253218 1.1047170 1.1195444 1.0613542 1.0185015 1.0598236 1.0759510 0.9651259 1.0734970 1.0551169 1.0703596 0.9619652 0.9874231 1.0358061 1.1270348 0.9276922 0.8651630 0.8907751 0.8227612 0.9257590 0.8550888 0.8366311 0.8447908 0.9141747 0.8913194 0.7953275 1.0832325 0.9703163 0.9266364 0.9009792 0.9326007 0.9341812 0.9267010 0.9034852 0.8969856 0.6374703 0.7967009 0.7476648 0.7880308 0.7208973 0.7566725 0.7185606 0.7412968 0.7306323 0.7805667 0.7394033 2.9919973 2.3321068 2.3795155 2.3987198 
BC.CN.07.07CNYN340.KF835526            1.3159438 0.8140803 0.0000000 0.4132323 0.6309966 0.5526077 0.5771204 0.5365978 0.5888806 0.5759598 0.5297676 0.5388117 0.4667564 0.5346718 0.4734167 0.5151252 0.5504313 0.5191744 1.5832006 1.3774537 1.3371297 1.3318767 1.3148854 1.3276538 1.3617207 1.3003416 1.3280060 1.2761223 1.2931359 1.3168378 1.3122839 1.2893296 1.3064974 1.2987039 1.3275121 1.3577788 1.2795548 1.3551791 1.3346892 1.2369721 1.2565123 1.3414336 1.2514711 1.3282523 1.3306052 1.2862777 1.2994138 1.3362636 1.3050399 1.3158883 1.3206389 1.2519999 1.2949259 1.2265854 1.1306812 1.1845266 1.2038309 1.0820356 1.1825600 1.1797641 1.1912788 1.0518872 1.1223859 1.1732341 1.2204164 1.1056718 1.0103035 1.0177497 0.9704364 1.0654597 0.9893758 0.9766986 0.9780701 1.0514799 1.0194271 0.9462641 1.2153225 1.1394566 1.0768247 1.0414774 1.0612954 1.0712418 1.0359697 1.0123209 1.0169506 0.7741325 0.9326794 0.8690303 0.8974610 0.8512533 0.9003001 0.8326385 0.8989862 0.8530636 0.8787642 0.8677739 3.1802096 2.5322834 2.6679907 2.5605141 
85_BC.CN.14.14CN_SCYB4.KU992932        1.2355656 0.7681594 0.4132323 0.0000000 0.5824052 0.5126670 0.5179055 0.4986482 0.5304764 0.5339299 0.5041370 0.4870432 0.4372224 0.5127359 0.4462106 0.4846043 0.5155723 0.4854174 1.5669989 1.3452717 1.3175184 1.2781507 1.2799553 1.2470009 1.2700514 1.2293993 1.2627554 1.2370969 1.2349563 1.2330630 1.2508806 1.2135908 1.2892617 1.2254736 1.3018026 1.3173679 1.2451139 1.2848765 1.2693778 1.1885458 1.1875356 1.2790343 1.1900383 1.2404918 1.2516173 1.2202890 1.2614170 1.2381344 1.2172650 1.2299677 1.2304937 1.2191013 1.2378314 1.1675648 1.0944295 1.1260232 1.1393244 1.0410295 1.1665167 1.1321335 1.1438150 1.0129436 1.0642282 1.1001467 1.1908212 1.0297672 0.9426631 0.9606216 0.9281986 1.0125790 0.9399389 0.9399176 0.9378363 0.9939573 0.9674994 0.9126760 1.1730409 1.0771199 1.0124992 0.9618306 1.0087844 1.0013351 0.9706471 0.9525802 0.9608610 0.7261989 0.8647663 0.8259633 0.8665158 0.8008992 0.8409322 0.7962318 0.8375937 0.8131304 0.8622404 0.8178958 3.1564420 2.4838768 2.5654344 2.5153483 
C.SE.09.035ZA.MF373148                 1.1988817 0.6939729 0.6309966 0.5824052 0.0000000 0.5595579 0.4309269 0.4698114 0.4871917 0.4849149 0.4495580 0.4980483 0.4296800 0.5099202 0.4554306 0.4970544 0.5065312 0.4944474 1.4859791 1.2989274 1.2870284 1.2507408 1.2372287 1.1947680 1.2191760 1.1619234 1.2334153 1.1836572 1.1823157 1.2201766 1.1973856 1.1309417 1.1883838 1.1588203 1.2098041 1.2313652 1.2074704 1.2208004 1.2408062 1.1452804 1.1535250 1.2034962 1.1568317 1.2097265 1.1908777 1.1651935 1.1871665 1.1763291 1.1860151 1.2210439 1.1638288 1.1506548 1.1512349 1.1128295 1.0893735 1.1066498 1.1117335 1.0417614 1.0965839 1.0985114 1.0658455 0.9677730 1.0418675 1.0636895 1.2025444 0.9796288 0.9212000 0.9604767 0.8955202 0.9637595 0.9108869 0.8834588 0.9190725 0.9764326 0.9442373 0.8392336 1.1373757 1.0589343 0.9852715 0.9506848 0.9879585 0.9992601 0.9476738 0.9440520 0.9375814 0.6505478 0.8330727 0.7863337 0.7826498 0.7545671 0.8123911 0.7686565 0.7953296 0.7805231 0.8127381 0.7832178 2.9986364 2.3888013 2.3323883 2.3525804 
C.GB.14.13659_1_48.3.MF109437          1.1947302 0.7286895 0.5526077 0.5126670 0.5595579 0.0000000 0.4922727 0.4662626 0.5000466 0.5076054 0.4704892 0.4720912 0.4074764 0.4665435 0.4204645 0.4708015 0.4735255 0.4624537 1.5148834 1.2870565 1.2475625 1.2351484 1.2470672 1.2360756 1.2220557 1.2162175 1.2423781 1.2025332 1.2010312 1.2004159 1.2156180 1.1403950 1.2136317 1.1987459 1.2250899 1.2743149 1.1973872 1.2479862 1.2282005 1.1434550 1.1806613 1.2402025 1.1570326 1.2169050 1.2359296 1.1744211 1.1800529 1.2013217 1.1917608 1.2040295 1.1779159 1.1549687 1.1750647 1.1328740 1.0499108 1.1034758 1.1058432 1.0095907 1.1033196 1.0903585 1.1106163 1.0043005 1.0361312 1.1019610 1.1810228 1.0088573 0.9188232 0.9427062 0.8983039 0.9524281 0.9269720 0.9090594 0.9246909 0.9499981 0.9311549 0.8677785 1.1630079 1.0266344 0.9811089 0.9331179 0.9821629 0.9902645 0.9604177 0.9353014 0.9390309 0.6961792 0.8494675 0.7946166 0.8080389 0.7770136 0.8018132 0.7688894 0.8300583 0.7970437 0.8264876 0.8231351 3.0316897 2.4263942 2.5132352 2.4900854 
C.IL.99.99ET14.AY255825                1.1068371 0.6073793 0.5771204 0.5179055 0.4309269 0.4922727 0.0000000 0.3965949 0.4218502 0.4143196 0.3878586 0.4231866 0.3636227 0.4337836 0.3769806 0.4192085 0.4329826 0.4270940 1.4163880 1.1883351 1.1786495 1.1390741 1.1228387 1.1244821 1.1530748 1.0948993 1.1535752 1.1138954 1.1151157 1.1182528 1.1081288 1.0319216 1.1431118 1.0857920 1.1597061 1.1565057 1.1027191 1.1477825 1.1612442 1.0639102 1.0706266 1.1420649 1.0496391 1.1209203 1.1228914 1.0971189 1.0988005 1.1087733 1.0878568 1.1108044 1.0911464 1.0950930 1.0772549 1.0369813 0.9777717 1.0408573 1.0050101 0.9274396 1.0405841 1.0243964 1.0160049 0.9061717 0.9583093 0.9835663 1.0529642 0.9056123 0.8175754 0.8849983 0.7894313 0.8930408 0.8313585 0.8383442 0.8247992 0.8729829 0.8352412 0.7764975 1.0665917 0.9531299 0.8826724 0.8398889 0.8760474 0.8763008 0.8616304 0.8446150 0.8404121 0.5849251 0.7547449 0.7027023 0.7223686 0.6536356 0.7158872 0.6719583 0.6924763 0.6920203 0.7415002 0.7063938 2.9492113 2.3138817 2.2955457 2.2910457 
C.ZA.03.03ZAPS067MB2.DQ396389          1.1156027 0.6351276 0.5365978 0.4986482 0.4698114 0.4662626 0.3965949 0.0000000 0.3629395 0.3629058 0.3328164 0.4068754 0.3445067 0.4162819 0.3648119 0.4050554 0.4196783 0.4153642 1.4024916 1.2407482 1.2101354 1.1443043 1.1481797 1.1443011 1.1630279 1.1333866 1.1797656 1.1477756 1.1450712 1.1489011 1.1439159 1.0906203 1.1465803 1.1270411 1.1719683 1.1762558 1.1127759 1.1478656 1.1710096 1.0682146 1.0835101 1.1645481 1.1093307 1.1643903 1.1297936 1.1055291 1.1113570 1.1445795 1.1174849 1.1510811 1.0808671 1.0784109 1.0927122 1.0459064 0.9832671 1.0409580 1.0331439 0.9398151 1.0382320 1.0223890 1.0491146 0.9314302 0.9805399 0.9930515 1.0791501 0.9081755 0.8497520 0.8734635 0.8072017 0.8821884 0.8312652 0.8260113 0.8386449 0.8842045 0.8693936 0.7857920 1.0850777 0.9700538 0.9062756 0.8678540 0.8874164 0.9137546 0.8743495 0.8627985 0.8479762 0.5997708 0.7652375 0.7080607 0.7353612 0.7098670 0.7368949 0.6834220 0.7202127 0.7008205 0.7569145 0.7207448 2.8733722 2.3091728 2.3201318 2.3148385 
C.ZA.04.04ZASK170B1.DQ093595           1.1356923 0.6557285 0.5888806 0.5304764 0.4871917 0.5000466 0.4218502 0.3629395 0.0000000 0.3449511 0.3119981 0.4296393 0.3746458 0.4530348 0.3991425 0.4405170 0.4484035 0.4293691 1.4107950 1.1950810 1.2215626 1.1774519 1.1622359 1.1885961 1.1848091 1.1354977 1.2214695 1.1728274 1.1613310 1.1417067 1.1559598 1.1247306 1.1515086 1.1165219 1.2035103 1.1612174 1.1492199 1.1944142 1.1864967 1.0937659 1.0927138 1.1775778 1.0911620 1.1490838 1.1622043 1.1174553 1.1537819 1.1530198 1.1303687 1.1349334 1.1291626 1.1229062 1.1254579 1.0824101 1.0262997 1.0597284 1.0471469 0.9909797 1.0733866 1.0899222 1.0658449 0.9544246 1.0042088 1.0158167 1.1144646 0.9481089 0.8785005 0.9268916 0.8664403 0.9516226 0.8855840 0.8868594 0.8864394 0.9273894 0.9043848 0.8010117 1.0941285 1.0086877 0.9231275 0.9066139 0.9395048 0.9214453 0.9172231 0.8857207 0.9151506 0.6316125 0.7961575 0.7533757 0.7772137 0.7145972 0.7567673 0.7164992 0.7649175 0.7295645 0.7742489 0.7408161 2.9230394 2.4129160 2.3896002 2.3505047 
C.TZ.02.CO6721.AY734560                1.1432885 0.6525807 0.5759598 0.5339299 0.4849149 0.5076054 0.4143196 0.3629058 0.3449511 0.0000000 0.2439030 0.4201093 0.3689932 0.4429411 0.3931855 0.4251725 0.4403263 0.4297332 1.4568570 1.2302286 1.2074137 1.1532280 1.1454225 1.1592397 1.1800081 1.1525172 1.1913120 1.1673303 1.1599162 1.1822409 1.1388716 1.1027367 1.1965711 1.1406816 1.2289865 1.1859395 1.1648354 1.1805934 1.2189175 1.0976985 1.1230257 1.1828558 1.0914972 1.1606917 1.1750927 1.1260659 1.1807292 1.1716506 1.1537937 1.1547402 1.1410095 1.1312998 1.1192285 1.0885457 1.0323862 1.0839030 1.0606353 0.9664070 1.0827248 1.0915953 1.0542782 0.9673579 1.0224811 1.0111755 1.1238194 0.9498180 0.8853815 0.9287160 0.8606635 0.9492191 0.8731684 0.8647768 0.8698537 0.9146378 0.9186235 0.8062785 1.0929682 0.9930374 0.9192766 0.9120490 0.9208350 0.9295143 0.9114311 0.8829183 0.8901903 0.6295025 0.7839095 0.7513706 0.7691072 0.7150805 0.7769302 0.7117303 0.7470143 0.7388551 0.7728592 0.7520817 2.9424347 2.3671746 2.2618313 2.3032414 
C.TZ.01.BD39_8.AY253313                1.1116347 0.6398579 0.5297676 0.5041370 0.4495580 0.4704892 0.3878586 0.3328164 0.3119981 0.2439030 0.0000000 0.3919243 0.3372480 0.4181537 0.3610988 0.3928944 0.4091182 0.3946070 1.3668406 1.1928123 1.1685351 1.1143536 1.1198756 1.1331345 1.1553081 1.1307370 1.1600234 1.1235692 1.1143479 1.1209839 1.1363265 1.0656704 1.1372335 1.0714492 1.1429692 1.1550774 1.0971880 1.1300930 1.1734535 1.0608458 1.0590255 1.1216424 1.0528392 1.1260939 1.1307342 1.0656865 1.1095322 1.0948975 1.0807452 1.1020488 1.0804587 1.0876261 1.0619248 1.0449559 0.9821015 1.0334594 1.0466173 0.9593469 1.0238525 1.0375283 1.0282188 0.9156921 0.9711328 0.9971468 1.0977229 0.9200858 0.8302294 0.8824275 0.8250959 0.9079633 0.8403011 0.8369732 0.8349144 0.8875604 0.8785649 0.7697714 1.0448036 0.9669368 0.8748163 0.8761049 0.9002165 0.8865608 0.8555663 0.8556010 0.8565218 0.5942070 0.7626722 0.7331155 0.7377994 0.6890447 0.7389397 0.6853175 0.7194572 0.7005295 0.7394380 0.7138876 2.8587917 2.3344425 2.3042800 2.2904346 
C.BW.98.98BWMC14A3.AF443078            1.1484694 0.6492670 0.5388117 0.4870432 0.4980483 0.4720912 0.4231866 0.4068754 0.4296393 0.4201093 0.3919243 0.0000000 0.3396836 0.3905411 0.3355733 0.3630124 0.3965819 0.3675187 1.4638931 1.2366862 1.2488084 1.1706050 1.1884620 1.2302397 1.2086034 1.1828656 1.2162374 1.1996425 1.2005533 1.1942696 1.1711080 1.1149453 1.1789579 1.1304081 1.2169151 1.2251292 1.1846154 1.2057212 1.2009754 1.1415815 1.1294191 1.1831767 1.1318151 1.1679879 1.1792817 1.1560042 1.1822647 1.1645071 1.1500293 1.1864057 1.1578875 1.1358358 1.1743405 1.1118426 1.0281971 1.0736319 1.0591966 0.9646043 1.0690220 1.0842268 1.0518223 0.9659747 1.0118873 1.0236450 1.1345453 0.9698440 0.9037865 0.9257962 0.8567147 0.9409212 0.8924855 0.8796360 0.8867225 0.9232773 0.8952475 0.8351679 1.1169898 1.0219383 0.9365713 0.9006591 0.9468513 0.9302082 0.9134088 0.8976792 0.8997239 0.6412735 0.7951616 0.7715487 0.7912321 0.7165273 0.7690007 0.7157888 0.7626115 0.7687088 0.7795800 0.7675867 2.8670826 2.3939986 2.3279796 2.3371703 
C.BW.00.00BW076820.AF443089            1.1261370 0.5986145 0.4667564 0.4372224 0.4296800 0.4074764 0.3636227 0.3445067 0.3746458 0.3689932 0.3372480 0.3396836 0.0000000 0.3544037 0.3036795 0.3339722 0.3564697 0.3363722 1.3597744 1.1728091 1.1604512 1.1325338 1.1162564 1.1389506 1.1726239 1.1128824 1.1504248 1.1145107 1.1030276 1.0935595 1.1309054 1.0694567 1.1349164 1.0782353 1.1515636 1.1703720 1.1068588 1.1561482 1.1326062 1.0661643 1.0694102 1.1127599 1.0661045 1.0962138 1.0978971 1.0981662 1.1300386 1.0965628 1.0793490 1.1300800 1.0888349 1.0646445 1.0882658 1.0232459 0.9546861 1.0384799 1.0225592 0.9121087 0.9999534 1.0405497 1.0078617 0.9014719 0.9532386 0.9721657 1.0352342 0.8965153 0.8161022 0.8453930 0.7849380 0.8738975 0.8149047 0.7941613 0.8029346 0.8815383 0.8540152 0.7631520 1.0496929 0.9365008 0.8545946 0.8316007 0.8747045 0.8758676 0.8450951 0.8345818 0.8246411 0.5810392 0.7490667 0.6948652 0.7145009 0.6638332 0.6998411 0.6440704 0.6873304 0.6894590 0.7081144 0.6978791 2.9141896 2.3585042 2.3626298 2.3561002 
C.ZA.02.02ZAPS015MB1.DQ369995          1.1624636 0.6782198 0.5346718 0.5127359 0.5099202 0.4665435 0.4337836 0.4162819 0.4530348 0.4429411 0.4181537 0.3905411 0.3544037 0.0000000 0.2969639 0.3882450 0.4081663 0.3832812 1.4332209 1.2454585 1.2196728 1.2058569 1.2027368 1.1978070 1.1851769 1.1885878 1.1943018 1.1850562 1.1638492 1.2154407 1.1906865 1.1202249 1.1757371 1.1508514 1.2412771 1.2441003 1.1778367 1.2230513 1.2116455 1.1117584 1.1268885 1.1904375 1.1324745 1.1939614 1.2100196 1.1554995 1.1825496 1.1609463 1.1452695 1.1658502 1.1560186 1.1218395 1.1553876 1.1242929 1.0435747 1.0641886 1.0669942 0.9957638 1.0742159 1.0924060 1.0982459 0.9645684 1.0149761 1.0572193 1.1558255 0.9748847 0.9009581 0.9146070 0.8678649 0.9412590 0.8631127 0.8796387 0.8778303 0.9143447 0.9124449 0.8339134 1.1526436 0.9979728 0.9366594 0.9197551 0.9569060 0.9483250 0.9070225 0.9083143 0.8972160 0.6353148 0.8174672 0.7650838 0.7914244 0.7267575 0.7647863 0.7158769 0.7702732 0.7461921 0.7812224 0.7676073 3.0875824 2.3982100 2.3851056 2.3783205 
C.ZA.99.99ZALT4.EU293444               1.1180014 0.6223053 0.4734167 0.4462106 0.4554306 0.4204645 0.3769806 0.3648119 0.3991425 0.3931855 0.3610988 0.3355733 0.3036795 0.2969639 0.0000000 0.3365872 0.3649928 0.3402463 1.3957814 1.1598253 1.1769985 1.1302300 1.1283473 1.1475248 1.1312034 1.1174493 1.1481046 1.1276128 1.1065885 1.1529087 1.1389711 1.0819380 1.1280407 1.0980266 1.1792853 1.1799537 1.1181958 1.1594320 1.1625813 1.0637877 1.0896475 1.1533299 1.0623174 1.1502476 1.1187651 1.1200007 1.1400381 1.1137421 1.1295253 1.1163288 1.0802442 1.0910751 1.1081622 1.0381341 0.9864429 1.0322436 1.0115604 0.9224791 1.0253103 1.0285294 1.0214547 0.9192778 0.9794178 1.0084721 1.0403187 0.9195241 0.8455335 0.8718609 0.8159948 0.8936527 0.8325436 0.8222409 0.8261955 0.8570926 0.8580486 0.7642766 1.0352733 0.9513172 0.8835301 0.8516383 0.8961015 0.9103769 0.8643413 0.8406431 0.8413995 0.5823188 0.7500409 0.6886165 0.7188211 0.6599195 0.7034356 0.6597318 0.7015290 0.6837806 0.7175860 0.7149578 2.9043378 2.3747038 2.2955641 2.3257948 
C.ZA.04.04ZASK135B1.DQ011166           1.1445914 0.6508894 0.5151252 0.4846043 0.4970544 0.4708015 0.4192085 0.4050554 0.4405170 0.4251725 0.3928944 0.3630124 0.3339722 0.3882450 0.3365872 0.0000000 0.3430228 0.3285292 1.4113592 1.2104972 1.1640341 1.1419683 1.1553695 1.1749175 1.1827688 1.1422220 1.1572855 1.1368278 1.1351401 1.1770750 1.1421710 1.0786585 1.1366412 1.1245574 1.2009843 1.1776805 1.1282474 1.1656806 1.1572729 1.0743681 1.0923063 1.1608386 1.0788979 1.1472150 1.1372225 1.1232186 1.1270584 1.1330378 1.1186814 1.1244690 1.0861693 1.0874299 1.1008514 1.0439244 1.0148684 1.0974041 1.0730201 0.9517127 1.0410198 1.0618353 1.0622716 0.9531963 0.9969766 0.9993743 1.1089929 0.9266937 0.8643840 0.8889251 0.8329352 0.8856377 0.8335945 0.8379660 0.8374938 0.8953891 0.8763449 0.7852614 1.0723857 0.9577277 0.9106367 0.8670066 0.9032738 0.9045161 0.8792982 0.8569987 0.8562036 0.6098884 0.7687202 0.7543816 0.7405568 0.7069332 0.7528745 0.6998390 0.7556090 0.7231038 0.7572619 0.7439421 2.9695851 2.2802239 2.3416419 2.3321126 
C.ZA.97.97ZA012.AF286227               1.1646335 0.6641258 0.5504313 0.5155723 0.5065312 0.4735255 0.4329826 0.4196783 0.4484035 0.4403263 0.4091182 0.3965819 0.3564697 0.4081663 0.3649928 0.3430228 0.0000000 0.2914254 1.4549814 1.2278055 1.2222041 1.1800585 1.1888982 1.1723798 1.1857874 1.1850088 1.1837466 1.1755712 1.1821122 1.1764470 1.1761015 1.1188430 1.1944467 1.1233457 1.2138333 1.1994390 1.1828804 1.1832820 1.2082706 1.1096678 1.1447666 1.2011941 1.1086921 1.1764668 1.1825332 1.1459132 1.1577606 1.1456054 1.1484907 1.1751827 1.1337139 1.1423350 1.1317344 1.0876683 1.0314275 1.0961862 1.0869826 0.9801741 1.0953779 1.1063235 1.0774766 0.9519301 1.0397142 1.0622814 1.1442700 0.9731872 0.8769833 0.9151641 0.8656150 0.9380128 0.8751252 0.8452562 0.8950785 0.9431171 0.9067575 0.8419171 1.0943962 1.0086314 0.9656530 0.9211982 0.9664841 0.9416908 0.9205207 0.9401660 0.9068474 0.6488436 0.8078607 0.7599931 0.7646156 0.7296115 0.7731173 0.7142623 0.7591334 0.7316812 0.7909642 0.7571296 2.9899456 2.3422389 2.3211216 2.3302446 
C.ZA.03.03ZAPS130MB1.DQ275658          1.1451201 0.6630877 0.5191744 0.4854174 0.4944474 0.4624537 0.4270940 0.4153642 0.4293691 0.4297332 0.3946070 0.3675187 0.3363722 0.3832812 0.3402463 0.3285292 0.2914254 0.0000000 1.4273659 1.2018557 1.2350152 1.1512215 1.1568296 1.1918921 1.1831490 1.1599466 1.1860782 1.1682469 1.1713202 1.1525265 1.1801838 1.1156017 1.1904627 1.1444408 1.1938613 1.1959417 1.1548149 1.2009551 1.2212819 1.1088559 1.1034886 1.1723605 1.1210450 1.1618380 1.2016347 1.1510823 1.1453234 1.1700173 1.1251696 1.1731930 1.1427333 1.1205951 1.1298794 1.0966513 1.0200632 1.1059402 1.0743886 0.9583032 1.0878942 1.0851793 1.0601829 0.9562921 1.0077434 1.0247785 1.1169999 0.9548352 0.9001910 0.9149006 0.8501035 0.9395416 0.8577389 0.8734471 0.8807635 0.9226898 0.8950207 0.8045677 1.1102442 0.9811528 0.9341125 0.8834827 0.9406430 0.9308296 0.9091928 0.8731895 0.8711783 0.6239424 0.7837045 0.7666666 0.7726244 0.7268671 0.7806176 0.7341729 0.7697654 0.7602015 0.7860556 0.7588192 2.8491904 2.3068479 2.3696212 2.3554197 
BF1.BR.10.10BR_RJ029.KT427782          1.2222891 1.4463576 1.5832006 1.5669989 1.4859791 1.5148834 1.4163880 1.4024916 1.4107950 1.4568570 1.3668406 1.4638931 1.3597744 1.4332209 1.3957814 1.4113592 1.4549814 1.4273659 0.0000000 0.6612771 0.7766189 0.6700667 0.6395717 0.7417948 0.6007074 0.7111873 0.7249738 0.7133485 0.6992582 0.7083830 0.7009876 0.7019098 0.7091490 0.5905121 0.7630366 0.7651840 0.6806078 0.7467883 0.7467799 0.6086414 0.6160781 0.7382154 0.6353257 0.7176951 0.7244607 0.7142744 0.7067500 0.6912821 0.6831585 0.6947467 0.6897608 0.6727874 0.6825450 0.6423123 0.8809791 0.8867073 0.8708701 1.0478607 1.2830103 1.2539525 1.2760631 1.1512010 1.2260722 1.3702206 1.4152445 1.1675085 1.1060692 1.1242307 1.0654365 1.1645943 1.1129323 1.0683478 1.0610462 1.1236597 1.1146378 1.0741633 1.3920660 1.3134192 1.2324581 1.2004346 1.2399232 1.2440812 1.2391624 1.2185110 1.2381888 1.1729801 1.1556050 1.1293538 1.1513008 1.1331974 1.1394424 1.0939910 1.1963470 1.1418002 1.1332838 1.0747431 3.1274414 2.4929765 2.4698911 2.5026460 
BF1.BR.10.10BR_MG052.KT427668          0.9950790 1.2074129 1.3774537 1.3452717 1.2989274 1.2870565 1.1883351 1.2407482 1.1950810 1.2302286 1.1928123 1.2366862 1.1728091 1.2454585 1.1598253 1.2104972 1.2278055 1.2018557 0.6612771 0.0000000 0.5537292 0.4500670 0.4469236 0.5254369 0.4158996 0.5091212 0.5329104 0.5179510 0.4966279 0.4978718 0.4961972 0.4992726 0.4854241 0.3856725 0.5373412 0.5166812 0.4722544 0.5116756 0.5337067 0.4070700 0.4154397 0.5213586 0.4063342 0.4950357 0.5130365 0.4804338 0.4908281 0.4693855 0.4651725 0.4851762 0.4787341 0.4581338 0.4553464 0.4156428 0.6530316 0.6640837 0.6378752 0.8369421 1.0901287 1.0768328 1.0988778 0.9877603 1.0461230 1.1715112 1.2422553 0.9783524 0.8864713 0.9108395 0.8795452 0.9581300 0.8870789 0.8702814 0.8791097 0.9274546 0.9048462 0.8648474 1.2031375 1.0994715 1.0618663 1.0365968 1.0434083 1.0426721 1.0004728 1.0159775 1.0070250 0.9683154 0.9459248 0.9116553 0.9655035 0.9145482 0.9412770 0.8880847 0.9563244 0.9247727 0.9268282 0.8919908 2.8412595 2.2705070 2.2117425 2.2615031 
51_01B.MY.11.11MYKL055.KJ485697        0.9413585 1.2218385 1.3371297 1.3175184 1.2870284 1.2475625 1.1786495 1.2101354 1.2215626 1.2074137 1.1685351 1.2488084 1.1604512 1.2196728 1.1769985 1.1640341 1.2222041 1.2350152 0.7766189 0.5537292 0.0000000 0.5091034 0.5056340 0.4788189 0.5045156 0.4750096 0.4927037 0.4759799 0.4695934 0.4708138 0.4662722 0.4789571 0.4696002 0.4583863 0.5041638 0.4844969 0.4502988 0.4714758 0.4721039 0.4385703 0.4452283 0.4805240 0.4166294 0.4471731 0.4444051 0.4356286 0.4311918 0.4318586 0.4148673 0.4391451 0.4280501 0.4015537 0.4096270 0.3780039 0.6326102 0.6637907 0.6355823 0.8342364 1.0758376 1.0491639 1.0403340 0.9537742 1.0179155 1.1275852 1.2134031 0.9838213 0.8682152 0.9070243 0.8619971 0.9561605 0.8823731 0.8722327 0.8646226 0.9090253 0.8940710 0.8382460 1.1966962 1.0698628 1.0467641 1.0420592 1.0512867 1.0759445 1.0041921 1.0012654 1.0049939 0.9466654 0.9159156 0.9189194 0.9582139 0.9021274 0.9599368 0.8956005 0.9345638 0.9301377 0.9055520 0.8696769 2.7764413 2.2073823 2.2482423 2.2383586 
B.GB.14.14667_1_16.3.MF109578          0.9360583 1.1344215 1.3318767 1.2781507 1.2507408 1.2351484 1.1390741 1.1443043 1.1774519 1.1532280 1.1143536 1.1706050 1.1325338 1.2058569 1.1302300 1.1419683 1.1800585 1.1512215 0.6700667 0.4500670 0.5091034 0.0000000 0.4004248 0.4896194 0.4181600 0.4641753 0.4827515 0.4700377 0.4560157 0.4732359 0.4576323 0.4577712 0.4569845 0.3726485 0.5041028 0.4950335 0.4376130 0.4895040 0.4837856 0.3812666 0.3902307 0.4792110 0.3879349 0.4716811 0.4700795 0.4577359 0.4564349 0.4434626 0.4294312 0.4450597 0.4505012 0.4234433 0.4347597 0.3881903 0.6048038 0.6550932 0.6250871 0.8003912 1.0316775 1.0446001 0.9997261 0.9206329 0.9837518 1.0847495 1.1885275 0.9279480 0.8432939 0.8431453 0.8167487 0.8997618 0.8387160 0.8333779 0.8262228 0.8713068 0.8285306 0.8016758 1.1453814 1.0455789 1.0105344 0.9757356 0.9909947 0.9897761 0.9595779 0.9639241 0.9612924 0.9337281 0.8907449 0.8812520 0.9050228 0.8941696 0.9015520 0.8451111 0.8919260 0.8957633 0.8886971 0.8294550 2.7366734 2.1626853 2.1872677 2.2122633 
B.BR.10.10BR_PE013.KT427743            0.9232988 1.1494360 1.3148854 1.2799553 1.2372287 1.2470672 1.1228387 1.1481797 1.1622359 1.1454225 1.1198756 1.1884620 1.1162564 1.2027368 1.1283473 1.1553695 1.1888982 1.1568296 0.6395717 0.4469236 0.5056340 0.4004248 0.0000000 0.4641516 0.4179145 0.4587843 0.4745067 0.4645284 0.4557153 0.4689520 0.4472654 0.4539681 0.4622964 0.3817821 0.4966320 0.4955069 0.4285421 0.4796143 0.4884941 0.3679817 0.3826305 0.4729158 0.3751579 0.4716267 0.4727887 0.4494907 0.4523084 0.4294515 0.4194745 0.4433602 0.4395441 0.4122799 0.4296550 0.3775037 0.6046083 0.6326624 0.5984014 0.7764059 1.0383581 1.0407466 0.9977088 0.9099821 0.9510838 1.1172502 1.1516378 0.9318016 0.8365821 0.8751718 0.8070576 0.8760673 0.8423702 0.8309980 0.8257239 0.8579606 0.8392620 0.7939513 1.1340189 1.0405793 1.0083046 0.9742391 0.9941039 1.0067826 0.9797759 0.9682434 0.9632755 0.9109752 0.8709741 0.8926360 0.8793711 0.8532786 0.8925637 0.8128000 0.8914952 0.8830760 0.8548595 0.8203171 2.7422062 2.1758894 2.1766418 2.2275136 
B.JP.04.DR6174.AB480692                0.9271013 1.1895951 1.3276538 1.2470009 1.1947680 1.2360756 1.1244821 1.1443011 1.1885961 1.1592397 1.1331345 1.2302397 1.1389506 1.1978070 1.1475248 1.1749175 1.1723798 1.1918921 0.7417948 0.5254369 0.4788189 0.4896194 0.4641516 0.0000000 0.4790694 0.4013520 0.4125354 0.3918515 0.3850360 0.4359888 0.3878113 0.4288226 0.4075853 0.4306498 0.4785024 0.4704116 0.4135262 0.4570135 0.4600423 0.3978771 0.4063690 0.4555730 0.3750483 0.4299402 0.4391905 0.4192453 0.4104535 0.4128680 0.4054475 0.4109122 0.4122619 0.3934562 0.4048781 0.3558551 0.6057421 0.6373767 0.5960902 0.7973604 1.0233321 1.0466077 1.0313658 0.9359684 0.9954540 1.0901272 1.1946071 0.9368345 0.8567277 0.8941876 0.8333569 0.9050238 0.8637775 0.8484818 0.8373885 0.8811552 0.8562991 0.8232167 1.1461092 1.0446907 0.9845130 0.9755292 0.9955448 1.0000783 0.9782906 0.9544257 0.9628836 0.9036055 0.9001183 0.9023174 0.9189253 0.8648884 0.9087464 0.8496344 0.9003010 0.8809238 0.8782626 0.8344171 2.8498305 2.1760490 2.2338794 2.2455206 
BF1.BR.00.BREPM13853.DQ085875          0.9579225 1.1691412 1.3617207 1.2700514 1.2191760 1.2220557 1.1530748 1.1630279 1.1848091 1.1800081 1.1553081 1.2086034 1.1726239 1.1851769 1.1312034 1.1827688 1.1857874 1.1831490 0.6007074 0.4158996 0.5045156 0.4181600 0.4179145 0.4790694 0.0000000 0.4561086 0.4847173 0.4700047 0.4536992 0.4768178 0.4615349 0.4437044 0.4506680 0.3535751 0.4972131 0.4956767 0.4344844 0.4862882 0.4922386 0.3763869 0.3908217 0.4721955 0.3835538 0.4533255 0.4732031 0.4545860 0.4558207 0.4443997 0.4306647 0.4449663 0.4434216 0.4241446 0.4333124 0.3792660 0.6169429 0.6370784 0.6114913 0.7913365 1.0520020 1.0342872 1.0244768 0.9139093 0.9818651 1.1098318 1.1588548 0.9371086 0.8315969 0.8989336 0.8260551 0.9158477 0.8515165 0.8544115 0.8308762 0.8938176 0.8648553 0.8145015 1.1734484 1.0608509 1.0100110 0.9868026 0.9963557 0.9849760 0.9904675 0.9734931 0.9623694 0.9132558 0.8949785 0.8710988 0.9150669 0.8887155 0.8784560 0.8273409 0.9050644 0.8904046 0.8537625 0.8283184 2.7887898 2.1605683 2.1659482 2.1868097 
B.CY.08.CY224.JF683773                 0.8924206 1.1352971 1.3003416 1.2293993 1.1619234 1.2162175 1.0948993 1.1333866 1.1354977 1.1525172 1.1307370 1.1828656 1.1128824 1.1885878 1.1174493 1.1422220 1.1850088 1.1599466 0.7111873 0.5091212 0.4750096 0.4641753 0.4587843 0.4013520 0.4561086 0.0000000 0.4169724 0.4043460 0.3930722 0.4386022 0.3933297 0.4343641 0.3952301 0.4266554 0.4690844 0.4431539 0.4098068 0.4392296 0.4444384 0.4025689 0.4037554 0.4357270 0.3823269 0.4307455 0.4244976 0.4188487 0.4153905 0.3964087 0.3929305 0.3975965 0.4036265 0.3814044 0.3794274 0.3483535 0.5817635 0.6278273 0.6032217 0.7609350 1.0131415 1.0243290 0.9881354 0.9032332 0.9547125 1.1154518 1.1585776 0.9199499 0.8284547 0.8578634 0.8107693 0.8808788 0.8383439 0.8335629 0.8114138 0.8532794 0.8335319 0.7758716 1.1375768 1.0102232 0.9700937 0.9697532 0.9763810 0.9512083 0.9661406 0.9532736 0.9504153 0.8870687 0.8520141 0.8807593 0.8760185 0.8649107 0.8700990 0.8381617 0.8719545 0.8754302 0.8438384 0.8157298 2.6825090 2.1250791 2.1696726 2.2143663 
B.CN.07.CBJC261.JF932474               0.9487335 1.1716277 1.3280060 1.2627554 1.2334153 1.2423781 1.1535752 1.1797656 1.2214695 1.1913120 1.1600234 1.2162374 1.1504248 1.1943018 1.1481046 1.1572855 1.1837466 1.1860782 0.7249738 0.5329104 0.4927037 0.4827515 0.4745067 0.4125354 0.4847173 0.4169724 0.0000000 0.1726602 0.1679743 0.4484432 0.3878831 0.4403448 0.4232374 0.4517717 0.4819044 0.4755756 0.4186204 0.4659445 0.4738592 0.4070655 0.4235690 0.4536055 0.3990111 0.4462495 0.4456181 0.4382354 0.4186632 0.4158104 0.4120179 0.4249784 0.4218385 0.4021464 0.4138863 0.3668530 0.6164884 0.6220877 0.6055269 0.7989684 1.0514489 1.0555288 1.0171646 0.9270885 0.9903659 1.1063886 1.1699452 0.9374560 0.8558806 0.8708959 0.8359143 0.8868357 0.8606378 0.8414041 0.8289113 0.8733067 0.8588198 0.7946509 1.1648914 1.0604712 1.0138248 0.9638723 0.9932983 0.9790132 0.9860516 0.9661363 0.9596316 0.9221007 0.9017671 0.8963016 0.9226567 0.8852450 0.9248848 0.8604126 0.9050763 0.9069813 0.8730680 0.8511770 2.8103366 2.2101765 2.2324581 2.2236077 
B.CN.01.CNHN24.AY180905                0.9237274 1.1560226 1.2761223 1.2370969 1.1836572 1.2025332 1.1138954 1.1477756 1.1728274 1.1673303 1.1235692 1.1996425 1.1145107 1.1850562 1.1276128 1.1368278 1.1755712 1.1682469 0.7133485 0.5179510 0.4759799 0.4700377 0.4645284 0.3918515 0.4700047 0.4043460 0.1726602 0.0000000 0.1591714 0.4294480 0.3694141 0.4204034 0.4017923 0.4359963 0.4667070 0.4544090 0.4038929 0.4522844 0.4504553 0.3851340 0.4016209 0.4485599 0.3751402 0.4295482 0.4307497 0.4169831 0.4136848 0.4071436 0.3946873 0.4098919 0.4064468 0.3804349 0.3989846 0.3542174 0.5929727 0.6056883 0.5805128 0.7617432 1.0078074 1.0288744 0.9952242 0.8986029 0.9668103 1.0989952 1.1525757 0.9065533 0.8259290 0.8578484 0.8159823 0.8927738 0.8439107 0.8276814 0.8071113 0.8565130 0.8394901 0.7738632 1.1485898 1.0323367 0.9654728 0.9494802 0.9764339 0.9546485 0.9636423 0.9362009 0.9411738 0.8815170 0.8777046 0.8478157 0.8915515 0.8332951 0.8875123 0.8305717 0.8839633 0.8623165 0.8471574 0.8178908 2.6948509 2.1431201 2.1925885 2.2312919 
B.CN.08.cbjc468.JF932498               0.9150061 1.1406358 1.2931359 1.2349563 1.1823157 1.2010312 1.1151157 1.1450712 1.1613310 1.1599162 1.1143479 1.2005533 1.1030276 1.1638492 1.1065885 1.1351401 1.1821122 1.1713202 0.6992582 0.4966279 0.4695934 0.4560157 0.4557153 0.3850360 0.4536992 0.3930722 0.1679743 0.1591714 0.0000000 0.4282623 0.3612060 0.4171884 0.3891678 0.4207868 0.4625814 0.4412286 0.3929509 0.4277653 0.4452431 0.3823728 0.3942022 0.4383394 0.3671238 0.4215031 0.4161059 0.4097621 0.3978110 0.3976627 0.3802545 0.3938384 0.4013268 0.3708718 0.3865889 0.3433135 0.5853705 0.5935579 0.5799093 0.7683881 1.0133444 1.0294797 0.9947586 0.9104436 0.9860461 1.0696525 1.1500015 0.9072472 0.8224376 0.8620242 0.8236117 0.8667782 0.8402236 0.8206566 0.8028794 0.8601022 0.8311935 0.7613129 1.1247159 1.0447061 0.9788254 0.9351699 0.9604191 0.9499081 0.9478732 0.9257101 0.9385723 0.8998084 0.8720270 0.8632600 0.8897799 0.8509425 0.8921358 0.8344472 0.8766847 0.8651740 0.8284758 0.8149180 2.7381085 2.1357163 2.1908794 2.2287283 
B.JP.11.NMC851C_clone_13.AB731669      0.9092720 1.1855686 1.3168378 1.2330630 1.2201766 1.2004159 1.1182528 1.1489011 1.1417067 1.1822409 1.1209839 1.1942696 1.0935595 1.2154407 1.1529087 1.1770750 1.1764470 1.1525265 0.7083830 0.4978718 0.4708138 0.4732359 0.4689520 0.4359888 0.4768178 0.4386022 0.4484432 0.4294480 0.4282623 0.0000000 0.4236792 0.4353839 0.4338683 0.4261689 0.4689837 0.4568235 0.4104654 0.4466051 0.4498590 0.3930394 0.4178038 0.4400113 0.3858310 0.4263078 0.4233227 0.4080657 0.4028815 0.4077835 0.3919295 0.4130081 0.4116232 0.3773205 0.3866799 0.3453997 0.6090673 0.6225806 0.6000748 0.7856743 1.0363158 1.0272656 1.0060998 0.9414524 0.9736440 1.1226731 1.1870875 0.9222927 0.8576273 0.8821047 0.8204563 0.9159414 0.8591370 0.8345067 0.8264774 0.8784742 0.8734243 0.7864153 1.1378137 1.0356422 0.9863258 0.9672302 1.0097687 1.0003975 0.9715115 0.9547177 0.9684274 0.9138764 0.8673453 0.8794217 0.9181628 0.8703591 0.8830364 0.8259009 0.8835717 0.8737109 0.8490280 0.8238260 2.7850802 2.2284490 2.2743447 2.2954226 
B.DE.10.iso4_w10.KU612900              0.9063977 1.1537370 1.3122839 1.2508806 1.1973856 1.2156180 1.1081288 1.1439159 1.1559598 1.1388716 1.1363265 1.1711080 1.1309054 1.1906865 1.1389711 1.1421710 1.1761015 1.1801838 0.7009876 0.4961972 0.4662722 0.4576323 0.4472654 0.3878113 0.4615349 0.3933297 0.3878831 0.3694141 0.3612060 0.4236792 0.0000000 0.4215807 0.3878026 0.4077050 0.4598228 0.4453307 0.3991632 0.4452132 0.4455253 0.3797282 0.3834142 0.4312740 0.3626276 0.4222412 0.4360119 0.4129180 0.4029731 0.3975878 0.3829926 0.4035039 0.3968984 0.3779220 0.3735895 0.3432700 0.5908636 0.6208129 0.5955871 0.7712438 0.9971506 0.9871117 0.9845236 0.8925182 0.9581969 1.0613891 1.1501117 0.8831726 0.8254120 0.8539897 0.8063479 0.8849346 0.8267646 0.8093883 0.7926627 0.8469216 0.8161108 0.7856413 1.1230878 1.0361254 1.0029353 0.9562852 0.9642090 0.9785023 0.9588435 0.9502093 0.9428687 0.8757677 0.8602878 0.8448549 0.8793291 0.8376356 0.8752005 0.8279597 0.8799236 0.8445723 0.8376770 0.8225917 2.8395015 2.1077672 2.1882374 2.2359554 
B.US.15.3693.KX505555                  0.8591227 1.1067955 1.2893296 1.2135908 1.1309417 1.1403950 1.0319216 1.0906203 1.1247306 1.1027367 1.0656704 1.1149453 1.0694567 1.1202249 1.0819380 1.0786585 1.1188430 1.1156017 0.7019098 0.4992726 0.4789571 0.4577712 0.4539681 0.4288226 0.4437044 0.4343641 0.4403448 0.4204034 0.4171884 0.4353839 0.4215807 0.0000000 0.4189790 0.4157289 0.4575404 0.4566973 0.4013713 0.4548491 0.4478394 0.3604502 0.3819062 0.4360439 0.3576920 0.4207159 0.4371507 0.4114566 0.4124360 0.3972359 0.3912366 0.4061757 0.4042680 0.3820427 0.3890246 0.3436849 0.5386304 0.5513323 0.5331331 0.7213705 0.9542463 0.9734502 0.9404145 0.8574865 0.9196704 1.0386255 1.1077481 0.8478225 0.7787644 0.8107009 0.7552126 0.8312339 0.7508133 0.7549689 0.7432020 0.7942861 0.7847009 0.7328357 1.0992351 1.0242776 0.9744725 0.9393304 0.9519117 0.9628863 0.9397309 0.9236415 0.9224725 0.8354557 0.8286730 0.8197898 0.8298864 0.8154305 0.8496188 0.7832044 0.8233078 0.8204763 0.8081198 0.7823501 2.6487182 2.0456595 2.1212813 2.1398093 
B.TH.06.AA010a_WG3.JX446800            0.8938982 1.1550662 1.3064974 1.2892617 1.1883838 1.2136317 1.1431118 1.1465803 1.1515086 1.1965711 1.1372335 1.1789579 1.1349164 1.1757371 1.1280407 1.1366412 1.1944467 1.1904627 0.7091490 0.4854241 0.4696002 0.4569845 0.4622964 0.4075853 0.4506680 0.3952301 0.4232374 0.4017923 0.3891678 0.4338683 0.3878026 0.4189790 0.0000000 0.4140399 0.4536329 0.4510092 0.3980195 0.4464016 0.4349805 0.3782912 0.3871684 0.4447905 0.3654090 0.4123737 0.4158227 0.3995277 0.4079573 0.3996318 0.3860700 0.3945524 0.3924409 0.3731220 0.3816362 0.3371954 0.5896852 0.6138814 0.5739904 0.7760580 1.0153930 1.0314361 0.9808889 0.9029467 0.9615962 1.0860542 1.1692068 0.9035203 0.8330680 0.8577563 0.8020275 0.8831920 0.8287060 0.8191390 0.8016508 0.8537951 0.8357755 0.7876507 1.1290558 1.0332761 1.0008687 0.9680648 0.9921642 0.9829463 0.9536976 0.9393561 0.9347315 0.8889136 0.8909125 0.8866939 0.9006541 0.8619896 0.8921532 0.8220999 0.8729771 0.8684262 0.8538147 0.8239383 2.7548327 2.2084779 2.2230408 2.2453549 
B.BR.02.02BR2041.JN692443              0.8969184 1.1148676 1.2987039 1.2254736 1.1588203 1.1987459 1.0857920 1.1270411 1.1165219 1.1406816 1.0714492 1.1304081 1.0782353 1.1508514 1.0980266 1.1245574 1.1233457 1.1444408 0.5905121 0.3856725 0.4583863 0.3726485 0.3817821 0.4306498 0.3535751 0.4266554 0.4517717 0.4359963 0.4207868 0.4261689 0.4077050 0.4157289 0.4140399 0.0000000 0.4635754 0.4441325 0.3991754 0.4429500 0.4478101 0.3377857 0.3491816 0.4324503 0.3387035 0.4209093 0.4217918 0.4086811 0.4199174 0.3932274 0.3820889 0.4065178 0.4029072 0.3730663 0.3850878 0.3433842 0.5713923 0.5907677 0.5737772 0.7328458 0.9916273 0.9866077 0.9827604 0.8803391 0.9312153 1.0539118 1.1235625 0.8961910 0.7987702 0.8240024 0.7736775 0.8616643 0.7951665 0.7882229 0.7852357 0.8302847 0.8096587 0.7690556 1.1218352 1.0061900 0.9692962 0.9289702 0.9606169 0.9571698 0.9188894 0.9156404 0.9275710 0.8859656 0.8524414 0.8239452 0.8577033 0.8316799 0.8428932 0.8005920 0.8568312 0.8498968 0.8203975 0.7958039 2.6758119 2.1154801 2.1094816 2.1583202 
B.GB.14.14535_1_7.3.MF109534           0.9760278 1.1936209 1.3275121 1.3018026 1.2098041 1.2250899 1.1597061 1.1719683 1.2035103 1.2289865 1.1429692 1.2169151 1.1515636 1.2412771 1.1792853 1.2009843 1.2138333 1.1938613 0.7630366 0.5373412 0.5041638 0.5041028 0.4966320 0.4785024 0.4972131 0.4690844 0.4819044 0.4667070 0.4625814 0.4689837 0.4598228 0.4575404 0.4536329 0.4635754 0.0000000 0.4485825 0.4494809 0.4362466 0.4040020 0.4271807 0.4434019 0.4039384 0.4116353 0.4146990 0.4152195 0.3968290 0.3879734 0.3664915 0.3512159 0.3910966 0.3854977 0.3662369 0.3714119 0.3289727 0.6261667 0.6499918 0.6206932 0.8009794 1.0499307 1.0516118 1.0342526 0.9459381 0.9944434 1.1302120 1.2250964 0.9509130 0.8736550 0.8922252 0.8545832 0.9199562 0.8428801 0.8674594 0.8409880 0.8941299 0.8748496 0.8246466 1.1659299 1.0482075 1.0281282 1.0045748 1.0325899 1.0229241 0.9867788 0.9908767 0.9869595 0.9297182 0.9105978 0.9131756 0.9072746 0.8827751 0.9085347 0.8473317 0.9106448 0.9044409 0.8977417 0.8539894 2.7068738 2.2329277 2.1982968 2.2188628 
B.US.15.2521.KX505446                  0.9531981 1.1653198 1.3577788 1.3173679 1.2313652 1.2743149 1.1565057 1.1762558 1.1612174 1.1859395 1.1550774 1.2251292 1.1703720 1.2441003 1.1799537 1.1776805 1.1994390 1.1959417 0.7651840 0.5166812 0.4844969 0.4950335 0.4955069 0.4704116 0.4956767 0.4431539 0.4755756 0.4544090 0.4412286 0.4568235 0.4453307 0.4566973 0.4510092 0.4441325 0.4485825 0.0000000 0.4393653 0.3910634 0.4204953 0.4250226 0.4280720 0.4068265 0.4140009 0.4142262 0.4042565 0.4024510 0.3863677 0.3809848 0.3626375 0.3856671 0.3901323 0.3611546 0.3756689 0.3259840 0.6046204 0.6359858 0.6102653 0.7657999 1.0329830 1.0349812 1.0131468 0.9185593 0.9758746 1.0980186 1.1892339 0.9028005 0.8532803 0.8694740 0.8376416 0.8996161 0.8397791 0.8280921 0.8227591 0.8765284 0.8585234 0.8018293 1.1385903 1.0227759 0.9956362 0.9485363 0.9800866 0.9763872 0.9617195 0.9460759 0.9415734 0.9102720 0.9014383 0.8945358 0.9069524 0.8631349 0.9043442 0.8768982 0.8994476 0.8899113 0.8871229 0.8384091 2.6525283 2.1686574 2.2249423 2.2794195 
B.BR.10.10BR_PE101.KT427697            0.8948258 1.1446062 1.2795548 1.2451139 1.2074704 1.1973872 1.1027191 1.1127759 1.1492199 1.1648354 1.0971880 1.1846154 1.1068588 1.1778367 1.1181958 1.1282474 1.1828804 1.1548149 0.6806078 0.4722544 0.4502988 0.4376130 0.4285421 0.4135262 0.4344844 0.4098068 0.4186204 0.4038929 0.3929509 0.4104654 0.3991632 0.4013713 0.3980195 0.3991754 0.4494809 0.4393653 0.0000000 0.4189373 0.4268817 0.3660714 0.3697892 0.4139514 0.3517154 0.4038306 0.4153142 0.3881204 0.3839985 0.3780817 0.3702454 0.3852734 0.3883673 0.3530715 0.3606076 0.3229773 0.5703344 0.5960729 0.5559026 0.7458292 0.9796048 0.9986860 0.9886988 0.8821390 0.9392585 1.0750015 1.1493837 0.8772909 0.8011733 0.8399407 0.7879132 0.8543135 0.8004594 0.7923379 0.7910804 0.8304429 0.8129031 0.7485642 1.1100544 0.9936576 0.9616305 0.9303752 0.9506288 0.9415969 0.9260846 0.9123965 0.8992063 0.8694169 0.8394965 0.8523390 0.8718832 0.8193531 0.8678423 0.8306302 0.8583159 0.8375573 0.8250726 0.8099467 2.6115479 2.1437969 2.1764337 2.2510986 
B.GB.14.13659_1_64.3.MF109452          0.9315132 1.2103878 1.3551791 1.2848765 1.2208004 1.2479862 1.1477825 1.1478656 1.1944142 1.1805934 1.1300930 1.2057212 1.1561482 1.2230513 1.1594320 1.1656806 1.1832820 1.2009551 0.7467883 0.5116756 0.4714758 0.4895040 0.4796143 0.4570135 0.4862882 0.4392296 0.4659445 0.4522844 0.4277653 0.4466051 0.4452132 0.4548491 0.4464016 0.4429500 0.4362466 0.3910634 0.4189373 0.0000000 0.4116120 0.4221175 0.4265802 0.4113812 0.3922401 0.3884153 0.3962628 0.3764186 0.3788713 0.3724081 0.3470970 0.3739848 0.3744281 0.3425470 0.3546676 0.3169854 0.6115869 0.6362199 0.6200828 0.8112439 1.0405021 1.0427565 1.0060729 0.9140511 0.9962774 1.0862282 1.1844905 0.9485227 0.8593582 0.8968440 0.8415423 0.9165491 0.8754523 0.8648383 0.8204903 0.8979427 0.8591426 0.8176067 1.1776222 1.0297111 1.0103924 0.9864065 1.0041975 0.9845866 1.0010317 0.9725638 0.9950531 0.9138772 0.8880313 0.9034322 0.9070505 0.8734971 0.9126043 0.8532898 0.9232795 0.8898955 0.8881509 0.8347381 2.7400056 2.2233844 2.1998747 2.2735330 
