100
F1.BR.10.DEMF110BR015.KU749395         0.0000000 1.1681975 1.2736234 1.2337856 1.1536250 1.2145735 1.0964101 1.1094220 1.1497529 1.1191647 1.0930606 1.1309000 1.1521193 1.1263209 1.1608211 1.1943828 1.1210386 1.1146984 1.1930720 0.9711960 0.9402287 0.9519659 0.9186302 0.8879543 0.9385323 0.8942842 0.9114094 0.9231135 0.9304818 0.9075729 0.8985717 0.8572717 0.9546967 0.8886876 0.9008099 0.8795486 0.9071463 0.9335896 0.9477097 0.9208963 0.8851075 0.8772265 0.8490480 0.9006727 0.8840729 0.8900743 0.9067326 0.8850197 0.8863356 0.8882710 0.8898389 0.8757834 0.8680895 0.8203638 0.7789995 0.8458053 0.7877950 0.7444541 1.0130471 1.0189242 1.0006199 0.9273921 0.8913877 0.8977899 0.8168686 0.8690995 0.8278672 0.8513778 0.7686209 0.9129076 0.8036334 0.8043575 0.8069231 1.1185416 1.0507866 0.8917393 0.7719232 1.1307890 1.0295730 0.9674855 0.9517067 0.9577488 0.9531380 0.9636354 0.9461875 0.9444116 0.8562101 0.8413028 0.8322867 0.8075944 0.8603426 0.8617456 0.8714279 0.8104245 0.9062745 0.8396832 2.8268558 2.1772976 2.1562890 2.1833831 
A1C.IN.15.SC017.KY713232               1.1681975 0.0000000 0.7740051 0.7192394 0.6866493 0.7489869 0.6211473 0.6447942 0.6536235 0.6383503 0.6119434 0.6480145 0.6531615 0.6405692 0.6587092 0.6724591 0.6139439 0.5792747 1.4841149 1.2618106 1.2071464 1.2483498 1.1769549 1.2139032 1.2284701 1.1886668 1.1974369 1.2120227 1.2250958 1.2040386 1.1786044 1.1950186 1.2621750 1.1823389 1.1967687 1.1763170 1.1919768 1.2555658 1.2164883 1.2634593 1.1666043 1.1898989 1.1399069 1.1827040 1.1734056 1.2076434 1.1946887 1.1864053 1.1455534 1.1778664 1.1875003 1.1405314 1.1785856 1.1106565 1.0599461 1.1237802 1.0920023 0.9916459 1.1135636 1.0792321 1.1181590 1.0352532 0.9770624 1.0036162 0.8715451 0.9515147 0.8950306 0.9263341 0.8873104 0.9550660 0.8937349 0.8801772 0.8831501 1.1375222 0.9889695 0.6467797 0.8072144 1.0952667 1.0039499 0.9325616 0.9052752 0.9053560 0.9400298 0.9140688 0.8854290 0.9033514 0.7614235 0.8132989 0.7863531 0.7898501 0.7821447 0.7651112 0.7759936 0.7439583 0.7834582 0.7410908 2.8694323 2.3552377 2.2964990 2.3707352 
BC.CN.07.07CNYN340.KF835526            1.2736234 0.7740051 0.0000000 0.3947975 0.5921742 0.5363615 0.5309050 0.5401830 0.5556449 0.5340575 0.4963583 0.5055668 0.5107747 0.4956103 0.5381665 0.5342297 0.4676572 0.4517976 1.5382398 1.3466556 1.2944100 1.3194631 1.2508246 1.3197853 1.3467733 1.3195906 1.2889658 1.3109347 1.3138405 1.2922417 1.3154664 1.2856918 1.3614631 1.3041203 1.2716392 1.2587556 1.3025226 1.3555970 1.3341479 1.3189638 1.2368045 1.2464762 1.2112386 1.2867492 1.2912805 1.3159837 1.2924676 1.2920137 1.2662572 1.3057824 1.3013949 1.2592274 1.2565939 1.2039017 1.1646537 1.2270035 1.1716034 1.0774024 1.1754555 1.1932271 1.1671964 1.1397113 1.0657309 1.0651884 0.9737561 1.0560567 1.0244096 1.0230483 0.9801586 1.1012486 1.0163092 0.9998117 1.0021562 1.2490668 1.1285388 0.7627659 0.9228969 1.1963195 1.0736155 1.0414477 0.9959935 1.0068481 1.0186913 1.0179898 1.0037322 0.9775958 0.8699313 0.8966058 0.8787234 0.8483365 0.8891742 0.8593055 0.8867419 0.8438711 0.8930032 0.8284154 3.0689151 2.4160081 2.4185046 2.4268930 
85_BC.CN.14.14CN_SCYB4.KU992932        1.2337856 0.7192394 0.3947975 0.0000000 0.5642726 0.5154327 0.5014984 0.5183413 0.5278306 0.5232475 0.4921447 0.4751593 0.4853735 0.4508608 0.5045942 0.4974655 0.4461459 0.4320466 1.5515519 1.2992546 1.2162820 1.2744621 1.2189186 1.2482820 1.2628037 1.2060031 1.2161170 1.2573357 1.2361062 1.2432600 1.2401444 1.2157679 1.2668819 1.2361331 1.2140386 1.1964845 1.2475357 1.2791048 1.2673553 1.2838601 1.1790896 1.2092355 1.1567275 1.2202727 1.1906063 1.2664046 1.2589975 1.2170439 1.1846951 1.2226909 1.2241085 1.2066462 1.2137912 1.1471435 1.1058866 1.1654024 1.0986309 1.0336080 1.1208083 1.1295466 1.1407027 1.0747093 1.0257356 1.0118820 0.9542100 0.9937609 0.9575074 0.9786842 0.9458988 1.0448430 0.9644714 0.9338655 0.9680098 1.2044964 1.1071281 0.7158122 0.8717051 1.1260803 1.0141864 0.9576964 0.9619912 0.9429961 0.9712499 0.9598342 0.9328287 0.9192982 0.8062219 0.8596935 0.8388964 0.8208659 0.8199560 0.8137412 0.8296151 0.7916894 0.8350562 0.7769066 2.9802784 2.3480467 2.3070948 2.3376472 
C.SE.09.035ZA.MF373148                 1.1536250 0.6866493 0.5921742 0.5642726 0.0000000 0.5659560 0.4247718 0.4746924 0.4914181 0.4664169 0.4366564 0.4833599 0.4903464 0.4816085 0.4975291 0.5123320 0.4454297 0.4224301 1.4254570 1.2381701 1.1683790 1.2251672 1.1622914 1.1801504 1.2240541 1.1802919 1.1634866 1.1961139 1.1955835 1.1681362 1.1804788 1.1336538 1.1947984 1.1710291 1.1521860 1.1702417 1.1909572 1.1982104 1.2014710 1.2247368 1.1172217 1.1199087 1.1107373 1.1719383 1.1590977 1.1777954 1.1924022 1.1555318 1.1256993 1.1666111 1.1750708 1.1411920 1.1151185 1.0910023 1.0263314 1.0664947 1.0390324 0.9872992 1.0663897 1.0777268 1.0493958 1.0153631 0.9555001 0.9598108 0.8748747 0.9391043 0.9034963 0.8978097 0.8841323 0.9861493 0.9166514 0.8644173 0.8796824 1.0802399 1.0600577 0.6712196 0.8071770 1.0656942 0.9659572 0.9055675 0.9115182 0.9164255 0.9204007 0.9118259 0.9004206 0.8941186 0.7677176 0.8014739 0.7695114 0.7679074 0.7929181 0.7398279 0.7553902 0.7330830 0.7894333 0.7341460 2.8627363 2.3236775 2.2992103 2.3129932 
C.GB.14.13659_1_48.3.MF109437          1.2145735 0.7489869 0.5363615 0.5154327 0.5659560 0.0000000 0.5089155 0.5005855 0.5155301 0.5029478 0.4764706 0.4661340 0.4663403 0.4707160 0.4946740 0.4829247 0.4346204 0.4172780 1.5218440 1.2867308 1.2423435 1.2771476 1.2231598 1.2273326 1.2669881 1.2408898 1.2262908 1.2399165 1.2012543 1.1907680 1.1950098 1.1780355 1.2662502 1.1809111 1.1929873 1.2234273 1.2395810 1.2783569 1.2533968 1.2565578 1.1521533 1.1815689 1.1554849 1.2171871 1.2137881 1.2122958 1.2340388 1.2069274 1.1937029 1.2163371 1.2421076 1.1924293 1.1943277 1.1498820 1.0936713 1.1756856 1.1311661 1.0381720 1.0770787 1.1260623 1.0988882 1.0842655 1.0245279 1.0117821 0.9588067 0.9740316 0.9633459 0.9586418 0.9376219 1.0313765 0.9410075 0.9194126 0.9481560 1.1903305 1.1111487 0.7345682 0.8443331 1.1650411 1.0285227 0.9690792 0.9542530 0.9427495 0.9866904 0.9697185 0.9340939 0.9463693 0.8103328 0.8605436 0.8172780 0.8155748 0.8295761 0.8364093 0.8106209 0.8059755 0.8737195 0.8000151 3.0355878 2.2916728 2.3644451 2.4072281 
C.IL.99.99ET14.AY255825                1.0964101 0.6211473 0.5309050 0.5014984 0.4247718 0.5089155 0.0000000 0.4143613 0.4174231 0.4097497 0.3755960 0.4200682 0.4296042 0.4213116 0.4496232 0.4566844 0.3960760 0.3706326 1.3890581 1.1927483 1.1535574 1.1828248 1.1304740 1.1603163 1.1781797 1.1191831 1.1242099 1.1489605 1.1319930 1.1192983 1.1133453 1.1019565 1.1569773 1.1304031 1.0949473 1.1144926 1.1364441 1.1481191 1.1657897 1.1902060 1.1072627 1.0868913 1.0578504 1.1030769 1.1147467 1.1319155 1.1545794 1.1243816 1.0781332 1.1001178 1.1247287 1.0907852 1.0836203 1.0554819 1.0067129 1.0275202 1.0227623 0.9392833 1.0066086 1.0280665 1.0034648 0.9537693 0.9114646 0.8954822 0.8323767 0.8954969 0.8351687 0.8722475 0.8096485 0.9116401 0.8456741 0.8173804 0.8375014 1.0322517 0.9854107 0.6088713 0.7608899 1.0348877 0.9157509 0.8542675 0.8656917 0.8346622 0.8469717 0.8503299 0.8197230 0.8324434 0.7143387 0.7374974 0.7297922 0.7152780 0.7324756 0.6864132 0.7002851 0.6761430 0.7167288 0.6703005 2.8928547 2.2718728 2.2269669 2.3424240 
C.ZA.03.03ZAPS067MB2.DQ396389          1.1094220 0.6447942 0.5401830 0.5183413 0.4746924 0.5005855 0.4143613 0.0000000 0.3728466 0.3588715 0.3253092 0.4295558 0.4362192 0.4242348 0.4540130 0.4459200 0.3882145 0.3609024 1.4266572 1.2289897 1.1615353 1.1611595 1.1409470 1.1371947 1.1765782 1.1363742 1.1290014 1.1439352 1.1289715 1.1291253 1.1212804 1.1097334 1.1960233 1.1238579 1.0942436 1.1163297 1.1605834 1.1868418 1.1789198 1.1977847 1.1027171 1.0913438 1.0809389 1.1100119 1.1052332 1.1440986 1.1556243 1.1260575 1.1025076 1.1217573 1.1653111 1.0963548 1.1241618 1.0591055 1.0195707 1.0651525 1.0625493 0.9487129 1.0505179 1.0547673 1.0270611 1.0129881 0.9417872 0.9519536 0.8334420 0.8882479 0.8756864 0.8749171 0.8419785 0.9502991 0.8583066 0.8539245 0.8615227 1.0831264 1.0020210 0.6280793 0.7928411 1.0489234 0.9543239 0.8925838 0.8725347 0.8493125 0.8788383 0.8702136 0.8733292 0.8423274 0.7277571 0.7539899 0.7542275 0.7401578 0.7487362 0.7185953 0.7322253 0.7037075 0.7709133 0.6877304 3.0676397 2.3042054 2.3065595 2.2883680 
C.ZA.04.04ZASK170B1.DQ093595           1.1497529 0.6536235 0.5556449 0.5278306 0.4914181 0.5155301 0.4174231 0.3728466 0.0000000 0.3407429 0.3041311 0.4463745 0.4642490 0.4483186 0.4768970 0.4664848 0.4182028 0.3786364 1.4509076 1.2312387 1.1871248 1.2098925 1.1529749 1.2137279 1.2001194 1.1599847 1.1548045 1.1658736 1.1586542 1.1521858 1.1301434 1.1322451 1.2373622 1.1375335 1.1404745 1.1383407 1.1941294 1.1967266 1.2051483 1.2184708 1.1039286 1.0908288 1.0793413 1.1438657 1.1486920 1.1607910 1.1808068 1.1417941 1.1289025 1.1557479 1.1845786 1.1174772 1.1298577 1.0696338 1.0270358 1.0758561 1.0357129 0.9431395 1.0452823 1.0562964 1.0203965 0.9863048 0.9324521 0.9524905 0.8718607 0.8849447 0.8713521 0.8884009 0.8359925 0.9748229 0.8602434 0.8525293 0.8873491 1.0909868 1.0042432 0.6509275 0.7799667 1.0391833 0.9561965 0.8922817 0.8720834 0.8569894 0.8816104 0.8666491 0.8652858 0.8635270 0.7401627 0.7758999 0.7588919 0.7284670 0.7489357 0.7218822 0.7468821 0.7164761 0.7678990 0.7013663 2.9312056 2.2697792 2.2493042 2.2992868 
C.TZ.02.CO6721.AY734560                1.1191647 0.6383503 0.5340575 0.5232475 0.4664169 0.5029478 0.4097497 0.3588715 0.3407429 0.0000000 0.2433116 0.4344950 0.4349729 0.4268965 0.4506944 0.4616330 0.3951786 0.3712809 1.3936030 1.1878364 1.1433922 1.1533546 1.1291838 1.1522667 1.1685423 1.1422501 1.1065028 1.1610384 1.1440768 1.1218554 1.1238374 1.0990939 1.2041842 1.1207198 1.1223479 1.1125468 1.1749081 1.1840493 1.1606053 1.1871263 1.0938366 1.1087580 1.0608705 1.1413254 1.1395315 1.1313515 1.1543583 1.1164543 1.0976857 1.1306516 1.1516871 1.0894806 1.1036698 1.0519749 1.0149130 1.0605529 1.0279107 0.9495717 1.0048547 1.0205888 1.0055902 0.9713832 0.9140149 0.9042451 0.8219075 0.8693557 0.8704446 0.8620067 0.8091845 0.9274643 0.8611737 0.8500225 0.8403121 1.0713706 0.9845867 0.6279031 0.7788565 1.0456292 0.9275549 0.8779902 0.8683849 0.8555852 0.8831652 0.8756163 0.8498437 0.8601042 0.7326080 0.7598138 0.7552832 0.7353663 0.7357435 0.7164725 0.7168872 0.6973209 0.7463003 0.6865034 2.9500133 2.2359789 2.2448399 2.2693359 
C.TZ.01.BD39_8.AY253313                1.0930606 0.6119434 0.4963583 0.4921447 0.4366564 0.4764706 0.3755960 0.3253092 0.3041311 0.2433116 0.0000000 0.4017009 0.4098294 0.3974895 0.4271487 0.4205916 0.3631079 0.3393629 1.3764909 1.1617489 1.1131247 1.1396836 1.0976912 1.1281705 1.1293664 1.0888322 1.0907588 1.1229435 1.1024882 1.0993143 1.0923421 1.0700686 1.1487870 1.0817846 1.0623897 1.0584403 1.1263751 1.1392095 1.1323021 1.1202815 1.0554433 1.0421159 1.0255418 1.0791473 1.0819136 1.1062703 1.1126705 1.0762448 1.0534138 1.0946213 1.1218805 1.0523312 1.0557085 1.0084857 0.9824772 1.0119623 1.0176397 0.9064699 0.9904407 1.0027959 0.9799601 0.9660969 0.8976025 0.8809338 0.8104050 0.8409325 0.8327921 0.8559162 0.8127370 0.8961506 0.8192150 0.8299895 0.8237589 1.0425354 0.9622064 0.5904657 0.7410133 1.0318165 0.8995770 0.8661789 0.8276126 0.8199436 0.8361508 0.8409239 0.8233109 0.8080468 0.6957137 0.7227275 0.7153765 0.6967996 0.7009183 0.6950947 0.6779634 0.6581728 0.7166404 0.6456256 2.9381858 2.2164272 2.2114643 2.1982307 
C.BW.98.98BWMC14A3.AF443078            1.1309000 0.6480145 0.5055668 0.4751593 0.4833599 0.4661340 0.4200682 0.4295558 0.4463745 0.4344950 0.4017009 0.0000000 0.3704151 0.3643995 0.3862426 0.4027673 0.3458543 0.3443285 1.4150137 1.2368354 1.1645299 1.2134060 1.1723805 1.1863689 1.1991684 1.1537332 1.1643337 1.1819924 1.1586448 1.1305278 1.1547479 1.1279059 1.2117960 1.1415915 1.1077480 1.1258073 1.1872923 1.1951730 1.1803440 1.1976464 1.1157748 1.1100377 1.0684700 1.1435032 1.1458832 1.1737618 1.1832544 1.1558958 1.1234867 1.1573940 1.1709049 1.1222779 1.1356123 1.0868835 1.0367610 1.1012907 1.0509545 0.9832531 1.0583991 1.0561922 1.0377686 0.9952559 0.9347423 0.9290241 0.8696415 0.9123655 0.8892507 0.8753146 0.8592756 0.9587402 0.8642638 0.8583839 0.8814325 1.0981423 1.0107832 0.6535062 0.7850290 1.0582921 0.9597606 0.9038951 0.8785454 0.8743346 0.9039480 0.8887945 0.8669534 0.8633455 0.7308729 0.7716158 0.7814521 0.7537097 0.7647159 0.7243788 0.7397767 0.7154422 0.7560276 0.6982475 2.9336249 2.2182213 2.2134092 2.2749640 
C.ZA.04.04ZASK135B1.DQ011166           1.1521193 0.6531615 0.5107747 0.4853735 0.4903464 0.4663403 0.4296042 0.4362192 0.4642490 0.4349729 0.4098294 0.3704151 0.0000000 0.3176841 0.3522252 0.4091470 0.3481543 0.3515856 1.4477553 1.2747786 1.1714188 1.2358728 1.1695199 1.1517054 1.2119058 1.1801043 1.2010291 1.1914310 1.1906723 1.1871746 1.1874132 1.1570452 1.2347979 1.1728303 1.1526158 1.1685747 1.1588701 1.1771196 1.1920486 1.2032501 1.1270960 1.1368658 1.1097805 1.1762795 1.1697723 1.2185803 1.1888524 1.1773892 1.1285663 1.1723422 1.2063260 1.1503274 1.1922797 1.1017652 1.0568924 1.1227001 1.1019558 0.9752734 1.0407576 1.0675820 1.0315088 0.9895039 0.9628482 0.9490089 0.8820754 0.9024942 0.8885950 0.8755001 0.8633664 0.9230333 0.8738997 0.8542931 0.8759722 1.1265806 1.0302995 0.6368119 0.8081686 1.0959594 0.9941861 0.9148097 0.9014415 0.9061646 0.9318080 0.9152212 0.9012873 0.8995201 0.7483089 0.7821929 0.7615900 0.7314760 0.7760579 0.7438995 0.7388009 0.7004595 0.7520031 0.7167574 3.0074785 2.2740509 2.2819333 2.2575122 
C.ZA.03.03ZAPS130MB1.DQ275658          1.1263209 0.6405692 0.4956103 0.4508608 0.4816085 0.4707160 0.4213116 0.4242348 0.4483186 0.4268965 0.3974895 0.3643995 0.3176841 0.0000000 0.2855164 0.4039445 0.3356744 0.3345244 1.4276218 1.2261939 1.1727204 1.2020655 1.1606442 1.1517616 1.2140996 1.1835082 1.1704181 1.1804690 1.1612026 1.1574101 1.1737595 1.1175696 1.2114611 1.1185931 1.1329422 1.1631433 1.1668300 1.1842594 1.1801148 1.1889758 1.1200415 1.1205062 1.0750110 1.1609350 1.1386038 1.1747397 1.1801255 1.1448980 1.1122436 1.1601781 1.1885025 1.1333757 1.1304727 1.0772616 1.0469814 1.0587096 1.0333872 0.9625885 1.0496562 1.0644657 1.0503607 0.9989285 0.9270812 0.9412571 0.8572484 0.8937310 0.8842017 0.8740841 0.8620528 0.9542961 0.8783963 0.8461023 0.8769262 1.1223581 1.0091405 0.6491621 0.7736215 1.0461485 0.9675757 0.8932062 0.8879168 0.8818141 0.8887042 0.8992256 0.8730357 0.8501414 0.7341619 0.7661561 0.7436187 0.7390201 0.7516361 0.7232594 0.7212462 0.6959477 0.7615407 0.7024778 2.9544875 2.2576513 2.2833132 2.2804261 
C.ZA.97.97ZA012.AF286227               1.1608211 0.6587092 0.5381665 0.5045942 0.4975291 0.4946740 0.4496232 0.4540130 0.4768970 0.4506944 0.4271487 0.3862426 0.3522252 0.2855164 0.0000000 0.4430622 0.3757643 0.3580287 1.4979861 1.2489787 1.2183899 1.2430116 1.2028962 1.2004746 1.2274752 1.1990318 1.1895283 1.2239022 1.2001468 1.1904541 1.1980943 1.1577290 1.2477613 1.1853221 1.1681441 1.1717146 1.2180771 1.2329547 1.2151698 1.2058224 1.1409966 1.1597972 1.0887242 1.1867090 1.1839541 1.2121002 1.1982819 1.1845967 1.1365585 1.1920288 1.1998636 1.1447867 1.1528396 1.1032566 1.0724383 1.1162674 1.0780616 0.9788351 1.0959949 1.0822286 1.0594881 1.0403762 0.9694004 0.9786719 0.9028098 0.9135621 0.8908024 0.9075255 0.8961733 0.9720753 0.8841789 0.8636029 0.8832942 1.1400108 1.0247625 0.6792460 0.8230846 1.0894436 0.9887214 0.9259370 0.8932604 0.8752947 0.9350688 0.9292752 0.8862003 0.8947616 0.7684348 0.7947819 0.7921128 0.7674044 0.7776020 0.7568716 0.7466887 0.7385164 0.7864683 0.7279266 2.8891230 2.2994138 2.2214651 2.3048493 
C.ZA.02.02ZAPS015MB1.DQ369995          1.1943828 0.6724591 0.5342297 0.4974655 0.5123320 0.4829247 0.4566844 0.4459200 0.4664848 0.4616330 0.4205916 0.4027673 0.4091470 0.4039445 0.4430622 0.0000000 0.3227292 0.3705820 1.4432347 1.2620247 1.1976038 1.2275256 1.1869982 1.1999316 1.1979230 1.1841138 1.1861235 1.2126667 1.2003216 1.1851291 1.1837012 1.1353334 1.2302948 1.1655614 1.1685575 1.1366140 1.1731953 1.1965794 1.2201920 1.2503553 1.1179837 1.1299353 1.0948986 1.1574374 1.1812697 1.1988424 1.2045834 1.1720692 1.1309503 1.1484147 1.1724068 1.1482175 1.1202766 1.0908389 1.0489231 1.1211754 1.0682683 0.9889141 1.0604211 1.1173482 1.0906662 1.0307400 0.9703147 0.9599902 0.8796687 0.9140069 0.9159752 0.9197630 0.8815913 0.9750650 0.8846853 0.8833664 0.8865247 1.1108297 1.0301715 0.6891871 0.8248609 1.1184618 1.0049993 0.9319471 0.9136685 0.9033126 0.9283540 0.9335305 0.9102911 0.9123694 0.7480398 0.8103277 0.7939057 0.7822182 0.7967405 0.7617294 0.7703494 0.7441640 0.8055683 0.7277640 2.9185725 2.2373949 2.2662955 2.2989697 
C.ZA.99.99ZALT4.EU293444               1.1210386 0.6139439 0.4676572 0.4461459 0.4454297 0.4346204 0.3960760 0.3882145 0.4182028 0.3951786 0.3631079 0.3458543 0.3481543 0.3356744 0.3757643 0.3227292 0.0000000 0.3091987 1.4264571 1.1794564 1.1479426 1.1666552 1.1462024 1.1226660 1.1464091 1.1038129 1.1086155 1.1471935 1.1192883 1.1062155 1.1001995 1.0895939 1.2078677 1.1064507 1.0919082 1.1130763 1.1361209 1.1484908 1.1653706 1.1376416 1.0769113 1.0988004 1.0303628 1.1061257 1.1231454 1.1146426 1.1296218 1.0896087 1.0863238 1.1201629 1.1248778 1.0815826 1.0769742 1.0366386 0.9925711 1.0831785 1.0076837 0.9347685 1.0300561 1.0200327 1.0138370 0.9504234 0.8845840 0.8877323 0.8324824 0.8536843 0.8296242 0.8414882 0.7886146 0.9242389 0.8430001 0.8120367 0.8426261 1.0558282 0.9802517 0.6033147 0.7485590 1.0472897 0.9391747 0.8685296 0.8608927 0.8498501 0.8759989 0.8676013 0.8380864 0.8393631 0.7030798 0.7193942 0.7097034 0.7090989 0.7126040 0.7003256 0.7006483 0.6771477 0.7345540 0.6592301 2.9130853 2.2648181 2.2474523 2.2282119 
C.BW.00.00BW076820.AF443089            1.1146984 0.5792747 0.4517976 0.4320466 0.4224301 0.4172780 0.3706326 0.3609024 0.3786364 0.3712809 0.3393629 0.3443285 0.3515856 0.3345244 0.3580287 0.3705820 0.3091987 0.0000000 1.3802312 1.1973252 1.1175137 1.1234663 1.1066953 1.1005245 1.1045511 1.0960970 1.0870569 1.1160375 1.1154730 1.0987012 1.1093717 1.0863411 1.1441236 1.0827335 1.0746150 1.0733350 1.0992088 1.1328167 1.1566407 1.1467390 1.0586095 1.0733222 1.0349476 1.1007007 1.0891346 1.0926705 1.1208657 1.0934722 1.0517610 1.0986220 1.1126541 1.0754568 1.0668278 1.0183803 0.9727302 1.0476963 1.0102588 0.9167965 1.0000065 1.0134413 1.0015911 0.9535642 0.9036085 0.8948737 0.8194920 0.8619986 0.8109831 0.8409430 0.7938585 0.9061059 0.8376501 0.7991147 0.8178452 1.0824968 0.9703938 0.5942759 0.7294061 1.0326520 0.9099827 0.8525767 0.8291732 0.7962466 0.8389173 0.8497901 0.8263910 0.8072471 0.6831649 0.7064022 0.6865655 0.6910240 0.7152218 0.6951664 0.6849730 0.6561720 0.7164649 0.6485310 2.8863997 2.2455934 2.1811346 2.1980606 
BF1.BR.10.10BR_RJ029.KT427782          1.1930720 1.4841149 1.5382398 1.5515519 1.4254570 1.5218440 1.3890581 1.4266572 1.4509076 1.3936030 1.3764909 1.4150137 1.4477553 1.4276218 1.4979861 1.4432347 1.4264571 1.3802312 0.0000000 0.7929243 0.7094006 0.6889282 0.6583264 0.7622094 0.7630399 0.7389434 0.7529746 0.6539454 0.7573644 0.7494124 0.7523926 0.7197228 0.7681012 0.6380784 0.7264658 0.7166189 0.7869713 0.7851563 0.7884132 0.7749513 0.6594887 0.6756706 0.6393028 0.7375348 0.7277635 0.7118544 0.7505784 0.7080458 0.7176429 0.7131846 0.7607164 0.7077758 0.7070456 0.6634925 0.8978875 0.8962882 0.8603590 1.0509990 1.3563993 1.3650275 1.2983200 1.2618810 1.1943966 1.2336289 1.1488408 1.2323594 1.1835442 1.1673063 1.1246294 1.2449666 1.1425550 1.1341789 1.1055185 1.5262423 1.3510259 1.2093063 1.0949878 1.4505862 1.3571417 1.2886669 1.2609391 1.2812011 1.3011484 1.3252927 1.2786152 1.2545499 1.2102534 1.1747405 1.1530431 1.1461995 1.2005850 1.1755102 1.1841889 1.1547152 1.2051472 1.1591531 3.1114389 2.5179633 2.5032003 2.5422220 
51_01B.MY.11.11MYKL055.KJ485697        0.9711960 1.2618106 1.3466556 1.2992546 1.2381701 1.2867308 1.1927483 1.2289897 1.2312387 1.1878364 1.1617489 1.2368354 1.2747786 1.2261939 1.2489787 1.2620247 1.1794564 1.1973252 0.7929243 0.0000000 0.5295712 0.5267090 0.5131377 0.4866284 0.4946630 0.4758663 0.4925964 0.5234493 0.5038073 0.4802302 0.4817935 0.4807019 0.4923540 0.4754626 0.4670936 0.4604141 0.4913913 0.4872593 0.4884757 0.4745672 0.4528254 0.4452538 0.4332418 0.4553823 0.4411793 0.4368449 0.4473619 0.4389030 0.4263955 0.4240432 0.4377540 0.3990320 0.4206640 0.3884693 0.6606555 0.6833041 0.6468397 0.8304812 1.1069438 1.1436891 1.1032639 1.0469552 0.9962094 0.9922931 0.9090101 0.9921190 0.9262130 0.9655037 0.8872401 1.0099308 0.9541478 0.9267139 0.8976311 1.2519933 1.1466645 1.0376651 0.8522865 1.2209532 1.1240910 1.0664650 1.0474054 1.0332135 1.0785257 1.0781521 1.0448004 1.0347732 0.9759062 0.9490443 0.9185648 0.8932532 0.9937765 0.9218906 0.9507908 0.9138574 0.9809883 0.9247404 2.8243071 2.2334677 2.2029766 2.2620894 
B.GB.14.14667_1_16.3.MF109578          0.9402287 1.2071464 1.2944100 1.2162820 1.1683790 1.2423435 1.1535574 1.1615353 1.1871248 1.1433922 1.1131247 1.1645299 1.1714188 1.1727204 1.2183899 1.1976038 1.1479426 1.1175137 0.7094006 0.5295712 0.0000000 0.4643410 0.4017981 0.4882701 0.4913180 0.4729654 0.4754490 0.4415641 0.4930937 0.4824985 0.4723052 0.4559366 0.5094264 0.3939161 0.4593537 0.4423697 0.5186306 0.5155700 0.5146958 0.4889628 0.3970740 0.3848067 0.3919201 0.4731045 0.4583942 0.4580102 0.4585957 0.4514840 0.4509319 0.4406481 0.4617629 0.4374709 0.4404093 0.3946913 0.6216708 0.6479432 0.6041873 0.8100932 1.0678527 1.0649452 1.0498387 0.9772545 0.9415817 0.9564861 0.8677769 0.9303832 0.8798746 0.9018366 0.8510224 0.9832276 0.8907232 0.8691366 0.8757338 1.2010087 1.0950185 0.9393955 0.8445053 1.1707950 1.0656018 1.0079320 0.9975168 0.9978492 1.0374822 1.0183135 0.9828612 0.9749743 0.9232710 0.8827844 0.8977085 0.8612421 0.9138190 0.8969463 0.9068295 0.8872152 0.9141815 0.8749903 2.8091863 2.1985033 2.1717901 2.1737384 
BF1.BR.10.10BR_MG052.KT427668          0.9519659 1.2483498 1.3194631 1.2744621 1.2251672 1.2771476 1.1828248 1.1611595 1.2098925 1.1533546 1.1396836 1.2134060 1.2358728 1.2020655 1.2430116 1.2275256 1.1666552 1.1234663 0.6889282 0.5267090 0.4643410 0.0000000 0.4380981 0.4996280 0.5163676 0.4808753 0.4880419 0.4168779 0.4985072 0.4918944 0.4938883 0.4703242 0.5432731 0.3833457 0.4732828 0.4566145 0.5282848 0.5225977 0.5287235 0.5109234 0.4149638 0.4149876 0.3985489 0.4867852 0.4644779 0.4711775 0.4773894 0.4765396 0.4606030 0.4550934 0.4760183 0.4554371 0.4532407 0.4180763 0.6576633 0.6571448 0.6127199 0.8191401 1.0627936 1.0678110 1.0658048 1.0172571 0.9576988 0.9893477 0.8931078 0.9386934 0.9129993 0.9194124 0.8638340 0.9568787 0.9032548 0.9065940 0.8603990 1.2364549 1.1137307 0.9765215 0.8353386 1.1977761 1.1184288 1.0446279 1.0312161 1.0362575 1.0594773 1.0382523 1.0144332 1.0189284 0.9454133 0.9178518 0.9055249 0.8813960 0.9343324 0.9031989 0.9290571 0.9019351 0.9553981 0.9018268 2.8633777 2.3009124 2.2502970 2.2215604 
B.BR.10.10BR_PE013.KT427743            0.9186302 1.1769549 1.2508246 1.2189186 1.1622914 1.2231598 1.1304740 1.1409470 1.1529749 1.1291838 1.0976912 1.1723805 1.1695199 1.1606442 1.2028962 1.1869982 1.1462024 1.1066953 0.6583264 0.5131377 0.4017981 0.4380981 0.0000000 0.4803609 0.4809209 0.4478178 0.4675479 0.4110052 0.4791283 0.4584999 0.4657943 0.4385942 0.4987079 0.3743330 0.4526480 0.4280638 0.4992236 0.4940943 0.4883990 0.4780113 0.3830214 0.3791649 0.3719827 0.4649654 0.4438014 0.4460995 0.4582493 0.4435567 0.4444785 0.4330794 0.4477955 0.4233417 0.4207026 0.3879814 0.6124162 0.6275481 0.5909668 0.7863342 1.0794558 1.0553063 1.0525715 1.0036610 0.9378710 0.9530365 0.8655799 0.9218844 0.8737834 0.8909917 0.8376211 0.9335087 0.8672027 0.8316409 0.8453161 1.2138003 1.0967792 0.9243130 0.8101519 1.1600218 1.0514189 1.0021981 0.9769282 0.9762003 1.0131383 1.0043226 0.9790805 0.9538520 0.9073545 0.8713388 0.8557587 0.8458983 0.9226524 0.8948371 0.8739356 0.8749961 0.8916288 0.8508935 2.8788555 2.3082982 2.2213786 2.2636994 
B.CY.08.CY224.JF683773                 0.8879543 1.2139032 1.3197853 1.2482820 1.1801504 1.2273326 1.1603163 1.1371947 1.2137279 1.1522667 1.1281705 1.1863689 1.1517054 1.1517616 1.2004746 1.1999316 1.1226660 1.1005245 0.7622094 0.4866284 0.4882701 0.4996280 0.4803609 0.0000000 0.4489504 0.4215332 0.4253574 0.4914358 0.4348854 0.4187220 0.4260661 0.4537877 0.4764838 0.4390585 0.4087116 0.4360554 0.4945450 0.4788616 0.4816323 0.4585422 0.4222713 0.4219671 0.4048317 0.4416848 0.4315923 0.4346612 0.4333234 0.4219900 0.4169277 0.4127619 0.4387214 0.4148648 0.4061786 0.3696225 0.6313372 0.6564898 0.6136868 0.7961697 1.0602480 1.0894299 1.0583602 1.0198350 0.9442192 0.9656483 0.8946099 0.9287473 0.8951344 0.9012654 0.8604799 0.9521793 0.8689838 0.8617056 0.8364751 1.2068432 1.1093624 0.9517431 0.8373704 1.1740889 1.0791461 1.0315997 0.9923103 0.9738749 1.0119446 1.0058438 0.9517390 0.9610870 0.9331550 0.8897696 0.8785972 0.8906396 0.9118090 0.9095263 0.9063899 0.8607131 0.9347227 0.8847312 2.8006491 2.1838800 2.1421887 2.1746560 
B.JP.11.NMC851C_clone_13.AB731669      0.9385323 1.2284701 1.3467733 1.2628037 1.2240541 1.2669881 1.1781797 1.1765782 1.2001194 1.1685423 1.1293664 1.1991684 1.2119058 1.2140996 1.2274752 1.1979230 1.1464091 1.1045511 0.7630399 0.4946630 0.4913180 0.5163676 0.4809209 0.4489504 0.0000000 0.4488918 0.4412146 0.4822085 0.4580780 0.4442096 0.4452379 0.4542827 0.4784574 0.4465972 0.4248730 0.4373539 0.4794489 0.4804243 0.4664176 0.4612911 0.4203072 0.4131581 0.4064638 0.4418025 0.4284199 0.4196503 0.4329161 0.4276669 0.4200127 0.4139964 0.4341617 0.4155338 0.4121484 0.3643708 0.6334852 0.6515096 0.5997655 0.8090604 1.0519024 1.0807853 1.0963723 1.0289056 0.9907465 0.9871972 0.8787148 0.9725323 0.9043735 0.9142362 0.8546361 0.9613959 0.9172165 0.8760730 0.8635070 1.2095948 1.1113760 0.9498472 0.8393382 1.1929174 1.0761608 1.0365467 1.0096864 1.0033645 1.0407089 1.0379757 0.9943276 0.9915614 0.9221221 0.9057082 0.8787989 0.8801299 0.9436038 0.9375481 0.9370451 0.8890283 0.9508489 0.9013374 2.8584096 2.2573272 2.1856847 2.2823743 
B.TH.06.AA010a_WG3.JX446800            0.8942842 1.1886668 1.3195906 1.2060031 1.1802919 1.2408898 1.1191831 1.1363742 1.1599847 1.1422501 1.0888322 1.1537332 1.1801043 1.1835082 1.1990318 1.1841138 1.1038129 1.0960970 0.7389434 0.4758663 0.4729654 0.4808753 0.4478178 0.4215332 0.4488918 0.0000000 0.3978843 0.4690732 0.4154825 0.3999956 0.4042502 0.4234697 0.4507430 0.4258792 0.3821976 0.4116983 0.4741325 0.4708571 0.4753522 0.4495031 0.3965902 0.3992853 0.3780549 0.4267451 0.4174190 0.4158231 0.4108472 0.3989551 0.4101797 0.3977526 0.4223506 0.3842787 0.3977093 0.3579721 0.5949444 0.6143913 0.5831079 0.7701215 1.0294087 1.0435222 1.0201293 0.9700447 0.9243350 0.9277231 0.8638039 0.9174493 0.8751253 0.8833799 0.8284575 0.9133402 0.8594101 0.8294597 0.8191561 1.1792994 1.0776887 0.9343608 0.7959801 1.1679713 1.0530883 0.9974579 0.9659460 0.9714959 1.0086298 0.9953246 0.9587882 0.9752012 0.8962911 0.8740065 0.8462672 0.8338956 0.9115293 0.8945252 0.8820757 0.8639734 0.9154478 0.8616580 2.7731914 2.2471472 2.1452617 2.1254676 
B.JP.04.DR6174.AB480692                0.9114094 1.1974369 1.2889658 1.2161170 1.1634866 1.2262908 1.1242099 1.1290014 1.1548045 1.1065028 1.0907588 1.1643337 1.2010291 1.1704181 1.1895283 1.1861235 1.1086155 1.0870569 0.7529746 0.4925964 0.4754490 0.4880419 0.4675479 0.4253574 0.4412146 0.3978843 0.0000000 0.4746032 0.4038777 0.4016806 0.3930408 0.4298171 0.4759149 0.4299920 0.3811976 0.4151168 0.4701918 0.4728823 0.4634558 0.4475148 0.4010731 0.3911407 0.3738151 0.4222907 0.4211115 0.4085928 0.4142643 0.4085709 0.4107542 0.4011547 0.4220960 0.3927303 0.3881796 0.3609628 0.5991336 0.6243670 0.5911036 0.7570678 1.0339287 1.0741714 1.0263761 0.9632658 0.9221831 0.9289921 0.8366290 0.9114943 0.8337016 0.8599446 0.8025783 0.9240312 0.8375470 0.8361270 0.8218319 1.2016827 1.0822670 0.9060132 0.8173548 1.1670306 1.0465253 1.0000406 0.9861081 0.9755827 1.0212020 0.9918366 0.9724893 0.9652430 0.9147819 0.8648959 0.8559695 0.8273306 0.8949489 0.8645650 0.8713278 0.8625060 0.9079870 0.8418293 2.7708511 2.1665090 2.0915937 2.1281187 
BF1.BR.00.BREPM13853.DQ085875          0.9231135 1.2120227 1.3109347 1.2573357 1.1961139 1.2399165 1.1489605 1.1439352 1.1658736 1.1610384 1.1229435 1.1819924 1.1914310 1.1804690 1.2239022 1.2126667 1.1471935 1.1160375 0.6539454 0.5234493 0.4415641 0.4168779 0.4110052 0.4914358 0.4822085 0.4690732 0.4746032 0.0000000 0.4932025 0.4700437 0.4618875 0.4399227 0.5147919 0.3639312 0.4665376 0.4450390 0.5066706 0.5038127 0.5000518 0.5087008 0.3914766 0.3879919 0.3842061 0.4777001 0.4482452 0.4546261 0.4501967 0.4559088 0.4472037 0.4409296 0.4606206 0.4291720 0.4306860 0.4013737 0.6026965 0.6388591 0.6040033 0.7988697 1.0661208 1.0652181 1.0449742 1.0008273 0.9426066 0.9623798 0.8799655 0.9557737 0.9046679 0.9038100 0.8514173 0.9557039 0.8861889 0.8633123 0.8645036 1.2197041 1.1181772 0.9516622 0.8294914 1.1551870 1.0861698 1.0323332 1.0011746 0.9911950 1.0164722 1.0207398 0.9994376 0.9810279 0.9197118 0.8873240 0.8692565 0.8409444 0.9184804 0.8833071 0.9033057 0.8900378 0.9206082 0.8788283 2.8531013 2.3166108 2.1975305 2.2314606 
B.CN.07.CBJC261.JF932474               0.9304818 1.2250958 1.3138405 1.2361062 1.1955835 1.2012543 1.1319930 1.1289715 1.1586542 1.1440768 1.1024882 1.1586448 1.1906723 1.1612026 1.2001468 1.2003216 1.1192883 1.1154730 0.7573644 0.5038073 0.4930937 0.4985072 0.4791283 0.4348854 0.4580780 0.4154825 0.4038777 0.4932025 0.0000000 0.1834226 0.1872412 0.4441522 0.4870731 0.4411140 0.3840841 0.4364181 0.4946782 0.4808679 0.4771090 0.4677073 0.4152581 0.4176136 0.4027997 0.4453499 0.4407029 0.4209151 0.4300802 0.4276188 0.4334323 0.4151319 0.4434375 0.3985019 0.4073224 0.3732178 0.6374035 0.6351542 0.5991990 0.7666959 1.0601986 1.0751773 1.0657869 1.0063555 0.9654258 0.9817776 0.8842162 0.9222116 0.8784651 0.8990594 0.8272643 0.9287452 0.8568827 0.8601930 0.8570042 1.1655143 1.1213296 0.9654892 0.8324783 1.1861781 1.0914243 1.0108589 1.0023984 0.9908219 1.0298943 0.9982497 0.9821065 0.9815827 0.9068994 0.8731347 0.8843144 0.8507230 0.9090215 0.8963012 0.8893027 0.8640612 0.8969501 0.8684371 2.8078874 2.2355171 2.2407866 2.3075404 
B.CN.01.CNHN24.AY180905                0.9075729 1.2040386 1.2922417 1.2432600 1.1681362 1.1907680 1.1192983 1.1291253 1.1521858 1.1218554 1.0993143 1.1305278 1.1871746 1.1574101 1.1904541 1.1851291 1.1062155 1.0987012 0.7494124 0.4802302 0.4824985 0.4918944 0.4584999 0.4187220 0.4442096 0.3999956 0.4016806 0.4700437 0.1834226 0.0000000 0.1702776 0.4316707 0.4784309 0.4370033 0.3660725 0.4045080 0.4764554 0.4778478 0.4620391 0.4564521 0.3981533 0.3959116 0.3861719 0.4331722 0.4256938 0.4168401 0.4255412 0.4120255 0.4177134 0.3963862 0.4254262 0.3915358 0.3907224 0.3590309 0.6106689 0.6171936 0.5876343 0.7721782 1.0476402 1.0269810 1.0273795 0.9744564 0.9356329 0.9601490 0.8676585 0.8946539 0.8451788 0.8646579 0.8044384 0.9260527 0.8530031 0.8295466 0.8424141 1.1511969 1.0914841 0.9379589 0.8262601 1.1660032 1.0507276 1.0089478 0.9678255 0.9649761 1.0186957 0.9934945 0.9467174 0.9565778 0.9053573 0.8542480 0.8543877 0.8310616 0.8928283 0.8698084 0.8641407 0.8653667 0.9012590 0.8652992 2.7910660 2.2568758 2.2259987 2.2868588 
B.CN.08.cbjc468.JF932498               0.8985717 1.1786044 1.3154664 1.2401444 1.1804788 1.1950098 1.1133453 1.1212804 1.1301434 1.1238374 1.0923421 1.1547479 1.1874132 1.1737595 1.1980943 1.1837012 1.1001995 1.1093717 0.7523926 0.4817935 0.4723052 0.4938883 0.4657943 0.4260661 0.4452379 0.4042502 0.3930408 0.4618875 0.1872412 0.1702776 0.0000000 0.4346214 0.4738984 0.4387900 0.3685441 0.4266229 0.4714631 0.4669169 0.4751409 0.4593288 0.3981557 0.3988758 0.3843878 0.4325542 0.4222501 0.4140091 0.4188677 0.4198082 0.4123873 0.4022258 0.4188008 0.3872009 0.3901680 0.3553315 0.6090430 0.6290181 0.5952996 0.7713838 1.0301796 1.0607351 1.0704338 0.9663763 0.9389607 0.9582862 0.8839479 0.9180218 0.8746003 0.8800274 0.8122365 0.9250489 0.8680497 0.8468342 0.8441432 1.1920536 1.1039519 0.9440969 0.8314899 1.1642242 1.0610236 1.0062120 0.9693022 0.9608240 1.0023882 0.9970137 0.9608460 0.9698072 0.8979949 0.8581962 0.8554912 0.8268940 0.9124009 0.8734228 0.8886707 0.8506121 0.8784123 0.8681498 2.7779932 2.2367103 2.2266350 2.2406203 
B.US.15.3693.KX505555                  0.8572717 1.1950186 1.2856918 1.2157679 1.1336538 1.1780355 1.1019565 1.1097334 1.1322451 1.0990939 1.0700686 1.1279059 1.1570452 1.1175696 1.1577290 1.1353334 1.0895939 1.0863411 0.7197228 0.4807019 0.4559366 0.4703242 0.4385942 0.4537877 0.4542827 0.4234697 0.4298171 0.4399227 0.4441522 0.4316707 0.4346214 0.0000000 0.4696839 0.4064706 0.4264752 0.3998560 0.4597768 0.4664028 0.4538847 0.4513799 0.3827926 0.3783034 0.3653056 0.4293984 0.4250618 0.4090219 0.4198101 0.4073294 0.4048318 0.3969536 0.4199469 0.3809146 0.3875524 0.3543717 0.5630196 0.5781018 0.5365651 0.7233051 1.0170523 0.9971292 1.0044169 0.9508188 0.8801891 0.9307675 0.8053127 0.8752570 0.8225210 0.8539794 0.7818942 0.8840139 0.8225069 0.8041733 0.7882015 1.1499564 1.0563566 0.9119528 0.7655748 1.1269990 0.9976037 0.9843493 0.9518088 0.9492889 0.9516635 0.9653581 0.9358655 0.9326699 0.8621029 0.8356710 0.8194061 0.8002086 0.8729848 0.8537445 0.8514325 0.8288889 0.8603377 0.8328699 2.8225727 2.1488422 2.0856253 2.1162633 
B.US.15.2521.KX505446                  0.9546967 1.2621750 1.3614631 1.2668819 1.1947984 1.2662502 1.1569773 1.1960233 1.2373622 1.2041842 1.1487870 1.2117960 1.2347979 1.2114611 1.2477613 1.2302948 1.2078677 1.1441236 0.7681012 0.4923540 0.5094264 0.5432731 0.4987079 0.4764838 0.4784574 0.4507430 0.4759149 0.5147919 0.4870731 0.4784309 0.4738984 0.4696839 0.0000000 0.4740011 0.4562891 0.4581237 0.4488749 0.4233015 0.4459220 0.4256133 0.4467438 0.4397395 0.4217280 0.4143868 0.3950987 0.3956677 0.4059390 0.3967230 0.3947158 0.3782546 0.3948009 0.3737487 0.3860517 0.3425659 0.6622301 0.6730576 0.6247611 0.8437492 1.1005215 1.1137076 1.1106622 1.0434879 1.0113146 1.0081951 0.9053097 0.9790421 0.9289806 0.9599270 0.8734726 0.9804618 0.9164877 0.9159793 0.8865671 1.2221489 1.1013984 1.0008781 0.8700974 1.2136092 1.0997855 1.0476193 1.0289501 1.0303399 1.0669390 1.0535533 1.0050742 0.9952445 0.9728080 0.9554189 0.8938315 0.9002386 0.9812754 0.9599540 0.9394234 0.8945015 0.9644845 0.9222187 2.8622858 2.2227160 2.2348035 2.2948999 
B.BR.02.02BR2041.JN692443              0.8886876 1.1823389 1.3041203 1.2361331 1.1710291 1.1809111 1.1304031 1.1238579 1.1375335 1.1207198 1.0817846 1.1415915 1.1728303 1.1185931 1.1853221 1.1655614 1.1064507 1.0827335 0.6380784 0.4754626 0.3939161 0.3833457 0.3743330 0.4390585 0.4465972 0.4258792 0.4299920 0.3639312 0.4411140 0.4370033 0.4387900 0.4064706 0.4740011 0.0000000 0.4028108 0.4017216 0.4584063 0.4619697 0.4515750 0.4562448 0.3553820 0.3441252 0.3412490 0.4350693 0.4096505 0.4081166 0.4217090 0.4165917 0.4072891 0.4030665 0.4240212 0.3953932 0.3893477 0.3535244 0.5782973 0.6013700 0.5789325 0.7602970 1.0487945 1.0462747 1.0460890 0.9805550 0.9215128 0.9407848 0.8428613 0.8949315 0.8577195 0.8744506 0.8128787 0.9214846 0.8726591 0.8307417 0.8240084 1.1749694 1.0852216 0.9178181 0.7927886 1.1115542 1.0516194 0.9878386 0.9669187 0.9582090 0.9836002 0.9731601 0.9443402 0.9441850 0.8898684 0.8579527 0.8480111 0.8294251 0.8846279 0.8719025 0.8562557 0.8566030 0.8803824 0.8475197 2.8002495 2.1827632 2.1705348 2.1871640 
B.DE.10.iso4_w10.KU612900              0.9008099 1.1967687 1.2716392 1.2140386 1.1521860 1.1929873 1.0949473 1.0942436 1.1404745 1.1223479 1.0623897 1.1077480 1.1526158 1.1329422 1.1681441 1.1685575 1.0919082 1.0746150 0.7264658 0.4670936 0.4593537 0.4732828 0.4526480 0.4087116 0.4248730 0.3821976 0.3811976 0.4665376 0.3840841 0.3660725 0.3685441 0.4264752 0.4562891 0.4028108 0.0000000 0.4024397 0.4607868 0.4556494 0.4582034 0.4395976 0.3882601 0.3848374 0.3635901 0.4119975 0.4148854 0.4034968 0.4084115 0.4009287 0.3981572 0.3824785 0.4274958 0.3824834 0.3871898 0.3429390 0.6001388 0.6068750 0.5842307 0.7771338 1.0436510 1.0427517 1.0178202 0.9727733 0.9172518 0.9242169 0.8484182 0.9048590 0.8514179 0.8681866 0.8178648 0.9152795 0.8573599 0.8381379 0.8286061 1.1527569 1.0680690 0.9065914 0.8249678 1.1130226 1.0351373 0.9975463 0.9610305 0.9665947 0.9850472 0.9772872 0.9379603 0.9232493 0.9022474 0.8641691 0.8663621 0.8471139 0.9025956 0.8662340 0.8577215 0.8606749 0.9086908 0.8461378 2.7605011 2.2251530 2.1425784 2.1957986 
B.BR.10.10BR_PE101.KT427697            0.8795486 1.1763170 1.2587556 1.1964845 1.1702417 1.2234273 1.1144926 1.1163297 1.1383407 1.1125468 1.0584403 1.1258073 1.1685747 1.1631433 1.1717146 1.1366140 1.1130763 1.0733350 0.7166189 0.4604141 0.4423697 0.4566145 0.4280638 0.4360554 0.4373539 0.4116983 0.4151168 0.4450390 0.4364181 0.4045080 0.4266229 0.3998560 0.4581237 0.4017216 0.4024397 0.0000000 0.4474906 0.4508188 0.4384503 0.4288917 0.3698427 0.3731503 0.3531697 0.4117247 0.4063054 0.3882084 0.3987079 0.4018898 0.3835128 0.3777565 0.4044509 0.3696118 0.3790846 0.3384929 0.5642058 0.6015488 0.5640042 0.7529247 1.0278172 1.0202373 1.0256772 0.9647163 0.9248788 0.9334001 0.8349392 0.8983131 0.8439747 0.8482541 0.7990297 0.8893464 0.8235217 0.7913516 0.7867901 1.1382464 1.0350865 0.9070032 0.7902416 1.1459951 1.0347296 0.9920772 0.9600058 0.9455617 1.0048276 0.9722681 0.9526202 0.9416775 0.8651663 0.8330522 0.8289446 0.8162067 0.8742938 0.8531605 0.8706267 0.8203942 0.8874486 0.8410791 2.7349860 2.1470094 2.1362801 2.1800968 
B.GB.14.14535_1_7.3.MF109534           0.9071463 1.1919768 1.3025226 1.2475357 1.1909572 1.2395810 1.1364441 1.1605834 1.1941294 1.1749081 1.1263751 1.1872923 1.1588701 1.1668300 1.2180771 1.1731953 1.1361209 1.0992088 0.7869713 0.4913913 0.5186306 0.5282848 0.4992236 0.4945450 0.4794489 0.4741325 0.4701918 0.5066706 0.4946782 0.4764554 0.4714631 0.4597768 0.4488749 0.4584063 0.4607868 0.4474906 0.0000000 0.4492098 0.4160707 0.4226577 0.4361402 0.4438000 0.4233801 0.4142528 0.4051272 0.3727284 0.4140678 0.3921257 0.3731066 0.3894130 0.4124080 0.3826053 0.3886409 0.3392491 0.6362583 0.6602477 0.6139002 0.8097559 1.0714520 1.0799772 1.0555706 0.9917610 0.9407919 0.9915549 0.8869896 0.9335491 0.8892737 0.9109389 0.8461312 0.9454367 0.8796210 0.8599736 0.8532577 1.2234304 1.1197111 0.9692715 0.8303526 1.2105769 1.1024467 1.0525834 1.0162701 1.0155181 1.0487209 1.0345307 0.9815486 0.9810967 0.9080892 0.8927143 0.8892767 0.8437998 0.9227917 0.9271326 0.9066505 0.8679035 0.9270090 0.8677446 2.7626292 2.2450698 2.1881898 2.2478096 
B.GB.14.13659_1_64.3.MF109452          0.9335896 1.2555658 1.3555970 1.2791048 1.1982104 1.2783569 1.1481191 1.1868418 1.1967266 1.1840493 1.1392095 1.1951730 1.1771196 1.1842594 1.2329547 1.1965794 1.1484908 1.1328167 0.7851563 0.4872593 0.5155700 0.5225977 0.4940943 0.4788616 0.4804243 0.4708571 0.4728823 0.5038127 0.4808679 0.4778478 0.4669169 0.4664028 0.4233015 0.4619697 0.4556494 0.4508188 0.4492098 0.0000000 0.4419062 0.4180152 0.4468448 0.4290764 0.4130723 0.4084275 0.4021404 0.3873982 0.4098673 0.3985234 0.3821951 0.3772526 0.3967164 0.3720724 0.3761160 0.3394847 0.6573930 0.6677404 0.6292993 0.8187209 1.0645430 1.0849038 1.0888911 1.0319278 0.9894290 1.0042408 0.9324442 0.9688628 0.9068999 0.9293420 0.8711656 0.9422430 0.9018895 0.9053654 0.8766792 1.2211936 1.1252898 1.0015017 0.8612071 1.2021247 1.1078321 1.0545705 1.0385103 1.0415686 1.0616218 1.0406946 1.0158414 1.0173895 0.9538575 0.9212443 0.9191348 0.8683697 0.9639468 0.9372771 0.9482954 0.9063061 0.9347249 0.9058446 2.8254880 2.2564163 2.2915306 2.2799407 
