94
RESTV_M.fas-tc_USA_89_Philippines89-Pennsylvania_NC_004161 0.0000000 0.0254152 0.0339950 1.8717823 1.8714422 2.0376732 2.0836244 1.9347026 1.9350510 1.9333795 1.9353794 1.9756813 1.9740743 1.9710669 1.9726873 1.9768842 1.9744568 1.9738964 1.9738347 1.9770985 1.9762587 1.9756610 1.9779138 1.9783758 1.9783758 1.9776729 1.9762984 1.9734696 1.9743603 1.9737098 1.9738964 1.9737931 1.9735155 1.9729610 1.9726838 1.9726838 1.9724065 1.9720968 1.9732147 1.9750321 1.9710739 1.9710739 1.9731141 1.9728690 1.9730556 1.9731967 1.9728690 1.9736409 1.9726216 1.9732218 1.9729744 1.9731128 1.9739441 1.9741765 1.9736449 1.9709262 1.9724308 1.9731829 1.9720699 1.9747528 1.9746138 1.9745166 1.9753923 1.9740313 1.9744338 1.9740117 1.9726583 1.9718139 1.9723444 1.9723952 1.9723952 1.9744121 1.9755412 1.9729176 1.9742293 1.9742177 1.9745185 1.9738175 1.9729821 1.9726786 1.9723533 1.9748195 1.9720167 1.9730646 1.9747241 1.9747560 1.9750637 1.9758332 1.9755843 1.9764175 1.9586186 1.9627404 1.9527109 1.9480605 
RESTV_S.dom-tc_PHL_08_Reston08-A_FJ621583                  0.0254152 0.0000000 0.0522825 1.8875923 1.8872501 2.0657973 2.1192800 1.9538571 1.9542073 1.9525142 1.9545340 1.9988941 1.9972656 1.9942249 1.9958679 2.0001140 1.9976590 1.9970910 1.9970286 2.0003463 1.9992643 1.9986558 2.0009522 2.0016331 2.0016331 2.0009207 1.9995257 1.9964553 1.9975583 1.9969023 1.9970910 1.9974330 1.9967088 1.9961435 1.9958649 1.9958649 1.9955863 1.9952550 1.9963987 1.9982347 1.9952412 1.9952412 1.9962884 1.9960495 1.9962380 1.9959899 1.9960495 1.9967906 1.9958017 1.9964047 1.9961570 1.9962942 1.9969189 1.9957516 1.9968414 1.9940890 1.9956112 1.9963649 1.9952359 1.9979600 1.9978134 1.9977858 1.9986062 1.9972251 1.9976318 1.9972142 1.9958325 1.9949800 1.9955232 1.9953541 1.9953541 1.9976101 1.9987519 1.9961017 1.9974411 1.9990651 1.9993599 1.9986535 1.9978033 1.9974900 1.9971623 1.9998924 1.9968242 1.9962471 1.9978611 1.9978926 1.9982698 1.9990651 1.9981981 1.9990432 1.9766066 1.9819076 1.9726960 1.9646537 
RESTV_S.dom-xx_PHL_08_Reston08-C_FJ621584                  0.0339950 0.0522825 0.0000000 1.8727501 1.8724102 2.0428361 2.0916694 1.9275833 1.9273098 1.9256523 1.9275380 1.9729696 1.9711179 1.9682364 1.9695775 1.9737569 1.9710608 1.9705030 1.9704415 1.9736894 1.9728548 1.9722601 1.9745010 1.9749622 1.9749622 1.9742624 1.9728942 1.9703225 1.9709652 1.9703171 1.9705030 1.9703982 1.9701232 1.9695715 1.9692952 1.9692952 1.9690189 1.9687130 1.9698244 1.9716346 1.9674758 1.9674758 1.9697254 1.9694801 1.9701557 1.9698050 1.9694801 1.9702498 1.9692333 1.9698317 1.9695849 1.9697232 1.9705504 1.9707802 1.9702517 1.9675447 1.9690430 1.9702219 1.9686850 1.9713554 1.9714357 1.9713528 1.9717745 1.9706376 1.9710385 1.9706168 1.9692708 1.9684297 1.9689570 1.9690077 1.9690077 1.9728287 1.9721413 1.9695280 1.9708326 1.9714496 1.9711219 1.9704235 1.9695920 1.9692906 1.9689665 1.9692339 1.9686308 1.9696749 1.9708994 1.9709313 1.9717265 1.9724903 1.9720266 1.9728558 1.9512497 1.9550016 1.9458518 1.9419638 
SUDV_H.sap-xx_UGA_12_EboSud-603_KC545390                   1.8717823 1.8875923 1.8727501 0.0000000 0.0000507 2.1240160 2.2910539 2.0106988 2.0104170 2.0092909 2.0106520 2.0389225 2.0364665 2.0373227 2.0322985 2.0345736 2.0371384 2.0354150 2.0355194 2.0425016 2.0385488 2.0380941 2.0408782 2.0412308 2.0412308 2.0370442 2.0378861 2.0343815 2.0359485 2.0356633 2.0354150 2.0358074 2.0365502 2.0353930 2.0353657 2.0353657 2.0350825 2.0401142 2.0357170 2.0356627 2.0359209 2.0359209 2.0370595 2.0362523 2.0363898 2.0366987 2.0362523 2.0366982 2.0365007 2.0370266 2.0368327 2.0365007 2.0373470 2.0392214 2.0369192 2.0376270 2.0392265 2.0387440 2.0356230 2.0380132 2.0367546 2.0394792 2.0383266 2.0373659 2.0370030 2.0380823 2.0346585 2.0351655 2.0364212 2.0356021 2.0356021 2.0367906 2.0363452 2.0340665 2.0355706 2.0368459 2.0338778 2.0334264 2.0330469 2.0341407 2.0340493 2.0337815 2.0337454 2.0343574 2.0356350 2.0353845 2.0353978 2.0369455 2.0362636 2.0354095 2.0264419 2.0271576 2.0282852 2.0194570 
SUDV_H.sap-xx_UGA_12_EboSud-609_KC545391                   1.8714422 1.8872501 1.8724102 0.0000507 0.0000000 2.1236441 2.2906611 2.0109806 2.0106988 2.0095725 2.0109338 2.0392060 2.0367499 2.0376062 2.0325814 2.0348569 2.0374218 2.0356982 2.0358026 2.0427855 2.0388323 2.0383776 2.0411619 2.0415145 2.0415145 2.0373276 2.0381697 2.0346649 2.0362317 2.0359465 2.0356982 2.0360908 2.0368336 2.0356762 2.0356490 2.0356490 2.0353657 2.0403979 2.0360003 2.0359462 2.0362043 2.0362043 2.0373430 2.0365357 2.0366731 2.0369821 2.0365357 2.0369815 2.0367840 2.0373099 2.0371160 2.0367840 2.0376304 2.0395051 2.0372026 2.0379104 2.0395099 2.0390275 2.0359062 2.0382966 2.0370380 2.0397634 2.0386100 2.0376493 2.0372864 2.0383658 2.0349417 2.0354487 2.0367045 2.0358855 2.0358855 2.0370740 2.0366285 2.0343496 2.0358538 2.0371292 2.0341610 2.0337095 2.0333299 2.0344238 2.0343324 2.0340648 2.0340285 2.0346405 2.0359183 2.0356679 2.0356810 2.0372289 2.0365469 2.0356927 2.0267254 2.0274411 2.0285680 2.0197395 
TAFV_H.sap-tc_CIV_94_Pauleoula-CI_NC_014372                2.0376732 2.0657973 2.0428361 2.1240160 2.1236441 0.0000000 0.8251750 1.4068434 1.4066153 1.4079472 1.4089412 1.4336361 1.4348972 1.4339623 1.4332479 1.4329397 1.4336145 1.4333502 1.4339860 1.4366102 1.4347836 1.4350549 1.4350118 1.4353440 1.4353440 1.4365254 1.4341102 1.4339618 1.4335763 1.4331303 1.4333502 1.4310993 1.4316885 1.4327695 1.4330483 1.4330483 1.4328180 1.4337464 1.4325050 1.4329102 1.4335761 1.4335761 1.4334046 1.4323678 1.4325876 1.4317004 1.4323678 1.4325279 1.4325751 1.4328372 1.4326175 1.4325751 1.4331469 1.4324374 1.4328828 1.4320968 1.4320064 1.4317216 1.4325447 1.4327535 1.4330610 1.4348245 1.4335004 1.4336020 1.4333232 1.4315071 1.4317086 1.4325061 1.4323449 1.4326719 1.4326719 1.4340091 1.4337954 1.4334452 1.4350255 1.4345271 1.4337340 1.4339455 1.4333330 1.4328705 1.4326734 1.4324944 1.4326632 1.4339294 1.4338024 1.4338406 1.4336880 1.4350294 1.4357225 1.4362729 1.4155767 1.4175413 1.4139202 1.4178497 
BDBV_H.sap-xx_COD_12_EboBund-122_KC545395                  2.0836244 2.1192800 2.0916694 2.2910539 2.2906611 0.8251750 0.0000000 1.4146067 1.4148854 1.4164408 1.4161164 1.4427796 1.4425229 1.4429920 1.4463347 1.4460575 1.4394285 1.4394219 1.4398049 1.4426463 1.4408922 1.4414538 1.4397115 1.4425696 1.4425696 1.4410632 1.4410094 1.4398933 1.4398775 1.4396318 1.4394219 1.4418869 1.4391461 1.4391489 1.4389157 1.4389157 1.4386824 1.4398294 1.4382204 1.4386131 1.4408126 1.4408126 1.4377783 1.4387743 1.4385644 1.4384032 1.4387743 1.4390588 1.4385519 1.4383355 1.4385454 1.4389841 1.4395646 1.4387339 1.4381743 1.4382433 1.4393822 1.4381168 1.4394705 1.4401404 1.4397439 1.4415790 1.4405343 1.4400858 1.4399148 1.4398781 1.4405221 1.4388543 1.4385796 1.4384448 1.4384448 1.4387348 1.4387844 1.4383258 1.4417241 1.4425252 1.4410315 1.4408068 1.4404792 1.4404076 1.4396926 1.4406728 1.4405958 1.4395775 1.4429748 1.4427522 1.4427390 1.4431727 1.4443701 1.4438632 1.4235574 1.4268726 1.4189423 1.4233201 
EBOV_H.sap-tc_COD_07_1Luebo_KC242786                       1.9347026 1.9538571 1.9275833 2.0106988 2.0109806 1.4068434 1.4146067 0.0000000 0.0000512 0.0003587 0.0005125 0.0331551 0.0326992 0.0330249 0.0330317 0.0327987 0.0328589 0.0325758 0.0328016 0.0334424 0.0331521 0.0329838 0.0333781 0.0330978 0.0330978 0.0330963 0.0332016 0.0328816 0.0326883 0.0326316 0.0325758 0.0332285 0.0326977 0.0328819 0.0328257 0.0328257 0.0328824 0.0330993 0.0328622 0.0333227 0.0334274 0.0334274 0.0329227 0.0325803 0.0326367 0.0330300 0.0325803 0.0327493 0.0325890 0.0328710 0.0328145 0.0326361 0.0326932 0.0328701 0.0328074 0.0328655 0.0329792 0.0328676 0.0326414 0.0333233 0.0330314 0.0332590 0.0332055 0.0329192 0.0327498 0.0326914 0.0331479 0.0329179 0.0326927 0.0328625 0.0328625 0.0329837 0.0329712 0.0329104 0.0332588 0.0330383 0.0329185 0.0329231 0.0330934 0.0326369 0.0328629 0.0330364 0.0328061 0.0326332 0.0326827 0.0327385 0.0322312 0.0327430 0.0322940 0.0323507 0.0230243 0.0240867 0.0228076 0.0190791 
EBOV_H.sap-tc_COD_07_M-M_HQ613403                          1.9350510 1.9542073 1.9273098 2.0104170 2.0106988 1.4066153 1.4148854 0.0000512 0.0000000 0.0003074 0.0004612 0.0330988 0.0326430 0.0329687 0.0329755 0.0327425 0.0328027 0.0325197 0.0327454 0.0333861 0.0330958 0.0329275 0.0333218 0.0330415 0.0330415 0.0330400 0.0331454 0.0328254 0.0326322 0.0325755 0.0325197 0.0331723 0.0326415 0.0328257 0.0327695 0.0327695 0.0328261 0.0330431 0.0328061 0.0332664 0.0333712 0.0333712 0.0328665 0.0325242 0.0325805 0.0329738 0.0325242 0.0326931 0.0325328 0.0328148 0.0327583 0.0325800 0.0326370 0.0328139 0.0327512 0.0328093 0.0329230 0.0328114 0.0325852 0.0332671 0.0329752 0.0332027 0.0331493 0.0328631 0.0326937 0.0326352 0.0330917 0.0328617 0.0326366 0.0328063 0.0328063 0.0329275 0.0329150 0.0328542 0.0332026 0.0329820 0.0328623 0.0328669 0.0330371 0.0325807 0.0328067 0.0329802 0.0327499 0.0325771 0.0326265 0.0326824 0.0321751 0.0326868 0.0322379 0.0322946 0.0229697 0.0240319 0.0227530 0.0190250 
EBOV_H.sap-tc_COD_07_5Luebo_KC242790                       1.9333795 1.9525142 1.9256523 2.0092909 2.0095725 1.4079472 1.4164408 0.0003587 0.0003074 0.0000000 0.0007699 0.0334635 0.0330069 0.0333330 0.0333398 0.0331064 0.0331667 0.0328833 0.0331094 0.0337513 0.0334605 0.0332919 0.0336868 0.0334061 0.0334061 0.0334046 0.0335100 0.0331898 0.0329960 0.0329392 0.0328833 0.0335372 0.0330054 0.0331900 0.0331337 0.0331337 0.0331905 0.0334077 0.0331702 0.0336314 0.0337362 0.0337362 0.0332307 0.0328878 0.0329443 0.0333381 0.0328878 0.0330570 0.0328965 0.0331790 0.0331224 0.0329437 0.0330008 0.0331781 0.0331152 0.0331735 0.0332873 0.0331755 0.0329490 0.0336320 0.0333395 0.0335680 0.0335140 0.0332273 0.0330576 0.0329990 0.0334563 0.0332259 0.0330004 0.0331704 0.0331704 0.0332918 0.0332793 0.0332183 0.0335673 0.0333465 0.0332265 0.0332311 0.0334017 0.0329445 0.0331708 0.0333446 0.0331139 0.0329408 0.0329903 0.0330462 0.0325381 0.0330507 0.0326011 0.0326578 0.0233167 0.0243809 0.0230997 0.0193654 
EBOV_H.sap-tc_COD_08_034-KS_HQ613402                       1.9353794 1.9545340 1.9275380 2.0106520 2.0109338 1.4089412 1.4161164 0.0005125 0.0004612 0.0007699 0.0000000 0.0336105 0.0331539 0.0334799 0.0334868 0.0332534 0.0333137 0.0330303 0.0332564 0.0338982 0.0336075 0.0334390 0.0338337 0.0335531 0.0335531 0.0335516 0.0336570 0.0333369 0.0331430 0.0330862 0.0330303 0.0336843 0.0331525 0.0333371 0.0332808 0.0332808 0.0333376 0.0335547 0.0333172 0.0337783 0.0338831 0.0338831 0.0333777 0.0330349 0.0330913 0.0334851 0.0330349 0.0332040 0.0330436 0.0333260 0.0332695 0.0330908 0.0331479 0.0333251 0.0332622 0.0333205 0.0334343 0.0333226 0.0330961 0.0337789 0.0334865 0.0337152 0.0336609 0.0333743 0.0332046 0.0331461 0.0336033 0.0333729 0.0331474 0.0333175 0.0333175 0.0334389 0.0334262 0.0333653 0.0337143 0.0334935 0.0333735 0.0333781 0.0335487 0.0330915 0.0333178 0.0334916 0.0332609 0.0330878 0.0331373 0.0331932 0.0326852 0.0331977 0.0327482 0.0328049 0.0233556 0.0244193 0.0231387 0.0193547 
EBOV_H.sap-wt_GIN_14_Makona-Gueckedou-EM_080076_KR817235   1.9756813 1.9988941 1.9729696 2.0389225 2.0392060 1.4336361 1.4427796 0.0331551 0.0330988 0.0334635 0.0336105 0.0000000 0.0011806 0.0014376 0.0019533 0.0017468 0.0015926 0.0013352 0.0015411 0.0021089 0.0018507 0.0016962 0.0020569 0.0017992 0.0017992 0.0017992 0.0019018 0.0016452 0.0014381 0.0013866 0.0013352 0.0020066 0.0015415 0.0018512 0.0017997 0.0017997 0.0018512 0.0019024 0.0016957 0.0021595 0.0022112 0.0022112 0.0017475 0.0014383 0.0015927 0.0018502 0.0014383 0.0015927 0.0014387 0.0016962 0.0016447 0.0014898 0.0015413 0.0017992 0.0016443 0.0016959 0.0018507 0.0016960 0.0015413 0.0021087 0.0018503 0.0019566 0.0020564 0.0017473 0.0015928 0.0015933 0.0019535 0.0017472 0.0015412 0.0016958 0.0016958 0.0017992 0.0016955 0.0016443 0.0020052 0.0017989 0.0016955 0.0016958 0.0018504 0.0014382 0.0016441 0.0017988 0.0015926 0.0011809 0.0013350 0.0013864 0.0009237 0.0013866 0.0012837 0.0013352 0.0369914 0.0379874 0.0366406 0.0334368 
EBOV_H.sap-wt_GIN_14_Makona-Gueckedou-EM_079702_KR817210   1.9740743 1.9972656 1.9711179 2.0364665 2.0367499 1.4348972 1.4425229 0.0326992 0.0326430 0.0330069 0.0331539 0.0011806 0.0000000 0.0010763 0.0015920 0.0013859 0.0013346 0.0010776 0.0012832 0.0018503 0.0015924 0.0014380 0.0017983 0.0015410 0.0015410 0.0014379 0.0016435 0.0013870 0.0011804 0.0011289 0.0010776 0.0017479 0.0012835 0.0015928 0.0015414 0.0015414 0.0015929 0.0016440 0.0014377 0.0019009 0.0019525 0.0019525 0.0014893 0.0011805 0.0013348 0.0015920 0.0011805 0.0013348 0.0011809 0.0014381 0.0013866 0.0012319 0.0012834 0.0015410 0.0013863 0.0014378 0.0015924 0.0014379 0.0012834 0.0018500 0.0015920 0.0017494 0.0017980 0.0014891 0.0013348 0.0013353 0.0016951 0.0014891 0.0012833 0.0014377 0.0014377 0.0015409 0.0014375 0.0014375 0.0017980 0.0015407 0.0014375 0.0014377 0.0015921 0.0011804 0.0013861 0.0015406 0.0013347 0.0009234 0.0009737 0.0010260 0.0005636 0.0010261 0.0009234 0.0009748 0.0365302 0.0375246 0.0362938 0.0329805 
EBOV_H.sap-wt_GIN_14_Makona-Gueckedou-EM_079587_KR817202   1.9710669 1.9942249 1.9682364 2.0373227 2.0376062 1.4339623 1.4429920 0.0330249 0.0329687 0.0333330 0.0334799 0.0014376 0.0010763 0.0000000 0.0018493 0.0016430 0.0015917 0.0013345 0.0015402 0.0021078 0.0018497 0.0016952 0.0020558 0.0017983 0.0017983 0.0017982 0.0019008 0.0016443 0.0014373 0.0013859 0.0013345 0.0020055 0.0015406 0.0018502 0.0017987 0.0017987 0.0018502 0.0019014 0.0016948 0.0021583 0.0022100 0.0022100 0.0017465 0.0014375 0.0015919 0.0018492 0.0014375 0.0015919 0.0014380 0.0016953 0.0016438 0.0014889 0.0015404 0.0017983 0.0016434 0.0016950 0.0018497 0.0016951 0.0015405 0.0021075 0.0018493 0.0020071 0.0020553 0.0017463 0.0015919 0.0015924 0.0019525 0.0017463 0.0015404 0.0016948 0.0016948 0.0017982 0.0016946 0.0016947 0.0020554 0.0017979 0.0016946 0.0016949 0.0018494 0.0014374 0.0016432 0.0017978 0.0015917 0.0011803 0.0012314 0.0012828 0.0008199 0.0012830 0.0011802 0.0012316 0.0368581 0.0378533 0.0366215 0.0333064 
EBOV_H.sap-wt_GIN_14_Makona-Gueckedou-EM_079750_KR817213   1.9726873 1.9958679 1.9695775 2.0322985 2.0325814 1.4332479 1.4463347 0.0330317 0.0329755 0.0333398 0.0334868 0.0019533 0.0015920 0.0018493 0.0000000 0.0005123 0.0019010 0.0016435 0.0018494 0.0024178 0.0021593 0.0020047 0.0023656 0.0021079 0.0021079 0.0021078 0.0022104 0.0019538 0.0017464 0.0016949 0.0016435 0.0023155 0.0018499 0.0021599 0.0021084 0.0021084 0.0021600 0.0022111 0.0020042 0.0024682 0.0025199 0.0025199 0.0020560 0.0017467 0.0019011 0.0021587 0.0017467 0.0019012 0.0017472 0.0020048 0.0019533 0.0017981 0.0018497 0.0021078 0.0019528 0.0020044 0.0021593 0.0020045 0.0018497 0.0024174 0.0021588 0.0023174 0.0023651 0.0020558 0.0019012 0.0019018 0.0022621 0.0020557 0.0018496 0.0020042 0.0020042 0.0021078 0.0020040 0.0020040 0.0023652 0.0021075 0.0020040 0.0020043 0.0021589 0.0017465 0.0019525 0.0021073 0.0019010 0.0014891 0.0015402 0.0015917 0.0011288 0.0015919 0.0014890 0.0015405 0.0367001 0.0376952 0.0364636 0.0332612 
EBOV_H.sap-wt_GIN_14_Makona-Gueckedou-EM_079910_KR817221   1.9768842 2.0001140 1.9737569 2.0345736 2.0348569 1.4329397 1.4460575 0.0327987 0.0327425 0.0331064 0.0332534 0.0017468 0.0013859 0.0016430 0.0005123 0.0000000 0.0016946 0.0014373 0.0016431 0.0022109 0.0019527 0.0017982 0.0021588 0.0019013 0.0019013 0.0019012 0.0020038 0.0017472 0.0015402 0.0014887 0.0014373 0.0021086 0.0016435 0.0019532 0.0019017 0.0019017 0.0019533 0.0020044 0.0017977 0.0022614 0.0023130 0.0023130 0.0018495 0.0015404 0.0016948 0.0019522 0.0015404 0.0016948 0.0015409 0.0017983 0.0017468 0.0015918 0.0016433 0.0019012 0.0017463 0.0017979 0.0019527 0.0017980 0.0016434 0.0022106 0.0019522 0.0021103 0.0021583 0.0018493 0.0016948 0.0016954 0.0020555 0.0018492 0.0016433 0.0017978 0.0017978 0.0019012 0.0017975 0.0017976 0.0021584 0.0019009 0.0017975 0.0017978 0.0019523 0.0015402 0.0017461 0.0019008 0.0016946 0.0012830 0.0013342 0.0013856 0.0009224 0.0013858 0.0012830 0.0013344 0.0365239 0.0375183 0.0362876 0.0329748 
EBOV_H.sap-wt_LBR_14_Makona-LIBR0430_KR006955              1.9744568 1.9976590 1.9710608 2.0371384 2.0374218 1.4336145 1.4394285 0.0328589 0.0328027 0.0331667 0.0333137 0.0015926 0.0013346 0.0015917 0.0019010 0.0016946 0.0000000 0.0002561 0.0004611 0.0010264 0.0007686 0.0006148 0.0009748 0.0007173 0.0007173 0.0007173 0.0008199 0.0005640 0.0003586 0.0003073 0.0002561 0.0009240 0.0004611 0.0007686 0.0007173 0.0007173 0.0007686 0.0008199 0.0006148 0.0010773 0.0011287 0.0011287 0.0006661 0.0003586 0.0005123 0.0007686 0.0003586 0.0005123 0.0004098 0.0006661 0.0006148 0.0004098 0.0004611 0.0007173 0.0005636 0.0006148 0.0007686 0.0006148 0.0004611 0.0010263 0.0007686 0.0009238 0.0009737 0.0006661 0.0005123 0.0005123 0.0008711 0.0006661 0.0004611 0.0006148 0.0006148 0.0007173 0.0006148 0.0006148 0.0009737 0.0007173 0.0006148 0.0006148 0.0007686 0.0003586 0.0005636 0.0007173 0.0005123 0.0004098 0.0012830 0.0013343 0.0008711 0.0013345 0.0012318 0.0012832 0.0366907 0.0376854 0.0364542 0.0331402 
EBOV_H.sap-wt_SLE_14_Makona-G3734.1_KM233055               1.9738964 1.9970910 1.9705030 2.0354150 2.0356982 1.4333502 1.4394219 0.0325758 0.0325197 0.0328833 0.0330303 0.0013352 0.0010776 0.0013345 0.0016435 0.0014373 0.0002561 0.0000000 0.0002049 0.0007686 0.0005123 0.0003586 0.0007173 0.0004611 0.0004611 0.0004611 0.0005636 0.0003076 0.0001024 0.0000512 0.0000010 0.0006671 0.0002049 0.0005123 0.0004611 0.0004611 0.0005123 0.0005636 0.0003586 0.0008199 0.0008711 0.0008711 0.0004098 0.0001024 0.0002561 0.0005123 0.0001024 0.0002561 0.0001537 0.0004098 0.0003586 0.0001537 0.0002049 0.0004611 0.0003073 0.0003586 0.0005123 0.0003586 0.0002049 0.0007686 0.0005123 0.0006671 0.0007173 0.0004098 0.0002561 0.0002561 0.0006148 0.0004098 0.0002049 0.0003586 0.0003586 0.0004611 0.0003586 0.0003586 0.0007173 0.0004611 0.0003586 0.0003586 0.0005123 0.0001024 0.0003073 0.0004611 0.0002561 0.0001537 0.0010260 0.0010773 0.0006148 0.0010775 0.0009748 0.0010262 0.0364045 0.0373983 0.0361682 0.0328570 
EBOV_H.sap-wt_LBR_15_Makona-Liberia-DQE4_KR074998          1.9738347 1.9970286 1.9704415 2.0355194 2.0358026 1.4339860 1.4398049 0.0328016 0.0327454 0.0331094 0.0332564 0.0015411 0.0012832 0.0015402 0.0018494 0.0016431 0.0004611 0.0002049 0.0000000 0.0009750 0.0007173 0.0005636 0.0009224 0.0006661 0.0006661 0.0006661 0.0007686 0.0005127 0.0003073 0.0002561 0.0002049 0.0008726 0.0004098 0.0007173 0.0006661 0.0006661 0.0007173 0.0007686 0.0005636 0.0010250 0.0010773 0.0010773 0.0006148 0.0003073 0.0004611 0.0007173 0.0003073 0.0004611 0.0003586 0.0006148 0.0005636 0.0003586 0.0004098 0.0006661 0.0005123 0.0005636 0.0007173 0.0005636 0.0004098 0.0009749 0.0007173 0.0008725 0.0009224 0.0006148 0.0004611 0.0004611 0.0008199 0.0006148 0.0004098 0.0005636 0.0005636 0.0006661 0.0005636 0.0005636 0.0009224 0.0006661 0.0005636 0.0005636 0.0007173 0.0003073 0.0005123 0.0006661 0.0004611 0.0003586 0.0012315 0.0012829 0.0008199 0.0012831 0.0011803 0.0012317 0.0366327 0.0376272 0.0363962 0.0330829 
EBOV_H.sap-wt_GIN_14_Makona-Kankan-EM_078639_KR817166      1.9770985 2.0003463 1.9736894 2.0425016 2.0427855 1.4366102 1.4426463 0.0334424 0.0333861 0.0337513 0.0338982 0.0021089 0.0018503 0.0021078 0.0024178 0.0022109 0.0010264 0.0007686 0.0009750 0.0000000 0.0007686 0.0006148 0.0009737 0.0007173 0.0007173 0.0010264 0.0013350 0.0010785 0.0008722 0.0008199 0.0007686 0.0014391 0.0009752 0.0012842 0.0012328 0.0012328 0.0012842 0.0013354 0.0011293 0.0015922 0.0016438 0.0016438 0.0011809 0.0008723 0.0010265 0.0012835 0.0008723 0.0010265 0.0009237 0.0011807 0.0011293 0.0009237 0.0009751 0.0012325 0.0010779 0.0011294 0.0012839 0.0011295 0.0009751 0.0015413 0.0012836 0.0014403 0.0014894 0.0011807 0.0010265 0.0010269 0.0013866 0.0011807 0.0009751 0.0011293 0.0011293 0.0012324 0.0011292 0.0011292 0.0014894 0.0012323 0.0011292 0.0011293 0.0012836 0.0008723 0.0010778 0.0012322 0.0010264 0.0009236 0.0017984 0.0018499 0.0013865 0.0018501 0.0017472 0.0017987 0.0372825 0.0382796 0.0370454 0.0337243 
EBOV_H.sap-wt_GIN_14_Makona-Faranah-EM_078415_KR817160     1.9762587 1.9992643 1.9728548 2.0385488 2.0388323 1.4347836 1.4408922 0.0331521 0.0330958 0.0334605 0.0336075 0.0018507 0.0015924 0.0018497 0.0021593 0.0019527 0.0007686 0.0005123 0.0007173 0.0007686 0.0000000 0.0003586 0.0007173 0.0004611 0.0004611 0.0007686 0.0010777 0.0008205 0.0006148 0.0005636 0.0005123 0.0011815 0.0007173 0.0010268 0.0009754 0.0009754 0.0010268 0.0010780 0.0008721 0.0013347 0.0013862 0.0013862 0.0009236 0.0006148 0.0007686 0.0010262 0.0006148 0.0007686 0.0006661 0.0009235 0.0008711 0.0006661 0.0007173 0.0009751 0.0008199 0.0008722 0.0010265 0.0008723 0.0007173 0.0012837 0.0010263 0.0011824 0.0012319 0.0009235 0.0007686 0.0007697 0.0011292 0.0009235 0.0007173 0.0007686 0.0007686 0.0009751 0.0008711 0.0008711 0.0012319 0.0009750 0.0008711 0.0008722 0.0010263 0.0006148 0.0008199 0.0009749 0.0007686 0.0006661 0.0015406 0.0015920 0.0011291 0.0015922 0.0014894 0.0015409 0.0369882 0.0379842 0.0367515 0.0334338 
EBOV_H.sap-wt_GIN_14_Makona-Macenta-EM_076191_KR817141     1.9756610 1.9986558 1.9722601 2.0380941 2.0383776 1.4350549 1.4414538 0.0329838 0.0329275 0.0332919 0.0334390 0.0016962 0.0014380 0.0016952 0.0020047 0.0017982 0.0006148 0.0003586 0.0005636 0.0006148 0.0003586 0.0000000 0.0005636 0.0003073 0.0003073 0.0006148 0.0009236 0.0006666 0.0004611 0.0004098 0.0003586 0.0010272 0.0005636 0.0008726 0.0008212 0.0008212 0.0008726 0.0009238 0.0007173 0.0011804 0.0012319 0.0012319 0.0007686 0.0004611 0.0006148 0.0008711 0.0004611 0.0006148 0.0005123 0.0007686 0.0007173 0.0005123 0.0005636 0.0008210 0.0006661 0.0007173 0.0008724 0.0007173 0.0005636 0.0011294 0.0008722 0.0010280 0.0010777 0.0007686 0.0006148 0.0006148 0.0009750 0.0007686 0.0005636 0.0007173 0.0007173 0.0008210 0.0007173 0.0007173 0.0010777 0.0008209 0.0007173 0.0007173 0.0008722 0.0004611 0.0006661 0.0008199 0.0006148 0.0005123 0.0013863 0.0014377 0.0009750 0.0014379 0.0013351 0.0013865 0.0368183 0.0378138 0.0365816 0.0332653 
EBOV_H.sap-wt_GIN_14_Makona-Beyla-EM_075931_KR817138       1.9779138 2.0009522 1.9745010 2.0408782 2.0411619 1.4350118 1.4397115 0.0333781 0.0333218 0.0336868 0.0338337 0.0020569 0.0017983 0.0020558 0.0023656 0.0021588 0.0009748 0.0007173 0.0009224 0.0009737 0.0007173 0.0005636 0.0000000 0.0006661 0.0006661 0.0009748 0.0012833 0.0010268 0.0008199 0.0007686 0.0007173 0.0013873 0.0009236 0.0012325 0.0011811 0.0011811 0.0012325 0.0012837 0.0010777 0.0015404 0.0015919 0.0015919 0.0011292 0.0008199 0.0009749 0.0012318 0.0008199 0.0009749 0.0008711 0.0011290 0.0010776 0.0008711 0.0009235 0.0011808 0.0010263 0.0010778 0.0012321 0.0010778 0.0009235 0.0014895 0.0012319 0.0013884 0.0014376 0.0011291 0.0009749 0.0009752 0.0013348 0.0011290 0.0009235 0.0010777 0.0010777 0.0011807 0.0010775 0.0010776 0.0014376 0.0011806 0.0010775 0.0010777 0.0012319 0.0008199 0.0010262 0.0011805 0.0009748 0.0008711 0.0017465 0.0017979 0.0013348 0.0017982 0.0016953 0.0017468 0.0372167 0.0382134 0.0368662 0.0336599 
EBOV_H.sap-wt_GIN_14_Makona-Kissidougou-EM_078694_KR817171 1.9783758 2.0016331 1.9749622 2.0412308 2.0415145 1.4353440 1.4425696 0.0330978 0.0330415 0.0334061 0.0335531 0.0017992 0.0015410 0.0017983 0.0021079 0.0019013 0.0007173 0.0004611 0.0006661 0.0007173 0.0004611 0.0003073 0.0006661 0.0000000 0.0000010 0.0007173 0.0010263 0.0007692 0.0005636 0.0005123 0.0004611 0.0011301 0.0006661 0.0009754 0.0009240 0.0009240 0.0009754 0.0010267 0.0008199 0.0012833 0.0013348 0.0013348 0.0008723 0.0005636 0.0007173 0.0009749 0.0005636 0.0007173 0.0006148 0.0008722 0.0008199 0.0006148 0.0006661 0.0009238 0.0007686 0.0008209 0.0009752 0.0008210 0.0006661 0.0012323 0.0009749 0.0011310 0.0011805 0.0008722 0.0007173 0.0007184 0.0010778 0.0008722 0.0006661 0.0008199 0.0008199 0.0009238 0.0008199 0.0008199 0.0011806 0.0009236 0.0008199 0.0008199 0.0009750 0.0005636 0.0007686 0.0009236 0.0007173 0.0006148 0.0014892 0.0015406 0.0010778 0.0015408 0.0014380 0.0014895 0.0369336 0.0379295 0.0366969 0.0333794 
EBOV_H.sap-wt_GIN_14_Makona-Kissidougou-EM_078722_KR817175 1.9783758 2.0016331 1.9749622 2.0412308 2.0415145 1.4353440 1.4425696 0.0330978 0.0330415 0.0334061 0.0335531 0.0017992 0.0015410 0.0017983 0.0021079 0.0019013 0.0007173 0.0004611 0.0006661 0.0007173 0.0004611 0.0003073 0.0006661 0.0000010 0.0000000 0.0007173 0.0010263 0.0007692 0.0005636 0.0005123 0.0004611 0.0011301 0.0006661 0.0009754 0.0009240 0.0009240 0.0009754 0.0010267 0.0008199 0.0012833 0.0013348 0.0013348 0.0008723 0.0005636 0.0007173 0.0009749 0.0005636 0.0007173 0.0006148 0.0008722 0.0008199 0.0006148 0.0006661 0.0009238 0.0007686 0.0008209 0.0009752 0.0008210 0.0006661 0.0012323 0.0009749 0.0011310 0.0011805 0.0008722 0.0007173 0.0007184 0.0010778 0.0008722 0.0006661 0.0008199 0.0008199 0.0009238 0.0008199 0.0008199 0.0011806 0.0009236 0.0008199 0.0008199 0.0009750 0.0005636 0.0007686 0.0009236 0.0007173 0.0006148 0.0014892 0.0015406 0.0010778 0.0015408 0.0014380 0.0014895 0.0369336 0.0379295 0.0366969 0.0333794 
EBOV_H.sap-wt_LBR_14_Makona-LIBR0505_KR006957              1.9776729 2.0009207 1.9742624 2.0370442 2.0373276 1.4365254 1.4410632 0.0330963 0.0330400 0.0334046 0.0335516 0.0017992 0.0014379 0.0017982 0.0021078 0.0019012 0.0007173 0.0004611 0.0006661 0.0010264 0.0007686 0.0006148 0.0009748 0.0007173 0.0007173 0.0000000 0.0010263 0.0007692 0.0005636 0.0005123 0.0004611 0.0011300 0.0006661 0.0009754 0.0009240 0.0009240 0.0009754 0.0010266 0.0008199 0.0012833 0.0013347 0.0013347 0.0008723 0.0005636 0.0007173 0.0009749 0.0005636 0.0007173 0.0006148 0.0008721 0.0008199 0.0006148 0.0006661 0.0009238 0.0007686 0.0008209 0.0009751 0.0008209 0.0006661 0.0012323 0.0009749 0.0011309 0.0011805 0.0008722 0.0007173 0.0007184 0.0010778 0.0008711 0.0006661 0.0008199 0.0008199 0.0009238 0.0008199 0.0008199 0.0011805 0.0009236 0.0008199 0.0008199 0.0009750 0.0005636 0.0007686 0.0009235 0.0007173 0.0006148 0.0014891 0.0015406 0.0010777 0.0015408 0.0014379 0.0014894 0.0369319 0.0379277 0.0366952 0.0333779 
EBOV_H.sap-wt_SLE_14_Makona-Kailahun-20140517_KR653263     1.9762984 1.9995257 1.9728942 2.0378861 2.0381697 1.4341102 1.4410094 0.0332016 0.0331454 0.0335100 0.0336570 0.0019018 0.0016435 0.0019008 0.0022104 0.0020038 0.0008199 0.0005636 0.0007686 0.0013350 0.0010777 0.0009236 0.0012833 0.0010263 0.0010263 0.0010263 0.0000000 0.0005640 0.0006661 0.0006148 0.0005636 0.0012327 0.0007686 0.0010780 0.0010266 0.0010266 0.0010780 0.0011292 0.0009224 0.0013858 0.0014373 0.0014373 0.0009748 0.0006661 0.0008199 0.0010774 0.0006661 0.0008199 0.0007173 0.0009737 0.0009224 0.0007173 0.0007686 0.0010263 0.0008711 0.0009234 0.0010777 0.0009235 0.0007686 0.0013349 0.0010774 0.0012337 0.0012830 0.0009747 0.0008199 0.0008209 0.0011803 0.0009737 0.0007686 0.0009224 0.0009224 0.0010263 0.0009224 0.0009224 0.0012831 0.0010261 0.0009224 0.0009224 0.0010775 0.0006661 0.0008711 0.0010261 0.0008199 0.0007173 0.0015917 0.0016432 0.0011803 0.0016434 0.0015405 0.0015920 0.0370375 0.0380335 0.0368008 0.0334833 
EBOV_H.sap-wt_SLE_14_Makona-G4973_1_KR105286               1.9734696 1.9964553 1.9703225 2.0343815 2.0346649 1.4339618 1.4398933 0.0328816 0.0328254 0.0331898 0.0333369 0.0016452 0.0013870 0.0016443 0.0019538 0.0017472 0.0005640 0.0003076 0.0005127 0.0010785 0.0008205 0.0006666 0.0010268 0.0007692 0.0007692 0.0007692 0.0005640 0.0000000 0.0004101 0.0003588 0.0003076 0.0009760 0.0005127 0.0008215 0.0007692 0.0007692 0.0008215 0.0008718 0.0006666 0.0011294 0.0011809 0.0011809 0.0007179 0.0004101 0.0005640 0.0008205 0.0004101 0.0005640 0.0004614 0.0007179 0.0006666 0.0004614 0.0005127 0.0007692 0.0006153 0.0006666 0.0008205 0.0006666 0.0005127 0.0010784 0.0008205 0.0009759 0.0010257 0.0007179 0.0005640 0.0005640 0.0009231 0.0007179 0.0005127 0.0006666 0.0006666 0.0007692 0.0006666 0.0006666 0.0010257 0.0007692 0.0006666 0.0006666 0.0008205 0.0004101 0.0006153 0.0007692 0.0005640 0.0004614 0.0013353 0.0013867 0.0009231 0.0013869 0.0012840 0.0013355 0.0367733 0.0377690 0.0365366 0.0332197 
EBOV_H.sap-wt_SLE_14_Makona-G3799_KM233080                 1.9743603 1.9975583 1.9709652 2.0359485 2.0362317 1.4335763 1.4398775 0.0326883 0.0326322 0.0329960 0.0331430 0.0014381 0.0011804 0.0014373 0.0017464 0.0015402 0.0003586 0.0001024 0.0003073 0.0008722 0.0006148 0.0004611 0.0008199 0.0005636 0.0005636 0.0005636 0.0006661 0.0004101 0.0000000 0.0001537 0.0001024 0.0007698 0.0003073 0.0006148 0.0005636 0.0005636 0.0006148 0.0006661 0.0004611 0.0009224 0.0009737 0.0009737 0.0005123 0.0002049 0.0003586 0.0006148 0.0002049 0.0003586 0.0002561 0.0005123 0.0004611 0.0002561 0.0003073 0.0005636 0.0004098 0.0004611 0.0006148 0.0004611 0.0003073 0.0008711 0.0006148 0.0007698 0.0008199 0.0005123 0.0003586 0.0003586 0.0007173 0.0005123 0.0003073 0.0004611 0.0004611 0.0005636 0.0004611 0.0004611 0.0008199 0.0005636 0.0004611 0.0004611 0.0006148 0.0002049 0.0004098 0.0005636 0.0003586 0.0002561 0.0011287 0.0011801 0.0007173 0.0011803 0.0010775 0.0011289 0.0365182 0.0375124 0.0362819 0.0329696 
EBOV_H.sap-wt_SLE_14_Makona-G3788_KM233075                 1.9737098 1.9969023 1.9703171 2.0356633 2.0359465 1.4331303 1.4396318 0.0326316 0.0325755 0.0329392 0.0330862 0.0013866 0.0011289 0.0013859 0.0016949 0.0014887 0.0003073 0.0000512 0.0002561 0.0008199 0.0005636 0.0004098 0.0007686 0.0005123 0.0005123 0.0005123 0.0006148 0.0003588 0.0001537 0.0000000 0.0000512 0.0007184 0.0002561 0.0005636 0.0005123 0.0005123 0.0005636 0.0006148 0.0004098 0.0008711 0.0009224 0.0009224 0.0004611 0.0001537 0.0003073 0.0005636 0.0001537 0.0003073 0.0002049 0.0004611 0.0004098 0.0002049 0.0002561 0.0005123 0.0003586 0.0004098 0.0005636 0.0004098 0.0002561 0.0008199 0.0005636 0.0007184 0.0007686 0.0004611 0.0003073 0.0003073 0.0006661 0.0004611 0.0002561 0.0004098 0.0004098 0.0005123 0.0004098 0.0004098 0.0007686 0.0005123 0.0004098 0.0004098 0.0005636 0.0001537 0.0003586 0.0005123 0.0003073 0.0002049 0.0010773 0.0011287 0.0006661 0.0011288 0.0010261 0.0010775 0.0364608 0.0374548 0.0362246 0.0329128 
EBOV_H.sap-wt_SLE_14_Makona-G3677.2_KM034557               1.9738964 1.9970910 1.9705030 2.0354150 2.0356982 1.4333502 1.4394219 0.0325758 0.0325197 0.0328833 0.0330303 0.0013352 0.0010776 0.0013345 0.0016435 0.0014373 0.0002561 0.0000010 0.0002049 0.0007686 0.0005123 0.0003586 0.0007173 0.0004611 0.0004611 0.0004611 0.0005636 0.0003076 0.0001024 0.0000512 0.0000000 0.0006671 0.0002049 0.0005123 0.0004611 0.0004611 0.0005123 0.0005636 0.0003586 0.0008199 0.0008711 0.0008711 0.0004098 0.0001024 0.0002561 0.0005123 0.0001024 0.0002561 0.0001537 0.0004098 0.0003586 0.0001537 0.0002049 0.0004611 0.0003073 0.0003586 0.0005123 0.0003586 0.0002049 0.0007686 0.0005123 0.0006671 0.0007173 0.0004098 0.0002561 0.0002561 0.0006148 0.0004098 0.0002049 0.0003586 0.0003586 0.0004611 0.0003586 0.0003586 0.0007173 0.0004611 0.0003586 0.0003586 0.0005123 0.0001024 0.0003073 0.0004611 0.0002561 0.0001537 0.0010260 0.0010773 0.0006148 0.0010775 0.0009748 0.0010262 0.0364045 0.0373983 0.0361682 0.0328570 
EBOV_H.sap-wt_SLE_14_Makona-Kenema-G5059_1_KR105296        1.9737931 1.9974330 1.9703982 2.0358074 2.0360908 1.4310993 1.4418869 0.0332285 0.0331723 0.0335372 0.0336843 0.0020066 0.0017479 0.0020055 0.0023155 0.0021086 0.0009240 0.0006671 0.0008726 0.0014391 0.0011815 0.0010272 0.0013873 0.0011301 0.0011301 0.0011300 0.0012327 0.0009760 0.0007698 0.0007184 0.0006671 0.0000000 0.0004611 0.0007699 0.0007185 0.0007185 0.0007699 0.0009239 0.0008211 0.0012837 0.0013352 0.0013352 0.0008725 0.0005636 0.0007173 0.0009752 0.0005636 0.0007173 0.0006148 0.0008724 0.0008211 0.0006148 0.0006661 0.0009241 0.0007697 0.0008211 0.0009754 0.0008212 0.0006661 0.0012327 0.0009752 0.0011313 0.0011809 0.0008725 0.0007183 0.0007186 0.0010781 0.0008724 0.0006661 0.0008211 0.0008211 0.0009241 0.0010268 0.0010268 0.0013871 0.0011299 0.0010268 0.0010269 0.0011813 0.0007698 0.0009754 0.0011298 0.0009240 0.0008212 0.0016961 0.0017475 0.0012841 0.0017478 0.0016448 0.0016964 0.0370675 0.0380025 0.0368305 0.0335104 
EBOV_H.sap-wt_SLE_14_Makona-Kenema-G4702_1_KR105265        1.9735155 1.9967088 1.9701232 2.0365502 2.0368336 1.4316885 1.4391461 0.0326977 0.0326415 0.0330054 0.0331525 0.0015415 0.0012835 0.0015406 0.0018499 0.0016435 0.0004611 0.0002049 0.0004098 0.0009752 0.0007173 0.0005636 0.0009236 0.0006661 0.0006661 0.0006661 0.0007686 0.0005127 0.0003073 0.0002561 0.0002049 0.0004611 0.0000000 0.0003073 0.0002561 0.0002561 0.0003073 0.0005636 0.0003586 0.0008199 0.0008711 0.0008711 0.0004098 0.0001024 0.0002561 0.0005123 0.0001024 0.0002561 0.0001537 0.0004098 0.0003586 0.0001537 0.0002049 0.0004611 0.0003073 0.0003586 0.0005123 0.0003586 0.0002049 0.0007686 0.0005123 0.0006671 0.0007173 0.0004098 0.0002561 0.0002561 0.0006148 0.0004098 0.0002049 0.0003586 0.0003586 0.0004611 0.0005636 0.0005636 0.0009235 0.0006661 0.0005636 0.0005636 0.0007173 0.0003073 0.0005123 0.0006661 0.0004611 0.0003586 0.0012319 0.0012833 0.0008199 0.0012834 0.0011806 0.0012321 0.0365287 0.0375232 0.0362923 0.0329790 
EBOV_H.sap-wt_SLE_14_Makona-Kenema-G4350_1_KR105242        1.9729610 1.9961435 1.9695715 2.0353930 2.0356762 1.4327695 1.4391489 0.0328819 0.0328257 0.0331900 0.0333371 0.0018512 0.0015928 0.0018502 0.0021599 0.0019532 0.0007686 0.0005123 0.0007173 0.0012842 0.0010268 0.0008726 0.0012325 0.0009754 0.0009754 0.0009754 0.0010780 0.0008215 0.0006148 0.0005636 0.0005123 0.0007699 0.0003073 0.0000000 0.0000512 0.0000512 0.0001024 0.0008724 0.0006661 0.0011290 0.0011805 0.0011805 0.0007173 0.0004098 0.0005636 0.0008199 0.0004098 0.0005636 0.0004611 0.0007173 0.0006661 0.0004611 0.0005123 0.0007696 0.0006148 0.0006661 0.0008210 0.0006661 0.0005123 0.0010780 0.0008199 0.0009765 0.0010263 0.0007173 0.0005636 0.0005636 0.0009236 0.0007173 0.0005123 0.0006661 0.0006661 0.0007696 0.0008723 0.0008723 0.0012323 0.0009753 0.0008723 0.0008724 0.0010266 0.0006148 0.0008210 0.0009752 0.0007686 0.0006661 0.0015410 0.0015925 0.0011294 0.0015927 0.0014898 0.0015413 0.0367698 0.0377653 0.0365332 0.0332167 
EBOV_H.sap-wt_SLE_14_Makona-Kenema-G4971_1_KR105284        1.9726838 1.9958649 1.9692952 2.0353657 2.0356490 1.4330483 1.4389157 0.0328257 0.0327695 0.0331337 0.0332808 0.0017997 0.0015414 0.0017987 0.0021084 0.0019017 0.0007173 0.0004611 0.0006661 0.0012328 0.0009754 0.0008212 0.0011811 0.0009240 0.0009240 0.0009240 0.0010266 0.0007692 0.0005636 0.0005123 0.0004611 0.0007185 0.0002561 0.0000512 0.0000000 0.0000010 0.0000512 0.0008211 0.0006148 0.0010776 0.0011291 0.0011291 0.0006661 0.0003586 0.0005123 0.0007686 0.0003586 0.0005123 0.0004098 0.0006661 0.0006148 0.0004098 0.0004611 0.0007173 0.0005636 0.0006148 0.0007696 0.0006148 0.0004611 0.0010266 0.0007686 0.0009251 0.0009749 0.0006661 0.0005123 0.0005123 0.0008722 0.0006661 0.0004611 0.0006148 0.0006148 0.0007173 0.0008209 0.0008210 0.0011808 0.0009239 0.0008209 0.0008211 0.0009752 0.0005636 0.0007686 0.0009238 0.0007173 0.0006148 0.0014896 0.0015410 0.0010780 0.0015412 0.0014383 0.0014898 0.0367130 0.0377084 0.0364764 0.0331605 
EBOV_H.sap-wt_SLE_14_Makona-Kenema-G4937_1_KR105278        1.9726838 1.9958649 1.9692952 2.0353657 2.0356490 1.4330483 1.4389157 0.0328257 0.0327695 0.0331337 0.0332808 0.0017997 0.0015414 0.0017987 0.0021084 0.0019017 0.0007173 0.0004611 0.0006661 0.0012328 0.0009754 0.0008212 0.0011811 0.0009240 0.0009240 0.0009240 0.0010266 0.0007692 0.0005636 0.0005123 0.0004611 0.0007185 0.0002561 0.0000512 0.0000010 0.0000000 0.0000512 0.0008211 0.0006148 0.0010776 0.0011291 0.0011291 0.0006661 0.0003586 0.0005123 0.0007686 0.0003586 0.0005123 0.0004098 0.0006661 0.0006148 0.0004098 0.0004611 0.0007173 0.0005636 0.0006148 0.0007696 0.0006148 0.0004611 0.0010266 0.0007686 0.0009251 0.0009749 0.0006661 0.0005123 0.0005123 0.0008722 0.0006661 0.0004611 0.0006148 0.0006148 0.0007173 0.0008209 0.0008210 0.0011808 0.0009239 0.0008209 0.0008211 0.0009752 0.0005636 0.0007686 0.0009238 0.0007173 0.0006148 0.0014896 0.0015410 0.0010780 0.0015412 0.0014383 0.0014898 0.0367130 0.0377084 0.0364764 0.0331605 
EBOV_H.sap-wt_SLE_14_Makona-Kenema-G4856_1_KR105273        1.9724065 1.9955863 1.9690189 2.0350825 2.0353657 1.4328180 1.4386824 0.0328824 0.0328261 0.0331905 0.0333376 0.0018512 0.0015929 0.0018502 0.0021600 0.0019533 0.0007686 0.0005123 0.0007173 0.0012842 0.0010268 0.0008726 0.0012325 0.0009754 0.0009754 0.0009754 0.0010780 0.0008215 0.0006148 0.0005636 0.0005123 0.0007699 0.0003073 0.0001024 0.0000512 0.0000512 0.0000000 0.0008724 0.0006661 0.0011290 0.0011805 0.0011805 0.0007173 0.0004098 0.0005636 0.0008199 0.0004098 0.0005636 0.0004611 0.0007173 0.0006661 0.0004611 0.0005123 0.0007696 0.0006148 0.0006661 0.0008210 0.0006661 0.0005123 0.0010780 0.0008199 0.0009765 0.0010263 0.0007173 0.0005636 0.0005636 0.0009236 0.0007173 0.0005123 0.0006661 0.0006661 0.0007696 0.0008723 0.0008723 0.0012323 0.0009753 0.0008723 0.0008724 0.0010266 0.0006148 0.0008210 0.0009752 0.0007686 0.0006661 0.0015410 0.0015925 0.0011294 0.0015927 0.0014898 0.0015413 0.0367703 0.0377658 0.0365336 0.0332172 
EBOV_H.sap-wt_SLE_14_Makona-Bonthe-G5723_1_KR105319        1.9720968 1.9952550 1.9687130 2.0401142 2.0403979 1.4337464 1.4398294 0.0330993 0.0330431 0.0334077 0.0335547 0.0019024 0.0016440 0.0019014 0.0022111 0.0020044 0.0008199 0.0005636 0.0007686 0.0013354 0.0010780 0.0009238 0.0012837 0.0010267 0.0010267 0.0010266 0.0011292 0.0008718 0.0006661 0.0006148 0.0005636 0.0009239 0.0005636 0.0008724 0.0008211 0.0008211 0.0008724 0.0000000 0.0003073 0.0007686 0.0008199 0.0008199 0.0003586 0.0004611 0.0006148 0.0008711 0.0004611 0.0006148 0.0005123 0.0007686 0.0007173 0.0005123 0.0005636 0.0008199 0.0006661 0.0007173 0.0008722 0.0007173 0.0005636 0.0011292 0.0008711 0.0010278 0.0010775 0.0007686 0.0006148 0.0006148 0.0009748 0.0007686 0.0005636 0.0007173 0.0007173 0.0008199 0.0009235 0.0009235 0.0012835 0.0010265 0.0009235 0.0009236 0.0010778 0.0006661 0.0008722 0.0010264 0.0008199 0.0007173 0.0015922 0.0016437 0.0011806 0.0016439 0.0015410 0.0015925 0.0369353 0.0378696 0.0366464 0.0333289 
EBOV_H.sap-wt_SLE_14_Makona-J0042_KP759711                 1.9732147 1.9963987 1.9698244 2.0357170 2.0360003 1.4325050 1.4382204 0.0328622 0.0328061 0.0331702 0.0333172 0.0016957 0.0014377 0.0016948 0.0020042 0.0017977 0.0006148 0.0003586 0.0005636 0.0011293 0.0008721 0.0007173 0.0010777 0.0008199 0.0008199 0.0008199 0.0009224 0.0006666 0.0004611 0.0004098 0.0003586 0.0008211 0.0003586 0.0006661 0.0006148 0.0006148 0.0006661 0.0003073 0.0000000 0.0005636 0.0006148 0.0006148 0.0001537 0.0002561 0.0004098 0.0006661 0.0002561 0.0004098 0.0003073 0.0005636 0.0005123 0.0003073 0.0003586 0.0006148 0.0004611 0.0005123 0.0006661 0.0005123 0.0003586 0.0009224 0.0006661 0.0008211 0.0008711 0.0005636 0.0004098 0.0004098 0.0007686 0.0005636 0.0003586 0.0005123 0.0005123 0.0006148 0.0007173 0.0007173 0.0010775 0.0008199 0.0007173 0.0007173 0.0008711 0.0004611 0.0006661 0.0008199 0.0006148 0.0005123 0.0013859 0.0014373 0.0009747 0.0014375 0.0013347 0.0013862 0.0366944 0.0376893 0.0364059 0.0330916 
