100
02A1.GH.97.97GH_AG2.AB052867           0.0000000 0.3674655 0.4464805 0.5183314 0.5819296 0.6275775 0.6448159 0.5387015 0.5316244 0.5666804 0.5720180 0.5163655 0.5090765 0.5887021 0.8465807 0.8133033 0.8755562 0.8112748 0.8291898 0.8599464 0.8219238 0.8195457 0.8617217 0.8888442 0.9577705 0.9312621 0.7673529 0.8430663 0.8226245 0.7696351 0.7890080 0.5543445 0.6056830 0.6161625 0.6489405 0.7782982 0.6428148 0.6467956 0.7236878 0.6239439 0.6605421 0.7559899 0.8322130 0.5417612 0.5163325 0.4792675 0.4660209 0.7732439 0.7731893 0.7921582 0.8483341 0.8171744 0.8408037 0.8144942 0.7622994 0.7702577 0.7517809 0.7682908 0.7733109 0.7699449 0.7434670 0.7125338 0.7835586 0.8441639 0.7998787 0.7640276 0.7842548 0.7745481 0.7711249 0.7741971 0.7845823 0.7964612 0.7614440 0.7303770 0.7282426 0.7784268 1.0423351 0.8202533 0.7740838 0.8325393 0.7897657 0.7190987 0.7233286 0.7114458 0.6573297 0.6380816 0.7666667 0.6301421 0.4865508 0.4291338 0.4009644 0.5438597 0.3412331 0.3419677 0.3596412 0.4273899 1.9017263 1.9376028 1.8555174 2.4583487 
02A.CI.16.DEURF16CI011.MH078538        0.3674655 0.0000000 0.4970570 0.5473378 0.6217931 0.6606644 0.6677047 0.5908360 0.5831586 0.6073025 0.6199495 0.5713045 0.5502742 0.6332032 0.8849928 0.8641183 0.9223766 0.8648531 0.8758583 0.8904266 0.8765202 0.8680228 0.9053429 0.9468834 0.9925122 0.9649658 0.8229765 0.9103828 0.8749937 0.8195479 0.8464958 0.5946533 0.6499536 0.6574914 0.6987926 0.8351059 0.6714473 0.6842854 0.7411643 0.6689531 0.6813457 0.7876637 0.8609560 0.5836123 0.5727033 0.5314348 0.5055611 0.8121195 0.8218615 0.8371039 0.8848606 0.8593848 0.8753884 0.8520449 0.8113807 0.8066051 0.7795654 0.7967360 0.8260998 0.7952741 0.7712744 0.7299325 0.7972522 0.8763599 0.8298743 0.8134679 0.8264371 0.8129783 0.8244999 0.8091468 0.8242101 0.8333245 0.7971998 0.7703665 0.7767168 0.8175123 1.0773852 0.8556503 0.8071425 0.8481447 0.8049944 0.7656943 0.7661152 0.7471985 0.7138636 0.6747222 0.8154275 0.6876041 0.5276038 0.4682048 0.4421982 0.5889976 0.3810670 0.3860474 0.3899839 0.4712133 1.8764724 1.9035187 1.8169319 2.4797353 
AGU.CM.06.770_8.MH705142               0.4464805 0.4970570 0.0000000 0.4975133 0.5553465 0.6029921 0.6016593 0.5674952 0.5368990 0.5890449 0.6016791 0.5412663 0.5343458 0.6106930 0.8487096 0.8164797 0.8909132 0.8393311 0.8551183 0.8799828 0.8396298 0.8344746 0.8886447 0.9238177 0.9616096 0.9305061 0.7693023 0.8593935 0.8457713 0.8163774 0.8217303 0.5756103 0.6424853 0.6559062 0.6700447 0.8099167 0.6571208 0.6665752 0.7410866 0.6389763 0.6734176 0.7930785 0.8531176 0.5572975 0.5382944 0.5035590 0.4823373 0.7876047 0.7912909 0.8120919 0.8518415 0.8274096 0.8578234 0.7970779 0.7663497 0.7784243 0.7589764 0.7726702 0.7692519 0.7968619 0.7480731 0.7012065 0.7818900 0.8487501 0.7985171 0.7914457 0.8102356 0.8099315 0.8112321 0.8034115 0.7986052 0.8174179 0.7804304 0.7337122 0.7277434 0.8024124 1.0748405 0.8154791 0.7594147 0.8437160 0.7872304 0.7353732 0.7306081 0.7273376 0.6811616 0.6550110 0.7962352 0.6511377 0.5370403 0.5069105 0.4857492 0.6529037 0.4521427 0.4462783 0.4816432 0.5441296 1.9689109 2.0231204 1.9021960 2.5806896 
G.NG.92.92NG083_JV10832.U88826         0.5183314 0.5473378 0.4975133 0.0000000 0.3417981 0.3850472 0.3988251 0.6195960 0.6010124 0.6246862 0.6510419 0.6034948 0.5914505 0.6798298 0.9488392 0.8998412 0.9551093 0.9179757 0.9269726 0.9430658 0.9237624 0.9274643 0.9492376 0.9860458 1.0095930 1.0173359 0.8620798 0.9310927 0.9206944 0.8731319 0.8877776 0.6446521 0.6846371 0.6855653 0.7337675 0.8609114 0.7032134 0.7073936 0.7879852 0.6938743 0.7259122 0.8423228 0.9111461 0.6064977 0.6086787 0.5784993 0.5562378 0.8534498 0.8593673 0.8809709 0.8845715 0.9104025 0.9167083 0.8661264 0.8353352 0.8577591 0.8515307 0.8201667 0.8531671 0.8535912 0.8112090 0.7858211 0.8296829 0.9302374 0.8730357 0.8496964 0.8634261 0.8405194 0.8519532 0.8454276 0.8600933 0.8917855 0.8417996 0.8248946 0.7982109 0.8770749 1.1465296 0.9181963 0.8561520 0.8866262 0.8735342 0.7890983 0.8090439 0.7954996 0.7357934 0.7243282 0.8401463 0.7102604 0.6123568 0.5913240 0.5568098 0.7189175 0.5261876 0.5068691 0.5427153 0.6131357 1.9582015 1.9840036 1.9217750 2.6479717 
G.NG.09.09NG010261.KX389626            0.5819296 0.6217931 0.5553465 0.3417981 0.0000000 0.4419042 0.4610750 0.6740414 0.6595975 0.6990582 0.7157114 0.6705062 0.6670797 0.7551639 0.9846592 0.9268836 0.9943595 0.9655765 0.9802004 0.9911340 0.9413268 0.9457523 0.9702354 1.0369321 1.0644562 1.0689453 0.8912270 0.9688693 0.9738356 0.9099102 0.9121924 0.7016687 0.7691796 0.7723115 0.8144520 0.9203027 0.7817197 0.7912294 0.8488658 0.7540669 0.7908061 0.9170662 0.9757638 0.6793510 0.6762251 0.6325793 0.6133407 0.8989417 0.9083017 0.9405374 0.9232954 0.9447013 0.9456246 0.9554630 0.8818054 0.8957760 0.8783028 0.8817847 0.9004407 0.8925281 0.8829222 0.8304811 0.8965130 0.9878451 0.9333206 0.9016403 0.9175141 0.9126834 0.9007027 0.9031511 0.9288207 0.9190051 0.8871968 0.8524383 0.8298472 0.9158250 1.2230969 0.9492558 0.8696106 0.9499303 0.9260421 0.8401120 0.8403991 0.8336454 0.7957784 0.7816655 0.8700603 0.7696116 0.6539988 0.6392451 0.6158001 0.7798037 0.5827918 0.5801116 0.6156030 0.6776062 2.0521211 2.0949656 2.0036336 2.6195033 
01F2G.CM.02.LT31.JN864056              0.6275775 0.6606644 0.6029921 0.3850472 0.4419042 0.0000000 0.3918187 0.7281654 0.7028120 0.7013136 0.7385995 0.6928275 0.6889354 0.7846657 0.9873946 1.0023551 1.0529086 0.9830062 1.0060366 1.0121916 1.0132183 0.9869972 1.0066282 1.0870592 1.1234131 1.1124622 0.9623280 1.0208957 1.0188202 0.9772609 0.9639692 0.7300062 0.7783911 0.7720740 0.8197676 0.9519915 0.7862218 0.8003808 0.8539581 0.7846551 0.8040172 0.9284651 0.9949103 0.7002796 0.6912474 0.6718502 0.6371892 0.9090632 0.9393406 0.9555434 0.9730932 0.9842723 0.9878560 0.9744588 0.9185428 0.9273079 0.9015855 0.8984369 0.9183758 0.8954870 0.9020499 0.8536807 0.9180866 1.0275676 0.9523465 0.9365785 0.9364535 0.9309082 0.9338164 0.9360850 0.9454660 0.9398287 0.9088285 0.8796410 0.8589667 0.9217158 1.2146047 0.9614367 0.8975637 0.9711437 0.9119997 0.8631749 0.8851397 0.8685769 0.8329072 0.8128370 0.9184499 0.8210690 0.7099202 0.6753414 0.6580880 0.8224244 0.6349810 0.6153377 0.6459418 0.7173702 2.1071893 2.1691603 2.0528118 2.7292525 
BCG.ES.15.100_119.KY496623             0.6448159 0.6677047 0.6016593 0.3988251 0.4610750 0.3918187 0.0000000 0.7494724 0.7260772 0.7321201 0.7753633 0.7408761 0.7187171 0.8126654 1.0508327 1.0214344 1.0564306 1.0196712 1.0526511 1.0481260 1.0381598 1.0237771 1.0437317 1.1037850 1.1188431 1.1653222 0.9731283 1.0540678 1.0390126 1.0009514 0.9955428 0.7460762 0.8347288 0.8387115 0.8709337 0.9992793 0.8492918 0.8676535 0.9198590 0.8260240 0.8571533 0.9761587 1.0140516 0.7291903 0.7210778 0.6969250 0.6546787 0.9628141 0.9723534 1.0001604 1.0058811 1.0236758 1.0364740 1.0142647 0.9597496 0.9556399 0.9464020 0.9519441 0.9609921 0.9348429 0.9372221 0.8963633 0.9371222 1.0581378 1.0002067 0.9845536 0.9910567 0.9778384 0.9862990 0.9846281 0.9689811 0.9821610 0.9450931 0.9384442 0.9215129 0.9919982 1.2776490 1.0435396 0.9468288 1.0089620 0.9721028 0.9228794 0.9280942 0.9135503 0.8583508 0.8270146 0.9504597 0.8419973 0.7308183 0.7013784 0.6606009 0.8606248 0.6372221 0.6273775 0.6515881 0.7288610 2.1017903 2.1183263 1.9988143 2.6815149 
A1.KE.06.06KECst_028.FJ623479          0.5387015 0.5908360 0.5674952 0.6195960 0.6740414 0.7281654 0.7494724 0.0000000 0.3024327 0.4135793 0.4265043 0.3733043 0.3947491 0.4875442 0.7314089 0.6964333 0.7552183 0.7320828 0.7310622 0.7365948 0.7218052 0.6994643 0.7805795 0.7719793 0.8320431 0.8238901 0.6782035 0.7392095 0.7243214 0.6872853 0.7014641 0.4549661 0.5508739 0.5571298 0.5903430 0.7167138 0.5811995 0.5762206 0.6451274 0.5604651 0.5746008 0.6964121 0.7617992 0.4796913 0.4632361 0.4230922 0.4947296 0.8142996 0.8209354 0.8551794 0.8798653 0.8624725 0.8796258 0.8523628 0.8249801 0.8222096 0.8056713 0.8008224 0.8277860 0.8177584 0.7745978 0.7428423 0.8175870 0.8859953 0.8608243 0.7968277 0.8445886 0.8361621 0.8364964 0.8276154 0.8485375 0.8309868 0.8137385 0.7788232 0.7810568 0.8271440 1.1005210 0.8672840 0.8274389 0.8688498 0.8270019 0.7550121 0.7890928 0.7665497 0.7234001 0.6920140 0.8177889 0.6650791 0.6390638 0.5972762 0.5516915 0.7583627 0.5396153 0.5466153 0.5733105 0.6085952 2.0365391 2.0438815 1.9976190 2.5921973 
A1.KE.06.06KECst_013.FJ623485          0.5316244 0.5831586 0.5368990 0.6010124 0.6595975 0.7028120 0.7260772 0.3024327 0.0000000 0.3881137 0.4234562 0.3627565 0.3813745 0.4700841 0.7091538 0.6978431 0.7579723 0.7006718 0.7154500 0.7131230 0.7146990 0.6888803 0.7465153 0.7639325 0.8033988 0.8113338 0.6509799 0.7120128 0.7169555 0.6617831 0.6818543 0.4215818 0.5405179 0.5516265 0.5828396 0.7156180 0.5714859 0.5614273 0.6521242 0.5451292 0.5809103 0.6626080 0.7430145 0.4759662 0.4534344 0.4182897 0.4801917 0.8054733 0.8145380 0.8340197 0.8865399 0.8589894 0.8689760 0.8634366 0.8033682 0.8346830 0.8096916 0.7774795 0.8020403 0.8152371 0.7638160 0.7377620 0.8131208 0.8863906 0.8334265 0.8083414 0.8373134 0.8271544 0.8420079 0.8219571 0.8448049 0.8171199 0.8046527 0.7747204 0.7752477 0.8287968 1.0890104 0.8618084 0.8166555 0.8560112 0.8337980 0.7671399 0.7769134 0.7560797 0.7107110 0.6771141 0.7966998 0.6685508 0.6099337 0.5901280 0.5426934 0.7346568 0.5240178 0.5243409 0.5517072 0.6085756 2.0165533 2.0343479 1.9557209 2.5451681 
35_AD.AF.06.007H.GQ477450              0.5666804 0.6073025 0.5890449 0.6246862 0.6990582 0.7013136 0.7321201 0.4135793 0.3881137 0.0000000 0.4543344 0.3962099 0.4108445 0.4969435 0.7448518 0.7148511 0.7815924 0.7339411 0.7350498 0.7485099 0.7526566 0.7215848 0.7834897 0.7970176 0.8638008 0.8481794 0.6804598 0.7570546 0.7484082 0.7012296 0.7106422 0.4664245 0.5601535 0.5735721 0.5978260 0.7455547 0.5893696 0.5986892 0.6711551 0.5762838 0.6122035 0.7123088 0.7855802 0.4972656 0.4766035 0.4372031 0.5136117 0.8425513 0.8321764 0.8725208 0.8935222 0.8769570 0.8890591 0.8721110 0.8171372 0.8176457 0.8040930 0.8085590 0.8245183 0.8058237 0.7964601 0.7702563 0.8191394 0.9099150 0.8269189 0.8355555 0.8439693 0.8321368 0.8503807 0.8390412 0.8504610 0.8463041 0.8121053 0.7846174 0.7860260 0.8420368 1.1244639 0.8838058 0.8109030 0.8558455 0.8426261 0.7859728 0.7897504 0.7915577 0.7412920 0.7102409 0.8193681 0.6949577 0.6638076 0.6140501 0.5866375 0.7769149 0.5735273 0.5466199 0.5715148 0.6393855 2.0445795 2.0507050 1.9985397 2.5511002 
A1.CY.07.CY208.JF683760                0.5720180 0.6199495 0.6016791 0.6510419 0.7157114 0.7385995 0.7753633 0.4265043 0.4234562 0.4543344 0.0000000 0.2530069 0.4150935 0.5226192 0.7462785 0.7252292 0.7796119 0.7428186 0.7786915 0.7936455 0.7574311 0.7198901 0.7670349 0.7856194 0.8508280 0.8521012 0.7008174 0.7422575 0.7633177 0.7055149 0.7174533 0.4769324 0.5836029 0.5953440 0.6082332 0.7575915 0.6036805 0.6166907 0.6999816 0.5972814 0.6289046 0.7156252 0.8063352 0.5100459 0.5056033 0.4596105 0.5250014 0.8680522 0.8538296 0.8733391 0.8917044 0.9043880 0.9271114 0.8824959 0.8453462 0.8535316 0.8185105 0.8559882 0.8583684 0.8289649 0.8066178 0.7943774 0.8569337 0.9269162 0.8695478 0.8471003 0.8689253 0.8585641 0.8756226 0.8671134 0.8710932 0.8661041 0.8464608 0.8172985 0.8203599 0.8876110 1.1249300 0.8892084 0.8420362 0.8935515 0.8689154 0.8047187 0.8027601 0.7837258 0.7407557 0.7193988 0.8621108 0.7203456 0.6523539 0.6280693 0.6017275 0.8009441 0.5809649 0.5810176 0.5905650 0.6696746 2.0386993 2.0353281 1.9952852 2.5880264 
A1.CY.05.CY051.FJ388903                0.5163655 0.5713045 0.5412663 0.6034948 0.6705062 0.6928275 0.7408761 0.3733043 0.3627565 0.3962099 0.2530069 0.0000000 0.3762070 0.4681216 0.7373809 0.6953840 0.7494210 0.7062224 0.7300830 0.7366226 0.7138854 0.6891757 0.7451722 0.7787008 0.8316819 0.8240883 0.6675148 0.7128452 0.7086548 0.6674989 0.6753253 0.4240980 0.5317245 0.5417915 0.5751862 0.7242798 0.5621775 0.5727695 0.6413786 0.5524916 0.5892344 0.6676614 0.7510142 0.4588308 0.4456591 0.4023340 0.4714465 0.8086098 0.8103797 0.8421313 0.8693456 0.8529599 0.8634087 0.8593880 0.7923590 0.8130228 0.7794343 0.7999854 0.8054233 0.8040644 0.7756669 0.7425135 0.8148689 0.8937797 0.8320787 0.8032889 0.8277030 0.8149039 0.8396325 0.8484814 0.8420145 0.8278033 0.7981052 0.7812580 0.7790424 0.8176727 1.0859227 0.8373654 0.8044292 0.8535323 0.8102515 0.7573737 0.7617170 0.7539375 0.7126493 0.6789478 0.8097456 0.6539053 0.6211865 0.5813640 0.5510684 0.7496104 0.5270585 0.5206494 0.5413935 0.6095500 2.0114706 2.0216543 1.9801133 2.5960693 
A1.UG.11.DEMA110UG001.KF859745         0.5090765 0.5502742 0.5343458 0.5914505 0.6670797 0.6889354 0.7187171 0.3947491 0.3813745 0.4108445 0.4150935 0.3762070 0.0000000 0.4565139 0.7397252 0.6946049 0.7566053 0.6975260 0.7328091 0.7391124 0.7079905 0.6845069 0.7539815 0.7624533 0.8153335 0.8099243 0.6608726 0.7083490 0.7127005 0.6762614 0.6924092 0.4251412 0.5244521 0.5347336 0.5851126 0.7083052 0.5497813 0.5559943 0.6364254 0.5335092 0.5805645 0.6626513 0.7524721 0.4523103 0.4317267 0.4074325 0.4682186 0.7922674 0.8110488 0.8194632 0.8689464 0.8280691 0.8559176 0.8275808 0.7840644 0.7883077 0.7873832 0.7804280 0.8074687 0.7850464 0.7622916 0.7418410 0.8121017 0.8556282 0.8172912 0.8008021 0.8221136 0.8026812 0.8166444 0.8020227 0.8175997 0.8337598 0.7941210 0.7649383 0.7479660 0.8206002 1.0585128 0.8567159 0.7820504 0.8269137 0.8107351 0.7551481 0.7559550 0.7547185 0.7000782 0.6697966 0.7704601 0.6584919 0.6162116 0.5708231 0.5503813 0.7257263 0.5147431 0.5245734 0.5419625 0.6023483 2.0232759 2.0617688 1.9806175 2.6069081 
A1C.UG.99.99UGF25926.AF484491          0.5887021 0.6332032 0.6106930 0.6798298 0.7551639 0.7846657 0.8126654 0.4875442 0.4700841 0.4969435 0.5226192 0.4681216 0.4565139 0.0000000 0.6255358 0.5996394 0.6622140 0.6194244 0.6259599 0.6545496 0.6128406 0.5977430 0.6489493 0.6795322 0.7444297 0.7175929 0.5667210 0.6271587 0.6254401 0.5803144 0.5934905 0.4961086 0.5934069 0.6125479 0.6505374 0.8009153 0.6356717 0.6275190 0.7250627 0.6179994 0.6442903 0.7508722 0.8288952 0.5257887 0.5191349 0.4732403 0.5331221 0.8499686 0.8706913 0.8905982 0.9095550 0.8872240 0.9284889 0.8927363 0.8522206 0.8704199 0.8316487 0.8446007 0.8677333 0.8445786 0.8214879 0.7936262 0.8728613 0.9090794 0.8502398 0.8814870 0.8884487 0.8771214 0.8886899 0.8685555 0.8700585 0.8847653 0.8560493 0.8282366 0.8350202 0.8707043 1.1530472 0.9165859 0.8427800 0.9014764 0.8952025 0.8287587 0.8110586 0.8199787 0.7509692 0.7319584 0.8453384 0.7315461 0.6646504 0.6267011 0.6293108 0.7919707 0.5729590 0.5753805 0.6024087 0.6596068 2.1391555 2.1122799 2.0748138 2.6929837 
A1C.IN.15.SC017.KY713232               0.8465807 0.8849928 0.8487096 0.9488392 0.9846592 0.9873946 1.0508327 0.7314089 0.7091538 0.7448518 0.7462785 0.7373809 0.7397252 0.6255358 0.0000000 0.6303567 0.6868816 0.6431654 0.6707159 0.6574019 0.6629980 0.6186922 0.6843948 0.7111641 0.7564550 0.7491902 0.5947883 0.6801311 0.6655896 0.6203585 0.6199342 0.7509500 0.8634914 0.8628690 0.8946550 1.0508642 0.8770515 0.8866862 0.9433275 0.8628824 0.8823241 0.9725618 1.0452057 0.7675217 0.7865649 0.7406315 0.7738345 1.1126352 1.1305246 1.1280790 1.1374510 1.1600691 1.1614455 1.1513281 1.0938170 1.1188283 1.0770973 1.0942778 1.0680562 1.1159942 1.0538205 1.0419980 1.0941241 1.1573156 1.0950220 1.1446912 1.0939867 1.1232668 1.1283133 1.1283295 1.1163774 1.1410947 1.0836150 1.0788817 1.0522910 1.1354449 1.3750244 1.1426506 1.1006488 1.1531871 1.1214789 1.0616900 1.0499655 1.0177473 0.9985114 0.9551382 1.0638149 0.9585173 0.9442029 0.9084149 0.8707562 1.0779788 0.8271957 0.8444368 0.8501392 0.9212407 2.2384957 2.2378777 2.2928132 2.8541544 
C.IL.99.99ET14.AY255825                0.8133033 0.8641183 0.8164797 0.8998412 0.9268836 1.0023551 1.0214344 0.6964333 0.6978431 0.7148511 0.7252292 0.6953840 0.6946049 0.5996394 0.6303567 0.0000000 0.4237624 0.4133870 0.4162565 0.4339986 0.4154688 0.3943352 0.4465213 0.4834915 0.5243404 0.5198595 0.3508908 0.4294262 0.4305157 0.3633792 0.3797050 0.7046647 0.8390852 0.8355374 0.8750565 0.9797838 0.8657868 0.8388081 0.9250965 0.8409799 0.8594334 0.9578220 1.0183067 0.7443147 0.7485489 0.6912660 0.7463042 1.0882483 1.1478250 1.1127945 1.1615938 1.1501959 1.1673833 1.1443256 1.0750955 1.1191153 1.0826686 1.0771222 1.0854769 1.0973549 1.0664781 1.0393336 1.0865623 1.1610651 1.0884106 1.1049873 1.1033593 1.0930635 1.1215689 1.1023888 1.0858433 1.1261009 1.0695989 1.0414989 1.0348209 1.0872243 1.3348324 1.1549493 1.0719029 1.1076794 1.1138716 1.0509709 1.0520843 1.0203325 0.9793526 0.9539992 1.0684265 0.9439572 0.9105765 0.8802719 0.8329876 1.0099756 0.8013889 0.8109819 0.8250724 0.8907378 2.3708485 2.3869508 2.2995348 2.9691878 
C.SE.09.035ZA.MF373148                 0.8755562 0.9223766 0.8909132 0.9551093 0.9943595 1.0529086 1.0564306 0.7552183 0.7579723 0.7815924 0.7796119 0.7494210 0.7566053 0.6622140 0.6868816 0.4237624 0.0000000 0.4635638 0.4764372 0.4991657 0.4797864 0.4393157 0.5007245 0.5451992 0.6035644 0.5876521 0.4183711 0.4768523 0.4810980 0.4267582 0.4346606 0.7559553 0.8984804 0.9055159 0.9448935 1.0338366 0.9279695 0.9285822 0.9913579 0.9287721 0.9433301 1.0259733 1.1078851 0.8161041 0.8040013 0.7608954 0.8110568 1.1976058 1.2085651 1.2015302 1.2098576 1.2345650 1.2365518 1.2062831 1.1454090 1.1901718 1.1419661 1.1329256 1.1564297 1.2003945 1.1310154 1.1065075 1.1594793 1.2127492 1.1665970 1.1902286 1.1548193 1.1600449 1.1866762 1.1780625 1.1887196 1.1924109 1.1387734 1.1120364 1.1273689 1.1758008 1.4389823 1.2129471 1.1400946 1.1953892 1.1934510 1.1328551 1.1075245 1.0529602 1.0291434 1.0171130 1.1175608 1.0171739 0.9817544 0.9264503 0.8949644 1.0679407 0.8725916 0.8937602 0.8902981 0.9539641 2.3358942 2.3615021 2.2733937 2.9558195 
C.ZA.04.04ZASK135B1.DQ011166           0.8112748 0.8648531 0.8393311 0.9179757 0.9655765 0.9830062 1.0196712 0.7320828 0.7006718 0.7339411 0.7428186 0.7062224 0.6975260 0.6194244 0.6431654 0.4133870 0.4635638 0.0000000 0.3228762 0.3411105 0.3537332 0.3412654 0.4006148 0.4396057 0.4963105 0.4770694 0.3250229 0.4215740 0.4142888 0.3684627 0.3808280 0.7117127 0.8331972 0.8407048 0.8696344 1.0140922 0.8649848 0.8696179 0.9446590 0.8403142 0.8526270 0.9637300 1.0245098 0.7622479 0.7467352 0.7105070 0.7559294 1.1013721 1.1440888 1.1230441 1.1415157 1.1832131 1.1595157 1.1158137 1.1057924 1.1086507 1.0787064 1.0882063 1.0838872 1.1082241 1.0780023 1.0512069 1.0948760 1.1318117 1.0889941 1.1104455 1.1242060 1.1044582 1.1320706 1.1313689 1.0979071 1.1392174 1.0889448 1.0345516 1.0383203 1.1110698 1.3507272 1.1344939 1.0786920 1.1061912 1.1100676 1.0463014 1.0511437 0.9924752 1.0140405 0.9717966 1.0700584 0.9611289 0.8878546 0.8731993 0.8224327 0.9959739 0.7921716 0.8249843 0.8167110 0.9112787 2.2685021 2.2867033 2.2731440 2.9577739 
C.ZA.03.03ZAPS130MB1.DQ275658          0.8291898 0.8758583 0.8551183 0.9269726 0.9802004 1.0060366 1.0526511 0.7310622 0.7154500 0.7350498 0.7786915 0.7300830 0.7328091 0.6259599 0.6707159 0.4162565 0.4764372 0.3228762 0.0000000 0.2943140 0.3689864 0.3452175 0.4052946 0.4574796 0.5134951 0.4934809 0.3359301 0.4418289 0.4244526 0.3802105 0.3996271 0.7384895 0.8271968 0.8449366 0.8764185 1.0123182 0.8693356 0.8570844 0.9737391 0.8501559 0.8815614 0.9668668 1.0584110 0.7636055 0.7632063 0.7258300 0.7763385 1.1079001 1.1441005 1.1425832 1.1746478 1.1839538 1.1937784 1.1654015 1.1039142 1.1228928 1.1242575 1.1011755 1.1025055 1.1108566 1.0848648 1.0627722 1.0962247 1.1528226 1.0790353 1.1136174 1.1253922 1.1188164 1.1415894 1.1177529 1.1120724 1.1337137 1.1015793 1.0434396 1.0377214 1.1138336 1.3840203 1.1792659 1.0876536 1.1429493 1.1548473 1.0466255 1.0488311 1.0464916 1.0152082 0.9830061 1.1007162 0.9761313 0.9159357 0.8989890 0.8855838 1.0458059 0.8158859 0.8363060 0.8532612 0.9225373 2.2832519 2.2920439 2.2006655 3.0387178 
C.ZA.97.97ZA012.AF286227               0.8599464 0.8904266 0.8799828 0.9430658 0.9911340 1.0121916 1.0481260 0.7365948 0.7131230 0.7485099 0.7936455 0.7366226 0.7391124 0.6545496 0.6574019 0.4339986 0.4991657 0.3411105 0.2943140 0.0000000 0.3961943 0.3641453 0.4252018 0.4826753 0.5272534 0.5071796 0.3578906 0.4523724 0.4557130 0.4042326 0.4245780 0.7517951 0.8384166 0.8524586 0.9164684 1.0365535 0.8864817 0.8952023 0.9650416 0.8680534 0.8965313 0.9930676 1.0687391 0.7883182 0.7692831 0.7483781 0.7773838 1.1357942 1.1809215 1.1865992 1.1591919 1.2242480 1.1999787 1.2028215 1.1228721 1.1621980 1.1206251 1.1088397 1.1224639 1.1337989 1.1107887 1.0872070 1.1308504 1.1948690 1.1194539 1.1547562 1.1614200 1.1331243 1.1636388 1.1552370 1.1357954 1.1615328 1.1521731 1.0697970 1.0665243 1.1289245 1.3969889 1.1788617 1.1198430 1.1416555 1.1391389 1.1060328 1.1017436 1.0694947 1.0316755 1.0147683 1.1176747 0.9790744 0.9322934 0.9135696 0.8754867 1.0348472 0.8391391 0.8546438 0.8615915 0.9303725 2.2691071 2.3272646 2.1957964 2.9147063 
C.BW.98.98BWMC14A3.AF443078            0.8219238 0.8765202 0.8396298 0.9237624 0.9413268 1.0132183 1.0381598 0.7218052 0.7146990 0.7526566 0.7574311 0.7138854 0.7079905 0.6128406 0.6629980 0.4154688 0.4797864 0.3537332 0.3689864 0.3961943 0.0000000 0.3479494 0.3993257 0.4544021 0.4999652 0.4863058 0.3340337 0.4406491 0.4248560 0.3807049 0.3995376 0.7176234 0.8586120 0.8597626 0.8982404 1.0336937 0.8734450 0.8745043 0.9568626 0.8526095 0.8799943 0.9678837 1.0487258 0.7753834 0.7582324 0.7167063 0.7813887 1.0966065 1.1420646 1.1355376 1.1728792 1.1755991 1.1709037 1.1383226 1.0846923 1.0908310 1.0807304 1.0648994 1.0581338 1.1102575 1.0582532 1.0458319 1.0675314 1.1579009 1.0831391 1.0974690 1.1177419 1.1194445 1.1404797 1.1213426 1.1230761 1.1152051 1.0991503 1.0371994 1.0510712 1.1177411 1.3648025 1.1512031 1.0960112 1.1429720 1.1202659 1.0676765 1.0678983 1.0279986 0.9967441 0.9607025 1.0829272 0.9593374 0.9117826 0.8710484 0.8545257 1.0208727 0.8046362 0.8172880 0.8363771 0.9132907 2.2072740 2.2548674 2.2378881 2.8437316 
C.ZA.99.99ZALT4.EU293444               0.8195457 0.8680228 0.8344746 0.9274643 0.9457523 0.9869972 1.0237771 0.6994643 0.6888803 0.7215848 0.7198901 0.6891757 0.6845069 0.5977430 0.6186922 0.3943352 0.4393157 0.3412654 0.3452175 0.3641453 0.3479494 0.0000000 0.3315091 0.4229006 0.4852782 0.4611535 0.2975944 0.4028359 0.4049096 0.3569317 0.3693004 0.6963839 0.8387834 0.8300421 0.8709852 1.0020258 0.8566518 0.8610783 0.9250951 0.8419984 0.8627185 0.9795559 1.0253764 0.7392430 0.7258620 0.6939773 0.7481743 1.1165715 1.1212098 1.1237151 1.1484525 1.1867206 1.2033165 1.1316531 1.0990906 1.1109971 1.0839770 1.0983572 1.0986447 1.1276326 1.0780594 1.0433240 1.1063734 1.1495661 1.0898083 1.1004231 1.1003169 1.0813303 1.1123505 1.1248613 1.1112936 1.1404613 1.0801118 1.0537302 1.0386031 1.1214508 1.3773182 1.1544591 1.1009046 1.1377952 1.1008423 1.0674553 1.0482800 1.0025976 0.9798504 0.9521797 1.0708912 0.9396849 0.9025634 0.8587490 0.8683560 0.9812695 0.8096592 0.8335148 0.8365011 0.9036266 2.2291535 2.2917392 2.2528748 2.7988896 
C.ZA.02.02ZAPS015MB1.DQ369995          0.8617217 0.9053429 0.8886447 0.9492376 0.9702354 1.0066282 1.0437317 0.7805795 0.7465153 0.7834897 0.7670349 0.7451722 0.7539815 0.6489493 0.6843948 0.4465213 0.5007245 0.4006148 0.4052946 0.4252018 0.3993257 0.3315091 0.0000000 0.4896441 0.5420882 0.5367569 0.3607345 0.4523728 0.4630750 0.3994314 0.4212683 0.7590145 0.8630813 0.8728713 0.9160375 1.0242661 0.8992313 0.8979328 0.9888223 0.8828487 0.9141983 1.0035670 1.0765226 0.7963626 0.7924714 0.7514881 0.7840384 1.1487982 1.1846497 1.1829438 1.1653696 1.1946829 1.2307099 1.2020168 1.1182337 1.1363337 1.1098595 1.1132364 1.1176119 1.1372652 1.0929686 1.0727316 1.1205359 1.1879052 1.1100761 1.1468877 1.1327870 1.1093633 1.1457088 1.1549225 1.1565146 1.1525432 1.1387178 1.1176006 1.0784913 1.1488259 1.4249946 1.1794095 1.1215921 1.1625452 1.1401574 1.0643600 1.1144028 1.0545434 1.0343367 0.9876061 1.0734774 0.9986504 0.9316300 0.9088692 0.8893381 1.0408883 0.8585102 0.8714394 0.8794454 0.9603012 2.3177295 2.3386851 2.2531598 2.9086083 
C.GB.14.13659_1_48.3.MF109437          0.8888442 0.9468834 0.9238177 0.9860458 1.0369321 1.0870592 1.1037850 0.7719793 0.7639325 0.7970176 0.7856194 0.7787008 0.7624533 0.6795322 0.7111641 0.4834915 0.5451992 0.4396057 0.4574796 0.4826753 0.4544021 0.4229006 0.4896441 0.0000000 0.5379834 0.5252979 0.4063281 0.4984098 0.4972014 0.4438945 0.4645025 0.7773551 0.9076143 0.9169595 0.9237917 1.0797078 0.9242483 0.9419638 1.0237700 0.8937184 0.9334229 1.0493140 1.1096152 0.8116529 0.8268120 0.7716223 0.8400738 1.1728370 1.1799038 1.1872176 1.2000433 1.2529543 1.2426723 1.2287701 1.1471082 1.1748197 1.1458953 1.1470724 1.1582335 1.1725800 1.1159387 1.1024679 1.1431324 1.2355673 1.1608962 1.1537905 1.1926477 1.1689090 1.1890865 1.1749045 1.1783959 1.1892257 1.1501258 1.1247990 1.1097762 1.1978067 1.4276782 1.2085987 1.1266410 1.1862650 1.1588145 1.1301088 1.1231632 1.0994402 1.0585252 1.0300756 1.1420517 1.0197391 0.9651025 0.9440844 0.9302310 1.1031945 0.8878789 0.8925903 0.9126776 0.9700754 2.3645015 2.3536368 2.3478360 2.9526004 
BC.CN.07.07CNYN340.KF835526            0.9577705 0.9925122 0.9616096 1.0095930 1.0644562 1.1234131 1.1188431 0.8320431 0.8033988 0.8638008 0.8508280 0.8316819 0.8153335 0.7444297 0.7564550 0.5243404 0.6035644 0.4963105 0.5134951 0.5272534 0.4999652 0.4852782 0.5420882 0.5379834 0.0000000 0.4085188 0.4595996 0.5375434 0.5448323 0.4899673 0.4931454 0.8388734 0.9580932 0.9653139 0.9924992 1.1248787 0.9907350 0.9845612 1.0721127 0.9649095 0.9932451 1.0653451 1.1358638 0.8803322 0.8760656 0.8115565 0.8944085 1.2521322 1.2486350 1.2600633 1.2867155 1.2762785 1.2852886 1.2518607 1.2070155 1.2190359 1.1810724 1.1910503 1.2092778 1.2069387 1.1755658 1.1740165 1.2363154 1.2664885 1.1985172 1.2207746 1.2362807 1.2337904 1.2557549 1.2474508 1.2406841 1.2519516 1.2045472 1.1946800 1.1625756 1.2351707 1.4708018 1.2842997 1.1943795 1.2336577 1.2297730 1.1606898 1.1840813 1.1548465 1.1689745 1.0961066 1.1805009 1.0737533 1.0151176 0.9885304 0.9713786 1.1338464 0.9566167 0.9558017 0.9590470 1.0117986 2.3788128 2.3662860 2.3128306 2.9160370 
85_BC.CN.14.14CN_SCYB4.KU992932        0.9312621 0.9649658 0.9305061 1.0173359 1.0689453 1.1124622 1.1653222 0.8238901 0.8113338 0.8481794 0.8521012 0.8240883 0.8099243 0.7175929 0.7491902 0.5198595 0.5876521 0.4770694 0.4934809 0.5071796 0.4863058 0.4611535 0.5367569 0.5252979 0.4085188 0.0000000 0.4334699 0.5266413 0.5350349 0.4878054 0.4972252 0.8187326 0.9362600 0.9343445 0.9677726 1.1099110 0.9299459 0.9673710 1.0459898 0.9388192 0.9727805 1.0650016 1.1392992 0.8803200 0.8748718 0.8453581 0.9054757 1.1911324 1.2284815 1.2347463 1.2428522 1.2572693 1.2796643 1.2497874 1.1731790 1.2208029 1.1667978 1.1727703 1.1704351 1.2152224 1.1383421 1.1138521 1.1988874 1.2616649 1.1965581 1.2140768 1.2276331 1.2083444 1.2313204 1.2278649 1.2201298 1.2088545 1.1872758 1.1508508 1.1512913 1.2165439 1.4645983 1.2591549 1.1732000 1.2318735 1.2076322 1.1523663 1.1610774 1.1330303 1.1298876 1.0765411 1.2429699 1.0633116 0.9966742 0.9966144 0.9786596 1.1222057 0.9287553 0.9362525 0.9640816 1.0115042 2.3983247 2.4037667 2.3075368 3.0207869 
C.BW.00.00BW076820.AF443089            0.7673529 0.8229765 0.7693023 0.8620798 0.8912270 0.9623280 0.9731283 0.6782035 0.6509799 0.6804598 0.7008174 0.6675148 0.6608726 0.5667210 0.5947883 0.3508908 0.4183711 0.3250229 0.3359301 0.3578906 0.3340337 0.2975944 0.3607345 0.4063281 0.4595996 0.4334699 0.0000000 0.3744418 0.3725049 0.3261315 0.3448082 0.6633251 0.7958679 0.7946633 0.8506129 0.9487538 0.8251636 0.8068979 0.9025987 0.8086524 0.8145125 0.9225169 0.9943410 0.7106822 0.7124039 0.6639958 0.7017995 1.0380732 1.0755276 1.0409151 1.0799980 1.1300209 1.1327798 1.0808716 1.0361792 1.0521805 1.0397255 1.0312832 1.0288256 1.0690705 1.0151313 0.9849870 1.0375941 1.0989923 1.0339665 1.0537119 1.0333485 1.0535913 1.0728919 1.0775017 1.0657627 1.0604637 1.0321337 0.9902570 0.9679581 1.0598321 1.2823271 1.0901815 1.0275861 1.0669757 1.0409343 0.9834563 1.0031264 0.9681754 0.9500297 0.9053393 1.0299980 0.8986007 0.8616646 0.8056466 0.7923557 0.9798514 0.7541302 0.7563528 0.7772788 0.8437664 2.1706586 2.2236973 2.1655013 2.8689321 
C.ZA.04.04ZASK170B1.DQ093595           0.8430663 0.9103828 0.8593935 0.9310927 0.9688693 1.0208957 1.0540678 0.7392095 0.7120128 0.7570546 0.7422575 0.7128452 0.7083490 0.6271587 0.6801311 0.4294262 0.4768523 0.4215740 0.4418289 0.4523724 0.4406491 0.4028359 0.4523728 0.4984098 0.5375434 0.5266413 0.3744418 0.0000000 0.3516018 0.3074424 0.3672343 0.7460761 0.8497113 0.8619858 0.8906619 1.0277042 0.8882823 0.8671052 0.9523828 0.8544891 0.8783998 0.9663388 1.0655763 0.7785527 0.7683637 0.7369073 0.7816736 1.1071224 1.1317701 1.1052510 1.1114613 1.1605326 1.1453712 1.1286141 1.0801282 1.1132183 1.0902049 1.0972765 1.1071824 1.1006396 1.0559567 1.0484892 1.1003628 1.1669023 1.0747048 1.1233544 1.1296065 1.1026616 1.1275246 1.1257590 1.1005859 1.1199058 1.0759801 1.0436684 1.0499222 1.1011136 1.3511788 1.1444359 1.0872920 1.1232016 1.1180315 1.0493490 1.0628829 1.0168915 1.0034649 0.9764798 1.0736575 0.9555551 0.9461186 0.8809281 0.8850491 1.0315139 0.8363467 0.8489402 0.8561198 0.9351731 2.3345434 2.3072739 2.2493756 2.9217921 
C.TZ.02.CO6721.AY734560                0.8226245 0.8749937 0.8457713 0.9206944 0.9738356 1.0188202 1.0390126 0.7243214 0.7169555 0.7484082 0.7633177 0.7086548 0.7127005 0.6254401 0.6655896 0.4305157 0.4810980 0.4142888 0.4244526 0.4557130 0.4248560 0.4049096 0.4630750 0.4972014 0.5448323 0.5350349 0.3725049 0.3516018 0.0000000 0.2521920 0.3520275 0.7353676 0.8598254 0.8718842 0.8904325 1.0216836 0.8837912 0.8884541 0.9778222 0.8620569 0.8847366 0.9942065 1.0502593 0.7712607 0.7694132 0.7220298 0.7799761 1.1295620 1.1643490 1.1369479 1.1360090 1.1660324 1.1851187 1.1956736 1.1072082 1.1289441 1.1081771 1.1047064 1.1140640 1.1352146 1.0831526 1.0690170 1.0876603 1.1587407 1.0960814 1.1372610 1.1342784 1.1457698 1.1714546 1.1629988 1.1254123 1.1709136 1.0868705 1.0681714 1.0702188 1.1389842 1.3629991 1.1490890 1.1222035 1.1562774 1.1383190 1.0867622 1.0858455 1.0200773 1.0042522 0.9808300 1.0862967 0.9553423 0.9245521 0.8802379 0.8509261 1.0169267 0.8329596 0.8400752 0.8507486 0.9157548 2.3016616 2.3115149 2.2113135 2.8913864 
C.TZ.01.BD39_8.AY253313                0.7696351 0.8195479 0.8163774 0.8731319 0.9099102 0.9772609 1.0009514 0.6872853 0.6617831 0.7012296 0.7055149 0.6674989 0.6762614 0.5803144 0.6203585 0.3633792 0.4267582 0.3684627 0.3802105 0.4042326 0.3807049 0.3569317 0.3994314 0.4438945 0.4899673 0.4878054 0.3261315 0.3074424 0.2521920 0.0000000 0.3098868 0.6867675 0.8072684 0.8199891 0.8394053 0.9785252 0.8481775 0.8281847 0.9010739 0.8174926 0.8244495 0.9180846 1.0104052 0.7269025 0.7246519 0.6769031 0.7254568 1.0936357 1.1069436 1.0689755 1.0998000 1.1047911 1.1418384 1.1075177 1.0475497 1.0606703 1.0242532 1.0446946 1.0365843 1.0562662 1.0158312 0.9893916 1.0476921 1.1142291 1.0424744 1.0607676 1.0587980 1.0771443 1.0887667 1.0632615 1.0708989 1.0936633 1.0358175 0.9990625 0.9970002 1.0462798 1.2808705 1.1207603 1.0499843 1.0680782 1.0690075 1.0034324 1.0171763 0.9705984 0.9734242 0.9281227 1.0242319 0.9211721 0.8796439 0.8291114 0.8014861 0.9749159 0.7871272 0.7820990 0.8029955 0.8775415 2.2389175 2.2169814 2.1533650 2.8531457 
C.ZA.03.03ZAPS067MB2.DQ396389          0.7890080 0.8464958 0.8217303 0.8877776 0.9121924 0.9639692 0.9955428 0.7014641 0.6818543 0.7106422 0.7174533 0.6753253 0.6924092 0.5934905 0.6199342 0.3797050 0.4346606 0.3808280 0.3996271 0.4245780 0.3995376 0.3693004 0.4212683 0.4645025 0.4931454 0.4972252 0.3448082 0.3672343 0.3520275 0.3098868 0.0000000 0.6850402 0.8282269 0.8335810 0.8654397 0.9718352 0.8723212 0.8575505 0.9285962 0.8377051 0.8749674 0.9595629 1.0255903 0.7416388 0.7405059 0.6923582 0.7438746 1.0835658 1.1074708 1.1173811 1.1358339 1.1338916 1.1727283 1.1231381 1.0697922 1.0888553 1.0860890 1.0815178 1.0741210 1.1051390 1.0419901 1.0121826 1.0821189 1.1350174 1.0682636 1.0736402 1.0838299 1.0779807 1.1138182 1.0978469 1.0876679 1.1068113 1.0720354 1.0378070 1.0092670 1.0816936 1.3479234 1.1074890 1.0628714 1.0919817 1.0906012 1.0462059 1.0206248 1.0031204 0.9820343 0.9634583 1.0748159 0.9291746 0.8770618 0.8501120 0.8103611 0.9851985 0.7766060 0.7977387 0.8269111 0.8881715 2.2791334 2.2880617 2.2364387 2.9464427 
A1D.UG.99.99UGJ21953.AF484496          0.5543445 0.5946533 0.5756103 0.6446521 0.7016687 0.7300062 0.7460762 0.4549661 0.4215818 0.4664245 0.4769324 0.4240980 0.4251412 0.4961086 0.7509500 0.7046647 0.7559553 0.7117127 0.7384895 0.7517951 0.7176234 0.6963839 0.7590145 0.7773551 0.8388734 0.8187326 0.6633251 0.7460761 0.7353676 0.6867675 0.6850402 0.0000000 0.5729345 0.5705622 0.6183889 0.7504401 0.5911340 0.6012803 0.6782693 0.5802600 0.6166954 0.7181357 0.8079489 0.4923041 0.4885941 0.4513111 0.5068739 0.8135098 0.8271413 0.8530152 0.8804076 0.8560247 0.8773933 0.8752141 0.8103647 0.8401314 0.8096838 0.8155913 0.8232779 0.8318164 0.7965138 0.7749159 0.8404918 0.9083015 0.8533299 0.8224076 0.8610372 0.8505724 0.8551694 0.8572822 0.8529075 0.8716069 0.8249388 0.7896190 0.7892799 0.8451146 1.0684127 0.8679029 0.8139313 0.8865834 0.8468454 0.7804053 0.7881401 0.8010212 0.7349074 0.6930166 0.8291217 0.7065191 0.6456925 0.6157828 0.5856376 0.7767453 0.5554750 0.5457548 0.5652763 0.6272998 2.1198258 2.1348574 2.0606342 2.5926634 
01_AE.CN.02.YN0236.JX112866            0.6056830 0.6499536 0.6424853 0.6846371 0.7691796 0.7783911 0.8347288 0.5508739 0.5405179 0.5601535 0.5836029 0.5317245 0.5244521 0.5934069 0.8634914 0.8390852 0.8984804 0.8331972 0.8271968 0.8384166 0.8586120 0.8387834 0.8630813 0.9076143 0.9580932 0.9362600 0.7958679 0.8497113 0.8598254 0.8072684 0.8282269 0.5729345 0.0000000 0.1523554 0.1985658 0.3562932 0.2014808 0.1994835 0.2866085 0.2138917 0.2425823 0.4609666 0.5454970 0.4185509 0.5187809 0.4879805 0.5630766 0.8787843 0.8941420 0.8975959 0.9629595 0.9433152 0.9592022 0.9182077 0.8664324 0.9004873 0.8740199 0.8693757 0.8979720 0.8910003 0.8526779 0.8417755 0.9055903 0.9411116 0.8960348 0.8922803 0.9241113 0.9082453 0.9100229 0.9099395 0.9054311 0.8945525 0.8765553 0.8569977 0.8533451 0.9079659 1.1484978 0.9543343 0.8824156 0.9453635 0.8977939 0.8464693 0.8480114 0.8254013 0.8009259 0.7584518 0.8518373 0.7677243 0.7018148 0.6652663 0.6398310 0.8128467 0.6028070 0.6077801 0.6224035 0.6944993 2.0342984 2.0556511 1.9999690 2.6452574 
01_AE.TH.99.99TH_C4460.AY945726        0.6161625 0.6574914 0.6559062 0.6855653 0.7723115 0.7720740 0.8387115 0.5571298 0.5516265 0.5735721 0.5953440 0.5417915 0.5347336 0.6125479 0.8628690 0.8355374 0.9055159 0.8407048 0.8449366 0.8524586 0.8597626 0.8300421 0.8728713 0.9169595 0.9653139 0.9343445 0.7946633 0.8619858 0.8718842 0.8199891 0.8335810 0.5705622 0.1523554 0.0000000 0.1973670 0.3676995 0.2002219 0.2077755 0.2927183 0.2154545 0.2446045 0.4568873 0.5509682 0.4326822 0.5354083 0.4978621 0.5682720 0.8855910 0.8916178 0.9186759 0.9659589 0.9495571 0.9460218 0.9281321 0.8732780 0.8951248 0.8880579 0.8657053 0.9056044 0.8939100 0.8598540 0.8346884 0.9115412 0.9554765 0.9252453 0.9062442 0.9300700 0.9059957 0.9130493 0.9378834 0.8983454 0.9144245 0.8741811 0.8704318 0.8632423 0.9187442 1.1467207 0.9459286 0.8879936 0.9458982 0.8917074 0.8556207 0.8553999 0.8307678 0.8047625 0.7728267 0.8604796 0.7757003 0.7122858 0.6688541 0.6494630 0.8172769 0.6050014 0.6090909 0.6347264 0.6951102 2.0235025 2.0476489 2.0493284 2.5842875 
01_AE.CN.07.GX070143.JX112835          0.6489405 0.6987926 0.6700447 0.7337675 0.8144520 0.8197676 0.8709337 0.5903430 0.5828396 0.5978260 0.6082332 0.5751862 0.5851126 0.6505374 0.8946550 0.8750565 0.9448935 0.8696344 0.8764185 0.9164684 0.8982404 0.8709852 0.9160375 0.9237917 0.9924992 0.9677726 0.8506129 0.8906619 0.8904325 0.8394053 0.8654397 0.6183889 0.1985658 0.1973670 0.0000000 0.3984731 0.2393535 0.2398620 0.3196747 0.2508800 0.2836101 0.5107167 0.5965859 0.4704146 0.5579982 0.5350916 0.6081571 0.9380632 0.9334724 0.9477809 1.0165281 0.9949295 0.9967025 0.9576493 0.9143296 0.9510931 0.9167968 0.9242508 0.9365764 0.9170738 0.8876232 0.8587414 0.9297604 0.9784019 0.9360924 0.9244926 0.9641412 0.9453388 0.9461891 0.9601875 0.9540451 0.9399604 0.9084871 0.9049371 0.9001847 0.9546724 1.1834368 0.9803668 0.9180602 0.9685463 0.9444635 0.8928668 0.8736410 0.8746303 0.8308800 0.8001159 0.8906116 0.8077964 0.7532730 0.7042343 0.6843631 0.8670139 0.6564936 0.6499646 0.6848151 0.7320740 2.1043709 2.1043739 2.0417657 2.6783968 
69_01B.JP.05.05JPMYC113SP420.LC027100  0.7782982 0.8351059 0.8099167 0.8609114 0.9203027 0.9519915 0.9992793 0.7167138 0.7156180 0.7455547 0.7575915 0.7242798 0.7083052 0.8009153 1.0508642 0.9797838 1.0338366 1.0140922 1.0123182 1.0365535 1.0336937 1.0020258 1.0242661 1.0797078 1.1248787 1.1099110 0.9487538 1.0277042 1.0216836 0.9785252 0.9718352 0.7504401 0.3562932 0.3676995 0.3984731 0.0000000 0.3885273 0.3990545 0.4743774 0.3935758 0.4346706 0.6477056 0.7194002 0.6078143 0.6950281 0.6913675 0.7365501 1.0359932 1.0458249 1.0576817 1.1435289 1.1082994 1.1142389 1.0528960 1.0597718 1.0605942 1.0156122 1.0316759 1.0445452 1.0356295 0.9951286 0.9715932 1.0575289 1.1203689 1.0834684 1.0464807 1.0852919 1.0668047 1.0629149 1.0762469 1.0708129 1.0717791 1.0282376 0.9731572 1.0201300 1.0690566 1.3124114 1.0893395 1.0328619 1.0539824 1.0552253 0.9902818 1.0032047 0.9992311 0.9472916 0.9252222 1.0176243 0.9400307 0.8885742 0.8484892 0.8131789 1.0180464 0.8009631 0.7741941 0.8115585 0.8858599 2.2314594 2.2503111 2.2077986 2.7962043 
01_AE.TH.07.AA030a04.JX447057          0.6428148 0.6714473 0.6571208 0.7032134 0.7817197 0.7862218 0.8492918 0.5811995 0.5714859 0.5893696 0.6036805 0.5621775 0.5497813 0.6356717 0.8770515 0.8657868 0.9279695 0.8649848 0.8693356 0.8864817 0.8734450 0.8566518 0.8992313 0.9242483 0.9907350 0.9299459 0.8251636 0.8882823 0.8837912 0.8481775 0.8723212 0.5911340 0.2014808 0.2002219 0.2393535 0.3885273 0.0000000 0.2260996 0.3160485 0.2469279 0.2706309 0.4978411 0.5659822 0.4533089 0.5408361 0.5236146 0.5832605 0.9061475 0.9015376 0.9230682 0.9586783 0.9479080 0.9802437 0.9242242 0.8910037 0.8949849 0.8932064 0.8749800 0.8997954 0.8935710 0.8575970 0.8297762 0.8992185 0.9699413 0.9185226 0.9173228 0.9323976 0.9116105 0.9099322 0.9383480 0.9138770 0.9143302 0.8888444 0.8568820 0.8808142 0.9443456 1.1567532 0.9633688 0.9052055 0.9483085 0.9266381 0.8580575 0.8549893 0.8568387 0.8232835 0.7767170 0.8677971 0.7969553 0.7282652 0.7003019 0.6742042 0.8441726 0.6468869 0.6324352 0.6714267 0.7190263 2.0826279 2.0900667 1.9710550 2.5882039 
01_AE.CN.07.07CNYN326.KF835513         0.6467956 0.6842854 0.6665752 0.7073936 0.7912294 0.8003808 0.8676535 0.5762206 0.5614273 0.5986892 0.6166907 0.5727695 0.5559943 0.6275190 0.8866862 0.8388081 0.9285822 0.8696179 0.8570844 0.8952023 0.8745043 0.8610783 0.8979328 0.9419638 0.9845612 0.9673710 0.8068979 0.8671052 0.8884541 0.8281847 0.8575505 0.6012803 0.1994835 0.2077755 0.2398620 0.3990545 0.2260996 0.0000000 0.3193591 0.2392743 0.2681579 0.4929903 0.5710365 0.4571425 0.5620074 0.5352837 0.5973407 0.9171874 0.9228130 0.9418375 0.9803969 0.9729591 0.9772063 0.9416751 0.8990717 0.9144394 0.8953274 0.8916028 0.8995725 0.9056682 0.8696137 0.8487759 0.9222133 0.9435778 0.9514439 0.9325442 0.9149912 0.9132935 0.9142593 0.9381066 0.9358434 0.9178450 0.8971765 0.8733768 0.8752834 0.9275344 1.1697557 0.9798782 0.9091462 0.9498153 0.9362359 0.8805024 0.8672271 0.8595142 0.8253398 0.7909290 0.8918580 0.7837821 0.7433096 0.6946529 0.6772372 0.8631783 0.6548832 0.6356211 0.6665969 0.7379692 2.0527949 2.0720163 2.0146817 2.6088922 
