100
F1.BR.10.DEMF110BR015.KU749395         0.0000000 1.1630145 1.2453249 1.1744792 1.1797169 1.1488463 1.1045465 1.0877226 1.0974840 1.1272364 1.1115613 1.1475065 1.0508031 1.1354449 1.1121079 1.1239881 1.1454874 1.1161073 1.1767981 0.9987409 0.9517205 0.9399279 0.9405818 0.9544273 0.9038853 0.9570977 0.9794088 0.9224503 0.9082728 0.9736180 0.9646909 0.9519127 0.9439229 0.8440521 0.8976208 0.9422941 0.8991746 0.9241981 0.8789983 0.8703205 0.9352975 0.8438074 0.9447003 0.9271054 0.8836032 0.9032552 0.8923869 0.8898746 0.9149163 0.8956539 0.8869405 0.8925642 0.8902627 0.8484129 0.7630465 0.8355034 0.8082215 0.7561558 0.9724691 0.9834891 0.9556253 0.8771088 0.9423028 0.8896948 1.1139069 1.0686639 0.8237975 0.8343863 0.8448300 0.8720384 0.8623880 0.7812974 0.8089184 0.7884253 0.7887212 0.8909869 1.0989321 0.9896082 0.9393383 0.9186081 0.9193269 0.9247296 0.9424685 0.8861673 0.9014462 0.7564593 0.8229699 0.8350388 0.8276542 0.8048934 0.8715123 0.7912600 0.8462805 0.8097219 0.8275077 0.8504377 2.8140996 2.1433216 2.1091935 2.2101576 
A1C.IN.15.SC017.KY713232               1.1630145 0.0000000 0.7714065 0.7449462 0.7279564 0.7024468 0.6337300 0.6408774 0.6295295 0.6627350 0.6231372 0.6648675 0.5947448 0.6685539 0.6272322 0.6519269 0.6731116 0.6554148 1.4689158 1.1952317 1.2742851 1.2248355 1.2052216 1.1861565 1.1760387 1.1923782 1.2558102 1.1822921 1.2019927 1.2181804 1.1882894 1.1984809 1.1636661 1.1237581 1.1863770 1.2135440 1.1650834 1.1605075 1.1401995 1.1310485 1.1987973 1.1858909 1.2199669 1.1701256 1.1632075 1.1594594 1.1451044 1.2044935 1.1417257 1.1716501 1.1307322 1.2025100 1.1407415 1.1161993 1.0369434 1.0991939 1.0873095 0.9723839 1.0307570 1.0647835 1.0579007 0.9672204 1.0191143 0.9503769 1.0865121 1.0225664 0.8545486 0.9323365 0.8906846 0.9148685 0.9426405 0.8350840 0.8507327 0.8437135 0.8801981 0.6560906 1.0596130 0.9743364 0.9414024 0.9021029 0.9054391 0.9319554 0.9105522 0.8706560 0.8691946 0.8076244 0.8276171 0.7864313 0.7454291 0.7484748 0.7662078 0.7184363 0.7828922 0.7321493 0.7496492 0.7510503 2.8585205 2.1446047 2.1412784 2.2100214 
BC.CN.07.07CNYN340.KF835526            1.2453249 0.7714065 0.0000000 0.3795666 0.5324616 0.5946930 0.5317300 0.5123195 0.5268954 0.5244400 0.5095657 0.4984866 0.4459414 0.5192041 0.4641724 0.4874527 0.5118511 0.4951186 1.5656692 1.3528274 1.3142776 1.3074600 1.2932540 1.3337507 1.2783911 1.2964941 1.3719554 1.3126749 1.3065478 1.3421082 1.3084009 1.2929552 1.2775801 1.2546263 1.2948230 1.3198132 1.2515551 1.2557154 1.2612822 1.2569631 1.3476080 1.2567560 1.2941576 1.2848401 1.2734902 1.2652951 1.2565346 1.2761845 1.2679653 1.2591850 1.2244145 1.2884159 1.2662600 1.2377810 1.1297717 1.2408605 1.2323956 1.1344750 1.1281878 1.1569787 1.1849130 1.0512607 1.0870414 1.0359705 1.2032033 1.0901103 0.9676661 1.0572326 0.9771313 1.0097762 1.0571842 0.9334481 0.9731785 0.9427031 0.9552286 0.7438310 1.1582825 1.1082863 1.0326566 0.9817580 1.0040266 1.0069702 1.0106102 0.9789404 0.9659439 0.9080520 0.9131142 0.9047052 0.8426480 0.8513506 0.8970766 0.8213163 0.8896653 0.8496597 0.8546172 0.8628503 2.8744529 2.2746263 2.2929354 2.3261410 
85_BC.CN.14.14CN_SCYB4.KU992932        1.1744792 0.7449462 0.3795666 0.0000000 0.5138921 0.5533953 0.5119729 0.4974324 0.5086882 0.5324737 0.4924391 0.4801375 0.4388018 0.4871832 0.4502083 0.4675756 0.4797491 0.4741635 1.5086020 1.2773843 1.3067231 1.2988089 1.2570804 1.2572442 1.2453718 1.2558113 1.3354206 1.2310144 1.2721943 1.2529844 1.2802301 1.2703657 1.2527274 1.1892087 1.2476462 1.2877202 1.2136583 1.2260226 1.2343192 1.2013599 1.3084843 1.2250210 1.2426411 1.2324525 1.2417473 1.2177494 1.2115797 1.2346891 1.2184690 1.2432463 1.1872820 1.2376565 1.2120207 1.1894006 1.1209527 1.2211574 1.1456924 1.0758233 1.1056837 1.0912156 1.1392631 1.0319624 1.0885230 1.0276306 1.1744819 1.0414991 0.9462676 1.0317188 0.9698374 0.9939939 1.0123744 0.9139244 0.9651975 0.9273825 0.9655031 0.7035634 1.1038578 1.0504684 1.0021998 0.9546313 0.9805725 0.9522303 0.9643583 0.9549996 0.9357991 0.8896269 0.8917810 0.8667798 0.8036527 0.8284200 0.8669500 0.7934745 0.8513454 0.8196190 0.8469739 0.8329677 2.9637560 2.2669691 2.2657849 2.3043855 
C.GB.14.13659_1_48.3.MF109437          1.1797169 0.7279564 0.5324616 0.5138921 0.0000000 0.5561967 0.5014912 0.4722003 0.4921450 0.5013466 0.4722133 0.4737668 0.4253106 0.4807039 0.4385978 0.4612125 0.4873685 0.4632347 1.4507349 1.2967396 1.2634758 1.2532211 1.2348460 1.2231930 1.2300815 1.2727483 1.2676490 1.2095011 1.2044363 1.2362287 1.2453217 1.2325015 1.2348350 1.1389711 1.2039499 1.2268633 1.1908769 1.2015215 1.2044927 1.1238626 1.2391181 1.1868176 1.2280072 1.2193583 1.2059306 1.1792930 1.1808915 1.1748387 1.1931887 1.1616953 1.1559211 1.2000999 1.1848384 1.1320239 1.0840513 1.1491403 1.1223110 1.0204557 1.0780541 1.1071675 1.1173017 0.9996193 1.0664079 1.0191294 1.1408439 1.0393243 0.9103676 0.9854424 0.9518719 0.9731471 1.0199934 0.8758564 0.9206722 0.9153036 0.9172429 0.6981226 1.0906082 0.9935761 0.9467729 0.9130592 0.9492530 0.9268664 0.9389421 0.9223798 0.9019049 0.8733262 0.8328327 0.8339153 0.7861407 0.7980661 0.8338487 0.7772454 0.8163120 0.7744785 0.8284465 0.8015070 2.8570393 2.1976703 2.2268998 2.2759283 
C.SE.09.035ZA.MF373148                 1.1488463 0.7024468 0.5946930 0.5533953 0.5561967 0.0000000 0.4169985 0.4300469 0.4639867 0.4794383 0.4341838 0.4871567 0.4299991 0.4955927 0.4459476 0.4754933 0.4973189 0.4641575 1.5192427 1.2800461 1.2647682 1.2493440 1.2314193 1.2193194 1.2376715 1.2318806 1.2815469 1.1567132 1.2049893 1.2496353 1.2408412 1.2328938 1.2403452 1.1534262 1.1872496 1.2323519 1.1826424 1.1722242 1.1698252 1.1498553 1.2346797 1.1769498 1.2233527 1.1990323 1.1915348 1.1618921 1.1916203 1.1914664 1.1715836 1.1959994 1.1685858 1.1987608 1.1539418 1.1340272 1.0408855 1.1513685 1.0948664 1.0002522 1.0562182 1.0529391 1.0888274 0.9691129 1.0375438 0.9963925 1.0918787 1.0282895 0.8941300 0.9545935 0.9140780 0.9581293 0.9732067 0.8379507 0.8759850 0.8536928 0.8800496 0.6737242 1.0953100 0.9734800 0.9430489 0.9073494 0.9129924 0.8990096 0.9032861 0.8891196 0.8807171 0.8304840 0.8379297 0.8236758 0.7721738 0.7664923 0.8024514 0.7492564 0.7887183 0.7469243 0.7789165 0.7674389 2.9247808 2.1376163 2.1501978 2.2062684 
C.IL.99.99ET14.AY255825                1.1045465 0.6337300 0.5317300 0.5119729 0.5014912 0.4169985 0.0000000 0.3827737 0.4039402 0.4247206 0.3858160 0.4329220 0.3757974 0.4387151 0.3893363 0.4117278 0.4346306 0.4087632 1.4442026 1.1928155 1.1834204 1.1877242 1.1495269 1.1707958 1.1294709 1.1538404 1.2094764 1.1446437 1.1208495 1.1638812 1.1765800 1.1912353 1.1572987 1.0509542 1.1308051 1.1789216 1.1015955 1.1323784 1.0921996 1.0738184 1.1844694 1.0973152 1.1261519 1.1189467 1.1416790 1.0912320 1.1150555 1.1020170 1.1181323 1.0885498 1.0883108 1.1410401 1.0880828 1.0665934 1.0129501 1.0701887 1.0482375 0.9194019 0.9958982 0.9945979 1.0028949 0.9154503 0.9632942 0.9199191 1.0314641 0.9544965 0.8372403 0.9318006 0.8507079 0.8846170 0.9417868 0.8038772 0.8321374 0.8112935 0.8284982 0.6034483 1.0459835 0.9667593 0.9146133 0.8608308 0.8872955 0.8668367 0.8806036 0.8418937 0.8544033 0.7682981 0.7591717 0.7747604 0.7126087 0.7205274 0.7450731 0.6987945 0.7310465 0.6928552 0.7295523 0.7207678 2.6948281 2.0987635 2.0421745 2.1049068 
C.ZA.03.03ZAPS067MB2.DQ396389          1.0877226 0.6408774 0.5123195 0.4974324 0.4722003 0.4300469 0.3827737 0.0000000 0.3431761 0.3642321 0.3167938 0.3977165 0.3536580 0.4047823 0.3575938 0.3805065 0.4153525 0.3814681 1.4170447 1.1845986 1.2177677 1.1634909 1.1587954 1.1503926 1.1431038 1.1437689 1.2028633 1.1260461 1.1365508 1.1647736 1.1670225 1.1743509 1.1415597 1.0848729 1.1288172 1.1630568 1.1190079 1.0994128 1.1246330 1.0893348 1.1679360 1.1138807 1.1240910 1.1496596 1.1163329 1.0797249 1.1004201 1.0891218 1.1241490 1.1041905 1.0742192 1.1314075 1.1038761 1.0707253 0.9776024 1.0409922 1.0132348 0.9200892 0.9909475 1.0020149 1.0207134 0.8907547 0.9773993 0.9249953 1.0529508 0.9516594 0.8344883 0.8959180 0.8642442 0.8831144 0.9150305 0.7949875 0.8360649 0.8068562 0.7950864 0.5939440 1.0187278 0.9297747 0.8794491 0.8462973 0.8548761 0.8381977 0.8479364 0.8262578 0.8222653 0.7758240 0.7710956 0.7528698 0.6880809 0.7041215 0.7539349 0.6781084 0.7122776 0.6894706 0.7139225 0.6956041 2.6574575 2.0272720 2.0563412 2.1848467 
C.ZA.04.04ZASK170B1.DQ093595           1.0974840 0.6295295 0.5268954 0.5086882 0.4921450 0.4639867 0.4039402 0.3431761 0.0000000 0.3431705 0.3081843 0.4247922 0.3717738 0.4195044 0.3823968 0.3970940 0.4383457 0.4054291 1.4325163 1.1841669 1.2089270 1.2079928 1.1476260 1.1703660 1.1673879 1.2017510 1.2513585 1.1545289 1.1642660 1.1933179 1.1755732 1.2014069 1.1698549 1.0897274 1.1385795 1.2106432 1.1603296 1.1478538 1.1400142 1.1167731 1.2216825 1.1282810 1.1884100 1.1512666 1.1728374 1.1166187 1.1371460 1.1710542 1.1710081 1.1478944 1.1219744 1.1646514 1.1370332 1.1236479 1.0298546 1.0690963 1.0398378 0.9629744 0.9973493 0.9962524 1.0283404 0.9146853 0.9790905 0.9046789 1.0451561 0.9514076 0.8314364 0.9000696 0.8689636 0.9033177 0.9260438 0.8236287 0.8361019 0.8204401 0.8309171 0.6015387 1.0053540 0.9419476 0.8893653 0.8253076 0.8675258 0.8701773 0.8656521 0.8345003 0.8537433 0.7945152 0.7568873 0.7508408 0.7166139 0.7064273 0.7587997 0.7159092 0.7413238 0.7041812 0.7182596 0.7143547 2.7697505 2.1012206 2.0668789 2.1984415 
C.TZ.02.CO6721.AY734560                1.1272364 0.6627350 0.5244400 0.5324737 0.5013466 0.4794383 0.4247206 0.3642321 0.3431705 0.0000000 0.2609721 0.4410092 0.3791393 0.4431813 0.3999015 0.4228266 0.4578341 0.4265367 1.4317425 1.2224787 1.2183646 1.2304784 1.1841892 1.1606169 1.1889082 1.1722634 1.2558581 1.1614097 1.1596928 1.1886657 1.2242659 1.2113999 1.1835075 1.0847681 1.1576029 1.1715533 1.1465932 1.1377275 1.1273977 1.1212459 1.2110900 1.1452095 1.1661178 1.1669629 1.1510800 1.1337839 1.1308970 1.1614099 1.1418622 1.1245749 1.1314104 1.1625493 1.1200405 1.1146220 1.0462739 1.1218774 1.0544586 0.9715346 1.0391845 1.0442583 1.0722431 0.9571944 0.9948249 0.9401898 1.0906846 0.9727203 0.8523868 0.9420394 0.8664795 0.9202446 0.9385831 0.8531341 0.8687374 0.8568766 0.8600816 0.6277951 1.0314146 0.9590505 0.9084795 0.8712554 0.8847418 0.8622316 0.8873503 0.8504092 0.8602552 0.8067598 0.7865171 0.8002443 0.7506647 0.7360813 0.7856295 0.7294736 0.7395747 0.7207620 0.7484144 0.7245785 2.7856528 2.1137114 2.1321124 2.2093022 
C.TZ.01.BD39_8.AY253313                1.1115613 0.6231372 0.5095657 0.4924391 0.4722133 0.4341838 0.3858160 0.3167938 0.3081843 0.2609721 0.0000000 0.4024589 0.3529773 0.4095413 0.3650339 0.3772723 0.4183863 0.3919808 1.4114791 1.1837512 1.2199201 1.1832405 1.1564265 1.1614320 1.1565256 1.1574239 1.2010694 1.1324725 1.1721366 1.1661400 1.1783305 1.1791833 1.1560467 1.0929897 1.1552428 1.1777359 1.1252062 1.1295024 1.1035056 1.0825974 1.1725997 1.1216789 1.1604978 1.1320373 1.1308849 1.1063889 1.1033473 1.1332522 1.1160011 1.1005354 1.0838640 1.1427140 1.1151793 1.1034464 1.0237851 1.1061495 1.0416640 0.9279853 1.0031552 1.0091370 1.0633342 0.9390944 0.9949044 0.9012791 1.0560983 0.9648144 0.8313269 0.8977261 0.8590720 0.8860192 0.8986760 0.7845378 0.8258022 0.8172040 0.8211719 0.6074327 0.9929646 0.9435350 0.8841953 0.8350462 0.8645605 0.8436164 0.8582374 0.8391529 0.8358506 0.7813134 0.7608345 0.7529786 0.7196390 0.6926844 0.7538507 0.6838987 0.7273713 0.7068513 0.7176003 0.7106202 2.7228854 2.0990122 2.1008874 2.1914670 
C.BW.98.98BWMC14A3.AF443078            1.1475065 0.6648675 0.4984866 0.4801375 0.4737668 0.4871567 0.4329220 0.3977165 0.4247922 0.4410092 0.4024589 0.0000000 0.3493034 0.3908970 0.3457925 0.3544174 0.3985120 0.3638743 1.4657415 1.2376150 1.2278302 1.2578179 1.2031704 1.2065150 1.2006868 1.2123123 1.2632667 1.2049981 1.1700756 1.1961421 1.2271618 1.2223960 1.1993342 1.1008422 1.1710364 1.1776181 1.1527714 1.1761783 1.1542927 1.1413122 1.2296299 1.1555356 1.1848498 1.1705271 1.1510380 1.1450689 1.1349138 1.1729847 1.1788258 1.1657038 1.1362098 1.1675176 1.1576100 1.1315733 1.0274873 1.1233352 1.0909755 0.9732757 1.0560728 1.0321252 1.0688840 0.9605694 1.0054214 0.9884575 1.0910715 0.9963401 0.8823302 0.9399743 0.9055214 0.9318603 0.9435708 0.8390595 0.8909666 0.8712912 0.8692567 0.6387642 1.0558357 0.9757946 0.9203056 0.8693506 0.9056131 0.8829535 0.8974714 0.8715211 0.8721213 0.8204333 0.8003802 0.8107706 0.7478004 0.7296464 0.7886776 0.7246829 0.7478799 0.7150310 0.7580927 0.7333238 2.8195448 2.1784692 2.2115668 2.2214261 
C.BW.00.00BW076820.AF443089            1.0508031 0.5947448 0.4459414 0.4388018 0.4253106 0.4299991 0.3757974 0.3536580 0.3717738 0.3791393 0.3529773 0.3493034 0.0000000 0.3528533 0.3027860 0.3291261 0.3593572 0.3359005 1.3843227 1.1828459 1.2030648 1.1693572 1.1566783 1.1478856 1.1313262 1.1606484 1.1958960 1.1310241 1.1349981 1.1696295 1.1815225 1.1711561 1.1391461 1.0558594 1.1392658 1.1467735 1.0807674 1.1050377 1.1099353 1.0715382 1.1852420 1.0872283 1.1254518 1.1404527 1.1105199 1.1046686 1.0843537 1.1254921 1.1176776 1.0914971 1.0612817 1.1195874 1.0863445 1.0665747 0.9689347 1.0516439 1.0331558 0.9026768 0.9829429 0.9595073 0.9695281 0.8794527 0.9132968 0.8706272 1.0255696 0.9344181 0.8023487 0.8832312 0.8221479 0.8537397 0.8870479 0.7849163 0.8100529 0.7947764 0.8137610 0.5747053 1.0099015 0.9159631 0.8509258 0.8153410 0.8443829 0.8336976 0.8586582 0.8329686 0.8182840 0.7585182 0.7561669 0.7208385 0.6611516 0.6786379 0.7364760 0.6889352 0.7142708 0.6784669 0.7139582 0.6909187 2.6156119 2.0926723 2.1242833 2.1977223 
C.ZA.02.02ZAPS015MB1.DQ369995          1.1354449 0.6685539 0.5192041 0.4871832 0.4807039 0.4955927 0.4387151 0.4047823 0.4195044 0.4431813 0.4095413 0.3908970 0.3528533 0.0000000 0.2897488 0.3745697 0.4031311 0.3861946 1.4288287 1.2253518 1.2350352 1.2124604 1.1986276 1.1975346 1.1914010 1.1776518 1.2551927 1.2022056 1.1795198 1.2109731 1.2151846 1.2328664 1.1851524 1.0975934 1.1883503 1.1869220 1.1789623 1.1581027 1.1457903 1.1210767 1.2369824 1.1522968 1.1606794 1.1823129 1.1724022 1.1496710 1.1439320 1.1650904 1.1671199 1.1375914 1.1259051 1.1654530 1.1511734 1.1194832 1.0296735 1.1032079 1.0949150 0.9684675 1.0354244 1.0336510 1.0566049 0.9611434 1.0095991 0.9699829 1.1058549 1.0019417 0.8666198 0.9296029 0.8928777 0.9097912 0.9632432 0.8522182 0.8823422 0.8235520 0.8657688 0.6398413 1.0548697 0.9715440 0.9389641 0.8751490 0.9102537 0.8916892 0.8883530 0.8703604 0.8666466 0.8071106 0.8166484 0.8046888 0.7354066 0.7496523 0.7869348 0.7180566 0.7651448 0.7190951 0.7653065 0.7329900 2.8935027 2.2073288 2.2035318 2.2290985 
C.ZA.99.99ZALT4.EU293444               1.1121079 0.6272322 0.4641724 0.4502083 0.4385978 0.4459476 0.3893363 0.3575938 0.3823968 0.3999015 0.3650339 0.3457925 0.3027860 0.2897488 0.0000000 0.3261579 0.3501833 0.3356585 1.4392662 1.1893810 1.1882793 1.2043959 1.1427581 1.1535549 1.1505606 1.1616151 1.2120075 1.1672293 1.1864892 1.1577491 1.1951780 1.1888533 1.1786333 1.0850079 1.1292935 1.1371532 1.1100559 1.1384582 1.1287781 1.0863029 1.1818926 1.1280701 1.1354855 1.1653260 1.1402131 1.1007989 1.0989614 1.1351007 1.1301546 1.1077098 1.0878512 1.1212556 1.0969788 1.0836247 1.0023665 1.0747076 1.0493032 0.9378331 0.9904973 1.0055059 1.0225340 0.9308849 0.9723200 0.9213728 1.0694775 0.9469172 0.8398631 0.9137140 0.8898524 0.8809750 0.9182461 0.7978113 0.8490918 0.8192775 0.8270285 0.5922138 0.9909164 0.9285116 0.8860757 0.8381831 0.8609413 0.8349008 0.8505772 0.8329548 0.8242833 0.7835547 0.7638450 0.7729851 0.7140108 0.7114831 0.7548955 0.6929438 0.7391423 0.6842203 0.7128952 0.7092741 2.8368809 2.1554383 2.1291834 2.1870577 
C.ZA.04.04ZASK135B1.DQ011166           1.1239881 0.6519269 0.4874527 0.4675756 0.4612125 0.4754933 0.4117278 0.3805065 0.3970940 0.4228266 0.3772723 0.3544174 0.3291261 0.3745697 0.3261579 0.0000000 0.3413084 0.3199612 1.4517399 1.1993406 1.2320665 1.2083599 1.1851596 1.1731056 1.1745557 1.2084369 1.2349106 1.1859250 1.1682245 1.1892793 1.2216935 1.2051019 1.1823636 1.0975003 1.1381982 1.1705853 1.1601070 1.1530809 1.1223423 1.1138844 1.2515393 1.1605186 1.1709514 1.1534958 1.1321262 1.1374847 1.1465507 1.1229832 1.1458898 1.1232279 1.1350815 1.1577441 1.1144515 1.0828740 1.0137083 1.0996487 1.0619968 0.9622507 1.0089821 1.0432909 1.0527503 0.9439204 0.9676989 0.9414224 1.0822215 0.9710878 0.8498715 0.8914200 0.8688793 0.8829765 0.9285214 0.8199257 0.8484192 0.8366438 0.8585819 0.6181541 1.0408879 0.9409241 0.8933758 0.8661010 0.8889990 0.8671186 0.8743179 0.8572847 0.8538020 0.7924427 0.7831022 0.7838117 0.7207569 0.7198112 0.7726527 0.7032712 0.7610636 0.7121610 0.7401046 0.7236628 2.7830693 2.1397828 2.1549745 2.2361995 
C.ZA.97.97ZA012.AF286227               1.1454874 0.6731116 0.5118511 0.4797491 0.4873685 0.4973189 0.4346306 0.4153525 0.4383457 0.4578341 0.4183863 0.3985120 0.3593572 0.4031311 0.3501833 0.3413084 0.0000000 0.2917732 1.4795785 1.2373154 1.2579402 1.2426880 1.1956957 1.2115034 1.1991868 1.2112368 1.2671932 1.2080756 1.1829105 1.2100944 1.2215938 1.2092907 1.1889344 1.1285343 1.1688884 1.2024675 1.1655744 1.1747304 1.1419501 1.1284395 1.2093719 1.1580430 1.1620225 1.1984734 1.1561008 1.1364227 1.1490883 1.1466738 1.1406227 1.1629196 1.1347689 1.1610946 1.1731809 1.1202344 1.0336139 1.1193677 1.0901308 0.9804320 1.0469338 1.0349166 1.0578321 0.9360722 1.0121854 0.9503673 1.1107464 1.0186747 0.8608328 0.9467553 0.9003514 0.9078221 0.9449161 0.8493032 0.8798598 0.8668809 0.8815780 0.6341186 1.0770700 0.9905922 0.9240388 0.8868239 0.9117751 0.8944272 0.8999293 0.8843723 0.8881797 0.8110817 0.8188150 0.8044520 0.7413769 0.7340943 0.7741828 0.7432384 0.7808649 0.7290970 0.7674216 0.7410133 2.8265328 2.1167617 2.1570738 2.2065899 
C.ZA.03.03ZAPS130MB1.DQ275658          1.1161073 0.6554148 0.4951186 0.4741635 0.4632347 0.4641575 0.4087632 0.3814681 0.4054291 0.4265367 0.3919808 0.3638743 0.3359005 0.3861946 0.3356585 0.3199612 0.2917732 0.0000000 1.4909318 1.2148408 1.2433613 1.2118055 1.1843485 1.1717665 1.1958582 1.2141414 1.2600243 1.1847950 1.1787138 1.2033440 1.2032735 1.1994470 1.1884395 1.1134748 1.1557161 1.2048494 1.1580702 1.1575658 1.1524618 1.1294154 1.2153845 1.1375444 1.1574367 1.1536398 1.1530943 1.1340986 1.1181230 1.1421886 1.1420093 1.1467897 1.1206559 1.1567289 1.1435141 1.1166852 1.0050801 1.0786651 1.0528171 0.9519048 1.0019501 1.0444758 1.0267655 0.9366700 0.9694607 0.9489410 1.0847515 0.9765326 0.8423019 0.9203261 0.8822281 0.8780436 0.9277342 0.8406374 0.8450364 0.8318437 0.8506266 0.6212268 1.0147218 0.9432779 0.8908043 0.8552959 0.8585871 0.8660404 0.8767845 0.8497898 0.8547525 0.8027952 0.8046915 0.7632355 0.7273371 0.7177669 0.7769156 0.7120015 0.7394714 0.7074597 0.7304144 0.7317430 2.7213424 2.0741816 2.2015406 2.2232913 
BF1.BR.10.10BR_RJ029.KT427782          1.1767981 1.4689158 1.5656692 1.5086020 1.4507349 1.5192427 1.4442026 1.4170447 1.4325163 1.4317425 1.4114791 1.4657415 1.3843227 1.4288287 1.4392662 1.4517399 1.4795785 1.4909318 0.0000000 0.6493945 0.7480327 0.6467562 0.7179515 0.6412525 0.6968723 0.6056308 0.7577136 0.6920818 0.6837519 0.7355826 0.7194522 0.7049816 0.7165303 0.6774218 0.6678255 0.7323523 0.6875669 0.5969975 0.6449061 0.6177606 0.7239315 0.6225971 0.7195942 0.7072008 0.6874007 0.6753807 0.6799610 0.6885847 0.7116343 0.6666935 0.6829424 0.6860587 0.6630558 0.6367754 0.8795176 0.8983942 0.8569358 1.0821987 1.3320101 1.2239568 1.2747937 1.1721192 1.2005382 1.1896984 1.3845914 1.3226134 1.0897789 1.1367205 1.1140374 1.1449305 1.1642257 1.0671048 1.0727441 1.0687176 1.0806668 1.1562113 1.3828931 1.3037684 1.2435630 1.2242642 1.2468719 1.2074056 1.2112873 1.2003251 1.1767507 1.0484183 1.1616976 1.1314600 1.1440219 1.1125722 1.1703594 1.1312912 1.1927535 1.0989552 1.1864955 1.1549885 3.1987615 2.3904819 2.3472866 2.4311447 
BF1.BR.10.10BR_MG052.KT427668          0.9987409 1.1952317 1.3528274 1.2773843 1.2967396 1.2800461 1.1928155 1.1845986 1.1841669 1.2224787 1.1837512 1.2376150 1.1828459 1.2253518 1.1893810 1.1993406 1.2373154 1.2148408 0.6493945 0.0000000 0.5307729 0.4488174 0.5009954 0.4243208 0.4869234 0.4062342 0.5489045 0.4870949 0.4794697 0.5340801 0.4983823 0.4785492 0.4848497 0.4642263 0.4762422 0.5223337 0.4753646 0.3853440 0.4225598 0.4018603 0.5269474 0.4217221 0.4975610 0.4870394 0.4817357 0.4477810 0.4675193 0.4804702 0.4714147 0.4657816 0.4629414 0.4679579 0.4633253 0.4176696 0.6508509 0.6645077 0.6579928 0.8564236 1.0321866 1.0591306 1.0633650 0.9712628 1.0182677 0.9820994 1.2367541 1.1638438 0.8590967 0.9253319 0.8812161 0.9365438 0.9667908 0.8661242 0.8934654 0.8653792 0.8841304 0.9524808 1.1855267 1.1110749 1.0392705 1.0027277 1.0635072 1.0343288 1.0459026 1.0089552 0.9941092 0.8601877 0.9144841 0.9179173 0.9401614 0.9050008 0.9516062 0.9124099 0.9519195 0.8821781 0.9494692 0.9086879 2.9411564 2.1449157 2.2055919 2.2439547 
51_01B.MY.11.11MYKL055.KJ485697        0.9517205 1.2742851 1.3142776 1.3067231 1.2634758 1.2647682 1.1834204 1.2177677 1.2089270 1.2183646 1.2199201 1.2278302 1.2030648 1.2350352 1.1882793 1.2320665 1.2579402 1.2433613 0.7480327 0.5307729 0.0000000 0.5077967 0.4786870 0.5012564 0.4660858 0.5013656 0.4967843 0.4762414 0.4600473 0.4793624 0.4819395 0.4740671 0.4827314 0.4614971 0.4624571 0.4860982 0.4530747 0.4672527 0.4563182 0.4438924 0.4722961 0.4381877 0.4594838 0.4609125 0.4373334 0.4269280 0.4370032 0.4358455 0.4335458 0.4152499 0.4203993 0.4384304 0.4191075 0.3913509 0.6727850 0.6763460 0.6594048 0.8658917 1.0463380 1.0403909 1.0327496 0.9336855 0.9759247 0.9097875 1.1857637 1.1310526 0.8814219 0.8919048 0.8953541 0.9176233 0.9328489 0.8521889 0.8807166 0.8427882 0.8424620 0.9518916 1.1593399 1.1192669 1.0095944 0.9845352 0.9997605 1.0098468 0.9908701 0.9566197 0.9713150 0.8338365 0.8847796 0.9042287 0.9400492 0.8628381 0.9200740 0.8987474 0.9345360 0.8806403 0.9362341 0.9199908 2.9677786 2.1392862 2.1671039 2.2380976 
B.GB.14.14667_1_16.3.MF109578          0.9399279 1.2248355 1.3074600 1.2988089 1.2532211 1.2493440 1.1877242 1.1634909 1.2079928 1.2304784 1.1832405 1.2578179 1.1693572 1.2124604 1.2043959 1.2083599 1.2426880 1.2118055 0.6467562 0.4488174 0.5077967 0.0000000 0.4717212 0.4102828 0.4757812 0.4223772 0.5294613 0.4643372 0.4697531 0.5038073 0.4811822 0.4701289 0.4641845 0.4526250 0.4611234 0.5058642 0.4475857 0.3824832 0.3864798 0.3883381 0.5037510 0.3952600 0.4841305 0.4681088 0.4586457 0.4371900 0.4461155 0.4584896 0.4520905 0.4336197 0.4349582 0.4512640 0.4308445 0.4001057 0.6252645 0.6626301 0.6187718 0.8299312 1.0422860 1.0227195 1.0238260 0.9214477 0.9763097 0.9556896 1.2072595 1.1388590 0.8446138 0.8940184 0.8833348 0.9311581 0.9780349 0.8365744 0.8755916 0.8419144 0.8590610 0.9661329 1.1680473 1.1075369 1.0538175 1.0035697 1.0220929 1.0340600 1.0318158 0.9850269 0.9903345 0.8336642 0.9168160 0.8919863 0.9287415 0.8572071 0.9317520 0.8755803 0.9535768 0.8944584 0.8999235 0.9034113 2.9498777 2.1325698 2.1571834 2.1966928 
B.JP.11.NMC851C_clone_13.AB731669      0.9405818 1.2052216 1.2932540 1.2570804 1.2348460 1.2314193 1.1495269 1.1587954 1.1476260 1.1841892 1.1564265 1.2031704 1.1566783 1.1986276 1.1427581 1.1851596 1.1956957 1.1843485 0.7179515 0.5009954 0.4786870 0.4717212 0.0000000 0.4655138 0.4299832 0.4797490 0.4736630 0.4429018 0.4295833 0.4727240 0.4492023 0.4328640 0.4473170 0.4213226 0.4162620 0.4594158 0.4221329 0.4438136 0.4127737 0.3976765 0.4532938 0.4003836 0.4300179 0.4413824 0.3989785 0.3940231 0.4019323 0.4130476 0.4096234 0.3937345 0.3999804 0.4000247 0.3902104 0.3602534 0.6186578 0.6491628 0.6171207 0.8295827 1.0433712 1.0110060 1.0331503 0.9315955 0.9788139 0.9215706 1.1880381 1.1129476 0.8303777 0.8809855 0.8769999 0.9022103 0.9309945 0.8496827 0.8551223 0.8373562 0.8400244 0.9417260 1.1302636 1.0757302 1.0065720 0.9783867 1.0097075 1.0003402 0.9953021 0.9599287 0.9543560 0.7988172 0.8870024 0.8886221 0.9082544 0.8399790 0.9322026 0.8752977 0.9152049 0.8601639 0.9000492 0.8975793 2.8388980 2.2105061 2.1304075 2.1721904 
B.BR.10.10BR_PE013.KT427743            0.9544273 1.1861565 1.3337507 1.2572442 1.2231930 1.2193194 1.1707958 1.1503926 1.1703660 1.1606169 1.1614320 1.2065150 1.1478856 1.1975346 1.1535549 1.1731056 1.2115034 1.1717665 0.6412525 0.4243208 0.5012564 0.4102828 0.4655138 0.0000000 0.4448002 0.3988568 0.5164274 0.4513562 0.4527414 0.4857970 0.4664368 0.4533890 0.4596297 0.4216079 0.4373149 0.4874683 0.4405782 0.3620569 0.3783446 0.3646615 0.4853401 0.3847246 0.4603938 0.4558522 0.4503156 0.4253531 0.4214456 0.4522710 0.4427268 0.4333256 0.4328039 0.4433753 0.4213053 0.3820616 0.6151613 0.6515838 0.6250083 0.7967245 1.0309214 1.0277783 1.0123193 0.9117816 0.9701580 0.9158952 1.1768042 1.1048991 0.8406719 0.8807227 0.8803203 0.8976348 0.9300914 0.8221663 0.8414851 0.8256313 0.8418097 0.9511682 1.1063422 1.0617315 0.9857406 0.9424710 1.0087873 0.9715024 0.9832893 0.9636332 0.9608537 0.8029667 0.8917300 0.8824916 0.9038666 0.8509076 0.9032644 0.8753142 0.9065675 0.8574122 0.9231843 0.8907125 2.7851620 2.1175382 2.1768720 2.2013369 
B.CY.08.CY224.JF683773                 0.9038853 1.1760387 1.2783911 1.2453718 1.2300815 1.2376715 1.1294709 1.1431038 1.1673879 1.1889082 1.1565256 1.2006868 1.1313262 1.1914010 1.1505606 1.1745557 1.1991868 1.1958582 0.6968723 0.4869234 0.4660858 0.4757812 0.4299832 0.4448002 0.0000000 0.4562636 0.4783879 0.3884372 0.3994441 0.4621955 0.4021195 0.3911547 0.3958527 0.4099940 0.3793311 0.4560830 0.4023034 0.4232922 0.4002878 0.3798799 0.4371572 0.3880381 0.4283317 0.4239719 0.4023480 0.3910418 0.3978047 0.4203656 0.4162936 0.3951164 0.3865337 0.4085932 0.3894359 0.3541310 0.5961181 0.6105021 0.5928241 0.7872484 1.0131404 0.9926455 0.9752052 0.9053093 0.9281622 0.8911812 1.1620612 1.0591670 0.8066375 0.8580432 0.8303523 0.8785840 0.9131568 0.7950023 0.8020416 0.7819796 0.8023281 0.9032512 1.1193445 1.0512142 0.9801750 0.9679395 0.9932736 0.9565055 0.9692735 0.9396186 0.9498295 0.7849484 0.8591297 0.8529358 0.8876679 0.8294834 0.8811579 0.8439706 0.9179803 0.8400050 0.8872985 0.8752836 2.8434584 2.0763266 2.1243920 2.1916147 
BF1.BR.00.BREPM13853.DQ085875          0.9570977 1.1923782 1.2964941 1.2558113 1.2727483 1.2318806 1.1538404 1.1437689 1.2017510 1.1722634 1.1574239 1.2123123 1.1606484 1.1776518 1.1616151 1.2084369 1.2112368 1.2141414 0.6056308 0.4062342 0.5013656 0.4223772 0.4797490 0.3988568 0.4562636 0.0000000 0.5195811 0.4626906 0.4518986 0.4980670 0.4814617 0.4550345 0.4560919 0.4359244 0.4522707 0.4864135 0.4370628 0.3528087 0.3855022 0.3677355 0.4688402 0.3811740 0.4623439 0.4737744 0.4474457 0.4354508 0.4387353 0.4382789 0.4553420 0.4377387 0.4340078 0.4514161 0.4323009 0.3930296 0.6401595 0.6605255 0.6232974 0.7802747 1.0176192 1.0178169 0.9934966 0.9414945 0.9671692 0.9229552 1.1617441 1.1119166 0.8539117 0.8893504 0.8410550 0.8941237 0.9258880 0.8256624 0.8636383 0.8310191 0.8105453 0.9265649 1.1583468 1.0709674 0.9934152 1.0015839 1.0135087 1.0183862 0.9861118 0.9435141 0.9694884 0.8084137 0.8762918 0.8822662 0.9007782 0.8482917 0.9183221 0.8885499 0.9353325 0.8778694 0.9101500 0.8902515 2.8212494 2.1109270 2.1133875 2.1765656 
B.US.15.2521.KX505446                  0.9794088 1.2558102 1.3719554 1.3354206 1.2676490 1.2815469 1.2094764 1.2028633 1.2513585 1.2558581 1.2010694 1.2632667 1.1958960 1.2551927 1.2120075 1.2349106 1.2671932 1.2600243 0.7577136 0.5489045 0.4967843 0.5294613 0.4736630 0.5164274 0.4783879 0.5195811 0.0000000 0.4773469 0.4891733 0.4568937 0.4913479 0.4865169 0.4922945 0.4767476 0.4722280 0.4510425 0.4774418 0.4834535 0.4574306 0.4485680 0.4237917 0.4566102 0.4393303 0.4304479 0.4107527 0.4018835 0.3957646 0.4012904 0.4122768 0.4064475 0.3980153 0.4153423 0.3974337 0.3524571 0.6664242 0.7042232 0.6579599 0.8432685 1.0948009 1.0498549 1.0779841 0.9949837 1.0195369 1.0062073 1.2196708 1.1907412 0.9053969 0.9439273 0.9087657 0.9583429 0.9852594 0.8813672 0.8914563 0.8789046 0.9065542 0.9904995 1.1963788 1.1128171 1.0512260 1.0089388 1.0319948 1.0313477 1.0249362 0.9881297 0.9909511 0.8689452 0.9304669 0.9338538 0.9629914 0.9268477 0.9726266 0.9262666 0.9885179 0.9344205 0.9471344 0.9306117 2.9657635 2.2123996 2.2770560 2.2924697 
B.JP.04.DR6174.AB480692                0.9224503 1.1822921 1.3126749 1.2310144 1.2095011 1.1567132 1.1446437 1.1260461 1.1545289 1.1614097 1.1324725 1.2049981 1.1310241 1.2022056 1.1672293 1.1859250 1.2080756 1.1847950 0.6920818 0.4870949 0.4762414 0.4643372 0.4429018 0.4513562 0.3884372 0.4626906 0.4773469 0.0000000 0.4013148 0.4541429 0.3928998 0.3875437 0.3881517 0.4106460 0.3704593 0.4619129 0.4171112 0.4228898 0.3913866 0.3823155 0.4487574 0.3895056 0.4217877 0.4294407 0.4024171 0.3838080 0.4055378 0.4055646 0.4168300 0.3925354 0.3924901 0.4008309 0.3990964 0.3493529 0.6112320 0.6435968 0.5976702 0.7888918 1.0071835 0.9781089 0.9971692 0.9091372 0.9211036 0.9118526 1.1367038 1.0992917 0.8275078 0.8650235 0.8579600 0.8877691 0.9254314 0.7888162 0.8374119 0.8153769 0.8306528 0.9037001 1.1393379 1.0606334 0.9920584 0.9623387 0.9802756 0.9635783 0.9752737 0.9523769 0.9520287 0.7870568 0.8560188 0.8640064 0.8832388 0.8251637 0.8813885 0.8585440 0.8926731 0.8422265 0.8793644 0.8854270 2.7787102 2.1517898 2.2080099 2.2648376 
B.TH.06.AA010a_WG3.JX446800            0.9082728 1.2019927 1.3065478 1.2721943 1.2044363 1.2049893 1.1208495 1.1365508 1.1642660 1.1596928 1.1721366 1.1700756 1.1349981 1.1795198 1.1864892 1.1682245 1.1829105 1.1787138 0.6837519 0.4794697 0.4600473 0.4697531 0.4295833 0.4527414 0.3994441 0.4518986 0.4891733 0.4013148 0.0000000 0.4665352 0.4235627 0.4023892 0.4067248 0.3999274 0.3828088 0.4507465 0.4097349 0.4141852 0.3951498 0.3940627 0.4444992 0.3794553 0.4386233 0.4230774 0.4024276 0.3865596 0.4066395 0.4051000 0.4109611 0.3801975 0.3909135 0.3975509 0.3870844 0.3474723 0.6093783 0.6253723 0.5851052 0.7898044 1.0106310 0.9794806 0.9759017 0.8971534 0.9489827 0.8978193 1.1179406 1.0591913 0.8235174 0.8459312 0.8479760 0.8908364 0.9447168 0.8190846 0.8310435 0.8149542 0.8279567 0.9127034 1.1294351 1.0247978 0.9616483 0.9384176 0.9620184 0.9726289 0.9690435 0.9153185 0.9425528 0.7867802 0.8593733 0.8597973 0.8821831 0.8361959 0.8887799 0.8524015 0.9123066 0.8521650 0.9020336 0.8724281 2.8631592 2.1007490 2.0932139 2.1813171 
B.GB.14.14535_1_7.3.MF109534           0.9736180 1.2181804 1.3421082 1.2529844 1.2362287 1.2496353 1.1638812 1.1647736 1.1933179 1.1886657 1.1661400 1.1961421 1.1696295 1.2109731 1.1577491 1.1892793 1.2100944 1.2033440 0.7355826 0.5340801 0.4793624 0.5038073 0.4727240 0.4857970 0.4621955 0.4980670 0.4568937 0.4541429 0.4665352 0.0000000 0.4781887 0.4637507 0.4747097 0.4577875 0.4502321 0.4257833 0.4548129 0.4507538 0.4373721 0.4332124 0.4230236 0.4287144 0.3925168 0.4105032 0.3980077 0.3575770 0.3601098 0.4033407 0.4071420 0.3888403 0.3817740 0.3998816 0.3792063 0.3468034 0.6549328 0.6729768 0.6485601 0.8291965 1.0755876 1.0282653 1.0574939 0.9740756 0.9931044 0.9639929 1.1966635 1.1254167 0.8950557 0.9097560 0.8896467 0.9268662 0.9729975 0.8541288 0.8917092 0.8627342 0.8732650 0.9621389 1.1436577 1.0817274 1.0469111 1.0070861 1.0212536 1.0031669 0.9926606 0.9784608 0.9802969 0.8354306 0.9011006 0.8911582 0.9019877 0.8899154 0.9153401 0.9079483 0.9492633 0.9135352 0.9245998 0.9144675 2.8941924 2.2330411 2.2154895 2.2445558 
B.CN.07.CBJC261.JF932474               0.9646909 1.1882894 1.3084009 1.2802301 1.2453217 1.2408412 1.1765800 1.1670225 1.1755732 1.2242659 1.1783305 1.2271618 1.1815225 1.2151846 1.1951780 1.2216935 1.2215938 1.2032735 0.7194522 0.4983823 0.4819395 0.4811822 0.4492023 0.4664368 0.4021195 0.4814617 0.4913479 0.3928998 0.4235627 0.4781887 0.0000000 0.1602544 0.1709418 0.4272429 0.3627959 0.4683809 0.4220903 0.4331694 0.4052942 0.4027938 0.4661301 0.4013691 0.4390806 0.4348369 0.4093675 0.4127715 0.4201884 0.4177238 0.4258167 0.3961729 0.4021567 0.4172404 0.4070164 0.3734881 0.6331353 0.6263201 0.6126238 0.8192706 1.0058961 1.0001553 1.0112913 0.9405094 0.9575280 0.9290312 1.1855736 1.1024984 0.8269715 0.8847717 0.8754826 0.9298141 0.9417870 0.8254611 0.8421419 0.8181027 0.8263483 0.9376518 1.1182678 1.0759724 0.9995398 0.9784050 1.0015161 0.9823178 0.9765859 0.9618363 0.9829961 0.8086156 0.8796742 0.8916213 0.9060123 0.8626117 0.9097667 0.8794445 0.9396506 0.8690184 0.9202195 0.8981659 2.8838722 2.1664614 2.1763539 2.2182126 
B.CN.01.CNHN24.AY180905                0.9519127 1.1984809 1.2929552 1.2703657 1.2325015 1.2328938 1.1912353 1.1743509 1.2014069 1.2113999 1.1791833 1.2223960 1.1711561 1.2328664 1.1888533 1.2051019 1.2092907 1.1994470 0.7049816 0.4785492 0.4740671 0.4701289 0.4328640 0.4533890 0.3911547 0.4550345 0.4865169 0.3875437 0.4023892 0.4637507 0.1602544 0.0000000 0.1583096 0.4123934 0.3491930 0.4660355 0.4153179 0.4261217 0.3983392 0.3949262 0.4524750 0.3907263 0.4311169 0.4298598 0.4005141 0.3926984 0.4029141 0.4200251 0.4161523 0.3903280 0.3949763 0.4073947 0.3982311 0.3597210 0.6183745 0.6203441 0.5948394 0.8006578 0.9945929 1.0010385 0.9926671 0.9270984 0.9249511 0.9312311 1.1518932 1.0763709 0.8161456 0.8664877 0.8568448 0.9083919 0.9252560 0.8025391 0.8579518 0.8278675 0.8252759 0.9241048 1.1332489 1.0691819 0.9953097 0.9635763 0.9917804 0.9845966 0.9689379 0.9467335 0.9745077 0.7905984 0.8757885 0.9005137 0.9084532 0.8392452 0.9181391 0.8609426 0.9346146 0.8824045 0.9265462 0.9024678 2.8353822 2.1566965 2.1981819 2.2545585 
B.CN.08.cbjc468.JF932498               0.9439229 1.1636661 1.2775801 1.2527274 1.2348350 1.2403452 1.1572987 1.1415597 1.1698549 1.1835075 1.1560467 1.1993342 1.1391461 1.1851524 1.1786333 1.1823636 1.1889344 1.1884395 0.7165303 0.4848497 0.4827314 0.4641845 0.4473170 0.4596297 0.3958527 0.4560919 0.4922945 0.3881517 0.4067248 0.4747097 0.1709418 0.1583096 0.0000000 0.4200579 0.3549917 0.4641132 0.4181145 0.4249265 0.4006276 0.3889112 0.4577409 0.3895749 0.4294100 0.4393484 0.3988703 0.4012557 0.4095594 0.4057367 0.4220582 0.3922653 0.3963508 0.4080340 0.4046366 0.3616815 0.6250497 0.6226526 0.5939945 0.8063597 1.0247105 1.0045630 1.0117222 0.9409242 0.9547630 0.9201609 1.1817575 1.0970230 0.8206525 0.8783209 0.8641500 0.9061803 0.9229282 0.7996188 0.8476503 0.8246922 0.8238251 0.9105372 1.1276135 1.0850072 1.0156113 0.9889992 1.0069662 0.9959415 0.9652225 0.9584542 0.9743207 0.8126777 0.8611660 0.8855901 0.9173362 0.8440555 0.9085677 0.8735693 0.9305798 0.8615077 0.9206362 0.8970828 2.8733608 2.1123264 2.1815950 2.2398867 
B.US.15.3693.KX505555                  0.8440521 1.1237581 1.2546263 1.1892087 1.1389711 1.1534262 1.0509542 1.0848729 1.0897274 1.0847681 1.0929897 1.1008422 1.0558594 1.0975934 1.0850079 1.0975003 1.1285343 1.1134748 0.6774218 0.4642263 0.4614971 0.4526250 0.4213226 0.4216079 0.4099940 0.4359244 0.4767476 0.4106460 0.3999274 0.4577875 0.4272429 0.4123934 0.4200579 0.0000000 0.4119574 0.4526130 0.3946080 0.4030574 0.3747415 0.3636120 0.4471322 0.3596895 0.4150682 0.4192798 0.3960749 0.3836068 0.3991214 0.4000137 0.4136140 0.3912313 0.3873766 0.4071971 0.3939883 0.3447636 0.5393776 0.5676124 0.5326404 0.7147836 0.9353430 0.9194423 0.9242648 0.8555804 0.8739955 0.8508853 1.0725306 1.0106698 0.7680376 0.8180826 0.7844854 0.8242273 0.8570636 0.7445220 0.7986844 0.7510374 0.7758594 0.8292615 1.0508506 0.9666883 0.9095535 0.8818448 0.9093111 0.9085668 0.8899745 0.8673245 0.8647294 0.7319007 0.7988334 0.7871836 0.8257670 0.7678739 0.8288608 0.7740880 0.8508889 0.7650099 0.8154882 0.7999631 2.7896776 2.0711383 2.1014673 2.1330167 
B.DE.10.iso4_w10.KU612900              0.8976208 1.1863770 1.2948230 1.2476462 1.2039499 1.1872496 1.1308051 1.1288172 1.1385795 1.1576029 1.1552428 1.1710364 1.1392658 1.1883503 1.1292935 1.1381982 1.1688884 1.1557161 0.6678255 0.4762422 0.4624571 0.4611234 0.4162620 0.4373149 0.3793311 0.4522707 0.4722280 0.3704593 0.3828088 0.4502321 0.3627959 0.3491930 0.3549917 0.4119574 0.0000000 0.4533801 0.4063855 0.4104627 0.3798548 0.3749479 0.4408417 0.3762861 0.4136336 0.4104268 0.3942302 0.3814125 0.3971862 0.4003308 0.4009496 0.3793764 0.3914732 0.3918818 0.3855359 0.3465143 0.6086542 0.6178486 0.5933093 0.8094372 1.0345067 0.9765769 0.9937065 0.9093663 0.9453881 0.9047767 1.1388282 1.0884169 0.8308897 0.8474134 0.8259777 0.8769064 0.8875758 0.7804723 0.8209690 0.7965817 0.8059715 0.8998642 1.1120466 1.0645432 0.9743939 0.9494993 0.9837042 0.9656533 0.9511262 0.9343966 0.9463415 0.7861917 0.8495930 0.8628832 0.8894488 0.8232301 0.8918057 0.8564246 0.9117595 0.8680563 0.9008916 0.8844407 2.8364701 2.1185183 2.1864617 2.2322396 
B.ES.14.ARP1202.KT276262               0.9422941 1.2135440 1.3198132 1.2877202 1.2268633 1.2323519 1.1789216 1.1630568 1.2106432 1.1715533 1.1777359 1.1776181 1.1467735 1.1869220 1.1371532 1.1705853 1.2024675 1.2048494 0.7323523 0.5223337 0.4860982 0.5058642 0.4594158 0.4874683 0.4560830 0.4864135 0.4510425 0.4619129 0.4507465 0.4257833 0.4683809 0.4660355 0.4641132 0.4526130 0.4533801 0.0000000 0.4508807 0.4518153 0.4356623 0.4181560 0.4241928 0.4213379 0.3985401 0.4109743 0.3866792 0.3541687 0.3671269 0.3812153 0.3891064 0.3756399 0.3675298 0.3884803 0.3754640 0.3374507 0.6546365 0.6587499 0.6284598 0.8002672 1.0642977 1.0134260 0.9999998 0.9442257 0.9729748 0.9426252 1.1835833 1.1200085 0.8734812 0.9212159 0.8827911 0.9163136 0.9463393 0.8395613 0.8696150 0.8478877 0.8625731 0.9629811 1.1655408 1.0924907 1.0280165 0.9781953 1.0133749 1.0188313 1.0155629 0.9563235 0.9596762 0.8286840 0.9014740 0.8809139 0.9261543 0.8680237 0.9374785 0.8938588 0.9485223 0.8855461 0.9139255 0.9194434 2.9069764 2.1006579 2.1777633 2.2164823 
B.BR.10.10BR_PE101.KT427697            0.8991746 1.1650834 1.2515551 1.2136583 1.1908769 1.1826424 1.1015955 1.1190079 1.1603296 1.1465932 1.1252062 1.1527714 1.0807674 1.1789623 1.1100559 1.1601070 1.1655744 1.1580702 0.6875669 0.4753646 0.4530747 0.4475857 0.4221329 0.4405782 0.4023034 0.4370628 0.4774418 0.4171112 0.4097349 0.4548129 0.4220903 0.4153179 0.4181145 0.3946080 0.4063855 0.4508807 0.0000000 0.3964138 0.3772843 0.3716011 0.4395112 0.3654017 0.4192414 0.4202374 0.3918791 0.3812673 0.3884702 0.3849971 0.4046715 0.3867504 0.3803908 0.3959554 0.3899129 0.3398349 0.5965671 0.5927007 0.5818238 0.7758380 1.0036873 0.9503266 0.9650292 0.8974996 0.9225783 0.8894683 1.1669605 1.0730719 0.8070852 0.8698650 0.8263469 0.8737675 0.8808265 0.7708875 0.8171837 0.7776460 0.7952394 0.8854591 1.1056930 1.0543430 0.9629860 0.9283718 0.9665004 0.9728788 0.9648357 0.9285427 0.9309626 0.7921877 0.8520389 0.8638402 0.8738087 0.8136307 0.8711292 0.8588642 0.9049097 0.8417236 0.8735658 0.8687879 2.8100643 2.1153566 2.1821093 2.2192768 
B.BR.02.02BR2041.JN692443              0.9241981 1.1605075 1.2557154 1.2260226 1.2015215 1.1722242 1.1323784 1.0994128 1.1478538 1.1377275 1.1295024 1.1761783 1.1050377 1.1581027 1.1384582 1.1530809 1.1747304 1.1575658 0.5969975 0.3853440 0.4672527 0.3824832 0.4438136 0.3620569 0.4232922 0.3528087 0.4834535 0.4228898 0.4141852 0.4507538 0.4331694 0.4261217 0.4249265 0.4030574 0.4104627 0.4518153 0.3964138 0.0000000 0.3361742 0.3302055 0.4530549 0.3461175 0.4358970 0.4270077 0.4057534 0.3895268 0.4122899 0.4023507 0.4107019 0.3995774 0.3925805 0.4118813 0.3909912 0.3627846 0.5873870 0.6205985 0.5904242 0.7812897 0.9871329 0.9795707 0.9772265 0.8768602 0.9100611 0.9082971 1.1570527 1.0863542 0.8011764 0.8411068 0.8273079 0.8580658 0.9029630 0.7955741 0.8263615 0.8054155 0.8081263 0.8877527 1.1457671 1.0637716 0.9813356 0.9636147 0.9872257 0.9998147 0.9669213 0.9536975 0.9437635 0.7784204 0.8778781 0.8403339 0.8924838 0.8232102 0.8906854 0.8391971 0.9045705 0.8423484 0.8746803 0.8573814 2.8345486 2.0996868 2.1469981 2.1883613 
