100
02A1.GH.97.97GH_AG2.AB052867           0.0000000 0.3555253 0.4395512 0.5248515 0.5778133 0.5980366 0.6372934 0.5244192 0.5320482 0.5519415 0.5596673 0.5162226 0.5207049 0.5829580 0.8428147 0.8262638 0.8692748 0.8481975 0.8596477 0.8530738 0.8392927 0.8146379 0.8794366 0.9070706 0.9629033 0.9411660 0.8193912 0.8454370 0.8204365 0.7916742 0.8109337 0.5664353 0.5901400 0.5825748 0.6209623 0.7768919 0.6142779 0.6177014 0.7020330 0.6175646 0.6431896 0.7325408 0.7966854 0.5557403 0.5208105 0.4799728 0.4600278 0.7648744 0.7414759 0.7877320 0.8330862 0.8251877 0.8371522 0.8229255 0.7527049 0.7866162 0.7767536 0.7709781 0.8066551 0.7913306 0.7509717 0.7270646 0.7795783 0.8701516 0.7990085 0.7754149 0.7906114 0.7766825 0.7952908 0.8136812 0.7573884 0.7930567 0.7616054 0.7387486 0.7331880 0.8032935 1.0400331 0.8112037 0.7605606 0.7998389 0.8053522 0.7195310 0.7223040 0.7033197 0.6865753 0.6251590 0.7317847 0.6032369 0.4832643 0.4229009 0.3932195 0.5502768 0.3380710 0.3434027 0.3503067 0.4116510 1.7091383 1.7572115 1.7138202 2.4467339 
02A.CI.16.DEURF16CI011.MH078538        0.3555253 0.0000000 0.5059597 0.5896321 0.6469874 0.6715526 0.7014731 0.5710016 0.5808192 0.6014621 0.6033975 0.5818382 0.5665135 0.6431510 0.8850168 0.8817718 0.9349327 0.8912713 0.9000933 0.8992710 0.8807400 0.8715210 0.9071789 0.9516653 1.0149560 0.9913563 0.8720041 0.8969169 0.8833420 0.8598618 0.8651579 0.6167160 0.6553850 0.6479353 0.6926223 0.8507805 0.6828943 0.6861884 0.7708689 0.6783493 0.6996480 0.7826449 0.8545996 0.6051922 0.5796912 0.5571196 0.5162566 0.8098021 0.7918063 0.8437360 0.8932958 0.8625850 0.8692401 0.8751547 0.8083090 0.8275180 0.8285996 0.8192184 0.8556987 0.8333254 0.7935247 0.7558459 0.8395803 0.9102737 0.8589200 0.8409670 0.8507723 0.8187210 0.8547384 0.8684282 0.8063640 0.8305658 0.8219398 0.7746623 0.7802082 0.8618711 1.0693985 0.8423539 0.7999196 0.8355147 0.8511368 0.7721803 0.7758195 0.7545719 0.7345496 0.6733119 0.8195978 0.6494196 0.5537064 0.4765465 0.4525418 0.6169323 0.3943425 0.3879075 0.4140914 0.4746938 1.6871171 1.7921880 1.7871011 2.4926846 
AGU.CM.06.770_8.MH705142               0.4395512 0.5059597 0.0000000 0.5018093 0.5641814 0.5938897 0.6160140 0.5395200 0.5604684 0.5706723 0.5777309 0.5244118 0.5257815 0.6008432 0.8476474 0.8133259 0.8689245 0.8377271 0.8579727 0.8539900 0.8377710 0.8113802 0.8578771 0.9228592 0.9590695 0.9381489 0.8164404 0.8416378 0.8264477 0.8077153 0.8129801 0.5857629 0.6263756 0.6364667 0.6638321 0.8044237 0.6461574 0.6422077 0.7246902 0.6418786 0.6604827 0.7544806 0.8378008 0.5796815 0.5505974 0.5198749 0.4868221 0.7830127 0.7829245 0.8303755 0.8632789 0.8486217 0.8425805 0.8507945 0.7744080 0.8218992 0.8104401 0.7689029 0.8178759 0.8131052 0.7795810 0.7326239 0.8000498 0.8743342 0.8123396 0.7962655 0.8104291 0.7946552 0.8099822 0.8105792 0.7959734 0.8017386 0.7903827 0.7794477 0.7610700 0.8169209 1.0745837 0.8497973 0.8045638 0.8314113 0.8358624 0.7446402 0.7579830 0.7361070 0.6965347 0.6512612 0.7732173 0.6195156 0.5529219 0.5197864 0.4839695 0.6758000 0.4603387 0.4715072 0.4614099 0.5364354 1.7823639 1.8383704 1.8188734 2.5610597 
G.NG.92.92NG083_JV10832.U88826         0.5248515 0.5896321 0.5018093 0.0000000 0.3510794 0.3911124 0.4071146 0.6295014 0.6393835 0.6649735 0.6691183 0.6250432 0.6270254 0.6830792 0.9531602 0.9265357 1.0049376 0.9689556 0.9909004 0.9971653 0.9584474 0.9297081 0.9780190 1.0157278 1.0768126 1.0290675 0.9291508 0.9587841 0.9595053 0.9191958 0.9148068 0.6615689 0.6819303 0.6945913 0.7294016 0.8783885 0.7257018 0.7241679 0.8009522 0.7270995 0.7483166 0.8251969 0.9054001 0.6428668 0.6063201 0.5839437 0.5637522 0.8465952 0.8563453 0.8795815 0.9193504 0.9206856 0.9113306 0.9223590 0.8422797 0.8861077 0.8819174 0.8380919 0.8936944 0.8937812 0.8457814 0.8197125 0.8678246 0.9625523 0.8723372 0.8986447 0.8858651 0.8833880 0.8811854 0.9016294 0.8694960 0.8819377 0.8688917 0.8300718 0.8014761 0.8943152 1.1363695 0.8878898 0.8279700 0.8896821 0.9082563 0.8088609 0.8216744 0.7928611 0.7621617 0.7283874 0.8407882 0.7046953 0.6225266 0.5833303 0.5602911 0.7475262 0.5304447 0.5423327 0.5381629 0.6102044 1.9369634 1.9366605 1.8982234 2.5785441 
G.NG.09.09NG010261.KX389626            0.5778133 0.6469874 0.5641814 0.3510794 0.0000000 0.4616385 0.4771979 0.6873632 0.7028236 0.7287938 0.7138698 0.6813879 0.6844319 0.7495394 0.9795633 0.9821729 1.0586833 1.0316245 1.0260564 1.0530539 0.9969253 0.9980994 1.0399335 1.0589049 1.1436937 1.1206363 0.9723086 1.0191331 1.0021638 0.9826667 1.0007755 0.7234655 0.7663741 0.7852825 0.8116678 0.9646979 0.7824241 0.8070544 0.8701879 0.7949166 0.8260400 0.9261502 0.9782441 0.7109171 0.6742396 0.6417525 0.6306049 0.9270388 0.8958068 0.9402900 0.9735140 0.9653987 0.9671199 0.9735228 0.8964709 0.9496329 0.9208001 0.9113705 0.9589053 0.9407049 0.9062043 0.8585537 0.9158940 1.0242903 0.9371546 0.9164379 0.9488822 0.9428638 0.9162668 0.9575402 0.9107667 0.9156169 0.9251241 0.8937848 0.8642827 0.9486257 1.1574441 0.9424110 0.9024275 0.9326294 0.9498762 0.8684687 0.8583964 0.8346198 0.8302945 0.7854453 0.9202539 0.7588470 0.7080262 0.6542805 0.6250922 0.8087266 0.5923383 0.6022865 0.6003752 0.6758790 1.9755988 2.0087266 1.9002593 2.6815330 
01F2G.CM.02.LT31.JN864056              0.5980366 0.6715526 0.5938897 0.3911124 0.4616385 0.0000000 0.4078644 0.7192342 0.7081667 0.7363222 0.7468311 0.6923231 0.6994680 0.7572533 1.0333328 1.0047327 1.0631233 1.0339112 1.0691550 1.0717897 1.0350645 1.0047908 1.0592034 1.1222439 1.1782966 1.1202157 1.0133411 1.0387548 1.0185941 0.9861807 1.0230648 0.7613530 0.7721739 0.7697388 0.8162027 0.9667929 0.7898144 0.8137925 0.8733932 0.7946702 0.8216910 0.9008674 0.9698537 0.7310804 0.6920258 0.6638832 0.6416199 0.9358962 0.9375545 0.9879921 1.0259923 1.0035422 0.9857038 0.9931945 0.9407020 0.9649403 0.9715289 0.8965573 0.9820777 0.9596289 0.9239417 0.9114503 0.9606865 1.0648416 0.9737220 0.9840941 0.9769374 0.9704486 0.9846437 1.0047153 0.9476026 0.9877856 0.9627953 0.9350267 0.9204457 0.9859328 1.2248285 1.0196292 0.9517222 0.9846074 1.0041519 0.9052432 0.9110063 0.8811657 0.8547351 0.8091902 0.9178184 0.7915678 0.7287580 0.6766180 0.6475282 0.8438066 0.6119145 0.6165366 0.6225789 0.7112086 1.9791281 2.0445373 1.9624235 2.6681844 
BCG.ES.15.100_119.KY496623             0.6372934 0.7014731 0.6160140 0.4071146 0.4771979 0.4078644 0.0000000 0.7414615 0.7390497 0.7704707 0.7801195 0.7252498 0.7406716 0.7789318 1.0311394 1.0334845 1.1116076 1.0494602 1.0920539 1.1018344 1.0360960 1.0196438 1.0598538 1.1110558 1.1800425 1.1343290 1.0120221 1.0268664 1.0423901 0.9978950 1.0221944 0.7717243 0.8055776 0.8064368 0.8411077 0.9887857 0.8341965 0.8372270 0.9317137 0.8327725 0.8543643 0.9328362 1.0220696 0.7631098 0.7357124 0.6957619 0.6698995 0.9729883 1.0005023 1.0076059 1.0492427 1.0643650 1.0356655 1.0499517 0.9826106 1.0152896 0.9843165 0.9653744 1.0273970 1.0008938 0.9790772 0.9396580 1.0078901 1.0694352 1.0235040 1.0151674 0.9968610 0.9961262 1.0152118 1.0180044 0.9828415 1.0276479 0.9822650 0.9454529 0.9283052 1.0086688 1.2359462 1.0376819 0.9575576 1.0402517 1.0354593 0.9372749 0.9706447 0.8866727 0.9121654 0.8526044 0.9448389 0.8376565 0.7590482 0.6927361 0.6601079 0.8559593 0.6319971 0.6536690 0.6551416 0.7329914 1.9904323 2.0541401 2.0547555 2.7220910 
A1.KE.06.06KECst_028.FJ623479          0.5244192 0.5710016 0.5395200 0.6295014 0.6873632 0.7192342 0.7414615 0.0000000 0.3035744 0.3882360 0.4088354 0.3691321 0.3817280 0.4626873 0.7214781 0.6971391 0.7625487 0.7306938 0.7279126 0.7473781 0.7333905 0.6928321 0.7534572 0.8149939 0.8567741 0.8302116 0.7104078 0.7211177 0.7274399 0.6730177 0.7166137 0.4452767 0.5329582 0.5414684 0.5918609 0.7280764 0.5459561 0.5584676 0.6503083 0.5600646 0.5782668 0.6697033 0.7457842 0.4785764 0.4539863 0.4060618 0.4781558 0.8044364 0.8014121 0.8220329 0.8584532 0.8508598 0.8540773 0.8364106 0.7867265 0.8391466 0.8043014 0.8071843 0.8301742 0.8069727 0.7792051 0.7497294 0.8115827 0.9049869 0.8597864 0.8224912 0.8360148 0.8251462 0.8240087 0.8280731 0.8040895 0.8430625 0.8098405 0.7591047 0.7581663 0.8609605 1.0765797 0.8476626 0.8083734 0.8686947 0.8412525 0.7640672 0.7696794 0.7561290 0.7396131 0.6702319 0.7944251 0.6374865 0.6272250 0.5690393 0.5641914 0.7727652 0.5427744 0.5244738 0.5405624 0.6150649 1.9065510 1.9521490 1.8954138 2.6661204 
A1.KE.06.06KECst_013.FJ623485          0.5320482 0.5808192 0.5604684 0.6393835 0.7028236 0.7081667 0.7390497 0.3035744 0.0000000 0.3864502 0.4227545 0.3779921 0.3886424 0.4665922 0.7422960 0.7080182 0.7706564 0.7450044 0.7532192 0.7798819 0.7348120 0.7336907 0.7640803 0.8501230 0.8688810 0.8617318 0.7155898 0.7455275 0.7479205 0.7036175 0.7336721 0.4717074 0.5483330 0.5590566 0.5969881 0.7564606 0.5779928 0.5653524 0.6553169 0.5733972 0.5832629 0.6943491 0.7606218 0.4823192 0.4659474 0.4298399 0.4983588 0.8092218 0.8107732 0.8382674 0.8768163 0.8756807 0.8743142 0.8899902 0.7955053 0.8424825 0.8220474 0.8222275 0.8584829 0.8449534 0.7983813 0.7729945 0.8338040 0.9214002 0.8719676 0.8564763 0.8512022 0.8304000 0.8438948 0.8491406 0.8351299 0.8654966 0.8414123 0.7648893 0.7672722 0.8508482 1.1064931 0.8803779 0.8148142 0.8589090 0.8628027 0.7712658 0.7829386 0.7770544 0.7450946 0.6774379 0.8019275 0.6588847 0.6276350 0.6023696 0.5631492 0.7607043 0.5429087 0.5420892 0.5430258 0.6169984 1.8968770 1.9542473 1.9139218 2.6835068 
35_AD.AF.06.007H.GQ477450              0.5519415 0.6014621 0.5706723 0.6649735 0.7287938 0.7363222 0.7704707 0.3882360 0.3864502 0.0000000 0.4414358 0.3826714 0.4073385 0.4879160 0.7405267 0.7382622 0.7937660 0.7313829 0.7455938 0.7569821 0.7516103 0.7193103 0.7815499 0.8514988 0.9000176 0.8602767 0.7185887 0.7421968 0.7399913 0.6996580 0.7282336 0.4775548 0.5704951 0.5665918 0.6185447 0.7701870 0.5961606 0.5910396 0.6782084 0.5876013 0.6193786 0.6955335 0.7853115 0.5063686 0.4689646 0.4405824 0.5148321 0.8303789 0.8309259 0.8550000 0.8929531 0.9006620 0.8843483 0.8808103 0.8213684 0.8539945 0.8523121 0.8204335 0.8511599 0.8454425 0.8139354 0.7783789 0.8447762 0.9269363 0.8954833 0.8866204 0.8745573 0.8635964 0.8531521 0.8762425 0.8323783 0.8480205 0.8679867 0.8118980 0.7947137 0.8787086 1.1078300 0.9021472 0.8281123 0.8845984 0.8666688 0.8001655 0.8022864 0.8065732 0.7811576 0.7225729 0.8094775 0.6867223 0.6653367 0.6219667 0.5767890 0.7946110 0.5616015 0.5653245 0.5651672 0.6196764 1.8901824 1.9501235 1.9897021 2.8033071 
A1.CY.07.CY208.JF683760                0.5596673 0.6033975 0.5777309 0.6691183 0.7138698 0.7468311 0.7801195 0.4088354 0.4227545 0.4414358 0.0000000 0.2482217 0.4150660 0.5018875 0.7680000 0.7435661 0.8103885 0.7741438 0.7682956 0.7847198 0.7571775 0.7465470 0.7999988 0.8696204 0.8807887 0.8757286 0.7231887 0.7660378 0.7568489 0.7065868 0.7385467 0.4890994 0.5672915 0.5791755 0.6141229 0.7743108 0.5795434 0.5939171 0.6982610 0.5980221 0.6285431 0.7234511 0.7974792 0.5289297 0.5024247 0.4620738 0.4973619 0.8408530 0.8326661 0.8593234 0.9132741 0.8793705 0.9142367 0.8919904 0.8234974 0.8592884 0.8503051 0.8459792 0.8653586 0.8552986 0.8238189 0.7906780 0.8495586 0.9410343 0.8793197 0.8613113 0.8956432 0.8559893 0.8741849 0.8626036 0.8622930 0.8442724 0.8518475 0.8134362 0.8074919 0.8882747 1.1113347 0.8947067 0.8485651 0.8847539 0.9030739 0.7804593 0.7967000 0.8120849 0.7713237 0.7210624 0.8576282 0.6961320 0.6630503 0.6367673 0.6082680 0.7795534 0.5895659 0.5899357 0.5936173 0.6542544 1.9496226 2.0285829 1.9191295 2.7273585 
A1.CY.05.CY051.FJ388903                0.5162226 0.5818382 0.5244118 0.6250432 0.6813879 0.6923231 0.7252498 0.3691321 0.3779921 0.3826714 0.2482217 0.0000000 0.3694517 0.4498960 0.7274757 0.6838641 0.7751386 0.7314211 0.7340575 0.7575710 0.7040334 0.7062775 0.7638906 0.8013642 0.8496626 0.8441387 0.6880720 0.7136808 0.6984380 0.6691779 0.7054234 0.4386846 0.5180832 0.5197276 0.5672480 0.7165551 0.5546877 0.5440845 0.6310485 0.5431461 0.5700852 0.6581356 0.7476205 0.4769098 0.4511975 0.4131250 0.4612373 0.8023393 0.8090190 0.8297951 0.8632056 0.8580545 0.8794357 0.8622655 0.7988837 0.8297709 0.8321076 0.8048140 0.8396731 0.8199895 0.8041736 0.7607560 0.8116980 0.8936846 0.8655521 0.8323770 0.8459934 0.8292416 0.8250809 0.8331660 0.8146050 0.8463906 0.8212867 0.7761026 0.7794238 0.8491151 1.0870490 0.8710940 0.8183841 0.8623925 0.8570364 0.7721145 0.7719148 0.7593041 0.7285743 0.6732509 0.8068654 0.6577309 0.6240777 0.5820621 0.5491258 0.7457272 0.5415343 0.5441023 0.5362747 0.5995428 1.8837464 1.9552008 1.8960295 2.7333250 
A1.UG.11.DEMA110UG001.KF859745         0.5207049 0.5665135 0.5257815 0.6270254 0.6844319 0.6994680 0.7406716 0.3817280 0.3886424 0.4073385 0.4150660 0.3694517 0.0000000 0.4510354 0.7111161 0.6896880 0.7377920 0.7059378 0.7312532 0.7412662 0.7116950 0.7119761 0.7455064 0.8103860 0.8474013 0.8267438 0.6818226 0.7221136 0.7042247 0.6778502 0.7095498 0.4437614 0.5214464 0.5260332 0.5647893 0.7220082 0.5391248 0.5458042 0.6442983 0.5359081 0.5643371 0.6540362 0.7447811 0.4719578 0.4436396 0.4053376 0.4654276 0.7911756 0.7688329 0.8257827 0.8788958 0.8561438 0.8544830 0.8734975 0.7873521 0.8161806 0.8228344 0.7891343 0.8061724 0.8180580 0.7797572 0.7470346 0.8104523 0.9093333 0.8497588 0.8036139 0.8362418 0.8184355 0.8310464 0.8287868 0.8136540 0.8323454 0.8095215 0.7722426 0.7658795 0.8492570 1.0704759 0.8729042 0.7970551 0.8378133 0.8212278 0.7508373 0.7570658 0.7475281 0.7359724 0.6835886 0.8143508 0.6657749 0.6320662 0.5770223 0.5570594 0.7423574 0.5290328 0.5391571 0.5348446 0.5966028 1.8423665 1.8972161 1.9139324 2.6610096 
A1C.UG.99.99UGF25926.AF484491          0.5829580 0.6431510 0.6008432 0.6830792 0.7495394 0.7572533 0.7789318 0.4626873 0.4665922 0.4879160 0.5018875 0.4498960 0.4510354 0.0000000 0.6389457 0.6223644 0.6815355 0.6488958 0.6628159 0.6826042 0.6387682 0.6218958 0.6653201 0.7146476 0.7627185 0.7619177 0.6134554 0.6415521 0.6372474 0.5873093 0.6226173 0.4769691 0.5917407 0.5893909 0.6333682 0.7736730 0.6237384 0.6054803 0.6972961 0.6149027 0.6348242 0.7400978 0.8071552 0.5057564 0.4999223 0.4629861 0.5102380 0.8565662 0.8511959 0.8721139 0.9346685 0.8912385 0.9139872 0.9205099 0.8520589 0.8760682 0.8572152 0.8380673 0.8809259 0.8716258 0.8463086 0.8131971 0.8758990 0.9602138 0.8853682 0.9004207 0.8887810 0.8838836 0.9034158 0.8896660 0.8783581 0.8880262 0.8813306 0.8316525 0.8323296 0.9100574 1.1017624 0.9153931 0.8518535 0.9108746 0.9099148 0.8145164 0.8301447 0.8073542 0.8033677 0.7335413 0.8496659 0.7018051 0.7074464 0.6351662 0.6314193 0.8179782 0.6009260 0.6022020 0.6126898 0.6800973 1.9592604 2.0692270 2.0228076 2.8499383 
A1C.IN.15.SC017.KY713232               0.8428147 0.8850168 0.8476474 0.9531602 0.9795633 1.0333328 1.0311394 0.7214781 0.7422960 0.7405267 0.7680000 0.7274757 0.7111161 0.6389457 0.0000000 0.6333519 0.6939911 0.6543526 0.6611445 0.6944250 0.6690450 0.6301556 0.6879765 0.7208453 0.7799339 0.7615562 0.6272419 0.6589016 0.6437561 0.5935478 0.6216943 0.7293463 0.8626857 0.8588714 0.8868421 1.0425810 0.8775209 0.8792987 0.9670839 0.8819018 0.8908372 0.9603211 1.0644331 0.8182401 0.7588336 0.7304171 0.7627095 1.1263043 1.0903448 1.1446319 1.1971062 1.1460122 1.1755373 1.1799119 1.0852216 1.1007252 1.1075950 1.1135941 1.1455705 1.1213041 1.0996181 1.0558078 1.1183180 1.2180620 1.1669808 1.1219924 1.1315053 1.1203364 1.1336484 1.1148594 1.0949094 1.1085306 1.1316254 1.1110247 1.0964115 1.1657981 1.3988401 1.1763905 1.1316434 1.1493534 1.1866043 1.0903439 1.0958900 1.0802623 1.0529472 0.9952797 1.1318487 0.9941188 0.9570379 0.9087921 0.9001118 1.0550386 0.8484093 0.8460141 0.8723210 0.9186223 2.2587370 2.2626924 2.1959447 3.0965973 
C.IL.99.99ET14.AY255825                0.8262638 0.8817718 0.8133259 0.9265357 0.9821729 1.0047327 1.0334845 0.6971391 0.7080182 0.7382622 0.7435661 0.6838641 0.6896880 0.6223644 0.6333519 0.0000000 0.4271628 0.4245414 0.4446771 0.4502577 0.4234940 0.3837151 0.4336113 0.4785163 0.5302838 0.5201715 0.3833852 0.4135502 0.4093711 0.3680583 0.3920384 0.7152708 0.8316954 0.8269890 0.8774131 1.0280536 0.8576850 0.8536684 0.9473819 0.8568292 0.8876044 0.9537753 1.0547342 0.7696742 0.7537722 0.7037318 0.7609595 1.0996315 1.0881308 1.1112135 1.1712456 1.1240504 1.1452882 1.1568644 1.0686072 1.0952259 1.0908507 1.1048659 1.1142602 1.0700704 1.0602941 1.0188845 1.0789292 1.1637872 1.1264662 1.0913019 1.1029523 1.0994138 1.1065727 1.1332277 1.0823834 1.0850001 1.1049255 1.0531697 1.0338006 1.0995344 1.3587678 1.1578881 1.0530924 1.1072007 1.1359481 1.0547932 1.0685691 1.0518251 1.0231255 0.9657326 1.0610614 0.9614035 0.9377387 0.8683021 0.8655055 1.0423125 0.8333781 0.8048545 0.8499338 0.8720446 2.2061320 2.2572239 2.1395622 2.8790659 
C.SE.09.035ZA.MF373148                 0.8692748 0.9349327 0.8689245 1.0049376 1.0586833 1.0631233 1.1116076 0.7625487 0.7706564 0.7937660 0.8103885 0.7751386 0.7377920 0.6815355 0.6939911 0.4271628 0.0000000 0.4812221 0.4992898 0.5273137 0.4889402 0.4431812 0.5011641 0.5588814 0.6002895 0.6002877 0.4530942 0.4798265 0.4936169 0.4405947 0.4630090 0.7841645 0.8939214 0.8884608 0.9301817 1.1163822 0.9153095 0.9271057 1.0084387 0.9102575 0.9489055 1.0334892 1.1669765 0.8362406 0.8004211 0.7638545 0.8220816 1.1627206 1.1589793 1.1699505 1.2209620 1.1863991 1.2124864 1.2270014 1.1437580 1.1818596 1.1950427 1.1624180 1.2037867 1.1657543 1.1450357 1.1136110 1.1528511 1.2750184 1.1925901 1.1657849 1.1600008 1.1658182 1.1709406 1.2162354 1.1405825 1.1492880 1.1763338 1.1283606 1.1148822 1.1816824 1.3824214 1.2025759 1.1446072 1.2104170 1.1986045 1.1111224 1.1111165 1.1479694 1.1189206 1.0095029 1.1286301 1.0031671 0.9921361 0.9356613 0.9168545 1.0719776 0.8763072 0.8729480 0.8975088 0.9631878 2.2880853 2.3039133 2.2219831 3.0722066 
C.ZA.04.04ZASK135B1.DQ011166           0.8481975 0.8912713 0.8377271 0.9689556 1.0316245 1.0339112 1.0494602 0.7306938 0.7450044 0.7313829 0.7741438 0.7314211 0.7059378 0.6488958 0.6543526 0.4245414 0.4812221 0.0000000 0.3327994 0.3434863 0.3610049 0.3325884 0.3917965 0.4534305 0.4954035 0.4820395 0.3498778 0.4182491 0.4155394 0.3797710 0.4080476 0.7236405 0.8636618 0.8700563 0.8990574 1.0481836 0.9036138 0.8907674 0.9877725 0.9078376 0.9210836 0.9869165 1.0887629 0.7925598 0.7766637 0.7331448 0.7766914 1.1160274 1.1415845 1.1306307 1.1901664 1.1552581 1.1835209 1.1908322 1.0948875 1.1663694 1.1195612 1.1119263 1.1458010 1.1156199 1.1034087 1.0584925 1.1176164 1.2412832 1.1529997 1.1170718 1.1228730 1.1181734 1.1334606 1.1222058 1.1160153 1.1116704 1.1229058 1.0924708 1.0651063 1.1339591 1.3619576 1.1822426 1.0977030 1.1436315 1.1501491 1.0699862 1.0984944 1.0752363 1.0344446 1.0158305 1.0993190 0.9785765 0.9743260 0.9155426 0.8828716 1.1075953 0.8582453 0.8356933 0.8551191 0.9309028 2.2284393 2.3332360 2.2491934 2.9772863 
C.ZA.03.03ZAPS130MB1.DQ275658          0.8596477 0.9000933 0.8579727 0.9909004 1.0260564 1.0691550 1.0920539 0.7279126 0.7532192 0.7455938 0.7682956 0.7340575 0.7312532 0.6628159 0.6611445 0.4446771 0.4992898 0.3327994 0.0000000 0.3000827 0.3832042 0.3483706 0.4070847 0.4700495 0.5164991 0.5076335 0.3628243 0.4413248 0.4350609 0.3888160 0.4238425 0.7512505 0.8699502 0.8518041 0.9191093 1.0872952 0.9138306 0.8833406 0.9879369 0.9184812 0.9148575 1.0348123 1.1181666 0.7922538 0.7711306 0.7320416 0.7799631 1.1609990 1.1530882 1.1571441 1.2021165 1.1812368 1.2255640 1.2076997 1.1156796 1.1643386 1.1360083 1.1359258 1.1637497 1.1250409 1.1372088 1.0766004 1.1109813 1.2547234 1.1605169 1.1501275 1.1385511 1.1491285 1.1580018 1.1868329 1.1433838 1.1719268 1.1575471 1.1004610 1.0617376 1.1522589 1.3997324 1.1900182 1.1432434 1.1722892 1.1804153 1.1021924 1.1100528 1.1046638 1.0638908 1.0200089 1.1218098 0.9680954 0.9807591 0.9112689 0.8868938 1.1143570 0.8641870 0.8657581 0.8893154 0.9440940 2.2814976 2.3578360 2.2584963 3.0327581 
C.ZA.97.97ZA012.AF286227               0.8530738 0.8992710 0.8539900 0.9971653 1.0530539 1.0717897 1.1018344 0.7473781 0.7798819 0.7569821 0.7847198 0.7575710 0.7412662 0.6826042 0.6944250 0.4502577 0.5273137 0.3434863 0.3000827 0.0000000 0.3844821 0.3634118 0.4167104 0.4855606 0.5161115 0.5113434 0.3784022 0.4452867 0.4455386 0.4057568 0.4129304 0.7488798 0.9027659 0.8830875 0.9433403 1.0899893 0.9314896 0.9241374 1.0099071 0.9344480 0.9483413 1.0331701 1.1056371 0.8347512 0.8070467 0.7646964 0.8132304 1.1497847 1.1423858 1.1394813 1.2102834 1.1809698 1.1836577 1.2093530 1.1149685 1.1802825 1.1289331 1.1339026 1.1584278 1.1409563 1.1403582 1.0791805 1.1163635 1.2721363 1.2004848 1.1501662 1.1492079 1.1320306 1.1718014 1.1748885 1.1627769 1.1568393 1.1465750 1.1052022 1.0772804 1.1543867 1.3836556 1.1874534 1.1099489 1.1710556 1.2189839 1.1004981 1.1008753 1.1089272 1.0639262 1.0286492 1.1241571 0.9759830 0.9805604 0.9362786 0.9122007 1.1118443 0.8907808 0.8556482 0.9109999 0.9464293 2.3399284 2.4061558 2.2707298 3.0499351 
C.BW.98.98BWMC14A3.AF443078            0.8392927 0.8807400 0.8377710 0.9584474 0.9969253 1.0350645 1.0360960 0.7333905 0.7348120 0.7516103 0.7571775 0.7040334 0.7116950 0.6387682 0.6690450 0.4234940 0.4889402 0.3610049 0.3832042 0.3844821 0.0000000 0.3315478 0.3888548 0.4519257 0.4956404 0.4988959 0.3552929 0.4209383 0.4156796 0.3751487 0.4099459 0.7346032 0.8705797 0.8514407 0.8900592 1.0559628 0.8854549 0.8773453 0.9601340 0.8891632 0.9009189 1.0064276 1.0976085 0.7809152 0.7618455 0.7320521 0.7720775 1.0881648 1.0941187 1.1089085 1.1669278 1.1395189 1.1790408 1.1481606 1.0480794 1.1187210 1.0779137 1.0878554 1.1298069 1.0654527 1.0868397 1.0448886 1.0663681 1.1766207 1.1322180 1.1339827 1.1244180 1.1047995 1.1250479 1.1140221 1.0976574 1.1150361 1.0980064 1.0595767 1.0434957 1.1356808 1.3519821 1.1743484 1.0973011 1.1444099 1.1586247 1.0628614 1.0561875 1.0559108 1.0497678 1.0034160 1.1028859 0.9526138 0.9295712 0.8958808 0.8808614 1.0641216 0.8384940 0.8272512 0.8529492 0.9189840 2.2614770 2.3188753 2.2445551 2.9961714 
C.ZA.99.99ZALT4.EU293444               0.8146379 0.8715210 0.8113802 0.9297081 0.9980994 1.0047908 1.0196438 0.6928321 0.7336907 0.7193103 0.7465470 0.7062775 0.7119761 0.6218958 0.6301556 0.3837151 0.4431812 0.3325884 0.3483706 0.3634118 0.3315478 0.0000000 0.3012551 0.4139600 0.4626048 0.4649981 0.3171333 0.3873272 0.3866211 0.3457864 0.3662336 0.7211095 0.8564128 0.8473131 0.9012138 1.0440650 0.8847935 0.8733157 0.9667299 0.8790663 0.8764319 0.9897911 1.0606020 0.7688416 0.7530998 0.6872810 0.7769052 1.0996914 1.0925131 1.1067065 1.1687010 1.1407940 1.1465326 1.1578536 1.0690345 1.1211166 1.0913973 1.0924380 1.1179403 1.0958287 1.0966751 1.0525955 1.1052493 1.2265458 1.1160925 1.0976884 1.1155004 1.1059196 1.1058835 1.1410578 1.0575354 1.1114224 1.1226018 1.0712157 1.0276302 1.1193395 1.3313494 1.1654398 1.0790375 1.1354006 1.1417704 1.0394368 1.0524548 1.0500902 1.0145918 0.9625330 1.0844570 0.9282010 0.9299092 0.8735630 0.8442163 1.0647729 0.8163574 0.8105099 0.8334875 0.8751466 2.1959032 2.2880548 2.1695985 2.9738220 
C.ZA.02.02ZAPS015MB1.DQ369995          0.8794366 0.9071789 0.8578771 0.9780190 1.0399335 1.0592034 1.0598538 0.7534572 0.7640803 0.7815499 0.7999988 0.7638906 0.7455064 0.6653201 0.6879765 0.4336113 0.5011641 0.3917965 0.4070847 0.4167104 0.3888548 0.3012551 0.0000000 0.4702982 0.5109225 0.5165569 0.3697486 0.4434563 0.4347878 0.3967627 0.4173487 0.7782961 0.8865215 0.9109004 0.9545535 1.0768340 0.9329124 0.9304146 1.0092711 0.9299473 0.9437061 1.0547935 1.1354039 0.8209864 0.7889011 0.7448077 0.8107752 1.1384644 1.1467803 1.1537757 1.2092183 1.1749563 1.1918976 1.2155569 1.1205045 1.1810734 1.1300206 1.1343643 1.1697085 1.1385878 1.1564945 1.0659575 1.1201657 1.2708433 1.1865953 1.1548107 1.1511890 1.1442812 1.1707109 1.1593600 1.1234297 1.1846620 1.1557105 1.0953316 1.0878717 1.1665756 1.3862557 1.2119879 1.1006574 1.1915108 1.2008045 1.1080011 1.1058990 1.0811385 1.0639183 1.0058697 1.1221045 0.9853593 0.9771171 0.9296936 0.8863608 1.1085848 0.8867422 0.8649875 0.8875965 0.9359448 2.2537667 2.3317764 2.2507520 2.9784831 
C.GB.14.13659_1_48.3.MF109437          0.9070706 0.9516653 0.9228592 1.0157278 1.0589049 1.1222439 1.1110558 0.8149939 0.8501230 0.8514988 0.8696204 0.8013642 0.8103860 0.7146476 0.7208453 0.4785163 0.5588814 0.4534305 0.4700495 0.4855606 0.4519257 0.4139600 0.4702982 0.0000000 0.5444852 0.5161057 0.4054109 0.4843445 0.4940057 0.4450993 0.4727182 0.8166555 0.9336690 0.9470475 0.9785597 1.1162686 0.9671508 0.9796260 1.0414934 0.9816315 0.9967790 1.0921759 1.1635232 0.8839206 0.8722404 0.7971617 0.8547098 1.1754010 1.1891788 1.2007501 1.2693891 1.2216212 1.2374251 1.2201695 1.1604326 1.2010995 1.1719062 1.1831427 1.1965261 1.1753215 1.1714957 1.1118232 1.1754363 1.2871281 1.1766983 1.1823489 1.1695012 1.1420306 1.1901486 1.1894312 1.1834613 1.1804085 1.1594395 1.1192216 1.1227099 1.2116975 1.4585505 1.2500082 1.1544913 1.2315381 1.2292644 1.0996063 1.1252645 1.1144477 1.1406375 1.0532932 1.2071684 1.0267765 1.0257002 0.9728671 0.9435067 1.1690148 0.9159304 0.9082974 0.9244786 0.9851370 2.2674279 2.3186205 2.2862975 3.0932568 
BC.CN.07.07CNYN340.KF835526            0.9629033 1.0149560 0.9590695 1.0768126 1.1436937 1.1782966 1.1800425 0.8567741 0.8688810 0.9000176 0.8807887 0.8496626 0.8474013 0.7627185 0.7799339 0.5302838 0.6002895 0.4954035 0.5164991 0.5161115 0.4956404 0.4626048 0.5109225 0.5444852 0.0000000 0.4178812 0.4626994 0.5404985 0.5350780 0.4926839 0.5226716 0.8461902 1.0144694 0.9976293 1.0467271 1.1888312 1.0247980 1.0429821 1.0926779 1.0536305 1.0717243 1.1114051 1.2182963 0.9203715 0.9123615 0.8473347 0.9156356 1.2440607 1.2445211 1.2629885 1.3288116 1.3086067 1.2755465 1.3229093 1.2534592 1.2618686 1.2786543 1.2659738 1.2887119 1.2731344 1.2322588 1.2160383 1.2389848 1.3469719 1.2772562 1.2785680 1.2776617 1.2640744 1.2599541 1.2850045 1.2736247 1.2771271 1.2547993 1.2298478 1.2153175 1.2550322 1.4561084 1.3210800 1.2486153 1.2766714 1.3055079 1.2128924 1.2260345 1.2127944 1.1998371 1.1216710 1.2505960 1.0955994 1.1152344 1.0143552 1.0118302 1.1640989 0.9907577 0.9820171 0.9837368 1.0341767 2.3704163 2.4531542 2.3227320 2.9663506 
85_BC.CN.14.14CN_SCYB4.KU992932        0.9411660 0.9913563 0.9381489 1.0290675 1.1206363 1.1202157 1.1343290 0.8302116 0.8617318 0.8602767 0.8757286 0.8441387 0.8267438 0.7619177 0.7615562 0.5201715 0.6002877 0.4820395 0.5076335 0.5113434 0.4988959 0.4649981 0.5165569 0.5161057 0.4178812 0.0000000 0.4521867 0.5313000 0.5406765 0.4885713 0.5188441 0.8242500 1.0082528 0.9818873 1.0344597 1.1921411 1.0412347 1.0255691 1.1048198 1.0219577 1.0677820 1.1393984 1.2036165 0.8979944 0.8907512 0.8423930 0.9016251 1.2547628 1.2317727 1.2569578 1.2915824 1.3336563 1.2820143 1.2980456 1.2022980 1.2312459 1.2275091 1.2145853 1.2537774 1.2120403 1.2193371 1.1803560 1.2519135 1.3321037 1.2491393 1.2385394 1.2333381 1.2341519 1.2676651 1.2280481 1.2232013 1.2422983 1.2161622 1.2133445 1.1614525 1.2487001 1.5004062 1.2839837 1.2132442 1.2455298 1.2724351 1.1764295 1.1969702 1.1789166 1.1683840 1.1027887 1.2112703 1.0552420 1.0552481 1.0043859 1.0030707 1.1859087 0.9724449 0.9247523 0.9640826 1.0342612 2.2259134 2.3856097 2.3027764 3.1179947 
C.BW.00.00BW076820.AF443089            0.8193912 0.8720041 0.8164404 0.9291508 0.9723086 1.0133411 1.0120221 0.7104078 0.7155898 0.7185887 0.7231887 0.6880720 0.6818226 0.6134554 0.6272419 0.3833852 0.4530942 0.3498778 0.3628243 0.3784022 0.3552929 0.3171333 0.3697486 0.4054109 0.4626994 0.4521867 0.0000000 0.3794775 0.3785658 0.3393272 0.3604705 0.7062678 0.8068614 0.8170797 0.8408665 0.9947171 0.8566015 0.8524435 0.9370301 0.8548154 0.8664789 0.9585959 1.0547849 0.7588167 0.7299990 0.7010667 0.7554124 1.0835096 1.0740985 1.1011348 1.1695986 1.1319214 1.1236924 1.1359367 1.0473437 1.1050628 1.0886702 1.0823265 1.1054447 1.0904731 1.0976785 1.0290094 1.0649648 1.2147867 1.1114319 1.1011162 1.0940760 1.0878644 1.1005697 1.1339240 1.0920744 1.1089764 1.0822059 1.0438696 1.0088998 1.1236983 1.3465749 1.1462159 1.0772057 1.1281549 1.1454234 1.0339539 1.0486433 1.0384853 1.0259423 0.9435968 1.0851990 0.9399249 0.9451012 0.8958101 0.8538626 1.0315042 0.8247164 0.8055660 0.8516552 0.8688019 2.2203537 2.3208823 2.2239861 2.8886198 
C.ZA.04.04ZASK170B1.DQ093595           0.8454370 0.8969169 0.8416378 0.9587841 1.0191331 1.0387548 1.0268664 0.7211177 0.7455275 0.7421968 0.7660378 0.7136808 0.7221136 0.6415521 0.6589016 0.4135502 0.4798265 0.4182491 0.4413248 0.4452867 0.4209383 0.3873272 0.4434563 0.4843445 0.5404985 0.5313000 0.3794775 0.0000000 0.3272998 0.2956622 0.3499802 0.7374033 0.8706003 0.8703627 0.8991041 1.0542238 0.9055886 0.8730865 0.9819042 0.9111959 0.9005996 1.0026861 1.0828299 0.7858704 0.7611806 0.7402442 0.7885805 1.1373093 1.1154203 1.1463294 1.2094109 1.1776954 1.1583688 1.1983121 1.1044728 1.1207842 1.1339594 1.1283636 1.1309048 1.1093712 1.0940250 1.0705114 1.1253700 1.2104466 1.1423845 1.1429494 1.1264341 1.1321356 1.1429947 1.1503227 1.1275253 1.1305456 1.1408334 1.0893629 1.0565508 1.1175774 1.3604987 1.2016915 1.0808915 1.1812021 1.1581297 1.0768381 1.0569819 1.0439397 1.0534929 0.9871870 1.0867839 0.9729447 0.9666512 0.8967562 0.8816057 1.0727559 0.8689971 0.8307880 0.8641649 0.9155640 2.2751985 2.2973401 2.2271407 2.9316484 
C.TZ.02.CO6721.AY734560                0.8204365 0.8833420 0.8264477 0.9595053 1.0021638 1.0185941 1.0423901 0.7274399 0.7479205 0.7399913 0.7568489 0.6984380 0.7042247 0.6372474 0.6437561 0.4093711 0.4936169 0.4155394 0.4350609 0.4455386 0.4156796 0.3866211 0.4347878 0.4940057 0.5350780 0.5406765 0.3785658 0.3272998 0.0000000 0.2376872 0.3493740 0.7266102 0.8688128 0.8606909 0.8989434 1.0518487 0.8814409 0.8805025 0.9827984 0.8930979 0.9126293 0.9556818 1.0586847 0.7899885 0.7651126 0.7211872 0.7830050 1.1305435 1.1019629 1.1536662 1.1998961 1.1611491 1.1594813 1.1629492 1.0898924 1.1248512 1.1402855 1.1220395 1.1604192 1.1105536 1.0823984 1.0608877 1.1093452 1.2249663 1.1579164 1.1462667 1.1324902 1.1264087 1.1503028 1.1502799 1.1303355 1.1210298 1.1214129 1.0820625 1.0569768 1.1350379 1.3332393 1.1976912 1.1208904 1.1556411 1.1712814 1.0635995 1.0695266 1.0605848 1.0220709 0.9508379 1.1129721 0.9585589 0.9450682 0.8777794 0.8572868 1.0683461 0.8552068 0.8291076 0.8605033 0.8993491 2.1860615 2.2600618 2.2697009 3.0180734 
C.TZ.01.BD39_8.AY253313                0.7916742 0.8598618 0.8077153 0.9191958 0.9826667 0.9861807 0.9978950 0.6730177 0.7036175 0.6996580 0.7065868 0.6691779 0.6778502 0.5873093 0.5935478 0.3680583 0.4405947 0.3797710 0.3888160 0.4057568 0.3751487 0.3457864 0.3967627 0.4450993 0.4926839 0.4885713 0.3393272 0.2956622 0.2376872 0.0000000 0.3096954 0.6936618 0.8255764 0.8235181 0.8584049 1.0100266 0.8587583 0.8381306 0.9065741 0.8602718 0.8651082 0.9499955 1.0609020 0.7578253 0.7266393 0.6866561 0.7511150 1.0901683 1.0781994 1.0979687 1.1584357 1.1214859 1.1375983 1.1418926 1.0774050 1.1075611 1.0888907 1.0952676 1.1053495 1.0727893 1.0692357 1.0278448 1.0682042 1.1827587 1.0940684 1.1079479 1.1007242 1.0934724 1.1087398 1.1103546 1.0844041 1.0838484 1.0972448 1.0741903 1.0298826 1.1162374 1.3441688 1.1477828 1.0868272 1.1149806 1.1462116 1.0417265 1.0271993 1.0422780 1.0049657 0.9436310 1.0594276 0.9229457 0.9337866 0.8645333 0.8396980 1.0113468 0.8254455 0.7964313 0.8471024 0.8664084 2.2461991 2.3054011 2.2220836 2.9341544 
C.ZA.03.03ZAPS067MB2.DQ396389          0.8109337 0.8651579 0.8129801 0.9148068 1.0007755 1.0230648 1.0221944 0.7166137 0.7336721 0.7282336 0.7385467 0.7054234 0.7095498 0.6226173 0.6216943 0.3920384 0.4630090 0.4080476 0.4238425 0.4129304 0.4099459 0.3662336 0.4173487 0.4727182 0.5226716 0.5188441 0.3604705 0.3499802 0.3493740 0.3096954 0.0000000 0.7335351 0.8538543 0.8436411 0.8868084 1.0310611 0.8825737 0.8607750 0.9426670 0.8796677 0.8836079 0.9689497 1.0582514 0.7691763 0.7471284 0.7157978 0.7556477 1.1120949 1.1046000 1.1134979 1.1733780 1.1395112 1.1305108 1.1597060 1.0688800 1.1322145 1.1002828 1.0819435 1.1113493 1.0767839 1.0612408 1.0371155 1.0756491 1.2146891 1.1394834 1.1177165 1.1307285 1.1024751 1.1086010 1.1438219 1.0827561 1.0944053 1.1086546 1.0691257 1.0638417 1.1102273 1.3496721 1.1366002 1.0916044 1.1416043 1.1558501 1.0436514 1.0639864 1.0278634 1.0175611 0.9555062 1.0734733 0.9513327 0.9563661 0.8812622 0.8604358 1.0429536 0.8426892 0.8300176 0.8635495 0.9073993 2.2226095 2.3333358 2.1630955 3.0152044 
A1D.UG.99.99UGJ21953.AF484496          0.5664353 0.6167160 0.5857629 0.6615689 0.7234655 0.7613530 0.7717243 0.4452767 0.4717074 0.4775548 0.4890994 0.4386846 0.4437614 0.4769691 0.7293463 0.7152708 0.7841645 0.7236405 0.7512505 0.7488798 0.7346032 0.7211095 0.7782961 0.8166555 0.8461902 0.8242500 0.7062678 0.7374033 0.7266102 0.6936618 0.7335351 0.0000000 0.5905409 0.5906403 0.6329279 0.7918089 0.6205535 0.6119573 0.7067245 0.6187664 0.6258935 0.7223464 0.7984021 0.5264656 0.4952603 0.4596835 0.5302030 0.8336463 0.8266263 0.8679448 0.9308958 0.8861403 0.9051397 0.8932402 0.8373725 0.8711455 0.8415208 0.8281409 0.8793406 0.8676649 0.8146243 0.7889758 0.8465722 0.9430445 0.9092345 0.8669798 0.8951316 0.8780419 0.8898231 0.8883883 0.8583076 0.8679727 0.8424081 0.8122106 0.8220002 0.8822395 1.1162411 0.8987630 0.8358948 0.8772081 0.9004616 0.8001324 0.8076334 0.7894592 0.7699642 0.7002515 0.8397392 0.6990014 0.6689536 0.6207252 0.6022374 0.8142735 0.5765283 0.5794844 0.5897604 0.6440738 1.9505785 2.0038774 1.8866161 2.7613007 
01_AE.CN.02.YN0236.JX112866            0.5901400 0.6553850 0.6263756 0.6819303 0.7663741 0.7721739 0.8055776 0.5329582 0.5483330 0.5704951 0.5672915 0.5180832 0.5214464 0.5917407 0.8626857 0.8316954 0.8939214 0.8636618 0.8699502 0.9027659 0.8705797 0.8564128 0.8865215 0.9336690 1.0144694 1.0082528 0.8068614 0.8706003 0.8688128 0.8255764 0.8538543 0.5905409 0.0000000 0.1610157 0.2078062 0.3738329 0.2104261 0.2087458 0.2950427 0.2208595 0.2477151 0.4431693 0.5137460 0.4156576 0.5057785 0.4919663 0.5533071 0.8879974 0.8914444 0.9247439 0.9513665 0.9260442 0.9345973 0.9372481 0.8584682 0.9025959 0.8864093 0.8872690 0.9057374 0.8753434 0.8776069 0.8481918 0.8879297 0.9794775 0.9248007 0.9139679 0.9381815 0.9205493 0.9168124 0.9322053 0.8859807 0.9041028 0.8758446 0.8646126 0.8535867 0.9206431 1.1754866 0.9364268 0.8775510 0.9429309 0.9381144 0.8654950 0.8560889 0.8556369 0.8350883 0.7672561 0.8929568 0.7294351 0.7050639 0.6545339 0.6286376 0.8302294 0.6276141 0.6410581 0.6197423 0.6720904 1.9866479 2.0484667 1.9825041 2.7324624 
01_AE.TH.99.99TH_C4460.AY945726        0.5825748 0.6479353 0.6364667 0.6945913 0.7852825 0.7697388 0.8064368 0.5414684 0.5590566 0.5665918 0.5791755 0.5197276 0.5260332 0.5893909 0.8588714 0.8269890 0.8884608 0.8700563 0.8518041 0.8830875 0.8514407 0.8473131 0.9109004 0.9470475 0.9976293 0.9818873 0.8170797 0.8703627 0.8606909 0.8235181 0.8436411 0.5906403 0.1610157 0.0000000 0.2098369 0.3703822 0.2090466 0.2112647 0.2999730 0.2136824 0.2408519 0.4498913 0.5179120 0.4226281 0.5082083 0.5009195 0.5459845 0.8782550 0.8908956 0.9138726 0.9306278 0.9275278 0.9442366 0.9383836 0.8573625 0.8939876 0.8841632 0.8905286 0.8948235 0.8906171 0.8766259 0.8420986 0.8739540 0.9978475 0.9348878 0.9129203 0.9409975 0.9184010 0.9096268 0.9277565 0.8760749 0.8904586 0.8679474 0.8738083 0.8643922 0.9016767 1.1454217 0.9600870 0.8847452 0.9338900 0.9242907 0.8519051 0.8418880 0.8698470 0.8353109 0.7609382 0.8953110 0.7385828 0.7074358 0.6545233 0.6402851 0.8374337 0.6136233 0.6434712 0.6141546 0.6810604 1.9721273 2.0437886 1.9742138 2.7794300 
01_AE.CN.07.GX070143.JX112835          0.6209623 0.6926223 0.6638321 0.7294016 0.8116678 0.8162027 0.8411077 0.5918609 0.5969881 0.6185447 0.6141229 0.5672480 0.5647893 0.6333682 0.8868421 0.8774131 0.9301817 0.8990574 0.9191093 0.9433403 0.8900592 0.9012138 0.9545535 0.9785597 1.0467271 1.0344597 0.8408665 0.8991041 0.8989434 0.8584049 0.8868084 0.6329279 0.2078062 0.2098369 0.0000000 0.4178404 0.2455759 0.2548712 0.3403493 0.2573843 0.2786484 0.4770795 0.5550775 0.4650348 0.5580631 0.5449007 0.5863499 0.9376504 0.9269466 0.9625048 0.9891017 0.9917019 0.9694268 0.9944719 0.8912146 0.9451428 0.9368962 0.9167808 0.9662690 0.9339825 0.9135661 0.8767509 0.9241693 1.0266848 0.9833882 0.9371911 0.9766023 0.9586538 0.9582104 0.9628198 0.9296826 0.9319885 0.9088904 0.8952091 0.8676959 0.9424014 1.1810309 0.9896674 0.9112730 0.9893203 0.9773737 0.8798000 0.8751778 0.8987370 0.8492670 0.8038345 0.9479820 0.7661744 0.7356843 0.6821234 0.6831798 0.8568849 0.6497553 0.6708894 0.6604361 0.7275791 2.0026450 2.0672869 2.0488460 2.8083043 
69_01B.JP.05.05JPMYC113SP420.LC027100  0.7768919 0.8507805 0.8044237 0.8783885 0.9646979 0.9667929 0.9887857 0.7280764 0.7564606 0.7701870 0.7743108 0.7165551 0.7220082 0.7736730 1.0425810 1.0280536 1.1163822 1.0481836 1.0872952 1.0899893 1.0559628 1.0440650 1.0768340 1.1162686 1.1888312 1.1921411 0.9947171 1.0542238 1.0518487 1.0100266 1.0310611 0.7918089 0.3738329 0.3703822 0.4178404 0.0000000 0.4072042 0.4232267 0.5068340 0.4201123 0.4522955 0.6358589 0.7037720 0.6271823 0.6898811 0.6771179 0.7435838 1.0772426 1.0674266 1.1031368 1.1503466 1.1359199 1.1349205 1.1219849 1.0485942 1.0901714 1.0689977 1.0655104 1.0672656 1.0797295 1.0548604 1.0246590 1.0805849 1.1596916 1.0941042 1.0905579 1.0930495 1.0782446 1.0822515 1.1218961 1.0711886 1.0930788 1.0727877 1.0496625 1.0563437 1.1193459 1.3491051 1.1430149 1.0733712 1.1458603 1.1091175 1.0430856 1.0302913 1.0338724 1.0153945 0.9278213 1.0875894 0.9055155 0.9116667 0.8605434 0.8339397 1.0156475 0.8318869 0.8279887 0.8330371 0.8868128 2.2438934 2.2347440 2.1918128 2.9250432 
01_AE.TH.07.AA030a04.JX447057          0.6142779 0.6828943 0.6461574 0.7257018 0.7824241 0.7898144 0.8341965 0.5459561 0.5779928 0.5961606 0.5795434 0.5546877 0.5391248 0.6237384 0.8775209 0.8576850 0.9153095 0.9036138 0.9138306 0.9314896 0.8854549 0.8847935 0.9329124 0.9671508 1.0247980 1.0412347 0.8566015 0.9055886 0.8814409 0.8587583 0.8825737 0.6205535 0.2104261 0.2090466 0.2455759 0.4072042 0.0000000 0.2301946 0.3262970 0.2427496 0.2753621 0.4640493 0.5465517 0.4407857 0.5424866 0.5229091 0.5734906 0.9082705 0.9072429 0.9422285 0.9825767 0.9406235 0.9565060 0.9651776 0.8880509 0.9294119 0.9011752 0.8940633 0.9271960 0.9152142 0.8867781 0.8664331 0.8872274 1.0061226 0.9605213 0.9389365 0.9612986 0.9425313 0.9504067 0.9496279 0.9053092 0.9102125 0.9126009 0.9025962 0.8747041 0.9394630 1.1667812 0.9484917 0.8984746 0.9394595 0.9534393 0.8673815 0.8808830 0.8795049 0.8361074 0.8048137 0.9153257 0.7614880 0.7179652 0.6936888 0.6741849 0.8583966 0.6428206 0.6639346 0.6544778 0.7099615 1.9834460 2.0464223 2.0018412 2.7230025 
01_AE.CN.07.07CNYN326.KF835513         0.6177014 0.6861884 0.6422077 0.7241679 0.8070544 0.8137925 0.8372270 0.5584676 0.5653524 0.5910396 0.5939171 0.5440845 0.5458042 0.6054803 0.8792987 0.8536684 0.9271057 0.8907674 0.8833406 0.9241374 0.8773453 0.8733157 0.9304146 0.9796260 1.0429821 1.0255691 0.8524435 0.8730865 0.8805025 0.8381306 0.8607750 0.6119573 0.2087458 0.2112647 0.2548712 0.4232267 0.2301946 0.0000000 0.3327221 0.2508366 0.2746201 0.4680069 0.5361173 0.4472286 0.5354484 0.5190700 0.5773678 0.9150297 0.9117832 0.9327154 0.9552602 0.9534643 0.9751650 0.9658200 0.8785834 0.9117314 0.9056172 0.9315957 0.9295560 0.9115035 0.8917966 0.8665360 0.9041330 0.9996775 0.9509569 0.9436321 0.9570429 0.9376107 0.9454297 0.9500904 0.9004729 0.9387119 0.9129716 0.8835515 0.8933756 0.9310184 1.1785392 0.9385936 0.8957621 0.9639043 0.9504884 0.8676962 0.8701884 0.8746199 0.8414316 0.7787567 0.9325829 0.7487209 0.7362253 0.6894274 0.6667561 0.8508479 0.6367127 0.6621278 0.6451671 0.7159725 1.9615756 2.0401405 2.0215360 2.7906804 
