100
02A1.GH.97.97GH_AG2.AB052867           0.0000000 0.3433895 0.4451046 0.5111427 0.5594910 0.5878255 0.6165258 0.5483415 0.5361885 0.5578030 0.5607252 0.5084272 0.5102821 0.5713354 0.8223216 0.7710039 0.8376613 0.7751243 0.8005227 0.8129204 0.8191635 0.7760402 0.8216809 0.8552238 0.9314006 0.9093444 0.7457016 0.7864890 0.7962107 0.7569514 0.7732465 0.5662080 0.5982325 0.6182503 0.6440000 0.7812656 0.6207068 0.6347698 0.7104467 0.6159492 0.6477047 0.7577745 0.8145815 0.5227277 0.5238722 0.4891029 0.4395498 0.7612785 0.7623177 0.7880865 0.8116998 0.7933271 0.8473441 0.8285723 0.7339291 0.7704284 0.7635935 0.7608885 0.7502023 0.7694551 0.7382055 0.7051301 0.7530708 0.8146120 0.7941584 0.7674774 0.7916117 0.8018381 0.7789426 0.7662751 0.7987876 0.7688687 0.7617321 0.7292950 0.7188837 0.7872320 1.0255491 0.8339418 0.7556764 0.8033882 0.8002473 0.7328181 0.7523018 0.6862769 0.6567582 0.6257324 0.7337635 0.5955307 0.4829126 0.4050188 0.3848180 0.5125432 0.3389337 0.3420250 0.3597871 0.4163052 1.7200680 1.7554970 1.7108201 2.4955986 
02A.CI.16.DEURF16CI011.MH078538        0.3433895 0.0000000 0.5006441 0.5666402 0.6173812 0.6461770 0.6590722 0.6001167 0.5958592 0.6123927 0.6194336 0.5686975 0.5698671 0.6259393 0.8919782 0.8259942 0.8905748 0.8493786 0.8756862 0.8635254 0.8685589 0.8518525 0.8731298 0.9413479 1.0102697 0.9863062 0.8258985 0.8436845 0.8384329 0.8172924 0.8451329 0.5893472 0.6695898 0.6650610 0.7141539 0.8360446 0.6911686 0.7034544 0.7707989 0.6898267 0.7041108 0.8268319 0.8817414 0.5800257 0.5820169 0.5280283 0.4944611 0.7975867 0.8029574 0.8450480 0.8701829 0.8600773 0.9108458 0.8560659 0.7808530 0.8359776 0.8109547 0.8262935 0.8029976 0.8319163 0.7967920 0.7546054 0.8219611 0.8745758 0.8525280 0.8299771 0.8352094 0.8230863 0.8192163 0.8211676 0.8466530 0.8096591 0.8204280 0.7916325 0.7886400 0.8502431 1.1024308 0.8675808 0.8167536 0.8686040 0.8551633 0.7716325 0.7828569 0.7499590 0.7115158 0.6614741 0.7941513 0.6429476 0.5398668 0.4653816 0.4361163 0.5743685 0.3905339 0.3832873 0.4169145 0.4707781 1.7431111 1.8248502 1.7836076 2.5465351 
AGU.CM.06.770_8.MH705142               0.4451046 0.5006441 0.0000000 0.5141395 0.5799959 0.5978367 0.6029558 0.5743546 0.5622319 0.5982037 0.5807077 0.5305240 0.5221052 0.6118751 0.8713826 0.8105158 0.8744995 0.8354553 0.8458878 0.8676825 0.8579201 0.8071267 0.8620554 0.9144195 0.9761098 0.9554333 0.7923814 0.8316769 0.8240074 0.7998750 0.7909191 0.5684769 0.6456475 0.6670771 0.6763066 0.8120659 0.6696491 0.6746220 0.7433324 0.6733199 0.6778388 0.8092512 0.8816939 0.5639382 0.5582843 0.5006416 0.4749331 0.7866061 0.7737030 0.8322492 0.8404824 0.8237897 0.8753813 0.8347264 0.7659767 0.8162021 0.7986413 0.8226628 0.8246995 0.8277746 0.7993741 0.7483717 0.8009846 0.8657833 0.8271492 0.8172903 0.8406688 0.8304601 0.8373518 0.7908354 0.8366997 0.8013221 0.7933390 0.7754312 0.7702004 0.8395201 1.0753514 0.8573974 0.8006943 0.8607849 0.8461709 0.7667532 0.7684187 0.7379959 0.7115501 0.6564633 0.7746980 0.6285881 0.5646353 0.4929259 0.4719514 0.6403691 0.4528506 0.4437474 0.4917709 0.5439509 1.8429122 1.9324659 1.9541759 2.6701356 
G.NG.92.92NG083_JV10832.U88826         0.5111427 0.5666402 0.5141395 0.0000000 0.3456311 0.3850954 0.3870211 0.6483811 0.6340536 0.6811812 0.6628204 0.6222917 0.6093218 0.6793229 0.9101621 0.8836068 0.9559455 0.9071863 0.9180655 0.9448324 0.9298804 0.8750370 0.9328868 0.9492502 1.0211236 1.0402247 0.8635894 0.8907139 0.8928475 0.8793942 0.8744543 0.6594739 0.7172089 0.7313905 0.7593841 0.8705414 0.7478960 0.7571429 0.8167603 0.7379839 0.7350722 0.8386180 0.9422916 0.6455828 0.6321682 0.5829917 0.5468452 0.8708970 0.8687701 0.9168381 0.9343248 0.9086515 0.9719185 0.9295954 0.8617146 0.9116192 0.8843823 0.9012905 0.8893175 0.9352079 0.8799002 0.8160128 0.8839298 0.9561024 0.9184878 0.8831734 0.9231615 0.9067778 0.9000873 0.8811008 0.9258708 0.8951663 0.8614339 0.8654748 0.8205930 0.9220127 1.1741621 0.9635680 0.8873689 0.9305968 0.9193942 0.8513801 0.8361902 0.8106211 0.7581296 0.7184705 0.8351296 0.7013413 0.6320645 0.5596222 0.5402567 0.7175835 0.5364779 0.5217279 0.5525209 0.6185594 1.9710209 1.9883039 1.9803070 2.7146998 
G.NG.09.09NG010261.KX389626            0.5594910 0.6173812 0.5799959 0.3456311 0.0000000 0.4412869 0.4611650 0.7026458 0.6965021 0.7226594 0.7279767 0.6718351 0.6737850 0.7442819 1.0157179 0.9428215 1.0425526 0.9824217 1.0024655 1.0100431 1.0228764 0.9615761 1.0046154 1.0438406 1.1035041 1.1039439 0.9327171 0.9538247 0.9307234 0.9364782 0.9548553 0.7396036 0.7712952 0.7786716 0.8182051 0.9429460 0.7993236 0.8147672 0.8873977 0.7893363 0.7981702 0.8921758 0.9916608 0.6963475 0.6747818 0.6339787 0.5994395 0.9111454 0.9097061 0.9374431 0.9774871 0.9676951 1.0011156 0.9926485 0.9028749 0.9660600 0.9392331 0.9499707 0.9399300 0.9381682 0.9255374 0.8642739 0.9310396 1.0037057 0.9426489 0.9180003 0.9491616 0.9528982 0.9469697 0.9196787 0.9548802 0.9271001 0.9063294 0.9058421 0.9126143 0.9500037 1.1996123 0.9761204 0.9045506 0.9649847 0.9475055 0.8843399 0.8804189 0.8776677 0.8138813 0.7647730 0.8776072 0.7429674 0.6778423 0.6212036 0.5963385 0.7471334 0.5787947 0.5778307 0.6127723 0.6738082 1.9894837 2.0173854 1.9758277 2.7389883 
01F2G.CM.02.LT31.JN864056              0.5878255 0.6461770 0.5978367 0.3850954 0.4412869 0.0000000 0.3957637 0.7211328 0.7133726 0.7492592 0.7566429 0.6955623 0.6816876 0.7824406 1.0445423 0.9580262 1.0428161 1.0032724 0.9910295 1.0222726 1.0409312 0.9520875 1.0342210 1.0621305 1.1082014 1.1274990 0.9556262 0.9770198 0.9744095 0.9414964 0.9483096 0.7348488 0.8065159 0.8161814 0.8376285 0.9604933 0.8308547 0.8345953 0.9061930 0.8223419 0.8207924 0.9299864 1.0025075 0.7097403 0.7148111 0.6628621 0.6208018 0.9524055 0.9544845 0.9775468 1.0105122 1.0001002 1.0343728 1.0150677 0.9515372 0.9898258 0.9688975 0.9973264 0.9699289 0.9659085 0.9487909 0.8865727 0.9550644 1.0012237 1.0060507 0.9572409 0.9980315 0.9819708 0.9720312 0.9523816 0.9772265 0.9748594 0.9586659 0.9476646 0.9326430 1.0027828 1.2560783 1.0362647 0.9460371 0.9966616 0.9987936 0.9077400 0.9188720 0.8963891 0.8406956 0.8084337 0.9412212 0.7680746 0.7070212 0.6453714 0.6340793 0.7958219 0.6154160 0.6093581 0.6409955 0.6842173 2.0374913 2.0683954 2.0954109 2.7569014 
BCG.ES.15.100_119.KY496623             0.6165258 0.6590722 0.6029558 0.3870211 0.4611650 0.3957637 0.0000000 0.7389877 0.7122264 0.7763983 0.7517498 0.7140767 0.7162352 0.7761581 1.0113599 0.9809756 1.0388656 1.0021888 0.9972342 1.0447615 1.0100979 0.9654984 1.0174291 1.0482926 1.1093771 1.1187290 0.9651630 0.9782813 0.9916574 0.9400106 0.9730817 0.7632275 0.7970770 0.8209101 0.8565500 0.9687220 0.8208438 0.8448555 0.8999248 0.8189359 0.8342164 0.9392516 1.0340194 0.7303265 0.7007002 0.6748645 0.6416390 0.9642447 0.9676470 1.0129718 1.0469195 1.0128259 1.0616109 1.0165990 0.9438260 0.9931387 0.9668721 0.9880814 0.9638062 0.9802803 0.9549667 0.8898830 0.9410257 1.0510132 1.0073544 0.9430074 0.9867918 0.9913335 0.9863739 0.9703969 0.9902828 0.9605938 0.9585553 0.9397330 0.9352015 1.0156691 1.2174518 1.0564512 0.9604621 1.0313289 1.0132677 0.9432064 0.9278700 0.9209566 0.8599852 0.8161077 0.9173554 0.7793559 0.7329627 0.6649749 0.6456426 0.7913114 0.6192022 0.6151658 0.6494527 0.7026956 2.0911556 2.1049451 2.0847639 2.7140623 
A1.KE.06.06KECst_028.FJ623479          0.5483415 0.6001167 0.5743546 0.6483811 0.7026458 0.7211328 0.7389877 0.0000000 0.3197113 0.3990592 0.4261325 0.3735118 0.3916643 0.4795068 0.7330247 0.7060324 0.7640596 0.7075153 0.7053449 0.7318232 0.7239975 0.6808632 0.7186159 0.7831751 0.8406148 0.8167633 0.6673386 0.6828153 0.7015200 0.6695498 0.6781243 0.4550743 0.5648322 0.5583066 0.5980353 0.7575103 0.5727113 0.5904460 0.6753508 0.5776742 0.5961931 0.7012617 0.7792253 0.4900913 0.4669829 0.4302142 0.4913684 0.8469459 0.8591553 0.8918113 0.9015921 0.8983345 0.9644934 0.9015059 0.8255489 0.8898930 0.8635459 0.8564773 0.8762092 0.8804780 0.8470343 0.7973682 0.8630059 0.9222108 0.9166085 0.8552258 0.8929435 0.8595502 0.8952615 0.8479275 0.8783795 0.8797886 0.8377251 0.8402830 0.8333165 0.8888376 1.1388378 0.9289543 0.8389132 0.9222608 0.8727083 0.8204330 0.8357008 0.7830186 0.7430471 0.6988880 0.8194836 0.6867143 0.6656209 0.6079983 0.5825208 0.7405007 0.5549640 0.5661878 0.6028407 0.6468639 1.9435467 2.0315267 1.9138785 2.7559503 
A1.KE.06.06KECst_013.FJ623485          0.5361885 0.5958592 0.5622319 0.6340536 0.6965021 0.7133726 0.7122264 0.3197113 0.0000000 0.3898442 0.4127711 0.3633627 0.3853944 0.4677024 0.7124205 0.6678569 0.7480529 0.7093950 0.7018967 0.7218891 0.7099669 0.6876830 0.7218307 0.7820739 0.8441161 0.8280754 0.6617962 0.6948693 0.7112850 0.6511438 0.6674162 0.4388649 0.5495608 0.5685487 0.6054565 0.7465743 0.5835944 0.5972014 0.6594508 0.5705454 0.6033255 0.7128431 0.7925754 0.4666860 0.4688250 0.4103272 0.4864717 0.8371284 0.8654658 0.8904475 0.9046071 0.9118890 0.9585609 0.9107936 0.8337497 0.9043976 0.8794657 0.8620669 0.8720704 0.8818994 0.8418663 0.8029178 0.8484072 0.9401185 0.8910512 0.8732297 0.8844599 0.8518397 0.8800943 0.8488376 0.8839756 0.8539528 0.8463929 0.8298555 0.8272671 0.9066931 1.1311638 0.9102573 0.8399185 0.9097705 0.8743063 0.8050910 0.8120318 0.7808092 0.7369997 0.7119524 0.8057032 0.6725778 0.6533306 0.6034645 0.5732452 0.7450864 0.5490456 0.5474640 0.6062831 0.6226687 1.9871110 2.0444306 1.9924449 2.7930368 
35_AD.AF.06.007H.GQ477450              0.5578030 0.6123927 0.5982037 0.6811812 0.7226594 0.7492592 0.7763983 0.3990592 0.3898442 0.0000000 0.4395590 0.3946181 0.4052804 0.4872273 0.7459214 0.7011684 0.7663701 0.7366830 0.7447728 0.7563410 0.7442433 0.7011375 0.7546102 0.8183112 0.8750970 0.8271959 0.6791212 0.7337866 0.7259884 0.6951877 0.6877890 0.4558229 0.5669675 0.5722254 0.6040042 0.7748102 0.5908655 0.5965030 0.6827413 0.5913501 0.6071048 0.7081829 0.7863114 0.4979101 0.4831456 0.4327988 0.5059161 0.8379983 0.8668432 0.8978902 0.9432343 0.9247527 0.9830242 0.9053574 0.8496111 0.8916200 0.8772872 0.8844879 0.9057326 0.8897747 0.8690031 0.8157481 0.8801418 0.9450499 0.8930050 0.8786982 0.9021878 0.8893333 0.9127829 0.8702118 0.9104577 0.9122010 0.8712714 0.8654265 0.8503453 0.9154171 1.1547832 0.9295866 0.8708014 0.9580463 0.9018782 0.8406727 0.8504102 0.8010556 0.7652369 0.7342300 0.8533924 0.7102396 0.6720568 0.6041300 0.5819838 0.7504664 0.5840569 0.5733874 0.6267590 0.6596043 1.9733746 2.0056143 1.9497071 2.7887363 
A1.CY.07.CY208.JF683760                0.5607252 0.6194336 0.5807077 0.6628204 0.7279767 0.7566429 0.7517498 0.4261325 0.4127711 0.4395590 0.0000000 0.2415178 0.4178179 0.4920315 0.7451111 0.7200080 0.7806217 0.7383729 0.7474448 0.7497159 0.7301605 0.7118958 0.7570607 0.8204611 0.8724883 0.8479703 0.6891951 0.7259737 0.7445243 0.6934325 0.7124429 0.4703961 0.5773839 0.5752579 0.6245633 0.7638536 0.6036559 0.6066108 0.6814499 0.6027007 0.6154898 0.7219593 0.8043568 0.5009680 0.4828187 0.4597030 0.5041754 0.8473942 0.8673082 0.8820681 0.9182960 0.8966733 0.9383583 0.9142182 0.8485901 0.9034634 0.8673482 0.8641303 0.8823201 0.8866773 0.8611442 0.8100047 0.8603170 0.9369896 0.8983149 0.8554177 0.8855995 0.8748420 0.8743416 0.8569865 0.9027148 0.8462305 0.8516008 0.8379059 0.8229681 0.8991813 1.1389770 0.9275309 0.8566601 0.9002479 0.8737547 0.8234246 0.8349183 0.8055956 0.7653315 0.7316831 0.8352107 0.7020454 0.6611401 0.6160476 0.5704815 0.7583267 0.5754821 0.5748646 0.5981464 0.6678856 2.0166957 2.1003545 1.9947581 2.7113227 
A1.CY.05.CY051.FJ388903                0.5084272 0.5686975 0.5305240 0.6222917 0.6718351 0.6955623 0.7140767 0.3735118 0.3633627 0.3946181 0.2415178 0.0000000 0.3624142 0.4494221 0.6818533 0.6696253 0.7535827 0.6726908 0.6976456 0.6941747 0.6912283 0.6462259 0.6925317 0.7548762 0.8156754 0.7873218 0.6439191 0.6802992 0.6861412 0.6383432 0.6684019 0.4201217 0.5185521 0.5274253 0.5730204 0.6930657 0.5423912 0.5512646 0.6190047 0.5471639 0.5547242 0.6717023 0.7475555 0.4518973 0.4301353 0.3964951 0.4602223 0.8185269 0.8254755 0.8483167 0.8786304 0.8478851 0.9189611 0.8784613 0.8221739 0.8591671 0.8340880 0.8423944 0.8398153 0.8425387 0.8046003 0.7764457 0.8218448 0.8866476 0.8657021 0.8341711 0.8603151 0.8422653 0.8593840 0.8216757 0.8674998 0.8237845 0.8257906 0.8081576 0.8023500 0.8809417 1.0998408 0.8889904 0.8108883 0.8641631 0.8401964 0.8010661 0.7891700 0.7734069 0.7241008 0.6810214 0.7594682 0.6611512 0.6217019 0.5734196 0.5377840 0.7167895 0.5255497 0.5237389 0.5556628 0.6033267 1.9173522 1.9440448 1.9442233 2.6994974 
A1.UG.11.DEMA110UG001.KF859745         0.5102821 0.5698671 0.5221052 0.6093218 0.6737850 0.6816876 0.7162352 0.3916643 0.3853944 0.4052804 0.4178179 0.3624142 0.0000000 0.4525642 0.7140774 0.6674609 0.7433511 0.6745588 0.6817850 0.6954227 0.7006147 0.6507741 0.7075169 0.7655692 0.8202097 0.8114978 0.6454336 0.6678568 0.6806059 0.6508399 0.6618342 0.4210816 0.5375761 0.5446265 0.5905689 0.7359831 0.5585760 0.5728846 0.6409117 0.5500384 0.5815254 0.6791637 0.7632126 0.4560090 0.4459986 0.3940935 0.4515532 0.8089329 0.8258964 0.8580503 0.8670452 0.8654909 0.8993310 0.8550211 0.7940213 0.8299751 0.8339920 0.8437567 0.8161064 0.8447615 0.8143691 0.7725902 0.8318342 0.8948108 0.8568455 0.8141968 0.8554048 0.8335520 0.8433219 0.8277094 0.8561444 0.8339326 0.8153652 0.8023396 0.7916114 0.8513755 1.1169503 0.8824864 0.8052891 0.8611646 0.8567130 0.7734101 0.7809098 0.7500544 0.7202112 0.6584972 0.7982803 0.6609923 0.6096356 0.5508696 0.5315772 0.7065839 0.5224777 0.5182525 0.5633706 0.6055373 1.9174934 1.9897353 1.9125247 2.8024161 
A1C.UG.99.99UGF25926.AF484491          0.5713354 0.6259393 0.6118751 0.6793229 0.7442819 0.7824406 0.7761581 0.4795068 0.4677024 0.4872273 0.4920315 0.4494221 0.4525642 0.0000000 0.6048230 0.5722132 0.6565528 0.6192771 0.6258564 0.6333985 0.6270521 0.5896468 0.6247112 0.6749843 0.7313490 0.7289129 0.5639130 0.6127129 0.6085569 0.5478352 0.5947120 0.4771205 0.5886987 0.6015617 0.6303612 0.7860734 0.6202581 0.6296766 0.6922322 0.6154147 0.6312032 0.7344398 0.8061217 0.5090329 0.4991995 0.4644504 0.5387893 0.8785251 0.9151912 0.9389037 0.9485156 0.9446118 0.9951694 0.9324871 0.8683999 0.9227676 0.9075587 0.9131502 0.8921343 0.9343129 0.8838509 0.8417845 0.8912882 0.9589415 0.9237783 0.8946867 0.9149236 0.8977372 0.9137092 0.9013451 0.9337946 0.9048761 0.8826802 0.8769752 0.8599965 0.9292028 1.2114417 0.9409833 0.8708655 0.9242509 0.9263523 0.8522381 0.8797129 0.8180166 0.7831752 0.7373101 0.8672807 0.7119118 0.7031990 0.6286288 0.6102521 0.7513461 0.5938240 0.5743913 0.6243057 0.6777660 1.9722704 2.0235889 2.0338655 2.7680327 
A1C.IN.15.SC017.KY713232               0.8223216 0.8919782 0.8713826 0.9101621 1.0157179 1.0445423 1.0113599 0.7330247 0.7124205 0.7459214 0.7451111 0.6818533 0.7140774 0.6048230 0.0000000 0.6322317 0.6857067 0.6321010 0.6625305 0.6724368 0.6539469 0.6284218 0.6712344 0.7206957 0.7743478 0.7781374 0.5813801 0.6309023 0.6404734 0.5865312 0.6134755 0.7173382 0.8434886 0.8518393 0.8949483 1.0282576 0.8610842 0.8721952 0.9188372 0.8718731 0.8742964 0.9946964 1.0490453 0.7643977 0.7550329 0.7214304 0.7898186 1.1281731 1.1299428 1.1710599 1.2022484 1.1653232 1.2601730 1.1960990 1.1172244 1.1715450 1.1611591 1.1391070 1.1369930 1.1510305 1.1543918 1.1065567 1.1408733 1.1959278 1.1658179 1.1535065 1.1654395 1.1563471 1.1516971 1.1238525 1.1755547 1.1177204 1.1249864 1.1114200 1.1120448 1.1668221 1.4258330 1.1929544 1.1293078 1.1821934 1.1533879 1.1122224 1.1125305 1.0551950 1.0333792 0.9897677 1.1112581 0.9577484 0.9579541 0.8783664 0.8548886 1.0034094 0.8418203 0.8486139 0.8752981 0.9375432 2.1007865 2.2087895 2.2078868 3.0336206 
C.IL.99.99ET14.AY255825                0.7710039 0.8259942 0.8105158 0.8836068 0.9428215 0.9580262 0.9809756 0.7060324 0.6678569 0.7011684 0.7200080 0.6696253 0.6674609 0.5722132 0.6322317 0.0000000 0.4424892 0.4149160 0.4365649 0.4579494 0.4346609 0.3903970 0.4408849 0.5126034 0.5646717 0.5355653 0.3693172 0.4154964 0.4135278 0.3748484 0.3866163 0.6872851 0.8048858 0.8297077 0.8417628 1.0056390 0.8273568 0.8292001 0.9094820 0.8318027 0.8372302 0.9568040 1.0192999 0.7272251 0.7240157 0.6879974 0.7522617 1.0762716 1.0941600 1.1274817 1.1501940 1.1602743 1.2167875 1.1532389 1.0829964 1.1411919 1.1078349 1.1243230 1.0818271 1.1404655 1.1113895 1.0553757 1.1179438 1.1851525 1.1632771 1.0998289 1.1351043 1.1265141 1.1389658 1.1330470 1.1185006 1.1156240 1.1257214 1.0715306 1.1014236 1.1359005 1.3958614 1.1744787 1.0962484 1.1628818 1.1564636 1.0818465 1.0811067 1.0446364 1.0271305 0.9767779 1.0857217 0.9207055 0.9088648 0.8289892 0.8175275 0.9906773 0.7994806 0.7939768 0.8310052 0.8983447 2.1699434 2.2284148 2.1659357 2.9234744 
C.SE.09.035ZA.MF373148                 0.8376613 0.8905748 0.8744995 0.9559455 1.0425526 1.0428161 1.0388656 0.7640596 0.7480529 0.7663701 0.7806217 0.7535827 0.7433511 0.6565528 0.6857067 0.4424892 0.0000000 0.4900684 0.4975369 0.5166697 0.4890176 0.4738813 0.4989073 0.5845725 0.6253404 0.5983001 0.4405744 0.4784438 0.4891301 0.4455871 0.4543997 0.7734630 0.8766932 0.8893062 0.9095139 1.0604387 0.9045769 0.9081853 0.9713455 0.9101885 0.8983566 1.0234041 1.0935090 0.7998584 0.7933586 0.7582831 0.7997360 1.1509565 1.1644085 1.2291015 1.2454905 1.2374776 1.2725166 1.2308919 1.1509309 1.1875234 1.2020174 1.1864521 1.1706022 1.2074063 1.1907072 1.1261560 1.1590525 1.2771597 1.2480071 1.1974292 1.2026870 1.1989095 1.2040461 1.1888071 1.2309415 1.1744465 1.1696052 1.1606961 1.1650494 1.2196894 1.4166601 1.2210825 1.1758927 1.2146559 1.2233396 1.1520914 1.1798114 1.0953760 1.0749796 1.0433181 1.1654148 1.0150390 1.0183446 0.9209899 0.8866153 1.0558726 0.8867534 0.8768543 0.9019045 0.9569270 2.2436522 2.3312479 2.2579461 3.0381508 
C.ZA.04.04ZASK135B1.DQ011166           0.7751243 0.8493786 0.8354553 0.9071863 0.9824217 1.0032724 1.0021888 0.7075153 0.7093950 0.7366830 0.7383729 0.6726908 0.6745588 0.6192771 0.6321010 0.4149160 0.4900684 0.0000000 0.3146102 0.3347075 0.3642026 0.3363022 0.3778229 0.4508016 0.5006264 0.4684568 0.3322848 0.4099967 0.4112570 0.3646917 0.3837490 0.7130334 0.8288395 0.8460609 0.8632544 1.0143892 0.8566517 0.8471045 0.9229572 0.8404692 0.8516115 0.9836635 1.0481107 0.7527483 0.7457913 0.7055047 0.7755825 1.0713473 1.1081122 1.1723898 1.1719845 1.1729522 1.1871882 1.1623158 1.0834157 1.1244968 1.1090408 1.1285334 1.0817024 1.1430607 1.0953146 1.0416861 1.1123281 1.1701734 1.1751667 1.1232009 1.1512909 1.1576808 1.1693240 1.1133992 1.1344377 1.1329241 1.1069155 1.0811669 1.1065835 1.1395877 1.3817658 1.1945624 1.0925461 1.1240401 1.1436599 1.0957423 1.0700460 1.0673575 1.0269597 0.9703852 1.1047197 0.9463218 0.9237630 0.8519233 0.8300761 0.9834586 0.8226476 0.8003878 0.8347774 0.8994835 2.1298355 2.2406057 2.1675530 3.0237738 
C.ZA.03.03ZAPS130MB1.DQ275658          0.8005227 0.8756862 0.8458878 0.9180655 1.0024655 0.9910295 0.9972342 0.7053449 0.7018967 0.7447728 0.7474448 0.6976456 0.6817850 0.6258564 0.6625305 0.4365649 0.4975369 0.3146102 0.0000000 0.2797730 0.3709664 0.3366498 0.3868030 0.4571663 0.5152045 0.4911463 0.3395841 0.4164298 0.4199006 0.3805413 0.3912437 0.7238119 0.8376251 0.8493695 0.8780271 1.0201895 0.8459587 0.8462856 0.9354973 0.8677099 0.8594583 0.9755983 1.0655734 0.7505265 0.7586899 0.7192742 0.7658617 1.0871023 1.1521239 1.1469055 1.1833795 1.1830559 1.2053574 1.1825122 1.1163200 1.1508464 1.1521935 1.1265329 1.1119812 1.1409145 1.1303753 1.0690137 1.1374932 1.2219759 1.2053190 1.1732146 1.1662603 1.1481247 1.1700738 1.1347717 1.1622873 1.1516646 1.1400560 1.1186957 1.1262954 1.1578651 1.4266430 1.2070476 1.1307768 1.1801539 1.1530330 1.1162744 1.1104698 1.0513714 1.0180064 0.9907728 1.1127514 0.9599652 0.9500709 0.8785451 0.8301343 0.9885693 0.8502881 0.8142385 0.8556984 0.9232976 2.1793651 2.2914668 2.2145447 3.0319132 
C.ZA.97.97ZA012.AF286227               0.8129204 0.8635254 0.8676825 0.9448324 1.0100431 1.0222726 1.0447615 0.7318232 0.7218891 0.7563410 0.7497159 0.6941747 0.6954227 0.6333985 0.6724368 0.4579494 0.5166697 0.3347075 0.2797730 0.0000000 0.3848438 0.3649325 0.4017368 0.4861123 0.5181436 0.5096668 0.3606658 0.4421160 0.4435790 0.4059161 0.4013000 0.7337485 0.8718566 0.8836048 0.8809531 1.0731558 0.8777678 0.8771031 0.9624739 0.8798140 0.8931474 1.0051508 1.0804562 0.7740141 0.7721937 0.7288383 0.7896599 1.1123126 1.1621748 1.1818565 1.1864907 1.2197137 1.2312557 1.1654877 1.1231295 1.1708823 1.1531893 1.1527697 1.1474335 1.1728215 1.1651980 1.0835691 1.1301559 1.2243491 1.2056949 1.1625833 1.1977204 1.1968243 1.1908817 1.1716714 1.1669344 1.1772181 1.1431317 1.1312343 1.1372141 1.1784660 1.4424310 1.2134437 1.1240488 1.2025528 1.1611473 1.1005977 1.1413418 1.0723825 1.0312626 0.9799797 1.1111484 0.9377559 0.9731430 0.9000897 0.8685028 1.0321196 0.8478775 0.8419472 0.8699936 0.9274463 2.1724359 2.2882454 2.2959632 3.0133040 
C.BW.98.98BWMC14A3.AF443078            0.8191635 0.8685589 0.8579201 0.9298804 1.0228764 1.0409312 1.0100979 0.7239975 0.7099669 0.7442433 0.7301605 0.6912283 0.7006147 0.6270521 0.6539469 0.4346609 0.4890176 0.3642026 0.3709664 0.3848438 0.0000000 0.3380850 0.3790771 0.4543779 0.5159173 0.5002727 0.3384367 0.4204215 0.4164693 0.3809156 0.3945087 0.7415617 0.8552920 0.8650887 0.9217570 1.0272413 0.8828320 0.8734236 0.9668222 0.8840730 0.9053545 0.9943352 1.0398245 0.7794089 0.7714901 0.7404458 0.7851438 1.1498938 1.1764810 1.1693364 1.2103542 1.2114790 1.2539049 1.2053387 1.1470292 1.1971229 1.1657846 1.1902999 1.1431259 1.2008517 1.1729291 1.1198111 1.1531194 1.2174487 1.1894718 1.1736123 1.1888796 1.1693138 1.1914384 1.1509693 1.2020855 1.1868332 1.1468415 1.1362757 1.1584587 1.2050750 1.4246630 1.2353390 1.1479318 1.1913528 1.1991539 1.1200801 1.1494019 1.0676809 1.0377517 1.0089265 1.1135002 1.0001257 0.9618869 0.8852784 0.8662838 0.9983160 0.8350292 0.8231350 0.8689602 0.9240803 2.1706414 2.2473283 2.1498142 2.9063074 
C.ZA.99.99ZALT4.EU293444               0.7760402 0.8518525 0.8071267 0.8750370 0.9615761 0.9520875 0.9654984 0.6808632 0.6876830 0.7011375 0.7118958 0.6462259 0.6507741 0.5896468 0.6284218 0.3903970 0.4738813 0.3363022 0.3366498 0.3649325 0.3380850 0.0000000 0.3026597 0.4212386 0.4681199 0.4490207 0.2967929 0.3863854 0.3873579 0.3416209 0.3456602 0.6983774 0.7929258 0.8270070 0.8502762 0.9791476 0.8344295 0.8434173 0.9111521 0.8484348 0.8507681 0.9459989 1.0174310 0.7233968 0.7171243 0.6748696 0.7458947 1.0505023 1.0734329 1.1410361 1.1416029 1.1386575 1.1941936 1.1472541 1.0491950 1.1250649 1.1133335 1.1287007 1.0888558 1.1148749 1.0858585 1.0286846 1.0742052 1.1696906 1.1263522 1.1203628 1.1384979 1.1108611 1.1198760 1.0743315 1.1081831 1.0679803 1.0692796 1.0702905 1.0697601 1.1218743 1.3891993 1.1545534 1.0716254 1.1199004 1.1052027 1.0581989 1.0597874 1.0268479 0.9907483 0.9684630 1.0700681 0.8997648 0.9269258 0.8438035 0.8052025 0.9742505 0.8160713 0.7968243 0.8380420 0.9129307 2.1466015 2.2361708 2.1366020 2.9241919 
C.ZA.02.02ZAPS015MB1.DQ369995          0.8216809 0.8731298 0.8620554 0.9328868 1.0046154 1.0342210 1.0174291 0.7186159 0.7218307 0.7546102 0.7570607 0.6925317 0.7075169 0.6247112 0.6712344 0.4408849 0.4989073 0.3778229 0.3868030 0.4017368 0.3790771 0.3026597 0.0000000 0.4701041 0.5196593 0.4892223 0.3532389 0.4401990 0.4219085 0.3896567 0.4046026 0.7404531 0.8334617 0.8429972 0.8772624 1.0205866 0.8671421 0.8747420 0.9422468 0.8603378 0.8782815 0.9894695 1.0544691 0.7670679 0.7812195 0.7196120 0.8032458 1.0984508 1.1153691 1.1583436 1.1870928 1.1790426 1.2283379 1.1618527 1.0925988 1.1589007 1.1471663 1.1341048 1.1227658 1.1454708 1.1378360 1.0777768 1.1241491 1.2023270 1.1767470 1.1516461 1.1441097 1.1400686 1.1601409 1.1353376 1.1658269 1.1250246 1.1437291 1.1114227 1.1229881 1.1800602 1.4357446 1.2115050 1.1042374 1.1766246 1.1378091 1.1002614 1.0926122 1.0658389 1.0439625 0.9846510 1.1270383 0.9619670 0.9769374 0.8822274 0.8433261 1.0263190 0.8512342 0.8564750 0.8842158 0.9534854 2.2487808 2.3121886 2.1654224 3.0557266 
C.GB.14.13659_1_48.3.MF109437          0.8552238 0.9413479 0.9144195 0.9492502 1.0438406 1.0621305 1.0482926 0.7831751 0.7820739 0.8183112 0.8204611 0.7548762 0.7655692 0.6749843 0.7206957 0.5126034 0.5845725 0.4508016 0.4571663 0.4861123 0.4543779 0.4212386 0.4701041 0.0000000 0.5537801 0.5198552 0.4044131 0.4906144 0.4978382 0.4638424 0.4660046 0.7754615 0.9045554 0.9139946 0.9363982 1.0950342 0.9337336 0.9242685 1.0103413 0.9204867 0.9363045 1.0508018 1.1303913 0.8518008 0.8385298 0.7810726 0.8400583 1.1684672 1.2155089 1.2519504 1.2427054 1.2610441 1.2951567 1.2323708 1.1659416 1.2193588 1.2073486 1.2290957 1.2002962 1.2048257 1.1869171 1.1322525 1.1926590 1.2820363 1.2459262 1.1828021 1.2418419 1.2252921 1.2362762 1.2073612 1.2443245 1.2175468 1.1867526 1.1836877 1.1584276 1.2333898 1.5088580 1.2775221 1.1822665 1.2432449 1.2301800 1.1659921 1.1984522 1.1387552 1.1028771 1.0529682 1.1933708 1.0429955 0.9982466 0.9222033 0.9015006 1.0567609 0.8974592 0.8954838 0.9080686 0.9974924 2.2679281 2.2750044 2.2960562 3.0628319 
BC.CN.07.07CNYN340.KF835526            0.9314006 1.0102697 0.9761098 1.0211236 1.1035041 1.1082014 1.1093771 0.8406148 0.8441161 0.8750970 0.8724883 0.8156754 0.8202097 0.7313490 0.7743478 0.5646717 0.6253404 0.5006264 0.5152045 0.5181436 0.5159173 0.4681199 0.5196593 0.5537801 0.0000000 0.4017473 0.4720425 0.5485546 0.5649164 0.5141844 0.5211807 0.8410438 0.9457373 0.9701857 0.9980498 1.1546257 0.9727483 0.9806786 1.0590763 0.9839731 0.9866149 1.1385501 1.1768359 0.8801760 0.8838100 0.8306284 0.8838531 1.2233072 1.2327121 1.2456975 1.2813725 1.2913520 1.3191049 1.2838235 1.2032360 1.2733848 1.2638330 1.2784695 1.2290778 1.2336476 1.2275579 1.1610271 1.2220965 1.3416153 1.2782606 1.2412771 1.2627451 1.2659821 1.2805927 1.2583030 1.2682341 1.2354796 1.2221015 1.2481715 1.2358982 1.2967652 1.5467129 1.3214557 1.2484746 1.3017878 1.2421017 1.1973989 1.1849487 1.1746165 1.1517798 1.1047430 1.2499180 1.0886057 1.0769446 1.0177626 0.9719850 1.1394257 0.9840876 0.9722213 0.9832227 1.0461129 2.3014581 2.4191045 2.3570730 3.0994619 
85_BC.CN.14.14CN_SCYB4.KU992932        0.9093444 0.9863062 0.9554333 1.0402247 1.1039439 1.1274990 1.1187290 0.8167633 0.8280754 0.8271959 0.8479703 0.7873218 0.8114978 0.7289129 0.7781374 0.5355653 0.5983001 0.4684568 0.4911463 0.5096668 0.5002727 0.4490207 0.4892223 0.5198552 0.4017473 0.0000000 0.4474889 0.5272722 0.5193666 0.4767712 0.4957686 0.8332888 0.9434025 0.9726141 0.9780416 1.1392885 0.9558295 0.9807429 1.0666648 0.9792755 0.9899454 1.0984829 1.1863664 0.8698879 0.8608035 0.8213439 0.8883681 1.1943256 1.2151029 1.2659982 1.2387697 1.2506469 1.3160849 1.2760915 1.1800568 1.2217540 1.1946681 1.2520083 1.1700721 1.2304213 1.2215595 1.1542394 1.1977661 1.2642719 1.2687916 1.2370210 1.2363354 1.2186358 1.2346682 1.2092111 1.2425209 1.2095312 1.2075721 1.2052878 1.2134037 1.2670499 1.5340537 1.2699484 1.2211992 1.2630009 1.2259967 1.1863307 1.1776146 1.1834832 1.1688666 1.0968067 1.2501077 1.0824421 1.0555551 0.9943107 0.9753170 1.1444504 0.9593145 0.9464578 0.9819494 1.0290869 2.2692733 2.3828029 2.3196862 3.1087339 
C.BW.00.00BW076820.AF443089            0.7457016 0.8258985 0.7923814 0.8635894 0.9327171 0.9556262 0.9651630 0.6673386 0.6617962 0.6791212 0.6891951 0.6439191 0.6454336 0.5639130 0.5813801 0.3693172 0.4405744 0.3322848 0.3395841 0.3606658 0.3384367 0.2967929 0.3532389 0.4044131 0.4720425 0.4474889 0.0000000 0.3583086 0.3638406 0.3230453 0.3393855 0.6748002 0.7725720 0.8154175 0.8444723 0.9811310 0.8255359 0.8203088 0.8932334 0.8076786 0.8311103 0.9375659 1.0167697 0.7062004 0.7121952 0.6655155 0.7292516 1.0361583 1.0631868 1.0830021 1.1403311 1.1275841 1.1596795 1.1113274 1.0260114 1.0835775 1.0670321 1.0824453 1.0396448 1.0731621 1.0748759 1.0051883 1.0684476 1.1421051 1.0950975 1.0762646 1.0942359 1.1013187 1.0932853 1.0702422 1.0847307 1.0867709 1.0600021 1.0526738 1.0556961 1.1294470 1.3604728 1.1398778 1.0596374 1.1068935 1.1072574 1.0477653 1.0563897 1.0013736 0.9989410 0.9339525 1.0489770 0.8865299 0.9009667 0.8252755 0.7868461 0.9358924 0.7745671 0.7612603 0.8033912 0.8721294 2.1216543 2.1677802 2.1219739 2.9145205 
C.ZA.04.04ZASK170B1.DQ093595           0.7864890 0.8436845 0.8316769 0.8907139 0.9538247 0.9770198 0.9782813 0.6828153 0.6948693 0.7337866 0.7259737 0.6802992 0.6678568 0.6127129 0.6309023 0.4154964 0.4784438 0.4099967 0.4164298 0.4421160 0.4204215 0.3863854 0.4401990 0.4906144 0.5485546 0.5272722 0.3583086 0.0000000 0.3418391 0.2963036 0.3378935 0.6947103 0.8123393 0.8469005 0.8563436 1.0118453 0.8475883 0.8410208 0.9196696 0.8304606 0.8488142 0.9738076 1.0125132 0.7496994 0.7325697 0.6931734 0.7462489 1.0790693 1.0960117 1.1438032 1.1456890 1.1473529 1.2275401 1.1520365 1.0497247 1.1414204 1.1187936 1.1294883 1.1118072 1.1330193 1.0961175 1.0563725 1.0889756 1.1826614 1.1502788 1.1124485 1.1177318 1.1225670 1.1328590 1.0950460 1.1234873 1.1204022 1.1102842 1.0878378 1.1051070 1.1567553 1.3712509 1.1667467 1.0945568 1.1448807 1.1395082 1.0705303 1.0792848 1.0298710 0.9867052 0.9646723 1.0787953 0.9235592 0.9177609 0.8384468 0.8151990 0.9909289 0.8127204 0.8127154 0.8389227 0.9150951 2.1546662 2.2365304 2.1714312 2.9329281 
C.TZ.02.CO6721.AY734560                0.7962107 0.8384329 0.8240074 0.8928475 0.9307234 0.9744095 0.9916574 0.7015200 0.7112850 0.7259884 0.7445243 0.6861412 0.6806059 0.6085569 0.6404734 0.4135278 0.4891301 0.4112570 0.4199006 0.4435790 0.4164693 0.3873579 0.4219085 0.4978382 0.5649164 0.5193666 0.3638406 0.3418391 0.0000000 0.2462824 0.3395368 0.7015707 0.8235429 0.8440200 0.8492019 1.0019556 0.8414060 0.8575709 0.9434413 0.8430755 0.8566218 0.9610026 1.0238552 0.7492450 0.7478509 0.7006915 0.7452158 1.0797836 1.0816733 1.1328365 1.1317448 1.1594626 1.1832242 1.1427074 1.0639237 1.1253281 1.0930587 1.1144316 1.0680406 1.1016597 1.0842038 1.0485203 1.0769394 1.1639016 1.1402718 1.1041224 1.1062740 1.1000373 1.1189494 1.1150475 1.1251721 1.1141126 1.1217766 1.0722790 1.0898646 1.1480397 1.4105223 1.1651814 1.1046672 1.1585404 1.1467198 1.0649815 1.0649320 1.0310682 1.0005774 0.9450222 1.0713570 0.9175899 0.9314289 0.8392775 0.8106975 0.9701778 0.8182873 0.8021166 0.8342041 0.9087774 2.1980394 2.2368445 2.1885664 3.0528058 
C.TZ.01.BD39_8.AY253313                0.7569514 0.8172924 0.7998750 0.8793942 0.9364782 0.9414964 0.9400106 0.6695498 0.6511438 0.6951877 0.6934325 0.6383432 0.6508399 0.5478352 0.5865312 0.3748484 0.4455871 0.3646917 0.3805413 0.4059161 0.3809156 0.3416209 0.3896567 0.4638424 0.5141844 0.4767712 0.3230453 0.2963036 0.2462824 0.0000000 0.3075915 0.6653039 0.7749620 0.8049831 0.8287342 0.9660642 0.7982907 0.8121411 0.8990251 0.8035954 0.8072178 0.9168778 0.9859812 0.6989110 0.7139416 0.6519657 0.7232807 1.0396089 1.0596775 1.0770920 1.1065907 1.1170787 1.1460191 1.1066758 1.0298347 1.0871311 1.0911341 1.1107649 1.0424753 1.0729854 1.0347637 1.0095763 1.0417595 1.1206472 1.1103430 1.0769852 1.0826739 1.0773231 1.0862230 1.0684591 1.0906377 1.0721731 1.0756054 1.0536348 1.0497679 1.1150909 1.3672684 1.1345644 1.0443637 1.0932793 1.0693117 1.0283429 1.0280833 0.9926877 0.9637403 0.9251868 1.0414002 0.8777822 0.8945928 0.8023315 0.8072979 0.9424934 0.7812371 0.7831539 0.7972958 0.8663471 2.1114371 2.2331681 2.1466247 2.9567966 
C.ZA.03.03ZAPS067MB2.DQ396389          0.7732465 0.8451329 0.7909191 0.8744543 0.9548553 0.9483096 0.9730817 0.6781243 0.6674162 0.6877890 0.7124429 0.6684019 0.6618342 0.5947120 0.6134755 0.3866163 0.4543997 0.3837490 0.3912437 0.4013000 0.3945087 0.3456602 0.4046026 0.4660046 0.5211807 0.4957686 0.3393855 0.3378935 0.3395368 0.3075915 0.0000000 0.7011015 0.8090225 0.8493222 0.8579064 1.0007537 0.8462277 0.8360552 0.8968657 0.8386293 0.8527444 0.9482861 1.0234979 0.7265525 0.7296846 0.6804170 0.7381828 1.0607779 1.0728518 1.1317007 1.0976560 1.1416571 1.1783516 1.1276264 1.0588157 1.1176919 1.0791958 1.0874837 1.0603089 1.0987388 1.0738615 1.0304051 1.0868804 1.1478014 1.1203646 1.0911317 1.1008455 1.0900996 1.0987412 1.0848577 1.1087402 1.0986235 1.0713004 1.0625339 1.0709851 1.1272140 1.3577952 1.1232996 1.0743429 1.1323019 1.0919989 1.0569418 1.0820082 1.0047522 1.0047542 0.9541575 1.0754231 0.9144477 0.9049362 0.8274113 0.8113414 0.9735727 0.7852286 0.7874982 0.8132722 0.8802570 2.1490177 2.2123387 2.1321566 2.9499230 
A1D.UG.99.99UGJ21953.AF484496          0.5662080 0.5893472 0.5684769 0.6594739 0.7396036 0.7348488 0.7632275 0.4550743 0.4388649 0.4558229 0.4703961 0.4201217 0.4210816 0.4771205 0.7173382 0.6872851 0.7734630 0.7130334 0.7238119 0.7337485 0.7415617 0.6983774 0.7404531 0.7754615 0.8410438 0.8332888 0.6748002 0.6947103 0.7015707 0.6653039 0.7011015 0.0000000 0.5809751 0.5829715 0.6212995 0.7683168 0.5985345 0.6115630 0.6833614 0.5928510 0.6160693 0.7250222 0.7847734 0.4993152 0.4786251 0.4476614 0.5016573 0.8632842 0.8626220 0.9126208 0.9283066 0.9025392 0.9318682 0.9024904 0.8400961 0.8932413 0.8740185 0.8810846 0.8760807 0.9013304 0.8648485 0.8145876 0.8737672 0.9342595 0.8927723 0.8679459 0.9005640 0.8859365 0.9073241 0.8552998 0.9101896 0.8960809 0.8700150 0.8520921 0.8382224 0.9106024 1.1460604 0.9255108 0.8669436 0.9163173 0.8974782 0.8242681 0.8340823 0.8078894 0.7769672 0.7167987 0.8471752 0.6861028 0.6738247 0.6202461 0.5708973 0.7521011 0.5643897 0.5571202 0.6045078 0.6469747 1.9548464 2.0140948 1.9823507 2.8237352 
01_AE.CN.02.YN0236.JX112866            0.5982325 0.6695898 0.6456475 0.7172089 0.7712952 0.8065159 0.7970770 0.5648322 0.5495608 0.5669675 0.5773839 0.5185521 0.5375761 0.5886987 0.8434886 0.8048858 0.8766932 0.8288395 0.8376251 0.8718566 0.8552920 0.7929258 0.8334617 0.9045554 0.9457373 0.9434025 0.7725720 0.8123393 0.8235429 0.7749620 0.8090225 0.5809751 0.0000000 0.1565548 0.2062525 0.3591450 0.2009646 0.2002401 0.2893485 0.2149851 0.2445185 0.4580481 0.5293381 0.4162301 0.5208497 0.4915755 0.5410845 0.8955881 0.8978303 0.9313303 0.9627380 0.9357484 0.9867955 0.9566049 0.8984750 0.9425015 0.9224100 0.9412223 0.9163491 0.9351092 0.8763089 0.8537644 0.9091126 0.9845220 0.9285366 0.9133290 0.9769829 0.9304634 0.9843044 0.9478854 0.9460908 0.9394329 0.9233357 0.9093319 0.8908242 0.9396267 1.1931238 0.9750057 0.9051426 0.9647242 0.9545007 0.8647335 0.8962288 0.8209149 0.8083789 0.7685261 0.8809037 0.7613370 0.7267116 0.6696957 0.6400249 0.8255869 0.6339206 0.6364113 0.6732646 0.7335607 2.0840308 2.1477392 2.0881888 2.9400591 
01_AE.TH.99.99TH_C4460.AY945726        0.6182503 0.6650610 0.6670771 0.7313905 0.7786716 0.8161814 0.8209101 0.5583066 0.5685487 0.5722254 0.5752579 0.5274253 0.5446265 0.6015617 0.8518393 0.8297077 0.8893062 0.8460609 0.8493695 0.8836048 0.8650887 0.8270070 0.8429972 0.9139946 0.9701857 0.9726141 0.8154175 0.8469005 0.8440200 0.8049831 0.8493222 0.5829715 0.1565548 0.0000000 0.2156766 0.3634561 0.2040881 0.2072395 0.2917682 0.2129729 0.2485534 0.4748856 0.5465541 0.4374739 0.5169047 0.5017420 0.5569236 0.9108314 0.9442210 0.9790246 1.0036672 0.9839070 1.0294875 0.9921706 0.9424791 0.9972710 0.9699616 0.9973206 0.9738141 0.9794031 0.9170077 0.9033052 0.9370167 1.0161250 0.9931111 0.9603825 0.9967631 0.9738316 1.0002654 0.9796145 0.9879351 0.9711244 0.9562371 0.9620971 0.9132501 0.9781275 1.2208042 1.0135747 0.9419620 0.9941832 0.9951441 0.9096286 0.9279473 0.8535987 0.8474551 0.7896322 0.9008215 0.7633608 0.7415668 0.6855603 0.6590005 0.8238701 0.6351316 0.6575996 0.6832870 0.7320978 2.0940045 2.1422569 2.1076026 2.9782769 
01_AE.CN.07.GX070143.JX112835          0.6440000 0.7141539 0.6763066 0.7593841 0.8182051 0.8376285 0.8565500 0.5980353 0.6054565 0.6040042 0.6245633 0.5730204 0.5905689 0.6303612 0.8949483 0.8417628 0.9095139 0.8632544 0.8780271 0.8809531 0.9217570 0.8502762 0.8772624 0.9363982 0.9980498 0.9780416 0.8444723 0.8563436 0.8492019 0.8287342 0.8579064 0.6212995 0.2062525 0.2156766 0.0000000 0.4049585 0.2416611 0.2504642 0.3375190 0.2592380 0.2883486 0.5073748 0.5783247 0.4753949 0.5664319 0.5465501 0.6012632 0.9329104 0.9376762 0.9922447 1.0270523 1.0053271 1.0358917 1.0134192 0.9531853 0.9940640 0.9765439 0.9911254 0.9926318 0.9882314 0.9565468 0.9135364 0.9681768 1.0334819 1.0044973 0.9587089 1.0021255 0.9865702 1.0103475 1.0024394 1.0109138 0.9909965 0.9872421 0.9746025 0.9305932 1.0014786 1.2871864 1.0286345 0.9688179 1.0150399 0.9977981 0.9300604 0.9247532 0.8995020 0.8598163 0.8112481 0.9188624 0.8135361 0.7830064 0.7213886 0.6817918 0.8745936 0.6710069 0.6774920 0.7176602 0.7599244 2.1439292 2.1935618 2.1341546 2.9157048 
69_01B.JP.05.05JPMYC113SP420.LC027100  0.7812656 0.8360446 0.8120659 0.8705414 0.9429460 0.9604933 0.9687220 0.7575103 0.7465743 0.7748102 0.7638536 0.6930657 0.7359831 0.7860734 1.0282576 1.0056390 1.0604387 1.0143892 1.0201895 1.0731558 1.0272413 0.9791476 1.0205866 1.0950342 1.1546257 1.1392885 0.9811310 1.0118453 1.0019556 0.9660642 1.0007537 0.7683168 0.3591450 0.3634561 0.4049585 0.0000000 0.3896627 0.3940862 0.4824980 0.4006179 0.4205961 0.6398868 0.7181164 0.6118086 0.7113002 0.6681554 0.7327058 1.1013135 1.0885159 1.1533436 1.1766609 1.1409716 1.1889137 1.1806621 1.0987314 1.1354500 1.1219578 1.1296696 1.1185765 1.1354586 1.0840601 1.0612540 1.1152494 1.1790247 1.1642655 1.0979960 1.1547785 1.1385615 1.1531259 1.1340178 1.1905312 1.1345534 1.1175686 1.1234292 1.0928280 1.1606506 1.3968154 1.1697290 1.1103714 1.1717259 1.1695349 1.0861180 1.0690660 1.0097106 0.9904917 0.9562611 1.0626689 0.9425530 0.9129374 0.8440928 0.8098502 0.9838898 0.8134828 0.8094612 0.8394256 0.8914076 2.2928739 2.2589826 2.2193209 3.0150413 
01_AE.TH.07.AA030a04.JX447057          0.6207068 0.6911686 0.6696491 0.7478960 0.7993236 0.8308547 0.8208438 0.5727113 0.5835944 0.5908655 0.6036559 0.5423912 0.5585760 0.6202581 0.8610842 0.8273568 0.9045769 0.8566517 0.8459587 0.8777678 0.8828320 0.8344295 0.8671421 0.9337336 0.9727483 0.9558295 0.8255359 0.8475883 0.8414060 0.7982907 0.8462277 0.5985345 0.2009646 0.2040881 0.2416611 0.3896627 0.0000000 0.2313298 0.3191115 0.2390201 0.2705284 0.5013291 0.5555368 0.4470389 0.5338271 0.5174540 0.5759534 0.9388544 0.9451068 0.9681297 0.9877069 0.9784500 1.0117998 1.0105525 0.9293252 0.9861131 0.9557039 0.9885867 0.9726071 0.9711697 0.9098150 0.8926440 0.9510378 1.0477036 0.9900535 0.9697404 1.0155216 0.9876498 1.0139571 0.9804320 1.0065118 0.9833070 0.9462999 0.9524954 0.9438252 0.9706946 1.2415315 1.0258004 0.9429711 1.0002584 0.9836814 0.9079478 0.9382485 0.8631440 0.8384559 0.7966743 0.9180099 0.7937801 0.7603140 0.7049990 0.6679667 0.8519231 0.6511272 0.6685159 0.6888584 0.7437461 2.0835766 2.1572054 2.1205280 2.9770109 
01_AE.CN.07.07CNYN326.KF835513         0.6347698 0.7034544 0.6746220 0.7571429 0.8147672 0.8345953 0.8448555 0.5904460 0.5972014 0.5965030 0.6066108 0.5512646 0.5728846 0.6296766 0.8721952 0.8292001 0.9081853 0.8471045 0.8462856 0.8771031 0.8734236 0.8434173 0.8747420 0.9242685 0.9806786 0.9807429 0.8203088 0.8410208 0.8575709 0.8121411 0.8360552 0.6115630 0.2002401 0.2072395 0.2504642 0.3940862 0.2313298 0.0000000 0.3217699 0.2424731 0.2804077 0.5122335 0.5694461 0.4585338 0.5486113 0.5354035 0.5888338 0.9192306 0.9332083 0.9756356 1.0043887 0.9923072 1.0275630 0.9934321 0.9432455 1.0132624 0.9617158 0.9685211 0.9631304 0.9831245 0.9123095 0.9010984 0.9370693 1.0260392 0.9879630 0.9627127 1.0102299 0.9878467 1.0146258 1.0035023 1.0170524 0.9844305 0.9676410 0.9445727 0.9272036 0.9988130 1.2411617 0.9992757 0.9351395 1.0102201 1.0116949 0.9158053 0.9342211 0.8798886 0.8757361 0.8159078 0.9191870 0.7951947 0.7679731 0.7066036 0.6846546 0.8372631 0.6685757 0.6620283 0.6942659 0.7541217 2.0963497 2.1231956 2.1191369 2.9996465 
