100
02A1.GH.97.97GH_AG2.AB052867           0.0000000 0.3670483 0.4472523 0.5175088 0.5926572 0.6165425 0.6141493 0.5244875 0.5389615 0.5385251 0.5683728 0.5094961 0.5132044 0.5844569 0.8016589 0.7880063 0.8710059 0.8274073 0.8126480 0.8389615 0.8056089 0.7818704 0.8332116 0.9176436 0.9491419 0.8972519 0.7676796 0.8229184 0.8327076 0.7811374 0.8044273 0.5599330 0.6173558 0.5995908 0.6438956 0.7904206 0.6575888 0.6484226 0.7221563 0.6232053 0.6624160 0.7927209 0.8402289 0.5489562 0.5362222 0.4865126 0.4604827 0.7740929 0.7785560 0.8270739 0.8531728 0.8502703 0.8207404 0.8383977 0.7735014 0.8174365 0.7746273 0.7748919 0.8221318 0.8191115 0.7630578 0.7422142 0.8045983 0.8455044 0.8402701 0.7884129 0.8218694 0.8177188 0.7975182 0.7859553 0.8120051 0.8066019 0.7708412 0.7508363 0.7696368 0.8275606 1.0711499 0.8400519 0.7874565 0.8413710 0.8272180 0.7379203 0.7525861 0.7286764 0.6692797 0.6579555 0.7584493 0.6231975 0.5069108 0.4204040 0.3852459 0.5497011 0.3417160 0.3421464 0.3560181 0.4357198 1.7553539 1.8254934 1.7462654 2.3754797 
02A.CI.16.DEURF16CI011.MH078538        0.3670483 0.0000000 0.4997805 0.5730533 0.6429505 0.6853067 0.6717793 0.5866366 0.5831879 0.5872397 0.6099900 0.5584280 0.5614612 0.6434429 0.8859346 0.8517192 0.9218552 0.8660094 0.8795405 0.8856454 0.8817328 0.8600488 0.8915975 0.9573422 1.0003027 0.9553634 0.8411152 0.8766862 0.8811098 0.8115620 0.8828300 0.6045392 0.6630171 0.6455270 0.7158251 0.8273694 0.7040373 0.7050220 0.7668896 0.6828080 0.7010580 0.8292033 0.8823113 0.6058158 0.5806441 0.5510356 0.5049532 0.8357624 0.8488310 0.8972574 0.9110979 0.8986838 0.8800793 0.8877593 0.8112536 0.8552159 0.8235613 0.8322972 0.8621059 0.8628024 0.8252037 0.7911672 0.8390072 0.8891155 0.8724527 0.8420533 0.8814581 0.8723881 0.8437724 0.8598621 0.8558074 0.8614592 0.8152316 0.8083298 0.8157576 0.8780594 1.1287912 0.9050094 0.8551041 0.8847078 0.8661234 0.7983208 0.8056567 0.7665533 0.7128709 0.7158468 0.8164588 0.6658009 0.5535812 0.4811914 0.4520768 0.5891407 0.4027179 0.3895786 0.4146547 0.4895362 1.8457198 1.8821158 1.8105700 2.4887950 
AGU.CM.06.770_8.MH705142               0.4472523 0.4997805 0.0000000 0.5041269 0.5888033 0.6071356 0.6213333 0.5541843 0.5586288 0.5601070 0.5824070 0.5409466 0.5427917 0.6088397 0.8532777 0.8414439 0.9152105 0.8452079 0.8609452 0.8868487 0.8594914 0.8388950 0.8698902 0.9338261 0.9877870 0.9467401 0.8311199 0.8621113 0.8669291 0.8165356 0.8466610 0.5855686 0.6401847 0.6300492 0.6753459 0.8439509 0.6744938 0.6763392 0.7593868 0.6717792 0.6772916 0.8006814 0.8727537 0.5749999 0.5738670 0.5203210 0.4784629 0.7902365 0.7962159 0.8561937 0.8499774 0.8676540 0.8369078 0.8300258 0.7795571 0.8470568 0.7947327 0.7903078 0.8212095 0.8076217 0.7708845 0.7524565 0.7911333 0.8582578 0.8459610 0.8014504 0.8299417 0.8147062 0.7898507 0.8029963 0.8145058 0.8187314 0.7733978 0.7724696 0.7781035 0.8420989 1.0790294 0.8524602 0.7987090 0.8510697 0.8197653 0.7675194 0.7625943 0.7748493 0.6985971 0.6772844 0.7851250 0.6428796 0.5535489 0.5209266 0.4796082 0.6669696 0.4531742 0.4538686 0.4734892 0.5433050 1.8240418 1.8647199 1.8533071 2.4263976 
G.NG.92.92NG083_JV10832.U88826         0.5175088 0.5730533 0.5041269 0.0000000 0.3500958 0.3763003 0.3867853 0.6246625 0.6184976 0.6197106 0.6420842 0.6099159 0.5993310 0.6773873 0.9483576 0.8877606 0.9938519 0.9230330 0.9257053 0.9187284 0.9174902 0.8703818 0.9185754 1.0193901 1.0414127 1.0021963 0.8746554 0.9082494 0.9071788 0.8877927 0.8868288 0.6303173 0.7293698 0.7156107 0.7673687 0.8986127 0.7508524 0.7550484 0.8349397 0.7150894 0.7406233 0.8839009 0.9463427 0.6351700 0.6265748 0.5868050 0.5625202 0.9088439 0.8842107 0.9599635 0.9584838 0.9503433 0.9328056 0.9337506 0.8717873 0.9290677 0.9022808 0.8883022 0.9090810 0.9098895 0.8880930 0.8590655 0.9117987 0.9495825 0.9441718 0.8910771 0.9202614 0.9049154 0.8952021 0.9092828 0.9046356 0.9087558 0.8745123 0.8780564 0.8826022 0.9254068 1.1737124 0.9535533 0.9161766 0.9530640 0.9270557 0.8517500 0.8511456 0.8380161 0.7941665 0.7504343 0.8620720 0.7150690 0.6445192 0.5726716 0.5472735 0.7204432 0.5235412 0.5203442 0.5464415 0.6045213 1.9719714 1.9934128 2.0034144 2.5351566 
G.NG.09.09NG010261.KX389626            0.5926572 0.6429505 0.5888033 0.3500958 0.0000000 0.4627213 0.4735513 0.7004483 0.6925160 0.7087085 0.7234752 0.6760211 0.6728484 0.7694707 1.0353210 0.9854704 1.1093014 0.9984906 1.0041090 1.0282914 1.0105718 1.0028454 1.0338522 1.1065658 1.1321533 1.1026330 0.9853560 0.9757883 0.9919108 0.9727727 0.9854172 0.7235164 0.8161750 0.7866040 0.8276172 1.0038844 0.8460244 0.8389710 0.8919181 0.7923131 0.8326632 0.9379732 1.0300562 0.7087758 0.7209809 0.6663024 0.6485488 0.9893172 0.9728398 1.0423668 1.0614314 1.0425439 1.0102913 1.0281826 0.9684096 1.0176559 0.9978698 0.9945262 1.0094787 1.0092693 0.9975116 0.9559175 0.9893874 1.0418145 1.0143242 0.9870185 1.0491391 1.0001414 1.0126274 0.9960395 0.9971015 0.9971797 0.9655765 0.9549558 0.9541509 1.0377990 1.2625658 1.0260230 0.9780087 1.0446934 1.0260885 0.9354315 0.9722647 0.9080324 0.8587391 0.8268387 0.9272407 0.8075416 0.7313982 0.6671114 0.6335929 0.8193301 0.6097852 0.6058509 0.6260072 0.6915194 2.0249792 2.0811650 2.0226887 2.6687738 
01F2G.CM.02.LT31.JN864056              0.6165425 0.6853067 0.6071356 0.3763003 0.4627213 0.0000000 0.3799481 0.7142121 0.7326820 0.7345870 0.7530185 0.7087350 0.7112342 0.7754546 1.0770284 1.0164272 1.1076939 1.0291078 1.0323597 1.0603752 1.0423408 1.0167860 1.0299773 1.1269065 1.1562880 1.0985620 0.9952740 1.0034376 1.0163496 0.9815617 1.0096329 0.7333111 0.8186299 0.7948128 0.8640006 0.9906697 0.8441838 0.8418779 0.9366159 0.8159529 0.8416106 0.9906912 1.0353461 0.7403522 0.7224038 0.6873590 0.6648578 0.9870493 0.9901742 1.0352908 1.0706441 1.0335735 1.0222962 1.0042680 0.9567975 1.0048079 0.9882124 0.9459865 0.9942064 1.0055227 0.9830317 0.9503089 0.9795710 1.0517787 1.0291393 0.9716911 1.0083427 0.9751110 0.9716806 0.9925509 1.0057875 1.0048782 0.9697890 0.9634284 0.9573479 1.0222143 1.2889815 1.0425512 0.9828162 1.0344332 1.0152905 0.9296627 0.9763005 0.9233717 0.8800466 0.8558750 0.9772060 0.8191040 0.7402233 0.6639166 0.6379677 0.8257854 0.6296615 0.6304795 0.6293022 0.7135183 1.9930781 2.0734776 2.0380486 2.6465479 
BCG.ES.15.100_119.KY496623             0.6141493 0.6717793 0.6213333 0.3867853 0.4735513 0.3799481 0.0000000 0.7065556 0.7295318 0.7277215 0.7481912 0.7116027 0.7003208 0.7653236 1.0507152 0.9781389 1.0744269 1.0077894 1.0068551 1.0327231 1.0136235 0.9698601 1.0194866 1.1307330 1.1523786 1.0997078 0.9920559 1.0107151 1.0252377 0.9785654 1.0068247 0.7392183 0.8411215 0.8066547 0.8694583 1.0034800 0.8531915 0.8668073 0.9317212 0.8360093 0.8516483 1.0035675 1.0524877 0.7463374 0.7286351 0.6769410 0.6538480 0.9808651 0.9840589 1.0598700 1.0612479 1.0432492 1.0039212 1.0563372 0.9949757 1.0341525 1.0077959 1.0052461 1.0105614 1.0055800 0.9910159 0.9630705 1.0164511 1.0728768 1.0545576 0.9824817 1.0408165 1.0021076 0.9875303 0.9810030 1.0108648 1.0069781 0.9836334 0.9477861 0.9635823 1.0446262 1.2767552 1.0576643 1.0070823 1.0421072 1.0244289 0.9514129 0.9766697 0.9343154 0.8761208 0.8601359 0.9610430 0.8179116 0.7464126 0.6913424 0.6546969 0.8207575 0.6287985 0.6238519 0.6359372 0.7254822 2.0620880 2.0893952 2.0839049 2.7054904 
A1.KE.06.06KECst_028.FJ623479          0.5244875 0.5866366 0.5541843 0.6246625 0.7004483 0.7142121 0.7065556 0.0000000 0.3216385 0.3936007 0.4161520 0.3707862 0.3997723 0.4938482 0.7257903 0.7147377 0.7792001 0.7304694 0.7190777 0.7523861 0.7337660 0.6985655 0.7525503 0.8050229 0.8337780 0.7971404 0.6730694 0.7169229 0.7450762 0.6968199 0.7060868 0.4453902 0.5560967 0.5373228 0.5915645 0.7417135 0.5703767 0.5885509 0.6672193 0.5699899 0.5917818 0.7065922 0.7649045 0.4974604 0.4810240 0.4247769 0.4937631 0.8173544 0.8401414 0.8897805 0.8965108 0.8887666 0.8723193 0.8660924 0.8129647 0.8564663 0.8282086 0.8441316 0.8581522 0.8555604 0.8134834 0.8030162 0.8096883 0.9051980 0.9020573 0.8345977 0.8942836 0.8545460 0.8590055 0.8377280 0.8525227 0.8636324 0.8040957 0.8093584 0.8134541 0.8677358 1.1400210 0.8989562 0.8461498 0.8687333 0.8487071 0.7961261 0.8156832 0.7801881 0.7475150 0.7205893 0.8160048 0.6672108 0.6238004 0.5769338 0.5692518 0.7260411 0.5236516 0.5285411 0.5464849 0.6248652 2.0088961 2.0263860 2.0359937 2.5556340 
A1.KE.06.06KECst_013.FJ623485          0.5389615 0.5831879 0.5586288 0.6184976 0.6925160 0.7326820 0.7295318 0.3216385 0.0000000 0.3871062 0.4193933 0.3749299 0.3925397 0.4772519 0.7172086 0.7112852 0.7709804 0.7100804 0.7236724 0.7604214 0.7196461 0.7092575 0.7522443 0.8177741 0.8444316 0.7954841 0.6826506 0.7170600 0.7400041 0.6821054 0.7247651 0.4506756 0.5634547 0.5530511 0.5912170 0.7505088 0.5928959 0.5870294 0.6529314 0.5689572 0.5870244 0.7075878 0.7695230 0.4854079 0.4831318 0.4329012 0.4837338 0.8125145 0.8188034 0.8713906 0.9135163 0.9049082 0.8841050 0.8754977 0.8176695 0.8893528 0.8497262 0.8482555 0.8764196 0.8775764 0.8385236 0.7957309 0.8500621 0.9320719 0.8781989 0.8185647 0.8841489 0.8550160 0.8500717 0.8347674 0.8610973 0.8645008 0.8345826 0.8208771 0.8366730 0.8914762 1.1525181 0.9147873 0.8438964 0.8878153 0.8677208 0.8104521 0.8114340 0.7978334 0.7530061 0.7031320 0.8037832 0.6628025 0.6288355 0.5835364 0.5823563 0.7164746 0.5244790 0.5388726 0.5612097 0.6177714 1.9233187 2.0102360 2.0176219 2.4536879 
35_AD.AF.06.007H.GQ477450              0.5385251 0.5872397 0.5601070 0.6197106 0.7087085 0.7345870 0.7277215 0.3936007 0.3871062 0.0000000 0.4281859 0.3772019 0.4078024 0.4912194 0.7317993 0.6986767 0.7789577 0.7390066 0.7565409 0.7416157 0.7406878 0.7216393 0.7486511 0.8376080 0.8565066 0.8235207 0.7042312 0.7376165 0.7428011 0.6810412 0.7060015 0.4578070 0.5758590 0.5591816 0.6088948 0.7786095 0.5942421 0.5906764 0.6709423 0.5887068 0.6029955 0.7170909 0.7678785 0.4956109 0.4828239 0.4236374 0.5048738 0.8325300 0.8453118 0.8984001 0.9165311 0.9130740 0.9035587 0.8929555 0.8256074 0.8750366 0.8171070 0.8402135 0.8573435 0.8591900 0.8242363 0.7727422 0.8309094 0.9257157 0.8909082 0.8325415 0.8960672 0.8549216 0.8315110 0.8294273 0.8698331 0.8463276 0.8288054 0.8321167 0.8225810 0.8770978 1.1354490 0.9453426 0.8644223 0.8871377 0.8732592 0.8023850 0.8244839 0.7974810 0.7383900 0.7177538 0.8285405 0.6621028 0.6397822 0.5954714 0.5859031 0.7558856 0.5381902 0.5387818 0.5618257 0.6247106 1.8977718 1.9362502 1.9443846 2.5199736 
A1.CY.07.CY208.JF683760                0.5683728 0.6099900 0.5824070 0.6420842 0.7234752 0.7530185 0.7481912 0.4161520 0.4193933 0.4281859 0.0000000 0.2513645 0.4132455 0.5101321 0.7470055 0.7258574 0.7918497 0.7546613 0.7389810 0.7738516 0.7671592 0.7327144 0.7759087 0.8101278 0.8840377 0.8199362 0.7049152 0.7427540 0.7518711 0.6970886 0.7347290 0.4708457 0.5872489 0.5771437 0.6372285 0.7906027 0.6250795 0.6123883 0.6925910 0.6047300 0.6056956 0.7598012 0.7900251 0.5057518 0.5053734 0.4439319 0.5263945 0.8430462 0.8701176 0.9334971 0.9369395 0.9260574 0.9108233 0.9081686 0.8438459 0.9007968 0.8582764 0.8515570 0.8792108 0.8684637 0.8461767 0.8173638 0.8635926 0.9306809 0.9159194 0.8470886 0.8960931 0.8767423 0.8851676 0.8591135 0.8732169 0.8898113 0.8460382 0.8336426 0.8301691 0.9001620 1.1618340 0.9316866 0.8871501 0.9052723 0.8925996 0.8073970 0.8523265 0.8062188 0.7566300 0.7300415 0.8310522 0.6725763 0.6801247 0.5943338 0.6009694 0.7640587 0.5594509 0.5633575 0.6053756 0.6440691 1.9562246 2.0101387 2.0177124 2.5815751 
A1.CY.05.CY051.FJ388903                0.5094961 0.5584280 0.5409466 0.6099159 0.6760211 0.7087350 0.7116027 0.3707862 0.3749299 0.3772019 0.2513645 0.0000000 0.3653491 0.4525204 0.6995772 0.6751336 0.7483909 0.6980176 0.6983327 0.7373016 0.6997787 0.6905819 0.7145635 0.7788871 0.8395261 0.7705598 0.6703822 0.6998085 0.7069159 0.6440605 0.6879205 0.4217967 0.5339838 0.5152671 0.5696370 0.7287039 0.5578143 0.5560493 0.6308371 0.5472941 0.5523816 0.6815527 0.7308978 0.4682567 0.4524308 0.3919439 0.4562124 0.8012594 0.8108586 0.8592884 0.8792468 0.8804253 0.8725495 0.8644747 0.7940974 0.8460913 0.8000087 0.8170796 0.8437698 0.8209426 0.8160091 0.7708496 0.8113581 0.8692356 0.8662747 0.8144163 0.8696755 0.8307785 0.8182226 0.8143529 0.8310283 0.8356106 0.7856900 0.7888904 0.7880489 0.8357450 1.0969396 0.8847865 0.8286407 0.8560101 0.8417975 0.7695714 0.7835914 0.7405414 0.7059630 0.6780008 0.7829900 0.6313634 0.6097606 0.5440360 0.5473243 0.7143257 0.5035266 0.4998038 0.5295161 0.5859924 1.9237406 2.0129683 2.0425272 2.5405765 
A1.UG.11.DEMA110UG001.KF859745         0.5132044 0.5614612 0.5427917 0.5993310 0.6728484 0.7112342 0.7003208 0.3997723 0.3925397 0.4078024 0.4132455 0.3653491 0.0000000 0.4598560 0.7159617 0.6977359 0.7715997 0.7151842 0.7069342 0.7385157 0.7134197 0.6929354 0.7327987 0.7843480 0.8223021 0.7970493 0.6567934 0.7114222 0.7133523 0.6633578 0.6892327 0.4401017 0.5473773 0.5266099 0.5859796 0.7460473 0.5792686 0.5768966 0.6474086 0.5543159 0.5744028 0.6949287 0.7489271 0.4618909 0.4554042 0.3905866 0.4684787 0.8095689 0.8170737 0.8697390 0.8850889 0.8755039 0.8452275 0.8748350 0.8035925 0.8471735 0.8134149 0.8377594 0.8470782 0.8381178 0.8227825 0.7810665 0.8238438 0.8838622 0.8613239 0.8332651 0.8618618 0.8523864 0.8231162 0.8252879 0.8507937 0.8451651 0.8034993 0.7972729 0.8075721 0.8531119 1.0942683 0.8713973 0.8363978 0.8723602 0.8552587 0.7739087 0.7683959 0.7674775 0.7145483 0.6960351 0.7804017 0.6462472 0.6084829 0.5756155 0.5385714 0.7229297 0.5212819 0.5095482 0.5381183 0.5897222 1.8910942 1.9799611 1.9877264 2.5030780 
A1C.UG.99.99UGF25926.AF484491          0.5844569 0.6434429 0.6088397 0.6773873 0.7694707 0.7754546 0.7653236 0.4938482 0.4772519 0.4912194 0.5101321 0.4525204 0.4598560 0.0000000 0.6449967 0.6172860 0.6727240 0.6456769 0.6439849 0.6464069 0.6255737 0.6203650 0.6569446 0.7122044 0.7613961 0.7192778 0.5842394 0.6332386 0.6470702 0.5940034 0.6230844 0.4944838 0.6080899 0.6104786 0.6652580 0.8139328 0.6487007 0.6499979 0.7177807 0.6396460 0.6488106 0.7712618 0.8466093 0.5448871 0.5215033 0.4761633 0.5332727 0.8630000 0.8785886 0.9064796 0.9276407 0.9445780 0.9275603 0.9004749 0.8501856 0.9083063 0.8705880 0.8709415 0.8901697 0.8847006 0.8699421 0.8286934 0.8785194 0.9496671 0.9554628 0.8877149 0.9180302 0.9132366 0.8950581 0.8935943 0.8940118 0.9059209 0.8612953 0.8658577 0.8520684 0.9284550 1.1791980 0.9653438 0.9014398 0.9500828 0.9277925 0.8318248 0.8528410 0.8189331 0.7702094 0.7466984 0.8615770 0.7128596 0.6800448 0.6306759 0.6059606 0.8059855 0.5791095 0.5845621 0.6227332 0.6536208 1.9219718 2.0389566 1.9757290 2.5393862 
A1C.IN.15.SC017.KY713232               0.8016589 0.8859346 0.8532777 0.9483576 1.0353210 1.0770284 1.0507152 0.7257903 0.7172086 0.7317993 0.7470055 0.6995772 0.7159617 0.6449967 0.0000000 0.6386543 0.7173931 0.6761149 0.6743222 0.6800031 0.6684955 0.6508229 0.6907685 0.7546403 0.7890851 0.7440613 0.6125222 0.6760042 0.6831428 0.6431013 0.6521754 0.7420246 0.8547158 0.8292345 0.8694691 1.0746749 0.9024848 0.8855753 0.9266613 0.8522234 0.8738225 1.0196433 1.1199395 0.7887937 0.7668035 0.7326936 0.8010260 1.1264419 1.1300961 1.1844588 1.2063330 1.1987230 1.2091663 1.1989570 1.1187662 1.2004356 1.1435437 1.1515284 1.1409877 1.1735264 1.1449769 1.1221157 1.1536841 1.2180951 1.1893731 1.1683894 1.2314991 1.2050101 1.1768588 1.1450659 1.1294475 1.1652063 1.1553182 1.1215182 1.1331941 1.1885653 1.4199800 1.1931415 1.1517158 1.1923714 1.1999118 1.1188817 1.1262171 1.1001259 1.0573618 1.0490386 1.1049330 0.9675170 0.9419700 0.8749986 0.8627240 1.0392029 0.8446844 0.8383370 0.8715512 0.9177912 2.1959117 2.3226581 2.2643817 2.8328871 
C.IL.99.99ET14.AY255825                0.7880063 0.8517192 0.8414439 0.8877606 0.9854704 1.0164272 0.9781389 0.7147377 0.7112852 0.6986767 0.7258574 0.6751336 0.6977359 0.6172860 0.6386543 0.0000000 0.4373949 0.4185884 0.4209917 0.4458664 0.4111201 0.3973950 0.4358770 0.4983531 0.5132586 0.5072209 0.3754486 0.4158614 0.4123194 0.3808829 0.3909408 0.7279813 0.8272301 0.8276140 0.8560310 1.0124672 0.8578518 0.8576994 0.9363755 0.8537775 0.8455768 1.0112119 1.0431287 0.7866748 0.7684900 0.7141093 0.7667242 1.1105930 1.1183253 1.1363110 1.1898527 1.1837796 1.1885280 1.1630326 1.0834642 1.1415864 1.0962202 1.1105578 1.1212967 1.1285379 1.1102236 1.0819111 1.1163476 1.1677740 1.1765425 1.1130035 1.1630019 1.1467527 1.1330204 1.1121168 1.1446007 1.1301618 1.1073354 1.0810870 1.0872898 1.1364838 1.3970730 1.1934225 1.1161230 1.1588054 1.1457482 1.0794977 1.0772722 1.0645940 1.0286310 0.9993984 1.0729592 0.9530454 0.9321179 0.8680966 0.8237728 1.0334636 0.8280495 0.8108889 0.8348669 0.8850670 2.0703037 2.1619625 2.2284092 2.8213701 
C.SE.09.035ZA.MF373148                 0.8710059 0.9218552 0.9152105 0.9938519 1.1093014 1.1076939 1.0744269 0.7792001 0.7709804 0.7789577 0.7918497 0.7483909 0.7715997 0.6727240 0.7173931 0.4373949 0.0000000 0.4849820 0.4857450 0.5045202 0.4832099 0.4578928 0.5121487 0.5776410 0.6265663 0.5888848 0.4457167 0.4947913 0.4877525 0.4425541 0.4754798 0.7959834 0.9155156 0.9002838 0.9330236 1.1034190 0.9462117 0.9278850 0.9825902 0.9184767 0.9251764 1.0677101 1.1075017 0.8539573 0.8164091 0.7854745 0.8649660 1.1700046 1.1693544 1.2376838 1.2597192 1.2628474 1.2514614 1.2482520 1.1421209 1.2293841 1.1458329 1.1702685 1.2248546 1.2168878 1.1605327 1.1491654 1.2097689 1.2498784 1.2432482 1.1927776 1.2359181 1.1974754 1.1758969 1.1994796 1.2043499 1.1741965 1.1939265 1.1553758 1.1539225 1.2343317 1.5274908 1.2462173 1.2093634 1.2536780 1.2174128 1.1473056 1.1301189 1.0907515 1.0754641 1.0620675 1.1510714 1.0026717 0.9950519 0.9448368 0.8936851 1.0729787 0.8642940 0.8640254 0.8912833 0.9457911 2.2127184 2.2825880 2.3182291 2.7706642 
C.ZA.04.04ZASK135B1.DQ011166           0.8274073 0.8660094 0.8452079 0.9230330 0.9984906 1.0291078 1.0077894 0.7304694 0.7100804 0.7390066 0.7546613 0.6980176 0.7151842 0.6456769 0.6761149 0.4185884 0.4849820 0.0000000 0.3376251 0.3401139 0.3547936 0.3288675 0.3823490 0.4535712 0.4972286 0.4615509 0.3316721 0.4258323 0.4207205 0.3836888 0.4058650 0.7344182 0.8513788 0.8591181 0.8879631 1.0532094 0.9014218 0.8813590 0.9477663 0.8786605 0.8717615 1.0158214 1.0904597 0.7854276 0.7577921 0.7419616 0.8021226 1.0868262 1.1104781 1.1265643 1.1600418 1.1685081 1.1814587 1.1850309 1.0730245 1.1489463 1.0772060 1.1063405 1.1136055 1.1337494 1.0977038 1.0960722 1.1100424 1.1934178 1.1726665 1.1249477 1.1582945 1.1495428 1.1318795 1.1055760 1.1343032 1.1338536 1.1125063 1.0936021 1.0854177 1.1449909 1.4063006 1.1852479 1.1206044 1.1867182 1.1479172 1.0822654 1.1062191 1.0828451 1.0346985 1.0154715 1.0987922 0.9752566 0.9185476 0.8727412 0.8453102 1.0143318 0.8222632 0.8180165 0.8431864 0.8952895 2.1972500 2.2852016 2.2763577 2.7993779 
C.ZA.03.03ZAPS130MB1.DQ275658          0.8126480 0.8795405 0.8609452 0.9257053 1.0041090 1.0323597 1.0068551 0.7190777 0.7236724 0.7565409 0.7389810 0.6983327 0.7069342 0.6439849 0.6743222 0.4209917 0.4857450 0.3376251 0.0000000 0.2970360 0.3698448 0.3462336 0.4027911 0.4540550 0.5027297 0.4730482 0.3418222 0.4321565 0.4289516 0.3871450 0.4089913 0.7444273 0.8651790 0.8563036 0.8860356 1.0522165 0.9108779 0.8904697 0.9540617 0.8778931 0.8814498 1.0066270 1.0677564 0.8073543 0.7790374 0.7400545 0.7902220 1.0947480 1.1310160 1.1591083 1.1955191 1.1968536 1.2102792 1.2011483 1.0999259 1.1800456 1.1185404 1.1316841 1.1393680 1.1512973 1.1351452 1.1207016 1.1443427 1.2370838 1.1858909 1.1502829 1.1653796 1.1465635 1.1258949 1.1244424 1.1513339 1.1614666 1.1190487 1.1149051 1.0968845 1.1579376 1.4405697 1.1856738 1.1320474 1.2001657 1.1471113 1.1057091 1.1026761 1.0848848 1.0468270 1.0050810 1.0973777 0.9870056 0.9403115 0.8916905 0.8462813 1.0106205 0.8290013 0.8166003 0.8563321 0.8995036 2.2002197 2.2694774 2.2306836 2.8942775 
C.ZA.97.97ZA012.AF286227               0.8389615 0.8856454 0.8868487 0.9187284 1.0282914 1.0603752 1.0327231 0.7523861 0.7604214 0.7416157 0.7738516 0.7373016 0.7385157 0.6464069 0.6800031 0.4458664 0.5045202 0.3401139 0.2970360 0.0000000 0.3795475 0.3494424 0.4070757 0.4710087 0.5144817 0.4829741 0.3514051 0.4481147 0.4509939 0.4032225 0.4243376 0.7590553 0.8699725 0.8721216 0.9089929 1.1059254 0.9148916 0.9026432 0.9673767 0.8898003 0.8900122 1.0004134 1.0957815 0.8089020 0.7654148 0.7437596 0.8113209 1.1193874 1.1502443 1.1722438 1.2132275 1.1804674 1.1919455 1.2174731 1.1044082 1.1671634 1.1287763 1.1436759 1.1315081 1.1581133 1.1307588 1.1200157 1.1438711 1.2008603 1.1846049 1.1268077 1.1661513 1.1682267 1.1605594 1.1365570 1.1338469 1.1485332 1.1129962 1.1174424 1.0937556 1.1569807 1.4298014 1.2018484 1.1384505 1.1978098 1.1452837 1.1092472 1.0957609 1.0965729 1.0361344 1.0423798 1.1205862 0.9850739 0.9446598 0.9208155 0.8739881 1.0301742 0.8456733 0.8395747 0.8541018 0.9370937 2.2179236 2.3335009 2.2691660 2.8844796 
C.BW.98.98BWMC14A3.AF443078            0.8056089 0.8817328 0.8594914 0.9174902 1.0105718 1.0423408 1.0136235 0.7337660 0.7196461 0.7406878 0.7671592 0.6997787 0.7134197 0.6255737 0.6684955 0.4111201 0.4832099 0.3547936 0.3698448 0.3795475 0.0000000 0.3351452 0.3924725 0.4527087 0.5039812 0.4730753 0.3408330 0.4184839 0.4324682 0.3928002 0.4086998 0.7463331 0.8612513 0.8398152 0.8855178 1.0602077 0.9067104 0.8766999 0.9461231 0.8824916 0.8673053 0.9894868 1.0827326 0.7979826 0.7716703 0.7366897 0.7950337 1.0838971 1.1035418 1.1724642 1.1860596 1.1993788 1.1777213 1.1670578 1.0878308 1.1571887 1.1046202 1.0979627 1.1411964 1.1499123 1.1132368 1.0847974 1.0996215 1.2029541 1.1618533 1.1149825 1.1782465 1.1498794 1.1435923 1.1049213 1.1347339 1.1430445 1.1264824 1.0813909 1.0950106 1.1259069 1.4083159 1.2032246 1.1338726 1.1626861 1.1248811 1.0814713 1.1031562 1.0898615 1.0076225 1.0212753 1.1171212 0.9741793 0.9280236 0.8872597 0.8679401 1.0439492 0.8491162 0.8422526 0.8505337 0.9069544 2.1168217 2.1757853 2.2746396 2.7993324 
C.ZA.99.99ZALT4.EU293444               0.7818704 0.8600488 0.8388950 0.8703818 1.0028454 1.0167860 0.9698601 0.6985655 0.7092575 0.7216393 0.7327144 0.6905819 0.6929354 0.6203650 0.6508229 0.3973950 0.4578928 0.3288675 0.3462336 0.3494424 0.3351452 0.0000000 0.3086571 0.4225503 0.4732009 0.4310225 0.3090236 0.3971394 0.3980617 0.3522124 0.3797151 0.7113053 0.8259142 0.8241414 0.8536960 1.0245348 0.8741157 0.8438918 0.9166762 0.8327701 0.8567364 0.9819757 1.0577707 0.7599187 0.7425058 0.7159383 0.7965313 1.0689150 1.0798420 1.1304043 1.1856339 1.1690884 1.1618103 1.1431734 1.0641372 1.1457415 1.0831553 1.0841434 1.1152384 1.1148302 1.0884650 1.0791093 1.0746737 1.1715234 1.1364709 1.0675181 1.1177296 1.1168448 1.1004999 1.1035008 1.1072426 1.1372300 1.0863742 1.0583367 1.0565775 1.1120125 1.3919535 1.1548798 1.1015772 1.1453612 1.1184492 1.0737602 1.0722240 1.0621033 1.0063613 1.0085390 1.0878959 0.9495256 0.9188968 0.8859831 0.8513000 0.9902940 0.8246757 0.8055448 0.8312563 0.9036327 2.2016319 2.3281344 2.2855519 2.7826033 
C.ZA.02.02ZAPS015MB1.DQ369995          0.8332116 0.8915975 0.8698902 0.9185754 1.0338522 1.0299773 1.0194866 0.7525503 0.7522443 0.7486511 0.7759087 0.7145635 0.7327987 0.6569446 0.6907685 0.4358770 0.5121487 0.3823490 0.4027911 0.4070757 0.3924725 0.3086571 0.0000000 0.4765100 0.5184162 0.4833975 0.3593890 0.4487897 0.4398538 0.4053639 0.4286059 0.7565306 0.8708107 0.8662389 0.9259006 1.0436353 0.9096431 0.8832717 0.9601670 0.8815998 0.8911760 1.0113464 1.1017775 0.8091568 0.7877114 0.7520490 0.7970457 1.1017144 1.1375868 1.1873782 1.2181613 1.2126709 1.1980727 1.1819737 1.1084212 1.1918099 1.1209671 1.1471148 1.1501556 1.1612707 1.1168765 1.1035299 1.1379927 1.1993236 1.1813971 1.1376630 1.1563269 1.1544056 1.1327547 1.1305362 1.1664489 1.1851640 1.1305138 1.1054372 1.0880255 1.1591798 1.4596769 1.2011092 1.1557825 1.1882092 1.1441309 1.1037789 1.1097428 1.0977595 1.0750364 1.0411357 1.0879522 0.9889384 0.9556073 0.9062308 0.8564330 1.0545874 0.8353524 0.8531228 0.8688845 0.9099544 2.1732336 2.2952641 2.2560553 2.8770868 
C.GB.14.13659_1_48.3.MF109437          0.9176436 0.9573422 0.9338261 1.0193901 1.1065658 1.1269065 1.1307330 0.8050229 0.8177741 0.8376080 0.8101278 0.7788871 0.7843480 0.7122044 0.7546403 0.4983531 0.5776410 0.4535712 0.4540550 0.4710087 0.4527087 0.4225503 0.4765100 0.0000000 0.5451352 0.5053740 0.4226548 0.4946496 0.5001741 0.4600174 0.4794892 0.8288128 0.9121429 0.9197793 0.9518687 1.1276728 0.9778518 0.9502453 1.0245413 0.9564635 0.9706443 1.0671979 1.1392390 0.8747378 0.8407668 0.8026759 0.8755933 1.1656498 1.1968202 1.2501232 1.2787180 1.2914371 1.2532330 1.2521839 1.1748220 1.2400735 1.2130451 1.2016704 1.1992700 1.2484588 1.1965186 1.1614116 1.2085052 1.2757466 1.2667094 1.2004738 1.2183935 1.2281652 1.2014498 1.1921530 1.2372281 1.2254392 1.2010106 1.1734391 1.1676621 1.2313276 1.5113469 1.2761267 1.2232859 1.2706417 1.2250491 1.1878502 1.1550904 1.1790118 1.1297591 1.1171509 1.1960698 1.0399610 1.0118121 0.9833652 0.9461552 1.0963803 0.9217629 0.9194366 0.9479537 1.0209878 2.2722232 2.3746938 2.3481565 2.9656723 
BC.CN.07.07CNYN340.KF835526            0.9491419 1.0003027 0.9877870 1.0414127 1.1321533 1.1562880 1.1523786 0.8337780 0.8444316 0.8565066 0.8840377 0.8395261 0.8223021 0.7613961 0.7890851 0.5132586 0.6265663 0.4972286 0.5027297 0.5144817 0.5039812 0.4732009 0.5184162 0.5451352 0.0000000 0.3947732 0.4587570 0.5338810 0.5340438 0.4969082 0.5237899 0.8780563 0.9773953 0.9711639 1.0126095 1.1647577 1.0206823 0.9913434 1.0728797 1.0232926 0.9972704 1.1265841 1.2196232 0.8959721 0.8964264 0.8566451 0.9397652 1.2479208 1.2718874 1.2968369 1.3688218 1.3278802 1.3245203 1.2926452 1.2287548 1.2797871 1.2705224 1.2793490 1.2745804 1.2654322 1.2397425 1.2072755 1.2662796 1.3099624 1.3371887 1.2615617 1.2626292 1.2666489 1.2430814 1.2513695 1.2388563 1.2860033 1.2727206 1.2234366 1.2313674 1.2877091 1.5484087 1.3252216 1.2625478 1.3099083 1.2679245 1.2284265 1.2356961 1.1971569 1.1579331 1.1273691 1.2138770 1.1161591 1.0478911 1.0301071 1.0007672 1.1407056 0.9461883 0.9482522 0.9573452 1.0369101 2.3084244 2.4280803 2.4525239 3.0158160 
85_BC.CN.14.14CN_SCYB4.KU992932        0.8972519 0.9553634 0.9467401 1.0021963 1.1026330 1.0985620 1.0997078 0.7971404 0.7954841 0.8235207 0.8199362 0.7705598 0.7970493 0.7192778 0.7440613 0.5072209 0.5888848 0.4615509 0.4730482 0.4829741 0.4730753 0.4310225 0.4833975 0.5053740 0.3947732 0.0000000 0.4311848 0.5101099 0.5176660 0.4790555 0.4970703 0.8211130 0.9179129 0.8956933 0.9563454 1.1297812 0.9571516 0.9192368 1.0170368 0.9377861 0.9491662 1.0829064 1.1728033 0.8667420 0.8598370 0.8275294 0.8809319 1.1943043 1.2004423 1.2275885 1.2652174 1.2910814 1.2670280 1.2464608 1.1886837 1.2284357 1.1931108 1.1947321 1.2211492 1.2322528 1.1942570 1.1621048 1.2062836 1.2837753 1.2780535 1.1936607 1.2208716 1.2235886 1.2002751 1.2210669 1.2267376 1.2193980 1.2047246 1.1685067 1.1861482 1.2254456 1.4878980 1.2977420 1.2018132 1.2001398 1.2384058 1.1748371 1.1913776 1.1767751 1.1296094 1.1217083 1.1860448 1.0520364 1.0293338 0.9726065 0.9426405 1.1050847 0.9073053 0.9128487 0.9325879 1.0033724 2.2628881 2.3537767 2.3690792 2.9594314 
C.BW.00.00BW076820.AF443089            0.7676796 0.8411152 0.8311199 0.8746554 0.9853560 0.9952740 0.9920559 0.6730694 0.6826506 0.7042312 0.7049152 0.6703822 0.6567934 0.5842394 0.6125222 0.3754486 0.4457167 0.3316721 0.3418222 0.3514051 0.3408330 0.3090236 0.3593890 0.4226548 0.4587570 0.4311848 0.0000000 0.3838279 0.3902658 0.3428167 0.3586771 0.6918846 0.8062248 0.8105090 0.8445777 1.0030482 0.8469531 0.8226058 0.9043265 0.8274520 0.8328831 0.9584995 1.0226241 0.7450283 0.7269889 0.6958478 0.7700814 1.0738963 1.0814286 1.1239377 1.1744541 1.1429383 1.1457417 1.1651464 1.0786618 1.1331480 1.0780359 1.0792819 1.1001757 1.1069601 1.0761982 1.0657922 1.0972877 1.1471370 1.1470248 1.0896002 1.1350614 1.1303830 1.0941642 1.0898032 1.0900713 1.1249270 1.0803163 1.0709133 1.0506804 1.1066417 1.3632024 1.1383502 1.0847602 1.1447650 1.1051367 1.0605533 1.0769666 1.0687514 1.0140947 0.9978112 1.0664785 0.9511545 0.9010070 0.8550355 0.8196457 1.0060286 0.7991913 0.7710241 0.8062056 0.8679229 2.1370402 2.2544311 2.2299525 2.8553960 
C.ZA.04.04ZASK170B1.DQ093595           0.8229184 0.8766862 0.8621113 0.9082494 0.9757883 1.0034376 1.0107151 0.7169229 0.7170600 0.7376165 0.7427540 0.6998085 0.7114222 0.6332386 0.6760042 0.4158614 0.4947913 0.4258323 0.4321565 0.4481147 0.4184839 0.3971394 0.4487897 0.4946496 0.5338810 0.5101099 0.3838279 0.0000000 0.3454036 0.2969790 0.3588152 0.7366725 0.8382828 0.8393932 0.8555009 1.0217876 0.8817811 0.8630492 0.9230630 0.8679892 0.8826437 1.0146563 1.0555532 0.7840739 0.7726971 0.7251162 0.7929360 1.0668366 1.0910651 1.1113813 1.1702619 1.1445950 1.1512653 1.1401762 1.0814627 1.1222487 1.1111679 1.1158507 1.1210809 1.0865901 1.0876870 1.0622250 1.0963870 1.1523260 1.1644290 1.1024010 1.1556943 1.1211361 1.0920077 1.0789639 1.1047808 1.1206768 1.1185735 1.0650481 1.0912039 1.1162295 1.3859760 1.1488663 1.1155304 1.1909437 1.1239040 1.0694866 1.0817056 1.0409131 1.0216113 0.9792774 1.0925184 0.9958630 0.9441886 0.8757792 0.8706277 1.0446497 0.8459938 0.8283244 0.8622133 0.9246513 2.1075209 2.1565687 2.2956060 2.7108035 
C.TZ.02.CO6721.AY734560                0.8327076 0.8811098 0.8669291 0.9071788 0.9919108 1.0163496 1.0252377 0.7450762 0.7400041 0.7428011 0.7518711 0.7069159 0.7133523 0.6470702 0.6831428 0.4123194 0.4877525 0.4207205 0.4289516 0.4509939 0.4324682 0.3980617 0.4398538 0.5001741 0.5340438 0.5176660 0.3902658 0.3454036 0.0000000 0.2467877 0.3547777 0.7416449 0.8585357 0.8578624 0.8767422 1.0500091 0.9038488 0.8893524 0.9423481 0.8779440 0.8871192 1.0069284 1.0645869 0.7919596 0.7644725 0.7437179 0.7921391 1.1131990 1.1307621 1.1476214 1.1926515 1.1925848 1.1795021 1.1823320 1.1194428 1.1524793 1.1283299 1.1465311 1.1606907 1.1437125 1.1358157 1.1117614 1.1436751 1.1777145 1.1796146 1.1303341 1.1667466 1.1478042 1.1353967 1.1401648 1.1272331 1.1527680 1.1279218 1.0976020 1.0902211 1.1596420 1.4102669 1.2246049 1.1610501 1.1823169 1.1773498 1.0801872 1.1242213 1.0839269 1.0214013 1.0111612 1.1115287 0.9859361 0.9512230 0.8841446 0.8614433 1.0441619 0.8337647 0.8370574 0.8564128 0.9047541 2.2564712 2.3239895 2.3800816 2.9150296 
C.TZ.01.BD39_8.AY253313                0.7811374 0.8115620 0.8165356 0.8877927 0.9727727 0.9815617 0.9785654 0.6968199 0.6821054 0.6810412 0.6970886 0.6440605 0.6633578 0.5940034 0.6431013 0.3808829 0.4425541 0.3836888 0.3871450 0.4032225 0.3928002 0.3522124 0.4053639 0.4600174 0.4969082 0.4790555 0.3428167 0.2969790 0.2467877 0.0000000 0.3266778 0.6887349 0.8167450 0.7929490 0.8221152 0.9920822 0.8455485 0.8213107 0.9049188 0.8200403 0.8198801 0.9615463 1.0129977 0.7282017 0.7313811 0.6764769 0.7468726 1.0641133 1.0719343 1.1245460 1.1746160 1.1333210 1.1343184 1.1096014 1.0553231 1.1164189 1.0633508 1.0964531 1.0760525 1.1063739 1.0723286 1.0571308 1.0943794 1.1428514 1.1343225 1.0633300 1.1348194 1.1085125 1.0851342 1.0780401 1.0846623 1.1000686 1.0765940 1.0581513 1.0583072 1.1207580 1.3578786 1.1493907 1.0946525 1.1440657 1.0942736 1.0309965 1.0367297 1.0397666 0.9920826 0.9503123 1.0589138 0.9227265 0.9126178 0.8298372 0.8115225 0.9940876 0.7769100 0.7585363 0.8095242 0.8629606 2.1717234 2.2796421 2.3669283 2.7705686 
C.ZA.03.03ZAPS067MB2.DQ396389          0.8044273 0.8828300 0.8466610 0.8868288 0.9854172 1.0096329 1.0068247 0.7060868 0.7247651 0.7060015 0.7347290 0.6879205 0.6892327 0.6230844 0.6521754 0.3909408 0.4754798 0.4058650 0.4089913 0.4243376 0.4086998 0.3797151 0.4286059 0.4794892 0.5237899 0.4970703 0.3586771 0.3588152 0.3547777 0.3266778 0.0000000 0.7138658 0.8422112 0.8378823 0.8568927 1.0543338 0.8610970 0.8577465 0.9262747 0.8574891 0.8608802 0.9748656 1.0881841 0.7814883 0.7497593 0.7118241 0.7943181 1.0815217 1.1115272 1.1447713 1.2290718 1.1863264 1.2087861 1.1789174 1.1045204 1.1488327 1.1194080 1.1259564 1.1301887 1.1271595 1.1189923 1.0735748 1.1282475 1.1718209 1.1620811 1.1250520 1.1571939 1.1491005 1.1189043 1.1237401 1.1075248 1.1581528 1.1108002 1.0817987 1.0719711 1.1444276 1.4282407 1.1682753 1.1247773 1.1605560 1.1285247 1.0648394 1.1060108 1.0700431 1.0469527 0.9975709 1.1157870 0.9528102 0.9306201 0.8911042 0.8642533 1.0296271 0.8115147 0.8023429 0.8209653 0.8900969 2.2148800 2.2637986 2.3091518 2.8959395 
A1D.UG.99.99UGJ21953.AF484496          0.5599330 0.6045392 0.5855686 0.6303173 0.7235164 0.7333111 0.7392183 0.4453902 0.4506756 0.4578070 0.4708457 0.4217967 0.4401017 0.4944838 0.7420246 0.7279813 0.7959834 0.7344182 0.7444273 0.7590553 0.7463331 0.7113053 0.7565306 0.8288128 0.8780563 0.8211130 0.6918846 0.7366725 0.7416449 0.6887349 0.7138658 0.0000000 0.5939281 0.5699853 0.6157533 0.7793201 0.6079413 0.6118695 0.6998765 0.5858899 0.6138855 0.7309555 0.7892753 0.5158300 0.4926662 0.4588800 0.5175952 0.8563187 0.8429040 0.9027047 0.9248212 0.9268306 0.9119798 0.8976392 0.8474512 0.9031511 0.8472006 0.8356987 0.8872063 0.8739520 0.8486729 0.8155947 0.8654428 0.9189181 0.9203350 0.8467813 0.9191465 0.8864053 0.8610004 0.8813674 0.8689121 0.8880961 0.8561966 0.8491678 0.8533808 0.9147135 1.1369760 0.8968926 0.8763942 0.9030414 0.8843178 0.8132164 0.8399024 0.8004358 0.7513058 0.7407879 0.8593429 0.7148420 0.6669662 0.6072507 0.5869313 0.7776093 0.5613115 0.5698716 0.5816606 0.6372823 1.9034951 2.0242616 1.9744280 2.6063637 
01_AE.CN.02.YN0236.JX112866            0.6173558 0.6630171 0.6401847 0.7293698 0.8161750 0.8186299 0.8411215 0.5560967 0.5634547 0.5758590 0.5872489 0.5339838 0.5473773 0.6080899 0.8547158 0.8272301 0.9155156 0.8513788 0.8651790 0.8699725 0.8612513 0.8259142 0.8708107 0.9121429 0.9773953 0.9179129 0.8062248 0.8382828 0.8585357 0.8167450 0.8422112 0.5939281 0.0000000 0.1574460 0.2039687 0.3718514 0.2098485 0.2101253 0.2921364 0.2272671 0.2441240 0.4755014 0.5395633 0.4425336 0.5458323 0.5043539 0.5789822 0.9047126 0.9140129 0.9731063 0.9920697 0.9695180 0.9677192 0.9628636 0.9128125 0.9676511 0.9131029 0.9208608 0.9128076 0.9248651 0.9175399 0.8697558 0.9102880 1.0248443 0.9624690 0.9179597 0.9699008 0.9633307 0.9309890 0.9156677 0.9597398 0.9735576 0.9049056 0.9249791 0.9083963 0.9467261 1.1942323 0.9745870 0.9205043 0.9527700 0.9592039 0.8856014 0.8807139 0.8778656 0.8367859 0.8040497 0.8921698 0.7737409 0.7249701 0.6771470 0.6709188 0.8450355 0.6386295 0.6216748 0.6434640 0.6984479 2.0373075 2.0955242 2.0558659 2.6739644 
01_AE.TH.99.99TH_C4460.AY945726        0.5995908 0.6455270 0.6300492 0.7156107 0.7866040 0.7948128 0.8066547 0.5373228 0.5530511 0.5591816 0.5771437 0.5152671 0.5266099 0.6104786 0.8292345 0.8276140 0.9002838 0.8591181 0.8563036 0.8721216 0.8398152 0.8241414 0.8662389 0.9197793 0.9711639 0.8956933 0.8105090 0.8393932 0.8578624 0.7929490 0.8378823 0.5699853 0.1574460 0.0000000 0.2071485 0.3654774 0.2041274 0.2116834 0.2920748 0.2233949 0.2360205 0.4656956 0.5305891 0.4347119 0.5267461 0.4967926 0.5624964 0.8901830 0.8810723 0.9506633 0.9633831 0.9428995 0.9465724 0.9409382 0.8829410 0.9375877 0.8984925 0.8996787 0.8969695 0.8986054 0.9033589 0.8415091 0.8960347 0.9802371 0.9503382 0.8972918 0.9557250 0.9454409 0.9217215 0.9024928 0.9175339 0.9444551 0.8951356 0.8903362 0.8812938 0.9181275 1.1591864 0.9587887 0.9101932 0.9373225 0.9336898 0.8660447 0.8583242 0.8475647 0.7943502 0.7823604 0.8728380 0.7476337 0.7128722 0.6576171 0.6514794 0.8148633 0.6049359 0.6057195 0.6337136 0.6956445 2.0004635 2.1067820 2.0214281 2.7102600 
01_AE.CN.07.GX070143.JX112835          0.6438956 0.7158251 0.6753459 0.7673687 0.8276172 0.8640006 0.8694583 0.5915645 0.5912170 0.6088948 0.6372285 0.5696370 0.5859796 0.6652580 0.8694691 0.8560310 0.9330236 0.8879631 0.8860356 0.9089929 0.8855178 0.8536960 0.9259006 0.9518687 1.0126095 0.9563454 0.8445777 0.8555009 0.8767422 0.8221152 0.8568927 0.6157533 0.2039687 0.2071485 0.0000000 0.4126429 0.2437577 0.2502469 0.3329273 0.2587927 0.2789618 0.5265026 0.5872492 0.4861594 0.5822298 0.5470981 0.6155365 0.9376237 0.9410161 1.0129368 1.0267022 1.0087151 1.0177924 1.0344380 0.9591856 1.0264303 0.9525250 0.9715797 0.9620853 1.0007559 0.9566884 0.9179779 0.9608122 1.0466085 1.0118885 0.9682623 1.0297856 1.0242900 1.0098354 0.9517842 0.9987713 1.0145113 0.9543893 0.9439606 0.9459882 0.9952693 1.2071894 1.0266698 0.9792953 0.9886593 0.9880789 0.9119623 0.9322053 0.9007517 0.8408206 0.8545106 0.9478787 0.7982580 0.7533974 0.7135973 0.6961431 0.8641550 0.6729289 0.6684140 0.6826110 0.7483698 2.0604862 2.1512416 2.0461401 2.7407422 
69_01B.JP.05.05JPMYC113SP420.LC027100  0.7904206 0.8273694 0.8439509 0.8986127 1.0038844 0.9906697 1.0034800 0.7417135 0.7505088 0.7786095 0.7906027 0.7287039 0.7460473 0.8139328 1.0746749 1.0124672 1.1034190 1.0532094 1.0522165 1.1059254 1.0602077 1.0245348 1.0436353 1.1276728 1.1647577 1.1297812 1.0030482 1.0217876 1.0500091 0.9920822 1.0543338 0.7793201 0.3718514 0.3654774 0.4126429 0.0000000 0.4015321 0.4178989 0.4803304 0.4029338 0.4375133 0.6556150 0.7265071 0.6452566 0.7422904 0.7034167 0.7780490 1.0953091 1.0863489 1.1736760 1.1580752 1.1431926 1.1290613 1.1347910 1.1023395 1.1380352 1.0893667 1.0829722 1.1140372 1.0887967 1.0921930 1.0487517 1.1085150 1.1687681 1.1460452 1.0958823 1.1186546 1.1097460 1.0999718 1.0978604 1.1208413 1.1140109 1.0802029 1.1047300 1.0846108 1.1276667 1.3780070 1.1855424 1.1040986 1.1295893 1.1682534 1.0734772 1.0452631 1.0486862 1.0060183 0.9736987 1.0820306 0.9589646 0.9177718 0.8514375 0.8440960 1.0056075 0.8069398 0.8088285 0.8302218 0.8990348 2.2612825 2.3400881 2.2716999 2.8629577 
01_AE.TH.07.AA030a04.JX447057          0.6575888 0.7040373 0.6744938 0.7508524 0.8460244 0.8441838 0.8531915 0.5703767 0.5928959 0.5942421 0.6250795 0.5578143 0.5792686 0.6487007 0.9024848 0.8578518 0.9462117 0.9014218 0.9108779 0.9148916 0.9067104 0.8741157 0.9096431 0.9778518 1.0206823 0.9571516 0.8469531 0.8817811 0.9038488 0.8455485 0.8610970 0.6079413 0.2098485 0.2041274 0.2437577 0.4015321 0.0000000 0.2306779 0.3234044 0.2511616 0.2673093 0.5080511 0.5485542 0.4656117 0.5679724 0.5354982 0.5940492 0.9270176 0.9241951 0.9715402 0.9994038 0.9803353 0.9645684 0.9845290 0.9062133 0.9843492 0.9298997 0.9596625 0.9416177 0.9549810 0.9337888 0.8895367 0.9368689 1.0311001 0.9845908 0.9367713 1.0073087 0.9978657 0.9713394 0.9278449 0.9687844 0.9849157 0.9253208 0.9232477 0.9174431 0.9498479 1.2032059 0.9994786 0.9501210 0.9825161 0.9823910 0.8877208 0.9058733 0.9015254 0.8463898 0.8301854 0.9533866 0.7991593 0.7443887 0.7022185 0.6939029 0.8825515 0.6510266 0.6553767 0.6721556 0.7460061 2.0864943 2.1873073 2.1125436 2.7105502 
01_AE.CN.07.07CNYN326.KF835513         0.6484226 0.7050220 0.6763392 0.7550484 0.8389710 0.8418779 0.8668073 0.5885509 0.5870294 0.5906764 0.6123883 0.5560493 0.5768966 0.6499979 0.8855753 0.8576994 0.9278850 0.8813590 0.8904697 0.9026432 0.8766999 0.8438918 0.8832717 0.9502453 0.9913434 0.9192368 0.8226058 0.8630492 0.8893524 0.8213107 0.8577465 0.6118695 0.2101253 0.2116834 0.2502469 0.4178989 0.2306779 0.0000000 0.3294160 0.2533107 0.2742727 0.5077182 0.5743051 0.4643631 0.5608600 0.5242012 0.6043452 0.9488206 0.9324775 1.0170392 1.0235324 1.0124224 1.0054112 0.9955292 0.9285172 0.9738440 0.9487251 0.9422117 0.9688506 0.9841276 0.9465778 0.8974470 0.9386374 1.0518310 0.9844588 0.9703330 0.9937131 0.9914513 0.9738377 0.9505554 0.9574589 0.9918250 0.9359448 0.9313604 0.9224774 0.9737279 1.1996938 0.9970687 0.9726583 0.9896005 0.9903250 0.9042093 0.9213356 0.8995084 0.8516630 0.8340370 0.9417100 0.8009105 0.7527229 0.6933222 0.6859223 0.8546469 0.6673968 0.6502299 0.6794598 0.7477888 2.1052683 2.1582272 2.0563745 2.7592697 
