100
F1.BR.10.DEMF110BR015.KU749395         0.0000000 1.1271265 1.2039653 1.2421856 1.1262450 1.2053632 1.0580578 1.0724078 1.0858382 1.1130466 1.0569877 1.0994695 1.1187695 1.1149621 1.0962722 1.0825122 1.0827069 1.1157549 1.1217497 0.9406175 0.8597399 0.8712794 0.8904853 0.8619409 0.9090915 0.8927670 0.9058212 0.8909193 0.8929194 0.8785481 0.8822598 0.8184508 0.9278045 0.8474813 0.9225450 0.8430078 0.8525962 0.8926786 0.8727214 0.8866408 0.8231301 0.8103003 0.8059140 0.8802156 0.8884915 0.8490770 0.8544507 0.8523026 0.8344032 0.8668592 0.8398067 0.8690218 0.8592782 0.7961624 0.7250786 0.8185122 0.7849484 0.7425664 0.9674238 0.9440109 0.9149339 0.8390568 0.9174679 0.8736289 1.0179780 1.0676703 0.7704460 0.7884056 0.7714254 0.8190254 0.8403362 0.7315410 0.7694391 0.7638507 0.7572064 0.8465737 0.7231202 0.8407446 0.8054914 0.7703592 0.8101043 0.8128153 0.8603884 0.8037512 0.7927854 0.8014911 0.8264001 1.0838904 1.0206210 0.9105112 0.9174236 0.9108950 0.9289664 0.9440856 0.8910009 0.8918582 2.5505652 2.0357936 2.0932027 2.1963898 
A1C.IN.15.SC017.KY713232               1.1271265 0.0000000 0.7552964 0.7758366 0.6909639 0.7176285 0.6300231 0.6174153 0.6557893 0.6402127 0.5898261 0.6647847 0.6568643 0.6923900 0.6496342 0.6236260 0.6263705 0.6838024 1.3840056 1.2077736 1.1162445 1.1232989 1.1248152 1.1145278 1.1705752 1.1441623 1.1807309 1.1059695 1.1586923 1.1588693 1.1067706 1.0886008 1.1649907 1.0864372 1.1882434 1.1233183 1.1212961 1.1716496 1.1373854 1.1365290 1.1066027 1.0890575 1.0835629 1.0904068 1.1368766 1.1112291 1.0817915 1.1182671 1.1036673 1.0986836 1.0795092 1.1070680 1.0898160 1.0463794 0.9923465 1.0773075 1.0486356 0.9883953 1.0530041 1.0263838 1.0332579 0.9484228 0.9754330 0.9520833 0.9542848 1.0607438 0.8456875 0.9056304 0.8971040 0.8838110 0.9177398 0.8410864 0.8695503 0.8451643 0.8455094 0.6341592 0.7602429 0.7250212 0.7532836 0.7283769 0.7371799 0.7092507 0.7644171 0.7219835 0.7175476 0.7385299 0.8140341 1.0369237 0.9618998 0.8870657 0.8784022 0.8755894 0.8755921 0.8856140 0.8587184 0.8553568 2.9014690 2.1208228 2.2024092 2.2072164 
85_BC.CN.14.14CN_SCYB4.KU992932        1.2039653 0.7552964 0.0000000 0.4168275 0.5992849 0.5153802 0.5189780 0.5161207 0.5307246 0.5390041 0.4871034 0.4977571 0.5058718 0.5093646 0.4805306 0.4505455 0.4621740 0.5151276 1.4880109 1.3253240 1.2315346 1.2573307 1.2266764 1.2272217 1.2762229 1.2383970 1.2608994 1.2182064 1.2432738 1.2370984 1.2365345 1.1888003 1.2746710 1.2158629 1.2815774 1.2071976 1.2045072 1.2881931 1.2496732 1.3222887 1.2069906 1.1562737 1.1675671 1.2240188 1.2447039 1.2041245 1.2244492 1.2441486 1.2046889 1.2193040 1.1946756 1.2401706 1.2106117 1.1737052 1.0974629 1.1701492 1.1592310 1.0514909 1.1818064 1.1307949 1.1177725 1.0252844 1.1144990 1.0507043 1.1307929 1.1999373 0.9342064 0.9995667 0.9994056 0.9894887 1.0308080 0.9389079 0.9616092 0.9227364 0.9684163 0.7573718 0.8981653 0.8206954 0.8848398 0.8404849 0.8564620 0.8233803 0.8717640 0.8377856 0.8259238 0.8573568 0.8943970 1.1843406 1.0979618 1.0605792 1.0206036 1.0372156 1.0222342 1.0316206 1.0038031 0.9781616 2.9097463 2.2277599 2.1585003 2.3256957 
BC.CN.07.07CNYN340.KF835526            1.2421856 0.7758366 0.4168275 0.0000000 0.6013237 0.5457535 0.5297743 0.5216108 0.5394898 0.5349131 0.4922096 0.4970185 0.5163280 0.5163178 0.4949958 0.4625542 0.4619889 0.5118385 1.4421236 1.3378111 1.2705614 1.2485429 1.2704629 1.2571856 1.3110230 1.2704348 1.2933276 1.2747949 1.2659333 1.2442679 1.2710959 1.2171337 1.2657947 1.2656162 1.3166777 1.2469473 1.2390410 1.3092597 1.2520776 1.2943860 1.2229205 1.2059366 1.2045777 1.2518209 1.2801882 1.2620976 1.2347481 1.2322839 1.2526730 1.2656908 1.2447851 1.2254604 1.2209901 1.2061013 1.1180708 1.2073138 1.1945922 1.0896805 1.1594725 1.1790119 1.1752857 1.0755024 1.1402063 1.1056532 1.1079466 1.2133887 0.9562291 1.0125308 1.0091528 1.0123076 1.0288706 0.9605601 0.9796220 0.9786093 0.9866473 0.7596463 0.9140721 0.8434959 0.9077089 0.8464859 0.8983792 0.8464148 0.8778928 0.8458225 0.8543028 0.8685359 0.9182942 1.1830987 1.0879064 1.0680143 1.0514500 1.0211788 1.0412359 1.0457334 1.0109668 0.9948658 2.7839570 2.2267474 2.2918506 2.3884433 
C.SE.09.035ZA.MF373148                 1.1262450 0.6909639 0.5992849 0.6013237 0.0000000 0.5589081 0.4276982 0.4620149 0.4805144 0.4940208 0.4411182 0.4898228 0.4985758 0.5278114 0.4811652 0.4531923 0.4429488 0.5015849 1.3732849 1.2704743 1.1626925 1.1666884 1.1564313 1.1653033 1.1987125 1.2054829 1.1927777 1.2108334 1.1872118 1.1767398 1.1470776 1.1073520 1.2098727 1.1374674 1.2163744 1.1740705 1.1376554 1.2225824 1.1668916 1.1810643 1.1263581 1.1099801 1.1047670 1.1776629 1.1963338 1.1590230 1.1538148 1.1547585 1.1543561 1.1888218 1.1422210 1.1468672 1.1398701 1.1095435 1.0090862 1.1440037 1.1113614 1.0024477 1.0714574 1.1111379 1.0618750 1.0024955 1.0566747 0.9911916 1.0318685 1.1658013 0.8669456 0.9340329 0.9173906 0.9347943 0.9643973 0.8703040 0.8979494 0.8748211 0.8773008 0.6790802 0.8225887 0.7826170 0.7983177 0.7633324 0.7931549 0.7365699 0.8115685 0.7720644 0.7607230 0.7690507 0.8366481 1.1147841 1.0076499 0.9471758 0.9118252 0.9152318 0.9279376 0.9293656 0.8946493 0.8883355 2.8598709 2.1341381 2.2097343 2.2559949 
C.GB.14.13659_1_48.3.MF109437          1.2053632 0.7176285 0.5153802 0.5457535 0.5589081 0.0000000 0.4779940 0.4719405 0.4835086 0.4939170 0.4445696 0.4520804 0.4693011 0.4849725 0.4530719 0.4050122 0.4126553 0.4698220 1.4500297 1.2797522 1.1767365 1.1813323 1.1638486 1.1364937 1.2417843 1.2267786 1.2204699 1.1825081 1.1688913 1.2050249 1.1744690 1.1186775 1.2329628 1.1785999 1.2619081 1.1540688 1.1486040 1.2146297 1.1950679 1.2145526 1.1170730 1.1186294 1.0938475 1.1931665 1.1893199 1.1667159 1.1832932 1.1669231 1.1735370 1.1656787 1.1557814 1.1645061 1.1648243 1.1058573 1.0502527 1.1109585 1.1330911 1.0233041 1.1662707 1.1097413 1.1208546 1.0126079 1.0572589 1.0216474 1.0878238 1.1615110 0.9210391 0.9713692 0.9419617 0.9505564 0.9830588 0.9069626 0.9237826 0.9084591 0.9152107 0.7113018 0.8548939 0.8142280 0.8677180 0.7978392 0.8506745 0.8085157 0.8680875 0.7989830 0.8134575 0.8479539 0.8808244 1.1127081 1.0388385 0.9946228 0.9823123 0.9647350 0.9789943 0.9781357 0.9325364 0.9465136 2.9161258 2.1890273 2.2072437 2.2637065 
C.IL.99.99ET14.AY255825                1.0580578 0.6300231 0.5189780 0.5297743 0.4276982 0.4779940 0.0000000 0.3921946 0.4144675 0.4098487 0.3680744 0.4245792 0.4443441 0.4502935 0.4243525 0.3831568 0.3840503 0.4337803 1.3525624 1.1589962 1.0878390 1.1032648 1.0984183 1.0947459 1.1545801 1.1027756 1.1298686 1.1284159 1.1233243 1.0933376 1.0838659 1.0622452 1.1418380 1.0821456 1.1643004 1.1001025 1.0481821 1.1523951 1.1067978 1.1177064 1.0518228 1.0284128 1.0491305 1.0922487 1.1100451 1.0656962 1.0832760 1.0949991 1.0987040 1.0873536 1.0658925 1.0709348 1.0569494 1.0168482 0.9643468 1.0466724 1.0182814 0.9591001 1.0418829 1.0318855 1.0044001 0.9243265 0.9790505 0.9342923 0.9488269 1.0527014 0.8116911 0.8662471 0.8645602 0.8819042 0.8709718 0.8263473 0.8507074 0.8062775 0.8330169 0.6196563 0.7613968 0.7145783 0.7502733 0.7045509 0.7390441 0.6886511 0.7442201 0.6818862 0.6967762 0.7068386 0.7703895 1.0247876 0.9461139 0.8861623 0.8569807 0.8561131 0.8525363 0.8766917 0.8304645 0.8254743 2.7058480 2.0516242 2.1334496 2.1950236 
C.ZA.03.03ZAPS067MB2.DQ396389          1.0724078 0.6174153 0.5161207 0.5216108 0.4620149 0.4719405 0.3921946 0.0000000 0.3498179 0.3494046 0.3090584 0.4097502 0.4234288 0.4116574 0.4072820 0.3597667 0.3656839 0.4168741 1.3375478 1.2079680 1.1105322 1.0976349 1.1229720 1.0941642 1.1326958 1.1386968 1.1476937 1.1354119 1.1321305 1.1041859 1.0901314 1.0567082 1.1243499 1.0755966 1.1649680 1.0991404 1.0836089 1.1517262 1.1080848 1.1320353 1.0629131 1.0589272 1.0357003 1.1269246 1.1046570 1.0710380 1.0978012 1.1044663 1.0715852 1.0946160 1.0655873 1.0688378 1.0542327 1.0318478 0.9522281 1.0222113 1.0084662 0.9478823 1.0413430 1.0196376 1.0211512 0.9113935 0.9952629 0.9526250 0.9637695 1.0523973 0.8099926 0.8779108 0.8587514 0.8631211 0.9034326 0.8098877 0.8614586 0.8288182 0.8402100 0.6189835 0.7536770 0.7313446 0.7423880 0.7142449 0.7258531 0.7068989 0.7375736 0.7016376 0.7145028 0.7311530 0.7669723 1.0242171 0.9375107 0.8782011 0.8777651 0.8806003 0.8574793 0.8836989 0.8495430 0.8403144 2.8179650 2.0765964 2.1414339 2.2687800 
C.ZA.04.04ZASK170B1.DQ093595           1.0858382 0.6557893 0.5307246 0.5394898 0.4805144 0.4835086 0.4144675 0.3498179 0.0000000 0.3268070 0.2956348 0.4220282 0.4413404 0.4448527 0.4180310 0.3793668 0.3867964 0.4435185 1.3512618 1.2050887 1.1353516 1.1345143 1.1212703 1.1261748 1.1949982 1.1760142 1.1491394 1.1410322 1.1334039 1.1106169 1.1255950 1.0519885 1.1529208 1.1205782 1.2018633 1.1341611 1.0734636 1.1898915 1.1403272 1.1691695 1.0832071 1.0518399 1.0679667 1.1144359 1.1233962 1.1011381 1.1092694 1.1280677 1.1198835 1.1252724 1.1014539 1.1146407 1.0881757 1.0653173 0.9835157 1.0383686 1.0480471 0.9701028 1.0696971 1.0259667 1.0378982 0.9560513 1.0156748 0.9637731 1.0005890 1.0817821 0.8403601 0.8941925 0.8808240 0.8973206 0.9150900 0.8449642 0.8635882 0.8308104 0.8677244 0.6381721 0.7883322 0.7363211 0.7574472 0.7393817 0.7413471 0.7199923 0.7654386 0.7119884 0.7205480 0.7439040 0.7846243 1.0519790 0.9798783 0.8989956 0.9120154 0.9040319 0.8734777 0.8996686 0.8710617 0.8710021 2.7504908 2.1419478 2.2021986 2.2566967 
C.TZ.02.CO6721.AY734560                1.1130466 0.6402127 0.5390041 0.5349131 0.4940208 0.4939170 0.4098487 0.3494046 0.3268070 0.0000000 0.2373358 0.4163828 0.4349135 0.4459153 0.4153591 0.3789729 0.3864892 0.4349413 1.3286032 1.2209690 1.1421299 1.1458336 1.1285838 1.1225943 1.1941922 1.1515900 1.1663565 1.1445970 1.1532703 1.1286377 1.1214621 1.0671739 1.1558425 1.1279142 1.1956527 1.1175678 1.1157868 1.1581352 1.1495406 1.1564242 1.0791245 1.0540799 1.0588303 1.1208071 1.1560990 1.1045484 1.0960199 1.1239608 1.1178520 1.1350230 1.0886296 1.1036069 1.0773888 1.0567174 0.9524204 1.0576357 1.0161242 0.9559325 1.0681418 1.0424690 1.0212351 0.9601582 0.9999688 0.9435628 0.9533720 1.0566387 0.8253826 0.8776511 0.8566014 0.8833212 0.8995129 0.8215341 0.8594829 0.8298082 0.8549511 0.6345181 0.7844050 0.7267288 0.7637798 0.7231545 0.7404180 0.7045005 0.7577616 0.6973390 0.7283681 0.7482101 0.7904058 1.0502986 0.9815888 0.9113596 0.8962993 0.8803281 0.8816047 0.9008358 0.8701460 0.8615727 2.8435744 2.1902616 2.1223903 2.2152239 
C.TZ.01.BD39_8.AY253313                1.0569877 0.5898261 0.4871034 0.4922096 0.4411182 0.4445696 0.3680744 0.3090584 0.2956348 0.2373358 0.0000000 0.3753168 0.3879721 0.4056871 0.3785595 0.3387056 0.3441911 0.3959713 1.3350632 1.1776477 1.1035281 1.1012856 1.0940646 1.0891095 1.1443606 1.1109802 1.1399753 1.1037332 1.0888905 1.1111229 1.0798966 1.0238442 1.1337313 1.0824242 1.1511916 1.0902952 1.0816119 1.1351664 1.0939867 1.1150508 1.0697871 1.0279721 1.0348207 1.1036056 1.1007510 1.0673399 1.0711444 1.0828307 1.0877813 1.0846662 1.0743479 1.0596072 1.0655606 1.0246779 0.9428330 1.0376178 0.9963777 0.9217318 1.0097712 0.9971297 0.9864899 0.9178306 0.9802318 0.9316835 0.9454993 1.0585731 0.8067637 0.8629585 0.8390863 0.8599220 0.8655699 0.7920738 0.8468592 0.7974745 0.8245294 0.5840256 0.7508040 0.6926748 0.7233051 0.6875964 0.6996534 0.6774509 0.7057061 0.6669792 0.6717768 0.7031732 0.7571263 1.0068984 0.9050901 0.8628366 0.8605936 0.8565103 0.8366728 0.8572455 0.8242560 0.8223270 2.7873977 2.1400870 2.1745469 2.2561051 
C.BW.98.98BWMC14A3.AF443078            1.0994695 0.6647847 0.4977571 0.4970185 0.4898228 0.4520804 0.4245792 0.4097502 0.4220282 0.4163828 0.3753168 0.0000000 0.3836445 0.3857761 0.3614918 0.3556654 0.3322489 0.3890239 1.3421643 1.1671496 1.1262760 1.1157723 1.1170624 1.0981411 1.1687459 1.1392470 1.1516722 1.1043485 1.1238440 1.1286782 1.1102976 1.0520257 1.1716106 1.0928826 1.1604534 1.0904060 1.0899464 1.1412036 1.1030945 1.1295362 1.0526882 1.0370695 1.0544197 1.1102621 1.1220875 1.0561895 1.0862639 1.0780859 1.0786575 1.0714127 1.0433185 1.0585258 1.0817687 1.0383418 1.0008589 1.0498468 1.0415378 0.9505700 1.0618569 1.0336915 1.0350646 0.9585684 0.9958141 0.9268960 1.0038454 1.0953278 0.8361206 0.8946551 0.8816207 0.8809838 0.9208231 0.8390286 0.8513645 0.8276902 0.8364092 0.6365315 0.7723296 0.7333614 0.7583221 0.7329107 0.7513216 0.7107276 0.7577635 0.7015810 0.7319606 0.7346194 0.7807607 1.0534917 0.9581101 0.8992234 0.8897988 0.8839875 0.8757835 0.8888614 0.8690642 0.8502422 2.8131046 2.1738905 2.1731634 2.2578238 
C.ZA.03.03ZAPS130MB1.DQ275658          1.1187695 0.6568643 0.5058718 0.5163280 0.4985758 0.4693011 0.4443441 0.4234288 0.4413404 0.4349135 0.3879721 0.3836445 0.0000000 0.3004545 0.3322301 0.3616075 0.3463292 0.4062513 1.3900136 1.2471245 1.1426044 1.1499478 1.1322907 1.1444637 1.1840895 1.1670484 1.1705845 1.1781137 1.1537475 1.1441402 1.1689449 1.1043937 1.2208844 1.1415155 1.1948120 1.1492572 1.1363101 1.2008115 1.1518983 1.1739855 1.0943275 1.0579804 1.0958223 1.1583314 1.1556862 1.1158283 1.1455126 1.1515839 1.1254889 1.1286702 1.1111114 1.1033657 1.1299863 1.0720803 1.0180298 1.0975539 1.0559212 0.9634977 1.1122809 1.0880583 1.0663387 0.9862206 1.0222643 0.9771952 1.0305612 1.1118828 0.8555407 0.9073209 0.8855579 0.8969776 0.9429739 0.8571602 0.8870181 0.8637041 0.8617388 0.6598761 0.7780705 0.7477445 0.7663061 0.7307650 0.7439770 0.7292901 0.7666556 0.7302537 0.7255354 0.7514843 0.7901382 1.0840611 0.9834570 0.9123443 0.9181591 0.9090725 0.8808375 0.9174244 0.8672306 0.8508339 2.8007643 2.1742825 2.2068226 2.3021815 
C.ZA.97.97ZA012.AF286227               1.1149621 0.6923900 0.5093646 0.5163178 0.5278114 0.4849725 0.4502935 0.4116574 0.4448527 0.4459153 0.4056871 0.3857761 0.3004545 0.0000000 0.3432124 0.3779715 0.3632471 0.4166424 1.3734911 1.2637549 1.1409052 1.1618038 1.1446133 1.1234506 1.1815411 1.1650060 1.2094507 1.1637543 1.1909701 1.1439569 1.1523650 1.0932416 1.1757193 1.1565895 1.1997825 1.1386781 1.1022893 1.1995218 1.1309181 1.1716452 1.0977235 1.0725393 1.0920745 1.1724938 1.1497112 1.1304915 1.1313224 1.1376011 1.1248751 1.1214894 1.1079247 1.1064462 1.1305947 1.0718667 1.0244433 1.1032219 1.0558926 0.9696069 1.1118151 1.0990645 1.0721030 0.9949483 1.0497786 0.9782764 1.0284495 1.1003410 0.8523620 0.9339775 0.9097206 0.8992347 0.9456913 0.8512162 0.9073538 0.8545403 0.8863980 0.6802205 0.8112024 0.7486244 0.8036293 0.7648312 0.7554536 0.7415563 0.7850007 0.7534006 0.7452758 0.7783478 0.8336559 1.0854180 1.0055756 0.9431473 0.9334278 0.9267423 0.9219027 0.9396651 0.8988168 0.8797637 2.8257363 2.1641641 2.2560820 2.3472372 
C.ZA.04.04ZASK135B1.DQ011166           1.0962722 0.6496342 0.4805306 0.4949958 0.4811652 0.4530719 0.4243525 0.4072820 0.4180310 0.4153591 0.3785595 0.3614918 0.3322301 0.3432124 0.0000000 0.3491272 0.3308625 0.3911376 1.3504615 1.2340173 1.1118564 1.1246859 1.1177804 1.1125918 1.1739727 1.1362542 1.1417003 1.1127517 1.1450021 1.1250839 1.1060774 1.0925891 1.1773580 1.1094930 1.1844467 1.1157379 1.0877935 1.1823661 1.1269042 1.1469359 1.0865148 1.0590612 1.0615829 1.1585516 1.1379796 1.1072636 1.1354089 1.1081860 1.1007849 1.1130463 1.0904962 1.1079768 1.0971745 1.0537850 1.0107764 1.0675166 1.0245712 0.9728335 1.1052321 1.0479005 1.0323852 0.9672757 1.0276282 0.9702583 0.9806978 1.0852715 0.8347359 0.9124426 0.8811091 0.8902999 0.9314161 0.8467679 0.8529080 0.8351803 0.8558969 0.6449102 0.7752137 0.7216787 0.7730294 0.7331278 0.7299179 0.7048854 0.7734831 0.7275067 0.7278946 0.7426428 0.7917521 1.0441365 0.9832297 0.9167589 0.9068327 0.8994714 0.8893783 0.8971710 0.8609121 0.8678098 2.7913968 2.1548952 2.1533929 2.2828316 
C.BW.00.00BW076820.AF443089            1.0825122 0.6236260 0.4505455 0.4625542 0.4531923 0.4050122 0.3831568 0.3597667 0.3793668 0.3789729 0.3387056 0.3556654 0.3616075 0.3779715 0.3491272 0.0000000 0.3164300 0.3695583 1.3354608 1.2075451 1.0943506 1.0920101 1.0875010 1.0814181 1.1387061 1.1218189 1.1367413 1.1231589 1.1036978 1.1174773 1.1045959 1.0441567 1.1170711 1.0863681 1.1608236 1.0762440 1.0694717 1.1282012 1.0953739 1.1233652 1.0400579 1.0035738 1.0258855 1.0975978 1.0974157 1.0816288 1.0660422 1.0752603 1.0726863 1.0785532 1.0429122 1.0562947 1.0904578 1.0241313 0.9426655 1.0310888 1.0179483 0.9352812 1.0299476 1.0098464 1.0108641 0.9271565 0.9701150 0.9424612 0.9533196 1.0518253 0.8143420 0.8935076 0.8539069 0.8719157 0.8692398 0.8189230 0.8510395 0.8056906 0.8234878 0.6100261 0.7549360 0.7050457 0.7264713 0.7023128 0.7181562 0.6812405 0.7207063 0.6846513 0.7089759 0.7140869 0.7578617 0.9929200 0.9345457 0.8637739 0.8550522 0.8540326 0.8516749 0.8397660 0.8057506 0.8159294 2.7408164 2.1416508 2.1407280 2.2754760 
C.ZA.99.99ZALT4.EU293444               1.0827069 0.6263705 0.4621740 0.4619889 0.4429488 0.4126553 0.3840503 0.3656839 0.3867964 0.3864892 0.3441911 0.3322489 0.3463292 0.3632471 0.3308625 0.3164300 0.0000000 0.3001193 1.3204090 1.2201654 1.0893761 1.0970169 1.1110108 1.1016584 1.1589192 1.1290718 1.1346368 1.1321685 1.1075683 1.1139009 1.1055316 1.0468113 1.1393970 1.0506444 1.1606120 1.1145307 1.0714749 1.1504776 1.0989995 1.1282874 1.0688503 1.0240504 1.0339745 1.1103521 1.1075118 1.0853797 1.0845587 1.0907493 1.0812588 1.0825614 1.0624282 1.0919665 1.0875500 1.0428641 0.9585995 1.0453567 1.0089504 0.9233300 1.0606079 1.0174122 1.0019220 0.9268000 0.9939418 0.9263174 0.9854882 1.0585567 0.8082011 0.8714414 0.8429194 0.8695242 0.8730683 0.8140073 0.8336765 0.8099645 0.8169660 0.6190112 0.7772838 0.7178040 0.7479258 0.6878614 0.7188801 0.7106023 0.7455403 0.7042778 0.6913931 0.7317710 0.7680396 1.0388198 0.9627210 0.8736525 0.8790655 0.8813735 0.8726308 0.9011475 0.8546504 0.8452176 2.7661565 2.0858594 2.1278415 2.2298652 
C.ZA.02.02ZAPS015MB1.DQ369995          1.1157549 0.6838024 0.5151276 0.5118385 0.5015849 0.4698220 0.4337803 0.4168741 0.4435185 0.4349413 0.3959713 0.3890239 0.4062513 0.4166424 0.3911376 0.3695583 0.3001193 0.0000000 1.3733068 1.2607090 1.1461403 1.1599265 1.1453870 1.1357683 1.2035995 1.1860490 1.1907598 1.1490533 1.1778775 1.1583155 1.1763710 1.0991090 1.1853567 1.1190393 1.2016040 1.1460870 1.0927296 1.2089906 1.1469716 1.1656441 1.0893142 1.0812241 1.0968154 1.1729830 1.1597122 1.1262872 1.1416133 1.1283752 1.1246343 1.1212677 1.1137856 1.1106950 1.1477843 1.0582623 1.0002185 1.0723979 1.0565292 0.9800304 1.1062276 1.0585467 1.0555257 0.9746233 1.0366162 0.9725411 1.0510900 1.1334205 0.8554318 0.9270202 0.8851480 0.9060010 0.9341219 0.8783768 0.8856272 0.8639824 0.8841366 0.6622819 0.8100436 0.7769276 0.7856266 0.7448420 0.7805422 0.7436630 0.7985963 0.7605165 0.7521276 0.7614627 0.8191729 1.0742811 1.0063402 0.9412063 0.9297665 0.9293674 0.9277966 0.9514926 0.8839692 0.9079744 2.7869601 2.1674544 2.1767071 2.2642821 
BF1.BR.10.10BR_RJ029.KT427782          1.1217497 1.3840056 1.4880109 1.4421236 1.3732849 1.4500297 1.3525624 1.3375478 1.3512618 1.3286032 1.3350632 1.3421643 1.3900136 1.3734911 1.3504615 1.3354608 1.3204090 1.3733068 0.0000000 0.7758688 0.6823862 0.6778093 0.6953156 0.6680932 0.6536243 0.6527244 0.6510377 0.6961040 0.7122976 0.6134998 0.6958394 0.6726980 0.7286423 0.6870746 0.7342094 0.6835068 0.5913646 0.7244267 0.7083604 0.7248982 0.6072020 0.6028907 0.6202994 0.7005478 0.6972923 0.7015956 0.6777957 0.6696791 0.6723579 0.6775627 0.6617511 0.6829462 0.6622457 0.6112667 0.8299105 0.8642936 0.8235232 1.0094192 1.2112735 1.2286078 1.2214509 1.1315422 1.1540781 1.1356250 1.2786995 1.3554464 1.0682958 1.1257528 1.0523511 1.0658491 1.0889931 1.0373230 1.0453743 1.0196127 1.0439615 1.0953401 1.0067968 1.1093902 1.0781468 1.0594233 1.1023499 1.0659584 1.1046267 1.0801371 1.0716620 1.1014057 1.0804717 1.3419924 1.2595308 1.2093015 1.1872275 1.1628985 1.1746625 1.1761058 1.1701624 1.1418483 2.8449485 2.2253508 2.2503720 2.3204180 
51_01B.MY.11.11MYKL055.KJ485697        0.9406175 1.2077736 1.3253240 1.3378111 1.2704743 1.2797522 1.1589962 1.2079680 1.2050887 1.2209690 1.1776477 1.1671496 1.2471245 1.2637549 1.2340173 1.2075451 1.2201654 1.2607090 0.7758688 0.0000000 0.4813225 0.5022982 0.5090588 0.4877657 0.5529267 0.5247810 0.5285679 0.4989739 0.5054372 0.5334728 0.4970116 0.4845960 0.5173829 0.4880867 0.5059485 0.4748023 0.4779882 0.4970572 0.4792273 0.4937157 0.4634171 0.4471284 0.4323074 0.4700644 0.4659004 0.4570373 0.4438545 0.4454429 0.4540721 0.4583457 0.4381082 0.4664109 0.4367190 0.3915694 0.6503738 0.6871456 0.6515168 0.8134082 1.0891663 1.0635257 1.0597387 0.9596351 1.0202570 0.9862810 1.0991836 1.2164985 0.8700090 0.9347933 0.9163848 0.9079720 0.9242145 0.8677323 0.8805215 0.8828666 0.9060696 0.9550044 0.8370215 0.9382532 0.9133812 0.8693699 0.9224738 0.9072994 0.9348015 0.8881074 0.9018081 0.9182567 0.9171214 1.1567819 1.0855377 1.0302531 1.0236448 1.0041418 0.9959362 1.0224408 0.9758369 0.9951184 2.8153103 2.1534653 2.1542638 2.2007550 
B.DE.10.iso4_w10.KU612900              0.8597399 1.1162445 1.2315346 1.2705614 1.1626925 1.1767365 1.0878390 1.1105322 1.1353516 1.1421299 1.1035281 1.1262760 1.1426044 1.1409052 1.1118564 1.0943506 1.0893761 1.1461403 0.6823862 0.4813225 0.0000000 0.3582671 0.3702570 0.3443323 0.4858575 0.4430029 0.4685511 0.3917768 0.4275187 0.4515090 0.3905837 0.4139256 0.4546400 0.3871054 0.4599711 0.4006223 0.4138195 0.4479053 0.4176769 0.4410069 0.3771325 0.3749121 0.3751690 0.4200838 0.4069209 0.4049143 0.3969175 0.3924663 0.3929214 0.3976416 0.3761571 0.4104661 0.3862834 0.3469276 0.5789022 0.6186435 0.5655097 0.7615758 1.0466243 1.0122159 0.9804127 0.8965219 0.9145932 0.8971308 1.0355789 1.1218793 0.7942312 0.8394087 0.8047352 0.8396364 0.8494521 0.7751826 0.8036041 0.8023631 0.8061180 0.8934067 0.7671495 0.8639337 0.8203451 0.8073462 0.8838694 0.8015327 0.8560994 0.8277541 0.8206532 0.8544436 0.8454928 1.0878973 1.0126990 0.9786451 0.9382628 0.9362561 0.9407317 0.9337305 0.9120838 0.9118647 2.6609955 2.0421868 2.0676404 2.1628366 
B.CN.08.cbjc468.JF932498               0.8712794 1.1232989 1.2573307 1.2485429 1.1666884 1.1813323 1.1032648 1.0976349 1.1345143 1.1458336 1.1012856 1.1157723 1.1499478 1.1618038 1.1246859 1.0920101 1.0970169 1.1599265 0.6778093 0.5022982 0.3582671 0.0000000 0.1730860 0.1626938 0.4799839 0.4588709 0.4729416 0.3932206 0.4429188 0.4739983 0.3985567 0.4276575 0.4723344 0.3795759 0.4567221 0.4119885 0.4220108 0.4600631 0.4406222 0.4477812 0.3876057 0.3972642 0.3781197 0.4354335 0.4290097 0.4246768 0.4018067 0.3970051 0.4101389 0.4103849 0.3956761 0.4179535 0.3929159 0.3577966 0.5639436 0.6207589 0.5882334 0.7613663 1.0247412 1.0129813 0.9820497 0.8794292 0.9135718 0.9127260 1.0185972 1.1159004 0.8077681 0.8383913 0.8189136 0.8527527 0.8781666 0.7946586 0.8141402 0.8207685 0.7993963 0.8976553 0.7661061 0.8860327 0.8348912 0.8162255 0.8494008 0.8283500 0.8700113 0.8198974 0.8211725 0.8412962 0.8609562 1.0801773 1.0169179 0.9560673 0.9314469 0.9479516 0.9436040 0.9563526 0.9150531 0.9088123 2.6799887 1.9708626 2.0414044 2.1418540 
B.CN.07.CBJC261.JF932474               0.8904853 1.1248152 1.2266764 1.2704629 1.1564313 1.1638486 1.0984183 1.1229720 1.1212703 1.1285838 1.0940646 1.1170624 1.1322907 1.1446133 1.1177804 1.0875010 1.1110108 1.1453870 0.6953156 0.5090588 0.3702570 0.1730860 0.0000000 0.1628169 0.4909698 0.4692832 0.4680006 0.4029567 0.4524204 0.4816013 0.4112030 0.4349723 0.4909945 0.3950647 0.4695475 0.4274340 0.4237194 0.4698829 0.4450285 0.4560484 0.4054310 0.4076387 0.4004618 0.4387249 0.4332336 0.4215128 0.4166616 0.4176557 0.4135564 0.4259740 0.3984395 0.4206650 0.4052278 0.3617620 0.5888176 0.6210108 0.5969675 0.7553520 1.0133299 0.9909100 0.9743870 0.8831681 0.9459010 0.9019149 1.0187814 1.1207484 0.8084927 0.8408404 0.8156163 0.8476211 0.8734993 0.7899324 0.8168224 0.8056824 0.8122757 0.8828259 0.7744830 0.8912039 0.8473847 0.8195409 0.8715086 0.8329114 0.8908037 0.8415625 0.8326968 0.8491322 0.8510511 1.0919706 1.0489349 0.9534713 0.9497993 0.9586796 0.9551852 0.9734191 0.9359398 0.9390597 2.7070844 1.9798153 2.0488859 2.1174662 
B.CN.01.CNHN24.AY180905                0.8619409 1.1145278 1.2272217 1.2571856 1.1653033 1.1364937 1.0947459 1.0941642 1.1261748 1.1225943 1.0891095 1.0981411 1.1444637 1.1234506 1.1125918 1.0814181 1.1016584 1.1357683 0.6680932 0.4877657 0.3443323 0.1626938 0.1628169 0.0000000 0.4691856 0.4483434 0.4654613 0.3844000 0.4366801 0.4562495 0.4009246 0.4209894 0.4757262 0.3790639 0.4559196 0.4016124 0.4114942 0.4488020 0.4308955 0.4404859 0.3903027 0.3836064 0.3726179 0.4247598 0.4170073 0.4141799 0.4044390 0.3940407 0.3943633 0.4089970 0.3837477 0.4062832 0.3834342 0.3529543 0.5616391 0.6121583 0.5663807 0.7480009 1.0128237 0.9943983 0.9686761 0.8809465 0.9403639 0.8889452 1.0038050 1.1247717 0.7920001 0.8452545 0.7976563 0.8178248 0.8682161 0.7753865 0.7937128 0.8003778 0.7981788 0.8797237 0.7659977 0.8761739 0.8340264 0.8008165 0.8608440 0.8152680 0.8532447 0.8237907 0.8233637 0.8279494 0.8425650 1.0758194 1.0153411 0.9489244 0.9231003 0.9401664 0.9357214 0.9562068 0.9183361 0.9170981 2.6631408 1.9948180 2.0424159 2.0928030 
BF1.BR.10.10BR_MG052.KT427668          0.9090915 1.1705752 1.2762229 1.3110230 1.1987125 1.2417843 1.1545801 1.1326958 1.1949982 1.1941922 1.1443606 1.1687459 1.1840895 1.1815411 1.1739727 1.1387061 1.1589192 1.2035995 0.6536243 0.5529267 0.4858575 0.4799839 0.4909698 0.4691856 0.0000000 0.4374119 0.4415644 0.4809309 0.4929752 0.4057246 0.4799696 0.4721981 0.5318019 0.4731268 0.5110035 0.4564676 0.3777535 0.5107206 0.4942509 0.5064319 0.3954176 0.4003890 0.4062863 0.4849711 0.4760360 0.4687352 0.4428287 0.4462552 0.4605256 0.4687496 0.4495367 0.4659632 0.4455508 0.4059443 0.6322477 0.6712287 0.6040982 0.7965632 1.0517759 1.0356251 1.0156934 0.8859183 0.9399185 0.9537728 1.0574642 1.1263102 0.8441337 0.8645625 0.8387541 0.8390336 0.8857090 0.8100889 0.8433153 0.8241290 0.8322259 0.9119114 0.8007198 0.8961063 0.8626186 0.8478496 0.8994195 0.8705339 0.8911731 0.8671559 0.8450972 0.8771330 0.8714309 1.1391447 1.0583586 1.0001504 0.9692321 0.9449997 0.9378230 0.9855878 0.9334958 0.9573035 2.7162395 2.0583412 2.0668095 2.1638755 
B.GB.14.14667_1_16.3.MF109578          0.8927670 1.1441623 1.2383970 1.2704348 1.2054829 1.2267786 1.1027756 1.1386968 1.1760142 1.1515900 1.1109802 1.1392470 1.1670484 1.1650060 1.1362542 1.1218189 1.1290718 1.1860490 0.6527244 0.5247810 0.4430029 0.4588709 0.4692832 0.4483434 0.4374119 0.0000000 0.4096738 0.4609537 0.4702354 0.4291800 0.4549868 0.4367579 0.5186065 0.4429035 0.4903685 0.4391795 0.3688089 0.4948453 0.4608054 0.4897534 0.3883914 0.3860768 0.3774076 0.4637470 0.4520341 0.4398566 0.4317758 0.4291532 0.4495028 0.4433221 0.4238151 0.4488766 0.4360038 0.3856754 0.6098176 0.6393951 0.5989179 0.7697431 1.0126312 1.0375977 0.9827330 0.8886718 0.9318667 0.9437358 1.0233965 1.1283429 0.8274585 0.8526785 0.8242569 0.8334138 0.8692126 0.7998219 0.8299714 0.8072497 0.8306847 0.9066626 0.7932585 0.8755453 0.8461333 0.8395889 0.8835438 0.8357232 0.8812526 0.8576149 0.8657650 0.8579588 0.8828481 1.1442769 1.0618091 0.9962156 0.9672789 0.9390717 0.9620325 0.9872088 0.9407633 0.9329845 2.7175173 2.0198707 2.0072317 2.0697903 
B.BR.10.10BR_PE013.KT427743            0.9058212 1.1807309 1.2608994 1.2933276 1.1927777 1.2204699 1.1298686 1.1476937 1.1491394 1.1663565 1.1399753 1.1516722 1.1705845 1.2094507 1.1417003 1.1367413 1.1346368 1.1907598 0.6510377 0.5285679 0.4685511 0.4729416 0.4680006 0.4654613 0.4415644 0.4096738 0.0000000 0.4743295 0.4738784 0.4293645 0.4707148 0.4513907 0.5156945 0.4712911 0.5073697 0.4345624 0.3662163 0.5017299 0.4762360 0.4938881 0.3909058 0.3732730 0.3799376 0.4661081 0.4740912 0.4546500 0.4389619 0.4371352 0.4514850 0.4456658 0.4253415 0.4671106 0.4366436 0.3943461 0.6094691 0.6402734 0.6092059 0.7954229 1.0291463 1.0335405 1.0007013 0.9063000 0.9465599 0.9552939 1.0167947 1.1115179 0.8320926 0.8679763 0.8314053 0.8483695 0.8814274 0.8044640 0.8347496 0.8056002 0.8309736 0.9063247 0.7771582 0.8972524 0.8369763 0.8315935 0.8618644 0.8182508 0.8988684 0.8523909 0.8385356 0.8601013 0.8732378 1.1086176 1.0267020 0.9821687 0.9559157 0.9517683 0.9501374 0.9734141 0.9369662 0.9238054 2.7454227 2.1127753 2.0620507 2.1062724 
B.JP.04.DR6174.AB480692                0.8909193 1.1059695 1.2182064 1.2747949 1.2108334 1.1825081 1.1284159 1.1354119 1.1410322 1.1445970 1.1037332 1.1043485 1.1781137 1.1637543 1.1127517 1.1231589 1.1321685 1.1490533 0.6961040 0.4989739 0.3917768 0.3932206 0.4029567 0.3844000 0.4809309 0.4609537 0.4743295 0.0000000 0.4393123 0.4774337 0.4077381 0.4251355 0.4864570 0.3940013 0.4652387 0.4096121 0.4205826 0.4768145 0.4357254 0.4496859 0.3983372 0.3868711 0.3794393 0.4430071 0.4220316 0.4209582 0.4090052 0.4038433 0.4092161 0.4147773 0.3980167 0.4138866 0.3995867 0.3576644 0.5867182 0.6295779 0.5961420 0.7706439 1.0542908 1.0145470 0.9995918 0.8989863 0.9542097 0.9144690 1.0407833 1.1268852 0.8084041 0.8748868 0.8179577 0.8663246 0.8810964 0.8125425 0.8227403 0.8168694 0.8219087 0.8836735 0.7893272 0.8860593 0.8173970 0.8164321 0.8733582 0.8253435 0.8590930 0.8270487 0.8249694 0.8460024 0.8631216 1.1179040 1.0392933 0.9828132 0.9467453 0.9464989 0.9469191 0.9595582 0.9293015 0.9257774 2.7287442 2.1348331 2.0777152 2.1505399 
B.JP.11.NMC851C_clone_13.AB731669      0.8929194 1.1586923 1.2432738 1.2659333 1.1872118 1.1688913 1.1233243 1.1321305 1.1334039 1.1532703 1.0888905 1.1238440 1.1537475 1.1909701 1.1450021 1.1036978 1.1075683 1.1778775 0.7122976 0.5054372 0.4275187 0.4429188 0.4524204 0.4366801 0.4929752 0.4702354 0.4738784 0.4393123 0.0000000 0.4786954 0.4301219 0.4386378 0.4890333 0.4315523 0.4708850 0.4244180 0.4322202 0.4599466 0.4441228 0.4499574 0.4006270 0.4068101 0.3888010 0.4374976 0.4303185 0.4181433 0.4140334 0.4087801 0.4052105 0.4134091 0.4031908 0.4233494 0.4026956 0.3605716 0.5841888 0.6318537 0.5978169 0.7676384 1.0560258 1.0186840 0.9712682 0.8709324 0.9336942 0.9301412 1.0346066 1.1466649 0.8104747 0.8475771 0.8180902 0.8574956 0.8636509 0.7987641 0.8082867 0.8047274 0.8204896 0.8780110 0.7898067 0.9049755 0.8348536 0.8125061 0.8915255 0.8445300 0.8759456 0.8594686 0.8566252 0.8694175 0.8672194 1.0897558 1.0267908 0.9881121 0.9396314 0.9578717 0.9477764 0.9806274 0.9233897 0.9339727 2.7872259 2.1101933 2.1154250 2.1948669 
BF1.BR.00.BREPM13853.DQ085875          0.8785481 1.1588693 1.2370984 1.2442679 1.1767398 1.2050249 1.0933376 1.1041859 1.1106169 1.1286377 1.1111229 1.1286782 1.1441402 1.1439569 1.1250839 1.1174773 1.1139009 1.1583155 0.6134998 0.5334728 0.4515090 0.4739983 0.4816013 0.4562495 0.4057246 0.4291800 0.4293645 0.4774337 0.4786954 0.0000000 0.4648672 0.4517912 0.5142035 0.4486700 0.4977997 0.4315480 0.3583225 0.4960058 0.4725862 0.4901006 0.3863560 0.3796330 0.3903039 0.4628153 0.4763808 0.4487500 0.4424439 0.4350725 0.4432002 0.4522737 0.4302161 0.4483160 0.4289555 0.3963344 0.6246196 0.6394565 0.6004263 0.7812524 1.0474733 1.0069345 0.9832030 0.8926743 0.9473303 0.9574921 1.0090635 1.1284641 0.8127561 0.8697329 0.8404467 0.8597834 0.8895637 0.8024486 0.8323287 0.8294151 0.8283699 0.9062006 0.7960486 0.8790350 0.8344993 0.8266470 0.8756975 0.8461485 0.8849295 0.8435783 0.8581727 0.8480578 0.8694958 1.1160225 1.0314698 0.9644314 0.9408631 0.9365223 0.9288115 0.9405121 0.9180492 0.9001403 2.6942049 2.1397551 2.1013450 2.1678507 
B.TH.06.AA010a_WG3.JX446800            0.8822598 1.1067706 1.2365345 1.2710959 1.1470776 1.1744690 1.0838659 1.0901314 1.1255950 1.1214621 1.0798966 1.1102976 1.1689449 1.1523650 1.1060774 1.1045959 1.1055316 1.1763710 0.6958394 0.4970116 0.3905837 0.3985567 0.4112030 0.4009246 0.4799696 0.4549868 0.4707148 0.4077381 0.4301219 0.4648672 0.0000000 0.4218474 0.4694333 0.3790128 0.4603868 0.4041767 0.4221544 0.4512309 0.4244793 0.4434660 0.3956981 0.3960218 0.3741504 0.4274835 0.4184282 0.4129528 0.3879661 0.4019405 0.3913008 0.4040445 0.3823027 0.4151784 0.3907609 0.3497966 0.5713430 0.6225757 0.5906460 0.7638098 1.0252599 1.0257450 0.9839161 0.8813271 0.9134190 0.9168515 0.9974599 1.1309929 0.8003001 0.8444848 0.8175089 0.8305777 0.8579982 0.7928974 0.8066703 0.7920189 0.8006275 0.8836010 0.7719538 0.8669214 0.8180331 0.7924913 0.8460779 0.8306307 0.8412312 0.8425890 0.8422775 0.8633488 0.8477616 1.0918504 1.0197735 0.9483206 0.9292230 0.9075174 0.9369176 0.9298759 0.9023713 0.8894822 2.7210730 2.1051718 2.0634129 2.1678855 
B.US.15.3693.KX505555                  0.8184508 1.0886008 1.1888003 1.2171337 1.1073520 1.1186775 1.0622452 1.0567082 1.0519885 1.0671739 1.0238442 1.0520257 1.1043937 1.0932416 1.0925891 1.0441567 1.0468113 1.0991090 0.6726980 0.4845960 0.4139256 0.4276575 0.4349723 0.4209894 0.4721981 0.4367579 0.4513907 0.4251355 0.4386378 0.4517912 0.4218474 0.0000000 0.4606143 0.4116736 0.4568293 0.4017866 0.4065573 0.4726378 0.4326153 0.4275663 0.3736866 0.3699334 0.3675291 0.4269494 0.4237608 0.4091634 0.3930952 0.3950703 0.3997936 0.4031741 0.3887378 0.4135086 0.3922601 0.3481840 0.5254306 0.5518206 0.5165630 0.6996984 0.9657818 0.9711796 0.9084282 0.8207534 0.8580320 0.8582492 0.9584920 1.0586060 0.7560376 0.7841419 0.7667860 0.7751445 0.8083266 0.7213536 0.7591090 0.7592182 0.7455164 0.8258230 0.7060355 0.8043533 0.7667902 0.7385886 0.7995928 0.7560043 0.7948075 0.7674554 0.7683175 0.7812673 0.7882485 1.0304654 0.9435932 0.8696679 0.8768828 0.8774993 0.8682915 0.8743274 0.8550974 0.8410985 2.5258951 1.9619578 1.9810279 2.1071325 
B.US.15.2521.KX505446                  0.9278045 1.1649907 1.2746710 1.2657947 1.2098727 1.2329628 1.1418380 1.1243499 1.1529208 1.1558425 1.1337313 1.1716106 1.2208844 1.1757193 1.1773580 1.1170711 1.1393970 1.1853567 0.7286423 0.5173829 0.4546400 0.4723344 0.4909945 0.4757262 0.5318019 0.5186065 0.5156945 0.4864570 0.4890333 0.5142035 0.4694333 0.4606143 0.0000000 0.4597204 0.4555978 0.4696452 0.4732767 0.4322405 0.4166042 0.4376372 0.4394814 0.4356605 0.4252925 0.4148841 0.4251029 0.4049564 0.3945166 0.3891634 0.3980583 0.3947222 0.3851873 0.4092857 0.3816428 0.3445436 0.6176475 0.6644686 0.6250642 0.8078306 1.0892024 1.0334321 0.9823593 0.9087084 0.9636048 0.9566764 1.0461802 1.1340058 0.8405941 0.8856436 0.8723799 0.8685697 0.9115611 0.8357931 0.8546018 0.8550885 0.8351506 0.9075932 0.8228181 0.9035899 0.8543760 0.8316524 0.8823376 0.8511179 0.9090052 0.8744356 0.8513730 0.8722864 0.8702599 1.1325212 1.0424181 0.9924288 0.9573887 0.9529247 0.9717237 0.9666480 0.9330817 0.9428457 2.7642151 2.0949720 2.0996888 2.1920217 
B.CY.08.CY224.JF683773                 0.8474813 1.0864372 1.2158629 1.2656162 1.1374674 1.1785999 1.0821456 1.0755966 1.1205782 1.1279142 1.0824242 1.0928826 1.1415155 1.1565895 1.1094930 1.0863681 1.0506444 1.1190393 0.6870746 0.4880867 0.3871054 0.3795759 0.3950647 0.3790639 0.4731268 0.4429035 0.4712911 0.3940013 0.4315523 0.4486700 0.3790128 0.4116736 0.4597204 0.0000000 0.4513939 0.4162451 0.4020804 0.4339732 0.4208383 0.4278578 0.3818530 0.3761805 0.3667876 0.4092572 0.4185470 0.4055483 0.3906152 0.3860104 0.3973950 0.4005050 0.3791184 0.4054895 0.3801601 0.3351285 0.5630077 0.6116470 0.5652908 0.7336685 1.0090184 0.9792849 0.9444445 0.8676398 0.9078205 0.8764398 0.9859729 1.1035232 0.7929582 0.8242521 0.7869814 0.8046905 0.8349977 0.7565957 0.7897571 0.7769391 0.7820664 0.8718454 0.7542631 0.8551132 0.8141221 0.7966191 0.8292385 0.8120588 0.8573561 0.8089337 0.8000713 0.8329043 0.8204346 1.0693506 0.9794882 0.9613704 0.8983670 0.9030064 0.8987900 0.9264277 0.8842174 0.8751556 2.6731289 2.0161871 2.0226646 2.1013916 
B.GB.14.14535_1_7.3.MF109534           0.9225450 1.1882434 1.2815774 1.3166777 1.2163744 1.2619081 1.1643004 1.1649680 1.2018633 1.1956527 1.1511916 1.1604534 1.1948120 1.1997825 1.1844467 1.1608236 1.1606120 1.2016040 0.7342094 0.5059485 0.4599711 0.4567221 0.4695475 0.4559196 0.5110035 0.4903685 0.5073697 0.4652387 0.4708850 0.4977997 0.4603868 0.4568293 0.4555978 0.4513939 0.0000000 0.4495657 0.4555103 0.4320886 0.3979441 0.4131105 0.4273787 0.4322261 0.4096193 0.3963059 0.3986938 0.3879139 0.3669248 0.3589675 0.3944362 0.3800599 0.3723367 0.3929096 0.3642458 0.3304964 0.5993226 0.6512605 0.6407416 0.7906829 1.0463479 1.0431269 1.0206223 0.9164394 0.9692157 0.9612304 1.0696437 1.1488371 0.8594220 0.8899993 0.8659788 0.8914933 0.9179554 0.8313479 0.8668989 0.8385657 0.8585155 0.9272334 0.8045174 0.9261084 0.8390288 0.8509857 0.8884857 0.8753637 0.9093810 0.8576827 0.8548335 0.8723037 0.8860024 1.1488079 1.0336194 0.9944629 0.9523562 0.9800780 0.9520629 0.9847140 0.9484258 0.9283075 2.7605580 2.1607036 2.1096414 2.2238297 
B.BR.10.10BR_PE101.KT427697            0.8430078 1.1233183 1.2071976 1.2469473 1.1740705 1.1540688 1.1001025 1.0991404 1.1341611 1.1175678 1.0902952 1.0904060 1.1492572 1.1386781 1.1157379 1.0762440 1.1145307 1.1460870 0.6835068 0.4748023 0.4006223 0.4119885 0.4274340 0.4016124 0.4564676 0.4391795 0.4345624 0.4096121 0.4244180 0.4315480 0.4041767 0.4017866 0.4696452 0.4162451 0.4495657 0.0000000 0.3962321 0.4445583 0.4254237 0.4276689 0.3609215 0.3618624 0.3535386 0.4143668 0.4104249 0.4007480 0.3910363 0.3821965 0.3934947 0.3863631 0.3750979 0.3967902 0.3785299 0.3351575 0.5447815 0.5937505 0.5711433 0.7326773 1.0181811 0.9787577 0.9599020 0.8671728 0.9221094 0.9034632 0.9942751 1.0952367 0.7870163 0.8218987 0.7916826 0.8210335 0.8325102 0.7613450 0.7787527 0.7843120 0.7720704 0.8777265 0.7480171 0.8410238 0.8006538 0.7754365 0.8646268 0.8078921 0.8475941 0.8166173 0.8065258 0.8385494 0.8033145 1.0719544 0.9799148 0.9347771 0.9062331 0.9093104 0.9099766 0.9056922 0.8737106 0.8664111 2.6964044 2.0428235 1.9931078 2.0271684 
B.BR.02.02BR2041.JN692443              0.8525962 1.1212961 1.2045072 1.2390410 1.1376554 1.1486040 1.0481821 1.0836089 1.0734636 1.1157868 1.0816119 1.0899464 1.1363101 1.1022893 1.0877935 1.0694717 1.0714749 1.0927296 0.5913646 0.4779882 0.4138195 0.4220108 0.4237194 0.4114942 0.3777535 0.3688089 0.3662163 0.4205826 0.4322202 0.3583225 0.4221544 0.4065573 0.4732767 0.4020804 0.4555103 0.3962321 0.0000000 0.4576372 0.4289948 0.4442205 0.3327123 0.3299751 0.3442680 0.4196659 0.4091572 0.4179475 0.3982425 0.3973529 0.4050084 0.3992255 0.3816884 0.4080635 0.3972077 0.3502131 0.5552924 0.5750607 0.5808564 0.7435408 0.9945141 0.9534334 0.9455358 0.8258821 0.9003353 0.8802123 0.9748301 1.0889946 0.8014030 0.8129757 0.7861237 0.7980153 0.8303477 0.7596247 0.7769901 0.7777625 0.7733517 0.8465710 0.7304318 0.8324049 0.7809481 0.7900116 0.8246551 0.7937653 0.8437866 0.8124058 0.8053202 0.8116312 0.8014033 1.0698228 0.9794155 0.9160101 0.8992139 0.8949084 0.8931995 0.9084461 0.8747824 0.8828427 2.5806959 1.9839781 1.9893616 2.0983495 
B.GB.14.13659_1_64.3.MF109452          0.8926786 1.1716496 1.2881931 1.3092597 1.2225824 1.2146297 1.1523951 1.1517262 1.1898915 1.1581352 1.1351664 1.1412036 1.2008115 1.1995218 1.1823661 1.1282012 1.1504776 1.2089906 0.7244267 0.4970572 0.4479053 0.4600631 0.4698829 0.4488020 0.5107206 0.4948453 0.5017299 0.4768145 0.4599466 0.4960058 0.4512309 0.4726378 0.4322405 0.4339732 0.4320886 0.4445583 0.4576372 0.0000000 0.4025284 0.4178273 0.4250832 0.4249704 0.4148381 0.4124822 0.4097296 0.3913991 0.3730905 0.3848256 0.3788487 0.3811177 0.3679718 0.4012887 0.3718605 0.3251881 0.6047509 0.6557456 0.6153166 0.7843715 1.0751756 1.0440362 0.9903585 0.9209720 0.9696710 0.9288451 1.0362731 1.1710333 0.8470749 0.8777298 0.8768666 0.8741239 0.9076651 0.8222867 0.8359939 0.8190905 0.8137682 0.9160306 0.8012529 0.8902759 0.8628357 0.8301382 0.8774686 0.8704018 0.8874525 0.8562855 0.8337659 0.8852132 0.8746429 1.1163850 1.0571920 0.9917797 0.9712105 0.9614873 0.9612104 0.9895600 0.9337301 0.9350891 2.8229436 2.1159591 2.1371348 2.2118407 
