94
RESTV_M.fas-tc_USA_89_Philippines89-Pennsylvania_NC_004161 0.0000000 0.0254351 0.0340302 1.8866357 1.8862947 2.0540181 2.1002212 1.9506686 1.9510157 1.9493203 1.9513303 1.9920071 1.9903915 1.9873929 1.9889962 1.9932223 1.9907913 1.9902122 1.9901453 1.9934543 1.9926051 1.9919977 1.9943076 1.9947445 1.9947445 1.9940150 1.9926469 1.9898091 1.9906788 1.9900194 1.9902122 1.9901275 1.9898305 1.9892678 1.9889939 1.9889939 1.9887200 1.9883557 1.9895145 1.9913282 1.9873550 1.9873550 1.9893967 1.9891741 1.9893668 1.9895310 1.9891741 1.9899312 1.9889324 1.9895240 1.9892823 1.9894135 1.9902632 1.9905271 1.9899765 1.9872300 1.9887506 1.9894829 1.9883601 1.9910658 1.9909116 1.9908908 1.9917227 1.9903410 1.9907415 1.9903340 1.9889656 1.9881091 1.9886585 1.9887093 1.9887093 1.9907123 1.9918457 1.9892352 1.9905627 1.9905686 1.9908487 1.9901359 1.9892840 1.9889785 1.9886540 1.9911420 1.9883199 1.9893757 1.9910531 1.9910877 1.9914093 1.9922202 1.9919352 1.9927730 1.9747773 1.9789872 1.9687703 1.9643665 
RESTV_S.dom-tc_PHL_08_Reston08-A_FJ621583                  0.0254351 0.0000000 0.0523626 1.9026006 1.9022580 2.0824309 2.1360792 1.9699703 1.9703183 1.9686017 1.9706295 2.0154275 2.0137902 2.0107615 2.0123897 2.0166583 2.0142028 2.0136172 2.0135507 2.0169127 2.0158104 2.0151931 2.0175478 2.0182096 2.0182096 2.0174724 2.0160833 2.0129951 2.0140859 2.0134229 2.0136172 2.0139818 2.0132363 2.0126624 2.0123880 2.0123880 2.0121136 2.0117253 2.0129108 2.0147400 2.0117241 2.0117241 2.0127818 2.0125664 2.0127606 2.0125238 2.0125664 2.0133038 2.0123248 2.0129178 2.0126763 2.0128062 2.0134413 2.0122821 2.0133850 2.0106073 2.0121435 2.0128766 2.0117373 2.0144846 2.0143231 2.0143644 2.0151466 2.0137454 2.0141503 2.0137489 2.0123509 2.0114879 2.0120504 2.0118730 2.0118730 2.0141207 2.0152654 2.0126311 2.0139872 2.0156626 2.0159338 2.0152170 2.0143505 2.0140343 2.0137073 2.0164679 2.0133745 2.0127689 2.0144085 2.0144421 2.0148222 2.0156599 2.0147518 2.0156012 1.9930398 1.9984702 1.9890494 1.9812050 
RESTV_S.dom-xx_PHL_08_Reston08-C_FJ621584                  0.0340302 0.0523626 0.0000000 1.8877715 1.8874308 2.0591372 2.1085033 1.9432976 1.9430259 1.9413455 1.9432649 1.9890993 1.9872438 1.9843648 1.9857067 1.9899135 1.9872179 1.9866415 1.9865747 1.9898659 1.9890230 1.9884189 1.9907151 1.9911513 1.9911513 1.9904251 1.9890642 1.9864794 1.9871064 1.9864495 1.9866415 1.9865547 1.9862607 1.9857015 1.9854285 1.9854285 1.9851555 1.9847958 1.9859472 1.9877532 1.9835720 1.9835720 1.9858314 1.9856084 1.9862798 1.9859620 1.9856084 1.9863632 1.9853674 1.9859570 1.9857160 1.9858470 1.9866922 1.9869529 1.9864060 1.9836723 1.9851860 1.9863465 1.9847991 1.9874904 1.9875646 1.9875570 1.9879179 1.9867700 1.9871687 1.9867614 1.9854016 1.9845486 1.9850943 1.9851451 1.9851451 1.9889761 1.9882679 1.9856688 1.9869880 1.9876160 1.9872744 1.9865643 1.9857169 1.9854138 1.9850906 1.9853561 1.9847572 1.9858092 1.9870498 1.9870845 1.9878827 1.9886871 1.9881789 1.9890123 1.9670890 1.9709582 1.9616421 1.9579292 
SUDV_H.sap-xx_UGA_12_EboSud-603_KC545390                   1.8866357 1.9026006 1.8877715 0.0000000 0.0000507 2.1413608 2.3095866 2.0273163 2.0270389 2.0258799 2.0272786 2.0557568 2.0532877 2.0541737 2.0490459 2.0513732 2.0539756 2.0522161 2.0523357 2.0594109 2.0554080 2.0549337 2.0577664 2.0580996 2.0580996 2.0538720 2.0547413 2.0511961 2.0527377 2.0524592 2.0522161 2.0526609 2.0533869 2.0521837 2.0521543 2.0521543 2.0518763 2.0569915 2.0525636 2.0525309 2.0527733 2.0527733 2.0539134 2.0530732 2.0532272 2.0535573 2.0530732 2.0535182 2.0533164 2.0538552 2.0536564 2.0533164 2.0541939 2.0561068 2.0537625 2.0544425 2.0560414 2.0555808 2.0524199 2.0548761 2.0535949 2.0563861 2.0551641 2.0541959 2.0538381 2.0549265 2.0514689 2.0519670 2.0532320 2.0524155 2.0524155 2.0536313 2.0531630 2.0508628 2.0523775 2.0536801 2.0506742 2.0502106 2.0498020 2.0509282 2.0508326 2.0506054 2.0505365 2.0511462 2.0524649 2.0522211 2.0522008 2.0537718 2.0530932 2.0522234 2.0434815 2.0441650 2.0451634 2.0362425 
SUDV_H.sap-xx_UGA_12_EboSud-609_KC545391                   1.8862947 1.9022580 1.8874308 0.0000507 0.0000000 2.1409969 2.3092066 2.0275937 2.0273163 2.0261571 2.0275560 2.0560348 2.0535657 2.0544519 2.0493238 2.0516512 2.0542537 2.0524941 2.0526137 2.0596892 2.0556862 2.0552118 2.0580447 2.0583778 2.0583778 2.0541501 2.0550195 2.0514743 2.0530156 2.0527372 2.0524941 2.0529392 2.0536650 2.0524617 2.0524322 2.0524322 2.0521543 2.0572697 2.0528417 2.0528091 2.0530514 2.0530514 2.0541915 2.0533512 2.0535053 2.0538355 2.0533512 2.0537962 2.0535944 2.0541333 2.0539344 2.0535944 2.0544719 2.0563851 2.0540406 2.0547206 2.0563195 2.0558589 2.0526978 2.0551543 2.0538730 2.0566649 2.0554422 2.0544740 2.0541162 2.0552047 2.0517470 2.0522451 2.0535100 2.0526936 2.0526936 2.0539094 2.0534410 2.0511407 2.0526555 2.0539581 2.0509522 2.0504885 2.0500799 2.0512061 2.0511105 2.0508835 2.0508144 2.0514241 2.0527430 2.0524992 2.0524788 2.0540499 2.0533712 2.0525013 2.0437602 2.0444436 2.0454411 2.0365202 
TAFV_H.sap-tc_CIV_94_Pauleoula-CI_NC_014372                2.0540181 2.0824309 2.0591372 2.1413608 2.1409969 0.0000000 0.8306624 1.4167209 1.4164838 1.4178336 1.4188391 1.4437363 1.4450194 1.4440521 1.4433359 1.4430387 1.4437410 1.4434670 1.4441254 1.4467703 1.4449177 1.4451778 1.4451483 1.4454942 1.4454942 1.4466847 1.4442301 1.4440885 1.4436934 1.4432408 1.4434670 1.4411768 1.4417732 1.4428523 1.4431412 1.4431412 1.4429022 1.4438558 1.4426101 1.4430067 1.4436688 1.4436688 1.4435177 1.4424668 1.4426929 1.4417903 1.4424668 1.4426361 1.4426798 1.4429534 1.4427273 1.4426798 1.4432566 1.4425254 1.4429784 1.4421989 1.4421308 1.4418333 1.4426331 1.4428646 1.4431526 1.4449704 1.4436056 1.4437279 1.4434390 1.4416142 1.4417764 1.4426207 1.4424408 1.4427794 1.4427794 1.4441408 1.4439030 1.4435482 1.4451616 1.4446632 1.4438574 1.4440704 1.4434480 1.4429943 1.4427835 1.4425824 1.4427813 1.4440484 1.4439017 1.4439493 1.4438025 1.4451531 1.4458665 1.4464189 1.4254445 1.4274393 1.4237757 1.4278122 
BDBV_H.sap-xx_COD_12_EboBund-122_KC545395                  2.1002212 2.1360792 2.1085033 2.3095866 2.3092066 0.8306624 0.0000000 1.4242553 1.4245445 1.4261165 1.4257826 1.4527194 1.4524854 1.4529402 1.4563630 1.4560936 1.4493467 1.4493463 1.4497366 1.4526193 1.4508269 1.4513999 1.4496522 1.4525450 1.4525450 1.4510091 1.4509777 1.4498567 1.4498174 1.4495621 1.4493463 1.4518419 1.4490538 1.4490496 1.4488073 1.4488073 1.4485651 1.4497360 1.4481088 1.4484834 1.4507689 1.4507689 1.4476767 1.4486919 1.4484761 1.4483178 1.4486919 1.4489833 1.4484629 1.4482468 1.4484625 1.4489076 1.4494939 1.4486523 1.4480945 1.4481673 1.4493302 1.4480464 1.4493973 1.4500836 1.4496673 1.4515054 1.4504883 1.4500400 1.4498468 1.4497985 1.4504797 1.4487716 1.4484978 1.4483544 1.4483544 1.4486302 1.4487132 1.4482318 1.4516443 1.4524983 1.4509740 1.4507183 1.4504041 1.4503455 1.4495969 1.4506107 1.4505392 1.4494922 1.4529549 1.4527258 1.4527260 1.4531415 1.4543577 1.4538477 1.4332631 1.4366248 1.4285619 1.4330965 
EBOV_H.sap-tc_COD_07_1Luebo_KC242786                       1.9506686 1.9699703 1.9432976 2.0273163 2.0275937 1.4167209 1.4242553 0.0000000 0.0000512 0.0003587 0.0005125 0.0331888 0.0327320 0.0330581 0.0330650 0.0328315 0.0328918 0.0326083 0.0328344 0.0334767 0.0331857 0.0330171 0.0334122 0.0331314 0.0331314 0.0331298 0.0332353 0.0329146 0.0327210 0.0326642 0.0326083 0.0332626 0.0327305 0.0329153 0.0328590 0.0328590 0.0329157 0.0331330 0.0328953 0.0333567 0.0334615 0.0334615 0.0329559 0.0326128 0.0326693 0.0330633 0.0326128 0.0327821 0.0326217 0.0329042 0.0328476 0.0326688 0.0327259 0.0329032 0.0328403 0.0328986 0.0330125 0.0329007 0.0326741 0.0333574 0.0330647 0.0332929 0.0332392 0.0329524 0.0327827 0.0327241 0.0331816 0.0329511 0.0327255 0.0328956 0.0328956 0.0330171 0.0330044 0.0329434 0.0332926 0.0330717 0.0329516 0.0329563 0.0331269 0.0326695 0.0328959 0.0330698 0.0328390 0.0326658 0.0327152 0.0327712 0.0322630 0.0327757 0.0323260 0.0323828 0.0230407 0.0241049 0.0228238 0.0190905 
EBOV_H.sap-tc_COD_07_M-M_HQ613403                          1.9510157 1.9703183 1.9430259 2.0270389 2.0273163 1.4164838 1.4245445 0.0000512 0.0000000 0.0003074 0.0004612 0.0331325 0.0326757 0.0330018 0.0330087 0.0327752 0.0328356 0.0325520 0.0327781 0.0334203 0.0331294 0.0329608 0.0333558 0.0330751 0.0330751 0.0330735 0.0331789 0.0328583 0.0326647 0.0326079 0.0325520 0.0332063 0.0326743 0.0328590 0.0328027 0.0328027 0.0328594 0.0330766 0.0328390 0.0333004 0.0334052 0.0334052 0.0328996 0.0325566 0.0326131 0.0330070 0.0325566 0.0327258 0.0325654 0.0328479 0.0327913 0.0326125 0.0326697 0.0328469 0.0327840 0.0328423 0.0329562 0.0328444 0.0326178 0.0333011 0.0330084 0.0332365 0.0331829 0.0328961 0.0327264 0.0326678 0.0331252 0.0328948 0.0326692 0.0328393 0.0328393 0.0329607 0.0329481 0.0328871 0.0332363 0.0330154 0.0328953 0.0329000 0.0330706 0.0326133 0.0328396 0.0330135 0.0327827 0.0326095 0.0326590 0.0327149 0.0322068 0.0327194 0.0322698 0.0323265 0.0229860 0.0240500 0.0227691 0.0190363 
EBOV_H.sap-tc_COD_07_5Luebo_KC242790                       1.9493203 1.9686017 1.9413455 2.0258799 2.0261571 1.4178336 1.4261165 0.0003587 0.0003074 0.0000000 0.0007699 0.0334982 0.0330407 0.0333672 0.0333741 0.0331402 0.0332007 0.0329167 0.0331431 0.0337866 0.0334951 0.0333263 0.0337219 0.0334407 0.0334407 0.0334391 0.0335446 0.0332237 0.0330296 0.0329727 0.0329167 0.0335723 0.0330392 0.0332244 0.0331680 0.0331680 0.0332248 0.0334423 0.0332041 0.0336664 0.0337712 0.0337712 0.0332649 0.0329213 0.0329779 0.0333724 0.0329213 0.0330908 0.0329302 0.0332131 0.0331565 0.0329773 0.0330345 0.0332122 0.0331491 0.0332075 0.0333216 0.0332096 0.0329827 0.0336671 0.0333739 0.0336029 0.0335487 0.0332614 0.0330914 0.0330327 0.0334909 0.0332600 0.0330341 0.0332044 0.0332044 0.0333262 0.0333134 0.0332523 0.0336021 0.0333809 0.0332606 0.0332653 0.0334362 0.0329780 0.0332048 0.0333790 0.0331478 0.0329743 0.0330237 0.0330797 0.0325708 0.0330843 0.0326340 0.0326908 0.0233338 0.0243997 0.0231165 0.0193773 
EBOV_H.sap-tc_COD_08_034-KS_HQ613402                       1.9513303 1.9706295 1.9432649 2.0272786 2.0275560 1.4188391 1.4257826 0.0005125 0.0004612 0.0007699 0.0000000 0.0336451 0.0331876 0.0335140 0.0335210 0.0332871 0.0333476 0.0330636 0.0332900 0.0339334 0.0336420 0.0334732 0.0338687 0.0335876 0.0335876 0.0335860 0.0336915 0.0333707 0.0331765 0.0331196 0.0330636 0.0337192 0.0331862 0.0333714 0.0333150 0.0333150 0.0333718 0.0335892 0.0333510 0.0338132 0.0339180 0.0339180 0.0334118 0.0330683 0.0331248 0.0335193 0.0330683 0.0332377 0.0330772 0.0333601 0.0333035 0.0331242 0.0331815 0.0333591 0.0332961 0.0333544 0.0334685 0.0333565 0.0331297 0.0338139 0.0335207 0.0337499 0.0336955 0.0334083 0.0332383 0.0331796 0.0336377 0.0334069 0.0331810 0.0333513 0.0333513 0.0334731 0.0334603 0.0333991 0.0337489 0.0335278 0.0334075 0.0334122 0.0335831 0.0331250 0.0333517 0.0335259 0.0332947 0.0331212 0.0331706 0.0332266 0.0327178 0.0332312 0.0327810 0.0328378 0.0233724 0.0244379 0.0231553 0.0193664 
EBOV_H.sap-wt_GIN_14_Makona-Gueckedou-EM_080076_KR817235   1.9920071 2.0154275 1.9890993 2.0557568 2.0560348 1.4437363 1.4527194 0.0331888 0.0331325 0.0334982 0.0336451 0.0000000 0.0011806 0.0014377 0.0019535 0.0017469 0.0015927 0.0013353 0.0015411 0.0021091 0.0018508 0.0016963 0.0020570 0.0017994 0.0017994 0.0017993 0.0019020 0.0016453 0.0014382 0.0013867 0.0013353 0.0020068 0.0015416 0.0018514 0.0017998 0.0017998 0.0018514 0.0019026 0.0016958 0.0021597 0.0022113 0.0022113 0.0017476 0.0014384 0.0015928 0.0018503 0.0014384 0.0015928 0.0014388 0.0016964 0.0016448 0.0014898 0.0015413 0.0017994 0.0016444 0.0016960 0.0018508 0.0016961 0.0015414 0.0021088 0.0018504 0.0019567 0.0020566 0.0017474 0.0015929 0.0015934 0.0019537 0.0017473 0.0015413 0.0016959 0.0016959 0.0017993 0.0016956 0.0016444 0.0020053 0.0017990 0.0016957 0.0016959 0.0018505 0.0014382 0.0016442 0.0017989 0.0015927 0.0011810 0.0013350 0.0013864 0.0009237 0.0013866 0.0012838 0.0013353 0.0370334 0.0380318 0.0366817 0.0334713 
EBOV_H.sap-wt_GIN_14_Makona-Gueckedou-EM_079702_KR817210   1.9903915 2.0137902 1.9872438 2.0532877 2.0535657 1.4450194 1.4524854 0.0327320 0.0326757 0.0330407 0.0331876 0.0011806 0.0000000 0.0010763 0.0015921 0.0013860 0.0013347 0.0010776 0.0012832 0.0018504 0.0015925 0.0014381 0.0017984 0.0015411 0.0015411 0.0014380 0.0016436 0.0013871 0.0011804 0.0011290 0.0010776 0.0017481 0.0012836 0.0015929 0.0015414 0.0015414 0.0015930 0.0016441 0.0014377 0.0019010 0.0019526 0.0019526 0.0014894 0.0011806 0.0013348 0.0015920 0.0011806 0.0013348 0.0011809 0.0014382 0.0013867 0.0012320 0.0012834 0.0015410 0.0013863 0.0014379 0.0015925 0.0014380 0.0012835 0.0018501 0.0015921 0.0017495 0.0017981 0.0014892 0.0013349 0.0013353 0.0016952 0.0014891 0.0012834 0.0014377 0.0014377 0.0015410 0.0014376 0.0014376 0.0017981 0.0015408 0.0014376 0.0014378 0.0015922 0.0011805 0.0013862 0.0015407 0.0013347 0.0009235 0.0009737 0.0010260 0.0005636 0.0010261 0.0009234 0.0009748 0.0365711 0.0375680 0.0363340 0.0330141 
EBOV_H.sap-wt_GIN_14_Makona-Gueckedou-EM_079587_KR817202   1.9873929 2.0107615 1.9843648 2.0541737 2.0544519 1.4440521 1.4529402 0.0330581 0.0330018 0.0333672 0.0335140 0.0014377 0.0010763 0.0000000 0.0018494 0.0016430 0.0015918 0.0013345 0.0015403 0.0021079 0.0018498 0.0016953 0.0020559 0.0017984 0.0017984 0.0017983 0.0019009 0.0016443 0.0014374 0.0013859 0.0013345 0.0020056 0.0015407 0.0018503 0.0017988 0.0017988 0.0018504 0.0019015 0.0016949 0.0021585 0.0022101 0.0022101 0.0017466 0.0014376 0.0015919 0.0018493 0.0014376 0.0015920 0.0014380 0.0016954 0.0016439 0.0014890 0.0015405 0.0017984 0.0016435 0.0016951 0.0018498 0.0016952 0.0015406 0.0021077 0.0018494 0.0020073 0.0020555 0.0017464 0.0015920 0.0015925 0.0019526 0.0017464 0.0015405 0.0016949 0.0016949 0.0017983 0.0016947 0.0016948 0.0020555 0.0017980 0.0016947 0.0016950 0.0018495 0.0014375 0.0016433 0.0017979 0.0015918 0.0011803 0.0012315 0.0012828 0.0008199 0.0012830 0.0011803 0.0012317 0.0368995 0.0378971 0.0366623 0.0333404 
EBOV_H.sap-wt_GIN_14_Makona-Gueckedou-EM_079750_KR817213   1.9889962 2.0123897 1.9857067 2.0490459 2.0493238 1.4433359 1.4563630 0.0330650 0.0330087 0.0333741 0.0335210 0.0019535 0.0015921 0.0018494 0.0000000 0.0005123 0.0019011 0.0016435 0.0018495 0.0024179 0.0021595 0.0020048 0.0023658 0.0021080 0.0021080 0.0021079 0.0022106 0.0019539 0.0017465 0.0016950 0.0016435 0.0023157 0.0018500 0.0021601 0.0021085 0.0021085 0.0021601 0.0022113 0.0020043 0.0024684 0.0025201 0.0025201 0.0020561 0.0017467 0.0019013 0.0021589 0.0017467 0.0019013 0.0017473 0.0020049 0.0019534 0.0017982 0.0018498 0.0021080 0.0019529 0.0020045 0.0021595 0.0020047 0.0018498 0.0024176 0.0021590 0.0023175 0.0023653 0.0020559 0.0019013 0.0019020 0.0022623 0.0020558 0.0018497 0.0020043 0.0020043 0.0021079 0.0020041 0.0020042 0.0023653 0.0021076 0.0020041 0.0020044 0.0021591 0.0017466 0.0019526 0.0021075 0.0019011 0.0014891 0.0015403 0.0015917 0.0011289 0.0015919 0.0014891 0.0015406 0.0367413 0.0377388 0.0365042 0.0332952 
EBOV_H.sap-wt_GIN_14_Makona-Gueckedou-EM_079910_KR817221   1.9932223 2.0166583 1.9899135 2.0513732 2.0516512 1.4430387 1.4560936 0.0328315 0.0327752 0.0331402 0.0332871 0.0017469 0.0013860 0.0016430 0.0005123 0.0000000 0.0016947 0.0014374 0.0016432 0.0022110 0.0019528 0.0017983 0.0021590 0.0019014 0.0019014 0.0019013 0.0020039 0.0017473 0.0015402 0.0014888 0.0014374 0.0021087 0.0016436 0.0019534 0.0019018 0.0019018 0.0019534 0.0020045 0.0017978 0.0022615 0.0023132 0.0023132 0.0018496 0.0015405 0.0016948 0.0019523 0.0015405 0.0016949 0.0015409 0.0017984 0.0017469 0.0015919 0.0016434 0.0019013 0.0017464 0.0017980 0.0019528 0.0017981 0.0016435 0.0022107 0.0019523 0.0021104 0.0021585 0.0018494 0.0016949 0.0016955 0.0020556 0.0018493 0.0016434 0.0017979 0.0017979 0.0019013 0.0017976 0.0017977 0.0021586 0.0019010 0.0017976 0.0017979 0.0019525 0.0015403 0.0017462 0.0019009 0.0016947 0.0012831 0.0013342 0.0013856 0.0009224 0.0013858 0.0012831 0.0013345 0.0365647 0.0375615 0.0363277 0.0330082 
EBOV_H.sap-wt_LBR_14_Makona-LIBR0430_KR006955              1.9907913 2.0142028 1.9872179 2.0539756 2.0542537 1.4437410 1.4493467 0.0328918 0.0328356 0.0332007 0.0333476 0.0015927 0.0013347 0.0015918 0.0019011 0.0016947 0.0000000 0.0002561 0.0004611 0.0010264 0.0007686 0.0006148 0.0009748 0.0007173 0.0007173 0.0007173 0.0008199 0.0005640 0.0003586 0.0003073 0.0002561 0.0009240 0.0004611 0.0007686 0.0007173 0.0007173 0.0007696 0.0008199 0.0006148 0.0010773 0.0011287 0.0011287 0.0006661 0.0003586 0.0005123 0.0007686 0.0003586 0.0005123 0.0004098 0.0006661 0.0006148 0.0004098 0.0004611 0.0007173 0.0005636 0.0006148 0.0007686 0.0006148 0.0004611 0.0010263 0.0007686 0.0009238 0.0009737 0.0006661 0.0005123 0.0005123 0.0008711 0.0006661 0.0004611 0.0006148 0.0006148 0.0007173 0.0006148 0.0006148 0.0009737 0.0007173 0.0006148 0.0006148 0.0007686 0.0003586 0.0005636 0.0007173 0.0005123 0.0004098 0.0012830 0.0013344 0.0008711 0.0013346 0.0012318 0.0012832 0.0367318 0.0377290 0.0364947 0.0331740 
EBOV_H.sap-wt_SLE_14_Makona-G3734.1_KM233055               1.9902122 2.0136172 1.9866415 2.0522161 2.0524941 1.4434670 1.4493463 0.0326083 0.0325520 0.0329167 0.0330636 0.0013353 0.0010776 0.0013345 0.0016435 0.0014374 0.0002561 0.0000000 0.0002049 0.0007686 0.0005123 0.0003586 0.0007173 0.0004611 0.0004611 0.0004611 0.0005636 0.0003076 0.0001024 0.0000512 0.0000010 0.0006671 0.0002049 0.0005123 0.0004611 0.0004611 0.0005123 0.0005636 0.0003586 0.0008199 0.0008711 0.0008711 0.0004098 0.0001024 0.0002561 0.0005123 0.0001024 0.0002561 0.0001537 0.0004098 0.0003586 0.0001537 0.0002049 0.0004611 0.0003073 0.0003586 0.0005123 0.0003586 0.0002049 0.0007686 0.0005123 0.0006671 0.0007173 0.0004098 0.0002561 0.0002561 0.0006148 0.0004098 0.0002049 0.0003586 0.0003586 0.0004611 0.0003586 0.0003586 0.0007173 0.0004611 0.0003586 0.0003586 0.0005123 0.0001024 0.0003073 0.0004611 0.0002561 0.0001537 0.0010260 0.0010774 0.0006148 0.0010775 0.0009748 0.0010262 0.0364450 0.0374412 0.0362081 0.0328902 
EBOV_H.sap-wt_LBR_15_Makona-Liberia-DQE4_KR074998          1.9901453 2.0135507 1.9865747 2.0523357 2.0526137 1.4441254 1.4497366 0.0328344 0.0327781 0.0331431 0.0332900 0.0015411 0.0012832 0.0015403 0.0018495 0.0016432 0.0004611 0.0002049 0.0000000 0.0009750 0.0007173 0.0005636 0.0009234 0.0006661 0.0006661 0.0006661 0.0007686 0.0005127 0.0003073 0.0002561 0.0002049 0.0008726 0.0004098 0.0007173 0.0006661 0.0006661 0.0007173 0.0007686 0.0005636 0.0010250 0.0010773 0.0010773 0.0006148 0.0003073 0.0004611 0.0007173 0.0003073 0.0004611 0.0003586 0.0006148 0.0005636 0.0003586 0.0004098 0.0006661 0.0005123 0.0005636 0.0007173 0.0005636 0.0004098 0.0009749 0.0007173 0.0008725 0.0009224 0.0006148 0.0004611 0.0004611 0.0008199 0.0006148 0.0004098 0.0005636 0.0005636 0.0006661 0.0005636 0.0005636 0.0009224 0.0006661 0.0005636 0.0005636 0.0007173 0.0003073 0.0005123 0.0006661 0.0004611 0.0003586 0.0012316 0.0012830 0.0008199 0.0012831 0.0011804 0.0012318 0.0366736 0.0376705 0.0364365 0.0331165 
EBOV_H.sap-wt_GIN_14_Makona-Kankan-EM_078639_KR817166      1.9934543 2.0169127 1.9898659 2.0594109 2.0596892 1.4467703 1.4526193 0.0334767 0.0334203 0.0337866 0.0339334 0.0021091 0.0018504 0.0021079 0.0024179 0.0022110 0.0010264 0.0007686 0.0009750 0.0000000 0.0007686 0.0006148 0.0009737 0.0007173 0.0007173 0.0010264 0.0013351 0.0010785 0.0008723 0.0008209 0.0007686 0.0014392 0.0009753 0.0012843 0.0012328 0.0012328 0.0012843 0.0013355 0.0011294 0.0015923 0.0016439 0.0016439 0.0011809 0.0008724 0.0010265 0.0012836 0.0008724 0.0010265 0.0009237 0.0011808 0.0011293 0.0009237 0.0009751 0.0012325 0.0010780 0.0011295 0.0012839 0.0011295 0.0009752 0.0015414 0.0012836 0.0014404 0.0014894 0.0011808 0.0010266 0.0010269 0.0013866 0.0011807 0.0009751 0.0011294 0.0011294 0.0012325 0.0011292 0.0011293 0.0014895 0.0012323 0.0011292 0.0011294 0.0012837 0.0008723 0.0010779 0.0012322 0.0010264 0.0009236 0.0017985 0.0018500 0.0013866 0.0018502 0.0017473 0.0017988 0.0373251 0.0383247 0.0370874 0.0337594 
EBOV_H.sap-wt_GIN_14_Makona-Faranah-EM_078415_KR817160     1.9926051 2.0158104 1.9890230 2.0554080 2.0556862 1.4449177 1.4508269 0.0331857 0.0331294 0.0334951 0.0336420 0.0018508 0.0015925 0.0018498 0.0021595 0.0019528 0.0007686 0.0005123 0.0007173 0.0007686 0.0000000 0.0003586 0.0007173 0.0004611 0.0004611 0.0007686 0.0010777 0.0008205 0.0006148 0.0005636 0.0005123 0.0011815 0.0007173 0.0010268 0.0009754 0.0009754 0.0010268 0.0010781 0.0008722 0.0013347 0.0013862 0.0013862 0.0009237 0.0006148 0.0007686 0.0010263 0.0006148 0.0007686 0.0006661 0.0009235 0.0008722 0.0006661 0.0007173 0.0009752 0.0008199 0.0008723 0.0010265 0.0008723 0.0007173 0.0012837 0.0010263 0.0011825 0.0012319 0.0009236 0.0007686 0.0007697 0.0011292 0.0009235 0.0007173 0.0007686 0.0007686 0.0009752 0.0008711 0.0008711 0.0012320 0.0009750 0.0008711 0.0008722 0.0010264 0.0006148 0.0008199 0.0009749 0.0007686 0.0006661 0.0015407 0.0015921 0.0011291 0.0015923 0.0014894 0.0015409 0.0370301 0.0380285 0.0367927 0.0334682 
EBOV_H.sap-wt_GIN_14_Makona-Macenta-EM_076191_KR817141     1.9919977 2.0151931 1.9884189 2.0549337 2.0552118 1.4451778 1.4513999 0.0330171 0.0329608 0.0333263 0.0334732 0.0016963 0.0014381 0.0016953 0.0020048 0.0017983 0.0006148 0.0003586 0.0005636 0.0006148 0.0003586 0.0000000 0.0005636 0.0003073 0.0003073 0.0006148 0.0009236 0.0006666 0.0004611 0.0004098 0.0003586 0.0010272 0.0005636 0.0008726 0.0008213 0.0008213 0.0008727 0.0009239 0.0007173 0.0011805 0.0012320 0.0012320 0.0007686 0.0004611 0.0006148 0.0008722 0.0004611 0.0006148 0.0005123 0.0007686 0.0007173 0.0005123 0.0005636 0.0008210 0.0006661 0.0007173 0.0008724 0.0007173 0.0005636 0.0011295 0.0008722 0.0010280 0.0010777 0.0007686 0.0006148 0.0006148 0.0009750 0.0007686 0.0005636 0.0007173 0.0007173 0.0008210 0.0007173 0.0007173 0.0010778 0.0008209 0.0007173 0.0007173 0.0008722 0.0004611 0.0006661 0.0008199 0.0006148 0.0005123 0.0013863 0.0014378 0.0009750 0.0014380 0.0013351 0.0013866 0.0368598 0.0378577 0.0366225 0.0332995 
EBOV_H.sap-wt_GIN_14_Makona-Beyla-EM_075931_KR817138       1.9943076 2.0175478 1.9907151 2.0577664 2.0580447 1.4451483 1.4496522 0.0334122 0.0333558 0.0337219 0.0338687 0.0020570 0.0017984 0.0020559 0.0023658 0.0021590 0.0009748 0.0007173 0.0009234 0.0009737 0.0007173 0.0005636 0.0000000 0.0006661 0.0006661 0.0009748 0.0012834 0.0010269 0.0008199 0.0007686 0.0007173 0.0013874 0.0009237 0.0012325 0.0011811 0.0011811 0.0012326 0.0012838 0.0010777 0.0015405 0.0015920 0.0015920 0.0011292 0.0008199 0.0009749 0.0012319 0.0008199 0.0009749 0.0008722 0.0011291 0.0010777 0.0008722 0.0009235 0.0011808 0.0010263 0.0010778 0.0012322 0.0010779 0.0009236 0.0014896 0.0012319 0.0013885 0.0014376 0.0011291 0.0009749 0.0009753 0.0013349 0.0011291 0.0009235 0.0010777 0.0010777 0.0011808 0.0010776 0.0010776 0.0014377 0.0011806 0.0010776 0.0010777 0.0012320 0.0008199 0.0010262 0.0011805 0.0009748 0.0008711 0.0017466 0.0017980 0.0013348 0.0017983 0.0016954 0.0017469 0.0372590 0.0382582 0.0369077 0.0336948 
EBOV_H.sap-wt_GIN_14_Makona-Kissidougou-EM_078694_KR817171 1.9947445 2.0182096 1.9911513 2.0580996 2.0583778 1.4454942 1.4525450 0.0331314 0.0330751 0.0334407 0.0335876 0.0017994 0.0015411 0.0017984 0.0021080 0.0019014 0.0007173 0.0004611 0.0006661 0.0007173 0.0004611 0.0003073 0.0006661 0.0000000 0.0000010 0.0007173 0.0010264 0.0007692 0.0005636 0.0005123 0.0004611 0.0011301 0.0006661 0.0009755 0.0009241 0.0009241 0.0009755 0.0010267 0.0008199 0.0012834 0.0013349 0.0013349 0.0008723 0.0005636 0.0007173 0.0009749 0.0005636 0.0007173 0.0006148 0.0008722 0.0008199 0.0006148 0.0006661 0.0009238 0.0007686 0.0008209 0.0009752 0.0008210 0.0006661 0.0012324 0.0009750 0.0011310 0.0011806 0.0008722 0.0007173 0.0007184 0.0010779 0.0008722 0.0006661 0.0008199 0.0008199 0.0009238 0.0008199 0.0008199 0.0011806 0.0009237 0.0008199 0.0008209 0.0009750 0.0005636 0.0007686 0.0009236 0.0007173 0.0006148 0.0014893 0.0015407 0.0010778 0.0015409 0.0014381 0.0014895 0.0369755 0.0379738 0.0367381 0.0334138 
EBOV_H.sap-wt_GIN_14_Makona-Kissidougou-EM_078722_KR817175 1.9947445 2.0182096 1.9911513 2.0580996 2.0583778 1.4454942 1.4525450 0.0331314 0.0330751 0.0334407 0.0335876 0.0017994 0.0015411 0.0017984 0.0021080 0.0019014 0.0007173 0.0004611 0.0006661 0.0007173 0.0004611 0.0003073 0.0006661 0.0000010 0.0000000 0.0007173 0.0010264 0.0007692 0.0005636 0.0005123 0.0004611 0.0011301 0.0006661 0.0009755 0.0009241 0.0009241 0.0009755 0.0010267 0.0008199 0.0012834 0.0013349 0.0013349 0.0008723 0.0005636 0.0007173 0.0009749 0.0005636 0.0007173 0.0006148 0.0008722 0.0008199 0.0006148 0.0006661 0.0009238 0.0007686 0.0008209 0.0009752 0.0008210 0.0006661 0.0012324 0.0009750 0.0011310 0.0011806 0.0008722 0.0007173 0.0007184 0.0010779 0.0008722 0.0006661 0.0008199 0.0008199 0.0009238 0.0008199 0.0008199 0.0011806 0.0009237 0.0008199 0.0008209 0.0009750 0.0005636 0.0007686 0.0009236 0.0007173 0.0006148 0.0014893 0.0015407 0.0010778 0.0015409 0.0014381 0.0014895 0.0369755 0.0379738 0.0367381 0.0334138 
EBOV_H.sap-wt_LBR_14_Makona-LIBR0505_KR006957              1.9940150 2.0174724 1.9904251 2.0538720 2.0541501 1.4466847 1.4510091 0.0331298 0.0330735 0.0334391 0.0335860 0.0017993 0.0014380 0.0017983 0.0021079 0.0019013 0.0007173 0.0004611 0.0006661 0.0010264 0.0007686 0.0006148 0.0009748 0.0007173 0.0007173 0.0000000 0.0010263 0.0007692 0.0005636 0.0005123 0.0004611 0.0011301 0.0006661 0.0009754 0.0009240 0.0009240 0.0009755 0.0010267 0.0008199 0.0012833 0.0013348 0.0013348 0.0008723 0.0005636 0.0007173 0.0009749 0.0005636 0.0007173 0.0006148 0.0008722 0.0008199 0.0006148 0.0006661 0.0009238 0.0007686 0.0008209 0.0009752 0.0008210 0.0006661 0.0012323 0.0009749 0.0011310 0.0011805 0.0008722 0.0007173 0.0007184 0.0010778 0.0008722 0.0006661 0.0008199 0.0008199 0.0009238 0.0008199 0.0008199 0.0011806 0.0009236 0.0008199 0.0008199 0.0009750 0.0005636 0.0007686 0.0009236 0.0007173 0.0006148 0.0014892 0.0015407 0.0010778 0.0015409 0.0014380 0.0014895 0.0369736 0.0379719 0.0367362 0.0334122 
EBOV_H.sap-wt_SLE_14_Makona-Kailahun-20140517_KR653263     1.9926469 2.0160833 1.9890642 2.0547413 2.0550195 1.4442301 1.4509777 0.0332353 0.0331789 0.0335446 0.0336915 0.0019020 0.0016436 0.0019009 0.0022106 0.0020039 0.0008199 0.0005636 0.0007686 0.0013351 0.0010777 0.0009236 0.0012834 0.0010264 0.0010264 0.0010263 0.0000000 0.0005640 0.0006661 0.0006148 0.0005636 0.0012327 0.0007686 0.0010780 0.0010266 0.0010266 0.0010780 0.0011292 0.0009224 0.0013859 0.0014374 0.0014374 0.0009748 0.0006661 0.0008199 0.0010774 0.0006661 0.0008199 0.0007173 0.0009747 0.0009224 0.0007173 0.0007686 0.0010264 0.0008711 0.0009234 0.0010777 0.0009235 0.0007686 0.0013349 0.0010775 0.0012337 0.0012831 0.0009747 0.0008199 0.0008209 0.0011804 0.0009747 0.0007686 0.0009224 0.0009224 0.0010263 0.0009224 0.0009224 0.0012831 0.0010262 0.0009224 0.0009224 0.0010775 0.0006661 0.0008711 0.0010261 0.0008199 0.0007173 0.0015918 0.0016432 0.0011803 0.0016435 0.0015406 0.0015921 0.0370794 0.0380778 0.0368419 0.0335177 
EBOV_H.sap-wt_SLE_14_Makona-G4973_1_KR105286               1.9898091 2.0129951 1.9864794 2.0511961 2.0514743 1.4440885 1.4498567 0.0329146 0.0328583 0.0332237 0.0333707 0.0016453 0.0013871 0.0016443 0.0019539 0.0017473 0.0005640 0.0003076 0.0005127 0.0010785 0.0008205 0.0006666 0.0010269 0.0007692 0.0007692 0.0007692 0.0005640 0.0000000 0.0004101 0.0003588 0.0003076 0.0009761 0.0005127 0.0008215 0.0007692 0.0007692 0.0008215 0.0008718 0.0006666 0.0011294 0.0011809 0.0011809 0.0007179 0.0004101 0.0005640 0.0008205 0.0004101 0.0005640 0.0004614 0.0007179 0.0006666 0.0004614 0.0005127 0.0007692 0.0006153 0.0006666 0.0008205 0.0006666 0.0005127 0.0010784 0.0008205 0.0009759 0.0010257 0.0007179 0.0005640 0.0005640 0.0009231 0.0007179 0.0005127 0.0006666 0.0006666 0.0007692 0.0006666 0.0006666 0.0010257 0.0007692 0.0006666 0.0006666 0.0008205 0.0004101 0.0006153 0.0007692 0.0005640 0.0004614 0.0013353 0.0013867 0.0009231 0.0013869 0.0012841 0.0013355 0.0368145 0.0378126 0.0365772 0.0332536 
EBOV_H.sap-wt_SLE_14_Makona-G3799_KM233080                 1.9906788 2.0140859 1.9871064 2.0527377 2.0530156 1.4436934 1.4498174 0.0327210 0.0326647 0.0330296 0.0331765 0.0014382 0.0011804 0.0014374 0.0017465 0.0015402 0.0003586 0.0001024 0.0003073 0.0008723 0.0006148 0.0004611 0.0008199 0.0005636 0.0005636 0.0005636 0.0006661 0.0004101 0.0000000 0.0001537 0.0001024 0.0007698 0.0003073 0.0006148 0.0005636 0.0005636 0.0006148 0.0006661 0.0004611 0.0009224 0.0009737 0.0009737 0.0005123 0.0002049 0.0003586 0.0006148 0.0002049 0.0003586 0.0002561 0.0005123 0.0004611 0.0002561 0.0003073 0.0005636 0.0004098 0.0004611 0.0006148 0.0004611 0.0003073 0.0008711 0.0006148 0.0007698 0.0008199 0.0005123 0.0003586 0.0003586 0.0007173 0.0005123 0.0003073 0.0004611 0.0004611 0.0005636 0.0004611 0.0004611 0.0008199 0.0005636 0.0004611 0.0004611 0.0006148 0.0002049 0.0004098 0.0005636 0.0003586 0.0002561 0.0011288 0.0011801 0.0007173 0.0011803 0.0010776 0.0011290 0.0365589 0.0375555 0.0363219 0.0330030 
EBOV_H.sap-wt_SLE_14_Makona-G3788_KM233075                 1.9900194 2.0134229 1.9864495 2.0524592 2.0527372 1.4432408 1.4495621 0.0326642 0.0326079 0.0329727 0.0331196 0.0013867 0.0011290 0.0013859 0.0016950 0.0014888 0.0003073 0.0000512 0.0002561 0.0008209 0.0005636 0.0004098 0.0007686 0.0005123 0.0005123 0.0005123 0.0006148 0.0003588 0.0001537 0.0000000 0.0000512 0.0007185 0.0002561 0.0005636 0.0005123 0.0005123 0.0005636 0.0006148 0.0004098 0.0008711 0.0009224 0.0009224 0.0004611 0.0001537 0.0003073 0.0005636 0.0001537 0.0003073 0.0002049 0.0004611 0.0004098 0.0002049 0.0002561 0.0005123 0.0003586 0.0004098 0.0005636 0.0004098 0.0002561 0.0008199 0.0005636 0.0007184 0.0007686 0.0004611 0.0003073 0.0003073 0.0006661 0.0004611 0.0002561 0.0004098 0.0004098 0.0005123 0.0004098 0.0004098 0.0007686 0.0005123 0.0004098 0.0004098 0.0005636 0.0001537 0.0003586 0.0005123 0.0003073 0.0002049 0.0010774 0.0011287 0.0006661 0.0011289 0.0010262 0.0010776 0.0365014 0.0374978 0.0362645 0.0329461 
EBOV_H.sap-wt_SLE_14_Makona-G3677.2_KM034557               1.9902122 2.0136172 1.9866415 2.0522161 2.0524941 1.4434670 1.4493463 0.0326083 0.0325520 0.0329167 0.0330636 0.0013353 0.0010776 0.0013345 0.0016435 0.0014374 0.0002561 0.0000010 0.0002049 0.0007686 0.0005123 0.0003586 0.0007173 0.0004611 0.0004611 0.0004611 0.0005636 0.0003076 0.0001024 0.0000512 0.0000000 0.0006671 0.0002049 0.0005123 0.0004611 0.0004611 0.0005123 0.0005636 0.0003586 0.0008199 0.0008711 0.0008711 0.0004098 0.0001024 0.0002561 0.0005123 0.0001024 0.0002561 0.0001537 0.0004098 0.0003586 0.0001537 0.0002049 0.0004611 0.0003073 0.0003586 0.0005123 0.0003586 0.0002049 0.0007686 0.0005123 0.0006671 0.0007173 0.0004098 0.0002561 0.0002561 0.0006148 0.0004098 0.0002049 0.0003586 0.0003586 0.0004611 0.0003586 0.0003586 0.0007173 0.0004611 0.0003586 0.0003586 0.0005123 0.0001024 0.0003073 0.0004611 0.0002561 0.0001537 0.0010260 0.0010774 0.0006148 0.0010775 0.0009748 0.0010262 0.0364450 0.0374412 0.0362081 0.0328902 
EBOV_H.sap-wt_SLE_14_Makona-Kenema-G5059_1_KR105296        1.9901275 2.0139818 1.9865547 2.0526609 2.0529392 1.4411768 1.4518419 0.0332626 0.0332063 0.0335723 0.0337192 0.0020068 0.0017481 0.0020056 0.0023157 0.0021087 0.0009240 0.0006671 0.0008726 0.0014392 0.0011815 0.0010272 0.0013874 0.0011301 0.0011301 0.0011301 0.0012327 0.0009761 0.0007698 0.0007185 0.0006671 0.0000000 0.0004611 0.0007699 0.0007185 0.0007185 0.0007699 0.0009239 0.0008211 0.0012837 0.0013352 0.0013352 0.0008726 0.0005636 0.0007183 0.0009752 0.0005636 0.0007184 0.0006148 0.0008725 0.0008211 0.0006148 0.0006661 0.0009241 0.0007698 0.0008212 0.0009755 0.0008212 0.0006661 0.0012327 0.0009753 0.0011314 0.0011809 0.0008725 0.0007184 0.0007186 0.0010782 0.0008725 0.0006661 0.0008211 0.0008211 0.0009241 0.0010268 0.0010269 0.0013871 0.0011299 0.0010268 0.0010270 0.0011813 0.0007699 0.0009755 0.0011298 0.0009240 0.0008212 0.0016962 0.0017477 0.0012842 0.0017479 0.0016449 0.0016965 0.0371099 0.0380471 0.0368722 0.0335453 
EBOV_H.sap-wt_SLE_14_Makona-Kenema-G4702_1_KR105265        1.9898305 2.0132363 1.9862607 2.0533869 2.0536650 1.4417732 1.4490538 0.0327305 0.0326743 0.0330392 0.0331862 0.0015416 0.0012836 0.0015407 0.0018500 0.0016436 0.0004611 0.0002049 0.0004098 0.0009753 0.0007173 0.0005636 0.0009237 0.0006661 0.0006661 0.0006661 0.0007686 0.0005127 0.0003073 0.0002561 0.0002049 0.0004611 0.0000000 0.0003073 0.0002561 0.0002561 0.0003073 0.0005636 0.0003586 0.0008199 0.0008711 0.0008711 0.0004098 0.0001024 0.0002561 0.0005123 0.0001024 0.0002561 0.0001537 0.0004098 0.0003586 0.0001537 0.0002049 0.0004611 0.0003073 0.0003586 0.0005123 0.0003586 0.0002049 0.0007686 0.0005123 0.0006671 0.0007173 0.0004098 0.0002561 0.0002561 0.0006148 0.0004098 0.0002049 0.0003586 0.0003586 0.0004611 0.0005636 0.0005636 0.0009235 0.0006661 0.0005636 0.0005636 0.0007173 0.0003073 0.0005123 0.0006661 0.0004611 0.0003586 0.0012319 0.0012833 0.0008199 0.0012835 0.0011807 0.0012321 0.0365696 0.0375665 0.0363325 0.0330126 
EBOV_H.sap-wt_SLE_14_Makona-Kenema-G4350_1_KR105242        1.9892678 2.0126624 1.9857015 2.0521837 2.0524617 1.4428523 1.4490496 0.0329153 0.0328590 0.0332244 0.0333714 0.0018514 0.0015929 0.0018503 0.0021601 0.0019534 0.0007686 0.0005123 0.0007173 0.0012843 0.0010268 0.0008726 0.0012325 0.0009755 0.0009755 0.0009754 0.0010780 0.0008215 0.0006148 0.0005636 0.0005123 0.0007699 0.0003073 0.0000000 0.0000512 0.0000512 0.0001024 0.0008725 0.0006661 0.0011291 0.0011805 0.0011805 0.0007173 0.0004098 0.0005636 0.0008199 0.0004098 0.0005636 0.0004611 0.0007173 0.0006661 0.0004611 0.0005123 0.0007697 0.0006148 0.0006661 0.0008210 0.0006661 0.0005123 0.0010780 0.0008199 0.0009765 0.0010263 0.0007173 0.0005636 0.0005636 0.0009236 0.0007173 0.0005123 0.0006661 0.0006661 0.0007696 0.0008723 0.0008724 0.0012323 0.0009753 0.0008723 0.0008725 0.0010267 0.0006148 0.0008210 0.0009752 0.0007696 0.0006661 0.0015411 0.0015926 0.0011295 0.0015928 0.0014899 0.0015414 0.0368114 0.0378094 0.0365741 0.0332509 
EBOV_H.sap-wt_SLE_14_Makona-Kenema-G4971_1_KR105284        1.9889939 2.0123880 1.9854285 2.0521543 2.0524322 1.4431412 1.4488073 0.0328590 0.0328027 0.0331680 0.0333150 0.0017998 0.0015414 0.0017988 0.0021085 0.0019018 0.0007173 0.0004611 0.0006661 0.0012328 0.0009754 0.0008213 0.0011811 0.0009241 0.0009241 0.0009240 0.0010266 0.0007692 0.0005636 0.0005123 0.0004611 0.0007185 0.0002561 0.0000512 0.0000000 0.0000010 0.0000512 0.0008211 0.0006148 0.0010777 0.0011291 0.0011291 0.0006661 0.0003586 0.0005123 0.0007686 0.0003586 0.0005123 0.0004098 0.0006661 0.0006148 0.0004098 0.0004611 0.0007173 0.0005636 0.0006148 0.0007696 0.0006148 0.0004611 0.0010266 0.0007686 0.0009251 0.0009749 0.0006661 0.0005123 0.0005123 0.0008723 0.0006661 0.0004611 0.0006148 0.0006148 0.0007173 0.0008210 0.0008210 0.0011809 0.0009239 0.0008210 0.0008211 0.0009753 0.0005636 0.0007696 0.0009238 0.0007173 0.0006148 0.0014896 0.0015411 0.0010781 0.0015413 0.0014384 0.0014899 0.0367545 0.0377523 0.0365172 0.0331946 
EBOV_H.sap-wt_SLE_14_Makona-Kenema-G4937_1_KR105278        1.9889939 2.0123880 1.9854285 2.0521543 2.0524322 1.4431412 1.4488073 0.0328590 0.0328027 0.0331680 0.0333150 0.0017998 0.0015414 0.0017988 0.0021085 0.0019018 0.0007173 0.0004611 0.0006661 0.0012328 0.0009754 0.0008213 0.0011811 0.0009241 0.0009241 0.0009240 0.0010266 0.0007692 0.0005636 0.0005123 0.0004611 0.0007185 0.0002561 0.0000512 0.0000010 0.0000000 0.0000512 0.0008211 0.0006148 0.0010777 0.0011291 0.0011291 0.0006661 0.0003586 0.0005123 0.0007686 0.0003586 0.0005123 0.0004098 0.0006661 0.0006148 0.0004098 0.0004611 0.0007173 0.0005636 0.0006148 0.0007696 0.0006148 0.0004611 0.0010266 0.0007686 0.0009251 0.0009749 0.0006661 0.0005123 0.0005123 0.0008723 0.0006661 0.0004611 0.0006148 0.0006148 0.0007173 0.0008210 0.0008210 0.0011809 0.0009239 0.0008210 0.0008211 0.0009753 0.0005636 0.0007696 0.0009238 0.0007173 0.0006148 0.0014896 0.0015411 0.0010781 0.0015413 0.0014384 0.0014899 0.0367545 0.0377523 0.0365172 0.0331946 
EBOV_H.sap-wt_SLE_14_Makona-Kenema-G4856_1_KR105273        1.9887200 2.0121136 1.9851555 2.0518763 2.0521543 1.4429022 1.4485651 0.0329157 0.0328594 0.0332248 0.0333718 0.0018514 0.0015930 0.0018504 0.0021601 0.0019534 0.0007696 0.0005123 0.0007173 0.0012843 0.0010268 0.0008727 0.0012326 0.0009755 0.0009755 0.0009755 0.0010780 0.0008215 0.0006148 0.0005636 0.0005123 0.0007699 0.0003073 0.0001024 0.0000512 0.0000512 0.0000000 0.0008725 0.0006661 0.0011291 0.0011805 0.0011805 0.0007173 0.0004098 0.0005636 0.0008199 0.0004098 0.0005636 0.0004611 0.0007173 0.0006661 0.0004611 0.0005123 0.0007697 0.0006148 0.0006661 0.0008210 0.0006661 0.0005123 0.0010781 0.0008199 0.0009766 0.0010263 0.0007173 0.0005636 0.0005636 0.0009236 0.0007173 0.0005123 0.0006661 0.0006661 0.0007697 0.0008723 0.0008724 0.0012323 0.0009753 0.0008723 0.0008725 0.0010267 0.0006148 0.0008210 0.0009752 0.0007696 0.0006661 0.0015411 0.0015926 0.0011295 0.0015928 0.0014899 0.0015414 0.0368119 0.0378099 0.0365746 0.0332514 
EBOV_H.sap-wt_SLE_14_Makona-Bonthe-G5723_1_KR105319        1.9883557 2.0117253 1.9847958 2.0569915 2.0572697 1.4438558 1.4497360 0.0331330 0.0330766 0.0334423 0.0335892 0.0019026 0.0016441 0.0019015 0.0022113 0.0020045 0.0008199 0.0005636 0.0007686 0.0013355 0.0010781 0.0009239 0.0012838 0.0010267 0.0010267 0.0010267 0.0011292 0.0008718 0.0006661 0.0006148 0.0005636 0.0009239 0.0005636 0.0008725 0.0008211 0.0008211 0.0008725 0.0000000 0.0003073 0.0007686 0.0008199 0.0008199 0.0003586 0.0004611 0.0006148 0.0008711 0.0004611 0.0006148 0.0005123 0.0007686 0.0007173 0.0005123 0.0005636 0.0008209 0.0006661 0.0007173 0.0008722 0.0007173 0.0005636 0.0011293 0.0008711 0.0010278 0.0010775 0.0007686 0.0006148 0.0006148 0.0009748 0.0007686 0.0005636 0.0007173 0.0007173 0.0008199 0.0009235 0.0009236 0.0012835 0.0010265 0.0009235 0.0009237 0.0010779 0.0006661 0.0008722 0.0010264 0.0008199 0.0007173 0.0015923 0.0016438 0.0011807 0.0016440 0.0015411 0.0015926 0.0369772 0.0379137 0.0366876 0.0333633 
EBOV_H.sap-wt_SLE_14_Makona-J0042_KP759711                 1.9895145 2.0129108 1.9859472 2.0525636 2.0528417 1.4426101 1.4481088 0.0328953 0.0328390 0.0332041 0.0333510 0.0016958 0.0014377 0.0016949 0.0020043 0.0017978 0.0006148 0.0003586 0.0005636 0.0011294 0.0008722 0.0007173 0.0010777 0.0008199 0.0008199 0.0008199 0.0009224 0.0006666 0.0004611 0.0004098 0.0003586 0.0008211 0.0003586 0.0006661 0.0006148 0.0006148 0.0006661 0.0003073 0.0000000 0.0005636 0.0006148 0.0006148 0.0001537 0.0002561 0.0004098 0.0006661 0.0002561 0.0004098 0.0003073 0.0005636 0.0005123 0.0003073 0.0003586 0.0006148 0.0004611 0.0005123 0.0006661 0.0005123 0.0003586 0.0009224 0.0006661 0.0008211 0.0008711 0.0005636 0.0004098 0.0004098 0.0007686 0.0005636 0.0003586 0.0005123 0.0005123 0.0006148 0.0007173 0.0007173 0.0010775 0.0008199 0.0007173 0.0007173 0.0008711 0.0004611 0.0006661 0.0008199 0.0006148 0.0005123 0.0013860 0.0014374 0.0009747 0.0014376 0.0013348 0.0013862 0.0367356 0.0377329 0.0364463 0.0331254 
