94
SUDV_H.sap-xx_UGA_12_EboSud-603_KC545390                   0.0000000 0.0002558 1.9999875 2.0036896 2.0343563 2.0621016 2.0576360 2.0604512 2.0611679 2.0604214 2.0604214 2.0604791 2.0622567 2.0605417 2.0610754 2.0593791 2.0596771 2.0590011 2.0585405 2.0589360 2.0596126 2.0584619 2.0599488 2.0613993 2.0611233 2.0579484 2.0583311 2.0585267 2.0585267 2.0590493 2.0606736 2.0580900 2.0605403 2.0609218 2.0604655 2.0622304 2.0605196 2.0617660 2.0601025 2.0599854 2.0626984 2.0621401 2.0598323 2.0618443 2.0618443 2.0605344 2.0605344 2.0604295 2.0615694 2.0607661 2.0607996 2.0606391 2.0596232 2.0585879 2.0575369 2.0589957 2.0596454 2.0602200 2.0612924 2.0587322 2.0606459 2.0592767 2.0602337 2.0611275 2.0599150 2.0599150 2.0600711 2.0608564 2.0596191 2.0601970 2.0599510 2.0599510 2.0599312 2.0595327 2.0595327 2.0596888 2.0596888 2.0600409 2.0595792 2.0606110 2.0606110 2.0598252 2.0593034 2.0595792 2.0246491 2.0253151 2.0258776 2.0249157 2.0338986 2.0385599 2.0343272 2.0342786 2.2692693 2.2454081 
SUDV_H.sap-xx_UGA_12_EboSud-609_KC545391                   0.0002558 0.0000000 1.9994625 2.0031617 2.0338104 2.0635916 2.0591220 2.0619394 2.0626571 2.0619095 2.0619095 2.0619672 2.0637465 2.0620299 2.0625644 2.0608664 2.0611644 2.0604874 2.0600270 2.0604240 2.0610999 2.0599488 2.0614370 2.0628883 2.0626123 2.0594352 2.0598174 2.0600137 2.0600137 2.0605362 2.0621613 2.0595754 2.0620278 2.0624094 2.0619535 2.0637197 2.0620069 2.0632557 2.0615899 2.0614729 2.0641885 2.0636301 2.0613199 2.0633333 2.0633333 2.0620222 2.0620222 2.0619177 2.0630577 2.0622544 2.0622879 2.0621273 2.0611110 2.0600743 2.0590225 2.0604833 2.0611327 2.0617074 2.0627813 2.0602192 2.0621340 2.0607632 2.0617212 2.0626160 2.0614025 2.0614025 2.0615587 2.0623445 2.0611063 2.0616846 2.0614385 2.0614385 2.0614186 2.0610200 2.0610200 2.0611762 2.0611762 2.0615284 2.0610665 2.0620991 2.0620991 2.0613126 2.0607906 2.0610665 2.0261060 2.0267716 2.0273349 2.0263722 2.0353619 2.0400303 2.0357931 2.0357449 2.2702753 2.2445358 
RESTV_S.dom-xx_PHL_08_Reston08-C_FJ621584                  1.9999875 1.9994625 0.0000000 0.0330539 0.0512744 1.9217348 1.9210062 1.9243994 1.9217955 1.9261919 1.9261919 1.9259724 1.9259657 1.9238018 1.9234999 1.9237869 1.9237799 1.9251738 1.9269480 1.9256005 1.9260143 1.9246238 1.9276535 1.9233014 1.9236395 1.9213342 1.9236381 1.9228493 1.9228493 1.9214482 1.9244508 1.9226217 1.9265626 1.9258319 1.9246226 1.9260472 1.9274317 1.9264515 1.9255676 1.9226589 1.9259797 1.9265717 1.9254570 1.9261726 1.9261726 1.9263332 1.9263332 1.9240855 1.9259538 1.9256921 1.9261723 1.9247888 1.9253024 1.9240185 1.9244852 1.9233440 1.9252751 1.9252289 1.9256727 1.9243934 1.9241812 1.9243689 1.9240657 1.9251051 1.9245990 1.9245990 1.9243610 1.9241116 1.9240571 1.9241953 1.9244682 1.9244682 1.9249395 1.9244526 1.9244526 1.9247017 1.9247017 1.9244332 1.9244682 1.9247057 1.9247057 1.9246992 1.9241997 1.9244682 1.8933273 1.8922304 1.8934623 1.8944411 1.8982039 1.8877497 1.8975774 1.8979292 2.1813769 2.0725589 
RESTV_M.fas-tc_USA_89_Philippines89-Pennsylvania_NC_004161 2.0036896 2.0031617 0.0330539 0.0000000 0.0263919 1.9156965 1.9141491 1.9183527 1.9157625 1.9201357 1.9201357 1.9199175 1.9199108 1.9188433 1.9174918 1.9177402 1.9177328 1.9186347 1.9203992 1.9190596 1.9194705 1.9180879 1.9211026 1.9151713 1.9155082 1.9153030 1.9175946 1.9150733 1.9150733 1.9154149 1.9184015 1.9167980 1.9207195 1.9193461 1.9185705 1.9204764 1.9213704 1.9201811 1.9195159 1.9166193 1.9199247 1.9205151 1.9194042 1.9199003 1.9199003 1.9204907 1.9204907 1.9176567 1.9201138 1.9198531 1.9203321 1.9183843 1.9190356 1.9179742 1.9184367 1.9173008 1.9192240 1.9191781 1.9194020 1.9183457 1.9180330 1.9183227 1.9176344 1.9186687 1.9181665 1.9181665 1.9179290 1.9180661 1.9180094 1.9181473 1.9184193 1.9184193 1.9188901 1.9184039 1.9184039 1.9186526 1.9186526 1.9183848 1.9184193 1.9186536 1.9186536 1.9186495 1.9181514 1.9184193 1.8874782 1.8860698 1.8875103 1.8887114 1.8912894 1.8813447 1.8901993 1.8908595 2.1945629 2.0683736 
RESTV_S.dom-tc_PHL_08_Reston08-A_FJ621583                  2.0343563 2.0338104 0.0512744 0.0263919 0.0000000 1.9248219 1.9233477 1.9276617 1.9250572 1.9312154 1.9312154 1.9309954 1.9309888 1.9297033 1.9285599 1.9288094 1.9288029 1.9284746 1.9302491 1.9289011 1.9293153 1.9279244 1.9309539 1.9247162 1.9250537 1.9248483 1.9271530 1.9248328 1.9248328 1.9247483 1.9277517 1.9264896 1.9302464 1.9289174 1.9279244 1.9299365 1.9307310 1.9295351 1.9282606 1.9257906 1.9292794 1.9298708 1.9271387 1.9298642 1.9298642 1.9298859 1.9298859 1.9270016 1.9294688 1.9292072 1.9296868 1.9277362 1.9283871 1.9273177 1.9277855 1.9266446 1.9285747 1.9285284 1.9287585 1.9276935 1.9273781 1.9276682 1.9269831 1.9280223 1.9275155 1.9275155 1.9272780 1.9274113 1.9273581 1.9274961 1.9277687 1.9277687 1.9282391 1.9277530 1.9277530 1.9280017 1.9280017 1.9277336 1.9277687 1.9280073 1.9280073 1.9279996 1.9275006 1.9277687 1.8932636 1.8918528 1.8932947 1.8944986 1.9032556 1.8908876 1.8993680 1.8995532 2.1845313 2.0670474 
EBOV_H.sap-wt_GIN_14_Makona-Gueckedou-EM_080076_KR817235   2.0621016 2.0635916 1.9217348 1.9156965 1.9248219 0.0000000 0.0020982 0.0021491 0.0022517 0.0028183 0.0028183 0.0026129 0.0027673 0.0026641 0.0027671 0.0024585 0.0026641 0.0028180 0.0027666 0.0032304 0.0027151 0.0031267 0.0030240 0.0017902 0.0018415 0.0017901 0.0017910 0.0017393 0.0017393 0.0013798 0.0029217 0.0031267 0.0028695 0.0028178 0.0026637 0.0026637 0.0026639 0.0027155 0.0026641 0.0025609 0.0027155 0.0028698 0.0027668 0.0026123 0.0026123 0.0028182 0.0028182 0.0027150 0.0025609 0.0025096 0.0025095 0.0023557 0.0025095 0.0025096 0.0026124 0.0017389 0.0027150 0.0025608 0.0024068 0.0023553 0.0024068 0.0025095 0.0025095 0.0024582 0.0023553 0.0023553 0.0024067 0.0024581 0.0020473 0.0023040 0.0023040 0.0023040 0.0022526 0.0021500 0.0021500 0.0022013 0.0022013 0.0022527 0.0024067 0.0024582 0.0024582 0.0023553 0.0023554 0.0023040 0.0328420 0.0325578 0.0325660 0.0325677 0.0343219 0.0361851 0.0370843 0.0376832 1.4376715 1.3995310 
EBOV_H.sap-wt_GIN_14_Makona-Gueckedou-EM_079587_KR817202   2.0576360 2.0591220 1.9210062 1.9141491 1.9233477 0.0020982 0.0000000 0.0016880 0.0017905 0.0023564 0.0023564 0.0022539 0.0023054 0.0022023 0.0023051 0.0019969 0.0022022 0.0023561 0.0023048 0.0027680 0.0022533 0.0026645 0.0025618 0.0013294 0.0013807 0.0013293 0.0013300 0.0012784 0.0012784 0.0011242 0.0024596 0.0026645 0.0024075 0.0023560 0.0022019 0.0022020 0.0022021 0.0022537 0.0022023 0.0020993 0.0023048 0.0024589 0.0023049 0.0021506 0.0021506 0.0023563 0.0023563 0.0022532 0.0020993 0.0020479 0.0020479 0.0018942 0.0020479 0.0020479 0.0021507 0.0012782 0.0022532 0.0020992 0.0019453 0.0018939 0.0019453 0.0020479 0.0020479 0.0019966 0.0018939 0.0018939 0.0019452 0.0019966 0.0015862 0.0018426 0.0018426 0.0018426 0.0017913 0.0016887 0.0016887 0.0017400 0.0017400 0.0017913 0.0019452 0.0019966 0.0019966 0.0018939 0.0018939 0.0018426 0.0323466 0.0320626 0.0320707 0.0320724 0.0338783 0.0356855 0.0365839 0.0371819 1.4409337 1.3988155 
EBOV_H.sap-wt_GIN_14_Makona-Gueckedou-EM_079750_KR817213   2.0604512 2.0619394 1.9243994 1.9183527 1.9276617 0.0021491 0.0016880 0.0000000 0.0003061 0.0020985 0.0020985 0.0019961 0.0020475 0.0019446 0.0020473 0.0017394 0.0019446 0.0020983 0.0020470 0.0025097 0.0019956 0.0024063 0.0023038 0.0010729 0.0011241 0.0010718 0.0010734 0.0010219 0.0010219 0.0011752 0.0022016 0.0024064 0.0021497 0.0020982 0.0019443 0.0019443 0.0019445 0.0019959 0.0019446 0.0018418 0.0020470 0.0022010 0.0020472 0.0018930 0.0018930 0.0020984 0.0020984 0.0019956 0.0018417 0.0017905 0.0017905 0.0016369 0.0017904 0.0017905 0.0018931 0.0010207 0.0019955 0.0018417 0.0016880 0.0016366 0.0016880 0.0017904 0.0017904 0.0017392 0.0016366 0.0016366 0.0016879 0.0017392 0.0013292 0.0015854 0.0015854 0.0015854 0.0015341 0.0014317 0.0014317 0.0014829 0.0014829 0.0015342 0.0016879 0.0017392 0.0017392 0.0016366 0.0016366 0.0015854 0.0318778 0.0315944 0.0316024 0.0316040 0.0335186 0.0353226 0.0361068 0.0367034 1.4380591 1.3973716 
EBOV_H.sap-wt_GIN_14_Makona-Gueckedou-EM_079910_KR817221   2.0611679 2.0626571 1.9217955 1.9157625 1.9250572 0.0022517 0.0017905 0.0003061 0.0000000 0.0022011 0.0022011 0.0020987 0.0021501 0.0020472 0.0021499 0.0018420 0.0020471 0.0022009 0.0021496 0.0026124 0.0020982 0.0025090 0.0024064 0.0011752 0.0012264 0.0011751 0.0011757 0.0011242 0.0011242 0.0012775 0.0023042 0.0025090 0.0022523 0.0022007 0.0020468 0.0020469 0.0020470 0.0020985 0.0020472 0.0019443 0.0021496 0.0023036 0.0021497 0.0019956 0.0019956 0.0022010 0.0022010 0.0020981 0.0019443 0.0018930 0.0018930 0.0017394 0.0018929 0.0018930 0.0019956 0.0011240 0.0020981 0.0019442 0.0017905 0.0017391 0.0017905 0.0018929 0.0018929 0.0018417 0.0017391 0.0017391 0.0017904 0.0018417 0.0014316 0.0016879 0.0016878 0.0016878 0.0016366 0.0015341 0.0015341 0.0015854 0.0015854 0.0016366 0.0017904 0.0018417 0.0018417 0.0017391 0.0017391 0.0016878 0.0319886 0.0317052 0.0317131 0.0317148 0.0336299 0.0354344 0.0362189 0.0368156 1.4381914 1.3972331 
EBOV_H.sap-wt_GIN_15_Makona-Faranah-EM_004503_KR817102     2.0604214 2.0619095 1.9261919 1.9201357 1.9312154 0.0028183 0.0023564 0.0020985 0.0022011 0.0000000 0.0000010 0.0003061 0.0004081 0.0008675 0.0009697 0.0006633 0.0008675 0.0015335 0.0014823 0.0019439 0.0014310 0.0018409 0.0017385 0.0017396 0.0017909 0.0017394 0.0017404 0.0016886 0.0016886 0.0018421 0.0016364 0.0018410 0.0015848 0.0015334 0.0013798 0.0013798 0.0013799 0.0014313 0.0013800 0.0012775 0.0014823 0.0016360 0.0014824 0.0013286 0.0013286 0.0015336 0.0015336 0.0014310 0.0012775 0.0012263 0.0012263 0.0010729 0.0012262 0.0012263 0.0013287 0.0010731 0.0014310 0.0012774 0.0011240 0.0010718 0.0011240 0.0012262 0.0012262 0.0011751 0.0010718 0.0010718 0.0011239 0.0011751 0.0007654 0.0010207 0.0010207 0.0010207 0.0009697 0.0008675 0.0008675 0.0009186 0.0009186 0.0009697 0.0011239 0.0011751 0.0011751 0.0010718 0.0010718 0.0010207 0.0327966 0.0325123 0.0325205 0.0325222 0.0342180 0.0360272 0.0369263 0.0375250 1.4370499 1.3990824 
EBOV_H.sap-wt_GIN_15_Makona-Kissidougou-EM_004555_KR817103 2.0604214 2.0619095 1.9261919 1.9201357 1.9312154 0.0028183 0.0023564 0.0020985 0.0022011 0.0000010 0.0000000 0.0003061 0.0004081 0.0008675 0.0009697 0.0006633 0.0008675 0.0015335 0.0014823 0.0019439 0.0014310 0.0018409 0.0017385 0.0017396 0.0017909 0.0017394 0.0017404 0.0016886 0.0016886 0.0018421 0.0016364 0.0018410 0.0015848 0.0015334 0.0013798 0.0013798 0.0013799 0.0014313 0.0013800 0.0012775 0.0014823 0.0016360 0.0014824 0.0013286 0.0013286 0.0015336 0.0015336 0.0014310 0.0012775 0.0012263 0.0012263 0.0010729 0.0012262 0.0012263 0.0013287 0.0010731 0.0014310 0.0012774 0.0011240 0.0010718 0.0011240 0.0012262 0.0012262 0.0011751 0.0010718 0.0010718 0.0011239 0.0011751 0.0007654 0.0010207 0.0010207 0.0010207 0.0009697 0.0008675 0.0008675 0.0009186 0.0009186 0.0009697 0.0011239 0.0011751 0.0011751 0.0010718 0.0010718 0.0010207 0.0327966 0.0325123 0.0325205 0.0325222 0.0342180 0.0360272 0.0369263 0.0375250 1.4370499 1.3990824 
EBOV_H.sap-wt_LBR_14_Makona-Foya-EM_074353_KR817112        2.0604791 2.0619672 1.9259724 1.9199175 1.9309954 0.0026129 0.0022539 0.0019961 0.0020987 0.0003061 0.0003061 0.0000000 0.0002040 0.0007654 0.0008675 0.0005612 0.0007654 0.0014312 0.0013800 0.0018416 0.0013288 0.0017386 0.0016362 0.0016372 0.0016885 0.0016371 0.0016379 0.0015862 0.0015862 0.0017397 0.0015341 0.0017386 0.0014825 0.0014311 0.0012776 0.0012776 0.0012777 0.0013290 0.0012778 0.0011752 0.0013800 0.0015337 0.0013801 0.0012264 0.0012264 0.0014313 0.0014313 0.0013287 0.0011752 0.0011241 0.0011241 0.0009707 0.0011240 0.0011241 0.0012264 0.0009709 0.0013287 0.0011752 0.0010218 0.0009697 0.0010218 0.0011240 0.0011240 0.0010729 0.0009697 0.0009697 0.0010207 0.0010729 0.0006633 0.0009186 0.0009186 0.0009186 0.0008675 0.0007654 0.0007654 0.0008165 0.0008165 0.0008675 0.0010207 0.0010729 0.0010729 0.0009697 0.0009697 0.0009186 0.0326879 0.0324037 0.0324119 0.0324136 0.0341090 0.0359178 0.0368167 0.0374153 1.4373318 1.3997836 
EBOV_H.sap-wt_LBR_14_Makona-Foya-EM_074350_KR817109        2.0622567 2.0637465 1.9259657 1.9199108 1.9309888 0.0027673 0.0023054 0.0020475 0.0021501 0.0004081 0.0004081 0.0002040 0.0000000 0.0008675 0.0009697 0.0006633 0.0008675 0.0015339 0.0014827 0.0019444 0.0014314 0.0018414 0.0017390 0.0016886 0.0017399 0.0016884 0.0016893 0.0016376 0.0016376 0.0017910 0.0016368 0.0018414 0.0015851 0.0015338 0.0013801 0.0013802 0.0013803 0.0014316 0.0013804 0.0012778 0.0014827 0.0016364 0.0014828 0.0013290 0.0013290 0.0015340 0.0015340 0.0014313 0.0012778 0.0012266 0.0012266 0.0010732 0.0012265 0.0012266 0.0013290 0.0010221 0.0014313 0.0012777 0.0011242 0.0010730 0.0011242 0.0012265 0.0012265 0.0011754 0.0010730 0.0010730 0.0011242 0.0011754 0.0007654 0.0010219 0.0010218 0.0010218 0.0009707 0.0008675 0.0008675 0.0009186 0.0009186 0.0009707 0.0011242 0.0011754 0.0011754 0.0010730 0.0010730 0.0010218 0.0327459 0.0324616 0.0324698 0.0324714 0.0341673 0.0359765 0.0368756 0.0374743 1.4389394 1.3996415 
EBOV_H.sap-wt_GIN_14_Makona-Macenta-EM_076322_KR817145     2.0605417 2.0620299 1.9238018 1.9188433 1.9297033 0.0026641 0.0022023 0.0019446 0.0020472 0.0008675 0.0008675 0.0007654 0.0008675 0.0000000 0.0007144 0.0004081 0.0006123 0.0013799 0.0013287 0.0017901 0.0012775 0.0016872 0.0015848 0.0015858 0.0016371 0.0015857 0.0015865 0.0015348 0.0015348 0.0016882 0.0014827 0.0016872 0.0014311 0.0013798 0.0012263 0.0012263 0.0012264 0.0012777 0.0012265 0.0011240 0.0013287 0.0014823 0.0013288 0.0011751 0.0011751 0.0013800 0.0013800 0.0012774 0.0011239 0.0010718 0.0010718 0.0009186 0.0010718 0.0010718 0.0011751 0.0009197 0.0012774 0.0011239 0.0009697 0.0009186 0.0009697 0.0010718 0.0010718 0.0010207 0.0009186 0.0009186 0.0009697 0.0010207 0.0006123 0.0008675 0.0008675 0.0008675 0.0008165 0.0007144 0.0007144 0.0007654 0.0007654 0.0008165 0.0009697 0.0010207 0.0010207 0.0009186 0.0009186 0.0008675 0.0326288 0.0323446 0.0323528 0.0323544 0.0340495 0.0358577 0.0367565 0.0373548 1.4380042 1.3974123 
EBOV_H.sap-wt_LBR_14_Makona-Foya-EM_074720_KR817125        2.0610754 2.0625644 1.9234999 1.9174918 1.9285599 0.0027671 0.0023051 0.0020473 0.0021499 0.0009697 0.0009697 0.0008675 0.0009697 0.0007144 0.0000000 0.0003061 0.0005102 0.0014824 0.0014312 0.0018928 0.0013799 0.0017898 0.0016874 0.0016884 0.0017397 0.0016883 0.0016892 0.0016374 0.0016374 0.0017909 0.0015853 0.0017898 0.0015336 0.0014823 0.0013287 0.0013287 0.0013288 0.0013801 0.0013289 0.0012264 0.0014312 0.0015848 0.0014313 0.0012775 0.0012775 0.0014825 0.0014825 0.0013799 0.0012263 0.0011752 0.0011752 0.0010218 0.0011751 0.0011752 0.0012776 0.0010220 0.0013798 0.0012263 0.0010729 0.0010207 0.0010729 0.0011751 0.0011751 0.0011240 0.0010207 0.0010207 0.0010728 0.0011240 0.0007144 0.0009697 0.0009697 0.0009697 0.0009186 0.0008165 0.0008165 0.0008675 0.0008675 0.0009186 0.0010718 0.0011240 0.0011240 0.0010207 0.0010207 0.0009697 0.0327427 0.0324585 0.0324667 0.0324683 0.0341640 0.0359730 0.0368721 0.0374707 1.4372579 1.3996787 
EBOV_H.sap-wt_LBR_14_Makona-EM_080065_KR817232             2.0593791 2.0608664 1.9237869 1.9177402 1.9288094 0.0024585 0.0019969 0.0017394 0.0018420 0.0006633 0.0006633 0.0005612 0.0006633 0.0004081 0.0003061 0.0000000 0.0002040 0.0011751 0.0011240 0.0015851 0.0010718 0.0014823 0.0013800 0.0013808 0.0014320 0.0013807 0.0013814 0.0013298 0.0013298 0.0014832 0.0012779 0.0014823 0.0012263 0.0011751 0.0010207 0.0010207 0.0010207 0.0010730 0.0010218 0.0009186 0.0011240 0.0012775 0.0011241 0.0009697 0.0009697 0.0011752 0.0011752 0.0010718 0.0009186 0.0008675 0.0008675 0.0007144 0.0008675 0.0008675 0.0009697 0.0007144 0.0010718 0.0009186 0.0007654 0.0007144 0.0007654 0.0008675 0.0008675 0.0008165 0.0007144 0.0007144 0.0007654 0.0008165 0.0004081 0.0006633 0.0006633 0.0006633 0.0006123 0.0005102 0.0005102 0.0005612 0.0005612 0.0006123 0.0007654 0.0008165 0.0008165 0.0007144 0.0007144 0.0006633 0.0324043 0.0321203 0.0321284 0.0321300 0.0338241 0.0356310 0.0365293 0.0371271 1.4373004 1.3986818 
EBOV_H.sap-wt_GIN_14_Makona-Nzerekore-EM_074437_KR817117   2.0596771 2.0611644 1.9237799 1.9177328 1.9288029 0.0026641 0.0022022 0.0019446 0.0020471 0.0008675 0.0008675 0.0007654 0.0008675 0.0006123 0.0005102 0.0002040 0.0000000 0.0013799 0.0013287 0.0017901 0.0012774 0.0016872 0.0015848 0.0015858 0.0016370 0.0015856 0.0015865 0.0015348 0.0015348 0.0016882 0.0014827 0.0016872 0.0014311 0.0013798 0.0012262 0.0012263 0.0012263 0.0012777 0.0012265 0.0011239 0.0013287 0.0014823 0.0013288 0.0011751 0.0011751 0.0013800 0.0013800 0.0012774 0.0011239 0.0010718 0.0010718 0.0009186 0.0010718 0.0010718 0.0011751 0.0009196 0.0012774 0.0011229 0.0009697 0.0009186 0.0009697 0.0010718 0.0010718 0.0010207 0.0009186 0.0009186 0.0009697 0.0010207 0.0006123 0.0008675 0.0008675 0.0008675 0.0008165 0.0007144 0.0007144 0.0007654 0.0007654 0.0008165 0.0009697 0.0010207 0.0010207 0.0009186 0.0009186 0.0008675 0.0324638 0.0321797 0.0321878 0.0321895 0.0339365 0.0357441 0.0366426 0.0372407 1.4373217 1.3988425 
EBOV_H.sap-wt_SLE_14_Makona-J0128_KP759677                 2.0590011 2.0604874 1.9251738 1.9186347 1.9284746 0.0028180 0.0023561 0.0020983 0.0022009 0.0015335 0.0015335 0.0014312 0.0015339 0.0013799 0.0014824 0.0011751 0.0013799 0.0000000 0.0005612 0.0010207 0.0005102 0.0009186 0.0008165 0.0017394 0.0017907 0.0017392 0.0017401 0.0016884 0.0016884 0.0018418 0.0014313 0.0015334 0.0012774 0.0013285 0.0013796 0.0011750 0.0011751 0.0012263 0.0011752 0.0012773 0.0009697 0.0011229 0.0009697 0.0011229 0.0011229 0.0012263 0.0012263 0.0011229 0.0009697 0.0009186 0.0009186 0.0010718 0.0010207 0.0009186 0.0008165 0.0010730 0.0009186 0.0007654 0.0009186 0.0008675 0.0008165 0.0007144 0.0009186 0.0008675 0.0007654 0.0007654 0.0008165 0.0006633 0.0007654 0.0007144 0.0007144 0.0007144 0.0006633 0.0006633 0.0006633 0.0006123 0.0006123 0.0006633 0.0006123 0.0006633 0.0006633 0.0005612 0.0005612 0.0005102 0.0326273 0.0323432 0.0323514 0.0323530 0.0341602 0.0359690 0.0368680 0.0374665 1.4372056 1.3990361 
EBOV_H.sap-wt_SLE_14_Makona-Koinadugu-20143659_KR653256    2.0585405 2.0600270 1.9269480 1.9203992 1.9302491 0.0027666 0.0023048 0.0020470 0.0021496 0.0014823 0.0014823 0.0013800 0.0014827 0.0013287 0.0014312 0.0011240 0.0013287 0.0005612 0.0000000 0.0009697 0.0004592 0.0008675 0.0007654 0.0016881 0.0017394 0.0016880 0.0016889 0.0016372 0.0016372 0.0017906 0.0013802 0.0014822 0.0012262 0.0012773 0.0013285 0.0011229 0.0011239 0.0011752 0.0011240 0.0012262 0.0009186 0.0010718 0.0009186 0.0010718 0.0010718 0.0011751 0.0011751 0.0010718 0.0009186 0.0008675 0.0008675 0.0010207 0.0009697 0.0008675 0.0007654 0.0010219 0.0008675 0.0007144 0.0008675 0.0008165 0.0007654 0.0006633 0.0008675 0.0008165 0.0007144 0.0007144 0.0007654 0.0006123 0.0007144 0.0006633 0.0006633 0.0006633 0.0006123 0.0006123 0.0006123 0.0005612 0.0005612 0.0006123 0.0005612 0.0006123 0.0006123 0.0005102 0.0005102 0.0004592 0.0326255 0.0323414 0.0323496 0.0323512 0.0341583 0.0359670 0.0368660 0.0374645 1.4373628 1.3980817 
EBOV_H.sap-wt_SLE_14_Makona-PortLoko-J0083_KP759752        2.0589360 2.0604240 1.9256005 1.9190596 1.9289011 0.0032304 0.0027680 0.0025097 0.0026124 0.0019439 0.0019439 0.0018416 0.0019444 0.0017901 0.0018928 0.0015851 0.0017901 0.0010207 0.0009697 0.0000000 0.0005102 0.0005102 0.0004081 0.0021503 0.0022017 0.0021501 0.0021513 0.0020993 0.0020993 0.0022529 0.0018417 0.0019438 0.0016875 0.0017386 0.0017898 0.0015849 0.0015850 0.0016364 0.0015851 0.0016874 0.0013801 0.0015338 0.0013802 0.0015337 0.0015337 0.0016363 0.0016363 0.0015336 0.0013800 0.0013289 0.0013288 0.0014826 0.0014312 0.0013289 0.0012265 0.0014829 0.0013288 0.0011752 0.0013289 0.0012776 0.0012265 0.0011241 0.0013288 0.0012777 0.0011752 0.0011752 0.0012264 0.0010729 0.0011752 0.0011241 0.0011241 0.0011241 0.0010729 0.0010729 0.0010729 0.0010218 0.0010218 0.0010729 0.0010218 0.0010730 0.0010730 0.0009697 0.0009697 0.0009186 0.0330258 0.0327413 0.0327496 0.0327513 0.0345607 0.0362591 0.0372720 0.0378716 1.4377210 1.3992614 
EBOV_H.sap-wt_SLE_14_Makona-PortLoko-20140024_KR653252     2.0596126 2.0610999 1.9260143 1.9194705 1.9293153 0.0027151 0.0022533 0.0019956 0.0020982 0.0014310 0.0014310 0.0013288 0.0014314 0.0012775 0.0013799 0.0010718 0.0012774 0.0005102 0.0004592 0.0005102 0.0000000 0.0004081 0.0003061 0.0016368 0.0016881 0.0016367 0.0016375 0.0015858 0.0015858 0.0017392 0.0013289 0.0014309 0.0011750 0.0012261 0.0012773 0.0010718 0.0010718 0.0011240 0.0010718 0.0011740 0.0008675 0.0010207 0.0008675 0.0010207 0.0010207 0.0011239 0.0011239 0.0010207 0.0008675 0.0008165 0.0008165 0.0009697 0.0009186 0.0008165 0.0007144 0.0009697 0.0008165 0.0006633 0.0008165 0.0007654 0.0007144 0.0006123 0.0008165 0.0007654 0.0006633 0.0006633 0.0007144 0.0005612 0.0006633 0.0006123 0.0006123 0.0006123 0.0005612 0.0005612 0.0005612 0.0005102 0.0005102 0.0005612 0.0005102 0.0005612 0.0005612 0.0004592 0.0004592 0.0004081 0.0325678 0.0322837 0.0322919 0.0322935 0.0341003 0.0359085 0.0368073 0.0374057 1.4369689 1.3988262 
EBOV_H.sap-wt_SLE_14_Makona-J0119_KP759667                 2.0584619 2.0599488 1.9246238 1.9180879 1.9279244 0.0031267 0.0026645 0.0024063 0.0025090 0.0018409 0.0018409 0.0017386 0.0018414 0.0016872 0.0017898 0.0014823 0.0016872 0.0009186 0.0008675 0.0005102 0.0004081 0.0000000 0.0003061 0.0020472 0.0020985 0.0020470 0.0020481 0.0019962 0.0019962 0.0021497 0.0017388 0.0018408 0.0015846 0.0016357 0.0016869 0.0014821 0.0014822 0.0015336 0.0014823 0.0015845 0.0012774 0.0014310 0.0012775 0.0014309 0.0014309 0.0015335 0.0015335 0.0014309 0.0012773 0.0012262 0.0012262 0.0013798 0.0013285 0.0012262 0.0011229 0.0013801 0.0012261 0.0010718 0.0012262 0.0011740 0.0011229 0.0010207 0.0012261 0.0011750 0.0010718 0.0010718 0.0011229 0.0009697 0.0010718 0.0010207 0.0010207 0.0010207 0.0009697 0.0009697 0.0009697 0.0009186 0.0009186 0.0009697 0.0009186 0.0009697 0.0009697 0.0008675 0.0008675 0.0008165 0.0330178 0.0327333 0.0327416 0.0327433 0.0345522 0.0363632 0.0372629 0.0378623 1.4385700 1.3995136 
EBOV_H.sap-wt_SLE_14_Makona-J0158_KP759700                 2.0599488 2.0614370 1.9276535 1.9211026 1.9309539 0.0030240 0.0025618 0.0023038 0.0024064 0.0017385 0.0017385 0.0016362 0.0017390 0.0015848 0.0016874 0.0013800 0.0015848 0.0008165 0.0007654 0.0004081 0.0003061 0.0003061 0.0000000 0.0019447 0.0019960 0.0019445 0.0019455 0.0018937 0.0018937 0.0020472 0.0016364 0.0017384 0.0014823 0.0015333 0.0015846 0.0013798 0.0013799 0.0014312 0.0013800 0.0014822 0.0011751 0.0013287 0.0011752 0.0013286 0.0013286 0.0014311 0.0014311 0.0013286 0.0011751 0.0011239 0.0011239 0.0012775 0.0012262 0.0011239 0.0010207 0.0012778 0.0011229 0.0009697 0.0011239 0.0010718 0.0010207 0.0009186 0.0011229 0.0010718 0.0009697 0.0009697 0.0010207 0.0008675 0.0009697 0.0009186 0.0009186 0.0009186 0.0008675 0.0008675 0.0008675 0.0008165 0.0008165 0.0008675 0.0008165 0.0008675 0.0008675 0.0007654 0.0007654 0.0007144 0.0329078 0.0326235 0.0326317 0.0326334 0.0344419 0.0362524 0.0371519 0.0377511 1.4376401 1.3983295 
EBOV_H.sap-tc_GIN_14_Makona-Gueckedou-C05_KP096420         2.0613993 2.0628883 1.9233014 1.9151713 1.9247162 0.0017902 0.0013294 0.0010729 0.0011752 0.0017396 0.0017396 0.0016372 0.0016886 0.0015858 0.0016884 0.0013808 0.0015858 0.0017394 0.0016881 0.0021503 0.0016368 0.0020472 0.0019447 0.0000000 0.0000510 0.0005102 0.0005102 0.0004592 0.0004592 0.0008165 0.0018425 0.0020472 0.0017907 0.0017393 0.0015855 0.0015856 0.0015856 0.0016371 0.0015858 0.0014831 0.0016881 0.0018420 0.0016883 0.0015343 0.0015343 0.0017395 0.0017395 0.0016368 0.0014831 0.0014318 0.0014318 0.0012783 0.0014318 0.0014318 0.0015343 0.0006633 0.0016367 0.0014830 0.0013294 0.0012781 0.0013294 0.0014318 0.0014318 0.0013806 0.0012781 0.0012781 0.0013293 0.0013806 0.0009710 0.0012269 0.0012269 0.0012269 0.0011757 0.0010733 0.0010733 0.0011245 0.0011245 0.0011757 0.0013293 0.0013806 0.0013806 0.0012781 0.0012781 0.0012269 0.0314300 0.0311470 0.0311548 0.0311564 0.0329569 0.0347575 0.0356535 0.0362491 1.4369983 1.3995316 
EBOV_H.sap-wt_GIN_14_Makona-Kissidougou-C15_KT013254       2.0611233 2.0626123 1.9236395 1.9155082 1.9250537 0.0018415 0.0013807 0.0011241 0.0012264 0.0017909 0.0017909 0.0016885 0.0017399 0.0016371 0.0017397 0.0014320 0.0016370 0.0017907 0.0017394 0.0022017 0.0016881 0.0020985 0.0019960 0.0000510 0.0000000 0.0005612 0.0005612 0.0005102 0.0005102 0.0008675 0.0018938 0.0020985 0.0018420 0.0017906 0.0016368 0.0016368 0.0016369 0.0016883 0.0016371 0.0015343 0.0017394 0.0018933 0.0017395 0.0015856 0.0015856 0.0017908 0.0017908 0.0016880 0.0015343 0.0014831 0.0014831 0.0013295 0.0014830 0.0014831 0.0015856 0.0007144 0.0016880 0.0015342 0.0013806 0.0013293 0.0013806 0.0014830 0.0014830 0.0014319 0.0013293 0.0013293 0.0013806 0.0014318 0.0010222 0.0012782 0.0012781 0.0012781 0.0012269 0.0011245 0.0011245 0.0011757 0.0011757 0.0012270 0.0013806 0.0014319 0.0014319 0.0013293 0.0013294 0.0012781 0.0314861 0.0312030 0.0312109 0.0312125 0.0330133 0.0348143 0.0357104 0.0363061 1.4368206 1.3995311 
EBOV_H.sap-wt_GIN_14_Makona-Macenta-EM_079422_KR817187     2.0579484 2.0594352 1.9213342 1.9153030 1.9248483 0.0017901 0.0013293 0.0010718 0.0011751 0.0017394 0.0017394 0.0016371 0.0016884 0.0015857 0.0016883 0.0013807 0.0015856 0.0017392 0.0016880 0.0021501 0.0016367 0.0020470 0.0019445 0.0005102 0.0005612 0.0000000 0.0005102 0.0004592 0.0004592 0.0008165 0.0018423 0.0020470 0.0017906 0.0017391 0.0015854 0.0015854 0.0015855 0.0016369 0.0015857 0.0014829 0.0016880 0.0018418 0.0016881 0.0015342 0.0015342 0.0017394 0.0017394 0.0016366 0.0014829 0.0014317 0.0014317 0.0012782 0.0014317 0.0014317 0.0015342 0.0006633 0.0016366 0.0014829 0.0013293 0.0012780 0.0013293 0.0014317 0.0014317 0.0013805 0.0012780 0.0012780 0.0013292 0.0013805 0.0009709 0.0012268 0.0012268 0.0012268 0.0011756 0.0010733 0.0010733 0.0011244 0.0011244 0.0011756 0.0013292 0.0013805 0.0013805 0.0012780 0.0012780 0.0012268 0.0314268 0.0311439 0.0311517 0.0311533 0.0329536 0.0347540 0.0356499 0.0362454 1.4370592 1.3979615 
EBOV_H.sap-wt_GIN_14_Makona-Macenta-EM_079424_KR817189     2.0583311 2.0598174 1.9236381 1.9175946 1.9271530 0.0017910 0.0013300 0.0010734 0.0011757 0.0017404 0.0017404 0.0016379 0.0016893 0.0015865 0.0016892 0.0013814 0.0015865 0.0017401 0.0016889 0.0021513 0.0016375 0.0020481 0.0019455 0.0005102 0.0005612 0.0005102 0.0000000 0.0004592 0.0004592 0.0008176 0.0018433 0.0020481 0.0017915 0.0017400 0.0015862 0.0015863 0.0015864 0.0016378 0.0015865 0.0014837 0.0016889 0.0018428 0.0016890 0.0015350 0.0015350 0.0017403 0.0017403 0.0016375 0.0014837 0.0014325 0.0014325 0.0012789 0.0014324 0.0014325 0.0015350 0.0006633 0.0016374 0.0014836 0.0013300 0.0012787 0.0013300 0.0014324 0.0014324 0.0013812 0.0012787 0.0012787 0.0013299 0.0013812 0.0009714 0.0012275 0.0012275 0.0012275 0.0011762 0.0010738 0.0010738 0.0011250 0.0011250 0.0011763 0.0013299 0.0013812 0.0013812 0.0012787 0.0012787 0.0012275 0.0314428 0.0311597 0.0311676 0.0311093 0.0329100 0.0347107 0.0356068 0.0362024 1.4379325 1.3980756 
EBOV_H.sap-tc_GIN_14_Makona-Gueckedou-C07_KP096421         2.0585267 2.0600137 1.9228493 1.9150733 1.9248328 0.0017393 0.0012784 0.0010219 0.0011242 0.0016886 0.0016886 0.0015862 0.0016376 0.0015348 0.0016374 0.0013298 0.0015348 0.0016884 0.0016372 0.0020993 0.0015858 0.0019962 0.0018937 0.0004592 0.0005102 0.0004592 0.0004592 0.0000000 0.0000010 0.0007654 0.0017915 0.0019962 0.0017397 0.0016883 0.0015346 0.0015346 0.0015347 0.0015861 0.0015348 0.0014321 0.0016372 0.0017910 0.0016373 0.0014833 0.0014833 0.0016885 0.0016885 0.0015858 0.0014321 0.0013809 0.0013809 0.0012273 0.0013808 0.0013809 0.0014834 0.0006123 0.0015858 0.0014320 0.0012784 0.0012271 0.0012784 0.0013808 0.0013808 0.0013296 0.0012271 0.0012271 0.0012784 0.0013296 0.0009200 0.0011760 0.0011759 0.0011759 0.0011247 0.0010224 0.0010224 0.0010735 0.0010735 0.0011248 0.0012784 0.0013296 0.0013296 0.0012271 0.0012271 0.0011759 0.0313797 0.0310967 0.0311045 0.0311061 0.0329066 0.0347073 0.0356033 0.0361988 1.4391291 1.3979183 
EBOV_H.sap-wt_GIN_14_Makona-Gueckedou-C07_KT013256         2.0585267 2.0600137 1.9228493 1.9150733 1.9248328 0.0017393 0.0012784 0.0010219 0.0011242 0.0016886 0.0016886 0.0015862 0.0016376 0.0015348 0.0016374 0.0013298 0.0015348 0.0016884 0.0016372 0.0020993 0.0015858 0.0019962 0.0018937 0.0004592 0.0005102 0.0004592 0.0004592 0.0000010 0.0000000 0.0007654 0.0017915 0.0019962 0.0017397 0.0016883 0.0015346 0.0015346 0.0015347 0.0015861 0.0015348 0.0014321 0.0016372 0.0017910 0.0016373 0.0014833 0.0014833 0.0016885 0.0016885 0.0015858 0.0014321 0.0013809 0.0013809 0.0012273 0.0013808 0.0013809 0.0014834 0.0006123 0.0015858 0.0014320 0.0012784 0.0012271 0.0012784 0.0013808 0.0013808 0.0013296 0.0012271 0.0012271 0.0012784 0.0013296 0.0009200 0.0011760 0.0011759 0.0011759 0.0011247 0.0010224 0.0010224 0.0010735 0.0010735 0.0011248 0.0012784 0.0013296 0.0013296 0.0012271 0.0012271 0.0011759 0.0313797 0.0310967 0.0311045 0.0311061 0.0329066 0.0347073 0.0356033 0.0361988 1.4391291 1.3979183 
EBOV_H.sap-wt_GIN_14_Makona-Gueckedou-EM_079702_KR817210   2.0590493 2.0605362 1.9214482 1.9154149 1.9247483 0.0013798 0.0011242 0.0011752 0.0012775 0.0018421 0.0018421 0.0017397 0.0017910 0.0016882 0.0017909 0.0014832 0.0016882 0.0018418 0.0017906 0.0022529 0.0017392 0.0021497 0.0020472 0.0008165 0.0008675 0.0008165 0.0008176 0.0007654 0.0007654 0.0000000 0.0019450 0.0021497 0.0018932 0.0018417 0.0016879 0.0015855 0.0016881 0.0017395 0.0016882 0.0015855 0.0017906 0.0019445 0.0017907 0.0016367 0.0016367 0.0018420 0.0018420 0.0017392 0.0015855 0.0015342 0.0015342 0.0013807 0.0015342 0.0015342 0.0016368 0.0007654 0.0017392 0.0015854 0.0014318 0.0013805 0.0014318 0.0015342 0.0015342 0.0014830 0.0013805 0.0013805 0.0014317 0.0014830 0.0010733 0.0013293 0.0013293 0.0013293 0.0012781 0.0011757 0.0011757 0.0012269 0.0012269 0.0012781 0.0014317 0.0014830 0.0014830 0.0013805 0.0013805 0.0013293 0.0317181 0.0314348 0.0314427 0.0314443 0.0332466 0.0350494 0.0359462 0.0365425 1.4384388 1.3965952 
EBOV_H.sap-wt_SLE_14_Makona-Kailahun-20140517_KR653263     2.0606736 2.0621613 1.9244508 1.9184015 1.9277517 0.0029217 0.0024596 0.0022016 0.0023042 0.0016364 0.0016364 0.0015341 0.0016368 0.0014827 0.0015853 0.0012779 0.0014827 0.0014313 0.0013802 0.0018417 0.0013289 0.0017388 0.0016364 0.0018425 0.0018938 0.0018423 0.0018433 0.0017915 0.0017915 0.0019450 0.0000000 0.0017388 0.0014826 0.0014313 0.0014825 0.0012777 0.0011754 0.0013291 0.0012779 0.0013801 0.0013802 0.0015338 0.0013803 0.0012265 0.0012265 0.0014315 0.0014315 0.0013289 0.0011753 0.0011242 0.0011242 0.0011755 0.0011241 0.0011242 0.0012265 0.0011757 0.0013288 0.0011753 0.0010219 0.0009697 0.0010218 0.0011241 0.0011241 0.0010730 0.0009697 0.0009697 0.0010218 0.0010730 0.0008675 0.0009186 0.0009186 0.0009186 0.0008675 0.0007654 0.0007654 0.0008165 0.0008165 0.0008675 0.0010218 0.0010730 0.0010730 0.0009697 0.0009697 0.0009186 0.0329151 0.0326307 0.0326389 0.0326406 0.0342244 0.0360340 0.0369333 0.0375321 1.4381828 1.3983253 
EBOV_H.sap-wt_SLE_14_Makona-J0150_KP759696                 2.0580900 2.0595754 1.9226217 1.9167980 1.9264896 0.0031267 0.0026645 0.0024064 0.0025090 0.0018410 0.0018410 0.0017386 0.0018414 0.0016872 0.0017898 0.0014823 0.0016872 0.0015334 0.0014822 0.0019438 0.0014309 0.0018408 0.0017384 0.0020472 0.0020985 0.0020470 0.0020481 0.0019962 0.0019962 0.0021497 0.0017388 0.0000000 0.0015846 0.0016357 0.0016869 0.0014821 0.0014822 0.0015336 0.0014824 0.0015845 0.0014822 0.0016359 0.0014823 0.0014309 0.0014309 0.0010207 0.0010207 0.0014309 0.0007654 0.0007144 0.0007144 0.0013799 0.0013285 0.0012262 0.0013286 0.0013802 0.0014309 0.0012773 0.0012262 0.0011750 0.0011229 0.0012262 0.0012262 0.0011750 0.0010718 0.0010718 0.0011229 0.0011750 0.0010718 0.0010207 0.0010207 0.0010207 0.0009697 0.0009697 0.0009697 0.0009186 0.0009186 0.0009697 0.0011229 0.0011750 0.0011750 0.0010718 0.0010718 0.0010207 0.0329659 0.0326280 0.0326897 0.0326914 0.0343416 0.0362048 0.0370517 0.0376508 1.4384354 1.3998364 
EBOV_H.sap-wt_SLE_14_Makona-G5640_1_KR105313               2.0605403 2.0620278 1.9265626 1.9207195 1.9302464 0.0028695 0.0024075 0.0021497 0.0022523 0.0015848 0.0015848 0.0014825 0.0015851 0.0014311 0.0015336 0.0012263 0.0014311 0.0012774 0.0012262 0.0016875 0.0011750 0.0015846 0.0014823 0.0017907 0.0018420 0.0017906 0.0017915 0.0017397 0.0017397 0.0018932 0.0014826 0.0015846 0.0000000 0.0013797 0.0014309 0.0012262 0.0012263 0.0012776 0.0012264 0.0013285 0.0012263 0.0013798 0.0012263 0.0011750 0.0011750 0.0012775 0.0012775 0.0011750 0.0010207 0.0009697 0.0009697 0.0011240 0.0010718 0.0009697 0.0010718 0.0011242 0.0011740 0.0010207 0.0009697 0.0009186 0.0008675 0.0009697 0.0009697 0.0009186 0.0008165 0.0008165 0.0008675 0.0009186 0.0008165 0.0007654 0.0007654 0.0007654 0.0007144 0.0007144 0.0007144 0.0006633 0.0006633 0.0007144 0.0008675 0.0009186 0.0009186 0.0008165 0.0008165 0.0007654 0.0328498 0.0325655 0.0325737 0.0325754 0.0342713 0.0360806 0.0369798 0.0375785 1.4396955 1.4007152 
EBOV_H.sap-wt_GIN_14_Makona-Beyla-EM_075931_KR817138       2.0609218 2.0624094 1.9258319 1.9193461 1.9289174 0.0028178 0.0023560 0.0020982 0.0022007 0.0015334 0.0015334 0.0014311 0.0015338 0.0013798 0.0014823 0.0011751 0.0013798 0.0013285 0.0012773 0.0017386 0.0012261 0.0016357 0.0015333 0.0017393 0.0017906 0.0017391 0.0017400 0.0016883 0.0016883 0.0018417 0.0014313 0.0016357 0.0013797 0.0000000 0.0013796 0.0010718 0.0011750 0.0009186 0.0011751 0.0012772 0.0012773 0.0014309 0.0012774 0.0008165 0.0008165 0.0013285 0.0013285 0.0012251 0.0010718 0.0010207 0.0010207 0.0010718 0.0007144 0.0010207 0.0011229 0.0010729 0.0012251 0.0010718 0.0006123 0.0008675 0.0009186 0.0010207 0.0010207 0.0009697 0.0008675 0.0008675 0.0009186 0.0009697 0.0007654 0.0008165 0.0008165 0.0008165 0.0007654 0.0006633 0.0006633 0.0007144 0.0007144 0.0007654 0.0009186 0.0009697 0.0009697 0.0008675 0.0008675 0.0008165 0.0327904 0.0325062 0.0325144 0.0325160 0.0342115 0.0359607 0.0368594 0.0374578 1.4383144 1.4011756 
EBOV_H.sap-wt_GIN_14_Makona-Gueckedou-EM_076138_KR817140   2.0604655 2.0619535 1.9246226 1.9185705 1.9279244 0.0026637 0.0022019 0.0019443 0.0020468 0.0013798 0.0013798 0.0012776 0.0013801 0.0012263 0.0013287 0.0010207 0.0012262 0.0013796 0.0013285 0.0017898 0.0012773 0.0016869 0.0015846 0.0015855 0.0016368 0.0015854 0.0015862 0.0015346 0.0015346 0.0016879 0.0014825 0.0016869 0.0014309 0.0013796 0.0000000 0.0012261 0.0012262 0.0012775 0.0012263 0.0011229 0.0013285 0.0014821 0.0013286 0.0011740 0.0011740 0.0013797 0.0013797 0.0012772 0.0011229 0.0010718 0.0010718 0.0009186 0.0010718 0.0010718 0.0011740 0.0009186 0.0012772 0.0011229 0.0009697 0.0009186 0.0009697 0.0010718 0.0010718 0.0010207 0.0009186 0.0009186 0.0009697 0.0010207 0.0006123 0.0008675 0.0008675 0.0008675 0.0008165 0.0007144 0.0007144 0.0007654 0.0007654 0.0008165 0.0009697 0.0010207 0.0010207 0.0009186 0.0009186 0.0008675 0.0325091 0.0322251 0.0322332 0.0322348 0.0339290 0.0357361 0.0366344 0.0372324 1.4373471 1.4006704 
EBOV_H.sap-wt_LBR_14_Makona-LIBR0505_KR006957              2.0622304 2.0637197 1.9260472 1.9204764 1.9299365 0.0026637 0.0022020 0.0019443 0.0020469 0.0013798 0.0013798 0.0012776 0.0013802 0.0012263 0.0013287 0.0010207 0.0012263 0.0011750 0.0011229 0.0015849 0.0010718 0.0014821 0.0013798 0.0015856 0.0016368 0.0015854 0.0015863 0.0015346 0.0015346 0.0015855 0.0012777 0.0014821 0.0012262 0.0010718 0.0012261 0.0000000 0.0010207 0.0009697 0.0010207 0.0011229 0.0011229 0.0012774 0.0011239 0.0008675 0.0008675 0.0011751 0.0011751 0.0010718 0.0009186 0.0008675 0.0008675 0.0009186 0.0007654 0.0008675 0.0009697 0.0009186 0.0010718 0.0009186 0.0006633 0.0007144 0.0007654 0.0008675 0.0007654 0.0008165 0.0007144 0.0007144 0.0007654 0.0008165 0.0006123 0.0006633 0.0006633 0.0006633 0.0006123 0.0005102 0.0005102 0.0005612 0.0005612 0.0006123 0.0007654 0.0008165 0.0008165 0.0007144 0.0007144 0.0006633 0.0326238 0.0323397 0.0323479 0.0323495 0.0340443 0.0358523 0.0367509 0.0373491 1.4385034 1.3996517 
EBOV_H.sap-wt_SLE_14_Makona-G4973_1_KR105286               2.0605196 2.0620069 1.9274317 1.9213704 1.9307310 0.0026639 0.0022021 0.0019445 0.0020470 0.0013799 0.0013799 0.0012777 0.0013803 0.0012264 0.0013288 0.0010207 0.0012263 0.0011751 0.0011239 0.0015850 0.0010718 0.0014822 0.0013799 0.0015856 0.0016369 0.0015855 0.0015864 0.0015347 0.0015347 0.0016881 0.0011754 0.0014822 0.0012263 0.0011750 0.0012262 0.0010207 0.0000000 0.0010729 0.0010207 0.0011229 0.0011239 0.0012774 0.0011240 0.0009697 0.0009697 0.0011751 0.0011751 0.0010718 0.0009186 0.0008675 0.0008675 0.0009186 0.0008675 0.0008675 0.0009697 0.0009186 0.0010718 0.0009186 0.0007654 0.0007144 0.0007654 0.0008675 0.0008675 0.0008165 0.0007144 0.0007144 0.0007654 0.0008165 0.0006123 0.0006633 0.0006633 0.0006633 0.0006123 0.0005102 0.0005102 0.0005612 0.0005612 0.0006123 0.0007654 0.0008165 0.0008165 0.0007144 0.0007144 0.0006633 0.0326259 0.0323418 0.0323500 0.0323516 0.0340465 0.0357418 0.0366403 0.0371250 1.4375971 1.3990579 
EBOV_H.sap-wt_GIN_14_Makona-Kankan-EM_078639_KR817166      2.0617660 2.0632557 1.9264515 1.9201811 1.9295351 0.0027155 0.0022537 0.0019959 0.0020985 0.0014313 0.0014313 0.0013290 0.0014316 0.0012777 0.0013801 0.0010730 0.0012777 0.0012263 0.0011752 0.0016364 0.0011240 0.0015336 0.0014312 0.0016371 0.0016883 0.0016369 0.0016378 0.0015861 0.0015861 0.0017395 0.0013291 0.0015336 0.0012776 0.0009186 0.0012775 0.0009697 0.0010729 0.0000000 0.0010730 0.0011751 0.0011752 0.0013287 0.0011753 0.0007144 0.0007144 0.0012264 0.0012264 0.0011239 0.0009697 0.0009186 0.0009186 0.0009697 0.0005102 0.0009186 0.0010207 0.0009708 0.0011239 0.0009697 0.0005102 0.0007654 0.0008165 0.0009186 0.0009186 0.0008675 0.0007654 0.0007654 0.0008165 0.0008675 0.0006633 0.0007144 0.0007144 0.0007144 0.0006633 0.0005612 0.0005612 0.0006123 0.0006123 0.0006633 0.0008165 0.0008675 0.0008675 0.0007654 0.0007654 0.0007144 0.0326387 0.0323545 0.0323626 0.0323643 0.0340598 0.0358686 0.0367676 0.0373661 1.4390049 1.4011631 
EBOV_H.sap-wt_LBR_15_Makona-Liberia-DQE6_KR075000          2.0601025 2.0615899 1.9255676 1.9195159 1.9282606 0.0026641 0.0022023 0.0019446 0.0020472 0.0013800 0.0013800 0.0012778 0.0013804 0.0012265 0.0013289 0.0010218 0.0012265 0.0011752 0.0011240 0.0015851 0.0010718 0.0014823 0.0013800 0.0015858 0.0016371 0.0015857 0.0015865 0.0015348 0.0015348 0.0016882 0.0012779 0.0014824 0.0012264 0.0011751 0.0012263 0.0010207 0.0010207 0.0010730 0.0000000 0.0011240 0.0011240 0.0012775 0.0011241 0.0009697 0.0009697 0.0011752 0.0011752 0.0010718 0.0009186 0.0008675 0.0008675 0.0009186 0.0008675 0.0008675 0.0009697 0.0009197 0.0010718 0.0009186 0.0007654 0.0007144 0.0007654 0.0008675 0.0008675 0.0008165 0.0007144 0.0007144 0.0007654 0.0008165 0.0006123 0.0006633 0.0006633 0.0006633 0.0006123 0.0005102 0.0005102 0.0005612 0.0005612 0.0006123 0.0007654 0.0008165 0.0008165 0.0007144 0.0007144 0.0006633 0.0326290 0.0323449 0.0323530 0.0323547 0.0340498 0.0358580 0.0367568 0.0373552 1.4387015 1.4009062 
