100
02A1.GH.97.97GH_AG2.AB052867           0.0000000 0.3717457 0.4710736 0.5419543 0.5724637 0.6403301 0.6663617 0.5591920 0.5592746 0.5531244 0.5836396 0.5257455 0.5331924 0.5999734 0.8607133 0.8385514 0.9315782 0.8685248 0.8607212 0.8858401 0.8509152 0.8104470 0.8916392 0.9208215 0.9783405 0.9857995 0.8165394 0.8633833 0.8682291 0.8262617 0.8316814 0.5803282 0.6178714 0.6234012 0.6715364 0.8408451 0.6471998 0.6543421 0.7295815 0.6319394 0.6577293 0.7932331 0.8549948 0.5566036 0.5456535 0.5038948 0.4740782 0.7955386 0.8125189 0.8805822 0.8893770 0.8655221 0.8812302 0.8520202 0.7777704 0.8290518 0.7973033 0.8096363 0.8237654 0.8074161 0.8052647 0.7383563 0.8125182 0.8941328 0.8559015 0.8179901 0.8600126 0.8173672 0.8104149 0.8027174 0.8696446 0.8158125 0.7783875 0.7659710 0.7718340 0.8787377 1.1077284 0.8876546 0.8316043 0.8481775 0.8227121 0.7508881 0.7540624 0.7521470 0.6998673 0.6798983 0.7751223 0.6214104 0.5143053 0.4298225 0.4098765 0.5623785 0.3541157 0.3541351 0.3761423 0.4430276 1.7984290 1.8237689 1.7450883 2.5409720 
02A.CI.16.DEURF16CI011.MH078538        0.3717457 0.0000000 0.5270749 0.5922880 0.6438964 0.7010656 0.7374905 0.6202559 0.6183615 0.6195530 0.6377327 0.5831969 0.5782477 0.6796691 0.9445638 0.9157562 0.9679225 0.9364665 0.9350048 0.9355740 0.9270668 0.9121375 0.9959826 1.0244169 1.0611540 1.0655774 0.8933933 0.9568864 0.9285942 0.8831953 0.9104371 0.6382191 0.6635389 0.6774150 0.7122434 0.8692500 0.6932811 0.7045986 0.7787020 0.6873105 0.7111838 0.8315446 0.8926006 0.6313827 0.5939960 0.5542131 0.5295779 0.8693366 0.8961247 0.9158275 0.9481165 0.9158108 0.9262909 0.9175634 0.8487015 0.9055341 0.8594069 0.8753092 0.8849858 0.8725248 0.8764556 0.8168992 0.8658273 0.9381574 0.9153023 0.8656106 0.9120020 0.8833566 0.8602875 0.8670911 0.9053019 0.8790662 0.8446334 0.8387166 0.8408729 0.9018661 1.1614182 0.9176814 0.8778440 0.8988226 0.8657910 0.8114089 0.8242676 0.8025650 0.7569455 0.7280446 0.8227579 0.6875982 0.5697583 0.4881151 0.4590933 0.6111857 0.4081780 0.4056589 0.4198271 0.4858135 1.8434436 1.9220976 1.8198123 2.6976537 
AGU.CM.06.770_8.MH705142               0.4710736 0.5270749 0.0000000 0.5410727 0.5877356 0.6463125 0.6743059 0.5781482 0.5779801 0.5763724 0.5980289 0.5530141 0.5403571 0.6207792 0.8944548 0.8483975 0.9409384 0.8709290 0.8730672 0.8985006 0.8626937 0.8306896 0.8875698 0.9695731 0.9933142 0.9871429 0.8328537 0.8858203 0.8977562 0.8326848 0.8419821 0.5903959 0.6368323 0.6395060 0.6841918 0.8599107 0.6800971 0.6858239 0.7424389 0.6554378 0.6744550 0.8197679 0.8833848 0.5832102 0.5652140 0.5290315 0.4907984 0.7916529 0.8496158 0.8608593 0.8851640 0.8780493 0.8916002 0.8727575 0.7849187 0.8231537 0.8103088 0.8183620 0.8234063 0.8295165 0.8026256 0.7496455 0.8223526 0.9137659 0.8656559 0.8281219 0.8772646 0.8566266 0.8402313 0.8291900 0.8543791 0.8370154 0.7873000 0.7819336 0.7905711 0.8571118 1.1263388 0.8917717 0.8350334 0.8688428 0.8265098 0.7541870 0.7703882 0.7915589 0.7099168 0.6971286 0.8058717 0.6249531 0.5885040 0.5400583 0.4986619 0.6623820 0.4745051 0.4825971 0.4870975 0.5566109 1.9838057 2.0117702 1.9319684 2.6265254 
G.NG.92.92NG083_JV10832.U88826         0.5419543 0.5922880 0.5410727 0.0000000 0.3518449 0.4021685 0.4166537 0.6654294 0.6478388 0.6637802 0.6839112 0.6174326 0.6328383 0.6993666 0.9780453 0.9250789 1.0076931 0.9590973 0.9662540 0.9786778 0.9499119 0.9319337 0.9807921 1.0482402 1.0830300 1.0487349 0.9125514 0.9741043 0.9679990 0.9233129 0.9451590 0.6703421 0.7219766 0.7229834 0.7711758 0.9395340 0.7558665 0.7543594 0.8282757 0.7343999 0.7591696 0.9063342 0.9617158 0.6696184 0.6366081 0.6057425 0.5588212 0.8875186 0.9327236 0.9833493 0.9909358 0.9630263 1.0148677 0.9571922 0.8829174 0.9297072 0.8881309 0.9272861 0.9230215 0.9147405 0.9121750 0.8291558 0.9276256 0.9962113 0.9341395 0.9217226 0.9708002 0.9454051 0.9302579 0.8977288 0.9609744 0.9147478 0.8730674 0.8873504 0.8881599 0.9537932 1.1911168 0.9621560 0.9236588 0.9641434 0.8976661 0.8638390 0.8653288 0.8629547 0.8180084 0.7826263 0.8637944 0.7295258 0.6675525 0.6189115 0.5818159 0.7364513 0.5549598 0.5397342 0.5489269 0.6156719 2.0064950 2.0450668 2.0340527 2.7650651 
G.NG.09.09NG010261.KX389626            0.5724637 0.6438964 0.5877356 0.3518449 0.0000000 0.4790384 0.5079004 0.7285529 0.6940198 0.7102310 0.7205438 0.6726727 0.6905563 0.7717345 0.9933574 0.9561031 1.0555511 1.0168192 1.0430772 1.0367391 1.0069170 0.9938880 1.0768752 1.1049073 1.0874634 1.1170653 0.9611854 1.0167139 1.0143341 0.9637190 0.9690057 0.7223774 0.7883506 0.7899982 0.8215222 1.0128194 0.8397517 0.8103090 0.8730582 0.7889362 0.8384198 0.9653197 1.0017433 0.7103022 0.6893161 0.6624121 0.6124025 0.9496962 0.9952464 1.0268032 1.0817507 1.0275722 1.0522307 1.0285819 0.9748968 0.9904144 0.9964935 0.9982846 0.9900221 1.0140030 1.0125464 0.9183069 0.9975904 1.0500714 1.0170403 0.9767808 1.0212155 1.0118377 0.9965055 0.9871227 1.0234839 0.9847968 0.9538600 0.9471166 0.9350089 1.0239259 1.2698190 1.0175095 0.9999625 1.0097238 0.9907874 0.9103962 0.9544170 0.9304295 0.8804644 0.8506468 0.9349465 0.7589829 0.7082100 0.6647376 0.6440041 0.8039184 0.6110811 0.6052288 0.6111036 0.6615292 2.0529324 2.0720541 2.1540903 2.8827990 
01F2G.CM.02.LT31.JN864056              0.6403301 0.7010656 0.6463125 0.4021685 0.4790384 0.0000000 0.4235132 0.7915412 0.7628301 0.7657116 0.7929267 0.7281990 0.7506934 0.8087492 1.0494644 1.0119929 1.0955754 1.0626871 1.0668290 1.0963416 1.0501030 1.0178149 1.0737351 1.1505873 1.1776104 1.1573420 1.0021597 1.0706372 1.0913251 1.0054434 1.0364449 0.7746249 0.8114709 0.8161842 0.8640418 1.0249450 0.8478764 0.8562374 0.9287435 0.8225737 0.8455094 0.9947334 1.0286672 0.7625270 0.7359048 0.7228216 0.6517664 0.9862677 1.0161043 1.0720268 1.0625749 1.0707007 1.0949465 1.0799898 0.9922555 1.0078549 1.0231322 1.0196758 1.0063756 1.0187437 1.0215796 0.9218796 1.0258523 1.0608011 1.0311588 1.0199929 1.0335557 1.0132838 1.0222036 0.9805765 1.0564328 1.0036770 0.9660875 0.9601305 0.9697524 1.0378885 1.2776660 1.0460771 1.0260778 1.0622176 1.0046802 0.9556989 0.9532083 0.9898470 0.9165190 0.8813348 0.9431890 0.8099080 0.7761532 0.7287831 0.6740899 0.8635371 0.6662336 0.6614264 0.6673355 0.7346299 2.0614367 2.0855100 2.0746886 2.9452291 
BCG.ES.15.100_119.KY496623             0.6663617 0.7374905 0.6743059 0.4166537 0.5079004 0.4235132 0.0000000 0.8132783 0.7917699 0.8086780 0.8264281 0.7522379 0.7744004 0.8534822 1.1150251 1.0251573 1.1746547 1.0773909 1.1119500 1.1249568 1.0882394 1.0745944 1.1363036 1.1799582 1.1991625 1.1812197 1.0468383 1.0879594 1.1091185 1.0595355 1.0809904 0.8284831 0.8646202 0.8707386 0.8914649 1.0565440 0.9006539 0.8852913 0.9835129 0.9152606 0.9088134 1.0272672 1.1096557 0.7948505 0.7881343 0.7283517 0.6897140 1.0396116 1.0639772 1.1105659 1.1466017 1.1323709 1.1527277 1.1143811 1.0376212 1.0604389 1.0364633 1.0754825 1.0574391 1.0565236 1.0736111 0.9795016 1.0575172 1.1427179 1.0779213 1.0595927 1.1058836 1.0738483 1.0778150 1.0475789 1.1043117 1.0444056 1.0022944 1.0364349 1.0419238 1.1051401 1.3317650 1.0961485 1.0619637 1.1256157 1.0467971 0.9848687 1.0131716 0.9994393 0.9766203 0.8971397 0.9786801 0.8424914 0.7893838 0.7464022 0.7122857 0.8934298 0.6782778 0.6738943 0.6825322 0.7404424 2.0858855 2.0875626 2.1747525 2.9447682 
A1.KE.06.06KECst_028.FJ623479          0.5591920 0.6202559 0.5781482 0.6654294 0.7285529 0.7915412 0.8132783 0.0000000 0.3091153 0.4170207 0.4140772 0.3789733 0.4084574 0.4998890 0.7515868 0.7140677 0.7993853 0.7555286 0.7456867 0.7846539 0.7470070 0.7189998 0.7797821 0.8339796 0.8560371 0.8577991 0.6919503 0.7503820 0.7358006 0.6893329 0.7104731 0.4776192 0.5663700 0.5772491 0.5996141 0.7864918 0.6046994 0.6081376 0.6873659 0.5750035 0.6204105 0.7593412 0.8127071 0.5094364 0.4898763 0.4404090 0.5156167 0.8512033 0.8944757 0.9198573 0.9355959 0.9296941 0.9468587 0.9182514 0.8600558 0.9032894 0.8754433 0.8922616 0.8928849 0.9007392 0.8766021 0.8094060 0.8796935 0.9532604 0.9005458 0.8794256 0.9270754 0.9052944 0.8809197 0.8846183 0.9227294 0.9047168 0.8513011 0.8496244 0.8571266 0.9322911 1.2062296 0.9664269 0.9063892 0.9376065 0.9132641 0.8227439 0.8288333 0.8188537 0.7706183 0.7474154 0.8286355 0.6938251 0.6718124 0.6194107 0.5827789 0.7698706 0.5712039 0.5572671 0.5875954 0.6459431 1.9332866 2.0399153 2.0232180 2.8108031 
A1.KE.06.06KECst_013.FJ623485          0.5592746 0.6183615 0.5779801 0.6478388 0.6940198 0.7628301 0.7917699 0.3091153 0.0000000 0.3910611 0.4172150 0.3735778 0.3927175 0.4953301 0.7298243 0.7083357 0.8082766 0.7386562 0.7403861 0.7631004 0.7200581 0.7125121 0.7745120 0.8342906 0.8604178 0.8460441 0.6924526 0.7527372 0.7234837 0.6978358 0.7001430 0.4674354 0.5602418 0.5579011 0.5923421 0.7733581 0.5729703 0.5848192 0.6786330 0.5737689 0.6038041 0.7367575 0.8072994 0.4981370 0.4785786 0.4370004 0.5110136 0.8539152 0.8986101 0.9366318 0.9600361 0.9245784 0.9643251 0.9403239 0.8643920 0.9085682 0.8564763 0.8945969 0.8982130 0.8900025 0.8588436 0.8169070 0.8770191 0.9803539 0.9252635 0.8739084 0.9201990 0.8900350 0.8928349 0.8721156 0.9273241 0.9020864 0.8547222 0.8319044 0.8475842 0.9173762 1.1581534 0.9383456 0.8980840 0.9459049 0.9076505 0.8035787 0.8454294 0.8355828 0.7659817 0.7384832 0.8378547 0.6847893 0.6611757 0.6189297 0.5933743 0.7768456 0.5701094 0.5599692 0.5772326 0.6355823 2.0292466 2.0898081 2.0379555 2.7918370 
35_AD.AF.06.007H.GQ477450              0.5531244 0.6195530 0.5763724 0.6637802 0.7102310 0.7657116 0.8086780 0.4170207 0.3910611 0.0000000 0.4392761 0.3765264 0.4187159 0.5112528 0.7398598 0.7445151 0.8146170 0.7462741 0.7595857 0.7893620 0.7489035 0.7198816 0.7942730 0.8406782 0.8799516 0.8940870 0.7004472 0.7717820 0.7251879 0.7013038 0.7290292 0.4881844 0.5730841 0.5794124 0.6001957 0.7942039 0.6072778 0.6066641 0.6959383 0.5917808 0.6208710 0.7646439 0.7945450 0.5069087 0.4883854 0.4470587 0.5046184 0.8596834 0.9072281 0.9291629 0.9314912 0.9367830 0.9626928 0.9048635 0.8647144 0.8925414 0.8731847 0.8747301 0.8685771 0.8970864 0.8803664 0.8081332 0.8756733 0.9687712 0.9259585 0.8701727 0.9063864 0.8758509 0.8732104 0.9034858 0.9169898 0.8976474 0.8424687 0.8487405 0.8657320 0.9157868 1.1759222 0.9471313 0.8846602 0.9255966 0.9050315 0.8143774 0.8101899 0.8223951 0.7831080 0.7421024 0.8549161 0.7003255 0.6781302 0.6122009 0.5893089 0.7693260 0.5727592 0.5544592 0.5879214 0.6603875 2.0406028 2.0596968 2.0260644 2.8265198 
A1.CY.07.CY208.JF683760                0.5836396 0.6377327 0.5980289 0.6839112 0.7205438 0.7929267 0.8264281 0.4140772 0.4172150 0.4392761 0.0000000 0.2435009 0.4180708 0.5266226 0.7422194 0.7364079 0.8213829 0.7576088 0.7690719 0.7955333 0.7699829 0.7317716 0.7922209 0.8606815 0.8921676 0.8956808 0.7106658 0.7833571 0.7696191 0.7031623 0.7277926 0.4921838 0.5816939 0.5784989 0.6246638 0.7974946 0.6097253 0.6230004 0.6935106 0.5952992 0.6299383 0.7694201 0.8288751 0.5247353 0.5081692 0.4711648 0.5307572 0.8738596 0.9245704 0.9566826 0.9690334 0.9632670 0.9908719 0.9568475 0.8798283 0.9261335 0.8894882 0.9210528 0.9132876 0.9139231 0.8944260 0.8327553 0.9097730 0.9996811 0.9386412 0.8791527 0.9352854 0.9146896 0.8992446 0.8989406 0.9347891 0.9204213 0.8721176 0.8574553 0.8741660 0.9677282 1.2214324 0.9719236 0.9273600 0.9692874 0.9227585 0.8347057 0.8555648 0.8591342 0.7903341 0.7945353 0.8682490 0.6834236 0.6890056 0.6474393 0.6179052 0.7806703 0.5933939 0.5691640 0.5956929 0.6674281 2.0337086 2.0539102 2.0892292 2.9095325 
A1.CY.05.CY051.FJ388903                0.5257455 0.5831969 0.5530141 0.6174326 0.6726727 0.7281990 0.7522379 0.3789733 0.3735778 0.3765264 0.2435009 0.0000000 0.3693626 0.4755513 0.7000409 0.6849389 0.7910822 0.7060832 0.7352541 0.7563332 0.7457423 0.7078438 0.7569103 0.8237950 0.8576065 0.8306331 0.6808609 0.7581344 0.7398870 0.6767017 0.6979999 0.4372322 0.5315410 0.5464849 0.5814808 0.7574482 0.5693197 0.5727916 0.6522000 0.5659336 0.5963000 0.7151264 0.7820091 0.4892102 0.4641253 0.4230060 0.4777091 0.8448157 0.8950123 0.9202909 0.9407314 0.9051968 0.9453776 0.9052954 0.8408513 0.8823025 0.8446167 0.8761026 0.8603721 0.8816774 0.8423336 0.7992840 0.8697205 0.9444286 0.8994684 0.8523094 0.9024956 0.8539320 0.8723743 0.8741018 0.9117538 0.8826961 0.8227391 0.8245351 0.8456072 0.9232303 1.1874637 0.9361279 0.8943327 0.9317492 0.8884156 0.8111696 0.8280025 0.8147285 0.7590752 0.7417212 0.8058859 0.6560839 0.6642646 0.5897192 0.5726828 0.7406323 0.5449320 0.5376491 0.5426344 0.6094607 1.9994092 2.0233376 2.0375840 2.8640417 
A1.UG.11.DEMA110UG001.KF859745         0.5331924 0.5782477 0.5403571 0.6328383 0.6905563 0.7506934 0.7744004 0.4084574 0.3927175 0.4187159 0.4180708 0.3693626 0.0000000 0.4787617 0.7333849 0.6965277 0.7812111 0.7325976 0.7323832 0.7704354 0.7409826 0.7111184 0.7787214 0.8153725 0.8669244 0.8406168 0.6878705 0.7585106 0.7237451 0.6917726 0.7002058 0.4447432 0.5355945 0.5351157 0.5799005 0.7732482 0.5589663 0.5798306 0.6476242 0.5491372 0.5812957 0.7219689 0.7632332 0.4926027 0.4560804 0.4191078 0.4788303 0.8182803 0.8632225 0.8915105 0.9258915 0.8898377 0.9176627 0.8948939 0.8353822 0.8650498 0.8482997 0.8451992 0.8615301 0.8559285 0.8485963 0.7860991 0.8551820 0.9312528 0.8783136 0.8423042 0.8968131 0.8761126 0.8519281 0.8364190 0.8945766 0.8684015 0.8381232 0.8085830 0.8266270 0.8780346 1.1605309 0.9081319 0.8577315 0.8909145 0.8636742 0.7690090 0.8107716 0.8093096 0.7395458 0.7203288 0.8216122 0.6467350 0.6626108 0.5757430 0.5621256 0.7521835 0.5492453 0.5303250 0.5598756 0.6059326 1.9487647 2.0578734 2.0683806 2.9054777 
A1C.UG.99.99UGF25926.AF484491          0.5999734 0.6796691 0.6207792 0.6993666 0.7717345 0.8087492 0.8534822 0.4998890 0.4953301 0.5112528 0.5266226 0.4755513 0.4787617 0.0000000 0.6330036 0.6146924 0.6977202 0.6461940 0.6465342 0.6651055 0.6395515 0.6246474 0.6690495 0.7194501 0.8046369 0.7718787 0.5896324 0.6600993 0.6390301 0.6077471 0.6258811 0.5126687 0.6196901 0.6091233 0.6529203 0.8485315 0.6490850 0.6486060 0.7106164 0.6292410 0.6575184 0.7820510 0.8570112 0.5724126 0.5364009 0.5074825 0.5478300 0.8999895 0.9494954 0.9734297 0.9962387 0.9283870 0.9941112 0.9677157 0.9125203 0.9783725 0.9215824 0.9178463 0.9488868 0.9613674 0.9057992 0.8463889 0.9082510 1.0224191 0.9685265 0.9230566 0.9703045 0.9188497 0.9521707 0.9348204 0.9678332 0.9444701 0.9234858 0.8866389 0.8916369 0.9686399 1.2527574 0.9836384 0.9283123 0.9959378 0.9351475 0.8546151 0.8621406 0.8615312 0.8207597 0.7771635 0.8967567 0.7420916 0.7342119 0.6748935 0.6347444 0.8145674 0.6314238 0.6196796 0.6399098 0.7070435 1.9870440 2.1033970 2.0667098 2.8061071 
A1C.IN.15.SC017.KY713232               0.8607133 0.9445638 0.8944548 0.9780453 0.9933574 1.0494644 1.1150251 0.7515868 0.7298243 0.7398598 0.7422194 0.7000409 0.7333849 0.6330036 0.0000000 0.6195308 0.6753979 0.6502074 0.6460992 0.6824787 0.6606704 0.6202480 0.6814079 0.7260630 0.8059211 0.7628554 0.5838295 0.6780503 0.6150298 0.5935181 0.6092927 0.7517302 0.8651869 0.8638788 0.9180008 1.0773408 0.9057715 0.8964079 0.9829875 0.8772473 0.9027759 1.0449907 1.1009407 0.8143897 0.7863700 0.7272286 0.8125167 1.1664131 1.2209648 1.2244168 1.2393017 1.2266613 1.2934340 1.2284818 1.1753185 1.2014735 1.1698777 1.1788248 1.1512862 1.2060446 1.1727074 1.0963718 1.2219336 1.2938563 1.2292231 1.1946543 1.2332441 1.1931633 1.2089564 1.1945384 1.2068612 1.2287218 1.2055177 1.1827366 1.1802094 1.2664746 1.5410590 1.2667987 1.2189095 1.2592497 1.2175346 1.1343591 1.1337526 1.1401067 1.0717860 1.0447023 1.1240828 0.9703268 0.9756558 0.9509142 0.8789537 1.0729602 0.8923546 0.8922691 0.8613985 0.9248051 2.2365343 2.3260908 2.3810814 3.0612819 
C.IL.99.99ET14.AY255825                0.8385514 0.9157562 0.8483975 0.9250789 0.9561031 1.0119929 1.0251573 0.7140677 0.7083357 0.7445151 0.7364079 0.6849389 0.6965277 0.6146924 0.6195308 0.0000000 0.4300490 0.4266599 0.4328877 0.4434471 0.4285806 0.3881683 0.4440944 0.4891681 0.5471123 0.5318202 0.3859267 0.4317204 0.4191705 0.3752464 0.3847349 0.7346162 0.8401057 0.8276508 0.8879971 1.0575704 0.8879184 0.8831059 0.9630121 0.8659059 0.8682501 0.9820615 1.0346862 0.7862847 0.7562802 0.7100415 0.7862112 1.1191376 1.1826347 1.2062078 1.2336389 1.1744590 1.2318874 1.1908726 1.1272420 1.2002314 1.1373574 1.1669829 1.1551582 1.2012593 1.1417406 1.0827549 1.1803925 1.2373669 1.1809797 1.1674736 1.1685873 1.1696263 1.1694704 1.1582114 1.1966312 1.1883815 1.1373776 1.1203770 1.1239143 1.1936662 1.4753993 1.2248957 1.1623417 1.2138942 1.1793699 1.0900766 1.1161256 1.0781081 1.0486947 1.0313798 1.0981938 0.9397698 0.9407306 0.8920706 0.8507246 1.0328260 0.8772107 0.8646414 0.8467177 0.9083480 2.2504271 2.3149551 2.3085841 3.0491061 
C.SE.09.035ZA.MF373148                 0.9315782 0.9679225 0.9409384 1.0076931 1.0555511 1.0955754 1.1746547 0.7993853 0.8082766 0.8146170 0.8213829 0.7910822 0.7812111 0.6977202 0.6753979 0.4300490 0.0000000 0.4833718 0.4992394 0.5023155 0.4776591 0.4533946 0.5020232 0.5620930 0.6038166 0.5936756 0.4413125 0.5011098 0.4824177 0.4422823 0.4565828 0.8077170 0.9035655 0.8892448 0.9416333 1.1349952 0.9504912 0.9415769 1.0287968 0.9195198 0.9407241 1.0674291 1.1338066 0.8455857 0.8317619 0.7732445 0.8461598 1.1778558 1.2471577 1.2459422 1.2512068 1.2519247 1.2991317 1.2593032 1.1929701 1.2567874 1.1952451 1.2543942 1.2155417 1.2546224 1.1984577 1.1477010 1.2318138 1.2713815 1.2692714 1.2329367 1.2626417 1.2164644 1.2213369 1.2147409 1.2627065 1.2496801 1.2063436 1.1726948 1.2075406 1.2752778 1.5578744 1.3047555 1.2292550 1.2658709 1.2440526 1.1084090 1.1585485 1.1805781 1.1042659 1.0846200 1.1728438 1.0395213 1.0415267 0.9732416 0.9562588 1.1353052 0.9506489 0.9405836 0.9424303 1.0043318 2.3314873 2.4468066 2.4679038 3.1014488 
C.ZA.04.04ZASK135B1.DQ011166           0.8685248 0.9364665 0.8709290 0.9590973 1.0168192 1.0626871 1.0773909 0.7555286 0.7386562 0.7462741 0.7576088 0.7060832 0.7325976 0.6461940 0.6502074 0.4266599 0.4833718 0.0000000 0.3328163 0.3541945 0.3798697 0.3494083 0.4055787 0.4732444 0.5353757 0.5086467 0.3557466 0.4369783 0.4245829 0.3925456 0.3999256 0.7505521 0.8817773 0.8780042 0.9257523 1.1074910 0.9148666 0.9054828 0.9887337 0.8938962 0.9263620 1.0083843 1.0860702 0.8093167 0.8198061 0.7343063 0.8081248 1.1539155 1.2145098 1.2391792 1.2442075 1.2375298 1.2402646 1.2209623 1.1507911 1.2158340 1.1840424 1.2038086 1.1670593 1.1957423 1.1685113 1.1126208 1.2042649 1.3158072 1.2330995 1.1907391 1.2308940 1.2006907 1.2080805 1.1893581 1.2392525 1.2466138 1.2003055 1.1483824 1.1544564 1.2158398 1.4854297 1.2730300 1.2427725 1.2221118 1.2362525 1.1117348 1.1421242 1.1353534 1.0922315 1.0505959 1.1408065 0.9982113 0.9872376 0.9329807 0.9059408 1.0599197 0.8631711 0.8740817 0.8923309 0.9341146 2.3766164 2.4394175 2.4248166 3.1903082 
C.ZA.03.03ZAPS130MB1.DQ275658          0.8607212 0.9350048 0.8730672 0.9662540 1.0430772 1.0668290 1.1119500 0.7456867 0.7403861 0.7595857 0.7690719 0.7352541 0.7323832 0.6465342 0.6460992 0.4328877 0.4992394 0.3328163 0.0000000 0.2911998 0.3830545 0.3460787 0.4016714 0.4584657 0.5344920 0.5006138 0.3478741 0.4601091 0.4368921 0.4012979 0.4059603 0.7612672 0.8968410 0.8965088 0.9164989 1.0975732 0.9290314 0.9162699 1.0128720 0.9103245 0.9325476 1.0178650 1.1227938 0.8179782 0.7823842 0.7503726 0.8191612 1.1240802 1.1825684 1.2195459 1.2317864 1.2184722 1.2347064 1.1937455 1.1299618 1.1934647 1.1456931 1.1826427 1.1758157 1.1804390 1.1528181 1.0943009 1.1689724 1.3057982 1.2235661 1.1787735 1.2017930 1.1601790 1.1631400 1.2194313 1.2179195 1.2141941 1.1530428 1.1357283 1.1250992 1.2341970 1.5076005 1.2532963 1.1975419 1.2254592 1.2107230 1.0803930 1.1288077 1.1266995 1.0711147 1.0336724 1.1416093 0.9719815 1.0109154 0.9137020 0.8960952 1.0690095 0.8860836 0.8859104 0.8949731 0.9447356 2.4963663 2.5504765 2.5497155 3.1831873 
C.ZA.97.97ZA012.AF286227               0.8858401 0.9355740 0.8985006 0.9786778 1.0367391 1.0963416 1.1249568 0.7846539 0.7631004 0.7893620 0.7955333 0.7563332 0.7704354 0.6651055 0.6824787 0.4434471 0.5023155 0.3541945 0.2911998 0.0000000 0.3970792 0.3649454 0.4245823 0.4829775 0.5363601 0.5275361 0.3729083 0.4746200 0.4490323 0.4097088 0.4233777 0.7807508 0.9277381 0.9223361 0.9419807 1.1299523 0.9515054 0.9487532 1.0532674 0.9529536 0.9376422 1.0582466 1.1461204 0.8338602 0.8240597 0.7787317 0.8367361 1.1598116 1.2545286 1.2472985 1.2489847 1.2391016 1.2459488 1.2104211 1.1790648 1.2301801 1.1684655 1.2128639 1.2128997 1.2381818 1.1819697 1.1169498 1.1975987 1.2943550 1.2141064 1.1923315 1.2272182 1.2010318 1.2083516 1.2057790 1.2289130 1.2442683 1.1718842 1.1627604 1.1617743 1.2635600 1.4922852 1.2863532 1.2351962 1.2608191 1.2426408 1.1227639 1.1718881 1.1403106 1.0809469 1.0775317 1.1184748 1.0004182 0.9785307 0.9682239 0.8929554 1.0831622 0.9171771 0.9081005 0.9040882 0.9627932 2.3935159 2.4313825 2.4060282 3.0490520 
C.BW.98.98BWMC14A3.AF443078            0.8509152 0.9270668 0.8626937 0.9499119 1.0069170 1.0501030 1.0882394 0.7470070 0.7200581 0.7489035 0.7699829 0.7457423 0.7409826 0.6395515 0.6606704 0.4285806 0.4776591 0.3798697 0.3830545 0.3970792 0.0000000 0.3495619 0.4050616 0.4658033 0.5313058 0.5011932 0.3541949 0.4473762 0.4333570 0.3993143 0.4116110 0.7596178 0.8674858 0.8560494 0.8977100 1.0664183 0.8942377 0.9018778 0.9665837 0.8718680 0.9101373 0.9983474 1.0742993 0.8150397 0.7825035 0.7385895 0.8005312 1.1091637 1.1823212 1.1838072 1.2438051 1.1872740 1.2476545 1.1718868 1.1205354 1.1990603 1.1658270 1.1620295 1.1587462 1.2158226 1.1498568 1.0845007 1.1571491 1.2357938 1.2129422 1.1705074 1.2048476 1.1933592 1.1843324 1.1715654 1.1909767 1.2295797 1.1612993 1.1683807 1.1527828 1.2232639 1.5193262 1.2482124 1.2252127 1.2488483 1.2239253 1.1161680 1.1361905 1.1061391 1.0568531 0.9938828 1.1049153 0.9594726 0.9622634 0.9274585 0.8784377 1.0782282 0.8888023 0.8894976 0.8659684 0.9637339 2.3539185 2.4369286 2.4590086 3.1013532 
C.ZA.99.99ZALT4.EU293444               0.8104470 0.9121375 0.8306896 0.9319337 0.9938880 1.0178149 1.0745944 0.7189998 0.7125121 0.7198816 0.7317716 0.7078438 0.7111184 0.6246474 0.6202480 0.3881683 0.4533946 0.3494083 0.3460787 0.3649454 0.3495619 0.0000000 0.3148512 0.4296056 0.4786748 0.4711297 0.3120779 0.4123416 0.4008083 0.3608370 0.3764864 0.7402847 0.8605028 0.8627666 0.8763280 1.0669330 0.8873491 0.8897931 0.9604359 0.8685805 0.8950326 1.0288315 1.0802567 0.7944380 0.7589744 0.7007755 0.7626042 1.1258710 1.2142443 1.2222102 1.2242771 1.2028494 1.2170713 1.2125810 1.1449918 1.1878463 1.1618307 1.1366009 1.1444832 1.1760815 1.1445060 1.0861247 1.1650046 1.2596766 1.1973118 1.1383618 1.1885317 1.1717342 1.1652806 1.1372135 1.1760785 1.2073706 1.1518805 1.1295877 1.1453379 1.2221778 1.4816005 1.2210062 1.1954845 1.2107051 1.1831874 1.0747177 1.1144478 1.1151579 1.0483037 0.9954087 1.1117036 0.9512454 0.9427484 0.9133488 0.8566927 1.0481182 0.8365938 0.8482096 0.8452691 0.9226573 2.2727036 2.3242423 2.3495257 3.0832341 
C.ZA.02.02ZAPS015MB1.DQ369995          0.8916392 0.9959826 0.8875698 0.9807921 1.0768752 1.0737351 1.1363036 0.7797821 0.7745120 0.7942730 0.7922209 0.7569103 0.7787214 0.6690495 0.6814079 0.4440944 0.5020232 0.4055787 0.4016714 0.4245823 0.4050616 0.3148512 0.0000000 0.4952788 0.5475192 0.5235791 0.3740355 0.4582949 0.4597299 0.4281956 0.4337267 0.7726948 0.9157778 0.9102781 0.9503408 1.1357203 0.9256897 0.9387280 1.0148588 0.9041173 0.9565529 1.0641052 1.1367256 0.8663323 0.8198369 0.7755080 0.8226586 1.1850898 1.2065075 1.2360518 1.2701564 1.2359596 1.2531861 1.2435112 1.1836714 1.2416694 1.2260992 1.2033552 1.2015209 1.2400242 1.1774922 1.1007798 1.2341956 1.2962018 1.2476634 1.2253234 1.2533542 1.2246390 1.2358215 1.1880444 1.2409837 1.2633338 1.1986929 1.1912991 1.1927657 1.2797650 1.5626618 1.2888694 1.2332393 1.2727585 1.2513303 1.1549787 1.1603248 1.1777070 1.0992732 1.0587622 1.1632676 1.0441568 1.0189792 0.9587268 0.9286933 1.1074136 0.9083395 0.9326963 0.9095852 0.9832801 2.3291064 2.4157349 2.4289230 3.1325076 
C.GB.14.13659_1_48.3.MF109437          0.9208215 1.0244169 0.9695731 1.0482402 1.1049073 1.1505873 1.1799582 0.8339796 0.8342906 0.8406782 0.8606815 0.8237950 0.8153725 0.7194501 0.7260630 0.4891681 0.5620930 0.4732444 0.4584657 0.4829775 0.4658033 0.4296056 0.4952788 0.0000000 0.5484111 0.5126447 0.4262599 0.5132019 0.5052637 0.4641018 0.4753619 0.8301577 0.9528222 0.9351915 1.0069103 1.1446115 0.9830378 0.9749170 1.0796445 0.9649628 0.9797873 1.0827151 1.1852918 0.8809657 0.8921854 0.8237520 0.9033022 1.2072574 1.2748989 1.3179636 1.3086757 1.2696802 1.3098182 1.2795820 1.2317225 1.3234885 1.2488908 1.2628300 1.2293452 1.2981640 1.2378941 1.1691387 1.2434572 1.3461396 1.2787943 1.2565941 1.3010257 1.2441602 1.2425586 1.2615444 1.3061429 1.2867798 1.2427836 1.2114776 1.2272148 1.2566967 1.5805403 1.3075574 1.2673543 1.3419893 1.2647014 1.1814601 1.1845562 1.2054799 1.1537153 1.1247208 1.1863622 1.0689105 1.1085491 1.0080581 1.0029400 1.1923858 1.0025492 0.9720711 0.9488689 1.0621382 2.4071377 2.4795503 2.5335790 3.0500611 
BC.CN.07.07CNYN340.KF835526            0.9783405 1.0611540 0.9933142 1.0830300 1.0874634 1.1776104 1.1991625 0.8560371 0.8604178 0.8799516 0.8921676 0.8576065 0.8669244 0.8046369 0.8059211 0.5471123 0.6038166 0.5353757 0.5344920 0.5363601 0.5313058 0.4786748 0.5475192 0.5484111 0.0000000 0.4093521 0.4864978 0.5825487 0.5514515 0.5230939 0.5249546 0.8926697 1.0142095 1.0177278 1.0801349 1.2300418 1.0558019 1.0440890 1.1175195 1.0042485 1.0690210 1.1589346 1.2151494 0.9580347 0.9294868 0.8724077 0.9439928 1.2716542 1.3316551 1.3416155 1.4202488 1.3633922 1.3875312 1.3726516 1.2871929 1.3319248 1.3064520 1.3270788 1.3124358 1.3521341 1.3113357 1.2486118 1.3004327 1.3836561 1.4011233 1.3325524 1.3676153 1.3095060 1.3198450 1.3556771 1.3596682 1.3059694 1.3044456 1.2929558 1.3008333 1.3727817 1.6601528 1.3990062 1.3276547 1.3950521 1.3434110 1.2315836 1.2525732 1.3016946 1.2073323 1.1859675 1.2632949 1.1134402 1.1202293 1.0448247 1.0347002 1.2139942 1.0155998 1.0150373 0.9939919 1.0861410 2.4813701 2.5450327 2.4804639 3.2186855 
85_BC.CN.14.14CN_SCYB4.KU992932        0.9857995 1.0655774 0.9871429 1.0487349 1.1170653 1.1573420 1.1812197 0.8577991 0.8460441 0.8940870 0.8956808 0.8306331 0.8406168 0.7718787 0.7628554 0.5318202 0.5936756 0.5086467 0.5006138 0.5275361 0.5011932 0.4711297 0.5235791 0.5126447 0.4093521 0.0000000 0.4582650 0.5567009 0.5467584 0.4944678 0.5146965 0.8845256 0.9952861 1.0056617 1.0438519 1.2014269 1.0147679 1.0497387 1.1015372 0.9965580 1.0381284 1.1013634 1.1973714 0.9352362 0.8951112 0.8558986 0.9155467 1.2329230 1.2877874 1.3116751 1.3317193 1.3048627 1.3182682 1.2797941 1.2708278 1.2937814 1.2531319 1.2588532 1.2649529 1.2896667 1.2917684 1.2036742 1.2884325 1.3798429 1.3114231 1.2610815 1.3122238 1.2857802 1.2859765 1.2780418 1.3265130 1.3337122 1.2718376 1.2502493 1.2608242 1.3520435 1.6361548 1.3454483 1.2854996 1.3555699 1.2928200 1.1871609 1.2437388 1.2857428 1.1723273 1.1494888 1.2352039 1.0733042 1.1423701 1.0646385 1.0178576 1.2100046 1.0260442 1.0127472 1.0157878 1.0750359 2.4786727 2.5446185 2.5727072 3.1580579 
C.BW.00.00BW076820.AF443089            0.8165394 0.8933933 0.8328537 0.9125514 0.9611854 1.0021597 1.0468383 0.6919503 0.6924526 0.7004472 0.7106658 0.6808609 0.6878705 0.5896324 0.5838295 0.3859267 0.4413125 0.3557466 0.3478741 0.3729083 0.3541949 0.3120779 0.3740355 0.4262599 0.4864978 0.4582650 0.0000000 0.3990274 0.3818722 0.3466902 0.3538332 0.6921738 0.8332181 0.8167724 0.8392757 1.0282757 0.8609671 0.8550334 0.9352462 0.8471878 0.8606544 0.9692665 1.0455085 0.7738096 0.7278909 0.6792397 0.7540164 1.0980684 1.1817582 1.1779943 1.1848406 1.1532464 1.2258695 1.1654029 1.1183853 1.1800064 1.1141969 1.1347748 1.1393030 1.1593428 1.1194673 1.0612941 1.1311716 1.2061203 1.1611066 1.1166768 1.1612407 1.1401823 1.1360095 1.1408592 1.1657866 1.1543649 1.1116672 1.0884280 1.0984225 1.1968022 1.4598769 1.2170456 1.1324483 1.1671085 1.1572627 1.0249841 1.0712113 1.0807610 1.0202841 0.9865056 1.0595679 0.9000298 0.9466315 0.8766823 0.8422324 1.0263902 0.8272179 0.8238889 0.8308032 0.8991235 2.2695324 2.3435006 2.3050054 3.0232959 
C.ZA.04.04ZASK170B1.DQ093595           0.8633833 0.9568864 0.8858203 0.9741043 1.0167139 1.0706372 1.0879594 0.7503820 0.7527372 0.7717820 0.7833571 0.7581344 0.7585106 0.6600993 0.6780503 0.4317204 0.5011098 0.4369783 0.4601091 0.4746200 0.4473762 0.4123416 0.4582949 0.5132019 0.5825487 0.5567009 0.3990274 0.0000000 0.3586240 0.3206203 0.3688119 0.7611989 0.8864956 0.8822701 0.9191352 1.0784097 0.9054023 0.9045229 1.0004818 0.9085020 0.9488365 1.0365588 1.1148473 0.8365248 0.8145295 0.7591964 0.8368543 1.1666426 1.2514994 1.2612430 1.2858299 1.2272807 1.2721042 1.2423873 1.1734873 1.2346192 1.1870192 1.2148330 1.2098443 1.2557068 1.1816275 1.1081300 1.2297446 1.3072517 1.2262798 1.1998476 1.2592745 1.2139064 1.2237599 1.2456426 1.2342146 1.2409601 1.1878509 1.1749481 1.2029197 1.2620264 1.4971801 1.2907471 1.2085055 1.2410631 1.2520955 1.1110633 1.1196158 1.1493366 1.1166822 1.0435248 1.1623101 0.9855741 1.0016118 0.9660233 0.9033356 1.1044617 0.9092119 0.9050262 0.9022985 0.9727834 2.2896424 2.3814554 2.4125859 3.1023270 
C.TZ.02.CO6721.AY734560                0.8682291 0.9285942 0.8977562 0.9679990 1.0143341 1.0913251 1.1091185 0.7358006 0.7234837 0.7251879 0.7696191 0.7398870 0.7237451 0.6390301 0.6150298 0.4191705 0.4824177 0.4245829 0.4368921 0.4490323 0.4333570 0.4008083 0.4597299 0.5052637 0.5514515 0.5467584 0.3818722 0.3586240 0.0000000 0.2456133 0.3611289 0.7463310 0.9077392 0.8847865 0.9453820 1.1044516 0.9374569 0.9074504 0.9827814 0.8986552 0.9293101 1.0130474 1.1282746 0.8529743 0.7878667 0.7542911 0.8197238 1.1425689 1.2295262 1.2676041 1.2317509 1.2289879 1.2618950 1.2360676 1.1759524 1.2289122 1.1712687 1.2033868 1.2049116 1.2314142 1.1672036 1.1111048 1.2174583 1.2706803 1.2291524 1.1741927 1.2126418 1.2167291 1.2002400 1.1955114 1.2167830 1.2226235 1.1889437 1.1435320 1.1555008 1.2533785 1.5126052 1.2417814 1.1880013 1.2112576 1.2125860 1.0895101 1.1402264 1.1404301 1.0943116 1.0367649 1.1608395 0.9578757 0.9935407 0.9087647 0.8665939 1.0429225 0.8908679 0.8668196 0.8723729 0.9813611 2.2882019 2.3660697 2.3543175 3.0281767 
C.TZ.01.BD39_8.AY253313                0.8262617 0.8831953 0.8326848 0.9233129 0.9637190 1.0054434 1.0595355 0.6893329 0.6978358 0.7013038 0.7031623 0.6767017 0.6917726 0.6077471 0.5935181 0.3752464 0.4422823 0.3925456 0.4012979 0.4097088 0.3993143 0.3608370 0.4281956 0.4641018 0.5230939 0.4944678 0.3466902 0.3206203 0.2456133 0.0000000 0.3179978 0.7004675 0.8557496 0.8315928 0.8832750 1.0402011 0.8759767 0.8768600 0.9512463 0.8484828 0.8977309 0.9640985 1.0555599 0.7704840 0.7523840 0.7109081 0.7501537 1.1268169 1.1720834 1.1819947 1.2282153 1.1857406 1.2095931 1.2035577 1.1000960 1.1939211 1.1202276 1.1593455 1.1447587 1.1815961 1.1416688 1.0461591 1.1419156 1.2309012 1.2202353 1.1134509 1.1932401 1.1441555 1.1376459 1.1736948 1.1832347 1.1927399 1.1511775 1.1163312 1.1101381 1.1930672 1.4888859 1.2088932 1.1721647 1.1804572 1.1916235 1.0552682 1.0859775 1.1024103 1.0261814 1.0104647 1.0854376 0.9332648 0.9524648 0.8898000 0.8473781 1.0067936 0.8518827 0.8574963 0.8314711 0.9177220 2.2008723 2.3040455 2.3258300 3.0755091 
C.ZA.03.03ZAPS067MB2.DQ396389          0.8316814 0.9104371 0.8419821 0.9451590 0.9690057 1.0364449 1.0809904 0.7104731 0.7001430 0.7290292 0.7277926 0.6979999 0.7002058 0.6258811 0.6092927 0.3847349 0.4565828 0.3999256 0.4059603 0.4233777 0.4116110 0.3764864 0.4337267 0.4753619 0.5249546 0.5146965 0.3538332 0.3688119 0.3611289 0.3179978 0.0000000 0.7206110 0.8491816 0.8475925 0.8944613 1.0583141 0.8869115 0.8771059 0.9617966 0.8792924 0.9002704 1.0188787 1.0706337 0.7883470 0.7672340 0.6982570 0.7921610 1.1229724 1.1702161 1.2046994 1.2022025 1.2151624 1.2337415 1.1807328 1.1141801 1.1854621 1.1266475 1.1887902 1.1473420 1.1817349 1.1452850 1.0709201 1.1692135 1.2351549 1.2014514 1.1302278 1.1867569 1.1572977 1.1488785 1.1797958 1.1909060 1.1858673 1.1327055 1.1089109 1.1374808 1.2101569 1.5109859 1.2473349 1.1932882 1.2052102 1.1791868 1.0731061 1.0777403 1.0851611 1.0541113 0.9870282 1.0944179 0.9574944 0.9702879 0.9183851 0.8629721 1.0337807 0.8652820 0.8483439 0.8540435 0.9117713 2.2372083 2.3115890 2.3205749 2.9505020 
A1D.UG.99.99UGJ21953.AF484496          0.5803282 0.6382191 0.5903959 0.6703421 0.7223774 0.7746249 0.8284831 0.4776192 0.4674354 0.4881844 0.4921838 0.4372322 0.4447432 0.5126687 0.7517302 0.7346162 0.8077170 0.7505521 0.7612672 0.7807508 0.7596178 0.7402847 0.7726948 0.8301577 0.8926697 0.8845256 0.6921738 0.7611989 0.7463310 0.7004675 0.7206110 0.0000000 0.5809227 0.5931862 0.6373956 0.7982152 0.6159432 0.6250169 0.7167514 0.6217446 0.6302618 0.7548054 0.8131488 0.5287973 0.5011634 0.4862799 0.5208890 0.8958069 0.9302664 0.9578384 0.9562143 0.9604647 0.9892916 0.9570140 0.8870142 0.9476797 0.9107072 0.9183377 0.9313595 0.9320948 0.8964706 0.8367458 0.9347272 0.9895218 0.9462848 0.9173538 0.9341996 0.9221563 0.9141138 0.9039697 0.9294696 0.9166638 0.8731499 0.8634110 0.8753966 0.9574174 1.2130339 0.9732905 0.9139358 0.9608019 0.9194600 0.8334597 0.8413260 0.8351189 0.7948663 0.7559124 0.8707839 0.7265673 0.7152191 0.6434575 0.6227523 0.8030894 0.6025301 0.5935285 0.5996459 0.6694753 1.9920859 2.0152041 2.0771210 2.8046008 
01_AE.CN.02.YN0236.JX112866            0.6178714 0.6635389 0.6368323 0.7219766 0.7883506 0.8114709 0.8646202 0.5663700 0.5602418 0.5730841 0.5816939 0.5315410 0.5355945 0.6196901 0.8651869 0.8401057 0.9035655 0.8817773 0.8968410 0.9277381 0.8674858 0.8605028 0.9157778 0.9528222 1.0142095 0.9952861 0.8332181 0.8864956 0.9077392 0.8557496 0.8491816 0.5809227 0.0000000 0.1536566 0.2063897 0.3682322 0.2027036 0.2108119 0.2879686 0.2078801 0.2403741 0.4732869 0.5229137 0.4292373 0.5354029 0.5113395 0.5709525 0.9261466 0.9439484 0.9987410 0.9940390 0.9744038 1.0059122 0.9966222 0.9093045 0.9547598 0.9358008 0.9414996 0.9500839 0.9455286 0.9289142 0.8662106 0.9492387 0.9940161 0.9844362 0.9257214 0.9877184 0.9632025 0.9625708 0.9456988 0.9694552 0.9555861 0.9260448 0.9010719 0.9124025 0.9964208 1.2002982 1.0111348 0.9812576 0.9840808 0.9685130 0.8901993 0.8720993 0.8832745 0.8064322 0.8032365 0.8987102 0.7414226 0.7619059 0.6774029 0.6421168 0.8465106 0.6408884 0.6246893 0.6438676 0.7193650 2.0214907 2.0390941 2.0137270 2.7926329 
01_AE.TH.99.99TH_C4460.AY945726        0.6234012 0.6774150 0.6395060 0.7229834 0.7899982 0.8161842 0.8707386 0.5772491 0.5579011 0.5794124 0.5784989 0.5464849 0.5351157 0.6091233 0.8638788 0.8276508 0.8892448 0.8780042 0.8965088 0.9223361 0.8560494 0.8627666 0.9102781 0.9351915 1.0177278 1.0056617 0.8167724 0.8822701 0.8847865 0.8315928 0.8475925 0.5931862 0.1536566 0.0000000 0.2094133 0.3745705 0.2061617 0.2196469 0.2916908 0.2138808 0.2420805 0.4786038 0.5362914 0.4349529 0.5356660 0.5132281 0.5857120 0.9290205 0.9574434 0.9962108 1.0051559 0.9881919 1.0261737 1.0033103 0.9312165 0.9626038 0.9452668 0.9660825 0.9529048 0.9716551 0.9320687 0.8552457 0.9655535 0.9999006 0.9914069 0.9410993 1.0020906 0.9602489 0.9666393 0.9242668 0.9669854 0.9607608 0.9087988 0.9017735 0.9068707 1.0112777 1.2002590 1.0071837 0.9791799 1.0016996 0.9823605 0.8807281 0.8934981 0.9068286 0.8234850 0.8098120 0.9214618 0.7482714 0.7522609 0.6862876 0.6426010 0.8477695 0.6425544 0.6309624 0.6606653 0.7163944 2.0414374 2.0684136 2.0798057 2.8011201 
01_AE.CN.07.GX070143.JX112835          0.6715364 0.7122434 0.6841918 0.7711758 0.8215222 0.8640418 0.8914649 0.5996141 0.5923421 0.6001957 0.6246638 0.5814808 0.5799005 0.6529203 0.9180008 0.8879971 0.9416333 0.9257523 0.9164989 0.9419807 0.8977100 0.8763280 0.9503408 1.0069103 1.0801349 1.0438519 0.8392757 0.9191352 0.9453820 0.8832750 0.8944613 0.6373956 0.2063897 0.2094133 0.0000000 0.4236839 0.2476264 0.2613334 0.3408358 0.2566645 0.2889377 0.5230226 0.5789082 0.4724520 0.5611788 0.5507095 0.6019500 0.9960346 1.0138405 1.0323834 1.0477556 1.0233722 1.0693408 1.0263768 0.9791989 1.0033394 0.9667000 1.0044001 1.0065138 0.9996519 0.9780381 0.9217926 0.9973650 1.0419548 1.0096550 0.9939018 1.0256234 1.0092214 0.9967016 0.9884568 1.0290969 0.9890729 0.9568889 0.9546857 0.9373776 1.0395580 1.2718144 1.0370817 1.0196605 1.0491998 1.0250640 0.9263919 0.9402543 0.9355204 0.8494067 0.8483459 0.9534269 0.7919757 0.7898920 0.7290890 0.6678778 0.8816401 0.6667303 0.6645054 0.6839505 0.7453693 2.0695896 2.0915848 2.0965469 2.8772378 
69_01B.JP.05.05JPMYC113SP420.LC027100  0.8408451 0.8692500 0.8599107 0.9395340 1.0128194 1.0249450 1.0565440 0.7864918 0.7733581 0.7942039 0.7974946 0.7574482 0.7732482 0.8485315 1.0773408 1.0575704 1.1349952 1.1074910 1.0975732 1.1299523 1.0664183 1.0669330 1.1357203 1.1446115 1.2300418 1.2014269 1.0282757 1.0784097 1.1044516 1.0402011 1.0583141 0.7982152 0.3682322 0.3745705 0.4236839 0.0000000 0.4021371 0.4188740 0.5002598 0.4080219 0.4392893 0.6790630 0.7267354 0.6365405 0.7607734 0.7142740 0.7888375 1.1315836 1.1494606 1.1683359 1.2091947 1.1899702 1.2342405 1.2130586 1.1405287 1.1572487 1.1586826 1.1465831 1.1572127 1.1193846 1.1486242 1.0487192 1.1370337 1.1988187 1.1634763 1.1300280 1.2131476 1.1492571 1.1565528 1.1592245 1.1675563 1.1454065 1.0775365 1.0753085 1.1078295 1.2106473 1.4176071 1.1862672 1.1383796 1.1982915 1.1537943 1.0780026 1.0653637 1.0645658 0.9961290 1.0319560 1.1208893 0.9497717 0.9484236 0.9063789 0.8481153 1.0342011 0.8480916 0.8310279 0.8393986 0.9308928 2.3084359 2.3541763 2.2462427 2.9597860 
01_AE.TH.07.AA030a04.JX447057          0.6471998 0.6932811 0.6800971 0.7558665 0.8397517 0.8478764 0.9006539 0.6046994 0.5729703 0.6072778 0.6097253 0.5693197 0.5589663 0.6490850 0.9057715 0.8879184 0.9504912 0.9148666 0.9290314 0.9515054 0.8942377 0.8873491 0.9256897 0.9830378 1.0558019 1.0147679 0.8609671 0.9054023 0.9374569 0.8759767 0.8869115 0.6159432 0.2027036 0.2061617 0.2476264 0.4021371 0.0000000 0.2361806 0.3192853 0.2405842 0.2695313 0.5201478 0.5515106 0.4568028 0.5593665 0.5447739 0.5974161 0.9687100 0.9972562 1.0185154 1.0295563 1.0150535 1.0374983 1.0415223 0.9642794 0.9936057 0.9892778 0.9871119 0.9917810 0.9874100 0.9812347 0.9037758 0.9983732 1.0420281 0.9964396 0.9619286 1.0192152 0.9816090 0.9876776 0.9794356 1.0157700 1.0075394 0.9422109 0.9395141 0.9581062 1.0401034 1.2475194 1.0335902 1.0169767 1.0714023 0.9898945 0.9228015 0.9097821 0.9260119 0.8464148 0.8496530 0.9573891 0.7925345 0.7763551 0.7254903 0.6794012 0.8818780 0.6458618 0.6493040 0.6735822 0.7520896 2.0758921 2.1047573 2.0968976 2.8030368 
01_AE.CN.07.07CNYN326.KF835513         0.6543421 0.7045986 0.6858239 0.7543594 0.8103090 0.8562374 0.8852913 0.6081376 0.5848192 0.6066641 0.6230004 0.5727916 0.5798306 0.6486060 0.8964079 0.8831059 0.9415769 0.9054828 0.9162699 0.9487532 0.9018778 0.8897931 0.9387280 0.9749170 1.0440890 1.0497387 0.8550334 0.9045229 0.9074504 0.8768600 0.8771059 0.6250169 0.2108119 0.2196469 0.2613334 0.4188740 0.2361806 0.0000000 0.3301570 0.2508706 0.2834900 0.5112704 0.5684169 0.4728266 0.5631306 0.5433478 0.6015788 0.9737471 0.9814287 1.0179627 1.0394423 0.9884313 1.0659790 1.0141687 0.9438420 0.9928167 0.9634943 0.9692584 0.9871753 0.9864744 0.9669865 0.8913316 1.0018479 1.0372542 1.0217087 0.9600285 1.0263573 0.9965869 0.9971046 0.9694174 1.0157645 0.9791627 0.9392006 0.9297811 0.9431508 1.0245066 1.2484965 1.0625874 1.0013281 1.0402920 1.0033859 0.9007631 0.9222833 0.9029807 0.8473565 0.8378891 0.9382321 0.7742317 0.7724432 0.7152960 0.6686072 0.8572288 0.6636795 0.6521400 0.6746047 0.7439313 2.1307366 2.1256377 2.0876085 2.8738294 
