100
F1.BR.10.DEMF110BR015.KU749395         0.0000000 1.1749380 1.2571213 1.2981948 1.1738253 1.2585117 1.1010341 1.1164302 1.1307074 1.1597294 1.0998726 1.1452317 1.1661444 1.1618763 1.1417523 1.1274074 1.1275674 1.1626222 1.1690880 0.9759931 0.8902320 0.9024098 0.9227849 0.8926364 0.9425547 0.9252793 0.9389941 0.9233413 0.9253637 0.9101723 0.9139737 0.8465666 0.9624201 0.8773242 0.9569922 0.8724854 0.8826929 0.9253243 0.9040361 0.9187657 0.8514774 0.8379802 0.8332600 0.9119253 0.9208166 0.8789630 0.8847022 0.8824349 0.8634897 0.8977708 0.8691459 0.9000735 0.8897990 0.8230008 0.7480534 0.8465171 0.8111956 0.7664557 1.0045124 0.9796289 0.9487796 0.8683880 0.9515188 0.9050471 1.0584663 1.1112425 0.7958858 0.8148081 0.7968133 0.8472978 0.8699077 0.7547479 0.7947562 0.7889071 0.7818693 0.8763866 0.7458469 0.8701255 0.8328965 0.7957253 0.8376859 0.8406236 0.8909506 0.8310371 0.8194355 0.8285947 0.8550772 1.1286598 1.0612161 0.9440504 0.9515577 0.9444552 0.9636526 0.9797012 0.9234165 0.9243049 2.7264042 2.1596870 2.2221153 2.3349080 
A1C.IN.15.SC017.KY713232               1.1749380 0.0000000 0.7799376 0.8016538 0.7121749 0.7401795 0.6481819 0.6349391 0.6751788 0.6587838 0.6060161 0.6845368 0.6762704 0.7136351 0.6688185 0.6415103 0.6442750 0.7046597 1.4505472 1.2612536 1.1632511 1.1707447 1.1724407 1.1613364 1.2215102 1.1931147 1.2324878 1.1521641 1.2086617 1.2086415 1.1531341 1.1337193 1.2156427 1.1314379 1.2404362 1.1706859 1.1687384 1.2225262 1.1859298 1.1848923 1.1531330 1.1342638 1.1284696 1.1353903 1.1852316 1.1579893 1.1265334 1.1653005 1.1496866 1.1444157 1.1241462 1.1535232 1.1349315 1.0886179 1.0310000 1.1215943 1.0909407 1.0268593 1.0956190 1.0671924 1.0744882 0.9842657 1.0127978 0.9882062 0.9905537 1.1040538 0.8752374 0.9388823 0.9296706 0.9157901 0.9517756 0.8704110 0.9005128 0.8748216 0.8750230 0.6525345 0.7850619 0.7480222 0.7777193 0.7515419 0.7608810 0.7313377 0.7895115 0.7447528 0.7401419 0.7622286 0.8419199 1.0784053 0.9988096 0.9192848 0.9100439 0.9070843 0.9071125 0.9177868 0.8891879 0.8856345 3.1163199 2.2528625 2.3420859 2.3483488 
85_BC.CN.14.14CN_SCYB4.KU992932        1.2571213 0.7799376 0.0000000 0.4257046 0.6158837 0.5282422 0.5320192 0.5290274 0.5442085 0.5528922 0.4987350 0.5097626 0.5183307 0.5220031 0.4918919 0.4607446 0.4727707 0.5279030 1.5629710 1.3874038 1.2865272 1.3142951 1.2812742 1.2819783 1.3345441 1.2940567 1.3182374 1.2722774 1.2992730 1.2930229 1.2920208 1.2407087 1.3329252 1.2703404 1.3404833 1.2605706 1.2578426 1.3474860 1.3063287 1.3840978 1.2605649 1.2061491 1.2179919 1.2786899 1.3007074 1.2572734 1.2793152 1.3002831 1.2580066 1.2736618 1.2472840 1.2961437 1.2641595 1.2247177 1.1433383 1.2208056 1.2089543 1.0939946 1.2334384 1.1785493 1.1644871 1.0659993 1.1613122 1.0933244 1.1788572 1.2527381 0.9691667 1.0385523 1.0385936 1.0280403 1.0720430 0.9743471 0.9983025 0.9570512 1.0053430 0.7821341 0.9311828 0.8489965 0.9169165 0.8698749 0.8867765 0.8517763 0.9030281 0.8670818 0.8544748 0.8875926 0.9270212 1.2359895 1.1435073 1.1038395 1.0612008 1.0789350 1.0628099 1.0729832 1.0433764 1.0159620 3.1295273 2.3699212 2.2951329 2.4789841 
BC.CN.07.07CNYN340.KF835526            1.2981948 0.8016538 0.4257046 0.0000000 0.6181633 0.5598932 0.5432721 0.5347648 0.5534664 0.5486923 0.5039973 0.5089191 0.5292264 0.5291103 0.5070550 0.4732699 0.4725684 0.5245922 1.5133994 1.4006911 1.3283237 1.3047978 1.3283383 1.3141586 1.3720672 1.3283034 1.3530797 1.3328631 1.3233860 1.3003308 1.3290960 1.2710181 1.3233247 1.3234224 1.3782469 1.3031005 1.2946572 1.3701182 1.3087190 1.3538998 1.2774328 1.2592216 1.2575620 1.3083618 1.3389110 1.3193699 1.2898607 1.2873923 1.3094082 1.3234147 1.3008969 1.2801388 1.2754360 1.2593793 1.1653030 1.2606086 1.2467752 1.1347747 1.2093227 1.2301957 1.2258338 1.1195809 1.1884527 1.1518358 1.1540640 1.2671901 0.9925597 1.0523631 1.0487173 1.0523148 1.0698905 0.9971455 1.0172649 1.0162777 1.0246606 0.7845423 0.9478587 0.8729890 0.9409425 0.8762712 0.9311221 0.8761706 0.9095067 0.8756101 0.8844646 0.8995924 0.9523312 1.2345755 1.1327887 1.1116186 1.0940740 1.0616480 1.0830936 1.0879709 1.0507782 1.0336134 2.9886574 2.3702018 2.4421638 2.5484088 
C.SE.09.035ZA.MF373148                 1.1738253 0.7121749 0.6158837 0.6181633 0.0000000 0.5736782 0.4369713 0.4727240 0.4919453 0.5059684 0.4509847 0.5015797 0.5107505 0.5411016 0.4925921 0.4635641 0.4527587 0.5138886 1.4390368 1.3286677 1.2128719 1.2174561 1.2064709 1.2159253 1.2517218 1.2588048 1.2452036 1.2646370 1.2390474 1.2279777 1.1963368 1.1539414 1.2637358 1.1863741 1.2707831 1.2253492 1.1864256 1.2770861 1.2175631 1.2326791 1.1744070 1.1567588 1.1510902 1.2289444 1.2490684 1.2091173 1.2036605 1.2044045 1.2039821 1.2411523 1.1912003 1.1963094 1.1887491 1.1563528 1.0490558 1.1930743 1.1579824 1.0417483 1.1152669 1.1577049 1.1050534 1.0418834 1.0996729 1.0298878 1.0732492 1.2161927 0.8978940 0.9689519 0.9512933 0.9699634 1.0012522 0.9015012 0.9306846 0.9062004 0.9088310 0.6996441 0.8510415 0.8087138 0.8253356 0.7883792 0.8197168 0.7601677 0.8393222 0.7976374 0.7856390 0.7944369 0.8656854 1.1613061 1.0472031 0.9829939 0.9453273 0.9489043 0.9625352 0.9640073 0.9271614 0.9205234 3.0714523 2.2680972 2.3520989 2.4037910 
C.GB.14.13659_1_48.3.MF109437          1.2585117 0.7401795 0.5282422 0.5598932 0.5736782 0.0000000 0.4894396 0.4830928 0.4950969 0.5059073 0.4545991 0.4623218 0.4802090 0.4965876 0.4635766 0.4135603 0.4213689 0.4808326 1.5220307 1.3384782 1.2278722 1.2330392 1.2144001 1.1850459 1.2978056 1.2817936 1.2749816 1.2340614 1.2194962 1.2581612 1.2254907 1.1656200 1.2882871 1.2302023 1.3196944 1.2038264 1.1980352 1.2687152 1.2477890 1.2684472 1.1643635 1.1659186 1.1392635 1.2455697 1.2415717 1.2173630 1.2350799 1.2174151 1.2247021 1.2161937 1.2056941 1.2150303 1.2152900 1.1522040 1.0929191 1.1575098 1.1812612 1.0640808 1.2166989 1.1561326 1.1678405 1.0527049 1.1001303 1.0622113 1.1326059 1.2117027 0.9552149 1.0086556 0.9773396 0.9866490 1.0212039 0.9403181 0.9580581 0.9418234 0.9488853 0.7336291 0.8851441 0.8421707 0.8986524 0.8248056 0.8805678 0.8360457 0.8990463 0.8260997 0.8413086 0.8776977 0.9126504 1.1593143 1.0806199 1.0335223 1.0203809 1.0016870 1.0170317 1.0159513 0.9674649 0.9824160 3.1382463 2.3283107 2.3490800 2.4108709 
C.IL.99.99ET14.AY255825                1.1010341 0.6481819 0.5320192 0.5432721 0.4369713 0.4894396 0.0000000 0.4001941 0.4232882 0.4184556 0.3751262 0.4337236 0.4541945 0.4603483 0.4335745 0.3907924 0.3916440 0.4433602 1.4168072 1.2090553 1.1328782 1.1494379 1.1444783 1.1404739 1.2042121 1.1490031 1.1778195 1.1762091 1.1706650 1.1387414 1.1286139 1.1056053 1.1906763 1.1271043 1.2148465 1.1460754 1.0904523 1.2018362 1.1535945 1.1648096 1.0946315 1.0695267 1.0915743 1.1376042 1.1568349 1.1093126 1.1281927 1.1404991 1.1447318 1.1323957 1.1096687 1.1149675 1.1001573 1.0572121 1.0013786 1.0890674 1.0586029 0.9956491 1.0836957 1.0730006 1.0436468 0.9586618 1.0166686 0.9693651 0.9846420 1.0951746 0.8393972 0.8971072 0.8952300 0.9137104 0.9021905 0.8549173 0.8805544 0.8337475 0.8619028 0.6373099 0.7863379 0.7370265 0.7745959 0.7264058 0.7627370 0.7097273 0.7682135 0.7026239 0.7183275 0.7288213 0.7957778 1.0654331 0.9817562 0.9182372 0.8872917 0.8864123 0.8825445 0.9082107 0.8592063 0.8539381 2.8992336 2.1772261 2.2659892 2.3349658 
C.ZA.03.03ZAPS067MB2.DQ396389          1.1164302 0.6349391 0.5290274 0.5347648 0.4727240 0.4830928 0.4001941 0.0000000 0.3562531 0.3559084 0.3142751 0.4182324 0.4324624 0.4202669 0.4158958 0.3666468 0.3726405 0.4257054 1.4006686 1.2614630 1.1568914 1.1432963 1.1704561 1.1397022 1.1808042 1.1873983 1.1968934 1.1836751 1.1802220 1.1505034 1.1353464 1.0996416 1.1719611 1.1201545 1.2156766 1.1449025 1.1284613 1.2012993 1.1543996 1.1800371 1.1064894 1.1022320 1.0773059 1.1746817 1.1507878 1.1148548 1.1434399 1.1506019 1.1156981 1.1401597 1.1091927 1.1126254 1.0972421 1.0731229 0.9885130 1.0629358 1.0481873 0.9836455 1.0831566 1.0601468 1.0617633 0.9450566 1.0340053 0.9889993 1.0007065 1.0950458 0.8376125 0.9094591 0.8892658 0.8939164 0.9367181 0.8375408 0.8920617 0.8575052 0.8695725 0.6366832 0.7782092 0.7547021 0.7662682 0.7366165 0.7488377 0.7288894 0.7612044 0.7233972 0.7368812 0.7544269 0.7922281 1.0651030 0.9729299 0.9099057 0.9094117 0.9124230 0.8879414 0.9156771 0.8794977 0.8697646 3.0258693 2.2059908 2.2767032 2.4162475 
C.ZA.04.04ZASK170B1.DQ093595           1.1307074 0.6751788 0.5442085 0.5534664 0.4919453 0.4950969 0.4232882 0.3562531 0.0000000 0.3323655 0.3002027 0.4311649 0.4510380 0.4546564 0.4269329 0.3868164 0.3944218 0.4533385 1.4155051 1.2582340 1.1835989 1.1830494 1.1688387 1.1740625 1.2475915 1.2271562 1.1985122 1.1897653 1.1816908 1.1572951 1.1732820 1.0945592 1.2025624 1.1680819 1.2550712 1.1824072 1.1176332 1.2418636 1.1890856 1.2198493 1.1280210 1.0943770 1.1116023 1.1613134 1.1709250 1.1469360 1.1558143 1.1758276 1.1671587 1.1729747 1.1475309 1.1617055 1.1334213 1.1088713 1.0218917 1.0800808 1.0903892 1.0073585 1.1134785 1.0668424 1.0794008 0.9925516 1.0557812 1.0006856 1.0398795 1.1264802 0.8696675 0.9267840 0.9125841 0.9301534 0.9490684 0.8746898 0.8943351 0.8595829 0.8986865 0.6568549 0.8147588 0.7599000 0.7820701 0.7631667 0.7652148 0.7426893 0.7905442 0.7342140 0.7433159 0.7678747 0.8108711 1.0946749 1.0178770 0.9319851 0.9458208 0.9373426 0.9048569 0.9326528 0.9023593 0.9022395 2.9486963 2.2768411 2.3419276 2.4028184 
C.TZ.02.CO6721.AY734560                1.1597294 0.6587838 0.5528922 0.5486923 0.5059684 0.5059073 0.4184556 0.3559084 0.3323655 0.0000000 0.2404451 0.4251499 0.4444234 0.4558215 0.4242410 0.3865020 0.3941699 0.4445080 1.3911305 1.2754915 1.1910480 1.1949383 1.1765950 1.1701433 1.2468703 1.2010441 1.2170120 1.1936397 1.2028462 1.1765829 1.1687966 1.1107538 1.2056180 1.1762420 1.2484339 1.1647736 1.1630471 1.2078794 1.1990494 1.2061643 1.1237934 1.0969010 1.1019232 1.1681562 1.2060712 1.1508076 1.1414975 1.1713963 1.1650288 1.1834525 1.1338605 1.1499234 1.1219450 1.0999201 0.9887242 1.1009265 1.0564784 0.9921760 1.1118076 1.0843084 1.0617383 0.9968403 1.0391366 0.9791709 0.9896959 1.0995191 0.8537968 0.9092262 0.8868113 0.9153453 0.9324593 0.8498652 0.8899521 0.8585447 0.8850748 0.6529610 0.8106974 0.7498222 0.7888132 0.7460406 0.7641089 0.7263396 0.7825273 0.7188694 0.7515108 0.7724039 0.8169662 1.0928698 1.0196859 0.9449947 0.9290778 0.9121140 0.9135054 0.9338587 0.9013141 0.8922774 3.0535992 2.3283472 2.2542675 2.3560631 
C.TZ.01.BD39_8.AY253313                1.0998726 0.6060161 0.4987350 0.5039973 0.4509847 0.4545991 0.3751262 0.3142751 0.3002027 0.2404451 0.0000000 0.3825376 0.3957861 0.4140873 0.3860029 0.3447725 0.3503925 0.4039888 1.3980315 1.2289809 1.1497684 1.1474596 1.1397858 1.1344533 1.1934066 1.1576437 1.1889264 1.1500657 1.1342223 1.1579438 1.1244065 1.0646235 1.1822443 1.1276537 1.2007572 1.1356056 1.1265400 1.1835293 1.1396659 1.1619933 1.1138397 1.0691751 1.0762724 1.1498604 1.1468108 1.1111029 1.1149643 1.1275067 1.1330409 1.1297537 1.1187082 1.1029982 1.1092995 1.0655985 0.9784444 1.0796862 1.0355465 0.9559484 1.0495074 1.0361216 1.0247598 0.9519891 1.0182201 0.9667226 0.9812975 1.1017572 0.8341857 0.8936182 0.8683644 0.8905915 0.8965177 0.8187702 0.8765787 0.8244063 0.8529074 0.5999761 0.7752276 0.7140143 0.7462232 0.7086751 0.7211962 0.6979138 0.7276978 0.6869861 0.6919751 0.7250011 0.7818105 1.0466108 0.9383207 0.8935917 0.8912467 0.8869105 0.8659101 0.8876686 0.8527429 0.8507211 2.9897955 2.2740361 2.3108813 2.4005037 
C.BW.98.98BWMC14A3.AF443078            1.1452317 0.6845368 0.5097626 0.5089191 0.5015797 0.4623218 0.4337236 0.4182324 0.4311649 0.4251499 0.3825376 0.0000000 0.3911564 0.3932270 0.3682874 0.3621081 0.3378691 0.3966580 1.4058535 1.2177306 1.1741283 1.1631134 1.1644512 1.1441457 1.2197566 1.1881126 1.2015212 1.1506811 1.1716251 1.1769421 1.1573183 1.0949418 1.2226608 1.1388063 1.2109598 1.1358458 1.1355614 1.1900871 1.1496398 1.1777966 1.0957067 1.0789799 1.0975730 1.1572194 1.1698106 1.0993303 1.1314749 1.1226594 1.1234810 1.1156279 1.0857828 1.1019140 1.1267782 1.0805305 1.0405063 1.0925376 1.0835414 0.9867647 1.1050809 1.0750602 1.0765355 0.9951471 1.0347748 0.9615740 1.0433480 1.1411154 0.8652506 0.9273209 0.9135107 0.9129040 0.9553317 0.8683342 0.8814666 0.8563561 0.8655960 0.6549640 0.7979166 0.7568092 0.7831311 0.7563171 0.7756942 0.7328768 0.7824657 0.7232464 0.7553263 0.7580936 0.8067709 1.0962755 0.9946615 0.9322278 0.9222632 0.9160539 0.9073061 0.9212050 0.9001694 0.8802286 3.0173455 2.3108121 2.3095486 2.4033711 
C.ZA.03.03ZAPS130MB1.DQ275658          1.1661444 0.6762704 0.5183307 0.5292264 0.5107505 0.4802090 0.4541945 0.4324624 0.4510380 0.4444234 0.3957861 0.3911564 0.0000000 0.3052710 0.3381302 0.3684817 0.3525383 0.4146307 1.4573275 1.3033462 1.1915160 1.1994666 1.1804219 1.1935958 1.2361459 1.2178944 1.2216512 1.2295517 1.2034833 1.1933383 1.2198640 1.1505801 1.2754044 1.1907936 1.2476432 1.1986687 1.1849945 1.2537238 1.2017603 1.2250143 1.1401265 1.1012290 1.1415917 1.2083428 1.2056835 1.1629829 1.1947783 1.2011450 1.1734903 1.1766753 1.1580436 1.1497155 1.1781325 1.1162086 1.0586859 1.1435409 1.0989666 1.0003862 1.1590218 1.1330010 1.1098181 1.0246015 1.0629489 1.0149836 1.0719092 1.1587275 0.8857965 0.9406372 0.9175440 0.9298029 0.9787029 0.8876152 0.9190497 0.8944487 0.8923579 0.6796065 0.8039366 0.7719815 0.7914833 0.7540794 0.7679223 0.7524892 0.7919312 0.7535475 0.7485641 0.7758726 0.8166800 1.1289233 1.0215340 0.9460219 0.9522873 0.9426559 0.9126213 0.9514808 0.8981877 0.8807948 3.0062149 2.3115165 2.3464091 2.4518899 
C.ZA.97.97ZA012.AF286227               1.1618763 0.7136351 0.5220031 0.5291103 0.5411016 0.4965876 0.4603483 0.4202669 0.4546564 0.4558215 0.4140873 0.3932270 0.3052710 0.0000000 0.3493886 0.3853234 0.3701436 0.4254588 1.4394352 1.3214434 1.1896996 1.2121878 1.1939695 1.1711285 1.2334524 1.2155273 1.2632590 1.2141773 1.2434288 1.1929868 1.2019082 1.1386753 1.2269520 1.2070591 1.2530137 1.1872822 1.1484092 1.2523336 1.1793316 1.2227085 1.1438954 1.1167124 1.1376220 1.2236655 1.1992293 1.1788475 1.1796535 1.1861690 1.1727428 1.1690108 1.1546001 1.1531353 1.1789403 1.1161338 1.0655664 1.1494517 1.0989175 1.0068853 1.1587564 1.1447671 1.1159583 1.0338662 1.0921875 1.0162511 1.0696327 1.1463112 0.8825262 0.9690514 0.9432131 0.9322585 0.9815250 0.8813174 0.9407824 0.8848574 0.9185705 0.7008929 0.8389974 0.7729001 0.8309345 0.7900086 0.7801037 0.7654636 0.8112045 0.7779558 0.7693682 0.8042221 0.8627269 1.1305055 1.0452179 0.9788226 0.9686590 0.9614849 0.9563409 0.9751924 0.9318473 0.9116055 3.0344731 2.3005498 2.4014348 2.5000828 
C.ZA.04.04ZASK135B1.DQ011166           1.1417523 0.6688185 0.4918919 0.5070550 0.4925921 0.4635766 0.4335745 0.4158958 0.4269329 0.4242410 0.3860029 0.3682874 0.3381302 0.3493886 0.0000000 0.3556190 0.3367116 0.3990678 1.4144270 1.2891963 1.1582982 1.1722314 1.1647853 1.1592230 1.2250839 1.1845075 1.1903372 1.1592978 1.1937984 1.1727556 1.1522325 1.1377142 1.2285469 1.1562028 1.2363199 1.1625980 1.1327713 1.2336879 1.1746051 1.1958568 1.1315772 1.1021624 1.1047660 1.2082010 1.1863537 1.1535176 1.1836269 1.1543909 1.1466656 1.1596487 1.1356987 1.1543035 1.1427082 1.0964268 1.0507099 1.1111774 1.0651194 1.0101795 1.1514442 1.0901712 1.0735545 1.0042923 1.0686335 1.0074705 1.0187834 1.1303314 0.8637177 0.9461766 0.9128172 0.9226664 0.9664016 0.8765463 0.8829131 0.8642349 0.8861553 0.6637542 0.8008887 0.7445376 0.7985850 0.7565363 0.7530767 0.7267798 0.7990464 0.7506161 0.7510086 0.7664989 0.8183946 1.0861967 1.0213478 0.9506193 0.9402258 0.9324838 0.9216749 0.9299066 0.8914835 0.8987010 2.9971956 2.2905206 2.2886841 2.4295030 
C.BW.00.00BW076820.AF443089            1.1274074 0.6415103 0.4607446 0.4732699 0.4635641 0.4135603 0.3907924 0.3666468 0.3868164 0.3865020 0.3447725 0.3621081 0.3684817 0.3853234 0.3556190 0.0000000 0.3216788 0.3765659 1.3986161 1.2612428 1.1399283 1.1375027 1.1327771 1.1262914 1.1873588 1.1691181 1.1853675 1.1708087 1.1500616 1.1646826 1.1510745 1.0862425 1.1641770 1.1317053 1.2112739 1.1205177 1.1133921 1.1758775 1.1411977 1.1708892 1.0821848 1.0430525 1.0668254 1.1435890 1.1433647 1.1263676 1.1096559 1.1195797 1.1168011 1.1230080 1.0850637 1.0994376 1.1357961 1.0649907 0.9782181 1.0724497 1.0581193 0.9703962 1.0711009 1.0495463 1.0505864 0.9617277 1.0073407 0.9782345 0.9896121 1.0945265 0.8422291 0.9260412 0.8841042 0.9032387 0.9002961 0.8471172 0.8809813 0.8330855 0.8518816 0.6271703 0.7795294 0.7270149 0.7494747 0.7240499 0.7407449 0.7018460 0.7433580 0.7054791 0.7311466 0.7364128 0.7825783 1.0316940 0.9696213 0.8944260 0.8852105 0.8842246 0.8816883 0.8691059 0.8330305 0.8437679 2.9385151 2.2748711 2.2740834 2.4229534 
C.ZA.99.99ZALT4.EU293444               1.1275674 0.6442750 0.4727707 0.4725684 0.4527587 0.4213689 0.3916440 0.3726405 0.3944218 0.3941699 0.3503925 0.3378691 0.3525383 0.3701436 0.3367116 0.3216788 0.0000000 0.3049416 1.3822597 1.2746035 1.1345927 1.1428214 1.1580070 1.1479235 1.2090441 1.1769980 1.1830632 1.1802589 1.1539891 1.1608483 1.1518583 1.0890409 1.1882231 1.0935075 1.2110075 1.1615666 1.1155618 1.2000128 1.1450433 1.1760867 1.1130450 1.0649056 1.0754837 1.1569839 1.1541909 1.1304164 1.1295191 1.1361329 1.1261303 1.1273195 1.1059780 1.1376117 1.1328149 1.0850146 0.9952956 1.0876820 1.0488229 0.9576614 1.1037381 1.0576893 1.0410155 0.9614340 1.0325695 0.9608878 1.0236971 1.1015065 0.8357099 0.9026033 0.8724139 0.9006656 0.9044503 0.8418899 0.8626050 0.8375279 0.8449779 0.6366866 0.8031553 0.7404138 0.7721131 0.7089039 0.7414180 0.7328310 0.7695893 0.7261160 0.7126598 0.7550688 0.7933340 1.0805569 0.9994014 0.9049231 0.9106644 0.9132124 0.9039529 0.9341040 0.8848458 0.8748151 2.9666468 2.2148683 2.2599529 2.3731568 
C.ZA.02.02ZAPS015MB1.DQ369995          1.1626222 0.7046597 0.5279030 0.5245922 0.5138886 0.4808326 0.4433602 0.4257054 0.4533385 0.4445080 0.4039888 0.3966580 0.4146307 0.4254588 0.3990678 0.3765659 0.3049416 0.0000000 1.4391239 1.3180282 1.1950021 1.2100395 1.1945180 1.1841623 1.2567900 1.2381647 1.2430908 1.1984203 1.2290514 1.2084444 1.2276569 1.1447482 1.2369872 1.1664544 1.2546729 1.1951196 1.1381067 1.2622389 1.1961724 1.2158486 1.1345899 1.1258618 1.1424464 1.2239141 1.2097383 1.1739528 1.1903398 1.1759392 1.1721941 1.1684159 1.1607712 1.1572783 1.1969745 1.1013074 1.0394880 1.1164425 1.0991483 1.0178941 1.1525320 1.1014187 1.0981932 1.0121672 1.0781173 1.0099276 1.0936351 1.1817146 0.8856653 0.9615544 0.9171007 0.9394202 0.9691021 0.9100269 0.9176897 0.8947148 0.9160680 0.6820695 0.8377310 0.8027485 0.8118953 0.7689129 0.8065134 0.7676728 0.8256283 0.7854242 0.7765798 0.7863543 0.8473419 1.1184987 1.0460068 0.9766908 0.9644116 0.9641079 0.9623509 0.9875533 0.9158763 0.9413723 2.9911428 2.3040183 2.3138784 2.4102907 
BF1.BR.10.10BR_RJ029.KT427782          1.1690880 1.4505472 1.5629710 1.5133994 1.4390368 1.5220307 1.4168072 1.4006686 1.4155051 1.3911305 1.3980315 1.4058535 1.4573275 1.4394352 1.4144270 1.3986161 1.3822597 1.4391239 0.0000000 0.8016205 0.7030820 0.6981507 0.7166141 0.6880225 0.6728082 0.6718895 0.6702723 0.7175116 0.7345169 0.6306814 0.7172713 0.6928433 0.7517675 0.7079773 0.7576281 0.7042506 0.6075354 0.7474029 0.7303828 0.7478757 0.6242135 0.6196684 0.6379003 0.7221983 0.7188349 0.7233489 0.6983315 0.6898291 0.6925983 0.6980217 0.6813773 0.7036867 0.6818356 0.6284544 0.8587468 0.8950678 0.8519436 1.0493565 1.2649658 1.2835618 1.2756539 1.1795948 1.2038417 1.1839087 1.3373664 1.4198022 1.1118597 1.1731960 1.0948190 1.1093920 1.1340651 1.0790755 1.0873419 1.0599395 1.0859601 1.1407712 1.0466048 1.1557667 1.1226062 1.1024540 1.1484200 1.1095670 1.1508527 1.1246418 1.1156478 1.1474641 1.1252412 1.4054437 1.3167417 1.2627782 1.2392003 1.2131974 1.2256953 1.2275860 1.2210084 1.1907699 3.0544191 2.3687586 2.3951186 2.4726843 
51_01B.MY.11.11MYKL055.KJ485697        0.9759931 1.2612536 1.3874038 1.4006911 1.3286677 1.3384782 1.2090553 1.2614630 1.2582340 1.2754915 1.2289809 1.2177306 1.3033462 1.3214434 1.2891963 1.2612428 1.2746035 1.3180282 0.8016205 0.0000000 0.4928284 0.5145659 0.5216331 0.4994675 0.5675545 0.5382161 0.5421494 0.5112272 0.5179873 0.5469897 0.5091012 0.4961743 0.5304021 0.4996689 0.5184947 0.4859725 0.4892521 0.5093323 0.4905912 0.5057291 0.4740599 0.4571521 0.4418441 0.4811532 0.4767925 0.4674269 0.4538191 0.4556511 0.4644671 0.4690066 0.4478905 0.4772902 0.4463708 0.3995229 0.6694368 0.7081519 0.6707295 0.8412250 1.1341720 1.1069277 1.1028537 0.9963043 1.0609953 1.0247728 1.1450568 1.2704195 0.9010763 0.9700344 0.9503364 0.9414008 0.9587094 0.8987722 0.9122885 0.9148191 0.9393799 0.9911899 0.8662739 0.9734581 0.9472559 0.9004534 0.9568002 0.9407734 0.9699365 0.9203087 0.9347405 0.9522244 0.9510459 1.2066465 1.1304503 1.0713693 1.0642725 1.0435376 1.0348457 1.0630856 1.0135949 1.0340509 3.0200148 2.2892975 2.2896921 2.3413830 
B.DE.10.iso4_w10.KU612900              0.8902320 1.1632511 1.2865272 1.3283237 1.2128719 1.2278722 1.1328782 1.1568914 1.1835989 1.1910480 1.1497684 1.1741283 1.1915160 1.1896996 1.1582982 1.1399283 1.1345927 1.1950021 0.7030820 0.4928284 0.0000000 0.3651260 0.3774042 0.3507193 0.4972808 0.4527731 0.4795848 0.3997685 0.4368259 0.4616756 0.3983710 0.4225655 0.4649289 0.3947163 0.4704633 0.4089186 0.4224626 0.4581661 0.4264720 0.4506645 0.3844775 0.3821739 0.3823946 0.4290862 0.4155051 0.4132346 0.4050262 0.4004999 0.4009585 0.4058198 0.3835036 0.4190559 0.3940210 0.3532714 0.5944048 0.6360526 0.5805315 0.7865733 1.0888750 1.0522437 1.0182592 0.9293523 0.9485067 0.9299467 1.0771209 1.1689701 0.8209415 0.8687266 0.8320398 0.8690602 0.8794073 0.8008531 0.8308186 0.8295686 0.8335396 0.9258941 0.7924292 0.8947621 0.8486721 0.8349518 0.9158189 0.8288818 0.8864509 0.8565036 0.8489850 0.8846769 0.8753238 1.1329719 1.0527964 1.0164466 0.9736942 0.9714401 0.9762381 0.9687862 0.9458499 0.9456026 2.8492741 2.1667921 2.1944297 2.2990669 
B.CN.08.cbjc468.JF932498               0.9024098 1.1707447 1.3142951 1.3047978 1.2174561 1.2330392 1.1494379 1.1432963 1.1830494 1.1949383 1.1474596 1.1631134 1.1994666 1.2121878 1.1722314 1.1375027 1.1428214 1.2100395 0.6981507 0.5145659 0.3651260 0.0000000 0.1747320 0.1641509 0.4911881 0.4691924 0.4838198 0.4011996 0.4526262 0.4849241 0.4066590 0.4368499 0.4831963 0.3868879 0.4670481 0.4206149 0.4308887 0.4705494 0.4502296 0.4575240 0.3952737 0.4051951 0.3853656 0.4450613 0.4382317 0.4337799 0.4100643 0.4050897 0.4186270 0.4189326 0.4035850 0.4267565 0.4007374 0.3644243 0.5788623 0.6383391 0.6043138 0.7862847 1.0655015 1.0529994 1.0199169 0.9111928 0.9473540 0.9464237 1.0590871 1.1627673 0.8352178 0.8675756 0.8469427 0.8828654 0.9097971 0.8214339 0.8419400 0.8490920 0.8263563 0.9304370 0.7912145 0.9180129 0.8638795 0.8442063 0.8792324 0.8569341 0.9011723 0.8481216 0.8494737 0.8706322 0.8915275 1.1246445 1.0573022 0.9925069 0.9664467 0.9838707 0.9792829 0.9928012 0.9490091 0.9423491 2.8689860 2.0889108 2.1649886 2.2751572 
B.CN.07.CBJC261.JF932474               0.9227849 1.1724407 1.2812742 1.3283383 1.2064709 1.2144001 1.1444783 1.1704561 1.1688387 1.1765950 1.1397858 1.1644512 1.1804219 1.1939695 1.1647853 1.1327771 1.1580070 1.1945180 0.7166141 0.5216331 0.3774042 0.1747320 0.0000000 0.1642712 0.5026466 0.4799608 0.4787497 0.4112830 0.4626111 0.4927749 0.4197568 0.4444192 0.5026084 0.4028541 0.4802946 0.4366667 0.4326129 0.4808845 0.4549127 0.4661066 0.4136389 0.4159459 0.4085450 0.4484457 0.4425741 0.4304584 0.4253964 0.4265056 0.4221446 0.4350840 0.4064357 0.4295284 0.4135555 0.3685043 0.6048663 0.6385852 0.6134228 0.7799026 1.0534469 1.0295910 1.0119434 0.9151406 0.9817504 0.9349767 1.0592523 1.1680803 0.8359180 0.8702005 0.8434978 0.8774673 0.9049036 0.8164290 0.8448201 0.8331485 0.8399698 0.9147898 0.8000812 0.9236491 0.8772398 0.8476529 0.9026701 0.8618865 0.9232479 0.8710454 0.8617229 0.8789332 0.8811966 1.1372182 1.0915892 0.9897437 0.9860369 0.9952401 0.9916449 1.0110340 0.9711762 0.9745081 2.9015606 2.0981147 2.1730779 2.2488399 
B.CN.01.CNHN24.AY180905                0.8926364 1.1613364 1.2819783 1.3141586 1.2159253 1.1850459 1.1404739 1.1397022 1.1740625 1.1701433 1.1344533 1.1441457 1.1935958 1.1711285 1.1592230 1.1262914 1.1479235 1.1841623 0.6880225 0.4994675 0.3507193 0.1641509 0.1642712 0.0000000 0.4799537 0.4583871 0.4761540 0.3920875 0.4462375 0.4665692 0.4091097 0.4299650 0.4866559 0.3863409 0.4660496 0.4099548 0.4199881 0.4589539 0.4401357 0.4499508 0.3980558 0.3911498 0.3797332 0.4339883 0.4258878 0.4228184 0.4126655 0.4020986 0.4023161 0.4175010 0.3912932 0.4146494 0.3909901 0.3594327 0.5763574 0.6293127 0.5814206 0.7722241 1.0528099 1.0332720 1.0058043 0.9128137 0.9758277 0.9211534 1.0433746 1.1724353 0.8185957 0.8748999 0.8245041 0.8459723 0.8992922 0.8011040 0.8203592 0.8275090 0.8251226 0.9114972 0.7911320 0.9076236 0.8631073 0.8278708 0.8913701 0.8431358 0.8833859 0.8522280 0.8518720 0.8565633 0.8721735 1.1201803 1.0557187 0.9849836 0.9576391 0.9756463 0.9708922 0.9927372 0.9525741 0.9511638 2.8512496 2.1142205 2.1658286 2.2218506 
BF1.BR.10.10BR_MG052.KT427668          0.9425547 1.2215102 1.3345441 1.3720672 1.2517218 1.2978056 1.2042121 1.1808042 1.2475915 1.2468703 1.1934066 1.2197566 1.2361459 1.2334524 1.2250839 1.1873588 1.2090441 1.2567900 0.6728082 0.5675545 0.4972808 0.4911881 0.5026466 0.4799537 0.0000000 0.4470864 0.4513685 0.4922888 0.5047630 0.4142014 0.4912235 0.4830451 0.5452455 0.4840037 0.5233725 0.4668850 0.3849952 0.5232243 0.5060890 0.5187556 0.4034058 0.4085987 0.4145734 0.4965090 0.4870900 0.4795700 0.4525977 0.4563058 0.4710540 0.4795724 0.4595980 0.4766526 0.4554970 0.4143367 0.6502825 0.6913744 0.6208430 0.8234821 1.0945413 1.0771392 1.0558525 0.9179888 0.9754245 0.9902836 1.1006237 1.1741427 0.8737223 0.8953490 0.8680805 0.8684296 0.9177861 0.8377645 0.8729675 0.8526666 0.8611451 0.9455831 0.8278050 0.9288195 0.8934079 0.8777551 0.9324597 0.9017818 0.9236421 0.8982127 0.8749290 0.9087647 0.9028236 1.1878460 1.1016556 1.0395381 1.0066689 0.9809200 0.9731685 1.0241183 0.9686136 0.9941467 2.9103753 2.1848477 2.1937763 2.3003629 
B.GB.14.14667_1_16.3.MF109578          0.9252793 1.1931147 1.2940567 1.3283034 1.2588048 1.2817936 1.1490031 1.1873983 1.2271562 1.2010441 1.1576437 1.1881126 1.2178944 1.2155273 1.1845075 1.1691181 1.1769980 1.2381647 0.6718895 0.5382161 0.4527731 0.4691924 0.4799608 0.4583871 0.4470864 0.0000000 0.4183420 0.4715047 0.4811864 0.4384194 0.4652937 0.4463513 0.5314953 0.4525563 0.5020180 0.4488413 0.3757495 0.5068634 0.4713473 0.5014684 0.3961243 0.3937551 0.3848243 0.4744921 0.4622407 0.4495198 0.4412226 0.4385927 0.4594549 0.4531764 0.4328856 0.4589013 0.4454865 0.3932706 0.6268208 0.6579878 0.6155394 0.7951160 1.0526733 1.0793185 1.0208277 0.9209517 0.9669197 0.9794516 1.0643220 1.1764726 0.8560637 0.8828108 0.8527343 0.8625244 0.9003843 0.8268334 0.8587896 0.8347514 0.8594967 0.9400730 0.8199658 0.9070428 0.8758738 0.8689766 0.9154830 0.8649095 0.9130054 0.8880827 0.8966369 0.8884264 0.9148935 1.1933073 1.1054335 1.0352801 1.0046542 0.9745937 0.9989996 1.0259012 0.9763484 0.9681847 2.9128671 2.1421354 2.1278030 2.1976778 
B.BR.10.10BR_PE013.KT427743            0.9389941 1.2324878 1.3182374 1.3530797 1.2452036 1.2749816 1.1778195 1.1968934 1.1985122 1.2170120 1.1889264 1.2015212 1.2216512 1.2632590 1.1903372 1.1853675 1.1830632 1.2430908 0.6702723 0.5421494 0.4795848 0.4838198 0.4787497 0.4761540 0.4513685 0.4183420 0.0000000 0.4855297 0.4850402 0.4387801 0.4817952 0.4615771 0.5285749 0.4821717 0.5198429 0.4442092 0.3732304 0.5141992 0.4874424 0.5059116 0.3988975 0.3805594 0.3874115 0.4771041 0.4853588 0.4650004 0.4488256 0.4469853 0.4617262 0.4558454 0.4345030 0.4780097 0.4463503 0.4024262 0.6265112 0.6589262 0.6263069 0.8222257 1.0702939 1.0752023 1.0399357 0.9396686 0.9825958 0.9916995 1.0573032 1.1583002 0.8610568 0.8990214 0.8602595 0.8782863 0.9132812 0.8318452 0.8638513 0.8330372 0.8598365 0.9396638 0.8029138 0.9301205 0.8662176 0.8605118 0.8924848 0.8464185 0.9317922 0.8825630 0.8678828 0.8906497 0.9046775 1.1551806 1.0676911 1.0203452 0.9925660 0.9880672 0.9863163 1.0112187 0.9723426 0.9584364 2.9441317 2.2438214 2.1883363 2.2369457 
B.JP.04.DR6174.AB480692                0.9233413 1.1521641 1.2722774 1.3328631 1.2646370 1.2340614 1.1762091 1.1836751 1.1897653 1.1936397 1.1500657 1.1506811 1.2295517 1.2141773 1.1592978 1.1708087 1.1802589 1.1984203 0.7175116 0.5112272 0.3997685 0.4011996 0.4112830 0.3920875 0.4922888 0.4715047 0.4855297 0.0000000 0.4490798 0.4886056 0.4162964 0.4342164 0.4979313 0.4018359 0.4758073 0.4182680 0.4294204 0.4880708 0.4452305 0.4597680 0.4064429 0.3945864 0.3868859 0.4528709 0.4310907 0.4298840 0.4174866 0.4122142 0.4177347 0.4235765 0.4060572 0.4224876 0.4076803 0.3642591 0.6026106 0.6475854 0.6124917 0.7961210 1.0972938 1.0546088 1.0388106 0.9319001 0.9906236 0.9483420 1.0826921 1.1745504 0.8359239 0.9064047 0.8459951 0.8973692 0.9129281 0.8403504 0.8511034 0.8448817 0.8501659 0.9157217 0.8159001 0.9182528 0.8455460 0.8444904 0.9047564 0.8538825 0.8895122 0.8557902 0.8534590 0.8757242 0.8939666 1.1649232 1.0811774 1.0210309 0.9827593 0.9824047 0.9827863 0.9963440 0.9642915 0.9604122 2.9239008 2.2684308 2.2046889 2.2855206 
B.JP.11.NMC851C_clone_13.AB731669      0.9253637 1.2086617 1.2992730 1.3233860 1.2390474 1.2194962 1.1706650 1.1802220 1.1816908 1.2028462 1.1342223 1.1716251 1.2034833 1.2434288 1.1937984 1.1500616 1.1539891 1.2290514 0.7345169 0.5179873 0.4368259 0.4526262 0.4626111 0.4462375 0.5047630 0.4811864 0.4850402 0.4490798 0.0000000 0.4899757 0.4393558 0.4482488 0.5007727 0.4408095 0.4816982 0.4336502 0.4414678 0.4704907 0.4539023 0.4601129 0.4087921 0.4151194 0.3965364 0.4471583 0.4395817 0.4268936 0.4227018 0.4174325 0.4137546 0.4221648 0.4114568 0.4324169 0.4108826 0.3673881 0.5999349 0.6499268 0.6142414 0.7929333 1.0988848 1.0591569 1.0085958 0.9022422 0.9687483 0.9650116 1.0760953 1.1955503 0.8381759 0.8775215 0.8462037 0.8880467 0.8944861 0.8257881 0.8358132 0.8319897 0.8486475 0.9095712 0.8162368 0.9382326 0.8639945 0.8402916 0.9239935 0.8742289 0.9074871 0.8900495 0.8869963 0.9004920 0.8982492 1.1348957 1.0678150 1.0266149 0.9751210 0.9944739 0.9837418 1.0188548 0.9577770 0.9691804 2.9866594 2.2403043 2.2463387 2.3342836 
BF1.BR.00.BREPM13853.DQ085875          0.9101723 1.2086415 1.2930229 1.3003308 1.2279777 1.2581612 1.1387414 1.1505034 1.1572951 1.1765829 1.1579438 1.1769421 1.1933383 1.1929868 1.1727556 1.1646826 1.1608483 1.2084444 0.6306814 0.5469897 0.4616756 0.4849241 0.4927749 0.4665692 0.4142014 0.4384194 0.4387801 0.4886056 0.4899757 0.0000000 0.4756511 0.4618928 0.5270294 0.4585584 0.5097274 0.4409674 0.3649891 0.5080718 0.4837096 0.5017630 0.3940755 0.3870541 0.3981552 0.4734247 0.4874941 0.4587760 0.4522765 0.4447605 0.4530201 0.4625236 0.4395801 0.4582776 0.4383616 0.4043655 0.6423217 0.6579207 0.6170091 0.8072629 1.0897494 1.0465426 1.0212612 0.9251487 0.9833869 0.9941308 1.0488655 1.1761788 0.8404954 0.9007707 0.8697902 0.8903488 0.9219422 0.8296737 0.8613204 0.8582349 0.8570767 0.9394927 0.8229865 0.9106675 0.8635473 0.8551659 0.9071457 0.8758717 0.9170418 0.8731395 0.8887215 0.8778175 0.9007021 1.1629522 1.0728923 1.0013485 0.9763983 0.9717986 0.9635657 0.9760062 0.9520762 0.9331796 2.8840043 2.2738470 2.2306017 2.3035548 
B.TH.06.AA010a_WG3.JX446800            0.9139737 1.1531341 1.2920208 1.3290960 1.1963368 1.2254907 1.1286139 1.1353464 1.1732820 1.1687966 1.1244065 1.1573183 1.2198640 1.2019082 1.1522325 1.1510745 1.1518583 1.2276569 0.7172713 0.5091012 0.3983710 0.4066590 0.4197568 0.4091097 0.4912235 0.4652937 0.4817952 0.4162964 0.4393558 0.4756511 0.0000000 0.4307368 0.4802698 0.3863862 0.4707857 0.4125515 0.4310851 0.4614600 0.4333827 0.4532601 0.4036172 0.4039871 0.3813796 0.4367942 0.4272184 0.4215469 0.3956410 0.4102490 0.3991783 0.4124640 0.3897554 0.4238444 0.3984564 0.3561741 0.5865552 0.6402465 0.6068309 0.7888922 1.0661843 1.0666307 1.0220186 0.9132556 0.9472303 0.9508539 1.0365467 1.1789521 0.8273005 0.8741104 0.8455586 0.8594949 0.8884383 0.8196041 0.8341274 0.8186350 0.8277226 0.9156131 0.7974952 0.8979235 0.8462087 0.8191761 0.8758012 0.8596100 0.8707326 0.8722440 0.8717914 0.8941221 0.8776453 1.1371084 1.0604226 0.9842661 0.9641334 0.9409124 0.9721726 0.9646985 0.9355443 0.9219546 2.9174365 2.2353451 2.1891287 2.3045574 
B.US.15.3693.KX505555                  0.8465666 1.1337193 1.2407087 1.2710181 1.1539414 1.1656200 1.1056053 1.0996416 1.0945592 1.1107538 1.0646235 1.0949418 1.1505801 1.1386753 1.1377142 1.0862425 1.0890409 1.1447482 0.6928433 0.4961743 0.4225655 0.4368499 0.4444192 0.4299650 0.4830451 0.4463513 0.4615771 0.4342164 0.4482488 0.4618928 0.4307368 0.0000000 0.4711151 0.4200386 0.4671178 0.4099243 0.4148325 0.4836310 0.4418824 0.4367691 0.3807453 0.3769309 0.3744396 0.4361479 0.4329474 0.4175988 0.4009754 0.4031736 0.4078425 0.4114371 0.3964469 0.4220483 0.4001058 0.3544809 0.5385231 0.5661951 0.5293367 0.7213358 1.0027124 1.0085475 0.9419213 0.8491147 0.8884773 0.8888229 0.9950456 1.1014122 0.7806207 0.8102968 0.7920462 0.8007897 0.8359643 0.7440139 0.7838838 0.7840474 0.7695707 0.8543583 0.7279656 0.8317235 0.7919836 0.7623249 0.8266218 0.7805964 0.8215250 0.7927296 0.7936399 0.8071982 0.8147062 1.0717005 0.9793512 0.9007763 0.9086308 0.9090550 0.8993881 0.9057656 0.8853573 0.8705565 2.6965441 2.0785706 2.0994259 2.2376956 
B.US.15.2521.KX505446                  0.9624201 1.2156427 1.3329252 1.3233247 1.2637358 1.2882871 1.1906763 1.1719611 1.2025624 1.2056180 1.1822443 1.2226608 1.2754044 1.2269520 1.2285469 1.1641770 1.1882231 1.2369872 0.7517675 0.5304021 0.4649289 0.4831963 0.5026084 0.4866559 0.5452455 0.5314953 0.5285749 0.4979313 0.5007727 0.5270294 0.4802698 0.4711151 0.0000000 0.4700029 0.4657632 0.4805233 0.4842355 0.4417510 0.4252532 0.4471308 0.4489973 0.4451267 0.4344022 0.4237931 0.4341783 0.4132810 0.4023807 0.3969721 0.4061566 0.4027412 0.3928204 0.4178575 0.3890815 0.3507120 0.6350239 0.6843411 0.6428792 0.8353149 1.1345237 1.0748282 1.0204101 0.9422211 1.0006875 0.9931888 1.0885679 1.1820574 0.8699280 0.9177004 0.9036234 0.8996459 0.9453282 0.8649440 0.8848136 0.8853529 0.8642058 0.9411091 0.8512487 0.9369358 0.8846813 0.8606097 0.9142587 0.8811951 0.9427221 0.9059008 0.8814444 0.9034583 0.9014622 1.1805365 1.0845120 1.0311418 0.9939967 0.9890936 1.0092383 1.0036325 0.9680941 0.9785194 2.9624064 2.2233110 2.2286110 2.3296124 
B.CY.08.CY224.JF683773                 0.8773242 1.1314379 1.2703404 1.3234224 1.1863741 1.2302023 1.1271043 1.1201545 1.1680819 1.1762420 1.1276537 1.1388063 1.1907936 1.2070591 1.1562028 1.1317053 1.0935075 1.1664544 0.7079773 0.4996689 0.3947163 0.3868879 0.4028541 0.3863409 0.4840037 0.4525563 0.4821717 0.4018359 0.4408095 0.4585584 0.3863862 0.4200386 0.4700029 0.0000000 0.4613453 0.4248084 0.4100492 0.4433986 0.4295724 0.4368873 0.3890944 0.3832888 0.3736807 0.4178198 0.4273048 0.4138029 0.3982623 0.3936489 0.4054007 0.4086096 0.3864442 0.4137407 0.3874193 0.3409557 0.5777057 0.6286629 0.5800162 0.7570213 1.0491258 1.0171799 0.9802924 0.8986679 0.9412838 0.9080749 1.0244354 1.1498087 0.8196150 0.8527727 0.8132952 0.8321276 0.8642280 0.7811484 0.8162149 0.8027535 0.8081589 0.9031968 0.7787527 0.8854957 0.8421067 0.8234857 0.8580230 0.8398351 0.8877807 0.8365970 0.8271455 0.8618009 0.8487109 1.1134356 1.0175957 0.9983302 0.9314109 0.9362413 0.9317533 0.9612272 0.9163480 0.9067066 2.8617374 2.1378758 2.1447538 2.2312504 
B.GB.14.14535_1_7.3.MF109534           0.9569922 1.2404362 1.3404833 1.3782469 1.2707831 1.3196944 1.2148465 1.2156766 1.2550712 1.2484339 1.2007572 1.2109598 1.2476432 1.2530137 1.2363199 1.2112739 1.2110075 1.2546729 0.7576281 0.5184947 0.4704633 0.4670481 0.4802946 0.4660496 0.5233725 0.5020180 0.5198429 0.4758073 0.4816982 0.5097274 0.4707857 0.4671178 0.4657632 0.4613453 0.0000000 0.4595886 0.4655530 0.4414189 0.4058754 0.4216621 0.4364430 0.4415607 0.4180256 0.4043805 0.4067840 0.3954835 0.3737270 0.3655825 0.4023265 0.3874817 0.3794301 0.4006316 0.3710363 0.3361146 0.6157841 0.6703353 0.6592037 0.8172866 1.0887326 1.0853169 1.0611700 0.9504123 1.0065234 0.9980246 1.1138095 1.1981591 0.8899946 0.9223877 0.8968938 0.9240780 0.9521199 0.8602818 0.8979026 0.8679786 0.8890430 0.9620651 0.8318760 0.9609450 0.8684210 0.8810606 0.9210153 0.9070113 0.9430858 0.8882861 0.8851185 0.9036856 0.9182447 1.1982804 1.0753467 1.0336110 0.9888585 1.0181446 0.9884539 1.0231377 0.9846718 0.9631648 2.9600511 2.2965566 2.2398211 2.3661899 
B.BR.10.10BR_PE101.KT427697            0.8724854 1.1706859 1.2605706 1.3031005 1.2253492 1.2038264 1.1460754 1.1449025 1.1824072 1.1647736 1.1356056 1.1358458 1.1986687 1.1872822 1.1625980 1.1205177 1.1615666 1.1951196 0.7042506 0.4859725 0.4089186 0.4206149 0.4366667 0.4099548 0.4668850 0.4488413 0.4442092 0.4182680 0.4336502 0.4409674 0.4125515 0.4099243 0.4805233 0.4248084 0.4595886 0.0000000 0.4042636 0.4545500 0.4344809 0.4369870 0.3676854 0.3687882 0.3601904 0.4231466 0.4191487 0.4088854 0.3988862 0.3899035 0.4014988 0.3940991 0.3823962 0.4049396 0.3859680 0.3411775 0.5588657 0.6101597 0.5864903 0.7561071 1.0585038 1.0164158 0.9964104 0.8981946 0.9564907 0.9366189 1.0331641 1.1406981 0.8133055 0.8502142 0.8182758 0.8493394 0.8614732 0.7862094 0.8045888 0.8105409 0.7976096 0.9092719 0.7721925 0.8704649 0.8278320 0.8011099 0.8955016 0.8354043 0.8774067 0.8446709 0.8340010 0.8677028 0.8306075 1.1159071 1.0179873 0.9699303 0.9397032 0.9428950 0.9435772 0.9390457 0.9050658 0.8973755 2.8884751 2.1669502 2.1121009 2.1498984 
B.BR.02.02BR2041.JN692443              0.8826929 1.1687384 1.2578426 1.2946572 1.1864256 1.1980352 1.0904523 1.1284613 1.1176332 1.1630471 1.1265400 1.1355614 1.1849945 1.1484092 1.1327713 1.1133921 1.1155618 1.1381067 0.6075354 0.4892521 0.4224626 0.4308887 0.4326129 0.4199881 0.3849952 0.3757495 0.3732304 0.4294204 0.4414678 0.3649891 0.4310851 0.4148325 0.4842355 0.4100492 0.4655530 0.4042636 0.0000000 0.4681642 0.4380974 0.4539015 0.3384491 0.3356398 0.3504701 0.4286232 0.4177168 0.4266026 0.4061382 0.4053633 0.4133263 0.4073112 0.3891049 0.4164325 0.4051183 0.3565152 0.5698144 0.5905754 0.5964024 0.7675118 1.0333384 0.9896347 0.9812444 0.8543940 0.9334376 0.9119787 1.0124895 1.1340083 0.8285945 0.8407874 0.8124459 0.8250941 0.8592706 0.7844993 0.8028327 0.8037015 0.7990055 0.8763128 0.7536964 0.8613707 0.8070071 0.8165843 0.8531822 0.8205351 0.8734016 0.8402327 0.8326287 0.8393352 0.8286041 1.1137192 1.0174373 0.9500486 0.9322990 0.9277343 0.9258459 0.9420674 0.9064128 0.9149479 2.7628003 2.1031205 2.1089828 2.2289660 
B.GB.14.13659_1_64.3.MF109452          0.9253243 1.2225262 1.3474860 1.3701182 1.2770861 1.2687152 1.2018362 1.2012993 1.2418636 1.2078794 1.1835293 1.1900871 1.2537238 1.2523336 1.2336879 1.1758775 1.2000128 1.2622389 0.7474029 0.5093323 0.4581661 0.4705494 0.4808845 0.4589539 0.5232243 0.5068634 0.5141992 0.4880708 0.4704907 0.5080718 0.4614600 0.4836310 0.4417510 0.4433986 0.4414189 0.4545500 0.4681642 0.0000000 0.4107736 0.4266822 0.4341339 0.4341526 0.4236789 0.4211819 0.4183653 0.3992809 0.3803831 0.3924448 0.3862629 0.3886426 0.3750259 0.4095016 0.3790146 0.3308594 0.6216425 0.6751491 0.6327001 0.8105720 1.1194409 1.0861807 1.0289590 0.9552613 1.0071642 0.9636537 1.0779806 1.2218673 0.8768214 0.9093723 0.9083437 0.9055242 0.9411592 0.8507124 0.8651045 0.8472998 0.8416615 0.9498431 0.8283876 0.9226825 0.8936200 0.8589576 0.9091502 0.9015993 0.9196773 0.8866872 0.8627740 0.9173067 0.9061708 1.1632126 1.1004632 1.0305564 1.0088322 0.9984281 0.9981225 1.0282686 0.9689815 0.9704146 3.0281494 2.2477388 2.2701461 2.3524562 
