100
02A1.GH.97.97GH_AG2.AB052867           0.0000000 0.3625456 0.4507369 0.5264902 0.5870472 0.6196982 0.6500723 0.5611833 0.5420811 0.5642337 0.5452030 0.5189916 0.5199500 0.5992983 0.8005167 0.8054801 0.9035892 0.8533625 0.8409547 0.8685416 0.8336100 0.8251848 0.8949770 0.9115426 0.9789331 0.9344765 0.7997920 0.8627978 0.8629894 0.8143870 0.8074204 0.5645622 0.6237346 0.6117637 0.6585190 0.8415930 0.6673957 0.6759606 0.7646428 0.6342856 0.6571170 0.7746818 0.8302542 0.5479762 0.5467220 0.4809148 0.4594572 0.7658280 0.7832056 0.8073689 0.8370495 0.8387152 0.8823768 0.8238954 0.7782259 0.8046193 0.7558361 0.7909624 0.7949128 0.8013654 0.7864862 0.7285233 0.7847887 0.8721074 0.8175484 0.7957750 0.8444565 0.8301257 0.8364140 0.8229389 0.8169225 0.7949869 0.7618675 0.7636024 0.7491522 0.8174548 1.0654760 0.8141057 0.7669997 0.8006473 0.8080930 0.7299343 0.7224284 0.7243732 0.6911344 0.6352090 0.7750103 0.6300167 0.4974949 0.4168475 0.3913385 0.5447067 0.3412206 0.3439247 0.3659025 0.4392398 1.8656946 1.8607278 1.9815504 2.5919184 
02A.CI.16.DEURF16CI011.MH078538        0.3625456 0.0000000 0.5330641 0.5820216 0.6502567 0.6742835 0.7025920 0.6397552 0.6187675 0.6288573 0.6237803 0.5967247 0.5835562 0.6764930 0.8991040 0.8463986 0.9799045 0.8909577 0.9013206 0.9301389 0.9068850 0.8682397 0.9496248 0.9861407 1.0286296 0.9791291 0.8533391 0.9165674 0.9234421 0.8586842 0.8608226 0.6192474 0.6703804 0.6717743 0.7169491 0.8975597 0.7096957 0.7188893 0.8019271 0.6920563 0.7085978 0.8320125 0.9263950 0.6129236 0.6273916 0.5682293 0.5238861 0.8353755 0.8470045 0.9082375 0.9188714 0.8907932 0.9474174 0.9185567 0.8397717 0.8499045 0.8465109 0.8805436 0.8671912 0.8627864 0.8545569 0.8081424 0.8680991 0.9554527 0.9106705 0.8719688 0.9203311 0.9003375 0.9088588 0.9029345 0.8813473 0.8661665 0.8565895 0.8493141 0.8338442 0.9115337 1.1362225 0.9121618 0.8339802 0.8862697 0.8985052 0.8089368 0.7790017 0.8149542 0.7675658 0.7274529 0.8579447 0.7035350 0.5771972 0.4819011 0.4541997 0.6113578 0.4102525 0.4117625 0.4365904 0.4929198 1.9701474 2.0252631 2.0050855 2.7171007 
AGU.CM.06.770_8.MH705142               0.4507369 0.5330641 0.0000000 0.5348020 0.5902987 0.6169219 0.6284210 0.6083248 0.5882079 0.6048548 0.5904273 0.5478078 0.5346282 0.6363901 0.8644660 0.8464347 0.9072631 0.8769684 0.8778897 0.8698286 0.8695760 0.8225286 0.8926863 0.9151947 1.0178487 0.9654676 0.8042191 0.8694237 0.8963833 0.8255152 0.8304926 0.6060140 0.6305435 0.6434799 0.6949703 0.8399014 0.6815244 0.6835410 0.7741911 0.6700062 0.6712510 0.8125778 0.8839327 0.5741564 0.5708823 0.5308927 0.4905524 0.8205126 0.8243208 0.8906625 0.8910773 0.8736465 0.9172179 0.8545749 0.8105726 0.8533044 0.7983619 0.8299922 0.8447306 0.8279585 0.8120599 0.7653135 0.8294423 0.8924386 0.8482238 0.8070460 0.8623854 0.8450853 0.8594942 0.8445034 0.8595982 0.8198662 0.7886420 0.7945551 0.7798967 0.8654947 1.0879544 0.8753646 0.8115409 0.8635355 0.8381358 0.7679412 0.7612507 0.7738329 0.7203057 0.6757103 0.8249467 0.6601091 0.5660790 0.5164364 0.4901085 0.6608415 0.4643420 0.4823422 0.5017974 0.5744266 2.0786094 2.0571347 2.1215911 2.8289296 
G.NG.92.92NG083_JV10832.U88826         0.5264902 0.5820216 0.5348020 0.0000000 0.3446965 0.3969284 0.4115849 0.6870876 0.6750725 0.6774795 0.6705336 0.6348376 0.6448300 0.7113655 0.9348399 0.9570354 1.0265167 0.9887297 0.9626438 0.9870595 0.9465610 0.9493638 1.0227950 1.0411270 1.1018797 1.0811761 0.9228278 0.9738352 0.9891508 0.9400254 0.9453333 0.6609766 0.7354789 0.7290539 0.7638879 0.9423339 0.7745418 0.7663254 0.8686844 0.7550137 0.7633808 0.8843969 0.9660302 0.6681886 0.6669046 0.6101928 0.5687045 0.8555968 0.8782555 0.9293655 0.9351864 0.9130207 0.9516859 0.9071492 0.8732643 0.9103447 0.8313326 0.8767891 0.8947506 0.8957364 0.8665875 0.8085873 0.9016420 0.9708648 0.9332820 0.8776736 0.9338157 0.9262376 0.9186828 0.9006094 0.8956653 0.8878496 0.8611896 0.8553529 0.8361820 0.9134982 1.1802837 0.9195253 0.8824304 0.9297005 0.8801649 0.7968901 0.8266849 0.8442517 0.7928405 0.7630221 0.9093035 0.7501962 0.6584544 0.5892578 0.5676837 0.7281554 0.5446633 0.5622861 0.5825831 0.6548071 2.1498917 2.1823952 2.1723227 2.9350089 
G.NG.09.09NG010261.KX389626            0.5870472 0.6502567 0.5902987 0.3446965 0.0000000 0.4455119 0.4636218 0.7402212 0.7130066 0.7226988 0.7113285 0.6935407 0.7063275 0.7516828 0.9987780 0.9890614 1.0696882 1.0220507 0.9992661 1.0287151 0.9899906 0.9937687 1.0364129 1.0793662 1.1405457 1.0948035 0.9828942 1.0518678 1.0359199 0.9639630 0.9760085 0.7274439 0.7942940 0.7887312 0.8222524 0.9881540 0.8225318 0.8223572 0.8945206 0.8173074 0.8224983 0.9445040 1.0107905 0.7290652 0.7110791 0.6587159 0.6193027 0.9305021 0.9524841 0.9963223 1.0104050 0.9804143 1.0325223 0.9815519 0.9292813 0.9757239 0.9215556 0.9496280 0.9590511 0.9506950 0.9365154 0.8737481 0.9718856 1.0371701 0.9940590 0.9231797 0.9974988 0.9835755 0.9719710 0.9580893 0.9594215 0.9311545 0.9160496 0.9333343 0.9104380 0.9592823 1.2613344 0.9890306 0.9236954 0.9920423 0.9345399 0.8826781 0.8788394 0.8972632 0.8341842 0.8263849 0.9434197 0.8113558 0.7080591 0.6503971 0.6252660 0.7954606 0.6050166 0.6097746 0.6393647 0.7065518 2.2526817 2.2430110 2.2376844 2.8781524 
01F2G.CM.02.LT31.JN864056              0.6196982 0.6742835 0.6169219 0.3969284 0.4455119 0.0000000 0.4123482 0.7849859 0.7753069 0.7680429 0.7635516 0.7355994 0.7236678 0.8038953 1.0654720 1.0227912 1.1322719 1.0676732 1.0347998 1.0927635 1.0443692 1.0353508 1.1162687 1.1448759 1.1955003 1.1337876 1.0151008 1.0754227 1.0553549 1.0040166 1.0147480 0.7504976 0.8297781 0.8471117 0.8866939 1.0363149 0.8624113 0.8774765 0.9557697 0.8747973 0.8670280 0.9849253 1.0878053 0.7414241 0.7518290 0.6956984 0.6551862 0.9674338 0.9846299 1.0116501 1.0302083 0.9944124 1.0557796 1.0035448 0.9564085 1.0113518 0.9412119 0.9625205 0.9798555 0.9709490 0.9621041 0.9137510 0.9756357 1.0583665 1.0179706 0.9586493 1.0063938 1.0139000 1.0143733 0.9823885 0.9984863 0.9866898 0.9292287 0.9626953 0.9493552 1.0250176 1.2724612 1.0308002 0.9761469 1.0386500 1.0097265 0.9264388 0.9151178 0.9129650 0.8632978 0.8440543 0.9658490 0.8442167 0.7630135 0.6743703 0.6488281 0.8423114 0.6458159 0.6350686 0.6649638 0.7452769 2.3064791 2.3014403 2.3011025 3.1123028 
BCG.ES.15.100_119.KY496623             0.6500723 0.7025920 0.6284210 0.4115849 0.4636218 0.4123482 0.0000000 0.7688688 0.7738250 0.7622415 0.7928583 0.7388656 0.7367794 0.8180500 1.0626073 1.0278936 1.1712772 1.0767349 1.0592145 1.1077749 1.0613081 1.0477909 1.1052289 1.1182566 1.1715335 1.1536219 1.0213176 1.0833315 1.1091033 1.0407058 1.0216832 0.7645950 0.8530231 0.8446317 0.8968050 1.0493213 0.8768836 0.8968737 0.9750410 0.8804258 0.8657761 0.9865370 1.0769258 0.7602805 0.7822289 0.7262043 0.6696988 1.0057262 1.0201628 1.0662799 1.0870163 1.0575251 1.1108237 1.0824260 1.0224964 1.0374993 0.9932790 1.0235896 1.0395252 1.0231395 1.0115926 0.9540616 1.0321512 1.1144501 1.0746118 1.0353708 1.0961658 1.0779762 1.0613430 1.0592946 1.0304321 1.0324721 0.9902601 0.9897386 0.9701827 1.0410039 1.2853672 1.0607560 1.0319274 1.0664751 0.9936008 0.9652547 0.9504935 0.9429852 0.8986871 0.8851513 1.0146234 0.8671863 0.7905661 0.6934682 0.6614515 0.8532709 0.6477777 0.6387793 0.6771692 0.7462535 2.2844007 2.3181235 2.2782464 3.0622798 
A1.KE.06.06KECst_028.FJ623479          0.5611833 0.6397552 0.6083248 0.6870876 0.7402212 0.7849859 0.7688688 0.0000000 0.3401533 0.4241776 0.4330743 0.3874799 0.4061763 0.5184281 0.7613815 0.7576966 0.8273378 0.7650117 0.7720315 0.8158170 0.7739395 0.7392676 0.8186287 0.8392707 0.9129888 0.8658793 0.7281381 0.7943815 0.7917447 0.7408003 0.7302997 0.4688081 0.5663148 0.5564518 0.6123995 0.7846768 0.6018954 0.6013072 0.6913744 0.5846112 0.5940532 0.7315655 0.8074415 0.4886398 0.5038193 0.4726903 0.5175421 0.8471661 0.8430867 0.8951073 0.9267347 0.9087926 0.9316408 0.9016388 0.8287358 0.8878859 0.8330794 0.8619530 0.8872911 0.8598199 0.8532659 0.8053145 0.8739619 0.9508736 0.8980425 0.8626860 0.9377191 0.8985183 0.9075208 0.9254553 0.8947967 0.8666897 0.8656256 0.8473197 0.8413617 0.8994094 1.1505568 0.9112382 0.8668565 0.9265155 0.8857045 0.8164686 0.7896703 0.8270086 0.7527085 0.7206687 0.8584868 0.7009091 0.6803964 0.6383200 0.5975134 0.7564653 0.5762423 0.5785133 0.6064607 0.6611778 2.1964902 2.2201512 2.2354750 2.9443897 
A1.KE.06.06KECst_013.FJ623485          0.5420811 0.6187675 0.5882079 0.6750725 0.7130066 0.7753069 0.7738250 0.3401533 0.0000000 0.4272058 0.4261815 0.3813073 0.3994243 0.5117603 0.7390524 0.7197001 0.7846048 0.7508830 0.7614385 0.7828215 0.7684052 0.7217335 0.7810908 0.8332846 0.8841439 0.8546379 0.6961116 0.7802111 0.7858088 0.7265934 0.7003864 0.4694757 0.5591163 0.5405297 0.5941267 0.7851249 0.5956529 0.5961869 0.6811421 0.5814384 0.5797993 0.7312697 0.8071592 0.4814640 0.4844550 0.4425627 0.4915103 0.8374699 0.8302029 0.8777288 0.9152385 0.8876038 0.9213142 0.8570989 0.8353755 0.8535928 0.8290420 0.8292029 0.8607769 0.8477276 0.8229835 0.7846860 0.8507912 0.9459872 0.8904159 0.8642243 0.9098941 0.8941314 0.8992845 0.8469395 0.8997884 0.8706534 0.8478572 0.8220705 0.8111042 0.9047620 1.1586931 0.8745096 0.8170047 0.8799932 0.8566457 0.8001908 0.7853018 0.7892637 0.7443179 0.7490567 0.8711399 0.6891418 0.6800917 0.6150206 0.5826448 0.7373711 0.5563066 0.5649445 0.6005674 0.6618626 2.1034497 2.1353779 2.1240070 2.8323773 
35_AD.AF.06.007H.GQ477450              0.5642337 0.6288573 0.6048548 0.6774795 0.7226988 0.7680429 0.7622415 0.4241776 0.4272058 0.0000000 0.4304040 0.3979746 0.4260030 0.5247879 0.7517088 0.7420293 0.8296190 0.7764117 0.7881299 0.8038334 0.7870442 0.7478810 0.7945987 0.8388592 0.9131272 0.8643316 0.7098792 0.7883237 0.7931205 0.7461971 0.7452988 0.4750898 0.5591985 0.5472794 0.6225295 0.7863460 0.5906346 0.6183882 0.6915720 0.5863666 0.6149309 0.7193520 0.7839467 0.4914625 0.4939677 0.4633428 0.5253887 0.8391127 0.8487057 0.8996339 0.9208222 0.8970905 0.9458603 0.8932138 0.8557568 0.8714912 0.8484890 0.8538604 0.8710288 0.8686090 0.8496787 0.7861825 0.8724984 0.9292073 0.9070094 0.8857686 0.9293158 0.8986270 0.8878080 0.8847135 0.9032980 0.8587877 0.8487252 0.8367015 0.8216250 0.8962806 1.1752734 0.8931863 0.8472901 0.9189576 0.8540377 0.8196748 0.8055331 0.8113383 0.7577561 0.7327029 0.8706889 0.6901862 0.6882957 0.6193939 0.5898349 0.7660048 0.5684678 0.5801045 0.5875717 0.6750561 2.2159002 2.2382207 2.2105450 2.9131719 
A1.CY.07.CY208.JF683760                0.5452030 0.6237803 0.5904273 0.6705336 0.7113285 0.7635516 0.7928583 0.4330743 0.4261815 0.4304040 0.0000000 0.2487605 0.4178455 0.5047901 0.7487650 0.7469002 0.8092649 0.7556880 0.7510457 0.7816546 0.7631720 0.7177860 0.7907003 0.8208926 0.9055514 0.8540016 0.7073524 0.7738381 0.7858180 0.7250711 0.7036123 0.4605780 0.5736184 0.5576072 0.6215631 0.7838976 0.6001789 0.5986600 0.6945596 0.5762930 0.6070749 0.7240234 0.8287731 0.4929906 0.5095144 0.4519955 0.5151322 0.8432039 0.8614726 0.9184145 0.9433325 0.9318365 0.9956505 0.9131647 0.8495416 0.8905599 0.8469575 0.8531152 0.8869090 0.8668697 0.8603361 0.8178213 0.8823657 0.9475324 0.9070373 0.8806079 0.9191734 0.8892728 0.8995932 0.8989967 0.8930439 0.8773080 0.8604570 0.8659513 0.8684706 0.9232975 1.1496243 0.9023933 0.8740023 0.9202649 0.9069512 0.8294902 0.8138020 0.8201436 0.7577854 0.7316033 0.8687793 0.7224673 0.6847036 0.6296187 0.5932042 0.7487791 0.5755491 0.5793003 0.6110511 0.6955753 2.1151681 2.1871499 2.1616792 2.9124756 
A1.CY.05.CY051.FJ388903                0.5189916 0.5967247 0.5478078 0.6348376 0.6935407 0.7355994 0.7388656 0.3874799 0.3813073 0.3979746 0.2487605 0.0000000 0.3777987 0.4616521 0.7111125 0.7111549 0.7700238 0.7120511 0.7221927 0.7588710 0.7281996 0.6942193 0.7675546 0.7843171 0.8798101 0.8099464 0.6760592 0.7433269 0.7526495 0.6925703 0.6787006 0.4317854 0.5285920 0.5162129 0.5667287 0.7474320 0.5651664 0.5665762 0.6441691 0.5440339 0.5613800 0.6723663 0.7638203 0.4540337 0.4580776 0.4163317 0.4772047 0.7933056 0.7974350 0.8635413 0.8818367 0.8585823 0.9174743 0.8425884 0.8070839 0.8411058 0.8013311 0.8020924 0.8356531 0.8125271 0.8041186 0.7579602 0.8107053 0.9153343 0.8434464 0.8137103 0.8773837 0.8500517 0.8568142 0.8402318 0.8544221 0.8221582 0.8189378 0.7936198 0.7950497 0.8505293 1.1090077 0.8528000 0.8373309 0.8945233 0.8343057 0.7711353 0.7536340 0.7612085 0.7248612 0.6770829 0.8159740 0.6676572 0.6358649 0.5912069 0.5516062 0.7370316 0.5342643 0.5470583 0.5751612 0.6571778 2.0927749 2.0698076 2.1016306 2.8331478 
A1.UG.11.DEMA110UG001.KF859745         0.5199500 0.5835562 0.5346282 0.6448300 0.7063275 0.7236678 0.7367794 0.4061763 0.3994243 0.4260030 0.4178455 0.3777987 0.0000000 0.4791264 0.7227506 0.6910705 0.7738889 0.7204343 0.7190525 0.7597045 0.7142983 0.6720231 0.7555006 0.7848417 0.8729655 0.7961892 0.6645823 0.7504988 0.7382062 0.7060020 0.6915423 0.4455086 0.5377129 0.5308848 0.5832373 0.7481295 0.5633435 0.5707753 0.6597669 0.5498447 0.5690807 0.6919915 0.7554627 0.4547693 0.4787928 0.4117883 0.4820681 0.7964726 0.7877759 0.8622951 0.8609791 0.8726705 0.8941384 0.8586577 0.7937049 0.8456574 0.7861717 0.8016594 0.8313819 0.8168337 0.8128551 0.7349227 0.8236217 0.8929705 0.8593916 0.8140743 0.8646508 0.8431857 0.8486948 0.8339084 0.8427599 0.8141424 0.8047353 0.7968530 0.7902590 0.8835524 1.1288436 0.8547522 0.8076302 0.8605128 0.8320854 0.7741727 0.7629284 0.7776866 0.7172078 0.6876000 0.8167449 0.6454102 0.6327133 0.5862162 0.5610441 0.7237678 0.5337644 0.5475731 0.5721649 0.6420815 2.0891674 2.1087049 2.1219607 2.8791659 
A1C.UG.99.99UGF25926.AF484491          0.5992983 0.6764930 0.6363901 0.7113655 0.7516828 0.8038953 0.8180500 0.5184281 0.5117603 0.5247879 0.5047901 0.4616521 0.4791264 0.0000000 0.6413284 0.6140243 0.7068161 0.6429048 0.6369402 0.6686860 0.6457553 0.6252064 0.6692211 0.7357242 0.7816902 0.7476715 0.6007330 0.6569714 0.6716038 0.6116543 0.6289088 0.5024999 0.6174376 0.6133484 0.6612310 0.8390904 0.6516077 0.6553408 0.7283204 0.6310487 0.6615065 0.7697271 0.8598832 0.5428447 0.5539524 0.5041691 0.5417572 0.8900400 0.8959269 0.9793770 0.9743764 0.9621617 0.9981273 0.9473394 0.8661123 0.9134561 0.8713885 0.8989477 0.9411483 0.9169294 0.9088479 0.8553663 0.9066010 0.9840201 0.9453491 0.8958176 0.9688811 0.9614152 0.9541984 0.9359411 0.9237148 0.9079545 0.8851983 0.8864278 0.8597891 0.9588187 1.2192506 0.9470706 0.8960474 0.9613175 0.9233373 0.8532427 0.8366440 0.8583102 0.8113111 0.7611730 0.9017344 0.7250190 0.7216572 0.6679642 0.6310253 0.7928165 0.6201591 0.6088367 0.6469806 0.7198707 2.1636383 2.2150681 2.1968521 2.9775130 
A1C.IN.15.SC017.KY713232               0.8005167 0.8991040 0.8644660 0.9348399 0.9987780 1.0654720 1.0626073 0.7613815 0.7390524 0.7517088 0.7487650 0.7111125 0.7227506 0.6413284 0.0000000 0.6219006 0.7114815 0.6534035 0.6628528 0.6904740 0.6756869 0.6317950 0.6831046 0.7312124 0.8229316 0.7713158 0.6148224 0.6711294 0.6694301 0.6225055 0.6283565 0.7402471 0.8292917 0.8458371 0.8956537 1.0580893 0.8819267 0.8911187 0.9665685 0.8703404 0.8874459 0.9942636 1.0790437 0.7853662 0.7880874 0.7341138 0.7833027 1.1399024 1.1457531 1.2038623 1.2310863 1.1684286 1.2317005 1.1752487 1.1400884 1.1600897 1.0961577 1.1432935 1.1729056 1.1761717 1.1236159 1.0800112 1.1559790 1.2356608 1.2116415 1.1523059 1.2035965 1.1807570 1.1968453 1.1769610 1.1674081 1.1941027 1.1107271 1.1410079 1.1096680 1.2034111 1.4296042 1.1504944 1.1461007 1.1993035 1.1835590 1.0878115 1.0605285 1.0790990 1.0477395 1.0098140 1.1694092 0.9780865 0.9255603 0.8859632 0.8677904 1.0287510 0.8535862 0.8521375 0.8701486 0.9397695 2.3733555 2.3895218 2.3823731 3.2495349 
C.IL.99.99ET14.AY255825                0.8054801 0.8463986 0.8464347 0.9570354 0.9890614 1.0227912 1.0278936 0.7576966 0.7197001 0.7420293 0.7469002 0.7111549 0.6910705 0.6140243 0.6219006 0.0000000 0.4247181 0.4097395 0.4227653 0.4420604 0.4274223 0.3863084 0.4383605 0.5203250 0.5642915 0.5086946 0.3844834 0.4332790 0.4366329 0.3874540 0.3905482 0.7392080 0.8383766 0.8435344 0.8869208 1.0457400 0.8712353 0.8753026 0.9752028 0.8575542 0.8742078 1.0058604 1.1057252 0.7846394 0.7936563 0.7195820 0.7644870 1.1183990 1.1575698 1.1672502 1.2016172 1.1827252 1.2180510 1.1528817 1.1188399 1.1624093 1.1021858 1.1293025 1.1603921 1.1318466 1.1173835 1.0545882 1.1499494 1.2061566 1.1462510 1.1243341 1.2189162 1.1905742 1.1757575 1.1242233 1.1964761 1.1692503 1.1030146 1.1310838 1.1122045 1.2253912 1.4422481 1.1878416 1.1220220 1.1633505 1.1266645 1.1061542 1.0687045 1.0838958 1.0135403 0.9996284 1.1365486 1.0002346 0.8904161 0.8985763 0.8411067 0.9834419 0.8231557 0.8443308 0.8563536 0.9232484 2.3413016 2.3172627 2.4434083 3.1267190 
C.SE.09.035ZA.MF373148                 0.9035892 0.9799045 0.9072631 1.0265167 1.0696882 1.1322719 1.1712772 0.8273378 0.7846048 0.8296190 0.8092649 0.7700238 0.7738889 0.7068161 0.7114815 0.4247181 0.0000000 0.4893215 0.4865070 0.5111287 0.4962535 0.4599289 0.5146373 0.5791154 0.6315797 0.5963086 0.4536200 0.5053765 0.5051050 0.4529599 0.4752817 0.8124487 0.9174655 0.9280919 0.9600186 1.0971097 0.9473480 0.9653255 1.0537585 0.9264964 0.9405406 1.0719267 1.1697577 0.8506115 0.8710709 0.7856168 0.8656269 1.2183046 1.2290384 1.2801822 1.2344920 1.2957141 1.2948712 1.2542229 1.1899815 1.2562005 1.2101852 1.2334057 1.2447564 1.2289588 1.1902323 1.1383335 1.2269142 1.3473375 1.2411569 1.2174244 1.2797671 1.2569487 1.2819462 1.2058458 1.2690280 1.2585832 1.1819248 1.2176157 1.1836666 1.2686902 1.5455436 1.2598630 1.1935344 1.2776817 1.2216025 1.1857260 1.1573720 1.1885865 1.1247931 1.0973954 1.2431345 1.0472194 0.9971920 0.9598888 0.9337480 1.0915582 0.8986158 0.9207383 0.9416868 1.0145324 2.5024067 2.5151229 2.5249833 3.3668715 
C.ZA.04.04ZASK135B1.DQ011166           0.8533625 0.8909577 0.8769684 0.9887297 1.0220507 1.0676732 1.0767349 0.7650117 0.7508830 0.7764117 0.7556880 0.7120511 0.7204343 0.6429048 0.6534035 0.4097395 0.4893215 0.0000000 0.3407219 0.3496762 0.3661060 0.3405558 0.4034401 0.4808229 0.5221903 0.4778047 0.3414060 0.4239433 0.4333348 0.3884950 0.3991955 0.7252236 0.8569213 0.8848426 0.9073609 1.0777885 0.8841658 0.9080724 0.9808379 0.8956232 0.8776292 1.0365756 1.1013361 0.7873732 0.7944622 0.7437000 0.7995548 1.1218823 1.1610369 1.1896422 1.2057741 1.1787186 1.2295004 1.1773506 1.1363328 1.1872501 1.1482461 1.1174145 1.1786960 1.1565294 1.1176983 1.0832779 1.1459435 1.2794292 1.1729008 1.1341242 1.2402785 1.1883233 1.2021342 1.1747767 1.2019189 1.1699279 1.0956049 1.1321662 1.1139868 1.2248550 1.4751944 1.1994046 1.1304289 1.2136029 1.1436308 1.0759891 1.1187311 1.0827869 1.0732456 1.0124260 1.1725491 1.0061182 0.9511933 0.9095143 0.9067368 1.0507866 0.8723736 0.8706650 0.9055921 0.9712751 2.4301994 2.3859990 2.4206354 3.2432301 
C.ZA.03.03ZAPS130MB1.DQ275658          0.8409547 0.9013206 0.8778897 0.9626438 0.9992661 1.0347998 1.0592145 0.7720315 0.7614385 0.7881299 0.7510457 0.7221927 0.7190525 0.6369402 0.6628528 0.4227653 0.4865070 0.3407219 0.0000000 0.2947006 0.3775130 0.3368580 0.4089017 0.4634543 0.5265792 0.4830823 0.3435394 0.4385176 0.4401183 0.3859638 0.3911827 0.7501718 0.8625690 0.8560032 0.9029291 1.0542341 0.8951389 0.8928288 0.9842594 0.8530594 0.8722610 1.0075590 1.0822351 0.8039025 0.8018453 0.7309841 0.7716272 1.1097786 1.1362581 1.1755732 1.1927324 1.1631490 1.2004401 1.1585175 1.1021177 1.1525542 1.1034794 1.1202623 1.1558284 1.1155912 1.1156959 1.0543242 1.1399121 1.2352322 1.1780766 1.1342723 1.2233141 1.2270751 1.2114567 1.1656037 1.1951635 1.1641189 1.0820884 1.1121118 1.1003084 1.1868550 1.4569246 1.1835876 1.1282168 1.2200370 1.1629516 1.0893446 1.0761718 1.1070473 1.0437295 0.9991105 1.1953645 0.9850025 0.9296775 0.9049398 0.8816207 1.0254287 0.8553289 0.8833977 0.8818676 0.9499538 2.4190040 2.4250339 2.4875270 3.2512116 
C.ZA.97.97ZA012.AF286227               0.8685416 0.9301389 0.8698286 0.9870595 1.0287151 1.0927635 1.1077749 0.8158170 0.7828215 0.8038334 0.7816546 0.7588710 0.7597045 0.6686860 0.6904740 0.4420604 0.5111287 0.3496762 0.2947006 0.0000000 0.3990853 0.3685295 0.4275915 0.4973868 0.5512370 0.5158095 0.3624776 0.4512938 0.4633116 0.4133736 0.4228832 0.7805269 0.8915378 0.8986871 0.9486520 1.0744270 0.9291652 0.9347097 1.0186155 0.8965644 0.9377874 1.0384067 1.1217192 0.8235413 0.8247443 0.7746716 0.8202055 1.1661314 1.1621994 1.2436818 1.2457085 1.2267231 1.2608582 1.2133820 1.1409753 1.2213832 1.1442370 1.1649974 1.2129056 1.1905961 1.1764899 1.1148081 1.1916310 1.2675183 1.2375775 1.1732514 1.2457071 1.2381156 1.2259845 1.2021615 1.2211983 1.2162805 1.1334077 1.1712051 1.1316267 1.2461049 1.4768551 1.2482752 1.1701615 1.2479969 1.2172227 1.1250857 1.1249404 1.1301463 1.0631165 1.0494299 1.1920341 1.0255836 0.9620920 0.9387044 0.9371065 1.0687433 0.8916794 0.9096433 0.9423574 0.9983976 2.3458490 2.3674494 2.3979592 3.2588038 
C.BW.98.98BWMC14A3.AF443078            0.8336100 0.9068850 0.8695760 0.9465610 0.9899906 1.0443692 1.0613081 0.7739395 0.7684052 0.7870442 0.7631720 0.7281996 0.7142983 0.6457553 0.6756869 0.4274223 0.4962535 0.3661060 0.3775130 0.3990853 0.0000000 0.3473739 0.4062051 0.4754840 0.5275278 0.4783674 0.3496420 0.4413124 0.4322513 0.3821938 0.4011024 0.7495470 0.8726495 0.8727605 0.9071479 1.0549520 0.8884895 0.9050079 0.9988419 0.8809800 0.9009306 1.0111193 1.1084703 0.8162569 0.8046579 0.7590391 0.7985589 1.1540860 1.1569244 1.2002853 1.1939721 1.1845860 1.2665050 1.1902651 1.1258395 1.1964348 1.1363653 1.1255731 1.1909968 1.1850079 1.1361557 1.1032795 1.1555699 1.2238078 1.1972961 1.1299080 1.2310493 1.2167274 1.2417467 1.1643623 1.2197393 1.2024808 1.1368893 1.1369643 1.1361843 1.2114799 1.4923318 1.2226656 1.1353891 1.2217288 1.1696787 1.1095645 1.1044042 1.0917076 1.0711262 1.0138586 1.1727388 1.0181224 0.9595398 0.9210358 0.8860838 1.0570145 0.8497532 0.8661046 0.8959842 0.9736805 2.3883198 2.4344754 2.5118596 3.2293501 
C.ZA.99.99ZALT4.EU293444               0.8251848 0.8682397 0.8225286 0.9493638 0.9937687 1.0353508 1.0477909 0.7392676 0.7217335 0.7478810 0.7177860 0.6942193 0.6720231 0.6252064 0.6317950 0.3863084 0.4599289 0.3405558 0.3368580 0.3685295 0.3473739 0.0000000 0.3136795 0.4392557 0.4961459 0.4603372 0.3071918 0.4038643 0.4038204 0.3590394 0.3693692 0.7329699 0.8198542 0.8402486 0.8726046 1.0208627 0.8404100 0.8710481 0.9619364 0.8397027 0.8572666 0.9902645 1.0653898 0.7609479 0.7716213 0.7092874 0.7680713 1.1084720 1.1126349 1.1837347 1.1749045 1.1483478 1.2364269 1.1386638 1.0945158 1.1541477 1.0996891 1.1189057 1.1444937 1.1231728 1.1000962 1.0562009 1.1195804 1.2435559 1.1634645 1.1304139 1.2092201 1.2142262 1.2091796 1.1501580 1.1687386 1.1599472 1.0942693 1.1084933 1.1106095 1.1905141 1.4463204 1.1887964 1.1088774 1.1997783 1.1495341 1.0668844 1.0786861 1.0814143 1.0369590 0.9752232 1.1375412 0.9675618 0.8932881 0.8973680 0.8653812 1.0152504 0.8337886 0.8500429 0.8667771 0.9331579 2.4588592 2.4594596 2.4388500 3.2226719 
C.ZA.02.02ZAPS015MB1.DQ369995          0.8949770 0.9496248 0.8926863 1.0227950 1.0364129 1.1162687 1.1052289 0.8186287 0.7810908 0.7945987 0.7907003 0.7675546 0.7555006 0.6692211 0.6831046 0.4383605 0.5146373 0.4034401 0.4089017 0.4275915 0.4062051 0.3136795 0.0000000 0.4956444 0.5501589 0.5148730 0.3695290 0.4630492 0.4755889 0.4220125 0.4081347 0.7771719 0.8962369 0.9002161 0.9283489 1.0872502 0.9341369 0.9274938 1.0145622 0.9082004 0.9217120 1.0617348 1.1329446 0.8190250 0.8459438 0.7802943 0.8315361 1.1295027 1.1782186 1.2118330 1.2059501 1.2285594 1.2853419 1.2084962 1.1320583 1.1870121 1.1579761 1.1545374 1.2085211 1.1934015 1.1767661 1.1203483 1.1907108 1.2773772 1.2153074 1.1610602 1.2501501 1.2334028 1.2275671 1.1938157 1.2109948 1.2063740 1.1326951 1.1599677 1.1449352 1.2435623 1.4770836 1.2541391 1.1855504 1.2474617 1.1942524 1.1508904 1.1111363 1.1332354 1.0583643 1.0409583 1.1978695 1.0651802 0.9974669 0.9460040 0.9058835 1.0752004 0.9097642 0.9247747 0.9358112 1.0371222 2.4546211 2.4996827 2.5303700 3.3142888 
C.GB.14.13659_1_48.3.MF109437          0.9115426 0.9861407 0.9151947 1.0411270 1.0793662 1.1448759 1.1182566 0.8392707 0.8332846 0.8388592 0.8208926 0.7843171 0.7848417 0.7357242 0.7312124 0.5203250 0.5791154 0.4808229 0.4634543 0.4973868 0.4754840 0.4392557 0.4956444 0.0000000 0.5668170 0.5185258 0.4288239 0.5115625 0.5299096 0.4620944 0.4882155 0.8179042 0.9415128 0.9490680 0.9784585 1.1689574 0.9708474 0.9899750 1.0750033 0.9508267 0.9865158 1.0992404 1.1868608 0.8706842 0.8665367 0.8294282 0.8642193 1.1989295 1.2216662 1.2539458 1.2817002 1.2495451 1.3494779 1.2287993 1.2003928 1.2600166 1.2014068 1.2054366 1.2362320 1.2271596 1.2010441 1.1578202 1.2282765 1.3439847 1.2881999 1.2033715 1.2799791 1.2727992 1.2763189 1.2320135 1.2851075 1.2266148 1.2033910 1.2112619 1.2122143 1.2824282 1.5122181 1.2663751 1.2020142 1.2742535 1.2168422 1.1288378 1.1467141 1.1701356 1.1027213 1.0906537 1.2472275 1.0998667 1.0179110 0.9903176 0.9579551 1.1258132 0.9172456 0.9437577 0.9803154 1.0548714 2.4974024 2.5013188 2.5773348 3.4024547 
BC.CN.07.07CNYN340.KF835526            0.9789331 1.0286296 1.0178487 1.1018797 1.1405457 1.1955003 1.1715335 0.9129888 0.8841439 0.9131272 0.9055514 0.8798101 0.8729655 0.7816902 0.8229316 0.5642915 0.6315797 0.5221903 0.5265792 0.5512370 0.5275278 0.4961459 0.5501589 0.5668170 0.0000000 0.4148076 0.4899828 0.5811610 0.5883434 0.5304300 0.5329476 0.9126347 1.0138835 1.0268183 1.0770179 1.2406486 1.0406470 1.0741787 1.1494015 1.0249079 1.0496127 1.1602030 1.2185935 0.9325296 0.9499929 0.9175404 0.9389162 1.2939316 1.3064488 1.3273254 1.3492301 1.3860698 1.3808662 1.3381049 1.2794076 1.3562595 1.2540902 1.3061116 1.3010978 1.2890727 1.2762968 1.2520293 1.2785408 1.3866965 1.2913111 1.2955427 1.3487139 1.3175013 1.3435834 1.3456736 1.3190574 1.2894189 1.2655311 1.2976874 1.2904723 1.3859997 1.5847813 1.3551039 1.2839009 1.3441969 1.2891511 1.2363728 1.2142643 1.2549864 1.1886665 1.1828518 1.3150628 1.1537168 1.0751469 1.0535826 1.0131605 1.1510613 0.9767286 1.0059047 1.0296683 1.0776881 2.5545029 2.5564720 2.6842031 3.4159937 
85_BC.CN.14.14CN_SCYB4.KU992932        0.9344765 0.9791291 0.9654676 1.0811761 1.0948035 1.1337876 1.1536219 0.8658793 0.8546379 0.8643316 0.8540016 0.8099464 0.7961892 0.7476715 0.7713158 0.5086946 0.5963086 0.4778047 0.4830823 0.5158095 0.4783674 0.4603372 0.5148730 0.5185258 0.4148076 0.0000000 0.4424535 0.5430813 0.5470326 0.4826174 0.4862047 0.8369939 0.9675724 0.9771582 1.0189178 1.1829215 0.9899289 1.0063726 1.1236650 0.9989187 1.0166832 1.1147217 1.1741497 0.9053399 0.8788323 0.8524120 0.8899750 1.2073869 1.2147273 1.2408364 1.3073293 1.2670063 1.3256567 1.2336516 1.2108589 1.2633030 1.2097273 1.2176542 1.2324748 1.2268534 1.2318766 1.1748336 1.2247415 1.3344457 1.2638018 1.2216460 1.2841741 1.2857157 1.3016430 1.2158913 1.2843861 1.2395105 1.1904272 1.2100665 1.1833302 1.3172918 1.5836869 1.2779104 1.1895691 1.3085124 1.2149627 1.1653417 1.1453353 1.1778077 1.1398763 1.1134448 1.2449659 1.1027087 1.0327145 1.0077657 0.9871594 1.1373423 0.9402154 0.9449039 0.9818238 1.0563624 2.5643228 2.4934313 2.5792191 3.4061445 
C.BW.00.00BW076820.AF443089            0.7997920 0.8533391 0.8042191 0.9228278 0.9828942 1.0151008 1.0213176 0.7281381 0.6961116 0.7098792 0.7073524 0.6760592 0.6645823 0.6007330 0.6148224 0.3844834 0.4536200 0.3414060 0.3435394 0.3624776 0.3496420 0.3071918 0.3695290 0.4288239 0.4899828 0.4424535 0.0000000 0.3903377 0.3951272 0.3432147 0.3404405 0.6870197 0.8133987 0.8255593 0.8731680 1.0130456 0.8374742 0.8525607 0.9421558 0.8418447 0.8626252 0.9684430 1.0403567 0.7554784 0.7378597 0.7080513 0.7397945 1.0971696 1.0848205 1.1361918 1.1738972 1.1334488 1.1621743 1.1409888 1.0716951 1.1389948 1.0897275 1.0972874 1.1090701 1.0945902 1.0908671 1.0428499 1.0996037 1.1971391 1.1383283 1.1023804 1.1848247 1.1569052 1.1500910 1.1070298 1.1390915 1.1506963 1.0638173 1.0911411 1.0775234 1.1666616 1.4121292 1.1610556 1.0826451 1.1450936 1.0922499 1.0530868 1.0248345 1.0574220 1.0122864 0.9615104 1.1075025 0.9395496 0.9010293 0.8553196 0.8430622 1.0121852 0.8281828 0.8262447 0.8438579 0.9203935 2.3393355 2.3363497 2.4006993 3.1167233 
C.ZA.04.04ZASK170B1.DQ093595           0.8627978 0.9165674 0.8694237 0.9738352 1.0518678 1.0754227 1.0833315 0.7943815 0.7802111 0.7883237 0.7738381 0.7433269 0.7504988 0.6569714 0.6711294 0.4332790 0.5053765 0.4239433 0.4385176 0.4512938 0.4413124 0.4038643 0.4630492 0.5115625 0.5811610 0.5430813 0.3903377 0.0000000 0.3655889 0.3162264 0.3593162 0.7769911 0.8894799 0.8870559 0.9316223 1.1066423 0.9064861 0.9259011 1.0262831 0.9035194 0.9125415 1.0228084 1.1285968 0.8226729 0.8023977 0.7525046 0.7988615 1.1397042 1.1551701 1.2196138 1.2365785 1.2069467 1.2636245 1.2040868 1.1737266 1.2074160 1.1678799 1.1635918 1.1808461 1.1851956 1.1671824 1.1148011 1.1937571 1.3012343 1.1884688 1.1842672 1.2488301 1.2150705 1.2193354 1.1978003 1.1938356 1.1897120 1.1374319 1.1503261 1.1252945 1.2537538 1.4930677 1.2468150 1.1700767 1.2280203 1.1619795 1.1328872 1.1076170 1.0825469 1.0887902 1.0528012 1.1675217 1.0197694 0.9532571 0.9076639 0.9038618 1.0608873 0.8934780 0.8680520 0.8848244 0.9782978 2.4345465 2.4769521 2.5808531 3.2693557 
C.TZ.02.CO6721.AY734560                0.8629894 0.9234421 0.8963833 0.9891508 1.0359199 1.0553549 1.1091033 0.7917447 0.7858088 0.7931205 0.7858180 0.7526495 0.7382062 0.6716038 0.6694301 0.4366329 0.5051050 0.4333348 0.4401183 0.4633116 0.4322513 0.4038204 0.4755889 0.5299096 0.5883434 0.5470326 0.3951272 0.3655889 0.0000000 0.2565015 0.3631984 0.7568991 0.8841090 0.8801583 0.9336374 1.0790075 0.9219016 0.9222953 1.0185234 0.8860031 0.9117683 1.0076786 1.1062284 0.8294006 0.8233638 0.7605287 0.8058726 1.1528632 1.1677882 1.2358372 1.2327641 1.2056954 1.2551894 1.1965127 1.1343764 1.2032164 1.1501766 1.1440682 1.1793487 1.1891851 1.1431303 1.0939577 1.1682060 1.2754520 1.2050307 1.1515863 1.2833009 1.2306422 1.2235165 1.1793739 1.2230209 1.2216800 1.1283076 1.1558956 1.1396596 1.2369433 1.4742961 1.2273260 1.1587060 1.2384492 1.1687443 1.1346905 1.1137367 1.1347881 1.0991374 1.0194171 1.1898807 1.0154819 0.9653309 0.9229785 0.9008333 1.0521261 0.8647549 0.8762581 0.8997591 0.9494980 2.4622588 2.4255579 2.4754808 3.3406392 
C.TZ.01.BD39_8.AY253313                0.8143870 0.8586842 0.8255152 0.9400254 0.9639630 1.0040166 1.0407058 0.7408003 0.7265934 0.7461971 0.7250711 0.6925703 0.7060020 0.6116543 0.6225055 0.3874540 0.4529599 0.3884950 0.3859638 0.4133736 0.3821938 0.3590394 0.4220125 0.4620944 0.5304300 0.4826174 0.3432147 0.3162264 0.2565015 0.0000000 0.3175157 0.7310235 0.8398730 0.8523343 0.8746740 1.0307600 0.8567163 0.8732013 0.9534433 0.8522961 0.8550782 0.9826989 1.0749242 0.7590556 0.7697955 0.6980144 0.7510347 1.0690937 1.0940062 1.1565625 1.1913063 1.1436494 1.2185763 1.1262604 1.0623558 1.1304800 1.0750632 1.0935910 1.1385982 1.1181238 1.1031727 1.0374303 1.1140410 1.2312510 1.1238083 1.0874158 1.1754157 1.1507302 1.1832431 1.0982701 1.1407005 1.1460619 1.0523270 1.0804399 1.0739407 1.1714827 1.4367782 1.1531381 1.0834704 1.1542828 1.1100529 1.0523099 1.0369605 1.0745120 1.0223722 0.9890121 1.1131030 0.9598608 0.9055859 0.8695872 0.8511673 0.9909927 0.8047050 0.8159904 0.8486722 0.9158289 2.3499595 2.2936086 2.3876839 3.1259652 
C.ZA.03.03ZAPS067MB2.DQ396389          0.8074204 0.8608226 0.8304926 0.9453333 0.9760085 1.0147480 1.0216832 0.7302997 0.7003864 0.7452988 0.7036123 0.6787006 0.6915423 0.6289088 0.6283565 0.3905482 0.4752817 0.3991955 0.3911827 0.4228832 0.4011024 0.3693692 0.4081347 0.4882155 0.5329476 0.4862047 0.3404405 0.3593162 0.3631984 0.3175157 0.0000000 0.7151070 0.8464485 0.8471542 0.8894018 1.0367695 0.8544703 0.8995286 0.9700240 0.8651586 0.8737352 0.9669239 1.0724742 0.7751066 0.7712853 0.6974049 0.7532430 1.0871852 1.1028321 1.1445536 1.1705567 1.1394355 1.1896028 1.1563880 1.0830343 1.1357235 1.0999778 1.1031517 1.1168251 1.1392556 1.0999905 1.0569115 1.0985672 1.2443026 1.1500227 1.1143610 1.1834995 1.1544328 1.1872496 1.1244893 1.1587149 1.1704667 1.0827226 1.1073324 1.0714787 1.2064310 1.4924667 1.1805403 1.1168977 1.1936037 1.1369260 1.0784979 1.0654294 1.0507926 1.0405909 1.0057161 1.1375071 0.9577436 0.8958056 0.8894085 0.8530288 1.0296686 0.8231145 0.8364769 0.8643211 0.9421063 2.3492693 2.4196441 2.4224657 3.2171458 
A1D.UG.99.99UGJ21953.AF484496          0.5645622 0.6192474 0.6060140 0.6609766 0.7274439 0.7504976 0.7645950 0.4688081 0.4694757 0.4750898 0.4605780 0.4317854 0.4455086 0.5024999 0.7402471 0.7392080 0.8124487 0.7252236 0.7501718 0.7805269 0.7495470 0.7329699 0.7771719 0.8179042 0.9126347 0.8369939 0.6870197 0.7769911 0.7568991 0.7310235 0.7151070 0.0000000 0.5607593 0.5581791 0.6172309 0.7782944 0.6070519 0.6207358 0.6848514 0.5967687 0.6004574 0.7094466 0.7908859 0.4841050 0.5116508 0.4474968 0.5253876 0.8253042 0.8548107 0.8960209 0.9438248 0.9051647 0.9111027 0.8841755 0.8455973 0.9095322 0.8352066 0.8547166 0.8924743 0.8473475 0.8625200 0.8053710 0.8758226 0.9460811 0.8989116 0.8528436 0.9365921 0.9055218 0.8996777 0.9003752 0.8942626 0.8681033 0.8364748 0.8471491 0.8378376 0.9122552 1.1684462 0.8958711 0.8501992 0.9235492 0.8911872 0.8189160 0.8054929 0.8098581 0.7563494 0.7219895 0.8702236 0.6935721 0.6641904 0.6254393 0.6021129 0.7447950 0.5592249 0.5812890 0.5963949 0.6575484 2.1143592 2.1116231 2.1124924 2.9266299 
01_AE.CN.02.YN0236.JX112866            0.6237346 0.6703804 0.6305435 0.7354789 0.7942940 0.8297781 0.8530231 0.5663148 0.5591163 0.5591985 0.5736184 0.5285920 0.5377129 0.6174376 0.8292917 0.8383766 0.9174655 0.8569213 0.8625690 0.8915378 0.8726495 0.8198542 0.8962369 0.9415128 1.0138835 0.9675724 0.8133987 0.8894799 0.8841090 0.8398730 0.8464485 0.5607593 0.0000000 0.1521395 0.2092667 0.3715472 0.2032691 0.2130028 0.3056331 0.2219055 0.2404166 0.4779810 0.5494188 0.4217989 0.5293780 0.4963274 0.5652878 0.8964771 0.9159466 0.9485632 1.0055965 0.9908951 1.0067721 0.9644876 0.9064534 0.9393138 0.9011598 0.9208461 0.9518945 0.9081075 0.9163006 0.8511997 0.9467845 0.9926806 0.9782776 0.9037883 0.9714436 0.9492883 0.9595113 0.9556582 0.9537144 0.9185179 0.8830367 0.8900082 0.8770666 0.9656628 1.2134255 0.9683273 0.9140428 0.9812096 0.9319361 0.8596696 0.8502175 0.8685779 0.8077286 0.7791837 0.9342102 0.7590030 0.7395712 0.6895582 0.6493920 0.8281770 0.6210970 0.6442068 0.6701592 0.7159968 2.2433039 2.2077032 2.2362660 2.9819010 
01_AE.TH.99.99TH_C4460.AY945726        0.6117637 0.6717743 0.6434799 0.7290539 0.7887312 0.8471117 0.8446317 0.5564518 0.5405297 0.5472794 0.5576072 0.5162129 0.5308848 0.6133484 0.8458371 0.8435344 0.9280919 0.8848426 0.8560032 0.8986871 0.8727605 0.8402486 0.9002161 0.9490680 1.0268183 0.9771582 0.8255593 0.8870559 0.8801583 0.8523343 0.8471542 0.5581791 0.1521395 0.0000000 0.2090411 0.3635456 0.2024117 0.2164822 0.3026209 0.2166817 0.2364540 0.4825243 0.5440152 0.4200736 0.5234712 0.4828747 0.5550664 0.8867221 0.9105371 0.9570454 1.0058426 0.9839177 0.9822426 0.9524162 0.9129268 0.9329497 0.9055821 0.9285919 0.9309669 0.9041499 0.9205582 0.8637811 0.9329223 0.9906748 0.9650245 0.9061843 0.9811140 0.9694114 0.9711020 0.9479612 0.9506055 0.9242334 0.8860820 0.8971327 0.8804151 0.9687996 1.2129673 0.9616863 0.9046779 0.9787364 0.9261969 0.8567665 0.8473220 0.8756004 0.8125409 0.7819209 0.9070845 0.7578493 0.7246314 0.6766399 0.6494654 0.8384994 0.6218830 0.6236222 0.6562438 0.7254829 2.2502059 2.2611847 2.2703859 3.0041415 
01_AE.CN.07.GX070143.JX112835          0.6585190 0.7169491 0.6949703 0.7638879 0.8222524 0.8866939 0.8968050 0.6123995 0.5941267 0.6225295 0.6215631 0.5667287 0.5832373 0.6612310 0.8956537 0.8869208 0.9600186 0.9073609 0.9029291 0.9486520 0.9071479 0.8726046 0.9283489 0.9784585 1.0770179 1.0189178 0.8731680 0.9316223 0.9336374 0.8746740 0.8894018 0.6172309 0.2092667 0.2090411 0.0000000 0.4117172 0.2503636 0.2645978 0.3504039 0.2765353 0.3000154 0.5314346 0.5981715 0.4684112 0.5757553 0.5484708 0.6117472 0.9470578 0.9575191 0.9962152 1.0624368 1.0210347 1.0663422 1.0218166 0.9604807 0.9918493 0.9634587 0.9618965 1.0030521 0.9708795 0.9555345 0.9018292 0.9921459 1.0448971 1.0295660 0.9839991 1.0274550 1.0014311 1.0112536 0.9998306 0.9863786 0.9659634 0.9337551 0.9527840 0.9336259 1.0165404 1.2592885 1.0133299 0.9777230 1.0368480 0.9805163 0.9128198 0.9125615 0.9110908 0.8477761 0.8263576 0.9697802 0.7993541 0.7601202 0.7263320 0.6952373 0.8677656 0.6635342 0.6645008 0.7126997 0.7669381 2.2663201 2.2185714 2.3140184 3.1247550 
69_01B.JP.05.05JPMYC113SP420.LC027100  0.8415930 0.8975597 0.8399014 0.9423339 0.9881540 1.0363149 1.0493213 0.7846768 0.7851249 0.7863460 0.7838976 0.7474320 0.7481295 0.8390904 1.0580893 1.0457400 1.0971097 1.0777885 1.0542341 1.0744270 1.0549520 1.0208627 1.0872502 1.1689574 1.2406486 1.1829215 1.0130456 1.1066423 1.0790075 1.0307600 1.0367695 0.7782944 0.3715472 0.3635456 0.4117172 0.0000000 0.4121597 0.4211533 0.5264983 0.4226052 0.4486322 0.7055081 0.7612204 0.6326295 0.7453809 0.7030030 0.7827026 1.1155514 1.1510154 1.1760412 1.2054621 1.2181942 1.2496670 1.1666065 1.1486674 1.1624451 1.1133907 1.1711642 1.1982612 1.1152643 1.1314071 1.0757938 1.1441231 1.2136540 1.1490248 1.1275945 1.1749484 1.1684572 1.1652594 1.1640308 1.1550102 1.1332502 1.1472992 1.1419377 1.0779669 1.2049653 1.4301567 1.1915621 1.1256404 1.1878570 1.1491157 1.0955851 1.0948599 1.0668709 1.0031711 0.9931254 1.1355866 0.9528968 0.9210200 0.8686078 0.8681527 1.0226712 0.8389891 0.8409503 0.8698552 0.9462961 2.4441496 2.4629993 2.4696310 3.2795153 
01_AE.TH.07.AA030a04.JX447057          0.6673957 0.7096957 0.6815244 0.7745418 0.8225318 0.8624113 0.8768836 0.6018954 0.5956529 0.5906346 0.6001789 0.5651664 0.5633435 0.6516077 0.8819267 0.8712353 0.9473480 0.8841658 0.8951389 0.9291652 0.8884895 0.8404100 0.9341369 0.9708474 1.0406470 0.9899289 0.8374742 0.9064861 0.9219016 0.8567163 0.8544703 0.6070519 0.2032691 0.2024117 0.2503636 0.4121597 0.0000000 0.2407165 0.3450443 0.2509168 0.2741400 0.5089817 0.5771094 0.4422543 0.5516666 0.5242585 0.6048705 0.9373227 0.9640012 0.9990648 1.0397411 1.0276925 1.0507275 0.9888817 0.9365027 0.9745843 0.9500090 0.9616038 0.9678263 0.9681521 0.9340052 0.8880693 0.9860972 1.0334973 1.0110087 0.9747874 1.0398150 1.0131390 1.0093813 0.9909537 1.0031608 0.9581882 0.9402577 0.9441894 0.9283247 1.0109468 1.2670617 1.0163749 0.9582326 1.0350830 0.9681456 0.8950859 0.9007967 0.9071039 0.8447864 0.8074136 0.9517871 0.7867263 0.7424162 0.7156898 0.6896534 0.8599746 0.6646069 0.6681654 0.7109619 0.7660835 2.2850054 2.2253857 2.3249227 3.0187857 
01_AE.CN.07.07CNYN326.KF835513         0.6759606 0.7188893 0.6835410 0.7663254 0.8223572 0.8774765 0.8968737 0.6013072 0.5961869 0.6183882 0.5986600 0.5665762 0.5707753 0.6553408 0.8911187 0.8753026 0.9653255 0.9080724 0.8928288 0.9347097 0.9050079 0.8710481 0.9274938 0.9899750 1.0741787 1.0063726 0.8525607 0.9259011 0.9222953 0.8732013 0.8995286 0.6207358 0.2130028 0.2164822 0.2645978 0.4211533 0.2407165 0.0000000 0.3447318 0.2558439 0.2847191 0.5346917 0.6061901 0.4624711 0.5619481 0.5332862 0.6104504 0.9586928 0.9666010 1.0132837 1.0356545 1.0317477 1.0514858 1.0061502 0.9570281 0.9954399 0.9599139 0.9839003 1.0041815 0.9587211 0.9720756 0.9068982 0.9611644 1.0633768 0.9955562 0.9719722 1.0442835 1.0132559 1.0194093 0.9946791 0.9983693 0.9635211 0.9375878 0.9598668 0.9437610 1.0210498 1.2551785 1.0119766 0.9508402 1.0458179 0.9761421 0.9104514 0.9274854 0.9056310 0.8506517 0.8278463 0.9631396 0.8056671 0.7715385 0.7283174 0.6989125 0.8655544 0.6676946 0.6760235 0.7089430 0.7660190 2.2774540 2.2829522 2.3007208 3.1618561 
