94
RESTV_M.fas-tc_USA_89_Philippines89-Pennsylvania_NC_004161 0.0000000 0.0254081 0.0339818 1.8344959 1.8341543 2.0133721 2.0493426 1.9021385 1.9024894 1.9008755 1.9028556 1.9413239 1.9397455 1.9367659 1.9383420 1.9424968 1.9400853 1.9395538 1.9394889 1.9426367 1.9418715 1.9412889 1.9434098 1.9439111 1.9439111 1.9431713 1.9418894 1.9381362 1.9400172 1.9393716 1.9395538 1.9393873 1.9391497 1.9386174 1.9383363 1.9383363 1.9380552 1.9378221 1.9388695 1.9406735 1.9367923 1.9367923 1.9388036 1.9385392 1.9387213 1.9384402 1.9385392 1.9393309 1.9382839 1.9391297 1.9388744 1.9387888 1.9395878 1.9397625 1.9392644 1.9366020 1.9380815 1.9388499 1.9377786 1.9403773 1.9402525 1.9396942 1.9410043 1.9396976 1.9400809 1.9396356 1.9383304 1.9375057 1.9380027 1.9380632 1.9380632 1.9400632 1.9411895 1.9385731 1.9398361 1.9398148 1.9401514 1.9394571 1.9386509 1.9383666 1.9380502 1.9404330 1.9379721 1.9387403 1.9403791 1.9404182 1.9406957 1.9413874 1.9411987 1.9420135 1.9245166 1.9284903 1.9188450 1.9146219 
RESTV_S.dom-tc_PHL_08_Reston08-A_FJ621583                  0.0254081 0.0000000 0.0522510 1.8532792 1.8529349 2.0419543 2.0846746 1.9207952 1.9211481 1.9195134 1.9215133 1.9637984 1.9621988 1.9591857 1.9607840 1.9649876 1.9625485 1.9620098 1.9619443 1.9651436 1.9641352 1.9635421 1.9657039 1.9664281 1.9664281 1.9656807 1.9643772 1.9603662 1.9624768 1.9618257 1.9620098 1.9622886 1.9616040 1.9610614 1.9607788 1.9607788 1.9604961 1.9602438 1.9613152 1.9631381 1.9602210 1.9602210 1.9612407 1.9609814 1.9611655 1.9605014 1.9609814 1.9617308 1.9607254 1.9615770 1.9613211 1.9612321 1.9618212 1.9606587 1.9617216 1.9590260 1.9605228 1.9612938 1.9602072 1.9628456 1.9627137 1.9622208 1.9634792 1.9621532 1.9625406 1.9620987 1.9607666 1.9599339 1.9604427 1.9602807 1.9602807 1.9625231 1.9636620 1.9610185 1.9623078 1.9638605 1.9641925 1.9634925 1.9626722 1.9623788 1.9620599 1.9647076 1.9619815 1.9611845 1.9627654 1.9628042 1.9631631 1.9638785 1.9630788 1.9639053 1.9417836 1.9468591 1.9380620 1.9305107 
RESTV_S.dom-xx_PHL_08_Reston08-C_FJ621584                  0.0339818 0.0522510 0.0000000 1.8374641 1.8371224 2.0179132 2.0564174 1.8961828 1.8959055 1.8943029 1.8961482 1.9397552 1.9379150 1.9350796 1.9363675 1.9405098 1.9378117 1.9372818 1.9372172 1.9403540 1.9395923 1.9390117 1.9411246 1.9416252 1.9416252 1.9408875 1.9396100 1.9361221 1.9377440 1.9371002 1.9372818 1.9371147 1.9368787 1.9363484 1.9360679 1.9360679 1.9357875 1.9355568 1.9365998 1.9383987 1.9343090 1.9343090 1.9365350 1.9362705 1.9369559 1.9361709 1.9362705 1.9370605 1.9360157 1.9368594 1.9366046 1.9365195 1.9373158 1.9374889 1.9369929 1.9343386 1.9358137 1.9370111 1.9355126 1.9381026 1.9381995 1.9376378 1.9385071 1.9374254 1.9378077 1.9373628 1.9360627 1.9352403 1.9357352 1.9357955 1.9357955 1.9395432 1.9389129 1.9363040 1.9375620 1.9381764 1.9378774 1.9371848 1.9363814 1.9360985 1.9357829 1.9360371 1.9357050 1.9364710 1.9376748 1.9377138 1.9384936 1.9391818 1.9387740 1.9395860 1.9184285 1.9220164 1.9131797 1.9097880 
SUDV_H.sap-xx_UGA_12_EboSud-603_KC545390                   1.8344959 1.8532792 1.8374641 0.0000000 0.0000507 2.1021185 2.2599720 1.9961337 1.9958459 1.9947605 1.9960976 2.0222873 2.0198401 2.0206575 2.0157426 2.0179704 2.0204924 2.0188190 2.0189119 2.0257755 2.0218916 2.0214504 2.0241720 2.0245445 2.0245445 2.0204114 2.0212140 2.0169133 2.0193681 2.0190750 2.0188190 2.0199664 2.0198938 2.0187837 2.0187672 2.0187672 2.0184780 2.0234081 2.0190458 2.0189610 2.0192391 2.0192391 2.0203744 2.0196179 2.0197404 2.0204092 2.0196179 2.0200599 2.0198739 2.0206370 2.0204457 2.0198739 2.0206860 2.0225069 2.0202567 2.0209920 2.0225944 2.0220864 2.0190169 2.0213472 2.0201003 2.0224147 2.0216860 2.0207250 2.0203563 2.0214176 2.0180436 2.0185361 2.0197953 2.0189702 2.0189702 2.0201347 2.0197270 2.0174752 2.0189704 2.0202148 2.0172873 2.0168375 2.0164939 2.0175612 2.0174767 2.0171592 2.0174528 2.0177814 2.0189874 2.0187275 2.0187898 2.0202996 2.0196322 2.0187970 2.0119872 2.0109594 2.0140939 2.0046072 
SUDV_H.sap-xx_UGA_12_EboSud-609_KC545391                   1.8341543 1.8529349 1.8371224 0.0000507 0.0000000 2.1017406 2.2595721 1.9964216 1.9961337 1.9950482 1.9963854 2.0225768 2.0201296 2.0209470 2.0160316 2.0182597 2.0207819 2.0191083 2.0192012 2.0260655 2.0221812 2.0217399 2.0244618 2.0248343 2.0248343 2.0207009 2.0215037 2.0172027 2.0196574 2.0193642 2.0191083 2.0202561 2.0201833 2.0190730 2.0190565 2.0190565 2.0187672 2.0236978 2.0193353 2.0192506 2.0195286 2.0195286 2.0206639 2.0199073 2.0200298 2.0206987 2.0199073 2.0203493 2.0201633 2.0209264 2.0207352 2.0201633 2.0209755 2.0227966 2.0205462 2.0212815 2.0228839 2.0223760 2.0193062 2.0216367 2.0203898 2.0227050 2.0219755 2.0210145 2.0206458 2.0217072 2.0183329 2.0188254 2.0200847 2.0192596 2.0192596 2.0204242 2.0200164 2.0177644 2.0192597 2.0205043 2.0175765 2.0171266 2.0167829 2.0178504 2.0177659 2.0174486 2.0177419 2.0180706 2.0192768 2.0190169 2.0190791 2.0205891 2.0199216 2.0190863 2.0122769 2.0112489 2.0143829 2.0048959 
TAFV_H.sap-tc_CIV_94_Pauleoula-CI_NC_014372                2.0133721 2.0419543 2.0179132 2.1021185 2.1017406 0.0000000 0.8141682 1.3807851 1.3805569 1.3818510 1.3828379 1.4067140 1.4079715 1.4070395 1.4064542 1.4061731 1.4067466 1.4064826 1.4071168 1.4096679 1.4078612 1.4081270 1.4081037 1.4084108 1.4084108 1.4095976 1.4072345 1.4070610 1.4067035 1.4062605 1.4064826 1.4042726 1.4048468 1.4058896 1.4061677 1.4061677 1.4059372 1.4068564 1.4056515 1.4060317 1.4066832 1.4066832 1.4065290 1.4055176 1.4057397 1.4051253 1.4055176 1.4056731 1.4057264 1.4062349 1.4060128 1.4057264 1.4062840 1.4055727 1.4060077 1.4052656 1.4051952 1.4048988 1.4056790 1.4059030 1.4061804 1.4079213 1.4066169 1.4067333 1.4064553 1.4046973 1.4048444 1.4056792 1.4054960 1.4058214 1.4058214 1.4071389 1.4069110 1.4065632 1.4080125 1.4076304 1.4068561 1.4070779 1.4064884 1.4060272 1.4058228 1.4056455 1.4060489 1.4070494 1.4068913 1.4069345 1.4067885 1.4081008 1.4087611 1.4092985 1.3901219 1.3920513 1.3881539 1.3916675 
BDBV_H.sap-xx_COD_12_EboBund-122_KC545395                  2.0493426 2.0846746 2.0564174 2.2599720 2.2595721 0.8141682 0.0000000 1.3940607 1.3943391 1.3958573 1.3955487 1.4216857 1.4214732 1.4217058 1.4252440 1.4249777 1.4184475 1.4184485 1.4188234 1.4216021 1.4198850 1.4204189 1.4187072 1.4215156 1.4215156 1.4200658 1.4200140 1.4183883 1.4189071 1.4186601 1.4184485 1.4208631 1.4181654 1.4181616 1.4179279 1.4179279 1.4176942 1.4188305 1.4172552 1.4176416 1.4198115 1.4198115 1.4168328 1.4178142 1.4176026 1.4179634 1.4178142 1.4180853 1.4175893 1.4173777 1.4175893 1.4180258 1.4185940 1.4177695 1.4172341 1.4172983 1.4184255 1.4171808 1.4184965 1.4191794 1.4187490 1.4202607 1.4195511 1.4191169 1.4189364 1.4188981 1.4195256 1.4178783 1.4176240 1.4174940 1.4174940 1.4177675 1.4178288 1.4173548 1.4206727 1.4214769 1.4200027 1.4197792 1.4194696 1.4194125 1.4186898 1.4196686 1.4196029 1.4185892 1.4219263 1.4217011 1.4217056 1.4221135 1.4232719 1.4227811 1.4032132 1.4064657 1.3988688 1.4032337 
EBOV_H.sap-tc_COD_07_1Luebo_KC242786                       1.9021385 1.9207952 1.8961828 1.9961337 1.9964216 1.3807851 1.3940607 0.0000000 0.0000512 0.0003587 0.0005125 0.0331411 0.0326856 0.0330111 0.0330179 0.0327851 0.0328452 0.0325624 0.0327879 0.0334282 0.0331381 0.0329699 0.0333639 0.0330838 0.0330838 0.0330824 0.0331877 0.0328680 0.0326748 0.0326181 0.0325624 0.0332145 0.0326842 0.0328682 0.0328120 0.0328120 0.0328686 0.0330854 0.0328486 0.0333086 0.0334133 0.0334133 0.0329089 0.0325669 0.0326232 0.0330162 0.0325669 0.0327357 0.0325755 0.0328572 0.0328009 0.0326227 0.0326796 0.0328563 0.0327937 0.0328519 0.0329654 0.0328539 0.0326279 0.0333092 0.0330175 0.0332450 0.0331915 0.0329055 0.0327362 0.0326779 0.0331339 0.0329042 0.0326792 0.0328489 0.0328489 0.0329698 0.0329574 0.0328967 0.0332448 0.0330245 0.0329048 0.0329094 0.0330795 0.0326234 0.0328492 0.0330225 0.0327924 0.0326197 0.0326692 0.0327250 0.0322181 0.0327295 0.0322808 0.0323375 0.0230173 0.0240789 0.0228007 0.0190743 
EBOV_H.sap-tc_COD_07_M-M_HQ613403                          1.9024894 1.9211481 1.8959055 1.9958459 1.9961337 1.3805569 1.3943391 0.0000512 0.0000000 0.0003074 0.0004612 0.0330849 0.0326294 0.0329550 0.0329618 0.0327290 0.0327890 0.0325063 0.0327318 0.0333720 0.0330819 0.0329138 0.0333077 0.0330276 0.0330276 0.0330262 0.0331315 0.0328118 0.0326187 0.0325620 0.0325063 0.0331583 0.0326280 0.0328120 0.0327559 0.0327559 0.0328125 0.0330292 0.0327924 0.0332524 0.0333570 0.0333570 0.0328528 0.0325108 0.0325671 0.0329601 0.0325108 0.0326796 0.0325194 0.0328011 0.0327447 0.0325665 0.0326235 0.0328001 0.0327375 0.0327958 0.0329092 0.0327978 0.0325718 0.0332529 0.0329614 0.0331887 0.0331353 0.0328493 0.0326801 0.0326218 0.0330777 0.0328481 0.0326231 0.0327927 0.0327927 0.0329136 0.0329013 0.0328406 0.0331886 0.0329683 0.0328486 0.0328532 0.0330233 0.0325673 0.0327931 0.0329663 0.0327363 0.0325636 0.0326131 0.0326689 0.0321620 0.0326734 0.0322248 0.0322814 0.0229626 0.0240241 0.0227461 0.0190202 
EBOV_H.sap-tc_COD_07_5Luebo_KC242790                       1.9008755 1.9195134 1.8943029 1.9947605 1.9950482 1.3818510 1.3958573 0.0003587 0.0003074 0.0000000 0.0007699 0.0334492 0.0329930 0.0333189 0.0333258 0.0330925 0.0331527 0.0328695 0.0330954 0.0337368 0.0334462 0.0332778 0.0336723 0.0333918 0.0333918 0.0333904 0.0334958 0.0331758 0.0329821 0.0329254 0.0328695 0.0335229 0.0329916 0.0331760 0.0331198 0.0331198 0.0331764 0.0333934 0.0331562 0.0336169 0.0337217 0.0337217 0.0332167 0.0328740 0.0329305 0.0333240 0.0328740 0.0330431 0.0328827 0.0331649 0.0331084 0.0329299 0.0329870 0.0331640 0.0331012 0.0331595 0.0332732 0.0331616 0.0329352 0.0336175 0.0333254 0.0335537 0.0334997 0.0332132 0.0330436 0.0329853 0.0334419 0.0332119 0.0329865 0.0331565 0.0331565 0.0332776 0.0332651 0.0332043 0.0335530 0.0333324 0.0332125 0.0332171 0.0333875 0.0329307 0.0331568 0.0333304 0.0330999 0.0329269 0.0329764 0.0330323 0.0325246 0.0330368 0.0325876 0.0326443 0.0233094 0.0243728 0.0230926 0.0193604 
EBOV_H.sap-tc_COD_08_034-KS_HQ613402                       1.9028556 1.9215133 1.8961482 1.9960976 1.9963854 1.3828379 1.3955487 0.0005125 0.0004612 0.0007699 0.0000000 0.0335962 0.0331400 0.0334658 0.0334727 0.0332395 0.0332997 0.0330165 0.0332424 0.0338837 0.0335932 0.0334248 0.0338192 0.0335388 0.0335388 0.0335374 0.0336427 0.0333228 0.0331291 0.0330724 0.0330165 0.0336699 0.0331386 0.0333231 0.0332668 0.0332668 0.0333235 0.0335404 0.0333031 0.0337638 0.0338686 0.0338686 0.0333636 0.0330211 0.0330775 0.0334710 0.0330211 0.0331901 0.0330298 0.0333119 0.0332555 0.0330769 0.0331340 0.0333110 0.0332482 0.0333065 0.0334202 0.0333086 0.0330823 0.0337644 0.0334723 0.0337008 0.0336466 0.0333601 0.0331907 0.0331323 0.0335889 0.0333589 0.0331336 0.0333035 0.0333035 0.0334246 0.0334121 0.0333512 0.0336999 0.0334793 0.0333594 0.0333641 0.0335344 0.0330777 0.0333038 0.0334773 0.0332469 0.0330740 0.0331234 0.0331793 0.0326717 0.0331838 0.0327347 0.0327914 0.0233484 0.0244112 0.0231316 0.0193497 
EBOV_H.sap-wt_GIN_14_Makona-Gueckedou-EM_080076_KR817235   1.9413239 1.9637984 1.9397552 2.0222873 2.0225768 1.4067140 1.4216857 0.0331411 0.0330849 0.0334492 0.0335962 0.0000000 0.0011806 0.0014376 0.0019533 0.0017468 0.0015925 0.0013352 0.0015410 0.0021089 0.0018506 0.0016961 0.0020568 0.0017992 0.0017992 0.0017991 0.0019018 0.0016451 0.0014381 0.0013866 0.0013352 0.0020065 0.0015414 0.0018512 0.0017996 0.0017996 0.0018512 0.0019024 0.0016957 0.0021594 0.0022111 0.0022111 0.0017474 0.0014383 0.0015927 0.0018502 0.0014383 0.0015927 0.0014387 0.0016962 0.0016447 0.0014897 0.0015412 0.0017992 0.0016443 0.0016959 0.0018506 0.0016960 0.0015413 0.0021086 0.0018502 0.0019565 0.0020564 0.0017472 0.0015927 0.0015933 0.0019535 0.0017472 0.0015412 0.0016957 0.0016957 0.0017991 0.0016955 0.0016442 0.0020051 0.0017989 0.0016955 0.0016957 0.0018503 0.0014381 0.0016441 0.0017988 0.0015926 0.0011809 0.0013349 0.0013863 0.0009236 0.0013865 0.0012837 0.0013352 0.0369735 0.0379685 0.0366232 0.0334222 
EBOV_H.sap-wt_GIN_14_Makona-Gueckedou-EM_079702_KR817210   1.9397455 1.9621988 1.9379150 2.0198401 2.0201296 1.4079715 1.4214732 0.0326856 0.0326294 0.0329930 0.0331400 0.0011806 0.0000000 0.0010763 0.0015920 0.0013859 0.0013346 0.0010776 0.0012832 0.0018502 0.0015923 0.0014380 0.0017983 0.0015409 0.0015409 0.0014379 0.0016435 0.0013870 0.0011803 0.0011289 0.0010776 0.0017479 0.0012835 0.0015928 0.0015413 0.0015413 0.0015928 0.0016440 0.0014376 0.0019009 0.0019524 0.0019524 0.0014893 0.0011805 0.0013347 0.0015919 0.0011805 0.0013348 0.0011809 0.0014381 0.0013866 0.0012319 0.0012833 0.0015409 0.0013862 0.0014378 0.0015924 0.0014379 0.0012834 0.0018500 0.0015920 0.0017493 0.0017979 0.0014891 0.0013348 0.0013352 0.0016951 0.0014890 0.0012833 0.0014376 0.0014376 0.0015409 0.0014375 0.0014375 0.0017980 0.0015407 0.0014375 0.0014377 0.0015921 0.0011804 0.0013861 0.0015406 0.0013346 0.0009234 0.0009737 0.0010250 0.0005636 0.0010261 0.0009224 0.0009748 0.0365127 0.0375061 0.0362767 0.0329663 
EBOV_H.sap-wt_GIN_14_Makona-Gueckedou-EM_079587_KR817202   1.9367659 1.9591857 1.9350796 2.0206575 2.0209470 1.4070395 1.4217058 0.0330111 0.0329550 0.0333189 0.0334658 0.0014376 0.0010763 0.0000000 0.0018492 0.0016429 0.0015917 0.0013345 0.0015402 0.0021077 0.0018496 0.0016952 0.0020557 0.0017982 0.0017982 0.0017982 0.0019008 0.0016442 0.0014373 0.0013859 0.0013345 0.0020054 0.0015406 0.0018502 0.0017987 0.0017987 0.0018502 0.0019014 0.0016948 0.0021583 0.0022099 0.0022099 0.0017465 0.0014375 0.0015918 0.0018492 0.0014375 0.0015918 0.0014379 0.0016953 0.0016438 0.0014889 0.0015404 0.0017982 0.0016434 0.0016950 0.0018497 0.0016950 0.0015405 0.0021074 0.0018492 0.0020071 0.0020553 0.0017463 0.0015919 0.0015924 0.0019524 0.0017462 0.0015404 0.0016948 0.0016948 0.0017982 0.0016946 0.0016946 0.0020553 0.0017979 0.0016946 0.0016948 0.0018493 0.0014374 0.0016432 0.0017978 0.0015917 0.0011802 0.0012314 0.0012828 0.0008199 0.0012830 0.0011802 0.0012316 0.0368405 0.0378346 0.0366042 0.0332921 
EBOV_H.sap-wt_GIN_14_Makona-Gueckedou-EM_079750_KR817213   1.9383420 1.9607840 1.9363675 2.0157426 2.0160316 1.4064542 1.4252440 0.0330179 0.0329618 0.0333258 0.0334727 0.0019533 0.0015920 0.0018492 0.0000000 0.0005123 0.0019009 0.0016434 0.0018494 0.0024177 0.0021592 0.0020047 0.0023655 0.0021078 0.0021078 0.0021077 0.0022104 0.0019537 0.0017464 0.0016949 0.0016434 0.0023154 0.0018499 0.0021599 0.0021083 0.0021083 0.0021599 0.0022111 0.0020042 0.0024681 0.0025198 0.0025198 0.0020559 0.0017466 0.0019011 0.0021587 0.0017466 0.0019011 0.0017471 0.0020048 0.0019532 0.0017981 0.0018496 0.0021078 0.0019527 0.0020044 0.0021593 0.0020045 0.0018497 0.0024173 0.0021588 0.0023173 0.0023650 0.0020557 0.0019011 0.0019018 0.0022621 0.0020557 0.0018496 0.0020042 0.0020042 0.0021077 0.0020039 0.0020040 0.0023651 0.0021074 0.0020039 0.0020042 0.0021589 0.0017464 0.0019525 0.0021073 0.0019009 0.0014891 0.0015402 0.0015916 0.0011288 0.0015918 0.0014890 0.0015405 0.0366827 0.0376766 0.0364465 0.0332469 
EBOV_H.sap-wt_GIN_14_Makona-Gueckedou-EM_079910_KR817221   1.9424968 1.9649876 1.9405098 2.0179704 2.0182597 1.4061731 1.4249777 0.0327851 0.0327290 0.0330925 0.0332395 0.0017468 0.0013859 0.0016429 0.0005123 0.0000000 0.0016946 0.0014373 0.0016431 0.0022108 0.0019526 0.0017981 0.0021588 0.0019012 0.0019012 0.0019011 0.0020037 0.0017472 0.0015401 0.0014887 0.0014373 0.0021085 0.0016435 0.0019532 0.0019017 0.0019017 0.0019532 0.0020044 0.0017977 0.0022613 0.0023130 0.0023130 0.0018494 0.0015404 0.0016947 0.0019521 0.0015404 0.0016947 0.0015408 0.0017982 0.0017467 0.0015918 0.0016433 0.0019012 0.0017463 0.0017979 0.0019526 0.0017980 0.0016433 0.0022105 0.0019522 0.0021103 0.0021583 0.0018492 0.0016948 0.0016953 0.0020554 0.0018492 0.0016433 0.0017977 0.0017977 0.0019012 0.0017975 0.0017976 0.0021584 0.0019009 0.0017975 0.0017978 0.0019523 0.0015402 0.0017461 0.0019007 0.0016946 0.0012830 0.0013342 0.0013856 0.0009224 0.0013858 0.0012830 0.0013344 0.0365067 0.0375000 0.0362707 0.0329608 
EBOV_H.sap-wt_LBR_14_Makona-LIBR0430_KR006955              1.9400853 1.9625485 1.9378117 2.0204924 2.0207819 1.4067466 1.4184475 0.0328452 0.0327890 0.0331527 0.0332997 0.0015925 0.0013346 0.0015917 0.0019009 0.0016946 0.0000000 0.0002561 0.0004611 0.0010264 0.0007686 0.0006148 0.0009748 0.0007173 0.0007173 0.0007173 0.0008199 0.0005640 0.0003586 0.0003073 0.0002561 0.0009240 0.0004611 0.0007686 0.0007173 0.0007173 0.0007686 0.0008199 0.0006148 0.0010763 0.0011287 0.0011287 0.0006661 0.0003586 0.0005123 0.0007686 0.0003586 0.0005123 0.0004098 0.0006661 0.0006148 0.0004098 0.0004611 0.0007173 0.0005636 0.0006148 0.0007686 0.0006148 0.0004611 0.0010262 0.0007686 0.0009238 0.0009737 0.0006661 0.0005123 0.0005123 0.0008711 0.0006661 0.0004611 0.0006148 0.0006148 0.0007173 0.0006148 0.0006148 0.0009737 0.0007173 0.0006148 0.0006148 0.0007686 0.0003586 0.0005636 0.0007173 0.0005123 0.0004098 0.0012829 0.0013343 0.0008711 0.0013345 0.0012317 0.0012832 0.0366732 0.0376668 0.0364370 0.0331260 
EBOV_H.sap-wt_SLE_14_Makona-G3734.1_KM233055               1.9395538 1.9620098 1.9372818 2.0188190 2.0191083 1.4064826 1.4184485 0.0325624 0.0325063 0.0328695 0.0330165 0.0013352 0.0010776 0.0013345 0.0016434 0.0014373 0.0002561 0.0000000 0.0002049 0.0007686 0.0005123 0.0003586 0.0007173 0.0004611 0.0004611 0.0004611 0.0005636 0.0003076 0.0001024 0.0000512 0.0000010 0.0006661 0.0002049 0.0005123 0.0004611 0.0004611 0.0005123 0.0005636 0.0003586 0.0008199 0.0008711 0.0008711 0.0004098 0.0001024 0.0002561 0.0005123 0.0001024 0.0002561 0.0001537 0.0004098 0.0003586 0.0001537 0.0002049 0.0004611 0.0003073 0.0003586 0.0005123 0.0003586 0.0002049 0.0007686 0.0005123 0.0006671 0.0007173 0.0004098 0.0002561 0.0002561 0.0006148 0.0004098 0.0002049 0.0003586 0.0003586 0.0004611 0.0003586 0.0003586 0.0007173 0.0004611 0.0003586 0.0003586 0.0005123 0.0001024 0.0003073 0.0004611 0.0002561 0.0001537 0.0010250 0.0010773 0.0006148 0.0010775 0.0009748 0.0010261 0.0363872 0.0373800 0.0361513 0.0328430 
EBOV_H.sap-wt_LBR_15_Makona-Liberia-DQE4_KR074998          1.9394889 1.9619443 1.9372172 2.0189119 2.0192012 1.4071168 1.4188234 0.0327879 0.0327318 0.0330954 0.0332424 0.0015410 0.0012832 0.0015402 0.0018494 0.0016431 0.0004611 0.0002049 0.0000000 0.0009750 0.0007173 0.0005636 0.0009224 0.0006661 0.0006661 0.0006661 0.0007686 0.0005127 0.0003073 0.0002561 0.0002049 0.0008726 0.0004098 0.0007173 0.0006661 0.0006661 0.0007173 0.0007686 0.0005636 0.0010250 0.0010773 0.0010773 0.0006148 0.0003073 0.0004611 0.0007173 0.0003073 0.0004611 0.0003586 0.0006148 0.0005636 0.0003586 0.0004098 0.0006661 0.0005123 0.0005636 0.0007173 0.0005636 0.0004098 0.0009748 0.0007173 0.0008725 0.0009224 0.0006148 0.0004611 0.0004611 0.0008199 0.0006148 0.0004098 0.0005636 0.0005636 0.0006661 0.0005636 0.0005636 0.0009224 0.0006661 0.0005636 0.0005636 0.0007173 0.0003073 0.0005123 0.0006661 0.0004611 0.0003586 0.0012315 0.0012829 0.0008199 0.0012831 0.0011803 0.0012317 0.0366152 0.0376087 0.0363791 0.0330687 
EBOV_H.sap-wt_GIN_14_Makona-Kankan-EM_078639_KR817166      1.9426367 1.9651436 1.9403540 2.0257755 2.0260655 1.4096679 1.4216021 0.0334282 0.0333720 0.0337368 0.0338837 0.0021089 0.0018502 0.0021077 0.0024177 0.0022108 0.0010264 0.0007686 0.0009750 0.0000000 0.0007686 0.0006148 0.0009737 0.0007173 0.0007173 0.0010264 0.0013350 0.0010785 0.0008722 0.0008199 0.0007686 0.0014391 0.0009752 0.0012842 0.0012328 0.0012328 0.0012842 0.0013354 0.0011293 0.0015922 0.0016438 0.0016438 0.0011809 0.0008723 0.0010265 0.0012835 0.0008723 0.0010265 0.0009237 0.0011807 0.0011293 0.0009237 0.0009751 0.0012324 0.0010779 0.0011294 0.0012838 0.0011295 0.0009751 0.0015413 0.0012835 0.0014403 0.0014893 0.0011807 0.0010265 0.0010269 0.0013866 0.0011807 0.0009751 0.0011293 0.0011293 0.0012324 0.0011292 0.0011292 0.0014894 0.0012322 0.0011292 0.0011293 0.0012836 0.0008723 0.0010778 0.0012322 0.0010264 0.0009236 0.0017983 0.0018498 0.0013865 0.0018501 0.0017471 0.0017987 0.0372644 0.0382604 0.0370277 0.0337096 
EBOV_H.sap-wt_GIN_14_Makona-Faranah-EM_078415_KR817160     1.9418715 1.9641352 1.9395923 2.0218916 2.0221812 1.4078612 1.4198850 0.0331381 0.0330819 0.0334462 0.0335932 0.0018506 0.0015923 0.0018496 0.0021592 0.0019526 0.0007686 0.0005123 0.0007173 0.0007686 0.0000000 0.0003586 0.0007173 0.0004611 0.0004611 0.0007686 0.0010777 0.0008205 0.0006148 0.0005636 0.0005123 0.0011814 0.0007173 0.0010268 0.0009754 0.0009754 0.0010268 0.0010780 0.0008711 0.0013346 0.0013861 0.0013861 0.0009236 0.0006148 0.0007686 0.0010262 0.0006148 0.0007686 0.0006661 0.0009235 0.0008711 0.0006661 0.0007173 0.0009751 0.0008199 0.0008722 0.0010265 0.0008723 0.0007173 0.0012837 0.0010262 0.0011824 0.0012318 0.0009235 0.0007686 0.0007697 0.0011291 0.0009235 0.0007173 0.0007686 0.0007686 0.0009751 0.0008711 0.0008711 0.0012319 0.0009750 0.0008711 0.0008722 0.0010263 0.0006148 0.0008199 0.0009749 0.0007686 0.0006661 0.0015406 0.0015920 0.0011291 0.0015922 0.0014893 0.0015408 0.0369704 0.0379653 0.0367340 0.0334193 
EBOV_H.sap-wt_GIN_14_Makona-Macenta-EM_076191_KR817141     1.9412889 1.9635421 1.9390117 2.0214504 2.0217399 1.4081270 1.4204189 0.0329699 0.0329138 0.0332778 0.0334248 0.0016961 0.0014380 0.0016952 0.0020047 0.0017981 0.0006148 0.0003586 0.0005636 0.0006148 0.0003586 0.0000000 0.0005636 0.0003073 0.0003073 0.0006148 0.0009235 0.0006666 0.0004611 0.0004098 0.0003586 0.0010271 0.0005636 0.0008726 0.0008212 0.0008212 0.0008726 0.0009238 0.0007173 0.0011804 0.0012319 0.0012319 0.0007686 0.0004611 0.0006148 0.0008711 0.0004611 0.0006148 0.0005123 0.0007686 0.0007173 0.0005123 0.0005636 0.0008210 0.0006661 0.0007173 0.0008724 0.0007173 0.0005636 0.0011294 0.0008722 0.0010280 0.0010777 0.0007686 0.0006148 0.0006148 0.0009750 0.0007686 0.0005636 0.0007173 0.0007173 0.0008210 0.0007173 0.0007173 0.0010777 0.0008199 0.0007173 0.0007173 0.0008722 0.0004611 0.0006661 0.0008199 0.0006148 0.0005123 0.0013862 0.0014377 0.0009749 0.0014379 0.0013350 0.0013865 0.0368006 0.0377950 0.0365642 0.0332509 
EBOV_H.sap-wt_GIN_14_Makona-Beyla-EM_075931_KR817138       1.9434098 1.9657039 1.9411246 2.0241720 2.0244618 1.4081037 1.4187072 0.0333639 0.0333077 0.0336723 0.0338192 0.0020568 0.0017983 0.0020557 0.0023655 0.0021588 0.0009748 0.0007173 0.0009224 0.0009737 0.0007173 0.0005636 0.0000000 0.0006661 0.0006661 0.0009748 0.0012833 0.0010268 0.0008199 0.0007686 0.0007173 0.0013873 0.0009236 0.0012325 0.0011810 0.0011810 0.0012325 0.0012837 0.0010776 0.0015404 0.0015919 0.0015919 0.0011292 0.0008199 0.0009749 0.0012318 0.0008199 0.0009749 0.0008711 0.0011290 0.0010776 0.0008711 0.0009235 0.0011807 0.0010263 0.0010777 0.0012321 0.0010778 0.0009235 0.0014894 0.0012318 0.0013884 0.0014375 0.0011290 0.0009749 0.0009752 0.0013348 0.0011290 0.0009235 0.0010776 0.0010776 0.0011807 0.0010775 0.0010775 0.0014376 0.0011805 0.0010775 0.0010777 0.0012319 0.0008199 0.0010262 0.0011805 0.0009748 0.0008711 0.0017464 0.0017979 0.0013347 0.0017981 0.0016952 0.0017467 0.0371986 0.0381942 0.0368486 0.0336452 
EBOV_H.sap-wt_GIN_14_Makona-Kissidougou-EM_078694_KR817171 1.9439111 1.9664281 1.9416252 2.0245445 2.0248343 1.4084108 1.4215156 0.0330838 0.0330276 0.0333918 0.0335388 0.0017992 0.0015409 0.0017982 0.0021078 0.0019012 0.0007173 0.0004611 0.0006661 0.0007173 0.0004611 0.0003073 0.0006661 0.0000000 0.0000010 0.0007173 0.0010263 0.0007692 0.0005636 0.0005123 0.0004611 0.0011300 0.0006661 0.0009754 0.0009240 0.0009240 0.0009754 0.0010266 0.0008199 0.0012833 0.0013348 0.0013348 0.0008723 0.0005636 0.0007173 0.0009749 0.0005636 0.0007173 0.0006148 0.0008722 0.0008199 0.0006148 0.0006661 0.0009238 0.0007686 0.0008209 0.0009751 0.0008209 0.0006661 0.0012323 0.0009749 0.0011310 0.0011805 0.0008722 0.0007173 0.0007184 0.0010778 0.0008722 0.0006661 0.0008199 0.0008199 0.0009238 0.0008199 0.0008199 0.0011805 0.0009236 0.0008199 0.0008199 0.0009750 0.0005636 0.0007686 0.0009236 0.0007173 0.0006148 0.0014892 0.0015406 0.0010777 0.0015408 0.0014380 0.0014894 0.0369157 0.0379105 0.0366793 0.0333649 
EBOV_H.sap-wt_GIN_14_Makona-Kissidougou-EM_078722_KR817175 1.9439111 1.9664281 1.9416252 2.0245445 2.0248343 1.4084108 1.4215156 0.0330838 0.0330276 0.0333918 0.0335388 0.0017992 0.0015409 0.0017982 0.0021078 0.0019012 0.0007173 0.0004611 0.0006661 0.0007173 0.0004611 0.0003073 0.0006661 0.0000010 0.0000000 0.0007173 0.0010263 0.0007692 0.0005636 0.0005123 0.0004611 0.0011300 0.0006661 0.0009754 0.0009240 0.0009240 0.0009754 0.0010266 0.0008199 0.0012833 0.0013348 0.0013348 0.0008723 0.0005636 0.0007173 0.0009749 0.0005636 0.0007173 0.0006148 0.0008722 0.0008199 0.0006148 0.0006661 0.0009238 0.0007686 0.0008209 0.0009751 0.0008209 0.0006661 0.0012323 0.0009749 0.0011310 0.0011805 0.0008722 0.0007173 0.0007184 0.0010778 0.0008722 0.0006661 0.0008199 0.0008199 0.0009238 0.0008199 0.0008199 0.0011805 0.0009236 0.0008199 0.0008199 0.0009750 0.0005636 0.0007686 0.0009236 0.0007173 0.0006148 0.0014892 0.0015406 0.0010777 0.0015408 0.0014380 0.0014894 0.0369157 0.0379105 0.0366793 0.0333649 
EBOV_H.sap-wt_LBR_14_Makona-LIBR0505_KR006957              1.9431713 1.9656807 1.9408875 2.0204114 2.0207009 1.4095976 1.4200658 0.0330824 0.0330262 0.0333904 0.0335374 0.0017991 0.0014379 0.0017982 0.0021077 0.0019011 0.0007173 0.0004611 0.0006661 0.0010264 0.0007686 0.0006148 0.0009748 0.0007173 0.0007173 0.0000000 0.0010263 0.0007692 0.0005636 0.0005123 0.0004611 0.0011300 0.0006661 0.0009754 0.0009240 0.0009240 0.0009754 0.0010266 0.0008199 0.0012832 0.0013347 0.0013347 0.0008723 0.0005636 0.0007173 0.0009749 0.0005636 0.0007173 0.0006148 0.0008711 0.0008199 0.0006148 0.0006661 0.0009238 0.0007686 0.0008209 0.0009751 0.0008209 0.0006661 0.0012322 0.0009749 0.0011309 0.0011805 0.0008722 0.0007173 0.0007183 0.0010778 0.0008711 0.0006661 0.0008199 0.0008199 0.0009237 0.0008199 0.0008199 0.0011805 0.0009236 0.0008199 0.0008199 0.0009749 0.0005636 0.0007686 0.0009235 0.0007173 0.0006148 0.0014891 0.0015406 0.0010777 0.0015408 0.0014379 0.0014894 0.0369142 0.0379089 0.0366778 0.0333635 
EBOV_H.sap-wt_SLE_14_Makona-Kailahun-20140517_KR653263     1.9418894 1.9643772 1.9396100 2.0212140 2.0215037 1.4072345 1.4200140 0.0331877 0.0331315 0.0334958 0.0336427 0.0019018 0.0016435 0.0019008 0.0022104 0.0020037 0.0008199 0.0005636 0.0007686 0.0013350 0.0010777 0.0009235 0.0012833 0.0010263 0.0010263 0.0010263 0.0000000 0.0005640 0.0006661 0.0006148 0.0005636 0.0012326 0.0007686 0.0010780 0.0010266 0.0010266 0.0010780 0.0011292 0.0009224 0.0013858 0.0014373 0.0014373 0.0009748 0.0006661 0.0008199 0.0010774 0.0006661 0.0008199 0.0007173 0.0009737 0.0009224 0.0007173 0.0007686 0.0010263 0.0008711 0.0009224 0.0010777 0.0009235 0.0007686 0.0013348 0.0010774 0.0012336 0.0012830 0.0009737 0.0008199 0.0008209 0.0011803 0.0009737 0.0007686 0.0009224 0.0009224 0.0010263 0.0009224 0.0009224 0.0012831 0.0010261 0.0009224 0.0009224 0.0010775 0.0006661 0.0008711 0.0010261 0.0008199 0.0007173 0.0015917 0.0016431 0.0011803 0.0016434 0.0015405 0.0015920 0.0370197 0.0380146 0.0367833 0.0334688 
EBOV_H.sap-wt_SLE_14_Makona-G4973_1_KR105286               1.9381362 1.9603662 1.9361221 2.0169133 2.0172027 1.4070610 1.4183883 0.0328680 0.0328118 0.0331758 0.0333228 0.0016451 0.0013870 0.0016442 0.0019537 0.0017472 0.0005640 0.0003076 0.0005127 0.0010785 0.0008205 0.0006666 0.0010268 0.0007692 0.0007692 0.0007692 0.0005640 0.0000000 0.0004101 0.0003588 0.0003076 0.0009760 0.0005127 0.0008215 0.0007692 0.0007692 0.0008215 0.0008718 0.0006666 0.0011294 0.0011809 0.0011809 0.0007179 0.0004101 0.0005640 0.0008205 0.0004101 0.0005640 0.0004614 0.0007179 0.0006666 0.0004614 0.0005127 0.0007692 0.0006153 0.0006666 0.0008205 0.0006666 0.0005127 0.0010783 0.0008205 0.0009759 0.0010257 0.0007179 0.0005640 0.0005640 0.0009231 0.0007179 0.0005127 0.0006666 0.0006666 0.0007692 0.0006666 0.0006666 0.0010257 0.0007692 0.0006666 0.0006666 0.0008205 0.0004101 0.0006153 0.0007692 0.0005640 0.0004614 0.0013352 0.0013867 0.0009231 0.0013869 0.0012840 0.0013355 0.0367557 0.0377503 0.0365194 0.0332055 
EBOV_H.sap-wt_SLE_14_Makona-G3799_KM233080                 1.9400172 1.9624768 1.9377440 2.0193681 2.0196574 1.4067035 1.4189071 0.0326748 0.0326187 0.0329821 0.0331291 0.0014381 0.0011803 0.0014373 0.0017464 0.0015401 0.0003586 0.0001024 0.0003073 0.0008722 0.0006148 0.0004611 0.0008199 0.0005636 0.0005636 0.0005636 0.0006661 0.0004101 0.0000000 0.0001537 0.0001024 0.0007698 0.0003073 0.0006148 0.0005636 0.0005636 0.0006148 0.0006661 0.0004611 0.0009224 0.0009737 0.0009737 0.0005123 0.0002049 0.0003586 0.0006148 0.0002049 0.0003586 0.0002561 0.0005123 0.0004611 0.0002561 0.0003073 0.0005636 0.0004098 0.0004611 0.0006148 0.0004611 0.0003073 0.0008711 0.0006148 0.0007698 0.0008199 0.0005123 0.0003586 0.0003586 0.0007173 0.0005123 0.0003073 0.0004611 0.0004611 0.0005636 0.0004611 0.0004611 0.0008199 0.0005636 0.0004611 0.0004611 0.0006148 0.0002049 0.0004098 0.0005636 0.0003586 0.0002561 0.0011287 0.0011801 0.0007173 0.0011802 0.0010775 0.0011289 0.0365008 0.0374939 0.0362648 0.0329555 
EBOV_H.sap-wt_SLE_14_Makona-G3788_KM233075                 1.9393716 1.9618257 1.9371002 2.0190750 2.0193642 1.4062605 1.4186601 0.0326181 0.0325620 0.0329254 0.0330724 0.0013866 0.0011289 0.0013859 0.0016949 0.0014887 0.0003073 0.0000512 0.0002561 0.0008199 0.0005636 0.0004098 0.0007686 0.0005123 0.0005123 0.0005123 0.0006148 0.0003588 0.0001537 0.0000000 0.0000512 0.0007184 0.0002561 0.0005636 0.0005123 0.0005123 0.0005636 0.0006148 0.0004098 0.0008711 0.0009224 0.0009224 0.0004611 0.0001537 0.0003073 0.0005636 0.0001537 0.0003073 0.0002049 0.0004611 0.0004098 0.0002049 0.0002561 0.0005123 0.0003586 0.0004098 0.0005636 0.0004098 0.0002561 0.0008199 0.0005636 0.0007184 0.0007686 0.0004611 0.0003073 0.0003073 0.0006661 0.0004611 0.0002561 0.0004098 0.0004098 0.0005123 0.0004098 0.0004098 0.0007686 0.0005123 0.0004098 0.0004098 0.0005636 0.0001537 0.0003586 0.0005123 0.0003073 0.0002049 0.0010773 0.0011287 0.0006661 0.0011288 0.0010261 0.0010775 0.0364435 0.0374365 0.0362076 0.0328988 
EBOV_H.sap-wt_SLE_14_Makona-G3677.2_KM034557               1.9395538 1.9620098 1.9372818 2.0188190 2.0191083 1.4064826 1.4184485 0.0325624 0.0325063 0.0328695 0.0330165 0.0013352 0.0010776 0.0013345 0.0016434 0.0014373 0.0002561 0.0000010 0.0002049 0.0007686 0.0005123 0.0003586 0.0007173 0.0004611 0.0004611 0.0004611 0.0005636 0.0003076 0.0001024 0.0000512 0.0000000 0.0006661 0.0002049 0.0005123 0.0004611 0.0004611 0.0005123 0.0005636 0.0003586 0.0008199 0.0008711 0.0008711 0.0004098 0.0001024 0.0002561 0.0005123 0.0001024 0.0002561 0.0001537 0.0004098 0.0003586 0.0001537 0.0002049 0.0004611 0.0003073 0.0003586 0.0005123 0.0003586 0.0002049 0.0007686 0.0005123 0.0006671 0.0007173 0.0004098 0.0002561 0.0002561 0.0006148 0.0004098 0.0002049 0.0003586 0.0003586 0.0004611 0.0003586 0.0003586 0.0007173 0.0004611 0.0003586 0.0003586 0.0005123 0.0001024 0.0003073 0.0004611 0.0002561 0.0001537 0.0010250 0.0010773 0.0006148 0.0010775 0.0009748 0.0010261 0.0363872 0.0373800 0.0361513 0.0328430 
EBOV_H.sap-wt_SLE_14_Makona-Kenema-G5059_1_KR105296        1.9393873 1.9622886 1.9371147 2.0199664 2.0202561 1.4042726 1.4208631 0.0332145 0.0331583 0.0335229 0.0336699 0.0020065 0.0017479 0.0020054 0.0023154 0.0021085 0.0009240 0.0006661 0.0008726 0.0014391 0.0011814 0.0010271 0.0013873 0.0011300 0.0011300 0.0011300 0.0012326 0.0009760 0.0007698 0.0007184 0.0006661 0.0000000 0.0004611 0.0007699 0.0007185 0.0007185 0.0007699 0.0009239 0.0008211 0.0012837 0.0013352 0.0013352 0.0008725 0.0005636 0.0007173 0.0009752 0.0005636 0.0007173 0.0006148 0.0008724 0.0008210 0.0006148 0.0006661 0.0009241 0.0007697 0.0008211 0.0009754 0.0008212 0.0006661 0.0012326 0.0009752 0.0011313 0.0011808 0.0008724 0.0007173 0.0007186 0.0010781 0.0008724 0.0006661 0.0008211 0.0008211 0.0009240 0.0010268 0.0010268 0.0013870 0.0011298 0.0010268 0.0010269 0.0011812 0.0007698 0.0009754 0.0011298 0.0009240 0.0008212 0.0016960 0.0017475 0.0012841 0.0017477 0.0016448 0.0016963 0.0370496 0.0379835 0.0368129 0.0334958 
EBOV_H.sap-wt_SLE_14_Makona-Kenema-G4702_1_KR105265        1.9391497 1.9616040 1.9368787 2.0198938 2.0201833 1.4048468 1.4181654 0.0326842 0.0326280 0.0329916 0.0331386 0.0015414 0.0012835 0.0015406 0.0018499 0.0016435 0.0004611 0.0002049 0.0004098 0.0009752 0.0007173 0.0005636 0.0009236 0.0006661 0.0006661 0.0006661 0.0007686 0.0005127 0.0003073 0.0002561 0.0002049 0.0004611 0.0000000 0.0003073 0.0002561 0.0002561 0.0003073 0.0005636 0.0003586 0.0008199 0.0008711 0.0008711 0.0004098 0.0001024 0.0002561 0.0005123 0.0001024 0.0002561 0.0001537 0.0004098 0.0003586 0.0001537 0.0002049 0.0004611 0.0003073 0.0003586 0.0005123 0.0003586 0.0002049 0.0007686 0.0005123 0.0006671 0.0007173 0.0004098 0.0002561 0.0002561 0.0006148 0.0004098 0.0002049 0.0003586 0.0003586 0.0004611 0.0005636 0.0005636 0.0009235 0.0006661 0.0005636 0.0005636 0.0007173 0.0003073 0.0005123 0.0006661 0.0004611 0.0003586 0.0012318 0.0012832 0.0008199 0.0012834 0.0011806 0.0012321 0.0365113 0.0375047 0.0362752 0.0329649 
EBOV_H.sap-wt_SLE_14_Makona-Kenema-G4350_1_KR105242        1.9386174 1.9610614 1.9363484 2.0187837 2.0190730 1.4058896 1.4181616 0.0328682 0.0328120 0.0331760 0.0333231 0.0018512 0.0015928 0.0018502 0.0021599 0.0019532 0.0007686 0.0005123 0.0007173 0.0012842 0.0010268 0.0008726 0.0012325 0.0009754 0.0009754 0.0009754 0.0010780 0.0008215 0.0006148 0.0005636 0.0005123 0.0007699 0.0003073 0.0000000 0.0000512 0.0000512 0.0001024 0.0008724 0.0006661 0.0011290 0.0011805 0.0011805 0.0007173 0.0004098 0.0005636 0.0008199 0.0004098 0.0005636 0.0004611 0.0007173 0.0006661 0.0004611 0.0005123 0.0007696 0.0006148 0.0006661 0.0008210 0.0006661 0.0005123 0.0010780 0.0008199 0.0009765 0.0010263 0.0007173 0.0005636 0.0005636 0.0009236 0.0007173 0.0005123 0.0006661 0.0006661 0.0007696 0.0008723 0.0008723 0.0012322 0.0009752 0.0008723 0.0008724 0.0010266 0.0006148 0.0008209 0.0009752 0.0007686 0.0006661 0.0015410 0.0015924 0.0011294 0.0015927 0.0014898 0.0015413 0.0367521 0.0377465 0.0365158 0.0332024 
EBOV_H.sap-wt_SLE_14_Makona-Kenema-G4971_1_KR105284        1.9383363 1.9607788 1.9360679 2.0187672 2.0190565 1.4061677 1.4179279 0.0328120 0.0327559 0.0331198 0.0332668 0.0017996 0.0015413 0.0017987 0.0021083 0.0019017 0.0007173 0.0004611 0.0006661 0.0012328 0.0009754 0.0008212 0.0011810 0.0009240 0.0009240 0.0009240 0.0010266 0.0007692 0.0005636 0.0005123 0.0004611 0.0007185 0.0002561 0.0000512 0.0000000 0.0000010 0.0000512 0.0008211 0.0006148 0.0010776 0.0011291 0.0011291 0.0006661 0.0003586 0.0005123 0.0007686 0.0003586 0.0005123 0.0004098 0.0006661 0.0006148 0.0004098 0.0004611 0.0007173 0.0005636 0.0006148 0.0007696 0.0006148 0.0004611 0.0010266 0.0007686 0.0009250 0.0009749 0.0006661 0.0005123 0.0005123 0.0008722 0.0006661 0.0004611 0.0006148 0.0006148 0.0007173 0.0008209 0.0008210 0.0011808 0.0009239 0.0008209 0.0008210 0.0009752 0.0005636 0.0007686 0.0009238 0.0007173 0.0006148 0.0014895 0.0015410 0.0010780 0.0015412 0.0014383 0.0014898 0.0366954 0.0376896 0.0364591 0.0331461 
EBOV_H.sap-wt_SLE_14_Makona-Kenema-G4937_1_KR105278        1.9383363 1.9607788 1.9360679 2.0187672 2.0190565 1.4061677 1.4179279 0.0328120 0.0327559 0.0331198 0.0332668 0.0017996 0.0015413 0.0017987 0.0021083 0.0019017 0.0007173 0.0004611 0.0006661 0.0012328 0.0009754 0.0008212 0.0011810 0.0009240 0.0009240 0.0009240 0.0010266 0.0007692 0.0005636 0.0005123 0.0004611 0.0007185 0.0002561 0.0000512 0.0000010 0.0000000 0.0000512 0.0008211 0.0006148 0.0010776 0.0011291 0.0011291 0.0006661 0.0003586 0.0005123 0.0007686 0.0003586 0.0005123 0.0004098 0.0006661 0.0006148 0.0004098 0.0004611 0.0007173 0.0005636 0.0006148 0.0007696 0.0006148 0.0004611 0.0010266 0.0007686 0.0009250 0.0009749 0.0006661 0.0005123 0.0005123 0.0008722 0.0006661 0.0004611 0.0006148 0.0006148 0.0007173 0.0008209 0.0008210 0.0011808 0.0009239 0.0008209 0.0008210 0.0009752 0.0005636 0.0007686 0.0009238 0.0007173 0.0006148 0.0014895 0.0015410 0.0010780 0.0015412 0.0014383 0.0014898 0.0366954 0.0376896 0.0364591 0.0331461 
EBOV_H.sap-wt_SLE_14_Makona-Kenema-G4856_1_KR105273        1.9380552 1.9604961 1.9357875 2.0184780 2.0187672 1.4059372 1.4176942 0.0328686 0.0328125 0.0331764 0.0333235 0.0018512 0.0015928 0.0018502 0.0021599 0.0019532 0.0007686 0.0005123 0.0007173 0.0012842 0.0010268 0.0008726 0.0012325 0.0009754 0.0009754 0.0009754 0.0010780 0.0008215 0.0006148 0.0005636 0.0005123 0.0007699 0.0003073 0.0001024 0.0000512 0.0000512 0.0000000 0.0008724 0.0006661 0.0011290 0.0011805 0.0011805 0.0007173 0.0004098 0.0005636 0.0008199 0.0004098 0.0005636 0.0004611 0.0007173 0.0006661 0.0004611 0.0005123 0.0007696 0.0006148 0.0006661 0.0008210 0.0006661 0.0005123 0.0010780 0.0008199 0.0009765 0.0010263 0.0007173 0.0005636 0.0005636 0.0009236 0.0007173 0.0005123 0.0006661 0.0006661 0.0007696 0.0008723 0.0008723 0.0012323 0.0009753 0.0008723 0.0008724 0.0010266 0.0006148 0.0008210 0.0009752 0.0007686 0.0006661 0.0015410 0.0015925 0.0011294 0.0015927 0.0014898 0.0015413 0.0367526 0.0377470 0.0365163 0.0332028 
EBOV_H.sap-wt_SLE_14_Makona-Bonthe-G5723_1_KR105319        1.9378221 1.9602438 1.9355568 2.0234081 2.0236978 1.4068564 1.4188305 0.0330854 0.0330292 0.0333934 0.0335404 0.0019024 0.0016440 0.0019014 0.0022111 0.0020044 0.0008199 0.0005636 0.0007686 0.0013354 0.0010780 0.0009238 0.0012837 0.0010266 0.0010266 0.0010266 0.0011292 0.0008718 0.0006661 0.0006148 0.0005636 0.0009239 0.0005636 0.0008724 0.0008211 0.0008211 0.0008724 0.0000000 0.0003073 0.0007686 0.0008199 0.0008199 0.0003586 0.0004611 0.0006148 0.0008711 0.0004611 0.0006148 0.0005123 0.0007686 0.0007173 0.0005123 0.0005636 0.0008199 0.0006661 0.0007173 0.0008722 0.0007173 0.0005636 0.0011292 0.0008711 0.0010278 0.0010775 0.0007686 0.0006148 0.0006148 0.0009748 0.0007686 0.0005636 0.0007173 0.0007173 0.0008199 0.0009235 0.0009235 0.0012834 0.0010265 0.0009235 0.0009236 0.0010778 0.0006661 0.0008722 0.0010264 0.0008199 0.0007173 0.0015922 0.0016436 0.0011806 0.0016439 0.0015410 0.0015925 0.0369175 0.0378507 0.0366290 0.0333145 
EBOV_H.sap-wt_SLE_14_Makona-J0042_KP759711                 1.9388695 1.9613152 1.9365998 2.0190458 2.0193353 1.4056515 1.4172552 0.0328486 0.0327924 0.0331562 0.0333031 0.0016957 0.0014376 0.0016948 0.0020042 0.0017977 0.0006148 0.0003586 0.0005636 0.0011293 0.0008711 0.0007173 0.0010776 0.0008199 0.0008199 0.0008199 0.0009224 0.0006666 0.0004611 0.0004098 0.0003586 0.0008211 0.0003586 0.0006661 0.0006148 0.0006148 0.0006661 0.0003073 0.0000000 0.0005636 0.0006148 0.0006148 0.0001537 0.0002561 0.0004098 0.0006661 0.0002561 0.0004098 0.0003073 0.0005636 0.0005123 0.0003073 0.0003586 0.0006148 0.0004611 0.0005123 0.0006661 0.0005123 0.0003586 0.0009224 0.0006661 0.0008211 0.0008711 0.0005636 0.0004098 0.0004098 0.0007686 0.0005636 0.0003586 0.0005123 0.0005123 0.0006148 0.0007173 0.0007173 0.0010774 0.0008199 0.0007173 0.0007173 0.0008711 0.0004611 0.0006661 0.0008199 0.0006148 0.0005123 0.0013859 0.0014373 0.0009747 0.0014375 0.0013347 0.0013862 0.0366769 0.0376707 0.0363887 0.0330774 
