93
RESTV_M.fas-tc_USA_89_Philippines89-Pennsylvania_NC_004161 0.0000000 0.0250598 0.0346534 1.9311115 1.9310763 2.1263362 2.1527349 1.9018529 1.9027121 1.9023660 1.9053761 1.9101154 1.9102984 1.9097050 1.9090439 1.9062567 1.9096996 1.9096996 1.9096649 1.9097373 1.9098006 1.9099283 1.9076073 1.9093261 1.9084677 1.9113586 1.9119960 1.9111870 1.9098260 1.9095394 1.9098260 1.9099350 1.9101493 1.9111635 1.9111635 1.9114360 1.9112339 1.9104358 1.9108814 1.9105031 1.9105031 1.9107083 1.9101239 1.9112173 1.9108463 1.9101239 1.9106313 1.9091788 1.9091788 1.9104217 1.9093515 1.9102082 1.9138450 1.9135119 1.9121016 1.9126123 1.9102045 1.9103018 1.9107933 1.9113200 1.9112850 1.9100743 1.9115510 1.9095688 1.9101137 1.9104141 1.9125592 1.9093646 1.9112875 1.9112875 1.9113840 1.9100323 1.9085235 1.9126352 1.9077191 1.9080168 1.9060248 1.9060248 1.9072205 1.9077912 1.9071859 1.9092117 1.9102269 1.9097651 1.9097651 1.9091598 1.9104860 1.9061566 1.9061566 1.9171834 1.9125682 1.9188708 1.9157853 
RESTV_S.dom-tc_PHL_08_Reston08-A_FJ621583                  0.0250598 0.0000000 0.0512586 1.9609381 1.9609017 2.1322011 2.1670087 1.9065544 1.9070111 1.9066631 1.9096814 1.9201779 1.9203630 1.9197667 1.9192806 1.9166549 1.9197576 1.9197576 1.9197226 1.9196179 1.9198581 1.9199905 1.9176547 1.9193834 1.9185201 1.9219845 1.9218873 1.9210724 1.9198846 1.9195976 1.9198846 1.9202161 1.9204300 1.9214469 1.9214469 1.9217198 1.9212984 1.9204955 1.9209418 1.9205591 1.9205591 1.9207684 1.9201830 1.9212827 1.9188290 1.9201830 1.9206913 1.9192308 1.9192308 1.9204815 1.9194052 1.9208279 1.9239233 1.9235893 1.9222583 1.9228670 1.9202646 1.9203615 1.9208539 1.9213820 1.9213499 1.9201332 1.9216174 1.9196268 1.9201727 1.9204744 1.9226295 1.9194191 1.9213526 1.9213526 1.9214496 1.9200927 1.9191393 1.9227090 1.9175883 1.9178866 1.9158871 1.9158871 1.9170855 1.9176579 1.9170506 1.9190870 1.9202895 1.9198278 1.9198278 1.9192211 1.9205575 1.9161999 1.9161999 1.9244569 1.9185656 1.9248474 1.9215780 
RESTV_S.dom-xx_PHL_08_Reston08-C_FJ621584                  0.0346534 0.0512586 0.0000000 1.9588138 1.9587776 2.1133543 2.1247364 1.9030350 1.9036312 1.9032850 1.9063684 1.9062471 1.9065893 1.9059974 1.9057427 1.9027188 1.9053256 1.9053256 1.9052911 1.9053629 1.9047593 1.9055523 1.9032392 1.9049527 1.9040970 1.9069803 1.9074379 1.9066320 1.9054517 1.9051655 1.9054517 1.9057203 1.9057745 1.9067871 1.9067871 1.9070592 1.9068563 1.9060607 1.9065058 1.9063923 1.9063923 1.9063328 1.9057492 1.9064344 1.9059104 1.9057492 1.9062560 1.9048078 1.9048078 1.9060466 1.9049796 1.9058332 1.9093747 1.9091275 1.9077203 1.9082289 1.9058294 1.9059268 1.9064176 1.9068582 1.9069071 1.9056997 1.9071723 1.9051949 1.9057392 1.9060388 1.9081782 1.9049924 1.9069096 1.9069096 1.9070058 1.9050747 1.9041512 1.9086514 1.9031734 1.9034707 1.9020410 1.9020410 1.9026769 1.9026650 1.9026425 1.9046624 1.9065186 1.9060571 1.9060571 1.9054527 1.9067743 1.9040475 1.9040475 1.9133148 1.9104510 1.9168443 1.9118257 
SUDV_H.sap-xx_UGA_12_EboSud-603_KC545390                   1.9311115 1.9609381 1.9588138 0.0000000 0.0000512 2.2475691 2.2858537 2.0097171 2.0101934 2.0094582 2.0126299 2.0375689 2.0366691 2.0357243 2.0340738 2.0340418 2.0341408 2.0341408 2.0345249 2.0348819 2.0325531 2.0331925 2.0318367 2.0338255 2.0329050 2.0347423 2.0327019 2.0351183 2.0342736 2.0341408 2.0342736 2.0353540 2.0339588 2.0332154 2.0332154 2.0332670 2.0312139 2.0338772 2.0321168 2.0347734 2.0347734 2.0341553 2.0343945 2.0340775 2.0353666 2.0343945 2.0340520 2.0322888 2.0322888 2.0346998 2.0332101 2.0341408 2.0361494 2.0358869 2.0343194 2.0349597 2.0350667 2.0343945 2.0339183 2.0367978 2.0341868 2.0358388 2.0357034 2.0340641 2.0346203 2.0359870 2.0319210 2.0333800 2.0351821 2.0351821 2.0355519 2.0331375 2.0366832 2.0334319 2.0337883 2.0345167 2.0338861 2.0338861 2.0354647 2.0343924 2.0354257 2.0345901 2.0335769 2.0360438 2.0360438 2.0354213 2.0374898 2.0354335 2.0354335 2.0240754 2.0244569 2.0352318 2.0217928 
SUDV_H.sap-xx_UGA_12_EboSud-609_KC545391                   1.9310763 1.9609017 1.9587776 0.0000512 0.0000000 2.2475212 2.2858031 2.0096791 2.0101553 2.0094202 2.0125918 2.0375298 2.0366301 2.0356853 2.0340349 2.0340029 2.0341019 2.0341019 2.0344860 2.0348429 2.0325143 2.0331536 2.0317979 2.0337866 2.0328662 2.0347034 2.0326631 2.0350794 2.0342347 2.0341019 2.0342347 2.0353150 2.0339199 2.0331765 2.0331765 2.0332281 2.0311751 2.0338383 2.0320779 2.0347345 2.0347345 2.0341164 2.0343556 2.0340386 2.0353276 2.0343556 2.0340131 2.0322500 2.0322500 2.0346609 2.0331712 2.0341019 2.0361104 2.0358480 2.0342805 2.0349207 2.0350278 2.0343556 2.0338794 2.0367588 2.0341479 2.0357998 2.0356644 2.0340252 2.0345814 2.0359480 2.0318822 2.0333412 2.0351431 2.0351431 2.0355129 2.0330986 2.0366442 2.0333930 2.0337494 2.0344777 2.0338472 2.0338472 2.0354257 2.0343535 2.0353868 2.0345512 2.0335380 2.0360048 2.0360048 2.0353823 2.0374507 2.0353946 2.0353946 2.0240369 2.0244184 2.0351928 2.0217545 
TAFV_H.sap-tc_CIV_94_Pauleoula-CI_NC_014372                2.1263362 2.1322011 2.1133543 2.2475691 2.2475212 0.0000000 0.8206070 1.3869482 1.3883902 1.3872157 1.3886067 1.4087518 1.4092714 1.4106715 1.4080926 1.4083525 1.4080487 1.4080487 1.4078085 1.4076392 1.4088427 1.4073485 1.4098413 1.4080967 1.4086989 1.4091037 1.4080968 1.4090634 1.4081425 1.4080487 1.4081425 1.4092171 1.4087793 1.4082842 1.4082842 1.4085069 1.4063672 1.4079672 1.4065530 1.4074917 1.4074917 1.4081899 1.4083827 1.4092674 1.4093356 1.4083827 1.4083827 1.4086541 1.4086541 1.4083994 1.4087154 1.4085755 1.4099521 1.4099185 1.4098080 1.4111951 1.4071443 1.4080793 1.4081608 1.4099370 1.4099405 1.4081784 1.4089064 1.4080470 1.4077150 1.4090164 1.4068601 1.4093195 1.4087460 1.4087460 1.4090307 1.4087561 1.4066927 1.4096069 1.4078385 1.4083821 1.4068271 1.4068271 1.4098723 1.4110689 1.4096319 1.4118924 1.4090493 1.4084924 1.4084924 1.4087770 1.4100631 1.4066829 1.4066829 1.4048764 1.4049819 1.4105761 1.4029132 
BDBV_H.sap-xx_COD_12_EboBund-122_KC545395                  2.1527349 2.1670087 2.1247364 2.2858537 2.2858031 0.8206070 0.0000000 1.3492971 1.3505818 1.3495669 1.3505983 1.3765438 1.3770603 1.3772670 1.3798312 1.3797732 1.3774817 1.3774817 1.3773240 1.3788500 1.3785624 1.3797121 1.3807988 1.3797540 1.3802046 1.3787071 1.3765023 1.3774855 1.3777201 1.3776267 1.3777201 1.3777971 1.3774339 1.3777848 1.3777848 1.3780076 1.3781872 1.3770838 1.3775726 1.3785364 1.3785364 1.3773066 1.3774990 1.3788149 1.3779339 1.3774990 1.3779602 1.3759797 1.3759797 1.3776567 1.3778244 1.3771655 1.3780258 1.3778520 1.3776392 1.3788567 1.3770115 1.3771973 1.3768145 1.3785934 1.3794122 1.3782480 1.3776368 1.3773093 1.3772938 1.3772489 1.3743106 1.3773759 1.3778562 1.3778562 1.3784422 1.3789129 1.3788252 1.3791493 1.3769545 1.3776381 1.3768811 1.3768811 1.3791099 1.3793199 1.3788696 1.3787268 1.3782992 1.3770603 1.3770603 1.3775684 1.3790612 1.3771808 1.3771808 1.3694214 1.3697665 1.3730804 1.3650312 
EBOV_H.sap-tc_COD_07_1Luebo_KC242786                       1.9018529 1.9065544 1.9030350 2.0097171 2.0096791 1.3869482 1.3492971 0.0000000 0.0002597 0.0002078 0.0010406 0.0309215 0.0304703 0.0307595 0.0312116 0.0312114 0.0304158 0.0304158 0.0304726 0.0308160 0.0312205 0.0306479 0.0310558 0.0307034 0.0307613 0.0310478 0.0312169 0.0310967 0.0304725 0.0305287 0.0304725 0.0311568 0.0306422 0.0306988 0.0306988 0.0307551 0.0307097 0.0305859 0.0312127 0.0308160 0.0308160 0.0305292 0.0305290 0.0306455 0.0307571 0.0305290 0.0307550 0.0305390 0.0305390 0.0305855 0.0305936 0.0306421 0.0309914 0.0308782 0.0311033 0.0314518 0.0309245 0.0306424 0.0309251 0.0312747 0.0311012 0.0311505 0.0313218 0.0310381 0.0309246 0.0306986 0.0309848 0.0308164 0.0307025 0.0307025 0.0309277 0.0309409 0.0310402 0.0309905 0.0304783 0.0306482 0.0309375 0.0309375 0.0307074 0.0311031 0.0307643 0.0309975 0.0303600 0.0300172 0.0300172 0.0300742 0.0303597 0.0302364 0.0302364 0.0212118 0.0217724 0.0212242 0.0182695 
EBOV_H.sap-tc_COD_07_M-M_HQ613403                          1.9027121 1.9070111 1.9036312 2.0101934 2.0101553 1.3883902 1.3505818 0.0002597 0.0000000 0.0001558 0.0009886 0.0308670 0.0304158 0.0307050 0.0311571 0.0311569 0.0303614 0.0303614 0.0304182 0.0307616 0.0311660 0.0305935 0.0310013 0.0306489 0.0307069 0.0309933 0.0311624 0.0310422 0.0304180 0.0304743 0.0304180 0.0311023 0.0305877 0.0306444 0.0306444 0.0307007 0.0306552 0.0305314 0.0311582 0.0307616 0.0307616 0.0304747 0.0304745 0.0305910 0.0307026 0.0304745 0.0307005 0.0304846 0.0304846 0.0305310 0.0305391 0.0305877 0.0309369 0.0308238 0.0310488 0.0313973 0.0308701 0.0305879 0.0308706 0.0312202 0.0310467 0.0310961 0.0312673 0.0309836 0.0308701 0.0306442 0.0309303 0.0307619 0.0306481 0.0306481 0.0308732 0.0308864 0.0309857 0.0309360 0.0304239 0.0305938 0.0308831 0.0308831 0.0306530 0.0310486 0.0307099 0.0309431 0.0303055 0.0299628 0.0299628 0.0300198 0.0303053 0.0301820 0.0301820 0.0211581 0.0217186 0.0211704 0.0182161 
EBOV_H.sap-tc_COD_07_5Luebo_KC242790                       1.9023660 1.9066631 1.9032850 2.0094582 2.0094202 1.3872157 1.3495669 0.0002078 0.0001558 0.0000000 0.0009364 0.0308084 0.0303573 0.0306464 0.0310984 0.0310982 0.0303028 0.0303028 0.0303597 0.0307030 0.0311073 0.0305349 0.0309426 0.0305903 0.0306483 0.0309346 0.0311037 0.0309835 0.0303595 0.0304158 0.0303595 0.0310436 0.0305292 0.0305858 0.0305858 0.0306421 0.0305966 0.0304729 0.0310995 0.0307030 0.0307030 0.0304162 0.0304160 0.0305324 0.0306440 0.0304160 0.0306419 0.0304260 0.0304260 0.0304725 0.0304805 0.0305291 0.0308782 0.0307651 0.0309901 0.0313385 0.0308115 0.0305293 0.0308120 0.0311615 0.0309880 0.0310374 0.0312086 0.0309250 0.0308115 0.0305856 0.0308716 0.0307033 0.0305895 0.0305895 0.0308146 0.0308278 0.0309270 0.0308773 0.0303653 0.0305352 0.0308244 0.0308244 0.0305944 0.0309899 0.0306513 0.0308844 0.0302470 0.0299044 0.0299044 0.0299614 0.0302468 0.0301236 0.0301236 0.0211016 0.0216621 0.0211140 0.0181603 
EBOV_H.sap-tc_COD_08_034-KS_HQ613402                       1.9053761 1.9096814 1.9063684 2.0126299 2.0125918 1.3886067 1.3505983 0.0010406 0.0009886 0.0009364 0.0000000 0.0317254 0.0312733 0.0315633 0.0320164 0.0320162 0.0312187 0.0312187 0.0312757 0.0316200 0.0320255 0.0314515 0.0318606 0.0315071 0.0315652 0.0318524 0.0320219 0.0319011 0.0312755 0.0313319 0.0312755 0.0319615 0.0314456 0.0315024 0.0315024 0.0315588 0.0315135 0.0313892 0.0320175 0.0316200 0.0316200 0.0313324 0.0313321 0.0314490 0.0315608 0.0313321 0.0315586 0.0313425 0.0313425 0.0313888 0.0313971 0.0314456 0.0317958 0.0316824 0.0319079 0.0322574 0.0317286 0.0314458 0.0317292 0.0320798 0.0319058 0.0319551 0.0321267 0.0318424 0.0317286 0.0315022 0.0317890 0.0316203 0.0315062 0.0315062 0.0317318 0.0317454 0.0318445 0.0317409 0.0312815 0.0314518 0.0317420 0.0317420 0.0315112 0.0319077 0.0315683 0.0318022 0.0311628 0.0308192 0.0308192 0.0308763 0.0311626 0.0310387 0.0310387 0.0219913 0.0225535 0.0218935 0.0190413 
EBOV_H.sap-wt_GIN_14_Makona-Gueckedou-EM_080076_KR817235   1.9101154 1.9201779 1.9062471 2.0375689 2.0375298 1.4087518 1.3765438 0.0309215 0.0308670 0.0308084 0.0317254 0.0000000 0.0011434 0.0015615 0.0022923 0.0021878 0.0014571 0.0014571 0.0015092 0.0018224 0.0020840 0.0016660 0.0019277 0.0017181 0.0017703 0.0019271 0.0021882 0.0020833 0.0015092 0.0015614 0.0015092 0.0021358 0.0016657 0.0018222 0.0018222 0.0018744 0.0018228 0.0017179 0.0022924 0.0020312 0.0020312 0.0016657 0.0015614 0.0016658 0.0017701 0.0015614 0.0017700 0.0017181 0.0017181 0.0016135 0.0016140 0.0016657 0.0018750 0.0017706 0.0020837 0.0022934 0.0019265 0.0016657 0.0019266 0.0023451 0.0020836 0.0021353 0.0022921 0.0020310 0.0019265 0.0018223 0.0020315 0.0018225 0.0017181 0.0017181 0.0019267 0.0019797 0.0020311 0.0020838 0.0018225 0.0019791 0.0021362 0.0021362 0.0018227 0.0021882 0.0018749 0.0020842 0.0014050 0.0011954 0.0011954 0.0012485 0.0015092 0.0019270 0.0019270 0.0351297 0.0355488 0.0350917 0.0322785 
EBOV_H.sap-wt_GIN_14_Makona-Gueckedou-EM_079702_KR817210   1.9102984 1.9203630 1.9065893 2.0366691 2.0366301 1.4092714 1.3770603 0.0304703 0.0304158 0.0303573 0.0312733 0.0011434 0.0000000 0.0011446 0.0018746 0.0017702 0.0010394 0.0010394 0.0010914 0.0015095 0.0017708 0.0013531 0.0016145 0.0014052 0.0014574 0.0016140 0.0017706 0.0016658 0.0010914 0.0011445 0.0010914 0.0017182 0.0012487 0.0014050 0.0014050 0.0014572 0.0014055 0.0013008 0.0018747 0.0016138 0.0016138 0.0012487 0.0011445 0.0012488 0.0013530 0.0011445 0.0013529 0.0013009 0.0013009 0.0011966 0.0011969 0.0012487 0.0015619 0.0014576 0.0017705 0.0019799 0.0015093 0.0012487 0.0015093 0.0019273 0.0016661 0.0017179 0.0018745 0.0016136 0.0015093 0.0014051 0.0016140 0.0014052 0.0013009 0.0013009 0.0015094 0.0015621 0.0016137 0.0016662 0.0014053 0.0015617 0.0017186 0.0017186 0.0014054 0.0017705 0.0014576 0.0016666 0.0009874 0.0007794 0.0007794 0.0008314 0.0010914 0.0015096 0.0015096 0.0346735 0.0350920 0.0346353 0.0318259 
EBOV_H.sap-wt_GIN_14_Makona-Gueckedou-EM_079587_KR817202   1.9097050 1.9197667 1.9059974 2.0357243 2.0356853 1.4106715 1.3772670 0.0307595 0.0307050 0.0306464 0.0315633 0.0015615 0.0011446 0.0000000 0.0018749 0.0017704 0.0010394 0.0010394 0.0010925 0.0015097 0.0017710 0.0013533 0.0016147 0.0014054 0.0014576 0.0016142 0.0017708 0.0016660 0.0010925 0.0011446 0.0010925 0.0017184 0.0012488 0.0014052 0.0014052 0.0014573 0.0014057 0.0013009 0.0018749 0.0016140 0.0016140 0.0012488 0.0011446 0.0012489 0.0013531 0.0011446 0.0013530 0.0013011 0.0013011 0.0011967 0.0011970 0.0012488 0.0015621 0.0014578 0.0017707 0.0019801 0.0015094 0.0012488 0.0015095 0.0019275 0.0016663 0.0017181 0.0018747 0.0016138 0.0015094 0.0014053 0.0016142 0.0014054 0.0013011 0.0013011 0.0015096 0.0015623 0.0016139 0.0016664 0.0014054 0.0015619 0.0017187 0.0017187 0.0014056 0.0017707 0.0014577 0.0016668 0.0009874 0.0007794 0.0007794 0.0008314 0.0010925 0.0015098 0.0015098 0.0349669 0.0353860 0.0349289 0.0321163 
EBOV_H.sap-wt_GIN_14_Makona-Gueckedou-EM_079750_KR817213   1.9090439 1.9192806 1.9057427 2.0340738 2.0340349 1.4080926 1.3798312 0.0312116 0.0311571 0.0310984 0.0320164 0.0022923 0.0018746 0.0018749 0.0000000 0.0006235 0.0015616 0.0015616 0.0016138 0.0020315 0.0022933 0.0018750 0.0021369 0.0019271 0.0019794 0.0020842 0.0022930 0.0021880 0.0016137 0.0016659 0.0016137 0.0022405 0.0017703 0.0019269 0.0019269 0.0019791 0.0019275 0.0018225 0.0023973 0.0021360 0.0021360 0.0017703 0.0016659 0.0017704 0.0018747 0.0016659 0.0018746 0.0018227 0.0018227 0.0017181 0.0017185 0.0017703 0.0020841 0.0019796 0.0022930 0.0025028 0.0020312 0.0017703 0.0020313 0.0024500 0.0021883 0.0022401 0.0023969 0.0021357 0.0020312 0.0019270 0.0021362 0.0019271 0.0018227 0.0018227 0.0020314 0.0020844 0.0021358 0.0021885 0.0019272 0.0020838 0.0022410 0.0022410 0.0019274 0.0022930 0.0019796 0.0021890 0.0015095 0.0013008 0.0013008 0.0013529 0.0016137 0.0020317 0.0020317 0.0353096 0.0357291 0.0353862 0.0325698 
EBOV_H.sap-wt_GIN_14_Makona-Gueckedou-EM_079910_KR817221   1.9062567 1.9166549 1.9027188 2.0340418 2.0340029 1.4083525 1.3797732 0.0312114 0.0311569 0.0310982 0.0320162 0.0021878 0.0017702 0.0017704 0.0006235 0.0000000 0.0014573 0.0014573 0.0015094 0.0019271 0.0021887 0.0017705 0.0020324 0.0018227 0.0018750 0.0019797 0.0021885 0.0020836 0.0015094 0.0015616 0.0015094 0.0021360 0.0016659 0.0018224 0.0018224 0.0018746 0.0018231 0.0017181 0.0022927 0.0020315 0.0020315 0.0016659 0.0015616 0.0016661 0.0017703 0.0015616 0.0017702 0.0017183 0.0017183 0.0016137 0.0016142 0.0016659 0.0019796 0.0018752 0.0021885 0.0023982 0.0019268 0.0016659 0.0019268 0.0023454 0.0020838 0.0021356 0.0022924 0.0020312 0.0019268 0.0018225 0.0020317 0.0018227 0.0017183 0.0017183 0.0019270 0.0019799 0.0020313 0.0020840 0.0018227 0.0019794 0.0021365 0.0021365 0.0018229 0.0021884 0.0018751 0.0020845 0.0014052 0.0011965 0.0011965 0.0012487 0.0015094 0.0019272 0.0019272 0.0351951 0.0356144 0.0353860 0.0325076 
EBOV_H.sap-wt_LBR_14_Makona-LIBR0430_KR006955              1.9096996 1.9197576 1.9053256 2.0341408 2.0341019 1.4080487 1.3774817 0.0304158 0.0303614 0.0303028 0.0312187 0.0014571 0.0010394 0.0010394 0.0015616 0.0014573 0.0000000 0.0000010 0.0000519 0.0004676 0.0007274 0.0003117 0.0005715 0.0003636 0.0004156 0.0005715 0.0007274 0.0006235 0.0000519 0.0001039 0.0000519 0.0006755 0.0002078 0.0003636 0.0003636 0.0004156 0.0003636 0.0002597 0.0008314 0.0005715 0.0005715 0.0002078 0.0001039 0.0002078 0.0003117 0.0001039 0.0003117 0.0002597 0.0002597 0.0001558 0.0001558 0.0002078 0.0005195 0.0004156 0.0007274 0.0009364 0.0004676 0.0002078 0.0004676 0.0008834 0.0006235 0.0006755 0.0008314 0.0005715 0.0004676 0.0003636 0.0005715 0.0003636 0.0002597 0.0002597 0.0004676 0.0005195 0.0005715 0.0006235 0.0003636 0.0005195 0.0006755 0.0006755 0.0003636 0.0007274 0.0004156 0.0006235 0.0001558 0.0004676 0.0004676 0.0005195 0.0007794 0.0011968 0.0011968 0.0346187 0.0350371 0.0345804 0.0317714 
EBOV_H.sap-wt_SLE_14_Makona-G3734.1_KM233055               1.9096996 1.9197576 1.9053256 2.0341408 2.0341019 1.4080487 1.3774817 0.0304158 0.0303614 0.0303028 0.0312187 0.0014571 0.0010394 0.0010394 0.0015616 0.0014573 0.0000010 0.0000000 0.0000519 0.0004676 0.0007274 0.0003117 0.0005715 0.0003636 0.0004156 0.0005715 0.0007274 0.0006235 0.0000519 0.0001039 0.0000519 0.0006755 0.0002078 0.0003636 0.0003636 0.0004156 0.0003636 0.0002597 0.0008314 0.0005715 0.0005715 0.0002078 0.0001039 0.0002078 0.0003117 0.0001039 0.0003117 0.0002597 0.0002597 0.0001558 0.0001558 0.0002078 0.0005195 0.0004156 0.0007274 0.0009364 0.0004676 0.0002078 0.0004676 0.0008834 0.0006235 0.0006755 0.0008314 0.0005715 0.0004676 0.0003636 0.0005715 0.0003636 0.0002597 0.0002597 0.0004676 0.0005195 0.0005715 0.0006235 0.0003636 0.0005195 0.0006755 0.0006755 0.0003636 0.0007274 0.0004156 0.0006235 0.0001558 0.0004676 0.0004676 0.0005195 0.0007794 0.0011968 0.0011968 0.0346187 0.0350371 0.0345804 0.0317714 
EBOV_H.sap-wt_LBR_15_Makona-Liberia-DQE4_KR074998          1.9096649 1.9197226 1.9052911 2.0345249 2.0344860 1.4078085 1.3773240 0.0304726 0.0304182 0.0303597 0.0312757 0.0015092 0.0010914 0.0010925 0.0016138 0.0015094 0.0000519 0.0000519 0.0000000 0.0005195 0.0007794 0.0003636 0.0006235 0.0004156 0.0004676 0.0006235 0.0007794 0.0006755 0.0001039 0.0001558 0.0001039 0.0007274 0.0002597 0.0004156 0.0004156 0.0004676 0.0004156 0.0003117 0.0008834 0.0006235 0.0006235 0.0002597 0.0001558 0.0002597 0.0003636 0.0001558 0.0003636 0.0003117 0.0003117 0.0002078 0.0002078 0.0002597 0.0005715 0.0004676 0.0007794 0.0009885 0.0005195 0.0002597 0.0005195 0.0009354 0.0006755 0.0007274 0.0008834 0.0006235 0.0005195 0.0004156 0.0006235 0.0004156 0.0003117 0.0003117 0.0005195 0.0005715 0.0006235 0.0006755 0.0004156 0.0005715 0.0007274 0.0007274 0.0004156 0.0007794 0.0004676 0.0006755 0.0002078 0.0005195 0.0005195 0.0005715 0.0008314 0.0012489 0.0012489 0.0346762 0.0350947 0.0346380 0.0318284 
EBOV_H.sap-wt_GIN_14_Makona-Kankan-EM_078639_KR817166      1.9097373 1.9196179 1.9053629 2.0348819 2.0348429 1.4076392 1.3788500 0.0308160 0.0307616 0.0307030 0.0316200 0.0018224 0.0015095 0.0015097 0.0020315 0.0019271 0.0004676 0.0004676 0.0005195 0.0000000 0.0006755 0.0003636 0.0006235 0.0004156 0.0004676 0.0009354 0.0011967 0.0010914 0.0005195 0.0005715 0.0005195 0.0011445 0.0006755 0.0008314 0.0008314 0.0008834 0.0008314 0.0007274 0.0013008 0.0010394 0.0010394 0.0006755 0.0005715 0.0006755 0.0007794 0.0005715 0.0007794 0.0007275 0.0007275 0.0006235 0.0006235 0.0006755 0.0009874 0.0008834 0.0011967 0.0014056 0.0009354 0.0006755 0.0009354 0.0013532 0.0010925 0.0011434 0.0013006 0.0010394 0.0009354 0.0008314 0.0010404 0.0008314 0.0007274 0.0007274 0.0009354 0.0009885 0.0010394 0.0010925 0.0008314 0.0009874 0.0011448 0.0011448 0.0008314 0.0011967 0.0008834 0.0010928 0.0006235 0.0009354 0.0009354 0.0009874 0.0012488 0.0016663 0.0016663 0.0350240 0.0354431 0.0349860 0.0321730 
EBOV_H.sap-wt_GIN_14_Makona-Faranah-EM_078415_KR817160     1.9098006 1.9198581 1.9047593 2.0325531 2.0325143 1.4088427 1.3785624 0.0312205 0.0311660 0.0311073 0.0320255 0.0020840 0.0017708 0.0017710 0.0022933 0.0021887 0.0007274 0.0007274 0.0007794 0.0006755 0.0000000 0.0006235 0.0008844 0.0006755 0.0007274 0.0011971 0.0014577 0.0013532 0.0007794 0.0008314 0.0007794 0.0014055 0.0009354 0.0010925 0.0010925 0.0011446 0.0010929 0.0009874 0.0015619 0.0013011 0.0013011 0.0009354 0.0008314 0.0009354 0.0010405 0.0008314 0.0010404 0.0009885 0.0009885 0.0008834 0.0008844 0.0009354 0.0012492 0.0011450 0.0014577 0.0016669 0.0011967 0.0009354 0.0011967 0.0016143 0.0013533 0.0014052 0.0015617 0.0013010 0.0011967 0.0010926 0.0013013 0.0010927 0.0009885 0.0009885 0.0011968 0.0011970 0.0013010 0.0013535 0.0010927 0.0012491 0.0014057 0.0014057 0.0010928 0.0014577 0.0011449 0.0013538 0.0008834 0.0011969 0.0011969 0.0012490 0.0015099 0.0019278 0.0019278 0.0354342 0.0358540 0.0353963 0.0325791 
EBOV_H.sap-wt_GIN_14_Makona-Macenta-EM_076191_KR817141     1.9099283 1.9199905 1.9055523 2.0331925 2.0331536 1.4073485 1.3797121 0.0306479 0.0305935 0.0305349 0.0314515 0.0016660 0.0013531 0.0013533 0.0018750 0.0017705 0.0003117 0.0003117 0.0003636 0.0003636 0.0006235 0.0000000 0.0004676 0.0002597 0.0003117 0.0007794 0.0010405 0.0009354 0.0003636 0.0004156 0.0003636 0.0009874 0.0005195 0.0006755 0.0006755 0.0007274 0.0006755 0.0005715 0.0011445 0.0008834 0.0008834 0.0005195 0.0004156 0.0005195 0.0006235 0.0004156 0.0006235 0.0005715 0.0005715 0.0004676 0.0004676 0.0005195 0.0008314 0.0007274 0.0010405 0.0012493 0.0007794 0.0005195 0.0007794 0.0011969 0.0009354 0.0009874 0.0011434 0.0008834 0.0007794 0.0006755 0.0008834 0.0006755 0.0005715 0.0005715 0.0007794 0.0008314 0.0008834 0.0009354 0.0006755 0.0008314 0.0009885 0.0009885 0.0006755 0.0010405 0.0007274 0.0009365 0.0004676 0.0007794 0.0007794 0.0008314 0.0010926 0.0015099 0.0015099 0.0348049 0.0352237 0.0348161 0.0320045 
EBOV_H.sap-wt_GIN_14_Makona-Beyla-EM_075931_KR817138       1.9076073 1.9176547 1.9032392 2.0318367 2.0317979 1.4098413 1.3807988 0.0310558 0.0310013 0.0309426 0.0318606 0.0019277 0.0016145 0.0016147 0.0021369 0.0020324 0.0005715 0.0005715 0.0006235 0.0006235 0.0008844 0.0004676 0.0000000 0.0005195 0.0005715 0.0010409 0.0013015 0.0011970 0.0006235 0.0006755 0.0006235 0.0012493 0.0007794 0.0009365 0.0009365 0.0009885 0.0009368 0.0008314 0.0014057 0.0011450 0.0011450 0.0007794 0.0006755 0.0007794 0.0008834 0.0006755 0.0008834 0.0008315 0.0008315 0.0007274 0.0007274 0.0007794 0.0010930 0.0009888 0.0013015 0.0015106 0.0010406 0.0007794 0.0010406 0.0014581 0.0011972 0.0012490 0.0014055 0.0011448 0.0010406 0.0009365 0.0011451 0.0009366 0.0008314 0.0008314 0.0010407 0.0010932 0.0011449 0.0011973 0.0009366 0.0010929 0.0012495 0.0012495 0.0009367 0.0013015 0.0009888 0.0011975 0.0007274 0.0010408 0.0010408 0.0010929 0.0013537 0.0017715 0.0017715 0.0352682 0.0356878 0.0352302 0.0324141 
EBOV_H.sap-wt_GIN_14_Makona-Kissidougou-EM_078694_KR817171 1.9093261 1.9193834 1.9049527 2.0338255 2.0337866 1.4080967 1.3797540 0.0307034 0.0306489 0.0305903 0.0315071 0.0017181 0.0014052 0.0014054 0.0019271 0.0018227 0.0003636 0.0003636 0.0004156 0.0004156 0.0006755 0.0002597 0.0005195 0.0000000 0.0000519 0.0008314 0.0010925 0.0009874 0.0004156 0.0004676 0.0004156 0.0010394 0.0005715 0.0007274 0.0007274 0.0007794 0.0007274 0.0006235 0.0011966 0.0009354 0.0009354 0.0005715 0.0004676 0.0005715 0.0006755 0.0004676 0.0006755 0.0006235 0.0006235 0.0005195 0.0005195 0.0005715 0.0008834 0.0007794 0.0010925 0.0013014 0.0008314 0.0005715 0.0008314 0.0012489 0.0009874 0.0010394 0.0011965 0.0009354 0.0008314 0.0007274 0.0009354 0.0007274 0.0006235 0.0006235 0.0008314 0.0008834 0.0009354 0.0009874 0.0007274 0.0008834 0.0010406 0.0010406 0.0007274 0.0010925 0.0007794 0.0009886 0.0005195 0.0008314 0.0008314 0.0008834 0.0011446 0.0015620 0.0015620 0.0350245 0.0354436 0.0349864 0.0321734 
EBOV_H.sap-wt_GIN_14_Makona-Kissidougou-EM_078722_KR817175 1.9084677 1.9185201 1.9040970 2.0329050 2.0328662 1.4086989 1.3802046 0.0307613 0.0307069 0.0306483 0.0315652 0.0017703 0.0014574 0.0014576 0.0019794 0.0018750 0.0004156 0.0004156 0.0004676 0.0004676 0.0007274 0.0003117 0.0005715 0.0000519 0.0000000 0.0008834 0.0011447 0.0010394 0.0004676 0.0005195 0.0004676 0.0010925 0.0006235 0.0007794 0.0007794 0.0008314 0.0007794 0.0006755 0.0012488 0.0009874 0.0009874 0.0006235 0.0005195 0.0006235 0.0007274 0.0005195 0.0007274 0.0006755 0.0006755 0.0005715 0.0005715 0.0006235 0.0009354 0.0008314 0.0011447 0.0013536 0.0008834 0.0006235 0.0008834 0.0013011 0.0010404 0.0010914 0.0012486 0.0009874 0.0008834 0.0007794 0.0009874 0.0007794 0.0006755 0.0006755 0.0008834 0.0009365 0.0009874 0.0010405 0.0007794 0.0009354 0.0010927 0.0010927 0.0007794 0.0011447 0.0008314 0.0010407 0.0005715 0.0008834 0.0008834 0.0009354 0.0011968 0.0016142 0.0016142 0.0350833 0.0355025 0.0350453 0.0322317 
EBOV_H.sap-wt_LBR_14_Makona-LIBR0505_KR006957              1.9113586 1.9219845 1.9069803 2.0347423 2.0347034 1.4091037 1.3787071 0.0310478 0.0309933 0.0309346 0.0318524 0.0019271 0.0016140 0.0016142 0.0020842 0.0019797 0.0005715 0.0005715 0.0006235 0.0009354 0.0011971 0.0007794 0.0010409 0.0008314 0.0008834 0.0000000 0.0013012 0.0011967 0.0006235 0.0006755 0.0006235 0.0012489 0.0007794 0.0009354 0.0009354 0.0009874 0.0009365 0.0008314 0.0014053 0.0011447 0.0011447 0.0007794 0.0006755 0.0007794 0.0008834 0.0006755 0.0008834 0.0008315 0.0008315 0.0007274 0.0007274 0.0007794 0.0010927 0.0009886 0.0013012 0.0015102 0.0010394 0.0007794 0.0010394 0.0014577 0.0011968 0.0012487 0.0014051 0.0011445 0.0010394 0.0009354 0.0011448 0.0009354 0.0008314 0.0008314 0.0010404 0.0010929 0.0011446 0.0011969 0.0009354 0.0010926 0.0012492 0.0012492 0.0009364 0.0013012 0.0009885 0.0011972 0.0007274 0.0010405 0.0010405 0.0010926 0.0013533 0.0017710 0.0017710 0.0352592 0.0356787 0.0352212 0.0324058 
EBOV_H.sap-wt_SLE_14_Makona-Kailahun-20140517_KR653263     1.9119960 1.9218873 1.9074379 2.0327019 2.0326631 1.4080968 1.3765023 0.0312169 0.0311624 0.0311037 0.0320219 0.0021882 0.0017706 0.0017708 0.0022930 0.0021885 0.0007274 0.0007274 0.0007794 0.0011967 0.0014577 0.0010405 0.0013015 0.0010925 0.0011447 0.0013012 0.0000000 0.0006235 0.0006755 0.0007274 0.0006755 0.0014053 0.0009354 0.0010914 0.0010914 0.0011445 0.0010928 0.0009874 0.0015617 0.0013010 0.0013010 0.0009354 0.0008314 0.0009354 0.0010394 0.0008314 0.0010394 0.0009875 0.0009875 0.0008834 0.0008834 0.0009354 0.0012491 0.0011448 0.0014576 0.0016667 0.0011966 0.0009354 0.0011966 0.0016141 0.0013532 0.0014050 0.0015615 0.0013008 0.0011966 0.0010925 0.0013011 0.0010925 0.0009874 0.0009874 0.0011967 0.0012493 0.0013009 0.0013533 0.0010926 0.0012489 0.0014056 0.0014056 0.0010927 0.0014576 0.0011448 0.0013536 0.0008834 0.0011967 0.0011967 0.0012489 0.0015097 0.0019276 0.0019276 0.0354301 0.0358499 0.0353922 0.0325754 
EBOV_H.sap-wt_SLE_14_Makona-G4973_1_KR105286               1.9111870 1.9210724 1.9066320 2.0351183 2.0350794 1.4090634 1.3774855 0.0310967 0.0310422 0.0309835 0.0319011 0.0020833 0.0016658 0.0016660 0.0021880 0.0020836 0.0006235 0.0006235 0.0006755 0.0010914 0.0013532 0.0009354 0.0011970 0.0009874 0.0010394 0.0011967 0.0006235 0.0000000 0.0005715 0.0006235 0.0005715 0.0013008 0.0008314 0.0009874 0.0009874 0.0010394 0.0009874 0.0008834 0.0014571 0.0011965 0.0011965 0.0008314 0.0007274 0.0008314 0.0009354 0.0007274 0.0009354 0.0008835 0.0008835 0.0007794 0.0007794 0.0008314 0.0011446 0.0010394 0.0013530 0.0015620 0.0010914 0.0008314 0.0010914 0.0015095 0.0012487 0.0013005 0.0014569 0.0011954 0.0010914 0.0009874 0.0011966 0.0009874 0.0008834 0.0008834 0.0010914 0.0011448 0.0011954 0.0012488 0.0009874 0.0011445 0.0013010 0.0013010 0.0009874 0.0013530 0.0010394 0.0012491 0.0007794 0.0010914 0.0010914 0.0011434 0.0014051 0.0018228 0.0018228 0.0353075 0.0357270 0.0352696 0.0324544 
EBOV_H.sap-wt_SLE_14_Makona-G3799_KM233080                 1.9098260 1.9198846 1.9054517 2.0342736 2.0342347 1.4081425 1.3777201 0.0304725 0.0304180 0.0303595 0.0312755 0.0015092 0.0010914 0.0010925 0.0016137 0.0015094 0.0000519 0.0000519 0.0001039 0.0005195 0.0007794 0.0003636 0.0006235 0.0004156 0.0004676 0.0006235 0.0006755 0.0005715 0.0000000 0.0000519 0.0000010 0.0007274 0.0002597 0.0004156 0.0004156 0.0004676 0.0004156 0.0003117 0.0008834 0.0006235 0.0006235 0.0002597 0.0001558 0.0002597 0.0003636 0.0001558 0.0003636 0.0003117 0.0003117 0.0002078 0.0002078 0.0002597 0.0005715 0.0004676 0.0007794 0.0009885 0.0005195 0.0002597 0.0005195 0.0009354 0.0006755 0.0007274 0.0008834 0.0006235 0.0005195 0.0004156 0.0006235 0.0004156 0.0003117 0.0003117 0.0005195 0.0005715 0.0006235 0.0006755 0.0004156 0.0005715 0.0007274 0.0007274 0.0004156 0.0007794 0.0004676 0.0006755 0.0002078 0.0005195 0.0005195 0.0005715 0.0008314 0.0012489 0.0012489 0.0346760 0.0350945 0.0346378 0.0318282 
EBOV_H.sap-wt_SLE_14_Makona-G3788_KM233075                 1.9095394 1.9195976 1.9051655 2.0341408 2.0341019 1.4080487 1.3776267 0.0305287 0.0304743 0.0304158 0.0313319 0.0015614 0.0011445 0.0011446 0.0016659 0.0015616 0.0001039 0.0001039 0.0001558 0.0005715 0.0008314 0.0004156 0.0006755 0.0004676 0.0005195 0.0006755 0.0007274 0.0006235 0.0000519 0.0000000 0.0000519 0.0007794 0.0003117 0.0004676 0.0004676 0.0005195 0.0004676 0.0003636 0.0009354 0.0006755 0.0006755 0.0003117 0.0002078 0.0003117 0.0004156 0.0002078 0.0004156 0.0003636 0.0003636 0.0002597 0.0002597 0.0003117 0.0006235 0.0005195 0.0008314 0.0010406 0.0005715 0.0003117 0.0005715 0.0009874 0.0007274 0.0007794 0.0009354 0.0006755 0.0005715 0.0004676 0.0006755 0.0004676 0.0003636 0.0003636 0.0005715 0.0006235 0.0006755 0.0007274 0.0004676 0.0006235 0.0007794 0.0007794 0.0004676 0.0008314 0.0005195 0.0007274 0.0002597 0.0005715 0.0005715 0.0006235 0.0008834 0.0013010 0.0013010 0.0347329 0.0351515 0.0346947 0.0318847 
EBOV_H.sap-wt_SLE_14_Makona-G3677.2_KM034557               1.9098260 1.9198846 1.9054517 2.0342736 2.0342347 1.4081425 1.3777201 0.0304725 0.0304180 0.0303595 0.0312755 0.0015092 0.0010914 0.0010925 0.0016137 0.0015094 0.0000519 0.0000519 0.0001039 0.0005195 0.0007794 0.0003636 0.0006235 0.0004156 0.0004676 0.0006235 0.0006755 0.0005715 0.0000010 0.0000519 0.0000000 0.0007274 0.0002597 0.0004156 0.0004156 0.0004676 0.0004156 0.0003117 0.0008834 0.0006235 0.0006235 0.0002597 0.0001558 0.0002597 0.0003636 0.0001558 0.0003636 0.0003117 0.0003117 0.0002078 0.0002078 0.0002597 0.0005715 0.0004676 0.0007794 0.0009885 0.0005195 0.0002597 0.0005195 0.0009354 0.0006755 0.0007274 0.0008834 0.0006235 0.0005195 0.0004156 0.0006235 0.0004156 0.0003117 0.0003117 0.0005195 0.0005715 0.0006235 0.0006755 0.0004156 0.0005715 0.0007274 0.0007274 0.0004156 0.0007794 0.0004676 0.0006755 0.0002078 0.0005195 0.0005195 0.0005715 0.0008314 0.0012489 0.0012489 0.0346760 0.0350945 0.0346378 0.0318282 
EBOV_H.sap-wt_SLE_14_Makona-Kenema-G5059_1_KR105296        1.9099350 1.9202161 1.9057203 2.0353540 2.0353150 1.4092171 1.3777971 0.0311568 0.0311023 0.0310436 0.0319615 0.0021358 0.0017182 0.0017184 0.0022405 0.0021360 0.0006755 0.0006755 0.0007274 0.0011445 0.0014055 0.0009874 0.0012493 0.0010394 0.0010925 0.0012489 0.0014053 0.0013008 0.0007274 0.0007794 0.0007274 0.0000000 0.0004676 0.0006235 0.0006235 0.0006755 0.0008314 0.0007274 0.0013009 0.0010394 0.0010394 0.0006755 0.0005715 0.0006755 0.0007794 0.0005715 0.0007794 0.0007275 0.0007275 0.0006235 0.0006235 0.0006755 0.0009884 0.0008834 0.0011968 0.0014057 0.0009354 0.0006755 0.0009354 0.0013532 0.0010925 0.0011434 0.0013007 0.0010394 0.0009354 0.0008314 0.0010405 0.0008314 0.0007274 0.0007274 0.0009354 0.0011970 0.0012486 0.0013010 0.0010394 0.0011967 0.0013533 0.0013533 0.0010405 0.0014053 0.0010926 0.0013013 0.0008314 0.0011445 0.0011445 0.0011966 0.0014574 0.0018752 0.0018752 0.0353688 0.0357884 0.0353309 0.0324609 
EBOV_H.sap-wt_SLE_14_Makona-Kenema-G4702_1_KR105265        1.9101493 1.9204300 1.9057745 2.0339588 2.0339199 1.4087793 1.3774339 0.0306422 0.0305877 0.0305292 0.0314456 0.0016657 0.0012487 0.0012488 0.0017703 0.0016659 0.0002078 0.0002078 0.0002597 0.0006755 0.0009354 0.0005195 0.0007794 0.0005715 0.0006235 0.0007794 0.0009354 0.0008314 0.0002597 0.0003117 0.0002597 0.0004676 0.0000000 0.0001558 0.0001558 0.0002078 0.0003636 0.0002597 0.0008314 0.0005715 0.0005715 0.0002078 0.0001039 0.0002078 0.0003117 0.0001039 0.0003117 0.0002597 0.0002597 0.0001558 0.0001558 0.0002078 0.0005195 0.0004156 0.0007274 0.0009364 0.0004676 0.0002078 0.0004676 0.0008834 0.0006235 0.0006755 0.0008314 0.0005715 0.0004676 0.0003636 0.0005715 0.0003636 0.0002597 0.0002597 0.0004676 0.0007274 0.0007794 0.0008314 0.0005715 0.0007274 0.0008834 0.0008834 0.0005715 0.0009354 0.0006235 0.0008314 0.0003636 0.0006755 0.0006755 0.0007274 0.0009874 0.0014053 0.0014053 0.0348476 0.0352664 0.0348095 0.0319445 
EBOV_H.sap-wt_SLE_14_Makona-Kenema-G4350_1_KR105242        1.9111635 1.9214469 1.9067871 2.0332154 2.0331765 1.4082842 1.3777848 0.0306988 0.0306444 0.0305858 0.0315024 0.0018222 0.0014050 0.0014052 0.0019269 0.0018224 0.0003636 0.0003636 0.0004156 0.0008314 0.0010925 0.0006755 0.0009365 0.0007274 0.0007794 0.0009354 0.0010914 0.0009874 0.0004156 0.0004676 0.0004156 0.0006235 0.0001558 0.0000000 0.0000010 0.0000519 0.0005195 0.0004156 0.0009874 0.0007274 0.0007274 0.0003636 0.0002597 0.0003636 0.0004676 0.0002597 0.0004676 0.0004156 0.0004156 0.0003117 0.0003117 0.0003636 0.0006755 0.0005715 0.0008834 0.0010927 0.0006235 0.0003636 0.0006235 0.0010394 0.0007794 0.0008314 0.0009874 0.0007274 0.0006235 0.0005195 0.0007274 0.0005195 0.0004156 0.0004156 0.0006235 0.0008834 0.0009354 0.0009874 0.0007274 0.0008834 0.0010404 0.0010404 0.0007274 0.0010914 0.0007794 0.0009885 0.0005195 0.0008314 0.0008314 0.0008834 0.0011445 0.0015618 0.0015618 0.0349050 0.0353238 0.0348669 0.0320014 
EBOV_H.sap-wt_SLE_14_Makona-Kenema-G4971_1_KR105284        1.9111635 1.9214469 1.9067871 2.0332154 2.0331765 1.4082842 1.3777848 0.0306988 0.0306444 0.0305858 0.0315024 0.0018222 0.0014050 0.0014052 0.0019269 0.0018224 0.0003636 0.0003636 0.0004156 0.0008314 0.0010925 0.0006755 0.0009365 0.0007274 0.0007794 0.0009354 0.0010914 0.0009874 0.0004156 0.0004676 0.0004156 0.0006235 0.0001558 0.0000010 0.0000000 0.0000519 0.0005195 0.0004156 0.0009874 0.0007274 0.0007274 0.0003636 0.0002597 0.0003636 0.0004676 0.0002597 0.0004676 0.0004156 0.0004156 0.0003117 0.0003117 0.0003636 0.0006755 0.0005715 0.0008834 0.0010927 0.0006235 0.0003636 0.0006235 0.0010394 0.0007794 0.0008314 0.0009874 0.0007274 0.0006235 0.0005195 0.0007274 0.0005195 0.0004156 0.0004156 0.0006235 0.0008834 0.0009354 0.0009874 0.0007274 0.0008834 0.0010404 0.0010404 0.0007274 0.0010914 0.0007794 0.0009885 0.0005195 0.0008314 0.0008314 0.0008834 0.0011445 0.0015618 0.0015618 0.0349050 0.0353238 0.0348669 0.0320014 
EBOV_H.sap-wt_SLE_14_Makona-Kenema-G4856_1_KR105273        1.9114360 1.9217198 1.9070592 2.0332670 2.0332281 1.4085069 1.3780076 0.0307551 0.0307007 0.0306421 0.0315588 0.0018744 0.0014572 0.0014573 0.0019791 0.0018746 0.0004156 0.0004156 0.0004676 0.0008834 0.0011446 0.0007274 0.0009885 0.0007794 0.0008314 0.0009874 0.0011445 0.0010394 0.0004676 0.0005195 0.0004676 0.0006755 0.0002078 0.0000519 0.0000519 0.0000000 0.0005715 0.0004676 0.0010394 0.0007794 0.0007794 0.0004156 0.0003117 0.0004156 0.0005195 0.0003117 0.0005195 0.0004676 0.0004676 0.0003636 0.0003636 0.0004156 0.0007274 0.0006235 0.0009354 0.0011448 0.0006755 0.0004156 0.0006755 0.0010925 0.0008314 0.0008834 0.0010394 0.0007794 0.0006755 0.0005715 0.0007794 0.0005715 0.0004676 0.0004676 0.0006755 0.0009354 0.0009874 0.0010394 0.0007794 0.0009354 0.0010925 0.0010925 0.0007794 0.0011445 0.0008314 0.0010406 0.0005715 0.0008834 0.0008834 0.0009354 0.0011966 0.0016139 0.0016139 0.0349619 0.0353808 0.0349238 0.0320578 
EBOV_H.sap-wt_SLE_14_Makona-Bonthe-G5723_1_KR105319        1.9112339 1.9212984 1.9068563 2.0312139 2.0311751 1.4063672 1.3781872 0.0307097 0.0306552 0.0305966 0.0315135 0.0018228 0.0014055 0.0014057 0.0019275 0.0018231 0.0003636 0.0003636 0.0004156 0.0008314 0.0010929 0.0006755 0.0009368 0.0007274 0.0007794 0.0009365 0.0010928 0.0009874 0.0004156 0.0004676 0.0004156 0.0008314 0.0003636 0.0005195 0.0005195 0.0005715 0.0000000 0.0002078 0.0007794 0.0005195 0.0005195 0.0001558 0.0002597 0.0003636 0.0004676 0.0002597 0.0004676 0.0004156 0.0004156 0.0003117 0.0003117 0.0003636 0.0006755 0.0005715 0.0008834 0.0010931 0.0006235 0.0003636 0.0006235 0.0010407 0.0007794 0.0008314 0.0009874 0.0007274 0.0006235 0.0005195 0.0007274 0.0005195 0.0004156 0.0004156 0.0006235 0.0008846 0.0009354 0.0009886 0.0007274 0.0008834 0.0010408 0.0010408 0.0007274 0.0010928 0.0007794 0.0009888 0.0005195 0.0008314 0.0008314 0.0008834 0.0011449 0.0015623 0.0015623 0.0349173 0.0353363 0.0348792 0.0320666 
EBOV_H.sap-wt_SLE_14_Makona-J0042_KP759711                 1.9104358 1.9204955 1.9060607 2.0338772 2.0338383 1.4079672 1.3770838 0.0305859 0.0305314 0.0304729 0.0313892 0.0017179 0.0013008 0.0013009 0.0018225 0.0017181 0.0002597 0.0002597 0.0003117 0.0007274 0.0009874 0.0005715 0.0008314 0.0006235 0.0006755 0.0008314 0.0009874 0.0008834 0.0003117 0.0003636 0.0003117 0.0007274 0.0002597 0.0004156 0.0004156 0.0004676 0.0002078 0.0000000 0.0006755 0.0004156 0.0004156 0.0000519 0.0001558 0.0002597 0.0003636 0.0001558 0.0003636 0.0003117 0.0003117 0.0002078 0.0002078 0.0002597 0.0005715 0.0004676 0.0007794 0.0009885 0.0005195 0.0002597 0.0005195 0.0009354 0.0006755 0.0007274 0.0008834 0.0006235 0.0005195 0.0004156 0.0006235 0.0004156 0.0003117 0.0003117 0.0005195 0.0007794 0.0008314 0.0008834 0.0006235 0.0007794 0.0009354 0.0009354 0.0006235 0.0009874 0.0006755 0.0008834 0.0004156 0.0007274 0.0007274 0.0007794 0.0010394 0.0014575 0.0014575 0.0347908 0.0352094 0.0347526 0.0319420 
EBOV_H.sap-wt_SLE_14_Makona-J0150_KP759696                 1.9108814 1.9209418 1.9065058 2.0321168 2.0320779 1.4065530 1.3775726 0.0312127 0.0311582 0.0310995 0.0320175 0.0022924 0.0018747 0.0018749 0.0023973 0.0022927 0.0008314 0.0008314 0.0008834 0.0013008 0.0015619 0.0011445 0.0014057 0.0011966 0.0012488 0.0014053 0.0015617 0.0014571 0.0008834 0.0009354 0.0008834 0.0013009 0.0008314 0.0009874 0.0009874 0.0010394 0.0007794 0.0006755 0.0000000 0.0009874 0.0009874 0.0006235 0.0007274 0.0008314 0.0009354 0.0007274 0.0009354 0.0008835 0.0008835 0.0007794 0.0007794 0.0008314 0.0011447 0.0010405 0.0013531 0.0015621 0.0010914 0.0008314 0.0010914 0.0015096 0.0012488 0.0013006 0.0014570 0.0011954 0.0010914 0.0009874 0.0011967 0.0009874 0.0008834 0.0008834 0.0010914 0.0013534 0.0014050 0.0014574 0.0011966 0.0013530 0.0015097 0.0015097 0.0011968 0.0015617 0.0012489 0.0014577 0.0009874 0.0013008 0.0013008 0.0013530 0.0016138 0.0020318 0.0020318 0.0353711 0.0357907 0.0353874 0.0325710 
EBOV_H.sap-wt_SLE_14_Makona-J0171_KP759707                 1.9105031 1.9205591 1.9063923 2.0347734 2.0347345 1.4074917 1.3785364 0.0308160 0.0307616 0.0307030 0.0316200 0.0020312 0.0016138 0.0016140 0.0021360 0.0020315 0.0005715 0.0005715 0.0006235 0.0010394 0.0013011 0.0008834 0.0011450 0.0009354 0.0009874 0.0011447 0.0013010 0.0011965 0.0006235 0.0006755 0.0006235 0.0010394 0.0005715 0.0007274 0.0007274 0.0007794 0.0005195 0.0004156 0.0009874 0.0000000 0.0000010 0.0003636 0.0004676 0.0005715 0.0006755 0.0004676 0.0006755 0.0006235 0.0006235 0.0005195 0.0005195 0.0005715 0.0008834 0.0007794 0.0010925 0.0013013 0.0008314 0.0005715 0.0008314 0.0012489 0.0009874 0.0010394 0.0011954 0.0009354 0.0008314 0.0007274 0.0009354 0.0007274 0.0006235 0.0006235 0.0008314 0.0010927 0.0011434 0.0011967 0.0009354 0.0010924 0.0012490 0.0012490 0.0009354 0.0013010 0.0009874 0.0011970 0.0007274 0.0010394 0.0010394 0.0010914 0.0013531 0.0017707 0.0017707 0.0349093 0.0353282 0.0348711 0.0321143 
