93
RESTV_M.fas-tc_USA_89_Philippines89-Pennsylvania_NC_004161 0.0000000 0.0250531 0.0346364 2.0971692 2.1394155 1.8633907 1.8638782 1.8642053 1.8668017 1.8793553 1.8748874 1.8813999 1.8783942 1.8743847 1.8745772 1.8740236 1.8740236 1.8739819 1.8741454 1.8741454 1.8738589 1.8744651 1.8744413 1.8744413 1.8747372 1.8745225 1.8736926 1.8747516 1.8750237 1.8746040 1.8755591 1.8755591 1.8754728 1.8754728 1.8757449 1.8736968 1.8746725 1.8755101 1.8745100 1.8744896 1.8750983 1.8747115 1.8743814 1.8738755 1.8744196 1.8751421 1.8756635 1.8755632 1.8758364 1.8755268 1.8746267 1.8746267 1.8780617 1.8777236 1.8763472 1.8768445 1.8735330 1.8735330 1.8740544 1.8740544 1.8734445 1.8747044 1.8740479 1.8742208 1.8736534 1.8728211 1.8719881 1.8741140 1.8721140 1.8724097 1.8704654 1.8704654 1.8716362 1.8715945 1.8721947 1.8735764 1.8768021 1.8756045 1.8742571 1.8762646 1.8754720 1.8728374 1.8751900 1.8740599 1.8756385 1.8768623 1.8739889 1.8705543 1.8705543 1.8733817 1.8706788 1.9052951 1.9052524 
RESTV_S.dom-tc_PHL_08_Reston08-A_FJ621583                  0.0250531 0.0000000 0.0512278 2.1027400 2.1555244 1.8696330 1.8697124 1.8700420 1.8726460 1.8880858 1.8823646 1.8888462 1.8857299 1.8858673 1.8860623 1.8855017 1.8855017 1.8854595 1.8856240 1.8856240 1.8853371 1.8861763 1.8859206 1.8859206 1.8862171 1.8865622 1.8851659 1.8862315 1.8865041 1.8860838 1.8870448 1.8870448 1.8871869 1.8871869 1.8874596 1.8851710 1.8861524 1.8869961 1.8859929 1.8859697 1.8865791 1.8861919 1.8858604 1.8853534 1.8858986 1.8846078 1.8871498 1.8870487 1.8873235 1.8870119 1.8861021 1.8861021 1.8895617 1.8892225 1.8879312 1.8885054 1.8850045 1.8850045 1.8855374 1.8855374 1.8849259 1.8861967 1.8853637 1.8857033 1.8851306 1.8842929 1.8834546 1.8855914 1.8834175 1.8837139 1.8817615 1.8817615 1.8829353 1.8828932 1.8834956 1.8848867 1.8882934 1.8870867 1.8859688 1.8875922 1.8867930 1.8848726 1.8866706 1.8855400 1.8876848 1.8883573 1.8854708 1.8820162 1.8820162 1.8850234 1.8824653 1.9336564 1.9336125 
RESTV_S.dom-xx_PHL_08_Reston08-C_FJ621584                  0.0346364 0.0512278 0.0000000 2.0854886 2.1107418 1.8633206 1.8635540 1.8638807 1.8665468 1.8743537 1.8715846 1.8781513 1.8738120 1.8687645 1.8691205 1.8679083 1.8679083 1.8678668 1.8680298 1.8680298 1.8677437 1.8683488 1.8683251 1.8683251 1.8686205 1.8684059 1.8675801 1.8686349 1.8689066 1.8684875 1.8694389 1.8694389 1.8693543 1.8693543 1.8696260 1.8675838 1.8685559 1.8689810 1.8690544 1.8683730 1.8689809 1.8685945 1.8682655 1.8677604 1.8683037 1.8684646 1.8695428 1.8694430 1.8697151 1.8694069 1.8693238 1.8693238 1.8718408 1.8715950 1.8702227 1.8707171 1.8674215 1.8674215 1.8685990 1.8685990 1.8679903 1.8692441 1.8679321 1.8681030 1.8675389 1.8667099 1.8658803 1.8673369 1.8658438 1.8661389 1.8647575 1.8647575 1.8653687 1.8653273 1.8653559 1.8673016 1.8706780 1.8693946 1.8683054 1.8699787 1.8691900 1.8667242 1.8690726 1.8673727 1.8695177 1.8711298 1.8685342 1.8666425 1.8666425 1.8683375 1.8654012 1.9318119 1.9317682 
TAFV_H.sap-tc_CIV_94_Pauleoula-CI_NC_014372                2.0971692 2.1027400 2.0854886 0.0000000 0.8132726 1.3773238 1.3775843 1.3787545 1.3786773 1.3950002 1.3950974 1.4001412 1.3923839 1.3974797 1.3980157 1.3967981 1.3967981 1.3965586 1.3968894 1.3968894 1.3967981 1.3975210 1.3971290 1.3971290 1.3971518 1.3973234 1.3974539 1.3967118 1.3969345 1.3968203 1.3974760 1.3974760 1.3970203 1.3970203 1.3972430 1.3980478 1.3971290 1.3979923 1.3977854 1.3958912 1.3969067 1.3977404 1.3969081 1.3967809 1.3964514 1.3980627 1.3977606 1.3986585 1.3976227 1.3951458 1.3964009 1.3964009 1.3986863 1.3986404 1.3985232 1.3999008 1.3973856 1.3973856 1.3972381 1.3972381 1.3975227 1.3988023 1.3964057 1.3961095 1.3968512 1.3974450 1.3985782 1.3975962 1.3965819 1.3971301 1.3955978 1.3955978 1.3985881 1.3983483 1.3997762 1.4005883 1.3956264 1.3986483 1.3979370 1.3968517 1.3977986 1.3954609 1.3953069 1.3974738 1.3978233 1.3983394 1.3994061 1.3954575 1.3954575 1.3968254 1.3970950 2.2118154 2.2117592 
BDBV_H.sap-xx_COD_12_EboBund-122_KC545395                  2.1394155 2.1555244 2.1107418 0.8132726 0.0000000 1.3366482 1.3369239 1.3379296 1.3379539 1.3570393 1.3573806 1.3610525 1.3524498 1.3624563 1.3629401 1.3633622 1.3633622 1.3632094 1.3636003 1.3636003 1.3635096 1.3633092 1.3633788 1.3633788 1.3635316 1.3630490 1.3636955 1.3629627 1.3631851 1.3630725 1.3637189 1.3637189 1.3636632 1.3636632 1.3638856 1.3632407 1.3638394 1.3646781 1.3641563 1.3628850 1.3626816 1.3631292 1.3641159 1.3631799 1.3631642 1.3638083 1.3643090 1.3652555 1.3635148 1.3640545 1.3645526 1.3645526 1.3639114 1.3637366 1.3635344 1.3647372 1.3618729 1.3618729 1.3629601 1.3629601 1.3634605 1.3649368 1.3647092 1.3655548 1.3656075 1.3660459 1.3666173 1.3644259 1.3628391 1.3635153 1.3627557 1.3627557 1.3649580 1.3647187 1.3651740 1.3645916 1.3602357 1.3644413 1.3636639 1.3624102 1.3633850 1.3647027 1.3634310 1.3647601 1.3645665 1.3650028 1.3631405 1.3630714 1.3630714 1.3656644 1.3656018 2.2409100 2.2408512 
EBOV_H.sap-tc_COD_07_1Luebo_KC242786                       1.8633907 1.8696330 1.8633206 1.3773238 1.3366482 0.0000000 0.0002078 0.0002597 0.0010406 0.0212075 0.0217679 0.0212197 0.0182671 0.0309116 0.0304605 0.0304057 0.0304057 0.0304626 0.0304624 0.0304624 0.0305186 0.0306320 0.0305189 0.0305189 0.0305753 0.0306320 0.0305829 0.0305758 0.0305191 0.0306322 0.0306923 0.0306923 0.0306887 0.0306887 0.0307450 0.0308060 0.0307448 0.0306355 0.0303499 0.0309143 0.0309148 0.0306885 0.0311402 0.0310278 0.0309143 0.0307470 0.0309175 0.0310909 0.0313114 0.0306990 0.0308057 0.0308057 0.0309810 0.0308679 0.0310927 0.0314406 0.0305284 0.0305284 0.0300075 0.0300075 0.0300644 0.0303499 0.0308057 0.0306377 0.0306931 0.0307511 0.0310447 0.0312098 0.0304681 0.0306380 0.0309272 0.0309272 0.0306971 0.0307539 0.0310925 0.0309867 0.0309745 0.0312638 0.0311464 0.0312067 0.0310863 0.0310300 0.0312022 0.0309301 0.0310375 0.0309802 0.0307497 0.0302267 0.0302267 0.0312016 0.0312013 1.9733043 1.9732590 
EBOV_H.sap-tc_COD_07_5Luebo_KC242790                       1.8638782 1.8697124 1.8635540 1.3775843 1.3369239 0.0002078 0.0000000 0.0001558 0.0009364 0.0210974 0.0216576 0.0211095 0.0181580 0.0307985 0.0303476 0.0302928 0.0302928 0.0303496 0.0303495 0.0303495 0.0304057 0.0305191 0.0304059 0.0304059 0.0304624 0.0305190 0.0304699 0.0304628 0.0304061 0.0305192 0.0305793 0.0305793 0.0305757 0.0305757 0.0306320 0.0306930 0.0306318 0.0305225 0.0302370 0.0308012 0.0308018 0.0305755 0.0310271 0.0309147 0.0308013 0.0306340 0.0308044 0.0309778 0.0311982 0.0305860 0.0306927 0.0306927 0.0308679 0.0307548 0.0309796 0.0313273 0.0304154 0.0304154 0.0298947 0.0298947 0.0299516 0.0302370 0.0306927 0.0305247 0.0305801 0.0306380 0.0309316 0.0310966 0.0303552 0.0305250 0.0308141 0.0308141 0.0305840 0.0306409 0.0309794 0.0308736 0.0308614 0.0311506 0.0310332 0.0310935 0.0309732 0.0309169 0.0310891 0.0308170 0.0309244 0.0308671 0.0306367 0.0301139 0.0301139 0.0310884 0.0310882 1.9730461 1.9730007 
EBOV_H.sap-tc_COD_07_M-M_HQ613403                          1.8642053 1.8700420 1.8638807 1.3787545 1.3379296 0.0002597 0.0001558 0.0000000 0.0009886 0.0211539 0.0217142 0.0211661 0.0182138 0.0308572 0.0304062 0.0303514 0.0303514 0.0304083 0.0304081 0.0304081 0.0304643 0.0305777 0.0304646 0.0304646 0.0305210 0.0305777 0.0305286 0.0305215 0.0304648 0.0305779 0.0306379 0.0306379 0.0306344 0.0306344 0.0306906 0.0307517 0.0306905 0.0305811 0.0302956 0.0308599 0.0308605 0.0306342 0.0310858 0.0309734 0.0308600 0.0306927 0.0308632 0.0310365 0.0312570 0.0306447 0.0307514 0.0307514 0.0309266 0.0308135 0.0310383 0.0313862 0.0304741 0.0304741 0.0299532 0.0299532 0.0300101 0.0302956 0.0307514 0.0305834 0.0306388 0.0306967 0.0309904 0.0311554 0.0304138 0.0305836 0.0308729 0.0308729 0.0306427 0.0306996 0.0310382 0.0309323 0.0309202 0.0312094 0.0310920 0.0311523 0.0310320 0.0309757 0.0311479 0.0308758 0.0309832 0.0309259 0.0306954 0.0301725 0.0301725 0.0311472 0.0311470 1.9737524 1.9737070 
EBOV_H.sap-tc_COD_08_034-KS_HQ613402                       1.8668017 1.8726460 1.8665468 1.3786773 1.3379539 0.0010406 0.0009364 0.0009886 0.0000000 0.0219868 0.0225487 0.0218888 0.0190388 0.0317152 0.0312632 0.0312083 0.0312083 0.0312653 0.0312651 0.0312651 0.0313214 0.0314351 0.0313217 0.0313217 0.0313783 0.0314350 0.0313860 0.0313787 0.0313219 0.0314353 0.0314956 0.0314956 0.0314919 0.0314919 0.0315483 0.0316096 0.0315481 0.0314386 0.0311524 0.0317179 0.0317185 0.0314917 0.0319443 0.0318317 0.0317180 0.0315504 0.0317213 0.0318951 0.0321159 0.0315025 0.0316093 0.0316093 0.0317851 0.0316717 0.0318970 0.0322458 0.0313315 0.0313315 0.0308091 0.0308091 0.0308662 0.0311524 0.0316093 0.0314409 0.0314964 0.0315546 0.0318491 0.0320144 0.0312710 0.0314412 0.0317312 0.0317312 0.0315005 0.0315575 0.0318968 0.0317909 0.0317784 0.0320684 0.0319507 0.0320112 0.0318904 0.0318340 0.0320067 0.0317342 0.0318418 0.0317302 0.0315532 0.0310287 0.0310287 0.0320060 0.0320058 1.9761112 1.9760657 
EBOV_H.sap-xx_COD_14_Lomela-Lokolia16_KP271018             1.8793553 1.8880858 1.8743537 1.3950002 1.3570393 0.0212075 0.0210974 0.0211539 0.0219868 0.0000000 0.0013536 0.0085261 0.0119060 0.0351168 0.0346609 0.0346057 0.0346057 0.0346632 0.0346630 0.0346630 0.0347198 0.0348345 0.0347201 0.0347201 0.0347772 0.0348345 0.0347858 0.0347777 0.0347203 0.0347201 0.0347813 0.0347813 0.0348918 0.0348918 0.0349487 0.0348964 0.0349485 0.0348385 0.0345494 0.0350052 0.0350058 0.0348939 0.0351192 0.0350057 0.0348910 0.0349511 0.0350089 0.0351846 0.0352924 0.0349037 0.0348960 0.0348960 0.0351887 0.0350744 0.0351871 0.0355398 0.0348964 0.0348964 0.0342025 0.0342025 0.0342602 0.0345494 0.0350107 0.0347911 0.0350112 0.0350700 0.0352540 0.0354204 0.0347838 0.0349056 0.0352491 0.0352491 0.0350157 0.0350733 0.0354157 0.0352552 0.0350666 0.0352449 0.0353554 0.0354169 0.0352942 0.0352373 0.0353574 0.0351936 0.0352460 0.0350709 0.0349543 0.0343093 0.0343093 0.0352967 0.0351821 1.9892584 1.9892124 
EBOV_H.sap-xx_COD_14_Lomela-Lokolia17_KP271019             1.8748874 1.8823646 1.8715846 1.3950974 1.3573806 0.0217679 0.0216576 0.0217142 0.0225487 0.0013536 0.0000000 0.0090619 0.0124485 0.0355356 0.0350790 0.0350237 0.0350237 0.0350813 0.0350811 0.0350811 0.0351380 0.0352529 0.0351383 0.0351383 0.0351955 0.0352528 0.0352041 0.0351959 0.0351385 0.0351383 0.0351996 0.0351996 0.0353103 0.0353103 0.0353672 0.0353149 0.0353670 0.0352569 0.0349673 0.0354237 0.0354244 0.0353123 0.0355379 0.0354243 0.0353094 0.0353696 0.0354275 0.0356036 0.0357114 0.0353222 0.0353145 0.0353145 0.0356077 0.0354932 0.0356061 0.0359593 0.0353149 0.0353149 0.0346199 0.0346199 0.0346776 0.0349673 0.0354294 0.0352095 0.0354298 0.0354888 0.0356732 0.0358398 0.0352021 0.0353242 0.0356682 0.0356682 0.0354344 0.0354921 0.0358350 0.0356744 0.0354853 0.0356639 0.0357745 0.0358362 0.0357133 0.0356563 0.0357766 0.0356127 0.0356650 0.0356069 0.0353729 0.0347268 0.0347268 0.0357158 0.0356010 1.9896438 1.9895978 
EBOV_H.sap-tc_COD_95_Kikwit-9510621_KR867676               1.8813999 1.8888462 1.8781513 1.4001412 1.3610525 0.0212197 0.0211095 0.0211661 0.0218888 0.0085261 0.0090619 0.0000000 0.0119144 0.0350789 0.0346228 0.0345675 0.0345675 0.0346250 0.0346248 0.0346248 0.0346817 0.0347964 0.0346819 0.0346819 0.0347391 0.0347964 0.0347477 0.0347396 0.0346822 0.0346819 0.0347431 0.0347431 0.0348538 0.0348538 0.0349107 0.0348583 0.0349105 0.0348004 0.0345111 0.0348529 0.0349678 0.0348558 0.0350812 0.0349677 0.0348529 0.0349130 0.0349709 0.0350875 0.0352545 0.0348656 0.0348579 0.0348579 0.0351508 0.0350364 0.0352636 0.0356165 0.0348584 0.0348584 0.0341641 0.0341641 0.0342218 0.0345112 0.0349727 0.0348030 0.0349732 0.0350320 0.0352161 0.0353826 0.0347456 0.0349176 0.0352112 0.0352112 0.0349777 0.0350353 0.0353778 0.0352173 0.0350286 0.0353219 0.0353175 0.0353791 0.0352563 0.0351994 0.0353739 0.0351557 0.0352080 0.0351500 0.0349162 0.0342710 0.0342710 0.0353733 0.0353730 1.9998870 1.9998406 
EBOV_H.sap-tc_COD_77_Bonduni_KC242791                      1.8783942 1.8857299 1.8738120 1.3923839 1.3524498 0.0182671 0.0181580 0.0182138 0.0190388 0.0119060 0.0124485 0.0119144 0.0000000 0.0322688 0.0318165 0.0317616 0.0317616 0.0318186 0.0318184 0.0318184 0.0318748 0.0319345 0.0318751 0.0318751 0.0319317 0.0319885 0.0319396 0.0319321 0.0318753 0.0319888 0.0320492 0.0320492 0.0319913 0.0319913 0.0320478 0.0321633 0.0320476 0.0319922 0.0317056 0.0322717 0.0322723 0.0320452 0.0323848 0.0322722 0.0321584 0.0321040 0.0322751 0.0324491 0.0325566 0.0320562 0.0321045 0.0321045 0.0323390 0.0322256 0.0324510 0.0328003 0.0320496 0.0320496 0.0313619 0.0313619 0.0314191 0.0317056 0.0321630 0.0319945 0.0321634 0.0322216 0.0324032 0.0325687 0.0319377 0.0321081 0.0323986 0.0323986 0.0321675 0.0322246 0.0325643 0.0324043 0.0323323 0.0326227 0.0324506 0.0325654 0.0324444 0.0322745 0.0325607 0.0323435 0.0323958 0.0323383 0.0321069 0.0314685 0.0314685 0.0325601 0.0324980 1.9865517 1.9865059 
EBOV_H.sap-wt_GIN_14_Makona-Gueckedou-EM_080076_KR817235   1.8743847 1.8858673 1.8687645 1.3974797 1.3624563 0.0309116 0.0307985 0.0308572 0.0317152 0.0351168 0.0355356 0.0350789 0.0322688 0.0000000 0.0011434 0.0014571 0.0014571 0.0015092 0.0015092 0.0015092 0.0015614 0.0016657 0.0015614 0.0015614 0.0016135 0.0016657 0.0016139 0.0017178 0.0016657 0.0016657 0.0017180 0.0017180 0.0018222 0.0018222 0.0018744 0.0018224 0.0017700 0.0016658 0.0014050 0.0019265 0.0019266 0.0018223 0.0021353 0.0020309 0.0019265 0.0017701 0.0019267 0.0020836 0.0022921 0.0018228 0.0020312 0.0020312 0.0018749 0.0017705 0.0020837 0.0022933 0.0017180 0.0017180 0.0011954 0.0011954 0.0012485 0.0015092 0.0018224 0.0016660 0.0017181 0.0017703 0.0019276 0.0020839 0.0018225 0.0019791 0.0021362 0.0021362 0.0018227 0.0018749 0.0021881 0.0020842 0.0020315 0.0023450 0.0021357 0.0021882 0.0020833 0.0020311 0.0022924 0.0019796 0.0019271 0.0020837 0.0015616 0.0019270 0.0019270 0.0022923 0.0021878 2.0040004 2.0039538 
EBOV_H.sap-wt_GIN_14_Makona-Gueckedou-EM_079702_KR817210   1.8745772 1.8860623 1.8691205 1.3980157 1.3629401 0.0304605 0.0303476 0.0304062 0.0312632 0.0346609 0.0350790 0.0346228 0.0318165 0.0011434 0.0000000 0.0010394 0.0010394 0.0010914 0.0010914 0.0010914 0.0011444 0.0012487 0.0011445 0.0011445 0.0011965 0.0012487 0.0011969 0.0013008 0.0012487 0.0012487 0.0013009 0.0013009 0.0014050 0.0014050 0.0014572 0.0014052 0.0013529 0.0012488 0.0009874 0.0015093 0.0015093 0.0014051 0.0017179 0.0016136 0.0015093 0.0013530 0.0015094 0.0016660 0.0018745 0.0014055 0.0016138 0.0016138 0.0015619 0.0014576 0.0017705 0.0019798 0.0013009 0.0013009 0.0007794 0.0007794 0.0008314 0.0010914 0.0015095 0.0013531 0.0014052 0.0014574 0.0016144 0.0017707 0.0014052 0.0015617 0.0017185 0.0017185 0.0014054 0.0014575 0.0017705 0.0016665 0.0016140 0.0019272 0.0017182 0.0017705 0.0016658 0.0016137 0.0018747 0.0015621 0.0016140 0.0016662 0.0011446 0.0015096 0.0015096 0.0018746 0.0017702 2.0031274 2.0030808 
EBOV_H.sap-wt_LBR_14_Makona-LIBR0430_KR006955              1.8740236 1.8855017 1.8679083 1.3967981 1.3633622 0.0304057 0.0302928 0.0303514 0.0312083 0.0346057 0.0350237 0.0345675 0.0317616 0.0014571 0.0010394 0.0000000 0.0000010 0.0000519 0.0000519 0.0000519 0.0001039 0.0002078 0.0001039 0.0001039 0.0001558 0.0002078 0.0001558 0.0002597 0.0002078 0.0002078 0.0002597 0.0002597 0.0003636 0.0003636 0.0004156 0.0003636 0.0003117 0.0002078 0.0001558 0.0004676 0.0004676 0.0003636 0.0006755 0.0005715 0.0004676 0.0003117 0.0004676 0.0006235 0.0008314 0.0003636 0.0005715 0.0005715 0.0005195 0.0004156 0.0007274 0.0009354 0.0002597 0.0002597 0.0004676 0.0004676 0.0005195 0.0007794 0.0004676 0.0003117 0.0003636 0.0004156 0.0005715 0.0007274 0.0003636 0.0005195 0.0006755 0.0006755 0.0003636 0.0004156 0.0007274 0.0006235 0.0005715 0.0008834 0.0006755 0.0007274 0.0006235 0.0005715 0.0008314 0.0005195 0.0005715 0.0006235 0.0010394 0.0011968 0.0011968 0.0015616 0.0014573 2.0007112 2.0006648 
EBOV_H.sap-wt_SLE_14_Makona-G3734.1_KM233055               1.8740236 1.8855017 1.8679083 1.3967981 1.3633622 0.0304057 0.0302928 0.0303514 0.0312083 0.0346057 0.0350237 0.0345675 0.0317616 0.0014571 0.0010394 0.0000010 0.0000000 0.0000519 0.0000519 0.0000519 0.0001039 0.0002078 0.0001039 0.0001039 0.0001558 0.0002078 0.0001558 0.0002597 0.0002078 0.0002078 0.0002597 0.0002597 0.0003636 0.0003636 0.0004156 0.0003636 0.0003117 0.0002078 0.0001558 0.0004676 0.0004676 0.0003636 0.0006755 0.0005715 0.0004676 0.0003117 0.0004676 0.0006235 0.0008314 0.0003636 0.0005715 0.0005715 0.0005195 0.0004156 0.0007274 0.0009354 0.0002597 0.0002597 0.0004676 0.0004676 0.0005195 0.0007794 0.0004676 0.0003117 0.0003636 0.0004156 0.0005715 0.0007274 0.0003636 0.0005195 0.0006755 0.0006755 0.0003636 0.0004156 0.0007274 0.0006235 0.0005715 0.0008834 0.0006755 0.0007274 0.0006235 0.0005715 0.0008314 0.0005195 0.0005715 0.0006235 0.0010394 0.0011968 0.0011968 0.0015616 0.0014573 2.0007112 2.0006648 
EBOV_H.sap-wt_LBR_15_Makona-Liberia-DQE4_KR074998          1.8739819 1.8854595 1.8678668 1.3965586 1.3632094 0.0304626 0.0303496 0.0304083 0.0312653 0.0346632 0.0350813 0.0346250 0.0318186 0.0015092 0.0010914 0.0000519 0.0000519 0.0000000 0.0001039 0.0001039 0.0001558 0.0002597 0.0001558 0.0001558 0.0002078 0.0002597 0.0002078 0.0003117 0.0002597 0.0002597 0.0003117 0.0003117 0.0004156 0.0004156 0.0004676 0.0004156 0.0003636 0.0002597 0.0002078 0.0005195 0.0005195 0.0004156 0.0007274 0.0006235 0.0005195 0.0003636 0.0005195 0.0006755 0.0008834 0.0004156 0.0006235 0.0006235 0.0005715 0.0004676 0.0007794 0.0009885 0.0003117 0.0003117 0.0005195 0.0005195 0.0005715 0.0008314 0.0005195 0.0003636 0.0004156 0.0004676 0.0006235 0.0007794 0.0004156 0.0005715 0.0007274 0.0007274 0.0004156 0.0004676 0.0007794 0.0006755 0.0006235 0.0009354 0.0007274 0.0007794 0.0006755 0.0006235 0.0008834 0.0005715 0.0006235 0.0006755 0.0010925 0.0012489 0.0012489 0.0016138 0.0015094 2.0010937 2.0010473 
EBOV_H.sap-wt_SLE_14_Makona-G3799_KM233080                 1.8741454 1.8856240 1.8680298 1.3968894 1.3636003 0.0304624 0.0303495 0.0304081 0.0312651 0.0346630 0.0350811 0.0346248 0.0318184 0.0015092 0.0010914 0.0000519 0.0000519 0.0001039 0.0000000 0.0000010 0.0000519 0.0002597 0.0001558 0.0001558 0.0002078 0.0002597 0.0002078 0.0003117 0.0002597 0.0002597 0.0003117 0.0003117 0.0004156 0.0004156 0.0004676 0.0004156 0.0003636 0.0002597 0.0002078 0.0005195 0.0005195 0.0004156 0.0007274 0.0006235 0.0005195 0.0003636 0.0005195 0.0006755 0.0008834 0.0004156 0.0006235 0.0006235 0.0005715 0.0004676 0.0007794 0.0009885 0.0003117 0.0003117 0.0005195 0.0005195 0.0005715 0.0008314 0.0005195 0.0003636 0.0004156 0.0004676 0.0006235 0.0007794 0.0004156 0.0005715 0.0007274 0.0007274 0.0004156 0.0004676 0.0007794 0.0006755 0.0006235 0.0009354 0.0007274 0.0006755 0.0005715 0.0006235 0.0008834 0.0005715 0.0006235 0.0006755 0.0010925 0.0012489 0.0012489 0.0016137 0.0015094 2.0008397 2.0007932 
EBOV_H.sap-wt_SLE_14_Makona-G3677.2_KM034557               1.8741454 1.8856240 1.8680298 1.3968894 1.3636003 0.0304624 0.0303495 0.0304081 0.0312651 0.0346630 0.0350811 0.0346248 0.0318184 0.0015092 0.0010914 0.0000519 0.0000519 0.0001039 0.0000010 0.0000000 0.0000519 0.0002597 0.0001558 0.0001558 0.0002078 0.0002597 0.0002078 0.0003117 0.0002597 0.0002597 0.0003117 0.0003117 0.0004156 0.0004156 0.0004676 0.0004156 0.0003636 0.0002597 0.0002078 0.0005195 0.0005195 0.0004156 0.0007274 0.0006235 0.0005195 0.0003636 0.0005195 0.0006755 0.0008834 0.0004156 0.0006235 0.0006235 0.0005715 0.0004676 0.0007794 0.0009885 0.0003117 0.0003117 0.0005195 0.0005195 0.0005715 0.0008314 0.0005195 0.0003636 0.0004156 0.0004676 0.0006235 0.0007794 0.0004156 0.0005715 0.0007274 0.0007274 0.0004156 0.0004676 0.0007794 0.0006755 0.0006235 0.0009354 0.0007274 0.0006755 0.0005715 0.0006235 0.0008834 0.0005715 0.0006235 0.0006755 0.0010925 0.0012489 0.0012489 0.0016137 0.0015094 2.0008397 2.0007932 
EBOV_H.sap-wt_SLE_14_Makona-G3788_KM233075                 1.8738589 1.8853371 1.8677437 1.3967981 1.3635096 0.0305186 0.0304057 0.0304643 0.0313214 0.0347198 0.0351380 0.0346817 0.0318748 0.0015614 0.0011444 0.0001039 0.0001039 0.0001558 0.0000519 0.0000519 0.0000000 0.0003117 0.0002078 0.0002078 0.0002597 0.0003117 0.0002597 0.0003636 0.0003117 0.0003117 0.0003636 0.0003636 0.0004676 0.0004676 0.0005195 0.0004676 0.0004156 0.0003117 0.0002597 0.0005715 0.0005715 0.0004676 0.0007794 0.0006755 0.0005715 0.0004156 0.0005715 0.0007274 0.0009354 0.0004676 0.0006755 0.0006755 0.0006235 0.0005195 0.0008314 0.0010406 0.0003636 0.0003636 0.0005715 0.0005715 0.0006235 0.0008834 0.0005715 0.0004156 0.0004676 0.0005195 0.0006755 0.0008314 0.0004676 0.0006235 0.0007794 0.0007794 0.0004676 0.0005195 0.0008314 0.0007274 0.0006755 0.0009874 0.0007794 0.0007274 0.0006235 0.0006755 0.0009354 0.0006235 0.0006755 0.0007274 0.0011446 0.0013010 0.0013010 0.0016659 0.0015616 2.0007112 2.0006648 
EBOV_H.sap-wt_SLE_14_Makona-Kenema-G4702_1_KR105265        1.8744651 1.8861763 1.8683488 1.3975210 1.3633092 0.0306320 0.0305191 0.0305777 0.0314351 0.0348345 0.0352529 0.0347964 0.0319345 0.0016657 0.0012487 0.0002078 0.0002078 0.0002597 0.0002597 0.0002597 0.0003117 0.0000000 0.0001039 0.0001039 0.0001558 0.0002078 0.0001558 0.0002597 0.0002078 0.0002078 0.0002597 0.0002597 0.0001558 0.0001558 0.0002078 0.0003636 0.0003117 0.0002078 0.0003636 0.0004676 0.0004676 0.0003636 0.0006755 0.0005715 0.0004676 0.0003117 0.0004676 0.0006235 0.0008314 0.0003636 0.0005715 0.0005715 0.0005195 0.0004156 0.0007274 0.0009354 0.0002597 0.0002597 0.0006755 0.0006755 0.0007274 0.0009874 0.0006755 0.0005195 0.0005715 0.0006235 0.0007794 0.0009354 0.0005715 0.0007274 0.0008834 0.0008834 0.0005715 0.0006235 0.0009354 0.0008314 0.0005715 0.0008834 0.0004676 0.0009354 0.0008314 0.0007794 0.0008314 0.0007274 0.0007794 0.0008314 0.0012488 0.0014053 0.0014053 0.0017703 0.0016659 2.0005520 2.0005056 
EBOV_H.sap-wt_SLE_14_Makona-G3789.1_KM233076               1.8744413 1.8859206 1.8683251 1.3971290 1.3633788 0.0305189 0.0304059 0.0304646 0.0313217 0.0347201 0.0351383 0.0346819 0.0318751 0.0015614 0.0011445 0.0001039 0.0001039 0.0001558 0.0001558 0.0001558 0.0002078 0.0001039 0.0000000 0.0000010 0.0000519 0.0001039 0.0000519 0.0001558 0.0001039 0.0001039 0.0001558 0.0001558 0.0002597 0.0002597 0.0003117 0.0002597 0.0002078 0.0001039 0.0002597 0.0003636 0.0003636 0.0002597 0.0005715 0.0004676 0.0003636 0.0002078 0.0003636 0.0005195 0.0007274 0.0002597 0.0004676 0.0004676 0.0004156 0.0003117 0.0006235 0.0008314 0.0001558 0.0001558 0.0005715 0.0005715 0.0006235 0.0008834 0.0005715 0.0004156 0.0004676 0.0005195 0.0006755 0.0008314 0.0004676 0.0006235 0.0007794 0.0007794 0.0004676 0.0005195 0.0008314 0.0007274 0.0004676 0.0007794 0.0005715 0.0008314 0.0007274 0.0006755 0.0007274 0.0006235 0.0006755 0.0007274 0.0011446 0.0013010 0.0013010 0.0016659 0.0015616 2.0009751 2.0009286 
EBOV_H.sap-wt_SLE_14_Makona-G3735.2_KM233057               1.8744413 1.8859206 1.8683251 1.3971290 1.3633788 0.0305189 0.0304059 0.0304646 0.0313217 0.0347201 0.0351383 0.0346819 0.0318751 0.0015614 0.0011445 0.0001039 0.0001039 0.0001558 0.0001558 0.0001558 0.0002078 0.0001039 0.0000010 0.0000000 0.0000519 0.0001039 0.0000519 0.0001558 0.0001039 0.0001039 0.0001558 0.0001558 0.0002597 0.0002597 0.0003117 0.0002597 0.0002078 0.0001039 0.0002597 0.0003636 0.0003636 0.0002597 0.0005715 0.0004676 0.0003636 0.0002078 0.0003636 0.0005195 0.0007274 0.0002597 0.0004676 0.0004676 0.0004156 0.0003117 0.0006235 0.0008314 0.0001558 0.0001558 0.0005715 0.0005715 0.0006235 0.0008834 0.0005715 0.0004156 0.0004676 0.0005195 0.0006755 0.0008314 0.0004676 0.0006235 0.0007794 0.0007794 0.0004676 0.0005195 0.0008314 0.0007274 0.0004676 0.0007794 0.0005715 0.0008314 0.0007274 0.0006755 0.0007274 0.0006235 0.0006755 0.0007274 0.0011446 0.0013010 0.0013010 0.0016659 0.0015616 2.0009751 2.0009286 
EBOV_H.sap-wt_SLE_14_Makona-NM042.3_KM233118               1.8747372 1.8862171 1.8686205 1.3971518 1.3635316 0.0305753 0.0304624 0.0305210 0.0313783 0.0347772 0.0351955 0.0347391 0.0319317 0.0016135 0.0011965 0.0001558 0.0001558 0.0002078 0.0002078 0.0002078 0.0002597 0.0001558 0.0000519 0.0000519 0.0000000 0.0001558 0.0001039 0.0002078 0.0001558 0.0001558 0.0002078 0.0002078 0.0003117 0.0003117 0.0003636 0.0003117 0.0002597 0.0001558 0.0003117 0.0004156 0.0004156 0.0003117 0.0006235 0.0005195 0.0004156 0.0002597 0.0004156 0.0005715 0.0007794 0.0003117 0.0005195 0.0005195 0.0004676 0.0003636 0.0006755 0.0008834 0.0002078 0.0002078 0.0006235 0.0006235 0.0006755 0.0009354 0.0006235 0.0004676 0.0005195 0.0005715 0.0007274 0.0008834 0.0005195 0.0006755 0.0008314 0.0008314 0.0005195 0.0005715 0.0008834 0.0007794 0.0005195 0.0008314 0.0006235 0.0008834 0.0007794 0.0007274 0.0007794 0.0006755 0.0007274 0.0007794 0.0011967 0.0013532 0.0013532 0.0017181 0.0016137 2.0012795 2.0012331 
EBOV_H.sap-wt_SLE_14_Makona-G3770.2_KM233070               1.8745225 1.8865622 1.8684059 1.3973234 1.3630490 0.0306320 0.0305190 0.0305777 0.0314350 0.0348345 0.0352528 0.0347964 0.0319885 0.0016657 0.0012487 0.0002078 0.0002078 0.0002597 0.0002597 0.0002597 0.0003117 0.0002078 0.0001039 0.0001039 0.0001558 0.0000000 0.0001558 0.0002597 0.0002078 0.0002078 0.0002597 0.0002597 0.0003636 0.0003636 0.0004156 0.0003636 0.0003117 0.0002078 0.0003636 0.0004676 0.0004676 0.0003636 0.0006755 0.0005715 0.0004676 0.0003117 0.0004676 0.0006235 0.0008314 0.0003636 0.0005715 0.0005715 0.0005195 0.0004156 0.0007274 0.0009354 0.0002597 0.0002597 0.0006755 0.0006755 0.0007274 0.0009874 0.0006755 0.0005195 0.0005715 0.0006235 0.0007794 0.0009354 0.0005715 0.0007274 0.0008834 0.0008834 0.0005715 0.0006235 0.0009354 0.0008314 0.0005715 0.0008834 0.0006755 0.0009354 0.0008314 0.0007794 0.0008314 0.0007274 0.0007794 0.0008314 0.0012488 0.0014053 0.0014053 0.0017703 0.0016659 2.0007112 2.0006648 
EBOV_H.sap-wt_SLE_14_Makona-G3818_KM233092                 1.8736926 1.8851659 1.8675801 1.3974539 1.3636955 0.0305829 0.0304699 0.0305286 0.0313860 0.0347858 0.0352041 0.0347477 0.0319396 0.0016139 0.0011969 0.0001558 0.0001558 0.0002078 0.0002078 0.0002078 0.0002597 0.0001558 0.0000519 0.0000519 0.0001039 0.0001558 0.0000000 0.0002078 0.0001558 0.0001558 0.0002078 0.0002078 0.0003117 0.0003117 0.0003636 0.0003117 0.0002597 0.0001558 0.0003117 0.0004156 0.0004156 0.0003117 0.0006235 0.0005195 0.0004156 0.0002597 0.0004156 0.0005715 0.0007794 0.0003117 0.0005195 0.0005195 0.0004676 0.0003636 0.0006755 0.0008845 0.0002078 0.0002078 0.0006235 0.0006235 0.0006755 0.0009354 0.0006235 0.0004676 0.0005195 0.0005715 0.0007274 0.0008834 0.0005195 0.0006755 0.0008314 0.0008314 0.0005195 0.0005715 0.0008834 0.0007794 0.0005195 0.0008314 0.0006235 0.0008834 0.0007794 0.0007274 0.0007794 0.0006755 0.0007274 0.0007794 0.0011970 0.0013535 0.0013535 0.0017185 0.0016141 1.9998229 1.9997765 
EBOV_H.sap-wt_SLE_14_Makona-J0042_KP759711                 1.8747516 1.8862315 1.8686349 1.3967118 1.3629627 0.0305758 0.0304628 0.0305215 0.0313787 0.0347777 0.0351959 0.0347396 0.0319321 0.0017178 0.0013008 0.0002597 0.0002597 0.0003117 0.0003117 0.0003117 0.0003636 0.0002597 0.0001558 0.0001558 0.0002078 0.0002597 0.0002078 0.0000000 0.0000519 0.0002597 0.0003117 0.0003117 0.0004156 0.0004156 0.0004676 0.0004156 0.0003636 0.0002597 0.0004156 0.0005195 0.0005195 0.0004156 0.0007274 0.0006235 0.0005195 0.0003636 0.0005195 0.0006755 0.0008834 0.0002078 0.0004156 0.0004156 0.0005715 0.0004676 0.0007794 0.0009885 0.0003117 0.0003117 0.0007274 0.0007274 0.0007794 0.0010394 0.0007274 0.0005715 0.0006235 0.0006755 0.0008314 0.0009874 0.0006235 0.0007794 0.0009354 0.0009354 0.0006235 0.0006755 0.0009874 0.0008834 0.0006235 0.0009354 0.0007274 0.0009874 0.0008834 0.0008314 0.0006755 0.0007794 0.0008314 0.0008834 0.0013009 0.0014575 0.0014575 0.0018225 0.0017181 2.0004634 2.0004170 
EBOV_H.sap-wt_SLE_14_Makona-Moyamba-G6103_1_KR105348       1.8750237 1.8865041 1.8689066 1.3969345 1.3631851 0.0305191 0.0304061 0.0304648 0.0313219 0.0347203 0.0351385 0.0346822 0.0318753 0.0016657 0.0012487 0.0002078 0.0002078 0.0002597 0.0002597 0.0002597 0.0003117 0.0002078 0.0001039 0.0001039 0.0001558 0.0002078 0.0001558 0.0000519 0.0000000 0.0002078 0.0002597 0.0002597 0.0003636 0.0003636 0.0004156 0.0003636 0.0003117 0.0002078 0.0003636 0.0004676 0.0004676 0.0003636 0.0006755 0.0005715 0.0004676 0.0003117 0.0004676 0.0006235 0.0008314 0.0001558 0.0003636 0.0003636 0.0005195 0.0004156 0.0007274 0.0009354 0.0002597 0.0002597 0.0006755 0.0006755 0.0007274 0.0009874 0.0006755 0.0005195 0.0005715 0.0006235 0.0007794 0.0009354 0.0005715 0.0007274 0.0008834 0.0008834 0.0005715 0.0006235 0.0009354 0.0008314 0.0005715 0.0008834 0.0006755 0.0009354 0.0008314 0.0007794 0.0006235 0.0007274 0.0007794 0.0008314 0.0012488 0.0014053 0.0014053 0.0017703 0.0016659 2.0007425 2.0006960 
EBOV_H.sap-wt_SLE_14_Makona-G3825.1_KM233098               1.8746040 1.8860838 1.8684875 1.3968203 1.3630725 0.0306322 0.0305192 0.0305779 0.0314353 0.0347201 0.0351383 0.0346819 0.0319888 0.0016657 0.0012487 0.0002078 0.0002078 0.0002597 0.0002597 0.0002597 0.0003117 0.0002078 0.0001039 0.0001039 0.0001558 0.0002078 0.0001558 0.0002597 0.0002078 0.0000000 0.0000519 0.0000519 0.0003636 0.0003636 0.0004156 0.0001558 0.0003117 0.0002078 0.0003636 0.0002597 0.0002597 0.0001558 0.0004676 0.0003636 0.0002597 0.0003117 0.0002597 0.0004156 0.0006235 0.0003636 0.0005715 0.0005715 0.0005195 0.0004156 0.0007274 0.0009354 0.0002597 0.0002597 0.0006755 0.0006755 0.0007274 0.0009874 0.0006755 0.0005195 0.0005715 0.0006235 0.0007794 0.0009354 0.0005715 0.0007274 0.0008834 0.0008834 0.0005715 0.0006235 0.0009354 0.0008314 0.0003636 0.0006755 0.0006755 0.0009354 0.0008314 0.0007794 0.0008314 0.0007274 0.0007794 0.0008314 0.0012488 0.0014053 0.0014053 0.0017703 0.0016659 2.0009751 2.0009286 
EBOV_H.sap-wt_SLE_14_Makona-G5296_1_KR105303               1.8755591 1.8870448 1.8694389 1.3974760 1.3637189 0.0306923 0.0305793 0.0306379 0.0314956 0.0347813 0.0351996 0.0347431 0.0320492 0.0017180 0.0013009 0.0002597 0.0002597 0.0003117 0.0003117 0.0003117 0.0003636 0.0002597 0.0001558 0.0001558 0.0002078 0.0002597 0.0002078 0.0003117 0.0002597 0.0000519 0.0000000 0.0000010 0.0004156 0.0004156 0.0004676 0.0002078 0.0003636 0.0002597 0.0004156 0.0003117 0.0003117 0.0002078 0.0005195 0.0004156 0.0003117 0.0003636 0.0003117 0.0004676 0.0006755 0.0004156 0.0006235 0.0006235 0.0005715 0.0004676 0.0007794 0.0009886 0.0003117 0.0003117 0.0007274 0.0007274 0.0007794 0.0010394 0.0007274 0.0005715 0.0006235 0.0006755 0.0008314 0.0009884 0.0006235 0.0007794 0.0009354 0.0009354 0.0006235 0.0006755 0.0009874 0.0008834 0.0004156 0.0007274 0.0007274 0.0009874 0.0008834 0.0008314 0.0008834 0.0007794 0.0008314 0.0008834 0.0013011 0.0014576 0.0014576 0.0018227 0.0017183 2.0017421 2.0016957 
EBOV_H.sap-wt_SLE_14_Makona-Bombali-J0022_KP759757         1.8755591 1.8870448 1.8694389 1.3974760 1.3637189 0.0306923 0.0305793 0.0306379 0.0314956 0.0347813 0.0351996 0.0347431 0.0320492 0.0017180 0.0013009 0.0002597 0.0002597 0.0003117 0.0003117 0.0003117 0.0003636 0.0002597 0.0001558 0.0001558 0.0002078 0.0002597 0.0002078 0.0003117 0.0002597 0.0000519 0.0000010 0.0000000 0.0004156 0.0004156 0.0004676 0.0002078 0.0003636 0.0002597 0.0004156 0.0003117 0.0003117 0.0002078 0.0005195 0.0004156 0.0003117 0.0003636 0.0003117 0.0004676 0.0006755 0.0004156 0.0006235 0.0006235 0.0005715 0.0004676 0.0007794 0.0009886 0.0003117 0.0003117 0.0007274 0.0007274 0.0007794 0.0010394 0.0007274 0.0005715 0.0006235 0.0006755 0.0008314 0.0009884 0.0006235 0.0007794 0.0009354 0.0009354 0.0006235 0.0006755 0.0009874 0.0008834 0.0004156 0.0007274 0.0007274 0.0009874 0.0008834 0.0008314 0.0008834 0.0007794 0.0008314 0.0008834 0.0013011 0.0014576 0.0014576 0.0018227 0.0017183 2.0017421 2.0016957 
EBOV_H.sap-wt_SLE_14_Makona-Kenema-G4350_1_KR105242        1.8754728 1.8871869 1.8693543 1.3970203 1.3636632 0.0306887 0.0305757 0.0306344 0.0314919 0.0348918 0.0353103 0.0348538 0.0319913 0.0018222 0.0014050 0.0003636 0.0003636 0.0004156 0.0004156 0.0004156 0.0004676 0.0001558 0.0002597 0.0002597 0.0003117 0.0003636 0.0003117 0.0004156 0.0003636 0.0003636 0.0004156 0.0004156 0.0000000 0.0000010 0.0000519 0.0005195 0.0004676 0.0003636 0.0005195 0.0006235 0.0006235 0.0005195 0.0008314 0.0007274 0.0006235 0.0004676 0.0006235 0.0007794 0.0009874 0.0005195 0.0007274 0.0007274 0.0006755 0.0005715 0.0008834 0.0010927 0.0004156 0.0004156 0.0008314 0.0008314 0.0008834 0.0011445 0.0008314 0.0006755 0.0007274 0.0007794 0.0009364 0.0010925 0.0007274 0.0008834 0.0010404 0.0010404 0.0007274 0.0007794 0.0010914 0.0009885 0.0007274 0.0010394 0.0006235 0.0010914 0.0009874 0.0009354 0.0009874 0.0008834 0.0009354 0.0009874 0.0014052 0.0015618 0.0015618 0.0019269 0.0018224 1.9998146 1.9997682 
EBOV_H.sap-wt_SLE_14_Makona-Kenema-G4971_1_KR105284        1.8754728 1.8871869 1.8693543 1.3970203 1.3636632 0.0306887 0.0305757 0.0306344 0.0314919 0.0348918 0.0353103 0.0348538 0.0319913 0.0018222 0.0014050 0.0003636 0.0003636 0.0004156 0.0004156 0.0004156 0.0004676 0.0001558 0.0002597 0.0002597 0.0003117 0.0003636 0.0003117 0.0004156 0.0003636 0.0003636 0.0004156 0.0004156 0.0000010 0.0000000 0.0000519 0.0005195 0.0004676 0.0003636 0.0005195 0.0006235 0.0006235 0.0005195 0.0008314 0.0007274 0.0006235 0.0004676 0.0006235 0.0007794 0.0009874 0.0005195 0.0007274 0.0007274 0.0006755 0.0005715 0.0008834 0.0010927 0.0004156 0.0004156 0.0008314 0.0008314 0.0008834 0.0011445 0.0008314 0.0006755 0.0007274 0.0007794 0.0009364 0.0010925 0.0007274 0.0008834 0.0010404 0.0010404 0.0007274 0.0007794 0.0010914 0.0009885 0.0007274 0.0010394 0.0006235 0.0010914 0.0009874 0.0009354 0.0009874 0.0008834 0.0009354 0.0009874 0.0014052 0.0015618 0.0015618 0.0019269 0.0018224 1.9998146 1.9997682 
EBOV_H.sap-wt_SLE_14_Makona-Kenema-G4856_1_KR105273        1.8757449 1.8874596 1.8696260 1.3972430 1.3638856 0.0307450 0.0306320 0.0306906 0.0315483 0.0349487 0.0353672 0.0349107 0.0320478 0.0018744 0.0014572 0.0004156 0.0004156 0.0004676 0.0004676 0.0004676 0.0005195 0.0002078 0.0003117 0.0003117 0.0003636 0.0004156 0.0003636 0.0004676 0.0004156 0.0004156 0.0004676 0.0004676 0.0000519 0.0000519 0.0000000 0.0005715 0.0005195 0.0004156 0.0005715 0.0006755 0.0006755 0.0005715 0.0008834 0.0007794 0.0006755 0.0005195 0.0006755 0.0008314 0.0010394 0.0005715 0.0007794 0.0007794 0.0007274 0.0006235 0.0009354 0.0011448 0.0004676 0.0004676 0.0008834 0.0008834 0.0009354 0.0011966 0.0008834 0.0007274 0.0007794 0.0008314 0.0009885 0.0011446 0.0007794 0.0009354 0.0010925 0.0010925 0.0007794 0.0008314 0.0011445 0.0010405 0.0007794 0.0010924 0.0006755 0.0011445 0.0010394 0.0009874 0.0010394 0.0009354 0.0009874 0.0010394 0.0014573 0.0016139 0.0016139 0.0019790 0.0018746 1.9998552 1.9998088 
EBOV_H.sap-wt_SLE_14_Makona-Kenema-G5039_1_KR105295        1.8736968 1.8851710 1.8675838 1.3980478 1.3632407 0.0308060 0.0306930 0.0307517 0.0316096 0.0348964 0.0353149 0.0348583 0.0321633 0.0018224 0.0014052 0.0003636 0.0003636 0.0004156 0.0004156 0.0004156 0.0004676 0.0003636 0.0002597 0.0002597 0.0003117 0.0003636 0.0003117 0.0004156 0.0003636 0.0001558 0.0002078 0.0002078 0.0005195 0.0005195 0.0005715 0.0000000 0.0004676 0.0003636 0.0005195 0.0004156 0.0004156 0.0003117 0.0006235 0.0005195 0.0004156 0.0004676 0.0004156 0.0005715 0.0007794 0.0005195 0.0007274 0.0007274 0.0006755 0.0005715 0.0008834 0.0010928 0.0004156 0.0004156 0.0008314 0.0008314 0.0008834 0.0011446 0.0008314 0.0006755 0.0007274 0.0007794 0.0009365 0.0010927 0.0007274 0.0008834 0.0010406 0.0010406 0.0007274 0.0007794 0.0010925 0.0009886 0.0005195 0.0008314 0.0008314 0.0010925 0.0009874 0.0009354 0.0009874 0.0008834 0.0009354 0.0009874 0.0014054 0.0015620 0.0015620 0.0019271 0.0018227 1.9999796 1.9999333 
EBOV_H.sap-wt_SLE_14_Makona-G3949_1_KR105209               1.8746725 1.8861524 1.8685559 1.3971290 1.3638394 0.0307448 0.0306318 0.0306905 0.0315481 0.0349485 0.0353670 0.0349105 0.0320476 0.0017700 0.0013529 0.0003117 0.0003117 0.0003636 0.0003636 0.0003636 0.0004156 0.0003117 0.0002078 0.0002078 0.0002597 0.0003117 0.0002597 0.0003636 0.0003117 0.0003117 0.0003636 0.0003636 0.0004676 0.0004676 0.0005195 0.0004676 0.0000000 0.0003117 0.0004676 0.0005715 0.0005715 0.0004676 0.0007794 0.0006755 0.0005715 0.0004156 0.0005715 0.0007274 0.0009354 0.0004676 0.0006755 0.0006755 0.0006235 0.0005195 0.0008314 0.0010406 0.0003636 0.0003636 0.0007794 0.0007794 0.0008314 0.0010914 0.0007794 0.0006235 0.0006755 0.0007274 0.0008834 0.0010394 0.0006755 0.0008314 0.0009874 0.0009874 0.0006755 0.0007274 0.0010394 0.0009354 0.0006755 0.0009874 0.0007794 0.0010394 0.0009354 0.0008834 0.0009354 0.0008314 0.0008834 0.0009354 0.0013530 0.0015096 0.0015096 0.0018746 0.0017702 2.0006422 2.0005958 
EBOV_H.sap-wt_SLE_14_Makona-J0054_KP759722                 1.8755101 1.8869961 1.8689810 1.3979923 1.3646781 0.0306355 0.0305225 0.0305811 0.0314386 0.0348385 0.0352569 0.0348004 0.0319922 0.0016658 0.0012488 0.0002078 0.0002078 0.0002597 0.0002597 0.0002597 0.0003117 0.0002078 0.0001039 0.0001039 0.0001558 0.0002078 0.0001558 0.0002597 0.0002078 0.0002078 0.0002597 0.0002597 0.0003636 0.0003636 0.0004156 0.0003636 0.0003117 0.0000000 0.0003636 0.0004676 0.0004676 0.0003636 0.0006755 0.0005715 0.0004676 0.0003117 0.0004676 0.0006235 0.0008314 0.0003636 0.0005715 0.0005715 0.0005195 0.0004156 0.0007274 0.0009365 0.0002597 0.0002597 0.0006755 0.0006755 0.0007274 0.0009874 0.0006755 0.0005195 0.0005715 0.0006235 0.0007794 0.0009354 0.0005715 0.0007274 0.0008834 0.0008834 0.0005715 0.0006235 0.0009354 0.0008314 0.0005715 0.0008834 0.0006755 0.0009354 0.0008314 0.0007794 0.0008314 0.0007274 0.0007794 0.0008314 0.0012489 0.0014054 0.0014054 0.0017704 0.0016661 2.0006496 2.0006032 
EBOV_H.sap-wt_SLE_14_Makona-G3676.1_KM034554               1.8745100 1.8859929 1.8690544 1.3977854 1.3641563 0.0303499 0.0302370 0.0302956 0.0311524 0.0345494 0.0349673 0.0345111 0.0317056 0.0014050 0.0009874 0.0001558 0.0001558 0.0002078 0.0002078 0.0002078 0.0002597 0.0003636 0.0002597 0.0002597 0.0003117 0.0003636 0.0003117 0.0004156 0.0003636 0.0003636 0.0004156 0.0004156 0.0005195 0.0005195 0.0005715 0.0005195 0.0004676 0.0003636 0.0000000 0.0006235 0.0006235 0.0005195 0.0008314 0.0007274 0.0006235 0.0004676 0.0006235 0.0007794 0.0009874 0.0005195 0.0007274 0.0007274 0.0006755 0.0005715 0.0008834 0.0010927 0.0004156 0.0004156 0.0004156 0.0004156 0.0004676 0.0007274 0.0006235 0.0004676 0.0005195 0.0005715 0.0007274 0.0008834 0.0005195 0.0006755 0.0008314 0.0008314 0.0005195 0.0005715 0.0008834 0.0007794 0.0007274 0.0010394 0.0008314 0.0008834 0.0007794 0.0007274 0.0009874 0.0006755 0.0007274 0.0007794 0.0009874 0.0011447 0.0011447 0.0015095 0.0014052 2.0001707 2.0001244 
EBOV_H.sap-wt_SLE_14_Makona-Kenema-20140590_KR653278       1.8744896 1.8859697 1.8683730 1.3958912 1.3628850 0.0309143 0.0308012 0.0308599 0.0317179 0.0350052 0.0354237 0.0348529 0.0322717 0.0019265 0.0015093 0.0004676 0.0004676 0.0005195 0.0005195 0.0005195 0.0005715 0.0004676 0.0003636 0.0003636 0.0004156 0.0004676 0.0004156 0.0005195 0.0004676 0.0002597 0.0003117 0.0003117 0.0006235 0.0006235 0.0006755 0.0004156 0.0005715 0.0004676 0.0006235 0.0000000 0.0005195 0.0004156 0.0007274 0.0006235 0.0005195 0.0005715 0.0005195 0.0006755 0.0008834 0.0006235 0.0008314 0.0008314 0.0007794 0.0006755 0.0009874 0.0011969 0.0005196 0.0005196 0.0009354 0.0009354 0.0009874 0.0012486 0.0009354 0.0007794 0.0008314 0.0008834 0.0010406 0.0011967 0.0008314 0.0009874 0.0011446 0.0011446 0.0008314 0.0008834 0.0011965 0.0010926 0.0006235 0.0009354 0.0009354 0.0011966 0.0010914 0.0010394 0.0010914 0.0009874 0.0010394 0.0010914 0.0015094 0.0016661 0.0016661 0.0020312 0.0019268 2.0016275 2.0015810 
