93
RESTV_S.dom-xx_PHL_08_Reston08-C_FJ621584                  0.0000000 0.0324475 0.0485875 1.8104759 1.8105168 1.8414435 1.8374598 1.8375833 1.8444836 1.8402098 1.8399714 1.8393752 1.8389388 1.8378228 1.8371437 1.8394323 1.8398032 1.8388388 1.8388041 1.8370666 1.8371901 1.8384090 1.8386331 1.8409005 1.8407170 1.8401177 1.8370131 1.8388021 1.8373212 1.8373212 1.8375957 1.8397597 1.8381952 1.8374103 1.8402208 1.8371579 1.8377298 1.8366995 1.8394333 1.8422613 1.8422613 1.8387426 1.8377950 1.8414593 1.8391590 1.8380380 1.8422507 1.8392556 1.8400360 1.8387994 1.8387994 1.8412086 1.8402035 1.8399126 1.8405164 1.8395182 1.8382878 1.8396187 1.8385452 1.8393235 1.8393235 1.8397718 1.8398543 1.8384576 1.8388269 1.8386493 1.8402526 1.8390677 1.8394925 1.8387199 1.8392396 1.8392396 1.8394524 1.8396234 1.8396234 1.8396598 1.8391685 1.8386001 1.8395395 1.8395395 1.8394160 1.8394160 1.8395395 1.8322422 1.8303713 1.8299277 1.8302103 1.8422475 1.8416143 1.8502689 1.8519291 2.0053943 2.0386439 
RESTV_M.fas-tc_USA_89_Philippines89-Pennsylvania_NC_004161 0.0324475 0.0000000 0.0235854 1.7898898 1.7899304 1.8454335 1.8416889 1.8418125 1.8481683 1.8444450 1.8443639 1.8443803 1.8431714 1.8422104 1.8412111 1.8432435 1.8436148 1.8430701 1.8430353 1.8412947 1.8414183 1.8426387 1.8428642 1.8452959 1.8449545 1.8447745 1.8412405 1.8430341 1.8415488 1.8415488 1.8418250 1.8436632 1.8424240 1.8412168 1.8445452 1.8413858 1.8419583 1.8409257 1.8436664 1.8461696 1.8461696 1.8430257 1.8420232 1.8456433 1.8433906 1.8422684 1.8464906 1.8435761 1.8444814 1.8428723 1.8428723 1.8452026 1.8444386 1.8441461 1.8447519 1.8437514 1.8425184 1.8438534 1.8427759 1.8439771 1.8439771 1.8440052 1.8440892 1.8426879 1.8430579 1.8428800 1.8444877 1.8433003 1.8437256 1.8429509 1.8434726 1.8434726 1.8436855 1.8438565 1.8438565 1.8438931 1.8434012 1.8428308 1.8437726 1.8437726 1.8436489 1.8436489 1.8437726 1.8378439 1.8360186 1.8355720 1.8358555 1.8470140 1.8494736 1.8558600 1.8580922 1.9908192 2.0210802 
RESTV_S.dom-tc_PHL_08_Reston08-A_FJ621583                  0.0485875 0.0235854 0.0000000 1.8129900 1.8130308 1.8711418 1.8673777 1.8675024 1.8744522 1.8706533 1.8704020 1.8704196 1.8693604 1.8682135 1.8670931 1.8691605 1.8695348 1.8689871 1.8689518 1.8671879 1.8673127 1.8685444 1.8687795 1.8712492 1.8709141 1.8707263 1.8671297 1.8689558 1.8674396 1.8674396 1.8677271 1.8696018 1.8684840 1.8669392 1.8704890 1.8672785 1.8680153 1.8669658 1.8695958 1.8721439 1.8721439 1.8686219 1.8679187 1.8714204 1.8693106 1.8681782 1.8724680 1.8694940 1.8704201 1.8687925 1.8687925 1.8711519 1.8703820 1.8700790 1.8706985 1.8691158 1.8684302 1.8697926 1.8686885 1.8699089 1.8699089 1.8699374 1.8700306 1.8685978 1.8689734 1.8687930 1.8704308 1.8692259 1.8696554 1.8688138 1.8694008 1.8694008 1.8696151 1.8697863 1.8697863 1.8698244 1.8693274 1.8687438 1.8697018 1.8697018 1.8695770 1.8695770 1.8697018 1.8624758 1.8606252 1.8601665 1.8604534 1.8739230 1.8755789 1.8830307 1.8852936 2.0030367 2.0461975 
SUDV_H.sap-xx_UGA_12_EboSud-603_KC545390                   1.8104759 1.7898898 1.8129900 0.0000000 0.0001044 1.9565590 1.9533685 1.9533685 1.9575441 1.9517969 1.9495253 1.9506532 1.9510832 1.9524625 1.9534881 1.9521976 1.9515884 1.9577145 1.9580511 1.9534322 1.9536574 1.9534276 1.9538940 1.9545000 1.9555014 1.9527473 1.9506368 1.9504114 1.9533455 1.9533455 1.9518931 1.9546067 1.9565279 1.9558338 1.9555752 1.9548557 1.9548718 1.9563228 1.9549200 1.9532805 1.9532805 1.9556292 1.9524417 1.9530942 1.9544421 1.9527450 1.9555079 1.9534387 1.9551910 1.9511755 1.9511755 1.9545635 1.9533281 1.9522486 1.9532841 1.9522280 1.9533271 1.9519988 1.9538904 1.9523826 1.9523826 1.9530467 1.9516117 1.9524269 1.9542318 1.9519056 1.9546809 1.9534373 1.9529136 1.9520530 1.9527398 1.9527398 1.9528718 1.9530757 1.9530757 1.9533385 1.9529448 1.9523935 1.9533397 1.9533397 1.9532077 1.9532077 1.9534328 1.9330416 1.9312909 1.9329205 1.9327878 1.9414814 1.9482250 1.9563714 1.9594084 2.1078090 2.0841619 
SUDV_H.sap-xx_UGA_12_EboSud-609_KC545391                   1.8105168 1.7899304 1.8130308 0.0001044 0.0000000 1.9567890 1.9535981 1.9535981 1.9577743 1.9520264 1.9497544 1.9508825 1.9513126 1.9526921 1.9537178 1.9524271 1.9518178 1.9579447 1.9582813 1.9536618 1.9538870 1.9536572 1.9541237 1.9547297 1.9557312 1.9529769 1.9508662 1.9506407 1.9535751 1.9535751 1.9521226 1.9548365 1.9567579 1.9560637 1.9558051 1.9550855 1.9551016 1.9565528 1.9551498 1.9535102 1.9535102 1.9558592 1.9526713 1.9533237 1.9546718 1.9529746 1.9557378 1.9536683 1.9554208 1.9514049 1.9514049 1.9547932 1.9535578 1.9524781 1.9535138 1.9524575 1.9535568 1.9522282 1.9541201 1.9526122 1.9526122 1.9532763 1.9518412 1.9526564 1.9544615 1.9521351 1.9549106 1.9536669 1.9531432 1.9522824 1.9529694 1.9529694 1.9531014 1.9533053 1.9533053 1.9535681 1.9531744 1.9526230 1.9535693 1.9535693 1.9534373 1.9534373 1.9536624 1.9332687 1.9315179 1.9331475 1.9330149 1.9417104 1.9484547 1.9566022 1.9596395 2.1074227 2.0842041 
EBOV_H.sap-wt_GIN_14_Makona-Gueckedou-EM_080076_KR817235   1.8414435 1.8454335 1.8711418 1.9565590 1.9567890 0.0000000 0.0025664 0.0025149 0.0030821 0.0026171 0.0029782 0.0028232 0.0025142 0.0027720 0.0016401 0.0020512 0.0022058 0.0025146 0.0026690 0.0017943 0.0018457 0.0018969 0.0018456 0.0027204 0.0027212 0.0026184 0.0027212 0.0027220 0.0025151 0.0025151 0.0025664 0.0018461 0.0022573 0.0022571 0.0024631 0.0022571 0.0021543 0.0023603 0.0023603 0.0027720 0.0027720 0.0023092 0.0025149 0.0025657 0.0025659 0.0023084 0.0024632 0.0025145 0.0026688 0.0024117 0.0024117 0.0023598 0.0023599 0.0023601 0.0023084 0.0023598 0.0024114 0.0022571 0.0017429 0.0022569 0.0022569 0.0022569 0.0022569 0.0021546 0.0019484 0.0022055 0.0022058 0.0021541 0.0022055 0.0021542 0.0021541 0.0021541 0.0021027 0.0021026 0.0021026 0.0021541 0.0021027 0.0021027 0.0021027 0.0021027 0.0020512 0.0020512 0.0021027 0.0334203 0.0332529 0.0332516 0.0330268 0.0338947 0.0372737 0.0378029 0.0389021 1.3474880 1.3108675 
EBOV_H.sap-wt_GIN_14_Makona-Gueckedou-EM_079750_KR817213   1.8374598 1.8416889 1.8673777 1.9533685 1.9535981 0.0025664 0.0000000 0.0001534 0.0026698 0.0022054 0.0025661 0.0024112 0.0021026 0.0023601 0.0015373 0.0016401 0.0017945 0.0021029 0.0022572 0.0013835 0.0014348 0.0014860 0.0014347 0.0023086 0.0023092 0.0022065 0.0023092 0.0023099 0.0021033 0.0021033 0.0021546 0.0014351 0.0018459 0.0018458 0.0020515 0.0018458 0.0017430 0.0019488 0.0019488 0.0023601 0.0023601 0.0018977 0.0021032 0.0021541 0.0021543 0.0018970 0.0020516 0.0021029 0.0022570 0.0020001 0.0020001 0.0019484 0.0019484 0.0019486 0.0018970 0.0019484 0.0019999 0.0018458 0.0013321 0.0018456 0.0018456 0.0018456 0.0018456 0.0017433 0.0015374 0.0017943 0.0017945 0.0017429 0.0017942 0.0017429 0.0017428 0.0017428 0.0016915 0.0016915 0.0016915 0.0017428 0.0016915 0.0016915 0.0016915 0.0016915 0.0016401 0.0016401 0.0016915 0.0330203 0.0328531 0.0328519 0.0326273 0.0335557 0.0369212 0.0374601 0.0384440 1.3460455 1.3115051 
EBOV_H.sap-wt_GIN_14_Makona-Gueckedou-EM_079910_KR817221   1.8375833 1.8418125 1.8675024 1.9533685 1.9535981 0.0025149 0.0001534 0.0000000 0.0026183 0.0021540 0.0025146 0.0023598 0.0020512 0.0023087 0.0014860 0.0015888 0.0017431 0.0020516 0.0022058 0.0013321 0.0013835 0.0014347 0.0013834 0.0022572 0.0022578 0.0021551 0.0022578 0.0022585 0.0020519 0.0020519 0.0021032 0.0013838 0.0017945 0.0017944 0.0020001 0.0017944 0.0016917 0.0018974 0.0018974 0.0023087 0.0023087 0.0018463 0.0020518 0.0021027 0.0021029 0.0018457 0.0020002 0.0020515 0.0022056 0.0019487 0.0019487 0.0018970 0.0018971 0.0018973 0.0018457 0.0018970 0.0019485 0.0017944 0.0012808 0.0017942 0.0017942 0.0017942 0.0017943 0.0016920 0.0014861 0.0017429 0.0017431 0.0016915 0.0017429 0.0016916 0.0016915 0.0016915 0.0016402 0.0016401 0.0016401 0.0016915 0.0016402 0.0016402 0.0016402 0.0016402 0.0015888 0.0015888 0.0016402 0.0329647 0.0327976 0.0327963 0.0325718 0.0334999 0.0368650 0.0374037 0.0383876 1.3464212 1.3119700 
EBOV_H.sap-wt_SLE_14_Makona-Koinadugu-20143659_KR653256    1.8444836 1.8481683 1.8744522 1.9575441 1.9577743 0.0030821 0.0026698 0.0026183 0.0000000 0.0010756 0.0014351 0.0012809 0.0009731 0.0012297 0.0020514 0.0020516 0.0022062 0.0017946 0.0019488 0.0018974 0.0019488 0.0020000 0.0019486 0.0016917 0.0016922 0.0015896 0.0016922 0.0016927 0.0014866 0.0014866 0.0015379 0.0019492 0.0015377 0.0015376 0.0017432 0.0015376 0.0014350 0.0016405 0.0016406 0.0017431 0.0017431 0.0015894 0.0014865 0.0015375 0.0013323 0.0015889 0.0014350 0.0012810 0.0016402 0.0013837 0.0013837 0.0013321 0.0013321 0.0013323 0.0012808 0.0011269 0.0011783 0.0012296 0.0013321 0.0010243 0.0010243 0.0011269 0.0010243 0.0011272 0.0011269 0.0011782 0.0011783 0.0011269 0.0010756 0.0010244 0.0010243 0.0010243 0.0009730 0.0010756 0.0010756 0.0011269 0.0010756 0.0010756 0.0010756 0.0010756 0.0010243 0.0010243 0.0010756 0.0335872 0.0334197 0.0334185 0.0331935 0.0341247 0.0373821 0.0379220 0.0390216 1.3498680 1.3103010 
EBOV_H.sap-wt_SLE_14_Makona-J0128_KP759677                 1.8402098 1.8444450 1.8706533 1.9517969 1.9520264 0.0026171 0.0022054 0.0021540 0.0010756 0.0000000 0.0009720 0.0008184 0.0005114 0.0007673 0.0015882 0.0015883 0.0017426 0.0013318 0.0014857 0.0014344 0.0014857 0.0015369 0.0014856 0.0012290 0.0012294 0.0011269 0.0012294 0.0012298 0.0010232 0.0010232 0.0010754 0.0014860 0.0010744 0.0010744 0.0012804 0.0010744 0.0009720 0.0011779 0.0011779 0.0012804 0.0012804 0.0011268 0.0010232 0.0010744 0.0008696 0.0011256 0.0009720 0.0008184 0.0011768 0.0009208 0.0009208 0.0008696 0.0008696 0.0008696 0.0008184 0.0006649 0.0007161 0.0007673 0.0008696 0.0005626 0.0005626 0.0006649 0.0005626 0.0006649 0.0006649 0.0007161 0.0007161 0.0006649 0.0006137 0.0005626 0.0005626 0.0005626 0.0005114 0.0006137 0.0006137 0.0006649 0.0006137 0.0006137 0.0006137 0.0006137 0.0005626 0.0005626 0.0006137 0.0330666 0.0328994 0.0328982 0.0326736 0.0336020 0.0369670 0.0375058 0.0386038 1.3467126 1.3104521 
EBOV_H.sap-wt_SLE_14_Makona-J0119_KP759667                 1.8399714 1.8443639 1.8704020 1.9495253 1.9497544 0.0029782 0.0025661 0.0025146 0.0014351 0.0009720 0.0000000 0.0004603 0.0004603 0.0004091 0.0019481 0.0019482 0.0021027 0.0016914 0.0018455 0.0017941 0.0018455 0.0018967 0.0018453 0.0015885 0.0015890 0.0014864 0.0015890 0.0015894 0.0013835 0.0013835 0.0014348 0.0018459 0.0014346 0.0014346 0.0016400 0.0014346 0.0013319 0.0015374 0.0015374 0.0016399 0.0016399 0.0014863 0.0013835 0.0014344 0.0012293 0.0014858 0.0013320 0.0011780 0.0015371 0.0012807 0.0012807 0.0012292 0.0012292 0.0012293 0.0011779 0.0010232 0.0010744 0.0011267 0.0012292 0.0009208 0.0009208 0.0010232 0.0009208 0.0010243 0.0010232 0.0010744 0.0010754 0.0010232 0.0009720 0.0009208 0.0009208 0.0009208 0.0008696 0.0009720 0.0009720 0.0010232 0.0009720 0.0009720 0.0009720 0.0009720 0.0009208 0.0009208 0.0009720 0.0334028 0.0332355 0.0332343 0.0330095 0.0340031 0.0373724 0.0379121 0.0390115 1.3460049 1.3101982 
EBOV_H.sap-wt_SLE_14_Makona-PortLoko-J0083_KP759752        1.8393752 1.8443803 1.8704196 1.9506532 1.9508825 0.0028232 0.0024112 0.0023598 0.0012809 0.0008184 0.0004603 0.0000000 0.0003068 0.0002557 0.0017936 0.0017938 0.0019482 0.0015371 0.0016911 0.0016397 0.0016911 0.0017423 0.0016910 0.0014343 0.0014347 0.0013322 0.0014347 0.0014351 0.0012294 0.0012294 0.0012806 0.0016915 0.0012805 0.0012804 0.0014857 0.0012804 0.0011778 0.0013832 0.0013832 0.0014857 0.0014857 0.0013321 0.0012293 0.0012803 0.0010744 0.0013316 0.0011779 0.0010232 0.0013829 0.0011256 0.0011256 0.0010744 0.0010744 0.0010744 0.0010232 0.0008696 0.0009208 0.0009720 0.0010744 0.0007673 0.0007673 0.0008696 0.0007673 0.0008696 0.0008696 0.0009208 0.0009208 0.0008696 0.0008184 0.0007673 0.0007673 0.0007673 0.0007161 0.0008184 0.0008184 0.0008696 0.0008184 0.0008184 0.0008184 0.0008184 0.0007673 0.0007673 0.0008184 0.0331756 0.0330084 0.0330071 0.0327825 0.0338279 0.0371951 0.0377344 0.0388330 1.3458928 1.3106658 
EBOV_H.sap-wt_SLE_14_Makona-PortLoko-20140024_KR653252     1.8389388 1.8431714 1.8693604 1.9510832 1.9513126 0.0025142 0.0021026 0.0020512 0.0009731 0.0005114 0.0004603 0.0003068 0.0000000 0.0002557 0.0014856 0.0014857 0.0016399 0.0012292 0.0013831 0.0013317 0.0013831 0.0014343 0.0013830 0.0011256 0.0011268 0.0010243 0.0011268 0.0011271 0.0009208 0.0009208 0.0009720 0.0013834 0.0009720 0.0009720 0.0011779 0.0009720 0.0008696 0.0010744 0.0010744 0.0011778 0.0011778 0.0010243 0.0009208 0.0009720 0.0007673 0.0010232 0.0008696 0.0007161 0.0010744 0.0008184 0.0008184 0.0007673 0.0007673 0.0007673 0.0007161 0.0005626 0.0006137 0.0006649 0.0007673 0.0004603 0.0004603 0.0005626 0.0004603 0.0005626 0.0005626 0.0006137 0.0006137 0.0005626 0.0005114 0.0004603 0.0004603 0.0004603 0.0004091 0.0005114 0.0005114 0.0005626 0.0005114 0.0005114 0.0005114 0.0005114 0.0004603 0.0004603 0.0005114 0.0329550 0.0327879 0.0327867 0.0325622 0.0334900 0.0368541 0.0373927 0.0384904 1.3464684 1.3110637 
EBOV_H.sap-wt_SLE_14_Makona-J0158_KP759700                 1.8378228 1.8422104 1.8682135 1.9524625 1.9526921 0.0027720 0.0023601 0.0023087 0.0012297 0.0007673 0.0004091 0.0002557 0.0002557 0.0000000 0.0017425 0.0017427 0.0018970 0.0014860 0.0016400 0.0015886 0.0016400 0.0016912 0.0016399 0.0013832 0.0013836 0.0012810 0.0013836 0.0013840 0.0011782 0.0011782 0.0012295 0.0016403 0.0012294 0.0012293 0.0014346 0.0012293 0.0011267 0.0013320 0.0013321 0.0014345 0.0014345 0.0012809 0.0011782 0.0012291 0.0010232 0.0012805 0.0011268 0.0009720 0.0013318 0.0010754 0.0010754 0.0010232 0.0010232 0.0010232 0.0009720 0.0008184 0.0008696 0.0009208 0.0010232 0.0007161 0.0007161 0.0008184 0.0007161 0.0008184 0.0008184 0.0008696 0.0008696 0.0008184 0.0007673 0.0007161 0.0007161 0.0007161 0.0006649 0.0007673 0.0007673 0.0008184 0.0007673 0.0007673 0.0007673 0.0007673 0.0007161 0.0007161 0.0007673 0.0331776 0.0330103 0.0330091 0.0327845 0.0337769 0.0371441 0.0376833 0.0387820 1.3458829 1.3112404 
EBOV_H.sap-wt_GIN_14_Makona-Gueckedou-EM_079702_KR817210   1.8371437 1.8412111 1.8670931 1.9534881 1.9537178 0.0016401 0.0015373 0.0014860 0.0020514 0.0015882 0.0019481 0.0017936 0.0014856 0.0017425 0.0000000 0.0010232 0.0011779 0.0014858 0.0016398 0.0007673 0.0008184 0.0008696 0.0008184 0.0016911 0.0016915 0.0015890 0.0016916 0.0016921 0.0014861 0.0014861 0.0015373 0.0008184 0.0012292 0.0012291 0.0014345 0.0012292 0.0011256 0.0013319 0.0013319 0.0017425 0.0017425 0.0012808 0.0014860 0.0015369 0.0015370 0.0012804 0.0014345 0.0014858 0.0016396 0.0013832 0.0013832 0.0013316 0.0013317 0.0013318 0.0012804 0.0013316 0.0013830 0.0012292 0.0007161 0.0012290 0.0012290 0.0012290 0.0012291 0.0011268 0.0009208 0.0011768 0.0011779 0.0011256 0.0011768 0.0011256 0.0011256 0.0011256 0.0010744 0.0010744 0.0010744 0.0011256 0.0010744 0.0010744 0.0010744 0.0010744 0.0010232 0.0010232 0.0010744 0.0324486 0.0322817 0.0322805 0.0320563 0.0329816 0.0363410 0.0368786 0.0379746 1.3451428 1.3087869 
EBOV_H.sap-tc_GIN_14_Makona-Gueckedou-C05_KP096420         1.8394323 1.8432435 1.8691605 1.9521976 1.9524271 0.0020512 0.0016401 0.0015888 0.0020516 0.0015883 0.0019482 0.0017938 0.0014857 0.0017427 0.0010232 0.0000000 0.0001534 0.0015886 0.0017426 0.0006649 0.0007161 0.0007673 0.0007161 0.0017939 0.0017944 0.0016918 0.0017944 0.0017950 0.0015889 0.0015889 0.0016401 0.0009208 0.0013319 0.0013318 0.0015372 0.0013318 0.0012292 0.0014346 0.0014347 0.0018454 0.0018454 0.0013835 0.0015888 0.0016397 0.0015372 0.0013831 0.0015373 0.0014859 0.0017425 0.0014859 0.0014859 0.0014344 0.0014344 0.0014345 0.0013831 0.0013317 0.0013831 0.0013319 0.0008184 0.0012291 0.0012291 0.0013317 0.0012292 0.0012295 0.0010232 0.0012804 0.0012806 0.0012291 0.0012804 0.0012292 0.0012291 0.0012291 0.0011778 0.0011778 0.0011778 0.0012291 0.0011779 0.0011779 0.0011779 0.0011779 0.0011256 0.0011256 0.0011779 0.0321630 0.0319962 0.0319950 0.0317710 0.0326457 0.0358895 0.0365392 0.0376342 1.3468630 1.3102818 
EBOV_H.sap-wt_GIN_14_Makona-Kissidougou-C15_KT013254       1.8398032 1.8436148 1.8695348 1.9515884 1.9518178 0.0022058 0.0017945 0.0017431 0.0022062 0.0017426 0.0021027 0.0019482 0.0016399 0.0018970 0.0011779 0.0001534 0.0000000 0.0017429 0.0018970 0.0008184 0.0008696 0.0009208 0.0008696 0.0019483 0.0019489 0.0018462 0.0019489 0.0019494 0.0017432 0.0017432 0.0017945 0.0010757 0.0014861 0.0014860 0.0016915 0.0014860 0.0013833 0.0015889 0.0015889 0.0019998 0.0019998 0.0015378 0.0017431 0.0017940 0.0016914 0.0015372 0.0016916 0.0016401 0.0018968 0.0016402 0.0016402 0.0015886 0.0015886 0.0015888 0.0015372 0.0014859 0.0015373 0.0014860 0.0009720 0.0013832 0.0013832 0.0014858 0.0013832 0.0013836 0.0011780 0.0014346 0.0014347 0.0013832 0.0014345 0.0013833 0.0013832 0.0013832 0.0013319 0.0013319 0.0013319 0.0013832 0.0013319 0.0013319 0.0013319 0.0013319 0.0012806 0.0012806 0.0013319 0.0323354 0.0321685 0.0321673 0.0319432 0.0327065 0.0359513 0.0366011 0.0376965 1.3471718 1.3115454 
EBOV_H.sap-wt_GIN_15_Makona-Faranah-EM_004503_KR817102     1.8388388 1.8430701 1.8689871 1.9577145 1.9579447 0.0025146 0.0021029 0.0020516 0.0017946 0.0013318 0.0016914 0.0015371 0.0012292 0.0014860 0.0014858 0.0015886 0.0017429 0.0000000 0.0001534 0.0013320 0.0013833 0.0014345 0.0013832 0.0014346 0.0014350 0.0013324 0.0014350 0.0014354 0.0012296 0.0012296 0.0012808 0.0013836 0.0006649 0.0006649 0.0009720 0.0007673 0.0006649 0.0008696 0.0010756 0.0014859 0.0014859 0.0010244 0.0012295 0.0012805 0.0012806 0.0010232 0.0011781 0.0012293 0.0013832 0.0011268 0.0011268 0.0010744 0.0010744 0.0010755 0.0010232 0.0010744 0.0011267 0.0009720 0.0007673 0.0009720 0.0009720 0.0009720 0.0009720 0.0008696 0.0006649 0.0009208 0.0009208 0.0008696 0.0009208 0.0008696 0.0008696 0.0008696 0.0008184 0.0008184 0.0008184 0.0008696 0.0008184 0.0008184 0.0008184 0.0008184 0.0007673 0.0007673 0.0008184 0.0329609 0.0327937 0.0327925 0.0325679 0.0336079 0.0369737 0.0375125 0.0386107 1.3459510 1.3113470 
EBOV_H.sap-wt_GIN_15_Makona-Kissidougou-EM_004555_KR817103 1.8388041 1.8430353 1.8689518 1.9580511 1.9582813 0.0026690 0.0022572 0.0022058 0.0019488 0.0014857 0.0018455 0.0016911 0.0013831 0.0016400 0.0016398 0.0017426 0.0018970 0.0001534 0.0000000 0.0014859 0.0015373 0.0015885 0.0015372 0.0015886 0.0015890 0.0014865 0.0015890 0.0015895 0.0013836 0.0013836 0.0014348 0.0015376 0.0008184 0.0008184 0.0011256 0.0009208 0.0008184 0.0010232 0.0012294 0.0016400 0.0016400 0.0010757 0.0013835 0.0014344 0.0014346 0.0011779 0.0013320 0.0013833 0.0015371 0.0012807 0.0012807 0.0012292 0.0012292 0.0012293 0.0011779 0.0012292 0.0012805 0.0011267 0.0009208 0.0011256 0.0011256 0.0011256 0.0011266 0.0010243 0.0008184 0.0010744 0.0010755 0.0010232 0.0010744 0.0010232 0.0010232 0.0010232 0.0009720 0.0009720 0.0009720 0.0010232 0.0009720 0.0009720 0.0009720 0.0009720 0.0009208 0.0009208 0.0009720 0.0331288 0.0329615 0.0329603 0.0327357 0.0337765 0.0371437 0.0376829 0.0387816 1.3462943 1.3112287 
EBOV_H.sap-tc_GIN_14_Makona-Gueckedou-C07_KP096421         1.8370666 1.8412947 1.8671879 1.9534322 1.9536618 0.0017943 0.0013835 0.0013321 0.0018974 0.0014344 0.0017941 0.0016397 0.0013317 0.0015886 0.0007673 0.0006649 0.0008184 0.0013320 0.0014859 0.0000000 0.0000511 0.0005114 0.0004603 0.0015372 0.0015376 0.0014351 0.0015376 0.0015381 0.0013322 0.0013322 0.0013835 0.0006649 0.0010755 0.0010754 0.0012806 0.0010754 0.0009720 0.0011781 0.0011781 0.0015886 0.0015886 0.0011270 0.0013321 0.0013831 0.0013832 0.0011266 0.0012807 0.0013319 0.0014858 0.0012294 0.0012294 0.0011779 0.0011779 0.0011780 0.0011266 0.0011779 0.0012292 0.0010754 0.0005626 0.0010744 0.0010744 0.0010744 0.0010744 0.0009730 0.0007673 0.0010232 0.0010232 0.0009720 0.0010232 0.0009720 0.0009720 0.0009720 0.0009208 0.0009208 0.0009208 0.0009720 0.0009208 0.0009208 0.0009208 0.0009208 0.0008696 0.0008696 0.0009208 0.0321090 0.0319422 0.0319411 0.0317170 0.0325916 0.0359478 0.0364846 0.0375796 1.3465575 1.3096554 
EBOV_H.sap-wt_GIN_14_Makona-Gueckedou-C07_KT013256         1.8371901 1.8414183 1.8673127 1.9536574 1.9538870 0.0018457 0.0014348 0.0013835 0.0019488 0.0014857 0.0018455 0.0016911 0.0013831 0.0016400 0.0008184 0.0007161 0.0008696 0.0013833 0.0015373 0.0000511 0.0000000 0.0005626 0.0005114 0.0015885 0.0015890 0.0014864 0.0015890 0.0015895 0.0013835 0.0013835 0.0014348 0.0007161 0.0011268 0.0011267 0.0013320 0.0011267 0.0010232 0.0012294 0.0012294 0.0016399 0.0016399 0.0011783 0.0013835 0.0014344 0.0014345 0.0011779 0.0013320 0.0013833 0.0015371 0.0012807 0.0012807 0.0012292 0.0012292 0.0012293 0.0011779 0.0012291 0.0012805 0.0011267 0.0006137 0.0011256 0.0011256 0.0011256 0.0011266 0.0010243 0.0008184 0.0010744 0.0010754 0.0010232 0.0010744 0.0010232 0.0010232 0.0010232 0.0009720 0.0009720 0.0009720 0.0010232 0.0009720 0.0009720 0.0009720 0.0009720 0.0009208 0.0009208 0.0009720 0.0321649 0.0319981 0.0319969 0.0317729 0.0326477 0.0360044 0.0365413 0.0376365 1.3463789 1.3098441 
EBOV_H.sap-wt_GIN_14_Makona-Macenta-EM_079422_KR817187     1.8384090 1.8426387 1.8685444 1.9534276 1.9536572 0.0018969 0.0014860 0.0014347 0.0020000 0.0015369 0.0018967 0.0017423 0.0014343 0.0016912 0.0008696 0.0007673 0.0009208 0.0014345 0.0015885 0.0005114 0.0005626 0.0000000 0.0002557 0.0016398 0.0016402 0.0015377 0.0016402 0.0016407 0.0014348 0.0014348 0.0014860 0.0007673 0.0011780 0.0011779 0.0013832 0.0011779 0.0010744 0.0012806 0.0012806 0.0016912 0.0016912 0.0012295 0.0014347 0.0014856 0.0014857 0.0012291 0.0013832 0.0014345 0.0015883 0.0013319 0.0013319 0.0012804 0.0012804 0.0012805 0.0012291 0.0012803 0.0013317 0.0011779 0.0006649 0.0011768 0.0011768 0.0011768 0.0011768 0.0010755 0.0008696 0.0011256 0.0011266 0.0010744 0.0011256 0.0010744 0.0010744 0.0010744 0.0010232 0.0010232 0.0010232 0.0010744 0.0010232 0.0010232 0.0010232 0.0010232 0.0009720 0.0009720 0.0010232 0.0321033 0.0319366 0.0319354 0.0317114 0.0325857 0.0359413 0.0364781 0.0375728 1.3455566 1.3092451 
EBOV_H.sap-wt_GIN_14_Makona-Macenta-EM_079424_KR817189     1.8386331 1.8428642 1.8687795 1.9538940 1.9541237 0.0018456 0.0014347 0.0013834 0.0019486 0.0014856 0.0018453 0.0016910 0.0013830 0.0016399 0.0008184 0.0007161 0.0008696 0.0013832 0.0015372 0.0004603 0.0005114 0.0002557 0.0000000 0.0015884 0.0015889 0.0014863 0.0015889 0.0015893 0.0013834 0.0013834 0.0014347 0.0007161 0.0011267 0.0011266 0.0013319 0.0011266 0.0010232 0.0012293 0.0012293 0.0016398 0.0016398 0.0011782 0.0013834 0.0014343 0.0014344 0.0011778 0.0013319 0.0013832 0.0015370 0.0012806 0.0012806 0.0012291 0.0012291 0.0012292 0.0011778 0.0012291 0.0012804 0.0011266 0.0006137 0.0011256 0.0011256 0.0011256 0.0011256 0.0010242 0.0008184 0.0010744 0.0010744 0.0010232 0.0010744 0.0010232 0.0010232 0.0010232 0.0009720 0.0009720 0.0009720 0.0010232 0.0009720 0.0009720 0.0009720 0.0009720 0.0009208 0.0009208 0.0009720 0.0320479 0.0318811 0.0318800 0.0316560 0.0325301 0.0358853 0.0364219 0.0375165 1.3462237 1.3100327 
EBOV_H.sap-wt_SLE_14_Makona-G5640_1_KR105313               1.8409005 1.8452959 1.8712492 1.9545000 1.9547297 0.0027204 0.0023086 0.0022572 0.0016917 0.0012290 0.0015885 0.0014343 0.0011256 0.0013832 0.0016911 0.0017939 0.0019483 0.0014346 0.0015886 0.0015372 0.0015885 0.0016398 0.0015884 0.0000000 0.0013322 0.0012297 0.0013322 0.0013326 0.0011269 0.0011269 0.0011781 0.0015889 0.0011780 0.0011779 0.0013832 0.0011779 0.0010744 0.0012807 0.0012807 0.0013832 0.0013832 0.0012296 0.0011268 0.0011778 0.0011779 0.0012291 0.0010754 0.0011267 0.0012804 0.0010232 0.0010232 0.0009720 0.0009720 0.0009720 0.0009208 0.0009720 0.0010232 0.0008696 0.0009720 0.0008696 0.0008696 0.0008696 0.0008696 0.0007673 0.0007673 0.0008184 0.0008184 0.0007673 0.0008184 0.0007673 0.0007673 0.0007673 0.0007161 0.0007161 0.0007161 0.0007673 0.0007161 0.0007161 0.0007161 0.0007161 0.0006649 0.0006649 0.0007161 0.0332946 0.0331273 0.0331261 0.0329014 0.0338309 0.0371983 0.0377376 0.0388364 1.3478925 1.3121212 
EBOV_H.sap-wt_SLE_14_Makona-G4973_1_KR105286               1.8407170 1.8449545 1.8709141 1.9555014 1.9557312 0.0027212 0.0023092 0.0022578 0.0016922 0.0012294 0.0015890 0.0014347 0.0011268 0.0013836 0.0016915 0.0017944 0.0019489 0.0014350 0.0015890 0.0015376 0.0015890 0.0016402 0.0015889 0.0013322 0.0000000 0.0012300 0.0013325 0.0013329 0.0011272 0.0011272 0.0011784 0.0015893 0.0011783 0.0011783 0.0013836 0.0011783 0.0010757 0.0012810 0.0012810 0.0013835 0.0013835 0.0012299 0.0011271 0.0011781 0.0011782 0.0012295 0.0008696 0.0011270 0.0012808 0.0010244 0.0010244 0.0009720 0.0009720 0.0009731 0.0009208 0.0009720 0.0010243 0.0008696 0.0009720 0.0008696 0.0008696 0.0008696 0.0008696 0.0007673 0.0007673 0.0008184 0.0008184 0.0007673 0.0008184 0.0007673 0.0007673 0.0007673 0.0007161 0.0007161 0.0007161 0.0007673 0.0007161 0.0007161 0.0007161 0.0007161 0.0006649 0.0006649 0.0007161 0.0332458 0.0330785 0.0330773 0.0328525 0.0337820 0.0371498 0.0376891 0.0387880 1.3478315 1.3108843 
EBOV_H.sap-wt_GIN_14_Makona-Beyla-EM_075931_KR817138       1.8401177 1.8447745 1.8707263 1.9527473 1.9529769 0.0026184 0.0022065 0.0021551 0.0015896 0.0011269 0.0014864 0.0013322 0.0010243 0.0012810 0.0015890 0.0016918 0.0018462 0.0013324 0.0014865 0.0014351 0.0014864 0.0015377 0.0014863 0.0012297 0.0012300 0.0000000 0.0006137 0.0006137 0.0004091 0.0004091 0.0004603 0.0014868 0.0010758 0.0010758 0.0012811 0.0010758 0.0009732 0.0011785 0.0011785 0.0012810 0.0012810 0.0011274 0.0007161 0.0010757 0.0010757 0.0011270 0.0009733 0.0010245 0.0011783 0.0009219 0.0009219 0.0008696 0.0008696 0.0008706 0.0008184 0.0008696 0.0009219 0.0007673 0.0008696 0.0007673 0.0007673 0.0007673 0.0007673 0.0006649 0.0006649 0.0007161 0.0007161 0.0006649 0.0007161 0.0006649 0.0006649 0.0006649 0.0006137 0.0006137 0.0006137 0.0006649 0.0006137 0.0006137 0.0006137 0.0006137 0.0005626 0.0005626 0.0006137 0.0331414 0.0329741 0.0329729 0.0327482 0.0336824 0.0369971 0.0375897 0.0386887 1.3467351 1.3122411 
EBOV_H.sap-wt_GIN_14_Makona-Kankan-EM_078639_KR817166      1.8370131 1.8412405 1.8671297 1.9506368 1.9508662 0.0027212 0.0023092 0.0022578 0.0016922 0.0012294 0.0015890 0.0014347 0.0011268 0.0013836 0.0016916 0.0017944 0.0019489 0.0014350 0.0015890 0.0015376 0.0015890 0.0016402 0.0015889 0.0013322 0.0013325 0.0006137 0.0000000 0.0004091 0.0005114 0.0005114 0.0003580 0.0015893 0.0011783 0.0011783 0.0013836 0.0011783 0.0010757 0.0012810 0.0012811 0.0013835 0.0013835 0.0012299 0.0008184 0.0011781 0.0011782 0.0012295 0.0010757 0.0011270 0.0012808 0.0010244 0.0010244 0.0009720 0.0009720 0.0009731 0.0009208 0.0009720 0.0010243 0.0008696 0.0009720 0.0008696 0.0008696 0.0008696 0.0008696 0.0007673 0.0007673 0.0008184 0.0008184 0.0007673 0.0008184 0.0007673 0.0007673 0.0007673 0.0007161 0.0007161 0.0007161 0.0007673 0.0007161 0.0007161 0.0007161 0.0007161 0.0006649 0.0006649 0.0007161 0.0333039 0.0331366 0.0331353 0.0329106 0.0337912 0.0371598 0.0376992 0.0387984 1.3469527 1.3110331 
EBOV_H.sap-wt_GIN_14_Makona-Faranah-EM_078415_KR817160     1.8388021 1.8430341 1.8689558 1.9504114 1.9506407 0.0027220 0.0023099 0.0022585 0.0016927 0.0012298 0.0015894 0.0014351 0.0011271 0.0013840 0.0016921 0.0017950 0.0019494 0.0014354 0.0015895 0.0015381 0.0015895 0.0016407 0.0015893 0.0013326 0.0013329 0.0006137 0.0004091 0.0000000 0.0005114 0.0005114 0.0003580 0.0015898 0.0011787 0.0011786 0.0013840 0.0011786 0.0010760 0.0012814 0.0012814 0.0013840 0.0013840 0.0012303 0.0008184 0.0011785 0.0011786 0.0012299 0.0010761 0.0011273 0.0012812 0.0010247 0.0010247 0.0009733 0.0009733 0.0009734 0.0009220 0.0009733 0.0010246 0.0008708 0.0009733 0.0008707 0.0008707 0.0008707 0.0008707 0.0007684 0.0007673 0.0008194 0.0008195 0.0007673 0.0008184 0.0007673 0.0007673 0.0007673 0.0007161 0.0007161 0.0007161 0.0007673 0.0007161 0.0007161 0.0007161 0.0007161 0.0006649 0.0006649 0.0007161 0.0333136 0.0331462 0.0331450 0.0329202 0.0338011 0.0371707 0.0377103 0.0388097 1.3464664 1.3132826 
EBOV_H.sap-wt_GIN_14_Makona-Kissidougou-EM_078694_KR817171 1.8373212 1.8415488 1.8674396 1.9533455 1.9535751 0.0025151 0.0021033 0.0020519 0.0014866 0.0010232 0.0013835 0.0012294 0.0009208 0.0011782 0.0014861 0.0015889 0.0017432 0.0012296 0.0013836 0.0013322 0.0013835 0.0014348 0.0013834 0.0011269 0.0011272 0.0004091 0.0005114 0.0005114 0.0000000 0.0000010 0.0003580 0.0013839 0.0009731 0.0009731 0.0011783 0.0009731 0.0008696 0.0010757 0.0010758 0.0011782 0.0011782 0.0010246 0.0006137 0.0009720 0.0009730 0.0010243 0.0008696 0.0009208 0.0010755 0.0008184 0.0008184 0.0007673 0.0007673 0.0007673 0.0007161 0.0007673 0.0008184 0.0006649 0.0007673 0.0006649 0.0006649 0.0006649 0.0006649 0.0005626 0.0005626 0.0006137 0.0006137 0.0005626 0.0006137 0.0005626 0.0005626 0.0005626 0.0005114 0.0005114 0.0005114 0.0005626 0.0005114 0.0005114 0.0005114 0.0005114 0.0004603 0.0004603 0.0005114 0.0330782 0.0329110 0.0329098 0.0326851 0.0335647 0.0369311 0.0374701 0.0385685 1.3455907 1.3120965 
EBOV_H.sap-wt_GIN_14_Makona-Kissidougou-EM_078722_KR817175 1.8373212 1.8415488 1.8674396 1.9533455 1.9535751 0.0025151 0.0021033 0.0020519 0.0014866 0.0010232 0.0013835 0.0012294 0.0009208 0.0011782 0.0014861 0.0015889 0.0017432 0.0012296 0.0013836 0.0013322 0.0013835 0.0014348 0.0013834 0.0011269 0.0011272 0.0004091 0.0005114 0.0005114 0.0000010 0.0000000 0.0003580 0.0013839 0.0009731 0.0009731 0.0011783 0.0009731 0.0008696 0.0010757 0.0010758 0.0011782 0.0011782 0.0010246 0.0006137 0.0009720 0.0009730 0.0010243 0.0008696 0.0009208 0.0010755 0.0008184 0.0008184 0.0007673 0.0007673 0.0007673 0.0007161 0.0007673 0.0008184 0.0006649 0.0007673 0.0006649 0.0006649 0.0006649 0.0006649 0.0005626 0.0005626 0.0006137 0.0006137 0.0005626 0.0006137 0.0005626 0.0005626 0.0005626 0.0005114 0.0005114 0.0005114 0.0005626 0.0005114 0.0005114 0.0005114 0.0005114 0.0004603 0.0004603 0.0005114 0.0330782 0.0329110 0.0329098 0.0326851 0.0335647 0.0369311 0.0374701 0.0385685 1.3455907 1.3120965 
EBOV_H.sap-wt_GIN_14_Makona-Macenta-EM_076191_KR817141     1.8375957 1.8418250 1.8677271 1.9518931 1.9521226 0.0025664 0.0021546 0.0021032 0.0015379 0.0010754 0.0014348 0.0012806 0.0009720 0.0012295 0.0015373 0.0016401 0.0017945 0.0012808 0.0014348 0.0013835 0.0014348 0.0014860 0.0014347 0.0011781 0.0011784 0.0004603 0.0003580 0.0003580 0.0003580 0.0003580 0.0000000 0.0014351 0.0010243 0.0010243 0.0012295 0.0010243 0.0009208 0.0011270 0.0011270 0.0012295 0.0012295 0.0010758 0.0006649 0.0010232 0.0010242 0.0010755 0.0009208 0.0009730 0.0011268 0.0008696 0.0008696 0.0008184 0.0008184 0.0008184 0.0007673 0.0008184 0.0008696 0.0007161 0.0008184 0.0007161 0.0007161 0.0007161 0.0007161 0.0006137 0.0006137 0.0006649 0.0006649 0.0006137 0.0006649 0.0006137 0.0006137 0.0006137 0.0005626 0.0005626 0.0005626 0.0006137 0.0005626 0.0005626 0.0005626 0.0005626 0.0005114 0.0005114 0.0005626 0.0331320 0.0329648 0.0329636 0.0327389 0.0336187 0.0369854 0.0375244 0.0386229 1.3470373 1.3116659 
EBOV_H.sap-wt_GIN_14_Makona-Gueckedou-EM_079587_KR817202   1.8397597 1.8436632 1.8696018 1.9546067 1.9548365 0.0018461 0.0014351 0.0013838 0.0019492 0.0014860 0.0018459 0.0016915 0.0013834 0.0016403 0.0008184 0.0009208 0.0010757 0.0013836 0.0015376 0.0006649 0.0007161 0.0007673 0.0007161 0.0015889 0.0015893 0.0014868 0.0015893 0.0015898 0.0013839 0.0013839 0.0014351 0.0000000 0.0011270 0.0011269 0.0013323 0.0011269 0.0010244 0.0012297 0.0012297 0.0016403 0.0016403 0.0011786 0.0013838 0.0014347 0.0014349 0.0011782 0.0013323 0.0013836 0.0015375 0.0012810 0.0012810 0.0012295 0.0012295 0.0012296 0.0011782 0.0012294 0.0012808 0.0011270 0.0006137 0.0011268 0.0011268 0.0011268 0.0011269 0.0010245 0.0008184 0.0010756 0.0010757 0.0010243 0.0010756 0.0010243 0.0010243 0.0010243 0.0009730 0.0009720 0.0009720 0.0010243 0.0009730 0.0009730 0.0009730 0.0009730 0.0009208 0.0009208 0.0009730 0.0322889 0.0321219 0.0321208 0.0318966 0.0328797 0.0362391 0.0367766 0.0378727 1.3459261 1.3086173 
EBOV_H.sap-wt_LBR_14_Makona-Foya-EM_074353_KR817112        1.8381952 1.8424240 1.8684840 1.9565279 1.9567579 0.0022573 0.0018459 0.0017945 0.0015377 0.0010744 0.0014346 0.0012805 0.0009720 0.0012294 0.0012292 0.0013319 0.0014861 0.0006649 0.0008184 0.0010755 0.0011268 0.0011780 0.0011267 0.0011780 0.0011783 0.0010758 0.0011783 0.0011787 0.0009731 0.0009731 0.0010243 0.0011270 0.0000000 0.0003068 0.0007161 0.0005114 0.0004091 0.0006137 0.0008184 0.0012293 0.0012293 0.0007673 0.0009731 0.0010232 0.0010232 0.0007673 0.0009208 0.0009720 0.0011266 0.0008696 0.0008696 0.0008184 0.0008184 0.0008184 0.0007673 0.0008184 0.0008696 0.0007161 0.0005114 0.0007161 0.0007161 0.0007161 0.0007161 0.0006137 0.0004091 0.0006649 0.0006649 0.0006137 0.0006649 0.0006137 0.0006137 0.0006137 0.0005626 0.0005626 0.0005626 0.0006137 0.0005626 0.0005626 0.0005626 0.0005626 0.0005114 0.0005114 0.0005626 0.0327389 0.0325718 0.0325706 0.0323462 0.0332732 0.0366362 0.0371745 0.0382718 1.3469713 1.3117207 
EBOV_H.sap-wt_LBR_14_Makona-Foya-EM_074350_KR817109        1.8374103 1.8412168 1.8669392 1.9558338 1.9560637 0.0022571 0.0018458 0.0017944 0.0015376 0.0010744 0.0014346 0.0012804 0.0009720 0.0012293 0.0012291 0.0013318 0.0014860 0.0006649 0.0008184 0.0010754 0.0011267 0.0011779 0.0011266 0.0011779 0.0011783 0.0010758 0.0011783 0.0011786 0.0009731 0.0009731 0.0010243 0.0011269 0.0003068 0.0000000 0.0007161 0.0005114 0.0004091 0.0006137 0.0008184 0.0012293 0.0012293 0.0007673 0.0009730 0.0010232 0.0010232 0.0007673 0.0009208 0.0009720 0.0011256 0.0008696 0.0008696 0.0008184 0.0008184 0.0008184 0.0007673 0.0008184 0.0008696 0.0007161 0.0005114 0.0007161 0.0007161 0.0007161 0.0007161 0.0006137 0.0004091 0.0006649 0.0006649 0.0006137 0.0006649 0.0006137 0.0006137 0.0006137 0.0005626 0.0005626 0.0005626 0.0006137 0.0005626 0.0005626 0.0005626 0.0005626 0.0005114 0.0005114 0.0005626 0.0326782 0.0325111 0.0325099 0.0322855 0.0332122 0.0365741 0.0371122 0.0382092 1.3464577 1.3105673 
EBOV_H.sap-wt_LBR_14_Makona-Foya-EM_074720_KR817125        1.8402208 1.8445452 1.8704890 1.9555752 1.9558051 0.0024631 0.0020515 0.0020001 0.0017432 0.0012804 0.0016400 0.0014857 0.0011779 0.0014346 0.0014345 0.0015372 0.0016915 0.0009720 0.0011256 0.0012806 0.0013320 0.0013832 0.0013319 0.0013832 0.0013836 0.0012811 0.0013836 0.0013840 0.0011783 0.0011783 0.0012295 0.0013323 0.0007161 0.0007161 0.0000000 0.0006137 0.0004091 0.0006137 0.0010243 0.0014346 0.0014346 0.0009731 0.0011782 0.0012292 0.0012293 0.0009720 0.0011268 0.0011780 0.0013318 0.0010755 0.0010755 0.0010232 0.0010232 0.0010232 0.0009720 0.0010232 0.0010744 0.0009208 0.0007161 0.0009208 0.0009208 0.0009208 0.0009208 0.0008184 0.0006137 0.0008696 0.0008696 0.0008184 0.0008696 0.0008184 0.0008184 0.0008184 0.0007673 0.0007673 0.0007673 0.0008184 0.0007673 0.0007673 0.0007673 0.0007673 0.0007161 0.0007161 0.0007673 0.0329046 0.0327375 0.0327363 0.0325117 0.0334395 0.0368037 0.0372265 0.0383238 1.3454357 1.3114654 
EBOV_H.sap-wt_GIN_14_Makona-Macenta-EM_076322_KR817145     1.8371579 1.8413858 1.8672785 1.9548557 1.9550855 0.0022571 0.0018458 0.0017944 0.0015376 0.0010744 0.0014346 0.0012804 0.0009720 0.0012293 0.0012292 0.0013318 0.0014860 0.0007673 0.0009208 0.0010754 0.0011267 0.0011779 0.0011266 0.0011779 0.0011783 0.0010758 0.0011783 0.0011786 0.0009731 0.0009731 0.0010243 0.0011269 0.0005114 0.0005114 0.0006137 0.0000000 0.0003068 0.0005114 0.0008184 0.0012293 0.0012293 0.0007673 0.0009730 0.0010232 0.0010232 0.0007673 0.0009208 0.0009720 0.0011256 0.0008696 0.0008696 0.0008184 0.0008184 0.0008184 0.0007673 0.0008184 0.0008696 0.0007161 0.0005114 0.0007161 0.0007161 0.0007161 0.0007161 0.0006137 0.0004091 0.0006649 0.0006649 0.0006137 0.0006649 0.0006137 0.0006137 0.0006137 0.0005626 0.0005626 0.0005626 0.0006137 0.0005626 0.0005626 0.0005626 0.0005626 0.0005114 0.0005114 0.0005626 0.0327897 0.0326226 0.0326214 0.0323970 0.0332657 0.0366870 0.0372253 0.0383225 1.3459792 1.3104213 
EBOV_H.sap-wt_LBR_14_Makona-EM_080065_KR817232             1.8377298 1.8419583 1.8680153 1.9548718 1.9551016 0.0021543 0.0017430 0.0016917 0.0014350 0.0009720 0.0013319 0.0011778 0.0008696 0.0011267 0.0011256 0.0012292 0.0013833 0.0006649 0.0008184 0.0009720 0.0010232 0.0010744 0.0010232 0.0010744 0.0010757 0.0009732 0.0010757 0.0010760 0.0008696 0.0008696 0.0009208 0.0010244 0.0004091 0.0004091 0.0004091 0.0003068 0.0000000 0.0002045 0.0007161 0.0011267 0.0011267 0.0006649 0.0008696 0.0009208 0.0009208 0.0006649 0.0008184 0.0008696 0.0010232 0.0007673 0.0007673 0.0007161 0.0007161 0.0007161 0.0006649 0.0007161 0.0007673 0.0006137 0.0004091 0.0006137 0.0006137 0.0006137 0.0006137 0.0005114 0.0003068 0.0005626 0.0005626 0.0005114 0.0005626 0.0005114 0.0005114 0.0005114 0.0004603 0.0004603 0.0004603 0.0005114 0.0004603 0.0004603 0.0004603 0.0004603 0.0004091 0.0004091 0.0004603 0.0324543 0.0322874 0.0322862 0.0320619 0.0329875 0.0363475 0.0368851 0.0379814 1.3455484 1.3108157 
EBOV_H.sap-wt_GIN_14_Makona-Nzerekore-EM_074437_KR817117   1.8366995 1.8409257 1.8669658 1.9563228 1.9565528 0.0023603 0.0019488 0.0018974 0.0016405 0.0011779 0.0015374 0.0013832 0.0010744 0.0013320 0.0013319 0.0014346 0.0015889 0.0008696 0.0010232 0.0011781 0.0012294 0.0012806 0.0012293 0.0012807 0.0012810 0.0011785 0.0012810 0.0012814 0.0010757 0.0010757 0.0011270 0.0012297 0.0006137 0.0006137 0.0006137 0.0005114 0.0002045 0.0000000 0.0009208 0.0013320 0.0013320 0.0008706 0.0010757 0.0011267 0.0011268 0.0008696 0.0010243 0.0010755 0.0012293 0.0009720 0.0009720 0.0009208 0.0009208 0.0009208 0.0008696 0.0009208 0.0009720 0.0008184 0.0006137 0.0008184 0.0008184 0.0008184 0.0008184 0.0007161 0.0005114 0.0007673 0.0007673 0.0007161 0.0007673 0.0007161 0.0007161 0.0007161 0.0006649 0.0006649 0.0006649 0.0007161 0.0006649 0.0006649 0.0006649 0.0006649 0.0006137 0.0006137 0.0006649 0.0326817 0.0325146 0.0325134 0.0322890 0.0332158 0.0365781 0.0371163 0.0382133 1.3456224 1.3106040 
EBOV_H.sap-wt_LBR_14_Makona-LIBR0430_KR006955              1.8394333 1.8436664 1.8695958 1.9549200 1.9551498 0.0023603 0.0019488 0.0018974 0.0016406 0.0011779 0.0015374 0.0013832 0.0010744 0.0013321 0.0013319 0.0014347 0.0015889 0.0010756 0.0012294 0.0011781 0.0012294 0.0012806 0.0012293 0.0012807 0.0012810 0.0011785 0.0012811 0.0012814 0.0010758 0.0010758 0.0011270 0.0012297 0.0008184 0.0008184 0.0010243 0.0008184 0.0007161 0.0009208 0.0000000 0.0013321 0.0013321 0.0008707 0.0010757 0.0011267 0.0011268 0.0008696 0.0010243 0.0010755 0.0012293 0.0009730 0.0009730 0.0009208 0.0009208 0.0009208 0.0008696 0.0009208 0.0009720 0.0008184 0.0006137 0.0008184 0.0008184 0.0008184 0.0008184 0.0007161 0.0005114 0.0007673 0.0007673 0.0007161 0.0007673 0.0007161 0.0007161 0.0007161 0.0006649 0.0006649 0.0006649 0.0007161 0.0006649 0.0006649 0.0006649 0.0006649 0.0006137 0.0006137 0.0006649 0.0329063 0.0327391 0.0327379 0.0325134 0.0334412 0.0368056 0.0373442 0.0384419 1.3463040 1.3113614 
EBOV_H.sap-wt_SLE_14_Makona-J0171_KP759707                 1.8422613 1.8461696 1.8721439 1.9532805 1.9535102 0.0027720 0.0023601 0.0023087 0.0017431 0.0012804 0.0016399 0.0014857 0.0011778 0.0014345 0.0017425 0.0018454 0.0019998 0.0014859 0.0016400 0.0015886 0.0016399 0.0016912 0.0016398 0.0013832 0.0013835 0.0012810 0.0013835 0.0013840 0.0011782 0.0011782 0.0012295 0.0016403 0.0012293 0.0012293 0.0014346 0.0012293 0.0011267 0.0013320 0.0013321 0.0000000 0.0000010 0.0012809 0.0011782 0.0012291 0.0012292 0.0012805 0.0011268 0.0011780 0.0008696 0.0010754 0.0010754 0.0010232 0.0005626 0.0005626 0.0005114 0.0010232 0.0010744 0.0009208 0.0010232 0.0009208 0.0009208 0.0009208 0.0009208 0.0008184 0.0008184 0.0008696 0.0008696 0.0008184 0.0008696 0.0008184 0.0008184 0.0008184 0.0007673 0.0007673 0.0007673 0.0008184 0.0007673 0.0007673 0.0007673 0.0007673 0.0007161 0.0007161 0.0007673 0.0332500 0.0330827 0.0330815 0.0328567 0.0336742 0.0370414 0.0375805 0.0386792 1.3489025 1.3121061 
