94
RESTV_M.fas-tc_USA_89_Philippines89-Pennsylvania_NC_004161 0.0000000 0.0258597 0.0340643 2.0374359 2.0075923 1.7072171 1.7068567 1.7067588 1.7080335 1.7310082 1.7321560 1.7302295 1.7258531 1.7335357 1.7359640 1.7348432 1.7365480 1.7366120 1.7366120 1.7368455 1.7363762 1.7363784 1.7363172 1.7368455 1.7368455 1.7369743 1.7360897 1.7365671 1.7374799 1.7373455 1.7364987 1.7364987 1.7376088 1.7371851 1.7368532 1.7368028 1.7359472 1.7358422 1.7359491 1.7359491 1.7360757 1.7367662 1.7363639 1.7353358 1.7354064 1.7368581 1.7370818 1.7372419 1.7372419 1.7356387 1.7356407 1.7364385 1.7365131 1.7361846 1.7366747 1.7354993 1.7354993 1.7372499 1.7370109 1.7369739 1.7374371 1.7380331 1.7374514 1.7361149 1.7374379 1.7370296 1.7370296 1.7369940 1.7378381 1.7364445 1.7337137 1.7337137 1.7342358 1.7346109 1.7351526 1.7346061 1.7393152 1.7373851 1.7379883 1.7379883 1.7369424 1.7379446 1.7365306 1.7346136 1.7365565 1.7383688 1.7377157 1.7344079 1.7347651 1.7347715 1.7405031 1.7393575 1.7844002 1.7829223 
RESTV_S.dom-tc_PHL_08_Reston08-A_FJ621583                  0.0258597 0.0000000 0.0512362 2.0601605 2.0238185 1.7221543 1.7217919 1.7216936 1.7228238 1.7490690 1.7499267 1.7473500 1.7430111 1.7504951 1.7524175 1.7518178 1.7533967 1.7534608 1.7534608 1.7536958 1.7532236 1.7532257 1.7531636 1.7536958 1.7536958 1.7538258 1.7529346 1.7538823 1.7529087 1.7542058 1.7533478 1.7533478 1.7544706 1.7540434 1.7537097 1.7536532 1.7527845 1.7526796 1.7527868 1.7527868 1.7529146 1.7536097 1.7532051 1.7521710 1.7522414 1.7537093 1.7539390 1.7541008 1.7541008 1.7524677 1.7524768 1.7532364 1.7533603 1.7530299 1.7535247 1.7518636 1.7518636 1.7541049 1.7538645 1.7538252 1.7542914 1.7547043 1.7541124 1.7529556 1.7547647 1.7543476 1.7543476 1.7536533 1.7547082 1.7533344 1.7505661 1.7505661 1.7510924 1.7511713 1.7517227 1.7514652 1.7562011 1.7542454 1.7548622 1.7548622 1.7537945 1.7548180 1.7528483 1.7514364 1.7534053 1.7552410 1.7545778 1.7507572 1.7516374 1.7516432 1.7574164 1.7560095 1.7965888 1.7950935 
RESTV_S.dom-xx_PHL_08_Reston08-C_FJ621584                  0.0340643 0.0512362 0.0000000 2.0543608 2.0100099 1.7067615 1.7064005 1.7063024 1.7077321 1.7298599 1.7308118 1.7295734 1.7229071 1.7320691 1.7358218 1.7348960 1.7366048 1.7366689 1.7366689 1.7369029 1.7364325 1.7364348 1.7363734 1.7369029 1.7369029 1.7368344 1.7363049 1.7366238 1.7375388 1.7374041 1.7366625 1.7366625 1.7376680 1.7372433 1.7369107 1.7368601 1.7359598 1.7358973 1.7360045 1.7360045 1.7361313 1.7363593 1.7363775 1.7353898 1.7354605 1.7369155 1.7374290 1.7375895 1.7375895 1.7356933 1.7356953 1.7364523 1.7365270 1.7361334 1.7367318 1.7355536 1.7355536 1.7373083 1.7372663 1.7370316 1.7374959 1.7378051 1.7372221 1.7359302 1.7370323 1.7371946 1.7371946 1.7375163 1.7378551 1.7365010 1.7337638 1.7337638 1.7342872 1.7346632 1.7352061 1.7343015 1.7393784 1.7374438 1.7382462 1.7382462 1.7369573 1.7380046 1.7365873 1.7346659 1.7366132 1.7384297 1.7377752 1.7346571 1.7348177 1.7348241 1.7410996 1.7394208 1.7924774 1.7909883 
TAFV_H.sap-tc_CIV_94_Pauleoula-CI_NC_014372                2.0374359 2.0601605 2.0543608 0.0000000 0.7674873 1.2635873 1.2636776 1.2633523 1.2644289 1.2801462 1.2820097 1.2802805 1.2737794 1.2880220 1.2873596 1.2881125 1.2875594 1.2867258 1.2867258 1.2869225 1.2867943 1.2865292 1.2869225 1.2869225 1.2869225 1.2868541 1.2869695 1.2869910 1.2873166 1.2875308 1.2870913 1.2870913 1.2871256 1.2867315 1.2871256 1.2869225 1.2872346 1.2874170 1.2874352 1.2874170 1.2877157 1.2873908 1.2880326 1.2869463 1.2868516 1.2873366 1.2862571 1.2859815 1.2859815 1.2876639 1.2874592 1.2871430 1.2876288 1.2857491 1.2883077 1.2865820 1.2865820 1.2875137 1.2873074 1.2871073 1.2871073 1.2879836 1.2872490 1.2869900 1.2883327 1.2883419 1.2883419 1.2877787 1.2877345 1.2866940 1.2867387 1.2867387 1.2871081 1.2861072 1.2864237 1.2874900 1.2890385 1.2875396 1.2885746 1.2885746 1.2874982 1.2895230 1.2872281 1.2870593 1.2873829 1.2870283 1.2874121 1.2890820 1.2895428 1.2895611 1.2881999 1.2892975 2.1520899 2.1501349 
BDBV_H.sap-xx_COD_12_EboBund-122_KC545395                  2.0075923 2.0238185 2.0100099 0.7674873 0.0000000 1.2887954 1.2885942 1.2887269 1.2907216 1.3064814 1.3078866 1.3088467 1.3002141 1.3028074 1.3028127 1.3028186 1.3007847 1.3000271 1.3000271 1.3002259 1.3002201 1.2998282 1.3000089 1.2997862 1.2997862 1.2995931 1.2999582 1.2999793 1.2997029 1.3004053 1.3001795 1.3001795 1.3005595 1.3004396 1.3001404 1.2985611 1.2989316 1.2992872 1.2990107 1.2991630 1.2991491 1.2992602 1.2989428 1.2989779 1.2991766 1.2994714 1.2994815 1.2993063 1.2993063 1.2991011 1.3001883 1.2987567 1.2993756 1.2992555 1.2998709 1.2993122 1.2993122 1.3004908 1.3007166 1.2999383 1.2999383 1.3007537 1.3001783 1.2989438 1.3003643 1.3008531 1.3008531 1.3009983 1.3016579 1.3016342 1.2997831 1.2997831 1.3002853 1.2996617 1.2999858 1.3008510 1.3013439 1.3001617 1.3007270 1.3007270 1.2993527 1.3013768 1.3016851 1.2994855 1.3006198 1.3016174 1.3006117 1.3012029 1.3017093 1.3017274 1.3023927 1.3034464 2.1668531 2.1672280 
EBOV_H.sap-tc_COD_07_1Luebo_KC242786                       1.7072171 1.7221543 1.7067615 1.2635873 1.2887954 0.0000000 0.0001017 0.0001526 0.0008650 0.0243291 0.0252629 0.0235108 0.0206034 0.0315641 0.0310519 0.0309985 0.0316290 0.0311158 0.0311158 0.0311709 0.0311708 0.0311713 0.0311709 0.0311709 0.0311709 0.0312263 0.0312819 0.0312259 0.0311748 0.0312301 0.0312813 0.0312813 0.0312303 0.0312822 0.0312825 0.0312843 0.0313384 0.0312832 0.0314493 0.0313937 0.0313383 0.0312826 0.0315598 0.0312732 0.0311077 0.0313293 0.0311711 0.0313391 0.0313391 0.0313948 0.0313408 0.0316708 0.0316171 0.0314476 0.0315613 0.0315509 0.0315509 0.0313504 0.0315710 0.0315159 0.0316265 0.0315603 0.0316146 0.0316780 0.0316225 0.0315037 0.0315037 0.0317276 0.0315186 0.0307746 0.0305489 0.0305489 0.0304926 0.0307227 0.0307817 0.0311050 0.0317359 0.0317876 0.0316184 0.0316184 0.0317309 0.0319524 0.0315618 0.0317852 0.0316163 0.0316159 0.0315038 0.0317819 0.0309992 0.0310548 0.0319705 0.0320091 1.8329140 1.8329140 
EBOV_H.sap-tc_COD_07_M-M_HQ613403                          1.7068567 1.7217919 1.7064005 1.2636776 1.2885942 0.0001017 0.0000000 0.0001526 0.0008650 0.0243288 0.0252626 0.0235105 0.0206031 0.0315637 0.0310516 0.0309981 0.0316286 0.0311154 0.0311154 0.0311705 0.0311704 0.0311709 0.0311705 0.0311705 0.0311705 0.0312259 0.0312815 0.0312255 0.0311744 0.0312297 0.0312810 0.0312810 0.0312299 0.0312818 0.0312821 0.0312839 0.0313380 0.0312828 0.0314489 0.0313933 0.0313379 0.0312822 0.0315594 0.0312728 0.0311073 0.0313289 0.0311707 0.0313387 0.0313387 0.0313944 0.0313404 0.0316704 0.0316167 0.0314472 0.0315609 0.0315505 0.0315505 0.0313500 0.0315706 0.0315155 0.0316261 0.0315599 0.0316142 0.0316776 0.0316221 0.0315033 0.0315033 0.0317272 0.0315182 0.0307742 0.0305485 0.0305485 0.0304923 0.0307223 0.0307814 0.0311046 0.0317355 0.0317872 0.0316180 0.0316180 0.0317305 0.0319520 0.0315614 0.0317848 0.0316159 0.0316155 0.0315034 0.0317815 0.0309988 0.0310544 0.0319701 0.0320087 1.8329068 1.8329068 
EBOV_H.sap-tc_COD_07_5Luebo_KC242790                       1.7067588 1.7216936 1.7063024 1.2633523 1.2887269 0.0001526 0.0001526 0.0000000 0.0009159 0.0243835 0.0253174 0.0235651 0.0206571 0.0315090 0.0309969 0.0309434 0.0315739 0.0310607 0.0310607 0.0311158 0.0311158 0.0311163 0.0311158 0.0311158 0.0311158 0.0311713 0.0312268 0.0311709 0.0311198 0.0311750 0.0312263 0.0312263 0.0311752 0.0312272 0.0312275 0.0312292 0.0312833 0.0312281 0.0313942 0.0313386 0.0312832 0.0312276 0.0315048 0.0312182 0.0310526 0.0312742 0.0311161 0.0312840 0.0312840 0.0313397 0.0312857 0.0316157 0.0315620 0.0313925 0.0315062 0.0314958 0.0314958 0.0312953 0.0315159 0.0314608 0.0315714 0.0315053 0.0315595 0.0316229 0.0315674 0.0314487 0.0314487 0.0316725 0.0314635 0.0307196 0.0304939 0.0304939 0.0304377 0.0306677 0.0307268 0.0310500 0.0316807 0.0317325 0.0315633 0.0315633 0.0316757 0.0318973 0.0315067 0.0317301 0.0315612 0.0315608 0.0314487 0.0317268 0.0309442 0.0309997 0.0319154 0.0319539 1.8331553 1.8331553 
EBOV_H.sap-tc_COD_08_034-KS_HQ613402                       1.7080335 1.7228238 1.7077321 1.2644289 1.2907216 0.0008650 0.0008650 0.0009159 0.0000000 0.0248834 0.0258189 0.0240636 0.0212576 0.0322909 0.0317775 0.0317239 0.0323561 0.0318416 0.0318416 0.0318968 0.0318967 0.0318973 0.0318968 0.0318968 0.0318968 0.0319523 0.0320080 0.0319519 0.0319008 0.0319562 0.0320075 0.0320075 0.0319564 0.0320084 0.0320087 0.0320105 0.0320646 0.0320093 0.0321758 0.0321200 0.0320646 0.0320088 0.0322865 0.0319992 0.0318333 0.0320553 0.0318971 0.0320654 0.0320654 0.0321212 0.0320671 0.0323977 0.0323439 0.0321740 0.0322880 0.0322774 0.0322774 0.0320769 0.0322979 0.0322427 0.0323535 0.0322870 0.0323414 0.0324050 0.0323494 0.0322303 0.0322303 0.0324546 0.0322455 0.0314996 0.0312734 0.0312734 0.0312170 0.0314476 0.0315069 0.0318306 0.0324631 0.0325148 0.0323453 0.0323453 0.0324580 0.0326799 0.0322885 0.0324601 0.0322908 0.0323427 0.0322304 0.0323980 0.0317247 0.0317803 0.0326984 0.0327367 1.8329533 1.8329533 
EBOV_H.sap-xx_COD_14_Lomela-Lokolia16_KP271018             1.7310082 1.7490690 1.7298599 1.2801462 1.3064814 0.0243291 0.0243288 0.0243835 0.0248834 0.0000000 0.0014787 0.0092389 0.0130213 0.0372437 0.0367212 0.0365548 0.0371864 0.0366751 0.0366751 0.0367311 0.0367310 0.0367316 0.0367311 0.0367311 0.0367311 0.0367874 0.0368438 0.0367869 0.0367357 0.0367919 0.0368432 0.0368432 0.0367330 0.0367318 0.0368446 0.0368467 0.0369014 0.0368454 0.0370141 0.0369576 0.0369013 0.0368448 0.0371263 0.0368487 0.0366806 0.0369058 0.0368438 0.0370147 0.0370147 0.0369589 0.0369043 0.0371267 0.0371847 0.0370121 0.0370156 0.0371310 0.0371310 0.0370277 0.0371393 0.0370834 0.0371957 0.0371269 0.0371818 0.0372475 0.0371909 0.0370692 0.0370692 0.0372969 0.0371401 0.0363271 0.0362682 0.0362682 0.0362109 0.0363340 0.0363946 0.0368337 0.0373659 0.0373586 0.0371863 0.0371863 0.0373008 0.0375258 0.0371286 0.0373558 0.0371838 0.0371834 0.0370693 0.0373522 0.0366681 0.0367246 0.0376595 0.0377114 1.8502499 1.8502499 
EBOV_H.sap-xx_COD_14_Lomela-Lokolia17_KP271019             1.7321560 1.7499267 1.7308118 1.2820097 1.3078866 0.0252629 0.0252626 0.0253174 0.0258189 0.0014787 0.0000000 0.0103410 0.0141345 0.0383284 0.0378041 0.0376372 0.0382709 0.0377581 0.0377581 0.0378142 0.0378141 0.0378148 0.0378142 0.0378142 0.0378142 0.0378706 0.0379273 0.0378702 0.0378190 0.0378753 0.0379266 0.0379266 0.0378162 0.0378150 0.0379281 0.0379303 0.0379851 0.0379289 0.0380981 0.0380414 0.0379850 0.0379282 0.0382106 0.0379323 0.0377638 0.0379896 0.0379272 0.0380987 0.0380987 0.0380428 0.0379880 0.0382110 0.0382692 0.0380960 0.0380996 0.0382154 0.0382154 0.0381121 0.0382239 0.0381679 0.0382805 0.0382112 0.0382662 0.0383324 0.0382756 0.0381533 0.0381533 0.0383817 0.0382248 0.0374088 0.0373496 0.0373496 0.0372921 0.0374158 0.0374768 0.0379169 0.0384513 0.0384437 0.0382709 0.0382709 0.0383857 0.0386113 0.0382130 0.0384408 0.0382683 0.0382678 0.0381534 0.0384372 0.0377509 0.0378075 0.0387459 0.0387979 1.8560592 1.8560592 
EBOV_H.sap-tc_COD_95_Kikwit-9510621_KR867676               1.7302295 1.7473500 1.7295734 1.2802805 1.3088467 0.0235108 0.0235105 0.0235651 0.0240636 0.0092389 0.0103410 0.0000000 0.0121801 0.0362820 0.0358732 0.0357072 0.0362248 0.0357149 0.0357149 0.0357707 0.0357706 0.0357712 0.0357707 0.0357707 0.0357707 0.0358269 0.0358832 0.0358264 0.0357752 0.0358312 0.0358826 0.0358826 0.0358314 0.0357715 0.0358840 0.0358860 0.0359406 0.0358847 0.0360530 0.0359966 0.0359405 0.0358841 0.0361649 0.0358879 0.0357202 0.0359449 0.0358831 0.0360536 0.0360536 0.0359979 0.0359434 0.0361654 0.0362232 0.0360510 0.0361667 0.0361695 0.0361695 0.0360663 0.0361776 0.0361219 0.0362339 0.0361655 0.0362204 0.0362857 0.0362293 0.0359961 0.0359961 0.0363351 0.0361784 0.0353679 0.0353093 0.0353093 0.0352521 0.0353747 0.0354351 0.0358734 0.0364037 0.0363965 0.0362248 0.0362248 0.0363389 0.0365633 0.0361672 0.0363938 0.0362223 0.0362219 0.0361081 0.0363902 0.0357081 0.0357644 0.0366963 0.0367481 1.8470957 1.8470957 
EBOV_H.sap-tc_COD_77_Bonduni_KC242791                      1.7258531 1.7430111 1.7229071 1.2737794 1.3002141 0.0206034 0.0206031 0.0206571 0.0212576 0.0130213 0.0141345 0.0121801 0.0000000 0.0331553 0.0326401 0.0325864 0.0330985 0.0325934 0.0325934 0.0326488 0.0326487 0.0326492 0.0326488 0.0326488 0.0326488 0.0327044 0.0327603 0.0327040 0.0326529 0.0327084 0.0327597 0.0327597 0.0327086 0.0326494 0.0327610 0.0327628 0.0328171 0.0327616 0.0329285 0.0328726 0.0328170 0.0328141 0.0330396 0.0327646 0.0325983 0.0328210 0.0327602 0.0329291 0.0329291 0.0328738 0.0328196 0.0330399 0.0330971 0.0329267 0.0330411 0.0330437 0.0330437 0.0329407 0.0330512 0.0329959 0.0331069 0.0330401 0.0330946 0.0331586 0.0331027 0.0329832 0.0329832 0.0332081 0.0330518 0.0322503 0.0321924 0.0321924 0.0321358 0.0323674 0.0324269 0.0327514 0.0332751 0.0332686 0.0330986 0.0330986 0.0332116 0.0334341 0.0330416 0.0332661 0.0330963 0.0330959 0.0329832 0.0332627 0.0325872 0.0326430 0.0335645 0.0336160 1.8414699 1.8414699 
EBOV_H.sap-wt_GIN_14_Makona-Gueckedou-EM_080076_KR817235   1.7335357 1.7504951 1.7320691 1.2880220 1.3028074 0.0315641 0.0315637 0.0315090 0.0322909 0.0372437 0.0383284 0.0362820 0.0331553 0.0000000 0.0014276 0.0013255 0.0026570 0.0019396 0.0019396 0.0019907 0.0019907 0.0019907 0.0019907 0.0019907 0.0019907 0.0020419 0.0020931 0.0020419 0.0019909 0.0020421 0.0020930 0.0020930 0.0020421 0.0020931 0.0020931 0.0020932 0.0021443 0.0020931 0.0022467 0.0021955 0.0021443 0.0021955 0.0023491 0.0021443 0.0020932 0.0021955 0.0020931 0.0022467 0.0022467 0.0021956 0.0021445 0.0024516 0.0024005 0.0022466 0.0023492 0.0024004 0.0024004 0.0022986 0.0024010 0.0022988 0.0024012 0.0023491 0.0024003 0.0024521 0.0024009 0.0024003 0.0024003 0.0025029 0.0023500 0.0016322 0.0015298 0.0015298 0.0014787 0.0016836 0.0017349 0.0020412 0.0025550 0.0025545 0.0024006 0.0024006 0.0026056 0.0027081 0.0024523 0.0025543 0.0025029 0.0024004 0.0024003 0.0026059 0.0019392 0.0019904 0.0028124 0.0029142 1.8614458 1.8619537 
EBOV_H.sap-wt_GIN_14_Makona-Gueckedou-EM_079702_KR817210   1.7359640 1.7524175 1.7358218 1.2873596 1.3028127 0.0310519 0.0310516 0.0309969 0.0317775 0.0367212 0.0378041 0.0358732 0.0326401 0.0014276 0.0000000 0.0009161 0.0021439 0.0014277 0.0014277 0.0014788 0.0014788 0.0014788 0.0014788 0.0014788 0.0014788 0.0015299 0.0015810 0.0015299 0.0014790 0.0015301 0.0015810 0.0015810 0.0015301 0.0015810 0.0015810 0.0015811 0.0016322 0.0015811 0.0017344 0.0016833 0.0016322 0.0016833 0.0018366 0.0016322 0.0015811 0.0016833 0.0015810 0.0017344 0.0017344 0.0016833 0.0016323 0.0019389 0.0018879 0.0017343 0.0018367 0.0018878 0.0018878 0.0017861 0.0018883 0.0017862 0.0018885 0.0018367 0.0018877 0.0019394 0.0018883 0.0018877 0.0018877 0.0019902 0.0018373 0.0011211 0.0010179 0.0010179 0.0009670 0.0011723 0.0012234 0.0015294 0.0020420 0.0020416 0.0018880 0.0018880 0.0020927 0.0021950 0.0019395 0.0020415 0.0019901 0.0018878 0.0018877 0.0020929 0.0014275 0.0014786 0.0022988 0.0024006 1.8665483 1.8670573 
EBOV_H.sap-wt_GIN_14_Makona-Gueckedou-EM_079587_KR817202   1.7348432 1.7518178 1.7348960 1.2881125 1.3028186 0.0309985 0.0309981 0.0309434 0.0317239 0.0365548 0.0376372 0.0357072 0.0325864 0.0013255 0.0009161 0.0000000 0.0019392 0.0012235 0.0012235 0.0012745 0.0012745 0.0012745 0.0012745 0.0012745 0.0012745 0.0013256 0.0013766 0.0013255 0.0012747 0.0013257 0.0013766 0.0013766 0.0012746 0.0013767 0.0013767 0.0013767 0.0014278 0.0013767 0.0015299 0.0014788 0.0014278 0.0014788 0.0016321 0.0014278 0.0013767 0.0014789 0.0013766 0.0015300 0.0015300 0.0014789 0.0014279 0.0017344 0.0016833 0.0015299 0.0016322 0.0016833 0.0016833 0.0015815 0.0016837 0.0015816 0.0016839 0.0016321 0.0016832 0.0017347 0.0016837 0.0016832 0.0016832 0.0017856 0.0016327 0.0009161 0.0008142 0.0008142 0.0007633 0.0009681 0.0010193 0.0013251 0.0018373 0.0018369 0.0016834 0.0016834 0.0018880 0.0019903 0.0017349 0.0018368 0.0017855 0.0016833 0.0016832 0.0018882 0.0012232 0.0012743 0.0020939 0.0021957 1.8642685 1.8647771 
EBOV_H.sap-wt_LBR_14_Makona-LIBR0430_KR006955              1.7365480 1.7533967 1.7366048 1.2875594 1.3007847 0.0316290 0.0316286 0.0315739 0.0323561 0.0371864 0.0382709 0.0362248 0.0330985 0.0026570 0.0021439 0.0019392 0.0000000 0.0007124 0.0007124 0.0007633 0.0007633 0.0007633 0.0007633 0.0007633 0.0007633 0.0008142 0.0008652 0.0008142 0.0007633 0.0008142 0.0008652 0.0008652 0.0008142 0.0008652 0.0008652 0.0008652 0.0009161 0.0008652 0.0010179 0.0009670 0.0009161 0.0009670 0.0011209 0.0009161 0.0008652 0.0009670 0.0008652 0.0010179 0.0010179 0.0009670 0.0009161 0.0012229 0.0011720 0.0010179 0.0011209 0.0011719 0.0011719 0.0010702 0.0011722 0.0010703 0.0011723 0.0011209 0.0011719 0.0012232 0.0011722 0.0011719 0.0011719 0.0012740 0.0011213 0.0010191 0.0015298 0.0015298 0.0014787 0.0016836 0.0017349 0.0020413 0.0013255 0.0013252 0.0011720 0.0011720 0.0013762 0.0014784 0.0012233 0.0013252 0.0012740 0.0011719 0.0011719 0.0013764 0.0019392 0.0019904 0.0015815 0.0016832 1.8679115 1.8684207 
EBOV_H.sap-wt_SLE_14_Makona-G3734.1_KM233055               1.7366120 1.7534608 1.7366689 1.2867258 1.3000271 0.0311158 0.0311154 0.0310607 0.0318416 0.0366751 0.0377581 0.0357149 0.0325934 0.0019396 0.0014277 0.0012235 0.0007124 0.0000000 0.0000010 0.0000509 0.0000509 0.0000509 0.0000509 0.0000509 0.0000509 0.0001017 0.0001526 0.0001017 0.0000509 0.0001017 0.0001526 0.0001526 0.0001017 0.0001526 0.0001526 0.0001526 0.0002035 0.0001526 0.0003052 0.0002544 0.0002035 0.0002544 0.0004070 0.0002035 0.0001526 0.0002544 0.0001526 0.0003052 0.0003052 0.0002544 0.0002035 0.0005088 0.0004579 0.0003052 0.0004070 0.0004579 0.0004579 0.0003561 0.0004579 0.0003561 0.0004579 0.0004070 0.0004579 0.0005088 0.0004579 0.0004579 0.0004579 0.0005597 0.0004070 0.0003052 0.0008142 0.0008142 0.0007633 0.0009683 0.0010195 0.0013254 0.0006106 0.0006106 0.0004579 0.0004579 0.0006615 0.0007633 0.0005088 0.0006106 0.0005597 0.0004579 0.0004579 0.0006615 0.0012235 0.0012745 0.0008663 0.0009681 1.8699070 1.8704166 
EBOV_H.sap-wt_SLE_14_Makona-G3677.2_KM034557               1.7366120 1.7534608 1.7366689 1.2867258 1.3000271 0.0311158 0.0311154 0.0310607 0.0318416 0.0366751 0.0377581 0.0357149 0.0325934 0.0019396 0.0014277 0.0012235 0.0007124 0.0000010 0.0000000 0.0000509 0.0000509 0.0000509 0.0000509 0.0000509 0.0000509 0.0001017 0.0001526 0.0001017 0.0000509 0.0001017 0.0001526 0.0001526 0.0001017 0.0001526 0.0001526 0.0001526 0.0002035 0.0001526 0.0003052 0.0002544 0.0002035 0.0002544 0.0004070 0.0002035 0.0001526 0.0002544 0.0001526 0.0003052 0.0003052 0.0002544 0.0002035 0.0005088 0.0004579 0.0003052 0.0004070 0.0004579 0.0004579 0.0003561 0.0004579 0.0003561 0.0004579 0.0004070 0.0004579 0.0005088 0.0004579 0.0004579 0.0004579 0.0005597 0.0004070 0.0003052 0.0008142 0.0008142 0.0007633 0.0009683 0.0010195 0.0013254 0.0006106 0.0006106 0.0004579 0.0004579 0.0006615 0.0007633 0.0005088 0.0006106 0.0005597 0.0004579 0.0004579 0.0006615 0.0012235 0.0012745 0.0008663 0.0009681 1.8699070 1.8704166 
EBOV_H.sap-wt_LBR_15_Makona-Liberia-DQE4_KR074998          1.7368455 1.7536958 1.7369029 1.2869225 1.3002259 0.0311709 0.0311705 0.0311158 0.0318968 0.0367311 0.0378142 0.0357707 0.0326488 0.0019907 0.0014788 0.0012745 0.0007633 0.0000509 0.0000509 0.0000000 0.0001017 0.0001017 0.0001017 0.0001017 0.0001017 0.0001526 0.0002035 0.0001526 0.0001017 0.0001526 0.0002035 0.0002035 0.0001526 0.0002035 0.0002035 0.0002035 0.0002544 0.0002035 0.0003561 0.0003052 0.0002544 0.0003052 0.0004579 0.0002544 0.0002035 0.0003052 0.0002035 0.0003561 0.0003561 0.0003052 0.0002544 0.0005597 0.0005088 0.0003561 0.0004579 0.0005088 0.0005088 0.0004070 0.0005088 0.0004070 0.0005088 0.0004579 0.0005088 0.0005597 0.0005088 0.0005088 0.0005088 0.0006106 0.0004579 0.0003561 0.0008652 0.0008652 0.0008142 0.0010193 0.0010705 0.0013765 0.0006615 0.0006615 0.0005088 0.0005088 0.0007124 0.0008142 0.0005597 0.0006615 0.0006106 0.0005088 0.0005088 0.0007124 0.0012745 0.0013256 0.0009173 0.0010191 1.8701493 1.8706589 
EBOV_H.sap-wt_SLE_14_Makona-G3789.1_KM233076               1.7363762 1.7532236 1.7364325 1.2867943 1.3002201 0.0311708 0.0311704 0.0311158 0.0318967 0.0367310 0.0378141 0.0357706 0.0326487 0.0019907 0.0014788 0.0012745 0.0007633 0.0000509 0.0000509 0.0001017 0.0000000 0.0001017 0.0001017 0.0001017 0.0001017 0.0001526 0.0002035 0.0001526 0.0001017 0.0001526 0.0002035 0.0002035 0.0001526 0.0002035 0.0002035 0.0002035 0.0002544 0.0002035 0.0003561 0.0003052 0.0002544 0.0003052 0.0004579 0.0002544 0.0002035 0.0003052 0.0002035 0.0003561 0.0003561 0.0003052 0.0002544 0.0005597 0.0005088 0.0003561 0.0004579 0.0005088 0.0005088 0.0004070 0.0005088 0.0004070 0.0005088 0.0004579 0.0005088 0.0005597 0.0005088 0.0005088 0.0005088 0.0006106 0.0004579 0.0003561 0.0008652 0.0008652 0.0008142 0.0010193 0.0010705 0.0013764 0.0006615 0.0006615 0.0005088 0.0005088 0.0007124 0.0008142 0.0005597 0.0006615 0.0006106 0.0005088 0.0005088 0.0007124 0.0012745 0.0013256 0.0009173 0.0010191 1.8701439 1.8706535 
EBOV_H.sap-wt_SLE_14_Makona-G3735.2_KM233057               1.7363784 1.7532257 1.7364348 1.2865292 1.2998282 0.0311713 0.0311709 0.0311163 0.0318973 0.0367316 0.0378148 0.0357712 0.0326492 0.0019907 0.0014788 0.0012745 0.0007633 0.0000509 0.0000509 0.0001017 0.0001017 0.0000000 0.0001017 0.0001017 0.0001017 0.0001526 0.0002035 0.0001526 0.0001017 0.0001526 0.0002035 0.0002035 0.0001526 0.0002035 0.0002035 0.0002035 0.0002544 0.0002035 0.0003561 0.0003052 0.0002544 0.0003052 0.0004579 0.0002544 0.0002035 0.0003052 0.0002035 0.0003561 0.0003561 0.0003052 0.0002544 0.0005597 0.0005088 0.0003561 0.0004579 0.0005088 0.0005088 0.0004070 0.0005088 0.0004070 0.0005088 0.0004579 0.0005088 0.0005597 0.0005088 0.0005088 0.0005088 0.0006106 0.0004579 0.0003561 0.0008652 0.0008652 0.0008142 0.0010193 0.0010705 0.0013765 0.0006615 0.0006615 0.0005088 0.0005088 0.0007124 0.0008142 0.0005597 0.0006615 0.0006106 0.0005088 0.0005088 0.0007124 0.0012745 0.0013256 0.0009174 0.0010191 1.8702164 1.8707261 
EBOV_H.sap-wt_LBR_14_Makona-EM_080065_KR817232             1.7363172 1.7531636 1.7363734 1.2869225 1.3000089 0.0311709 0.0311705 0.0311158 0.0318968 0.0367311 0.0378142 0.0357707 0.0326488 0.0019907 0.0014788 0.0012745 0.0007633 0.0000509 0.0000509 0.0001017 0.0001017 0.0001017 0.0000000 0.0001017 0.0001017 0.0001526 0.0001017 0.0001526 0.0001017 0.0001526 0.0002035 0.0002035 0.0001526 0.0002035 0.0002035 0.0002035 0.0002544 0.0002035 0.0003561 0.0003052 0.0002544 0.0003052 0.0004579 0.0002544 0.0002035 0.0003052 0.0002035 0.0003561 0.0003561 0.0003052 0.0002544 0.0005597 0.0005088 0.0003561 0.0004579 0.0005088 0.0005088 0.0004070 0.0005088 0.0004070 0.0005088 0.0004579 0.0005088 0.0005597 0.0005088 0.0005088 0.0005088 0.0005088 0.0004579 0.0003561 0.0008652 0.0008652 0.0008142 0.0010193 0.0010705 0.0013765 0.0006615 0.0006615 0.0005088 0.0005088 0.0007124 0.0008142 0.0005597 0.0006615 0.0006106 0.0005088 0.0004070 0.0007124 0.0012745 0.0013256 0.0009173 0.0010191 1.8701072 1.8706168 
EBOV_H.sap-wt_SLE_14_Makona-EM110_KM233037                 1.7368455 1.7536958 1.7369029 1.2869225 1.2997862 0.0311709 0.0311705 0.0311158 0.0318968 0.0367311 0.0378142 0.0357707 0.0326488 0.0019907 0.0014788 0.0012745 0.0007633 0.0000509 0.0000509 0.0001017 0.0001017 0.0001017 0.0001017 0.0000000 0.0000010 0.0000509 0.0002035 0.0001526 0.0001017 0.0001526 0.0002035 0.0002035 0.0001526 0.0002035 0.0002035 0.0002035 0.0002544 0.0002035 0.0003561 0.0003052 0.0002544 0.0003052 0.0004579 0.0002544 0.0002035 0.0003052 0.0002035 0.0003561 0.0003561 0.0003052 0.0002544 0.0005597 0.0005088 0.0003561 0.0004579 0.0005088 0.0005088 0.0004070 0.0005088 0.0004070 0.0005088 0.0004579 0.0005088 0.0005597 0.0005088 0.0005088 0.0005088 0.0006106 0.0004579 0.0003561 0.0008652 0.0008652 0.0008142 0.0010193 0.0010705 0.0013765 0.0006615 0.0006615 0.0005088 0.0005088 0.0007124 0.0008142 0.0005597 0.0006615 0.0006106 0.0005088 0.0005088 0.0007124 0.0012745 0.0013256 0.0009173 0.0010191 1.8701493 1.8706589 
EBOV_H.sap-wt_SLE_14_Makona-NM042.3_KM233118               1.7368455 1.7536958 1.7369029 1.2869225 1.2997862 0.0311709 0.0311705 0.0311158 0.0318968 0.0367311 0.0378142 0.0357707 0.0326488 0.0019907 0.0014788 0.0012745 0.0007633 0.0000509 0.0000509 0.0001017 0.0001017 0.0001017 0.0001017 0.0000010 0.0000000 0.0000509 0.0002035 0.0001526 0.0001017 0.0001526 0.0002035 0.0002035 0.0001526 0.0002035 0.0002035 0.0002035 0.0002544 0.0002035 0.0003561 0.0003052 0.0002544 0.0003052 0.0004579 0.0002544 0.0002035 0.0003052 0.0002035 0.0003561 0.0003561 0.0003052 0.0002544 0.0005597 0.0005088 0.0003561 0.0004579 0.0005088 0.0005088 0.0004070 0.0005088 0.0004070 0.0005088 0.0004579 0.0005088 0.0005597 0.0005088 0.0005088 0.0005088 0.0006106 0.0004579 0.0003561 0.0008652 0.0008652 0.0008142 0.0010193 0.0010705 0.0013765 0.0006615 0.0006615 0.0005088 0.0005088 0.0007124 0.0008142 0.0005597 0.0006615 0.0006106 0.0005088 0.0005088 0.0007124 0.0012745 0.0013256 0.0009173 0.0010191 1.8701493 1.8706589 
EBOV_H.sap-wt_SLE_14_Makona-G3818_KM233092                 1.7369743 1.7538258 1.7368344 1.2868541 1.2995931 0.0312263 0.0312259 0.0311713 0.0319523 0.0367874 0.0378706 0.0358269 0.0327044 0.0020419 0.0015299 0.0013256 0.0008142 0.0001017 0.0001017 0.0001526 0.0001526 0.0001526 0.0001526 0.0000509 0.0000509 0.0000000 0.0002544 0.0002035 0.0001526 0.0002035 0.0002544 0.0002544 0.0002035 0.0002544 0.0002544 0.0002544 0.0003052 0.0002544 0.0004070 0.0003561 0.0003052 0.0003561 0.0005088 0.0003052 0.0002544 0.0003561 0.0002544 0.0004070 0.0004070 0.0003561 0.0003052 0.0006106 0.0005597 0.0004070 0.0005088 0.0005597 0.0005597 0.0004579 0.0005597 0.0004579 0.0005597 0.0005088 0.0005597 0.0006106 0.0005597 0.0005597 0.0005597 0.0006615 0.0005088 0.0004070 0.0009161 0.0009161 0.0008652 0.0010704 0.0011215 0.0014275 0.0007124 0.0007124 0.0005597 0.0005597 0.0007633 0.0008652 0.0006106 0.0007124 0.0006615 0.0005597 0.0005597 0.0007633 0.0013256 0.0013767 0.0009684 0.0010701 1.8699124 1.8704220 
EBOV_H.sap-wt_GIN_14_Makona-Nzerekore-EM_074437_KR817117   1.7360897 1.7529346 1.7363049 1.2869695 1.2999582 0.0312819 0.0312815 0.0312268 0.0320080 0.0368438 0.0379273 0.0358832 0.0327603 0.0020931 0.0015810 0.0013766 0.0008652 0.0001526 0.0001526 0.0002035 0.0002035 0.0002035 0.0001017 0.0002035 0.0002035 0.0002544 0.0000000 0.0002544 0.0002035 0.0002544 0.0003052 0.0003052 0.0002544 0.0003052 0.0003052 0.0003052 0.0003561 0.0003052 0.0004579 0.0004070 0.0003561 0.0004070 0.0005597 0.0003561 0.0003052 0.0004070 0.0003052 0.0004579 0.0004579 0.0004070 0.0003561 0.0006615 0.0006106 0.0004579 0.0005597 0.0006106 0.0006106 0.0005088 0.0006106 0.0005088 0.0006106 0.0005597 0.0006106 0.0006615 0.0006106 0.0006106 0.0006106 0.0006106 0.0005597 0.0004579 0.0009680 0.0009680 0.0009161 0.0011214 0.0011726 0.0014786 0.0007633 0.0007633 0.0006106 0.0006106 0.0008142 0.0009161 0.0006615 0.0007633 0.0007124 0.0006106 0.0005088 0.0008142 0.0013767 0.0014278 0.0010194 0.0011212 1.8702426 1.8707522 
EBOV_H.sap-wt_SLE_14_Makona-G3825.1_KM233098               1.7365671 1.7538823 1.7366238 1.2869910 1.2999793 0.0312259 0.0312255 0.0311709 0.0319519 0.0367869 0.0378702 0.0358264 0.0327040 0.0020419 0.0015299 0.0013255 0.0008142 0.0001017 0.0001017 0.0001526 0.0001526 0.0001526 0.0001526 0.0001526 0.0001526 0.0002035 0.0002544 0.0000000 0.0001526 0.0001017 0.0002544 0.0002544 0.0002035 0.0002544 0.0002544 0.0001526 0.0002035 0.0001526 0.0003052 0.0002544 0.0002035 0.0002544 0.0004070 0.0003052 0.0002544 0.0003561 0.0002544 0.0004070 0.0004070 0.0002544 0.0003052 0.0005088 0.0004579 0.0004070 0.0004070 0.0005597 0.0005597 0.0004579 0.0005597 0.0004579 0.0005597 0.0004070 0.0004579 0.0005088 0.0005597 0.0004579 0.0004579 0.0006615 0.0005088 0.0004070 0.0009161 0.0009161 0.0008652 0.0010704 0.0011215 0.0014275 0.0007124 0.0007124 0.0005597 0.0005597 0.0007633 0.0008652 0.0006106 0.0007124 0.0006615 0.0005597 0.0005597 0.0006615 0.0013256 0.0013767 0.0009684 0.0010701 1.8699718 1.8704813 
EBOV_H.sap-wt_SLE_14_Makona-G3770.2_KM233070               1.7374799 1.7529087 1.7375388 1.2873166 1.2997029 0.0311748 0.0311744 0.0311198 0.0319008 0.0367357 0.0378190 0.0357752 0.0326529 0.0019909 0.0014790 0.0012747 0.0007633 0.0000509 0.0000509 0.0001017 0.0001017 0.0001017 0.0001017 0.0001017 0.0001017 0.0001526 0.0002035 0.0001526 0.0000000 0.0001526 0.0002035 0.0002035 0.0001526 0.0002035 0.0002035 0.0002035 0.0002544 0.0002035 0.0003561 0.0003052 0.0002544 0.0003052 0.0004579 0.0002544 0.0002035 0.0003052 0.0002035 0.0003561 0.0003561 0.0003052 0.0002544 0.0005597 0.0005088 0.0003561 0.0004579 0.0005088 0.0005088 0.0004070 0.0005088 0.0004070 0.0005088 0.0004579 0.0005088 0.0005597 0.0005088 0.0005088 0.0005088 0.0006106 0.0004579 0.0003561 0.0008652 0.0008652 0.0008142 0.0010195 0.0010706 0.0013766 0.0006615 0.0006615 0.0005088 0.0005088 0.0007124 0.0008142 0.0005597 0.0006615 0.0006106 0.0005088 0.0005088 0.0007124 0.0012747 0.0013258 0.0009175 0.0010192 1.8692940 1.8698034 
EBOV_H.sap-wt_SLE_14_Makona-Kenema-20140590_KR653278       1.7373455 1.7542058 1.7374041 1.2875308 1.3004053 0.0312301 0.0312297 0.0311750 0.0319562 0.0367919 0.0378753 0.0358312 0.0327084 0.0020421 0.0015301 0.0013257 0.0008142 0.0001017 0.0001017 0.0001526 0.0001526 0.0001526 0.0001526 0.0001526 0.0001526 0.0002035 0.0002544 0.0001017 0.0001526 0.0000000 0.0002544 0.0002544 0.0002035 0.0002544 0.0002544 0.0001526 0.0002035 0.0001526 0.0003052 0.0002544 0.0002035 0.0002544 0.0004070 0.0003052 0.0002544 0.0003561 0.0002544 0.0004070 0.0004070 0.0002544 0.0003052 0.0005088 0.0004579 0.0004070 0.0004070 0.0005597 0.0005597 0.0004579 0.0005597 0.0004579 0.0005597 0.0004070 0.0004579 0.0005088 0.0005597 0.0004579 0.0004579 0.0006615 0.0005088 0.0004070 0.0009171 0.0009171 0.0008652 0.0010705 0.0011217 0.0014277 0.0007124 0.0007124 0.0005597 0.0005597 0.0007633 0.0008652 0.0006106 0.0007124 0.0006615 0.0005597 0.0005597 0.0006615 0.0013257 0.0013768 0.0009685 0.0010703 1.8710932 1.8716029 
EBOV_H.sap-wt_SLE_14_Makona-Moyamba-G5763_1_KR105325       1.7364987 1.7533478 1.7366625 1.2870913 1.3001795 0.0312813 0.0312810 0.0312263 0.0320075 0.0368432 0.0379266 0.0358826 0.0327597 0.0020930 0.0015810 0.0013766 0.0008652 0.0001526 0.0001526 0.0002035 0.0002035 0.0002035 0.0002035 0.0002035 0.0002035 0.0002544 0.0003052 0.0002544 0.0002035 0.0002544 0.0000000 0.0000010 0.0002544 0.0003052 0.0003052 0.0003052 0.0003561 0.0003052 0.0004579 0.0004070 0.0003561 0.0004070 0.0005597 0.0003561 0.0003052 0.0004070 0.0003052 0.0004579 0.0004579 0.0004070 0.0003561 0.0006615 0.0006106 0.0004579 0.0005597 0.0006106 0.0006106 0.0005088 0.0006106 0.0005088 0.0006106 0.0005597 0.0006106 0.0006615 0.0006106 0.0006106 0.0006106 0.0007124 0.0005597 0.0004579 0.0009680 0.0009680 0.0009161 0.0011214 0.0011726 0.0014786 0.0007633 0.0007633 0.0006106 0.0006106 0.0008142 0.0009161 0.0006615 0.0007633 0.0007124 0.0006106 0.0006106 0.0008142 0.0013766 0.0014277 0.0010194 0.0011211 1.8700410 1.8705506 
EBOV_H.sap-wt_SLE_14_Makona-Moyamba-G5844_1_KR105328       1.7364987 1.7533478 1.7366625 1.2870913 1.3001795 0.0312813 0.0312810 0.0312263 0.0320075 0.0368432 0.0379266 0.0358826 0.0327597 0.0020930 0.0015810 0.0013766 0.0008652 0.0001526 0.0001526 0.0002035 0.0002035 0.0002035 0.0002035 0.0002035 0.0002035 0.0002544 0.0003052 0.0002544 0.0002035 0.0002544 0.0000010 0.0000000 0.0002544 0.0003052 0.0003052 0.0003052 0.0003561 0.0003052 0.0004579 0.0004070 0.0003561 0.0004070 0.0005597 0.0003561 0.0003052 0.0004070 0.0003052 0.0004579 0.0004579 0.0004070 0.0003561 0.0006615 0.0006106 0.0004579 0.0005597 0.0006106 0.0006106 0.0005088 0.0006106 0.0005088 0.0006106 0.0005597 0.0006106 0.0006615 0.0006106 0.0006106 0.0006106 0.0007124 0.0005597 0.0004579 0.0009680 0.0009680 0.0009161 0.0011214 0.0011726 0.0014786 0.0007633 0.0007633 0.0006106 0.0006106 0.0008142 0.0009161 0.0006615 0.0007633 0.0007124 0.0006106 0.0006106 0.0008142 0.0013766 0.0014277 0.0010194 0.0011211 1.8700410 1.8705506 
EBOV_H.sap-wt_SLE_14_Makona-G3799_KM233080                 1.7376088 1.7544706 1.7376680 1.2871256 1.3005595 0.0312303 0.0312299 0.0311752 0.0319564 0.0367330 0.0378162 0.0358314 0.0327086 0.0020421 0.0015301 0.0012746 0.0008142 0.0001017 0.0001017 0.0001526 0.0001526 0.0001526 0.0001526 0.0001526 0.0001526 0.0002035 0.0002544 0.0002035 0.0001526 0.0002035 0.0002544 0.0002544 0.0000000 0.0001526 0.0002544 0.0002544 0.0003052 0.0002544 0.0004070 0.0003561 0.0003052 0.0003561 0.0005088 0.0003052 0.0002544 0.0003561 0.0002544 0.0004070 0.0004070 0.0003561 0.0003052 0.0006106 0.0005597 0.0004070 0.0005088 0.0005597 0.0005597 0.0004579 0.0005597 0.0004579 0.0005597 0.0005088 0.0005597 0.0006106 0.0005597 0.0005597 0.0005597 0.0006615 0.0005088 0.0004070 0.0009171 0.0009171 0.0008652 0.0010705 0.0011217 0.0014277 0.0007124 0.0007124 0.0005597 0.0005597 0.0007633 0.0008652 0.0006106 0.0006106 0.0005597 0.0005597 0.0005597 0.0007633 0.0013258 0.0013768 0.0009685 0.0010703 1.8686850 1.8691944 
EBOV_H.sap-wt_SLE_14_Makona-G3788_KM233075                 1.7371851 1.7540434 1.7372433 1.2867315 1.3004396 0.0312822 0.0312818 0.0312272 0.0320084 0.0367318 0.0378150 0.0357715 0.0326494 0.0020931 0.0015810 0.0013767 0.0008652 0.0001526 0.0001526 0.0002035 0.0002035 0.0002035 0.0002035 0.0002035 0.0002035 0.0002544 0.0003052 0.0002544 0.0002035 0.0002544 0.0003052 0.0003052 0.0001526 0.0000000 0.0003052 0.0003052 0.0003561 0.0003052 0.0004579 0.0004070 0.0003561 0.0004070 0.0005597 0.0003561 0.0003052 0.0004070 0.0003052 0.0004579 0.0004579 0.0004070 0.0003561 0.0006615 0.0006106 0.0004579 0.0005597 0.0006106 0.0006106 0.0005088 0.0006106 0.0005088 0.0006106 0.0005597 0.0006106 0.0006615 0.0006106 0.0006106 0.0006106 0.0007124 0.0005597 0.0004579 0.0009681 0.0009681 0.0009161 0.0011214 0.0011726 0.0014786 0.0007633 0.0007633 0.0006106 0.0006106 0.0008142 0.0009161 0.0006615 0.0006615 0.0006106 0.0006106 0.0006106 0.0008142 0.0013767 0.0014278 0.0010194 0.0011212 1.8701751 1.8706849 
EBOV_H.sap-wt_SLE_14_Makona-J0054_KP759722                 1.7368532 1.7537097 1.7369107 1.2871256 1.3001404 0.0312825 0.0312821 0.0312275 0.0320087 0.0368446 0.0379281 0.0358840 0.0327610 0.0020931 0.0015810 0.0013767 0.0008652 0.0001526 0.0001526 0.0002035 0.0002035 0.0002035 0.0002035 0.0002035 0.0002035 0.0002544 0.0003052 0.0002544 0.0002035 0.0002544 0.0003052 0.0003052 0.0002544 0.0003052 0.0000000 0.0003052 0.0003561 0.0003052 0.0004579 0.0004070 0.0003561 0.0004070 0.0005597 0.0003561 0.0003052 0.0004070 0.0003052 0.0004579 0.0004579 0.0004070 0.0003561 0.0006615 0.0006106 0.0004579 0.0005597 0.0006106 0.0006106 0.0005088 0.0006106 0.0005088 0.0006106 0.0005597 0.0006106 0.0006615 0.0006106 0.0006106 0.0006106 0.0007124 0.0005597 0.0004579 0.0009681 0.0009681 0.0009161 0.0011214 0.0011726 0.0014786 0.0007633 0.0007633 0.0006106 0.0006106 0.0008142 0.0009161 0.0006615 0.0007633 0.0007124 0.0006106 0.0006106 0.0008142 0.0013767 0.0014278 0.0010194 0.0011212 1.8705780 1.8710878 
EBOV_H.sap-wt_SLE_14_Makona-Kailahun-G4255_1_KR105226      1.7368028 1.7536532 1.7368601 1.2869225 1.2985611 0.0312843 0.0312839 0.0312292 0.0320105 0.0368467 0.0379303 0.0358860 0.0327628 0.0020932 0.0015811 0.0013767 0.0008652 0.0001526 0.0001526 0.0002035 0.0002035 0.0002035 0.0002035 0.0002035 0.0002035 0.0002544 0.0003052 0.0001526 0.0002035 0.0001526 0.0003052 0.0003052 0.0002544 0.0003052 0.0003052 0.0000000 0.0001526 0.0001017 0.0002544 0.0002035 0.0001526 0.0002035 0.0003561 0.0003561 0.0003052 0.0004070 0.0003052 0.0004579 0.0004579 0.0002035 0.0003561 0.0004579 0.0004070 0.0004579 0.0003561 0.0006106 0.0006106 0.0005088 0.0006106 0.0005088 0.0006106 0.0004579 0.0005088 0.0004579 0.0006106 0.0005088 0.0005088 0.0007124 0.0005597 0.0004579 0.0009681 0.0009681 0.0009161 0.0011215 0.0011727 0.0014787 0.0007633 0.0007633 0.0006106 0.0006106 0.0008142 0.0009161 0.0006615 0.0007633 0.0007124 0.0006106 0.0006106 0.0006106 0.0013768 0.0014278 0.0010195 0.0011212 1.8701072 1.8706168 
EBOV_H.sap-wt_SLE_14_Makona-PortLoko-20140024_KR653252     1.7359472 1.7527845 1.7359598 1.2872346 1.2989316 0.0313384 0.0313380 0.0312833 0.0320646 0.0369014 0.0379851 0.0359406 0.0328171 0.0021443 0.0016322 0.0014278 0.0009161 0.0002035 0.0002035 0.0002544 0.0002544 0.0002544 0.0002544 0.0002544 0.0002544 0.0003052 0.0003561 0.0002035 0.0002544 0.0002035 0.0003561 0.0003561 0.0003052 0.0003561 0.0003561 0.0001526 0.0000000 0.0001526 0.0003052 0.0002544 0.0002035 0.0002544 0.0002035 0.0004070 0.0003561 0.0004579 0.0003561 0.0005088 0.0005088 0.0002544 0.0004070 0.0003052 0.0002544 0.0005088 0.0004070 0.0006615 0.0006615 0.0005597 0.0006615 0.0005597 0.0006615 0.0005088 0.0005597 0.0004070 0.0006615 0.0005597 0.0005597 0.0007633 0.0006106 0.0005088 0.0010191 0.0010191 0.0009680 0.0011725 0.0012237 0.0015297 0.0008142 0.0008142 0.0006615 0.0006615 0.0008652 0.0009670 0.0007124 0.0008142 0.0007633 0.0006615 0.0006615 0.0005597 0.0014278 0.0014789 0.0010705 0.0011722 1.8705724 1.8710822 
EBOV_H.sap-wt_SLE_14_Makona-G5296_1_KR105303               1.7358422 1.7526796 1.7358973 1.2874170 1.2992872 0.0312832 0.0312828 0.0312281 0.0320093 0.0368454 0.0379289 0.0358847 0.0327616 0.0020931 0.0015811 0.0013767 0.0008652 0.0001526 0.0001526 0.0002035 0.0002035 0.0002035 0.0002035 0.0002035 0.0002035 0.0002544 0.0003052 0.0001526 0.0002035 0.0001526 0.0003052 0.0003052 0.0002544 0.0003052 0.0003052 0.0001017 0.0001526 0.0000000 0.0001526 0.0001017 0.0001526 0.0002035 0.0003561 0.0003561 0.0003052 0.0004070 0.0003052 0.0004579 0.0004579 0.0002035 0.0003561 0.0004579 0.0004070 0.0004579 0.0003561 0.0006106 0.0006106 0.0005088 0.0006106 0.0005088 0.0006106 0.0004579 0.0005088 0.0004579 0.0006106 0.0005088 0.0005088 0.0007124 0.0005597 0.0004579 0.0009681 0.0009681 0.0009161 0.0011215 0.0011726 0.0014787 0.0007633 0.0007633 0.0006106 0.0006106 0.0008142 0.0009161 0.0006615 0.0007633 0.0007124 0.0006106 0.0006106 0.0006106 0.0013767 0.0014278 0.0010194 0.0011212 1.8705780 1.8710878 
EBOV_H.sap-wt_SLE_14_Makona-Bombali-J0022_KP759757         1.7359491 1.7527868 1.7360045 1.2874352 1.2990107 0.0314493 0.0314489 0.0313942 0.0321758 0.0370141 0.0380981 0.0360530 0.0329285 0.0022467 0.0017344 0.0015299 0.0010179 0.0003052 0.0003052 0.0003561 0.0003561 0.0003561 0.0003561 0.0003561 0.0003561 0.0004070 0.0004579 0.0003052 0.0003561 0.0003052 0.0004579 0.0004579 0.0004070 0.0004579 0.0004579 0.0002544 0.0003052 0.0001526 0.0000000 0.0000509 0.0003052 0.0003561 0.0005088 0.0005088 0.0004579 0.0005597 0.0004579 0.0006106 0.0006106 0.0003561 0.0005088 0.0006106 0.0005597 0.0006106 0.0005088 0.0007633 0.0007633 0.0006615 0.0007633 0.0006615 0.0007633 0.0006106 0.0006615 0.0006106 0.0007633 0.0006615 0.0006615 0.0008652 0.0007124 0.0006106 0.0011211 0.0011211 0.0010701 0.0012746 0.0013258 0.0016319 0.0009161 0.0009161 0.0007633 0.0007633 0.0009670 0.0010689 0.0008142 0.0009161 0.0008652 0.0007633 0.0007633 0.0007633 0.0015300 0.0015811 0.0011726 0.0012743 1.8700973 1.8706071 
