96
RESTV_M.fas-tc_USA_89_Philippines89-Pennsylvania_NC_004161 0.0000000 0.0237583 0.0320814 1.8074195 1.8069091 1.9890665 2.0740070 1.8692091 1.8701647 1.8708163 1.8657634 1.8985579 1.9027287 1.8990554 1.8985774 1.8990859 1.8997027 1.8972384 1.8969515 1.8970351 1.8965409 1.8951466 1.8971195 1.8968043 1.8968043 1.8981555 1.8993194 1.8988680 1.8972384 1.8969714 1.8980929 1.8965825 1.8978767 1.8978767 1.8982159 1.8982159 1.8969055 1.8963338 1.8968000 1.8939702 1.8939702 1.8960343 1.8968994 1.8968809 1.8963656 1.8986819 1.8989371 1.9001556 1.8986819 1.8989491 1.8986939 1.8979068 1.8979068 1.8962833 1.8965045 1.8965244 1.8971165 1.8971165 1.8974136 1.8968994 1.8974661 1.8974243 1.8985435 1.8984492 1.8979028 1.8985331 1.8976440 1.8946679 1.8995164 1.8965876 1.8966797 1.8970188 1.8970188 1.8962250 1.8959650 1.8988636 1.8965442 1.8964071 1.8964071 1.8975278 1.8982615 1.8964071 1.8958132 1.8970328 1.8968724 1.8972084 1.8969186 1.8966717 1.8970381 1.8947877 1.8969146 1.8967148 1.8758283 1.8768136 1.8642721 1.8844098 
RESTV_S.dom-tc_PHL_08_Reston08-A_FJ621583                  0.0237583 0.0000000 0.0491226 1.8254644 1.8249941 2.0105818 2.1031345 1.8796113 1.8805713 1.8811766 1.8768421 1.9150266 1.9175973 1.9157657 1.9152802 1.9156050 1.9167739 1.9141331 1.9138456 1.9135678 1.9134270 1.9120246 1.9146251 1.9136913 1.9136913 1.9150591 1.9162320 1.9157721 1.9141331 1.9138663 1.9149959 1.9134758 1.9147787 1.9147787 1.9151182 1.9151182 1.9137997 1.9132185 1.9136850 1.9108410 1.9108410 1.9129202 1.9137938 1.9137761 1.9126533 1.9155925 1.9158471 1.9170824 1.9155925 1.9158594 1.9156047 1.9148093 1.9148093 1.9130702 1.9133966 1.9134173 1.9144127 1.9144127 1.9143066 1.9137938 1.9143680 1.9142263 1.9153538 1.9152509 1.9147059 1.9153371 1.9144469 1.9121605 1.9164263 1.9134807 1.9135733 1.9139127 1.9139127 1.9131214 1.9128509 1.9160196 1.9141426 1.9134939 1.9134939 1.9142228 1.9149656 1.9132943 1.9126923 1.9139209 1.9137669 1.9141026 1.9136124 1.9133657 1.9137317 1.9115566 1.9136147 1.9134149 1.8922633 1.8932720 1.8814257 1.9003843 
RESTV_S.dom-xx_PHL_08_Reston08-C_FJ621584                  0.0320814 0.0491226 0.0000000 1.7958291 1.7953245 1.9998796 2.0677076 1.8519559 1.8529021 1.8536510 1.8486446 1.8871991 1.8903916 1.8874993 1.8870273 1.8881293 1.8885028 1.8856961 1.8854101 1.8859959 1.8855069 1.8841207 1.8866809 1.8857692 1.8857692 1.8871070 1.8877612 1.8873163 1.8856961 1.8854293 1.8865433 1.8850422 1.8863282 1.8863282 1.8866666 1.8866666 1.8853640 1.8847999 1.8852650 1.8824500 1.8824500 1.8845001 1.8853578 1.8853389 1.8848253 1.8871262 1.8873813 1.8885862 1.8871262 1.8873930 1.8871379 1.8863579 1.8863579 1.8847489 1.8849653 1.8849845 1.8859326 1.8859326 1.8858720 1.8853578 1.8859184 1.8858776 1.8867874 1.8869010 1.8863546 1.8869832 1.8860963 1.8838369 1.8879596 1.8850475 1.8851392 1.8854774 1.8854774 1.8846833 1.8844309 1.8879568 1.8850035 1.8850708 1.8850708 1.8859827 1.8867087 1.8848714 1.8842839 1.8854954 1.8853309 1.8856664 1.8853776 1.8851310 1.8854971 1.8833671 1.8853693 1.8851698 1.8641242 1.8644913 1.8529753 1.8669118 
SUDV_H.sap-xx_UGA_12_EboSud-603_KC545390                   1.8074195 1.8254644 1.7958291 0.0000000 0.0001537 2.1110239 2.0740034 1.8554996 1.8564481 1.8558931 1.8572612 1.8966760 1.8974324 1.8965585 1.8967041 1.8990130 1.8968288 1.8958707 1.8959426 1.8952113 1.8949164 1.8940865 1.8936726 1.8968600 1.8968600 1.8968287 1.8964694 1.8956189 1.8958707 1.8962092 1.8980895 1.8973558 1.8963079 1.8963079 1.8966466 1.8966466 1.8949778 1.8941089 1.8938695 1.8948381 1.8948381 1.8943109 1.8955321 1.8972976 1.8958588 1.8953770 1.8956318 1.8939875 1.8953770 1.8956437 1.8953889 1.8945574 1.8945574 1.8955226 1.8950210 1.8946828 1.8960034 1.8966085 1.8960457 1.8955321 1.8947187 1.8958314 1.8962468 1.8955096 1.8950075 1.8952349 1.8953975 1.8955805 1.8977896 1.8937927 1.8955124 1.8958509 1.8958509 1.8955480 1.8948019 1.8959126 1.8940542 1.8944831 1.8944831 1.8959143 1.8955158 1.8939229 1.8931765 1.8953731 1.8935737 1.8954391 1.8962155 1.8959690 1.8958770 1.8951142 1.8960538 1.8956521 1.8716283 1.8736612 1.8623833 1.8629986 
SUDV_H.sap-xx_UGA_12_EboSud-609_KC545391                   1.8069091 1.8249941 1.7953245 0.0001537 0.0000000 2.1095550 2.0746569 1.8565811 1.8575302 1.8569753 1.8583439 1.8977883 1.8985452 1.8976700 1.8978162 1.9001263 1.8979416 1.8969821 1.8970541 1.8963222 1.8960270 1.8951964 1.8947828 1.8979719 1.8979719 1.8979408 1.8975812 1.8967298 1.8969821 1.8973208 1.8992027 1.8984686 1.8974199 1.8974199 1.8977587 1.8977587 1.8960890 1.8952193 1.8949800 1.8959488 1.8959488 1.8954214 1.8966435 1.8984105 1.8969702 1.8964883 1.8967431 1.8950975 1.8964883 1.8967550 1.8965002 1.8956681 1.8956681 1.8966334 1.8961312 1.8957929 1.8971148 1.8977201 1.8971571 1.8966435 1.8958294 1.8969423 1.8973582 1.8966204 1.8961182 1.8963457 1.8965083 1.8966922 1.8989024 1.8949026 1.8966237 1.8969623 1.8969623 1.8966592 1.8959126 1.8970241 1.8951642 1.8955938 1.8955938 1.8970268 1.8966278 1.8950334 1.8942861 1.8964849 1.8946836 1.8965504 1.8973270 1.8970804 1.8969884 1.8962248 1.8971656 1.8967637 1.8727202 1.8747550 1.8634682 1.8640838 
TAFV_H.sap-tc_CIV_94_Pauleoula-CI_NC_014372                1.9890665 2.0105818 1.9998796 2.1110239 2.1095550 0.0000000 0.7867107 1.3018500 1.3012217 1.3013582 1.3034553 1.3226876 1.3245047 1.3250350 1.3217863 1.3235244 1.3213739 1.3205483 1.3206655 1.3207778 1.3201599 1.3202092 1.3205094 1.3212292 1.3212292 1.3210943 1.3231092 1.3218657 1.3205483 1.3205506 1.3203229 1.3208138 1.3203034 1.3203034 1.3200730 1.3200730 1.3217137 1.3216322 1.3212317 1.3217421 1.3217421 1.3211857 1.3207788 1.3218084 1.3200138 1.3218635 1.3220948 1.3217434 1.3218635 1.3220941 1.3218628 1.3214193 1.3214193 1.3205946 1.3199761 1.3202066 1.3209078 1.3209078 1.3205031 1.3207788 1.3211121 1.3211493 1.3207607 1.3206829 1.3199618 1.3198548 1.3202975 1.3212836 1.3207796 1.3224051 1.3206203 1.3208960 1.3208960 1.3192057 1.3203568 1.3218233 1.3217755 1.3219348 1.3219348 1.3222276 1.3226090 1.3217819 1.3214834 1.3227219 1.3224926 1.3214754 1.3222296 1.3224610 1.3223884 1.3226054 1.3224702 1.3223494 1.3148886 1.3149577 1.3169114 1.3127134 
BDBV_H.sap-xx_COD_12_EboBund-122_KC545395                  2.0740070 2.1031345 2.0677076 2.0740034 2.0746569 0.7867107 0.0000000 1.3328507 1.3322126 1.3337193 1.3355458 1.3575223 1.3590137 1.3590628 1.3564790 1.3573443 1.3575858 1.3583726 1.3584190 1.3571977 1.3575405 1.3581561 1.3581396 1.3582859 1.3582859 1.3591373 1.3601030 1.3590781 1.3583726 1.3583740 1.3583910 1.3590774 1.3581145 1.3581145 1.3583921 1.3583921 1.3596873 1.3588174 1.3587449 1.3604510 1.3604510 1.3591454 1.3586039 1.3596590 1.3587626 1.3597173 1.3599486 1.3605676 1.3597173 1.3599487 1.3601644 1.3592592 1.3592592 1.3595845 1.3579173 1.3579159 1.3582775 1.3587865 1.3583262 1.3586039 1.3593476 1.3598477 1.3599912 1.3588234 1.3588923 1.3593969 1.3590668 1.3589410 1.3585764 1.3585619 1.3584429 1.3587206 1.3587206 1.3577820 1.3578381 1.3567821 1.3598245 1.3569921 1.3569921 1.3571161 1.3575087 1.3572868 1.3576150 1.3586041 1.3581760 1.3570634 1.3574385 1.3575507 1.3579508 1.3564539 1.3566020 1.3566020 1.3512592 1.3518059 1.3485490 1.3519440 
EBOV_H.sap-tc_COD_07_1Luebo_KC242786                       1.8692091 1.8796113 1.8519559 1.8554996 1.8565811 1.3018500 1.3328507 0.0000000 0.0000515 0.0004117 0.0006177 0.0325452 0.0323365 0.0315927 0.0317515 0.0321570 0.0319823 0.0316422 0.0316426 0.0323226 0.0322643 0.0322691 0.0322701 0.0322674 0.0322674 0.0319864 0.0322725 0.0321564 0.0316422 0.0316987 0.0321566 0.0319262 0.0318115 0.0318115 0.0318680 0.0318680 0.0318135 0.0318120 0.0319253 0.0318757 0.0318757 0.0316998 0.0316983 0.0318681 0.0322051 0.0318153 0.0318716 0.0321017 0.0318153 0.0318714 0.0319272 0.0317584 0.0317584 0.0319817 0.0322064 0.0321499 0.0322086 0.0323213 0.0318669 0.0316983 0.0318110 0.0324940 0.0324348 0.0323736 0.0322050 0.0322616 0.0320961 0.0322056 0.0322140 0.0320996 0.0317547 0.0318112 0.0318112 0.0321544 0.0318126 0.0321534 0.0319924 0.0321441 0.0321441 0.0322703 0.0324405 0.0319192 0.0320891 0.0321440 0.0319771 0.0314689 0.0311302 0.0311333 0.0311862 0.0314684 0.0312454 0.0313575 0.0244344 0.0253796 0.0236458 0.0204127 
EBOV_H.sap-tc_COD_07_M-M_HQ613403                          1.8701647 1.8805713 1.8529021 1.8564481 1.8575302 1.3012217 1.3322126 0.0000515 0.0000000 0.0004632 0.0006692 0.0326055 0.0323967 0.0316527 0.0318115 0.0322171 0.0320424 0.0317022 0.0317026 0.0323828 0.0323244 0.0323293 0.0323303 0.0323276 0.0323276 0.0320465 0.0323327 0.0322166 0.0317022 0.0317587 0.0322167 0.0319863 0.0318715 0.0318715 0.0319280 0.0319280 0.0318736 0.0318720 0.0319853 0.0319358 0.0319358 0.0317598 0.0317583 0.0319281 0.0322652 0.0318753 0.0319317 0.0321618 0.0318753 0.0319314 0.0319873 0.0318184 0.0318184 0.0320418 0.0322666 0.0322100 0.0322687 0.0323815 0.0319269 0.0317583 0.0318710 0.0325543 0.0324951 0.0324337 0.0322651 0.0323217 0.0321562 0.0322657 0.0322742 0.0321597 0.0318148 0.0318713 0.0318713 0.0322145 0.0318726 0.0322135 0.0320525 0.0322042 0.0322042 0.0323305 0.0325007 0.0319793 0.0321492 0.0322041 0.0320372 0.0315288 0.0311901 0.0311932 0.0312461 0.0315284 0.0313053 0.0314174 0.0244924 0.0254379 0.0237036 0.0204697 
EBOV_H.sap-tc_COD_07_5Luebo_KC242790                       1.8708163 1.8811766 1.8536510 1.8558931 1.8569753 1.3013582 1.3337193 0.0004117 0.0004632 0.0000000 0.0010309 0.0329969 0.0327881 0.0320433 0.0322022 0.0326083 0.0324333 0.0320928 0.0320932 0.0327741 0.0327156 0.0327205 0.0327215 0.0327188 0.0327188 0.0324374 0.0327240 0.0326077 0.0320928 0.0321493 0.0326079 0.0323772 0.0322623 0.0322623 0.0323188 0.0323188 0.0322644 0.0322628 0.0323762 0.0323267 0.0323267 0.0321505 0.0321489 0.0323190 0.0326563 0.0322661 0.0323226 0.0325529 0.0322661 0.0323223 0.0323782 0.0322092 0.0322092 0.0324328 0.0326577 0.0326011 0.0326599 0.0327727 0.0323177 0.0321489 0.0322618 0.0329457 0.0328864 0.0328250 0.0326562 0.0327129 0.0325473 0.0326568 0.0326654 0.0325508 0.0322055 0.0322620 0.0322620 0.0326056 0.0322634 0.0326046 0.0324435 0.0325952 0.0325952 0.0327217 0.0328921 0.0323701 0.0325402 0.0325951 0.0324281 0.0319192 0.0315802 0.0315833 0.0316362 0.0319188 0.0316956 0.0318078 0.0248759 0.0258223 0.0240861 0.0208495 
EBOV_H.sap-tc_COD_08_034-KS_HQ613402                       1.8657634 1.8768421 1.8486446 1.8572612 1.8583439 1.3034553 1.3355458 0.0006177 0.0006692 0.0010309 0.0000000 0.0330191 0.0328103 0.0320650 0.0322239 0.0326303 0.0324552 0.0321145 0.0321149 0.0327962 0.0327377 0.0327426 0.0327437 0.0327409 0.0327409 0.0324594 0.0327461 0.0326297 0.0321145 0.0321711 0.0326299 0.0323990 0.0322841 0.0322841 0.0323407 0.0323407 0.0322862 0.0322846 0.0323981 0.0323486 0.0323486 0.0321722 0.0321707 0.0323408 0.0326784 0.0322879 0.0323444 0.0325749 0.0322879 0.0323441 0.0324001 0.0322309 0.0322309 0.0324547 0.0326797 0.0326231 0.0326819 0.0327948 0.0323396 0.0321707 0.0322836 0.0329680 0.0329086 0.0328471 0.0326782 0.0327350 0.0325693 0.0326789 0.0326875 0.0325728 0.0322272 0.0322838 0.0322838 0.0326277 0.0322852 0.0326266 0.0324655 0.0326172 0.0326172 0.0327438 0.0329143 0.0323919 0.0325622 0.0326171 0.0324500 0.0319408 0.0316015 0.0316047 0.0316576 0.0319404 0.0317170 0.0318293 0.0250033 0.0259506 0.0241530 0.0209730 
EBOV_H.sap-wt_GIN_14_Makona-Gueckedou-EM_080076_KR817235   1.8985579 1.9150266 1.8871991 1.8966760 1.8977883 1.3226876 1.3575223 0.0325452 0.0326055 0.0329969 0.0330191 0.0000000 0.0016516 0.0019094 0.0020645 0.0024277 0.0022719 0.0019611 0.0020647 0.0026865 0.0025309 0.0026349 0.0026350 0.0025311 0.0025311 0.0022721 0.0027388 0.0024276 0.0019611 0.0020129 0.0025313 0.0022201 0.0021164 0.0021164 0.0021682 0.0021682 0.0022201 0.0022200 0.0024272 0.0023239 0.0023239 0.0021164 0.0020129 0.0021682 0.0024789 0.0021167 0.0021684 0.0023759 0.0021167 0.0021684 0.0022202 0.0020649 0.0020649 0.0022718 0.0024790 0.0024271 0.0024791 0.0025828 0.0021681 0.0020129 0.0021164 0.0027386 0.0026865 0.0026864 0.0025309 0.0025827 0.0023755 0.0024789 0.0026345 0.0023758 0.0020646 0.0021164 0.0021164 0.0024791 0.0021165 0.0024274 0.0024790 0.0024267 0.0024267 0.0027903 0.0029460 0.0022196 0.0023750 0.0024787 0.0024786 0.0018057 0.0014955 0.0015472 0.0015472 0.0018057 0.0019092 0.0020127 0.0374689 0.0383380 0.0367832 0.0335383 
EBOV_H.sap-wt_GIN_14_Makona-Gueckedou-EM_079702_KR817210   1.9027287 1.9175973 1.8903916 1.8974324 1.8985452 1.3245047 1.3590137 0.0323365 0.0323967 0.0327881 0.0328103 0.0016516 0.0000000 0.0016000 0.0017550 0.0021181 0.0019623 0.0016517 0.0017552 0.0023769 0.0022213 0.0023253 0.0023253 0.0022215 0.0022215 0.0019626 0.0024291 0.0021180 0.0016517 0.0017034 0.0022216 0.0019106 0.0018069 0.0018069 0.0018587 0.0018587 0.0019105 0.0019105 0.0021176 0.0020143 0.0020143 0.0018070 0.0017034 0.0018587 0.0021693 0.0018071 0.0018589 0.0020663 0.0018071 0.0018589 0.0019106 0.0017554 0.0017554 0.0019623 0.0021694 0.0021176 0.0021695 0.0022731 0.0018586 0.0017034 0.0018069 0.0024289 0.0023768 0.0023767 0.0022213 0.0022731 0.0020660 0.0021693 0.0023248 0.0020662 0.0017552 0.0018069 0.0018069 0.0021695 0.0018070 0.0021178 0.0021694 0.0021172 0.0021172 0.0024806 0.0026363 0.0019102 0.0020655 0.0021691 0.0021691 0.0014964 0.0011862 0.0012379 0.0012379 0.0014963 0.0015998 0.0017032 0.0374388 0.0383084 0.0367519 0.0335553 
EBOV_H.sap-wt_GIN_14_Makona-Gueckedou-EM_079587_KR817202   1.8990554 1.9157657 1.8874993 1.8965585 1.8976700 1.3250350 1.3590628 0.0315927 0.0316527 0.0320433 0.0320650 0.0019094 0.0016000 0.0000000 0.0011858 0.0015479 0.0013926 0.0010826 0.0011859 0.0018063 0.0016510 0.0017547 0.0017548 0.0016512 0.0016512 0.0013927 0.0018583 0.0015479 0.0010826 0.0011342 0.0016513 0.0013409 0.0012375 0.0012375 0.0012892 0.0012892 0.0013409 0.0013408 0.0015476 0.0014444 0.0014444 0.0012375 0.0011342 0.0012892 0.0015992 0.0012377 0.0012893 0.0014962 0.0012377 0.0012893 0.0013410 0.0011860 0.0011860 0.0013926 0.0015992 0.0015475 0.0015994 0.0017028 0.0012891 0.0011342 0.0012375 0.0018581 0.0018063 0.0018061 0.0016510 0.0017027 0.0014960 0.0015992 0.0017544 0.0014961 0.0011859 0.0012375 0.0012375 0.0015994 0.0012376 0.0015477 0.0015993 0.0015473 0.0015473 0.0019098 0.0020651 0.0013406 0.0014957 0.0015991 0.0015990 0.0009267 0.0006177 0.0006692 0.0006177 0.0008752 0.0010309 0.0011341 0.0368414 0.0377090 0.0361568 0.0328636 
EBOV_H.sap-wt_GIN_14_Makona-Gueckedou-EM_079750_KR817213   1.8985774 1.9152802 1.8870273 1.8967041 1.8978162 1.3217863 1.3564790 0.0317515 0.0318115 0.0322022 0.0322239 0.0020645 0.0017550 0.0011858 0.0000000 0.0005662 0.0014440 0.0011340 0.0012373 0.0018577 0.0017025 0.0018061 0.0018062 0.0017026 0.0017026 0.0014442 0.0019097 0.0015993 0.0011340 0.0011857 0.0017027 0.0013923 0.0012890 0.0012890 0.0013406 0.0013406 0.0013923 0.0013923 0.0015990 0.0014958 0.0014958 0.0012890 0.0011857 0.0013406 0.0016506 0.0012891 0.0013408 0.0015477 0.0012891 0.0013408 0.0013924 0.0012374 0.0012374 0.0014440 0.0016507 0.0015990 0.0016508 0.0017542 0.0013406 0.0011857 0.0012889 0.0019095 0.0018577 0.0018576 0.0017024 0.0017542 0.0015474 0.0016506 0.0018058 0.0015476 0.0012373 0.0012890 0.0012890 0.0016508 0.0012890 0.0015991 0.0016507 0.0015987 0.0015987 0.0019612 0.0021166 0.0013921 0.0015471 0.0016505 0.0016505 0.0009782 0.0006692 0.0007207 0.0007207 0.0009782 0.0010823 0.0011855 0.0368916 0.0377592 0.0362070 0.0329673 
EBOV_H.sap-wt_GIN_14_Makona-Gueckedou-EM_079910_KR817221   1.8990859 1.9156050 1.8881293 1.8990130 1.9001263 1.3235244 1.3573443 0.0321570 0.0322171 0.0326083 0.0326303 0.0024277 0.0021181 0.0015479 0.0005662 0.0000000 0.0018065 0.0014961 0.0015995 0.0022207 0.0020653 0.0021692 0.0021692 0.0020655 0.0020655 0.0018067 0.0022729 0.0019620 0.0014961 0.0015478 0.0020656 0.0017548 0.0016512 0.0016512 0.0017030 0.0017030 0.0017547 0.0017547 0.0019617 0.0018584 0.0018584 0.0016513 0.0015478 0.0017030 0.0020133 0.0016514 0.0017031 0.0019104 0.0016514 0.0017031 0.0017548 0.0015997 0.0015997 0.0018065 0.0020134 0.0019616 0.0020136 0.0021171 0.0017029 0.0015478 0.0016512 0.0022727 0.0022207 0.0022206 0.0020653 0.0021171 0.0019101 0.0020134 0.0021168 0.0019103 0.0015995 0.0016512 0.0016512 0.0020135 0.0016513 0.0019619 0.0020135 0.0019613 0.0019613 0.0023244 0.0024800 0.0017544 0.0019097 0.0020132 0.0020132 0.0013409 0.0010310 0.0010826 0.0010826 0.0013409 0.0014443 0.0015476 0.0373042 0.0381731 0.0366188 0.0333747 
EBOV_H.sap-wt_LBR_14_Makona-LIBR0430_KR006955              1.8997027 1.9167739 1.8885028 1.8968288 1.8979416 1.3213739 1.3575858 0.0319823 0.0320424 0.0324333 0.0324552 0.0022719 0.0019623 0.0013926 0.0014440 0.0018065 0.0000000 0.0004117 0.0005147 0.0011342 0.0009793 0.0010827 0.0010827 0.0009794 0.0009794 0.0007207 0.0011860 0.0008762 0.0004117 0.0004632 0.0009794 0.0006692 0.0005662 0.0005662 0.0006177 0.0006177 0.0006692 0.0006692 0.0008752 0.0007722 0.0007722 0.0005662 0.0004632 0.0006177 0.0009267 0.0005662 0.0006177 0.0008237 0.0005662 0.0006177 0.0006692 0.0005147 0.0005147 0.0007207 0.0009267 0.0008752 0.0009277 0.0010309 0.0006177 0.0004632 0.0005662 0.0011859 0.0011342 0.0011341 0.0009793 0.0010309 0.0008237 0.0009267 0.0010825 0.0008237 0.0005147 0.0005662 0.0005662 0.0009277 0.0005662 0.0008752 0.0009267 0.0008752 0.0008752 0.0012375 0.0013925 0.0006692 0.0008237 0.0009267 0.0009267 0.0004632 0.0008752 0.0009267 0.0009267 0.0011857 0.0012890 0.0013923 0.0371265 0.0379949 0.0364414 0.0331992 
EBOV_H.sap-wt_SLE_14_Makona-G3734.1_KM233055               1.8972384 1.9141331 1.8856961 1.8958707 1.8969821 1.3205483 1.3583726 0.0316422 0.0317022 0.0320928 0.0321145 0.0019611 0.0016517 0.0010826 0.0011340 0.0014961 0.0004117 0.0000000 0.0001029 0.0007207 0.0005662 0.0006692 0.0006692 0.0005662 0.0005662 0.0003088 0.0007722 0.0004632 0.0000010 0.0000515 0.0005662 0.0002573 0.0001544 0.0001544 0.0002058 0.0002058 0.0002573 0.0002573 0.0004632 0.0003602 0.0003602 0.0001544 0.0000515 0.0002058 0.0005147 0.0001544 0.0002058 0.0004117 0.0001544 0.0002058 0.0002573 0.0001029 0.0001029 0.0003088 0.0005147 0.0004632 0.0005147 0.0006177 0.0002058 0.0000515 0.0001544 0.0007722 0.0007207 0.0007207 0.0005662 0.0006177 0.0004117 0.0005147 0.0006692 0.0004117 0.0001029 0.0001544 0.0001544 0.0005147 0.0001544 0.0005662 0.0006177 0.0005662 0.0005662 0.0009277 0.0010826 0.0003602 0.0005147 0.0006177 0.0006177 0.0001544 0.0005662 0.0006177 0.0006177 0.0008752 0.0009782 0.0010824 0.0367814 0.0376488 0.0360969 0.0328577 
EBOV_H.sap-wt_LBR_15_Makona-Liberia-DQE4_KR074998          1.8969515 1.9138456 1.8854101 1.8959426 1.8970541 1.3206655 1.3584190 0.0316426 0.0317026 0.0320932 0.0321149 0.0020647 0.0017552 0.0011859 0.0012373 0.0015995 0.0005147 0.0001029 0.0000000 0.0008237 0.0006692 0.0007722 0.0007722 0.0006692 0.0006692 0.0004117 0.0008752 0.0005662 0.0001029 0.0001544 0.0006692 0.0003602 0.0002573 0.0002573 0.0003088 0.0003088 0.0003602 0.0003602 0.0005662 0.0004632 0.0004632 0.0002573 0.0001544 0.0003088 0.0006177 0.0002573 0.0003088 0.0005147 0.0002573 0.0003088 0.0003602 0.0002058 0.0002058 0.0004117 0.0006177 0.0005662 0.0006177 0.0007207 0.0003088 0.0001544 0.0002573 0.0008752 0.0008237 0.0008237 0.0006692 0.0007207 0.0005147 0.0006177 0.0007722 0.0005147 0.0002058 0.0002573 0.0002573 0.0006177 0.0002573 0.0006692 0.0007207 0.0006692 0.0006692 0.0010309 0.0011858 0.0004632 0.0006177 0.0007207 0.0007207 0.0002573 0.0006692 0.0007207 0.0007207 0.0009782 0.0010824 0.0011856 0.0368959 0.0377636 0.0362113 0.0329711 
EBOV_H.sap-wt_GIN_14_Makona-Kankan-EM_078639_KR817166      1.8970351 1.9135678 1.8859959 1.8952113 1.8963222 1.3207778 1.3571977 0.0323226 0.0323828 0.0327741 0.0327962 0.0026865 0.0023769 0.0018063 0.0018577 0.0022207 0.0011342 0.0007207 0.0008237 0.0000000 0.0004632 0.0005662 0.0007722 0.0006692 0.0006692 0.0007207 0.0013924 0.0011857 0.0007207 0.0007722 0.0012890 0.0009782 0.0008752 0.0008752 0.0009267 0.0009267 0.0009782 0.0009782 0.0011855 0.0010824 0.0010824 0.0008752 0.0007722 0.0009267 0.0012371 0.0008752 0.0009267 0.0011342 0.0008752 0.0009267 0.0009782 0.0008237 0.0008237 0.0010297 0.0012371 0.0011855 0.0012372 0.0013405 0.0009267 0.0007722 0.0008752 0.0014956 0.0014438 0.0014438 0.0012888 0.0013405 0.0011340 0.0012371 0.0013921 0.0011341 0.0008237 0.0008752 0.0008752 0.0012372 0.0008752 0.0012892 0.0013407 0.0012888 0.0012888 0.0016510 0.0018062 0.0010823 0.0012372 0.0013406 0.0013405 0.0008752 0.0012890 0.0013406 0.0013406 0.0015990 0.0017025 0.0018059 0.0374718 0.0383410 0.0366725 0.0335409 
EBOV_H.sap-wt_GIN_14_Makona-Faranah-EM_078415_KR817160     1.8965409 1.9134270 1.8855069 1.8949164 1.8960270 1.3201599 1.3575405 0.0322643 0.0323244 0.0327156 0.0327377 0.0025309 0.0022213 0.0016510 0.0017025 0.0020653 0.0009793 0.0005662 0.0006692 0.0004632 0.0000000 0.0004117 0.0006177 0.0005147 0.0005147 0.0005662 0.0013407 0.0010308 0.0005662 0.0006177 0.0011340 0.0008237 0.0007207 0.0007207 0.0007722 0.0007722 0.0008237 0.0008237 0.0010297 0.0009267 0.0009267 0.0007207 0.0006177 0.0007722 0.0010812 0.0007207 0.0007722 0.0009793 0.0007207 0.0007722 0.0008237 0.0006692 0.0006692 0.0008752 0.0010812 0.0010297 0.0010823 0.0011855 0.0007722 0.0006177 0.0007207 0.0013406 0.0012888 0.0012888 0.0011339 0.0011855 0.0009782 0.0010812 0.0012371 0.0009782 0.0006692 0.0007207 0.0007207 0.0010823 0.0007207 0.0011342 0.0011858 0.0011339 0.0011339 0.0014959 0.0016510 0.0009267 0.0010823 0.0011856 0.0011856 0.0007207 0.0011340 0.0011857 0.0011857 0.0014439 0.0015473 0.0016507 0.0374123 0.0382813 0.0366131 0.0334823 
EBOV_H.sap-wt_GIN_14_Makona-Macenta-EM_076191_KR817141     1.8951466 1.9120246 1.8841207 1.8940865 1.8951964 1.3202092 1.3581561 0.0322691 0.0323293 0.0327205 0.0327426 0.0026349 0.0023253 0.0017547 0.0018061 0.0021692 0.0010827 0.0006692 0.0007722 0.0005662 0.0004117 0.0000000 0.0007207 0.0006177 0.0006177 0.0006692 0.0014442 0.0011342 0.0006692 0.0007207 0.0012375 0.0009267 0.0008237 0.0008237 0.0008752 0.0008752 0.0009267 0.0009267 0.0011340 0.0010309 0.0010309 0.0008237 0.0007207 0.0008752 0.0011856 0.0008237 0.0008752 0.0010826 0.0008237 0.0008752 0.0009267 0.0007722 0.0007722 0.0009782 0.0011856 0.0011340 0.0011857 0.0012890 0.0008752 0.0007207 0.0008237 0.0014441 0.0013923 0.0013922 0.0012373 0.0012890 0.0010825 0.0011856 0.0013406 0.0010826 0.0007722 0.0008237 0.0008237 0.0011857 0.0008237 0.0012377 0.0012892 0.0012373 0.0012373 0.0015995 0.0017547 0.0010308 0.0011857 0.0012890 0.0012890 0.0008237 0.0012375 0.0012891 0.0012891 0.0015475 0.0016510 0.0017544 0.0375322 0.0384016 0.0367327 0.0335377 
EBOV_H.sap-wt_GIN_14_Makona-Beyla-EM_075931_KR817138       1.8971195 1.9146251 1.8866809 1.8936726 1.8947828 1.3205094 1.3581396 0.0322701 0.0323303 0.0327215 0.0327437 0.0026350 0.0023253 0.0017548 0.0018062 0.0021692 0.0010827 0.0006692 0.0007722 0.0007722 0.0006177 0.0007207 0.0000000 0.0006177 0.0006177 0.0006692 0.0014443 0.0011342 0.0006692 0.0007207 0.0012375 0.0009267 0.0008237 0.0008237 0.0008752 0.0008752 0.0009267 0.0009267 0.0011340 0.0010309 0.0010309 0.0008237 0.0007207 0.0008752 0.0011856 0.0008237 0.0008752 0.0010827 0.0008237 0.0008752 0.0009267 0.0007722 0.0007722 0.0009792 0.0011857 0.0011340 0.0011857 0.0012890 0.0008752 0.0007207 0.0008237 0.0014441 0.0013924 0.0013923 0.0012373 0.0012890 0.0010825 0.0011856 0.0013406 0.0010826 0.0007722 0.0008237 0.0008237 0.0011857 0.0008237 0.0012377 0.0012893 0.0012374 0.0012374 0.0015995 0.0017547 0.0010309 0.0011858 0.0012891 0.0012891 0.0008237 0.0012375 0.0012892 0.0012891 0.0015475 0.0016510 0.0017544 0.0375334 0.0384029 0.0368475 0.0336015 
EBOV_H.sap-wt_GIN_14_Makona-Kissidougou-EM_078694_KR817171 1.8968043 1.9136913 1.8857692 1.8968600 1.8979719 1.3212292 1.3582859 0.0322674 0.0323276 0.0327188 0.0327409 0.0025311 0.0022215 0.0016512 0.0017026 0.0020655 0.0009794 0.0005662 0.0006692 0.0006692 0.0005147 0.0006177 0.0006177 0.0000000 0.0000010 0.0005662 0.0013408 0.0010309 0.0005662 0.0006177 0.0011341 0.0008237 0.0007207 0.0007207 0.0007722 0.0007722 0.0008237 0.0008237 0.0010297 0.0009267 0.0009267 0.0007207 0.0006177 0.0007722 0.0010823 0.0007207 0.0007722 0.0009793 0.0007207 0.0007722 0.0008237 0.0006692 0.0006692 0.0008752 0.0010823 0.0010297 0.0010824 0.0011856 0.0007722 0.0006177 0.0007207 0.0013407 0.0012889 0.0012889 0.0011340 0.0011856 0.0009782 0.0010823 0.0012372 0.0009793 0.0006692 0.0007207 0.0007207 0.0010824 0.0007207 0.0011343 0.0011859 0.0011340 0.0011340 0.0013926 0.0015477 0.0009267 0.0010824 0.0011857 0.0011857 0.0007207 0.0011341 0.0011858 0.0011858 0.0014441 0.0015475 0.0016508 0.0374161 0.0382852 0.0367304 0.0334856 
EBOV_H.sap-wt_GIN_14_Makona-Kissidougou-EM_078722_KR817175 1.8968043 1.9136913 1.8857692 1.8968600 1.8979719 1.3212292 1.3582859 0.0322674 0.0323276 0.0327188 0.0327409 0.0025311 0.0022215 0.0016512 0.0017026 0.0020655 0.0009794 0.0005662 0.0006692 0.0006692 0.0005147 0.0006177 0.0006177 0.0000010 0.0000000 0.0005662 0.0013408 0.0010309 0.0005662 0.0006177 0.0011341 0.0008237 0.0007207 0.0007207 0.0007722 0.0007722 0.0008237 0.0008237 0.0010297 0.0009267 0.0009267 0.0007207 0.0006177 0.0007722 0.0010823 0.0007207 0.0007722 0.0009793 0.0007207 0.0007722 0.0008237 0.0006692 0.0006692 0.0008752 0.0010823 0.0010297 0.0010824 0.0011856 0.0007722 0.0006177 0.0007207 0.0013407 0.0012889 0.0012889 0.0011340 0.0011856 0.0009782 0.0010823 0.0012372 0.0009793 0.0006692 0.0007207 0.0007207 0.0010824 0.0007207 0.0011343 0.0011859 0.0011340 0.0011340 0.0013926 0.0015477 0.0009267 0.0010824 0.0011857 0.0011857 0.0007207 0.0011341 0.0011858 0.0011858 0.0014441 0.0015475 0.0016508 0.0374161 0.0382852 0.0367304 0.0334856 
EBOV_H.sap-wt_LBR_14_Makona-LIBR0505_KR006957              1.8981555 1.9150591 1.8871070 1.8968287 1.8979408 1.3210943 1.3591373 0.0319864 0.0320465 0.0324374 0.0324594 0.0022721 0.0019626 0.0013927 0.0014442 0.0018067 0.0007207 0.0003088 0.0004117 0.0007207 0.0005662 0.0006692 0.0006692 0.0005662 0.0005662 0.0000000 0.0010826 0.0007722 0.0003088 0.0003602 0.0008752 0.0005662 0.0004632 0.0004632 0.0005147 0.0005147 0.0005662 0.0005662 0.0007722 0.0006692 0.0006692 0.0004632 0.0003602 0.0005147 0.0008237 0.0004632 0.0005147 0.0007207 0.0004632 0.0005147 0.0005662 0.0004117 0.0004117 0.0006177 0.0008237 0.0007722 0.0008237 0.0009267 0.0005147 0.0003602 0.0004632 0.0010825 0.0010308 0.0010308 0.0008752 0.0009267 0.0007207 0.0008237 0.0009782 0.0007207 0.0004117 0.0004632 0.0004632 0.0008237 0.0004632 0.0008762 0.0009278 0.0008752 0.0008752 0.0012377 0.0013927 0.0006692 0.0008237 0.0009267 0.0009267 0.0004632 0.0008752 0.0009277 0.0009277 0.0011858 0.0012892 0.0013925 0.0371313 0.0379997 0.0364461 0.0332034 
EBOV_H.sap-wt_SLE_14_Makona-Kailahun-20140517_KR653263     1.8993194 1.9162320 1.8877612 1.8964694 1.8975812 1.3231092 1.3601030 0.0322725 0.0323327 0.0327240 0.0327461 0.0027388 0.0024291 0.0018583 0.0019097 0.0022729 0.0011860 0.0007722 0.0008752 0.0013924 0.0013407 0.0014442 0.0014443 0.0013408 0.0013408 0.0010826 0.0000000 0.0006177 0.0007722 0.0008237 0.0013409 0.0010309 0.0009267 0.0009267 0.0009792 0.0009792 0.0010309 0.0010308 0.0012373 0.0011342 0.0011342 0.0009267 0.0008237 0.0009792 0.0012889 0.0009277 0.0009793 0.0011860 0.0009277 0.0009793 0.0010309 0.0008752 0.0008752 0.0010825 0.0012890 0.0012373 0.0012891 0.0013924 0.0009782 0.0008237 0.0009267 0.0015476 0.0014958 0.0014957 0.0013407 0.0013924 0.0011858 0.0012890 0.0014440 0.0011859 0.0008752 0.0009267 0.0009267 0.0012891 0.0009267 0.0012895 0.0013411 0.0013407 0.0013407 0.0017030 0.0018582 0.0011342 0.0012891 0.0013924 0.0012891 0.0009277 0.0013409 0.0013925 0.0013925 0.0016510 0.0017545 0.0018579 0.0375359 0.0384054 0.0368499 0.0336037 
EBOV_H.sap-wt_SLE_14_Makona-G4973_1_KR105286               1.8988680 1.9157721 1.8873163 1.8956189 1.8967298 1.3218657 1.3590781 0.0321564 0.0322166 0.0326077 0.0326297 0.0024276 0.0021180 0.0015479 0.0015993 0.0019620 0.0008762 0.0004632 0.0005662 0.0011857 0.0010308 0.0011342 0.0011342 0.0010309 0.0010309 0.0007722 0.0006177 0.0000000 0.0004632 0.0005147 0.0010310 0.0007207 0.0006177 0.0006177 0.0006692 0.0006692 0.0007207 0.0007207 0.0009267 0.0008237 0.0008237 0.0006177 0.0005147 0.0006692 0.0009782 0.0006177 0.0006692 0.0008762 0.0006177 0.0006692 0.0007207 0.0005662 0.0005662 0.0007722 0.0009782 0.0009267 0.0009792 0.0010825 0.0006692 0.0005147 0.0006177 0.0012375 0.0011857 0.0011857 0.0010308 0.0010824 0.0008752 0.0009782 0.0011340 0.0008752 0.0005662 0.0006177 0.0006177 0.0009792 0.0006177 0.0009796 0.0010311 0.0010308 0.0010308 0.0013927 0.0015478 0.0008237 0.0009793 0.0010825 0.0010825 0.0006177 0.0010310 0.0010826 0.0010826 0.0013408 0.0014442 0.0015476 0.0373038 0.0381726 0.0366183 0.0333742 
EBOV_H.sap-wt_SLE_14_Makona-G3799_KM233080                 1.8972384 1.9141331 1.8856961 1.8958707 1.8969821 1.3205483 1.3583726 0.0316422 0.0317022 0.0320928 0.0321145 0.0019611 0.0016517 0.0010826 0.0011340 0.0014961 0.0004117 0.0000010 0.0001029 0.0007207 0.0005662 0.0006692 0.0006692 0.0005662 0.0005662 0.0003088 0.0007722 0.0004632 0.0000000 0.0000515 0.0005662 0.0002573 0.0001544 0.0001544 0.0002058 0.0002058 0.0002573 0.0002573 0.0004632 0.0003602 0.0003602 0.0001544 0.0000515 0.0002058 0.0005147 0.0001544 0.0002058 0.0004117 0.0001544 0.0002058 0.0002573 0.0001029 0.0001029 0.0003088 0.0005147 0.0004632 0.0005147 0.0006177 0.0002058 0.0000515 0.0001544 0.0007722 0.0007207 0.0007207 0.0005662 0.0006177 0.0004117 0.0005147 0.0006692 0.0004117 0.0001029 0.0001544 0.0001544 0.0005147 0.0001544 0.0005662 0.0006177 0.0005662 0.0005662 0.0009277 0.0010826 0.0003602 0.0005147 0.0006177 0.0006177 0.0001544 0.0005662 0.0006177 0.0006177 0.0008752 0.0009782 0.0010824 0.0367814 0.0376488 0.0360969 0.0328577 
EBOV_H.sap-wt_SLE_14_Makona-G3788_KM233075                 1.8969714 1.9138663 1.8854293 1.8962092 1.8973208 1.3205506 1.3583740 0.0316987 0.0317587 0.0321493 0.0321711 0.0020129 0.0017034 0.0011342 0.0011857 0.0015478 0.0004632 0.0000515 0.0001544 0.0007722 0.0006177 0.0007207 0.0007207 0.0006177 0.0006177 0.0003602 0.0008237 0.0005147 0.0000515 0.0000000 0.0006177 0.0003088 0.0002058 0.0002058 0.0002573 0.0002573 0.0003088 0.0003088 0.0005147 0.0004117 0.0004117 0.0002058 0.0001029 0.0002573 0.0005662 0.0002058 0.0002573 0.0004632 0.0002058 0.0002573 0.0003088 0.0001544 0.0001544 0.0003602 0.0005662 0.0005147 0.0005662 0.0006692 0.0002573 0.0001029 0.0002058 0.0008237 0.0007722 0.0007722 0.0006177 0.0006692 0.0004632 0.0005662 0.0007207 0.0004632 0.0001544 0.0002058 0.0002058 0.0005662 0.0002058 0.0006177 0.0006692 0.0006177 0.0006177 0.0009793 0.0011342 0.0004117 0.0005662 0.0006692 0.0006692 0.0002058 0.0006177 0.0006692 0.0006692 0.0009267 0.0010308 0.0011340 0.0368387 0.0377062 0.0361541 0.0329144 
EBOV_H.sap-wt_SLE_14_Makona-Kenema-G5059_1_KR105296        1.8980929 1.9149959 1.8865433 1.8980895 1.8992027 1.3203229 1.3583910 0.0321566 0.0322167 0.0326079 0.0326299 0.0025313 0.0022216 0.0016513 0.0017027 0.0020656 0.0009794 0.0005662 0.0006692 0.0012890 0.0011340 0.0012375 0.0012375 0.0011341 0.0011341 0.0008752 0.0013409 0.0010310 0.0005662 0.0006177 0.0000000 0.0005147 0.0004117 0.0004117 0.0004632 0.0004632 0.0007207 0.0007207 0.0009267 0.0008237 0.0008237 0.0006177 0.0005147 0.0006692 0.0009782 0.0006177 0.0006692 0.0008762 0.0006177 0.0006692 0.0007207 0.0005662 0.0005662 0.0007722 0.0009782 0.0009267 0.0009792 0.0010824 0.0006692 0.0005147 0.0006177 0.0012375 0.0011857 0.0011857 0.0010308 0.0010824 0.0008752 0.0009782 0.0011340 0.0008752 0.0005662 0.0006177 0.0006177 0.0009792 0.0007207 0.0011344 0.0011859 0.0011341 0.0011341 0.0014961 0.0016512 0.0009267 0.0010825 0.0011857 0.0011857 0.0007207 0.0011342 0.0011858 0.0011858 0.0014441 0.0015476 0.0016509 0.0373040 0.0381728 0.0366185 0.0333743 
EBOV_H.sap-wt_SLE_14_Makona-Kenema-G4702_1_KR105265        1.8965825 1.9134758 1.8850422 1.8973558 1.8984686 1.3208138 1.3590774 0.0319262 0.0319863 0.0323772 0.0323990 0.0022201 0.0019106 0.0013409 0.0013923 0.0017548 0.0006692 0.0002573 0.0003602 0.0009782 0.0008237 0.0009267 0.0009267 0.0008237 0.0008237 0.0005662 0.0010309 0.0007207 0.0002573 0.0003088 0.0005147 0.0000000 0.0001029 0.0001029 0.0001544 0.0001544 0.0004117 0.0004117 0.0006177 0.0005147 0.0005147 0.0003088 0.0002058 0.0003602 0.0006692 0.0003088 0.0003602 0.0005662 0.0003088 0.0003602 0.0004117 0.0002573 0.0002573 0.0004632 0.0006692 0.0006177 0.0006692 0.0007722 0.0003602 0.0002058 0.0003088 0.0009267 0.0008752 0.0008752 0.0007207 0.0007722 0.0005662 0.0006692 0.0008237 0.0005662 0.0002573 0.0003088 0.0003088 0.0006692 0.0004117 0.0008237 0.0008752 0.0008237 0.0008237 0.0011859 0.0013409 0.0006177 0.0007722 0.0008752 0.0008752 0.0004117 0.0008237 0.0008752 0.0008752 0.0011340 0.0012374 0.0013406 0.0370697 0.0379379 0.0363847 0.0331429 
EBOV_H.sap-wt_SLE_14_Makona-Kenema-G4350_1_KR105242        1.8978767 1.9147787 1.8863282 1.8963079 1.8974199 1.3203034 1.3581145 0.0318115 0.0318715 0.0322623 0.0322841 0.0021164 0.0018069 0.0012375 0.0012890 0.0016512 0.0005662 0.0001544 0.0002573 0.0008752 0.0007207 0.0008237 0.0008237 0.0007207 0.0007207 0.0004632 0.0009267 0.0006177 0.0001544 0.0002058 0.0004117 0.0001029 0.0000000 0.0000010 0.0000515 0.0000515 0.0003088 0.0003088 0.0005147 0.0004117 0.0004117 0.0002058 0.0001029 0.0002573 0.0005662 0.0002058 0.0002573 0.0004632 0.0002058 0.0002573 0.0003088 0.0001544 0.0001544 0.0003602 0.0005662 0.0005147 0.0005662 0.0006692 0.0002573 0.0001029 0.0002058 0.0008237 0.0007722 0.0007722 0.0006177 0.0006692 0.0004632 0.0005662 0.0007207 0.0004632 0.0001544 0.0002058 0.0002058 0.0005662 0.0003088 0.0007207 0.0007722 0.0007207 0.0007207 0.0010825 0.0012375 0.0005147 0.0006692 0.0007722 0.0007722 0.0003088 0.0007207 0.0007722 0.0007722 0.0010308 0.0011340 0.0012373 0.0369531 0.0378209 0.0362683 0.0330276 
EBOV_H.sap-wt_SLE_14_Makona-Kenema-G4971_1_KR105284        1.8978767 1.9147787 1.8863282 1.8963079 1.8974199 1.3203034 1.3581145 0.0318115 0.0318715 0.0322623 0.0322841 0.0021164 0.0018069 0.0012375 0.0012890 0.0016512 0.0005662 0.0001544 0.0002573 0.0008752 0.0007207 0.0008237 0.0008237 0.0007207 0.0007207 0.0004632 0.0009267 0.0006177 0.0001544 0.0002058 0.0004117 0.0001029 0.0000010 0.0000000 0.0000515 0.0000515 0.0003088 0.0003088 0.0005147 0.0004117 0.0004117 0.0002058 0.0001029 0.0002573 0.0005662 0.0002058 0.0002573 0.0004632 0.0002058 0.0002573 0.0003088 0.0001544 0.0001544 0.0003602 0.0005662 0.0005147 0.0005662 0.0006692 0.0002573 0.0001029 0.0002058 0.0008237 0.0007722 0.0007722 0.0006177 0.0006692 0.0004632 0.0005662 0.0007207 0.0004632 0.0001544 0.0002058 0.0002058 0.0005662 0.0003088 0.0007207 0.0007722 0.0007207 0.0007207 0.0010825 0.0012375 0.0005147 0.0006692 0.0007722 0.0007722 0.0003088 0.0007207 0.0007722 0.0007722 0.0010308 0.0011340 0.0012373 0.0369531 0.0378209 0.0362683 0.0330276 
EBOV_H.sap-wt_SLE_14_Makona-Kenema-G4937_1_KR105278        1.8982159 1.9151182 1.8866666 1.8966466 1.8977587 1.3200730 1.3583921 0.0318680 0.0319280 0.0323188 0.0323407 0.0021682 0.0018587 0.0012892 0.0013406 0.0017030 0.0006177 0.0002058 0.0003088 0.0009267 0.0007722 0.0008752 0.0008752 0.0007722 0.0007722 0.0005147 0.0009792 0.0006692 0.0002058 0.0002573 0.0004632 0.0001544 0.0000515 0.0000515 0.0000000 0.0000010 0.0003602 0.0003602 0.0005662 0.0004632 0.0004632 0.0002573 0.0001544 0.0003088 0.0006177 0.0002573 0.0003088 0.0005147 0.0002573 0.0003088 0.0003602 0.0002058 0.0002058 0.0004117 0.0006177 0.0005662 0.0006177 0.0007207 0.0003088 0.0001544 0.0002573 0.0008752 0.0008237 0.0008237 0.0006692 0.0007207 0.0005147 0.0006177 0.0007722 0.0005147 0.0002058 0.0002573 0.0002573 0.0006177 0.0003602 0.0007722 0.0008237 0.0007722 0.0007722 0.0011342 0.0012891 0.0005662 0.0007207 0.0008237 0.0008237 0.0003602 0.0007722 0.0008237 0.0008237 0.0010824 0.0011857 0.0012889 0.0370104 0.0378783 0.0363255 0.0330844 
EBOV_H.sap-wt_SLE_14_Makona-Kenema-G4856_1_KR105273        1.8982159 1.9151182 1.8866666 1.8966466 1.8977587 1.3200730 1.3583921 0.0318680 0.0319280 0.0323188 0.0323407 0.0021682 0.0018587 0.0012892 0.0013406 0.0017030 0.0006177 0.0002058 0.0003088 0.0009267 0.0007722 0.0008752 0.0008752 0.0007722 0.0007722 0.0005147 0.0009792 0.0006692 0.0002058 0.0002573 0.0004632 0.0001544 0.0000515 0.0000515 0.0000010 0.0000000 0.0003602 0.0003602 0.0005662 0.0004632 0.0004632 0.0002573 0.0001544 0.0003088 0.0006177 0.0002573 0.0003088 0.0005147 0.0002573 0.0003088 0.0003602 0.0002058 0.0002058 0.0004117 0.0006177 0.0005662 0.0006177 0.0007207 0.0003088 0.0001544 0.0002573 0.0008752 0.0008237 0.0008237 0.0006692 0.0007207 0.0005147 0.0006177 0.0007722 0.0005147 0.0002058 0.0002573 0.0002573 0.0006177 0.0003602 0.0007722 0.0008237 0.0007722 0.0007722 0.0011342 0.0012891 0.0005662 0.0007207 0.0008237 0.0008237 0.0003602 0.0007722 0.0008237 0.0008237 0.0010824 0.0011857 0.0012889 0.0370104 0.0378783 0.0363255 0.0330844 
EBOV_H.sap-wt_SLE_14_Makona-Bonthe-G5723_1_KR105319        1.8969055 1.9137997 1.8853640 1.8949778 1.8960890 1.3217137 1.3596873 0.0318135 0.0318736 0.0322644 0.0322862 0.0022201 0.0019105 0.0013409 0.0013923 0.0017547 0.0006692 0.0002573 0.0003602 0.0009782 0.0008237 0.0009267 0.0009267 0.0008237 0.0008237 0.0005662 0.0010309 0.0007207 0.0002573 0.0003088 0.0007207 0.0004117 0.0003088 0.0003088 0.0003602 0.0003602 0.0000000 0.0002058 0.0004117 0.0003088 0.0003088 0.0001029 0.0002058 0.0003602 0.0006692 0.0003088 0.0003602 0.0005662 0.0003088 0.0003602 0.0004117 0.0002573 0.0002573 0.0004632 0.0006692 0.0006177 0.0006692 0.0007722 0.0003602 0.0002058 0.0003088 0.0009267 0.0008752 0.0008752 0.0007207 0.0007722 0.0005662 0.0006692 0.0008237 0.0005662 0.0002573 0.0003088 0.0003088 0.0006692 0.0004117 0.0008237 0.0008752 0.0008237 0.0008237 0.0011859 0.0013408 0.0006177 0.0007722 0.0008752 0.0008752 0.0004117 0.0008237 0.0008752 0.0008752 0.0011340 0.0012373 0.0013406 0.0369555 0.0378234 0.0362707 0.0330298 
EBOV_H.sap-wt_SLE_14_Makona-J0042_KP759711                 1.8963338 1.9132185 1.8847999 1.8941089 1.8952193 1.3216322 1.3588174 0.0318120 0.0318720 0.0322628 0.0322846 0.0022200 0.0019105 0.0013408 0.0013923 0.0017547 0.0006692 0.0002573 0.0003602 0.0009782 0.0008237 0.0009267 0.0009267 0.0008237 0.0008237 0.0005662 0.0010308 0.0007207 0.0002573 0.0003088 0.0007207 0.0004117 0.0003088 0.0003088 0.0003602 0.0003602 0.0002058 0.0000000 0.0003088 0.0003088 0.0003088 0.0001029 0.0002058 0.0003602 0.0006692 0.0003088 0.0003602 0.0005662 0.0003088 0.0003602 0.0004117 0.0002573 0.0002573 0.0004632 0.0006692 0.0006177 0.0006692 0.0007722 0.0003602 0.0002058 0.0003088 0.0009267 0.0008752 0.0008752 0.0007207 0.0007722 0.0005662 0.0006692 0.0008237 0.0005662 0.0002573 0.0003088 0.0003088 0.0006692 0.0004117 0.0008237 0.0008752 0.0008237 0.0008237 0.0011858 0.0013408 0.0006177 0.0007722 0.0008752 0.0008752 0.0004117 0.0008237 0.0008752 0.0008752 0.0011340 0.0012373 0.0013406 0.0369537 0.0378215 0.0362689 0.0330282 
EBOV_H.sap-wt_SLE_14_Makona-J0150_KP759696                 1.8968000 1.9136850 1.8852650 1.8938695 1.8949800 1.3212317 1.3587449 0.0319253 0.0319853 0.0323762 0.0323981 0.0024272 0.0021176 0.0015476 0.0015990 0.0019617 0.0008752 0.0004632 0.0005662 0.0011855 0.0010297 0.0011340 0.0011340 0.0010297 0.0010297 0.0007722 0.0012373 0.0009267 0.0004632 0.0005147 0.0009267 0.0006177 0.0005147 0.0005147 0.0005662 0.0005662 0.0004117 0.0003088 0.0000000 0.0005147 0.0005147 0.0003088 0.0004117 0.0005662 0.0008752 0.0005147 0.0005662 0.0007722 0.0005147 0.0005662 0.0006177 0.0004632 0.0004632 0.0006692 0.0008752 0.0008237 0.0008752 0.0009782 0.0005662 0.0004117 0.0005147 0.0011340 0.0010823 0.0010812 0.0009267 0.0009782 0.0007722 0.0008752 0.0010297 0.0007722 0.0004632 0.0005147 0.0005147 0.0008752 0.0006177 0.0010309 0.0010825 0.0010297 0.0010297 0.0013924 0.0015475 0.0008237 0.0009782 0.0010823 0.0010823 0.0006177 0.0010308 0.0010824 0.0010824 0.0013405 0.0014439 0.0015473 0.0370686 0.0379367 0.0363836 0.0331419 
