93
RESTV_M.fas-tc_USA_89_Philippines89-Pennsylvania_NC_004161 0.0000000 0.0249127 0.0311900 1.8283751 1.8279553 2.0614119 2.0501056 1.8199165 1.8206996 1.8228717 1.8201369 1.8286186 1.8297525 1.8290134 1.8310841 1.8310469 1.8341957 1.8314767 1.8341129 1.8346601 1.8340380 1.8344115 1.8371848 1.8354023 1.8354023 1.8336769 1.8332026 1.8345259 1.8335731 1.8330555 1.8331073 1.8343161 1.8347826 1.8358680 1.8358680 1.8354481 1.8332950 1.8332950 1.8334972 1.8327610 1.8327610 1.8333051 1.8329184 1.8338670 1.8335498 1.8331073 1.8330832 1.8366323 1.8361340 1.8328818 1.8326279 1.8324330 1.8349734 1.8349800 1.8332542 1.8319792 1.8341353 1.8334481 1.8340338 1.8325610 1.8340002 1.8350066 1.8349522 1.8331329 1.8338767 1.8334838 1.8334135 1.8339633 1.8334481 1.8326744 1.8334388 1.8328619 1.8371029 1.8314932 1.8301153 1.8289802 1.8301977 1.8299584 1.8325740 1.8339888 1.8320936 1.8341714 1.8322988 1.8259265 1.8259265 1.8295279 1.8302170 1.8305545 1.8301038 1.8223215 1.8271349 1.8234285 1.8301035 
RESTV_S.dom-tc_PHL_08_Reston08-A_FJ621583                  0.0249127 0.0000000 0.0493740 1.8385529 1.8381333 2.0676238 2.0744346 1.8268129 1.8275998 1.8297853 1.8270339 1.8385176 1.8396641 1.8385917 1.8420148 1.8419727 1.8441302 1.8413946 1.8440463 1.8445973 1.8439717 1.8443447 1.8471349 1.8453472 1.8453472 1.8436442 1.8431297 1.8446434 1.8435056 1.8429831 1.8430347 1.8442502 1.8447217 1.8458137 1.8458137 1.8453926 1.8432224 1.8432224 1.8434262 1.8426836 1.8426836 1.8432324 1.8428457 1.8437994 1.8431040 1.8430347 1.8430098 1.8465823 1.8460797 1.8428092 1.8425549 1.8423562 1.8449074 1.8449140 1.8447090 1.8439453 1.8440686 1.8433759 1.8439317 1.8429858 1.8444313 1.8469754 1.8453888 1.8435587 1.8443080 1.8434113 1.8433419 1.8438923 1.8433759 1.8425968 1.8433649 1.8427881 1.8470538 1.8414151 1.8398194 1.8386787 1.8399014 1.8396614 1.8420999 1.8435253 1.8416188 1.8438921 1.8422223 1.8358136 1.8358136 1.8394390 1.8401336 1.8404666 1.8400156 1.8275865 1.8322537 1.8288508 1.8352131 
RESTV_S.dom-xx_PHL_08_Reston08-C_FJ621584                  0.0311900 0.0493740 0.0000000 1.8316526 1.8316144 2.0537253 2.0585675 1.8214847 1.8222695 1.8246457 1.8217406 1.8307172 1.8320322 1.8312928 1.8328350 1.8327970 1.8364829 1.8337587 1.8363997 1.8369137 1.8363249 1.8366985 1.8394770 1.8376925 1.8376925 1.8359980 1.8357211 1.8368145 1.8358595 1.8353405 1.8353923 1.8366033 1.8370711 1.8381586 1.8381586 1.8377382 1.8355801 1.8355801 1.8359260 1.8350448 1.8350448 1.8355902 1.8352033 1.8346337 1.8358358 1.8353923 1.8353680 1.8389243 1.8384247 1.8351522 1.8349126 1.8347167 1.8372608 1.8372674 1.8370599 1.8357819 1.8364222 1.8357334 1.8363203 1.8353618 1.8366187 1.8378119 1.8377570 1.8359341 1.8366797 1.8357691 1.8356989 1.8364336 1.8357334 1.8349581 1.8342049 1.8351466 1.8392108 1.8337761 1.8323932 1.8312563 1.8324756 1.8322360 1.8348580 1.8357583 1.8343772 1.8364586 1.8345825 1.8302455 1.8302455 1.8318074 1.8324981 1.8328347 1.8329009 1.8201192 1.8233785 1.8210614 1.8244639 
SUDV_H.sap-xx_UGA_12_EboSud-603_KC545390                   1.8283751 1.8385529 1.8316526 0.0000000 0.0002079 2.2057347 2.1589167 1.9414324 1.9405784 1.9403145 1.9442086 1.9650925 1.9654118 1.9645140 1.9642432 1.9648938 1.9703071 1.9677964 1.9700490 1.9721033 1.9726327 1.9728285 1.9725507 1.9725386 1.9725386 1.9704974 1.9686838 1.9697102 1.9698190 1.9689862 1.9692416 1.9700388 1.9692416 1.9677969 1.9677969 1.9677341 1.9690460 1.9690460 1.9692042 1.9701355 1.9701355 1.9691864 1.9694330 1.9683575 1.9712347 1.9692416 1.9676052 1.9729725 1.9722447 1.9689860 1.9692834 1.9689314 1.9722115 1.9699752 1.9687619 1.9692686 1.9702241 1.9692374 1.9694816 1.9704473 1.9701043 1.9691770 1.9692425 1.9692138 1.9698480 1.9693190 1.9699917 1.9697363 1.9692374 1.9700937 1.9673191 1.9698708 1.9735289 1.9668840 1.9704455 1.9691714 1.9704171 1.9703650 1.9689554 1.9694206 1.9689930 1.9696485 1.9671455 1.9619974 1.9619974 1.9655177 1.9643976 1.9636743 1.9637260 1.9408660 1.9412209 1.9442566 1.9502891 
SUDV_H.sap-xx_UGA_12_EboSud-609_KC545391                   1.8279553 1.8381333 1.8316144 0.0002079 0.0000000 2.2054573 2.1584551 1.9415740 1.9407199 1.9404561 1.9443498 1.9652322 1.9655515 1.9646537 1.9643829 1.9650335 1.9704464 1.9679358 1.9701884 1.9722424 1.9727719 1.9729676 1.9726898 1.9726778 1.9726778 1.9706367 1.9688233 1.9698496 1.9699584 1.9691257 1.9693810 1.9701782 1.9693810 1.9679365 1.9679365 1.9678736 1.9691854 1.9691854 1.9693436 1.9702749 1.9702749 1.9693258 1.9695724 1.9684969 1.9713739 1.9693810 1.9677447 1.9731117 1.9723839 1.9691254 1.9694228 1.9690708 1.9723507 1.9701146 1.9689013 1.9694080 1.9703634 1.9693768 1.9696211 1.9705866 1.9702436 1.9693163 1.9693818 1.9693531 1.9699873 1.9694583 1.9701310 1.9698757 1.9693768 1.9702331 1.9674586 1.9700101 1.9736679 1.9670235 1.9705848 1.9693109 1.9705564 1.9705044 1.9690948 1.9695599 1.9691323 1.9697879 1.9672850 1.9621373 1.9621373 1.9656574 1.9645374 1.9638140 1.9638657 1.9410075 1.9413623 1.9443980 1.9504298 
TAFV_H.sap-tc_CIV_94_Pauleoula-CI_NC_014372                2.0614119 2.0676238 2.0537253 2.2057347 2.2054573 0.0000000 0.7783669 1.3229391 1.3224493 1.3230000 1.3198794 1.3493472 1.3496588 1.3472654 1.3482777 1.3473881 1.3508319 1.3489010 1.3504350 1.3493636 1.3502213 1.3500268 1.3515128 1.3494939 1.3494939 1.3507167 1.3497167 1.3493000 1.3501058 1.3495894 1.3498232 1.3511948 1.3507920 1.3513367 1.3513367 1.3511990 1.3500036 1.3500036 1.3512858 1.3509089 1.3509089 1.3502764 1.3500036 1.3503115 1.3501169 1.3498232 1.3489222 1.3505920 1.3505457 1.3496218 1.3498302 1.3502011 1.3496013 1.3487211 1.3503020 1.3498200 1.3499410 1.3494776 1.3514393 1.3486021 1.3497287 1.3486509 1.3497754 1.3501321 1.3493074 1.3498232 1.3501036 1.3497424 1.3494776 1.3489756 1.3485106 1.3486402 1.3485740 1.3491549 1.3503078 1.3506441 1.3510547 1.3510443 1.3486362 1.3493599 1.3490181 1.3491650 1.3484762 1.3500281 1.3500281 1.3489043 1.3483504 1.3492758 1.3493185 1.3395646 1.3400016 1.3388062 1.3359113 
BDBV_H.sap-xx_COD_12_EboBund-122_KC545395                  2.0501056 2.0744346 2.0585675 2.1589167 2.1584551 0.7783669 0.0000000 1.2804551 1.2800050 1.2809585 1.2795759 1.3101087 1.3076466 1.3075479 1.3084580 1.3080296 1.3092828 1.3088029 1.3098548 1.3102291 1.3093345 1.3102248 1.3107396 1.3091113 1.3091113 1.3105375 1.3091951 1.3097105 1.3102404 1.3097424 1.3097259 1.3108740 1.3106523 1.3111709 1.3111709 1.3113828 1.3095551 1.3095551 1.3104399 1.3090973 1.3090973 1.3097501 1.3099049 1.3102082 1.3102825 1.3097259 1.3097723 1.3110724 1.3104031 1.3099653 1.3099050 1.3101426 1.3116632 1.3103706 1.3107606 1.3105177 1.3106995 1.3100214 1.3120267 1.3096800 1.3105793 1.3111725 1.3091571 1.3101646 1.3102005 1.3099002 1.3097882 1.3100188 1.3100214 1.3095553 1.3089089 1.3092055 1.3104115 1.3098735 1.3102800 1.3103624 1.3097572 1.3097489 1.3088163 1.3086395 1.3101194 1.3098983 1.3096439 1.3101746 1.3101746 1.3095528 1.3093076 1.3089807 1.3090376 1.2908164 1.2905257 1.2907097 1.2878474 
EBOV_H.sap-tc_COD_07_1Luebo_KC242786                       1.8199165 1.8268129 1.8214847 1.9414324 1.9415740 1.3229391 1.2804551 0.0000000 0.0000509 0.0003561 0.0004579 0.0332372 0.0326125 0.0321609 0.0323324 0.0323319 0.0323549 0.0320649 0.0324104 0.0332019 0.0330889 0.0326381 0.0327494 0.0325801 0.0325801 0.0325773 0.0326366 0.0325232 0.0323550 0.0323539 0.0322430 0.0325328 0.0323623 0.0324747 0.0324747 0.0326415 0.0322986 0.0322986 0.0330853 0.0325214 0.0325214 0.0324654 0.0322986 0.0322990 0.0327436 0.0322430 0.0325868 0.0326975 0.0326382 0.0322988 0.0323536 0.0324658 0.0328055 0.0325769 0.0326365 0.0328022 0.0324657 0.0323542 0.0326428 0.0329707 0.0331317 0.0333055 0.0330209 0.0330217 0.0325760 0.0324645 0.0325788 0.0325200 0.0323542 0.0324108 0.0325257 0.0323452 0.0328602 0.0322877 0.0325229 0.0324684 0.0324121 0.0323567 0.0322330 0.0326817 0.0323440 0.0324135 0.0317868 0.0316701 0.0316701 0.0314945 0.0316643 0.0313828 0.0314941 0.0250968 0.0256671 0.0234958 0.0210878 
EBOV_H.sap-tc_COD_07_M-M_HQ613403                          1.8206996 1.8275998 1.8222695 1.9405784 1.9407199 1.3224493 1.2800050 0.0000509 0.0000000 0.0003052 0.0004070 0.0331812 0.0325565 0.0321050 0.0322765 0.0322760 0.0322989 0.0320090 0.0323544 0.0331458 0.0330328 0.0325820 0.0326933 0.0325241 0.0325241 0.0325213 0.0325806 0.0324672 0.0322991 0.0322979 0.0321871 0.0324768 0.0323063 0.0324187 0.0324187 0.0325855 0.0322427 0.0322427 0.0330293 0.0324654 0.0324654 0.0324095 0.0322427 0.0322430 0.0326876 0.0321871 0.0325308 0.0326415 0.0325822 0.0322429 0.0322976 0.0324098 0.0327495 0.0325209 0.0325805 0.0327462 0.0324097 0.0322983 0.0325868 0.0329146 0.0330756 0.0332494 0.0329648 0.0329656 0.0325200 0.0324085 0.0325228 0.0324641 0.0322983 0.0323548 0.0324697 0.0322893 0.0328042 0.0322318 0.0324669 0.0324125 0.0323561 0.0323007 0.0321771 0.0326257 0.0322881 0.0323575 0.0317309 0.0316142 0.0316142 0.0314387 0.0316085 0.0313271 0.0314383 0.0250420 0.0256122 0.0234414 0.0210338 
EBOV_H.sap-tc_COD_07_5Luebo_KC242790                       1.8228717 1.8297853 1.8246457 1.9403145 1.9404561 1.3230000 1.2809585 0.0003561 0.0003052 0.0000000 0.0007124 0.0334078 0.0328968 0.0324448 0.0326165 0.0326160 0.0326392 0.0323489 0.0326947 0.0334870 0.0333739 0.0329226 0.0330340 0.0328646 0.0328646 0.0328617 0.0329212 0.0328076 0.0326393 0.0326381 0.0325272 0.0328173 0.0326466 0.0327591 0.0327591 0.0329261 0.0325829 0.0325829 0.0333703 0.0328058 0.0328058 0.0327498 0.0325829 0.0325832 0.0330282 0.0325272 0.0328713 0.0329822 0.0329227 0.0325830 0.0326379 0.0327501 0.0330902 0.0328614 0.0329211 0.0330869 0.0327501 0.0326385 0.0329274 0.0332555 0.0334166 0.0335907 0.0333057 0.0333065 0.0328605 0.0327489 0.0328633 0.0328045 0.0326385 0.0326951 0.0328102 0.0326294 0.0331450 0.0325718 0.0328073 0.0327528 0.0326964 0.0326410 0.0325171 0.0329662 0.0326282 0.0326979 0.0320705 0.0319536 0.0319536 0.0317779 0.0319478 0.0316661 0.0317774 0.0252653 0.0258361 0.0236632 0.0212536 
EBOV_H.sap-tc_COD_08_034-KS_HQ613402                       1.8201369 1.8270339 1.8217406 1.9442086 1.9443498 1.3198794 1.2795759 0.0004579 0.0004070 0.0007124 0.0000000 0.0336454 0.0330196 0.0325672 0.0327391 0.0327386 0.0327618 0.0324713 0.0328174 0.0336102 0.0334970 0.0330455 0.0331569 0.0329874 0.0329874 0.0329845 0.0330440 0.0329304 0.0327620 0.0327608 0.0326498 0.0329401 0.0327693 0.0328819 0.0328819 0.0330490 0.0327055 0.0327055 0.0334934 0.0329286 0.0329286 0.0328725 0.0327055 0.0327059 0.0331511 0.0326498 0.0329942 0.0331050 0.0330456 0.0327057 0.0327605 0.0328729 0.0332131 0.0329842 0.0330439 0.0332098 0.0328728 0.0327611 0.0330502 0.0333785 0.0335397 0.0337139 0.0334287 0.0334296 0.0329833 0.0328716 0.0329861 0.0329272 0.0327611 0.0328178 0.0329330 0.0327521 0.0332680 0.0326944 0.0329301 0.0328756 0.0328191 0.0327636 0.0326397 0.0330890 0.0327508 0.0328206 0.0321928 0.0320759 0.0320759 0.0318999 0.0320700 0.0317881 0.0318995 0.0254280 0.0259991 0.0238884 0.0214765 
EBOV_H.sap-wt_GIN_14_Makona-Gueckedou-EM_080076_KR817235   1.8286186 1.8385176 1.8307172 1.9650925 1.9652322 1.3493472 1.3101087 0.0332372 0.0331812 0.0334078 0.0336454 0.0000000 0.0024502 0.0020919 0.0027578 0.0027577 0.0027598 0.0024001 0.0027600 0.0034799 0.0033770 0.0029657 0.0031710 0.0029142 0.0029142 0.0029139 0.0029656 0.0029146 0.0027088 0.0027087 0.0026062 0.0028636 0.0027094 0.0028121 0.0028121 0.0029660 0.0026574 0.0026574 0.0034794 0.0028626 0.0028626 0.0028113 0.0026574 0.0026575 0.0030678 0.0026062 0.0029149 0.0030174 0.0029657 0.0026575 0.0027087 0.0028113 0.0031714 0.0029139 0.0029656 0.0031194 0.0028635 0.0027087 0.0029662 0.0032736 0.0034271 0.0035819 0.0033244 0.0033245 0.0029138 0.0028112 0.0029652 0.0029651 0.0027087 0.0027601 0.0028630 0.0027594 0.0031193 0.0027075 0.0029653 0.0029141 0.0028627 0.0028114 0.0026563 0.0030669 0.0028614 0.0029140 0.0021440 0.0021950 0.0021950 0.0019900 0.0021437 0.0020922 0.0021946 0.0381863 0.0386023 0.0361496 0.0338595 
EBOV_H.sap-wt_GIN_14_Makona-Gueckedou-EM_079702_KR817210   1.8297525 1.8396641 1.8320322 1.9654118 1.9655515 1.3496588 1.3076466 0.0326125 0.0325565 0.0328968 0.0330196 0.0024502 0.0000000 0.0015290 0.0021936 0.0021936 0.0021952 0.0018363 0.0021954 0.0029138 0.0027084 0.0024006 0.0026055 0.0023492 0.0023492 0.0023490 0.0024005 0.0023495 0.0021442 0.0021442 0.0020418 0.0022986 0.0021447 0.0022472 0.0022472 0.0024009 0.0020930 0.0020930 0.0029134 0.0022978 0.0022978 0.0022466 0.0020930 0.0020930 0.0025027 0.0020418 0.0023498 0.0024521 0.0024006 0.0020930 0.0021442 0.0022466 0.0026059 0.0023490 0.0024005 0.0025542 0.0022986 0.0021442 0.0024011 0.0027080 0.0028614 0.0030158 0.0027589 0.0027589 0.0023490 0.0022465 0.0024002 0.0024001 0.0021442 0.0021955 0.0022981 0.0021949 0.0025540 0.0021432 0.0024003 0.0023492 0.0022979 0.0022467 0.0020921 0.0025019 0.0022969 0.0023491 0.0015808 0.0016317 0.0016317 0.0014271 0.0015805 0.0015292 0.0016314 0.0374919 0.0379067 0.0354596 0.0331232 
EBOV_H.sap-wt_GIN_14_Makona-Gueckedou-EM_079587_KR817202   1.8290134 1.8385917 1.8312928 1.9645140 1.9646537 1.3472654 1.3075479 0.0321609 0.0321050 0.0324448 0.0325672 0.0020919 0.0015290 0.0000000 0.0017842 0.0017842 0.0017855 0.0014272 0.0017857 0.0025031 0.0024005 0.0019906 0.0021953 0.0019393 0.0019393 0.0019391 0.0019905 0.0019395 0.0017346 0.0017345 0.0016323 0.0018886 0.0017350 0.0018373 0.0018373 0.0019908 0.0016834 0.0016834 0.0025027 0.0018880 0.0018880 0.0018368 0.0016834 0.0016834 0.0020926 0.0016323 0.0019398 0.0020420 0.0019906 0.0016834 0.0017345 0.0018368 0.0021956 0.0019391 0.0019905 0.0021440 0.0018886 0.0017345 0.0019909 0.0022976 0.0024508 0.0026050 0.0023485 0.0023485 0.0019391 0.0018368 0.0019902 0.0019902 0.0017345 0.0017857 0.0018882 0.0017853 0.0021438 0.0017337 0.0019903 0.0019392 0.0018880 0.0018369 0.0016827 0.0020919 0.0018872 0.0019392 0.0011720 0.0012229 0.0012229 0.0010179 0.0011718 0.0011198 0.0012217 0.0372582 0.0376726 0.0352275 0.0328932 
EBOV_H.sap-wt_GIN_14_Makona-Gueckedou-EM_079750_KR817213   1.8310841 1.8420148 1.8328350 1.9642432 1.9643829 1.3482777 1.3084580 0.0323324 0.0322765 0.0326165 0.0327391 0.0027578 0.0021936 0.0017842 0.0000000 0.0003052 0.0019392 0.0015807 0.0019394 0.0026572 0.0025546 0.0021444 0.0023492 0.0020931 0.0020931 0.0020929 0.0021444 0.0020934 0.0018883 0.0018882 0.0017859 0.0020424 0.0018887 0.0019911 0.0019911 0.0021447 0.0018371 0.0018371 0.0026568 0.0020417 0.0020417 0.0019906 0.0018371 0.0018371 0.0022465 0.0017859 0.0020936 0.0021959 0.0021444 0.0018371 0.0018882 0.0019906 0.0023495 0.0020929 0.0021444 0.0022979 0.0020424 0.0018882 0.0021448 0.0024516 0.0026049 0.0027592 0.0025025 0.0025025 0.0020929 0.0019905 0.0021441 0.0021440 0.0018882 0.0019394 0.0020420 0.0019389 0.0022977 0.0018874 0.0021442 0.0020930 0.0020418 0.0019907 0.0018363 0.0022458 0.0020409 0.0020425 0.0013253 0.0013762 0.0013762 0.0011719 0.0013251 0.0012739 0.0013760 0.0373208 0.0377353 0.0352894 0.0329543 
EBOV_H.sap-wt_GIN_14_Makona-Gueckedou-EM_079910_KR817221   1.8310469 1.8419727 1.8327970 1.9648938 1.9650335 1.3473881 1.3080296 0.0323319 0.0322760 0.0326160 0.0327386 0.0027577 0.0021936 0.0017842 0.0003052 0.0000000 0.0019392 0.0015807 0.0019394 0.0026572 0.0025546 0.0021444 0.0023492 0.0020931 0.0020931 0.0020929 0.0021443 0.0020933 0.0018882 0.0018882 0.0017859 0.0020424 0.0018887 0.0019911 0.0019911 0.0021446 0.0018371 0.0018371 0.0026568 0.0020417 0.0020417 0.0019905 0.0018371 0.0018371 0.0022464 0.0017859 0.0020936 0.0021959 0.0021444 0.0018371 0.0018882 0.0019905 0.0023495 0.0020929 0.0021443 0.0022978 0.0020424 0.0018882 0.0021448 0.0024516 0.0026049 0.0027591 0.0025024 0.0025025 0.0020928 0.0019905 0.0021440 0.0021440 0.0018882 0.0019394 0.0020420 0.0019389 0.0022977 0.0018873 0.0021441 0.0020930 0.0020418 0.0019906 0.0018363 0.0022457 0.0020409 0.0020425 0.0013253 0.0013762 0.0013762 0.0011718 0.0013251 0.0012739 0.0013760 0.0373202 0.0377347 0.0352888 0.0329537 
EBOV_H.sap-wt_LBR_14_Makona-LIBR0430_KR006955              1.8341957 1.8441302 1.8364829 1.9703071 1.9704464 1.3508319 1.3092828 0.0323549 0.0322989 0.0326392 0.0327618 0.0027598 0.0021952 0.0017855 0.0019392 0.0019392 0.0000000 0.0003561 0.0007124 0.0014284 0.0013261 0.0009175 0.0011216 0.0008664 0.0008664 0.0008663 0.0009175 0.0008665 0.0006615 0.0006615 0.0005597 0.0008156 0.0006615 0.0007645 0.0007645 0.0009176 0.0006106 0.0006106 0.0014282 0.0008153 0.0008153 0.0007633 0.0006106 0.0006106 0.0010194 0.0005597 0.0008666 0.0009686 0.0009175 0.0006106 0.0006615 0.0007633 0.0011218 0.0008663 0.0009175 0.0010705 0.0008156 0.0006615 0.0009177 0.0012237 0.0013767 0.0015303 0.0012746 0.0012746 0.0008663 0.0007633 0.0009173 0.0009173 0.0006615 0.0007124 0.0008154 0.0007124 0.0010705 0.0006615 0.0009174 0.0008664 0.0008153 0.0007643 0.0006106 0.0010191 0.0008142 0.0008664 0.0006106 0.0013773 0.0013773 0.0011727 0.0013261 0.0012748 0.0013770 0.0373464 0.0377612 0.0353137 0.0329771 
EBOV_H.sap-wt_SLE_14_Makona-G3734.1_KM233055               1.8314767 1.8413946 1.8337587 1.9677964 1.9679358 1.3489010 1.3088029 0.0320649 0.0320090 0.0323489 0.0324713 0.0024001 0.0018363 0.0014272 0.0015807 0.0015807 0.0003561 0.0000000 0.0003561 0.0010704 0.0009683 0.0005597 0.0007633 0.0005088 0.0005088 0.0005088 0.0005597 0.0005088 0.0003052 0.0003052 0.0002035 0.0004579 0.0003052 0.0004070 0.0004070 0.0005597 0.0002544 0.0002544 0.0010703 0.0004579 0.0004579 0.0004070 0.0002544 0.0002544 0.0006615 0.0002035 0.0005088 0.0006106 0.0005597 0.0002544 0.0003052 0.0004070 0.0007633 0.0005088 0.0005597 0.0007124 0.0004579 0.0003052 0.0005597 0.0008652 0.0010190 0.0011722 0.0009161 0.0009161 0.0005088 0.0004070 0.0005597 0.0005597 0.0003052 0.0003561 0.0004579 0.0003561 0.0007124 0.0003052 0.0005597 0.0005088 0.0004579 0.0004070 0.0002544 0.0006615 0.0004579 0.0005088 0.0002544 0.0010193 0.0010193 0.0008142 0.0009683 0.0009171 0.0010192 0.0370514 0.0374656 0.0350208 0.0326869 
EBOV_H.sap-wt_LBR_15_Makona-Liberia-DQE4_KR074998          1.8341129 1.8440463 1.8363997 1.9700490 1.9701884 1.3504350 1.3098548 0.0324104 0.0323544 0.0326947 0.0328174 0.0027600 0.0021954 0.0017857 0.0019394 0.0019394 0.0007124 0.0003561 0.0000000 0.0010179 0.0009161 0.0005088 0.0007124 0.0004579 0.0004579 0.0004579 0.0005088 0.0004579 0.0002544 0.0002544 0.0001526 0.0004070 0.0002544 0.0003561 0.0003561 0.0005088 0.0002035 0.0002035 0.0010179 0.0004070 0.0004070 0.0003561 0.0002035 0.0002035 0.0006106 0.0001526 0.0004579 0.0005597 0.0005088 0.0002035 0.0002544 0.0003561 0.0007124 0.0004579 0.0005088 0.0006615 0.0004070 0.0002544 0.0005088 0.0008142 0.0009670 0.0011198 0.0008652 0.0008652 0.0004579 0.0003561 0.0005088 0.0005088 0.0002544 0.0003052 0.0004070 0.0004070 0.0010706 0.0006615 0.0009175 0.0008665 0.0008154 0.0007644 0.0006106 0.0010192 0.0008142 0.0008664 0.0006106 0.0013774 0.0013774 0.0011728 0.0013262 0.0012749 0.0013771 0.0374025 0.0378174 0.0353696 0.0330326 
EBOV_H.sap-wt_GIN_14_Makona-Kankan-EM_078639_KR817166      1.8346601 1.8445973 1.8369137 1.9721033 1.9722424 1.3493636 1.3102291 0.0332019 0.0331458 0.0334870 0.0336102 0.0034799 0.0029138 0.0025031 0.0026572 0.0026572 0.0014284 0.0010704 0.0010179 0.0000000 0.0008142 0.0006106 0.0010179 0.0008652 0.0008652 0.0009670 0.0012231 0.0011722 0.0009670 0.0009670 0.0008652 0.0011213 0.0009681 0.0010702 0.0010702 0.0012233 0.0009161 0.0009161 0.0017340 0.0011209 0.0011209 0.0010699 0.0009161 0.0009161 0.0012230 0.0008652 0.0011723 0.0012744 0.0012232 0.0009161 0.0009670 0.0010699 0.0014276 0.0011720 0.0012231 0.0013762 0.0011213 0.0009670 0.0012234 0.0015295 0.0016825 0.0018361 0.0015803 0.0015804 0.0011719 0.0010699 0.0012230 0.0012229 0.0009670 0.0010179 0.0011211 0.0011214 0.0017865 0.0013768 0.0016331 0.0015820 0.0015308 0.0014797 0.0013257 0.0017347 0.0015301 0.0015820 0.0013257 0.0020942 0.0020942 0.0018891 0.0020429 0.0019914 0.0020938 0.0382053 0.0386214 0.0361676 0.0338244 
EBOV_H.sap-wt_GIN_14_Makona-Faranah-EM_078415_KR817160     1.8340380 1.8439717 1.8363249 1.9726327 1.9727719 1.3502213 1.3093345 0.0330889 0.0330328 0.0333739 0.0334970 0.0033770 0.0027084 0.0024005 0.0025546 0.0025546 0.0013261 0.0009683 0.0009161 0.0008142 0.0000000 0.0005088 0.0009161 0.0007633 0.0007633 0.0008652 0.0011210 0.0010701 0.0008652 0.0008652 0.0007633 0.0010192 0.0008652 0.0009681 0.0009681 0.0011212 0.0008142 0.0008142 0.0016318 0.0010179 0.0010179 0.0009670 0.0008142 0.0008142 0.0010689 0.0007633 0.0010702 0.0011722 0.0011211 0.0008142 0.0008652 0.0009670 0.0013254 0.0010689 0.0011210 0.0012741 0.0010192 0.0008652 0.0011213 0.0014273 0.0015802 0.0017338 0.0014781 0.0014782 0.0010689 0.0009670 0.0011209 0.0011208 0.0008652 0.0009161 0.0010190 0.0010193 0.0016841 0.0012746 0.0015307 0.0014797 0.0014285 0.0013774 0.0012235 0.0016324 0.0014279 0.0014796 0.0012235 0.0019917 0.0019917 0.0017867 0.0019404 0.0018889 0.0019913 0.0380908 0.0385068 0.0360538 0.0337114 
EBOV_H.sap-wt_GIN_14_Makona-Macenta-EM_076191_KR817141     1.8344115 1.8443447 1.8366985 1.9728285 1.9729676 1.3500268 1.3102248 0.0326381 0.0325820 0.0329226 0.0330455 0.0029657 0.0024006 0.0019906 0.0021444 0.0021444 0.0009175 0.0005597 0.0005088 0.0006106 0.0005088 0.0000000 0.0005088 0.0003561 0.0003561 0.0004579 0.0007124 0.0006615 0.0004579 0.0004579 0.0003561 0.0006106 0.0004579 0.0005597 0.0005597 0.0007124 0.0004070 0.0004070 0.0012230 0.0006106 0.0006106 0.0005597 0.0004070 0.0004070 0.0007124 0.0003561 0.0006615 0.0007633 0.0007124 0.0004070 0.0004579 0.0005597 0.0009161 0.0006615 0.0007124 0.0008652 0.0006106 0.0004579 0.0007124 0.0010179 0.0011707 0.0013250 0.0010689 0.0010689 0.0006615 0.0005597 0.0007124 0.0007124 0.0004579 0.0005088 0.0006106 0.0006106 0.0012750 0.0008652 0.0011218 0.0010708 0.0010197 0.0009686 0.0008142 0.0012235 0.0010192 0.0010707 0.0008142 0.0015821 0.0015821 0.0013774 0.0015309 0.0014795 0.0015818 0.0376337 0.0380490 0.0355993 0.0332604 
EBOV_H.sap-wt_GIN_14_Makona-Beyla-EM_075931_KR817138       1.8371848 1.8471349 1.8394770 1.9725507 1.9726898 1.3515128 1.3107396 0.0327494 0.0326933 0.0330340 0.0331569 0.0031710 0.0026055 0.0021953 0.0023492 0.0023492 0.0011216 0.0007633 0.0007124 0.0010179 0.0009161 0.0005088 0.0000000 0.0005597 0.0005597 0.0006615 0.0009161 0.0008652 0.0006615 0.0006615 0.0005597 0.0008142 0.0006615 0.0007633 0.0007633 0.0009161 0.0006106 0.0006106 0.0014272 0.0008142 0.0008142 0.0007633 0.0006106 0.0006106 0.0009161 0.0005597 0.0008652 0.0009670 0.0009161 0.0006106 0.0006615 0.0007633 0.0011210 0.0008652 0.0009161 0.0010689 0.0008142 0.0006615 0.0009161 0.0012229 0.0013758 0.0015292 0.0012737 0.0012737 0.0008652 0.0007633 0.0009161 0.0009161 0.0006615 0.0007124 0.0008142 0.0008142 0.0014793 0.0010702 0.0013261 0.0012750 0.0012239 0.0011729 0.0010192 0.0014277 0.0012234 0.0012750 0.0010191 0.0017867 0.0017867 0.0015818 0.0017354 0.0016840 0.0017863 0.0377464 0.0381618 0.0357114 0.0333717 
EBOV_H.sap-wt_GIN_14_Makona-Kissidougou-EM_078694_KR817171 1.8354023 1.8453472 1.8376925 1.9725386 1.9726778 1.3494939 1.3091113 0.0325801 0.0325241 0.0328646 0.0329874 0.0029142 0.0023492 0.0019393 0.0020931 0.0020931 0.0008664 0.0005088 0.0004579 0.0008652 0.0007633 0.0003561 0.0005597 0.0000000 0.0000010 0.0004070 0.0006615 0.0006106 0.0004070 0.0004070 0.0003052 0.0005597 0.0004070 0.0005088 0.0005088 0.0006615 0.0003561 0.0003561 0.0011719 0.0005597 0.0005597 0.0005088 0.0003561 0.0003561 0.0007633 0.0003052 0.0006106 0.0007124 0.0006615 0.0003561 0.0004070 0.0005088 0.0008652 0.0006106 0.0006615 0.0008142 0.0005597 0.0004070 0.0006615 0.0009670 0.0011198 0.0012739 0.0010179 0.0010179 0.0006106 0.0005088 0.0006615 0.0006615 0.0004070 0.0004579 0.0005597 0.0005597 0.0012238 0.0008142 0.0010706 0.0010196 0.0009686 0.0009175 0.0007633 0.0011723 0.0009681 0.0010196 0.0007633 0.0015308 0.0015308 0.0013262 0.0014796 0.0014283 0.0015305 0.0375748 0.0379899 0.0355408 0.0332024 
EBOV_H.sap-wt_GIN_14_Makona-Kissidougou-EM_078722_KR817175 1.8354023 1.8453472 1.8376925 1.9725386 1.9726778 1.3494939 1.3091113 0.0325801 0.0325241 0.0328646 0.0329874 0.0029142 0.0023492 0.0019393 0.0020931 0.0020931 0.0008664 0.0005088 0.0004579 0.0008652 0.0007633 0.0003561 0.0005597 0.0000010 0.0000000 0.0004070 0.0006615 0.0006106 0.0004070 0.0004070 0.0003052 0.0005597 0.0004070 0.0005088 0.0005088 0.0006615 0.0003561 0.0003561 0.0011719 0.0005597 0.0005597 0.0005088 0.0003561 0.0003561 0.0007633 0.0003052 0.0006106 0.0007124 0.0006615 0.0003561 0.0004070 0.0005088 0.0008652 0.0006106 0.0006615 0.0008142 0.0005597 0.0004070 0.0006615 0.0009670 0.0011198 0.0012739 0.0010179 0.0010179 0.0006106 0.0005088 0.0006615 0.0006615 0.0004070 0.0004579 0.0005597 0.0005597 0.0012238 0.0008142 0.0010706 0.0010196 0.0009686 0.0009175 0.0007633 0.0011723 0.0009681 0.0010196 0.0007633 0.0015308 0.0015308 0.0013262 0.0014796 0.0014283 0.0015305 0.0375748 0.0379899 0.0355408 0.0332024 
EBOV_H.sap-wt_LBR_14_Makona-LIBR0505_KR006957              1.8336769 1.8436442 1.8359980 1.9704974 1.9706367 1.3507167 1.3105375 0.0325773 0.0325213 0.0328617 0.0329845 0.0029139 0.0023490 0.0019391 0.0020929 0.0020929 0.0008663 0.0005088 0.0004579 0.0009670 0.0008652 0.0004579 0.0006615 0.0004070 0.0004070 0.0000000 0.0006615 0.0006106 0.0004070 0.0004070 0.0003052 0.0005597 0.0004070 0.0005088 0.0005088 0.0006615 0.0003561 0.0003561 0.0011718 0.0005597 0.0005597 0.0005088 0.0003561 0.0003561 0.0007633 0.0003052 0.0006106 0.0007124 0.0006615 0.0003561 0.0004070 0.0005088 0.0008652 0.0006106 0.0006615 0.0008142 0.0005597 0.0004070 0.0006615 0.0009670 0.0011198 0.0012738 0.0010179 0.0010179 0.0006106 0.0005088 0.0006615 0.0006615 0.0004070 0.0004579 0.0005597 0.0005597 0.0012237 0.0008142 0.0010706 0.0010196 0.0009685 0.0009175 0.0007633 0.0011723 0.0009681 0.0010195 0.0007633 0.0015307 0.0015307 0.0013261 0.0014795 0.0014282 0.0015304 0.0375714 0.0379865 0.0355377 0.0331995 
EBOV_H.sap-wt_SLE_14_Makona-Kailahun-20140517_KR653263     1.8332026 1.8431297 1.8357211 1.9686838 1.9688233 1.3497167 1.3091951 0.0326366 0.0325806 0.0329212 0.0330440 0.0029656 0.0024005 0.0019905 0.0021444 0.0021443 0.0009175 0.0005597 0.0005088 0.0012231 0.0011210 0.0007124 0.0009161 0.0006615 0.0006615 0.0006615 0.0000000 0.0005597 0.0004579 0.0004579 0.0003561 0.0006106 0.0004579 0.0005597 0.0005597 0.0007124 0.0004070 0.0004070 0.0012230 0.0006106 0.0006106 0.0005597 0.0004070 0.0004070 0.0008142 0.0003561 0.0006615 0.0007633 0.0007124 0.0004070 0.0004579 0.0005597 0.0009161 0.0006615 0.0007124 0.0008652 0.0006106 0.0004579 0.0007124 0.0010179 0.0011707 0.0013249 0.0010689 0.0010689 0.0006615 0.0005597 0.0007124 0.0007124 0.0004579 0.0005088 0.0006106 0.0006106 0.0012749 0.0008652 0.0011217 0.0010707 0.0010196 0.0009686 0.0008142 0.0012234 0.0010192 0.0010707 0.0008142 0.0015820 0.0015820 0.0013773 0.0015308 0.0014795 0.0015817 0.0375194 0.0379345 0.0354857 0.0331476 
EBOV_H.sap-wt_SLE_14_Makona-G4973_1_KR105286               1.8345259 1.8446434 1.8368145 1.9697102 1.9698496 1.3493000 1.3097105 0.0325232 0.0324672 0.0328076 0.0329304 0.0029146 0.0023495 0.0019395 0.0020934 0.0020933 0.0008665 0.0005088 0.0004579 0.0011722 0.0010701 0.0006615 0.0008652 0.0006106 0.0006106 0.0006106 0.0005597 0.0000000 0.0004070 0.0004070 0.0003052 0.0005597 0.0004070 0.0005088 0.0005088 0.0006615 0.0003561 0.0003561 0.0011720 0.0005597 0.0005597 0.0005088 0.0003561 0.0003561 0.0007633 0.0003052 0.0006106 0.0007124 0.0006615 0.0003561 0.0004070 0.0005088 0.0008652 0.0006106 0.0006615 0.0008142 0.0005597 0.0004070 0.0006615 0.0009670 0.0011198 0.0012740 0.0010179 0.0010179 0.0006106 0.0005088 0.0006615 0.0006615 0.0004070 0.0004579 0.0005597 0.0005597 0.0012240 0.0008142 0.0010708 0.0010198 0.0009687 0.0009177 0.0007633 0.0011725 0.0009683 0.0010198 0.0007633 0.0015311 0.0015311 0.0013263 0.0014798 0.0014285 0.0015308 0.0374670 0.0378820 0.0354333 0.0330954 
EBOV_H.sap-wt_SLE_14_Makona-G3799_KM233080                 1.8335731 1.8435056 1.8358595 1.9698190 1.9699584 1.3501058 1.3102404 0.0323550 0.0322991 0.0326393 0.0327620 0.0027088 0.0021442 0.0017346 0.0018883 0.0018882 0.0006615 0.0003052 0.0002544 0.0009670 0.0008652 0.0004579 0.0006615 0.0004070 0.0004070 0.0004070 0.0004579 0.0004070 0.0000000 0.0001017 0.0001017 0.0003561 0.0002035 0.0003052 0.0003052 0.0004579 0.0001526 0.0001526 0.0009670 0.0003561 0.0003561 0.0003052 0.0001526 0.0001526 0.0005597 0.0001017 0.0004070 0.0005088 0.0004579 0.0001526 0.0002035 0.0003052 0.0006615 0.0004070 0.0004579 0.0006106 0.0003561 0.0002035 0.0004579 0.0007633 0.0009161 0.0010689 0.0008142 0.0008142 0.0004070 0.0003052 0.0004579 0.0004579 0.0002035 0.0002544 0.0003561 0.0003561 0.0010195 0.0006106 0.0008664 0.0008154 0.0007644 0.0007134 0.0005597 0.0009681 0.0007633 0.0008154 0.0005597 0.0013263 0.0013263 0.0011218 0.0012751 0.0012239 0.0013260 0.0373466 0.0377613 0.0353139 0.0329772 
EBOV_H.sap-wt_SLE_14_Makona-G3788_KM233075                 1.8330555 1.8429831 1.8353405 1.9689862 1.9691257 1.3495894 1.3097424 0.0323539 0.0322979 0.0326381 0.0327608 0.0027087 0.0021442 0.0017345 0.0018882 0.0018882 0.0006615 0.0003052 0.0002544 0.0009670 0.0008652 0.0004579 0.0006615 0.0004070 0.0004070 0.0004070 0.0004579 0.0004070 0.0001017 0.0000000 0.0001017 0.0003561 0.0002035 0.0003052 0.0003052 0.0004579 0.0001526 0.0001526 0.0009670 0.0003561 0.0003561 0.0003052 0.0001526 0.0001526 0.0005597 0.0001017 0.0004070 0.0005088 0.0004579 0.0001526 0.0002035 0.0003052 0.0006615 0.0004070 0.0004579 0.0006106 0.0003561 0.0002035 0.0004579 0.0007633 0.0009161 0.0010689 0.0008142 0.0008142 0.0004070 0.0003052 0.0004579 0.0004579 0.0002035 0.0002544 0.0003561 0.0003561 0.0010195 0.0006106 0.0008664 0.0008154 0.0007644 0.0007124 0.0005597 0.0009681 0.0007633 0.0008154 0.0005597 0.0013263 0.0013263 0.0011217 0.0012751 0.0012238 0.0013260 0.0373452 0.0377600 0.0353126 0.0329760 
EBOV_H.sap-wt_SLE_14_Makona-G3677.2_KM034557               1.8331073 1.8430347 1.8353923 1.9692416 1.9693810 1.3498232 1.3097259 0.0322430 0.0321871 0.0325272 0.0326498 0.0026062 0.0020418 0.0016323 0.0017859 0.0017859 0.0005597 0.0002035 0.0001526 0.0008652 0.0007633 0.0003561 0.0005597 0.0003052 0.0003052 0.0003052 0.0003561 0.0003052 0.0001017 0.0001017 0.0000000 0.0002544 0.0001017 0.0002035 0.0002035 0.0003561 0.0000509 0.0000509 0.0008652 0.0002544 0.0002544 0.0002035 0.0000509 0.0000509 0.0004579 0.0000010 0.0003052 0.0004070 0.0003561 0.0000509 0.0001017 0.0002035 0.0005597 0.0003052 0.0003561 0.0005088 0.0002544 0.0001017 0.0003561 0.0006615 0.0008142 0.0009670 0.0007124 0.0007124 0.0003052 0.0002035 0.0003561 0.0003561 0.0001017 0.0001526 0.0002544 0.0002544 0.0009174 0.0005088 0.0007644 0.0007124 0.0006615 0.0006106 0.0004579 0.0008652 0.0006615 0.0007124 0.0004579 0.0012241 0.0012241 0.0010196 0.0011729 0.0011217 0.0012239 0.0372331 0.0376477 0.0352011 0.0328652 
EBOV_H.sap-wt_SLE_14_Makona-Kenema-G5059_1_KR105296        1.8343161 1.8442502 1.8366033 1.9700388 1.9701782 1.3511948 1.3108740 0.0325328 0.0324768 0.0328173 0.0329401 0.0028636 0.0022986 0.0018886 0.0020424 0.0020424 0.0008156 0.0004579 0.0004070 0.0011213 0.0010192 0.0006106 0.0008142 0.0005597 0.0005597 0.0005597 0.0006106 0.0005597 0.0003561 0.0003561 0.0002544 0.0000000 0.0001526 0.0002544 0.0002544 0.0004070 0.0003052 0.0003052 0.0011212 0.0005088 0.0005088 0.0004579 0.0003052 0.0003052 0.0007124 0.0002544 0.0005597 0.0006615 0.0006106 0.0003052 0.0003561 0.0004579 0.0008142 0.0005597 0.0006106 0.0007633 0.0005088 0.0003561 0.0006106 0.0009161 0.0010689 0.0012231 0.0009670 0.0009670 0.0005597 0.0004579 0.0006106 0.0006106 0.0003561 0.0004070 0.0005088 0.0005088 0.0011731 0.0007633 0.0010199 0.0009688 0.0009178 0.0008667 0.0007124 0.0011216 0.0009174 0.0009688 0.0007124 0.0014801 0.0014801 0.0012754 0.0014289 0.0013776 0.0014798 0.0375280 0.0379432 0.0354938 0.0331552 
EBOV_H.sap-wt_SLE_14_Makona-Kenema-G4702_1_KR105265        1.8347826 1.8447217 1.8370711 1.9692416 1.9693810 1.3507920 1.3106523 0.0323623 0.0323063 0.0326466 0.0327693 0.0027094 0.0021447 0.0017350 0.0018887 0.0018887 0.0006615 0.0003052 0.0002544 0.0009681 0.0008652 0.0004579 0.0006615 0.0004070 0.0004070 0.0004070 0.0004579 0.0004070 0.0002035 0.0002035 0.0001017 0.0001526 0.0000000 0.0001017 0.0001017 0.0002544 0.0001526 0.0001526 0.0009670 0.0003561 0.0003561 0.0003052 0.0001526 0.0001526 0.0005597 0.0001017 0.0004070 0.0005088 0.0004579 0.0001526 0.0002035 0.0003052 0.0006615 0.0004070 0.0004579 0.0006106 0.0003561 0.0002035 0.0004579 0.0007633 0.0009161 0.0010699 0.0008142 0.0008142 0.0004070 0.0003052 0.0004579 0.0004579 0.0002035 0.0002544 0.0003561 0.0003561 0.0010197 0.0006106 0.0008666 0.0008156 0.0007646 0.0007136 0.0005597 0.0009684 0.0007633 0.0008156 0.0005597 0.0013266 0.0013266 0.0011220 0.0012754 0.0012241 0.0013263 0.0373549 0.0377698 0.0353218 0.0329846 
EBOV_H.sap-wt_SLE_14_Makona-Kenema-G4350_1_KR105242        1.8358680 1.8458137 1.8381586 1.9677969 1.9679365 1.3513367 1.3111709 0.0324747 0.0324187 0.0327591 0.0328819 0.0028121 0.0022472 0.0018373 0.0019911 0.0019911 0.0007645 0.0004070 0.0003561 0.0010702 0.0009681 0.0005597 0.0007633 0.0005088 0.0005088 0.0005088 0.0005597 0.0005088 0.0003052 0.0003052 0.0002035 0.0002544 0.0001017 0.0000000 0.0000010 0.0001526 0.0002544 0.0002544 0.0010700 0.0004579 0.0004579 0.0004070 0.0002544 0.0002544 0.0006615 0.0002035 0.0005088 0.0006106 0.0005597 0.0002544 0.0003052 0.0004070 0.0007633 0.0005088 0.0005597 0.0007124 0.0004579 0.0003052 0.0005597 0.0008652 0.0010179 0.0011720 0.0009161 0.0009161 0.0005088 0.0004070 0.0005597 0.0005597 0.0003052 0.0003561 0.0004579 0.0004579 0.0011219 0.0007124 0.0009687 0.0009177 0.0008667 0.0008156 0.0006615 0.0010705 0.0008663 0.0009177 0.0006615 0.0014289 0.0014289 0.0012242 0.0013777 0.0013264 0.0014286 0.0374689 0.0378839 0.0354351 0.0330971 
EBOV_H.sap-wt_SLE_14_Makona-Kenema-G4971_1_KR105284        1.8358680 1.8458137 1.8381586 1.9677969 1.9679365 1.3513367 1.3111709 0.0324747 0.0324187 0.0327591 0.0328819 0.0028121 0.0022472 0.0018373 0.0019911 0.0019911 0.0007645 0.0004070 0.0003561 0.0010702 0.0009681 0.0005597 0.0007633 0.0005088 0.0005088 0.0005088 0.0005597 0.0005088 0.0003052 0.0003052 0.0002035 0.0002544 0.0001017 0.0000010 0.0000000 0.0001526 0.0002544 0.0002544 0.0010700 0.0004579 0.0004579 0.0004070 0.0002544 0.0002544 0.0006615 0.0002035 0.0005088 0.0006106 0.0005597 0.0002544 0.0003052 0.0004070 0.0007633 0.0005088 0.0005597 0.0007124 0.0004579 0.0003052 0.0005597 0.0008652 0.0010179 0.0011720 0.0009161 0.0009161 0.0005088 0.0004070 0.0005597 0.0005597 0.0003052 0.0003561 0.0004579 0.0004579 0.0011219 0.0007124 0.0009687 0.0009177 0.0008667 0.0008156 0.0006615 0.0010705 0.0008663 0.0009177 0.0006615 0.0014289 0.0014289 0.0012242 0.0013777 0.0013264 0.0014286 0.0374689 0.0378839 0.0354351 0.0330971 
EBOV_H.sap-wt_SLE_14_Makona-Kenema-G4856_1_KR105273        1.8354481 1.8453926 1.8377382 1.9677341 1.9678736 1.3511990 1.3113828 0.0326415 0.0325855 0.0329261 0.0330490 0.0029660 0.0024009 0.0019908 0.0021447 0.0021446 0.0009176 0.0005597 0.0005088 0.0012233 0.0011212 0.0007124 0.0009161 0.0006615 0.0006615 0.0006615 0.0007124 0.0006615 0.0004579 0.0004579 0.0003561 0.0004070 0.0002544 0.0001526 0.0001526 0.0000000 0.0004070 0.0004070 0.0012231 0.0006106 0.0006106 0.0005597 0.0004070 0.0004070 0.0008142 0.0003561 0.0006615 0.0007633 0.0007124 0.0004070 0.0004579 0.0005597 0.0009161 0.0006615 0.0007124 0.0008652 0.0006106 0.0004579 0.0007124 0.0010179 0.0011718 0.0013251 0.0010689 0.0010689 0.0006615 0.0005597 0.0007124 0.0007124 0.0004579 0.0005088 0.0006106 0.0006106 0.0012751 0.0008662 0.0011219 0.0010709 0.0010198 0.0009687 0.0008152 0.0012236 0.0010193 0.0010709 0.0008142 0.0015823 0.0015823 0.0013775 0.0015310 0.0014797 0.0015819 0.0376377 0.0380530 0.0356031 0.0332639 
EBOV_H.sap-wt_SLE_14_Makona-Bonthe-G5723_1_KR105319        1.8332950 1.8432224 1.8355801 1.9690460 1.9691854 1.3500036 1.3095551 0.0322986 0.0322427 0.0325829 0.0327055 0.0026574 0.0020930 0.0016834 0.0018371 0.0018371 0.0006106 0.0002544 0.0002035 0.0009161 0.0008142 0.0004070 0.0006106 0.0003561 0.0003561 0.0003561 0.0004070 0.0003561 0.0001526 0.0001526 0.0000509 0.0003052 0.0001526 0.0002544 0.0002544 0.0004070 0.0000000 0.0000010 0.0008142 0.0002035 0.0002035 0.0001526 0.0001017 0.0001017 0.0005088 0.0000509 0.0003561 0.0004579 0.0004070 0.0001017 0.0001526 0.0002544 0.0006106 0.0003561 0.0004070 0.0005597 0.0003052 0.0001526 0.0004070 0.0007124 0.0008652 0.0010179 0.0007633 0.0007633 0.0003561 0.0002544 0.0004070 0.0004070 0.0001526 0.0002035 0.0003052 0.0003052 0.0009685 0.0005597 0.0008154 0.0007644 0.0007124 0.0006615 0.0005088 0.0009171 0.0007124 0.0007644 0.0005088 0.0012752 0.0012752 0.0010707 0.0012240 0.0011728 0.0012749 0.0372893 0.0377040 0.0352570 0.0329208 
EBOV_H.sap-wt_SLE_14_Makona-J0042_KP759711                 1.8332950 1.8432224 1.8355801 1.9690460 1.9691854 1.3500036 1.3095551 0.0322986 0.0322427 0.0325829 0.0327055 0.0026574 0.0020930 0.0016834 0.0018371 0.0018371 0.0006106 0.0002544 0.0002035 0.0009161 0.0008142 0.0004070 0.0006106 0.0003561 0.0003561 0.0003561 0.0004070 0.0003561 0.0001526 0.0001526 0.0000509 0.0003052 0.0001526 0.0002544 0.0002544 0.0004070 0.0000010 0.0000000 0.0008142 0.0002035 0.0002035 0.0001526 0.0001017 0.0001017 0.0005088 0.0000509 0.0003561 0.0004579 0.0004070 0.0001017 0.0001526 0.0002544 0.0006106 0.0003561 0.0004070 0.0005597 0.0003052 0.0001526 0.0004070 0.0007124 0.0008652 0.0010179 0.0007633 0.0007633 0.0003561 0.0002544 0.0004070 0.0004070 0.0001526 0.0002035 0.0003052 0.0003052 0.0009685 0.0005597 0.0008154 0.0007644 0.0007124 0.0006615 0.0005088 0.0009171 0.0007124 0.0007644 0.0005088 0.0012752 0.0012752 0.0010707 0.0012240 0.0011728 0.0012749 0.0372893 0.0377040 0.0352570 0.0329208 
EBOV_H.sap-wt_SLE_14_Makona-J0150_KP759696                 1.8334972 1.8434262 1.8359260 1.9692042 1.9693436 1.3512858 1.3104399 0.0330853 0.0330293 0.0333703 0.0334934 0.0034794 0.0029134 0.0025027 0.0026568 0.0026568 0.0014282 0.0010703 0.0010179 0.0017340 0.0016318 0.0012230 0.0014272 0.0011719 0.0011719 0.0011718 0.0012230 0.0011720 0.0009670 0.0009670 0.0008652 0.0011212 0.0009670 0.0010700 0.0010700 0.0012231 0.0008142 0.0008142 0.0000000 0.0010179 0.0010179 0.0009670 0.0009161 0.0009161 0.0013249 0.0008652 0.0011722 0.0012742 0.0012230 0.0009161 0.0009670 0.0010689 0.0014274 0.0011718 0.0012230 0.0013760 0.0011211 0.0009670 0.0012232 0.0015293 0.0016822 0.0018359 0.0015801 0.0015801 0.0011718 0.0010689 0.0012228 0.0012227 0.0009670 0.0010179 0.0011209 0.0011213 0.0017862 0.0013766 0.0016328 0.0015817 0.0015306 0.0014795 0.0013255 0.0017345 0.0015299 0.0015817 0.0013255 0.0020939 0.0020939 0.0018888 0.0020425 0.0019911 0.0020935 0.0380866 0.0385025 0.0360498 0.0337078 
EBOV_H.sap-wt_SLE_14_Makona-J0171_KP759707                 1.8327610 1.8426836 1.8350448 1.9701355 1.9702749 1.3509089 1.3090973 0.0325214 0.0324654 0.0328058 0.0329286 0.0028626 0.0022978 0.0018880 0.0020417 0.0020417 0.0008153 0.0004579 0.0004070 0.0011209 0.0010179 0.0006106 0.0008142 0.0005597 0.0005597 0.0005597 0.0006106 0.0005597 0.0003561 0.0003561 0.0002544 0.0005088 0.0003561 0.0004579 0.0004579 0.0006106 0.0002035 0.0002035 0.0010179 0.0000000 0.0000010 0.0003561 0.0003052 0.0003052 0.0007124 0.0002544 0.0005597 0.0006615 0.0006106 0.0003052 0.0003561 0.0004579 0.0008142 0.0005597 0.0006106 0.0007633 0.0005088 0.0003561 0.0006106 0.0009161 0.0010689 0.0012227 0.0009670 0.0009670 0.0005597 0.0004579 0.0006106 0.0006106 0.0003561 0.0004070 0.0005088 0.0005088 0.0011727 0.0007633 0.0010195 0.0009685 0.0009175 0.0008664 0.0007124 0.0011212 0.0009161 0.0009685 0.0007124 0.0014796 0.0014796 0.0012750 0.0014284 0.0013771 0.0014793 0.0375148 0.0379298 0.0354814 0.0331436 
