94
RESTV_S.dom-xx_PHL_08_Reston08-C_FJ621584                  0.0000000 0.0341746 0.0502838 1.8142930 1.8273452 1.6141650 1.6133425 1.6149831 1.6149966 1.6121789 1.6176925 1.6166898 1.6133527 1.6131878 1.6142105 1.6142105 1.6135102 1.6124206 1.6149710 1.6145403 1.6152881 1.6160680 1.6163101 1.6149405 1.6144557 1.6144557 1.6140930 1.6139490 1.6156888 1.6148422 1.6151285 1.6145839 1.6129298 1.6126283 1.6126728 1.6126728 1.6128638 1.6136452 1.6138387 1.6129135 1.6149985 1.6149985 1.6150648 1.6156784 1.6156874 1.6139325 1.6135215 1.6146931 1.6143730 1.6146779 1.6141582 1.6130523 1.6121261 1.6142767 1.6126083 1.6126083 1.6117114 1.6129597 1.6156410 1.6131435 1.6125421 1.6128174 1.6143115 1.6141130 1.6146750 1.6146841 1.6147269 1.6145825 1.6133610 1.6136881 1.6139999 1.6140595 1.6140595 1.6140261 1.6143016 1.6143016 1.6135013 1.6140005 1.6140005 1.6130928 1.6139318 1.6137877 1.6137433 1.6137433 1.6063121 1.6054429 1.6052297 1.6054762 1.6055132 1.6152196 1.6138749 1.6164430 1.9596824 1.9686713 
RESTV_M.fas-tc_USA_89_Philippines89-Pennsylvania_NC_004161 0.0341746 0.0000000 0.0244813 1.8115934 1.8269656 1.6055105 1.6046051 1.6060835 1.6065365 1.6025976 1.6090174 1.6080205 1.6039549 1.6042980 1.6055543 1.6055543 1.6048562 1.6037704 1.6065058 1.6058781 1.6066226 1.6067913 1.6070328 1.6062809 1.6057999 1.6057999 1.6054382 1.6052950 1.6072911 1.6065742 1.6064659 1.6059274 1.6041582 1.6039819 1.6040265 1.6040265 1.6040402 1.6049910 1.6051798 1.6042640 1.6057263 1.6057263 1.6062798 1.6068914 1.6070205 1.6049389 1.6053641 1.6054202 1.6058889 1.6058190 1.6053034 1.6044030 1.6034822 1.6061143 1.6039601 1.6039601 1.6030698 1.6043082 1.6069766 1.6044932 1.6038936 1.6041681 1.6056556 1.6054555 1.6054028 1.6060246 1.6060670 1.6059232 1.6047079 1.6050319 1.6053421 1.6054019 1.6054019 1.6053686 1.6056433 1.6056433 1.6048478 1.6053456 1.6053456 1.6044426 1.6052769 1.6051336 1.6050891 1.6050891 1.5906259 1.5902571 1.5900493 1.5902902 1.5928400 1.6038664 1.6000851 1.6027128 1.9461913 1.9482068 
RESTV_S.dom-tc_PHL_08_Reston08-A_FJ621583                  0.0502838 0.0244813 0.0000000 1.8274343 1.8429490 1.6144904 1.6135804 1.6147886 1.6156971 1.6115592 1.6180205 1.6170170 1.6131492 1.6137934 1.6147129 1.6147129 1.6140122 1.6129219 1.6158490 1.6148662 1.6157916 1.6157805 1.6160228 1.6152665 1.6146044 1.6146044 1.6145953 1.6142743 1.6164634 1.6157409 1.6152815 1.6147366 1.6129567 1.6127800 1.6128244 1.6128244 1.6131883 1.6145219 1.6143411 1.6134150 1.6148875 1.6148875 1.6154429 1.6160569 1.6161911 1.6140967 1.6145232 1.6145819 1.6147027 1.6149830 1.6144629 1.6135538 1.6126269 1.6152792 1.6131095 1.6131095 1.6120351 1.6134613 1.6161445 1.6130316 1.6130433 1.6133188 1.6148140 1.6146155 1.6145639 1.6151869 1.6152297 1.6150853 1.6140397 1.6141903 1.6145023 1.6145619 1.6145619 1.6145285 1.6148042 1.6148042 1.6140032 1.6145027 1.6145027 1.6135944 1.6144340 1.6142898 1.6142454 1.6142454 1.6010693 1.6008955 1.6004875 1.6007322 1.6056192 1.6149142 1.6105843 1.6132342 1.9451051 1.9657207 
SUDV_H.sap-xx_UGA_12_EboSud-603_KC545390                   1.8142930 1.8115934 1.8274343 0.0000000 0.0022975 1.6837859 1.6847827 1.6862332 1.6822344 1.6837280 1.6838454 1.6827049 1.6847133 1.6854703 1.6850723 1.6850723 1.6846197 1.6823664 1.6837546 1.6822348 1.6827106 1.6836578 1.6839065 1.6842999 1.6828378 1.6828378 1.6830004 1.6832128 1.6848092 1.6838968 1.6817252 1.6823231 1.6823524 1.6825575 1.6826011 1.6826011 1.6826128 1.6820053 1.6821625 1.6811166 1.6844063 1.6844063 1.6835067 1.6835067 1.6827274 1.6831539 1.6824314 1.6824060 1.6829308 1.6828614 1.6817551 1.6837976 1.6839765 1.6825841 1.6822688 1.6822688 1.6801100 1.6824624 1.6829911 1.6817101 1.6814556 1.6817387 1.6834088 1.6819437 1.6827472 1.6816804 1.6835822 1.6834661 1.6830645 1.6821388 1.6826126 1.6821833 1.6821833 1.6820319 1.6822269 1.6822269 1.6829620 1.6825761 1.6825761 1.6822269 1.6824753 1.6830736 1.6828249 1.6828249 1.6663599 1.6671491 1.6669141 1.6671834 1.6755883 1.6875237 1.6813188 1.6851082 1.9848855 1.9211562 
SUDV_H.sap-xx_UGA_12_EboSud-609_KC545391                   1.8273452 1.8269656 1.8429490 0.0022975 0.0000000 1.6973308 1.6983302 1.6998021 1.6957596 1.6972628 1.6973861 1.6962359 1.6982678 1.6990283 1.6986207 1.6986207 1.6981653 1.6958922 1.6972954 1.6957609 1.6962353 1.6971894 1.6974393 1.6978389 1.6963662 1.6963662 1.6965289 1.6967426 1.6983510 1.6974309 1.6952461 1.6958485 1.6958770 1.6960835 1.6961269 1.6961269 1.6961418 1.6955296 1.6956862 1.6946248 1.6979458 1.6979458 1.6970416 1.6970416 1.6962569 1.6966876 1.6959608 1.6959301 1.6964578 1.6963888 1.6952736 1.6973344 1.6975175 1.6961121 1.6957904 1.6957904 1.6936131 1.6959886 1.6965194 1.6952278 1.6949730 1.6952575 1.6969396 1.6954639 1.6962729 1.6951995 1.6971171 1.6970012 1.6965942 1.6956601 1.6961362 1.6957051 1.6957051 1.6955523 1.6957485 1.6957485 1.6964909 1.6961030 1.6961030 1.6957485 1.6960013 1.6966028 1.6963529 1.6963529 1.6805526 1.6813473 1.6811071 1.6813818 1.6903942 1.7024374 1.6961695 1.7000034 1.9870381 1.9328165 
EBOV_H.sap-wt_GIN_14_Makona-Gueckedou-EM_080076_KR817235   1.6141650 1.6055105 1.6144904 1.6837859 1.6973308 0.0000000 0.0013920 0.0024279 0.0021683 0.0012889 0.0017546 0.0016511 0.0021689 0.0020135 0.0018581 0.0018581 0.0019616 0.0020136 0.0019615 0.0020141 0.0020135 0.0013927 0.0014443 0.0013415 0.0012375 0.0012375 0.0011859 0.0010826 0.0020136 0.0019100 0.0019617 0.0018580 0.0017545 0.0017545 0.0017028 0.0017028 0.0019099 0.0018582 0.0018065 0.0018067 0.0018061 0.0018061 0.0017546 0.0018580 0.0018062 0.0017546 0.0018061 0.0019097 0.0019097 0.0018581 0.0017027 0.0017028 0.0016513 0.0017545 0.0018581 0.0018581 0.0018066 0.0016509 0.0016512 0.0017029 0.0016512 0.0015995 0.0015993 0.0016510 0.0017545 0.0015993 0.0015994 0.0015993 0.0015476 0.0015993 0.0015993 0.0015476 0.0015476 0.0015476 0.0014959 0.0014959 0.0014959 0.0014959 0.0014959 0.0014959 0.0014959 0.0014959 0.0014442 0.0014442 0.0314735 0.0309829 0.0309761 0.0308042 0.0311751 0.0333204 0.0338226 0.0347579 1.2513755 1.2123304 
EBOV_H.sap-wt_GIN_14_Makona-Gueckedou-EM_079702_KR817210   1.6133425 1.6046051 1.6135804 1.6847827 1.6983302 0.0013920 0.0000000 0.0023759 0.0021164 0.0012887 0.0017027 0.0015993 0.0021170 0.0019616 0.0018063 0.0018063 0.0019097 0.0019617 0.0019097 0.0018587 0.0019616 0.0013409 0.0013925 0.0012897 0.0011858 0.0011858 0.0011342 0.0010309 0.0019617 0.0018581 0.0019099 0.0018061 0.0017027 0.0017027 0.0016510 0.0016510 0.0018580 0.0018064 0.0017546 0.0017548 0.0017543 0.0017543 0.0017027 0.0018062 0.0017544 0.0017027 0.0017543 0.0018578 0.0018579 0.0018062 0.0016509 0.0016509 0.0015994 0.0017026 0.0018062 0.0018062 0.0017548 0.0015991 0.0015994 0.0016511 0.0015994 0.0015477 0.0015475 0.0015992 0.0017026 0.0015475 0.0015476 0.0015475 0.0014958 0.0015475 0.0015475 0.0014958 0.0014958 0.0014958 0.0014442 0.0014442 0.0014441 0.0014441 0.0014441 0.0014442 0.0014441 0.0014441 0.0013924 0.0013924 0.0313027 0.0308122 0.0308055 0.0306336 0.0310045 0.0331485 0.0336505 0.0345852 1.2524515 1.2140610 
EBOV_H.sap-wt_GIN_14_Makona-Kankan-EM_078639_KR817166      1.6149831 1.6060835 1.6147886 1.6862332 1.6998021 0.0024279 0.0023759 0.0000000 0.0017023 0.0020136 0.0020129 0.0019094 0.0007722 0.0007207 0.0007722 0.0007722 0.0008753 0.0015477 0.0014958 0.0015481 0.0014961 0.0016508 0.0017025 0.0015997 0.0014955 0.0014955 0.0012373 0.0013406 0.0015477 0.0014442 0.0014959 0.0013923 0.0012890 0.0012890 0.0012374 0.0012374 0.0011339 0.0013925 0.0013409 0.0013410 0.0013406 0.0013406 0.0012891 0.0013924 0.0013407 0.0012891 0.0013406 0.0014440 0.0014440 0.0013924 0.0012373 0.0012374 0.0011859 0.0012890 0.0013924 0.0013924 0.0013410 0.0011341 0.0011858 0.0012375 0.0011858 0.0011342 0.0011340 0.0011857 0.0012890 0.0011341 0.0011342 0.0011341 0.0010824 0.0011341 0.0011341 0.0010825 0.0010825 0.0010825 0.0010308 0.0010308 0.0010298 0.0010298 0.0010298 0.0010308 0.0010298 0.0010298 0.0009783 0.0009783 0.0317611 0.0312702 0.0312634 0.0310912 0.0313986 0.0335455 0.0341126 0.0349839 1.2548869 1.2157166 
EBOV_H.sap-wt_SLE_14_Makona-G4973_1_KR105286               1.6149966 1.6065365 1.6156971 1.6822344 1.6957596 0.0021683 0.0021164 0.0017023 0.0000000 0.0017544 0.0017538 0.0016504 0.0014439 0.0012889 0.0011339 0.0011339 0.0012371 0.0012889 0.0007207 0.0012893 0.0012889 0.0013920 0.0014437 0.0013409 0.0012360 0.0012360 0.0009783 0.0010814 0.0012889 0.0011856 0.0012372 0.0011329 0.0010298 0.0010298 0.0009783 0.0009783 0.0011855 0.0011340 0.0010814 0.0010825 0.0010814 0.0010814 0.0010298 0.0011329 0.0010814 0.0010298 0.0010814 0.0011845 0.0011845 0.0011329 0.0009783 0.0009783 0.0009268 0.0010298 0.0011329 0.0011329 0.0010824 0.0009268 0.0009268 0.0009783 0.0009268 0.0008753 0.0008753 0.0009268 0.0010299 0.0008753 0.0008753 0.0008753 0.0008238 0.0008753 0.0008753 0.0008238 0.0008238 0.0008238 0.0007722 0.0007722 0.0007722 0.0007722 0.0007722 0.0007722 0.0007722 0.0007722 0.0007207 0.0007207 0.0314104 0.0309199 0.0309132 0.0307413 0.0309369 0.0331922 0.0337586 0.0346286 1.2518684 1.2131536 
EBOV_H.sap-wt_GIN_14_Makona-Gueckedou-EM_079587_KR817202   1.6121789 1.6025976 1.6115592 1.6837280 1.6972628 0.0012889 0.0012887 0.0020136 0.0017544 0.0000000 0.0013410 0.0012377 0.0017549 0.0015997 0.0014445 0.0014445 0.0015478 0.0015997 0.0015478 0.0016001 0.0015996 0.0009795 0.0010311 0.0009282 0.0008238 0.0008238 0.0007722 0.0006692 0.0015997 0.0014962 0.0015479 0.0014443 0.0013410 0.0013410 0.0012893 0.0012893 0.0014961 0.0014445 0.0013928 0.0013930 0.0013926 0.0013926 0.0013410 0.0014444 0.0013927 0.0013410 0.0013926 0.0014960 0.0014960 0.0014444 0.0012892 0.0012893 0.0012378 0.0013410 0.0014444 0.0014444 0.0013930 0.0012375 0.0012377 0.0012894 0.0012377 0.0011861 0.0011859 0.0012376 0.0013409 0.0011860 0.0011861 0.0011860 0.0011343 0.0011860 0.0011859 0.0011343 0.0011343 0.0011343 0.0010827 0.0010827 0.0010827 0.0010827 0.0010827 0.0010827 0.0010827 0.0010826 0.0010310 0.0010310 0.0310245 0.0305341 0.0305275 0.0303558 0.0307266 0.0328689 0.0333707 0.0343046 1.2503673 1.2114813 
EBOV_H.sap-wt_GIN_14_Makona-Gueckedou-EM_079750_KR817213   1.6176925 1.6090174 1.6180205 1.6838454 1.6973861 0.0017546 0.0017027 0.0020129 0.0017538 0.0013410 0.0000000 0.0003088 0.0017542 0.0015991 0.0014439 0.0014439 0.0015473 0.0015992 0.0015472 0.0015995 0.0015991 0.0009783 0.0010298 0.0009279 0.0008238 0.0008238 0.0007722 0.0006692 0.0015991 0.0014957 0.0015474 0.0014438 0.0013405 0.0013405 0.0012889 0.0012889 0.0014956 0.0014440 0.0013923 0.0013925 0.0013921 0.0013921 0.0013406 0.0014439 0.0013922 0.0013405 0.0013921 0.0014955 0.0014955 0.0014439 0.0012888 0.0012888 0.0012374 0.0013405 0.0014439 0.0014439 0.0013925 0.0012371 0.0012373 0.0012890 0.0012373 0.0011857 0.0011855 0.0012372 0.0013405 0.0011855 0.0011856 0.0011856 0.0011329 0.0011855 0.0011855 0.0011339 0.0011339 0.0011339 0.0010814 0.0010814 0.0010814 0.0010814 0.0010814 0.0010814 0.0010814 0.0010814 0.0010298 0.0010298 0.0310246 0.0305343 0.0305276 0.0303559 0.0306634 0.0328049 0.0333708 0.0342400 1.2531660 1.2138915 
EBOV_H.sap-wt_GIN_14_Makona-Gueckedou-EM_079910_KR817221   1.6166898 1.6080205 1.6170170 1.6827049 1.6962359 0.0016511 0.0015993 0.0019094 0.0016504 0.0012377 0.0003088 0.0000000 0.0016508 0.0014957 0.0013406 0.0013406 0.0014439 0.0014958 0.0014439 0.0014961 0.0014957 0.0008753 0.0009268 0.0008238 0.0007207 0.0007207 0.0006692 0.0005662 0.0014958 0.0013923 0.0014440 0.0013405 0.0012372 0.0012372 0.0011856 0.0011856 0.0013923 0.0013407 0.0012890 0.0012892 0.0012888 0.0012888 0.0012373 0.0013406 0.0012889 0.0012373 0.0012888 0.0013921 0.0013922 0.0013406 0.0011855 0.0011856 0.0011341 0.0012372 0.0013406 0.0013406 0.0012891 0.0011329 0.0011340 0.0011857 0.0011340 0.0010824 0.0010814 0.0011339 0.0012372 0.0010814 0.0010824 0.0010814 0.0010298 0.0010814 0.0010814 0.0010298 0.0010298 0.0010298 0.0009783 0.0009783 0.0009783 0.0009783 0.0009783 0.0009783 0.0009783 0.0009783 0.0009268 0.0009268 0.0309121 0.0304218 0.0304152 0.0302435 0.0305510 0.0326917 0.0332575 0.0341264 1.2537832 1.2125163 
EBOV_H.sap-wt_GIN_14_Makona-Faranah-EM_078415_KR817160     1.6133527 1.6039549 1.6131492 1.6847133 1.6982678 0.0021689 0.0021170 0.0007722 0.0014439 0.0017549 0.0017542 0.0016508 0.0000000 0.0004632 0.0005147 0.0005147 0.0006177 0.0012893 0.0012375 0.0012896 0.0012377 0.0013924 0.0014441 0.0013413 0.0012373 0.0012373 0.0009783 0.0010824 0.0012893 0.0011859 0.0012376 0.0011341 0.0010309 0.0010309 0.0009783 0.0009783 0.0008753 0.0011343 0.0010826 0.0010828 0.0010824 0.0010824 0.0010309 0.0011342 0.0010825 0.0010309 0.0010824 0.0011857 0.0011858 0.0011342 0.0009783 0.0009783 0.0009268 0.0010309 0.0011342 0.0011342 0.0010827 0.0009268 0.0009268 0.0009793 0.0009268 0.0008753 0.0008753 0.0009268 0.0010299 0.0008753 0.0008753 0.0008753 0.0008238 0.0008753 0.0008753 0.0008238 0.0008238 0.0008238 0.0007722 0.0007722 0.0007722 0.0007722 0.0007722 0.0007722 0.0007722 0.0007722 0.0007207 0.0007207 0.0314796 0.0309889 0.0309821 0.0308101 0.0310052 0.0330850 0.0337159 0.0345861 1.2529525 1.2134803 
EBOV_H.sap-wt_GIN_14_Makona-Macenta-EM_076191_KR817141     1.6131878 1.6042980 1.6137934 1.6854703 1.6990283 0.0020135 0.0019616 0.0007207 0.0012889 0.0015997 0.0015991 0.0014957 0.0004632 0.0000000 0.0003603 0.0003603 0.0004632 0.0011343 0.0010825 0.0011346 0.0010828 0.0012374 0.0012891 0.0011862 0.0010824 0.0010824 0.0008238 0.0009268 0.0011343 0.0010310 0.0010826 0.0009783 0.0008753 0.0008753 0.0008238 0.0008238 0.0007207 0.0009794 0.0009268 0.0009279 0.0009268 0.0009268 0.0008753 0.0009783 0.0009268 0.0008753 0.0009268 0.0010299 0.0010299 0.0009793 0.0008238 0.0008238 0.0007722 0.0008753 0.0009783 0.0009783 0.0009279 0.0007722 0.0007722 0.0008238 0.0007722 0.0007207 0.0007207 0.0007722 0.0008753 0.0007207 0.0007207 0.0007207 0.0006692 0.0007207 0.0007207 0.0006692 0.0006692 0.0006692 0.0006177 0.0006177 0.0006177 0.0006177 0.0006177 0.0006177 0.0006177 0.0006177 0.0005662 0.0005662 0.0313100 0.0308194 0.0308127 0.0306408 0.0309483 0.0330920 0.0336584 0.0345285 1.2531494 1.2142994 
EBOV_H.sap-wt_GIN_14_Makona-Kissidougou-EM_078694_KR817171 1.6142105 1.6055543 1.6147129 1.6850723 1.6986207 0.0018581 0.0018063 0.0007722 0.0011339 0.0014445 0.0014439 0.0013406 0.0005147 0.0003603 0.0000000 0.0000010 0.0003088 0.0009794 0.0009268 0.0009796 0.0009278 0.0010824 0.0011340 0.0010312 0.0009268 0.0009268 0.0006692 0.0007722 0.0009794 0.0008753 0.0009268 0.0008238 0.0007207 0.0007207 0.0006692 0.0006692 0.0005662 0.0008238 0.0007722 0.0007722 0.0007722 0.0007722 0.0007207 0.0008238 0.0007722 0.0007207 0.0007722 0.0008753 0.0008753 0.0008238 0.0006692 0.0006692 0.0006177 0.0007207 0.0008238 0.0008238 0.0007722 0.0006177 0.0006177 0.0006692 0.0006177 0.0005662 0.0005662 0.0006177 0.0007208 0.0005662 0.0005662 0.0005662 0.0005147 0.0005662 0.0005662 0.0005147 0.0005147 0.0005147 0.0004632 0.0004632 0.0004632 0.0004632 0.0004632 0.0004632 0.0004632 0.0004632 0.0004118 0.0004118 0.0311385 0.0306481 0.0306414 0.0304696 0.0307771 0.0329194 0.0334855 0.0343550 1.2529488 1.2135144 
EBOV_H.sap-wt_GIN_14_Makona-Kissidougou-EM_078722_KR817175 1.6142105 1.6055543 1.6147129 1.6850723 1.6986207 0.0018581 0.0018063 0.0007722 0.0011339 0.0014445 0.0014439 0.0013406 0.0005147 0.0003603 0.0000010 0.0000000 0.0003088 0.0009794 0.0009268 0.0009796 0.0009278 0.0010824 0.0011340 0.0010312 0.0009268 0.0009268 0.0006692 0.0007722 0.0009794 0.0008753 0.0009268 0.0008238 0.0007207 0.0007207 0.0006692 0.0006692 0.0005662 0.0008238 0.0007722 0.0007722 0.0007722 0.0007722 0.0007207 0.0008238 0.0007722 0.0007207 0.0007722 0.0008753 0.0008753 0.0008238 0.0006692 0.0006692 0.0006177 0.0007207 0.0008238 0.0008238 0.0007722 0.0006177 0.0006177 0.0006692 0.0006177 0.0005662 0.0005662 0.0006177 0.0007208 0.0005662 0.0005662 0.0005662 0.0005147 0.0005662 0.0005662 0.0005147 0.0005147 0.0005147 0.0004632 0.0004632 0.0004632 0.0004632 0.0004632 0.0004632 0.0004632 0.0004632 0.0004118 0.0004118 0.0311385 0.0306481 0.0306414 0.0304696 0.0307771 0.0329194 0.0334855 0.0343550 1.2529488 1.2135144 
EBOV_H.sap-wt_GIN_14_Makona-Beyla-EM_075931_KR817138       1.6135102 1.6048562 1.6140122 1.6846197 1.6981653 0.0019616 0.0019097 0.0008753 0.0012371 0.0015478 0.0015473 0.0014439 0.0006177 0.0004632 0.0003088 0.0003088 0.0000000 0.0010826 0.0010298 0.0010829 0.0010310 0.0011857 0.0012373 0.0011345 0.0010298 0.0010298 0.0007722 0.0008753 0.0010826 0.0009783 0.0010309 0.0009268 0.0008238 0.0008238 0.0007722 0.0007722 0.0006692 0.0009268 0.0008753 0.0008753 0.0008753 0.0008753 0.0008238 0.0009268 0.0008753 0.0008238 0.0008753 0.0009784 0.0009784 0.0009268 0.0007722 0.0007722 0.0007207 0.0008238 0.0009268 0.0009268 0.0008753 0.0007207 0.0007207 0.0007722 0.0007207 0.0006692 0.0006692 0.0007207 0.0008238 0.0006692 0.0006692 0.0006692 0.0006177 0.0006692 0.0006692 0.0006177 0.0006177 0.0006177 0.0005662 0.0005662 0.0005662 0.0005662 0.0005662 0.0005662 0.0005662 0.0005662 0.0005147 0.0005147 0.0312504 0.0307599 0.0307532 0.0305814 0.0308888 0.0330319 0.0335981 0.0344679 1.2523694 1.2131035 
EBOV_H.sap-wt_GIN_14_Makona-Gueckedou-EM_076138_KR817140   1.6124206 1.6037704 1.6129219 1.6823664 1.6958922 0.0020136 0.0019617 0.0015477 0.0012889 0.0015997 0.0015992 0.0014958 0.0012893 0.0011343 0.0009794 0.0009794 0.0010826 0.0000000 0.0010826 0.0011346 0.0011343 0.0012375 0.0012891 0.0011863 0.0010824 0.0010824 0.0008238 0.0009268 0.0011344 0.0010310 0.0010827 0.0009783 0.0008753 0.0008753 0.0008238 0.0008238 0.0010310 0.0009794 0.0009278 0.0009279 0.0009268 0.0009268 0.0008753 0.0009793 0.0009268 0.0008753 0.0009268 0.0010299 0.0010309 0.0009793 0.0008238 0.0008238 0.0007722 0.0008753 0.0009793 0.0009793 0.0009279 0.0007722 0.0007722 0.0008238 0.0007722 0.0007207 0.0007207 0.0007722 0.0008753 0.0007207 0.0007207 0.0007207 0.0006692 0.0007207 0.0007207 0.0006692 0.0006692 0.0006692 0.0006177 0.0006177 0.0006177 0.0006177 0.0006177 0.0006177 0.0006177 0.0006177 0.0005662 0.0005662 0.0313630 0.0308724 0.0308657 0.0306938 0.0310012 0.0331450 0.0337115 0.0345816 1.2522425 1.2120249 
EBOV_H.sap-wt_SLE_14_Makona-Kailahun-20140517_KR653263     1.6149710 1.6065058 1.6158490 1.6837546 1.6972954 0.0019615 0.0019097 0.0014958 0.0007207 0.0015478 0.0015472 0.0014439 0.0012375 0.0010825 0.0009268 0.0009268 0.0010298 0.0010826 0.0000000 0.0010828 0.0010825 0.0011856 0.0012373 0.0011344 0.0010298 0.0010298 0.0007722 0.0008753 0.0010826 0.0009783 0.0010309 0.0009268 0.0008238 0.0008238 0.0007722 0.0007722 0.0009783 0.0009268 0.0008753 0.0008753 0.0008753 0.0008753 0.0008238 0.0009268 0.0008753 0.0008238 0.0008753 0.0009784 0.0009784 0.0009268 0.0007722 0.0007722 0.0007207 0.0008238 0.0009268 0.0009268 0.0008753 0.0007207 0.0007207 0.0007722 0.0007207 0.0006692 0.0006692 0.0007207 0.0008238 0.0006692 0.0006692 0.0006692 0.0005147 0.0006692 0.0006692 0.0006177 0.0006177 0.0006177 0.0005662 0.0005662 0.0005662 0.0005662 0.0005662 0.0005662 0.0005662 0.0005662 0.0005147 0.0005147 0.0310782 0.0305879 0.0305812 0.0304095 0.0307169 0.0328585 0.0334245 0.0342938 1.2528916 1.2141250 
EBOV_H.sap-wt_SLE_14_Makona-Koinadugu-20143659_KR653256    1.6145403 1.6058781 1.6148662 1.6822348 1.6957609 0.0020141 0.0018587 0.0015481 0.0012893 0.0016001 0.0015995 0.0014961 0.0012896 0.0011346 0.0009796 0.0009796 0.0010829 0.0011346 0.0010828 0.0000000 0.0010313 0.0012378 0.0012894 0.0011866 0.0010827 0.0010827 0.0008238 0.0009278 0.0010313 0.0009280 0.0010829 0.0009795 0.0008763 0.0008763 0.0008238 0.0008238 0.0010312 0.0009797 0.0009280 0.0009281 0.0009279 0.0009279 0.0008763 0.0009796 0.0008238 0.0008763 0.0009279 0.0008238 0.0008238 0.0008763 0.0007207 0.0008238 0.0007722 0.0006692 0.0009796 0.0009796 0.0009281 0.0007722 0.0007722 0.0008248 0.0007722 0.0007207 0.0007207 0.0006692 0.0006693 0.0006177 0.0007207 0.0007207 0.0006692 0.0006177 0.0005147 0.0005662 0.0005662 0.0005662 0.0005147 0.0005147 0.0006177 0.0006177 0.0006177 0.0006177 0.0006177 0.0006177 0.0005662 0.0005662 0.0313710 0.0308803 0.0308736 0.0307016 0.0310091 0.0331535 0.0336038 0.0344737 1.2538140 1.2146989 
EBOV_H.sap-wt_SLE_14_Makona-G4994_1_KR105289               1.6152881 1.6066226 1.6157916 1.6827106 1.6962353 0.0020135 0.0019616 0.0014961 0.0012889 0.0015996 0.0015991 0.0014957 0.0012377 0.0010828 0.0009278 0.0009278 0.0010310 0.0011343 0.0010825 0.0010313 0.0000000 0.0012374 0.0012890 0.0011862 0.0010824 0.0010824 0.0008238 0.0009268 0.0010310 0.0009268 0.0010826 0.0009783 0.0008753 0.0008753 0.0008238 0.0008238 0.0010309 0.0009794 0.0009268 0.0009279 0.0009268 0.0009268 0.0008753 0.0009783 0.0008238 0.0008753 0.0009268 0.0009268 0.0009268 0.0008753 0.0007207 0.0008238 0.0007722 0.0007722 0.0009783 0.0009783 0.0009278 0.0007722 0.0007722 0.0008238 0.0007722 0.0007207 0.0007207 0.0006692 0.0007723 0.0006177 0.0007207 0.0007207 0.0006692 0.0006177 0.0006177 0.0005662 0.0005662 0.0005662 0.0005147 0.0005147 0.0006177 0.0006177 0.0006177 0.0006177 0.0006177 0.0006177 0.0005662 0.0005662 0.0311381 0.0306476 0.0306410 0.0304692 0.0308300 0.0330320 0.0335453 0.0344151 1.2529437 1.2129515 
EBOV_H.sap-tc_GIN_14_Makona-Gueckedou-C05_KP096420         1.6160680 1.6067913 1.6157805 1.6836578 1.6971894 0.0013927 0.0013409 0.0016508 0.0013920 0.0009795 0.0009783 0.0008753 0.0013924 0.0012374 0.0010824 0.0010824 0.0011857 0.0012375 0.0011856 0.0012378 0.0012374 0.0000000 0.0000515 0.0005662 0.0004632 0.0004632 0.0004118 0.0003088 0.0012375 0.0011341 0.0011858 0.0010814 0.0009783 0.0009783 0.0009268 0.0009268 0.0011341 0.0010825 0.0010309 0.0010310 0.0010298 0.0010298 0.0009783 0.0010824 0.0010298 0.0009783 0.0010298 0.0011340 0.0011340 0.0010824 0.0009268 0.0009268 0.0008753 0.0009783 0.0010824 0.0010824 0.0010310 0.0008753 0.0008753 0.0009268 0.0008753 0.0008238 0.0008238 0.0008753 0.0009784 0.0008238 0.0008238 0.0008238 0.0007722 0.0008238 0.0008238 0.0007722 0.0007722 0.0007722 0.0007207 0.0007207 0.0007207 0.0007207 0.0007207 0.0007207 0.0007207 0.0007207 0.0006692 0.0006692 0.0305126 0.0300815 0.0300750 0.0299035 0.0302110 0.0322362 0.0329143 0.0337822 1.2529284 1.2116485 
EBOV_H.sap-wt_GIN_14_Makona-Kissidougou-C15_KT013254       1.6163101 1.6070328 1.6160228 1.6839065 1.6974393 0.0014443 0.0013925 0.0017025 0.0014437 0.0010311 0.0010298 0.0009268 0.0014441 0.0012891 0.0011340 0.0011340 0.0012373 0.0012891 0.0012373 0.0012894 0.0012890 0.0000515 0.0000000 0.0006177 0.0005147 0.0005147 0.0004632 0.0003603 0.0012891 0.0011857 0.0012374 0.0011339 0.0010298 0.0010298 0.0009783 0.0009783 0.0011857 0.0011341 0.0010825 0.0010826 0.0010814 0.0010814 0.0010298 0.0011340 0.0010814 0.0010298 0.0010814 0.0011856 0.0011856 0.0011340 0.0009783 0.0009783 0.0009268 0.0010298 0.0011340 0.0011340 0.0010826 0.0009268 0.0009268 0.0009783 0.0009268 0.0008753 0.0008753 0.0009268 0.0010299 0.0008753 0.0008753 0.0008753 0.0008238 0.0008753 0.0008753 0.0008238 0.0008238 0.0008238 0.0007722 0.0007722 0.0007722 0.0007722 0.0007722 0.0007722 0.0007722 0.0007722 0.0007207 0.0007207 0.0305682 0.0301371 0.0301305 0.0299590 0.0302666 0.0322921 0.0329702 0.0338383 1.2531316 1.2114335 
EBOV_H.sap-wt_GIN_14_Makona-Macenta-EM_079424_KR817189     1.6149405 1.6062809 1.6152665 1.6842999 1.6978389 0.0013415 0.0012897 0.0015997 0.0013409 0.0009282 0.0009279 0.0008238 0.0013413 0.0011862 0.0010312 0.0010312 0.0011345 0.0011863 0.0011344 0.0011866 0.0011862 0.0005662 0.0006177 0.0000000 0.0004118 0.0004118 0.0003603 0.0002573 0.0011863 0.0010829 0.0011346 0.0010311 0.0009279 0.0009279 0.0008763 0.0008763 0.0010828 0.0010313 0.0009796 0.0009797 0.0009795 0.0009795 0.0009279 0.0010312 0.0009795 0.0009279 0.0009794 0.0010827 0.0010828 0.0010312 0.0008753 0.0008753 0.0008248 0.0009279 0.0010312 0.0010312 0.0009797 0.0008238 0.0008238 0.0008763 0.0008238 0.0007722 0.0007722 0.0008238 0.0009279 0.0007722 0.0007722 0.0007722 0.0007207 0.0007722 0.0007722 0.0007207 0.0007207 0.0007207 0.0006692 0.0006692 0.0006692 0.0006692 0.0006692 0.0006692 0.0006692 0.0006692 0.0006177 0.0006177 0.0306387 0.0301485 0.0301419 0.0299704 0.0302780 0.0324172 0.0329827 0.0338510 1.2524483 1.2127009 
EBOV_H.sap-tc_GIN_14_Makona-Gueckedou-C07_KP096421         1.6144557 1.6057999 1.6146044 1.6828378 1.6963662 0.0012375 0.0011858 0.0014955 0.0012360 0.0008238 0.0008238 0.0007207 0.0012373 0.0010824 0.0009268 0.0009268 0.0010298 0.0010824 0.0010298 0.0010827 0.0010824 0.0004632 0.0005147 0.0004118 0.0000000 0.0000010 0.0002573 0.0001544 0.0010824 0.0009783 0.0010298 0.0009268 0.0008238 0.0008238 0.0007722 0.0007722 0.0009783 0.0009268 0.0008753 0.0008753 0.0008753 0.0008753 0.0008238 0.0009268 0.0008753 0.0008238 0.0008753 0.0009784 0.0009784 0.0009268 0.0007722 0.0007722 0.0007207 0.0008238 0.0009268 0.0009268 0.0008753 0.0007207 0.0007207 0.0007722 0.0007207 0.0006692 0.0006692 0.0007207 0.0008238 0.0006692 0.0006692 0.0006692 0.0006177 0.0006692 0.0006692 0.0006177 0.0006177 0.0006177 0.0005662 0.0005662 0.0005662 0.0005662 0.0005662 0.0005662 0.0005662 0.0005662 0.0005147 0.0005147 0.0305109 0.0300210 0.0300145 0.0298431 0.0301506 0.0322879 0.0328529 0.0337205 1.2515849 1.2125538 
EBOV_H.sap-wt_GIN_14_Makona-Gueckedou-C07_KT013256         1.6144557 1.6057999 1.6146044 1.6828378 1.6963662 0.0012375 0.0011858 0.0014955 0.0012360 0.0008238 0.0008238 0.0007207 0.0012373 0.0010824 0.0009268 0.0009268 0.0010298 0.0010824 0.0010298 0.0010827 0.0010824 0.0004632 0.0005147 0.0004118 0.0000010 0.0000000 0.0002573 0.0001544 0.0010824 0.0009783 0.0010298 0.0009268 0.0008238 0.0008238 0.0007722 0.0007722 0.0009783 0.0009268 0.0008753 0.0008753 0.0008753 0.0008753 0.0008238 0.0009268 0.0008753 0.0008238 0.0008753 0.0009784 0.0009784 0.0009268 0.0007722 0.0007722 0.0007207 0.0008238 0.0009268 0.0009268 0.0008753 0.0007207 0.0007207 0.0007722 0.0007207 0.0006692 0.0006692 0.0007207 0.0008238 0.0006692 0.0006692 0.0006692 0.0006177 0.0006692 0.0006692 0.0006177 0.0006177 0.0006177 0.0005662 0.0005662 0.0005662 0.0005662 0.0005662 0.0005662 0.0005662 0.0005662 0.0005147 0.0005147 0.0305109 0.0300210 0.0300145 0.0298431 0.0301506 0.0322879 0.0328529 0.0337205 1.2515849 1.2125538 
EBOV_H.sap-wt_SLE_14_Makona-G3676.1_KM034554               1.6140930 1.6054382 1.6145953 1.6830004 1.6965289 0.0011859 0.0011342 0.0012373 0.0009783 0.0007722 0.0007722 0.0006692 0.0009783 0.0008238 0.0006692 0.0006692 0.0007722 0.0008238 0.0007722 0.0008238 0.0008238 0.0004118 0.0004632 0.0003603 0.0002573 0.0002573 0.0000000 0.0001029 0.0008238 0.0007207 0.0007722 0.0006692 0.0005662 0.0005662 0.0005147 0.0005147 0.0007207 0.0006692 0.0006177 0.0006177 0.0006177 0.0006177 0.0005662 0.0006692 0.0006177 0.0005662 0.0006177 0.0007208 0.0007208 0.0006692 0.0005147 0.0005147 0.0004632 0.0005662 0.0006692 0.0006692 0.0006177 0.0004632 0.0004632 0.0005147 0.0004632 0.0004118 0.0004118 0.0004632 0.0005663 0.0004118 0.0004118 0.0004118 0.0003603 0.0004118 0.0004118 0.0003603 0.0003603 0.0003603 0.0003088 0.0003088 0.0003088 0.0003088 0.0003088 0.0003088 0.0003088 0.0003088 0.0002573 0.0002573 0.0304551 0.0299653 0.0299588 0.0297874 0.0300949 0.0322318 0.0327968 0.0336643 1.2518133 1.2121030 
EBOV_H.sap-wt_GIN_14_Makona-Macenta-EM_079422_KR817187     1.6139490 1.6052950 1.6142743 1.6832128 1.6967426 0.0010826 0.0010309 0.0013406 0.0010814 0.0006692 0.0006692 0.0005662 0.0010824 0.0009268 0.0007722 0.0007722 0.0008753 0.0009268 0.0008753 0.0009278 0.0009268 0.0003088 0.0003603 0.0002573 0.0001544 0.0001544 0.0001029 0.0000000 0.0009268 0.0008238 0.0008753 0.0007722 0.0006692 0.0006692 0.0006177 0.0006177 0.0008238 0.0007722 0.0007207 0.0007207 0.0007207 0.0007207 0.0006692 0.0007722 0.0007207 0.0006692 0.0007207 0.0008238 0.0008238 0.0007722 0.0006177 0.0006177 0.0005662 0.0006692 0.0007722 0.0007722 0.0007207 0.0005662 0.0005662 0.0006177 0.0005662 0.0005147 0.0005147 0.0005662 0.0006693 0.0005147 0.0005147 0.0005147 0.0004632 0.0005147 0.0005147 0.0004632 0.0004632 0.0004632 0.0004118 0.0004118 0.0004118 0.0004118 0.0004118 0.0004118 0.0004118 0.0004118 0.0003603 0.0003603 0.0303431 0.0298534 0.0298469 0.0296755 0.0299831 0.0321193 0.0326841 0.0335512 1.2516303 1.2119249 
EBOV_H.sap-wt_SLE_14_Makona-J0117_KP759665                 1.6156888 1.6072911 1.6164634 1.6848092 1.6983510 0.0020136 0.0019617 0.0015477 0.0012889 0.0015997 0.0015991 0.0014958 0.0012893 0.0011343 0.0009794 0.0009794 0.0010826 0.0011344 0.0010826 0.0010313 0.0010310 0.0012375 0.0012891 0.0011863 0.0010824 0.0010824 0.0008238 0.0009268 0.0000000 0.0002059 0.0010827 0.0009783 0.0008753 0.0008753 0.0008238 0.0008238 0.0010310 0.0009794 0.0009278 0.0009279 0.0009268 0.0009268 0.0008753 0.0009793 0.0008238 0.0008753 0.0009268 0.0009268 0.0009268 0.0008753 0.0007207 0.0008238 0.0007722 0.0007722 0.0009793 0.0009793 0.0009279 0.0007722 0.0007722 0.0008238 0.0007722 0.0007207 0.0007207 0.0006692 0.0007723 0.0006177 0.0007207 0.0007207 0.0006692 0.0006177 0.0006177 0.0005662 0.0005662 0.0005662 0.0005147 0.0005147 0.0006177 0.0006177 0.0006177 0.0006177 0.0006177 0.0006177 0.0005662 0.0005662 0.0313640 0.0308734 0.0308666 0.0306947 0.0310022 0.0331461 0.0336596 0.0345297 1.2516160 1.2130277 
EBOV_H.sap-wt_SLE_14_Makona-Kenema-G5685_1_KR105317        1.6148422 1.6065742 1.6157409 1.6838968 1.6974309 0.0019100 0.0018581 0.0014442 0.0011856 0.0014962 0.0014957 0.0013923 0.0011859 0.0010310 0.0008753 0.0008753 0.0009783 0.0010310 0.0009783 0.0009280 0.0009268 0.0011341 0.0011857 0.0010829 0.0009783 0.0009783 0.0007207 0.0008238 0.0002059 0.0000000 0.0009794 0.0008753 0.0007722 0.0007722 0.0007207 0.0007207 0.0009268 0.0008753 0.0008238 0.0008238 0.0008238 0.0008238 0.0007722 0.0008753 0.0007207 0.0007722 0.0008238 0.0008238 0.0008238 0.0007722 0.0006177 0.0007207 0.0006692 0.0006692 0.0008753 0.0008753 0.0008238 0.0006692 0.0006692 0.0007207 0.0006692 0.0006177 0.0006177 0.0005662 0.0006693 0.0005147 0.0006177 0.0006177 0.0005662 0.0005147 0.0005147 0.0004632 0.0004632 0.0004632 0.0004118 0.0004118 0.0005147 0.0005147 0.0005147 0.0005147 0.0005147 0.0005147 0.0004632 0.0004632 0.0311377 0.0306473 0.0306406 0.0304688 0.0307763 0.0329186 0.0334317 0.0343012 1.2512285 1.2122844 
EBOV_H.sap-wt_SLE_14_Makona-Kenema-G5059_1_KR105296        1.6151285 1.6064659 1.6152815 1.6817252 1.6952461 0.0019617 0.0019099 0.0014959 0.0012372 0.0015479 0.0015474 0.0014440 0.0012376 0.0010826 0.0009268 0.0009268 0.0010309 0.0010827 0.0010309 0.0010829 0.0010826 0.0011858 0.0012374 0.0011346 0.0010298 0.0010298 0.0007722 0.0008753 0.0010827 0.0009794 0.0000000 0.0005147 0.0004118 0.0004118 0.0003603 0.0003603 0.0009793 0.0009268 0.0008753 0.0008753 0.0008753 0.0008753 0.0008238 0.0009268 0.0008753 0.0008238 0.0008753 0.0009784 0.0008753 0.0009268 0.0007722 0.0007722 0.0007207 0.0008238 0.0009268 0.0009268 0.0008753 0.0007207 0.0007207 0.0007722 0.0007207 0.0006692 0.0006692 0.0007207 0.0008238 0.0006692 0.0006692 0.0006692 0.0006177 0.0006692 0.0006692 0.0006177 0.0006177 0.0006177 0.0005662 0.0005662 0.0005662 0.0005662 0.0005662 0.0005662 0.0005662 0.0005662 0.0005147 0.0005147 0.0310819 0.0305915 0.0305849 0.0304131 0.0308329 0.0329756 0.0335418 0.0344115 1.2516271 1.2130254 
EBOV_H.sap-wt_SLE_14_Makona-Kenema-G4702_1_KR105265        1.6145839 1.6059274 1.6147366 1.6823231 1.6958485 0.0018580 0.0018061 0.0013923 0.0011329 0.0014443 0.0014438 0.0013405 0.0011341 0.0009783 0.0008238 0.0008238 0.0009268 0.0009783 0.0009268 0.0009795 0.0009783 0.0010814 0.0011339 0.0010311 0.0009268 0.0009268 0.0006692 0.0007722 0.0009783 0.0008753 0.0005147 0.0000000 0.0003088 0.0003088 0.0002573 0.0002573 0.0008753 0.0008238 0.0007722 0.0007722 0.0007722 0.0007722 0.0007207 0.0008238 0.0007722 0.0007207 0.0007722 0.0008753 0.0007723 0.0008238 0.0006692 0.0006692 0.0006177 0.0007207 0.0007207 0.0007207 0.0006692 0.0006177 0.0006177 0.0005662 0.0005147 0.0004632 0.0005662 0.0006177 0.0007208 0.0005662 0.0005662 0.0005662 0.0005147 0.0005662 0.0005662 0.0005147 0.0005147 0.0005147 0.0004632 0.0004632 0.0004632 0.0004632 0.0004632 0.0004632 0.0004632 0.0004632 0.0004118 0.0004118 0.0309644 0.0304742 0.0304676 0.0302959 0.0307156 0.0328571 0.0334231 0.0342923 1.2515342 1.2123262 
EBOV_H.sap-wt_SLE_14_Makona-Kenema-G4350_1_KR105242        1.6129298 1.6041582 1.6129567 1.6823524 1.6958770 0.0017545 0.0017027 0.0012890 0.0010298 0.0013410 0.0013405 0.0012372 0.0010309 0.0008753 0.0007207 0.0007207 0.0008238 0.0008753 0.0008238 0.0008763 0.0008753 0.0009783 0.0010298 0.0009279 0.0008238 0.0008238 0.0005662 0.0006692 0.0008753 0.0007722 0.0004118 0.0003088 0.0000000 0.0001029 0.0000515 0.0000515 0.0007722 0.0007207 0.0006692 0.0006692 0.0006692 0.0006692 0.0006177 0.0007207 0.0006692 0.0006177 0.0006692 0.0007723 0.0006693 0.0007207 0.0005662 0.0005662 0.0005147 0.0006177 0.0007207 0.0007207 0.0006692 0.0005147 0.0005147 0.0005662 0.0005147 0.0004632 0.0004632 0.0005147 0.0006178 0.0004632 0.0004632 0.0004632 0.0004118 0.0004632 0.0004632 0.0004118 0.0004118 0.0004118 0.0003603 0.0003603 0.0003603 0.0003603 0.0003603 0.0003603 0.0003603 0.0003603 0.0003088 0.0003088 0.0308523 0.0303621 0.0303555 0.0301839 0.0306036 0.0327444 0.0333102 0.0341791 1.2518517 1.2126795 
EBOV_H.sap-wt_SLE_14_Makona-Kenema-G4856_1_KR105273        1.6126283 1.6039819 1.6127800 1.6825575 1.6960835 0.0017545 0.0017027 0.0012890 0.0010298 0.0013410 0.0013405 0.0012372 0.0010309 0.0008753 0.0007207 0.0007207 0.0008238 0.0008753 0.0008238 0.0008763 0.0008753 0.0009783 0.0010298 0.0009279 0.0008238 0.0008238 0.0005662 0.0006692 0.0008753 0.0007722 0.0004118 0.0003088 0.0001029 0.0000000 0.0000515 0.0000515 0.0007722 0.0007207 0.0006692 0.0006692 0.0006692 0.0006692 0.0006177 0.0007207 0.0006692 0.0006177 0.0006692 0.0007723 0.0006693 0.0007207 0.0005662 0.0005662 0.0005147 0.0006177 0.0007207 0.0007207 0.0006692 0.0005147 0.0005147 0.0005662 0.0005147 0.0004632 0.0004632 0.0005147 0.0006178 0.0004632 0.0004632 0.0004632 0.0004118 0.0004632 0.0004632 0.0004118 0.0004118 0.0004118 0.0003603 0.0003603 0.0003603 0.0003603 0.0003603 0.0003603 0.0003603 0.0003603 0.0003088 0.0003088 0.0308523 0.0303621 0.0303555 0.0301839 0.0306036 0.0327444 0.0333102 0.0341791 1.2521593 1.2128264 
EBOV_H.sap-wt_SLE_14_Makona-Kenema-G4971_1_KR105284        1.6126728 1.6040265 1.6128244 1.6826011 1.6961269 0.0017028 0.0016510 0.0012374 0.0009783 0.0012893 0.0012889 0.0011856 0.0009783 0.0008238 0.0006692 0.0006692 0.0007722 0.0008238 0.0007722 0.0008238 0.0008238 0.0009268 0.0009783 0.0008763 0.0007722 0.0007722 0.0005147 0.0006177 0.0008238 0.0007207 0.0003603 0.0002573 0.0000515 0.0000515 0.0000000 0.0000010 0.0007207 0.0006692 0.0006177 0.0006177 0.0006177 0.0006177 0.0005662 0.0006692 0.0006177 0.0005662 0.0006177 0.0007208 0.0006178 0.0006692 0.0005147 0.0005147 0.0004632 0.0005662 0.0006692 0.0006692 0.0006177 0.0004632 0.0004632 0.0005147 0.0004632 0.0004118 0.0004118 0.0004632 0.0005663 0.0004118 0.0004118 0.0004118 0.0003603 0.0004118 0.0004118 0.0003603 0.0003603 0.0003603 0.0003088 0.0003088 0.0003088 0.0003088 0.0003088 0.0003088 0.0003088 0.0003088 0.0002573 0.0002573 0.0307961 0.0303060 0.0302994 0.0301278 0.0305475 0.0326879 0.0332536 0.0341224 1.2520548 1.2127248 
EBOV_H.sap-wt_SLE_14_Makona-Kenema-G4937_1_KR105278        1.6126728 1.6040265 1.6128244 1.6826011 1.6961269 0.0017028 0.0016510 0.0012374 0.0009783 0.0012893 0.0012889 0.0011856 0.0009783 0.0008238 0.0006692 0.0006692 0.0007722 0.0008238 0.0007722 0.0008238 0.0008238 0.0009268 0.0009783 0.0008763 0.0007722 0.0007722 0.0005147 0.0006177 0.0008238 0.0007207 0.0003603 0.0002573 0.0000515 0.0000515 0.0000010 0.0000000 0.0007207 0.0006692 0.0006177 0.0006177 0.0006177 0.0006177 0.0005662 0.0006692 0.0006177 0.0005662 0.0006177 0.0007208 0.0006178 0.0006692 0.0005147 0.0005147 0.0004632 0.0005662 0.0006692 0.0006692 0.0006177 0.0004632 0.0004632 0.0005147 0.0004632 0.0004118 0.0004118 0.0004632 0.0005663 0.0004118 0.0004118 0.0004118 0.0003603 0.0004118 0.0004118 0.0003603 0.0003603 0.0003603 0.0003088 0.0003088 0.0003088 0.0003088 0.0003088 0.0003088 0.0003088 0.0003088 0.0002573 0.0002573 0.0307961 0.0303060 0.0302994 0.0301278 0.0305475 0.0326879 0.0332536 0.0341224 1.2520548 1.2127248 
EBOV_H.sap-wt_LBR_14_Makona-LIBR0505_KR006957              1.6128638 1.6040402 1.6131883 1.6826128 1.6961418 0.0019099 0.0018580 0.0011339 0.0011855 0.0014961 0.0014956 0.0013923 0.0008753 0.0007207 0.0005662 0.0005662 0.0006692 0.0010310 0.0009783 0.0010312 0.0010309 0.0011341 0.0011857 0.0010828 0.0009783 0.0009783 0.0007207 0.0008238 0.0010310 0.0009268 0.0009793 0.0008753 0.0007722 0.0007722 0.0007207 0.0007207 0.0000000 0.0008753 0.0008238 0.0008238 0.0008238 0.0008238 0.0007722 0.0008753 0.0008238 0.0007722 0.0008238 0.0009268 0.0009268 0.0008753 0.0007207 0.0007207 0.0006692 0.0007722 0.0008753 0.0008753 0.0008238 0.0006692 0.0006692 0.0007207 0.0006692 0.0006177 0.0006177 0.0006692 0.0007723 0.0006177 0.0006177 0.0006177 0.0005662 0.0006177 0.0006177 0.0005662 0.0005662 0.0005662 0.0005147 0.0005147 0.0005147 0.0005147 0.0005147 0.0005147 0.0005147 0.0005147 0.0004632 0.0004632 0.0312474 0.0307570 0.0307503 0.0305784 0.0307736 0.0330287 0.0335949 0.0344647 1.2513047 1.2142135 
EBOV_H.sap-wt_LBR_15_Makona-Liberia-DQE4_KR074998          1.6136452 1.6049910 1.6145219 1.6820053 1.6955296 0.0018582 0.0018064 0.0013925 0.0011340 0.0014445 0.0014440 0.0013407 0.0011343 0.0009794 0.0008238 0.0008238 0.0009268 0.0009794 0.0009268 0.0009797 0.0009794 0.0010825 0.0011341 0.0010313 0.0009268 0.0009268 0.0006692 0.0007722 0.0009794 0.0008753 0.0009268 0.0008238 0.0007207 0.0007207 0.0006692 0.0006692 0.0008753 0.0000000 0.0007722 0.0007722 0.0007722 0.0007722 0.0007207 0.0008238 0.0007722 0.0007207 0.0007722 0.0008753 0.0008753 0.0008238 0.0006692 0.0006692 0.0006177 0.0007207 0.0008238 0.0008238 0.0007722 0.0006177 0.0006177 0.0006692 0.0006177 0.0005662 0.0005662 0.0006177 0.0007208 0.0005662 0.0005662 0.0005662 0.0005147 0.0005662 0.0005662 0.0005147 0.0005147 0.0005147 0.0004632 0.0004632 0.0004632 0.0004632 0.0004632 0.0004632 0.0004632 0.0004632 0.0004118 0.0004118 0.0310754 0.0305851 0.0305784 0.0304067 0.0308314 0.0329740 0.0335402 0.0344098 1.2530644 1.2126722 
EBOV_H.sap-wt_SLE_14_Makona-G5640_1_KR105313               1.6138387 1.6051798 1.6143411 1.6821625 1.6956862 0.0018065 0.0017546 0.0013409 0.0010814 0.0013928 0.0013923 0.0012890 0.0010826 0.0009268 0.0007722 0.0007722 0.0008753 0.0009278 0.0008753 0.0009280 0.0009268 0.0010309 0.0010825 0.0009796 0.0008753 0.0008753 0.0006177 0.0007207 0.0009278 0.0008238 0.0008753 0.0007722 0.0006692 0.0006692 0.0006177 0.0006177 0.0008238 0.0007722 0.0000000 0.0007207 0.0007207 0.0007207 0.0006692 0.0007722 0.0007207 0.0006692 0.0007207 0.0008238 0.0008238 0.0007722 0.0006177 0.0006177 0.0005662 0.0006692 0.0007722 0.0007722 0.0007207 0.0005662 0.0005662 0.0006177 0.0005662 0.0005147 0.0005147 0.0005662 0.0006693 0.0005147 0.0005147 0.0005147 0.0004632 0.0005147 0.0005147 0.0004632 0.0004632 0.0004632 0.0004118 0.0004118 0.0004118 0.0004118 0.0004118 0.0004118 0.0004118 0.0004118 0.0003603 0.0003603 0.0310241 0.0305338 0.0305271 0.0303554 0.0307263 0.0329173 0.0334834 0.0343529 1.2522763 1.2114953 
