100
F1.BR.10.DEMF110BR015.KU749395         0.0000000 1.1387119 1.2897649 1.2220738 1.2247114 1.2151371 1.1155823 1.1528090 1.1176243 1.1483282 1.1679911 1.0949048 1.1718845 1.1683190 1.1506987 1.1775605 1.1161014 1.0888443 1.1040249 0.8870007 0.8878824 0.9341014 0.8768828 0.9075150 0.8829272 0.8811870 0.8746106 0.8825554 0.9343754 0.8895523 0.8619183 0.8673005 0.8649402 0.8723077 0.8322820 0.9193641 0.7922479 0.8990258 0.9044242 0.8889397 0.8536730 0.8313353 0.8247235 0.8828148 0.8524925 0.8736824 0.8839230 0.8272999 0.8462694 0.8445037 0.8505557 0.8790326 0.8527789 0.8082277 0.7296400 0.8230221 0.7728588 0.7582241 0.9974131 0.9938344 0.9492523 0.8933929 0.9282881 1.0385867 1.1242167 0.9010046 0.8133762 0.8134376 0.8236618 0.8688195 0.8465573 0.7646292 0.8263254 0.8110348 0.7855603 0.8897305 0.7582775 1.1118832 1.0588820 0.9251693 0.9384853 0.9489304 0.9541722 0.9379440 0.9204747 0.8921069 0.8347606 0.8580018 0.8225271 0.7606412 0.8524987 0.8459382 0.8582834 0.8050904 0.8561014 0.8065470 2.9760670 2.3956240 2.3455219 2.2988446 
A1C.IN.15.SC017.KY713232               1.1387119 0.0000000 0.8061330 0.7580290 0.7170991 0.6963922 0.6111676 0.6618522 0.6170087 0.6591562 0.6582133 0.6120465 0.6525541 0.6779560 0.6419197 0.6700717 0.6207869 0.6045527 1.3989032 1.1685784 1.1249504 1.2039006 1.1379228 1.1701812 1.1513236 1.1668725 1.1820761 1.1547580 1.2034298 1.1758701 1.1668116 1.1471607 1.1169646 1.1261034 1.0907300 1.1937407 1.0352072 1.1464158 1.1740084 1.1452369 1.1173597 1.0826512 1.0645915 1.1298268 1.1192539 1.1477953 1.1452903 1.1135498 1.1171258 1.1122172 1.0781005 1.1309060 1.0959136 1.0532759 0.9916093 1.0519191 1.0267038 0.9561966 1.0079746 1.0372536 1.0392516 0.9148574 0.9762515 0.9714387 1.0542592 0.9077825 0.8439933 0.8662982 0.8519634 0.9172215 0.8806539 0.7835149 0.8531329 0.8358860 0.8358644 0.6298232 0.7677317 1.0350755 0.9468550 0.8700411 0.8523248 0.8718945 0.8759931 0.8634019 0.8137749 0.8281496 0.7720735 0.7263705 0.7701269 0.7198969 0.7351885 0.7489088 0.7277261 0.7080861 0.7346750 0.6984955 2.9265625 2.2619131 2.2400363 2.2603046 
BC.CN.07.07CNYN340.KF835526            1.2897649 0.8061330 0.0000000 0.4125448 0.5605054 0.6208400 0.5574869 0.5217587 0.5273019 0.5741677 0.5811101 0.5242010 0.5221970 0.5453172 0.5169044 0.5416134 0.4918512 0.4851493 1.5555920 1.3186564 1.3281779 1.3587102 1.2954809 1.3225696 1.2903573 1.3217066 1.2668942 1.2640509 1.3561264 1.3597870 1.2642210 1.3205007 1.2573374 1.2694192 1.2428918 1.3194923 1.1912659 1.3115540 1.3025083 1.3605563 1.2731960 1.2633663 1.2167738 1.3286283 1.2828993 1.2666528 1.2759829 1.2705817 1.2773198 1.2555987 1.2398701 1.2552375 1.2524320 1.2280470 1.1623094 1.2315032 1.1694542 1.1322573 1.1294234 1.1492401 1.1743817 1.0818218 1.1155449 1.1358397 1.1933437 1.0555006 1.0015495 1.0365372 0.9976583 1.0581661 1.0143631 0.9623514 1.0133310 0.9914630 0.9614364 0.7714844 0.9247248 1.2177265 1.1268974 1.0319088 1.0076193 1.0549571 1.0557849 1.0224072 0.9972625 1.0084564 0.9340124 0.8998096 0.9181836 0.9040949 0.8978451 0.9019184 0.8733816 0.8608878 0.8937177 0.8685660 3.0666113 2.5477959 2.4144342 2.4167765 
85_BC.CN.14.14CN_SCYB4.KU992932        1.2220738 0.7580290 0.4125448 0.0000000 0.5131886 0.5887866 0.5055236 0.4754535 0.4829149 0.5402634 0.5430569 0.4786231 0.4799096 0.5115234 0.4743853 0.5084725 0.4579626 0.4397516 1.5558408 1.2858493 1.2572207 1.3115720 1.2613577 1.2605152 1.2632840 1.2792028 1.2393939 1.1979330 1.3039174 1.2973347 1.2180501 1.1915597 1.1692540 1.2029768 1.1760694 1.2772387 1.1293088 1.2130918 1.2204701 1.2479463 1.1927373 1.1621765 1.1496184 1.2426415 1.1946772 1.2099980 1.2126842 1.1868622 1.1974026 1.1905062 1.1985992 1.2053896 1.2115173 1.1564601 1.0989023 1.1600352 1.1229665 1.0870640 1.1179914 1.1312451 1.1161372 1.0634439 1.0745305 1.0976926 1.1582176 1.0172742 0.9522106 0.9928644 0.9744414 1.0367984 0.9685174 0.9223291 0.9692316 0.9335569 0.9278778 0.7395997 0.8780464 1.1672894 1.1079747 1.0042834 0.9850119 0.9937019 1.0039767 0.9800755 0.9574642 0.9636492 0.8687320 0.8274826 0.8945095 0.8432154 0.8527282 0.8576168 0.8458507 0.7886029 0.8447388 0.8010798 3.0899463 2.4424210 2.4344092 2.3760822 
C.GB.14.13659_1_48.3.MF109437          1.2247114 0.7170991 0.5605054 0.5131886 0.0000000 0.5708582 0.5152683 0.4706985 0.4837642 0.5061415 0.5244671 0.4578008 0.4589556 0.4932027 0.4763237 0.4890699 0.4358007 0.4249158 1.4861016 1.2489222 1.2413441 1.3151718 1.2573230 1.2527976 1.2478761 1.2502934 1.2623581 1.1957944 1.3261690 1.2591179 1.2031392 1.2077488 1.1784752 1.1807553 1.1828936 1.2521583 1.1270256 1.2055328 1.2284680 1.2285733 1.1899794 1.1893483 1.1102771 1.2376713 1.1996587 1.2046961 1.2125922 1.1762240 1.1813950 1.1778358 1.1888537 1.2052753 1.1780660 1.1352549 1.0734750 1.1480148 1.0822707 1.0829296 1.1060722 1.0940881 1.1245619 1.0247557 1.0582831 1.0800245 1.1679177 1.0015971 0.9023065 0.9732123 0.9438401 1.0330876 0.9715491 0.8984007 0.9650145 0.9298782 0.9028533 0.7265196 0.8521213 1.1467004 1.0570661 0.9712722 0.9349428 0.9743917 0.9627428 0.9579800 0.9280721 0.9344724 0.8542228 0.8069101 0.8598577 0.8181715 0.8285338 0.8284598 0.8235055 0.7745394 0.8114736 0.7770966 3.0357339 2.4432388 2.3556042 2.3704836 
C.SE.09.035ZA.MF373148                 1.2151371 0.6963922 0.6208400 0.5887866 0.5708582 0.0000000 0.4194731 0.4900761 0.4698462 0.4992306 0.4977998 0.4476953 0.4810471 0.5045972 0.4829708 0.5074941 0.4545599 0.4472523 1.5136339 1.2523703 1.2379031 1.3189833 1.2429478 1.2521712 1.2310776 1.2557504 1.2155588 1.2031830 1.2716608 1.2492375 1.2367538 1.1819134 1.1687937 1.1968081 1.1628859 1.2083292 1.1369325 1.2305264 1.2557796 1.2751049 1.1946768 1.1584219 1.1665631 1.2322317 1.2075253 1.2093816 1.2221158 1.1931110 1.2078235 1.1701504 1.1943204 1.2047659 1.1673007 1.1170448 1.0800192 1.1673662 1.1050949 1.0322094 1.0699945 1.1490264 1.1121316 1.0102638 1.0484604 1.0518446 1.1547955 0.9789286 0.8922606 0.9432792 0.9200652 0.9934887 0.9653884 0.8908639 0.9283361 0.9075567 0.8846719 0.6980652 0.8520250 1.0749346 1.0349678 0.9278054 0.9109319 0.9510816 0.9411777 0.9347881 0.9031219 0.9120324 0.8586201 0.8015442 0.8383137 0.7746279 0.8155618 0.8167922 0.7753171 0.7639452 0.7992035 0.7601976 3.0143416 2.3787822 2.3422358 2.3531301 
C.IL.99.99ET14.AY255825                1.1155823 0.6111676 0.5574869 0.5055236 0.5152683 0.4194731 0.0000000 0.4240126 0.3887603 0.4298070 0.4331123 0.3848368 0.4207693 0.4391512 0.4070789 0.4337825 0.3843013 0.3821523 1.4143149 1.1420791 1.1680610 1.1860532 1.1765414 1.1943829 1.1685452 1.1547282 1.1271427 1.1129699 1.2010490 1.2091683 1.1531256 1.1052645 1.1048548 1.1103675 1.0901126 1.1770780 1.0537002 1.1350491 1.1510454 1.1658111 1.1147988 1.0940071 1.0908653 1.1473263 1.1412531 1.1182760 1.1441291 1.1022988 1.1121172 1.1049608 1.0903485 1.1336934 1.1016052 1.0406514 0.9864212 1.0663236 0.9987982 0.9878774 0.9686088 1.0109723 1.0083730 0.9440633 0.9724196 0.9888963 1.0920053 0.8802683 0.8355780 0.8860556 0.8315003 0.9077117 0.8378951 0.7959660 0.8468339 0.8350673 0.8132882 0.6080153 0.7557624 1.0303932 0.9596509 0.8630736 0.8461032 0.8644443 0.8753946 0.8622496 0.8293856 0.8327044 0.7826108 0.7315174 0.7763072 0.7117639 0.7323890 0.7495234 0.7119670 0.6833113 0.7395757 0.7039437 2.8438192 2.3190313 2.1984961 2.1883259 
C.BW.98.98BWMC14A3.AF443078            1.1528090 0.6618522 0.5217587 0.4754535 0.4706985 0.4900761 0.4240126 0.0000000 0.3985995 0.4378579 0.4288417 0.3791732 0.3751063 0.3949056 0.3637846 0.4020528 0.3457959 0.3472560 1.4686695 1.1995290 1.2024865 1.2005585 1.1976408 1.2079364 1.1965628 1.2208393 1.1774415 1.1501650 1.2455107 1.1939307 1.1829684 1.1452505 1.1149090 1.1136272 1.1221859 1.1698271 1.0847810 1.1692692 1.1812041 1.1658138 1.1195685 1.1139964 1.0945576 1.1781948 1.1364581 1.1663472 1.1714144 1.1369489 1.1055174 1.1085511 1.1240028 1.1362551 1.1165872 1.0850776 0.9986370 1.0743854 1.0554606 1.0014911 1.0418619 1.0397900 1.0256581 0.9319078 0.9720369 0.9971176 1.0891012 0.9442340 0.8560758 0.9061194 0.8737482 0.9550594 0.8944361 0.8218665 0.8840878 0.8554131 0.8387811 0.6385751 0.7886530 1.0362033 0.9816474 0.8863986 0.8677876 0.8915696 0.8939032 0.8780992 0.8602428 0.8605121 0.7929674 0.7393934 0.8063245 0.7508965 0.7748229 0.7645820 0.7598079 0.7055433 0.7553100 0.7203075 2.9407979 2.3816897 2.2623510 2.3038124 
C.ZA.03.03ZAPS067MB2.DQ396389          1.1176243 0.6170087 0.5273019 0.4829149 0.4837642 0.4698462 0.3887603 0.3985995 0.0000000 0.3571916 0.3608355 0.3159158 0.3891435 0.4203333 0.3968160 0.4046520 0.3675389 0.3389992 1.4656213 1.1737394 1.1624665 1.2234931 1.1399127 1.1630211 1.1365026 1.1679188 1.1305335 1.1217665 1.1737850 1.1902201 1.1523737 1.1063164 1.0995147 1.0999392 1.0705537 1.1460383 1.0506651 1.1403504 1.1288394 1.1233076 1.0926421 1.0545667 1.0657144 1.1191717 1.0876343 1.1254729 1.1017102 1.0725979 1.0866239 1.0693958 1.0911100 1.0832814 1.0859241 1.0429173 0.9927827 1.0353369 1.0272251 0.9448939 1.0132070 1.0020531 0.9989091 0.9312782 0.9580872 0.9524884 1.0560117 0.8842127 0.8179736 0.8766856 0.8425435 0.9257328 0.8520097 0.7975858 0.8538298 0.8269671 0.8125539 0.6226442 0.7445948 1.0205613 0.9574207 0.8639254 0.8527397 0.8886405 0.8766442 0.8451547 0.8370608 0.8368765 0.7618185 0.7078754 0.7668311 0.6902925 0.7367471 0.7224652 0.6936365 0.6840946 0.6981574 0.6726921 2.8790837 2.2957849 2.2127451 2.2862796 
C.ZA.04.04ZASK170B1.DQ093595           1.1483282 0.6591562 0.5741677 0.5402634 0.5061415 0.4992306 0.4298070 0.4378579 0.3571916 0.0000000 0.3632146 0.3143795 0.4358829 0.4475548 0.4211689 0.4581629 0.4016431 0.3878230 1.4662323 1.2076095 1.2275759 1.2795536 1.1748340 1.2285108 1.1957763 1.2006131 1.1694814 1.1465230 1.2477265 1.2376850 1.1719471 1.1774776 1.1521258 1.1686490 1.1239055 1.2119240 1.0942382 1.1875244 1.2016881 1.1906278 1.1347982 1.1083395 1.1193901 1.1894206 1.1398226 1.1696370 1.1639836 1.1226507 1.1476746 1.1581074 1.1584474 1.1769764 1.1513427 1.1001569 1.0385949 1.0650207 1.0731379 1.0074656 1.0456788 1.0642096 1.0586292 0.9615051 1.0327609 1.0051639 1.1138508 0.9405781 0.8581926 0.8973864 0.8942264 0.9599731 0.9061154 0.8529676 0.8749682 0.8583420 0.8830397 0.6507883 0.7901679 1.0889663 1.0099947 0.9008202 0.8908576 0.9132978 0.9211883 0.8972085 0.8782869 0.8755371 0.7920336 0.7675571 0.8131475 0.7442145 0.7769759 0.7860941 0.7718172 0.7430074 0.7663219 0.7357091 2.9540139 2.4524921 2.3031625 2.3537419 
C.TZ.02.CO6721.AY734560                1.1679911 0.6582133 0.5811101 0.5430569 0.5244671 0.4977998 0.4331123 0.4288417 0.3608355 0.3632146 0.0000000 0.2552109 0.4364486 0.4594403 0.4299798 0.4703029 0.4014070 0.3923786 1.4442054 1.2161053 1.2089885 1.2547834 1.2016974 1.2617330 1.2108088 1.2049607 1.1832421 1.1541708 1.2378698 1.2188043 1.2028759 1.1609923 1.1407371 1.1352705 1.1154222 1.2086276 1.0989183 1.1804064 1.2172375 1.1870834 1.1410416 1.1209979 1.1198538 1.1862457 1.1501690 1.1721588 1.1614100 1.1345091 1.1280782 1.1199973 1.1410371 1.1520255 1.1262771 1.0789444 1.0072738 1.1179598 1.0835711 1.0001238 1.0359384 1.0878747 1.0389820 0.9743490 1.0175032 0.9936855 1.0888661 0.9513128 0.8822386 0.9075368 0.8894598 0.9314975 0.9116603 0.8511965 0.8874229 0.8644845 0.8515271 0.6653845 0.7961086 1.0613923 1.0033240 0.8998664 0.8730924 0.9085217 0.9190123 0.9108934 0.8732361 0.8668618 0.8124737 0.7483559 0.8190933 0.7516041 0.7801282 0.7818652 0.7763345 0.7301020 0.7764968 0.7443060 3.0154750 2.3639191 2.3210486 2.3039994 
C.TZ.01.BD39_8.AY253313                1.0949048 0.6120465 0.5242010 0.4786231 0.4578008 0.4476953 0.3848368 0.3791732 0.3159158 0.3143795 0.2552109 0.0000000 0.3834717 0.4100672 0.3860522 0.4172660 0.3569344 0.3409349 1.4103325 1.1361128 1.1337876 1.2109638 1.1231548 1.1574780 1.1338723 1.1673685 1.1053239 1.0953497 1.2035942 1.1559920 1.1306185 1.0812603 1.0672889 1.0734978 1.0400087 1.1666802 1.0255857 1.1101938 1.1381511 1.1273646 1.0664183 1.0568430 1.0380919 1.1155744 1.0801610 1.1037464 1.1226609 1.0551014 1.0791532 1.0496864 1.0680728 1.0979769 1.0882035 1.0215987 0.9753172 1.0579096 1.0077355 0.9470625 0.9768206 1.0207958 0.9900141 0.9280277 0.9471505 0.9673552 1.0591293 0.8930088 0.8128613 0.8563049 0.8413335 0.8994500 0.8508886 0.8047690 0.8383487 0.8068915 0.7942777 0.6054784 0.7425973 1.0139558 0.9409383 0.8441999 0.8409387 0.8616338 0.8641430 0.8475902 0.8304439 0.8411187 0.7594988 0.7223037 0.7503236 0.6903597 0.7355181 0.7324439 0.7181803 0.6983618 0.7189090 0.6851671 2.8263334 2.2728427 2.2143705 2.1746937 
C.ZA.03.03ZAPS130MB1.DQ275658          1.1718845 0.6525541 0.5221970 0.4799096 0.4589556 0.4810471 0.4207693 0.3751063 0.3891435 0.4358829 0.4364486 0.3834717 0.0000000 0.2930253 0.3393140 0.4049846 0.3357619 0.3423154 1.4321415 1.1966578 1.1651447 1.2145942 1.1761267 1.2008305 1.2049330 1.1903358 1.1564421 1.1452854 1.1836040 1.1701234 1.1455244 1.1448541 1.1090320 1.1180111 1.0679753 1.1663449 1.0603765 1.1403180 1.1562492 1.1447833 1.0966273 1.0814140 1.0747885 1.1343062 1.1189786 1.1024043 1.1378983 1.0909644 1.1027252 1.0856906 1.0930999 1.1240420 1.0980193 1.0404711 0.9849808 1.0887688 1.0291369 0.9723853 1.0098241 1.0412047 1.0175038 0.9493187 0.9801276 0.9927407 1.0670858 0.9163820 0.8656992 0.8900374 0.8705661 0.9333136 0.8908217 0.8305534 0.8725753 0.8740551 0.8449847 0.6305908 0.7626422 1.0375912 0.9733506 0.8623313 0.8412646 0.8812630 0.8904571 0.8846293 0.8517195 0.8445859 0.7920554 0.7419612 0.7953166 0.7231448 0.7778459 0.7640563 0.7532241 0.7123325 0.7436739 0.7146272 2.9294270 2.3668597 2.2780204 2.2887920 
C.ZA.97.97ZA012.AF286227               1.1683190 0.6779560 0.5453172 0.5115234 0.4932027 0.5045972 0.4391512 0.3949056 0.4203333 0.4475548 0.4594403 0.4100672 0.2930253 0.0000000 0.3477942 0.4230035 0.3663405 0.3600056 1.4484805 1.2246148 1.2285057 1.2422645 1.1967521 1.2205514 1.2157649 1.2053801 1.2122355 1.1957704 1.2371272 1.2248792 1.1943674 1.1774349 1.1488189 1.1513871 1.1172879 1.2168548 1.1045508 1.1901397 1.2231452 1.2035000 1.1495765 1.1092149 1.1088709 1.2004583 1.1431763 1.1678626 1.1881458 1.1457830 1.1415266 1.1208796 1.1288707 1.1697871 1.1557971 1.0969149 1.0335650 1.1103670 1.0471568 1.0106347 1.0531660 1.0864366 1.0757717 0.9720851 1.0087563 1.0206564 1.1009764 0.9468072 0.8579668 0.9263366 0.9249390 0.9780143 0.9178335 0.8579814 0.9312075 0.8980277 0.8788429 0.6618379 0.8078207 1.0556991 1.0025723 0.9222015 0.8831825 0.9210030 0.9331853 0.9170810 0.8789348 0.8853888 0.8142647 0.7695990 0.8135700 0.7652487 0.7897722 0.8060227 0.7730680 0.7504859 0.7748361 0.7504757 2.9423884 2.2756455 2.1999941 2.2237049 
C.ZA.04.04ZASK135B1.DQ011166           1.1506987 0.6419197 0.5169044 0.4743853 0.4763237 0.4829708 0.4070789 0.3637846 0.3968160 0.4211689 0.4299798 0.3860522 0.3393140 0.3477942 0.0000000 0.3990617 0.3390613 0.3395293 1.4451329 1.1924834 1.1804850 1.2568568 1.1817071 1.2176484 1.1680636 1.1837867 1.1523116 1.1273714 1.2136791 1.2078750 1.1529769 1.1531616 1.1138577 1.1196756 1.0822003 1.1835786 1.1028982 1.1595622 1.1733718 1.1623596 1.1158057 1.0945640 1.0623832 1.1705464 1.1445020 1.1398990 1.1602439 1.1054996 1.0993315 1.1187573 1.1372360 1.1292900 1.0998479 1.0676534 0.9984680 1.0669891 1.0582797 0.9924157 1.0360253 1.0573398 1.0521195 0.9766808 1.0053011 1.0199711 1.0836714 0.9383679 0.8645128 0.8977551 0.8956759 0.9547581 0.8828943 0.8436765 0.8952931 0.8612965 0.8615674 0.6362933 0.7909420 1.0595422 0.9651378 0.8673465 0.8824982 0.8973955 0.8947272 0.8743706 0.8452215 0.8732560 0.7843455 0.7170743 0.7790224 0.7347840 0.7660818 0.7562335 0.7420298 0.7126136 0.7481700 0.7045992 2.9314946 2.3016981 2.2832186 2.2582763 
C.ZA.02.02ZAPS015MB1.DQ369995          1.1775605 0.6700717 0.5416134 0.5084725 0.4890699 0.5074941 0.4337825 0.4020528 0.4046520 0.4581629 0.4703029 0.4172660 0.4049846 0.4230035 0.3990617 0.0000000 0.3109607 0.3662064 1.4452738 1.2238985 1.2295808 1.2538969 1.1883808 1.2256583 1.2101889 1.2057157 1.1928038 1.1754499 1.2655084 1.2220985 1.1873605 1.1720246 1.1650314 1.1448001 1.1152988 1.1806802 1.0955451 1.1847245 1.1892283 1.2081314 1.1415477 1.1230951 1.1313435 1.1674888 1.1581923 1.1762724 1.1878663 1.1124437 1.1345196 1.1140740 1.1453016 1.1728652 1.1580990 1.1015620 1.0227125 1.1152325 1.0401307 1.0489503 1.0594735 1.0811265 1.0963847 1.0057711 1.0159056 1.0404596 1.1139275 0.9809841 0.8786513 0.9303785 0.8937539 1.0156401 0.9355534 0.8829867 0.9229629 0.9114362 0.8963838 0.6612142 0.8214092 1.0685422 0.9988483 0.9078722 0.8937967 0.9134355 0.9117725 0.9213615 0.8841406 0.8843173 0.8339629 0.7659129 0.8077758 0.7702431 0.7824587 0.8081471 0.7707189 0.7453091 0.7810455 0.7575549 2.9758989 2.3935861 2.2974687 2.3313457 
C.ZA.99.99ZALT4.EU293444               1.1161014 0.6207869 0.4918512 0.4579626 0.4358007 0.4545599 0.3843013 0.3457959 0.3675389 0.4016431 0.4014070 0.3569344 0.3357619 0.3663405 0.3390613 0.3109607 0.0000000 0.3052970 1.4205213 1.1799692 1.1700430 1.2213050 1.1502150 1.1902412 1.1946221 1.1902043 1.1436192 1.1356629 1.2188256 1.1742384 1.1423934 1.1317552 1.0947752 1.1145963 1.0808901 1.1509463 1.0617173 1.1242767 1.1644493 1.1316138 1.0927004 1.0943553 1.0546701 1.1362733 1.0971574 1.1093658 1.1279243 1.0913287 1.1010809 1.0790464 1.0927076 1.1046279 1.0829032 1.0415472 0.9629726 1.0635600 1.0207394 0.9538633 0.9994391 1.0301622 1.0199191 0.9370179 0.9766758 0.9754157 1.0525110 0.8827149 0.8120839 0.8844853 0.8541181 0.9174463 0.8583974 0.8138096 0.8573411 0.8401380 0.8236323 0.6194751 0.7606443 1.0051290 0.9479754 0.8465940 0.8285372 0.8612781 0.8623538 0.8327363 0.8111279 0.8302431 0.7631357 0.7250026 0.7529660 0.7025042 0.7382600 0.7305889 0.7152763 0.6653555 0.7115619 0.6877471 2.9065080 2.3096085 2.3171205 2.3143371 
C.BW.00.00BW076820.AF443089            1.0888443 0.6045527 0.4851493 0.4397516 0.4249158 0.4472523 0.3821523 0.3472560 0.3389992 0.3878230 0.3923786 0.3409349 0.3423154 0.3600056 0.3395293 0.3662064 0.3052970 0.0000000 1.3889732 1.1267324 1.1444292 1.1788470 1.1215566 1.1649361 1.1385248 1.1308009 1.1188254 1.0790668 1.1459147 1.1514503 1.1351734 1.0906071 1.0659448 1.0877840 1.0524392 1.1519431 1.0108988 1.1266358 1.1197859 1.1180595 1.0779861 1.0605073 1.0407920 1.1229443 1.0706600 1.0805100 1.0937832 1.0799167 1.0831817 1.0579672 1.0828483 1.0850675 1.0758573 1.0292548 0.9500836 1.0431402 1.0003249 0.9268484 0.9979229 1.0046157 1.0003656 0.9112244 0.9662954 0.9549049 1.0266728 0.8898023 0.7927509 0.8441797 0.8325154 0.9054101 0.8442057 0.7904694 0.8341027 0.8172182 0.8172537 0.5951843 0.7318564 0.9977384 0.9313224 0.8526866 0.8305956 0.8416287 0.8621884 0.8292894 0.8039575 0.8145387 0.7301249 0.6800259 0.7473538 0.7004203 0.7002269 0.7201313 0.6890847 0.6585039 0.7000518 0.6702969 2.8002520 2.2914710 2.2030573 2.2005952 
BF1.BR.10.10BR_RJ029.KT427782          1.1040249 1.3989032 1.5555920 1.5558408 1.4861016 1.5136339 1.4143149 1.4686695 1.4656213 1.4662323 1.4442054 1.4103325 1.4321415 1.4484805 1.4451329 1.4452738 1.4205213 1.3889732 0.0000000 0.7145024 0.6755699 0.7716883 0.7035480 0.7382471 0.7432721 0.7419978 0.7566818 0.6855628 0.7763903 0.6579159 0.7419753 0.7226148 0.6436197 0.7032851 0.6911790 0.7556319 0.7001715 0.7327585 0.7325733 0.7501905 0.6704944 0.6419402 0.6641475 0.7414787 0.7162839 0.7275648 0.7289157 0.7158945 0.6990659 0.6974281 0.7157580 0.7132501 0.6842740 0.6501262 0.8651502 0.8958609 0.8540178 1.0397172 1.2119381 1.2558524 1.2465200 1.1556808 1.2357097 1.3520282 1.4152759 1.1828971 1.0711646 1.1183064 1.0867835 1.1478213 1.1171967 1.0452237 1.0900074 1.0889466 1.0833699 1.2013423 1.0069623 1.4020567 1.3566590 1.2197826 1.1984842 1.2339603 1.2353226 1.2476589 1.1944024 1.1910953 1.1329214 1.1525491 1.1084328 1.0769489 1.1517580 1.1335388 1.1405942 1.1124179 1.1319385 1.0920576 3.2360113 2.6280244 2.5179827 2.5418377 
B.GB.14.14667_1_16.3.MF109578          0.8870007 1.1685784 1.3186564 1.2858493 1.2489222 1.2523703 1.1420791 1.1995290 1.1737394 1.2076095 1.2161053 1.1361128 1.1966578 1.2246148 1.1924834 1.2238985 1.1799692 1.1267324 0.7145024 0.0000000 0.4395758 0.5270544 0.4883961 0.4898597 0.4721151 0.4756024 0.4801563 0.3982677 0.5406801 0.4327440 0.4633247 0.4676514 0.3830370 0.4536833 0.4456093 0.5058776 0.4360868 0.5052193 0.4888271 0.5014301 0.3947659 0.3902204 0.3910153 0.4784159 0.4505173 0.4666318 0.4532165 0.4416289 0.4509980 0.4453069 0.4420808 0.4591893 0.4449604 0.3891442 0.6119611 0.6181153 0.6051207 0.8028217 1.0433919 1.0410655 1.0189363 0.9150022 0.9736505 1.1109473 1.2135483 0.9290779 0.8513959 0.8624822 0.8536236 0.9160316 0.8742571 0.7889914 0.8841700 0.8503444 0.8347870 0.9477629 0.7877485 1.1628521 1.1172305 1.0065789 0.9896058 1.0279276 1.0150464 1.0185291 0.9634861 0.9605779 0.9013273 0.9094831 0.8903218 0.8506186 0.9024076 0.9127467 0.8682911 0.8492927 0.9058325 0.8815514 2.9139601 2.3699350 2.3127476 2.3378923 
BF1.BR.10.10BR_MG052.KT427668          0.8878824 1.1249504 1.3281779 1.2572207 1.2413441 1.2379031 1.1680610 1.2024865 1.1624665 1.2275759 1.2089885 1.1337876 1.1651447 1.2285057 1.1804850 1.2295808 1.1700430 1.1444292 0.6755699 0.4395758 0.0000000 0.5206287 0.4713341 0.4983416 0.4842335 0.4873836 0.4804433 0.4160803 0.5428036 0.4005492 0.4667320 0.4701546 0.3723059 0.4575382 0.4606143 0.5147998 0.4443755 0.4959104 0.4955228 0.4940897 0.4003833 0.3933111 0.4035374 0.4706559 0.4578341 0.4721982 0.4629313 0.4369044 0.4467665 0.4436300 0.4433956 0.4681939 0.4481030 0.3910218 0.6090666 0.6262457 0.6028678 0.8182222 0.9977616 1.0378424 1.0127843 0.9054927 0.9744449 1.1083434 1.1818655 0.9152910 0.8642147 0.8619074 0.8590289 0.9092157 0.9001700 0.8023574 0.8672826 0.8460356 0.8370061 0.9356208 0.7794298 1.1729116 1.1008278 0.9690166 0.9901419 0.9977812 0.9961295 1.0035833 0.9550524 0.9468310 0.8947211 0.8872664 0.8823105 0.8381130 0.8798113 0.9024105 0.8654572 0.8434841 0.8922899 0.8434484 2.9666818 2.3708159 2.3048313 2.2939314 
51_01B.MY.11.11MYKL055.KJ485697        0.9341014 1.2039006 1.3587102 1.3115720 1.3151718 1.3189833 1.1860532 1.2005585 1.2234931 1.2795536 1.2547834 1.2109638 1.2145942 1.2422645 1.2568568 1.2538969 1.2213050 1.1788470 0.7716883 0.5270544 0.5206287 0.0000000 0.4846984 0.5001461 0.4938574 0.4980065 0.4917314 0.4762929 0.5119247 0.5159276 0.4647134 0.4783237 0.4673726 0.4726474 0.4678229 0.4969592 0.4599300 0.4788231 0.4839361 0.4829036 0.4475961 0.4440399 0.4356589 0.4594503 0.4470665 0.4583928 0.4414914 0.4434809 0.4391152 0.4324225 0.4234915 0.4452263 0.4271062 0.3716053 0.6270133 0.6667132 0.6208812 0.8375097 1.0430110 1.0934365 1.0425907 0.9563423 1.0192334 1.1593286 1.2474622 0.9935868 0.8813126 0.9295550 0.8907352 0.9741745 0.9410680 0.8599977 0.9018992 0.8844202 0.8581160 0.9710298 0.8375423 1.1928831 1.1083405 1.0154448 1.0135038 1.0476792 1.0247872 1.0189408 0.9784856 0.9750371 0.9165642 0.9339351 0.9341933 0.8945726 0.9124608 0.9391625 0.9356434 0.8814582 0.9347273 0.9047336 3.0122827 2.4652827 2.4030054 2.3457803 
B.CY.08.CY224.JF683773                 0.8768828 1.1379228 1.2954809 1.2613577 1.2573230 1.2429478 1.1765414 1.1976408 1.1399127 1.1748340 1.2016974 1.1231548 1.1761267 1.1967521 1.1817071 1.1883808 1.1502150 1.1215566 0.7035480 0.4883961 0.4713341 0.4846984 0.0000000 0.4347647 0.4217194 0.4198704 0.4453507 0.4560858 0.4883992 0.4724631 0.4017271 0.3933088 0.4155258 0.3861596 0.4162937 0.4808769 0.4258215 0.4596762 0.4569110 0.4651774 0.4060171 0.3993131 0.3834418 0.4448958 0.4079126 0.4396802 0.4257168 0.4084511 0.4145295 0.4049307 0.4074308 0.4193907 0.4053877 0.3524273 0.5926018 0.6160000 0.5874085 0.7978819 1.0299042 1.0090047 0.9799558 0.8812013 0.9441327 1.1054661 1.1725375 0.9033526 0.8480847 0.8790948 0.8220614 0.9238150 0.8699855 0.8057745 0.8537954 0.8284022 0.8233470 0.9119660 0.7910745 1.1340455 1.0744132 0.9671086 0.9762333 0.9845444 0.9678082 0.9881391 0.9401088 0.9349710 0.8863101 0.8837843 0.8709033 0.8261201 0.8871328 0.8819151 0.8890060 0.8334445 0.8797359 0.8432679 2.9678987 2.3099228 2.2552580 2.2799748 
B.CN.07.CBJC261.JF932474               0.9075150 1.1701812 1.3225696 1.2605152 1.2527976 1.2521712 1.1943829 1.2079364 1.1630211 1.2285108 1.2617330 1.1574780 1.2008305 1.2205514 1.2176484 1.2256583 1.1902412 1.1649361 0.7382471 0.4898597 0.4983416 0.5001461 0.4347647 0.0000000 0.1689448 0.1752265 0.4708216 0.4766782 0.5091488 0.4908627 0.4158232 0.4150901 0.4436098 0.3893545 0.4385066 0.4992073 0.4301903 0.4714673 0.4755998 0.4793700 0.4228248 0.4259002 0.4123578 0.4590301 0.4316173 0.4458651 0.4486343 0.4342581 0.4317498 0.4127354 0.4207902 0.4420243 0.4145758 0.3723328 0.6148623 0.6432497 0.6047618 0.8073735 1.0361062 1.0716296 0.9894255 0.9201576 0.9827677 1.1225711 1.1792804 0.9631366 0.8514091 0.9096012 0.8603099 0.9540300 0.9085697 0.8310894 0.8748594 0.8711540 0.8605323 0.9558300 0.8064121 1.1531851 1.0875008 0.9680613 1.0020711 1.0287222 1.0108125 1.0233787 0.9578287 0.9662280 0.8971593 0.9250046 0.8875175 0.8523064 0.9130406 0.9233927 0.8992104 0.8540111 0.9059568 0.8668348 2.9730034 2.3803875 2.3315579 2.3106237 
B.CN.01.CNHN24.AY180905                0.8829272 1.1513236 1.2903573 1.2632840 1.2478761 1.2310776 1.1685452 1.1965628 1.1365026 1.1957763 1.2108088 1.1338723 1.2049330 1.2157649 1.1680636 1.2101889 1.1946221 1.1385248 0.7432721 0.4721151 0.4842335 0.4938574 0.4217194 0.1689448 0.0000000 0.1642957 0.4586074 0.4573433 0.5079675 0.4797330 0.4085771 0.4092710 0.4329217 0.3769630 0.4304896 0.4836913 0.4244422 0.4629586 0.4646389 0.4722506 0.4167241 0.4066481 0.3876647 0.4473213 0.4309933 0.4372589 0.4296650 0.4099322 0.4287514 0.4059619 0.4073191 0.4332226 0.4084968 0.3616473 0.6086652 0.6290080 0.5883404 0.7992691 1.0378472 1.0566027 0.9955484 0.9122858 0.9688198 1.0982741 1.1406247 0.9342449 0.8339647 0.8740028 0.8423808 0.9388583 0.8866663 0.8164457 0.8659473 0.8427532 0.8251507 0.9491615 0.7766432 1.1469884 1.0666851 0.9571313 0.9713216 0.9983888 0.9848785 0.9990072 0.9353777 0.9551952 0.8787176 0.8943015 0.8597501 0.8281861 0.8807846 0.8844276 0.8821687 0.8317326 0.8764299 0.8384040 2.9991865 2.4237508 2.2939719 2.3297762 
B.CN.08.cbjc468.JF932498               0.8811870 1.1668725 1.3217066 1.2792028 1.2502934 1.2557504 1.1547282 1.2208393 1.1679188 1.2006131 1.2049607 1.1673685 1.1903358 1.2053801 1.1837867 1.2057157 1.1902043 1.1308009 0.7419978 0.4756024 0.4873836 0.4980065 0.4198704 0.1752265 0.1642957 0.0000000 0.4479555 0.4575416 0.5006412 0.4866954 0.4005333 0.4022583 0.4266352 0.3734156 0.4244457 0.4881090 0.4182692 0.4567218 0.4621909 0.4670851 0.4145124 0.4048055 0.3978841 0.4379794 0.4263026 0.4316883 0.4271095 0.4092041 0.4199618 0.4068532 0.4085396 0.4289060 0.4051325 0.3554742 0.6045388 0.6143360 0.5794871 0.7929295 1.0259508 1.0420417 0.9965900 0.9046438 0.9590832 1.1039722 1.1729610 0.9313106 0.8502504 0.8797041 0.8547970 0.9399502 0.8968624 0.8246041 0.8634022 0.8537390 0.8451722 0.9433252 0.7886182 1.1452005 1.0770514 0.9742768 0.9836144 1.0056164 0.9941791 0.9963271 0.9466530 0.9578657 0.8849716 0.8893995 0.8645173 0.8251917 0.8726463 0.8949716 0.8866603 0.8378627 0.8870022 0.8473900 3.0156025 2.3539117 2.2960009 2.2676392 
B.JP.11.NMC851C_clone_13.AB731669      0.8746106 1.1820761 1.2668942 1.2393939 1.2623581 1.2155588 1.1271427 1.1774415 1.1305335 1.1694814 1.1832421 1.1053239 1.1564421 1.2122355 1.1523116 1.1928038 1.1436192 1.1188254 0.7566818 0.4801563 0.4804433 0.4917314 0.4453507 0.4708216 0.4586074 0.4479555 0.0000000 0.4593727 0.4921525 0.4796543 0.4399705 0.4320514 0.4270414 0.4203128 0.4231588 0.4758808 0.4311114 0.4522880 0.4620559 0.4615095 0.4068024 0.4056201 0.3971512 0.4552531 0.4152561 0.4252530 0.4171304 0.4190199 0.4284412 0.4094090 0.4044130 0.4211849 0.4038201 0.3551211 0.5847599 0.6154422 0.5695766 0.7745446 0.9955468 1.0549863 0.9987790 0.9189945 0.9805008 1.0980402 1.1908255 0.9528171 0.8377701 0.8742969 0.8654312 0.9215831 0.8970759 0.8053395 0.8583494 0.8414756 0.8269932 0.9320244 0.7666749 1.1277829 1.0660755 0.9652981 0.9856185 0.9811570 1.0096843 0.9961108 0.9637361 0.9491632 0.8649714 0.8868364 0.8607587 0.8342808 0.8894520 0.8834938 0.8788310 0.8485148 0.8941911 0.8326653 2.8794294 2.3710754 2.2511483 2.2314560 
B.BR.10.10BR_PE013.KT427743            0.8825554 1.1547580 1.2640509 1.1979330 1.1957944 1.2031830 1.1129699 1.1501650 1.1217665 1.1465230 1.1541708 1.0953497 1.1452854 1.1957704 1.1273714 1.1754499 1.1356629 1.0790668 0.6855628 0.3982677 0.4160803 0.4762929 0.4560858 0.4766782 0.4573433 0.4575416 0.4593727 0.0000000 0.5134526 0.4022895 0.4307477 0.4394633 0.3533341 0.4324782 0.4173594 0.4788160 0.4086674 0.4732450 0.4619262 0.4587092 0.3688115 0.3615150 0.3675697 0.4488963 0.4163828 0.4358719 0.4258612 0.4132978 0.4087361 0.4040872 0.4148299 0.4264038 0.4067262 0.3524106 0.5714161 0.5984066 0.5619688 0.7737111 1.0004262 0.9754205 0.9956114 0.8688606 0.9224308 1.0815962 1.1463015 0.8968514 0.8279909 0.8624253 0.8250864 0.9191654 0.8871563 0.7989760 0.8488004 0.8329997 0.8103349 0.9132159 0.7672084 1.1312706 1.0419123 0.9383838 0.9418134 0.9657735 0.9646889 0.9552673 0.9193479 0.9116331 0.8589208 0.8807806 0.8668822 0.8250217 0.8414745 0.8745808 0.8472453 0.8233022 0.8959426 0.8240451 2.9550148 2.2884480 2.2271732 2.2258329 
B.US.15.2521.KX505446                  0.9343754 1.2034298 1.3561264 1.3039174 1.3261690 1.2716608 1.2010490 1.2455107 1.1737850 1.2477265 1.2378698 1.2035942 1.1836040 1.2371272 1.2136791 1.2655084 1.2188256 1.1459147 0.7763903 0.5406801 0.5428036 0.5119247 0.4883992 0.5091488 0.5079675 0.5006412 0.4921525 0.5134526 0.0000000 0.5188288 0.4691246 0.4763141 0.4687761 0.4656446 0.4698989 0.4599068 0.4774322 0.4111946 0.4595922 0.4462477 0.4483638 0.4511099 0.4424504 0.4416474 0.3969438 0.4236900 0.4146577 0.3997794 0.4224442 0.3998113 0.4024127 0.4162766 0.4063079 0.3492076 0.6384547 0.6640891 0.6389741 0.8235542 1.0691302 1.0902125 1.0378616 0.9371734 1.0159315 1.1562301 1.2275026 0.9827959 0.9042739 0.9207460 0.9004937 0.9655081 0.9366925 0.8702310 0.9037413 0.9019301 0.8739642 0.9857999 0.8277265 1.2269777 1.1207329 1.0244976 1.0380915 1.0387633 1.0482152 1.0401138 0.9945500 0.9685805 0.9156413 0.9008618 0.9261318 0.8753342 0.9312033 0.9195338 0.9112550 0.8839874 0.9828169 0.9062638 3.0301886 2.3694585 2.3480689 2.3370016 
BF1.BR.00.BREPM13853.DQ085875          0.8895523 1.1758701 1.3597870 1.2973347 1.2591179 1.2492375 1.2091683 1.1939307 1.1902201 1.2376850 1.2188043 1.1559920 1.1701234 1.2248792 1.2078750 1.2220985 1.1742384 1.1514503 0.6579159 0.4327440 0.4005492 0.5159276 0.4724631 0.4908627 0.4797330 0.4866954 0.4796543 0.4022895 0.5188288 0.0000000 0.4648581 0.4726867 0.3499863 0.4500502 0.4410485 0.5121983 0.4363630 0.4851078 0.4828279 0.4838024 0.3896010 0.3910054 0.3894467 0.4493524 0.4482309 0.4562601 0.4464376 0.4334638 0.4333018 0.4431830 0.4368864 0.4591632 0.4341777 0.3892102 0.5957161 0.6134289 0.5977693 0.8045845 1.0256313 1.0220497 1.0088896 0.9021753 0.9467731 1.1132826 1.1899407 0.9387168 0.8536043 0.8666535 0.8882280 0.9344944 0.9009255 0.8066670 0.8697523 0.8429578 0.8489137 0.9467215 0.7932246 1.1838448 1.0896308 0.9822150 0.9846578 1.0061616 0.9988415 0.9983185 0.9516999 0.9533892 0.8865438 0.9012001 0.8853417 0.8552458 0.8825916 0.8889408 0.8940909 0.8746204 0.9129248 0.8408285 3.0882186 2.3739656 2.3047543 2.2957826 
B.TH.06.AA010a_WG3.JX446800            0.8619183 1.1668116 1.2642210 1.2180501 1.2031392 1.2367538 1.1531256 1.1829684 1.1523737 1.1719471 1.2028759 1.1306185 1.1455244 1.1943674 1.1529769 1.1873605 1.1423934 1.1351734 0.7419753 0.4633247 0.4667320 0.4647134 0.4017271 0.4158232 0.4085771 0.4005333 0.4399705 0.4307477 0.4691246 0.4648581 0.0000000 0.3988685 0.4159618 0.3844004 0.4003132 0.4606587 0.3966471 0.4397541 0.4420427 0.4365748 0.3898886 0.3868274 0.3721258 0.4314750 0.3962218 0.4157403 0.4038055 0.3855717 0.4017527 0.3861622 0.3940099 0.4165299 0.3937855 0.3431765 0.5770300 0.5969129 0.5647531 0.7630915 0.9875993 1.0126237 0.9689974 0.8736936 0.9165004 1.0759005 1.1505782 0.8976995 0.8096503 0.8382930 0.8195501 0.9092929 0.8542624 0.7838292 0.8454250 0.8292858 0.8214152 0.8974414 0.7498694 1.1142595 1.0384632 0.9456480 0.9359250 0.9515178 0.9512737 0.9458551 0.9067669 0.9097870 0.8563459 0.8587714 0.8500603 0.7911297 0.8440913 0.8566657 0.8608161 0.8052433 0.8656140 0.8120096 2.9613254 2.3016505 2.2590080 2.2069851 
B.JP.04.DR6174.AB480692                0.8673005 1.1471607 1.3205007 1.1915597 1.2077488 1.1819134 1.1052645 1.1452505 1.1063164 1.1774776 1.1609923 1.0812603 1.1448541 1.1774349 1.1531616 1.1720246 1.1317552 1.0906071 0.7226148 0.4676514 0.4701546 0.4783237 0.3933088 0.4150901 0.4092710 0.4022583 0.4320514 0.4394633 0.4763141 0.4726867 0.3988685 0.0000000 0.4123714 0.3668774 0.4123984 0.4686431 0.4127489 0.4477380 0.4379224 0.4428583 0.3909463 0.3918053 0.3768058 0.4327116 0.4020542 0.4072415 0.4122876 0.3987796 0.4132252 0.3890395 0.4017597 0.4269473 0.3939921 0.3430000 0.5858209 0.6158607 0.5734407 0.7826323 1.0144522 1.0386775 0.9657255 0.8902684 0.9452059 1.0913895 1.1538695 0.9370401 0.8349724 0.8908683 0.8281577 0.9238079 0.8898356 0.8095902 0.8605985 0.8431385 0.8309934 0.9232797 0.7642311 1.1410665 1.1010742 0.9573118 0.9617833 0.9793542 0.9791750 0.9761460 0.9405992 0.9310167 0.8776115 0.8885989 0.8610264 0.8130589 0.8706133 0.9130044 0.8375845 0.8233616 0.8885506 0.8290323 3.1436123 2.3780902 2.3324454 2.3310668 
B.BR.02.02BR2041.JN692443              0.8649402 1.1169646 1.2573374 1.1692540 1.1784752 1.1687937 1.1048548 1.1149090 1.0995147 1.1521258 1.1407371 1.0672889 1.1090320 1.1488189 1.1138577 1.1650314 1.0947752 1.0659448 0.6436197 0.3830370 0.3723059 0.4673726 0.4155258 0.4436098 0.4329217 0.4266352 0.4270414 0.3533341 0.4687761 0.3499863 0.4159618 0.4123714 0.0000000 0.4023855 0.3953045 0.4581332 0.3888934 0.4313645 0.4430817 0.4456406 0.3409077 0.3370649 0.3447330 0.4211803 0.4021744 0.4136899 0.4096459 0.3960397 0.3968546 0.3917091 0.3865377 0.4025219 0.3836059 0.3395165 0.5644301 0.5898967 0.5616811 0.7335780 0.9345522 1.0117347 0.9598265 0.8705533 0.9110740 1.0589236 1.1213473 0.8708524 0.8007393 0.8148561 0.8061995 0.8835958 0.8225800 0.7554602 0.8103988 0.7879009 0.7986903 0.8839996 0.7387302 1.1025251 1.0204695 0.9250446 0.9230535 0.9364922 0.9591447 0.9438830 0.9002997 0.8891102 0.8415017 0.8383678 0.8266783 0.7979110 0.8316261 0.8571399 0.8067730 0.7970363 0.8631922 0.8268916 2.9259495 2.3105530 2.2797487 2.2519110 
B.DE.10.iso4_w10.KU612900              0.8723077 1.1261034 1.2694192 1.2029768 1.1807553 1.1968081 1.1103675 1.1136272 1.0999392 1.1686490 1.1352705 1.0734978 1.1180111 1.1513871 1.1196756 1.1448001 1.1145963 1.0877840 0.7032851 0.4536833 0.4575382 0.4726474 0.3861596 0.3893545 0.3769630 0.3734156 0.4203128 0.4324782 0.4656446 0.4500502 0.3844004 0.3668774 0.4023855 0.0000000 0.4039510 0.4394975 0.4022955 0.4366928 0.4194860 0.4265575 0.3803458 0.3722244 0.3560769 0.4146550 0.3862746 0.4024077 0.3979158 0.3862492 0.3893129 0.3820445 0.3757372 0.4009086 0.3835094 0.3319300 0.5596514 0.5868279 0.5620602 0.7388927 0.9927210 1.0124573 0.9433480 0.8639373 0.9097703 1.0726994 1.1334166 0.9164996 0.7986965 0.8392097 0.8236538 0.8963350 0.8621800 0.7855430 0.8392405 0.8191540 0.7943406 0.8854681 0.7481107 1.1095035 1.0402482 0.9271533 0.9252326 0.9589836 0.9672018 0.9617647 0.8920454 0.8931915 0.8358133 0.8417189 0.8327783 0.7766822 0.8720290 0.8537989 0.8557005 0.8049653 0.8676863 0.8049837 2.8925407 2.3011181 2.2658065 2.2787605 
B.BR.10.10BR_PE101.KT427697            0.8322820 1.0907300 1.2428918 1.1760694 1.1828936 1.1628859 1.0901126 1.1221859 1.0705537 1.1239055 1.1154222 1.0400087 1.0679753 1.1172879 1.0822003 1.1152988 1.0808901 1.0524392 0.6911790 0.4456093 0.4606143 0.4678229 0.4162937 0.4385066 0.4304896 0.4244457 0.4231588 0.4173594 0.4698989 0.4410485 0.4003132 0.4123984 0.3953045 0.4039510 0.0000000 0.4519948 0.3884773 0.4412956 0.4339772 0.4440159 0.3720309 0.3755664 0.3546822 0.4248332 0.3905223 0.4038836 0.3975615 0.3781090 0.3966178 0.3858942 0.3852681 0.3951612 0.3845925 0.3325767 0.5437469 0.5835998 0.5523859 0.7404620 0.9613974 0.9748693 0.9176673 0.8502567 0.9047173 1.0233476 1.1162502 0.8636861 0.7813618 0.8033193 0.8041537 0.8463471 0.8469726 0.7544144 0.8098553 0.7876372 0.7654942 0.8778420 0.7219553 1.1302531 1.0073825 0.9047908 0.9152678 0.9272740 0.9199227 0.9297354 0.8739998 0.8756952 0.8278583 0.8291905 0.8165343 0.7864613 0.8370160 0.8574872 0.8397460 0.7970490 0.8495023 0.8116792 2.9389389 2.2299954 2.2882506 2.2296728 
B.GB.14.14535_1_7.3.MF109534           0.9193641 1.1937407 1.3194923 1.2772387 1.2521583 1.2083292 1.1770780 1.1698271 1.1460383 1.2119240 1.2086276 1.1666802 1.1663449 1.2168548 1.1835786 1.1806802 1.1509463 1.1519431 0.7556319 0.5058776 0.5147998 0.4969592 0.4808769 0.4992073 0.4836913 0.4881090 0.4758808 0.4788160 0.4599068 0.5121983 0.4606587 0.4686431 0.4581332 0.4394975 0.4519948 0.0000000 0.4503285 0.4343715 0.4115604 0.4246310 0.4388134 0.4297309 0.4296531 0.4131850 0.3719583 0.4051967 0.4019962 0.3554636 0.3932839 0.3729506 0.3841431 0.4035672 0.3872365 0.3327179 0.6160449 0.6372053 0.6094400 0.8058767 1.0601498 1.0650266 1.0096709 0.9223616 0.9927629 1.1315945 1.2063094 0.9405499 0.8776826 0.8578012 0.8595825 0.9393007 0.9040489 0.8229975 0.8509620 0.8603276 0.8333173 0.9582211 0.8316244 1.1784490 1.1142093 0.9895466 0.9940465 1.0153559 1.0373933 1.0202870 0.9865531 0.9838142 0.9114569 0.9280676 0.9012389 0.8555589 0.9003715 0.9113327 0.9018863 0.8489457 0.9272821 0.8672159 2.9242026 2.3753342 2.3170302 2.3165672 
B.US.15.3693.KX505555                  0.7922479 1.0352072 1.1912659 1.1293088 1.1270256 1.1369325 1.0537002 1.0847810 1.0506651 1.0942382 1.0989183 1.0255857 1.0603765 1.1045508 1.1028982 1.0955451 1.0617173 1.0108988 0.7001715 0.4360868 0.4443755 0.4599300 0.4258215 0.4301903 0.4244422 0.4182692 0.4311114 0.4086674 0.4774322 0.4363630 0.3966471 0.4127489 0.3888934 0.4022955 0.3884773 0.4503285 0.0000000 0.4354211 0.4399614 0.4376310 0.3584045 0.3658979 0.3510852 0.4230381 0.4002738 0.4101596 0.4026510 0.3861541 0.3932386 0.3950145 0.3832984 0.4014214 0.3895402 0.3279781 0.5128498 0.5296338 0.4895696 0.7002327 0.8969271 0.9311705 0.9029875 0.8157750 0.8667678 1.0050305 1.0706128 0.8200940 0.7517019 0.7559573 0.7547057 0.8209245 0.7699466 0.7139473 0.7504385 0.7437118 0.7361813 0.8271875 0.6936398 1.0769357 0.9852716 0.8799537 0.8737356 0.9157621 0.8972803 0.8897337 0.8402137 0.8350639 0.7700358 0.7964058 0.7727530 0.7363921 0.7933294 0.7816438 0.7772039 0.7543691 0.8022049 0.7458290 2.8333175 2.2333879 2.1605561 2.1353991 
B.GB.14.13659_1_64.3.MF109452          0.8990258 1.1464158 1.3115540 1.2130918 1.2055328 1.2305264 1.1350491 1.1692692 1.1403504 1.1875244 1.1804064 1.1101938 1.1403180 1.1901397 1.1595622 1.1847245 1.1242767 1.1266358 0.7327585 0.5052193 0.4959104 0.4788231 0.4596762 0.4714673 0.4629586 0.4567218 0.4522880 0.4732450 0.4111946 0.4851078 0.4397541 0.4477380 0.4313645 0.4366928 0.4412956 0.4343715 0.4354211 0.0000000 0.4192347 0.4165335 0.4274458 0.4164627 0.3951458 0.4015626 0.3762368 0.3967408 0.3884137 0.3757993 0.3962438 0.3658439 0.3747756 0.3923505 0.3794447 0.3257897 0.5963054 0.6250585 0.6137270 0.7819247 1.0285103 1.0635107 0.9881274 0.8933881 0.9661527 1.1131648 1.1800797 0.9525812 0.8434137 0.8685191 0.8655014 0.9161849 0.9062275 0.8120122 0.8646479 0.8420645 0.8310099 0.9344114 0.7852705 1.1470760 1.0804777 0.9536714 0.9644429 0.9944065 1.0030091 0.9741117 0.9507353 0.9375935 0.8500166 0.8736906 0.8743271 0.8273168 0.8797285 0.8918920 0.8481607 0.8487016 0.9026763 0.8327035 2.9328272 2.3936414 2.3269597 2.3168094 
