94
RESTV_M.fas-tc_USA_89_Philippines89-Pennsylvania_NC_004161 0.0000000 0.0263804 0.0329701 2.0106120 2.0100887 2.2514655 2.1422402 2.0631571 2.0627904 2.0651887 2.0643654 2.0954291 2.0962575 2.0948849 2.0995307 2.0965720 2.0999714 2.0995247 2.0998447 2.1018719 2.1001247 2.1011054 2.1010354 2.1016379 2.1016379 2.1022364 2.1001540 2.1032227 2.0999411 2.0999411 2.0990740 2.1003002 2.0991328 2.0996945 2.0996945 2.0994478 2.1018127 2.1015271 2.0980340 2.1022521 2.1022521 2.1020320 2.1004418 2.0993757 2.1024867 2.1001952 2.1001952 2.0999139 2.0999671 2.0999671 2.0996672 2.0994894 2.1008459 2.1007851 2.1016161 2.1022500 2.0995237 2.0999671 2.0999671 2.1022759 2.1000058 2.0996333 2.1007351 2.1030316 2.1012104 2.1002178 2.0999583 2.0997975 2.0996857 2.1002914 2.1002914 2.1010324 2.1011278 2.0979282 2.1002218 2.1015959 2.1015950 2.1018648 2.1018648 2.0992271 2.0992311 2.0989508 2.1004568 2.0984135 2.0958489 2.0958489 2.0960990 2.0964819 2.0959335 2.0962940 2.0659642 2.0669195 2.0571883 2.0658651 
RESTV_S.dom-tc_PHL_08_Reston08-A_FJ621583                  0.0263804 0.0000000 0.0511588 2.0445748 2.0440316 2.2431296 2.1396683 2.0709078 2.0705410 2.0729458 2.0721206 2.1071371 2.1081866 2.1066544 2.1114488 2.1084691 2.1119278 2.1114764 2.1117949 2.1138313 2.1120803 2.1130686 2.1132231 2.1142465 2.1142465 2.1142923 2.1121079 2.1151920 2.1118934 2.1118934 2.1110202 2.1122592 2.1110846 2.1116467 2.1116467 2.1114000 2.1137739 2.1134869 2.1103585 2.1142473 2.1142473 2.1139928 2.1123941 2.1113196 2.1146367 2.1121474 2.1121474 2.1118657 2.1119198 2.1119198 2.1116190 2.1114358 2.1128006 2.1127391 2.1135769 2.1142121 2.1114703 2.1119198 2.1119198 2.1147504 2.1124659 2.1120882 2.1131973 2.1155083 2.1136774 2.1121717 2.1119101 2.1117446 2.1116381 2.1122506 2.1122506 2.1111458 2.1124390 2.1096827 2.1121814 2.1154948 2.1154939 2.1157663 2.1157663 2.1131137 2.1131189 2.1128358 2.1141264 2.1103577 2.1082225 2.1082225 2.1082487 2.1086365 2.1080827 2.1084441 2.0772399 2.0777082 2.0690382 2.0805844 
RESTV_S.dom-xx_PHL_08_Reston08-C_FJ621584                  0.0329701 0.0511588 0.0000000 2.0015783 2.0010611 2.2333496 2.1381796 2.0590558 2.0589108 2.0610832 2.0601668 2.0913689 2.0922310 2.0917343 2.0955015 2.0925465 2.0963272 2.0954943 2.0958151 2.0980665 2.0963184 2.0972979 2.0974529 2.0978305 2.0978305 2.0977031 2.0961236 2.0991907 2.0959110 2.0959110 2.0954540 2.0966776 2.0955112 2.0960732 2.0960732 2.0958263 2.0975570 2.0972715 2.0937825 2.0979953 2.0979953 2.0977767 2.0964123 2.0953478 2.0982301 2.0961655 2.0961655 2.0958839 2.0959369 2.0959369 2.0956370 2.0955529 2.0968160 2.0967553 2.0975851 2.0982193 2.0954951 2.0959369 2.0959369 2.0987432 2.0964751 2.0961037 2.0972044 2.0994989 2.0976788 2.0961875 2.0959283 2.0957690 2.0956552 2.0962594 2.0962594 2.0970017 2.0970982 2.0939003 2.0961896 2.0975650 2.0975640 2.0978334 2.0978334 2.0951968 2.0952005 2.0948895 2.0951292 2.0943843 2.0938014 2.0938014 2.0920737 2.0924554 2.0942728 2.0946338 2.0638403 2.0646993 2.0537942 2.0632199 
SUDV_H.sap-xx_UGA_12_EboSud-603_KC545390                   2.0106120 2.0445748 2.0015783 0.0000000 0.0002558 2.2715105 2.2662949 2.1031047 2.1036321 2.1035133 2.1053425 2.1424778 2.1404221 2.1389681 2.1419072 2.1426775 2.1408080 2.1403611 2.1394435 2.1426713 2.1403852 2.1421284 2.1416878 2.1426962 2.1426962 2.1431188 2.1414683 2.1413049 2.1402787 2.1402787 2.1412214 2.1419546 2.1410027 2.1406728 2.1406728 2.1408385 2.1424028 2.1415803 2.1387287 2.1413341 2.1413341 2.1416161 2.1406925 2.1392752 2.1413176 2.1404444 2.1404444 2.1408100 2.1407199 2.1407199 2.1409758 2.1414337 2.1404024 2.1409886 2.1436228 2.1430354 2.1416492 2.1403268 2.1403268 2.1392290 2.1394383 2.1391744 2.1397062 2.1407457 2.1403626 2.1405827 2.1381892 2.1399798 2.1400430 2.1414136 2.1414136 2.1405919 2.1402383 2.1407552 2.1412668 2.1412768 2.1431642 2.1412298 2.1412298 2.1401260 2.1404289 2.1419280 2.1413463 2.1403997 2.1399067 2.1399067 2.1393127 2.1392549 2.1429196 2.1426357 2.1145519 2.1145182 2.1197892 2.1141057 
SUDV_H.sap-xx_UGA_12_EboSud-609_KC545391                   2.0100887 2.0440316 2.0010611 0.0002558 0.0000000 2.2735102 2.2654962 2.1042567 2.1047841 2.1046654 2.1064964 2.1436555 2.1415981 2.1401435 2.1430842 2.1438553 2.1419846 2.1415372 2.1406194 2.1438493 2.1415618 2.1433057 2.1428641 2.1438736 2.1438736 2.1442964 2.1426447 2.1424811 2.1414549 2.1414549 2.1423983 2.1431316 2.1421791 2.1418491 2.1418491 2.1420149 2.1435797 2.1427572 2.1399034 2.1425106 2.1425106 2.1427930 2.1418687 2.1404506 2.1424938 2.1416206 2.1416206 2.1419863 2.1418962 2.1418962 2.1421521 2.1426106 2.1415786 2.1421649 2.1448010 2.1442136 2.1428259 2.1415030 2.1415030 2.1404046 2.1406137 2.1403504 2.1408830 2.1419226 2.1415387 2.1417589 2.1393642 2.1411553 2.1412192 2.1425904 2.1425904 2.1417683 2.1414145 2.1419315 2.1424435 2.1424536 2.1443422 2.1424066 2.1424066 2.1413022 2.1416051 2.1431054 2.1425231 2.1415763 2.1410829 2.1410829 2.1404887 2.1404304 2.1440972 2.1438132 2.1163271 2.1162939 2.1215694 2.1152633 
TAFV_H.sap-tc_CIV_94_Pauleoula-CI_NC_014372                2.2514655 2.2431296 2.2333496 2.2715105 2.2735102 0.0000000 0.8040275 1.4201375 1.4198657 1.4190009 1.4219831 1.4366170 1.4362775 1.4387647 1.4359313 1.4360484 1.4360409 1.4355260 1.4354234 1.4368352 1.4355107 1.4365658 1.4361486 1.4357385 1.4357385 1.4363477 1.4360170 1.4354517 1.4355408 1.4355408 1.4370417 1.4361216 1.4361709 1.4358617 1.4358617 1.4360844 1.4345661 1.4343901 1.4362912 1.4341781 1.4341781 1.4344117 1.4356905 1.4365964 1.4375333 1.4354825 1.4354825 1.4353069 1.4358660 1.4358660 1.4357004 1.4362144 1.4368666 1.4364096 1.4358164 1.4361562 1.4361991 1.4355995 1.4355995 1.4352338 1.4348420 1.4364235 1.4355769 1.4354939 1.4348348 1.4358290 1.4347045 1.4352425 1.4358763 1.4361362 1.4361362 1.4346628 1.4365429 1.4374781 1.4352057 1.4351817 1.4367810 1.4356045 1.4356045 1.4351434 1.4351649 1.4351068 1.4358477 1.4363862 1.4369804 1.4369804 1.4349270 1.4344138 1.4348574 1.4346819 1.4326497 1.4352561 1.4373377 1.4322447 
BDBV_H.sap-xx_COD_12_EboBund-122_KC545395                  2.1422402 2.1396683 2.1381796 2.2662949 2.2654962 0.8040275 0.0000000 1.3829340 1.3829398 1.3828240 1.3812916 1.4031279 1.4000204 1.4022453 1.4008086 1.4006633 1.4027774 1.4029092 1.4027557 1.4045840 1.4039641 1.4036993 1.4046030 1.4034580 1.4034580 1.4030821 1.4017529 1.4025024 1.4028141 1.4028141 1.4029936 1.4027487 1.4022550 1.4025025 1.4025025 1.4027228 1.4025285 1.4025036 1.4032781 1.4016375 1.4016375 1.4025246 1.4029614 1.4033839 1.4046497 1.4027560 1.4027560 1.4025295 1.4029653 1.4029653 1.4023240 1.4034679 1.4038439 1.4036695 1.4035141 1.4038485 1.4018910 1.4027621 1.4022634 1.4015257 1.4024792 1.4029524 1.4027061 1.4017681 1.4022643 1.4029886 1.4027201 1.4028438 1.4025357 1.4032808 1.4032808 1.4009344 1.4043392 1.4043160 1.4041168 1.4032237 1.4030866 1.4014067 1.4014067 1.4021184 1.4022867 1.4031131 1.4008474 1.4027003 1.4013559 1.4013559 1.4013993 1.4003991 1.4029665 1.4029627 1.3999571 1.4012594 1.3983174 1.3950999 
EBOV_H.sap-tc_COD_07_1Luebo_KC242786                       2.0631571 2.0709078 2.0590558 2.1031047 2.1042567 1.4201375 1.3829340 0.0000000 0.0002551 0.0002551 0.0006123 0.0324870 0.0313649 0.0319921 0.0315247 0.0316353 0.0319364 0.0315964 0.0318790 0.0322826 0.0320996 0.0319897 0.0324349 0.0319867 0.0319867 0.0322686 0.0325592 0.0322707 0.0317084 0.0317084 0.0322116 0.0319334 0.0319880 0.0318201 0.0318201 0.0318761 0.0321564 0.0319888 0.0326101 0.0323864 0.0323864 0.0321006 0.0318199 0.0321010 0.0324942 0.0317643 0.0317643 0.0318205 0.0317637 0.0317637 0.0318765 0.0319892 0.0322103 0.0320427 0.0323205 0.0324882 0.0320443 0.0318756 0.0319876 0.0322703 0.0322719 0.0326619 0.0326698 0.0325522 0.0322126 0.0319314 0.0322133 0.0319881 0.0319318 0.0320451 0.0320451 0.0323840 0.0322737 0.0321568 0.0321540 0.0323324 0.0323903 0.0324410 0.0324410 0.0320492 0.0321086 0.0323872 0.0322734 0.0312515 0.0310271 0.0310271 0.0310744 0.0310895 0.0310776 0.0311336 0.0242247 0.0247912 0.0234666 0.0213643 
EBOV_H.sap-tc_COD_07_M-M_HQ613403                          2.0627904 2.0705410 2.0589108 2.1036321 2.1047841 1.4198657 1.3829398 0.0002551 0.0000000 0.0003061 0.0006633 0.0325403 0.0314181 0.0320454 0.0315779 0.0316885 0.0319896 0.0316497 0.0319323 0.0323359 0.0321528 0.0320430 0.0324882 0.0320399 0.0320399 0.0323218 0.0326125 0.0323240 0.0317616 0.0317616 0.0322649 0.0319867 0.0320413 0.0318734 0.0318734 0.0319293 0.0322097 0.0320420 0.0326099 0.0324397 0.0324397 0.0321539 0.0318731 0.0321543 0.0325475 0.0318176 0.0318176 0.0318738 0.0318169 0.0318169 0.0319298 0.0320424 0.0322636 0.0320959 0.0323738 0.0325415 0.0320975 0.0319289 0.0320408 0.0323236 0.0323252 0.0327152 0.0327231 0.0326055 0.0322659 0.0319846 0.0322666 0.0320413 0.0319851 0.0320984 0.0320984 0.0324373 0.0323269 0.0322100 0.0322073 0.0323857 0.0324435 0.0324943 0.0324943 0.0321025 0.0321618 0.0324405 0.0323266 0.0313047 0.0310803 0.0310803 0.0311275 0.0311427 0.0311308 0.0311868 0.0242773 0.0248439 0.0235192 0.0214167 
EBOV_H.sap-tc_COD_07_5Luebo_KC242790                       2.0651887 2.0729458 2.0610832 2.1035133 2.1046654 1.4190009 1.3828240 0.0002551 0.0003061 0.0000000 0.0006633 0.0325483 0.0314258 0.0320533 0.0315857 0.0316963 0.0319975 0.0316575 0.0319402 0.0323438 0.0321608 0.0320509 0.0324962 0.0320478 0.0320478 0.0323298 0.0326206 0.0323319 0.0317694 0.0317694 0.0322728 0.0319945 0.0320491 0.0318812 0.0318812 0.0319372 0.0322176 0.0320499 0.0326714 0.0324477 0.0324477 0.0321618 0.0318809 0.0321622 0.0325555 0.0318254 0.0318254 0.0318816 0.0318248 0.0318248 0.0319376 0.0320503 0.0322715 0.0321038 0.0323818 0.0325495 0.0321054 0.0319367 0.0320487 0.0323315 0.0323332 0.0327233 0.0327311 0.0326135 0.0322739 0.0319925 0.0322745 0.0320492 0.0319929 0.0321063 0.0321063 0.0324453 0.0323349 0.0322180 0.0322152 0.0323936 0.0324515 0.0325023 0.0325023 0.0321104 0.0321698 0.0324485 0.0323346 0.0313124 0.0310879 0.0310879 0.0311352 0.0311504 0.0311384 0.0311945 0.0242833 0.0248500 0.0235249 0.0214219 
EBOV_H.sap-tc_COD_08_034-KS_HQ613402                       2.0643654 2.0721206 2.0601668 2.1053425 2.1064964 1.4219831 1.3812916 0.0006123 0.0006633 0.0006633 0.0000000 0.0328243 0.0317011 0.0323291 0.0318610 0.0319717 0.0322732 0.0319330 0.0322158 0.0326198 0.0324366 0.0323266 0.0327721 0.0323235 0.0323235 0.0326057 0.0328967 0.0326079 0.0320450 0.0320450 0.0325486 0.0322702 0.0323249 0.0321568 0.0321568 0.0322129 0.0324934 0.0323257 0.0329476 0.0327237 0.0327237 0.0324376 0.0321566 0.0324380 0.0328315 0.0321010 0.0321010 0.0321572 0.0321003 0.0321003 0.0322133 0.0323261 0.0325474 0.0323796 0.0326577 0.0328255 0.0323812 0.0322124 0.0323245 0.0326074 0.0326091 0.0329994 0.0330073 0.0328896 0.0325497 0.0322682 0.0325504 0.0323249 0.0322686 0.0323821 0.0323821 0.0327213 0.0326108 0.0324938 0.0324910 0.0326696 0.0327276 0.0327783 0.0327783 0.0323862 0.0324456 0.0327245 0.0326105 0.0315876 0.0313630 0.0313630 0.0314103 0.0314256 0.0314135 0.0314696 0.0246627 0.0252302 0.0239039 0.0217986 
EBOV_H.sap-wt_GIN_14_Makona-Gueckedou-EM_080076_KR817235   2.0954291 2.1071371 2.0913689 2.1424778 2.1436555 1.4366170 1.4031279 0.0324870 0.0325403 0.0325483 0.0328243 0.0000000 0.0013798 0.0020981 0.0021491 0.0022516 0.0023556 0.0020472 0.0023552 0.0027154 0.0025093 0.0024067 0.0028177 0.0026122 0.0026122 0.0026636 0.0029216 0.0026637 0.0021499 0.0021499 0.0027149 0.0024581 0.0025093 0.0023552 0.0023552 0.0024066 0.0025608 0.0025094 0.0031266 0.0028181 0.0028181 0.0025094 0.0022525 0.0025094 0.0028694 0.0022012 0.0022012 0.0022526 0.0023039 0.0023039 0.0023039 0.0024067 0.0027148 0.0025607 0.0027154 0.0028696 0.0024580 0.0023039 0.0024066 0.0027665 0.0028179 0.0031265 0.0032302 0.0030238 0.0027150 0.0023552 0.0026122 0.0025093 0.0023552 0.0024581 0.0024581 0.0027667 0.0026640 0.0025608 0.0026635 0.0026128 0.0027672 0.0028182 0.0028182 0.0024584 0.0026639 0.0027669 0.0026640 0.0017389 0.0017392 0.0017392 0.0017900 0.0017909 0.0017902 0.0018415 0.0370613 0.0376588 0.0361619 0.0343019 
EBOV_H.sap-wt_GIN_14_Makona-Gueckedou-EM_079702_KR817210   2.0962575 2.1081866 2.0922310 2.1404221 2.1415981 1.4362775 1.4000204 0.0313649 0.0314181 0.0314258 0.0317011 0.0013798 0.0000000 0.0011242 0.0011752 0.0012775 0.0013806 0.0010732 0.0013804 0.0017394 0.0015341 0.0014317 0.0018416 0.0016366 0.0016366 0.0015854 0.0019449 0.0016880 0.0011756 0.0011756 0.0017391 0.0014829 0.0015341 0.0013804 0.0013804 0.0014317 0.0015854 0.0015342 0.0021496 0.0018419 0.0018419 0.0015342 0.0012780 0.0015342 0.0018931 0.0012268 0.0012268 0.0012780 0.0013292 0.0013292 0.0013292 0.0014317 0.0017391 0.0015853 0.0017905 0.0019444 0.0014829 0.0013292 0.0014317 0.0017905 0.0018418 0.0021496 0.0022528 0.0020471 0.0017392 0.0013804 0.0016367 0.0015341 0.0013804 0.0014829 0.0014829 0.0017906 0.0016882 0.0015854 0.0016879 0.0017396 0.0017910 0.0018420 0.0018420 0.0014831 0.0016881 0.0017908 0.0016882 0.0007654 0.0007654 0.0007654 0.0008165 0.0008175 0.0008165 0.0008675 0.0359241 0.0365190 0.0350271 0.0332275 
EBOV_H.sap-wt_GIN_14_Makona-Gueckedou-EM_079587_KR817202   2.0948849 2.1066544 2.0917343 2.1389681 2.1401435 1.4387647 1.4022453 0.0319921 0.0320454 0.0320533 0.0323291 0.0020981 0.0011242 0.0000000 0.0016880 0.0017905 0.0018941 0.0015861 0.0018938 0.0022536 0.0020478 0.0019452 0.0023558 0.0021505 0.0021505 0.0022019 0.0024595 0.0022020 0.0016886 0.0016886 0.0022531 0.0019965 0.0020478 0.0018938 0.0018938 0.0019451 0.0020992 0.0020478 0.0026644 0.0023562 0.0023562 0.0020478 0.0017912 0.0020479 0.0024074 0.0017399 0.0017399 0.0017912 0.0018425 0.0018425 0.0018425 0.0019452 0.0022531 0.0020991 0.0023047 0.0024588 0.0019965 0.0018425 0.0019451 0.0023047 0.0023560 0.0026644 0.0027678 0.0025617 0.0022532 0.0018938 0.0021506 0.0020478 0.0018938 0.0019965 0.0019965 0.0023048 0.0022022 0.0020992 0.0022018 0.0022537 0.0023052 0.0023563 0.0023563 0.0019968 0.0022021 0.0023050 0.0022022 0.0012782 0.0012784 0.0012784 0.0013293 0.0013300 0.0013294 0.0013806 0.0365612 0.0371578 0.0356626 0.0338587 
EBOV_H.sap-wt_GIN_14_Makona-Gueckedou-EM_079750_KR817213   2.0995307 2.1114488 2.0955015 2.1419072 2.1430842 1.4359313 1.4008086 0.0315247 0.0315779 0.0315857 0.0318610 0.0021491 0.0011752 0.0016880 0.0000000 0.0003061 0.0016368 0.0013292 0.0016366 0.0019959 0.0017904 0.0016879 0.0020981 0.0018930 0.0018930 0.0019443 0.0022015 0.0019444 0.0014316 0.0014316 0.0019955 0.0017392 0.0017904 0.0016366 0.0016366 0.0016878 0.0018417 0.0017904 0.0024063 0.0020984 0.0020984 0.0017904 0.0015341 0.0017904 0.0021496 0.0014829 0.0014829 0.0015341 0.0015853 0.0015853 0.0015854 0.0016879 0.0019954 0.0018416 0.0020470 0.0022009 0.0017391 0.0015853 0.0016878 0.0020469 0.0020982 0.0024062 0.0025095 0.0023037 0.0019955 0.0016366 0.0018930 0.0017904 0.0016366 0.0017392 0.0017392 0.0020471 0.0019446 0.0018417 0.0019442 0.0019960 0.0020474 0.0020985 0.0020985 0.0017394 0.0019445 0.0020473 0.0019445 0.0010207 0.0010219 0.0010219 0.0010718 0.0010733 0.0010729 0.0011241 0.0360849 0.0366801 0.0353004 0.0334996 
EBOV_H.sap-wt_GIN_14_Makona-Gueckedou-EM_079910_KR817221   2.0965720 2.1084691 2.0925465 2.1426775 2.1438553 1.4360484 1.4006633 0.0316353 0.0316885 0.0316963 0.0319717 0.0022516 0.0012775 0.0017905 0.0003061 0.0000000 0.0017393 0.0014316 0.0017390 0.0020984 0.0018929 0.0017904 0.0022007 0.0019955 0.0019955 0.0020468 0.0023041 0.0020469 0.0015341 0.0015341 0.0020980 0.0018417 0.0018929 0.0017390 0.0017390 0.0017903 0.0019442 0.0018929 0.0025089 0.0022010 0.0022010 0.0018929 0.0016365 0.0018929 0.0022522 0.0015853 0.0015853 0.0016366 0.0016878 0.0016878 0.0016878 0.0017904 0.0020980 0.0019441 0.0021495 0.0023035 0.0018416 0.0016878 0.0017903 0.0021495 0.0022008 0.0025089 0.0026122 0.0024063 0.0020981 0.0017390 0.0019955 0.0018929 0.0017390 0.0018417 0.0018417 0.0021497 0.0020471 0.0019442 0.0020468 0.0020986 0.0021500 0.0022010 0.0022010 0.0018419 0.0020471 0.0021498 0.0020471 0.0011240 0.0011242 0.0011242 0.0011751 0.0011757 0.0011752 0.0012264 0.0361968 0.0367923 0.0354121 0.0336108 
EBOV_H.sap-wt_LBR_14_Makona-LIBR0430_KR006955              2.0999714 2.1119278 2.0963272 2.1408080 2.1419846 1.4360409 1.4027774 0.0319364 0.0319896 0.0319975 0.0322732 0.0023556 0.0013806 0.0018941 0.0016368 0.0017393 0.0000000 0.0003061 0.0006123 0.0009697 0.0007654 0.0006633 0.0010718 0.0008675 0.0008675 0.0009186 0.0011754 0.0009186 0.0004081 0.0004081 0.0009697 0.0007144 0.0007654 0.0006123 0.0006123 0.0006633 0.0008165 0.0007654 0.0013799 0.0010728 0.0010728 0.0007654 0.0005102 0.0007654 0.0011240 0.0004592 0.0004592 0.0005102 0.0005612 0.0005612 0.0005612 0.0006633 0.0009697 0.0008165 0.0010207 0.0011751 0.0007144 0.0005612 0.0006633 0.0010207 0.0010718 0.0013798 0.0014826 0.0012775 0.0009697 0.0006123 0.0008675 0.0007654 0.0006123 0.0007144 0.0007144 0.0010207 0.0009186 0.0008165 0.0009186 0.0009707 0.0010731 0.0010729 0.0010729 0.0007144 0.0009186 0.0010218 0.0009186 0.0006123 0.0012273 0.0012273 0.0012781 0.0012788 0.0012783 0.0013295 0.0363916 0.0369878 0.0354934 0.0336905 
EBOV_H.sap-wt_SLE_14_Makona-G3734.1_KM233055               2.0995247 2.1114764 2.0954943 2.1403611 2.1415372 1.4355260 1.4029092 0.0315964 0.0316497 0.0316575 0.0319330 0.0020472 0.0010732 0.0015861 0.0013292 0.0014316 0.0003061 0.0000000 0.0003061 0.0006633 0.0004592 0.0003571 0.0007654 0.0005612 0.0005612 0.0006123 0.0008675 0.0006123 0.0001020 0.0001020 0.0006633 0.0004081 0.0004592 0.0003061 0.0003061 0.0003571 0.0005102 0.0004592 0.0010718 0.0007654 0.0007654 0.0004592 0.0002040 0.0004592 0.0008165 0.0001530 0.0001530 0.0002040 0.0002551 0.0002551 0.0002551 0.0003571 0.0006633 0.0005102 0.0007144 0.0008675 0.0004081 0.0002551 0.0003571 0.0007144 0.0007654 0.0010718 0.0011752 0.0009697 0.0006633 0.0003061 0.0005612 0.0004592 0.0003061 0.0004081 0.0004081 0.0007144 0.0006123 0.0005102 0.0006123 0.0006633 0.0007654 0.0007654 0.0007654 0.0004081 0.0006123 0.0007144 0.0006123 0.0003061 0.0009200 0.0009200 0.0009709 0.0009714 0.0009710 0.0010221 0.0360468 0.0366422 0.0351494 0.0333487 
EBOV_H.sap-wt_LBR_15_Makona-Liberia-DQE4_KR074998          2.0998447 2.1117949 2.0958151 2.1394435 2.1406194 1.4354234 1.4027557 0.0318790 0.0319323 0.0319402 0.0322158 0.0023552 0.0013804 0.0018938 0.0016366 0.0017390 0.0006123 0.0003061 0.0000000 0.0007654 0.0005612 0.0004592 0.0008675 0.0006633 0.0006633 0.0007144 0.0009697 0.0007144 0.0002040 0.0002040 0.0007654 0.0005102 0.0005612 0.0004081 0.0004081 0.0004592 0.0006123 0.0005612 0.0011750 0.0008675 0.0008675 0.0005612 0.0003061 0.0005612 0.0009186 0.0002551 0.0002551 0.0003061 0.0003571 0.0003571 0.0003571 0.0004592 0.0007654 0.0006123 0.0008165 0.0009697 0.0005102 0.0003571 0.0004592 0.0008165 0.0008675 0.0011740 0.0012776 0.0010718 0.0007654 0.0004081 0.0006633 0.0005612 0.0004081 0.0005102 0.0005102 0.0008165 0.0007144 0.0008165 0.0009186 0.0009697 0.0010730 0.0010718 0.0010718 0.0007144 0.0009186 0.0010207 0.0009186 0.0006123 0.0012271 0.0012271 0.0012780 0.0012786 0.0012781 0.0013293 0.0363334 0.0369294 0.0354353 0.0336328 
EBOV_H.sap-wt_GIN_14_Makona-Kankan-EM_078639_KR817166      2.1018719 2.1138313 2.0980665 2.1426713 2.1438493 1.4368352 1.4045840 0.0322826 0.0323359 0.0323438 0.0326198 0.0027154 0.0017394 0.0022536 0.0019959 0.0020984 0.0009697 0.0006633 0.0007654 0.0000000 0.0005102 0.0005102 0.0009186 0.0007144 0.0007144 0.0009697 0.0013291 0.0010729 0.0005612 0.0005612 0.0011239 0.0008675 0.0009186 0.0007654 0.0007654 0.0008165 0.0009697 0.0009186 0.0015336 0.0012264 0.0012264 0.0009186 0.0006633 0.0009186 0.0012776 0.0006123 0.0006123 0.0006633 0.0007144 0.0007144 0.0007144 0.0008165 0.0011239 0.0009697 0.0011752 0.0013287 0.0008675 0.0007144 0.0008165 0.0011752 0.0012263 0.0015335 0.0016364 0.0014312 0.0011240 0.0007654 0.0010207 0.0009186 0.0007654 0.0008675 0.0008675 0.0011753 0.0010730 0.0011751 0.0012774 0.0013290 0.0014316 0.0014312 0.0014312 0.0010729 0.0012776 0.0013801 0.0012777 0.0009708 0.0015860 0.0015860 0.0016369 0.0016377 0.0016370 0.0016883 0.0367434 0.0373405 0.0358442 0.0340388 
EBOV_H.sap-wt_GIN_14_Makona-Faranah-EM_078415_KR817160     2.1001247 2.1120803 2.0963184 2.1403852 2.1415618 1.4355107 1.4039641 0.0320996 0.0321528 0.0321608 0.0324366 0.0025093 0.0015341 0.0020478 0.0017904 0.0018929 0.0007654 0.0004592 0.0005612 0.0005102 0.0000000 0.0003061 0.0007144 0.0005102 0.0005102 0.0007654 0.0011241 0.0008675 0.0003571 0.0003571 0.0009186 0.0006633 0.0007144 0.0005612 0.0005612 0.0006123 0.0007654 0.0007144 0.0013285 0.0010207 0.0010207 0.0007144 0.0004592 0.0007144 0.0010718 0.0004081 0.0004081 0.0004592 0.0005102 0.0005102 0.0005102 0.0006123 0.0009186 0.0007654 0.0009697 0.0011229 0.0006633 0.0005102 0.0006123 0.0009697 0.0010207 0.0013285 0.0014312 0.0012262 0.0009186 0.0005612 0.0008165 0.0007144 0.0005612 0.0006633 0.0006633 0.0009697 0.0008675 0.0009697 0.0010718 0.0011240 0.0012265 0.0012262 0.0012262 0.0008675 0.0010718 0.0011751 0.0010718 0.0007654 0.0013808 0.0013808 0.0014316 0.0014323 0.0014317 0.0014830 0.0365563 0.0371528 0.0356578 0.0338542 
EBOV_H.sap-wt_GIN_14_Makona-Macenta-EM_076191_KR817141     2.1011054 2.1130686 2.0972979 2.1421284 2.1433057 1.4365658 1.4036993 0.0319897 0.0320430 0.0320509 0.0323266 0.0024067 0.0014317 0.0019452 0.0016879 0.0017904 0.0006633 0.0003571 0.0004592 0.0005102 0.0003061 0.0000000 0.0006123 0.0004081 0.0004081 0.0006633 0.0010218 0.0007654 0.0002551 0.0002551 0.0008165 0.0005612 0.0006123 0.0004592 0.0004592 0.0005102 0.0006633 0.0006123 0.0012262 0.0009186 0.0009186 0.0006123 0.0003571 0.0006123 0.0009697 0.0003061 0.0003061 0.0003571 0.0004081 0.0004081 0.0004081 0.0005102 0.0008165 0.0006633 0.0008675 0.0010207 0.0005612 0.0004081 0.0005102 0.0008675 0.0009186 0.0012262 0.0013288 0.0011239 0.0008165 0.0004592 0.0007144 0.0006123 0.0004592 0.0005612 0.0005612 0.0008675 0.0007654 0.0008675 0.0009697 0.0010217 0.0011242 0.0011240 0.0011240 0.0007654 0.0009697 0.0010729 0.0009697 0.0006633 0.0012784 0.0012784 0.0013292 0.0013299 0.0013294 0.0013806 0.0364453 0.0370416 0.0355470 0.0337439 
EBOV_H.sap-wt_GIN_14_Makona-Beyla-EM_075931_KR817138       2.1010354 2.1132231 2.0974529 2.1416878 2.1428641 1.4361486 1.4046030 0.0324349 0.0324882 0.0324962 0.0327721 0.0028177 0.0018416 0.0023558 0.0020981 0.0022007 0.0010718 0.0007654 0.0008675 0.0009186 0.0007144 0.0006123 0.0000000 0.0008165 0.0008165 0.0010718 0.0014312 0.0011750 0.0006633 0.0006633 0.0012251 0.0009697 0.0010207 0.0008675 0.0008675 0.0009186 0.0010718 0.0010207 0.0016357 0.0013285 0.0013285 0.0010207 0.0007654 0.0010207 0.0013797 0.0007144 0.0007144 0.0007654 0.0008165 0.0008165 0.0008165 0.0009186 0.0012251 0.0010718 0.0012773 0.0014308 0.0009697 0.0008165 0.0009186 0.0012773 0.0013284 0.0016357 0.0017385 0.0015333 0.0012261 0.0008675 0.0011229 0.0010207 0.0008675 0.0009697 0.0009697 0.0012774 0.0011751 0.0012772 0.0013795 0.0014311 0.0015337 0.0015334 0.0015334 0.0011750 0.0013798 0.0014823 0.0013798 0.0010729 0.0016882 0.0016882 0.0017390 0.0017399 0.0017392 0.0017905 0.0368361 0.0374331 0.0359372 0.0341911 
EBOV_H.sap-wt_GIN_14_Makona-Kissidougou-EM_078694_KR817171 2.1016379 2.1142465 2.0978305 2.1426962 2.1438736 1.4357385 1.4034580 0.0319867 0.0320399 0.0320478 0.0323235 0.0026122 0.0016366 0.0021505 0.0018930 0.0019955 0.0008675 0.0005612 0.0006633 0.0007144 0.0005102 0.0004081 0.0008165 0.0000000 0.0000010 0.0008675 0.0012265 0.0009697 0.0004592 0.0004592 0.0010207 0.0007654 0.0008165 0.0006633 0.0006633 0.0007144 0.0008675 0.0008165 0.0014309 0.0011239 0.0011239 0.0008165 0.0005612 0.0008165 0.0011750 0.0005102 0.0005102 0.0005612 0.0006123 0.0006123 0.0006123 0.0007144 0.0010207 0.0008675 0.0010718 0.0012262 0.0007654 0.0006123 0.0007144 0.0010718 0.0011229 0.0014309 0.0015336 0.0013286 0.0010207 0.0006633 0.0009186 0.0008165 0.0006633 0.0007654 0.0007654 0.0010718 0.0009697 0.0010718 0.0011740 0.0012264 0.0013289 0.0013286 0.0013286 0.0009697 0.0011751 0.0012775 0.0011751 0.0008675 0.0014833 0.0014833 0.0015341 0.0015349 0.0015342 0.0015855 0.0363979 0.0369942 0.0354996 0.0336964 
EBOV_H.sap-wt_GIN_14_Makona-Kissidougou-EM_078722_KR817175 2.1016379 2.1142465 2.0978305 2.1426962 2.1438736 1.4357385 1.4034580 0.0319867 0.0320399 0.0320478 0.0323235 0.0026122 0.0016366 0.0021505 0.0018930 0.0019955 0.0008675 0.0005612 0.0006633 0.0007144 0.0005102 0.0004081 0.0008165 0.0000010 0.0000000 0.0008675 0.0012265 0.0009697 0.0004592 0.0004592 0.0010207 0.0007654 0.0008165 0.0006633 0.0006633 0.0007144 0.0008675 0.0008165 0.0014309 0.0011239 0.0011239 0.0008165 0.0005612 0.0008165 0.0011750 0.0005102 0.0005102 0.0005612 0.0006123 0.0006123 0.0006123 0.0007144 0.0010207 0.0008675 0.0010718 0.0012262 0.0007654 0.0006123 0.0007144 0.0010718 0.0011229 0.0014309 0.0015336 0.0013286 0.0010207 0.0006633 0.0009186 0.0008165 0.0006633 0.0007654 0.0007654 0.0010718 0.0009697 0.0010718 0.0011740 0.0012264 0.0013289 0.0013286 0.0013286 0.0009697 0.0011751 0.0012775 0.0011751 0.0008675 0.0014833 0.0014833 0.0015341 0.0015349 0.0015342 0.0015855 0.0363979 0.0369942 0.0354996 0.0336964 
EBOV_H.sap-wt_LBR_14_Makona-LIBR0505_KR006957              2.1022364 2.1142923 2.0977031 2.1431188 2.1442964 1.4363477 1.4030821 0.0322686 0.0323218 0.0323298 0.0326057 0.0026636 0.0015854 0.0022019 0.0019443 0.0020468 0.0009186 0.0006123 0.0007144 0.0009697 0.0007654 0.0006633 0.0010718 0.0008675 0.0008675 0.0000000 0.0012777 0.0010207 0.0005102 0.0005102 0.0010718 0.0008165 0.0007654 0.0007144 0.0007144 0.0007654 0.0009186 0.0008675 0.0014821 0.0011751 0.0011751 0.0008675 0.0006123 0.0008675 0.0012262 0.0005612 0.0005612 0.0006123 0.0006633 0.0006633 0.0006633 0.0007654 0.0010718 0.0009186 0.0011229 0.0012773 0.0008165 0.0006633 0.0007654 0.0011229 0.0011750 0.0014821 0.0015849 0.0013798 0.0010718 0.0007144 0.0009697 0.0008675 0.0007144 0.0008165 0.0008165 0.0011239 0.0010207 0.0011229 0.0012261 0.0012776 0.0013802 0.0013798 0.0013798 0.0010207 0.0012263 0.0013287 0.0012263 0.0009186 0.0015345 0.0015345 0.0015854 0.0015862 0.0015855 0.0016368 0.0367275 0.0373244 0.0358287 0.0340241 
EBOV_H.sap-wt_SLE_14_Makona-Kailahun-20140517_KR653263     2.1001540 2.1121079 2.0961236 2.1414683 2.1426447 1.4360170 1.4017529 0.0325592 0.0326125 0.0326206 0.0328967 0.0029216 0.0019449 0.0024595 0.0022015 0.0023041 0.0011754 0.0008675 0.0009697 0.0013291 0.0011241 0.0010218 0.0014312 0.0012265 0.0012265 0.0012777 0.0000000 0.0011754 0.0007654 0.0007654 0.0013289 0.0010730 0.0011241 0.0009697 0.0009697 0.0010218 0.0011753 0.0011242 0.0017388 0.0014314 0.0014314 0.0011242 0.0008675 0.0011242 0.0014826 0.0008165 0.0008165 0.0008675 0.0009186 0.0009186 0.0009186 0.0010218 0.0013288 0.0011753 0.0013802 0.0015338 0.0010730 0.0009186 0.0010218 0.0013802 0.0014313 0.0017388 0.0018417 0.0016364 0.0013289 0.0009697 0.0012265 0.0011241 0.0009697 0.0010730 0.0010730 0.0013802 0.0012779 0.0013801 0.0014825 0.0015341 0.0016368 0.0016364 0.0016364 0.0012779 0.0014827 0.0015853 0.0014827 0.0011757 0.0017914 0.0017914 0.0018422 0.0018432 0.0018424 0.0018937 0.0369097 0.0375071 0.0360102 0.0342040 
EBOV_H.sap-wt_SLE_14_Makona-G4973_1_KR105286               2.1032227 2.1151920 2.0991907 2.1413049 2.1424811 1.4354517 1.4025024 0.0322707 0.0323240 0.0323319 0.0326079 0.0026637 0.0016880 0.0022020 0.0019444 0.0020469 0.0009186 0.0006123 0.0007144 0.0010729 0.0008675 0.0007654 0.0011750 0.0009697 0.0009697 0.0010207 0.0011754 0.0000000 0.0005102 0.0005102 0.0010718 0.0008165 0.0008675 0.0007144 0.0007144 0.0007654 0.0009186 0.0008675 0.0014822 0.0011751 0.0011751 0.0008675 0.0006123 0.0008675 0.0012263 0.0005612 0.0005612 0.0006123 0.0006633 0.0006633 0.0006633 0.0007654 0.0010718 0.0009186 0.0011239 0.0012774 0.0008165 0.0006633 0.0007654 0.0011239 0.0011750 0.0014822 0.0015850 0.0013799 0.0010718 0.0007144 0.0009697 0.0008675 0.0007144 0.0008165 0.0008165 0.0011240 0.0010207 0.0011229 0.0012262 0.0012777 0.0013802 0.0013799 0.0013799 0.0010207 0.0012263 0.0013288 0.0012264 0.0009186 0.0015346 0.0015346 0.0015855 0.0015862 0.0015856 0.0016369 0.0366171 0.0371006 0.0357184 0.0340264 
EBOV_H.sap-wt_SLE_14_Makona-G3799_KM233080                 2.0999411 2.1118934 2.0959110 2.1402787 2.1414549 1.4355408 1.4028141 0.0317084 0.0317616 0.0317694 0.0320450 0.0021499 0.0011756 0.0016886 0.0014316 0.0015341 0.0004081 0.0001020 0.0002040 0.0005612 0.0003571 0.0002551 0.0006633 0.0004592 0.0004592 0.0005102 0.0007654 0.0005102 0.0000000 0.0000010 0.0005612 0.0003061 0.0003571 0.0002040 0.0002040 0.0002551 0.0004081 0.0003571 0.0009697 0.0006633 0.0006633 0.0003571 0.0001020 0.0003571 0.0007144 0.0000510 0.0000510 0.0001020 0.0001530 0.0001530 0.0001530 0.0002551 0.0005612 0.0004081 0.0006123 0.0007654 0.0003061 0.0001530 0.0002551 0.0006123 0.0006633 0.0009697 0.0010729 0.0008675 0.0005612 0.0002040 0.0004592 0.0003571 0.0002040 0.0003061 0.0003061 0.0006123 0.0005102 0.0006123 0.0007144 0.0007654 0.0008675 0.0008675 0.0008675 0.0005102 0.0007144 0.0008165 0.0007144 0.0004081 0.0010223 0.0010223 0.0010732 0.0010738 0.0010733 0.0011245 0.0361602 0.0367558 0.0352625 0.0334612 
EBOV_H.sap-wt_SLE_14_Makona-G3788_KM233075                 2.0999411 2.1118934 2.0959110 2.1402787 2.1414549 1.4355408 1.4028141 0.0317084 0.0317616 0.0317694 0.0320450 0.0021499 0.0011756 0.0016886 0.0014316 0.0015341 0.0004081 0.0001020 0.0002040 0.0005612 0.0003571 0.0002551 0.0006633 0.0004592 0.0004592 0.0005102 0.0007654 0.0005102 0.0000010 0.0000000 0.0005612 0.0003061 0.0003571 0.0002040 0.0002040 0.0002551 0.0004081 0.0003571 0.0009697 0.0006633 0.0006633 0.0003571 0.0001020 0.0003571 0.0007144 0.0000510 0.0000510 0.0001020 0.0001530 0.0001530 0.0001530 0.0002551 0.0005612 0.0004081 0.0006123 0.0007654 0.0003061 0.0001530 0.0002551 0.0006123 0.0006633 0.0009697 0.0010729 0.0008675 0.0005612 0.0002040 0.0004592 0.0003571 0.0002040 0.0003061 0.0003061 0.0006123 0.0005102 0.0006123 0.0007144 0.0007654 0.0008675 0.0008675 0.0008675 0.0005102 0.0007144 0.0008165 0.0007144 0.0004081 0.0010223 0.0010223 0.0010732 0.0010738 0.0010733 0.0011245 0.0361602 0.0367558 0.0352625 0.0334612 
EBOV_H.sap-wt_SLE_14_Makona-Kenema-G5059_1_KR105296        2.0990740 2.1110202 2.0954540 2.1412214 2.1423983 1.4370417 1.4029936 0.0322116 0.0322649 0.0322728 0.0325486 0.0027149 0.0017391 0.0022531 0.0019955 0.0020980 0.0009697 0.0006633 0.0007654 0.0011239 0.0009186 0.0008165 0.0012251 0.0010207 0.0010207 0.0010718 0.0013289 0.0010718 0.0005612 0.0005612 0.0000000 0.0004592 0.0005102 0.0003571 0.0003571 0.0004081 0.0008675 0.0008165 0.0014309 0.0011229 0.0011229 0.0008165 0.0005612 0.0008165 0.0011750 0.0005102 0.0005102 0.0005612 0.0006123 0.0006123 0.0006123 0.0007144 0.0010207 0.0008675 0.0010718 0.0012261 0.0007654 0.0006123 0.0007144 0.0010718 0.0011229 0.0014309 0.0015336 0.0013286 0.0010207 0.0006633 0.0008675 0.0008165 0.0006633 0.0007654 0.0007654 0.0010718 0.0010718 0.0011740 0.0012772 0.0013287 0.0014313 0.0014310 0.0014310 0.0010718 0.0012774 0.0013799 0.0012774 0.0009697 0.0015857 0.0015857 0.0016365 0.0016374 0.0016367 0.0016880 0.0366697 0.0372664 0.0357710 0.0339668 
EBOV_H.sap-wt_SLE_14_Makona-Kenema-G4702_1_KR105265        2.1003002 2.1122592 2.0966776 2.1419546 2.1431316 1.4361216 1.4027487 0.0319334 0.0319867 0.0319945 0.0322702 0.0024581 0.0014829 0.0019965 0.0017392 0.0018417 0.0007144 0.0004081 0.0005102 0.0008675 0.0006633 0.0005612 0.0009697 0.0007654 0.0007654 0.0008165 0.0010730 0.0008165 0.0003061 0.0003061 0.0004592 0.0000000 0.0002551 0.0001020 0.0001020 0.0001530 0.0006123 0.0005612 0.0011750 0.0008675 0.0008675 0.0005612 0.0003061 0.0005612 0.0009186 0.0002551 0.0002551 0.0003061 0.0003571 0.0003571 0.0003571 0.0004592 0.0007654 0.0006123 0.0008165 0.0009697 0.0005102 0.0003571 0.0004592 0.0008165 0.0008675 0.0011750 0.0012776 0.0010718 0.0007654 0.0004081 0.0006633 0.0005612 0.0004081 0.0005102 0.0005102 0.0008165 0.0008165 0.0009186 0.0010207 0.0010729 0.0011754 0.0011751 0.0011751 0.0008165 0.0010207 0.0011240 0.0010207 0.0007144 0.0013296 0.0013296 0.0013804 0.0013811 0.0013806 0.0014318 0.0362748 0.0368707 0.0353769 0.0335748 
EBOV_H.sap-wt_SLE_14_Makona-Kenema-G4350_1_KR105242        2.0991328 2.1110846 2.0955112 2.1410027 2.1421791 1.4361709 1.4022550 0.0319880 0.0320413 0.0320491 0.0323249 0.0025093 0.0015341 0.0020478 0.0017904 0.0018929 0.0007654 0.0004592 0.0005612 0.0009186 0.0007144 0.0006123 0.0010207 0.0008165 0.0008165 0.0007654 0.0011241 0.0008675 0.0003571 0.0003571 0.0005102 0.0002551 0.0000000 0.0001530 0.0001530 0.0002040 0.0006633 0.0006123 0.0012262 0.0009186 0.0009186 0.0006123 0.0003571 0.0006123 0.0009697 0.0003061 0.0003061 0.0003571 0.0004081 0.0004081 0.0004081 0.0005102 0.0008165 0.0006633 0.0008675 0.0010207 0.0005612 0.0004081 0.0005102 0.0008675 0.0009186 0.0012261 0.0013288 0.0011229 0.0008165 0.0004592 0.0007144 0.0006123 0.0004592 0.0005612 0.0005612 0.0008675 0.0008675 0.0009697 0.0010718 0.0011240 0.0012265 0.0012262 0.0012262 0.0008675 0.0010718 0.0011751 0.0010718 0.0007654 0.0013808 0.0013808 0.0014316 0.0014323 0.0014317 0.0014830 0.0364433 0.0370396 0.0354319 0.0337421 
EBOV_H.sap-wt_SLE_14_Makona-Kenema-G4971_1_KR105284        2.0996945 2.1116467 2.0960732 2.1406728 2.1418491 1.4358617 1.4025025 0.0318201 0.0318734 0.0318812 0.0321568 0.0023552 0.0013804 0.0018938 0.0016366 0.0017390 0.0006123 0.0003061 0.0004081 0.0007654 0.0005612 0.0004592 0.0008675 0.0006633 0.0006633 0.0007144 0.0009697 0.0007144 0.0002040 0.0002040 0.0003571 0.0001020 0.0001530 0.0000000 0.0000010 0.0000510 0.0005102 0.0004592 0.0010718 0.0007654 0.0007654 0.0004592 0.0002040 0.0004592 0.0008165 0.0001530 0.0001530 0.0002040 0.0002551 0.0002551 0.0002551 0.0003571 0.0006633 0.0005102 0.0007144 0.0008675 0.0004081 0.0002551 0.0003571 0.0007144 0.0007654 0.0010718 0.0011752 0.0009697 0.0006633 0.0003061 0.0005612 0.0004592 0.0003061 0.0004081 0.0004081 0.0007144 0.0007144 0.0008165 0.0009186 0.0009697 0.0010730 0.0010718 0.0010718 0.0007144 0.0009186 0.0010207 0.0009186 0.0006123 0.0012271 0.0012271 0.0012780 0.0012786 0.0012781 0.0013293 0.0362733 0.0368692 0.0353754 0.0335734 
EBOV_H.sap-wt_SLE_14_Makona-Kenema-G4937_1_KR105278        2.0996945 2.1116467 2.0960732 2.1406728 2.1418491 1.4358617 1.4025025 0.0318201 0.0318734 0.0318812 0.0321568 0.0023552 0.0013804 0.0018938 0.0016366 0.0017390 0.0006123 0.0003061 0.0004081 0.0007654 0.0005612 0.0004592 0.0008675 0.0006633 0.0006633 0.0007144 0.0009697 0.0007144 0.0002040 0.0002040 0.0003571 0.0001020 0.0001530 0.0000010 0.0000000 0.0000510 0.0005102 0.0004592 0.0010718 0.0007654 0.0007654 0.0004592 0.0002040 0.0004592 0.0008165 0.0001530 0.0001530 0.0002040 0.0002551 0.0002551 0.0002551 0.0003571 0.0006633 0.0005102 0.0007144 0.0008675 0.0004081 0.0002551 0.0003571 0.0007144 0.0007654 0.0010718 0.0011752 0.0009697 0.0006633 0.0003061 0.0005612 0.0004592 0.0003061 0.0004081 0.0004081 0.0007144 0.0007144 0.0008165 0.0009186 0.0009697 0.0010730 0.0010718 0.0010718 0.0007144 0.0009186 0.0010207 0.0009186 0.0006123 0.0012271 0.0012271 0.0012780 0.0012786 0.0012781 0.0013293 0.0362733 0.0368692 0.0353754 0.0335734 
EBOV_H.sap-wt_SLE_14_Makona-Kenema-G4856_1_KR105273        2.0994478 2.1114000 2.0958263 2.1408385 2.1420149 1.4360844 1.4027228 0.0318761 0.0319293 0.0319372 0.0322129 0.0024066 0.0014317 0.0019451 0.0016878 0.0017903 0.0006633 0.0003571 0.0004592 0.0008165 0.0006123 0.0005102 0.0009186 0.0007144 0.0007144 0.0007654 0.0010218 0.0007654 0.0002551 0.0002551 0.0004081 0.0001530 0.0002040 0.0000510 0.0000510 0.0000000 0.0005612 0.0005102 0.0011229 0.0008165 0.0008165 0.0005102 0.0002551 0.0005102 0.0008675 0.0002040 0.0002040 0.0002551 0.0003061 0.0003061 0.0003061 0.0004081 0.0007144 0.0005612 0.0007654 0.0009186 0.0004592 0.0003061 0.0004081 0.0007654 0.0008165 0.0011229 0.0012264 0.0010207 0.0007144 0.0003571 0.0006123 0.0005102 0.0003571 0.0004592 0.0004592 0.0007654 0.0007654 0.0008675 0.0009697 0.0010207 0.0011242 0.0011239 0.0011239 0.0007654 0.0009697 0.0010718 0.0009697 0.0006633 0.0012783 0.0012783 0.0013292 0.0013298 0.0013293 0.0013805 0.0363300 0.0369260 0.0354320 0.0336297 
EBOV_H.sap-wt_SLE_14_Makona-Bonthe-G5723_1_KR105319        2.1018127 2.1137739 2.0975570 2.1424028 2.1435797 1.4345661 1.4025285 0.0321564 0.0322097 0.0322176 0.0324934 0.0025608 0.0015854 0.0020992 0.0018417 0.0019442 0.0008165 0.0005102 0.0006123 0.0009697 0.0007654 0.0006633 0.0010718 0.0008675 0.0008675 0.0009186 0.0011753 0.0009186 0.0004081 0.0004081 0.0008675 0.0006123 0.0006633 0.0005102 0.0005102 0.0005612 0.0000000 0.0001530 0.0007654 0.0004592 0.0004592 0.0001530 0.0004081 0.0006633 0.0010207 0.0003571 0.0003571 0.0004081 0.0004592 0.0004592 0.0004592 0.0005612 0.0008675 0.0007144 0.0009186 0.0010718 0.0006123 0.0004592 0.0005612 0.0009186 0.0009697 0.0012773 0.0013800 0.0011751 0.0008675 0.0005102 0.0007654 0.0006633 0.0005102 0.0006123 0.0006123 0.0009186 0.0009186 0.0010207 0.0011229 0.0011752 0.0012777 0.0012774 0.0012774 0.0009186 0.0011239 0.0012263 0.0011239 0.0008165 0.0014320 0.0014320 0.0014829 0.0014836 0.0014830 0.0015343 0.0366139 0.0372106 0.0357154 0.0339114 
EBOV_H.sap-wt_SLE_14_Makona-J0042_KP759711                 2.1015271 2.1134869 2.0972715 2.1415803 2.1427572 1.4343901 1.4025036 0.0319888 0.0320420 0.0320499 0.0323257 0.0025094 0.0015342 0.0020478 0.0017904 0.0018929 0.0007654 0.0004592 0.0005612 0.0009186 0.0007144 0.0006123 0.0010207 0.0008165 0.0008165 0.0008675 0.0011242 0.0008675 0.0003571 0.0003571 0.0008165 0.0005612 0.0006123 0.0004592 0.0004592 0.0005102 0.0001530 0.0000000 0.0007144 0.0004081 0.0004081 0.0001020 0.0003571 0.0006123 0.0009697 0.0003061 0.0003061 0.0003571 0.0004081 0.0004081 0.0004081 0.0005102 0.0008165 0.0006633 0.0008675 0.0010207 0.0005612 0.0004081 0.0005102 0.0008675 0.0009186 0.0012262 0.0013288 0.0011239 0.0008165 0.0004592 0.0007144 0.0006123 0.0004592 0.0005612 0.0005612 0.0008675 0.0008675 0.0009697 0.0010718 0.0011241 0.0012266 0.0012263 0.0012263 0.0008675 0.0010718 0.0011752 0.0010718 0.0007654 0.0013808 0.0013808 0.0014317 0.0014324 0.0014318 0.0014830 0.0364442 0.0370405 0.0355460 0.0337430 
EBOV_H.sap-wt_SLE_14_Makona-J0150_KP759696                 2.0980340 2.1103585 2.0937825 2.1387287 2.1399034 1.4362912 1.4032781 0.0326101 0.0326099 0.0326714 0.0329476 0.0031266 0.0021496 0.0026644 0.0024063 0.0025089 0.0013799 0.0010718 0.0011750 0.0015336 0.0013285 0.0012262 0.0016357 0.0014309 0.0014309 0.0014821 0.0017388 0.0014822 0.0009697 0.0009697 0.0014309 0.0011750 0.0012262 0.0010718 0.0010718 0.0011229 0.0007654 0.0007144 0.0000000 0.0010207 0.0010207 0.0007144 0.0009697 0.0012262 0.0015846 0.0009186 0.0009186 0.0009697 0.0010207 0.0010207 0.0010207 0.0011229 0.0014309 0.0012773 0.0014822 0.0016358 0.0011750 0.0010207 0.0011229 0.0014822 0.0015334 0.0018408 0.0019438 0.0017384 0.0014309 0.0010718 0.0013286 0.0012262 0.0010718 0.0011750 0.0011750 0.0014823 0.0014823 0.0015845 0.0016869 0.0017386 0.0018414 0.0018409 0.0018409 0.0014823 0.0016872 0.0017898 0.0016872 0.0013801 0.0019962 0.0019962 0.0020469 0.0020480 0.0020471 0.0020984 0.0370273 0.0376250 0.0361803 0.0343205 
