96
RESTV_M.fas-tc_USA_89_Philippines89-Pennsylvania_NC_004161 0.0000000 0.0237450 0.0320590 1.7798479 1.7793291 2.0102352 2.0815300 1.8826266 1.8835841 1.8842597 1.8791715 1.8899935 1.8909803 1.8790211 1.8986828 1.9128591 1.9168374 1.9131523 1.9126313 1.9109742 1.9107176 1.9111242 1.9088526 1.9109977 1.9108164 1.9131103 1.9137739 1.9113013 1.9113013 1.9110311 1.9109578 1.9109578 1.9107441 1.9110875 1.9110875 1.9109986 1.9127443 1.9127443 1.9130107 1.9130147 1.9127483 1.9119691 1.9119691 1.9114657 1.9115224 1.9106235 1.9119375 1.9119375 1.9122810 1.9122810 1.9109948 1.9103993 1.9101004 1.9097354 1.9109490 1.9112696 1.9109007 1.9080390 1.9080390 1.9103296 1.9142112 1.9106572 1.9114931 1.9126453 1.9125232 1.9119676 1.9125966 1.9117070 1.9102715 1.9102715 1.9104528 1.9098469 1.9108962 1.9110987 1.9103986 1.9087076 1.9110780 1.9105774 1.9091425 1.9108222 1.9108222 1.9122082 1.9105629 1.9105954 1.9102942 1.9111678 1.9111579 1.9111579 1.9121799 1.9133896 1.9129321 1.9135547 1.9129292 1.9104359 1.9116861 1.9108126 
RESTV_S.dom-tc_PHL_08_Reston08-A_FJ621583                  0.0237450 0.0000000 0.0490710 1.7959089 1.7954421 2.0339467 2.1110269 1.8959709 1.8969356 1.8975580 1.8931838 1.9095252 1.9105382 1.8991916 1.9177349 1.9324671 1.9348421 1.9329948 1.9324657 1.9307936 1.9305364 1.9309432 1.9287576 1.9308225 1.9306401 1.9327800 1.9339986 1.9313056 1.9313056 1.9310347 1.9309605 1.9309605 1.9307449 1.9310900 1.9310900 1.9310015 1.9327693 1.9327693 1.9330359 1.9330403 1.9327738 1.9319834 1.9319834 1.9314691 1.9315345 1.9306242 1.9319511 1.9319511 1.9322962 1.9322962 1.9309969 1.9303904 1.9300916 1.9297266 1.9309522 1.9312733 1.9308934 1.9280077 1.9280077 1.9302051 1.9342575 1.9306571 1.9313870 1.9325508 1.9324206 1.9318644 1.9324967 1.9316027 1.9304469 1.9304469 1.9304469 1.9298313 1.9308994 1.9310958 1.9297833 1.9293102 1.9307018 1.9305713 1.9291240 1.9308185 1.9308185 1.9322248 1.9305618 1.9305950 1.9302961 1.9317923 1.9315679 1.9315679 1.9321949 1.9334190 1.9329516 1.9335828 1.9331922 1.9311842 1.9314692 1.9306426 
RESTV_S.dom-xx_PHL_08_Reston08-C_FJ621584                  0.0320590 0.0490710 0.0000000 1.7682256 1.7677123 2.0214893 2.0750626 1.8668849 1.8678338 1.8686242 1.8635225 1.8797514 1.8801182 1.8692241 1.8832472 1.9030935 1.9061050 1.9032074 1.9026906 1.9010413 1.9007851 1.9011915 1.8990537 1.9010622 1.9008814 1.9037735 1.9042020 1.9013671 1.9013671 1.9010974 1.9010246 1.9010246 1.9008117 1.9011543 1.9011543 1.9010652 1.9027996 1.9027996 1.9030658 1.9030695 1.9028033 1.9020299 1.9020299 1.9015320 1.9015843 1.9006913 1.9019985 1.9019985 1.9023412 1.9023412 1.9010618 1.9004718 1.9001730 1.9003303 1.9010155 1.9013358 1.9009723 1.8981232 1.8981232 1.9004018 1.9042556 1.9007254 1.9015559 1.9024785 1.9025839 1.9020288 1.9026560 1.9017688 1.9005239 1.9005239 1.9005239 1.8999229 1.9009626 1.9011682 1.9004664 1.8994857 1.9016673 1.9011707 1.8997422 1.9014143 1.9014143 1.9027901 1.9006316 1.9006637 1.9003615 1.9023665 1.9015992 1.9015992 1.9022402 1.9034425 1.9029900 1.9036082 1.9036266 1.9005042 1.9017501 1.9008810 
SUDV_H.sap-xx_UGA_12_EboSud-603_KC545390                   1.7798479 1.7959089 1.7682256 0.0000000 0.0001537 2.1126799 2.0768513 1.8638246 1.8647737 1.8641897 1.8655983 1.8797272 1.8817154 1.8693991 1.8715437 1.9030797 1.9038834 1.9027402 1.9028748 1.9024202 1.9021637 1.9020773 1.9017232 1.9026070 1.9022023 1.9052367 1.9029706 1.9020021 1.9020021 1.9023450 1.9016591 1.9016591 1.9016270 1.9019699 1.9019699 1.9020750 1.9015110 1.9015110 1.9017773 1.9017810 1.9015147 1.9006846 1.9006846 1.9021670 1.9008243 1.9035021 1.9024533 1.9024533 1.9027964 1.9027964 1.9010976 1.9002079 1.9004316 1.9006649 1.9034131 1.9015660 1.8999780 1.9009746 1.9009746 1.9016482 1.9001129 1.8998888 1.9019650 1.9024081 1.9016752 1.9011493 1.9013722 1.9015315 1.9006205 1.9006205 1.9000219 1.8992540 1.8996930 1.9015102 1.9019984 1.9017069 1.9013265 1.9010257 1.9001789 1.9030070 1.9030070 1.9029885 1.9011732 1.9008305 1.9016802 1.8998237 1.9021441 1.9027571 1.9042117 1.9026627 1.9018059 1.9038977 1.9020436 1.9000288 1.9020319 1.9016232 
SUDV_H.sap-xx_UGA_12_EboSud-609_KC545391                   1.7793291 1.7954421 1.7677123 0.0001537 0.0000000 2.1112019 2.0775032 1.8649082 1.8658580 1.8652740 1.8666832 1.8808217 1.8828119 1.8704859 1.8726316 1.9041938 1.9049981 1.9038535 1.9039887 1.9035334 1.9032769 1.9031904 1.9028357 1.9037206 1.9033158 1.9063519 1.9040851 1.9031153 1.9031153 1.9034584 1.9027722 1.9027722 1.9027400 1.9030831 1.9030831 1.9031883 1.9026240 1.9026240 1.9028904 1.9028941 1.9026277 1.9017970 1.9017970 1.9032802 1.9019367 1.9046166 1.9035671 1.9035671 1.9039103 1.9039103 1.9022104 1.9013200 1.9015437 1.9017773 1.9045277 1.9026791 1.9010901 1.9020870 1.9020870 1.9027608 1.9012246 1.9010004 1.9030777 1.9035214 1.9027878 1.9022618 1.9024848 1.9026441 1.9017328 1.9017328 1.9011340 1.9003654 1.9008046 1.9026236 1.9031116 1.9028203 1.9024393 1.9021381 1.9012906 1.9041209 1.9041209 1.9041023 1.9022852 1.9019424 1.9027932 1.9009355 1.9032574 1.9038705 1.9053267 1.9037762 1.9029186 1.9050124 1.9031569 1.9011405 1.9031460 1.9027367 
TAFV_H.sap-tc_CIV_94_Pauleoula-CI_NC_014372                2.0102352 2.0339467 2.0214893 2.1126799 2.1112019 0.0000000 0.7885975 1.3086672 1.3080364 1.3081959 1.3099762 1.3225898 1.3226790 1.3246066 1.3203046 1.3296296 1.3314019 1.3319238 1.3283249 1.3290925 1.3293197 1.3292452 1.3294804 1.3293491 1.3292265 1.3300749 1.3282444 1.3274009 1.3274009 1.3273889 1.3276228 1.3276228 1.3274702 1.3277366 1.3277366 1.3275148 1.3287188 1.3287188 1.3289461 1.3289408 1.3287136 1.3282652 1.3282652 1.3273563 1.3279715 1.3276872 1.3271562 1.3271562 1.3269344 1.3269344 1.3286002 1.3284889 1.3280500 1.3271855 1.3286803 1.3283392 1.3280999 1.3286582 1.3286582 1.3273875 1.3286015 1.3292431 1.3280305 1.3276257 1.3275045 1.3268049 1.3267099 1.3271397 1.3287635 1.3287635 1.3286075 1.3282843 1.3293317 1.3295740 1.3268962 1.3280921 1.3276337 1.3270214 1.3270432 1.3280930 1.3280930 1.3279542 1.3268474 1.3270693 1.3260629 1.3273821 1.3277287 1.3277287 1.3271914 1.3299291 1.3287040 1.3276447 1.3286842 1.3285279 1.3291329 1.3295250 
BDBV_H.sap-xx_COD_12_EboBund-122_KC545395                  2.0815300 2.1110269 2.0750626 2.0768513 2.0775032 0.7885975 0.0000000 1.3299778 1.3293431 1.3308257 1.3321775 1.3488954 1.3494170 1.3461122 1.3507564 1.3545870 1.3560159 1.3560392 1.3531556 1.3544169 1.3545221 1.3549011 1.3534229 1.3536024 1.3536024 1.3540286 1.3546016 1.3553419 1.3553419 1.3553291 1.3555639 1.3555639 1.3554104 1.3556777 1.3556777 1.3553872 1.3566768 1.3566768 1.3569039 1.3568990 1.3571108 1.3562150 1.3562150 1.3552965 1.3563057 1.3560500 1.3550894 1.3550894 1.3553567 1.3553567 1.3566812 1.3558053 1.3561224 1.3548001 1.3566370 1.3540409 1.3557339 1.3574322 1.3574322 1.3565367 1.3575308 1.3555270 1.3568766 1.3569918 1.3558103 1.3558965 1.3563825 1.3560575 1.3540031 1.3540031 1.3542629 1.3545837 1.3551710 1.3555753 1.3557145 1.3559020 1.3542370 1.3545422 1.3551405 1.3552749 1.3552749 1.3561145 1.3548321 1.3548448 1.3547472 1.3551420 1.3555367 1.3560261 1.3553735 1.3570900 1.3560426 1.3555702 1.3537694 1.3566552 1.3540941 1.3544925 
EBOV_H.sap-tc_COD_07_1Luebo_KC242786                       1.8826266 1.8959709 1.8668849 1.8638246 1.8649082 1.3086672 1.3299778 0.0000000 0.0000515 0.0004117 0.0006177 0.0244204 0.0253648 0.0236330 0.0204030 0.0325223 0.0323137 0.0315706 0.0317294 0.0311090 0.0311119 0.0311649 0.0314469 0.0312239 0.0313359 0.0321341 0.0319601 0.0316203 0.0316203 0.0316767 0.0316763 0.0316763 0.0317327 0.0317891 0.0317891 0.0316207 0.0317930 0.0317930 0.0318493 0.0318490 0.0319048 0.0317362 0.0317362 0.0318447 0.0317889 0.0319040 0.0317894 0.0317894 0.0318458 0.0318458 0.0317916 0.0317900 0.0316779 0.0317906 0.0318459 0.0314473 0.0319031 0.0318533 0.0318533 0.0319595 0.0320789 0.0320768 0.0324711 0.0324120 0.0323508 0.0321824 0.0322389 0.0320735 0.0321218 0.0321218 0.0318972 0.0320669 0.0319551 0.0321219 0.0321825 0.0321831 0.0322998 0.0322415 0.0322462 0.0322447 0.0322447 0.0319640 0.0321838 0.0321274 0.0321318 0.0322471 0.0321858 0.0322984 0.0321338 0.0322496 0.0321336 0.0321911 0.0321307 0.0319697 0.0322474 0.0324174 
EBOV_H.sap-tc_COD_07_M-M_HQ613403                          1.8835841 1.8969356 1.8678338 1.8647737 1.8658580 1.3080364 1.3293431 0.0000515 0.0000000 0.0004632 0.0006692 0.0244782 0.0254229 0.0236906 0.0204598 0.0325824 0.0323737 0.0316304 0.0317892 0.0311686 0.0311715 0.0312245 0.0315066 0.0312836 0.0313956 0.0321940 0.0320199 0.0316801 0.0316801 0.0317365 0.0317361 0.0317361 0.0317925 0.0318489 0.0318489 0.0316805 0.0318528 0.0318528 0.0319092 0.0319089 0.0319647 0.0317960 0.0317960 0.0319045 0.0318487 0.0319639 0.0318492 0.0318492 0.0319056 0.0319056 0.0318514 0.0318498 0.0317377 0.0318504 0.0319058 0.0315070 0.0319630 0.0319132 0.0319132 0.0320194 0.0321389 0.0321367 0.0325312 0.0324720 0.0324108 0.0322423 0.0322989 0.0321334 0.0321817 0.0321817 0.0319570 0.0321267 0.0320149 0.0321818 0.0322424 0.0322430 0.0323598 0.0323014 0.0323061 0.0323046 0.0323046 0.0320239 0.0322438 0.0321873 0.0321917 0.0323071 0.0322458 0.0323583 0.0321937 0.0323095 0.0321936 0.0322510 0.0321906 0.0320296 0.0323074 0.0324774 
EBOV_H.sap-tc_COD_07_5Luebo_KC242790                       1.8842597 1.8975580 1.8686242 1.8641897 1.8652740 1.3081959 1.3308257 0.0004117 0.0004632 0.0000000 0.0010308 0.0248615 0.0258071 0.0240729 0.0208395 0.0329735 0.0327648 0.0320208 0.0321797 0.0315585 0.0315615 0.0316145 0.0318968 0.0316736 0.0317857 0.0325849 0.0324107 0.0320705 0.0320705 0.0321269 0.0321265 0.0321265 0.0321830 0.0322394 0.0322394 0.0320709 0.0322434 0.0322434 0.0322998 0.0322995 0.0323554 0.0321865 0.0321865 0.0322951 0.0322393 0.0323546 0.0322398 0.0322398 0.0322962 0.0322962 0.0322420 0.0322403 0.0321281 0.0322410 0.0322963 0.0318972 0.0323536 0.0323039 0.0323039 0.0324101 0.0325297 0.0325275 0.0329223 0.0328631 0.0328018 0.0326332 0.0326898 0.0325242 0.0325724 0.0325724 0.0323476 0.0325175 0.0324056 0.0325726 0.0326333 0.0326339 0.0327508 0.0326924 0.0326971 0.0326956 0.0326956 0.0324146 0.0326347 0.0325781 0.0325826 0.0326981 0.0326367 0.0327493 0.0325846 0.0327006 0.0325845 0.0326420 0.0325815 0.0324204 0.0326984 0.0328686 
EBOV_H.sap-tc_COD_08_034-KS_HQ613402                       1.8791715 1.8931838 1.8635225 1.8655983 1.8666832 1.3099762 1.3321775 0.0006177 0.0006692 0.0010308 0.0000000 0.0249881 0.0259346 0.0241394 0.0209623 0.0329950 0.0327862 0.0320417 0.0322006 0.0315790 0.0315820 0.0316350 0.0319175 0.0316942 0.0318064 0.0326061 0.0324317 0.0320913 0.0320913 0.0321478 0.0321474 0.0321474 0.0322039 0.0322604 0.0322604 0.0320918 0.0322644 0.0322644 0.0323208 0.0323205 0.0323764 0.0322075 0.0322075 0.0323161 0.0322602 0.0323756 0.0322607 0.0322607 0.0323173 0.0323173 0.0322630 0.0322613 0.0321490 0.0322620 0.0323174 0.0319180 0.0323747 0.0323249 0.0323249 0.0324312 0.0325509 0.0325487 0.0329438 0.0328845 0.0328231 0.0326544 0.0327111 0.0325454 0.0325936 0.0325936 0.0323686 0.0325386 0.0324267 0.0325937 0.0326545 0.0326552 0.0327721 0.0327136 0.0327184 0.0327169 0.0327169 0.0324357 0.0326559 0.0325993 0.0326038 0.0327194 0.0326579 0.0327706 0.0326058 0.0327219 0.0326057 0.0326632 0.0326027 0.0324415 0.0327197 0.0328900 
EBOV_H.sap-xx_COD_14_Lomela-Lokolia16_KP271018             1.8899935 1.9095252 1.8797514 1.8797272 1.8808217 1.3225898 1.3488954 0.0244204 0.0244782 0.0248615 0.0249881 0.0000000 0.0020134 0.0090671 0.0144694 0.0374398 0.0374093 0.0368129 0.0368631 0.0362339 0.0362373 0.0362905 0.0365766 0.0363508 0.0364643 0.0372748 0.0370979 0.0367531 0.0367531 0.0368103 0.0368098 0.0368098 0.0368670 0.0369242 0.0369242 0.0368675 0.0369288 0.0369288 0.0369859 0.0369855 0.0370420 0.0368711 0.0368711 0.0369804 0.0369240 0.0370411 0.0369246 0.0369246 0.0369818 0.0369818 0.0369271 0.0369252 0.0368117 0.0369260 0.0369819 0.0365771 0.0370400 0.0369906 0.0369906 0.0370972 0.0372193 0.0372168 0.0376165 0.0375561 0.0374933 0.0373227 0.0373801 0.0372130 0.0372606 0.0372606 0.0370330 0.0372052 0.0372060 0.0372608 0.0373228 0.0373236 0.0374425 0.0373830 0.0375026 0.0373868 0.0373868 0.0371025 0.0373245 0.0372672 0.0373273 0.0375037 0.0371536 0.0372676 0.0372747 0.0375063 0.0372745 0.0373229 0.0372085 0.0371582 0.0373899 0.0375624 
EBOV_H.sap-xx_COD_14_Lomela-Lokolia17_KP271019             1.8909803 1.9105382 1.8801182 1.8817154 1.8828119 1.3226790 1.3494170 0.0253648 0.0254229 0.0258071 0.0259346 0.0020134 0.0000000 0.0099666 0.0153854 0.0383078 0.0382777 0.0376794 0.0377296 0.0370988 0.0371023 0.0371556 0.0374423 0.0372161 0.0373298 0.0381425 0.0379651 0.0376194 0.0376194 0.0376768 0.0376763 0.0376763 0.0377336 0.0377909 0.0377909 0.0377341 0.0377956 0.0377956 0.0378529 0.0378525 0.0379091 0.0377378 0.0377378 0.0378473 0.0377907 0.0379082 0.0377913 0.0377913 0.0378487 0.0378487 0.0377940 0.0377920 0.0376782 0.0377928 0.0378488 0.0374429 0.0379071 0.0378577 0.0378577 0.0379644 0.0380870 0.0380843 0.0384851 0.0384244 0.0383614 0.0381904 0.0382479 0.0380805 0.0381280 0.0381280 0.0378999 0.0380725 0.0380733 0.0381282 0.0381905 0.0381913 0.0383106 0.0382509 0.0383709 0.0382548 0.0382548 0.0379698 0.0381922 0.0381348 0.0381951 0.0383720 0.0380210 0.0381352 0.0381424 0.0383747 0.0381422 0.0381906 0.0380759 0.0380257 0.0382579 0.0384308 
EBOV_H.sap-tc_COD_95_Kikwit-9510621_KR867676               1.8790211 1.8991916 1.8692241 1.8693991 1.8704859 1.3246066 1.3461122 0.0236330 0.0236906 0.0240729 0.0241394 0.0090671 0.0099666 0.0000000 0.0140863 0.0367548 0.0367229 0.0361289 0.0361792 0.0355511 0.0355544 0.0356076 0.0358931 0.0356678 0.0357810 0.0365900 0.0364134 0.0360693 0.0360693 0.0361264 0.0361259 0.0361259 0.0361830 0.0362401 0.0362401 0.0361834 0.0362446 0.0362446 0.0363016 0.0363012 0.0363576 0.0361870 0.0361870 0.0362962 0.0362399 0.0363567 0.0362404 0.0362404 0.0362975 0.0362975 0.0362430 0.0362411 0.0361277 0.0362418 0.0362977 0.0358936 0.0363557 0.0363062 0.0363062 0.0364128 0.0365345 0.0365320 0.0369311 0.0368708 0.0368083 0.0366380 0.0366952 0.0365283 0.0365760 0.0365760 0.0363488 0.0365207 0.0365215 0.0365762 0.0366381 0.0366388 0.0366439 0.0365846 0.0367038 0.0367018 0.0367018 0.0364179 0.0366396 0.0365825 0.0366424 0.0368185 0.0363557 0.0364695 0.0365898 0.0368210 0.0365896 0.0366381 0.0364101 0.0364736 0.0367048 0.0368770 
EBOV_H.sap-tc_COD_77_Bonduni_KC242791                      1.8986828 1.9177349 1.8832472 1.8715437 1.8726316 1.3203046 1.3507564 0.0204030 0.0204598 0.0208395 0.0209623 0.0144694 0.0153854 0.0140863 0.0000000 0.0335142 0.0335310 0.0328399 0.0329437 0.0322085 0.0322115 0.0323769 0.0326600 0.0324363 0.0325487 0.0333503 0.0331755 0.0328343 0.0328343 0.0328909 0.0328905 0.0328905 0.0329471 0.0330038 0.0330038 0.0329476 0.0330078 0.0330078 0.0330644 0.0330641 0.0331201 0.0329508 0.0329508 0.0330595 0.0330036 0.0331193 0.0330041 0.0330041 0.0330607 0.0330607 0.0330064 0.0330047 0.0328922 0.0328394 0.0330608 0.0326605 0.0331183 0.0330685 0.0330685 0.0331749 0.0332950 0.0332928 0.0336887 0.0336292 0.0335676 0.0333986 0.0334553 0.0332894 0.0332250 0.0332250 0.0331121 0.0332825 0.0331703 0.0333377 0.0333987 0.0333993 0.0335166 0.0334580 0.0335135 0.0334613 0.0334613 0.0331796 0.0334001 0.0333434 0.0334026 0.0335769 0.0332309 0.0333438 0.0333500 0.0335791 0.0333499 0.0333987 0.0332854 0.0332350 0.0334641 0.0336348 
EBOV_H.sap-wt_GIN_14_Makona-Gueckedou-EM_080076_KR817235   1.9128591 1.9324671 1.9030935 1.9030797 1.9041938 1.3296296 1.3545870 0.0325223 0.0325824 0.0329735 0.0329950 0.0374398 0.0383078 0.0367548 0.0335142 0.0000000 0.0016515 0.0019093 0.0020644 0.0014955 0.0015471 0.0015471 0.0018056 0.0019091 0.0020126 0.0024276 0.0022718 0.0019611 0.0019611 0.0020128 0.0020128 0.0020128 0.0020646 0.0021163 0.0021163 0.0020646 0.0021166 0.0021166 0.0021683 0.0021683 0.0022201 0.0020648 0.0020648 0.0021680 0.0021163 0.0022200 0.0021163 0.0021163 0.0021681 0.0021681 0.0022200 0.0022199 0.0021164 0.0021164 0.0021681 0.0018057 0.0024271 0.0023238 0.0023238 0.0022717 0.0023758 0.0023757 0.0027384 0.0026864 0.0026862 0.0025308 0.0025826 0.0023754 0.0024266 0.0024266 0.0022196 0.0023749 0.0024786 0.0024786 0.0024788 0.0024788 0.0026864 0.0025308 0.0026348 0.0025310 0.0025310 0.0022720 0.0024789 0.0024270 0.0024790 0.0026349 0.0024790 0.0025826 0.0025311 0.0027387 0.0024275 0.0026343 0.0024273 0.0024789 0.0027902 0.0029459 
EBOV_H.sap-wt_GIN_14_Makona-Gueckedou-EM_079702_KR817210   1.9168374 1.9348421 1.9061050 1.9038834 1.9049981 1.3314019 1.3560159 0.0323137 0.0323737 0.0327648 0.0327862 0.0374093 0.0382777 0.0367229 0.0335310 0.0016515 0.0000000 0.0015999 0.0017549 0.0011862 0.0012379 0.0012379 0.0014963 0.0015997 0.0017032 0.0021180 0.0019622 0.0016516 0.0016516 0.0017034 0.0017034 0.0017034 0.0017551 0.0018068 0.0018068 0.0017551 0.0018071 0.0018071 0.0018588 0.0018588 0.0019105 0.0017553 0.0017553 0.0018586 0.0018068 0.0019105 0.0018069 0.0018069 0.0018586 0.0018586 0.0019105 0.0019104 0.0018069 0.0018069 0.0018586 0.0014963 0.0021175 0.0020142 0.0020142 0.0019622 0.0020662 0.0020660 0.0024287 0.0023767 0.0023766 0.0022212 0.0022730 0.0020658 0.0021171 0.0021171 0.0019101 0.0020654 0.0021690 0.0021690 0.0021692 0.0021692 0.0023767 0.0022212 0.0023251 0.0022214 0.0022214 0.0019625 0.0021693 0.0021175 0.0021694 0.0023252 0.0021694 0.0022730 0.0022215 0.0024289 0.0021179 0.0023247 0.0021177 0.0021693 0.0024805 0.0026361 
EBOV_H.sap-wt_GIN_14_Makona-Gueckedou-EM_079587_KR817202   1.9131523 1.9329948 1.9032074 1.9027402 1.9038535 1.3319238 1.3560392 0.0315706 0.0316304 0.0320208 0.0320417 0.0368129 0.0376794 0.0361289 0.0328399 0.0019093 0.0015999 0.0000000 0.0011857 0.0006177 0.0006692 0.0006177 0.0008752 0.0010308 0.0011341 0.0015479 0.0013925 0.0010826 0.0010826 0.0011342 0.0011342 0.0011342 0.0011858 0.0012375 0.0012375 0.0011858 0.0012376 0.0012376 0.0012893 0.0012893 0.0013409 0.0011860 0.0011860 0.0012891 0.0012375 0.0013409 0.0012375 0.0012375 0.0012891 0.0012891 0.0013409 0.0013408 0.0012375 0.0012375 0.0012891 0.0009267 0.0015475 0.0014443 0.0014443 0.0013925 0.0014962 0.0014961 0.0018580 0.0018062 0.0018061 0.0016510 0.0017027 0.0014959 0.0015472 0.0015472 0.0013406 0.0014956 0.0015990 0.0015990 0.0015991 0.0015992 0.0018062 0.0016510 0.0017546 0.0016511 0.0016511 0.0013927 0.0015992 0.0015475 0.0015993 0.0017547 0.0015993 0.0017027 0.0016512 0.0018582 0.0015478 0.0017543 0.0015477 0.0015992 0.0019097 0.0020650 
EBOV_H.sap-wt_GIN_14_Makona-Gueckedou-EM_079750_KR817213   1.9126313 1.9324657 1.9026906 1.9028748 1.9039887 1.3283249 1.3531556 0.0317294 0.0317892 0.0321797 0.0322006 0.0368631 0.0377296 0.0361792 0.0329437 0.0020644 0.0017549 0.0011857 0.0000000 0.0006692 0.0007207 0.0007207 0.0009782 0.0010823 0.0011855 0.0005662 0.0014440 0.0011340 0.0011340 0.0011856 0.0011856 0.0011856 0.0012373 0.0012889 0.0012889 0.0012373 0.0012891 0.0012891 0.0013407 0.0013407 0.0013923 0.0012374 0.0012374 0.0013405 0.0012889 0.0013923 0.0012889 0.0012889 0.0013406 0.0013406 0.0013923 0.0013922 0.0012889 0.0012890 0.0013406 0.0009782 0.0015989 0.0014958 0.0014958 0.0014439 0.0015476 0.0015475 0.0019095 0.0018576 0.0018575 0.0017024 0.0017541 0.0015474 0.0015987 0.0015987 0.0013920 0.0015470 0.0016504 0.0016504 0.0016506 0.0016506 0.0018576 0.0017024 0.0018060 0.0017025 0.0017025 0.0014441 0.0016506 0.0015989 0.0016507 0.0018061 0.0016507 0.0017541 0.0017026 0.0019096 0.0015992 0.0018057 0.0015991 0.0016507 0.0019611 0.0021165 
EBOV_H.sap-tc_GIN_14_Makona-Gueckedou-C07_KP096421         1.9109742 1.9307936 1.9010413 1.9024202 1.9035334 1.3290925 1.3544169 0.0311090 0.0311686 0.0315585 0.0315790 0.0362339 0.0370988 0.0355511 0.0322085 0.0014955 0.0011862 0.0006177 0.0006692 0.0000000 0.0000515 0.0001544 0.0004117 0.0005147 0.0006177 0.0010310 0.0008752 0.0005662 0.0005662 0.0006177 0.0006177 0.0006177 0.0006692 0.0007207 0.0007207 0.0006692 0.0007207 0.0007207 0.0007722 0.0007722 0.0008237 0.0006692 0.0006692 0.0007722 0.0007207 0.0008237 0.0007207 0.0007207 0.0007722 0.0007722 0.0008237 0.0008237 0.0007207 0.0007207 0.0007722 0.0004117 0.0010307 0.0009267 0.0009267 0.0008752 0.0009794 0.0009793 0.0013407 0.0012890 0.0012889 0.0011340 0.0011856 0.0009782 0.0010297 0.0010297 0.0008237 0.0009782 0.0010812 0.0010812 0.0010823 0.0010823 0.0012890 0.0011340 0.0012374 0.0011341 0.0011341 0.0008752 0.0010823 0.0010297 0.0010824 0.0012375 0.0010824 0.0011856 0.0011342 0.0013408 0.0010309 0.0012372 0.0010308 0.0010824 0.0013923 0.0015474 
EBOV_H.sap-wt_GIN_14_Makona-Gueckedou-C07_KT013256         1.9107176 1.9305364 1.9007851 1.9021637 1.9032769 1.3293197 1.3545221 0.0311119 0.0311715 0.0315615 0.0315820 0.0362373 0.0371023 0.0355544 0.0322115 0.0015471 0.0012379 0.0006692 0.0007207 0.0000515 0.0000000 0.0002058 0.0004632 0.0005662 0.0006692 0.0010826 0.0009267 0.0006177 0.0006177 0.0006692 0.0006692 0.0006692 0.0007207 0.0007722 0.0007722 0.0007207 0.0007722 0.0007722 0.0008237 0.0008237 0.0008752 0.0007207 0.0007207 0.0008237 0.0007722 0.0008752 0.0007722 0.0007722 0.0008237 0.0008237 0.0008752 0.0008752 0.0007722 0.0007722 0.0008237 0.0004632 0.0010823 0.0009793 0.0009793 0.0009267 0.0010310 0.0010309 0.0013924 0.0013406 0.0013405 0.0011856 0.0012373 0.0010308 0.0010812 0.0010812 0.0008752 0.0010297 0.0011338 0.0011338 0.0011339 0.0011339 0.0013406 0.0011856 0.0012891 0.0011857 0.0011857 0.0009267 0.0011340 0.0010823 0.0011340 0.0012891 0.0011340 0.0012373 0.0011858 0.0013925 0.0010825 0.0012889 0.0010824 0.0011340 0.0014440 0.0015991 
EBOV_H.sap-wt_GIN_14_Makona-Macenta-EM_079422_KR817187     1.9111242 1.9309432 1.9011915 1.9020773 1.9031904 1.3292452 1.3549011 0.0311649 0.0312245 0.0316145 0.0316350 0.0362905 0.0371556 0.0356076 0.0323769 0.0015471 0.0012379 0.0006177 0.0007207 0.0001544 0.0002058 0.0000000 0.0003602 0.0005662 0.0006692 0.0010826 0.0009267 0.0006177 0.0006177 0.0006692 0.0006692 0.0006692 0.0007207 0.0007722 0.0007722 0.0007207 0.0007722 0.0007722 0.0008237 0.0008237 0.0008752 0.0007207 0.0007207 0.0008237 0.0007722 0.0008752 0.0007722 0.0007722 0.0008237 0.0008237 0.0008752 0.0008752 0.0007722 0.0007722 0.0008237 0.0004632 0.0010823 0.0009793 0.0009793 0.0009267 0.0010310 0.0010309 0.0013924 0.0013406 0.0013405 0.0011856 0.0012373 0.0010308 0.0010812 0.0010812 0.0008752 0.0010297 0.0011338 0.0011338 0.0011339 0.0011339 0.0013406 0.0011856 0.0012891 0.0011857 0.0011857 0.0009267 0.0011339 0.0010823 0.0011340 0.0012891 0.0011340 0.0012373 0.0011858 0.0013925 0.0010825 0.0012888 0.0010824 0.0011340 0.0014440 0.0015990 
EBOV_H.sap-wt_GIN_14_Makona-Macenta-EM_079424_KR817189     1.9088526 1.9287576 1.8990537 1.9017232 1.9028357 1.3294804 1.3534229 0.0314469 0.0315066 0.0318968 0.0319175 0.0365766 0.0374423 0.0358931 0.0326600 0.0018056 0.0014963 0.0008752 0.0009782 0.0004117 0.0004632 0.0003602 0.0000000 0.0008237 0.0009267 0.0013408 0.0011856 0.0008752 0.0008752 0.0009267 0.0009267 0.0009267 0.0009782 0.0010307 0.0010307 0.0009782 0.0010308 0.0010308 0.0010825 0.0010825 0.0011341 0.0009792 0.0009792 0.0010823 0.0010297 0.0011340 0.0010307 0.0010307 0.0010824 0.0010824 0.0011340 0.0011340 0.0010308 0.0010308 0.0010824 0.0007207 0.0013405 0.0012374 0.0012374 0.0011856 0.0012892 0.0012891 0.0016508 0.0015990 0.0015989 0.0014439 0.0014956 0.0012890 0.0013403 0.0013403 0.0011338 0.0012887 0.0013920 0.0013920 0.0013921 0.0013921 0.0015990 0.0014439 0.0015474 0.0014440 0.0014440 0.0011858 0.0013922 0.0013405 0.0013923 0.0015475 0.0013922 0.0014956 0.0014441 0.0016509 0.0013408 0.0015472 0.0013406 0.0013922 0.0017024 0.0018576 
EBOV_H.sap-tc_GIN_14_Makona-Gueckedou-C05_KP096420         1.9109977 1.9308225 1.9010622 1.9026070 1.9037206 1.3293491 1.3536024 0.0312239 0.0312836 0.0316736 0.0316942 0.0363508 0.0372161 0.0356678 0.0324363 0.0019091 0.0015997 0.0010308 0.0010823 0.0005147 0.0005662 0.0005662 0.0008237 0.0000000 0.0001029 0.0014442 0.0012890 0.0009782 0.0009782 0.0010308 0.0010308 0.0010308 0.0010824 0.0011340 0.0011340 0.0010824 0.0011341 0.0011341 0.0011858 0.0011857 0.0012374 0.0010825 0.0010825 0.0011856 0.0011340 0.0012373 0.0011340 0.0011340 0.0011856 0.0011856 0.0012373 0.0012373 0.0011340 0.0011340 0.0011856 0.0008237 0.0014439 0.0013408 0.0013408 0.0012889 0.0013925 0.0013925 0.0017543 0.0017024 0.0017023 0.0015473 0.0015990 0.0013923 0.0014436 0.0014436 0.0012371 0.0013920 0.0014954 0.0014954 0.0014955 0.0014955 0.0017024 0.0015473 0.0016509 0.0015474 0.0015474 0.0012891 0.0014955 0.0014439 0.0014956 0.0016509 0.0014956 0.0015990 0.0015475 0.0017544 0.0014441 0.0016506 0.0014440 0.0014956 0.0018059 0.0019612 
EBOV_H.sap-wt_GIN_14_Makona-Kissidougou-C15_KT013254       1.9108164 1.9306401 1.9008814 1.9022023 1.9033158 1.3292265 1.3536024 0.0313359 0.0313956 0.0317857 0.0318064 0.0364643 0.0373298 0.0357810 0.0325487 0.0020126 0.0017032 0.0011341 0.0011855 0.0006177 0.0006692 0.0006692 0.0009267 0.0001029 0.0000000 0.0015475 0.0013923 0.0010824 0.0010824 0.0011340 0.0011340 0.0011340 0.0011856 0.0012372 0.0012372 0.0011856 0.0012374 0.0012374 0.0012890 0.0012890 0.0013406 0.0011857 0.0011857 0.0012889 0.0012372 0.0013406 0.0012372 0.0012372 0.0012889 0.0012889 0.0013406 0.0013405 0.0012373 0.0012373 0.0012889 0.0009267 0.0015472 0.0014441 0.0014441 0.0013922 0.0014959 0.0014958 0.0018577 0.0018058 0.0018057 0.0016506 0.0017023 0.0014956 0.0015469 0.0015469 0.0013403 0.0014953 0.0015987 0.0015987 0.0015988 0.0015988 0.0018058 0.0016506 0.0017543 0.0016508 0.0016508 0.0013924 0.0015989 0.0015472 0.0015990 0.0017543 0.0015990 0.0017024 0.0016509 0.0018579 0.0015475 0.0017540 0.0015473 0.0015989 0.0019094 0.0020646 
EBOV_H.sap-wt_GIN_14_Makona-Gueckedou-EM_079910_KR817221   1.9131103 1.9327800 1.9037735 1.9052367 1.9063519 1.3300749 1.3540286 0.0321341 0.0321940 0.0325849 0.0326061 0.0372748 0.0381425 0.0365900 0.0333503 0.0024276 0.0021180 0.0015479 0.0005662 0.0010310 0.0010826 0.0010826 0.0013408 0.0014442 0.0015475 0.0000000 0.0018064 0.0014960 0.0014960 0.0015477 0.0015477 0.0015477 0.0015994 0.0016511 0.0016511 0.0015994 0.0016513 0.0016513 0.0017031 0.0017030 0.0017547 0.0015996 0.0015996 0.0017028 0.0016511 0.0017547 0.0016512 0.0016512 0.0017029 0.0017029 0.0017547 0.0017546 0.0016512 0.0016512 0.0017029 0.0013408 0.0019616 0.0018583 0.0018583 0.0018064 0.0019102 0.0019101 0.0022726 0.0022206 0.0022204 0.0020651 0.0021169 0.0019099 0.0019612 0.0019612 0.0017543 0.0019096 0.0020131 0.0020131 0.0020132 0.0020133 0.0022206 0.0020652 0.0021690 0.0020653 0.0020653 0.0018066 0.0020133 0.0019615 0.0020134 0.0021691 0.0020134 0.0021170 0.0020654 0.0022728 0.0019619 0.0021167 0.0019617 0.0020134 0.0023243 0.0024798 
EBOV_H.sap-wt_LBR_14_Makona-LIBR0430_KR006955              1.9137739 1.9339986 1.9042020 1.9029706 1.9040851 1.3282444 1.3546016 0.0319601 0.0320199 0.0324107 0.0324317 0.0370979 0.0379651 0.0364134 0.0331755 0.0022718 0.0019622 0.0013925 0.0014440 0.0008752 0.0009267 0.0009267 0.0011856 0.0012890 0.0013923 0.0018064 0.0000000 0.0004117 0.0004117 0.0004632 0.0004632 0.0004632 0.0005147 0.0005662 0.0005662 0.0005147 0.0005662 0.0005662 0.0006177 0.0006177 0.0006692 0.0005147 0.0005147 0.0006177 0.0005662 0.0006692 0.0005662 0.0005662 0.0006177 0.0006177 0.0006692 0.0006692 0.0005662 0.0005662 0.0006177 0.0004632 0.0008752 0.0007722 0.0007722 0.0007207 0.0008237 0.0008237 0.0011859 0.0011341 0.0011341 0.0009792 0.0010309 0.0008237 0.0008752 0.0008752 0.0006692 0.0008237 0.0009267 0.0009267 0.0009267 0.0009267 0.0011341 0.0009793 0.0010826 0.0009793 0.0009793 0.0007207 0.0009267 0.0008752 0.0009267 0.0010827 0.0009267 0.0010309 0.0009794 0.0011860 0.0008762 0.0010824 0.0008752 0.0009267 0.0012375 0.0013925 
EBOV_H.sap-wt_SLE_14_Makona-G3734.1_KM233055               1.9113013 1.9313056 1.9013671 1.9020021 1.9031153 1.3274009 1.3553419 0.0316203 0.0316801 0.0320705 0.0320913 0.0367531 0.0376194 0.0360693 0.0328343 0.0019611 0.0016516 0.0010826 0.0011340 0.0005662 0.0006177 0.0006177 0.0008752 0.0009782 0.0010824 0.0014960 0.0004117 0.0000000 0.0000010 0.0000515 0.0000515 0.0000515 0.0001029 0.0001544 0.0001544 0.0001029 0.0001544 0.0001544 0.0002058 0.0002058 0.0002573 0.0001029 0.0001029 0.0002058 0.0001544 0.0002573 0.0001544 0.0001544 0.0002058 0.0002058 0.0002573 0.0002573 0.0001544 0.0001544 0.0002058 0.0001544 0.0004632 0.0003602 0.0003602 0.0003088 0.0004117 0.0004117 0.0007722 0.0007207 0.0007207 0.0005662 0.0006177 0.0004117 0.0005662 0.0005662 0.0003602 0.0005147 0.0006177 0.0006177 0.0005147 0.0005147 0.0007207 0.0005662 0.0006692 0.0005662 0.0005662 0.0003088 0.0005147 0.0004632 0.0005147 0.0006692 0.0005147 0.0006177 0.0005662 0.0007722 0.0004632 0.0006692 0.0005662 0.0006177 0.0009267 0.0010825 
EBOV_H.sap-wt_SLE_14_Makona-G3799_KM233080                 1.9113013 1.9313056 1.9013671 1.9020021 1.9031153 1.3274009 1.3553419 0.0316203 0.0316801 0.0320705 0.0320913 0.0367531 0.0376194 0.0360693 0.0328343 0.0019611 0.0016516 0.0010826 0.0011340 0.0005662 0.0006177 0.0006177 0.0008752 0.0009782 0.0010824 0.0014960 0.0004117 0.0000010 0.0000000 0.0000515 0.0000515 0.0000515 0.0001029 0.0001544 0.0001544 0.0001029 0.0001544 0.0001544 0.0002058 0.0002058 0.0002573 0.0001029 0.0001029 0.0002058 0.0001544 0.0002573 0.0001544 0.0001544 0.0002058 0.0002058 0.0002573 0.0002573 0.0001544 0.0001544 0.0002058 0.0001544 0.0004632 0.0003602 0.0003602 0.0003088 0.0004117 0.0004117 0.0007722 0.0007207 0.0007207 0.0005662 0.0006177 0.0004117 0.0005662 0.0005662 0.0003602 0.0005147 0.0006177 0.0006177 0.0005147 0.0005147 0.0007207 0.0005662 0.0006692 0.0005662 0.0005662 0.0003088 0.0005147 0.0004632 0.0005147 0.0006692 0.0005147 0.0006177 0.0005662 0.0007722 0.0004632 0.0006692 0.0005662 0.0006177 0.0009267 0.0010825 
EBOV_H.sap-wt_SLE_14_Makona-G3788_KM233075                 1.9110311 1.9310347 1.9010974 1.9023450 1.9034584 1.3273889 1.3553291 0.0316767 0.0317365 0.0321269 0.0321478 0.0368103 0.0376768 0.0361264 0.0328909 0.0020128 0.0017034 0.0011342 0.0011856 0.0006177 0.0006692 0.0006692 0.0009267 0.0010308 0.0011340 0.0015477 0.0004632 0.0000515 0.0000515 0.0000000 0.0001029 0.0001029 0.0001544 0.0002058 0.0002058 0.0001544 0.0002058 0.0002058 0.0002573 0.0002573 0.0003088 0.0001544 0.0001544 0.0002573 0.0002058 0.0003088 0.0002058 0.0002058 0.0002573 0.0002573 0.0003088 0.0003088 0.0002058 0.0002058 0.0002573 0.0002058 0.0005147 0.0004117 0.0004117 0.0003602 0.0004632 0.0004632 0.0008237 0.0007722 0.0007722 0.0006177 0.0006692 0.0004632 0.0006177 0.0006177 0.0004117 0.0005662 0.0006692 0.0006692 0.0005662 0.0005662 0.0007722 0.0006177 0.0007207 0.0006177 0.0006177 0.0003602 0.0005662 0.0005147 0.0005662 0.0007207 0.0005662 0.0006692 0.0006177 0.0008237 0.0005147 0.0007207 0.0006177 0.0006692 0.0009793 0.0011342 
EBOV_H.sap-wt_SLE_14_Makona-G3789.1_KM233076               1.9109578 1.9309605 1.9010246 1.9016591 1.9027722 1.3276228 1.3555639 0.0316763 0.0317361 0.0321265 0.0321474 0.0368098 0.0376763 0.0361259 0.0328905 0.0020128 0.0017034 0.0011342 0.0011856 0.0006177 0.0006692 0.0006692 0.0009267 0.0010308 0.0011340 0.0015477 0.0004632 0.0000515 0.0000515 0.0001029 0.0000000 0.0000010 0.0000515 0.0001029 0.0001029 0.0001544 0.0001029 0.0001029 0.0001544 0.0001544 0.0002058 0.0000515 0.0000515 0.0001544 0.0001029 0.0002058 0.0001029 0.0001029 0.0001544 0.0001544 0.0002058 0.0002058 0.0001029 0.0002058 0.0001544 0.0002058 0.0004117 0.0003088 0.0003088 0.0002573 0.0003602 0.0003602 0.0007207 0.0006692 0.0006692 0.0005147 0.0005662 0.0003602 0.0006177 0.0006177 0.0004117 0.0005662 0.0006692 0.0006692 0.0004632 0.0004632 0.0007722 0.0006177 0.0007207 0.0006177 0.0006177 0.0003602 0.0004632 0.0004117 0.0004632 0.0007207 0.0004632 0.0005662 0.0005147 0.0008237 0.0005147 0.0006177 0.0006177 0.0006692 0.0009793 0.0011341 
EBOV_H.sap-wt_SLE_14_Makona-G3825.1_KM233098               1.9109578 1.9309605 1.9010246 1.9016591 1.9027722 1.3276228 1.3555639 0.0316763 0.0317361 0.0321265 0.0321474 0.0368098 0.0376763 0.0361259 0.0328905 0.0020128 0.0017034 0.0011342 0.0011856 0.0006177 0.0006692 0.0006692 0.0009267 0.0010308 0.0011340 0.0015477 0.0004632 0.0000515 0.0000515 0.0001029 0.0000010 0.0000000 0.0000515 0.0001029 0.0001029 0.0001544 0.0001029 0.0001029 0.0001544 0.0001544 0.0002058 0.0000515 0.0000515 0.0001544 0.0001029 0.0002058 0.0001029 0.0001029 0.0001544 0.0001544 0.0002058 0.0002058 0.0001029 0.0002058 0.0001544 0.0002058 0.0004117 0.0003088 0.0003088 0.0002573 0.0003602 0.0003602 0.0007207 0.0006692 0.0006692 0.0005147 0.0005662 0.0003602 0.0006177 0.0006177 0.0004117 0.0005662 0.0006692 0.0006692 0.0004632 0.0004632 0.0007722 0.0006177 0.0007207 0.0006177 0.0006177 0.0003602 0.0004632 0.0004117 0.0004632 0.0007207 0.0004632 0.0005662 0.0005147 0.0008237 0.0005147 0.0006177 0.0006177 0.0006692 0.0009793 0.0011341 
EBOV_H.sap-wt_SLE_14_Makona-G5296_1_KR105303               1.9107441 1.9307449 1.9008117 1.9016270 1.9027400 1.3274702 1.3554104 0.0317327 0.0317925 0.0321830 0.0322039 0.0368670 0.0377336 0.0361830 0.0329471 0.0020646 0.0017551 0.0011858 0.0012373 0.0006692 0.0007207 0.0007207 0.0009782 0.0010824 0.0011856 0.0015994 0.0005147 0.0001029 0.0001029 0.0001544 0.0000515 0.0000515 0.0000000 0.0000515 0.0000515 0.0002058 0.0001544 0.0001544 0.0002058 0.0002058 0.0002573 0.0001029 0.0001029 0.0002058 0.0001544 0.0002573 0.0001544 0.0001544 0.0002058 0.0002058 0.0002573 0.0002573 0.0001544 0.0002573 0.0002058 0.0002573 0.0004632 0.0003602 0.0003602 0.0003088 0.0004117 0.0003088 0.0006692 0.0006177 0.0006177 0.0004632 0.0005147 0.0003088 0.0006692 0.0006692 0.0004632 0.0006177 0.0007207 0.0007207 0.0005147 0.0004117 0.0008237 0.0006692 0.0007722 0.0006692 0.0006692 0.0004117 0.0005147 0.0004632 0.0004117 0.0007722 0.0005147 0.0006177 0.0005662 0.0008752 0.0005662 0.0005662 0.0006692 0.0007207 0.0010309 0.0011858 
EBOV_H.sap-wt_SLE_14_Makona-Bombali-J0022_KP759757         1.9110875 1.9310900 1.9011543 1.9019699 1.9030831 1.3277366 1.3556777 0.0317891 0.0318489 0.0322394 0.0322604 0.0369242 0.0377909 0.0362401 0.0330038 0.0021163 0.0018068 0.0012375 0.0012889 0.0007207 0.0007722 0.0007722 0.0010307 0.0011340 0.0012372 0.0016511 0.0005662 0.0001544 0.0001544 0.0002058 0.0001029 0.0001029 0.0000515 0.0000000 0.0000010 0.0002573 0.0002058 0.0002058 0.0002573 0.0002573 0.0003088 0.0001544 0.0001544 0.0002573 0.0002058 0.0003088 0.0002058 0.0002058 0.0002573 0.0002573 0.0003088 0.0003088 0.0002058 0.0003088 0.0002573 0.0003088 0.0005147 0.0004117 0.0004117 0.0003602 0.0004632 0.0003602 0.0007207 0.0006692 0.0006692 0.0005147 0.0005662 0.0003602 0.0007207 0.0007207 0.0005147 0.0006692 0.0007722 0.0007722 0.0005662 0.0004632 0.0008752 0.0007207 0.0008237 0.0007207 0.0007207 0.0004632 0.0005662 0.0005147 0.0004632 0.0008237 0.0005662 0.0006692 0.0006177 0.0009267 0.0006177 0.0006177 0.0007207 0.0007722 0.0010825 0.0012374 
EBOV_H.sap-wt_SLE_14_Makona-Bombali-J0019_KP759754         1.9110875 1.9310900 1.9011543 1.9019699 1.9030831 1.3277366 1.3556777 0.0317891 0.0318489 0.0322394 0.0322604 0.0369242 0.0377909 0.0362401 0.0330038 0.0021163 0.0018068 0.0012375 0.0012889 0.0007207 0.0007722 0.0007722 0.0010307 0.0011340 0.0012372 0.0016511 0.0005662 0.0001544 0.0001544 0.0002058 0.0001029 0.0001029 0.0000515 0.0000010 0.0000000 0.0002573 0.0002058 0.0002058 0.0002573 0.0002573 0.0003088 0.0001544 0.0001544 0.0002573 0.0002058 0.0003088 0.0002058 0.0002058 0.0002573 0.0002573 0.0003088 0.0003088 0.0002058 0.0003088 0.0002573 0.0003088 0.0005147 0.0004117 0.0004117 0.0003602 0.0004632 0.0003602 0.0007207 0.0006692 0.0006692 0.0005147 0.0005662 0.0003602 0.0007207 0.0007207 0.0005147 0.0006692 0.0007722 0.0007722 0.0005662 0.0004632 0.0008752 0.0007207 0.0008237 0.0007207 0.0007207 0.0004632 0.0005662 0.0005147 0.0004632 0.0008237 0.0005662 0.0006692 0.0006177 0.0009267 0.0006177 0.0006177 0.0007207 0.0007722 0.0010825 0.0012374 
EBOV_H.sap-wt_LBR_15_Makona-Liberia-DQE4_KR074998          1.9109986 1.9310015 1.9010652 1.9020750 1.9031883 1.3275148 1.3553872 0.0316207 0.0316805 0.0320709 0.0320918 0.0368675 0.0377341 0.0361834 0.0329476 0.0020646 0.0017551 0.0011858 0.0012373 0.0006692 0.0007207 0.0007207 0.0009782 0.0010824 0.0011856 0.0015994 0.0005147 0.0001029 0.0001029 0.0001544 0.0001544 0.0001544 0.0002058 0.0002573 0.0002573 0.0000000 0.0002573 0.0002573 0.0003088 0.0003088 0.0003602 0.0002058 0.0002058 0.0003088 0.0002573 0.0003602 0.0002573 0.0002573 0.0003088 0.0003088 0.0003602 0.0003602 0.0002573 0.0002573 0.0003088 0.0002573 0.0005662 0.0004632 0.0004632 0.0004117 0.0005147 0.0005147 0.0008752 0.0008237 0.0008237 0.0006692 0.0007207 0.0005147 0.0006692 0.0006692 0.0004632 0.0006177 0.0007207 0.0007207 0.0006177 0.0006177 0.0008237 0.0006692 0.0007722 0.0006692 0.0006692 0.0004117 0.0006177 0.0005662 0.0006177 0.0007722 0.0006177 0.0007207 0.0006692 0.0008752 0.0005662 0.0007722 0.0006692 0.0007207 0.0010309 0.0011858 
EBOV_H.sap-wt_SLE_14_Makona-G3735.2_KM233057               1.9127443 1.9327693 1.9027996 1.9015110 1.9026240 1.3287188 1.3566768 0.0317930 0.0318528 0.0322434 0.0322644 0.0369288 0.0377956 0.0362446 0.0330078 0.0021166 0.0018071 0.0012376 0.0012891 0.0007207 0.0007722 0.0007722 0.0010308 0.0011341 0.0012374 0.0016513 0.0005662 0.0001544 0.0001544 0.0002058 0.0001029 0.0001029 0.0001544 0.0002058 0.0002058 0.0002573 0.0000000 0.0000010 0.0000515 0.0000515 0.0001029 0.0000515 0.0000515 0.0002573 0.0002058 0.0003088 0.0002058 0.0002058 0.0002573 0.0002573 0.0003088 0.0003088 0.0002058 0.0003088 0.0002573 0.0003088 0.0005147 0.0004117 0.0004117 0.0003602 0.0002573 0.0004632 0.0008237 0.0007722 0.0007722 0.0006177 0.0006692 0.0004632 0.0007207 0.0007207 0.0005147 0.0006692 0.0007722 0.0007722 0.0005662 0.0005662 0.0008752 0.0007207 0.0008237 0.0007207 0.0007207 0.0004632 0.0005662 0.0005147 0.0005662 0.0008237 0.0005662 0.0006692 0.0006177 0.0009277 0.0006177 0.0007207 0.0007207 0.0007722 0.0010826 0.0012376 
EBOV_H.sap-wt_SLE_14_Makona-G3827_KM233101                 1.9127443 1.9327693 1.9027996 1.9015110 1.9026240 1.3287188 1.3566768 0.0317930 0.0318528 0.0322434 0.0322644 0.0369288 0.0377956 0.0362446 0.0330078 0.0021166 0.0018071 0.0012376 0.0012891 0.0007207 0.0007722 0.0007722 0.0010308 0.0011341 0.0012374 0.0016513 0.0005662 0.0001544 0.0001544 0.0002058 0.0001029 0.0001029 0.0001544 0.0002058 0.0002058 0.0002573 0.0000010 0.0000000 0.0000515 0.0000515 0.0001029 0.0000515 0.0000515 0.0002573 0.0002058 0.0003088 0.0002058 0.0002058 0.0002573 0.0002573 0.0003088 0.0003088 0.0002058 0.0003088 0.0002573 0.0003088 0.0005147 0.0004117 0.0004117 0.0003602 0.0002573 0.0004632 0.0008237 0.0007722 0.0007722 0.0006177 0.0006692 0.0004632 0.0007207 0.0007207 0.0005147 0.0006692 0.0007722 0.0007722 0.0005662 0.0005662 0.0008752 0.0007207 0.0008237 0.0007207 0.0007207 0.0004632 0.0005662 0.0005147 0.0005662 0.0008237 0.0005662 0.0006692 0.0006177 0.0009277 0.0006177 0.0007207 0.0007207 0.0007722 0.0010826 0.0012376 
EBOV_H.sap-wt_SLE_14_Makona-EM124.3_KM233047               1.9130107 1.9330359 1.9030658 1.9017773 1.9028904 1.3289461 1.3569039 0.0318493 0.0319092 0.0322998 0.0323208 0.0369859 0.0378529 0.0363016 0.0330644 0.0021683 0.0018588 0.0012893 0.0013407 0.0007722 0.0008237 0.0008237 0.0010825 0.0011858 0.0012890 0.0017031 0.0006177 0.0002058 0.0002058 0.0002573 0.0001544 0.0001544 0.0002058 0.0002573 0.0002573 0.0003088 0.0000515 0.0000515 0.0000000 0.0001029 0.0001544 0.0001029 0.0001029 0.0003088 0.0002573 0.0003602 0.0002573 0.0002573 0.0003088 0.0003088 0.0003602 0.0003602 0.0002573 0.0003602 0.0003088 0.0003602 0.0005662 0.0004632 0.0004632 0.0004117 0.0002058 0.0005147 0.0008752 0.0008237 0.0008237 0.0006692 0.0007207 0.0005147 0.0007722 0.0007722 0.0005662 0.0007207 0.0008237 0.0008237 0.0006177 0.0006177 0.0009267 0.0007722 0.0008752 0.0007722 0.0007722 0.0005147 0.0006177 0.0005662 0.0006177 0.0008752 0.0006177 0.0007207 0.0006692 0.0009793 0.0006692 0.0007722 0.0007722 0.0008237 0.0011343 0.0012892 
