94
RESTV_M.fas-tc_USA_89_Philippines89-Pennsylvania_NC_004161 0.0000000 0.0263410 0.0329082 1.9544026 1.9538742 2.1839353 2.0804390 2.0039225 2.0036051 2.0058860 2.0050797 2.0346430 2.0353909 2.0341148 2.0384404 2.0355876 2.0390063 2.0385398 2.0388348 2.0407526 2.0391516 2.0400890 2.0400442 2.0405678 2.0405678 2.0411052 2.0391321 2.0420012 2.0389199 2.0389199 2.0380567 2.0392883 2.0381655 2.0386905 2.0386905 2.0384610 2.0406501 2.0404010 2.0370454 2.0411198 2.0411198 2.0408614 2.0393858 2.0383471 2.0413228 2.0391563 2.0391563 2.0389016 2.0389539 2.0389539 2.0386721 2.0384595 2.0397883 2.0397290 2.0404875 2.0410795 2.0385092 2.0389539 2.0389539 2.0411860 2.0390199 2.0386197 2.0396767 2.0418618 2.0401555 2.0391778 2.0389269 2.0387570 2.0386992 2.0392971 2.0392971 2.0399628 2.0400078 2.0369909 2.0392350 2.0404477 2.0404543 2.0407055 2.0407055 2.0382643 2.0382586 2.0379974 2.0394333 2.0374697 2.0349948 2.0349948 2.0352183 2.0356277 2.0350272 2.0353547 2.0068504 2.0078739 1.9984425 2.0065850 
RESTV_S.dom-tc_PHL_08_Reston08-A_FJ621583                  0.0263410 0.0000000 0.0510135 1.9867887 1.9862432 2.1764977 2.0778206 2.0111539 2.0108365 2.0131247 2.0123152 2.0457844 2.0467230 2.0452870 2.0497579 2.0468845 2.0503666 2.0498949 2.0501902 2.0521192 2.0505121 2.0514561 2.0516016 2.0525215 2.0525215 2.0525680 2.0504909 2.0533749 2.0502761 2.0502761 2.0494057 2.0506492 2.0495188 2.0500458 2.0500458 2.0498155 2.0520144 2.0517647 2.0487487 2.0525203 2.0525203 2.0522264 2.0507435 2.0496967 2.0528777 2.0505132 2.0505132 2.0502578 2.0503107 2.0503107 2.0500275 2.0498107 2.0511494 2.0510897 2.0518519 2.0524466 2.0498611 2.0503107 2.0503107 2.0530284 2.0508477 2.0504420 2.0515066 2.0537061 2.0519901 2.0505352 2.0502824 2.0501097 2.0500553 2.0506588 2.0506588 2.0495495 2.0507829 2.0481495 2.0505968 2.0536829 2.0536898 2.0539430 2.0539430 2.0514878 2.0514820 2.0512190 2.0524756 2.0488170 2.0467027 2.0467027 2.0467371 2.0471519 2.0465435 2.0468722 2.0174632 2.0180355 2.0095226 2.0204633 
RESTV_S.dom-xx_PHL_08_Reston08-C_FJ621584                  0.0329082 0.0510135 0.0000000 1.9456831 1.9451597 2.1668706 2.0764898 2.0000392 1.9999115 2.0019981 2.0011021 2.0308977 2.0316767 2.0311927 2.0347231 2.0318751 2.0356474 2.0348204 2.0351155 2.0372210 2.0356209 2.0365568 2.0367019 2.0370355 2.0370355 2.0369168 2.0354119 2.0382782 2.0352004 2.0352004 2.0347119 2.0359407 2.0348194 2.0353442 2.0353442 2.0351148 2.0367392 2.0364901 2.0331400 2.0372074 2.0372074 2.0369504 2.0356661 2.0346294 2.0374105 2.0354367 2.0354367 2.0351821 2.0352342 2.0352342 2.0349527 2.0348338 2.0360677 2.0360086 2.0367665 2.0373579 2.0347908 2.0352342 2.0352342 2.0379282 2.0357650 2.0353661 2.0364216 2.0386039 2.0368994 2.0354581 2.0352077 2.0350385 2.0349796 2.0355760 2.0355760 2.0362419 2.0362879 2.0332744 2.0355138 2.0367269 2.0367334 2.0369841 2.0369841 2.0345450 2.0345394 2.0342476 2.0344489 2.0337521 2.0331898 2.0331898 2.0315050 2.0319130 2.0335838 2.0339115 2.0048559 2.0057852 1.9952893 2.0041162 
SUDV_H.sap-xx_UGA_12_EboSud-603_KC545390                   1.9544026 1.9867887 1.9456831 0.0000000 0.0002558 2.2032356 2.1995562 2.0427005 2.0431841 2.0430733 2.0449083 2.0807617 2.0787659 2.0774200 2.0801203 2.0808613 2.0791078 2.0786823 2.0778446 2.0809722 2.0787484 2.0803737 2.0798673 2.0808893 2.0808893 2.0812967 2.0797081 2.0795582 2.0785949 2.0785949 2.0794914 2.0801404 2.0792389 2.0789306 2.0789306 2.0790761 2.0805761 2.0798211 2.0771101 2.0795532 2.0795532 2.0798459 2.0789732 2.0776200 2.0795748 2.0787403 2.0787403 2.0790735 2.0790095 2.0790095 2.0792189 2.0797063 2.0787215 2.0792512 2.0817869 2.0812403 2.0798947 2.0786401 2.0786401 2.0775670 2.0778131 2.0775796 2.0780759 2.0790583 2.0786649 2.0788666 2.0765995 2.0782717 2.0783824 2.0796860 2.0796860 2.0789573 2.0785630 2.0790390 2.0795907 2.0795588 2.0813801 2.0795395 2.0795395 2.0784659 2.0787504 2.0802159 2.0796090 2.0787671 2.0782715 2.0782715 2.0777480 2.0776235 2.0811372 2.0808793 2.0537839 2.0538220 2.0589727 2.0531523 
SUDV_H.sap-xx_UGA_12_EboSud-609_KC545391                   1.9538742 1.9862432 1.9451597 0.0002558 0.0000000 2.2051154 2.1987614 2.0438245 2.0443083 2.0441975 2.0460343 2.0819159 2.0799184 2.0785717 2.0812735 2.0820152 2.0802606 2.0798347 2.0789966 2.0821267 2.0799012 2.0815274 2.0810201 2.0820432 2.0820432 2.0824509 2.0808610 2.0807110 2.0797472 2.0797472 2.0806444 2.0812937 2.0803915 2.0800830 2.0800830 2.0802285 2.0817295 2.0809743 2.0782611 2.0807060 2.0807060 2.0809991 2.0801257 2.0787715 2.0807276 2.0798927 2.0798927 2.0802260 2.0801620 2.0801620 2.0803715 2.0808595 2.0798739 2.0804038 2.0829416 2.0823947 2.0810478 2.0797924 2.0797924 2.0787185 2.0789648 2.0787315 2.0792283 2.0802112 2.0798172 2.0800191 2.0777503 2.0794235 2.0795346 2.0808391 2.0808391 2.0801102 2.0797153 2.0801915 2.0807439 2.0807119 2.0825347 2.0806927 2.0806927 2.0796183 2.0799029 2.0813698 2.0807621 2.0799199 2.0794238 2.0794238 2.0789002 2.0787751 2.0822914 2.0820334 2.0554712 2.0555099 2.0606665 2.0542835 
TAFV_H.sap-tc_CIV_94_Pauleoula-CI_NC_014372                2.1839353 2.1764977 2.1668706 2.2032356 2.2051154 0.0000000 0.7869122 1.3858310 1.3855874 1.3847154 1.3875462 1.4021600 1.4017041 1.4040674 1.4012338 1.4013910 1.4014871 1.4009934 1.4008919 1.4023045 1.4010242 1.4020118 1.4016254 1.4011790 1.4011790 1.4017492 1.4015180 1.4009128 1.4010058 1.4010058 1.4023790 1.4015655 1.4015517 1.4012842 1.4012842 1.4014830 1.4000482 1.3998944 1.4016702 1.3996580 1.3996580 1.3999175 1.4011335 1.4019926 1.4029077 1.4009470 1.4009470 1.4007743 1.4013062 1.4013062 1.4011426 1.4016566 1.4021979 1.4017864 1.4011988 1.4015145 1.4016246 1.4010458 1.4010458 1.4006365 1.4002875 1.4017613 1.4009746 1.4008749 1.4002374 1.4012553 1.4001663 1.4006887 1.4012996 1.4015808 1.4015808 1.4001352 1.4019864 1.4028618 1.4006732 1.4006788 1.4022196 1.4010762 1.4010762 1.4006171 1.4006402 1.4005677 1.4013201 1.4018315 1.4023166 1.4023166 1.4003455 1.3998547 1.4003038 1.4001312 1.3977941 1.4003661 1.4021728 1.3973242 
BDBV_H.sap-xx_COD_12_EboBund-122_KC545395                  2.0804390 2.0778206 2.0764898 2.1995562 2.1987614 0.7869122 0.0000000 1.3499912 1.3500010 1.3499028 1.3484580 1.3692345 1.3662148 1.3683949 1.3670250 1.3668589 1.3689189 1.3690271 1.3688915 1.3707058 1.3700599 1.3698418 1.3706700 1.3695749 1.3695749 1.3691351 1.3679524 1.3686526 1.3689515 1.3689515 1.3691571 1.3689478 1.3684506 1.3686807 1.3686807 1.3688778 1.3686399 1.3686153 1.3693552 1.3677567 1.3677567 1.3686380 1.3690770 1.3694967 1.3707222 1.3688924 1.3688924 1.3686851 1.3690789 1.3690789 1.3685005 1.3695831 1.3698751 1.3697210 1.3696287 1.3699401 1.3680705 1.3689025 1.3684450 1.3677363 1.3686559 1.3690841 1.3689035 1.3679637 1.3684553 1.3691098 1.3688567 1.3689403 1.3686952 1.3694200 1.3694200 1.3671187 1.3703986 1.3703955 1.3700792 1.3692903 1.3691542 1.3675352 1.3675352 1.3682308 1.3683789 1.3692094 1.3670230 1.3687932 1.3675290 1.3675290 1.3675723 1.3665973 1.3690998 1.3690978 1.3662875 1.3675992 1.3648346 1.3617297 
EBOV_H.sap-tc_COD_07_1Luebo_KC242786                       2.0039225 2.0111539 2.0000392 2.0427005 2.0438245 1.3858310 1.3499912 0.0000000 0.0002551 0.0002551 0.0006123 0.0324287 0.0313102 0.0319352 0.0314696 0.0315800 0.0318798 0.0315410 0.0318227 0.0322248 0.0320426 0.0319329 0.0323768 0.0319301 0.0319301 0.0322110 0.0325005 0.0322130 0.0316526 0.0316526 0.0321542 0.0318769 0.0319314 0.0317640 0.0317640 0.0318198 0.0320992 0.0319321 0.0325511 0.0323283 0.0323283 0.0320436 0.0317638 0.0320439 0.0324358 0.0317084 0.0317084 0.0317644 0.0317078 0.0317078 0.0318202 0.0319325 0.0321530 0.0319859 0.0322628 0.0324299 0.0319874 0.0318193 0.0319310 0.0322126 0.0322143 0.0326030 0.0326107 0.0324934 0.0321552 0.0318750 0.0321558 0.0319314 0.0318754 0.0319883 0.0319883 0.0323260 0.0322159 0.0320995 0.0320969 0.0322745 0.0323320 0.0323827 0.0323827 0.0319923 0.0320514 0.0323290 0.0322157 0.0311972 0.0309736 0.0309736 0.0310209 0.0310358 0.0310239 0.0310798 0.0241924 0.0247572 0.0234364 0.0213392 
EBOV_H.sap-tc_COD_07_M-M_HQ613403                          2.0036051 2.0108365 1.9999115 2.0431841 2.0443083 1.3855874 1.3500010 0.0002551 0.0000000 0.0003061 0.0006633 0.0324817 0.0313632 0.0319883 0.0315226 0.0316330 0.0319329 0.0315941 0.0318758 0.0322779 0.0320956 0.0319859 0.0324298 0.0319831 0.0319831 0.0322640 0.0325535 0.0322661 0.0317056 0.0317056 0.0322073 0.0319300 0.0319844 0.0318170 0.0318170 0.0318729 0.0321523 0.0319851 0.0325509 0.0323814 0.0323814 0.0320966 0.0318168 0.0320970 0.0324889 0.0317615 0.0317615 0.0318175 0.0317608 0.0317608 0.0318733 0.0319856 0.0322060 0.0320389 0.0323158 0.0324830 0.0320405 0.0318724 0.0319840 0.0322657 0.0322674 0.0326560 0.0326638 0.0325465 0.0322083 0.0319280 0.0322089 0.0319844 0.0319284 0.0320413 0.0320413 0.0323790 0.0322690 0.0321526 0.0321500 0.0323275 0.0323850 0.0324358 0.0324358 0.0320453 0.0321044 0.0323821 0.0322688 0.0312502 0.0310266 0.0310266 0.0310739 0.0310888 0.0310769 0.0311327 0.0242448 0.0248097 0.0234888 0.0213914 
EBOV_H.sap-tc_COD_07_5Luebo_KC242790                       2.0058860 2.0131247 2.0019981 2.0430733 2.0441975 1.3847154 1.3499028 0.0002551 0.0003061 0.0000000 0.0006633 0.0324896 0.0313708 0.0319961 0.0315303 0.0316407 0.0319406 0.0316017 0.0318835 0.0322857 0.0321034 0.0319937 0.0324377 0.0319909 0.0319909 0.0322719 0.0325615 0.0322739 0.0317133 0.0317133 0.0322151 0.0319377 0.0319922 0.0318248 0.0318248 0.0318806 0.0321601 0.0319929 0.0326121 0.0323892 0.0323892 0.0321044 0.0318245 0.0321048 0.0324968 0.0317692 0.0317692 0.0318252 0.0317685 0.0317685 0.0318810 0.0319933 0.0322139 0.0320467 0.0323237 0.0324909 0.0320483 0.0318801 0.0319918 0.0322735 0.0322752 0.0326640 0.0326717 0.0325544 0.0322161 0.0319357 0.0322167 0.0319922 0.0319362 0.0320491 0.0320491 0.0323869 0.0322768 0.0321604 0.0321578 0.0323354 0.0323929 0.0324437 0.0324437 0.0320531 0.0321123 0.0323900 0.0322766 0.0312578 0.0310341 0.0310341 0.0310814 0.0310964 0.0310844 0.0311403 0.0242507 0.0248157 0.0234945 0.0213966 
EBOV_H.sap-tc_COD_08_034-KS_HQ613402                       2.0050797 2.0123152 2.0011021 2.0449083 2.0460343 1.3875462 1.3484580 0.0006123 0.0006633 0.0006633 0.0000000 0.0327647 0.0316453 0.0322710 0.0318048 0.0319152 0.0322155 0.0318764 0.0321583 0.0325609 0.0323784 0.0322686 0.0327128 0.0322657 0.0322657 0.0325469 0.0328367 0.0325490 0.0319881 0.0319881 0.0324901 0.0322126 0.0322671 0.0320996 0.0320996 0.0321554 0.0324350 0.0322678 0.0328874 0.0326644 0.0326644 0.0323794 0.0320993 0.0323797 0.0327720 0.0320439 0.0320439 0.0321000 0.0320433 0.0320433 0.0321558 0.0322682 0.0324889 0.0323216 0.0325987 0.0327660 0.0323232 0.0321549 0.0322667 0.0325485 0.0325503 0.0329392 0.0329470 0.0328296 0.0324911 0.0322106 0.0324917 0.0322671 0.0322110 0.0323241 0.0323241 0.0326620 0.0325519 0.0324354 0.0324327 0.0326105 0.0326681 0.0327188 0.0327188 0.0323281 0.0323873 0.0326651 0.0325517 0.0315322 0.0313084 0.0313084 0.0313557 0.0313707 0.0313587 0.0314146 0.0246293 0.0251950 0.0238726 0.0217725 
EBOV_H.sap-wt_GIN_14_Makona-Gueckedou-EM_080076_KR817235   2.0346430 2.0457844 2.0308977 2.0807617 2.0819159 1.4021600 1.3692345 0.0324287 0.0324817 0.0324896 0.0327647 0.0000000 0.0013797 0.0020979 0.0021488 0.0022513 0.0023553 0.0020470 0.0023549 0.0027150 0.0025090 0.0024064 0.0028173 0.0026118 0.0026118 0.0026632 0.0029211 0.0026633 0.0021496 0.0021496 0.0027145 0.0024577 0.0025090 0.0023549 0.0023549 0.0024063 0.0025604 0.0025091 0.0031260 0.0028176 0.0028176 0.0025091 0.0022523 0.0025091 0.0028689 0.0022010 0.0022010 0.0022523 0.0023036 0.0023036 0.0023036 0.0024064 0.0027144 0.0025603 0.0027150 0.0028692 0.0024577 0.0023036 0.0024063 0.0027661 0.0028174 0.0031260 0.0032296 0.0030233 0.0027146 0.0023549 0.0026119 0.0025090 0.0023549 0.0024577 0.0024577 0.0027663 0.0026636 0.0025604 0.0026631 0.0026124 0.0027667 0.0028177 0.0028177 0.0024580 0.0026635 0.0027665 0.0026636 0.0017387 0.0017390 0.0017390 0.0017899 0.0017907 0.0017900 0.0018413 0.0369853 0.0375801 0.0360898 0.0342368 
EBOV_H.sap-wt_GIN_14_Makona-Gueckedou-EM_079702_KR817210   2.0353909 2.0467230 2.0316767 2.0787659 2.0799184 1.4017041 1.3662148 0.0313102 0.0313632 0.0313708 0.0316453 0.0013797 0.0000000 0.0011241 0.0011751 0.0012774 0.0013805 0.0010732 0.0013803 0.0017393 0.0015340 0.0014316 0.0018415 0.0016365 0.0016365 0.0015853 0.0019447 0.0016878 0.0011755 0.0011755 0.0017390 0.0014828 0.0015340 0.0013803 0.0013803 0.0014315 0.0015853 0.0015340 0.0021494 0.0018417 0.0018417 0.0015340 0.0012779 0.0015340 0.0018929 0.0012267 0.0012267 0.0012779 0.0013291 0.0013291 0.0013291 0.0014316 0.0017389 0.0015852 0.0017903 0.0019442 0.0014828 0.0013291 0.0014315 0.0017903 0.0018416 0.0021493 0.0022525 0.0020468 0.0017390 0.0013803 0.0016365 0.0015340 0.0013803 0.0014828 0.0014828 0.0017905 0.0016880 0.0015853 0.0016877 0.0017394 0.0017908 0.0018418 0.0018418 0.0014830 0.0016880 0.0017906 0.0016880 0.0007654 0.0007654 0.0007654 0.0008165 0.0008175 0.0008165 0.0008675 0.0358523 0.0364447 0.0349592 0.0331662 
EBOV_H.sap-wt_GIN_14_Makona-Gueckedou-EM_079587_KR817202   2.0341148 2.0452870 2.0311927 2.0774200 2.0785717 1.4040674 1.3683949 0.0319352 0.0319883 0.0319961 0.0322710 0.0020979 0.0011241 0.0000000 0.0016878 0.0017903 0.0018939 0.0015859 0.0018936 0.0022533 0.0020475 0.0019450 0.0023555 0.0021502 0.0021502 0.0022016 0.0024591 0.0022017 0.0016885 0.0016885 0.0022528 0.0019963 0.0020475 0.0018936 0.0018936 0.0019449 0.0020989 0.0020476 0.0026640 0.0023558 0.0023558 0.0020476 0.0017910 0.0020476 0.0024071 0.0017397 0.0017397 0.0017910 0.0018423 0.0018423 0.0018423 0.0019450 0.0022528 0.0020988 0.0023044 0.0024584 0.0019962 0.0018423 0.0019449 0.0023043 0.0023557 0.0026640 0.0027674 0.0025613 0.0022529 0.0018936 0.0021503 0.0020475 0.0018936 0.0019963 0.0019963 0.0023045 0.0022019 0.0020989 0.0022015 0.0022534 0.0023049 0.0023559 0.0023559 0.0019965 0.0022018 0.0023047 0.0022019 0.0012780 0.0012783 0.0012783 0.0013292 0.0013298 0.0013293 0.0013805 0.0364869 0.0370808 0.0355921 0.0337949 
EBOV_H.sap-wt_GIN_14_Makona-Gueckedou-EM_079750_KR817213   2.0384404 2.0497579 2.0347231 2.0801203 2.0812735 1.4012338 1.3670250 0.0314696 0.0315226 0.0315303 0.0318048 0.0021488 0.0011751 0.0016878 0.0000000 0.0003061 0.0016367 0.0013291 0.0016364 0.0019956 0.0017902 0.0016878 0.0020978 0.0018928 0.0018928 0.0019441 0.0022012 0.0019442 0.0014315 0.0014315 0.0019953 0.0017390 0.0017902 0.0016364 0.0016364 0.0016877 0.0018415 0.0017902 0.0024060 0.0020981 0.0020981 0.0017902 0.0015340 0.0017903 0.0021493 0.0014827 0.0014827 0.0015340 0.0015852 0.0015852 0.0015852 0.0016877 0.0019952 0.0018414 0.0020467 0.0022006 0.0017390 0.0015852 0.0016877 0.0020467 0.0020980 0.0024059 0.0025092 0.0023034 0.0019953 0.0016364 0.0018928 0.0017902 0.0016364 0.0017390 0.0017390 0.0020468 0.0019443 0.0018415 0.0019440 0.0019958 0.0020472 0.0020982 0.0020982 0.0017392 0.0019443 0.0020470 0.0019443 0.0010207 0.0010219 0.0010219 0.0010718 0.0010733 0.0010728 0.0011240 0.0360128 0.0366053 0.0352317 0.0334375 
EBOV_H.sap-wt_GIN_14_Makona-Gueckedou-EM_079910_KR817221   2.0355876 2.0468845 2.0318751 2.0808613 2.0820152 1.4013910 1.3668589 0.0315800 0.0316330 0.0316407 0.0319152 0.0022513 0.0012774 0.0017903 0.0003061 0.0000000 0.0017391 0.0014315 0.0017389 0.0020982 0.0018927 0.0017902 0.0022004 0.0019953 0.0019953 0.0020466 0.0023038 0.0020467 0.0015339 0.0015339 0.0020978 0.0018415 0.0018927 0.0017389 0.0017389 0.0017901 0.0019440 0.0018927 0.0025086 0.0022007 0.0022007 0.0018927 0.0016364 0.0018927 0.0022519 0.0015852 0.0015852 0.0016364 0.0016876 0.0016876 0.0016877 0.0017902 0.0020978 0.0019439 0.0021493 0.0023032 0.0018414 0.0016876 0.0017901 0.0021493 0.0022005 0.0025086 0.0026119 0.0024060 0.0020979 0.0017389 0.0019953 0.0018927 0.0017389 0.0018415 0.0018415 0.0021494 0.0020469 0.0019440 0.0020465 0.0020984 0.0021498 0.0022008 0.0022008 0.0018417 0.0020468 0.0021496 0.0020469 0.0011239 0.0011241 0.0011241 0.0011750 0.0011756 0.0011751 0.0012263 0.0361243 0.0367171 0.0353431 0.0335484 
EBOV_H.sap-wt_LBR_14_Makona-LIBR0430_KR006955              2.0390063 2.0503666 2.0356474 2.0791078 2.0802606 1.4014871 1.3689189 0.0318798 0.0319329 0.0319406 0.0322155 0.0023553 0.0013805 0.0018939 0.0016367 0.0017391 0.0000000 0.0003061 0.0006123 0.0009697 0.0007654 0.0006633 0.0010718 0.0008675 0.0008675 0.0009186 0.0011754 0.0009186 0.0004081 0.0004081 0.0009697 0.0007144 0.0007654 0.0006123 0.0006123 0.0006633 0.0008165 0.0007654 0.0013797 0.0010718 0.0010718 0.0007654 0.0005102 0.0007654 0.0011239 0.0004592 0.0004592 0.0005102 0.0005612 0.0005612 0.0005612 0.0006633 0.0009697 0.0008165 0.0010207 0.0011750 0.0007144 0.0005612 0.0006633 0.0010207 0.0010718 0.0013797 0.0014825 0.0012774 0.0009697 0.0006123 0.0008675 0.0007654 0.0006123 0.0007144 0.0007144 0.0010207 0.0009186 0.0008165 0.0009186 0.0009697 0.0010731 0.0010728 0.0010728 0.0007144 0.0009186 0.0010207 0.0009186 0.0006123 0.0012272 0.0012272 0.0012781 0.0012787 0.0012782 0.0013294 0.0363181 0.0369116 0.0354237 0.0336275 
EBOV_H.sap-wt_SLE_14_Makona-G3734.1_KM233055               2.0385398 2.0498949 2.0348204 2.0786823 2.0798347 1.4009934 1.3690271 0.0315410 0.0315941 0.0316017 0.0318764 0.0020470 0.0010732 0.0015859 0.0013291 0.0014315 0.0003061 0.0000000 0.0003061 0.0006633 0.0004592 0.0003571 0.0007654 0.0005612 0.0005612 0.0006123 0.0008675 0.0006123 0.0001020 0.0001020 0.0006633 0.0004081 0.0004592 0.0003061 0.0003061 0.0003571 0.0005102 0.0004592 0.0010718 0.0007654 0.0007654 0.0004592 0.0002040 0.0004592 0.0008165 0.0001530 0.0001530 0.0002040 0.0002551 0.0002551 0.0002551 0.0003571 0.0006633 0.0005102 0.0007144 0.0008675 0.0004081 0.0002551 0.0003571 0.0007144 0.0007654 0.0010718 0.0011751 0.0009697 0.0006633 0.0003061 0.0005612 0.0004592 0.0003061 0.0004081 0.0004081 0.0007144 0.0006123 0.0005102 0.0006123 0.0006633 0.0007654 0.0007654 0.0007654 0.0004081 0.0006123 0.0007144 0.0006123 0.0003061 0.0009199 0.0009199 0.0009708 0.0009713 0.0009709 0.0010221 0.0359746 0.0365673 0.0350810 0.0332869 
EBOV_H.sap-wt_LBR_15_Makona-Liberia-DQE4_KR074998          2.0388348 2.0501902 2.0351155 2.0778446 2.0789966 1.4008919 1.3688915 0.0318227 0.0318758 0.0318835 0.0321583 0.0023549 0.0013803 0.0018936 0.0016364 0.0017389 0.0006123 0.0003061 0.0000000 0.0007654 0.0005612 0.0004592 0.0008675 0.0006633 0.0006633 0.0007144 0.0009697 0.0007144 0.0002040 0.0002040 0.0007654 0.0005102 0.0005612 0.0004081 0.0004081 0.0004592 0.0006123 0.0005612 0.0011740 0.0008675 0.0008675 0.0005612 0.0003061 0.0005612 0.0009186 0.0002551 0.0002551 0.0003061 0.0003571 0.0003571 0.0003571 0.0004592 0.0007654 0.0006123 0.0008165 0.0009697 0.0005102 0.0003571 0.0004592 0.0008165 0.0008675 0.0011740 0.0012775 0.0010718 0.0007654 0.0004081 0.0006633 0.0005612 0.0004081 0.0005102 0.0005102 0.0008165 0.0007144 0.0008165 0.0009186 0.0009697 0.0010729 0.0010718 0.0010718 0.0007144 0.0009186 0.0010207 0.0009186 0.0006123 0.0012270 0.0012270 0.0012779 0.0012785 0.0012780 0.0013292 0.0362601 0.0368535 0.0353659 0.0335700 
EBOV_H.sap-wt_GIN_14_Makona-Kankan-EM_078639_KR817166      2.0407526 2.0521192 2.0372210 2.0809722 2.0821267 1.4023045 1.3707058 0.0322248 0.0322779 0.0322857 0.0325609 0.0027150 0.0017393 0.0022533 0.0019956 0.0020982 0.0009697 0.0006633 0.0007654 0.0000000 0.0005102 0.0005102 0.0009186 0.0007144 0.0007144 0.0009697 0.0013290 0.0010718 0.0005612 0.0005612 0.0011229 0.0008675 0.0009186 0.0007654 0.0007654 0.0008165 0.0009697 0.0009186 0.0015334 0.0012263 0.0012263 0.0009186 0.0006633 0.0009186 0.0012775 0.0006123 0.0006123 0.0006633 0.0007144 0.0007144 0.0007144 0.0008165 0.0011229 0.0009697 0.0011751 0.0013286 0.0008675 0.0007144 0.0008165 0.0011751 0.0012263 0.0015334 0.0016362 0.0014311 0.0011239 0.0007654 0.0010207 0.0009186 0.0007654 0.0008675 0.0008675 0.0011752 0.0010729 0.0011750 0.0012774 0.0013289 0.0014315 0.0014311 0.0014311 0.0010729 0.0012775 0.0013800 0.0012776 0.0009707 0.0015859 0.0015859 0.0016367 0.0016375 0.0016368 0.0016881 0.0366685 0.0372629 0.0357732 0.0339745 
EBOV_H.sap-wt_GIN_14_Makona-Faranah-EM_078415_KR817160     2.0391516 2.0505121 2.0356209 2.0787484 2.0799012 1.4010242 1.3700599 0.0320426 0.0320956 0.0321034 0.0323784 0.0025090 0.0015340 0.0020475 0.0017902 0.0018927 0.0007654 0.0004592 0.0005612 0.0005102 0.0000000 0.0003061 0.0007144 0.0005102 0.0005102 0.0007654 0.0011240 0.0008675 0.0003571 0.0003571 0.0009186 0.0006633 0.0007144 0.0005612 0.0005612 0.0006123 0.0007654 0.0007144 0.0013284 0.0010207 0.0010207 0.0007144 0.0004592 0.0007144 0.0010718 0.0004081 0.0004081 0.0004592 0.0005102 0.0005102 0.0005102 0.0006123 0.0009186 0.0007654 0.0009697 0.0011229 0.0006633 0.0005102 0.0006123 0.0009697 0.0010207 0.0013284 0.0014311 0.0012261 0.0009186 0.0005612 0.0008165 0.0007144 0.0005612 0.0006633 0.0006633 0.0009697 0.0008675 0.0009697 0.0010718 0.0011239 0.0012264 0.0012262 0.0012262 0.0008675 0.0010718 0.0011751 0.0010718 0.0007654 0.0013806 0.0013806 0.0014315 0.0014322 0.0014316 0.0014828 0.0364822 0.0370760 0.0355877 0.0337907 
EBOV_H.sap-wt_GIN_14_Makona-Macenta-EM_076191_KR817141     2.0400890 2.0514561 2.0365568 2.0803737 2.0815274 1.4020118 1.3698418 0.0319329 0.0319859 0.0319937 0.0322686 0.0024064 0.0014316 0.0019450 0.0016878 0.0017902 0.0006633 0.0003571 0.0004592 0.0005102 0.0003061 0.0000000 0.0006123 0.0004081 0.0004081 0.0006633 0.0010218 0.0007654 0.0002551 0.0002551 0.0008165 0.0005612 0.0006123 0.0004592 0.0004592 0.0005102 0.0006633 0.0006123 0.0012261 0.0009186 0.0009186 0.0006123 0.0003571 0.0006123 0.0009697 0.0003061 0.0003061 0.0003571 0.0004081 0.0004081 0.0004081 0.0005102 0.0008165 0.0006633 0.0008675 0.0010207 0.0005612 0.0004081 0.0005102 0.0008675 0.0009186 0.0012261 0.0013287 0.0011229 0.0008165 0.0004592 0.0007144 0.0006123 0.0004592 0.0005612 0.0005612 0.0008675 0.0007654 0.0008675 0.0009697 0.0010207 0.0011241 0.0011229 0.0011229 0.0007654 0.0009697 0.0010718 0.0009697 0.0006633 0.0012783 0.0012783 0.0013291 0.0013298 0.0013293 0.0013805 0.0363715 0.0369651 0.0354771 0.0336807 
EBOV_H.sap-wt_GIN_14_Makona-Beyla-EM_075931_KR817138       2.0400442 2.0516016 2.0367019 2.0798673 2.0810201 1.4016254 1.3706700 0.0323768 0.0324298 0.0324377 0.0327128 0.0028173 0.0018415 0.0023555 0.0020978 0.0022004 0.0010718 0.0007654 0.0008675 0.0009186 0.0007144 0.0006123 0.0000000 0.0008165 0.0008165 0.0010718 0.0014311 0.0011740 0.0006633 0.0006633 0.0012251 0.0009697 0.0010207 0.0008675 0.0008675 0.0009186 0.0010718 0.0010207 0.0016356 0.0013284 0.0013284 0.0010207 0.0007654 0.0010207 0.0013796 0.0007144 0.0007144 0.0007654 0.0008165 0.0008165 0.0008165 0.0009186 0.0012251 0.0010718 0.0012772 0.0014307 0.0009697 0.0008165 0.0009186 0.0012772 0.0013283 0.0016355 0.0017384 0.0015332 0.0012251 0.0008675 0.0011229 0.0010207 0.0008675 0.0009697 0.0009697 0.0012773 0.0011750 0.0012761 0.0013795 0.0014310 0.0015336 0.0015333 0.0015333 0.0011750 0.0013797 0.0014821 0.0013797 0.0010728 0.0016881 0.0016881 0.0017389 0.0017397 0.0017390 0.0017903 0.0367609 0.0373553 0.0358659 0.0341264 
EBOV_H.sap-wt_GIN_14_Makona-Kissidougou-EM_078694_KR817171 2.0405678 2.0525215 2.0370355 2.0808893 2.0820432 1.4011790 1.3695749 0.0319301 0.0319831 0.0319909 0.0322657 0.0026118 0.0016365 0.0021502 0.0018928 0.0019953 0.0008675 0.0005612 0.0006633 0.0007144 0.0005102 0.0004081 0.0008165 0.0000000 0.0000010 0.0008675 0.0012264 0.0009697 0.0004592 0.0004592 0.0010207 0.0007654 0.0008165 0.0006633 0.0006633 0.0007144 0.0008675 0.0008165 0.0014308 0.0011229 0.0011229 0.0008165 0.0005612 0.0008165 0.0011740 0.0005102 0.0005102 0.0005612 0.0006123 0.0006123 0.0006123 0.0007144 0.0010207 0.0008675 0.0010718 0.0012261 0.0007654 0.0006123 0.0007144 0.0010718 0.0011229 0.0014308 0.0015335 0.0013285 0.0010207 0.0006633 0.0009186 0.0008165 0.0006633 0.0007654 0.0007654 0.0010718 0.0009697 0.0010718 0.0011740 0.0012263 0.0013288 0.0013285 0.0013285 0.0009697 0.0011750 0.0012774 0.0011750 0.0008675 0.0014831 0.0014831 0.0015340 0.0015347 0.0015341 0.0015853 0.0363244 0.0369180 0.0354299 0.0336333 
EBOV_H.sap-wt_GIN_14_Makona-Kissidougou-EM_078722_KR817175 2.0405678 2.0525215 2.0370355 2.0808893 2.0820432 1.4011790 1.3695749 0.0319301 0.0319831 0.0319909 0.0322657 0.0026118 0.0016365 0.0021502 0.0018928 0.0019953 0.0008675 0.0005612 0.0006633 0.0007144 0.0005102 0.0004081 0.0008165 0.0000010 0.0000000 0.0008675 0.0012264 0.0009697 0.0004592 0.0004592 0.0010207 0.0007654 0.0008165 0.0006633 0.0006633 0.0007144 0.0008675 0.0008165 0.0014308 0.0011229 0.0011229 0.0008165 0.0005612 0.0008165 0.0011740 0.0005102 0.0005102 0.0005612 0.0006123 0.0006123 0.0006123 0.0007144 0.0010207 0.0008675 0.0010718 0.0012261 0.0007654 0.0006123 0.0007144 0.0010718 0.0011229 0.0014308 0.0015335 0.0013285 0.0010207 0.0006633 0.0009186 0.0008165 0.0006633 0.0007654 0.0007654 0.0010718 0.0009697 0.0010718 0.0011740 0.0012263 0.0013288 0.0013285 0.0013285 0.0009697 0.0011750 0.0012774 0.0011750 0.0008675 0.0014831 0.0014831 0.0015340 0.0015347 0.0015341 0.0015853 0.0363244 0.0369180 0.0354299 0.0336333 
EBOV_H.sap-wt_LBR_14_Makona-LIBR0505_KR006957              2.0411052 2.0525680 2.0369168 2.0812967 2.0824509 1.4017492 1.3691351 0.0322110 0.0322640 0.0322719 0.0325469 0.0026632 0.0015853 0.0022016 0.0019441 0.0020466 0.0009186 0.0006123 0.0007144 0.0009697 0.0007654 0.0006633 0.0010718 0.0008675 0.0008675 0.0000000 0.0012776 0.0010207 0.0005102 0.0005102 0.0010718 0.0008165 0.0007654 0.0007144 0.0007144 0.0007654 0.0009186 0.0008675 0.0014820 0.0011750 0.0011750 0.0008675 0.0006123 0.0008675 0.0012261 0.0005612 0.0005612 0.0006123 0.0006633 0.0006633 0.0006633 0.0007654 0.0010718 0.0009186 0.0011229 0.0012773 0.0008165 0.0006633 0.0007654 0.0011229 0.0011740 0.0014820 0.0015848 0.0013797 0.0010718 0.0007144 0.0009697 0.0008675 0.0007144 0.0008165 0.0008165 0.0011229 0.0010207 0.0011229 0.0012251 0.0012775 0.0013800 0.0013797 0.0013797 0.0010207 0.0012262 0.0013286 0.0012262 0.0009186 0.0015344 0.0015344 0.0015852 0.0015860 0.0015854 0.0016366 0.0366528 0.0372470 0.0357579 0.0339600 
EBOV_H.sap-wt_SLE_14_Makona-Kailahun-20140517_KR653263     2.0391321 2.0504909 2.0354119 2.0797081 2.0808610 1.4015180 1.3679524 0.0325005 0.0325535 0.0325615 0.0328367 0.0029211 0.0019447 0.0024591 0.0022012 0.0023038 0.0011754 0.0008675 0.0009697 0.0013290 0.0011240 0.0010218 0.0014311 0.0012264 0.0012264 0.0012776 0.0000000 0.0011753 0.0007654 0.0007654 0.0013288 0.0010729 0.0011241 0.0009697 0.0009697 0.0010207 0.0011752 0.0011241 0.0017386 0.0014313 0.0014313 0.0011241 0.0008675 0.0011241 0.0014825 0.0008165 0.0008165 0.0008675 0.0009186 0.0009186 0.0009186 0.0010218 0.0013287 0.0011752 0.0013800 0.0015337 0.0010729 0.0009186 0.0010207 0.0013800 0.0014312 0.0017386 0.0018415 0.0016362 0.0013288 0.0009697 0.0012264 0.0011240 0.0009697 0.0010729 0.0010729 0.0013801 0.0012778 0.0013800 0.0014823 0.0015340 0.0016366 0.0016363 0.0016363 0.0012778 0.0014826 0.0015851 0.0014826 0.0011756 0.0017912 0.0017912 0.0018421 0.0018430 0.0018422 0.0018935 0.0368340 0.0374287 0.0359385 0.0341390 
EBOV_H.sap-wt_SLE_14_Makona-G4973_1_KR105286               2.0420012 2.0533749 2.0382782 2.0795582 2.0807110 1.4009128 1.3686526 0.0322130 0.0322661 0.0322739 0.0325490 0.0026633 0.0016878 0.0022017 0.0019442 0.0020467 0.0009186 0.0006123 0.0007144 0.0010718 0.0008675 0.0007654 0.0011740 0.0009697 0.0009697 0.0010207 0.0011753 0.0000000 0.0005102 0.0005102 0.0010718 0.0008165 0.0008675 0.0007144 0.0007144 0.0007654 0.0009186 0.0008675 0.0014821 0.0011751 0.0011751 0.0008675 0.0006123 0.0008675 0.0012262 0.0005612 0.0005612 0.0006123 0.0006633 0.0006633 0.0006633 0.0007654 0.0010718 0.0009186 0.0011229 0.0012773 0.0008165 0.0006633 0.0007654 0.0011229 0.0011750 0.0014821 0.0015848 0.0013798 0.0010718 0.0007144 0.0009697 0.0008675 0.0007144 0.0008165 0.0008165 0.0011239 0.0010207 0.0011229 0.0012261 0.0012776 0.0013801 0.0013798 0.0013798 0.0010207 0.0012263 0.0013287 0.0012263 0.0009186 0.0015345 0.0015345 0.0015853 0.0015861 0.0015854 0.0016367 0.0365426 0.0370238 0.0356478 0.0339621 
EBOV_H.sap-wt_SLE_14_Makona-G3799_KM233080                 2.0389199 2.0502761 2.0352004 2.0785949 2.0797472 1.4010058 1.3689515 0.0316526 0.0317056 0.0317133 0.0319881 0.0021496 0.0011755 0.0016885 0.0014315 0.0015339 0.0004081 0.0001020 0.0002040 0.0005612 0.0003571 0.0002551 0.0006633 0.0004592 0.0004592 0.0005102 0.0007654 0.0005102 0.0000000 0.0000010 0.0005612 0.0003061 0.0003571 0.0002040 0.0002040 0.0002551 0.0004081 0.0003571 0.0009697 0.0006633 0.0006633 0.0003571 0.0001020 0.0003571 0.0007144 0.0000510 0.0000510 0.0001020 0.0001530 0.0001530 0.0001530 0.0002551 0.0005612 0.0004081 0.0006123 0.0007654 0.0003061 0.0001530 0.0002551 0.0006123 0.0006633 0.0009697 0.0010728 0.0008675 0.0005612 0.0002040 0.0004592 0.0003571 0.0002040 0.0003061 0.0003061 0.0006123 0.0005102 0.0006123 0.0007144 0.0007654 0.0008675 0.0008675 0.0008675 0.0005102 0.0007144 0.0008165 0.0007144 0.0004081 0.0010222 0.0010222 0.0010732 0.0010737 0.0010732 0.0011244 0.0360875 0.0366805 0.0351937 0.0333990 
EBOV_H.sap-wt_SLE_14_Makona-G3788_KM233075                 2.0389199 2.0502761 2.0352004 2.0785949 2.0797472 1.4010058 1.3689515 0.0316526 0.0317056 0.0317133 0.0319881 0.0021496 0.0011755 0.0016885 0.0014315 0.0015339 0.0004081 0.0001020 0.0002040 0.0005612 0.0003571 0.0002551 0.0006633 0.0004592 0.0004592 0.0005102 0.0007654 0.0005102 0.0000010 0.0000000 0.0005612 0.0003061 0.0003571 0.0002040 0.0002040 0.0002551 0.0004081 0.0003571 0.0009697 0.0006633 0.0006633 0.0003571 0.0001020 0.0003571 0.0007144 0.0000510 0.0000510 0.0001020 0.0001530 0.0001530 0.0001530 0.0002551 0.0005612 0.0004081 0.0006123 0.0007654 0.0003061 0.0001530 0.0002551 0.0006123 0.0006633 0.0009697 0.0010728 0.0008675 0.0005612 0.0002040 0.0004592 0.0003571 0.0002040 0.0003061 0.0003061 0.0006123 0.0005102 0.0006123 0.0007144 0.0007654 0.0008675 0.0008675 0.0008675 0.0005102 0.0007144 0.0008165 0.0007144 0.0004081 0.0010222 0.0010222 0.0010732 0.0010737 0.0010732 0.0011244 0.0360875 0.0366805 0.0351937 0.0333990 
EBOV_H.sap-wt_SLE_14_Makona-Kenema-G5059_1_KR105296        2.0380567 2.0494057 2.0347119 2.0794914 2.0806444 1.4023790 1.3691571 0.0321542 0.0322073 0.0322151 0.0324901 0.0027145 0.0017390 0.0022528 0.0019953 0.0020978 0.0009697 0.0006633 0.0007654 0.0011229 0.0009186 0.0008165 0.0012251 0.0010207 0.0010207 0.0010718 0.0013288 0.0010718 0.0005612 0.0005612 0.0000000 0.0004592 0.0005102 0.0003571 0.0003571 0.0004081 0.0008675 0.0008165 0.0014308 0.0011229 0.0011229 0.0008165 0.0005612 0.0008165 0.0011740 0.0005102 0.0005102 0.0005612 0.0006123 0.0006123 0.0006123 0.0007144 0.0010207 0.0008675 0.0010718 0.0012261 0.0007654 0.0006123 0.0007144 0.0010718 0.0011229 0.0014308 0.0015335 0.0013285 0.0010207 0.0006633 0.0008675 0.0008165 0.0006633 0.0007654 0.0007654 0.0010718 0.0010718 0.0011740 0.0012761 0.0013286 0.0014312 0.0014309 0.0014309 0.0010718 0.0012773 0.0013798 0.0012773 0.0009697 0.0015856 0.0015856 0.0016364 0.0016372 0.0016365 0.0016878 0.0365953 0.0371893 0.0357005 0.0339029 
EBOV_H.sap-wt_SLE_14_Makona-Kenema-G4702_1_KR105265        2.0392883 2.0506492 2.0359407 2.0801404 2.0812937 1.4015655 1.3689478 0.0318769 0.0319300 0.0319377 0.0322126 0.0024577 0.0014828 0.0019963 0.0017390 0.0018415 0.0007144 0.0004081 0.0005102 0.0008675 0.0006633 0.0005612 0.0009697 0.0007654 0.0007654 0.0008165 0.0010729 0.0008165 0.0003061 0.0003061 0.0004592 0.0000000 0.0002551 0.0001020 0.0001020 0.0001530 0.0006123 0.0005612 0.0011740 0.0008675 0.0008675 0.0005612 0.0003061 0.0005612 0.0009186 0.0002551 0.0002551 0.0003061 0.0003571 0.0003571 0.0003571 0.0004592 0.0007654 0.0006123 0.0008165 0.0009697 0.0005102 0.0003571 0.0004592 0.0008165 0.0008675 0.0011740 0.0012776 0.0010718 0.0007654 0.0004081 0.0006633 0.0005612 0.0004081 0.0005102 0.0005102 0.0008165 0.0008165 0.0009186 0.0010207 0.0010728 0.0011753 0.0011750 0.0011750 0.0008165 0.0010207 0.0011239 0.0010207 0.0007144 0.0013295 0.0013295 0.0013803 0.0013810 0.0013804 0.0014317 0.0362018 0.0367950 0.0353077 0.0335123 
EBOV_H.sap-wt_SLE_14_Makona-Kenema-G4350_1_KR105242        2.0381655 2.0495188 2.0348194 2.0792389 2.0803915 1.4015517 1.3684506 0.0319314 0.0319844 0.0319922 0.0322671 0.0025090 0.0015340 0.0020475 0.0017902 0.0018927 0.0007654 0.0004592 0.0005612 0.0009186 0.0007144 0.0006123 0.0010207 0.0008165 0.0008165 0.0007654 0.0011241 0.0008675 0.0003571 0.0003571 0.0005102 0.0002551 0.0000000 0.0001530 0.0001530 0.0002040 0.0006633 0.0006123 0.0012261 0.0009186 0.0009186 0.0006123 0.0003571 0.0006123 0.0009697 0.0003061 0.0003061 0.0003571 0.0004081 0.0004081 0.0004081 0.0005102 0.0008165 0.0006633 0.0008675 0.0010207 0.0005612 0.0004081 0.0005102 0.0008675 0.0009186 0.0012261 0.0013287 0.0011229 0.0008165 0.0004592 0.0007144 0.0006123 0.0004592 0.0005612 0.0005612 0.0008675 0.0008675 0.0009697 0.0010718 0.0011239 0.0012264 0.0012262 0.0012262 0.0008675 0.0010718 0.0011751 0.0010718 0.0007654 0.0013806 0.0013806 0.0014315 0.0014322 0.0014316 0.0014829 0.0363697 0.0369633 0.0353626 0.0336790 
EBOV_H.sap-wt_SLE_14_Makona-Kenema-G4971_1_KR105284        2.0386905 2.0500458 2.0353442 2.0789306 2.0800830 1.4012842 1.3686807 0.0317640 0.0318170 0.0318248 0.0320996 0.0023549 0.0013803 0.0018936 0.0016364 0.0017389 0.0006123 0.0003061 0.0004081 0.0007654 0.0005612 0.0004592 0.0008675 0.0006633 0.0006633 0.0007144 0.0009697 0.0007144 0.0002040 0.0002040 0.0003571 0.0001020 0.0001530 0.0000000 0.0000010 0.0000510 0.0005102 0.0004592 0.0010718 0.0007654 0.0007654 0.0004592 0.0002040 0.0004592 0.0008165 0.0001530 0.0001530 0.0002040 0.0002551 0.0002551 0.0002551 0.0003571 0.0006633 0.0005102 0.0007144 0.0008675 0.0004081 0.0002551 0.0003571 0.0007144 0.0007654 0.0010718 0.0011752 0.0009697 0.0006633 0.0003061 0.0005612 0.0004592 0.0003061 0.0004081 0.0004081 0.0007144 0.0007144 0.0008165 0.0009186 0.0009697 0.0010729 0.0010718 0.0010718 0.0007144 0.0009186 0.0010207 0.0009186 0.0006123 0.0012270 0.0012270 0.0012779 0.0012785 0.0012780 0.0013292 0.0362003 0.0367935 0.0353063 0.0335109 
EBOV_H.sap-wt_SLE_14_Makona-Kenema-G4937_1_KR105278        2.0386905 2.0500458 2.0353442 2.0789306 2.0800830 1.4012842 1.3686807 0.0317640 0.0318170 0.0318248 0.0320996 0.0023549 0.0013803 0.0018936 0.0016364 0.0017389 0.0006123 0.0003061 0.0004081 0.0007654 0.0005612 0.0004592 0.0008675 0.0006633 0.0006633 0.0007144 0.0009697 0.0007144 0.0002040 0.0002040 0.0003571 0.0001020 0.0001530 0.0000010 0.0000000 0.0000510 0.0005102 0.0004592 0.0010718 0.0007654 0.0007654 0.0004592 0.0002040 0.0004592 0.0008165 0.0001530 0.0001530 0.0002040 0.0002551 0.0002551 0.0002551 0.0003571 0.0006633 0.0005102 0.0007144 0.0008675 0.0004081 0.0002551 0.0003571 0.0007144 0.0007654 0.0010718 0.0011752 0.0009697 0.0006633 0.0003061 0.0005612 0.0004592 0.0003061 0.0004081 0.0004081 0.0007144 0.0007144 0.0008165 0.0009186 0.0009697 0.0010729 0.0010718 0.0010718 0.0007144 0.0009186 0.0010207 0.0009186 0.0006123 0.0012270 0.0012270 0.0012779 0.0012785 0.0012780 0.0013292 0.0362003 0.0367935 0.0353063 0.0335109 
EBOV_H.sap-wt_SLE_14_Makona-Kenema-G4856_1_KR105273        2.0384610 2.0498155 2.0351148 2.0790761 2.0802285 1.4014830 1.3688778 0.0318198 0.0318729 0.0318806 0.0321554 0.0024063 0.0014315 0.0019449 0.0016877 0.0017901 0.0006633 0.0003571 0.0004592 0.0008165 0.0006123 0.0005102 0.0009186 0.0007144 0.0007144 0.0007654 0.0010207 0.0007654 0.0002551 0.0002551 0.0004081 0.0001530 0.0002040 0.0000510 0.0000510 0.0000000 0.0005612 0.0005102 0.0011229 0.0008165 0.0008165 0.0005102 0.0002551 0.0005102 0.0008675 0.0002040 0.0002040 0.0002551 0.0003061 0.0003061 0.0003061 0.0004081 0.0007144 0.0005612 0.0007654 0.0009186 0.0004592 0.0003061 0.0004081 0.0007654 0.0008165 0.0011229 0.0012263 0.0010207 0.0007144 0.0003571 0.0006123 0.0005102 0.0003571 0.0004592 0.0004592 0.0007654 0.0007654 0.0008675 0.0009697 0.0010207 0.0011241 0.0011229 0.0011229 0.0007654 0.0009697 0.0010718 0.0009697 0.0006633 0.0012782 0.0012782 0.0013291 0.0013297 0.0013292 0.0013804 0.0362568 0.0368501 0.0353627 0.0335670 
EBOV_H.sap-wt_SLE_14_Makona-Bonthe-G5723_1_KR105319        2.0406501 2.0520144 2.0367392 2.0805761 2.0817295 1.4000482 1.3686399 0.0320992 0.0321523 0.0321601 0.0324350 0.0025604 0.0015853 0.0020989 0.0018415 0.0019440 0.0008165 0.0005102 0.0006123 0.0009697 0.0007654 0.0006633 0.0010718 0.0008675 0.0008675 0.0009186 0.0011752 0.0009186 0.0004081 0.0004081 0.0008675 0.0006123 0.0006633 0.0005102 0.0005102 0.0005612 0.0000000 0.0001530 0.0007654 0.0004592 0.0004592 0.0001530 0.0004081 0.0006633 0.0010207 0.0003571 0.0003571 0.0004081 0.0004592 0.0004592 0.0004592 0.0005612 0.0008675 0.0007144 0.0009186 0.0010718 0.0006123 0.0004592 0.0005612 0.0009186 0.0009697 0.0012773 0.0013799 0.0011750 0.0008675 0.0005102 0.0007654 0.0006633 0.0005102 0.0006123 0.0006123 0.0009186 0.0009186 0.0010207 0.0011229 0.0011751 0.0012777 0.0012774 0.0012774 0.0009186 0.0011229 0.0012263 0.0011229 0.0008165 0.0014319 0.0014319 0.0014828 0.0014835 0.0014829 0.0015341 0.0365397 0.0371336 0.0356450 0.0338477 
EBOV_H.sap-wt_SLE_14_Makona-J0042_KP759711                 2.0404010 2.0517647 2.0364901 2.0798211 2.0809743 1.3998944 1.3686153 0.0319321 0.0319851 0.0319929 0.0322678 0.0025091 0.0015340 0.0020476 0.0017902 0.0018927 0.0007654 0.0004592 0.0005612 0.0009186 0.0007144 0.0006123 0.0010207 0.0008165 0.0008165 0.0008675 0.0011241 0.0008675 0.0003571 0.0003571 0.0008165 0.0005612 0.0006123 0.0004592 0.0004592 0.0005102 0.0001530 0.0000000 0.0007144 0.0004081 0.0004081 0.0001020 0.0003571 0.0006123 0.0009697 0.0003061 0.0003061 0.0003571 0.0004081 0.0004081 0.0004081 0.0005102 0.0008165 0.0006633 0.0008675 0.0010207 0.0005612 0.0004081 0.0005102 0.0008675 0.0009186 0.0012261 0.0013287 0.0011229 0.0008165 0.0004592 0.0007144 0.0006123 0.0004592 0.0005612 0.0005612 0.0008675 0.0008675 0.0009697 0.0010718 0.0011240 0.0012265 0.0012262 0.0012262 0.0008675 0.0010718 0.0011751 0.0010718 0.0007654 0.0013807 0.0013807 0.0014315 0.0014323 0.0014317 0.0014829 0.0363706 0.0369641 0.0354762 0.0336798 
EBOV_H.sap-wt_SLE_14_Makona-J0150_KP759696                 2.0370454 2.0487487 2.0331400 2.0771101 2.0782611 1.4016702 1.3693552 0.0325511 0.0325509 0.0326121 0.0328874 0.0031260 0.0021494 0.0026640 0.0024060 0.0025086 0.0013797 0.0010718 0.0011740 0.0015334 0.0013284 0.0012261 0.0016356 0.0014308 0.0014308 0.0014820 0.0017386 0.0014821 0.0009697 0.0009697 0.0014308 0.0011740 0.0012261 0.0010718 0.0010718 0.0011229 0.0007654 0.0007144 0.0000000 0.0010207 0.0010207 0.0007144 0.0009697 0.0012261 0.0015845 0.0009186 0.0009186 0.0009697 0.0010207 0.0010207 0.0010207 0.0011229 0.0014307 0.0012772 0.0014821 0.0016357 0.0011740 0.0010207 0.0011229 0.0014821 0.0015332 0.0018406 0.0019436 0.0017382 0.0014308 0.0010718 0.0013285 0.0012261 0.0010718 0.0011740 0.0011740 0.0014822 0.0014822 0.0015844 0.0016868 0.0017385 0.0018412 0.0018408 0.0018408 0.0014822 0.0016870 0.0017896 0.0016871 0.0013800 0.0019959 0.0019959 0.0020467 0.0020477 0.0020469 0.0020982 0.0369512 0.0375462 0.0361080 0.0342551 
