93
RESTV_M.fas-tc_USA_89_Philippines89-Pennsylvania_NC_004161 0.0000000 0.0250706 0.0346712 2.1091648 2.1516690 1.8737608 1.8742626 1.8745997 1.8772117 1.8901974 1.8856754 1.8921474 1.8890121 1.8849239 1.8851254 1.8845309 1.8845309 1.8844921 1.8846578 1.8846578 1.8843767 1.8849784 1.8849518 1.8849518 1.8852457 1.8850369 1.8841917 1.8852594 1.8855268 1.8851264 1.8860917 1.8860917 1.8859781 1.8859781 1.8862454 1.8842098 1.8851714 1.8860280 1.8850421 1.8850329 1.8856065 1.8852397 1.8849000 1.8844054 1.8849402 1.8856617 1.8861898 1.8860940 1.8863598 1.8860354 1.8851128 1.8851128 1.8886095 1.8882764 1.8869027 1.8874002 1.8840294 1.8840294 1.8845951 1.8845951 1.8839947 1.8852938 1.8845762 1.8847534 1.8841631 1.8833256 1.8824860 1.8846179 1.8825952 1.8828890 1.8809345 1.8809345 1.8821148 1.8820762 1.8826815 1.8840579 1.8873257 1.8861282 1.8847749 1.8867846 1.8859843 1.8833742 1.8856921 1.8845802 1.8861644 1.8873976 1.8845221 1.8810418 1.8810418 1.8838963 1.8811639 1.9156508 1.9156106 
RESTV_S.dom-tc_PHL_08_Reston08-A_FJ621583                  0.0250706 0.0000000 0.0513009 2.1144791 2.1681640 1.8798840 1.8799816 1.8803214 1.8829397 1.8988808 1.8930980 1.8995331 1.8962320 1.8963382 1.8965426 1.8959410 1.8959410 1.8959017 1.8960682 1.8960682 1.8957871 1.8966091 1.8963624 1.8963624 1.8966565 1.8969967 1.8955964 1.8966701 1.8969376 1.8965372 1.8975077 1.8975077 1.8976101 1.8976101 1.8978776 1.8956155 1.8965825 1.8974449 1.8964571 1.8964439 1.8970176 1.8966509 1.8963102 1.8958152 1.8963503 1.8950396 1.8976066 1.8975101 1.8977773 1.8974508 1.8965182 1.8965182 1.9000383 1.8997045 1.8984061 1.8990035 1.8954318 1.8954318 1.8960111 1.8960111 1.8954097 1.8967198 1.8958125 1.8961686 1.8955727 1.8947303 1.8938857 1.8960267 1.8938204 1.8941144 1.8921541 1.8921541 1.8933353 1.8932962 1.8939032 1.8952884 1.8987461 1.8975396 1.8964063 1.8980312 1.8972242 1.8953320 1.8971026 1.8959928 1.8981301 1.8988228 1.8959363 1.8924388 1.8924388 1.8954831 1.8929084 1.9443920 1.9443501 
RESTV_S.dom-xx_PHL_08_Reston08-C_FJ621584                  0.0346712 0.0513009 0.0000000 2.0976971 2.1227162 1.8736705 1.8739164 1.8742528 1.8769338 1.8851318 1.8823297 1.8888605 1.8844023 1.8793339 1.8796882 1.8784384 1.8784384 1.8784000 1.8785650 1.8785650 1.8782841 1.8788852 1.8788586 1.8788586 1.8791523 1.8789433 1.8781024 1.8791660 1.8794331 1.8790331 1.8799947 1.8799947 1.8798833 1.8798833 1.8801504 1.8781200 1.8790779 1.8795265 1.8796059 1.8789395 1.8795125 1.8791460 1.8788071 1.8783132 1.8788474 1.8790168 1.8800923 1.8799969 1.8802618 1.8799387 1.8798249 1.8798249 1.8824228 1.8821710 1.8808010 1.8812955 1.8779414 1.8779414 1.8791590 1.8791590 1.8785596 1.8798522 1.8784832 1.8786580 1.8780712 1.8772371 1.8764008 1.8778669 1.8763354 1.8766289 1.8752270 1.8752270 1.8758579 1.8758197 1.8758458 1.8777939 1.8812254 1.8799530 1.8788357 1.8805095 1.8797135 1.8772832 1.8795985 1.8779078 1.8800668 1.8816885 1.8790869 1.8771688 1.8771688 1.8788668 1.8758953 1.9422550 1.9422133 
TAFV_H.sap-tc_CIV_94_Pauleoula-CI_NC_014372                2.1091648 2.1144791 2.0976971 0.0000000 0.8174819 1.3834131 1.3836887 1.3848709 1.3848036 1.4013513 1.4014449 1.4064436 1.3985558 1.4037394 1.4042288 1.4029932 1.4029932 1.4027457 1.4030883 1.4030883 1.4029932 1.4037398 1.4033358 1.4033358 1.4033527 1.4035355 1.4036541 1.4029080 1.4031361 1.4030241 1.4036851 1.4036851 1.4032311 1.4032311 1.4034593 1.4042748 1.4033358 1.4041957 1.4039943 1.4020669 1.4031094 1.4039411 1.4031236 1.4029874 1.4026480 1.4042890 1.4039767 1.4048622 1.4038458 1.4013391 1.4025921 1.4025921 1.4048753 1.4048414 1.4047515 1.4061521 1.4035835 1.4035835 1.4034287 1.4034287 1.4037203 1.4049920 1.4025757 1.4022963 1.4030438 1.4036391 1.4047835 1.4038082 1.4027776 1.4033368 1.4017688 1.4017688 1.4047949 1.4045472 1.4060191 1.4068209 1.4018239 1.4048793 1.4041381 1.4030428 1.4040102 1.4016555 1.4014981 1.4036838 1.4039992 1.4045730 1.4056223 1.4016440 1.4016440 1.4029927 1.4032863 2.2241059 2.2240453 
BDBV_H.sap-xx_COD_12_EboBund-122_KC545395                  2.1516690 2.1681640 2.1227162 0.8174819 0.0000000 1.3424734 1.3427571 1.3437714 1.3437973 1.3631491 1.3635049 1.3670745 1.3583497 1.3683350 1.3688103 1.3692166 1.3692166 1.3690583 1.3694614 1.3694614 1.3693672 1.3691656 1.3692356 1.3692356 1.3693940 1.3688940 1.3695452 1.3688077 1.3690361 1.3689259 1.3695771 1.3695771 1.3695294 1.3695294 1.3697578 1.3690821 1.3697088 1.3705362 1.3700266 1.3687367 1.3685308 1.3689823 1.3700004 1.3690379 1.3690215 1.3696555 1.3701782 1.3711165 1.3693972 1.3699163 1.3704216 1.3704216 1.3697489 1.3695744 1.3693835 1.3706089 1.3677252 1.3677252 1.3688112 1.3688112 1.3693336 1.3708159 1.3705714 1.3714296 1.3714985 1.3719352 1.3725162 1.3702790 1.3686759 1.3693754 1.3685743 1.3685743 1.3708158 1.3705682 1.3710303 1.3704706 1.3660641 1.3703058 1.3694912 1.3682640 1.3692401 1.3706008 1.3692583 1.3706034 1.3704431 1.3708479 1.3690226 1.3689633 1.3689633 1.3715723 1.3714861 2.2539538 2.2538898 
EBOV_H.sap-tc_COD_07_1Luebo_KC242786                       1.8737608 1.8798840 1.8736705 1.3834131 1.3424734 0.0000000 0.0002078 0.0002597 0.0010406 0.0212195 0.0217806 0.0212319 0.0182758 0.0309371 0.0304854 0.0304306 0.0304306 0.0304875 0.0304873 0.0304873 0.0305437 0.0306572 0.0305439 0.0305439 0.0306005 0.0306572 0.0306082 0.0306009 0.0305441 0.0306574 0.0307176 0.0307176 0.0307139 0.0307139 0.0307703 0.0308315 0.0307701 0.0306607 0.0303748 0.0309399 0.0309404 0.0307137 0.0311661 0.0310535 0.0309399 0.0307724 0.0309431 0.0311168 0.0313375 0.0307245 0.0308312 0.0308312 0.0310068 0.0308936 0.0311187 0.0314672 0.0305536 0.0305536 0.0300317 0.0300317 0.0300887 0.0303747 0.0308312 0.0306630 0.0307185 0.0307765 0.0310708 0.0312360 0.0304932 0.0306633 0.0309530 0.0309530 0.0307225 0.0307794 0.0311185 0.0310127 0.0310002 0.0312901 0.0311724 0.0312328 0.0311122 0.0310558 0.0312283 0.0309561 0.0310635 0.0310061 0.0307751 0.0302512 0.0302512 0.0312276 0.0312274 1.9840315 1.9839875 
EBOV_H.sap-tc_COD_07_5Luebo_KC242790                       1.8742626 1.8799816 1.8739164 1.3836887 1.3427571 0.0002078 0.0000000 0.0001558 0.0009364 0.0211093 0.0216702 0.0211217 0.0181666 0.0308239 0.0303723 0.0303175 0.0303175 0.0303744 0.0303742 0.0303742 0.0304306 0.0305441 0.0304308 0.0304308 0.0304873 0.0305440 0.0304951 0.0304878 0.0304310 0.0305443 0.0306044 0.0306044 0.0306008 0.0306008 0.0306571 0.0307183 0.0306570 0.0305475 0.0302617 0.0308267 0.0308272 0.0306006 0.0310528 0.0309403 0.0308267 0.0306592 0.0308299 0.0310036 0.0312242 0.0306113 0.0307180 0.0307180 0.0308936 0.0307803 0.0310054 0.0313538 0.0304405 0.0304405 0.0299187 0.0299187 0.0299758 0.0302617 0.0307180 0.0305498 0.0306053 0.0306633 0.0309575 0.0311227 0.0303800 0.0305501 0.0308397 0.0308397 0.0306093 0.0306662 0.0310052 0.0308994 0.0308870 0.0311767 0.0310591 0.0311195 0.0309989 0.0309425 0.0311150 0.0308428 0.0309502 0.0308928 0.0306619 0.0301382 0.0301382 0.0311143 0.0311141 1.9837673 1.9837233 
EBOV_H.sap-tc_COD_07_M-M_HQ613403                          1.8745997 1.8803214 1.8742528 1.3848709 1.3437714 0.0002597 0.0001558 0.0000000 0.0009886 0.0211659 0.0217269 0.0211783 0.0182225 0.0308827 0.0304311 0.0303762 0.0303762 0.0304331 0.0304330 0.0304330 0.0304893 0.0306028 0.0304895 0.0304895 0.0305461 0.0306028 0.0305538 0.0305465 0.0304898 0.0306030 0.0306632 0.0306632 0.0306596 0.0306596 0.0307159 0.0307772 0.0307157 0.0306063 0.0303204 0.0308855 0.0308860 0.0306594 0.0311117 0.0309991 0.0308855 0.0307180 0.0308887 0.0310624 0.0312831 0.0306701 0.0307768 0.0307768 0.0309524 0.0308392 0.0310643 0.0314128 0.0304992 0.0304992 0.0299774 0.0299774 0.0300344 0.0303204 0.0307769 0.0306086 0.0306641 0.0307221 0.0310164 0.0311816 0.0304388 0.0306089 0.0308986 0.0308986 0.0306681 0.0307251 0.0310641 0.0309582 0.0309458 0.0312356 0.0311180 0.0311784 0.0310578 0.0310014 0.0311739 0.0309016 0.0310090 0.0309517 0.0307207 0.0301968 0.0301968 0.0311732 0.0311730 1.9844864 1.9844423 
EBOV_H.sap-tc_COD_08_034-KS_HQ613402                       1.8772117 1.8829397 1.8769338 1.3848036 1.3437973 0.0010406 0.0009364 0.0009886 0.0000000 0.0219997 0.0225623 0.0219018 0.0190482 0.0317420 0.0312894 0.0312344 0.0312344 0.0312915 0.0312913 0.0312913 0.0313478 0.0314616 0.0313480 0.0313480 0.0314047 0.0314615 0.0314126 0.0314051 0.0313482 0.0314618 0.0315222 0.0315222 0.0315184 0.0315184 0.0315749 0.0316364 0.0315747 0.0314651 0.0311785 0.0317448 0.0317454 0.0315182 0.0319716 0.0318588 0.0317449 0.0315770 0.0317482 0.0319224 0.0321434 0.0315293 0.0316361 0.0316361 0.0318122 0.0316987 0.0319243 0.0322738 0.0313580 0.0313580 0.0308346 0.0308346 0.0308918 0.0311785 0.0316361 0.0314675 0.0315231 0.0315813 0.0318765 0.0320420 0.0312973 0.0314678 0.0317583 0.0317583 0.0315272 0.0315843 0.0319241 0.0318182 0.0318054 0.0320961 0.0319780 0.0320387 0.0319176 0.0318611 0.0320341 0.0317615 0.0318690 0.0317573 0.0315799 0.0310543 0.0310543 0.0320334 0.0320331 1.9868664 1.9868222 
EBOV_H.sap-xx_COD_14_Lomela-Lokolia16_KP271018             1.8901974 1.8988808 1.8851318 1.4013513 1.3631491 0.0212195 0.0211093 0.0211659 0.0219997 0.0000000 0.0013537 0.0085281 0.0119099 0.0351498 0.0346932 0.0346379 0.0346379 0.0346955 0.0346953 0.0346953 0.0347522 0.0348671 0.0347525 0.0347525 0.0348097 0.0348671 0.0348185 0.0348102 0.0347527 0.0347525 0.0348138 0.0348138 0.0349245 0.0349245 0.0349815 0.0349291 0.0349813 0.0348711 0.0345815 0.0350380 0.0350387 0.0349266 0.0351522 0.0350385 0.0349236 0.0349839 0.0350417 0.0352179 0.0353257 0.0349366 0.0349288 0.0349288 0.0352220 0.0351075 0.0352204 0.0355738 0.0349291 0.0349291 0.0342340 0.0342340 0.0342918 0.0345815 0.0350437 0.0348239 0.0350441 0.0351031 0.0352876 0.0354542 0.0348163 0.0349386 0.0352825 0.0352825 0.0350487 0.0351064 0.0354494 0.0352888 0.0350996 0.0352783 0.0353889 0.0354506 0.0353276 0.0352706 0.0353910 0.0352271 0.0352794 0.0351039 0.0349871 0.0343408 0.0343408 0.0353301 0.0352154 2.0000477 2.0000028 
EBOV_H.sap-xx_COD_14_Lomela-Lokolia17_KP271019             1.8856754 1.8930980 1.8823297 1.4014449 1.3635049 0.0217806 0.0216702 0.0217269 0.0225623 0.0013537 0.0000000 0.0090642 0.0124527 0.0355695 0.0351122 0.0350568 0.0350568 0.0351145 0.0351143 0.0351143 0.0351713 0.0352864 0.0351716 0.0351716 0.0352289 0.0352863 0.0352378 0.0352294 0.0351718 0.0351716 0.0352331 0.0352331 0.0353439 0.0353439 0.0354009 0.0353485 0.0354007 0.0352905 0.0350004 0.0354575 0.0354582 0.0353460 0.0355719 0.0354581 0.0353430 0.0354033 0.0354613 0.0356378 0.0357457 0.0353561 0.0353482 0.0353482 0.0356420 0.0355272 0.0356403 0.0359943 0.0353485 0.0353485 0.0346523 0.0346523 0.0347102 0.0350003 0.0354633 0.0352432 0.0354637 0.0355228 0.0357078 0.0358745 0.0352356 0.0353581 0.0357026 0.0357026 0.0354684 0.0355262 0.0358696 0.0357089 0.0355192 0.0356983 0.0358090 0.0358708 0.0357476 0.0356905 0.0358111 0.0356471 0.0356994 0.0356411 0.0354066 0.0347592 0.0347592 0.0357501 0.0356352 2.0004080 2.0003630 
EBOV_H.sap-tc_COD_95_Kikwit-9510621_KR867676               1.8921474 1.8995331 1.8888605 1.4064436 1.3670745 0.0212319 0.0211217 0.0211783 0.0219018 0.0085281 0.0090642 0.0000000 0.0119184 0.0351121 0.0346552 0.0345999 0.0345999 0.0346575 0.0346573 0.0346573 0.0347143 0.0348293 0.0347146 0.0347146 0.0347718 0.0348292 0.0347806 0.0347723 0.0347148 0.0347146 0.0347759 0.0347759 0.0348867 0.0348867 0.0349437 0.0348913 0.0349435 0.0348333 0.0345435 0.0348858 0.0350009 0.0348888 0.0351145 0.0350008 0.0348858 0.0349461 0.0350040 0.0351209 0.0352881 0.0348987 0.0348909 0.0348909 0.0351843 0.0350697 0.0352973 0.0356510 0.0348913 0.0348913 0.0341959 0.0341959 0.0342536 0.0345435 0.0350059 0.0348359 0.0350064 0.0350653 0.0352500 0.0354166 0.0347785 0.0349507 0.0352449 0.0352449 0.0350109 0.0350687 0.0354118 0.0352511 0.0350618 0.0353557 0.0353512 0.0354130 0.0352899 0.0352329 0.0354078 0.0351894 0.0352417 0.0351835 0.0349493 0.0343027 0.0343027 0.0354071 0.0354068 2.0107815 2.0107359 
EBOV_H.sap-tc_COD_77_Bonduni_KC242791                      1.8890121 1.8962320 1.8844023 1.3985558 1.3583497 0.0182758 0.0181666 0.0182225 0.0190482 0.0119099 0.0124527 0.0119184 0.0000000 0.0322964 0.0318434 0.0317885 0.0317885 0.0318456 0.0318454 0.0318454 0.0319019 0.0319617 0.0319021 0.0319021 0.0319589 0.0320158 0.0319669 0.0319593 0.0319023 0.0320160 0.0320765 0.0320765 0.0320186 0.0320186 0.0320751 0.0321909 0.0320749 0.0320194 0.0317325 0.0322993 0.0322999 0.0320725 0.0324127 0.0322998 0.0321858 0.0321314 0.0323027 0.0324772 0.0325847 0.0320838 0.0321319 0.0321319 0.0323669 0.0322533 0.0324791 0.0328290 0.0320769 0.0320769 0.0313882 0.0313882 0.0314454 0.0317324 0.0321906 0.0320219 0.0321910 0.0322493 0.0324314 0.0325970 0.0319649 0.0321356 0.0324267 0.0324267 0.0321952 0.0322524 0.0325926 0.0324325 0.0323600 0.0326510 0.0324787 0.0325936 0.0324723 0.0323022 0.0325889 0.0323716 0.0324238 0.0323662 0.0321343 0.0314947 0.0314947 0.0325882 0.0325259 1.9971824 1.9971377 
EBOV_H.sap-wt_GIN_14_Makona-Gueckedou-EM_080076_KR817235   1.8849239 1.8963382 1.8793339 1.4037394 1.3683350 0.0309371 0.0308239 0.0308827 0.0317420 0.0351498 0.0355695 0.0351121 0.0322964 0.0000000 0.0011434 0.0014571 0.0014571 0.0015093 0.0015093 0.0015093 0.0015614 0.0016657 0.0015614 0.0015614 0.0016136 0.0016657 0.0016140 0.0017179 0.0016657 0.0016657 0.0017181 0.0017181 0.0018223 0.0018223 0.0018745 0.0018225 0.0017701 0.0016659 0.0014050 0.0019266 0.0019266 0.0018224 0.0021354 0.0020310 0.0019266 0.0017702 0.0019268 0.0020837 0.0022922 0.0018229 0.0020313 0.0020313 0.0018750 0.0017706 0.0020838 0.0022934 0.0017181 0.0017181 0.0011954 0.0011954 0.0012485 0.0015093 0.0018225 0.0016660 0.0017182 0.0017704 0.0019277 0.0020841 0.0018226 0.0019792 0.0021363 0.0021363 0.0018227 0.0018750 0.0021883 0.0020843 0.0020316 0.0023452 0.0021358 0.0021883 0.0020834 0.0020312 0.0022925 0.0019797 0.0019272 0.0020838 0.0015616 0.0019270 0.0019270 0.0022924 0.0021879 2.0147744 2.0147285 
EBOV_H.sap-wt_GIN_14_Makona-Gueckedou-EM_079702_KR817210   1.8851254 1.8965426 1.8796882 1.4042288 1.3688103 0.0304854 0.0303723 0.0304311 0.0312894 0.0346932 0.0351122 0.0346552 0.0318434 0.0011434 0.0000000 0.0010394 0.0010394 0.0010914 0.0010914 0.0010914 0.0011445 0.0012487 0.0011445 0.0011445 0.0011966 0.0012487 0.0011969 0.0013008 0.0012487 0.0012487 0.0013010 0.0013010 0.0014051 0.0014051 0.0014572 0.0014053 0.0013529 0.0012488 0.0009874 0.0015093 0.0015093 0.0014051 0.0017179 0.0016136 0.0015093 0.0013530 0.0015095 0.0016661 0.0018745 0.0014055 0.0016138 0.0016138 0.0015620 0.0014576 0.0017706 0.0019800 0.0013010 0.0013010 0.0007794 0.0007794 0.0008314 0.0010914 0.0015095 0.0013532 0.0014053 0.0014575 0.0016145 0.0017708 0.0014053 0.0015618 0.0017186 0.0017186 0.0014054 0.0014576 0.0017706 0.0016666 0.0016141 0.0019273 0.0017182 0.0017706 0.0016659 0.0016137 0.0018748 0.0015622 0.0016141 0.0016663 0.0011446 0.0015097 0.0015097 0.0018747 0.0017703 2.0139179 2.0138722 
EBOV_H.sap-wt_LBR_14_Makona-LIBR0430_KR006955              1.8845309 1.8959410 1.8784384 1.4029932 1.3692166 0.0304306 0.0303175 0.0303762 0.0312344 0.0346379 0.0350568 0.0345999 0.0317885 0.0014571 0.0010394 0.0000000 0.0000010 0.0000519 0.0000519 0.0000519 0.0001039 0.0002078 0.0001039 0.0001039 0.0001558 0.0002078 0.0001558 0.0002597 0.0002078 0.0002078 0.0002597 0.0002597 0.0003636 0.0003636 0.0004156 0.0003636 0.0003117 0.0002078 0.0001558 0.0004676 0.0004676 0.0003636 0.0006755 0.0005715 0.0004676 0.0003117 0.0004676 0.0006235 0.0008314 0.0003636 0.0005715 0.0005715 0.0005195 0.0004156 0.0007274 0.0009364 0.0002597 0.0002597 0.0004676 0.0004676 0.0005195 0.0007794 0.0004676 0.0003117 0.0003636 0.0004156 0.0005715 0.0007274 0.0003636 0.0005195 0.0006755 0.0006755 0.0003636 0.0004156 0.0007274 0.0006235 0.0005715 0.0008834 0.0006755 0.0007274 0.0006235 0.0005715 0.0008314 0.0005195 0.0005715 0.0006235 0.0010404 0.0011968 0.0011968 0.0015616 0.0014573 2.0114511 2.0114055 
EBOV_H.sap-wt_SLE_14_Makona-G3734.1_KM233055               1.8845309 1.8959410 1.8784384 1.4029932 1.3692166 0.0304306 0.0303175 0.0303762 0.0312344 0.0346379 0.0350568 0.0345999 0.0317885 0.0014571 0.0010394 0.0000010 0.0000000 0.0000519 0.0000519 0.0000519 0.0001039 0.0002078 0.0001039 0.0001039 0.0001558 0.0002078 0.0001558 0.0002597 0.0002078 0.0002078 0.0002597 0.0002597 0.0003636 0.0003636 0.0004156 0.0003636 0.0003117 0.0002078 0.0001558 0.0004676 0.0004676 0.0003636 0.0006755 0.0005715 0.0004676 0.0003117 0.0004676 0.0006235 0.0008314 0.0003636 0.0005715 0.0005715 0.0005195 0.0004156 0.0007274 0.0009364 0.0002597 0.0002597 0.0004676 0.0004676 0.0005195 0.0007794 0.0004676 0.0003117 0.0003636 0.0004156 0.0005715 0.0007274 0.0003636 0.0005195 0.0006755 0.0006755 0.0003636 0.0004156 0.0007274 0.0006235 0.0005715 0.0008834 0.0006755 0.0007274 0.0006235 0.0005715 0.0008314 0.0005195 0.0005715 0.0006235 0.0010404 0.0011968 0.0011968 0.0015616 0.0014573 2.0114511 2.0114055 
EBOV_H.sap-wt_LBR_15_Makona-Liberia-DQE4_KR074998          1.8844921 1.8959017 1.8784000 1.4027457 1.3690583 0.0304875 0.0303744 0.0304331 0.0312915 0.0346955 0.0351145 0.0346575 0.0318456 0.0015093 0.0010914 0.0000519 0.0000519 0.0000000 0.0001039 0.0001039 0.0001558 0.0002597 0.0001558 0.0001558 0.0002078 0.0002597 0.0002078 0.0003117 0.0002597 0.0002597 0.0003117 0.0003117 0.0004156 0.0004156 0.0004676 0.0004156 0.0003636 0.0002597 0.0002078 0.0005195 0.0005195 0.0004156 0.0007274 0.0006235 0.0005195 0.0003636 0.0005195 0.0006755 0.0008834 0.0004156 0.0006235 0.0006235 0.0005715 0.0004676 0.0007794 0.0009885 0.0003117 0.0003117 0.0005195 0.0005195 0.0005715 0.0008314 0.0005195 0.0003636 0.0004156 0.0004676 0.0006235 0.0007794 0.0004156 0.0005715 0.0007274 0.0007274 0.0004156 0.0004676 0.0007794 0.0006755 0.0006235 0.0009354 0.0007274 0.0007794 0.0006755 0.0006235 0.0008834 0.0005715 0.0006235 0.0006755 0.0010925 0.0012490 0.0012490 0.0016138 0.0015095 2.0118264 2.0117808 
EBOV_H.sap-wt_SLE_14_Makona-G3799_KM233080                 1.8846578 1.8960682 1.8785650 1.4030883 1.3694614 0.0304873 0.0303742 0.0304330 0.0312913 0.0346953 0.0351143 0.0346573 0.0318454 0.0015093 0.0010914 0.0000519 0.0000519 0.0001039 0.0000000 0.0000010 0.0000519 0.0002597 0.0001558 0.0001558 0.0002078 0.0002597 0.0002078 0.0003117 0.0002597 0.0002597 0.0003117 0.0003117 0.0004156 0.0004156 0.0004676 0.0004156 0.0003636 0.0002597 0.0002078 0.0005195 0.0005195 0.0004156 0.0007274 0.0006235 0.0005195 0.0003636 0.0005195 0.0006755 0.0008834 0.0004156 0.0006235 0.0006235 0.0005715 0.0004676 0.0007794 0.0009885 0.0003117 0.0003117 0.0005195 0.0005195 0.0005715 0.0008314 0.0005195 0.0003636 0.0004156 0.0004676 0.0006235 0.0007794 0.0004156 0.0005715 0.0007274 0.0007274 0.0004156 0.0004676 0.0007794 0.0006755 0.0006235 0.0009354 0.0007274 0.0006755 0.0005715 0.0006235 0.0008834 0.0005715 0.0006235 0.0006755 0.0010925 0.0012490 0.0012490 0.0016138 0.0015095 2.0115829 2.0115373 
EBOV_H.sap-wt_SLE_14_Makona-G3677.2_KM034557               1.8846578 1.8960682 1.8785650 1.4030883 1.3694614 0.0304873 0.0303742 0.0304330 0.0312913 0.0346953 0.0351143 0.0346573 0.0318454 0.0015093 0.0010914 0.0000519 0.0000519 0.0001039 0.0000010 0.0000000 0.0000519 0.0002597 0.0001558 0.0001558 0.0002078 0.0002597 0.0002078 0.0003117 0.0002597 0.0002597 0.0003117 0.0003117 0.0004156 0.0004156 0.0004676 0.0004156 0.0003636 0.0002597 0.0002078 0.0005195 0.0005195 0.0004156 0.0007274 0.0006235 0.0005195 0.0003636 0.0005195 0.0006755 0.0008834 0.0004156 0.0006235 0.0006235 0.0005715 0.0004676 0.0007794 0.0009885 0.0003117 0.0003117 0.0005195 0.0005195 0.0005715 0.0008314 0.0005195 0.0003636 0.0004156 0.0004676 0.0006235 0.0007794 0.0004156 0.0005715 0.0007274 0.0007274 0.0004156 0.0004676 0.0007794 0.0006755 0.0006235 0.0009354 0.0007274 0.0006755 0.0005715 0.0006235 0.0008834 0.0005715 0.0006235 0.0006755 0.0010925 0.0012490 0.0012490 0.0016138 0.0015095 2.0115829 2.0115373 
EBOV_H.sap-wt_SLE_14_Makona-G3788_KM233075                 1.8843767 1.8957871 1.8782841 1.4029932 1.3693672 0.0305437 0.0304306 0.0304893 0.0313478 0.0347522 0.0351713 0.0347143 0.0319019 0.0015614 0.0011445 0.0001039 0.0001039 0.0001558 0.0000519 0.0000519 0.0000000 0.0003117 0.0002078 0.0002078 0.0002597 0.0003117 0.0002597 0.0003636 0.0003117 0.0003117 0.0003636 0.0003636 0.0004676 0.0004676 0.0005195 0.0004676 0.0004156 0.0003117 0.0002597 0.0005715 0.0005715 0.0004676 0.0007794 0.0006755 0.0005715 0.0004156 0.0005715 0.0007274 0.0009354 0.0004676 0.0006755 0.0006755 0.0006235 0.0005195 0.0008314 0.0010406 0.0003636 0.0003636 0.0005715 0.0005715 0.0006235 0.0008834 0.0005715 0.0004156 0.0004676 0.0005195 0.0006755 0.0008314 0.0004676 0.0006235 0.0007794 0.0007794 0.0004676 0.0005195 0.0008314 0.0007274 0.0006755 0.0009874 0.0007794 0.0007274 0.0006235 0.0006755 0.0009354 0.0006235 0.0006755 0.0007274 0.0011446 0.0013011 0.0013011 0.0016660 0.0015616 2.0114511 2.0114055 
EBOV_H.sap-wt_SLE_14_Makona-Kenema-G4702_1_KR105265        1.8849784 1.8966091 1.8788852 1.4037398 1.3691656 0.0306572 0.0305441 0.0306028 0.0314616 0.0348671 0.0352864 0.0348293 0.0319617 0.0016657 0.0012487 0.0002078 0.0002078 0.0002597 0.0002597 0.0002597 0.0003117 0.0000000 0.0001039 0.0001039 0.0001558 0.0002078 0.0001558 0.0002597 0.0002078 0.0002078 0.0002597 0.0002597 0.0001558 0.0001558 0.0002078 0.0003636 0.0003117 0.0002078 0.0003636 0.0004676 0.0004676 0.0003636 0.0006755 0.0005715 0.0004676 0.0003117 0.0004676 0.0006235 0.0008314 0.0003636 0.0005715 0.0005715 0.0005195 0.0004156 0.0007274 0.0009364 0.0002597 0.0002597 0.0006755 0.0006755 0.0007274 0.0009874 0.0006755 0.0005195 0.0005715 0.0006235 0.0007794 0.0009354 0.0005715 0.0007274 0.0008834 0.0008834 0.0005715 0.0006235 0.0009354 0.0008314 0.0005715 0.0008834 0.0004676 0.0009354 0.0008314 0.0007794 0.0008314 0.0007274 0.0007794 0.0008314 0.0012489 0.0014054 0.0014054 0.0017703 0.0016660 2.0112838 2.0112382 
EBOV_H.sap-wt_SLE_14_Makona-G3789.1_KM233076               1.8849518 1.8963624 1.8788586 1.4033358 1.3692356 0.0305439 0.0304308 0.0304895 0.0313480 0.0347525 0.0351716 0.0347146 0.0319021 0.0015614 0.0011445 0.0001039 0.0001039 0.0001558 0.0001558 0.0001558 0.0002078 0.0001039 0.0000000 0.0000010 0.0000519 0.0001039 0.0000519 0.0001558 0.0001039 0.0001039 0.0001558 0.0001558 0.0002597 0.0002597 0.0003117 0.0002597 0.0002078 0.0001039 0.0002597 0.0003636 0.0003636 0.0002597 0.0005715 0.0004676 0.0003636 0.0002078 0.0003636 0.0005195 0.0007274 0.0002597 0.0004676 0.0004676 0.0004156 0.0003117 0.0006235 0.0008314 0.0001558 0.0001558 0.0005715 0.0005715 0.0006235 0.0008834 0.0005715 0.0004156 0.0004676 0.0005195 0.0006755 0.0008314 0.0004676 0.0006235 0.0007794 0.0007794 0.0004676 0.0005195 0.0008314 0.0007274 0.0004676 0.0007794 0.0005715 0.0008314 0.0007274 0.0006755 0.0007274 0.0006235 0.0006755 0.0007274 0.0011446 0.0013011 0.0013011 0.0016660 0.0015616 2.0117040 2.0116583 
EBOV_H.sap-wt_SLE_14_Makona-G3735.2_KM233057               1.8849518 1.8963624 1.8788586 1.4033358 1.3692356 0.0305439 0.0304308 0.0304895 0.0313480 0.0347525 0.0351716 0.0347146 0.0319021 0.0015614 0.0011445 0.0001039 0.0001039 0.0001558 0.0001558 0.0001558 0.0002078 0.0001039 0.0000010 0.0000000 0.0000519 0.0001039 0.0000519 0.0001558 0.0001039 0.0001039 0.0001558 0.0001558 0.0002597 0.0002597 0.0003117 0.0002597 0.0002078 0.0001039 0.0002597 0.0003636 0.0003636 0.0002597 0.0005715 0.0004676 0.0003636 0.0002078 0.0003636 0.0005195 0.0007274 0.0002597 0.0004676 0.0004676 0.0004156 0.0003117 0.0006235 0.0008314 0.0001558 0.0001558 0.0005715 0.0005715 0.0006235 0.0008834 0.0005715 0.0004156 0.0004676 0.0005195 0.0006755 0.0008314 0.0004676 0.0006235 0.0007794 0.0007794 0.0004676 0.0005195 0.0008314 0.0007274 0.0004676 0.0007794 0.0005715 0.0008314 0.0007274 0.0006755 0.0007274 0.0006235 0.0006755 0.0007274 0.0011446 0.0013011 0.0013011 0.0016660 0.0015616 2.0117040 2.0116583 
EBOV_H.sap-wt_SLE_14_Makona-NM042.3_KM233118               1.8852457 1.8966565 1.8791523 1.4033527 1.3693940 0.0306005 0.0304873 0.0305461 0.0314047 0.0348097 0.0352289 0.0347718 0.0319589 0.0016136 0.0011966 0.0001558 0.0001558 0.0002078 0.0002078 0.0002078 0.0002597 0.0001558 0.0000519 0.0000519 0.0000000 0.0001558 0.0001039 0.0002078 0.0001558 0.0001558 0.0002078 0.0002078 0.0003117 0.0003117 0.0003636 0.0003117 0.0002597 0.0001558 0.0003117 0.0004156 0.0004156 0.0003117 0.0006235 0.0005195 0.0004156 0.0002597 0.0004156 0.0005715 0.0007794 0.0003117 0.0005195 0.0005195 0.0004676 0.0003636 0.0006755 0.0008834 0.0002078 0.0002078 0.0006235 0.0006235 0.0006755 0.0009354 0.0006235 0.0004676 0.0005195 0.0005715 0.0007274 0.0008834 0.0005195 0.0006755 0.0008314 0.0008314 0.0005195 0.0005715 0.0008834 0.0007794 0.0005195 0.0008314 0.0006235 0.0008834 0.0007794 0.0007274 0.0007794 0.0006755 0.0007274 0.0007794 0.0011967 0.0013532 0.0013532 0.0017181 0.0016138 2.0120017 2.0119560 
EBOV_H.sap-wt_SLE_14_Makona-G3770.2_KM233070               1.8850369 1.8969967 1.8789433 1.4035355 1.3688940 0.0306572 0.0305440 0.0306028 0.0314615 0.0348671 0.0352863 0.0348292 0.0320158 0.0016657 0.0012487 0.0002078 0.0002078 0.0002597 0.0002597 0.0002597 0.0003117 0.0002078 0.0001039 0.0001039 0.0001558 0.0000000 0.0001558 0.0002597 0.0002078 0.0002078 0.0002597 0.0002597 0.0003636 0.0003636 0.0004156 0.0003636 0.0003117 0.0002078 0.0003636 0.0004676 0.0004676 0.0003636 0.0006755 0.0005715 0.0004676 0.0003117 0.0004676 0.0006235 0.0008314 0.0003636 0.0005715 0.0005715 0.0005195 0.0004156 0.0007274 0.0009364 0.0002597 0.0002597 0.0006755 0.0006755 0.0007274 0.0009874 0.0006755 0.0005195 0.0005715 0.0006235 0.0007794 0.0009354 0.0005715 0.0007274 0.0008834 0.0008834 0.0005715 0.0006235 0.0009354 0.0008314 0.0005715 0.0008834 0.0006755 0.0009354 0.0008314 0.0007794 0.0008314 0.0007274 0.0007794 0.0008314 0.0012488 0.0014054 0.0014054 0.0017703 0.0016660 2.0114511 2.0114055 
EBOV_H.sap-wt_SLE_14_Makona-G3818_KM233092                 1.8841917 1.8955964 1.8781024 1.4036541 1.3695452 0.0306082 0.0304951 0.0305538 0.0314126 0.0348185 0.0352378 0.0347806 0.0319669 0.0016140 0.0011969 0.0001558 0.0001558 0.0002078 0.0002078 0.0002078 0.0002597 0.0001558 0.0000519 0.0000519 0.0001039 0.0001558 0.0000000 0.0002078 0.0001558 0.0001558 0.0002078 0.0002078 0.0003117 0.0003117 0.0003636 0.0003117 0.0002597 0.0001558 0.0003117 0.0004156 0.0004156 0.0003117 0.0006235 0.0005195 0.0004156 0.0002597 0.0004156 0.0005715 0.0007794 0.0003117 0.0005195 0.0005195 0.0004676 0.0003636 0.0006755 0.0008846 0.0002078 0.0002078 0.0006235 0.0006235 0.0006755 0.0009354 0.0006235 0.0004676 0.0005195 0.0005715 0.0007274 0.0008844 0.0005195 0.0006755 0.0008314 0.0008314 0.0005195 0.0005715 0.0008834 0.0007794 0.0005195 0.0008314 0.0006235 0.0008834 0.0007794 0.0007274 0.0007794 0.0006755 0.0007274 0.0007794 0.0011970 0.0013536 0.0013536 0.0017186 0.0016142 2.0105434 2.0104979 
EBOV_H.sap-wt_SLE_14_Makona-J0042_KP759711                 1.8852594 1.8966701 1.8791660 1.4029080 1.3688077 0.0306009 0.0304878 0.0305465 0.0314051 0.0348102 0.0352294 0.0347723 0.0319593 0.0017179 0.0013008 0.0002597 0.0002597 0.0003117 0.0003117 0.0003117 0.0003636 0.0002597 0.0001558 0.0001558 0.0002078 0.0002597 0.0002078 0.0000000 0.0000519 0.0002597 0.0003117 0.0003117 0.0004156 0.0004156 0.0004676 0.0004156 0.0003636 0.0002597 0.0004156 0.0005195 0.0005195 0.0004156 0.0007274 0.0006235 0.0005195 0.0003636 0.0005195 0.0006755 0.0008834 0.0002078 0.0004156 0.0004156 0.0005715 0.0004676 0.0007794 0.0009885 0.0003117 0.0003117 0.0007274 0.0007274 0.0007794 0.0010394 0.0007274 0.0005715 0.0006235 0.0006755 0.0008314 0.0009874 0.0006235 0.0007794 0.0009354 0.0009354 0.0006235 0.0006755 0.0009874 0.0008834 0.0006235 0.0009354 0.0007274 0.0009874 0.0008834 0.0008314 0.0006755 0.0007794 0.0008314 0.0008834 0.0013010 0.0014575 0.0014575 0.0018225 0.0017181 2.0112076 2.0111620 
EBOV_H.sap-wt_SLE_14_Makona-Moyamba-G6103_1_KR105348       1.8855268 1.8969376 1.8794331 1.4031361 1.3690361 0.0305441 0.0304310 0.0304898 0.0313482 0.0347527 0.0351718 0.0347148 0.0319023 0.0016657 0.0012487 0.0002078 0.0002078 0.0002597 0.0002597 0.0002597 0.0003117 0.0002078 0.0001039 0.0001039 0.0001558 0.0002078 0.0001558 0.0000519 0.0000000 0.0002078 0.0002597 0.0002597 0.0003636 0.0003636 0.0004156 0.0003636 0.0003117 0.0002078 0.0003636 0.0004676 0.0004676 0.0003636 0.0006755 0.0005715 0.0004676 0.0003117 0.0004676 0.0006235 0.0008314 0.0001558 0.0003636 0.0003636 0.0005195 0.0004156 0.0007274 0.0009364 0.0002597 0.0002597 0.0006755 0.0006755 0.0007274 0.0009874 0.0006755 0.0005195 0.0005715 0.0006235 0.0007794 0.0009354 0.0005715 0.0007274 0.0008834 0.0008834 0.0005715 0.0006235 0.0009354 0.0008314 0.0005715 0.0008834 0.0006755 0.0009354 0.0008314 0.0007794 0.0006235 0.0007274 0.0007794 0.0008314 0.0012489 0.0014054 0.0014054 0.0017703 0.0016660 2.0114786 2.0114330 
EBOV_H.sap-wt_SLE_14_Makona-G3825.1_KM233098               1.8851264 1.8965372 1.8790331 1.4030241 1.3689259 0.0306574 0.0305443 0.0306030 0.0314618 0.0347525 0.0351716 0.0347146 0.0320160 0.0016657 0.0012487 0.0002078 0.0002078 0.0002597 0.0002597 0.0002597 0.0003117 0.0002078 0.0001039 0.0001039 0.0001558 0.0002078 0.0001558 0.0002597 0.0002078 0.0000000 0.0000519 0.0000519 0.0003636 0.0003636 0.0004156 0.0001558 0.0003117 0.0002078 0.0003636 0.0002597 0.0002597 0.0001558 0.0004676 0.0003636 0.0002597 0.0003117 0.0002597 0.0004156 0.0006235 0.0003636 0.0005715 0.0005715 0.0005195 0.0004156 0.0007274 0.0009364 0.0002597 0.0002597 0.0006755 0.0006755 0.0007274 0.0009874 0.0006755 0.0005195 0.0005715 0.0006235 0.0007794 0.0009354 0.0005715 0.0007274 0.0008834 0.0008834 0.0005715 0.0006235 0.0009354 0.0008314 0.0003636 0.0006755 0.0006755 0.0009354 0.0008314 0.0007794 0.0008314 0.0007274 0.0007794 0.0008314 0.0012489 0.0014054 0.0014054 0.0017703 0.0016660 2.0117040 2.0116583 
EBOV_H.sap-wt_SLE_14_Makona-G5296_1_KR105303               1.8860917 1.8975077 1.8799947 1.4036851 1.3695771 0.0307176 0.0306044 0.0306632 0.0315222 0.0348138 0.0352331 0.0347759 0.0320765 0.0017181 0.0013010 0.0002597 0.0002597 0.0003117 0.0003117 0.0003117 0.0003636 0.0002597 0.0001558 0.0001558 0.0002078 0.0002597 0.0002078 0.0003117 0.0002597 0.0000519 0.0000000 0.0000010 0.0004156 0.0004156 0.0004676 0.0002078 0.0003636 0.0002597 0.0004156 0.0003117 0.0003117 0.0002078 0.0005195 0.0004156 0.0003117 0.0003636 0.0003117 0.0004676 0.0006755 0.0004156 0.0006235 0.0006235 0.0005715 0.0004676 0.0007794 0.0009886 0.0003117 0.0003117 0.0007274 0.0007274 0.0007794 0.0010404 0.0007274 0.0005715 0.0006235 0.0006755 0.0008314 0.0009885 0.0006235 0.0007794 0.0009354 0.0009354 0.0006235 0.0006755 0.0009874 0.0008844 0.0004156 0.0007274 0.0007274 0.0009874 0.0008834 0.0008314 0.0008834 0.0007794 0.0008314 0.0008834 0.0013011 0.0014577 0.0014577 0.0018227 0.0017183 2.0124833 2.0124376 
EBOV_H.sap-wt_SLE_14_Makona-Bombali-J0022_KP759757         1.8860917 1.8975077 1.8799947 1.4036851 1.3695771 0.0307176 0.0306044 0.0306632 0.0315222 0.0348138 0.0352331 0.0347759 0.0320765 0.0017181 0.0013010 0.0002597 0.0002597 0.0003117 0.0003117 0.0003117 0.0003636 0.0002597 0.0001558 0.0001558 0.0002078 0.0002597 0.0002078 0.0003117 0.0002597 0.0000519 0.0000010 0.0000000 0.0004156 0.0004156 0.0004676 0.0002078 0.0003636 0.0002597 0.0004156 0.0003117 0.0003117 0.0002078 0.0005195 0.0004156 0.0003117 0.0003636 0.0003117 0.0004676 0.0006755 0.0004156 0.0006235 0.0006235 0.0005715 0.0004676 0.0007794 0.0009886 0.0003117 0.0003117 0.0007274 0.0007274 0.0007794 0.0010404 0.0007274 0.0005715 0.0006235 0.0006755 0.0008314 0.0009885 0.0006235 0.0007794 0.0009354 0.0009354 0.0006235 0.0006755 0.0009874 0.0008844 0.0004156 0.0007274 0.0007274 0.0009874 0.0008834 0.0008314 0.0008834 0.0007794 0.0008314 0.0008834 0.0013011 0.0014577 0.0014577 0.0018227 0.0017183 2.0124833 2.0124376 
EBOV_H.sap-wt_SLE_14_Makona-Kenema-G4350_1_KR105242        1.8859781 1.8976101 1.8798833 1.4032311 1.3695294 0.0307139 0.0306008 0.0306596 0.0315184 0.0349245 0.0353439 0.0348867 0.0320186 0.0018223 0.0014051 0.0003636 0.0003636 0.0004156 0.0004156 0.0004156 0.0004676 0.0001558 0.0002597 0.0002597 0.0003117 0.0003636 0.0003117 0.0004156 0.0003636 0.0003636 0.0004156 0.0004156 0.0000000 0.0000010 0.0000519 0.0005195 0.0004676 0.0003636 0.0005195 0.0006235 0.0006235 0.0005195 0.0008314 0.0007274 0.0006235 0.0004676 0.0006235 0.0007794 0.0009874 0.0005195 0.0007274 0.0007274 0.0006755 0.0005715 0.0008834 0.0010927 0.0004156 0.0004156 0.0008314 0.0008314 0.0008834 0.0011445 0.0008314 0.0006755 0.0007274 0.0007794 0.0009365 0.0010926 0.0007274 0.0008834 0.0010405 0.0010405 0.0007274 0.0007794 0.0010914 0.0009885 0.0007274 0.0010394 0.0006235 0.0010924 0.0009874 0.0009354 0.0009874 0.0008834 0.0009354 0.0009874 0.0014053 0.0015618 0.0015618 0.0019269 0.0018225 2.0105565 2.0105110 
EBOV_H.sap-wt_SLE_14_Makona-Kenema-G4971_1_KR105284        1.8859781 1.8976101 1.8798833 1.4032311 1.3695294 0.0307139 0.0306008 0.0306596 0.0315184 0.0349245 0.0353439 0.0348867 0.0320186 0.0018223 0.0014051 0.0003636 0.0003636 0.0004156 0.0004156 0.0004156 0.0004676 0.0001558 0.0002597 0.0002597 0.0003117 0.0003636 0.0003117 0.0004156 0.0003636 0.0003636 0.0004156 0.0004156 0.0000010 0.0000000 0.0000519 0.0005195 0.0004676 0.0003636 0.0005195 0.0006235 0.0006235 0.0005195 0.0008314 0.0007274 0.0006235 0.0004676 0.0006235 0.0007794 0.0009874 0.0005195 0.0007274 0.0007274 0.0006755 0.0005715 0.0008834 0.0010927 0.0004156 0.0004156 0.0008314 0.0008314 0.0008834 0.0011445 0.0008314 0.0006755 0.0007274 0.0007794 0.0009365 0.0010926 0.0007274 0.0008834 0.0010405 0.0010405 0.0007274 0.0007794 0.0010914 0.0009885 0.0007274 0.0010394 0.0006235 0.0010924 0.0009874 0.0009354 0.0009874 0.0008834 0.0009354 0.0009874 0.0014053 0.0015618 0.0015618 0.0019269 0.0018225 2.0105565 2.0105110 
EBOV_H.sap-wt_SLE_14_Makona-Kenema-G4856_1_KR105273        1.8862454 1.8978776 1.8801504 1.4034593 1.3697578 0.0307703 0.0306571 0.0307159 0.0315749 0.0349815 0.0354009 0.0349437 0.0320751 0.0018745 0.0014572 0.0004156 0.0004156 0.0004676 0.0004676 0.0004676 0.0005195 0.0002078 0.0003117 0.0003117 0.0003636 0.0004156 0.0003636 0.0004676 0.0004156 0.0004156 0.0004676 0.0004676 0.0000519 0.0000519 0.0000000 0.0005715 0.0005195 0.0004156 0.0005715 0.0006755 0.0006755 0.0005715 0.0008834 0.0007794 0.0006755 0.0005195 0.0006755 0.0008314 0.0010394 0.0005715 0.0007794 0.0007794 0.0007274 0.0006235 0.0009354 0.0011448 0.0004676 0.0004676 0.0008834 0.0008834 0.0009354 0.0011966 0.0008834 0.0007274 0.0007794 0.0008314 0.0009885 0.0011447 0.0007794 0.0009354 0.0010925 0.0010925 0.0007794 0.0008314 0.0011445 0.0010406 0.0007794 0.0010925 0.0006755 0.0011445 0.0010394 0.0009874 0.0010394 0.0009354 0.0009874 0.0010394 0.0014574 0.0016140 0.0016140 0.0019791 0.0018747 2.0106014 2.0105558 
EBOV_H.sap-wt_SLE_14_Makona-Kenema-G5039_1_KR105295        1.8842098 1.8956155 1.8781200 1.4042748 1.3690821 0.0308315 0.0307183 0.0307772 0.0316364 0.0349291 0.0353485 0.0348913 0.0321909 0.0018225 0.0014053 0.0003636 0.0003636 0.0004156 0.0004156 0.0004156 0.0004676 0.0003636 0.0002597 0.0002597 0.0003117 0.0003636 0.0003117 0.0004156 0.0003636 0.0001558 0.0002078 0.0002078 0.0005195 0.0005195 0.0005715 0.0000000 0.0004676 0.0003636 0.0005195 0.0004156 0.0004156 0.0003117 0.0006235 0.0005195 0.0004156 0.0004676 0.0004156 0.0005715 0.0007794 0.0005195 0.0007274 0.0007274 0.0006755 0.0005715 0.0008834 0.0010929 0.0004156 0.0004156 0.0008314 0.0008314 0.0008834 0.0011446 0.0008314 0.0006755 0.0007274 0.0007794 0.0009366 0.0010927 0.0007274 0.0008834 0.0010406 0.0010406 0.0007274 0.0007794 0.0010926 0.0009886 0.0005195 0.0008314 0.0008314 0.0010926 0.0009874 0.0009354 0.0009874 0.0008834 0.0009354 0.0009874 0.0014054 0.0015620 0.0015620 0.0019272 0.0018227 2.0107054 2.0106599 
EBOV_H.sap-wt_SLE_14_Makona-G3949_1_KR105209               1.8851714 1.8965825 1.8790779 1.4033358 1.3697088 0.0307701 0.0306570 0.0307157 0.0315747 0.0349813 0.0354007 0.0349435 0.0320749 0.0017701 0.0013529 0.0003117 0.0003117 0.0003636 0.0003636 0.0003636 0.0004156 0.0003117 0.0002078 0.0002078 0.0002597 0.0003117 0.0002597 0.0003636 0.0003117 0.0003117 0.0003636 0.0003636 0.0004676 0.0004676 0.0005195 0.0004676 0.0000000 0.0003117 0.0004676 0.0005715 0.0005715 0.0004676 0.0007794 0.0006755 0.0005715 0.0004156 0.0005715 0.0007274 0.0009354 0.0004676 0.0006755 0.0006755 0.0006235 0.0005195 0.0008314 0.0010406 0.0003636 0.0003636 0.0007794 0.0007794 0.0008314 0.0010914 0.0007794 0.0006235 0.0006755 0.0007274 0.0008834 0.0010404 0.0006755 0.0008314 0.0009874 0.0009874 0.0006755 0.0007274 0.0010394 0.0009354 0.0006755 0.0009874 0.0007794 0.0010394 0.0009354 0.0008834 0.0009354 0.0008314 0.0008834 0.0009354 0.0013531 0.0015096 0.0015096 0.0018747 0.0017703 2.0113760 2.0113304 
EBOV_H.sap-wt_SLE_14_Makona-J0054_KP759722                 1.8860280 1.8974449 1.8795265 1.4041957 1.3705362 0.0306607 0.0305475 0.0306063 0.0314651 0.0348711 0.0352905 0.0348333 0.0320194 0.0016659 0.0012488 0.0002078 0.0002078 0.0002597 0.0002597 0.0002597 0.0003117 0.0002078 0.0001039 0.0001039 0.0001558 0.0002078 0.0001558 0.0002597 0.0002078 0.0002078 0.0002597 0.0002597 0.0003636 0.0003636 0.0004156 0.0003636 0.0003117 0.0000000 0.0003636 0.0004676 0.0004676 0.0003636 0.0006755 0.0005715 0.0004676 0.0003117 0.0004676 0.0006235 0.0008314 0.0003636 0.0005715 0.0005715 0.0005195 0.0004156 0.0007274 0.0009365 0.0002597 0.0002597 0.0006755 0.0006755 0.0007274 0.0009874 0.0006755 0.0005195 0.0005715 0.0006235 0.0007794 0.0009354 0.0005715 0.0007274 0.0008834 0.0008834 0.0005715 0.0006235 0.0009354 0.0008314 0.0005715 0.0008834 0.0006755 0.0009354 0.0008314 0.0007794 0.0008314 0.0007274 0.0007794 0.0008314 0.0012490 0.0014055 0.0014055 0.0017705 0.0016661 2.0113874 2.0113417 
EBOV_H.sap-wt_SLE_14_Makona-G3676.1_KM034554               1.8850421 1.8964571 1.8796059 1.4039943 1.3700266 0.0303748 0.0302617 0.0303204 0.0311785 0.0345815 0.0350004 0.0345435 0.0317325 0.0014050 0.0009874 0.0001558 0.0001558 0.0002078 0.0002078 0.0002078 0.0002597 0.0003636 0.0002597 0.0002597 0.0003117 0.0003636 0.0003117 0.0004156 0.0003636 0.0003636 0.0004156 0.0004156 0.0005195 0.0005195 0.0005715 0.0005195 0.0004676 0.0003636 0.0000000 0.0006235 0.0006235 0.0005195 0.0008314 0.0007274 0.0006235 0.0004676 0.0006235 0.0007794 0.0009874 0.0005195 0.0007274 0.0007274 0.0006755 0.0005715 0.0008834 0.0010927 0.0004156 0.0004156 0.0004156 0.0004156 0.0004676 0.0007274 0.0006235 0.0004676 0.0005195 0.0005715 0.0007274 0.0008834 0.0005195 0.0006755 0.0008314 0.0008314 0.0005195 0.0005715 0.0008834 0.0007794 0.0007274 0.0010394 0.0008314 0.0008834 0.0007794 0.0007274 0.0009874 0.0006755 0.0007274 0.0007794 0.0009874 0.0011447 0.0011447 0.0015095 0.0014052 2.0108894 2.0108438 
EBOV_H.sap-wt_SLE_14_Makona-Kenema-20140590_KR653278       1.8850329 1.8964439 1.8789395 1.4020669 1.3687367 0.0309399 0.0308267 0.0308855 0.0317448 0.0350380 0.0354575 0.0348858 0.0322993 0.0019266 0.0015093 0.0004676 0.0004676 0.0005195 0.0005195 0.0005195 0.0005715 0.0004676 0.0003636 0.0003636 0.0004156 0.0004676 0.0004156 0.0005195 0.0004676 0.0002597 0.0003117 0.0003117 0.0006235 0.0006235 0.0006755 0.0004156 0.0005715 0.0004676 0.0006235 0.0000000 0.0005195 0.0004156 0.0007274 0.0006235 0.0005195 0.0005715 0.0005195 0.0006755 0.0008834 0.0006235 0.0008314 0.0008314 0.0007794 0.0006755 0.0009874 0.0011969 0.0005196 0.0005196 0.0009354 0.0009354 0.0009874 0.0012487 0.0009354 0.0007794 0.0008314 0.0008834 0.0010406 0.0011967 0.0008314 0.0009874 0.0011446 0.0011446 0.0008314 0.0008834 0.0011966 0.0010927 0.0006235 0.0009354 0.0009354 0.0011966 0.0010914 0.0010394 0.0010914 0.0009884 0.0010394 0.0010914 0.0015095 0.0016661 0.0016661 0.0020313 0.0019269 2.0123476 2.0123019 
