100
02A1.GH.97.97GH_AG2.AB052867           0.0000000 0.3646394 0.4516843 0.5291200 0.5916738 0.6236048 0.6507460 0.5632568 0.5442463 0.5654140 0.5464392 0.5204227 0.5219252 0.6037497 0.7997091 0.8117849 0.9103504 0.8584166 0.8448392 0.8752055 0.8380384 0.8287269 0.8986137 0.9165107 0.9847349 0.9413931 0.8046886 0.8685984 0.8655967 0.8196568 0.8114251 0.5668372 0.6260287 0.6137443 0.6611527 0.8472793 0.6723771 0.6791483 0.7694362 0.6371706 0.6605894 0.7800386 0.8342103 0.5500745 0.5482625 0.4821968 0.4608231 0.7696480 0.7893865 0.8148731 0.8416185 0.8427257 0.8915576 0.8292656 0.7825887 0.8104954 0.7553058 0.7959001 0.8004170 0.8060416 0.7918281 0.7326792 0.7891116 0.8773709 0.8254045 0.8006996 0.8487436 0.8334907 0.8418266 0.8267577 0.8237705 0.8013641 0.7684107 0.7693317 0.7528408 0.8210586 1.0753149 0.8208175 0.7706843 0.8062001 0.8162772 0.7342324 0.7272296 0.7276748 0.6952639 0.6370488 0.7795022 0.6324726 0.5012159 0.4187805 0.3933803 0.5475322 0.3425706 0.3448741 0.3669416 0.4387713 1.8597439 1.8568303 1.9743268 2.5644610 
02A.CI.16.DEURF16CI011.MH078538        0.3646394 0.0000000 0.5363321 0.5857300 0.6541662 0.6794540 0.7065182 0.6431847 0.6226695 0.6319224 0.6264732 0.6007932 0.5877703 0.6815348 0.9008797 0.8528682 0.9873190 0.8996100 0.9081581 0.9378278 0.9139011 0.8740943 0.9556266 0.9915800 1.0389801 0.9880832 0.8597723 0.9249309 0.9300856 0.8670078 0.8674365 0.6250210 0.6755277 0.6771538 0.7226784 0.9082202 0.7170134 0.7252491 0.8079992 0.6971021 0.7155291 0.8384032 0.9294216 0.6173538 0.6307086 0.5702777 0.5263203 0.8446098 0.8560419 0.9206605 0.9257853 0.8999494 0.9620386 0.9281332 0.8508569 0.8586514 0.8515619 0.8895984 0.8779499 0.8714234 0.8644328 0.8172113 0.8765800 0.9618078 0.9207435 0.8784951 0.9296377 0.9059458 0.9164818 0.9105338 0.8899606 0.8743079 0.8660817 0.8588700 0.8406241 0.9201789 1.1484083 0.9214112 0.8397031 0.8938893 0.9098278 0.8168519 0.7860564 0.8202979 0.7735248 0.7295642 0.8631166 0.7068675 0.5820294 0.4849022 0.4572746 0.6148827 0.4125170 0.4142179 0.4383598 0.4931880 1.9558509 2.0124409 2.0117122 2.6937457 
AGU.CM.06.770_8.MH705142               0.4516843 0.5363321 0.0000000 0.5365989 0.5913843 0.6202708 0.6310014 0.6112247 0.5900102 0.6041223 0.5923843 0.5489571 0.5358624 0.6397064 0.8634808 0.8525245 0.9107217 0.8830048 0.8819301 0.8754915 0.8737372 0.8268212 0.8948262 0.9185476 1.0232387 0.9724427 0.8068080 0.8748537 0.9003956 0.8295171 0.8343133 0.6070769 0.6331378 0.6457376 0.6979899 0.8463931 0.6861716 0.6863734 0.7778283 0.6727336 0.6744535 0.8183266 0.8885460 0.5765532 0.5732331 0.5322120 0.4923970 0.8254840 0.8307267 0.8974496 0.8964200 0.8799518 0.9256513 0.8615873 0.8149157 0.8609637 0.7998986 0.8362305 0.8507918 0.8332793 0.8180501 0.7694602 0.8367673 0.8982444 0.8530810 0.8112277 0.8683357 0.8510752 0.8668196 0.8500805 0.8650019 0.8257247 0.7942215 0.8013172 0.7814343 0.8704509 1.0988341 0.8810790 0.8134188 0.8680900 0.8433333 0.7732654 0.7666823 0.7766472 0.7236257 0.6792778 0.8282543 0.6607598 0.5700152 0.5186595 0.4925333 0.6652181 0.4654372 0.4835575 0.5042556 0.5732988 2.0665190 2.0373743 2.1126613 2.7736143 
G.NG.92.92NG083_JV10832.U88826         0.5291200 0.5857300 0.5365989 0.0000000 0.3451697 0.3993413 0.4128378 0.6914139 0.6792852 0.6775714 0.6734269 0.6375539 0.6491256 0.7185106 0.9371453 0.9651659 1.0348959 0.9971619 0.9694521 0.9956604 0.9537569 0.9573351 1.0287397 1.0492107 1.1097897 1.0882687 0.9310012 0.9838241 0.9974770 0.9486867 0.9517137 0.6652294 0.7392273 0.7339970 0.7677531 0.9488652 0.7813035 0.7695691 0.8737739 0.7588394 0.7679994 0.8882877 0.9699191 0.6721307 0.6687931 0.6128828 0.5706642 0.8649472 0.8858587 0.9387448 0.9425966 0.9210307 0.9605595 0.9130064 0.8805403 0.9194134 0.8389184 0.8840743 0.9034734 0.9036805 0.8748518 0.8161211 0.9093919 0.9784804 0.9397863 0.8820991 0.9412325 0.9324630 0.9256209 0.9081409 0.9006103 0.8931397 0.8692720 0.8632605 0.8409721 0.9220470 1.1930865 0.9262100 0.8889490 0.9355414 0.8881652 0.8037602 0.8338795 0.8506024 0.7985708 0.7681620 0.9134642 0.7535913 0.6621878 0.5931356 0.5714956 0.7327167 0.5473073 0.5645941 0.5855936 0.6554697 2.1314115 2.1575582 2.1624546 2.9203999 
G.NG.09.09NG010261.KX389626            0.5916738 0.6541662 0.5913843 0.3451697 0.0000000 0.4473917 0.4633021 0.7440405 0.7166681 0.7218149 0.7120784 0.6945763 0.7077155 0.7558408 0.9998095 0.9931206 1.0746046 1.0283392 1.0027677 1.0345740 0.9956401 0.9985402 1.0383199 1.0852465 1.1454547 1.1001942 0.9870397 1.0583534 1.0419968 0.9682071 0.9808906 0.7320674 0.7971392 0.7943599 0.8262266 0.9982843 0.8284058 0.8265472 0.8995898 0.8219308 0.8268331 0.9504475 1.0138380 0.7323320 0.7129231 0.6608055 0.6225815 0.9392818 0.9583864 1.0054357 1.0163422 0.9883660 1.0408641 0.9881482 0.9356685 0.9843488 0.9277649 0.9557168 0.9668669 0.9589674 0.9450953 0.8803110 0.9790445 1.0436119 1.0025582 0.9307077 1.0080301 0.9924710 0.9812045 0.9670265 0.9648817 0.9380584 0.9256291 0.9389744 0.9160639 0.9690087 1.2752977 0.9965340 0.9295887 0.9962087 0.9438403 0.8897751 0.8861904 0.9023762 0.8408032 0.8316259 0.9487475 0.8148878 0.7120672 0.6525386 0.6294846 0.8026264 0.6075536 0.6125629 0.6428434 0.7076524 2.2211827 2.2117660 2.2180489 2.8356028 
01F2G.CM.02.LT31.JN864056              0.6236048 0.6794540 0.6202708 0.3993413 0.4473917 0.0000000 0.4139826 0.7905653 0.7820207 0.7702072 0.7673705 0.7411071 0.7290714 0.8115213 1.0673672 1.0335027 1.1400068 1.0760329 1.0427599 1.1008663 1.0526639 1.0430323 1.1244077 1.1539503 1.2073819 1.1427876 1.0237612 1.0860339 1.0650327 1.0139319 1.0242412 0.7562591 0.8373010 0.8536874 0.8948446 1.0476974 0.8736329 0.8854859 0.9638458 0.8812708 0.8750075 0.9942642 1.0961957 0.7472715 0.7561525 0.7000649 0.6591871 0.9779960 0.9934345 1.0255549 1.0386347 1.0048607 1.0701670 1.0134083 0.9677667 1.0222400 0.9458320 0.9725394 0.9899377 0.9832988 0.9726071 0.9228108 0.9847877 1.0683757 1.0278504 0.9645101 1.0141908 1.0217229 1.0213634 0.9912924 1.0057909 0.9949553 0.9378687 0.9705179 0.9543487 1.0330067 1.2833438 1.0395780 0.9838473 1.0459080 1.0220093 0.9329764 0.9244474 0.9189105 0.8690105 0.8505638 0.9721075 0.8498017 0.7701260 0.6784158 0.6545019 0.8515004 0.6495387 0.6394748 0.6699302 0.7486984 2.2792381 2.2752820 2.2884290 3.0717472 
BCG.ES.15.100_119.KY496623             0.6507460 0.7065182 0.6310014 0.4128378 0.4633021 0.4139826 0.0000000 0.7759106 0.7807451 0.7639669 0.7956325 0.7431880 0.7412151 0.8238141 1.0651007 1.0346457 1.1796887 1.0829934 1.0634381 1.1172401 1.0681068 1.0544478 1.1084540 1.1240214 1.1778673 1.1579263 1.0277744 1.0912850 1.1167796 1.0466799 1.0265638 0.7696424 0.8560974 0.8477147 0.9032223 1.0572777 0.8846313 0.9014981 0.9809584 0.8881205 0.8717611 0.9928246 1.0791326 0.7660482 0.7860594 0.7296183 0.6725963 1.0173713 1.0283572 1.0787612 1.0958904 1.0677289 1.1252853 1.0912492 1.0322345 1.0485402 0.9989142 1.0326764 1.0484571 1.0351055 1.0227104 0.9633374 1.0412304 1.1227868 1.0823530 1.0384515 1.1041948 1.0865539 1.0706126 1.0655704 1.0364060 1.0405504 1.0002978 0.9980426 0.9765681 1.0499993 1.2955527 1.0657159 1.0396855 1.0718283 1.0033024 0.9732742 0.9570971 0.9477399 0.9063191 0.8910739 1.0204921 0.8716943 0.7963452 0.6975936 0.6648272 0.8588501 0.6512622 0.6426669 0.6820817 0.7469719 2.2736688 2.2915205 2.2679783 3.0123900 
A1.KE.06.06KECst_028.FJ623479          0.5632568 0.6431847 0.6112247 0.6914139 0.7440405 0.7905653 0.7759106 0.0000000 0.3416926 0.4243284 0.4347983 0.3887885 0.4070155 0.5212406 0.7648447 0.7636269 0.8343841 0.7708059 0.7772653 0.8214096 0.7797087 0.7446580 0.8217204 0.8450612 0.9200662 0.8726063 0.7330674 0.7994583 0.7968102 0.7456614 0.7355778 0.4707496 0.5689557 0.5587680 0.6156790 0.7896094 0.6062404 0.6034020 0.6948911 0.5868015 0.5969416 0.7365030 0.8101312 0.4923170 0.5064191 0.4741409 0.5198758 0.8554795 0.8557626 0.9099147 0.9328288 0.9202649 0.9425441 0.9123616 0.8388985 0.8978371 0.8379162 0.8732193 0.8980453 0.8689979 0.8639722 0.8142012 0.8838050 0.9596483 0.9059323 0.8719340 0.9449591 0.9040163 0.9124519 0.9351348 0.9026970 0.8769098 0.8747359 0.8575064 0.8475556 0.9074348 1.1639565 0.9222398 0.8744495 0.9352792 0.8953476 0.8254509 0.7987889 0.8344925 0.7586748 0.7250031 0.8646637 0.7047982 0.6844892 0.6417774 0.6012281 0.7626979 0.5802901 0.5820657 0.6101505 0.6627660 2.1928516 2.2089074 2.2432178 2.9121330 
A1.KE.06.06KECst_013.FJ623485          0.5442463 0.6226695 0.5900102 0.6792852 0.7166681 0.7820207 0.7807451 0.3416926 0.0000000 0.4272156 0.4269686 0.3827211 0.4006024 0.5149916 0.7424855 0.7238919 0.7900118 0.7559377 0.7660181 0.7865589 0.7735065 0.7267252 0.7825683 0.8388682 0.8903322 0.8597451 0.6995900 0.7852785 0.7916574 0.7310000 0.7055063 0.4716063 0.5628120 0.5433179 0.5984124 0.7914702 0.6009428 0.6000935 0.6859913 0.5851075 0.5848495 0.7377141 0.8108795 0.4850214 0.4882380 0.4445665 0.4932106 0.8447032 0.8413528 0.8890795 0.9219953 0.8983319 0.9317290 0.8645551 0.8437216 0.8636970 0.8345873 0.8380434 0.8681762 0.8553209 0.8316560 0.7916791 0.8581831 0.9567190 0.8976952 0.8710586 0.9167572 0.8997630 0.9026744 0.8536508 0.9077557 0.8783892 0.8574946 0.8311585 0.8156894 0.9135343 1.1708861 0.8813903 0.8223217 0.8854301 0.8658991 0.8072584 0.7932621 0.7959887 0.7488902 0.7534298 0.8760665 0.6915625 0.6842913 0.6184726 0.5863422 0.7439530 0.5597168 0.5685738 0.6036454 0.6641646 2.1026267 2.1293755 2.1356500 2.8080689 
35_AD.AF.06.007H.GQ477450              0.5654140 0.6319224 0.6041223 0.6775714 0.7218149 0.7702072 0.7639669 0.4243284 0.4272156 0.0000000 0.4307902 0.3988303 0.4266236 0.5272332 0.7507260 0.7459739 0.8325581 0.7800079 0.7920198 0.8056173 0.7915022 0.7516178 0.7958093 0.8433241 0.9139655 0.8687200 0.7116358 0.7919474 0.7957176 0.7478777 0.7496561 0.4761493 0.5613741 0.5485323 0.6258701 0.7906643 0.5936404 0.6221779 0.6953794 0.5882450 0.6183866 0.7236905 0.7861152 0.4934469 0.4934306 0.4638947 0.5261015 0.8436571 0.8557194 0.9078174 0.9225466 0.9040039 0.9533213 0.8991148 0.8621595 0.8787117 0.8502550 0.8581033 0.8774881 0.8747803 0.8551978 0.7931763 0.8784062 0.9348416 0.9091498 0.8908810 0.9330478 0.9002989 0.8910503 0.8913920 0.9092504 0.8630611 0.8562572 0.8440292 0.8260089 0.9031982 1.1829774 0.8974290 0.8492667 0.9239738 0.8612608 0.8257491 0.8108479 0.8146781 0.7605060 0.7349751 0.8685163 0.6929206 0.6888905 0.6206951 0.5919770 0.7708681 0.5697828 0.5817221 0.5885635 0.6726744 2.1880714 2.2115326 2.1925515 2.8965286 
A1.CY.07.CY208.JF683760                0.5464392 0.6264732 0.5923843 0.6734269 0.7120784 0.7673705 0.7956325 0.4347983 0.4269686 0.4307902 0.0000000 0.2492593 0.4190322 0.5071293 0.7488755 0.7520160 0.8140577 0.7631677 0.7569171 0.7876514 0.7694911 0.7234507 0.7933144 0.8264015 0.9126516 0.8614833 0.7110293 0.7790484 0.7910228 0.7306660 0.7090235 0.4625817 0.5765388 0.5606753 0.6255018 0.7911845 0.6047980 0.6012385 0.6976376 0.5788951 0.6104077 0.7298175 0.8324248 0.4961806 0.5115068 0.4546679 0.5174218 0.8515466 0.8719142 0.9303679 0.9480902 0.9428118 1.0078715 0.9222286 0.8610497 0.8999720 0.8521390 0.8618169 0.8977865 0.8770718 0.8706814 0.8273070 0.8911272 0.9559757 0.9166136 0.8859136 0.9258216 0.8952474 0.9059039 0.9083893 0.8990825 0.8864056 0.8687126 0.8770097 0.8739987 0.9324684 1.1622667 0.9117403 0.8821495 0.9276191 0.9177200 0.8402055 0.8208909 0.8289671 0.7654867 0.7378241 0.8744388 0.7246864 0.6874054 0.6333766 0.5966170 0.7542948 0.5782213 0.5819532 0.6134127 0.6968331 2.1032285 2.1823708 2.1579623 2.8744039 
A1.CY.05.CY051.FJ388903                0.5204227 0.6007932 0.5489571 0.6375539 0.6945763 0.7411071 0.7431880 0.3887885 0.3827211 0.3988303 0.2492593 0.0000000 0.3789218 0.4646334 0.7110439 0.7159082 0.7751597 0.7173918 0.7260893 0.7622800 0.7326774 0.6983651 0.7688462 0.7904497 0.8852287 0.8151900 0.6801735 0.7475884 0.7567371 0.6953310 0.6826240 0.4340795 0.5315339 0.5189623 0.5697416 0.7528852 0.5693847 0.5694034 0.6470614 0.5466480 0.5640123 0.6758986 0.7672773 0.4574912 0.4595789 0.4183454 0.4790820 0.7999120 0.8049491 0.8751112 0.8873906 0.8674897 0.9283377 0.8506520 0.8151273 0.8492979 0.8050323 0.8099536 0.8444168 0.8210585 0.8124766 0.7645424 0.8179946 0.9227378 0.8507569 0.8200659 0.8845327 0.8546864 0.8625921 0.8476940 0.8611514 0.8305570 0.8282650 0.8022317 0.8006781 0.8572251 1.1208484 0.8605386 0.8428097 0.9007423 0.8427680 0.7793044 0.7603708 0.7670302 0.7297626 0.6810936 0.8221870 0.6720248 0.6394488 0.5941932 0.5551632 0.7417430 0.5369032 0.5496110 0.5769242 0.6567036 2.0846318 2.0632309 2.1075528 2.8084165 
A1.UG.11.DEMA110UG001.KF859745         0.5219252 0.5877703 0.5358624 0.6491256 0.7077155 0.7290714 0.7412151 0.4070155 0.4006024 0.4266236 0.4190322 0.3789218 0.0000000 0.4819443 0.7220140 0.6951150 0.7789737 0.7245710 0.7232290 0.7632285 0.7182642 0.6757134 0.7566732 0.7882767 0.8779744 0.8019359 0.6685021 0.7548876 0.7419651 0.7100162 0.6955146 0.4471882 0.5409017 0.5336648 0.5873356 0.7544768 0.5677922 0.5736779 0.6640048 0.5527959 0.5725434 0.6964516 0.7584086 0.4579649 0.4800772 0.4132312 0.4843351 0.8015172 0.7960311 0.8714235 0.8668651 0.8801752 0.9023172 0.8661342 0.8000027 0.8535383 0.7906959 0.8085562 0.8391587 0.8246148 0.8207872 0.7409253 0.8310719 0.8992661 0.8657853 0.8195503 0.8717282 0.8478227 0.8551159 0.8396805 0.8486932 0.8213293 0.8122624 0.8050168 0.7948954 0.8905498 1.1390298 0.8611756 0.8111271 0.8651342 0.8385687 0.7817762 0.7679298 0.7830061 0.7213103 0.6904985 0.8211167 0.6485225 0.6362067 0.5889838 0.5656418 0.7299568 0.5361648 0.5509265 0.5759250 0.6432068 2.0741495 2.0854701 2.1134640 2.8326330 
A1C.UG.99.99UGF25926.AF484491          0.6037497 0.6815348 0.6397064 0.7185106 0.7558408 0.8115213 0.8238141 0.5212406 0.5149916 0.5272332 0.5071293 0.4646334 0.4819443 0.0000000 0.6407428 0.6189369 0.7127767 0.6490194 0.6420229 0.6733030 0.6503526 0.6294704 0.6727172 0.7400134 0.7868829 0.7524987 0.6054161 0.6622355 0.6771907 0.6158247 0.6344710 0.5065622 0.6217507 0.6175052 0.6661601 0.8463809 0.6575571 0.6600653 0.7334511 0.6351820 0.6658809 0.7770469 0.8675843 0.5472069 0.5568809 0.5072245 0.5453492 0.9009110 0.9059227 0.9916294 0.9803827 0.9729645 1.0128017 0.9564929 0.8769895 0.9229651 0.8800172 0.9102617 0.9534177 0.9270158 0.9195289 0.8659498 0.9170704 0.9938484 0.9551557 0.9056471 0.9817490 0.9719090 0.9660709 0.9446362 0.9321005 0.9195486 0.8949231 0.8972107 0.8659262 0.9677679 1.2328708 0.9560115 0.9027287 0.9708388 0.9356315 0.8648152 0.8457858 0.8652373 0.8181556 0.7675648 0.9086789 0.7293882 0.7293717 0.6729382 0.6365203 0.8001467 0.6242714 0.6135102 0.6524175 0.7227203 2.1485127 2.1922386 2.1919170 2.9346714 
A1C.IN.15.SC017.KY713232               0.7997091 0.9008797 0.8634808 0.9371453 0.9998095 1.0673672 1.0651007 0.7648447 0.7424855 0.7507260 0.7488755 0.7110439 0.7220140 0.6407428 0.0000000 0.6214417 0.7104900 0.6537183 0.6633487 0.6903281 0.6748233 0.6310753 0.6831185 0.7317678 0.8228092 0.7724212 0.6145848 0.6717629 0.6698824 0.6226179 0.6279331 0.7421756 0.8295497 0.8452273 0.8960838 1.0635367 0.8832063 0.8915087 0.9688221 0.8709333 0.8901650 0.9956967 1.0811504 0.7865347 0.7876952 0.7338273 0.7829381 1.1442919 1.1499099 1.2100982 1.2326086 1.1788843 1.2385588 1.1774877 1.1424965 1.1616632 1.0928970 1.1475626 1.1770658 1.1784945 1.1273587 1.0822981 1.1617667 1.2356872 1.2144181 1.1544209 1.2017113 1.1767199 1.1953954 1.1784043 1.1689031 1.1989025 1.1172752 1.1446506 1.1101550 1.2081193 1.4451326 1.1557430 1.1466849 1.2008825 1.1875535 1.0922640 1.0623503 1.0783870 1.0510550 1.0143372 1.1701998 0.9782311 0.9287252 0.8895419 0.8726371 1.0344623 0.8561224 0.8556309 0.8727607 0.9411061 2.3557570 2.3754899 2.3690848 3.1766655 
C.IL.99.99ET14.AY255825                0.8117849 0.8528682 0.8525245 0.9651659 0.9931206 1.0335027 1.0346457 0.7636269 0.7238919 0.7459739 0.7520160 0.7159082 0.6951150 0.6189369 0.6214417 0.0000000 0.4246368 0.4121203 0.4249953 0.4440548 0.4295696 0.3879899 0.4396134 0.5226775 0.5669003 0.5113674 0.3866111 0.4352997 0.4380215 0.3884942 0.3924057 0.7451769 0.8466660 0.8514860 0.8955382 1.0572025 0.8810373 0.8831564 0.9814448 0.8639859 0.8831791 1.0155280 1.1129561 0.7928245 0.7987257 0.7249222 0.7691483 1.1333475 1.1732945 1.1849904 1.2158104 1.1998658 1.2373068 1.1669913 1.1330294 1.1815184 1.1113773 1.1429391 1.1766417 1.1484561 1.1330113 1.0692370 1.1657856 1.2202899 1.1603298 1.1381468 1.2298887 1.2009789 1.1874985 1.1344841 1.2094165 1.1874974 1.1188207 1.1469520 1.1235239 1.2422895 1.4622667 1.2022298 1.1334702 1.1728072 1.1443523 1.1203655 1.0815395 1.0947011 1.0226859 1.0103766 1.1435247 1.0088402 0.9004143 0.9069581 0.8492172 0.9930087 0.8300109 0.8527141 0.8635833 0.9276134 2.3348262 2.3135888 2.4502450 3.0757069 
C.SE.09.035ZA.MF373148                 0.9103504 0.9873190 0.9107217 1.0348959 1.0746046 1.1400068 1.1796887 0.8343841 0.7900118 0.8325581 0.8140577 0.7751597 0.7789737 0.7127767 0.7104900 0.4246368 0.0000000 0.4899119 0.4869364 0.5112374 0.4967240 0.4606647 0.5147355 0.5798945 0.6333294 0.5971009 0.4533758 0.5061008 0.5045242 0.4533049 0.4761168 0.8177496 0.9235323 0.9343608 0.9668866 1.1053151 0.9549769 0.9726705 1.0592569 0.9326926 0.9503506 1.0819519 1.1788552 0.8585689 0.8766808 0.7909613 0.8711108 1.2344578 1.2435830 1.2966076 1.2461457 1.3138689 1.3120182 1.2677232 1.2026870 1.2713232 1.2229201 1.2448113 1.2613022 1.2460758 1.2048484 1.1509372 1.2434027 1.3644061 1.2543955 1.2295480 1.2904190 1.2656307 1.2927718 1.2171081 1.2803435 1.2750374 1.1959301 1.2311538 1.1922550 1.2851824 1.5660500 1.2747829 1.2018563 1.2886376 1.2401566 1.2012741 1.1690165 1.2006002 1.1330653 1.1086720 1.2476740 1.0565242 1.0026557 0.9679570 0.9429726 1.1008028 0.9064287 0.9300976 0.9494730 1.0181810 2.4837459 2.4955784 2.5104505 3.2965117 
C.ZA.04.04ZASK135B1.DQ011166           0.8584166 0.8996100 0.8830048 0.9971619 1.0283392 1.0760329 1.0829934 0.7708059 0.7559377 0.7800079 0.7631677 0.7173918 0.7245710 0.6490194 0.6537183 0.4121203 0.4899119 0.0000000 0.3422045 0.3514295 0.3676720 0.3423312 0.4041872 0.4829051 0.5251337 0.4808311 0.3435026 0.4267956 0.4359529 0.3909994 0.4024903 0.7312350 0.8641712 0.8922032 0.9166235 1.0915223 0.8935102 0.9164172 0.9871558 0.9035281 0.8872424 1.0491984 1.1054778 0.7949664 0.7998071 0.7481608 0.8041431 1.1363090 1.1763185 1.2124002 1.2195871 1.1951633 1.2478857 1.1907827 1.1505106 1.2027517 1.1547941 1.1296330 1.1939747 1.1719217 1.1298097 1.0954529 1.1591438 1.2927895 1.1856286 1.1455659 1.2512455 1.1993426 1.2142683 1.1863646 1.2134709 1.1848016 1.1107534 1.1465349 1.1243659 1.2379842 1.4946132 1.2131036 1.1449341 1.2294052 1.1599458 1.0893922 1.1299238 1.0939276 1.0828981 1.0215268 1.1818615 1.0131998 0.9572971 0.9161622 0.9140584 1.0606501 0.8789092 0.8777375 0.9124787 0.9743929 2.4237999 2.3941709 2.4203909 3.2012992 
C.ZA.03.03ZAPS130MB1.DQ275658          0.8448392 0.9081581 0.8819301 0.9694521 1.0027677 1.0427599 1.0634381 0.7772653 0.7660181 0.7920198 0.7569171 0.7260893 0.7232290 0.6420229 0.6633487 0.4249953 0.4869364 0.3422045 0.0000000 0.2958069 0.3789128 0.3380079 0.4094990 0.4643172 0.5292706 0.4850218 0.3448924 0.4410616 0.4420045 0.3874897 0.3934054 0.7552220 0.8704751 0.8632669 0.9122729 1.0669688 0.9039463 0.9002749 0.9935279 0.8600193 0.8817682 1.0199480 1.0903481 0.8117014 0.8070271 0.7352984 0.7755678 1.1198555 1.1484308 1.1925464 1.2022260 1.1745277 1.2160271 1.1714325 1.1131701 1.1653169 1.1098912 1.1322767 1.1699301 1.1280737 1.1256764 1.0664846 1.1522467 1.2455712 1.1864016 1.1443412 1.2339379 1.2371820 1.2230758 1.1742124 1.2083530 1.1761089 1.0936383 1.1232866 1.1062064 1.1983003 1.4782280 1.1942222 1.1369469 1.2287402 1.1759391 1.1001496 1.0858134 1.1137197 1.0496616 1.0059843 1.2037552 0.9911854 0.9352398 0.9078685 0.8884566 1.0335240 0.8604756 0.8911128 0.8896639 0.9523303 2.4121574 2.4263317 2.5049932 3.2052434 
C.ZA.97.97ZA012.AF286227               0.8752055 0.9378278 0.8754915 0.9956604 1.0345740 1.1008663 1.1172401 0.8214096 0.7865589 0.8056173 0.7876514 0.7622800 0.7632285 0.6733030 0.6903281 0.4440548 0.5112374 0.3514295 0.2958069 0.0000000 0.4000491 0.3697101 0.4287614 0.4987122 0.5537795 0.5181397 0.3633354 0.4533002 0.4655916 0.4145252 0.4237791 0.7848222 0.8975714 0.9035608 0.9551839 1.0853641 0.9365538 0.9403998 1.0237230 0.9023586 0.9440631 1.0495619 1.1276695 0.8303847 0.8296366 0.7791897 0.8251633 1.1760473 1.1749728 1.2581988 1.2543702 1.2401071 1.2727209 1.2230921 1.1505352 1.2362764 1.1460510 1.1719925 1.2220714 1.1999889 1.1850938 1.1236119 1.2027088 1.2805483 1.2461765 1.1788129 1.2546076 1.2493828 1.2357810 1.2095995 1.2284274 1.2293672 1.1450556 1.1825195 1.1379689 1.2562647 1.4961467 1.2582202 1.1802116 1.2598757 1.2314141 1.1368578 1.1330836 1.1408588 1.0734495 1.0571947 1.1993692 1.0341035 0.9669726 0.9432787 0.9452772 1.0788667 0.8981097 0.9167297 0.9499221 0.9997664 2.3445023 2.3790361 2.4087723 3.2207572 
C.BW.98.98BWMC14A3.AF443078            0.8380384 0.9139011 0.8737372 0.9537569 0.9956401 1.0526639 1.0681068 0.7797087 0.7735065 0.7915022 0.7694911 0.7326774 0.7182642 0.6503526 0.6748233 0.4295696 0.4967240 0.3676720 0.3789128 0.4000491 0.0000000 0.3486654 0.4067598 0.4767840 0.5295772 0.4813694 0.3511259 0.4433384 0.4344332 0.3833449 0.4034567 0.7545884 0.8784961 0.8783466 0.9142596 1.0653496 0.8968324 0.9104890 1.0024021 0.8862088 0.9069858 1.0209078 1.1161400 0.8232980 0.8089268 0.7631083 0.8028199 1.1681487 1.1682091 1.2166027 1.2012305 1.1978509 1.2833880 1.2017960 1.1387233 1.2117629 1.1433908 1.1351845 1.2042191 1.2010012 1.1464732 1.1143646 1.1684018 1.2351237 1.2105816 1.1409043 1.2438814 1.2303650 1.2566936 1.1766261 1.2306241 1.2169844 1.1512542 1.1508022 1.1448178 1.2242892 1.5208049 1.2366644 1.1446600 1.2337064 1.1848432 1.1242016 1.1147652 1.1023518 1.0817001 1.0226115 1.1834733 1.0245702 0.9650251 0.9248625 0.8929987 1.0656805 0.8564080 0.8746765 0.9022912 0.9772340 2.3871474 2.4433023 2.5165501 3.1790422 
C.ZA.99.99ZALT4.EU293444               0.8287269 0.8740943 0.8268212 0.9573351 0.9985402 1.0430323 1.0544478 0.7446580 0.7267252 0.7516178 0.7234507 0.6983651 0.6757134 0.6294704 0.6310753 0.3879899 0.4606647 0.3423312 0.3380079 0.3697101 0.3486654 0.0000000 0.3138561 0.4405480 0.4983810 0.4626231 0.3086547 0.4057864 0.4054748 0.3600237 0.3716122 0.7392965 0.8266663 0.8467390 0.8809336 1.0322072 0.8488967 0.8776905 0.9667943 0.8456851 0.8656491 1.0015727 1.0751231 0.7673461 0.7757764 0.7138486 0.7729853 1.1224361 1.1254550 1.1964877 1.1855151 1.1635235 1.2528805 1.1530034 1.1063930 1.1699082 1.1062386 1.1300169 1.1578754 1.1366043 1.1130524 1.0678471 1.1323674 1.2576239 1.1769406 1.1412894 1.2229964 1.2267493 1.2257495 1.1634431 1.1798578 1.1740027 1.1063696 1.1206932 1.1213035 1.2046099 1.4666679 1.2019920 1.1198870 1.2096758 1.1674266 1.0799369 1.0897733 1.0920236 1.0468575 0.9841665 1.1444766 0.9728599 0.8990308 0.9031860 0.8713090 1.0223425 0.8394855 0.8577465 0.8732518 0.9366060 2.4565810 2.4678188 2.4476311 3.1668644 
C.ZA.02.02ZAPS015MB1.DQ369995          0.8986137 0.9556266 0.8948262 1.0287397 1.0383199 1.1244077 1.1084540 0.8217204 0.7825683 0.7958093 0.7933144 0.7688462 0.7566732 0.6727172 0.6831185 0.4396134 0.5147355 0.4041872 0.4094990 0.4287614 0.4067598 0.3138561 0.0000000 0.4956988 0.5514309 0.5165595 0.3698140 0.4636833 0.4762718 0.4222193 0.4098191 0.7796655 0.8994723 0.9011362 0.9320195 1.0948181 0.9393237 0.9305217 1.0165012 0.9110925 0.9261997 1.0694421 1.1370315 0.8219816 0.8488432 0.7819404 0.8351299 1.1393991 1.1872051 1.2210731 1.2101024 1.2395965 1.2994267 1.2148104 1.1392283 1.1940250 1.1614798 1.1615690 1.2180458 1.2045389 1.1850081 1.1280156 1.1972097 1.2808195 1.2220397 1.1654589 1.2542945 1.2371376 1.2322564 1.1974793 1.2148822 1.2134573 1.1401905 1.1686830 1.1497929 1.2517943 1.4926494 1.2605576 1.1907117 1.2573918 1.2056372 1.1551813 1.1171303 1.1364677 1.0608020 1.0440246 1.2036850 1.0686376 1.0015256 0.9496907 0.9124795 1.0827124 0.9141199 0.9304828 0.9417097 1.0382285 2.4341444 2.4748884 2.5249739 3.2433087 
C.GB.14.13659_1_48.3.MF109437          0.9165107 0.9915800 0.9185476 1.0492107 1.0852465 1.1539503 1.1240214 0.8450612 0.8388682 0.8433241 0.8264015 0.7904497 0.7882767 0.7400134 0.7317678 0.5226775 0.5798945 0.4829051 0.4643172 0.4987122 0.4767840 0.4405480 0.4956988 0.0000000 0.5689512 0.5204460 0.4293456 0.5136960 0.5316118 0.4632367 0.4891998 0.8244463 0.9493986 0.9569780 0.9872603 1.1816599 0.9810887 0.9978997 1.0819268 0.9583140 0.9951324 1.1106557 1.1940888 0.8799698 0.8716926 0.8334961 0.8674855 1.2119526 1.2307364 1.2647701 1.2898532 1.2646339 1.3664620 1.2376756 1.2105089 1.2727694 1.2050865 1.2147765 1.2453683 1.2401964 1.2121666 1.1659174 1.2382659 1.3565606 1.3011291 1.2113396 1.2872135 1.2817525 1.2847557 1.2408407 1.2952055 1.2385839 1.2131935 1.2205454 1.2196071 1.2927510 1.5334094 1.2764438 1.2095260 1.2849722 1.2284745 1.1386765 1.1573661 1.1789288 1.1105622 1.0998610 1.2576353 1.1079445 1.0246997 0.9955667 0.9642242 1.1327388 0.9214014 0.9506543 0.9846165 1.0562411 2.5018934 2.4970468 2.5740134 3.3436723 
BC.CN.07.07CNYN340.KF835526            0.9847349 1.0389801 1.0232387 1.1097897 1.1454547 1.2073819 1.1778673 0.9200662 0.8903322 0.9139655 0.9126516 0.8852287 0.8779744 0.7868829 0.8228092 0.5669003 0.6333294 0.5251337 0.5292706 0.5537795 0.5295772 0.4983810 0.5514309 0.5689512 0.0000000 0.4178403 0.4925278 0.5840857 0.5904834 0.5320780 0.5349431 0.9198765 1.0208608 1.0321210 1.0850169 1.2534286 1.0481907 1.0820353 1.1548746 1.0324152 1.0588493 1.1703336 1.2202353 0.9400091 0.9569300 0.9208837 0.9438819 1.3120539 1.3220900 1.3446892 1.3621213 1.4055646 1.4015734 1.3501944 1.2929455 1.3734343 1.2620712 1.3167223 1.3136082 1.3043481 1.2918992 1.2648641 1.2914230 1.4031027 1.3036270 1.3055081 1.3614434 1.3283208 1.3589418 1.3594525 1.3354243 1.3011557 1.2801980 1.3098312 1.2989946 1.4007477 1.6065990 1.3676036 1.2921244 1.3570861 1.3038878 1.2513775 1.2270443 1.2669136 1.2005599 1.1923805 1.3263607 1.1629363 1.0799911 1.0634254 1.0217059 1.1599536 0.9828930 1.0165071 1.0371363 1.0841516 2.5395995 2.5509443 2.6754151 3.3359472 
85_BC.CN.14.14CN_SCYB4.KU992932        0.9413931 0.9880832 0.9724427 1.0882687 1.1001942 1.1427876 1.1579263 0.8726063 0.8597451 0.8687200 0.8614833 0.8151900 0.8019359 0.7524987 0.7724212 0.5113674 0.5971009 0.4808311 0.4850218 0.5181397 0.4813694 0.4626231 0.5165595 0.5204460 0.4178403 0.0000000 0.4447156 0.5457116 0.5494313 0.4838396 0.4884763 0.8443253 0.9738359 0.9842947 1.0272879 1.1972958 0.9989943 1.0135412 1.1306342 1.0067783 1.0272673 1.1249079 1.1802133 0.9133212 0.8848049 0.8576437 0.8959465 1.2242733 1.2285897 1.2591513 1.3199659 1.2826754 1.3430722 1.2489852 1.2234076 1.2807473 1.2146855 1.2307139 1.2484774 1.2436434 1.2483697 1.1891406 1.2390738 1.3502060 1.2802578 1.2367770 1.2976134 1.3007168 1.3195808 1.2268688 1.2985301 1.2556542 1.2049735 1.2225493 1.1904913 1.3349774 1.6030889 1.2924045 1.2001486 1.3254844 1.2325886 1.1802279 1.1594393 1.1904430 1.1518936 1.1270301 1.2535931 1.1135435 1.0413896 1.0175980 0.9958238 1.1479119 0.9481189 0.9552703 0.9901754 1.0611092 2.5744592 2.5043344 2.5666357 3.3528416 
C.BW.00.00BW076820.AF443089            0.8046886 0.8597723 0.8068080 0.9310012 0.9870397 1.0237612 1.0277744 0.7330674 0.6995900 0.7116358 0.7110293 0.6801735 0.6685021 0.6054161 0.6145848 0.3866111 0.4533758 0.3435026 0.3448924 0.3633354 0.3511259 0.3086547 0.3698140 0.4293456 0.4925278 0.4447156 0.0000000 0.3916810 0.3964654 0.3440962 0.3420980 0.6926730 0.8206595 0.8330663 0.8809102 1.0248435 0.8459199 0.8595542 0.9490750 0.8477611 0.8712512 0.9793375 1.0462732 0.7620422 0.7427521 0.7120277 0.7445245 1.1101943 1.0972774 1.1518747 1.1836733 1.1472700 1.1770537 1.1552163 1.0828111 1.1536110 1.0959207 1.1096246 1.1212352 1.1073564 1.1045792 1.0546534 1.1132954 1.2102095 1.1487700 1.1136489 1.1945292 1.1647915 1.1588631 1.1190100 1.1479565 1.1639761 1.0761140 1.1048671 1.0863802 1.1771139 1.4277759 1.1725488 1.0923879 1.1575184 1.1069715 1.0641882 1.0350771 1.0682061 1.0216968 0.9705679 1.1131826 0.9453142 0.9054169 0.8609822 0.8487361 1.0199053 0.8325479 0.8338301 0.8496337 0.9239422 2.3363613 2.3311348 2.4009682 3.0605294 
C.ZA.04.04ZASK170B1.DQ093595           0.8685984 0.9249309 0.8748537 0.9838241 1.0583534 1.0860339 1.0912850 0.7994583 0.7852785 0.7919474 0.7790484 0.7475884 0.7548876 0.6622355 0.6717629 0.4352997 0.5061008 0.4267956 0.4410616 0.4533002 0.4433384 0.4057864 0.4636833 0.5136960 0.5840857 0.5457116 0.3916810 0.0000000 0.3669683 0.3175106 0.3611988 0.7822487 0.8972404 0.8938587 0.9401059 1.1194610 0.9172621 0.9324231 1.0333902 0.9108022 0.9204092 1.0334611 1.1376049 0.8305117 0.8063016 0.7561943 0.8039844 1.1532221 1.1710414 1.2337169 1.2472185 1.2236071 1.2824518 1.2182128 1.1865608 1.2232295 1.1763060 1.1762103 1.1954502 1.1994264 1.1821727 1.1280187 1.2089381 1.3147889 1.2001143 1.1958758 1.2597954 1.2244416 1.2297773 1.2089746 1.2030272 1.2026881 1.1526159 1.1639946 1.1360900 1.2648470 1.5134526 1.2603897 1.1776117 1.2408673 1.1764818 1.1446979 1.1194234 1.0894224 1.0971200 1.0603955 1.1739913 1.0256599 0.9596713 0.9152082 0.9125777 1.0720365 0.9005472 0.8761677 0.8927615 0.9810666 2.4421167 2.4875916 2.5951413 3.2407491 
C.TZ.02.CO6721.AY734560                0.8655967 0.9300856 0.9003956 0.9974770 1.0419968 1.0650327 1.1167796 0.7968102 0.7916574 0.7957176 0.7910228 0.7567371 0.7419651 0.6771907 0.6698824 0.4380215 0.5045242 0.4359529 0.4420045 0.4655916 0.4344332 0.4054748 0.4762718 0.5316118 0.5904834 0.5494313 0.3964654 0.3669683 0.0000000 0.2570656 0.3646491 0.7631614 0.8909002 0.8854862 0.9411350 1.0906309 0.9312917 0.9278941 1.0261696 0.8915607 0.9189272 1.0169697 1.1130933 0.8373044 0.8283076 0.7646024 0.8108824 1.1660952 1.1812756 1.2546088 1.2442343 1.2233210 1.2761370 1.2132707 1.1485275 1.2201750 1.1583639 1.1584236 1.1935503 1.2052628 1.1584251 1.1073557 1.1810678 1.2900305 1.2184531 1.1633224 1.2999274 1.2433942 1.2386794 1.1941951 1.2356837 1.2364703 1.1435777 1.1702696 1.1509532 1.2475648 1.4964812 1.2440063 1.1687652 1.2492374 1.1868358 1.1490886 1.1280183 1.1457796 1.1090819 1.0302885 1.1967124 1.0198717 0.9720293 0.9299639 0.9071905 1.0609523 0.8698646 0.8817783 0.9059031 0.9512232 2.4548752 2.4275514 2.4891795 3.2830386 
C.TZ.01.BD39_8.AY253313                0.8196568 0.8670078 0.8295171 0.9486867 0.9682071 1.0139319 1.0466799 0.7456614 0.7310000 0.7478777 0.7306660 0.6953310 0.7100162 0.6158247 0.6226179 0.3884942 0.4533049 0.3909994 0.3874897 0.4145252 0.3833449 0.3600237 0.4222193 0.4632367 0.5320780 0.4838396 0.3440962 0.3175106 0.2570656 0.0000000 0.3189493 0.7357029 0.8463059 0.8579521 0.8821957 1.0414792 0.8659998 0.8789549 0.9606427 0.8586692 0.8618578 0.9915341 1.0829623 0.7653803 0.7728664 0.7014192 0.7557584 1.0834255 1.1059823 1.1704476 1.2000124 1.1580156 1.2372171 1.1381630 1.0744334 1.1462314 1.0818880 1.1072897 1.1520884 1.1314612 1.1164135 1.0479690 1.1271953 1.2441457 1.1350120 1.0976284 1.1876957 1.1609023 1.1956396 1.1077925 1.1521195 1.1595682 1.0652474 1.0924105 1.0817931 1.1836502 1.4573481 1.1662734 1.0922775 1.1650024 1.1254219 1.0625990 1.0484802 1.0821223 1.0293823 0.9966472 1.1215657 0.9642115 0.9107961 0.8758175 0.8581944 0.9990427 0.8100920 0.8225069 0.8553611 0.9185406 2.3424622 2.2901025 2.3971358 3.0831132 
C.ZA.03.03ZAPS067MB2.DQ396389          0.8114251 0.8674365 0.8343133 0.9517137 0.9808906 1.0242412 1.0265638 0.7355778 0.7055063 0.7496561 0.7090235 0.6826240 0.6955146 0.6344710 0.6279331 0.3924057 0.4761168 0.4024903 0.3934054 0.4237791 0.4034567 0.3716122 0.4098191 0.4891998 0.5349431 0.4884763 0.3420980 0.3611988 0.3646491 0.3189493 0.0000000 0.7206058 0.8531797 0.8540678 0.8972451 1.0477416 0.8645458 0.9064266 0.9765775 0.8719844 0.8811518 0.9777798 1.0800206 0.7822790 0.7766785 0.7017106 0.7572488 1.1014494 1.1153612 1.1583237 1.1793486 1.1541537 1.2056404 1.1697257 1.0931363 1.1491140 1.1075179 1.1136449 1.1291249 1.1529021 1.1117477 1.0665550 1.1114536 1.2577757 1.1609483 1.1262958 1.1952704 1.1647008 1.1973850 1.1348030 1.1678713 1.1829034 1.0953256 1.1201140 1.0788254 1.2206628 1.5149167 1.1938487 1.1258686 1.2038488 1.1521812 1.0919566 1.0753032 1.0600840 1.0496923 1.0148874 1.1442266 0.9636237 0.9007534 0.8951746 0.8594399 1.0375905 0.8291082 0.8433507 0.8704177 0.9466909 2.3418062 2.4139142 2.4155940 3.1660314 
A1D.UG.99.99UGJ21953.AF484496          0.5668372 0.6250210 0.6070769 0.6652294 0.7320674 0.7562591 0.7696424 0.4707496 0.4716063 0.4761493 0.4625817 0.4340795 0.4471882 0.5065622 0.7421756 0.7451769 0.8177496 0.7312350 0.7552220 0.7848222 0.7545884 0.7392965 0.7796655 0.8244463 0.9198765 0.8443253 0.6926730 0.7822487 0.7631614 0.7357029 0.7206058 0.0000000 0.5636976 0.5608100 0.6213067 0.7839423 0.6116447 0.6233767 0.6876527 0.5996344 0.6030652 0.7145311 0.7940490 0.4875769 0.5152811 0.4494044 0.5273013 0.8326391 0.8638209 0.9054773 0.9477543 0.9129236 0.9223945 0.8918899 0.8544889 0.9168166 0.8449302 0.8612137 0.9022427 0.8569571 0.8731926 0.8131923 0.8845537 0.9536612 0.9085785 0.8581890 0.9467286 0.9149012 0.9066953 0.9078575 0.9024573 0.8774005 0.8470626 0.8571355 0.8435238 0.9213513 1.1819076 0.9047961 0.8553904 0.9320712 0.9009953 0.8280660 0.8127165 0.8166496 0.7624547 0.7275739 0.8739975 0.6983828 0.6666528 0.6306334 0.6072134 0.7526411 0.5634965 0.5860429 0.6000515 0.6599114 2.1256788 2.1194461 2.1185147 2.9069194 
01_AE.CN.02.YN0236.JX112866            0.6260287 0.6755277 0.6331378 0.7392273 0.7971392 0.8373010 0.8560974 0.5689557 0.5628120 0.5613741 0.5765388 0.5315339 0.5409017 0.6217507 0.8295497 0.8466660 0.9235323 0.8641712 0.8704751 0.8975714 0.8784961 0.8266663 0.8994723 0.9493986 1.0208608 0.9738359 0.8206595 0.8972404 0.8909002 0.8463059 0.8531797 0.5636976 0.0000000 0.1522575 0.2098266 0.3734431 0.2038533 0.2135246 0.3066490 0.2224642 0.2413291 0.4808687 0.5517082 0.4246567 0.5314209 0.4988672 0.5679125 0.9052472 0.9264842 0.9605950 1.0113345 1.0010488 1.0205939 0.9736775 0.9158171 0.9500491 0.9067495 0.9312395 0.9617745 0.9189370 0.9268859 0.8601904 0.9568551 1.0012949 0.9878706 0.9093829 0.9786350 0.9558195 0.9672780 0.9646685 0.9627570 0.9258929 0.8920070 0.8993583 0.8841043 0.9748922 1.2278578 0.9788732 0.9213040 0.9887526 0.9416546 0.8697887 0.8569484 0.8767196 0.8153099 0.7857534 0.9418413 0.7636616 0.7465266 0.6936080 0.6538982 0.8357274 0.6245808 0.6489505 0.6750212 0.7173371 2.2332724 2.1914513 2.2293791 2.9412334 
01_AE.TH.99.99TH_C4460.AY945726        0.6137443 0.6771538 0.6457376 0.7339970 0.7943599 0.8536874 0.8477147 0.5587680 0.5433179 0.5485323 0.5606753 0.5189623 0.5336648 0.6175052 0.8452273 0.8514860 0.9343608 0.8922032 0.8632669 0.9035608 0.8783466 0.8467390 0.9011362 0.9569780 1.0321210 0.9842947 0.8330663 0.8938587 0.8854862 0.8579521 0.8540678 0.5608100 0.1522575 0.0000000 0.2096284 0.3658081 0.2029870 0.2169859 0.3033873 0.2173315 0.2375904 0.4856582 0.5472712 0.4230092 0.5253589 0.4851127 0.5577179 0.8966288 0.9233524 0.9699299 1.0140117 0.9958001 0.9940227 0.9629771 0.9244726 0.9438970 0.9139064 0.9397319 0.9419892 0.9144792 0.9326584 0.8747081 0.9434920 0.9997903 0.9754022 0.9133751 0.9895524 0.9782456 0.9818117 0.9562398 0.9624073 0.9314059 0.8966184 0.9080345 0.8891602 0.9802273 1.2293133 0.9716727 0.9138791 0.9894985 0.9379433 0.8673989 0.8568857 0.8828909 0.8201154 0.7889242 0.9135111 0.7614235 0.7299681 0.6801926 0.6530605 0.8474955 0.6261323 0.6275012 0.6606518 0.7266077 2.2282805 2.2410358 2.2593780 2.9677274 
01_AE.CN.07.GX070143.JX112835          0.6611527 0.7226784 0.6979899 0.7677531 0.8262266 0.8948446 0.9032223 0.6156790 0.5984124 0.6258701 0.6255018 0.5697416 0.5873356 0.6661601 0.8960838 0.8955382 0.9668866 0.9166235 0.9122729 0.9551839 0.9142596 0.8809336 0.9320195 0.9872603 1.0850169 1.0272879 0.8809102 0.9401059 0.9411350 0.8821957 0.8972451 0.6213067 0.2098266 0.2096284 0.0000000 0.4140147 0.2511353 0.2655884 0.3504783 0.2774739 0.3015536 0.5356919 0.6018443 0.4716700 0.5779480 0.5513386 0.6144375 0.9556930 0.9703406 1.0094038 1.0677833 1.0310673 1.0799608 1.0322638 0.9695908 1.0024622 0.9697259 0.9723676 1.0139009 0.9827016 0.9652639 0.9119183 1.0027996 1.0532821 1.0395773 0.9932518 1.0347149 1.0077158 1.0207302 1.0089967 0.9964296 0.9741336 0.9437528 0.9609576 0.9413497 1.0266092 1.2750505 1.0245756 0.9845539 1.0453628 0.9913680 0.9224090 0.9211693 0.9184823 0.8520576 0.8321742 0.9783183 0.8037170 0.7680543 0.7315893 0.7004601 0.8764043 0.6681639 0.6699975 0.7185386 0.7691953 2.2530924 2.2067980 2.3061574 3.0867901 
69_01B.JP.05.05JPMYC113SP420.LC027100  0.8472793 0.9082202 0.8463931 0.9488652 0.9982843 1.0476974 1.0572777 0.7896094 0.7914702 0.7906643 0.7911845 0.7528852 0.7544768 0.8463809 1.0635367 1.0572025 1.1053151 1.0915223 1.0669688 1.0853641 1.0653496 1.0322072 1.0948181 1.1816599 1.2534286 1.1972958 1.0248435 1.1194610 1.0906309 1.0414792 1.0477416 0.7839423 0.3734431 0.3658081 0.4140147 0.0000000 0.4147685 0.4228571 0.5281333 0.4247384 0.4512547 0.7110197 0.7661532 0.6372832 0.7512476 0.7073654 0.7889137 1.1287590 1.1679759 1.1958294 1.2168892 1.2344149 1.2656629 1.1785779 1.1601409 1.1773311 1.1215642 1.1849300 1.2131213 1.1287711 1.1472520 1.0892817 1.1607459 1.2268617 1.1622049 1.1402898 1.1866807 1.1808260 1.1809629 1.1755627 1.1684042 1.1444018 1.1609284 1.1554496 1.0904847 1.2191993 1.4505979 1.2109457 1.1365603 1.2010312 1.1658260 1.1112865 1.1076239 1.0809398 1.0162214 1.0012791 1.1465457 0.9571346 0.9317064 0.8758220 0.8758663 1.0337909 0.8457050 0.8489152 0.8778821 0.9500670 2.4302691 2.4466260 2.4730610 3.2326255 
01_AE.TH.07.AA030a04.JX447057          0.6723771 0.7170134 0.6861716 0.7813035 0.8284058 0.8736329 0.8846313 0.6062404 0.6009428 0.5936404 0.6047980 0.5693847 0.5677922 0.6575571 0.8832063 0.8810373 0.9549769 0.8935102 0.9039463 0.9365538 0.8968324 0.8488967 0.9393237 0.9810887 1.0481907 0.9989943 0.8459199 0.9172621 0.9312917 0.8659998 0.8645458 0.6116447 0.2038533 0.2029870 0.2511353 0.4147685 0.0000000 0.2413672 0.3457893 0.2516356 0.2752242 0.5121945 0.5820465 0.4456833 0.5541620 0.5281642 0.6087607 0.9480038 0.9764347 1.0123000 1.0481944 1.0404384 1.0668372 0.9980370 0.9460885 0.9867528 0.9563040 0.9720266 0.9781239 0.9819853 0.9456830 0.8980322 0.9969532 1.0430227 1.0216542 0.9857939 1.0487441 1.0208455 1.0193815 1.0004919 1.0133530 0.9664578 0.9511801 0.9550519 0.9352673 1.0220429 1.2813956 1.0276100 0.9653603 1.0450642 0.9775266 0.9052851 0.9109120 0.9153777 0.8524842 0.8144739 0.9605563 0.7925042 0.7513306 0.7220580 0.6958581 0.8692379 0.6707047 0.6749151 0.7181240 0.7702316 2.2769360 2.2178681 2.3192719 2.9734557 
01_AE.CN.07.07CNYN326.KF835513         0.6791483 0.7252491 0.6863734 0.7695691 0.8265472 0.8854859 0.9014981 0.6034020 0.6000935 0.6221779 0.6012385 0.5694034 0.5736779 0.6600653 0.8915087 0.8831564 0.9726705 0.9164172 0.9002749 0.9403998 0.9104890 0.8776905 0.9305217 0.9978997 1.0820353 1.0135412 0.8595542 0.9324231 0.9278941 0.8789549 0.9064266 0.6233767 0.2135246 0.2169859 0.2655884 0.4228571 0.2413672 0.0000000 0.3449853 0.2565919 0.2859451 0.5381013 0.6100408 0.4658323 0.5634573 0.5357317 0.6133752 0.9701117 0.9789996 1.0264014 1.0426218 1.0439812 1.0638607 1.0169635 0.9675616 1.0073031 0.9673573 0.9950872 1.0155001 0.9706231 0.9840073 0.9178907 0.9723930 1.0725782 1.0052745 0.9805194 1.0525521 1.0205583 1.0278706 1.0030204 1.0096140 0.9725468 0.9493503 0.9711153 0.9518539 1.0305823 1.2687743 1.0212742 0.9572775 1.0548420 0.9877770 0.9223280 0.9367647 0.9128064 0.8579532 0.8341629 0.9704785 0.8100690 0.7781492 0.7322155 0.7043159 0.8731724 0.6719369 0.6807819 0.7147298 0.7689428 2.2736176 2.2700704 2.2894264 3.1315546 
