100
02A1.GH.97.97GH_AG2.AB052867           0.0000000 0.3395689 0.3413594 0.3631336 0.3607177 0.4336264 0.3888453 0.4137136 0.4466833 0.5558412 0.5378358 0.5397909 0.5140029 0.5141017 0.5581486 0.4759644 0.5425761 0.5417812 0.5590168 0.6171212 0.6059780 0.6606561 0.6508296 0.6677617 0.6275292 0.6489272 0.7559685 0.8288148 0.4549462 0.5964170 0.4950503 0.5219362 0.5832696 0.6146011 0.6410227 0.7677376 0.8219099 0.5395180 0.7601724 0.7710594 0.7495582 0.7778238 0.7226922 0.7778448 0.7836753 0.7876746 0.7774289 0.7951917 0.7232271 0.7570991 0.7413638 0.7963431 0.7598667 0.8028278 0.8104347 0.7996518 0.8310832 0.7562831 0.8154606 0.7181775 0.7877297 0.8125029 0.8344713 0.8199970 0.8272213 0.8095322 0.7880603 0.8072070 0.8279673 0.8087468 0.7922125 0.8765344 0.8639005 0.7165033 0.6864832 0.6279660 0.6232055 0.7857448 0.7949377 0.8434280 0.8327372 0.8602228 0.8137359 0.7903228 0.8830491 0.8527135 0.8515651 0.8041228 0.7983191 0.8218273 0.8898128 0.8985842 0.9656384 0.9214065 1.0540285 0.7688149 1.8016061 1.7989027 1.9125496 2.4894480 
02_AG.CM.02.02CM_3217MN.GU201514       0.3395689 0.0000000 0.2598806 0.2815133 0.4084132 0.3595600 0.4033214 0.4297452 0.4606976 0.5725327 0.5534651 0.5718536 0.5313763 0.5309239 0.5634864 0.5198667 0.5485260 0.5649128 0.5559372 0.6184110 0.6190786 0.6615395 0.6588081 0.6620357 0.6470524 0.6462054 0.7507120 0.8309183 0.4857789 0.6181841 0.5229742 0.5407701 0.5993973 0.6404206 0.6422170 0.7775371 0.8617038 0.5392631 0.7822865 0.7999228 0.7756705 0.7857051 0.7365634 0.8145056 0.8076278 0.8368185 0.7921713 0.7949068 0.7533977 0.7878476 0.7576057 0.8310683 0.8025758 0.8133652 0.8516934 0.8521631 0.8444745 0.7673515 0.8328084 0.7395904 0.7949415 0.8323892 0.8606031 0.8253161 0.8454246 0.8258924 0.8246139 0.8420373 0.8385614 0.8291111 0.8384020 0.8778909 0.8618755 0.7447115 0.7088741 0.6695247 0.6423677 0.8394287 0.8163145 0.8655525 0.8478240 0.8833453 0.8255764 0.8200772 0.8985748 0.8855394 0.8576570 0.7974815 0.8161160 0.8408681 0.8871786 0.9069660 0.9668903 0.9297367 1.0904016 0.7918252 1.8144658 1.8322544 1.8889421 2.4993611 
02_AG.GW.04.CC_0030.FJ694791           0.3413594 0.2598806 0.0000000 0.2887097 0.4089301 0.3599991 0.4093102 0.4379315 0.4769990 0.5738453 0.5612907 0.5741902 0.5429503 0.5432197 0.5743298 0.5244322 0.5569699 0.5737514 0.5764602 0.6397581 0.6188515 0.6630905 0.6586091 0.6693562 0.6555149 0.6650118 0.7504133 0.8310366 0.4855114 0.6055266 0.5187556 0.5574107 0.6039991 0.6300810 0.6334651 0.7957088 0.8760958 0.5595079 0.8084458 0.8090388 0.7940330 0.8083333 0.7670637 0.8379486 0.8387368 0.8357207 0.8174704 0.8161549 0.7707008 0.7975719 0.7638880 0.8425910 0.7910646 0.8358898 0.8452614 0.8496911 0.8504303 0.7896060 0.8426042 0.7470217 0.8203616 0.8445584 0.8729504 0.8430221 0.8541009 0.8296749 0.8318207 0.8495854 0.8634863 0.8427653 0.8530176 0.9057961 0.8879695 0.7486462 0.7171236 0.6870710 0.6472576 0.8370917 0.8347917 0.8625232 0.8756165 0.9009586 0.8406192 0.8177884 0.9118808 0.8594655 0.8670777 0.8079320 0.8296397 0.8561040 0.9076256 0.9319504 0.9930520 0.9330624 1.0954743 0.8163847 1.7462907 1.7884487 1.8442354 2.5495614 
02_AG.GW.14.DE00214GW009.MH078544      0.3631336 0.2815133 0.2887097 0.0000000 0.4336532 0.3803965 0.4294641 0.4420293 0.4971118 0.6020078 0.5962426 0.6064553 0.5712486 0.5679117 0.5825171 0.5361059 0.5930132 0.5919603 0.5911597 0.6659003 0.6520252 0.7061976 0.7066930 0.7020933 0.6800810 0.6881701 0.8030838 0.8597337 0.5136553 0.6434693 0.5358192 0.5776668 0.6337460 0.6598620 0.6722412 0.8130500 0.9100731 0.5689447 0.8171519 0.8202325 0.8137533 0.8275127 0.7769338 0.8459476 0.8474656 0.8459218 0.8242968 0.8320646 0.7863171 0.8093460 0.7827330 0.8280733 0.8134554 0.8518508 0.8725216 0.8803572 0.8777823 0.8122861 0.8669106 0.7533766 0.8392157 0.8625187 0.8772756 0.8678523 0.8650309 0.8550794 0.8483104 0.8706017 0.8538839 0.8612346 0.8860384 0.9079048 0.9045307 0.7759666 0.7091658 0.6773285 0.6695382 0.8549259 0.8473723 0.8975001 0.8747679 0.9332926 0.8582333 0.8354646 0.9242113 0.8762100 0.8902752 0.8394068 0.8569124 0.8850367 0.9292968 0.9680068 1.0175816 0.9692089 1.0979745 0.8312189 1.8110605 1.8235820 1.8437123 2.4970512 
02A.CI.16.DEURF16CI011.MH078538        0.3607177 0.4084132 0.4089301 0.4336532 0.0000000 0.4869657 0.4509549 0.4782011 0.5286603 0.6333170 0.6135233 0.6177410 0.5916142 0.5777663 0.6224823 0.5624301 0.6076873 0.6215779 0.6137086 0.6644541 0.6667811 0.7031983 0.7093872 0.7105053 0.6853297 0.7002769 0.7913401 0.8852561 0.5188906 0.6725803 0.5730878 0.5769660 0.6441879 0.6683548 0.6945577 0.8247905 0.9161793 0.6056232 0.8285717 0.8328044 0.8386760 0.8466653 0.8015397 0.8604736 0.8701045 0.8587302 0.8391392 0.8550314 0.8015043 0.8424833 0.8239235 0.8428796 0.8259094 0.8909643 0.9020211 0.8980789 0.8818395 0.8494194 0.9072725 0.7733609 0.8616832 0.8915379 0.9081250 0.8881049 0.8978656 0.8712666 0.8577444 0.9032632 0.9069665 0.8996132 0.8761441 0.9390211 0.9461730 0.8061623 0.7610083 0.7178702 0.6960094 0.8828373 0.8372597 0.8815310 0.8940093 0.9193909 0.8587687 0.8443054 0.9366291 0.9071345 0.9122395 0.8505415 0.8536168 0.8939400 0.9648106 0.9733793 1.0164114 0.9676839 1.1245160 0.8489203 1.8857166 1.9471569 1.9383308 2.6016783 
02D.GH.03.GHNJ193.AB231897             0.4336264 0.3595600 0.3599991 0.3803965 0.4869657 0.0000000 0.4964912 0.5078597 0.5637686 0.6531891 0.6546352 0.6863646 0.6487376 0.6338980 0.6640949 0.6048283 0.6275284 0.6563942 0.6492093 0.7065780 0.7156979 0.7567064 0.7557810 0.7543506 0.7285982 0.7459052 0.8552481 0.9299832 0.5731021 0.7123028 0.6107007 0.6460802 0.6960244 0.7350667 0.7337294 0.8901956 0.9605617 0.6230762 0.8857594 0.8817356 0.8751553 0.8823625 0.8327782 0.9264738 0.9035716 0.8923544 0.8865113 0.8762324 0.8250394 0.8861092 0.8529066 0.8965414 0.8841391 0.9197360 0.9350252 0.9590063 0.9270009 0.8473510 0.9174461 0.8222049 0.8958521 0.9239030 0.9556108 0.9398689 0.9407595 0.9245387 0.9095703 0.9090737 0.9404070 0.9220702 0.9170193 0.9672044 0.9747268 0.8369007 0.7728245 0.7272458 0.7190125 0.9191697 0.9081242 0.9562684 0.9359149 0.9817931 0.9174451 0.9063715 1.0169355 0.9610365 0.9337521 0.9001945 0.9282770 0.9569371 0.9948375 1.0330879 1.0613199 1.0378877 1.1517385 0.8725134 1.9341136 1.9644004 2.0324407 2.6828424 
0206.SN.12.LA56Senegl.KU168299         0.3888453 0.4033214 0.4093102 0.4294641 0.4509549 0.4964912 0.0000000 0.3885634 0.4855498 0.5923434 0.5787088 0.5884174 0.5474515 0.5562546 0.5848261 0.5311153 0.5982038 0.5923654 0.5964998 0.6440776 0.6436860 0.6834103 0.6883009 0.6906619 0.6698225 0.6787134 0.7762340 0.8569244 0.4953942 0.6273980 0.5409863 0.5627046 0.6189998 0.6428895 0.6546880 0.8314110 0.9052958 0.5902162 0.7884645 0.8070112 0.7890808 0.7928167 0.7391416 0.8196532 0.8078694 0.8104113 0.8076668 0.8153727 0.7680115 0.8198866 0.7950644 0.8299450 0.8087377 0.8277129 0.8903955 0.8582579 0.8522738 0.8048302 0.8665666 0.7565372 0.8259473 0.8304874 0.8616311 0.8433061 0.8563958 0.8244914 0.8222573 0.8619613 0.8628321 0.8674117 0.8563783 0.9040451 0.8924665 0.7700769 0.7377242 0.6932094 0.6517439 0.8525594 0.8298437 0.8951511 0.8714613 0.9253375 0.8536024 0.8316941 0.8924424 0.8936543 0.8903539 0.8403803 0.8427298 0.8737722 0.9184179 0.9443011 1.0000567 0.9739219 1.0906119 0.8274386 1.8513955 1.8618848 1.9495374 2.6045169 
U.ES.10.DEURF10DZ001.JX140679          0.4137136 0.4297452 0.4379315 0.4420293 0.4782011 0.5078597 0.3885634 0.0000000 0.5113935 0.6330261 0.6111549 0.6247836 0.5863514 0.5800109 0.6132616 0.5610150 0.6112225 0.6029170 0.6220548 0.6839328 0.6715744 0.7092081 0.7182175 0.7196489 0.7049045 0.7139099 0.8153824 0.8577183 0.5146040 0.6636919 0.5587197 0.5857103 0.6440042 0.6686590 0.6878974 0.8379536 0.8978580 0.6155877 0.8122303 0.8342074 0.7952201 0.8163512 0.7842571 0.8478600 0.8251322 0.8571324 0.8156474 0.8388846 0.7849363 0.8331105 0.8150776 0.8477115 0.8176487 0.8648308 0.8708711 0.8864162 0.8744753 0.8036179 0.8689903 0.7584724 0.8398451 0.8932766 0.9104192 0.8756815 0.8808360 0.8796322 0.8400652 0.8646839 0.8622248 0.8749169 0.8647544 0.9243811 0.9317839 0.7852100 0.7560338 0.6963983 0.6827738 0.8718172 0.8906434 0.9022772 0.8958063 0.9312330 0.8878422 0.8496899 0.9328404 0.9022616 0.9136322 0.8617593 0.8804512 0.9106594 0.9483146 0.9771914 1.0425664 0.9967324 1.1240072 0.8183123 1.8762736 1.8752715 1.9661999 2.6941304 
AGU.CM.06.770_8.MH705142               0.4466833 0.4606976 0.4769990 0.4971118 0.5286603 0.5637686 0.4855498 0.5113935 0.0000000 0.6035427 0.5841699 0.5845868 0.5427836 0.5298026 0.5975212 0.5267244 0.5697006 0.5677020 0.5996780 0.6249082 0.6380192 0.6746404 0.6875805 0.6749921 0.6627865 0.6633657 0.7652566 0.8284686 0.4864193 0.6312968 0.5618884 0.5297259 0.5841689 0.6113616 0.6218947 0.8064335 0.8766682 0.6538600 0.8116856 0.8010314 0.7905508 0.8027221 0.7575239 0.8211657 0.8212819 0.8352218 0.8161147 0.8188649 0.7597617 0.7861452 0.7682740 0.8456597 0.8019363 0.8287982 0.8556254 0.8805397 0.8650178 0.7815807 0.8447660 0.7541922 0.7990718 0.8366701 0.8528449 0.8360502 0.8518028 0.8507065 0.8123389 0.8665486 0.8809295 0.8388296 0.8529855 0.9084834 0.8830660 0.7642686 0.7124043 0.6676884 0.6525327 0.8461875 0.8360947 0.8658357 0.8681049 0.8615121 0.8129454 0.7943483 0.8798226 0.8601278 0.8842320 0.8141483 0.8203241 0.8576890 0.8938288 0.9033541 1.0049756 0.9523575 1.0739901 0.8155080 1.9982722 1.9771250 2.0513108 2.6987584 
A1.KE.06.06KECst_028.FJ623479          0.5558412 0.5725327 0.5738453 0.6020078 0.6333170 0.6531891 0.5923434 0.6330261 0.6035427 0.0000000 0.3380649 0.4295358 0.3847052 0.4023982 0.4198198 0.4682415 0.4866954 0.4990081 0.4649765 0.5609641 0.5510384 0.5971539 0.6062073 0.5951554 0.5784233 0.5876871 0.6842679 0.7742029 0.5122350 0.5152447 0.6746306 0.6805905 0.7326376 0.7778040 0.7622944 0.7242235 0.7994394 0.7489385 0.8408498 0.8256758 0.8280680 0.8471035 0.8003321 0.8678084 0.8574938 0.8795576 0.8368181 0.8539556 0.8103655 0.8415751 0.8329003 0.8811404 0.8614369 0.8781705 0.8931235 0.8884867 0.9026672 0.8593378 0.8935886 0.7863602 0.8569764 0.9168659 0.9277783 0.8878727 0.8977617 0.8868255 0.8601168 0.9058110 0.9164160 0.8883513 0.9154940 0.9245425 0.9437806 0.8203648 0.7465517 0.7125859 0.6948641 0.7498689 0.7496890 0.7570259 0.7639804 0.8077265 0.7310114 0.7214505 0.8086165 0.7878052 0.7818401 0.7335318 0.7227667 0.7653773 0.8170403 0.8276298 0.9049350 0.8581826 1.1428562 0.8524347 2.1128474 2.1335760 2.1570511 2.8221143 
A1.KE.06.06KECst_013.FJ623485          0.5378358 0.5534651 0.5612907 0.5962426 0.6135233 0.6546352 0.5787088 0.6111549 0.5841699 0.3380649 0.0000000 0.4226570 0.3786052 0.3961107 0.4229347 0.4390891 0.4785609 0.4811500 0.4656804 0.5553363 0.5364828 0.5915103 0.5892838 0.5902358 0.5765576 0.5754128 0.6750006 0.7754151 0.4874957 0.5081424 0.6753088 0.6690287 0.7066334 0.7676723 0.7679473 0.7277189 0.8014101 0.7301709 0.8312102 0.8314861 0.8239230 0.8172136 0.7795282 0.8447462 0.8237648 0.8526518 0.8255524 0.8419014 0.7940705 0.8169886 0.8035326 0.8482821 0.8107926 0.8507104 0.8980234 0.8717445 0.8834371 0.8418174 0.8496820 0.7830638 0.8555853 0.8400357 0.9015649 0.8853325 0.8896260 0.8928217 0.8638600 0.8677557 0.9077601 0.8820744 0.8705902 0.9136601 0.9393351 0.7846796 0.7409345 0.7404702 0.6833386 0.7295598 0.7134399 0.7438491 0.7547149 0.7749634 0.7158506 0.6904889 0.7727630 0.7730819 0.7774558 0.7194182 0.6942444 0.7611359 0.7767711 0.8228579 0.8768609 0.8470165 1.1476852 0.8647164 2.0186647 2.0550646 2.0418570 2.7081378 
A1.CY.07.CY208.JF683760                0.5397909 0.5718536 0.5741902 0.6064553 0.6177410 0.6863646 0.5884174 0.6247836 0.5845868 0.4295358 0.4226570 0.0000000 0.2474938 0.4141138 0.4258466 0.4481691 0.4897689 0.5050779 0.4573311 0.5688138 0.5531222 0.5953415 0.6157546 0.5921173 0.5706533 0.6010689 0.6866981 0.7742580 0.5105505 0.5019528 0.6779299 0.6638114 0.7027885 0.7549346 0.7829799 0.7188136 0.8198317 0.7417054 0.8369286 0.8461939 0.8419017 0.8543979 0.8126912 0.8749934 0.8458336 0.8790824 0.8542680 0.8611690 0.8234370 0.8597841 0.8588628 0.8851748 0.8684186 0.8995814 0.9148422 0.9092298 0.9258821 0.8525952 0.9028160 0.8064551 0.8680128 0.8915332 0.9074440 0.8777677 0.8885075 0.8834135 0.8684516 0.8971719 0.9329679 0.8974669 0.9098535 0.9868061 0.9399215 0.8137555 0.7532260 0.7240204 0.7155724 0.7358708 0.7398234 0.7492874 0.7446502 0.7756716 0.7117962 0.7008226 0.7815021 0.7679326 0.7769864 0.7200547 0.6977537 0.7558910 0.8000803 0.8104661 0.8969391 0.8455760 1.1393814 0.8613061 2.0260502 2.0968964 2.0716799 2.7786800 
A1.CY.05.CY051.FJ388903                0.5140029 0.5313763 0.5429503 0.5712486 0.5916142 0.6487376 0.5474515 0.5863514 0.5427836 0.3847052 0.3786052 0.2474938 0.0000000 0.3748064 0.3945352 0.4128437 0.4511828 0.4541012 0.4288047 0.5249423 0.5126171 0.5606056 0.5615840 0.5613424 0.5397246 0.5562377 0.6372813 0.7388368 0.4725455 0.4597518 0.6307591 0.6286496 0.6852622 0.7289778 0.7315427 0.6672517 0.7568497 0.7292087 0.7871102 0.8008805 0.7955273 0.7967525 0.7524200 0.8039428 0.7955740 0.8273808 0.7900926 0.8057142 0.7642816 0.7868924 0.7868894 0.8343948 0.8304731 0.8276014 0.8433492 0.8558316 0.8528464 0.8122375 0.8326965 0.7492505 0.8069339 0.8313030 0.8669317 0.8394237 0.8479754 0.8461560 0.8149702 0.8461420 0.8707985 0.8344100 0.8831608 0.9097182 0.9073022 0.7548352 0.7189684 0.6696795 0.6624319 0.6995878 0.7045474 0.7053366 0.7150159 0.7523950 0.6877898 0.6706024 0.7575916 0.7372029 0.7441671 0.6860945 0.6726119 0.7206895 0.7611164 0.7758314 0.8702624 0.8018309 1.1004291 0.8107713 2.0044236 1.9926012 2.0274617 2.7056477 
A1.UG.11.DEMA110UG001.KF859745         0.5141017 0.5309239 0.5432197 0.5679117 0.5777663 0.6338980 0.5562546 0.5800109 0.5298026 0.4023982 0.3961107 0.4141138 0.3748064 0.0000000 0.4220319 0.4082368 0.4507674 0.4735233 0.4415055 0.5337898 0.5267165 0.5583384 0.5777355 0.5648232 0.5449639 0.5634654 0.6535343 0.7395001 0.4778259 0.4768081 0.6268815 0.6386002 0.6965918 0.7158245 0.7285857 0.6872681 0.7482953 0.7150632 0.7887576 0.7851607 0.7792078 0.8054438 0.7291530 0.8164527 0.7937186 0.8220254 0.7814909 0.8081872 0.7673361 0.7892597 0.7819229 0.8384218 0.7991656 0.8245759 0.8752110 0.8534622 0.8645484 0.7969464 0.8496840 0.7564109 0.8044389 0.8246666 0.8551285 0.8327625 0.8383211 0.8351660 0.8062827 0.8461313 0.8501484 0.8504140 0.8504074 0.8860403 0.8829507 0.7702554 0.7102803 0.6788996 0.6399915 0.7091702 0.6849116 0.7137917 0.7135790 0.7533287 0.6666599 0.6600505 0.7467610 0.7450677 0.7313537 0.6998327 0.6847316 0.7072656 0.7657954 0.7743519 0.8645693 0.7904952 1.1149088 0.8099352 2.0076149 2.0271200 2.0453981 2.7386280 
35_AD.AF.06.007H.GQ477450              0.5581486 0.5634864 0.5743298 0.5825171 0.6224823 0.6640949 0.5848261 0.6132616 0.5975212 0.4198198 0.4229347 0.4258466 0.3945352 0.4220319 0.0000000 0.4578706 0.4872952 0.4872035 0.4705028 0.5531303 0.5411100 0.5837043 0.6151404 0.6121276 0.5790454 0.6072666 0.6840885 0.7743333 0.5186085 0.5205786 0.6803930 0.6690758 0.7140664 0.7576209 0.7532962 0.7133441 0.7760201 0.7574368 0.8310079 0.8479400 0.8406180 0.8401546 0.7820042 0.8641504 0.8432636 0.8621178 0.8404599 0.8597690 0.8113517 0.8292118 0.8128154 0.8641565 0.8393584 0.8467283 0.8881548 0.8906545 0.8888862 0.8404205 0.8820540 0.7999404 0.8756853 0.8743595 0.9153761 0.8846190 0.8756478 0.8926376 0.8480159 0.8845111 0.9060000 0.8927962 0.9060087 0.9366157 0.9201681 0.8023737 0.7509247 0.7227475 0.6838947 0.7373772 0.7331207 0.7677991 0.7797285 0.7925759 0.7389930 0.7012840 0.7831207 0.7781820 0.7815564 0.7369282 0.7373356 0.7755434 0.8167201 0.8285908 0.9000862 0.8524662 1.1585574 0.8581152 2.1085329 2.1313617 2.1114544 2.7874056 
A1.CY.06.CY154.FJ388943                0.4759644 0.5198667 0.5244322 0.5361059 0.5624301 0.6048283 0.5311153 0.5610150 0.5267244 0.4682415 0.4390891 0.4481691 0.4128437 0.4082368 0.4578706 0.0000000 0.4199173 0.4293068 0.4431842 0.4931119 0.4795053 0.5207168 0.5435350 0.5282275 0.5091372 0.5398335 0.6168729 0.6954520 0.4496433 0.5009551 0.6124478 0.6044170 0.6510504 0.6892353 0.7172147 0.6608622 0.7228135 0.6761781 0.7650038 0.7867821 0.7738425 0.7757845 0.7341857 0.8115354 0.7881272 0.8224014 0.8045512 0.8099509 0.7399247 0.7967404 0.7738454 0.8406221 0.7999312 0.8281497 0.8587096 0.8422866 0.8374466 0.7869625 0.8257004 0.7395211 0.7773132 0.8134467 0.8516563 0.8271824 0.8256088 0.8285030 0.7913202 0.8382522 0.8593658 0.8344970 0.8517715 0.8780223 0.8962481 0.7440264 0.6973640 0.6562178 0.6476765 0.7195997 0.7108405 0.7338521 0.7228318 0.7657218 0.7013089 0.6994876 0.7688315 0.7439713 0.7502567 0.6894893 0.6898525 0.7496250 0.7731224 0.8173703 0.9050760 0.8418022 1.0849522 0.7658667 2.0316472 2.0039001 2.0847263 2.7405693 
22_01A1.CM.02.02CM_1867LE.AY371165     0.5425761 0.5485260 0.5569699 0.5930132 0.6076873 0.6275284 0.5982038 0.6112225 0.5697006 0.4866954 0.4785609 0.4897689 0.4511828 0.4507674 0.4872952 0.4199173 0.0000000 0.4612356 0.4807892 0.4199428 0.4183641 0.4397894 0.4656219 0.4595499 0.4389493 0.4545559 0.5305310 0.6274058 0.5004381 0.5403133 0.6544271 0.6615748 0.7207076 0.7339703 0.7521968 0.5814445 0.6406876 0.7460233 0.8181426 0.8136740 0.8059946 0.8111751 0.7877854 0.8409798 0.8132325 0.8585874 0.8378033 0.8510499 0.7767998 0.8101552 0.8145570 0.8523733 0.8305432 0.8694515 0.8892826 0.8471248 0.8761999 0.8180095 0.8752939 0.7783960 0.8339325 0.8641574 0.8905847 0.8616112 0.8658267 0.8725847 0.8521310 0.8850466 0.9056205 0.8635044 0.8915794 0.9307364 0.9385079 0.7791030 0.7437239 0.6949412 0.6671750 0.7710055 0.7758267 0.7788415 0.7957959 0.8145001 0.7522037 0.7473130 0.8069333 0.8136702 0.8189309 0.7508765 0.7676098 0.8051543 0.8373383 0.8607393 0.9196208 0.8935657 1.1180725 0.8278454 2.0621287 2.0286550 2.0639795 2.6796960 
A6.UA.12.DEMA112UA036.KU749406         0.5417812 0.5649128 0.5737514 0.5919603 0.6215779 0.6563942 0.5923654 0.6029170 0.5677020 0.4990081 0.4811500 0.5050779 0.4541012 0.4735233 0.4872035 0.4293068 0.4612356 0.0000000 0.5074327 0.5242528 0.5175118 0.5455890 0.5692115 0.5553746 0.5416306 0.5672232 0.6542559 0.7386381 0.4964374 0.5500692 0.6758238 0.6600451 0.7043248 0.7449929 0.7745711 0.6990962 0.7430335 0.7510299 0.8158668 0.8178800 0.8152568 0.8441798 0.7813215 0.8367391 0.8427810 0.8567514 0.8311819 0.8484960 0.8029082 0.8317181 0.8031397 0.8502100 0.8459176 0.8616469 0.8906749 0.8805627 0.8753736 0.8300309 0.8515560 0.7762659 0.8372965 0.8818271 0.9022047 0.8824894 0.8886293 0.8884229 0.8590458 0.8990459 0.9168483 0.8703121 0.9047153 0.9203834 0.9203095 0.7856835 0.7457665 0.7164210 0.6875509 0.7735735 0.7819181 0.7846388 0.7925020 0.8159849 0.7625360 0.7301507 0.8342327 0.7920951 0.8129570 0.7599940 0.7622866 0.7924162 0.8573195 0.8539566 0.9382820 0.8688056 1.1417540 0.8430477 2.1141126 2.1157766 2.1159425 2.7684027 
A1D.UG.99.99UGJ21953.AF484496          0.5590168 0.5559372 0.5764602 0.5911597 0.6137086 0.6492093 0.5964998 0.6220548 0.5996780 0.4649765 0.4656804 0.4573311 0.4288047 0.4415055 0.4705028 0.4431842 0.4807892 0.5074327 0.0000000 0.5562548 0.5534034 0.6024433 0.6114995 0.6143993 0.5912885 0.5938199 0.6769291 0.7692473 0.5199090 0.5002965 0.6584031 0.6540919 0.7203514 0.7428987 0.7555465 0.7051448 0.7831910 0.7367030 0.8183485 0.8385833 0.8294510 0.8551011 0.8006711 0.8683316 0.8459579 0.8846044 0.8466700 0.8396187 0.8118902 0.8397080 0.8289323 0.9008610 0.8420083 0.8845548 0.9039082 0.8867108 0.8962996 0.8293270 0.8737464 0.8009380 0.8423915 0.8898305 0.9262681 0.8963581 0.8909046 0.8849658 0.8608856 0.8901946 0.9295423 0.8899360 0.9112591 0.9040522 0.9370756 0.8017444 0.7515985 0.7153726 0.6879522 0.7275154 0.7323612 0.7173128 0.7426541 0.7703834 0.7255680 0.6808101 0.7665683 0.7693696 0.7484739 0.7232336 0.7081699 0.7397369 0.8021478 0.8059382 0.9031079 0.8278623 1.1574223 0.8640196 2.0314365 2.0379148 2.0352595 2.7835337 
01_AE.CN.02.YN0236.JX112866            0.6171212 0.6184110 0.6397581 0.6659003 0.6644541 0.7065780 0.6440776 0.6839328 0.6249082 0.5609641 0.5553363 0.5688138 0.5249423 0.5337898 0.5531303 0.4931119 0.4199428 0.5242528 0.5562548 0.0000000 0.1515932 0.2025857 0.2085021 0.2122216 0.2208758 0.2392882 0.3043090 0.3690080 0.5590527 0.6136345 0.7328797 0.7278087 0.7856212 0.8216580 0.8411138 0.4761647 0.5457606 0.8183801 0.8885829 0.8986726 0.8942974 0.9081318 0.8461024 0.9392128 0.9134462 0.9434267 0.9083901 0.9008801 0.8536928 0.8837946 0.8686207 0.9325211 0.9080996 0.9252179 0.9570068 0.9391045 0.9833011 0.8759826 0.9528757 0.8439378 0.8933815 0.9462962 0.9609251 0.9392726 0.9509508 0.9431558 0.9109366 0.9620597 0.9934272 0.9684548 0.9694274 0.9988740 0.9855280 0.8633982 0.8032602 0.7716324 0.7524338 0.8136029 0.8286837 0.8458044 0.8535154 0.8811048 0.8111309 0.8042906 0.8833352 0.8791568 0.8727912 0.8301526 0.8368472 0.8598507 0.9032362 0.9275658 1.0004864 0.9555601 1.2047400 0.9310260 2.1496708 2.1223376 2.1546319 2.8513148 
01_AE.TH.99.99TH_C4460.AY945726        0.6059780 0.6190786 0.6188515 0.6520252 0.6667811 0.7156979 0.6436860 0.6715744 0.6380192 0.5510384 0.5364828 0.5531222 0.5126171 0.5267165 0.5411100 0.4795053 0.4183641 0.5175118 0.5534034 0.1515932 0.0000000 0.2017147 0.2083210 0.2156533 0.2158118 0.2355615 0.3009171 0.3616017 0.5491097 0.6092585 0.7182281 0.7224474 0.7815301 0.8392571 0.8350459 0.4815987 0.5413476 0.8294181 0.8808087 0.9067283 0.9004156 0.9140187 0.8588247 0.9273456 0.9211534 0.9230508 0.9045636 0.8973333 0.8514241 0.8908489 0.8728926 0.9251626 0.8984948 0.9210524 0.9611737 0.9481085 0.9765801 0.8797262 0.9421654 0.8435326 0.8962482 0.9374845 0.9720174 0.9605149 0.9638448 0.9423409 0.9163607 0.9544752 0.9946289 0.9546520 0.9673306 0.9738638 0.9840054 0.8682597 0.8086366 0.7749324 0.7506667 0.8277272 0.8332211 0.8735503 0.8462149 0.8880744 0.8304360 0.8159227 0.8843105 0.8759621 0.8683332 0.8414000 0.8366954 0.8596475 0.9127697 0.9345310 1.0112547 0.9641241 1.2055566 0.9044753 2.1480612 2.1649902 2.1743916 2.8456665 
01_AE.TH.07.AA030a04.JX447057          0.6606561 0.6615395 0.6630905 0.7061976 0.7031983 0.7567064 0.6834103 0.7092081 0.6746404 0.5971539 0.5915103 0.5953415 0.5606056 0.5583384 0.5837043 0.5207168 0.4397894 0.5455890 0.6024433 0.2025857 0.2017147 0.0000000 0.2492788 0.2397558 0.2498504 0.2726859 0.3427086 0.4091367 0.5980090 0.6470147 0.7360613 0.7673793 0.8130815 0.8540809 0.8658819 0.5062756 0.5735478 0.8504715 0.9274664 0.9286052 0.9417637 0.9257969 0.8814164 0.9777539 0.9509325 0.9573875 0.9551613 0.9608812 0.8895672 0.9365836 0.9190774 0.9679176 0.9496045 0.9596526 1.0020432 0.9885289 1.0183430 0.9317036 0.9757785 0.8941166 0.9643976 0.9806450 1.0281033 1.0028457 0.9999442 0.9933694 0.9495551 1.0085667 1.0275289 0.9993882 1.0216585 1.0426621 1.0254286 0.8974503 0.8387003 0.7973668 0.7789783 0.8628593 0.8617133 0.8741529 0.8851591 0.9198804 0.8319230 0.8287630 0.9207687 0.8975182 0.9101819 0.8473917 0.8454089 0.8778678 0.9340883 0.9582738 1.0268341 0.9798032 1.2564368 0.9454380 2.1758257 2.1301186 2.2261550 2.8586748 
01_AE.CN.07.GX070143.JX112835          0.6508296 0.6588081 0.6586091 0.7066930 0.7093872 0.7557810 0.6883009 0.7182175 0.6875805 0.6062073 0.5892838 0.6157546 0.5615840 0.5777355 0.6151404 0.5435350 0.4656219 0.5692115 0.6114995 0.2085021 0.2083210 0.2492788 0.0000000 0.2634050 0.2750193 0.2985871 0.3468126 0.4084689 0.6036322 0.6554792 0.7526062 0.7553438 0.8123595 0.8769324 0.8854567 0.5297662 0.5945187 0.8559716 0.9389340 0.9511649 0.9557650 0.9469911 0.8960097 0.9844822 0.9537922 0.9933023 0.9484782 0.9622490 0.9056242 0.9444123 0.9247242 0.9841348 0.9705329 0.9740409 1.0071082 0.9874037 1.0117917 0.9266178 1.0090115 0.9054814 0.9727473 0.9887709 1.0159776 0.9903339 1.0001573 0.9765448 0.9577290 1.0050700 1.0491407 1.0176315 1.0247518 1.0563800 1.0359306 0.9039361 0.8406056 0.8156128 0.7930462 0.8761330 0.8754014 0.8964626 0.8924856 0.9360311 0.8623115 0.8628210 0.9122999 0.9206543 0.9204490 0.8645360 0.8774863 0.8930576 0.9440578 0.9625446 1.0617003 1.0056764 1.2481038 0.9631485 2.1661222 2.1264529 2.2133101 2.9761259 
01_AE.CN.07.07CNYN326.KF835513         0.6677617 0.6620357 0.6693562 0.7020933 0.7105053 0.7543506 0.6906619 0.7196489 0.6749921 0.5951554 0.5902358 0.5921173 0.5613424 0.5648232 0.6121276 0.5282275 0.4595499 0.5553746 0.6143993 0.2122216 0.2156533 0.2397558 0.2634050 0.0000000 0.2547036 0.2831938 0.3423322 0.4181241 0.6030756 0.6510815 0.7627080 0.7569813 0.8140634 0.8663399 0.8851630 0.5317118 0.6019258 0.8552235 0.9501143 0.9504616 0.9524108 0.9631563 0.9028359 0.9538105 0.9751569 0.9951670 0.9585459 0.9516800 0.9042077 0.9523502 0.9357039 0.9870528 0.9428701 0.9710807 1.0108200 1.0034641 1.0234204 0.9297665 0.9956484 0.9215899 0.9608894 0.9837373 1.0313880 1.0004856 1.0079108 0.9892079 0.9551128 1.0034376 1.0214235 0.9847239 1.0315868 1.0426143 1.0552284 0.8966955 0.8438352 0.8191614 0.7978962 0.8722228 0.8636993 0.8969604 0.8816022 0.9239726 0.8602253 0.8409054 0.9133555 0.9139197 0.9079332 0.8615595 0.8897432 0.8904244 0.9501424 0.9737467 1.0571929 0.9924274 1.2411638 0.9597882 2.1828986 2.1886567 2.2097513 3.0123438 
01_AE.TH.05.AA101a_WG1.JX447936        0.6275292 0.6470524 0.6555149 0.6800810 0.6853297 0.7285982 0.6698225 0.7049045 0.6627865 0.5784233 0.5765576 0.5706533 0.5397246 0.5449639 0.5790454 0.5091372 0.4389493 0.5416306 0.5912885 0.2208758 0.2158118 0.2498504 0.2750193 0.2547036 0.0000000 0.2622175 0.3434606 0.4194823 0.5642431 0.6270901 0.7598739 0.7467177 0.8085051 0.8656301 0.8702407 0.4919809 0.5593276 0.8189987 0.9156321 0.9150966 0.9218897 0.9210585 0.8730587 0.9487328 0.9416896 0.9601938 0.9413563 0.9381358 0.8774588 0.9352860 0.8968183 0.9744898 0.9291593 0.9472517 0.9900764 0.9691875 1.0084290 0.9196275 0.9661190 0.8804428 0.9313302 0.9655517 1.0060644 0.9759269 0.9876656 0.9815739 0.9408187 0.9951287 1.0017275 0.9895408 0.9934893 1.0436983 1.0225087 0.8969535 0.8345278 0.7933859 0.7595745 0.8540455 0.8467116 0.8841724 0.8432417 0.8855348 0.8292235 0.8314966 0.8947773 0.8927598 0.8737157 0.8419778 0.8544354 0.8677876 0.9119164 0.9367207 1.0110664 0.9860850 1.2109923 0.9483609 2.1448264 2.1606419 2.2442366 2.9485717 
01_AE.CN.07.07CNYN343.KF835528         0.6489272 0.6462054 0.6650118 0.6881701 0.7002769 0.7459052 0.6787134 0.7139099 0.6633657 0.5876871 0.5754128 0.6010689 0.5562377 0.5634654 0.6072666 0.5398335 0.4545559 0.5672232 0.5938199 0.2392882 0.2355615 0.2726859 0.2985871 0.2831938 0.2622175 0.0000000 0.3533987 0.4450178 0.6018125 0.6553276 0.7296102 0.7546438 0.8125965 0.8572051 0.8553643 0.5012468 0.5824022 0.8437776 0.9023702 0.9125274 0.9054570 0.9221450 0.8773924 0.9327775 0.9404511 0.9693882 0.9316868 0.9219987 0.8871668 0.9186666 0.9106574 0.9428962 0.9277465 0.9402173 0.9829587 0.9631519 0.9766617 0.9044151 0.9535716 0.8815568 0.9287366 0.9593222 0.9700605 0.9581969 0.9751573 0.9702086 0.9458848 0.9715489 0.9937015 0.9669397 1.0083822 1.0245777 1.0183258 0.8751829 0.8285230 0.8002604 0.7607505 0.8687221 0.8623087 0.8669100 0.8624499 0.9245441 0.8453728 0.8517562 0.9068638 0.9000011 0.8983783 0.8432655 0.8624576 0.8856730 0.9262791 0.9697239 1.0350708 1.0033719 1.2254655 0.9297928 2.1493309 2.1042462 2.2159350 2.9174071 
01BC.CN.13.SZ95LS8027.KX379000         0.7559685 0.7507120 0.7504133 0.8030838 0.7913401 0.8552481 0.7762340 0.8153824 0.7652566 0.6842679 0.6750006 0.6866981 0.6372813 0.6535343 0.6840885 0.6168729 0.5305310 0.6542559 0.6769291 0.3043090 0.3009171 0.3427086 0.3468126 0.3423322 0.3434606 0.3533987 0.0000000 0.5215352 0.6960959 0.7229497 0.8544384 0.8581651 0.8844889 0.9431797 0.9618578 0.6031344 0.6606265 0.9440407 1.0117898 1.0279861 1.0062153 1.0360112 0.9926835 1.0385576 1.0232359 1.0718369 1.0324771 1.0207742 0.9882749 1.0402114 0.9952296 1.0706392 1.0267358 1.0467367 1.0943924 1.0848441 1.1221428 1.0102150 1.0819612 0.9891156 1.0450211 1.1058174 1.0915917 1.0694709 1.0799704 1.0787526 1.0426843 1.1057911 1.1205322 1.0702382 1.1213556 1.1219871 1.1145422 0.9810583 0.9475733 0.9124452 0.8736788 0.9475729 0.9591719 0.9653943 0.9740699 1.0040273 0.9472054 0.9312170 0.9983397 1.0101652 1.0033641 0.9408462 0.9575653 0.9807506 1.0343460 1.0564420 1.1302868 1.1069360 1.3691771 1.0711842 2.2051145 2.1997244 2.2580318 2.9032197 
69_01B.JP.05.05JPMYC113SP420.LC027100  0.8288148 0.8309183 0.8310366 0.8597337 0.8852561 0.9299832 0.8569244 0.8577183 0.8284686 0.7742029 0.7754151 0.7742580 0.7388368 0.7395001 0.7743333 0.6954520 0.6274058 0.7386381 0.7692473 0.3690080 0.3616017 0.4091367 0.4084689 0.4181241 0.4194823 0.4450178 0.5215352 0.0000000 0.7729494 0.8299549 0.9087282 0.9294275 0.9777669 1.0230577 1.0325105 0.7006873 0.7534381 1.0086353 1.1016343 1.1338026 1.1011566 1.1167588 1.0634095 1.1308479 1.1536200 1.1838564 1.1361790 1.1030532 1.0824340 1.1269838 1.0624666 1.1490965 1.1103189 1.1368595 1.1891095 1.1607307 1.2042934 1.1319635 1.1491187 1.0816334 1.1144595 1.1482026 1.1585723 1.1514062 1.1517228 1.1402237 1.1182709 1.1771133 1.1850311 1.1345174 1.1684280 1.2328009 1.1994897 1.0570788 0.9940259 0.9776902 0.9387455 1.0358484 1.0296965 1.0616442 1.0385899 1.0591742 1.0047667 0.9982782 1.0677095 1.0919802 1.0617112 1.0152664 1.0194631 1.0372020 1.0752953 1.1471398 1.2225254 1.1664170 1.4115841 1.1245144 2.3336708 2.3487064 2.3689732 3.1100655 
45_cpx.CD.97.97CD_MBFE185.FN392874     0.4549462 0.4857789 0.4855114 0.5136553 0.5188906 0.5731021 0.4953942 0.5146040 0.4864193 0.5122350 0.4874957 0.5105505 0.4725455 0.4778259 0.5186085 0.4496433 0.5004381 0.4964374 0.5199090 0.5590527 0.5491097 0.5980090 0.6036322 0.6030756 0.5642431 0.6018125 0.6960959 0.7729494 0.0000000 0.5384855 0.5870061 0.5630043 0.6137233 0.6479027 0.6621265 0.7193442 0.7835267 0.6753294 0.7328125 0.7583070 0.7302753 0.7348729 0.6760511 0.7398407 0.7469927 0.7648030 0.7601490 0.7404319 0.6952394 0.7463447 0.7125497 0.7533980 0.7422865 0.7700313 0.7962230 0.7937134 0.7930859 0.7238116 0.7849546 0.6970787 0.7491728 0.7652738 0.8066500 0.7767251 0.7895064 0.7928324 0.7518295 0.7815360 0.8341299 0.7672108 0.7881902 0.8292245 0.8401563 0.6928280 0.6650801 0.6084438 0.5993173 0.7666515 0.7546065 0.7900158 0.7620362 0.8082881 0.7590763 0.7306797 0.8190228 0.7880119 0.7946674 0.7405817 0.7425654 0.7877647 0.8504797 0.8508328 0.9257648 0.8772400 1.0126964 0.7615496 2.0060294 2.0395890 2.0588583 2.6838169 
A1C.UG.99.99UGF25926.AF484491          0.5964170 0.6181841 0.6055266 0.6434693 0.6725803 0.7123028 0.6273980 0.6636919 0.6312968 0.5152447 0.5081424 0.5019528 0.4597518 0.4768081 0.5205786 0.5009551 0.5403133 0.5500692 0.5002965 0.6136345 0.6092585 0.6470147 0.6554792 0.6510815 0.6270901 0.6553276 0.7229497 0.8299549 0.5384855 0.0000000 0.7174787 0.7064009 0.7451849 0.7977545 0.8105823 0.7642669 0.8535238 0.7852899 0.8830332 0.8619131 0.8665633 0.9015258 0.8510088 0.9003604 0.8930793 0.9342043 0.8884300 0.9099637 0.8479275 0.8799175 0.8507961 0.9073426 0.8898438 0.9189260 0.9504427 0.9697868 0.9545695 0.8795980 0.9371939 0.8314661 0.8870881 0.9279545 0.9609652 0.9542200 0.9476313 0.9160637 0.9028055 0.9403220 0.9623816 0.9357108 0.9520488 0.9924847 0.9761647 0.8510303 0.8055490 0.7539413 0.7200594 0.6322810 0.6110732 0.6385567 0.6342042 0.6648731 0.6223486 0.5981903 0.6643337 0.6536576 0.6679684 0.6076209 0.6253427 0.6410159 0.7004638 0.7289794 0.7764774 0.7423928 1.2106741 0.8980632 2.0821845 2.1319304 2.1180674 2.8527225 
93_cpx.CD.08.DRC653.MF372651           0.4950503 0.5229742 0.5187556 0.5358192 0.5730878 0.6107007 0.5409863 0.5587197 0.5618884 0.6746306 0.6753088 0.6779299 0.6307591 0.6268815 0.6803930 0.6124478 0.6544271 0.6758238 0.6584031 0.7328797 0.7182281 0.7360613 0.7526062 0.7627080 0.7598739 0.7296102 0.8544384 0.9087282 0.5870061 0.7174787 0.0000000 0.6527559 0.7020107 0.7568713 0.7845152 0.9045498 0.9605969 0.7167444 0.8770470 0.8845971 0.8644645 0.8832512 0.8433847 0.9078753 0.8899504 0.9294404 0.8947489 0.9058019 0.8486035 0.8895861 0.8530904 0.9121954 0.8744403 0.8991803 0.9425584 0.9544478 0.9309785 0.8677025 0.9557146 0.8239051 0.9189069 0.9392330 0.9665473 0.9371222 0.9338280 0.9061650 0.9002483 0.9192154 0.9444727 0.9551611 0.9327748 0.9871176 0.9972008 0.8432039 0.7800013 0.7572899 0.7516909 0.9102517 0.8815908 0.9394872 0.9195147 0.9500965 0.8847184 0.8915598 0.9828273 0.9415741 0.9533419 0.8946472 0.8848761 0.9459271 0.9799960 1.0036761 1.0592100 1.0175715 1.1881574 0.9063544 2.0037488 1.9967410 2.0620656 2.7911033 
G.NG.92.92NG083_JV10832.U88826         0.5219362 0.5407701 0.5574107 0.5776668 0.5769660 0.6460802 0.5627046 0.5857103 0.5297259 0.6805905 0.6690287 0.6638114 0.6286496 0.6386002 0.6690758 0.6044170 0.6615748 0.6600451 0.6540919 0.7278087 0.7224474 0.7673793 0.7553438 0.7569813 0.7467177 0.7546438 0.8581651 0.9294275 0.5630043 0.7064009 0.6527559 0.0000000 0.3416026 0.3947087 0.4082697 0.8749903 0.9558942 0.7206190 0.8477889 0.8648518 0.8248303 0.8581831 0.8016025 0.8926746 0.8671445 0.8855295 0.8693156 0.8878838 0.7893625 0.8482123 0.8263432 0.9006170 0.8737061 0.8721429 0.9052354 0.9199939 0.9046800 0.8529620 0.8946755 0.8189989 0.8648556 0.8910338 0.9220612 0.9136100 0.9053553 0.8851638 0.8767565 0.9094818 0.9264743 0.9198610 0.9187829 0.9409045 0.9613715 0.8358047 0.7861655 0.7541219 0.7417932 0.9166819 0.9448174 0.9761103 0.9519521 0.9745087 0.9373583 0.9119043 1.0079207 0.9622943 0.9755901 0.9275958 0.9325892 0.9323975 1.0086320 1.0263542 1.0875236 1.0643383 1.1659076 0.8978520 2.0704616 2.1012933 2.1040746 2.8264318 
G.NG.09.09NG010261.KX389626            0.5832696 0.5993973 0.6039991 0.6337460 0.6441879 0.6960244 0.6189998 0.6440042 0.5841689 0.7326376 0.7066334 0.7027885 0.6852622 0.6965918 0.7140664 0.6510504 0.7207076 0.7043248 0.7203514 0.7856212 0.7815301 0.8130815 0.8123595 0.8140634 0.8085051 0.8125965 0.8844889 0.9777669 0.6137233 0.7451849 0.7020107 0.3416026 0.0000000 0.4413228 0.4577662 0.9348250 0.9982652 0.7855738 0.9208098 0.9199727 0.9142433 0.9273677 0.8657892 0.9619290 0.9384583 0.9488446 0.9412987 0.9410731 0.8738994 0.9232528 0.8991699 0.9660002 0.9150802 0.9262342 0.9511895 0.9862862 0.9710992 0.9061025 0.9666211 0.8723145 0.9117797 0.9479357 0.9864643 0.9717614 0.9611745 0.9492639 0.9206474 0.9793056 0.9981307 0.9821156 0.9783491 1.0213377 1.0262339 0.8843649 0.8263552 0.8154114 0.8009604 0.9797741 0.9732699 1.0067590 0.9844422 1.0123674 0.9783312 0.9691156 1.0188419 1.0340485 1.0190531 0.9486120 0.9602002 0.9743744 1.0490219 1.0592499 1.1223962 1.0772075 1.2440224 0.9329659 2.1609044 2.1540228 2.1557733 2.7566513 
01F2G.CM.02.LT31.JN864056              0.6146011 0.6404206 0.6300810 0.6598620 0.6683548 0.7350667 0.6428895 0.6686590 0.6113616 0.7778040 0.7676723 0.7549346 0.7289778 0.7158245 0.7576209 0.6892353 0.7339703 0.7449929 0.7428987 0.8216580 0.8392571 0.8540809 0.8769324 0.8663399 0.8656301 0.8572051 0.9431797 1.0230577 0.6479027 0.7977545 0.7568713 0.3947087 0.4413228 0.0000000 0.4095088 0.9763289 1.0752791 0.8333602 0.9562366 0.9448836 0.9316909 0.9510771 0.9032980 0.9648475 0.9513782 0.9688860 0.9733546 0.9642015 0.9159971 0.9522744 0.9357722 0.9992132 0.9649631 0.9982578 1.0148503 1.0012063 0.9833543 0.9187405 0.9898140 0.9075956 0.9461302 0.9712400 0.9930334 1.0006613 1.0008265 0.9851831 0.9739343 1.0182738 1.0172359 1.0029957 1.0238056 1.0444868 1.0473652 0.9023292 0.8549450 0.8336965 0.8343020 1.0457241 1.0093284 1.0550970 1.0218994 1.0814440 1.0221240 1.0018956 1.1009098 1.0611405 1.0421024 0.9922793 1.0020149 1.0284437 1.1136977 1.1277643 1.1797462 1.1175409 1.2545980 0.9553131 2.2237948 2.2216293 2.2328108 2.9902379 
BCG.ES.15.100_119.KY496623             0.6410227 0.6422170 0.6334651 0.6722412 0.6945577 0.7337294 0.6546880 0.6878974 0.6218947 0.7622944 0.7679473 0.7829799 0.7315427 0.7285857 0.7532962 0.7172147 0.7521968 0.7745711 0.7555465 0.8411138 0.8350459 0.8658819 0.8854567 0.8851630 0.8702407 0.8553643 0.9618578 1.0325105 0.6621265 0.8105823 0.7845152 0.4082697 0.4577662 0.4095088 0.0000000 0.9748088 1.0608590 0.8420957 0.9936463 1.0072161 0.9802253 0.9984176 0.9426030 1.0184172 1.0089095 1.0225466 1.0054114 1.0087898 0.9529226 0.9765866 0.9560956 1.0237562 1.0189066 0.9830305 1.0266682 1.0536835 1.0431307 0.9769877 1.0644286 0.9379997 1.0187401 1.0440635 1.0780617 1.0610543 1.0464973 1.0157004 1.0174726 1.0439193 1.0713358 1.0579050 1.0478161 1.0956261 1.0991709 0.9302569 0.8907254 0.8735890 0.8551848 1.0417851 1.0127136 1.0598974 1.0444030 1.0917060 1.0314089 1.0069863 1.0864321 1.0678249 1.0898751 1.0232718 1.0054793 1.0427066 1.1480541 1.0973474 1.1531745 1.1318744 1.2646064 0.9989026 2.2129714 2.2328634 2.2065377 2.9087336 
0107.CN.15.HB041501.KY019257           0.7677376 0.7775371 0.7957088 0.8130500 0.8247905 0.8901956 0.8314110 0.8379536 0.8064335 0.7242235 0.7277189 0.7188136 0.6672517 0.6872681 0.7133441 0.6608622 0.5814445 0.6990962 0.7051448 0.4761647 0.4815987 0.5062756 0.5297662 0.5317118 0.4919809 0.5012468 0.6031344 0.7006873 0.7193442 0.7642669 0.9045498 0.8749903 0.9348250 0.9763289 0.9748088 0.0000000 0.4340417 0.9611138 1.0733506 1.0666893 1.0523527 1.0588036 1.0277236 1.1199869 1.0910454 1.1055384 1.0764458 1.0992631 1.0276805 1.0694558 1.0343508 1.1030736 1.0728269 1.0944378 1.1251093 1.1300374 1.1339297 1.0315079 1.1234004 1.0164327 1.0833273 1.1008976 1.1336250 1.1082875 1.1135672 1.1161502 1.0863467 1.1217098 1.1444758 1.1101389 1.1245094 1.1674640 1.1733799 1.0052043 0.9548025 0.9421154 0.9017189 0.9744326 0.9940051 1.0232516 0.9952559 1.0255098 0.9778106 0.9571762 1.0442710 1.0106566 0.9943414 0.9689634 0.9555571 0.9980015 1.0554083 1.0833254 1.1447012 1.1010426 1.3634790 1.0510165 2.3144967 2.2771924 2.2895821 3.0205987 
01BC.CN.14.BJ.2014.MSM.SP01.KP668994   0.8219099 0.8617038 0.8760958 0.9100731 0.9161793 0.9605617 0.9052958 0.8978580 0.8766682 0.7994394 0.8014101 0.8198317 0.7568497 0.7482953 0.7760201 0.7228135 0.6406876 0.7430335 0.7831910 0.5457606 0.5413476 0.5735478 0.5945187 0.6019258 0.5593276 0.5824022 0.6606265 0.7534381 0.7835267 0.8535238 0.9605969 0.9558942 0.9982652 1.0752791 1.0608590 0.4340417 0.0000000 1.0497522 1.1251936 1.1592734 1.1256075 1.1282853 1.1003326 1.1720285 1.1443129 1.1382472 1.1456044 1.1853704 1.1208865 1.1276123 1.1105002 1.1723412 1.1273627 1.1498002 1.1919410 1.1775711 1.1686134 1.1174837 1.1839541 1.0749665 1.1318664 1.1592126 1.1848052 1.1443835 1.1747865 1.1754421 1.1541181 1.1880534 1.2116494 1.1960216 1.2181291 1.2334131 1.2537347 1.0855844 1.0330225 1.0132954 0.9708035 1.0571097 1.0928366 1.0846807 1.0674089 1.1065808 1.0524670 1.0283823 1.1139886 1.1147089 1.0888777 1.0607768 1.0575482 1.0894544 1.1566917 1.1655736 1.2000426 1.1585356 1.4240714 1.1342157 2.3689956 2.3609858 2.4040251 3.1496622 
06_cpx.SN.97.97SE1078.AJ288981         0.5395180 0.5392631 0.5595079 0.5689447 0.6056232 0.6230762 0.5902162 0.6155877 0.6538600 0.7489385 0.7301709 0.7417054 0.7292087 0.7150632 0.7574368 0.6761781 0.7460233 0.7510299 0.7367030 0.8183801 0.8294181 0.8504715 0.8559716 0.8552235 0.8189987 0.8437776 0.9440407 1.0086353 0.6753294 0.7852899 0.7167444 0.7206190 0.7855738 0.8333602 0.8420957 0.9611138 1.0497522 0.0000000 0.9691103 0.9673875 0.9605000 0.9539266 0.9347551 1.0136795 0.9805623 0.9935447 1.0125129 1.0003701 0.9330434 0.9812426 0.9458909 1.0089521 0.9375144 1.0026515 1.0282226 0.9947725 1.0011951 0.9623078 1.0302439 0.9009725 0.9938166 1.0168857 1.0383529 1.0403262 1.0280914 1.0323893 0.9895818 1.0008049 1.0640225 0.9977649 1.0458195 1.0734496 1.0459673 0.9284800 0.8833920 0.8341480 0.7911006 1.0083250 0.9668885 1.0361119 1.0116079 1.0526970 0.9990890 0.9972403 1.0586348 1.0456295 1.0371682 0.9763829 1.0131370 1.0421977 1.0691816 1.1067313 1.1318884 1.1172266 1.2184891 0.9999326 1.9358307 1.9417559 2.0254848 2.7889314 
