100
02A1.GH.97.97GH_AG2.AB052867           0.0000000 0.3665981 0.4556509 0.5424980 0.5912289 0.6293826 0.6500104 0.5534016 0.5543765 0.5681099 0.5765808 0.5212363 0.5327145 0.5800611 0.8712559 0.7930643 0.8636060 0.8450060 0.8476348 0.8754914 0.8416321 0.7738804 0.8636509 0.9194665 0.9677149 0.9267906 0.7802260 0.8206839 0.7942741 0.7956769 0.8245998 0.5727013 0.6342806 0.6399485 0.6744348 0.8388258 0.6674278 0.6639435 0.7198252 0.6560261 0.6681240 0.7858241 0.8629112 0.5429350 0.5285075 0.5128791 0.4812957 0.7906814 0.8164061 0.8552331 0.8316593 0.8179378 0.8565888 0.8537253 0.7745303 0.8044435 0.7970009 0.7937996 0.7988567 0.8004658 0.7820116 0.7358064 0.8196658 0.8693309 0.8380405 0.8039134 0.8156146 0.7907635 0.8004901 0.7901829 0.8433677 0.8140620 0.7841546 0.7931952 0.7832037 0.8342004 1.0897589 0.8493631 0.7982429 0.8340922 0.8213425 0.7474933 0.7686977 0.7354836 0.6958456 0.6709187 0.7524679 0.6369695 0.5023526 0.4409788 0.4075001 0.5557687 0.3509557 0.3553495 0.3756503 0.4301326 1.7329095 1.7689323 1.7529107 2.4290755 
02A.CI.16.DEURF16CI011.MH078538        0.3665981 0.0000000 0.5181524 0.6012617 0.6454819 0.6874042 0.6930777 0.5970186 0.6045850 0.6228916 0.6220787 0.5735081 0.5863236 0.6385529 0.9116934 0.8544585 0.8838913 0.8583842 0.8609449 0.8876836 0.8611187 0.8278375 0.9013828 0.9439116 1.0078053 0.9609687 0.8253854 0.8704187 0.8465124 0.8383340 0.8599536 0.6348940 0.6911101 0.6898028 0.7401627 0.8909866 0.7364352 0.7058107 0.7893005 0.7057762 0.7364392 0.8239821 0.9134398 0.6072200 0.5922477 0.5642605 0.5441381 0.8445257 0.8709844 0.9219295 0.8955468 0.8858637 0.9393608 0.9102921 0.8311309 0.8708349 0.8538095 0.8555049 0.8529946 0.8616555 0.8301308 0.7845993 0.8655201 0.9472347 0.8967965 0.8532197 0.8863951 0.8509054 0.8669322 0.8458384 0.8853815 0.8678656 0.8313700 0.8208433 0.8208108 0.8868521 1.1313497 0.9037523 0.8594582 0.8837248 0.8728087 0.7928754 0.8392965 0.7867310 0.7337292 0.7310224 0.8320528 0.6855239 0.5666276 0.4735568 0.4459761 0.6145731 0.4045174 0.3965864 0.4252177 0.4944223 1.7426899 1.8185921 1.8198342 2.4772103 
AGU.CM.06.770_8.MH705142               0.4556509 0.5181524 0.0000000 0.5191237 0.5760609 0.6056094 0.6293537 0.5597991 0.5502170 0.5804896 0.5942044 0.5410156 0.5274295 0.5995614 0.8519288 0.8121385 0.8578036 0.8596686 0.8418366 0.8799270 0.8511253 0.8149488 0.8624063 0.9416483 0.9566634 0.9316370 0.8042860 0.8520345 0.8038926 0.7920407 0.8150114 0.5834290 0.6537382 0.6485894 0.6904770 0.8532403 0.6727632 0.6688167 0.7394323 0.6565092 0.6792908 0.7810309 0.8595337 0.5478949 0.5535246 0.5087164 0.4919508 0.8254491 0.8636893 0.8707349 0.8688471 0.8952720 0.8878500 0.9108627 0.8111843 0.8369096 0.8270703 0.8382542 0.8547522 0.8157898 0.8158855 0.7605787 0.8556602 0.8911942 0.8632884 0.8325713 0.8700011 0.8502236 0.8663132 0.8197729 0.8772267 0.8470742 0.8163278 0.7989143 0.7901245 0.8623565 1.1167758 0.8747769 0.8258200 0.8505231 0.8488747 0.7707656 0.7892218 0.7640693 0.7161380 0.6809372 0.7970484 0.6418228 0.5622442 0.5260351 0.4922404 0.6790677 0.4774018 0.4746846 0.4932930 0.5467610 1.7992467 1.8132462 1.8596729 2.5158394 
G.NG.92.92NG083_JV10832.U88826         0.5424980 0.6012617 0.5191237 0.0000000 0.3530594 0.3926647 0.4256948 0.6555451 0.6519643 0.6616431 0.6993779 0.6292039 0.6265997 0.6875952 0.9575309 0.8914095 0.9339100 0.9391430 0.9096659 0.9430231 0.9148741 0.8677926 0.9492218 1.0033758 1.0435934 1.0017236 0.8865088 0.9139452 0.8931058 0.8762265 0.9213292 0.6624533 0.7163414 0.7236719 0.7516200 0.9191112 0.7422523 0.7368703 0.8365416 0.7329111 0.7559850 0.8535954 0.9261022 0.6572248 0.6269520 0.6039279 0.5785047 0.9026490 0.9390830 0.9599857 0.9229660 0.9719530 0.9894011 0.9669265 0.8982003 0.9158983 0.8863329 0.9084476 0.9267819 0.9035855 0.8928637 0.8582590 0.9288923 0.9738845 0.9685706 0.8998227 0.9522265 0.9212617 0.9242677 0.9060942 0.9270822 0.9083130 0.9046557 0.8786806 0.8542573 0.9224175 1.1570158 0.9396217 0.9030696 0.9236872 0.9195548 0.8575977 0.8648201 0.8503721 0.7997222 0.7734316 0.8708743 0.7136608 0.6332896 0.5967713 0.5752818 0.7455788 0.5471956 0.5470873 0.5504251 0.6387528 1.8669810 1.9333370 1.9527043 2.5026530 
G.NG.09.09NG010261.KX389626            0.5912289 0.6454819 0.5760609 0.3530594 0.0000000 0.4528070 0.4869625 0.7075257 0.7030883 0.7215784 0.7438948 0.6929382 0.6819542 0.7644799 1.0175749 0.9353698 0.9958211 0.9670796 0.9848703 1.0180049 0.9797411 0.9348449 1.0113506 1.0666502 1.1214197 1.0542343 0.9388387 0.9710104 0.9502657 0.9479875 0.9947027 0.7273592 0.7938742 0.7715847 0.8097110 0.9906305 0.8137375 0.8026146 0.9156926 0.7943242 0.8151917 0.9150911 1.0082853 0.6924753 0.6848002 0.6549103 0.6390597 0.9330536 0.9853577 1.0085243 0.9735413 0.9954334 1.0191800 1.0120998 0.9356538 0.9606752 0.9406143 0.9618974 0.9615202 0.9566015 0.9218805 0.8836875 0.9742233 1.0255951 1.0104042 0.9573411 0.9923493 0.9554127 0.9531217 0.9491444 1.0005435 0.9538559 0.9452278 0.9238567 0.8944062 0.9783065 1.2292440 1.0006659 0.9611367 0.9596975 0.9853686 0.9050872 0.9346249 0.9053632 0.8584254 0.8173951 0.9090391 0.7775107 0.6826257 0.6446952 0.6135652 0.8004905 0.6024676 0.5899286 0.6140242 0.6895536 1.9238221 1.9874851 2.0508670 2.6212224 
01F2G.CM.02.LT31.JN864056              0.6293826 0.6874042 0.6056094 0.3926647 0.4528070 0.0000000 0.4191181 0.7541462 0.7566516 0.7696199 0.7748931 0.7348099 0.7298532 0.7897882 1.0928762 0.9775207 1.0230314 1.0049722 1.0245677 1.0314822 1.0120152 0.9883368 1.0631572 1.0754109 1.1403553 1.1130750 0.9792545 1.0007565 0.9844019 0.9581752 1.0028856 0.7723862 0.8122399 0.8149187 0.8417657 1.0121732 0.8328300 0.8306961 0.9059778 0.8316176 0.8577616 0.9339915 1.0509222 0.7420390 0.7288449 0.7111547 0.6816524 0.9949833 1.0238239 1.0191046 1.0316119 1.0625792 1.0824265 1.0647980 0.9865277 1.0202955 0.9812663 1.0099927 0.9947714 0.9962195 0.9641113 0.9361537 1.0281839 1.0742892 1.0713192 0.9947622 1.0496090 1.0079589 1.0480820 1.0060806 1.0357348 0.9980854 1.0013617 0.9895344 0.9760764 1.0202496 1.2536048 1.0430126 1.0215157 1.0282917 1.0321796 0.9434308 0.9846640 0.9607082 0.9013947 0.8763547 0.9766271 0.8205691 0.7383892 0.7107484 0.6705278 0.8489888 0.6414299 0.6378476 0.6589468 0.7292632 1.9626129 2.0170066 2.0059405 2.5761418 
BCG.ES.15.100_119.KY496623             0.6500104 0.6930777 0.6293537 0.4256948 0.4869625 0.4191181 0.0000000 0.7648468 0.7567258 0.7876044 0.7835498 0.7332878 0.7473257 0.7919070 1.0531648 0.9991748 1.0528565 1.0368502 1.0421311 1.0523437 1.0313663 0.9960635 1.0899235 1.1022593 1.1695795 1.1038326 0.9904231 1.0289802 0.9935809 0.9756587 1.0289399 0.7649641 0.8326048 0.8188439 0.8594700 1.0175548 0.8578936 0.8372628 0.9249066 0.8389426 0.8835794 0.9834643 1.0855103 0.7428669 0.7317114 0.7026740 0.6919280 0.9934395 1.0428214 1.0875977 1.0538860 1.0897350 1.0880910 1.0598817 0.9876293 1.0430342 0.9953058 1.0217251 1.0299919 1.0217295 0.9927430 0.9620085 1.0305518 1.1165623 1.0568598 1.0200041 1.0532708 1.0069378 1.0386137 1.0498101 1.0679598 1.0233166 0.9963786 0.9958562 0.9798912 1.0415115 1.3179763 1.0468556 1.0243113 1.0412681 1.0317733 0.9760456 0.9753907 0.9452549 0.9214631 0.8992085 0.9919129 0.8441915 0.7591870 0.7102437 0.6841093 0.8682046 0.6408203 0.6410219 0.6671472 0.7207800 1.9609675 1.9960282 2.0675553 2.7093939 
A1.KE.06.06KECst_028.FJ623479          0.5534016 0.5970186 0.5597991 0.6555451 0.7075257 0.7541462 0.7648468 0.0000000 0.3190585 0.4161302 0.4250001 0.3710865 0.4035512 0.4798460 0.7532704 0.6727165 0.7240776 0.7277544 0.7107731 0.7411342 0.7114114 0.6883178 0.7467487 0.8204216 0.8473361 0.7991237 0.6844141 0.7084154 0.7031011 0.6834094 0.7068728 0.4774653 0.5452950 0.5488411 0.5972927 0.7640222 0.5738128 0.5681896 0.6462906 0.5588791 0.5723251 0.6913596 0.7942846 0.4884867 0.4657351 0.4418247 0.4916701 0.8442418 0.8576225 0.8978922 0.9064594 0.9047852 0.9352424 0.9164178 0.8306845 0.8394565 0.8319294 0.8414277 0.8686644 0.8438114 0.8427115 0.8037977 0.8617211 0.9003212 0.9150662 0.8466394 0.8805544 0.8529254 0.8563750 0.8471003 0.8912478 0.8775397 0.8337962 0.8315059 0.8094330 0.8643250 1.1377922 0.8844491 0.8548092 0.8774560 0.8761484 0.7979582 0.8363697 0.7901138 0.7397676 0.7172644 0.8399482 0.6834049 0.6515794 0.6127968 0.5791936 0.7608611 0.5645288 0.5587175 0.5677596 0.6235101 1.9352009 1.9924173 1.9549063 2.6043310 
A1.KE.06.06KECst_013.FJ623485          0.5543765 0.6045850 0.5502170 0.6519643 0.7030883 0.7566516 0.7567258 0.3190585 0.0000000 0.4146592 0.4179013 0.3696431 0.3938077 0.4777506 0.7633980 0.6873145 0.7410498 0.7251348 0.7098124 0.7310237 0.7267695 0.6884679 0.7551068 0.7967690 0.8736676 0.8132834 0.6744114 0.7323622 0.7043825 0.6662833 0.7191818 0.4670697 0.5365241 0.5383437 0.5817908 0.7660847 0.5930207 0.5778441 0.6424743 0.5568484 0.5675199 0.6927370 0.7758778 0.4657094 0.4642805 0.4405755 0.5009610 0.8415612 0.8598174 0.8916241 0.8874327 0.8970781 0.9169510 0.9265173 0.8228607 0.8594433 0.8424437 0.8400401 0.8570032 0.8343481 0.8412679 0.8119117 0.8669937 0.9298867 0.9173803 0.8391028 0.8752403 0.8478425 0.8710909 0.8552739 0.8916124 0.8648849 0.8523721 0.8255144 0.8303548 0.8838251 1.1468253 0.9102508 0.8390385 0.8879735 0.8570554 0.8026127 0.8358610 0.7990679 0.7501885 0.7257511 0.8497690 0.6596122 0.6648395 0.5982258 0.5724826 0.7675613 0.5567232 0.5580230 0.5752895 0.6320353 1.9484915 1.9661373 1.9774554 2.6232411 
35_AD.AF.06.007H.GQ477450              0.5681099 0.6228916 0.5804896 0.6616431 0.7215784 0.7696199 0.7876044 0.4161302 0.4146592 0.0000000 0.4537860 0.3951282 0.4139043 0.4862478 0.7685253 0.7172833 0.7751408 0.7574702 0.7363842 0.7592110 0.7470547 0.6983117 0.7783875 0.8134347 0.8742982 0.8032845 0.7018884 0.7346094 0.7214985 0.6888849 0.7327689 0.4836000 0.5517342 0.5611251 0.5943785 0.7598274 0.5942737 0.5777114 0.6707402 0.5817197 0.5976226 0.6991193 0.7933549 0.4934544 0.4810293 0.4529621 0.5149119 0.8814242 0.8971044 0.9372595 0.9044891 0.9238307 0.9601985 0.9472603 0.8741476 0.8841295 0.8685996 0.8662789 0.8983531 0.8708480 0.8591796 0.8199044 0.9065915 0.9722820 0.9233919 0.8852588 0.8957259 0.8769030 0.8959505 0.8787909 0.8969816 0.8945071 0.8573893 0.8810476 0.8611180 0.8991867 1.1663369 0.9171209 0.8693068 0.8957332 0.9026160 0.8386703 0.8564076 0.8212165 0.7876533 0.7617123 0.8401880 0.6596354 0.6808414 0.6462759 0.6071128 0.7838630 0.5876781 0.5951066 0.6026715 0.6768381 1.9554758 1.9548260 2.0088083 2.5903301 
A1.CY.07.CY208.JF683760                0.5765808 0.6220787 0.5942044 0.6993779 0.7438948 0.7748931 0.7835498 0.4250001 0.4179013 0.4537860 0.0000000 0.2554565 0.4158405 0.5034765 0.7708628 0.7006773 0.7726209 0.7326561 0.7485785 0.7692058 0.7414594 0.7206872 0.7882769 0.8580161 0.8772234 0.8192360 0.7047483 0.7522627 0.7326394 0.7041419 0.7575803 0.4944023 0.5772686 0.5712822 0.6134676 0.7830705 0.6003596 0.5832483 0.6752082 0.5995686 0.6125291 0.7175200 0.8105998 0.4979503 0.4993466 0.4637062 0.5191746 0.8647798 0.8823251 0.9412051 0.9078708 0.9260601 0.9419529 0.9153631 0.8546008 0.8833931 0.8855340 0.8772022 0.8808124 0.8728268 0.8709164 0.8236796 0.8600166 0.9591950 0.9311303 0.8890989 0.8838224 0.8838030 0.8608924 0.8900196 0.9176772 0.8958969 0.8690888 0.8597385 0.8448173 0.9023307 1.1711565 0.9377884 0.8638404 0.8952851 0.8718552 0.8251074 0.8438482 0.8233875 0.7749106 0.7573262 0.8836190 0.6927503 0.6984401 0.6395154 0.5985883 0.7856941 0.5885827 0.6075379 0.6088010 0.6710267 1.9737794 2.0163859 1.9984467 2.6659527 
A1.CY.05.CY051.FJ388903                0.5212363 0.5735081 0.5410156 0.6292039 0.6929382 0.7348099 0.7332878 0.3710865 0.3696431 0.3951282 0.2554565 0.0000000 0.3686969 0.4545417 0.7287369 0.6564088 0.7209851 0.7024721 0.6923468 0.7136696 0.6852128 0.6484551 0.7155219 0.7880308 0.8157804 0.7635888 0.6395151 0.6885737 0.6743163 0.6355779 0.6782306 0.4477841 0.5241948 0.5178951 0.5594258 0.7567792 0.5580403 0.5534809 0.6217916 0.5488538 0.5598806 0.6679304 0.7703297 0.4575169 0.4426669 0.4100983 0.4762665 0.8139308 0.8399820 0.8767052 0.8503733 0.8865692 0.9018281 0.8878095 0.8115245 0.8405392 0.8138596 0.8170099 0.8229119 0.8177357 0.8204301 0.7828547 0.8359620 0.9041544 0.8829112 0.8295802 0.8555386 0.8501016 0.8522555 0.8257165 0.8704121 0.8452653 0.8246238 0.8202078 0.8086862 0.8616980 1.1267182 0.8847767 0.8314085 0.8574087 0.8334333 0.7808956 0.8183000 0.7663740 0.7319482 0.7156225 0.8207158 0.6523382 0.6436773 0.5795668 0.5431602 0.7457660 0.5245475 0.5457680 0.5313059 0.6073222 1.8917670 1.9575484 1.9400865 2.6635461 
A1.UG.11.DEMA110UG001.KF859745         0.5327145 0.5863236 0.5274295 0.6265997 0.6819542 0.7298532 0.7473257 0.4035512 0.3938077 0.4139043 0.4158405 0.3686969 0.0000000 0.4592650 0.7330804 0.6627042 0.7181611 0.6855472 0.6839053 0.7228307 0.7012428 0.6647085 0.7298957 0.7913830 0.8300509 0.7769077 0.6446735 0.7019378 0.6835052 0.6467748 0.6914596 0.4330407 0.5221882 0.5193005 0.5590412 0.7269984 0.5640021 0.5416843 0.6228198 0.5304961 0.5599076 0.6775370 0.7487299 0.4488161 0.4444800 0.4056079 0.4780347 0.8104024 0.8411337 0.8699561 0.8523854 0.8809810 0.8755461 0.8894908 0.8085684 0.8340591 0.8185322 0.8032665 0.8399685 0.8051539 0.8115906 0.7724820 0.8395516 0.8932322 0.8711276 0.8435080 0.8532593 0.8501569 0.8368135 0.8476376 0.8459772 0.8492788 0.8033757 0.8164993 0.8040683 0.8723221 1.1199769 0.8841399 0.8414381 0.8689434 0.8573528 0.7852057 0.8144988 0.7814670 0.7306311 0.7161920 0.7897094 0.6427457 0.6404066 0.5860426 0.5390859 0.7350176 0.5379811 0.5422723 0.5546949 0.6284576 1.9159973 1.9625856 2.0092881 2.6507465 
A1C.UG.99.99UGF25926.AF484491          0.5800611 0.6385529 0.5995614 0.6875952 0.7644799 0.7897882 0.7919070 0.4798460 0.4777506 0.4862478 0.5034765 0.4545417 0.4592650 0.0000000 0.6366327 0.5970744 0.6581851 0.6232959 0.6379792 0.6647236 0.6425764 0.5928289 0.6756781 0.7216328 0.7501804 0.7032544 0.5836010 0.6370639 0.6153402 0.5783933 0.6161558 0.4992187 0.5911825 0.5969349 0.6385997 0.8091152 0.6206459 0.6028302 0.6942852 0.6045014 0.6276541 0.7602276 0.8385454 0.5265360 0.5095907 0.4842315 0.5454317 0.8925468 0.9197774 0.9709242 0.9478123 0.9620396 0.9741117 0.9781194 0.8736434 0.9081108 0.8899102 0.8935714 0.9050682 0.9013206 0.8967548 0.8500416 0.9264153 1.0112250 0.9279316 0.8856464 0.9476541 0.9181839 0.9232765 0.8882160 0.9298844 0.9132733 0.8844109 0.8719183 0.8790125 0.9294627 1.1705484 0.9546304 0.8978367 0.9172551 0.9037570 0.8449768 0.8910300 0.8597702 0.7976360 0.7721189 0.8688646 0.7216590 0.7029084 0.6416139 0.6247537 0.8006304 0.5842873 0.5992496 0.5958989 0.6785016 2.0102067 2.0510671 2.0085838 2.6400338 
A1C.IN.15.SC017.KY713232               0.8712559 0.9116934 0.8519288 0.9575309 1.0175749 1.0928762 1.0531648 0.7532704 0.7633980 0.7685253 0.7708628 0.7287369 0.7330804 0.6366327 0.0000000 0.6105417 0.6759897 0.6414383 0.6300012 0.6485293 0.6390349 0.6059621 0.6617808 0.7362673 0.7633229 0.7086905 0.5722292 0.6432865 0.6299538 0.6033679 0.6356869 0.7529450 0.8672577 0.8850946 0.9186698 1.0689806 0.8954495 0.8844163 0.9815591 0.8898321 0.9131116 0.9688215 1.1166492 0.7988954 0.7710783 0.7769038 0.7922937 1.1266287 1.1853391 1.2007429 1.1743803 1.2436831 1.2327044 1.2272645 1.1208201 1.1605394 1.1552890 1.1743063 1.1742523 1.1524242 1.1530425 1.0947997 1.1645400 1.2354686 1.2047601 1.1768522 1.2023169 1.1841934 1.1599170 1.1761587 1.1975396 1.1632247 1.1542409 1.1744163 1.1479781 1.1837275 1.4377734 1.2260947 1.1591104 1.1828859 1.1557479 1.1180247 1.1731694 1.1009933 1.0726719 1.0410269 1.1422992 0.9704605 0.9869776 0.9310227 0.8813034 1.0928902 0.8636562 0.8626179 0.8755163 0.9378939 2.2787028 2.3595515 2.3240630 2.8975763 
C.IL.99.99ET14.AY255825                0.7930643 0.8544585 0.8121385 0.8914095 0.9353698 0.9775207 0.9991748 0.6727165 0.6873145 0.7172833 0.7006773 0.6564088 0.6627042 0.5970744 0.6105417 0.0000000 0.4185529 0.4218172 0.4134835 0.4408684 0.4127882 0.3892328 0.4475265 0.4992361 0.5219183 0.4914876 0.3639105 0.4098826 0.4022528 0.3684132 0.4075558 0.7019480 0.8012054 0.8127954 0.8267287 1.0080044 0.8302956 0.8153368 0.8950226 0.8468736 0.8357847 0.9596989 1.0076209 0.7247494 0.7151499 0.7031314 0.7451287 1.0571090 1.1080988 1.1457413 1.1138102 1.1671591 1.1294603 1.1232725 1.0672016 1.0786265 1.0797416 1.1060249 1.1297373 1.0913965 1.0606289 1.0364387 1.0988451 1.1627162 1.1522585 1.0750227 1.1140595 1.1001519 1.0924612 1.1008801 1.1394152 1.0955298 1.0911524 1.0688318 1.0854856 1.1191230 1.3447653 1.1572010 1.1053133 1.1273992 1.1045449 1.0352624 1.0776436 1.0063818 1.0007214 0.9885692 1.0701210 0.9191032 0.8785433 0.8764609 0.8179666 0.9848028 0.7981327 0.8162112 0.8248357 0.8905638 2.1956661 2.3103270 2.2236424 2.8987368 
C.SE.09.035ZA.MF373148                 0.8636060 0.8838913 0.8578036 0.9339100 0.9958211 1.0230314 1.0528565 0.7240776 0.7410498 0.7751408 0.7726209 0.7209851 0.7181611 0.6581851 0.6759897 0.4185529 0.0000000 0.4825134 0.4751894 0.4906298 0.4766061 0.4398920 0.5039531 0.5580155 0.5829791 0.5551588 0.4163567 0.4832041 0.4588660 0.4301173 0.4673188 0.7553692 0.8824331 0.8768980 0.9030434 1.0404187 0.8937454 0.8946129 0.9465240 0.8932599 0.8875134 1.0359167 1.0561360 0.7860974 0.7539952 0.7549353 0.7909317 1.1021644 1.1506339 1.1786594 1.1654614 1.2015545 1.1649614 1.1702993 1.1174919 1.1459775 1.1390045 1.1354705 1.1660642 1.1313343 1.0920466 1.0698311 1.1493419 1.2101541 1.1959080 1.1315995 1.1698987 1.1438907 1.1551939 1.1378401 1.1555501 1.1543442 1.1449516 1.1014103 1.0940917 1.1626999 1.3829492 1.1988044 1.1437513 1.1396612 1.1363324 1.0873343 1.1087528 1.0468881 1.0164142 1.0078462 1.1264045 0.9642351 0.9433181 0.9179945 0.8855433 1.0431670 0.8457772 0.8539587 0.8954820 0.9598662 2.2655001 2.2849487 2.2803902 2.8922341 
C.ZA.04.04ZASK135B1.DQ011166           0.8450060 0.8583842 0.8596686 0.9391430 0.9670796 1.0049722 1.0368502 0.7277544 0.7251348 0.7574702 0.7326561 0.7024721 0.6855472 0.6232959 0.6414383 0.4218172 0.4825134 0.0000000 0.3128985 0.3461888 0.3650386 0.3433043 0.4018348 0.4579366 0.5026869 0.4766227 0.3461793 0.4556604 0.4277636 0.4031596 0.4292996 0.7357957 0.8793123 0.8777188 0.9070957 1.0651230 0.8934026 0.8826150 0.9697733 0.8804999 0.8933069 1.0046841 1.0998701 0.7655548 0.7429256 0.7158317 0.7889862 1.1000351 1.1820105 1.1661390 1.1292858 1.1755180 1.1979376 1.1472356 1.1201154 1.1440923 1.1413415 1.1532413 1.1601045 1.1380061 1.1611073 1.0734858 1.1745927 1.2390563 1.1807225 1.1238700 1.1633853 1.1594145 1.1583899 1.1668031 1.1285697 1.1476430 1.1374774 1.1091021 1.0982222 1.1554816 1.3963203 1.2033464 1.1386739 1.1399674 1.1359142 1.0823109 1.1254275 1.0957906 1.0758318 1.0326009 1.1211303 0.9486878 0.9300208 0.8805503 0.8692587 1.0180493 0.8344681 0.8560598 0.8555796 0.9008663 2.2469905 2.2105021 2.2235254 2.9886284 
C.ZA.03.03ZAPS130MB1.DQ275658          0.8476348 0.8609449 0.8418366 0.9096659 0.9848703 1.0245677 1.0421311 0.7107731 0.7098124 0.7363842 0.7485785 0.6923468 0.6839053 0.6379792 0.6300012 0.4134835 0.4751894 0.3128985 0.0000000 0.2818333 0.3599143 0.3317298 0.3982654 0.4631488 0.4878408 0.4445845 0.3300824 0.4423010 0.4204553 0.3912710 0.4186472 0.7248399 0.8564731 0.8342830 0.8699908 1.0199742 0.8803799 0.8639685 0.9516450 0.8703715 0.8758620 0.9861599 1.1010768 0.7525543 0.7320256 0.7288229 0.7609854 1.0871520 1.1456882 1.1556873 1.1417012 1.1606148 1.1800573 1.1535960 1.1052859 1.1338221 1.1318305 1.1218619 1.1532284 1.1083811 1.1043443 1.0524177 1.1574840 1.1946028 1.1830527 1.1080529 1.1392204 1.1349124 1.1511769 1.1421419 1.1287242 1.1517618 1.1358322 1.1005935 1.0964422 1.1501341 1.3816404 1.1733745 1.0954972 1.1439837 1.1334978 1.0531568 1.0911017 1.0369174 1.0115204 1.0259866 1.0994330 0.9419602 0.9291697 0.8780111 0.8676819 1.0287319 0.8299546 0.8566590 0.8610705 0.9318759 2.2661765 2.2675930 2.2268962 2.9704021 
C.ZA.97.97ZA012.AF286227               0.8754914 0.8876836 0.8799270 0.9430231 1.0180049 1.0314822 1.0523437 0.7411342 0.7310237 0.7592110 0.7692058 0.7136696 0.7228307 0.6647236 0.6485293 0.4408684 0.4906298 0.3461888 0.2818333 0.0000000 0.3805514 0.3703791 0.4358593 0.4860895 0.5296276 0.4966851 0.3527100 0.4679438 0.4429122 0.4196238 0.4460667 0.7542473 0.8660368 0.8736460 0.9108005 1.0588925 0.9063343 0.8548048 0.9647383 0.8745280 0.9037022 0.9983005 1.1113105 0.7772993 0.7728407 0.7547911 0.8052007 1.1067514 1.1784390 1.1868838 1.1897876 1.1747617 1.2104945 1.1954052 1.1123349 1.1539764 1.1596458 1.1583756 1.1668186 1.1494874 1.1224241 1.0746304 1.1664938 1.2116819 1.1928690 1.1362595 1.1699691 1.1582982 1.1687284 1.1568529 1.1716325 1.1650946 1.1413702 1.1313908 1.1139686 1.1863247 1.4409545 1.2111344 1.1529887 1.1837819 1.1679891 1.0612094 1.1269466 1.0910312 1.0533099 1.0475157 1.1301883 0.9513789 0.9597973 0.8918771 0.8706401 1.0668790 0.8438463 0.8605866 0.8640402 0.9480418 2.1820951 2.2592559 2.2322229 2.8712982 
C.BW.98.98BWMC14A3.AF443078            0.8416321 0.8611187 0.8511253 0.9148741 0.9797411 1.0120152 1.0313663 0.7114114 0.7267695 0.7470547 0.7414594 0.6852128 0.7012428 0.6425764 0.6390349 0.4127882 0.4766061 0.3650386 0.3599143 0.3805514 0.0000000 0.3418008 0.3968958 0.4594667 0.4980127 0.4677337 0.3393306 0.4394447 0.4278207 0.3957179 0.4245541 0.7206448 0.8497208 0.8462866 0.8840253 1.0340232 0.8702915 0.8549658 0.9412307 0.8598962 0.8851849 0.9855261 1.0709243 0.7572837 0.7655143 0.7406839 0.7695227 1.0958753 1.1424792 1.1526032 1.1587340 1.1678132 1.1800304 1.1602158 1.0945245 1.1143442 1.1280478 1.1337852 1.1542354 1.1161537 1.1077895 1.0615079 1.1397752 1.2007136 1.1680722 1.0817275 1.1348471 1.1065904 1.1294645 1.1337009 1.1610195 1.1207497 1.0982551 1.0895280 1.0888714 1.1506579 1.3648529 1.1794348 1.1136368 1.1350600 1.1418598 1.0444266 1.0997346 1.0770210 1.0255352 1.0127193 1.1022853 0.9586067 0.9157494 0.8933522 0.8700900 1.0339381 0.8407587 0.8589771 0.8461695 0.9351031 2.1837598 2.2550941 2.1751794 2.9549508 
C.ZA.99.99ZALT4.EU293444               0.7738804 0.8278375 0.8149488 0.8677926 0.9348449 0.9883368 0.9960635 0.6883178 0.6884679 0.6983117 0.7206872 0.6484551 0.6647085 0.5928289 0.6059621 0.3892328 0.4398920 0.3433043 0.3317298 0.3703791 0.3418008 0.0000000 0.3192393 0.4291602 0.4620948 0.4401539 0.3054255 0.4120925 0.3899548 0.3584300 0.3838666 0.6912326 0.8204477 0.8215647 0.8567370 1.0201584 0.8491986 0.8312303 0.9206281 0.8431687 0.8509633 0.9562205 1.0335041 0.7067212 0.6967907 0.6980810 0.7350799 1.0633316 1.0864495 1.1408400 1.1119466 1.1119653 1.1768900 1.1179621 1.0550381 1.0800613 1.0944406 1.0704405 1.1039117 1.0943964 1.0536393 1.0149143 1.0970594 1.1476310 1.1193163 1.0683411 1.0991234 1.0841951 1.0787163 1.0816886 1.0993830 1.0772872 1.0865164 1.0771488 1.0516537 1.1199227 1.3784174 1.1375680 1.0799909 1.1202343 1.1189730 1.0094661 1.0637319 1.0581703 0.9865847 0.9735705 1.0928815 0.9131242 0.8758241 0.8360520 0.8134754 1.0083230 0.7947215 0.8222185 0.8258308 0.9034156 2.2104300 2.2130656 2.2033957 2.9137481 
C.ZA.02.02ZAPS015MB1.DQ369995          0.8636509 0.9013828 0.8624063 0.9492218 1.0113506 1.0631572 1.0899235 0.7467487 0.7551068 0.7783875 0.7882769 0.7155219 0.7298957 0.6756781 0.6617808 0.4475265 0.5039531 0.4018348 0.3982654 0.4358593 0.3968958 0.3192393 0.0000000 0.4756075 0.5266292 0.4900929 0.3665730 0.4580783 0.4544518 0.4147247 0.4399650 0.7360196 0.8906173 0.8924076 0.9065096 1.0885538 0.9123048 0.8825305 0.9821923 0.8949719 0.9117566 1.0064884 1.0857079 0.7968769 0.7786616 0.7693302 0.8090992 1.1025625 1.1648052 1.1925763 1.1450984 1.2226546 1.1937671 1.1652399 1.1189317 1.1259416 1.1193062 1.1447818 1.1739493 1.1483432 1.0926549 1.0653840 1.1390763 1.2273898 1.1672167 1.1405201 1.1726301 1.1595726 1.1574357 1.1548684 1.1715356 1.1525623 1.1079379 1.1035886 1.0926502 1.1762553 1.3933008 1.1968110 1.1334574 1.1654442 1.1561298 1.0680355 1.1059004 1.0969015 1.0456641 1.0279093 1.1617133 0.9648271 0.9464178 0.8953540 0.8971286 1.0351261 0.8633139 0.8638618 0.8661009 0.9512533 2.2344535 2.2724393 2.1761903 2.8986899 
C.GB.14.13659_1_48.3.MF109437          0.9194665 0.9439116 0.9416483 1.0033758 1.0666502 1.0754109 1.1022593 0.8204216 0.7967690 0.8134347 0.8580161 0.7880308 0.7913830 0.7216328 0.7362673 0.4992361 0.5580155 0.4579366 0.4631488 0.4860895 0.4594667 0.4291602 0.4756075 0.0000000 0.5305087 0.5079219 0.4103459 0.5068759 0.4958780 0.4703382 0.4931627 0.7968638 0.9229981 0.9315977 0.9706237 1.1349018 0.9540402 0.9270114 1.0177963 0.9371170 0.9553898 1.0894057 1.1639713 0.8507944 0.8024900 0.8036820 0.8301688 1.1676273 1.1856325 1.2311255 1.2171636 1.2275981 1.2387008 1.2496565 1.1670496 1.1921948 1.1879680 1.1854838 1.2081865 1.1901143 1.1718592 1.1250917 1.2108332 1.2544928 1.2427894 1.1667278 1.1780583 1.1669122 1.1738092 1.1961543 1.2024141 1.2149946 1.1952018 1.1661950 1.1348241 1.2117025 1.4778106 1.2489086 1.1544700 1.2121673 1.1908202 1.1370546 1.1569806 1.1562452 1.1098155 1.0746773 1.1824952 1.0158347 1.0022486 0.9539917 0.9451081 1.0605051 0.9014655 0.9243021 0.9223712 1.0068673 2.3216160 2.3692181 2.2675493 3.0623516 
BC.CN.07.07CNYN340.KF835526            0.9677149 1.0078053 0.9566634 1.0435934 1.1214197 1.1403553 1.1695795 0.8473361 0.8736676 0.8742982 0.8772234 0.8157804 0.8300509 0.7501804 0.7633229 0.5219183 0.5829791 0.5026869 0.4878408 0.5296276 0.4980127 0.4620948 0.5266292 0.5305087 0.0000000 0.3911630 0.4469061 0.5460109 0.5257107 0.4891287 0.5321672 0.8600277 0.9867868 0.9605166 0.9988357 1.1672725 1.0018507 0.9873512 1.0552491 0.9783548 1.0251897 1.1066423 1.2217802 0.8830858 0.8642316 0.8377400 0.9111038 1.2414916 1.2877498 1.3099058 1.2770272 1.2943587 1.3300548 1.3201525 1.2324011 1.2571637 1.2782373 1.2671464 1.2673152 1.2611596 1.2322318 1.1835008 1.2721117 1.3138760 1.3122524 1.2442198 1.2896323 1.2669567 1.2903174 1.2616439 1.2933436 1.2887870 1.2327448 1.2241301 1.2147863 1.2791809 1.4935122 1.2887688 1.2764981 1.2644016 1.2243429 1.1896914 1.2572913 1.2001025 1.1496938 1.1485740 1.2446723 1.0604514 1.0490494 1.0326805 1.0099300 1.1555262 0.9820916 0.9824195 0.9990676 1.0828704 2.4075487 2.4156874 2.3546657 3.1293605 
85_BC.CN.14.14CN_SCYB4.KU992932        0.9267906 0.9609687 0.9316370 1.0017236 1.0542343 1.1130750 1.1038326 0.7991237 0.8132834 0.8032845 0.8192360 0.7635888 0.7769077 0.7032544 0.7086905 0.4914876 0.5551588 0.4766227 0.4445845 0.4966851 0.4677337 0.4401539 0.4900929 0.5079219 0.3911630 0.0000000 0.4259892 0.5189900 0.5161347 0.4851384 0.5106345 0.7936230 0.9142476 0.9018283 0.9503001 1.1005780 0.9402314 0.9232899 0.9938430 0.9439762 0.9391469 1.0817865 1.1768780 0.8448020 0.8219995 0.8085211 0.8557420 1.1588971 1.2375687 1.2421935 1.2189679 1.2513367 1.2372527 1.2464024 1.1789101 1.1924907 1.1954882 1.1937012 1.2289016 1.1621956 1.1865753 1.1260765 1.1969764 1.2672022 1.2312317 1.1878234 1.2119991 1.2171243 1.2141498 1.1895034 1.2223744 1.1784583 1.1705559 1.1890733 1.1560033 1.2245249 1.5035884 1.2456980 1.2069071 1.1879267 1.1922603 1.1323599 1.1887539 1.1368680 1.0734257 1.0831256 1.2021694 1.0101803 0.9975074 0.9716586 0.9387332 1.1025797 0.9138424 0.9446204 0.9445032 1.0183016 2.2665713 2.3152196 2.2906013 2.9691875 
C.BW.00.00BW076820.AF443089            0.7802260 0.8253854 0.8042860 0.8865088 0.9388387 0.9792545 0.9904231 0.6844141 0.6744114 0.7018884 0.7047483 0.6395151 0.6446735 0.5836010 0.5722292 0.3639105 0.4163567 0.3461793 0.3300824 0.3527100 0.3393306 0.3054255 0.3665730 0.4103459 0.4469061 0.4259892 0.0000000 0.3733372 0.3664338 0.3347158 0.3569246 0.6734774 0.8106696 0.7912461 0.8214898 1.0084063 0.8329928 0.7823958 0.8927215 0.8131613 0.8363684 0.9491133 1.0616345 0.6944148 0.6761652 0.6823612 0.7178385 1.0318618 1.0700589 1.1350717 1.0783930 1.1254272 1.1196239 1.1086609 1.0521660 1.0787428 1.0771466 1.0775720 1.0999023 1.0645871 1.0448722 1.0008284 1.0897645 1.1672908 1.0818429 1.0542569 1.0974853 1.0763400 1.0908966 1.0633903 1.0805422 1.0735815 1.0510767 1.0541168 1.0392761 1.0890321 1.3406409 1.1017566 1.0598575 1.0950197 1.0806904 1.0139352 1.0623355 1.0271278 0.9892614 0.9518097 1.0870599 0.8975423 0.8820572 0.8448900 0.7975277 0.9859772 0.7838480 0.8004231 0.8208952 0.8859674 2.1487642 2.1962279 2.2091165 2.9391313 
C.ZA.04.04ZASK170B1.DQ093595           0.8206839 0.8704187 0.8520345 0.9139452 0.9710104 1.0007565 1.0289802 0.7084154 0.7323622 0.7346094 0.7522627 0.6885737 0.7019378 0.6370639 0.6432865 0.4098826 0.4832041 0.4556604 0.4423010 0.4679438 0.4394447 0.4120925 0.4580783 0.5068759 0.5460109 0.5189900 0.3733372 0.0000000 0.3366467 0.3007005 0.3689395 0.7279018 0.8481906 0.8460004 0.8644290 1.0151269 0.8495294 0.8391286 0.9380092 0.8552602 0.8726072 0.9791491 1.0665249 0.7607982 0.7438615 0.7159581 0.7650838 1.1054836 1.1331139 1.1799448 1.1680532 1.1930029 1.2054818 1.1656089 1.0887165 1.1145461 1.1290306 1.1221335 1.1536013 1.1209533 1.1054259 1.0471356 1.1546013 1.1978323 1.1709550 1.1167919 1.1382068 1.1301408 1.1096645 1.1271847 1.1843278 1.1320691 1.1149260 1.0703883 1.0801087 1.1353484 1.4034934 1.1833544 1.1103093 1.1568999 1.1234631 1.0566998 1.1057358 1.0518538 1.0125023 1.0029655 1.1202742 0.9217487 0.9336020 0.8658090 0.8555073 1.0252955 0.8351322 0.8650148 0.8409999 0.9489599 2.2154578 2.2669595 2.2322543 2.9475423 
C.TZ.02.CO6721.AY734560                0.7942741 0.8465124 0.8038926 0.8931058 0.9502657 0.9844019 0.9935809 0.7031011 0.7043825 0.7214985 0.7326394 0.6743163 0.6835052 0.6153402 0.6299538 0.4022528 0.4588660 0.4277636 0.4204553 0.4429122 0.4278207 0.3899548 0.4544518 0.4958780 0.5257107 0.5161347 0.3664338 0.3366467 0.0000000 0.2405468 0.3538189 0.7216029 0.8306513 0.8411284 0.8619870 1.0176696 0.8554558 0.8367275 0.9079085 0.8497519 0.8597104 0.9620950 1.0467783 0.7455567 0.7413672 0.7243707 0.7654175 1.0717357 1.1019581 1.1375447 1.1480117 1.1587222 1.1723835 1.1528101 1.0623504 1.1125472 1.1024394 1.0952308 1.1280576 1.1091780 1.0791725 1.0293119 1.1223839 1.1570184 1.1370976 1.0959612 1.1202702 1.0945588 1.0999337 1.0798060 1.1254090 1.1152101 1.0844510 1.0833195 1.0668160 1.1296839 1.3488933 1.1268019 1.0931693 1.1141086 1.1000780 1.0352219 1.0708939 1.0365522 1.0061491 0.9930568 1.0913841 0.9275772 0.8887084 0.8492048 0.8549588 0.9876084 0.8327307 0.8189199 0.8421737 0.9046026 2.2291171 2.2598038 2.1963141 2.9772621 
C.TZ.01.BD39_8.AY253313                0.7956769 0.8383340 0.7920407 0.8762265 0.9479875 0.9581752 0.9756587 0.6834094 0.6662833 0.6888849 0.7041419 0.6355779 0.6467748 0.5783933 0.6033679 0.3684132 0.4301173 0.4031596 0.3912710 0.4196238 0.3957179 0.3584300 0.4147247 0.4703382 0.4891287 0.4851384 0.3347158 0.3007005 0.2405468 0.0000000 0.3205867 0.6859304 0.8061586 0.7913058 0.8184350 1.0068665 0.8220750 0.8030336 0.8822415 0.8117901 0.8484722 0.9385276 1.0196015 0.7092895 0.7020357 0.6872519 0.7265459 1.0303066 1.0798826 1.1125199 1.1030544 1.1007747 1.1191173 1.1075197 1.0255806 1.0519801 1.0704441 1.0573539 1.0892316 1.0572616 1.0355842 0.9883465 1.0979700 1.1336796 1.1037889 1.0420502 1.0843421 1.0776378 1.0744021 1.0650729 1.1036504 1.0640246 1.0355753 1.0222571 1.0341107 1.0943110 1.3325829 1.1165988 1.0586250 1.0881458 1.0730234 1.0033364 1.0462342 0.9913778 0.9966266 0.9608948 1.0684452 0.8868733 0.8672130 0.8211653 0.8175730 0.9684501 0.8117630 0.8022286 0.8003452 0.8748741 2.1960387 2.1800564 2.1756474 2.9750314 
C.ZA.03.03ZAPS067MB2.DQ396389          0.8245998 0.8599536 0.8150114 0.9213292 0.9947027 1.0028856 1.0289399 0.7068728 0.7191818 0.7327689 0.7575803 0.6782306 0.6914596 0.6161558 0.6356869 0.4075558 0.4673188 0.4292996 0.4186472 0.4460667 0.4245541 0.3838666 0.4399650 0.4931627 0.5321672 0.5106345 0.3569246 0.3689395 0.3538189 0.3205867 0.0000000 0.7180704 0.8549889 0.8263472 0.8602932 1.0224600 0.8521338 0.8306228 0.9373475 0.8555963 0.8739322 0.9776882 1.0592556 0.7391878 0.7406236 0.7297811 0.7783515 1.0768877 1.1160341 1.1533043 1.1367840 1.1717222 1.1654858 1.1534847 1.0714330 1.0843839 1.0965886 1.1068029 1.1302153 1.0796568 1.1001403 1.0379823 1.1368487 1.1987735 1.1473213 1.0705452 1.1077540 1.1059438 1.0983582 1.1037885 1.1115066 1.1103383 1.0903558 1.0699419 1.0803411 1.1163658 1.3814040 1.1369256 1.0981847 1.1344266 1.1147171 1.0579694 1.0845677 1.0415380 1.0397958 0.9962270 1.0803991 0.9262264 0.9358739 0.8693873 0.8600478 1.0291521 0.8356429 0.8392048 0.8410384 0.9295859 2.2671854 2.2626519 2.2467464 3.0513772 
A1D.UG.99.99UGJ21953.AF484496          0.5727013 0.6348940 0.5834290 0.6624533 0.7273592 0.7723862 0.7649641 0.4774653 0.4670697 0.4836000 0.4944023 0.4477841 0.4330407 0.4992187 0.7529450 0.7019480 0.7553692 0.7357957 0.7248399 0.7542473 0.7206448 0.6912326 0.7360196 0.7968638 0.8600277 0.7936230 0.6734774 0.7279018 0.7216029 0.6859304 0.7180704 0.0000000 0.5795232 0.5877138 0.6249466 0.8011085 0.6214330 0.6008589 0.6922023 0.6005003 0.6176721 0.7219973 0.8003127 0.4963093 0.4877025 0.4671792 0.5269792 0.8785465 0.9009328 0.9294316 0.8906926 0.9202456 0.9494384 0.9327924 0.8611655 0.8931092 0.8811370 0.8780487 0.8936242 0.8672746 0.8590386 0.8281247 0.9025870 0.9552100 0.9028248 0.8844663 0.8919475 0.8879145 0.8819063 0.8975103 0.9158154 0.8807994 0.8467995 0.8683338 0.8428553 0.9017062 1.1731925 0.9282788 0.8709166 0.9044853 0.8905764 0.8316686 0.8475018 0.8323381 0.7809139 0.7518808 0.8368429 0.7108511 0.6899513 0.6427827 0.6078761 0.7631869 0.5592665 0.5785940 0.5919177 0.6733856 1.9006581 1.9482365 1.9189575 2.5597070 
01_AE.CN.02.YN0236.JX112866            0.6342806 0.6911101 0.6537382 0.7163414 0.7938742 0.8122399 0.8326048 0.5452950 0.5365241 0.5517342 0.5772686 0.5241948 0.5221882 0.5911825 0.8672577 0.8012054 0.8824331 0.8793123 0.8564731 0.8660368 0.8497208 0.8204477 0.8906173 0.9229981 0.9867868 0.9142476 0.8106696 0.8481906 0.8306513 0.8061586 0.8549889 0.5795232 0.0000000 0.1536249 0.2139272 0.3828048 0.2009301 0.2108639 0.3001939 0.2203111 0.2431720 0.4634701 0.5334960 0.4289555 0.5131260 0.4994830 0.5663481 0.9029500 0.9383994 0.9746482 0.9610943 0.9712994 0.9834559 0.9943227 0.9122337 0.9372540 0.9341972 0.9175921 0.9415422 0.9135870 0.9161230 0.8777465 0.9496205 1.0186253 0.9727094 0.9192959 0.9644717 0.9276084 0.9428890 0.9517073 0.9335330 0.9399637 0.9306520 0.9075239 0.8997245 0.9769893 1.2394054 0.9951218 0.9263320 0.9639481 0.9582073 0.8802699 0.9175443 0.8644379 0.8230072 0.8028893 0.9213467 0.7683003 0.7385044 0.6864523 0.6371779 0.8658756 0.6289512 0.6269559 0.6526333 0.7199718 2.0016313 2.0176053 2.0086715 2.7067788 
01_AE.TH.99.99TH_C4460.AY945726        0.6399485 0.6898028 0.6485894 0.7236719 0.7715847 0.8149187 0.8188439 0.5488411 0.5383437 0.5611251 0.5712822 0.5178951 0.5193005 0.5969349 0.8850946 0.8127954 0.8768980 0.8777188 0.8342830 0.8736460 0.8462866 0.8215647 0.8924076 0.9315977 0.9605166 0.9018283 0.7912461 0.8460004 0.8411284 0.7913058 0.8263472 0.5877138 0.1536249 0.0000000 0.2040611 0.3676559 0.1991325 0.2050257 0.2896774 0.2136704 0.2397772 0.4579000 0.5259527 0.4224583 0.5187724 0.5011558 0.5587890 0.9084670 0.9569351 0.9841401 0.9607736 0.9620966 0.9725483 0.9955346 0.9111866 0.9439052 0.9305975 0.9304162 0.9330830 0.9379307 0.9049470 0.8804697 0.9515563 1.0102099 0.9705897 0.9045080 0.9640245 0.9380249 0.9510878 0.9446274 0.9430410 0.9561726 0.9206085 0.9249482 0.8967827 0.9586302 1.2171104 0.9994993 0.9263457 0.9569128 0.9360111 0.8814569 0.9145503 0.8548569 0.8133614 0.7963549 0.9197052 0.7786136 0.7232433 0.6869822 0.6539354 0.8567173 0.6358718 0.6406704 0.6465290 0.7244959 2.0200307 2.0448232 2.0189207 2.7404162 
01_AE.CN.07.GX070143.JX112835          0.6744348 0.7401627 0.6904770 0.7516200 0.8097110 0.8417657 0.8594700 0.5972927 0.5817908 0.5943785 0.6134676 0.5594258 0.5590412 0.6385997 0.9186698 0.8267287 0.9030434 0.9070957 0.8699908 0.9108005 0.8840253 0.8567370 0.9065096 0.9706237 0.9988357 0.9503001 0.8214898 0.8644290 0.8619870 0.8184350 0.8602932 0.6249466 0.2139272 0.2040611 0.0000000 0.4160533 0.2477001 0.2519361 0.3379628 0.2620021 0.2831236 0.5114919 0.5730038 0.4565450 0.5562613 0.5252286 0.6112448 0.9560189 1.0007266 1.0319979 1.0243355 0.9984787 1.0404229 1.0385188 0.9630813 0.9682563 0.9676217 0.9469102 0.9828441 0.9583002 0.9488793 0.9095046 0.9967026 1.0505943 1.0177416 0.9637350 1.0104658 0.9965000 0.9836637 0.9980793 0.9899423 0.9871571 0.9799633 0.9691215 0.9555590 0.9919954 1.2601807 1.0402795 0.9630166 1.0148100 0.9915829 0.9194562 0.9325176 0.8969464 0.8653150 0.8415998 0.9272383 0.7922506 0.7741638 0.7258691 0.6783185 0.8767741 0.6580567 0.6693972 0.6809522 0.7472865 2.0678954 2.0999535 2.0471809 2.8183004 
69_01B.JP.05.05JPMYC113SP420.LC027100  0.8388258 0.8909866 0.8532403 0.9191112 0.9906305 1.0121732 1.0175548 0.7640222 0.7660847 0.7598274 0.7830705 0.7567792 0.7269984 0.8091152 1.0689806 1.0080044 1.0404187 1.0651230 1.0199742 1.0588925 1.0340232 1.0201584 1.0885538 1.1349018 1.1672725 1.1005780 1.0084063 1.0151269 1.0176696 1.0068665 1.0224600 0.8011085 0.3828048 0.3676559 0.4160533 0.0000000 0.4135480 0.4014399 0.4957020 0.4306968 0.4427706 0.6629523 0.7473417 0.6193338 0.7253377 0.7262295 0.7644037 1.1069136 1.1410409 1.1713580 1.1781294 1.1472888 1.1797792 1.1719721 1.1067755 1.1293114 1.1058302 1.1142632 1.1616950 1.1047595 1.1423630 1.0767344 1.1235071 1.1879315 1.1630563 1.0861488 1.1591485 1.1353022 1.1350264 1.1394357 1.1455102 1.1387746 1.1164500 1.1124406 1.0686186 1.1253353 1.4026838 1.1715766 1.0863675 1.1428128 1.1321625 1.0671063 1.0987639 1.0739554 1.0138443 0.9704183 1.0985822 0.9715366 0.9473053 0.8992540 0.8624380 1.0455636 0.8371451 0.8414242 0.8763508 0.9148611 2.1747109 2.2022945 2.1781646 2.9169657 
01_AE.TH.07.AA030a04.JX447057          0.6674278 0.7364352 0.6727632 0.7422523 0.8137375 0.8328300 0.8578936 0.5738128 0.5930207 0.5942737 0.6003596 0.5580403 0.5640021 0.6206459 0.8954495 0.8302956 0.8937454 0.8934026 0.8803799 0.9063343 0.8702915 0.8491986 0.9123048 0.9540402 1.0018507 0.9402314 0.8329928 0.8495294 0.8554558 0.8220750 0.8521338 0.6214330 0.2009301 0.1991325 0.2477001 0.4135480 0.0000000 0.2271963 0.3315761 0.2447139 0.2667922 0.4819592 0.5618382 0.4513010 0.5479403 0.5250338 0.5903059 0.9431813 0.9916303 1.0061589 1.0119199 1.0004284 1.0279119 1.0191065 0.9438565 0.9718405 0.9737175 0.9542919 0.9822787 0.9601042 0.9512271 0.9046277 0.9666092 1.0516805 1.0157475 0.9576992 0.9824322 0.9735585 0.9784621 0.9705229 0.9868165 0.9754515 0.9504176 0.9540520 0.9215442 0.9967577 1.2850350 1.0198599 0.9553589 0.9987879 0.9852869 0.9036049 0.9469255 0.8862919 0.8621150 0.8388255 0.9373017 0.7762105 0.7469461 0.7092046 0.6844252 0.8754892 0.6668747 0.6645801 0.6712495 0.7335026 2.0572537 2.0553990 2.0487726 2.7332514 
01_AE.CN.07.07CNYN326.KF835513         0.6639435 0.7058107 0.6688167 0.7368703 0.8026146 0.8306961 0.8372628 0.5681896 0.5778441 0.5777114 0.5832483 0.5534809 0.5416843 0.6028302 0.8844163 0.8153368 0.8946129 0.8826150 0.8639685 0.8548048 0.8549658 0.8312303 0.8825305 0.9270114 0.9873512 0.9232899 0.7823958 0.8391286 0.8367275 0.8030336 0.8306228 0.6008589 0.2108639 0.2050257 0.2519361 0.4014399 0.2271963 0.0000000 0.3309984 0.2474286 0.2791868 0.4923681 0.5581111 0.4417768 0.5321067 0.5206882 0.5883109 0.9206135 0.9675981 0.9921008 0.9952122 0.9734724 1.0060853 1.0207221 0.9368603 0.9439779 0.9408160 0.9211233 0.9570163 0.9530192 0.9376156 0.9053814 0.9577393 1.0102630 0.9850090 0.9459328 0.9736327 0.9449282 0.9436443 0.9557208 0.9560234 0.9532979 0.9257907 0.9337515 0.9234480 0.9687122 1.2439801 1.0181395 0.9392124 0.9787528 0.9582820 0.8989292 0.9321104 0.8963923 0.8399971 0.8283987 0.9331658 0.7594856 0.7593845 0.7038588 0.6749213 0.8696309 0.6633585 0.6564086 0.6670578 0.7330209 2.0221616 2.0493512 2.0449284 2.7497768 
