93
SUDV_H.sap-xx_UGA_12_EboSud-603_KC545390                   0.0000000 0.0000512 1.9034111 1.8770315 1.9049570 1.9777138 1.9798265 1.9810921 1.9790406 1.9790406 1.9793100 1.9801994 1.9779344 1.9785347 1.9762245 1.9763775 1.9757687 1.9767476 1.9755394 1.9784862 1.9768460 1.9774371 1.9765567 1.9783481 1.9787149 1.9802009 1.9809723 1.9796001 1.9796001 1.9790069 1.9767941 1.9802799 1.9788839 1.9782016 1.9792273 1.9777780 1.9793732 1.9776537 1.9781934 1.9779906 1.9790276 1.9789999 1.9774933 1.9774933 1.9774209 1.9781147 1.9756186 1.9783323 1.9783323 1.9796822 1.9794358 1.9786591 1.9775369 1.9790933 1.9789264 1.9776486 1.9768371 1.9768371 1.9768955 1.9749275 1.9795087 1.9770298 1.9772254 1.9759595 1.9759595 1.9781230 1.9777525 1.9777525 1.9777525 1.9778851 1.9778851 1.9774778 1.9777477 1.9787355 1.9787355 1.9779898 1.9775610 1.9776923 1.9777525 1.9782854 1.9779898 1.9779898 1.9768517 1.9573249 1.9545049 1.9549671 1.9542616 1.9662239 1.9796079 1.9692728 1.9702336 2.1901156 2.2152386 
SUDV_H.sap-xx_UGA_12_EboSud-609_KC545391                   0.0000512 0.0000000 1.9033871 1.8770087 1.9049328 1.9776861 1.9797987 1.9810642 1.9790128 1.9790128 1.9792822 1.9801716 1.9779068 1.9785070 1.9761969 1.9763499 1.9757411 1.9767199 1.9755119 1.9784585 1.9768184 1.9774094 1.9765291 1.9783204 1.9786872 1.9801731 1.9809444 1.9795723 1.9795723 1.9789791 1.9767665 1.9802521 1.9788562 1.9781739 1.9791995 1.9777503 1.9793454 1.9776260 1.9781657 1.9779629 1.9789999 1.9789721 1.9774656 1.9774656 1.9773932 1.9780870 1.9755910 1.9783046 1.9783046 1.9796545 1.9794080 1.9786314 1.9775092 1.9790655 1.9788987 1.9776209 1.9768095 1.9768095 1.9768679 1.9749000 1.9794809 1.9770021 1.9771977 1.9759319 1.9759319 1.9780953 1.9777248 1.9777248 1.9777248 1.9778574 1.9778574 1.9774501 1.9777200 1.9787077 1.9787077 1.9779621 1.9775333 1.9776646 1.9777248 1.9782577 1.9779621 1.9779621 1.9768240 1.9572983 1.9544784 1.9549405 1.9542351 1.9661968 1.9795801 1.9692455 1.9702063 2.1900749 2.2151955 
RESTV_S.dom-xx_PHL_08_Reston08-C_FJ621584                  1.9034111 1.9033871 0.0000000 0.0346710 0.0512946 1.8556916 1.8521981 1.8560510 1.8538814 1.8538814 1.8557939 1.8563549 1.8574615 1.8582755 1.8545932 1.8571614 1.8563063 1.8583648 1.8531177 1.8551724 1.8553427 1.8547655 1.8539424 1.8566650 1.8564034 1.8539931 1.8565203 1.8558352 1.8558352 1.8552535 1.8546323 1.8566706 1.8555132 1.8544743 1.8569246 1.8566821 1.8555174 1.8550233 1.8555573 1.8525459 1.8525587 1.8525369 1.8519210 1.8519210 1.8530291 1.8533215 1.8579265 1.8565469 1.8565469 1.8590698 1.8588367 1.8556626 1.8562202 1.8567772 1.8556882 1.8560432 1.8565729 1.8565729 1.8568399 1.8566269 1.8558578 1.8548396 1.8563003 1.8546677 1.8546677 1.8551131 1.8549815 1.8551350 1.8551350 1.8552630 1.8552630 1.8558624 1.8561294 1.8566962 1.8566962 1.8557443 1.8555810 1.8562148 1.8556365 1.8558480 1.8555555 1.8555555 1.8548260 1.8576615 1.8544375 1.8550123 1.8546959 1.8633380 1.8683211 1.8645129 1.8614638 2.0647886 2.0883764 
RESTV_M.fas-tc_USA_89_Philippines89-Pennsylvania_NC_004161 1.8770315 1.8770087 0.0346710 0.0000000 0.0250689 1.8606324 1.8573567 1.8615319 1.8576675 1.8576675 1.8611208 1.8616837 1.8634504 1.8642676 1.8612275 1.8633381 1.8622874 1.8639598 1.8590904 1.8611529 1.8613255 1.8607448 1.8599184 1.8626501 1.8625759 1.8599715 1.8618533 1.8611629 1.8611629 1.8605802 1.8611869 1.8627344 1.8613405 1.8606400 1.8629100 1.8626665 1.8614977 1.8610030 1.8615377 1.8592782 1.8587173 1.8586952 1.8575298 1.8575298 1.8591906 1.8594834 1.8639143 1.8617065 1.8617065 1.8651448 1.8648293 1.8616435 1.8622016 1.8627621 1.8622209 1.8620244 1.8625551 1.8625551 1.8628224 1.8626110 1.8618390 1.8608169 1.8616281 1.8606433 1.8606433 1.8610927 1.8609615 1.8611149 1.8611149 1.8612432 1.8612432 1.8618433 1.8621106 1.8626806 1.8626806 1.8617251 1.8615616 1.8625842 1.8616175 1.8618289 1.8615361 1.8615361 1.8608028 1.8578626 1.8544342 1.8552808 1.8549638 1.8678200 1.8714126 1.8695188 1.8647832 2.0783384 2.1166976 
RESTV_S.dom-tc_PHL_08_Reston08-A_FJ621583                  1.9049570 1.9049328 0.0512946 0.0250689 0.0000000 1.8700186 1.8669156 1.8707307 1.8668539 1.8668539 1.8703196 1.8708846 1.8727367 1.8734762 1.8704219 1.8723526 1.8714828 1.8731663 1.8682783 1.8701600 1.8705250 1.8699401 1.8691100 1.8723999 1.8715855 1.8697157 1.8710613 1.8703630 1.8703630 1.8697799 1.8703845 1.8719304 1.8707438 1.8696427 1.8721106 1.8718662 1.8706932 1.8701984 1.8707330 1.8682744 1.8677128 1.8676904 1.8665249 1.8665249 1.8681897 1.8684824 1.8731171 1.8708980 1.8708980 1.8743536 1.8740378 1.8708396 1.8713975 1.8719623 1.8694074 1.8712202 1.8719583 1.8719583 1.8722256 1.8718103 1.8710351 1.8700090 1.8708273 1.8698328 1.8698328 1.8702878 1.8701573 1.8703104 1.8703104 1.8704389 1.8704389 1.8710390 1.8713062 1.8718803 1.8718803 1.8709209 1.8709642 1.8717845 1.8713625 1.8710247 1.8707318 1.8707318 1.8699941 1.8614239 1.8583758 1.8588390 1.8585206 1.8728152 1.8765918 1.8759619 1.8699618 2.0832276 2.1310655 
EBOV_H.sap-wt_GIN_14_Makona-Gueckedou-EM_079750_KR817213   1.9777138 1.9776861 1.8556916 1.8606324 1.8700186 0.0000000 0.0006238 0.0022924 0.0020317 0.0020317 0.0018749 0.0018747 0.0022931 0.0025029 0.0022934 0.0022931 0.0023973 0.0021886 0.0021370 0.0020316 0.0018750 0.0019272 0.0019795 0.0020843 0.0021881 0.0021359 0.0016138 0.0013008 0.0013008 0.0013529 0.0020845 0.0024501 0.0022406 0.0021891 0.0023970 0.0021884 0.0022402 0.0021357 0.0020313 0.0022931 0.0019274 0.0019797 0.0022411 0.0022411 0.0019272 0.0020839 0.0021363 0.0021360 0.0021360 0.0020842 0.0019797 0.0020313 0.0020313 0.0020315 0.0018748 0.0018747 0.0019269 0.0019269 0.0019791 0.0019276 0.0019270 0.0019272 0.0015095 0.0018227 0.0018227 0.0016138 0.0016659 0.0015616 0.0015616 0.0016138 0.0016138 0.0018225 0.0017703 0.0018227 0.0018227 0.0017703 0.0017703 0.0017705 0.0017703 0.0017181 0.0016659 0.0016659 0.0017186 0.0319762 0.0311707 0.0311162 0.0310575 0.0325302 0.0353494 0.0352728 0.0356969 1.3889440 1.3565142 
EBOV_H.sap-wt_GIN_14_Makona-Gueckedou-EM_079910_KR817221   1.9798265 1.9797987 1.8521981 1.8573567 1.8669156 0.0006238 0.0000000 0.0021889 0.0019282 0.0019282 0.0017713 0.0017711 0.0021895 0.0023994 0.0021898 0.0021895 0.0022938 0.0020850 0.0020334 0.0019280 0.0017714 0.0018236 0.0018759 0.0019807 0.0020846 0.0020323 0.0015101 0.0011971 0.0011971 0.0012492 0.0019809 0.0023465 0.0021371 0.0020855 0.0022935 0.0020848 0.0021366 0.0020322 0.0019277 0.0021895 0.0018238 0.0018760 0.0021375 0.0021375 0.0018236 0.0019803 0.0020327 0.0020325 0.0020325 0.0019806 0.0018761 0.0019277 0.0019277 0.0019279 0.0017712 0.0017711 0.0018233 0.0018233 0.0018755 0.0018239 0.0018234 0.0018236 0.0014058 0.0017191 0.0017191 0.0015101 0.0015623 0.0014580 0.0014580 0.0015101 0.0015101 0.0017189 0.0016667 0.0017191 0.0017191 0.0016667 0.0016667 0.0016668 0.0016667 0.0016145 0.0015623 0.0015623 0.0016149 0.0319913 0.0311855 0.0311309 0.0310722 0.0324835 0.0353662 0.0351751 0.0355952 1.3897831 1.3569866 
EBOV_H.sap-wt_GIN_14_Makona-Gueckedou-EM_080076_KR817235   1.9810921 1.9810642 1.8560510 1.8615319 1.8707307 0.0022924 0.0021889 0.0000000 0.0019270 0.0019270 0.0015616 0.0011434 0.0020838 0.0022934 0.0020841 0.0021883 0.0022925 0.0020838 0.0019277 0.0018225 0.0016660 0.0017181 0.0017704 0.0019272 0.0020834 0.0020311 0.0015093 0.0011954 0.0011954 0.0012485 0.0019797 0.0023452 0.0021358 0.0020843 0.0022922 0.0020836 0.0021354 0.0020310 0.0019266 0.0021883 0.0018227 0.0018750 0.0021363 0.0021363 0.0018226 0.0019792 0.0020316 0.0020313 0.0020313 0.0018750 0.0017706 0.0019266 0.0019266 0.0019268 0.0017702 0.0017701 0.0018223 0.0018223 0.0018744 0.0018229 0.0018224 0.0018225 0.0014050 0.0017181 0.0017181 0.0015093 0.0015614 0.0014571 0.0014571 0.0015093 0.0015093 0.0017179 0.0016657 0.0017181 0.0017181 0.0016657 0.0016657 0.0016659 0.0016657 0.0016136 0.0015614 0.0015614 0.0016140 0.0316850 0.0308803 0.0308258 0.0307672 0.0322386 0.0350545 0.0350926 0.0355163 1.3897409 1.3533022 
EBOV_H.sap-tc_GIN_14_Makona-Gueckedou-C05_KP096420         1.9790406 1.9790128 1.8538814 1.8576675 1.8668539 0.0020317 0.0019282 0.0019270 0.0000000 0.0000010 0.0015098 0.0015096 0.0019276 0.0021372 0.0019279 0.0019276 0.0020318 0.0018232 0.0017715 0.0016664 0.0015099 0.0015620 0.0016143 0.0017710 0.0018228 0.0017706 0.0011447 0.0008314 0.0008314 0.0008834 0.0017191 0.0020844 0.0018752 0.0018236 0.0020316 0.0018231 0.0018749 0.0017705 0.0016661 0.0019276 0.0015622 0.0016144 0.0018756 0.0018756 0.0015621 0.0017186 0.0017710 0.0017707 0.0017707 0.0017188 0.0016145 0.0016661 0.0016662 0.0016663 0.0015097 0.0015096 0.0015618 0.0015618 0.0016140 0.0015624 0.0015619 0.0015620 0.0011447 0.0014577 0.0014577 0.0012490 0.0013011 0.0011968 0.0011968 0.0012490 0.0012490 0.0014575 0.0014054 0.0014577 0.0014577 0.0014054 0.0014054 0.0014055 0.0014054 0.0013532 0.0013011 0.0013011 0.0013536 0.0309977 0.0301948 0.0301403 0.0300818 0.0314373 0.0342456 0.0342841 0.0347063 1.3876310 1.3539352 
EBOV_H.sap-wt_GIN_14_Makona-Kissidougou-C15_KT013254       1.9790406 1.9790128 1.8538814 1.8576675 1.8668539 0.0020317 0.0019282 0.0019270 0.0000010 0.0000000 0.0015098 0.0015096 0.0019276 0.0021372 0.0019279 0.0019276 0.0020318 0.0018232 0.0017715 0.0016664 0.0015099 0.0015620 0.0016143 0.0017710 0.0018228 0.0017706 0.0011447 0.0008314 0.0008314 0.0008834 0.0017191 0.0020844 0.0018752 0.0018236 0.0020316 0.0018231 0.0018749 0.0017705 0.0016661 0.0019276 0.0015622 0.0016144 0.0018756 0.0018756 0.0015621 0.0017186 0.0017710 0.0017707 0.0017707 0.0017188 0.0016145 0.0016661 0.0016662 0.0016663 0.0015097 0.0015096 0.0015618 0.0015618 0.0016140 0.0015624 0.0015619 0.0015620 0.0011447 0.0014577 0.0014577 0.0012490 0.0013011 0.0011968 0.0011968 0.0012490 0.0012490 0.0014575 0.0014054 0.0014577 0.0014577 0.0014054 0.0014054 0.0014055 0.0014054 0.0013532 0.0013011 0.0013011 0.0013536 0.0309977 0.0301948 0.0301403 0.0300818 0.0314373 0.0342456 0.0342841 0.0347063 1.3876310 1.3539352 
EBOV_H.sap-wt_GIN_14_Makona-Gueckedou-EM_079587_KR817202   1.9793100 1.9792822 1.8557939 1.8611208 1.8703196 0.0018749 0.0017713 0.0015616 0.0015098 0.0015098 0.0000000 0.0011446 0.0017708 0.0019802 0.0017710 0.0017708 0.0018750 0.0016664 0.0016147 0.0015097 0.0013533 0.0014054 0.0014576 0.0016143 0.0016661 0.0016139 0.0010925 0.0007794 0.0007794 0.0008314 0.0015623 0.0019275 0.0017184 0.0016668 0.0018747 0.0016663 0.0017181 0.0016138 0.0015095 0.0017708 0.0014056 0.0014578 0.0017188 0.0017188 0.0014054 0.0015619 0.0016142 0.0016140 0.0016140 0.0015621 0.0014578 0.0015095 0.0015095 0.0015096 0.0013531 0.0013531 0.0014052 0.0014052 0.0014574 0.0014057 0.0014053 0.0014054 0.0009874 0.0013011 0.0013011 0.0010925 0.0011446 0.0010394 0.0010394 0.0010925 0.0010925 0.0013010 0.0012488 0.0013011 0.0013011 0.0012488 0.0012488 0.0012489 0.0012488 0.0011967 0.0011446 0.0011446 0.0011970 0.0315227 0.0307182 0.0306637 0.0306051 0.0320763 0.0348916 0.0349297 0.0353533 1.3915493 1.3540048 
EBOV_H.sap-wt_GIN_14_Makona-Gueckedou-EM_079702_KR817210   1.9801994 1.9801716 1.8563549 1.8616837 1.8708846 0.0018747 0.0017711 0.0011434 0.0015096 0.0015096 0.0011446 0.0000000 0.0017706 0.0019800 0.0017708 0.0017706 0.0018748 0.0016662 0.0016145 0.0015095 0.0013532 0.0014053 0.0014575 0.0016141 0.0016659 0.0016137 0.0010914 0.0007794 0.0007794 0.0008314 0.0015622 0.0019273 0.0017182 0.0016666 0.0018745 0.0016661 0.0017179 0.0016136 0.0015093 0.0017706 0.0014054 0.0014576 0.0017186 0.0017186 0.0014053 0.0015618 0.0016140 0.0016138 0.0016138 0.0015619 0.0014576 0.0015093 0.0015093 0.0015094 0.0013530 0.0013529 0.0014051 0.0014051 0.0014572 0.0014055 0.0014051 0.0014052 0.0009874 0.0013010 0.0013010 0.0010914 0.0011445 0.0010394 0.0010394 0.0010914 0.0010914 0.0013008 0.0012487 0.0013010 0.0013010 0.0012487 0.0012487 0.0012488 0.0012487 0.0011966 0.0011445 0.0011445 0.0011969 0.0312325 0.0304288 0.0303743 0.0303158 0.0317857 0.0345978 0.0346361 0.0350591 1.3901816 1.3537813 
EBOV_H.sap-wt_SLE_14_Makona-J0117_KP759665                 1.9779344 1.9779068 1.8574615 1.8634504 1.8727367 0.0022931 0.0021895 0.0020838 0.0019276 0.0019276 0.0017708 0.0017706 0.0000000 0.0004156 0.0014578 0.0014576 0.0013531 0.0013533 0.0013016 0.0011968 0.0010405 0.0010926 0.0011447 0.0013012 0.0013530 0.0013009 0.0015097 0.0011968 0.0011968 0.0012489 0.0012493 0.0014055 0.0011968 0.0013536 0.0013530 0.0011447 0.0011966 0.0010914 0.0009874 0.0014576 0.0010927 0.0011448 0.0014056 0.0014056 0.0010926 0.0012489 0.0010927 0.0010925 0.0010925 0.0006235 0.0005195 0.0009874 0.0009874 0.0009874 0.0008314 0.0008314 0.0008834 0.0008834 0.0009354 0.0008844 0.0008834 0.0008834 0.0008834 0.0007795 0.0007795 0.0007794 0.0008314 0.0007274 0.0007274 0.0007794 0.0007794 0.0007794 0.0007274 0.0007794 0.0007794 0.0007274 0.0007274 0.0007274 0.0007274 0.0006755 0.0006235 0.0006235 0.0006755 0.0318678 0.0310625 0.0310079 0.0309492 0.0324218 0.0352404 0.0351639 0.0355878 1.3907153 1.3543091 
EBOV_H.sap-wt_SLE_14_Makona-Kenema-G5685_1_KR105317        1.9785347 1.9785070 1.8582755 1.8642676 1.8734762 0.0025029 0.0023994 0.0022934 0.0021372 0.0021372 0.0019802 0.0019800 0.0004156 0.0000000 0.0016669 0.0016667 0.0015622 0.0015624 0.0015106 0.0014057 0.0012493 0.0013014 0.0013536 0.0015102 0.0015620 0.0015099 0.0017189 0.0014057 0.0014057 0.0014579 0.0014583 0.0016146 0.0014057 0.0015627 0.0015620 0.0013536 0.0014054 0.0013012 0.0011969 0.0016667 0.0013016 0.0013537 0.0016147 0.0016147 0.0013014 0.0014579 0.0013015 0.0013014 0.0013014 0.0008314 0.0007274 0.0011969 0.0011969 0.0011970 0.0010407 0.0010406 0.0010927 0.0010927 0.0011448 0.0010931 0.0010928 0.0010929 0.0010927 0.0009886 0.0009886 0.0009885 0.0010406 0.0009364 0.0009364 0.0009885 0.0009885 0.0009885 0.0009364 0.0009886 0.0009886 0.0009364 0.0009364 0.0009365 0.0009364 0.0008834 0.0008314 0.0008314 0.0008846 0.0322176 0.0314112 0.0313567 0.0312979 0.0327720 0.0355943 0.0355176 0.0359422 1.3920895 1.3555203 
EBOV_H.sap-wt_GIN_14_Makona-Faranah-EM_078415_KR817160     1.9762245 1.9761969 1.8545932 1.8612275 1.8704219 0.0022934 0.0021898 0.0020841 0.0019279 0.0019279 0.0017710 0.0017708 0.0014578 0.0016669 0.0000000 0.0014578 0.0015619 0.0013535 0.0008845 0.0006755 0.0006235 0.0006755 0.0007274 0.0011971 0.0013532 0.0013011 0.0015099 0.0011969 0.0011969 0.0012491 0.0011970 0.0016144 0.0014055 0.0013538 0.0015617 0.0013534 0.0014052 0.0013010 0.0011967 0.0014578 0.0010928 0.0011450 0.0014058 0.0014058 0.0010927 0.0012491 0.0013013 0.0013012 0.0013012 0.0012492 0.0011450 0.0011967 0.0011968 0.0011968 0.0010405 0.0010404 0.0010926 0.0010926 0.0011447 0.0010929 0.0010926 0.0010927 0.0008834 0.0009885 0.0009885 0.0007794 0.0008314 0.0007274 0.0007274 0.0007794 0.0007794 0.0009874 0.0009354 0.0009885 0.0009885 0.0009354 0.0009354 0.0009354 0.0009354 0.0008834 0.0008314 0.0008314 0.0008845 0.0319856 0.0311799 0.0311254 0.0310666 0.0325398 0.0353598 0.0353977 0.0358221 1.3897581 1.3552067 
EBOV_H.sap-wt_SLE_14_Makona-Kailahun-20140517_KR653263     1.9763775 1.9763499 1.8571614 1.8633381 1.8723526 0.0022931 0.0021895 0.0021883 0.0019276 0.0019276 0.0017708 0.0017706 0.0014576 0.0016667 0.0014578 0.0000000 0.0015617 0.0013533 0.0013016 0.0011968 0.0010405 0.0010926 0.0011447 0.0013012 0.0006235 0.0013009 0.0015097 0.0011968 0.0011968 0.0012489 0.0012493 0.0016142 0.0014053 0.0013536 0.0015615 0.0013532 0.0014050 0.0013008 0.0011966 0.0014576 0.0010927 0.0011448 0.0014056 0.0014056 0.0010926 0.0012489 0.0013012 0.0013010 0.0013010 0.0012491 0.0011449 0.0011966 0.0011966 0.0011967 0.0010394 0.0010394 0.0010924 0.0010924 0.0011445 0.0010928 0.0010925 0.0010926 0.0008834 0.0009875 0.0009875 0.0007794 0.0007274 0.0007274 0.0007274 0.0006755 0.0006755 0.0009874 0.0009354 0.0009874 0.0009874 0.0009354 0.0009354 0.0009354 0.0009354 0.0008834 0.0008314 0.0008314 0.0008834 0.0319817 0.0311761 0.0311216 0.0310629 0.0325359 0.0353555 0.0353935 0.0358178 1.3889927 1.3532183 
EBOV_H.sap-wt_SLE_14_Makona-J0150_KP759696                 1.9757687 1.9757411 1.8563063 1.8622874 1.8714828 0.0023973 0.0022938 0.0022925 0.0020318 0.0020318 0.0018750 0.0018748 0.0013531 0.0015622 0.0015619 0.0015617 0.0000000 0.0014574 0.0014057 0.0013008 0.0011446 0.0011966 0.0012488 0.0014053 0.0014571 0.0014050 0.0016138 0.0013008 0.0013008 0.0013530 0.0013534 0.0015096 0.0013009 0.0014578 0.0014570 0.0012488 0.0013006 0.0011964 0.0010914 0.0015617 0.0011968 0.0012489 0.0015097 0.0015097 0.0011967 0.0013530 0.0011968 0.0009874 0.0009874 0.0011447 0.0010405 0.0010914 0.0010914 0.0010914 0.0009354 0.0009354 0.0009874 0.0009874 0.0010394 0.0007794 0.0009874 0.0009874 0.0009874 0.0008835 0.0008835 0.0008834 0.0009354 0.0008314 0.0008314 0.0008834 0.0008834 0.0006755 0.0006235 0.0008834 0.0008834 0.0008314 0.0008314 0.0008314 0.0008314 0.0007794 0.0007274 0.0007274 0.0007794 0.0319774 0.0311720 0.0311174 0.0310587 0.0325315 0.0353507 0.0353345 0.0357586 1.3874900 1.3541943 
EBOV_H.sap-wt_GIN_14_Makona-Gueckedou-EM_076138_KR817140   1.9767476 1.9767199 1.8583648 1.8639598 1.8731663 0.0021886 0.0020850 0.0020838 0.0018232 0.0018232 0.0016664 0.0016662 0.0013533 0.0015624 0.0013535 0.0013533 0.0014574 0.0000000 0.0011973 0.0010926 0.0009354 0.0009874 0.0010405 0.0011970 0.0012488 0.0011967 0.0014054 0.0010926 0.0010926 0.0011447 0.0011450 0.0015099 0.0013011 0.0012494 0.0014572 0.0012490 0.0013008 0.0011966 0.0010914 0.0013533 0.0009885 0.0010406 0.0013013 0.0013013 0.0009884 0.0011447 0.0011969 0.0011968 0.0011968 0.0011449 0.0010407 0.0010914 0.0010924 0.0010925 0.0009354 0.0009354 0.0009874 0.0009874 0.0010394 0.0009886 0.0009874 0.0009874 0.0007794 0.0008835 0.0008835 0.0006755 0.0007274 0.0006235 0.0006235 0.0006755 0.0006755 0.0008834 0.0008314 0.0008834 0.0008834 0.0008314 0.0008314 0.0008314 0.0008314 0.0007794 0.0007274 0.0007274 0.0007794 0.0317007 0.0309496 0.0308951 0.0308364 0.0323086 0.0351263 0.0350472 0.0355883 1.3905392 1.3553222 
EBOV_H.sap-wt_GIN_14_Makona-Beyla-EM_075931_KR817138       1.9755394 1.9755119 1.8531177 1.8590904 1.8682783 0.0021370 0.0020334 0.0019277 0.0017715 0.0017715 0.0016147 0.0016145 0.0013016 0.0015106 0.0008845 0.0013016 0.0014057 0.0011973 0.0000000 0.0006235 0.0004676 0.0005195 0.0005715 0.0010409 0.0011970 0.0011449 0.0013537 0.0010408 0.0010408 0.0010929 0.0010932 0.0014581 0.0012493 0.0011976 0.0014055 0.0011972 0.0012491 0.0011448 0.0010406 0.0013016 0.0009367 0.0009888 0.0012496 0.0012496 0.0009366 0.0010929 0.0011452 0.0011450 0.0011450 0.0010931 0.0009888 0.0010406 0.0010406 0.0010407 0.0008844 0.0008834 0.0009365 0.0009365 0.0009885 0.0009368 0.0009365 0.0009366 0.0007274 0.0008315 0.0008315 0.0006235 0.0006755 0.0005715 0.0005715 0.0006235 0.0006235 0.0008314 0.0007794 0.0008314 0.0008314 0.0007794 0.0007794 0.0007794 0.0007794 0.0007274 0.0006755 0.0006755 0.0007274 0.0318205 0.0310150 0.0309605 0.0309018 0.0323746 0.0351935 0.0352315 0.0356557 1.3907111 1.3574446 
EBOV_H.sap-wt_GIN_14_Makona-Kankan-EM_078639_KR817166      1.9784862 1.9784585 1.8551724 1.8611529 1.8701600 0.0020316 0.0019280 0.0018225 0.0016664 0.0016664 0.0015097 0.0015095 0.0011968 0.0014057 0.0006755 0.0011968 0.0013008 0.0010926 0.0006235 0.0000000 0.0003636 0.0004156 0.0004676 0.0009354 0.0010914 0.0010394 0.0012488 0.0009354 0.0009354 0.0009874 0.0009886 0.0013532 0.0011445 0.0010928 0.0013007 0.0010925 0.0011434 0.0010394 0.0009354 0.0011967 0.0008314 0.0008834 0.0011448 0.0011448 0.0008314 0.0009874 0.0010405 0.0010394 0.0010394 0.0009884 0.0008834 0.0009354 0.0009354 0.0009354 0.0007794 0.0007794 0.0008314 0.0008314 0.0008834 0.0008314 0.0008314 0.0008314 0.0006235 0.0007275 0.0007275 0.0005195 0.0005715 0.0004676 0.0004676 0.0005195 0.0005195 0.0007274 0.0006755 0.0007274 0.0007274 0.0006755 0.0006755 0.0006755 0.0006755 0.0006235 0.0005715 0.0005715 0.0006235 0.0315796 0.0307750 0.0307205 0.0306619 0.0321333 0.0349490 0.0349871 0.0354107 1.3885172 1.3555039 
EBOV_H.sap-wt_GIN_14_Makona-Macenta-EM_076191_KR817141     1.9768460 1.9768184 1.8553427 1.8613255 1.8705250 0.0018750 0.0017714 0.0016660 0.0015099 0.0015099 0.0013533 0.0013532 0.0010405 0.0012493 0.0006235 0.0010405 0.0011446 0.0009354 0.0004676 0.0003636 0.0000000 0.0002597 0.0003117 0.0007794 0.0009354 0.0008834 0.0010926 0.0007794 0.0007794 0.0008314 0.0008314 0.0011969 0.0009874 0.0009366 0.0011434 0.0009354 0.0009874 0.0008834 0.0007794 0.0010405 0.0006755 0.0007274 0.0009885 0.0009885 0.0006755 0.0008314 0.0008834 0.0008834 0.0008834 0.0008314 0.0007274 0.0007794 0.0007794 0.0007794 0.0006235 0.0006235 0.0006755 0.0006755 0.0007274 0.0006755 0.0006755 0.0006755 0.0004676 0.0005715 0.0005715 0.0003636 0.0004156 0.0003117 0.0003117 0.0003636 0.0003636 0.0005715 0.0005195 0.0005715 0.0005715 0.0005195 0.0005195 0.0005195 0.0005195 0.0004676 0.0004156 0.0004156 0.0004676 0.0314111 0.0306068 0.0305523 0.0304937 0.0319646 0.0347790 0.0347678 0.0351911 1.3882593 1.3563545 
EBOV_H.sap-wt_GIN_14_Makona-Kissidougou-EM_078694_KR817171 1.9774371 1.9774094 1.8547655 1.8607448 1.8699401 0.0019272 0.0018236 0.0017181 0.0015620 0.0015620 0.0014054 0.0014053 0.0010926 0.0013014 0.0006755 0.0010926 0.0011966 0.0009874 0.0005195 0.0004156 0.0002597 0.0000000 0.0000519 0.0008314 0.0009874 0.0009354 0.0011446 0.0008314 0.0008314 0.0008834 0.0008834 0.0012490 0.0010394 0.0009886 0.0011965 0.0009874 0.0010394 0.0009354 0.0008314 0.0010926 0.0007274 0.0007794 0.0010406 0.0010406 0.0007274 0.0008834 0.0009354 0.0009354 0.0009354 0.0008834 0.0007794 0.0008314 0.0008314 0.0008314 0.0006755 0.0006755 0.0007274 0.0007274 0.0007794 0.0007274 0.0007274 0.0007274 0.0005195 0.0006235 0.0006235 0.0004156 0.0004676 0.0003636 0.0003636 0.0004156 0.0004156 0.0006235 0.0005715 0.0006235 0.0006235 0.0005715 0.0005715 0.0005715 0.0005715 0.0005195 0.0004676 0.0004676 0.0005195 0.0314666 0.0306623 0.0306078 0.0305492 0.0321337 0.0349494 0.0349876 0.0354112 1.3889971 1.3564269 
EBOV_H.sap-wt_GIN_14_Makona-Kissidougou-EM_078722_KR817175 1.9765567 1.9765291 1.8539424 1.8599184 1.8691100 0.0019795 0.0018759 0.0017704 0.0016143 0.0016143 0.0014576 0.0014575 0.0011447 0.0013536 0.0007274 0.0011447 0.0012488 0.0010405 0.0005715 0.0004676 0.0003117 0.0000519 0.0000000 0.0008834 0.0010394 0.0009874 0.0011968 0.0008834 0.0008834 0.0009354 0.0009365 0.0013011 0.0010925 0.0010408 0.0012486 0.0010404 0.0010914 0.0009874 0.0008834 0.0011447 0.0007794 0.0008314 0.0010927 0.0010927 0.0007794 0.0009354 0.0009884 0.0009874 0.0009874 0.0009354 0.0008314 0.0008834 0.0008834 0.0008834 0.0007274 0.0007274 0.0007794 0.0007794 0.0008314 0.0007794 0.0007794 0.0007794 0.0005715 0.0006755 0.0006755 0.0004676 0.0005195 0.0004156 0.0004156 0.0004676 0.0004676 0.0006755 0.0006235 0.0006755 0.0006755 0.0006235 0.0006235 0.0006235 0.0006235 0.0005715 0.0005195 0.0005195 0.0005715 0.0315248 0.0307203 0.0306658 0.0306072 0.0321920 0.0350083 0.0350465 0.0354702 1.3895856 1.3568580 
EBOV_H.sap-wt_LBR_14_Makona-LIBR0505_KR006957              1.9783481 1.9783204 1.8566650 1.8626501 1.8723999 0.0020843 0.0019807 0.0019272 0.0017710 0.0017710 0.0016143 0.0016141 0.0013012 0.0015102 0.0011971 0.0013012 0.0014053 0.0011970 0.0010409 0.0009354 0.0007794 0.0008314 0.0008834 0.0000000 0.0011967 0.0011446 0.0013533 0.0010405 0.0010405 0.0010926 0.0010929 0.0014577 0.0012490 0.0011972 0.0014051 0.0011969 0.0012487 0.0011445 0.0010394 0.0013012 0.0009364 0.0009885 0.0012492 0.0012492 0.0009354 0.0010926 0.0011448 0.0011447 0.0011447 0.0010928 0.0009886 0.0010394 0.0010394 0.0010404 0.0008834 0.0008834 0.0009354 0.0009354 0.0009874 0.0009365 0.0009354 0.0009354 0.0007274 0.0008315 0.0008315 0.0006235 0.0006755 0.0005715 0.0005715 0.0006235 0.0006235 0.0008314 0.0007794 0.0008314 0.0008314 0.0007794 0.0007794 0.0007794 0.0007794 0.0007274 0.0006755 0.0006755 0.0007274 0.0318122 0.0310069 0.0309524 0.0308937 0.0323662 0.0351844 0.0352225 0.0356465 1.3899333 1.3553748 
EBOV_H.sap-wt_SLE_14_Makona-G4973_1_KR105286               1.9787149 1.9786872 1.8564034 1.8625759 1.8715855 0.0021881 0.0020846 0.0020834 0.0018228 0.0018228 0.0016661 0.0016659 0.0013530 0.0015620 0.0013532 0.0006235 0.0014571 0.0012488 0.0011970 0.0010914 0.0009354 0.0009874 0.0010394 0.0011967 0.0000000 0.0011954 0.0014051 0.0010914 0.0010914 0.0011444 0.0011448 0.0015095 0.0013008 0.0012491 0.0014569 0.0012487 0.0013005 0.0011954 0.0010914 0.0013530 0.0009874 0.0010394 0.0013010 0.0013010 0.0009874 0.0011445 0.0011967 0.0011965 0.0011965 0.0011446 0.0010404 0.0010914 0.0010914 0.0010914 0.0009354 0.0009354 0.0009874 0.0009874 0.0010394 0.0009874 0.0009874 0.0009874 0.0007794 0.0008835 0.0008835 0.0006755 0.0006235 0.0006235 0.0006235 0.0005715 0.0005715 0.0008834 0.0008314 0.0008834 0.0008834 0.0008314 0.0008314 0.0008314 0.0008314 0.0007794 0.0007274 0.0007274 0.0007794 0.0318609 0.0310558 0.0310012 0.0309426 0.0324148 0.0352327 0.0352708 0.0356948 1.3899671 1.3541689 
EBOV_H.sap-wt_GIN_14_Makona-Macenta-EM_000982_KR817086     1.9802009 1.9801731 1.8539931 1.8599715 1.8697157 0.0021359 0.0020323 0.0020311 0.0017706 0.0017706 0.0016139 0.0016137 0.0013009 0.0015099 0.0013011 0.0013009 0.0014050 0.0011967 0.0011449 0.0010394 0.0008834 0.0009354 0.0009874 0.0011446 0.0011954 0.0000000 0.0013530 0.0010394 0.0010394 0.0010914 0.0010927 0.0014574 0.0012487 0.0011970 0.0014048 0.0011966 0.0012475 0.0011434 0.0010394 0.0013009 0.0009354 0.0009874 0.0012489 0.0012489 0.0009354 0.0010914 0.0011446 0.0011434 0.0011434 0.0010925 0.0009874 0.0010394 0.0010394 0.0010394 0.0008834 0.0008834 0.0009354 0.0009354 0.0009874 0.0009354 0.0009354 0.0009354 0.0007274 0.0008315 0.0008315 0.0006235 0.0006755 0.0005715 0.0005715 0.0006235 0.0006235 0.0008314 0.0007794 0.0008314 0.0008314 0.0007794 0.0007794 0.0007794 0.0007794 0.0007274 0.0006755 0.0006755 0.0007274 0.0318043 0.0309992 0.0309447 0.0308860 0.0322446 0.0351755 0.0352136 0.0356375 1.3876397 1.3555340 
EBOV_H.sap-wt_GIN_14_Makona-Macenta-EM_079424_KR817189     1.9809723 1.9809444 1.8565203 1.8618533 1.8710613 0.0016138 0.0015101 0.0015093 0.0011447 0.0011447 0.0010925 0.0010914 0.0015097 0.0017189 0.0015099 0.0015097 0.0016138 0.0014054 0.0013537 0.0012488 0.0010926 0.0011446 0.0011968 0.0013533 0.0014051 0.0013530 0.0000000 0.0004156 0.0004156 0.0002597 0.0013014 0.0016663 0.0014574 0.0014058 0.0016136 0.0014053 0.0014571 0.0013529 0.0012487 0.0015097 0.0011448 0.0011969 0.0014577 0.0014577 0.0011447 0.0013010 0.0013533 0.0013531 0.0013531 0.0013012 0.0011969 0.0012487 0.0012487 0.0012488 0.0010924 0.0010914 0.0011445 0.0011445 0.0011966 0.0011449 0.0011445 0.0011446 0.0007274 0.0010395 0.0010395 0.0008314 0.0008834 0.0007794 0.0007794 0.0008314 0.0008314 0.0010394 0.0009874 0.0010404 0.0010404 0.0009874 0.0009874 0.0009874 0.0009874 0.0009354 0.0008834 0.0008834 0.0009354 0.0311217 0.0303183 0.0302638 0.0302053 0.0316749 0.0344863 0.0345246 0.0349474 1.3909134 1.3557369 
EBOV_H.sap-tc_GIN_14_Makona-Gueckedou-C07_KP096421         1.9796001 1.9795723 1.8558352 1.8611629 1.8703630 0.0013008 0.0011971 0.0011954 0.0008314 0.0008314 0.0007794 0.0007794 0.0011968 0.0014057 0.0011969 0.0011968 0.0013008 0.0010926 0.0010408 0.0009354 0.0007794 0.0008314 0.0008834 0.0010405 0.0010914 0.0010394 0.0004156 0.0000000 0.0000010 0.0001558 0.0009886 0.0013532 0.0011445 0.0010928 0.0013007 0.0010925 0.0011434 0.0010394 0.0009354 0.0011968 0.0008314 0.0008834 0.0011448 0.0011448 0.0008314 0.0009874 0.0010405 0.0010394 0.0010394 0.0009884 0.0008834 0.0009354 0.0009354 0.0009354 0.0007794 0.0007794 0.0008314 0.0008314 0.0008834 0.0008314 0.0008314 0.0008314 0.0004156 0.0007275 0.0007275 0.0005195 0.0005715 0.0004676 0.0004676 0.0005195 0.0005195 0.0007274 0.0006755 0.0007274 0.0007274 0.0006755 0.0006755 0.0006755 0.0006755 0.0006235 0.0005715 0.0005715 0.0006235 0.0307782 0.0299756 0.0299211 0.0298626 0.0313310 0.0341390 0.0341775 0.0345997 1.3893859 1.3537486 
EBOV_H.sap-wt_GIN_14_Makona-Gueckedou-C07_KT013256         1.9796001 1.9795723 1.8558352 1.8611629 1.8703630 0.0013008 0.0011971 0.0011954 0.0008314 0.0008314 0.0007794 0.0007794 0.0011968 0.0014057 0.0011969 0.0011968 0.0013008 0.0010926 0.0010408 0.0009354 0.0007794 0.0008314 0.0008834 0.0010405 0.0010914 0.0010394 0.0004156 0.0000010 0.0000000 0.0001558 0.0009886 0.0013532 0.0011445 0.0010928 0.0013007 0.0010925 0.0011434 0.0010394 0.0009354 0.0011968 0.0008314 0.0008834 0.0011448 0.0011448 0.0008314 0.0009874 0.0010405 0.0010394 0.0010394 0.0009884 0.0008834 0.0009354 0.0009354 0.0009354 0.0007794 0.0007794 0.0008314 0.0008314 0.0008834 0.0008314 0.0008314 0.0008314 0.0004156 0.0007275 0.0007275 0.0005195 0.0005715 0.0004676 0.0004676 0.0005195 0.0005195 0.0007274 0.0006755 0.0007274 0.0007274 0.0006755 0.0006755 0.0006755 0.0006755 0.0006235 0.0005715 0.0005715 0.0006235 0.0307782 0.0299756 0.0299211 0.0298626 0.0313310 0.0341390 0.0341775 0.0345997 1.3893859 1.3537486 
EBOV_H.sap-wt_GIN_14_Makona-Macenta-EM_079422_KR817187     1.9790069 1.9789791 1.8552535 1.8605802 1.8697799 0.0013529 0.0012492 0.0012485 0.0008834 0.0008834 0.0008314 0.0008314 0.0012489 0.0014579 0.0012491 0.0012489 0.0013530 0.0011447 0.0010929 0.0009874 0.0008314 0.0008834 0.0009354 0.0010926 0.0011444 0.0010914 0.0002597 0.0001558 0.0001558 0.0000000 0.0010407 0.0014054 0.0011967 0.0011450 0.0013528 0.0011446 0.0011954 0.0010914 0.0009874 0.0012489 0.0008834 0.0009354 0.0011969 0.0011969 0.0008834 0.0010394 0.0010926 0.0010924 0.0010924 0.0010405 0.0009354 0.0009874 0.0009874 0.0009874 0.0008314 0.0008314 0.0008834 0.0008834 0.0009354 0.0008834 0.0008834 0.0008834 0.0004676 0.0007795 0.0007795 0.0005715 0.0006235 0.0005195 0.0005195 0.0005715 0.0005715 0.0007794 0.0007274 0.0007794 0.0007794 0.0007274 0.0007274 0.0007274 0.0007274 0.0006755 0.0006235 0.0006235 0.0006755 0.0308353 0.0300326 0.0299781 0.0299197 0.0313882 0.0341968 0.0342352 0.0346575 1.3896764 1.3542798 
EBOV_H.sap-wt_LBR_15_Makona-Liberia-DQE6_KR075000          1.9767941 1.9767665 1.8546323 1.8611869 1.8703845 0.0020845 0.0019809 0.0019797 0.0017191 0.0017191 0.0015623 0.0015622 0.0012493 0.0014583 0.0011970 0.0012493 0.0013534 0.0011450 0.0010932 0.0009886 0.0008314 0.0008834 0.0009365 0.0010929 0.0011448 0.0010927 0.0013014 0.0009886 0.0009886 0.0010407 0.0000000 0.0014058 0.0011970 0.0011453 0.0013532 0.0011449 0.0011968 0.0010926 0.0009884 0.0012493 0.0008845 0.0009366 0.0011973 0.0011973 0.0008844 0.0010407 0.0010929 0.0010928 0.0010928 0.0010408 0.0009366 0.0009884 0.0009884 0.0009885 0.0008314 0.0008314 0.0008834 0.0008834 0.0009354 0.0008846 0.0008834 0.0008834 0.0006755 0.0007795 0.0007795 0.0005715 0.0006235 0.0005195 0.0005195 0.0005715 0.0005715 0.0007794 0.0007274 0.0007794 0.0007794 0.0007274 0.0007274 0.0007274 0.0007274 0.0006755 0.0006235 0.0006235 0.0006755 0.0317051 0.0309000 0.0308455 0.0307868 0.0323142 0.0351323 0.0351703 0.0355944 1.3896557 1.3555211 
EBOV_H.sap-wt_SLE_14_Makona-Koinadugu-20143659_KR653256    1.9802799 1.9802521 1.8566706 1.8627344 1.8719304 0.0024501 0.0023465 0.0023452 0.0020844 0.0020844 0.0019275 0.0019273 0.0014055 0.0016146 0.0016144 0.0016142 0.0015096 0.0015099 0.0014581 0.0013532 0.0011969 0.0012490 0.0013011 0.0014577 0.0015095 0.0014574 0.0016663 0.0013532 0.0013532 0.0014054 0.0014058 0.0000000 0.0013532 0.0015102 0.0008834 0.0006755 0.0007274 0.0006235 0.0005195 0.0016142 0.0012491 0.0013013 0.0015622 0.0015622 0.0012490 0.0014054 0.0010406 0.0012489 0.0012489 0.0011970 0.0010928 0.0009354 0.0009354 0.0009354 0.0009874 0.0009874 0.0010394 0.0010394 0.0010925 0.0010407 0.0008314 0.0008314 0.0010394 0.0009355 0.0009355 0.0009354 0.0009874 0.0008834 0.0008834 0.0009354 0.0009354 0.0009354 0.0008834 0.0007274 0.0007274 0.0006755 0.0008834 0.0008834 0.0008834 0.0008314 0.0007794 0.0007794 0.0008314 0.0320396 0.0312339 0.0311794 0.0311206 0.0325938 0.0352989 0.0352219 0.0356460 1.3908391 1.3552478 
EBOV_H.sap-wt_SLE_14_Makona-Kenema-G5059_1_KR105296        1.9788839 1.9788562 1.8555132 1.8613405 1.8707438 0.0022406 0.0021371 0.0021358 0.0018752 0.0018752 0.0017184 0.0017182 0.0011968 0.0014057 0.0014055 0.0014053 0.0013009 0.0013011 0.0012493 0.0011445 0.0009874 0.0010394 0.0010925 0.0012490 0.0013008 0.0012487 0.0014574 0.0011445 0.0011445 0.0011967 0.0011970 0.0013532 0.0000000 0.0013014 0.0013007 0.0010925 0.0011434 0.0010394 0.0009354 0.0014053 0.0010405 0.0010926 0.0013533 0.0013533 0.0010394 0.0011967 0.0010405 0.0010394 0.0010394 0.0009884 0.0008834 0.0009354 0.0009354 0.0009354 0.0007794 0.0007794 0.0006235 0.0006235 0.0006755 0.0008314 0.0008314 0.0008314 0.0008314 0.0007275 0.0007275 0.0007274 0.0007794 0.0006755 0.0006755 0.0007274 0.0007274 0.0007274 0.0006755 0.0007274 0.0007274 0.0006755 0.0004676 0.0006755 0.0006755 0.0006235 0.0005715 0.0005715 0.0006235 0.0319214 0.0311160 0.0310615 0.0310028 0.0324214 0.0352942 0.0353322 0.0357563 1.3900921 1.3544136 
EBOV_H.sap-wt_GIN_14_Makona-Macenta-EM_076322_KR817145     1.9782016 1.9781739 1.8544743 1.8606400 1.8696427 0.0021891 0.0020855 0.0020843 0.0018236 0.0018236 0.0016668 0.0016666 0.0013536 0.0015627 0.0013538 0.0013536 0.0014578 0.0012494 0.0011976 0.0010928 0.0009366 0.0009886 0.0010408 0.0011972 0.0012491 0.0011970 0.0014058 0.0010928 0.0010928 0.0011450 0.0011453 0.0015102 0.0013014 0.0000000 0.0014576 0.0011450 0.0013011 0.0011969 0.0010927 0.0008314 0.0004676 0.0005195 0.0009888 0.0009888 0.0006755 0.0008314 0.0011972 0.0011971 0.0011971 0.0011451 0.0010409 0.0010927 0.0010927 0.0010928 0.0009364 0.0009354 0.0009885 0.0009885 0.0010406 0.0009888 0.0009885 0.0009886 0.0007794 0.0008835 0.0008835 0.0006755 0.0007274 0.0006235 0.0006235 0.0006755 0.0006755 0.0008834 0.0008314 0.0008844 0.0008844 0.0008314 0.0008314 0.0008314 0.0008314 0.0007794 0.0007274 0.0007274 0.0007794 0.0317620 0.0309567 0.0309021 0.0308435 0.0323756 0.0351946 0.0352327 0.0356568 1.3927470 1.3554025 
EBOV_H.sap-wt_SLE_14_Makona-PortLoko-J0083_KP759752        1.9792273 1.9791995 1.8569246 1.8629100 1.8721106 0.0023970 0.0022935 0.0022922 0.0020316 0.0020316 0.0018747 0.0018745 0.0013530 0.0015620 0.0015617 0.0015615 0.0014570 0.0014572 0.0014055 0.0013007 0.0011434 0.0011965 0.0012486 0.0014051 0.0014569 0.0014048 0.0016136 0.0013007 0.0013007 0.0013528 0.0013532 0.0008834 0.0013007 0.0014576 0.0000000 0.0006235 0.0004676 0.0004676 0.0003636 0.0015615 0.0011966 0.0012488 0.0015095 0.0015095 0.0011965 0.0013529 0.0009874 0.0011964 0.0011964 0.0011446 0.0010394 0.0008834 0.0008834 0.0008834 0.0009354 0.0009354 0.0009874 0.0009874 0.0010394 0.0009874 0.0007794 0.0007794 0.0009874 0.0008835 0.0008835 0.0008834 0.0009354 0.0008314 0.0008314 0.0008834 0.0008834 0.0008834 0.0008314 0.0006755 0.0006755 0.0006235 0.0008314 0.0008314 0.0008314 0.0007794 0.0007274 0.0007274 0.0007794 0.0320866 0.0312810 0.0312265 0.0311678 0.0325271 0.0352309 0.0352689 0.0356929 1.3898246 1.3543572 
EBOV_H.sap-wt_SLE_14_Makona-J0128_KP759677                 1.9777780 1.9777503 1.8566821 1.8626665 1.8718662 0.0021884 0.0020848 0.0020836 0.0018231 0.0018231 0.0016663 0.0016661 0.0011447 0.0013536 0.0013534 0.0013532 0.0012488 0.0012490 0.0011972 0.0010925 0.0009354 0.0009874 0.0010404 0.0011969 0.0012487 0.0011966 0.0014053 0.0010925 0.0010925 0.0011446 0.0011449 0.0006755 0.0010925 0.0011450 0.0006235 0.0000000 0.0004676 0.0003636 0.0002597 0.0013532 0.0009884 0.0010405 0.0013012 0.0013012 0.0009874 0.0011446 0.0007794 0.0009874 0.0009874 0.0009354 0.0008314 0.0006755 0.0006755 0.0006755 0.0007274 0.0007274 0.0007794 0.0007794 0.0008314 0.0007794 0.0005715 0.0005715 0.0007794 0.0006755 0.0006755 0.0006755 0.0007274 0.0006235 0.0006235 0.0006755 0.0006755 0.0006755 0.0006235 0.0004676 0.0004676 0.0004156 0.0006235 0.0006235 0.0006235 0.0005715 0.0005195 0.0005195 0.0005715 0.0318656 0.0310603 0.0310058 0.0309471 0.0324196 0.0350633 0.0351610 0.0355849 1.3907966 1.3560295 
EBOV_H.sap-wt_SLE_14_Makona-J0119_KP759667                 1.9793732 1.9793454 1.8555174 1.8614977 1.8706932 0.0022402 0.0021366 0.0021354 0.0018749 0.0018749 0.0017181 0.0017179 0.0011966 0.0014054 0.0014052 0.0014050 0.0013006 0.0013008 0.0012491 0.0011434 0.0009874 0.0010394 0.0010914 0.0012487 0.0013005 0.0012475 0.0014571 0.0011434 0.0011434 0.0011954 0.0011968 0.0007274 0.0011434 0.0013011 0.0004676 0.0004676 0.0000000 0.0003117 0.0002078 0.0014050 0.0010394 0.0010914 0.0013531 0.0013531 0.0010394 0.0011965 0.0008314 0.0010394 0.0010394 0.0009874 0.0008834 0.0007274 0.0007274 0.0007274 0.0007794 0.0007794 0.0008314 0.0008314 0.0008834 0.0008314 0.0006235 0.0006235 0.0008314 0.0007275 0.0007275 0.0007274 0.0007794 0.0006755 0.0006755 0.0007274 0.0007274 0.0007274 0.0006755 0.0005195 0.0005195 0.0004676 0.0006755 0.0006755 0.0006755 0.0006235 0.0005715 0.0005715 0.0006235 0.0319149 0.0311097 0.0310552 0.0309965 0.0323552 0.0350574 0.0350955 0.0355192 1.3891062 1.3549525 
EBOV_H.sap-wt_SLE_14_Makona-J0158_KP759700                 1.9776537 1.9776260 1.8550233 1.8610030 1.8701984 0.0021357 0.0020322 0.0020310 0.0017705 0.0017705 0.0016138 0.0016136 0.0010914 0.0013012 0.0013010 0.0013008 0.0011964 0.0011966 0.0011448 0.0010394 0.0008834 0.0009354 0.0009874 0.0011445 0.0011954 0.0011434 0.0013529 0.0010394 0.0010394 0.0010914 0.0010926 0.0006235 0.0010394 0.0011969 0.0004676 0.0003636 0.0003117 0.0000000 0.0001039 0.0013008 0.0009354 0.0009874 0.0012489 0.0012489 0.0009354 0.0010914 0.0007274 0.0009354 0.0009354 0.0008834 0.0007794 0.0006235 0.0006235 0.0006235 0.0006755 0.0006755 0.0007274 0.0007274 0.0007794 0.0007274 0.0005195 0.0005195 0.0007274 0.0006235 0.0006235 0.0006235 0.0006755 0.0005715 0.0005715 0.0006235 0.0006235 0.0006235 0.0005715 0.0004156 0.0004156 0.0003636 0.0005715 0.0005715 0.0005715 0.0005195 0.0004676 0.0004676 0.0005195 0.0318021 0.0309971 0.0309426 0.0308839 0.0322424 0.0349437 0.0349818 0.0354054 1.3889655 1.3539940 
EBOV_H.sap-wt_SLE_14_Makona-PortLoko-20140024_KR653252     1.9781934 1.9781657 1.8555573 1.8615377 1.8707330 0.0020313 0.0019277 0.0019266 0.0016661 0.0016661 0.0015095 0.0015093 0.0009874 0.0011969 0.0011967 0.0011966 0.0010914 0.0010914 0.0010406 0.0009354 0.0007794 0.0008314 0.0008834 0.0010394 0.0010914 0.0010394 0.0012487 0.0009354 0.0009354 0.0009874 0.0009884 0.0005195 0.0009354 0.0010927 0.0003636 0.0002597 0.0002078 0.0001039 0.0000000 0.0011966 0.0008314 0.0008834 0.0011446 0.0011446 0.0008314 0.0009874 0.0006235 0.0008314 0.0008314 0.0007794 0.0006755 0.0005195 0.0005195 0.0005195 0.0005715 0.0005715 0.0006235 0.0006235 0.0006755 0.0006235 0.0004156 0.0004156 0.0006235 0.0005196 0.0005196 0.0005195 0.0005715 0.0004676 0.0004676 0.0005195 0.0005195 0.0005195 0.0004676 0.0003117 0.0003117 0.0002597 0.0004676 0.0004676 0.0004676 0.0004156 0.0003636 0.0003636 0.0004156 0.0316883 0.0308835 0.0308290 0.0307704 0.0321285 0.0348288 0.0348670 0.0352903 1.3886251 1.3539775 
EBOV_H.sap-wt_GIN_14_Makona-Nzerekore-EM_074437_KR817117   1.9779906 1.9779629 1.8525459 1.8592782 1.8682744 0.0022931 0.0021895 0.0021883 0.0019276 0.0019276 0.0017708 0.0017706 0.0014576 0.0016667 0.0014578 0.0014576 0.0015617 0.0013533 0.0013016 0.0011967 0.0010405 0.0010926 0.0011447 0.0013012 0.0013530 0.0013009 0.0015097 0.0011968 0.0011968 0.0012489 0.0012493 0.0016142 0.0014053 0.0008314 0.0015615 0.0013532 0.0014050 0.0013008 0.0011966 0.0000000 0.0003636 0.0004156 0.0010928 0.0010928 0.0007794 0.0009354 0.0013012 0.0013010 0.0013010 0.0012491 0.0011448 0.0011966 0.0011966 0.0011967 0.0010394 0.0010394 0.0010914 0.0010914 0.0011445 0.0010928 0.0010925 0.0010926 0.0008834 0.0009875 0.0009875 0.0007794 0.0008314 0.0007274 0.0007274 0.0007794 0.0007794 0.0009874 0.0009354 0.0009874 0.0009874 0.0009354 0.0009354 0.0009354 0.0009354 0.0008834 0.0008314 0.0008314 0.0008834 0.0318676 0.0310623 0.0310078 0.0309491 0.0325353 0.0353548 0.0353928 0.0358171 1.3919562 1.3559369 
