100
02A1.GH.97.97GH_AG2.AB052867           0.0000000 0.3616667 0.4486096 0.5371465 0.5923306 0.6134895 0.6544439 0.5366791 0.5446487 0.5654531 0.5734567 0.5281493 0.5328477 0.5976762 0.8698918 0.8525962 0.8979717 0.8757163 0.8879031 0.8809442 0.8663625 0.8404538 0.9086174 0.9376910 0.9964161 0.9738563 0.8454703 0.8729605 0.8465320 0.8163666 0.8365830 0.5805916 0.6051794 0.5972758 0.6373554 0.8007502 0.6303652 0.6339806 0.7222594 0.6337852 0.6606096 0.7542025 0.8214600 0.5694220 0.5329102 0.4903562 0.4696715 0.7881448 0.7635370 0.8122424 0.8599609 0.8516209 0.8641843 0.8492545 0.7753505 0.8109126 0.8005579 0.7946662 0.8318869 0.8160793 0.7736276 0.7485013 0.8036059 0.8989192 0.8240595 0.7992240 0.8151895 0.8006193 0.8200979 0.8395367 0.7802758 0.8177912 0.7846743 0.7606891 0.7548705 0.8285158 1.0783890 0.8368980 0.7836779 0.8248380 0.8307382 0.7405672 0.7434349 0.7235577 0.7060027 0.6417643 0.7533782 0.6188835 0.4937444 0.4313673 0.4007090 0.5637600 0.3437471 0.3492521 0.3563570 0.4195790 1.7903016 1.8418023 1.7950134 2.5818687 
02A.CI.16.DEURF16CI011.MH078538        0.3616667 0.0000000 0.5176414 0.6047188 0.6646330 0.6903752 0.7215988 0.5852140 0.5954697 0.6170614 0.6190167 0.5964751 0.5805845 0.6606247 0.9144796 0.9110013 0.9672440 0.9210833 0.9305270 0.9297487 0.9101449 0.9003513 0.9380455 0.9847679 1.0515707 1.0267291 0.9009292 0.9271135 0.9128346 0.8881905 0.8936684 0.6329710 0.6733761 0.6656307 0.7124054 0.8786175 0.7021989 0.7056389 0.7945443 0.6975199 0.7197668 0.8068112 0.8824506 0.6210866 0.5943347 0.5706882 0.5281984 0.8353190 0.8164455 0.8711798 0.9235104 0.8909810 0.8978930 0.9040581 0.8337403 0.8539037 0.8551705 0.8453491 0.8838335 0.8603151 0.8183051 0.7786830 0.8667634 0.9410864 0.8872531 0.8682108 0.8785070 0.8447803 0.8826107 0.8972040 0.8319298 0.8572954 0.8481318 0.7985756 0.8043649 0.8902107 1.1092744 0.8697369 0.8251092 0.8625827 0.8788965 0.7959008 0.7996182 0.7774797 0.7563502 0.6922079 0.8458410 0.6671709 0.5671514 0.4871023 0.4621638 0.6333136 0.4018704 0.3951537 0.4222318 0.4851445 1.7664397 1.8791214 1.8736824 2.6323961 
AGU.CM.06.770_8.MH705142               0.4486096 0.5176414 0.0000000 0.5132679 0.5783502 0.6092986 0.6323050 0.5525704 0.5742427 0.5849776 0.5923744 0.5368399 0.5382194 0.6165159 0.8748791 0.8389790 0.8975001 0.8645598 0.8859788 0.8819729 0.8647675 0.8369572 0.8858605 0.9542297 0.9924305 0.9703725 0.8422933 0.8687159 0.8526457 0.8330921 0.8386564 0.6007658 0.6429986 0.6535873 0.6821188 0.8296542 0.6637205 0.6596227 0.7459050 0.6592424 0.6786819 0.7772378 0.8647248 0.5944303 0.5641282 0.5321228 0.4976100 0.8071036 0.8071259 0.8569494 0.8916917 0.8761225 0.8696587 0.8783536 0.7981084 0.8478300 0.8358428 0.7922498 0.8437852 0.8387760 0.8034259 0.7542186 0.8250919 0.9031146 0.8380214 0.8209670 0.8357722 0.8193045 0.8353346 0.8360638 0.8208087 0.8266640 0.8148081 0.8033872 0.7840394 0.8426452 1.1144982 0.8773334 0.8298336 0.8579663 0.8627590 0.7668610 0.7808269 0.7579559 0.7164653 0.6691468 0.7969620 0.6359071 0.5663913 0.5321420 0.4948971 0.6948539 0.4703492 0.4818898 0.4713863 0.5493494 1.8687741 1.9286902 1.9077932 2.7049574 
G.NG.92.92NG083_JV10832.U88826         0.5371465 0.6047188 0.5132679 0.0000000 0.3570915 0.3985020 0.4149499 0.6463488 0.6566378 0.6835062 0.6878004 0.6416846 0.6437225 0.7024332 0.9862416 0.9581163 1.0410873 1.0028819 1.0263431 1.0328934 0.9919528 0.9616957 1.0125434 1.0525698 1.1168525 1.0663318 0.9609638 0.9924718 0.9931035 0.9507540 0.9459545 0.6798855 0.7011921 0.7145541 0.7509877 0.9074959 0.7471004 0.7454544 0.8261786 0.7485894 0.7708306 0.8515804 0.9360288 0.6603396 0.6222045 0.5987907 0.5775726 0.8740258 0.8843491 0.9089668 0.9507961 0.9523094 0.9423125 0.9539749 0.8695385 0.9156896 0.9113276 0.8650388 0.9239276 0.9238242 0.8732910 0.8457771 0.8964165 0.9963863 0.9014017 0.9290551 0.9155340 0.9129600 0.9106116 0.9321353 0.8982418 0.9114734 0.8975577 0.8567993 0.8266915 0.9242754 1.1803050 0.9174948 0.8543944 0.9194994 0.9390948 0.8344621 0.8480594 0.8175907 0.7853278 0.7498704 0.8680088 0.7249850 0.6391330 0.5981509 0.5742703 0.7700355 0.5430893 0.5555009 0.5511063 0.6261830 2.0343284 2.0338925 1.9925605 2.7256292 
G.NG.09.09NG010261.KX389626            0.5923306 0.6646330 0.5783502 0.3570915 0.0000000 0.4715145 0.4876252 0.7068728 0.7230041 0.7502370 0.7346371 0.7005680 0.7037609 0.7720667 1.0138027 1.0165555 1.0979667 1.0692042 1.0634006 1.0917767 1.0325445 1.0334675 1.0778504 1.0979094 1.1871714 1.1634178 1.0064243 1.0558418 1.0380335 1.0175715 1.0363703 0.7445698 0.7896717 0.8095811 0.8374206 0.9987733 0.8065075 0.8323830 0.8989088 0.8196555 0.8523985 0.9579325 1.0126159 0.7314874 0.6930998 0.6591353 0.6474997 0.9590186 0.9259962 0.9730750 1.0080126 0.9995873 1.0014633 1.0082260 0.9267833 0.9826689 0.9524702 0.9424919 0.9928297 0.9735384 0.9370235 0.8866965 0.9472027 1.0618682 0.9695771 0.9477625 0.9820195 0.9756003 0.9475252 0.9912341 0.9417937 0.9468838 0.9569254 0.9240391 0.8928636 0.9819283 1.2028640 0.9751731 0.9330325 0.9649639 0.9832706 0.8973184 0.8865714 0.8614630 0.8568556 0.8098759 0.9517744 0.7817631 0.7285913 0.6723335 0.6418845 0.8342629 0.6075653 0.6179443 0.6159674 0.6948914 2.0758945 2.1114373 1.9950354 2.8362333 
01F2G.CM.02.LT31.JN864056              0.6134895 0.6903752 0.6092986 0.3985020 0.4715145 0.0000000 0.4159009 0.7402295 0.7285651 0.7581830 0.7692086 0.7121074 0.7194625 0.7800409 1.0708610 1.0404414 1.1024337 1.0714226 1.1088153 1.1115929 1.0728482 1.0405129 1.0981161 1.1647175 1.2236648 1.1625017 1.0496137 1.0765233 1.0553251 1.0211222 1.0602511 0.7843706 0.7956858 0.7932535 0.8420966 1.0008295 0.8141804 0.8394795 0.9021143 0.8194866 0.8477888 0.9312867 1.0039076 0.7525488 0.7118293 0.6823567 0.6589850 0.9679427 0.9699238 1.0234064 1.0633321 1.0396150 1.0206858 1.0286401 0.9733422 0.9984359 1.0056343 0.9266254 1.0170204 0.9932766 0.9554344 0.9424042 0.9943260 1.1043994 1.0080122 1.0188528 1.0114779 1.0045180 1.0193320 1.0409389 0.9807850 1.0228607 0.9963390 0.9674001 0.9519699 1.0208738 1.2737779 1.0564564 0.9848324 1.0195972 1.0402102 0.9358913 0.9419768 0.9105421 0.8825818 0.8346705 0.9491003 0.8161862 0.7503064 0.6956630 0.6652811 0.8710332 0.6280452 0.6328602 0.6391356 0.7319149 2.0795976 2.1498659 2.0616711 2.8209765 
BCG.ES.15.100_119.KY496623             0.6544439 0.7215988 0.6323050 0.4149499 0.4876252 0.4159009 0.0000000 0.7635767 0.7609522 0.7939868 0.8041947 0.7465938 0.7627252 0.8027867 1.0684970 1.0709197 1.1538087 1.0879352 1.1329578 1.1433464 1.0738528 1.0564505 1.0987698 1.1530321 1.2260313 1.1775522 1.0482504 1.0641609 1.0803673 1.0335279 1.0592827 0.7953325 0.8309046 0.8319107 0.8684149 1.0239192 0.8610878 0.8642816 0.9640571 0.8595510 0.8822347 0.9649327 1.0593575 0.7862258 0.7574576 0.7157063 0.6885970 1.0071180 1.0366127 1.0440798 1.0881893 1.1039514 1.0735502 1.0887230 1.0174516 1.0519637 1.0192268 0.9993002 1.0648725 1.0367971 1.0136672 0.9720206 1.0440834 1.1092606 1.0607598 1.0518840 1.0325945 1.0317654 1.0518620 1.0547487 1.0177011 1.0650637 1.0167849 0.9782251 0.9601755 1.0448949 1.2858737 1.0756123 0.9909292 1.0784655 1.0737763 0.9696493 1.0048480 0.9162440 0.9432261 0.8804330 0.9775342 0.8646571 0.7820951 0.7124755 0.6783995 0.8838497 0.6489942 0.6716795 0.6731482 0.7546610 2.0917170 2.1601525 2.1608334 2.8790510 
A1.KE.06.06KECst_028.FJ623479          0.5366791 0.5852140 0.5525704 0.6463488 0.7068728 0.7402295 0.7635767 0.0000000 0.3081780 0.3954779 0.4166833 0.3756458 0.3887313 0.4725706 0.7426145 0.7171387 0.7856515 0.7522416 0.7493779 0.7698691 0.7551749 0.7126293 0.7761475 0.8407171 0.8846580 0.8567756 0.7310274 0.7422832 0.7488734 0.6918558 0.7374918 0.4544786 0.5455584 0.5544011 0.6069982 0.7495226 0.5591224 0.5721639 0.6680137 0.5738340 0.5927763 0.6884182 0.7681785 0.4890480 0.4635531 0.4139483 0.4886074 0.8297605 0.8265222 0.8482895 0.8866914 0.8787143 0.8820221 0.8633466 0.8111952 0.8662462 0.8296740 0.8326972 0.8569453 0.8323837 0.8032482 0.7722080 0.8371991 0.9353804 0.8879452 0.8488054 0.8630773 0.8516559 0.8502995 0.8545966 0.8294214 0.8703304 0.8354343 0.7820781 0.7811536 0.8893935 1.1169743 0.8753932 0.8337914 0.8973235 0.8685257 0.7873346 0.7932888 0.7790220 0.7616702 0.6890164 0.8191918 0.6546824 0.6438859 0.5833018 0.5782921 0.7966362 0.5559186 0.5368325 0.5535462 0.6312712 2.0017180 2.0506616 1.9898489 2.8193221 
A1.KE.06.06KECst_013.FJ623485          0.5446487 0.5954697 0.5742427 0.6566378 0.7230041 0.7285651 0.7609522 0.3081780 0.0000000 0.3936000 0.4311847 0.3848887 0.3959316 0.4767399 0.7643890 0.7284123 0.7941805 0.7672104 0.7759158 0.8039338 0.7565909 0.7553571 0.7871568 0.8775382 0.8974805 0.8897459 0.7363437 0.7678136 0.7703035 0.7238830 0.7553471 0.4819904 0.5616182 0.5727782 0.6123841 0.7793072 0.5925536 0.5793620 0.6734191 0.5877602 0.5980450 0.7142217 0.7837486 0.4930180 0.4761048 0.4385544 0.5095339 0.8345890 0.8362377 0.8653078 0.9061128 0.9047615 0.9031285 0.9198530 0.8202712 0.8695125 0.8482714 0.8484384 0.8865167 0.8723212 0.8233997 0.7965967 0.8605616 0.9527742 0.9007382 0.8844569 0.8788255 0.8569901 0.8710979 0.8767939 0.8619644 0.8940180 0.8684382 0.7881567 0.7906934 0.8783900 1.1487328 0.9097523 0.8406171 0.8871190 0.8911438 0.7948145 0.8070525 0.8009677 0.7673919 0.6965530 0.8270264 0.6770309 0.6442541 0.6180373 0.5772520 0.7836320 0.5560292 0.5551619 0.5560353 0.6332978 1.9913887 2.0528838 2.0096595 2.8377913 
35_AD.AF.06.007H.GQ477450              0.5654531 0.6170614 0.5849776 0.6835062 0.7502370 0.7581830 0.7939868 0.3954779 0.3936000 0.0000000 0.4505423 0.3897211 0.4153404 0.4988630 0.7626359 0.7601655 0.8183216 0.7528938 0.7678120 0.7798769 0.7742226 0.7402245 0.8055814 0.8789865 0.9301169 0.8883753 0.7395027 0.7643549 0.7618641 0.7196439 0.7496006 0.4881083 0.5846692 0.5806666 0.6348526 0.7937026 0.6115407 0.6061987 0.6972465 0.6026161 0.6356709 0.7153973 0.8096390 0.5179592 0.4792578 0.4497097 0.5267557 0.8570765 0.8575961 0.8829602 0.9233547 0.9311392 0.9138868 0.9101930 0.8474425 0.8818679 0.8800155 0.8465111 0.8788333 0.8729545 0.8397273 0.8023176 0.8721587 0.9587348 0.9256445 0.9161738 0.9033891 0.8918350 0.8807782 0.9053772 0.8591685 0.8755456 0.8966484 0.8376659 0.8195175 0.9078314 1.1500626 0.9327608 0.8546297 0.9140709 0.8951165 0.8253117 0.8274470 0.8320403 0.8052404 0.7437750 0.8348955 0.7061793 0.6838189 0.6385301 0.5914802 0.8193859 0.5756161 0.5795614 0.5792346 0.6361608 1.9842978 2.0485693 2.0910492 2.9686166 
A1.CY.07.CY208.JF683760                0.5734567 0.6190167 0.5923744 0.6878004 0.7346371 0.7692086 0.8041947 0.4166833 0.4311847 0.4505423 0.0000000 0.2513610 0.4231807 0.5133898 0.7913601 0.7657108 0.8359119 0.7977921 0.7917638 0.8089478 0.7800321 0.7688752 0.8250131 0.8980948 0.9099810 0.9046648 0.7442801 0.7892552 0.7796919 0.7270049 0.7604914 0.5000475 0.5813793 0.5936986 0.6302173 0.7980933 0.5941214 0.6091355 0.7183196 0.6134163 0.6452848 0.7446527 0.8223591 0.5414454 0.5138154 0.4720021 0.5085726 0.8682031 0.8595065 0.8876126 0.9446505 0.9085645 0.9457094 0.9219044 0.8499741 0.8872919 0.8780384 0.8734859 0.8939007 0.8833899 0.8500869 0.8150923 0.8771960 0.9736092 0.9086216 0.8896498 0.9258215 0.8839477 0.9031680 0.8908183 0.8907214 0.8717011 0.8796302 0.8392617 0.8329573 0.9181101 1.1537529 0.9248016 0.8761823 0.9141719 0.9336536 0.8044937 0.8215641 0.8378693 0.7949825 0.7422056 0.8856820 0.7160338 0.6813786 0.6538951 0.6242406 0.8035493 0.6047396 0.6050287 0.6089728 0.6721816 2.0480428 2.1327970 2.0153118 2.8864613 
A1.CY.05.CY051.FJ388903                0.5281493 0.5964751 0.5368399 0.6416846 0.7005680 0.7121074 0.7465938 0.3756458 0.3848887 0.3897211 0.2513610 0.0000000 0.3759597 0.4593684 0.7488397 0.7032043 0.7989427 0.7530284 0.7558846 0.7805360 0.7242530 0.7266645 0.7870714 0.8264967 0.8773142 0.8714990 0.7075759 0.7343898 0.7184860 0.6878623 0.7258047 0.4477468 0.5300136 0.5318102 0.5813328 0.7374904 0.5681640 0.5571844 0.6478964 0.5561104 0.5842892 0.6762467 0.7700119 0.4872730 0.4605961 0.4211861 0.4710202 0.8275365 0.8345231 0.8564383 0.8918619 0.8861656 0.9087968 0.8906320 0.8238583 0.8564254 0.8588393 0.8302211 0.8668163 0.8461133 0.8295498 0.7837997 0.8373940 0.9235604 0.8941366 0.8592015 0.8734483 0.8557981 0.8513970 0.8600811 0.8405942 0.8740179 0.8475032 0.8000394 0.8034824 0.8767076 1.1279623 0.8999361 0.8444221 0.8907616 0.8851701 0.7957990 0.7955996 0.7823442 0.7500399 0.6921344 0.8323158 0.6758006 0.6406182 0.5968402 0.5626491 0.7680188 0.5546572 0.5573228 0.5490785 0.6149609 1.9771627 2.0538288 1.9903539 2.8911785 
A1.UG.11.DEMA110UG001.KF859745         0.5328477 0.5805845 0.5382194 0.6437225 0.7037609 0.7194625 0.7627252 0.3887313 0.3959316 0.4153404 0.4231807 0.3759597 0.0000000 0.4604511 0.7316973 0.7093144 0.7596782 0.7262737 0.7528539 0.7634741 0.7323257 0.7326582 0.7678182 0.8358493 0.8748450 0.8530702 0.7009876 0.7432598 0.7244802 0.6968821 0.7300997 0.4528680 0.5335368 0.5383354 0.5787385 0.7431570 0.5519746 0.5588862 0.6617121 0.5486213 0.5783038 0.6718833 0.7669145 0.4822351 0.4528310 0.4132457 0.4754508 0.8158502 0.7923178 0.8521657 0.9084177 0.8842860 0.8824401 0.9024273 0.8118559 0.8420620 0.8492334 0.8136834 0.8317378 0.8441476 0.8038929 0.7694246 0.8362060 0.9402812 0.8774883 0.8290618 0.8631926 0.8443352 0.8575610 0.8553690 0.8395319 0.8592965 0.8350508 0.7960287 0.7892676 0.8768813 1.1104807 0.9018574 0.8220453 0.8649063 0.8474884 0.7734912 0.7799308 0.7699998 0.7577963 0.7029251 0.8401492 0.6843012 0.6488582 0.5915871 0.5708494 0.7644881 0.5416564 0.5521608 0.5476612 0.6120402 1.9331110 1.9918039 2.0097351 2.8125396 
A1C.UG.99.99UGF25926.AF484491          0.5976762 0.6606247 0.6165159 0.7024332 0.7720667 0.7800409 0.8027867 0.4725706 0.4767399 0.4988630 0.5133898 0.4593684 0.4604511 0.0000000 0.6562556 0.6389245 0.7007511 0.6666277 0.6813015 0.7019299 0.6560257 0.6384628 0.6838296 0.7354584 0.7859308 0.7849951 0.6295756 0.6590642 0.6545079 0.6023371 0.6392720 0.4875356 0.6069211 0.6045300 0.6503248 0.7972878 0.6403062 0.6213131 0.7172897 0.6311607 0.6519770 0.7620512 0.8324889 0.5173556 0.5114745 0.4730588 0.5220857 0.8846555 0.8788748 0.9008915 0.9672282 0.9210731 0.9452251 0.9517300 0.8797964 0.9049660 0.8852755 0.8649797 0.9102178 0.9004176 0.8737457 0.8388608 0.9048605 0.9935128 0.9147521 0.9305825 0.9185093 0.9133695 0.9337858 0.9194987 0.9076894 0.9177156 0.9105127 0.8583852 0.8591163 0.9408504 1.1433439 0.9464906 0.8795474 0.9418844 0.9407461 0.8403095 0.8567382 0.8328201 0.8285623 0.7552996 0.8773232 0.7219348 0.7279444 0.6523540 0.6484067 0.8439240 0.6166245 0.6179420 0.6288342 0.6992780 2.0583391 2.1764298 2.1265193 3.0188093 
A1C.IN.15.SC017.KY713232               0.8698918 0.9144796 0.8748791 0.9862416 1.0138027 1.0708610 1.0684970 0.7426145 0.7643890 0.7626359 0.7913601 0.7488397 0.7316973 0.6562556 0.0000000 0.6504241 0.7138364 0.6723670 0.6794099 0.7142495 0.6876260 0.6469925 0.7075586 0.7418732 0.8040015 0.7846319 0.6440402 0.6770835 0.6612096 0.6088168 0.6382076 0.7508705 0.8909770 0.8870000 0.9165758 1.0805902 0.9066343 0.9085262 1.0012483 0.9112064 0.9206876 0.9938877 1.1041485 0.8441579 0.7816441 0.7519563 0.7858050 1.1693207 1.1315820 1.1890705 1.2449303 1.1903664 1.2221957 1.2263632 1.1262039 1.1419770 1.1495916 1.1558561 1.1897811 1.1643941 1.1410948 1.0947908 1.1612022 1.2669196 1.2126733 1.1649635 1.1751268 1.1631041 1.1772429 1.1572088 1.1363027 1.1507601 1.1749365 1.1537064 1.1379589 1.2110550 1.4589238 1.2228317 1.1753383 1.1939799 1.2338477 1.1316745 1.1373642 1.1206982 1.0916897 1.0307607 1.1755927 1.0296072 0.9903989 0.9394702 0.9300730 1.0939027 0.8756330 0.8733587 0.9009057 0.9498878 2.3801245 2.3844966 2.3127449 3.2856155 
C.IL.99.99ET14.AY255825                0.8525962 0.9110013 0.8389790 0.9581163 1.0165555 1.0404414 1.0709197 0.7171387 0.7284123 0.7601655 0.7657108 0.7032043 0.7093144 0.6389245 0.6504241 0.0000000 0.4358435 0.4332036 0.4539440 0.4597106 0.4320385 0.3908406 0.4425955 0.4892540 0.5429326 0.5324299 0.3905735 0.4217995 0.4174314 0.3746825 0.3995563 0.7361099 0.8582249 0.8533109 0.9064367 1.0651683 0.8856258 0.8813431 0.9800216 0.8846738 0.9171581 0.9867087 1.0933830 0.7930818 0.7764307 0.7239352 0.7840345 1.1411526 1.1293413 1.1542514 1.2175222 1.1671765 1.1897253 1.2017464 1.1086765 1.1365558 1.1319883 1.1471965 1.1570852 1.1100237 1.1000003 1.0558728 1.1195331 1.2094199 1.1694390 1.1323797 1.1452543 1.1413768 1.1487328 1.1767727 1.1234704 1.1256989 1.1469812 1.0923539 1.0716217 1.1411196 1.4164927 1.2029076 1.0917895 1.1495542 1.1797110 1.0937516 1.1084587 1.0908502 1.0601591 0.9998136 1.1003507 0.9949489 0.9700771 0.8967595 0.8937236 1.0803625 0.8599164 0.8301169 0.8772678 0.9008081 2.3234935 2.3786684 2.2520724 3.0502232 
C.SE.09.035ZA.MF373148                 0.8979717 0.9672440 0.8975001 1.0410873 1.0979667 1.1024337 1.1538087 0.7856515 0.7941805 0.8183216 0.8359119 0.7989427 0.7596782 0.7007511 0.7138364 0.4358435 0.0000000 0.4919062 0.5107103 0.5397394 0.4999010 0.4523817 0.5126597 0.5726746 0.6159336 0.6158319 0.4627909 0.4904937 0.5047876 0.4498213 0.4730706 0.8083546 0.9236798 0.9180169 0.9619246 1.1583580 0.9460905 0.9587817 1.0444475 0.9408090 0.9817641 1.0713338 1.2125802 0.8628741 0.8253895 0.7870346 0.8483625 1.2080990 1.2045599 1.2160392 1.2705831 1.2334456 1.2614211 1.2762800 1.1882992 1.2283674 1.2428478 1.2077764 1.2518790 1.2115373 1.1897943 1.1565073 1.1982096 1.3277375 1.2395719 1.2112629 1.2056824 1.2117801 1.2173105 1.2651802 1.1853413 1.1941008 1.2229616 1.1722899 1.1577279 1.2282115 1.4413873 1.2507368 1.1893982 1.2588360 1.2463414 1.1536238 1.1537952 1.1927688 1.1616844 1.0461270 1.1718796 1.0390437 1.0275583 0.9676869 0.9479045 1.1117732 0.9052128 0.9017171 0.9275370 0.9968205 2.4122273 2.4293692 2.3407892 3.2595649 
C.ZA.04.04ZASK135B1.DQ011166           0.8757163 0.9210833 0.8645598 1.0028819 1.0692042 1.0714226 1.0879352 0.7522416 0.7672104 0.7528938 0.7977921 0.7530284 0.7262737 0.6666277 0.6723670 0.4332036 0.4919062 0.0000000 0.3383625 0.3493128 0.3673735 0.3381471 0.3992692 0.4632801 0.5067193 0.4927487 0.3560078 0.4266094 0.4238832 0.3868056 0.4161644 0.7448933 0.8919476 0.8985460 0.9291897 1.0866328 0.9342461 0.9205192 1.0228286 0.9385849 0.9522930 1.0221222 1.1300017 0.8171795 0.8003614 0.7548493 0.8005004 1.1581830 1.1854588 1.1739840 1.2373557 1.1998115 1.2299780 1.2373177 1.1361105 1.2113977 1.1620546 1.1541618 1.1899123 1.1579448 1.1449781 1.0974888 1.1601113 1.2911256 1.1973932 1.1592577 1.1656870 1.1606772 1.1769903 1.1647659 1.1588936 1.1537792 1.1656360 1.1338130 1.1046368 1.1776847 1.4194474 1.2288701 1.1390675 1.1876323 1.1944633 1.1096508 1.1396355 1.1153485 1.0717849 1.0525566 1.1407151 1.0129739 1.0085064 0.9466698 0.9120352 1.1496277 0.8861935 0.8624562 0.8827817 0.9629942 2.3476356 2.4598436 2.3700190 3.1580897 
C.ZA.03.03ZAPS130MB1.DQ275658          0.8879031 0.9305270 0.8859788 1.0263431 1.0634006 1.1088153 1.1329578 0.7493779 0.7759158 0.7678120 0.7917638 0.7558846 0.7528539 0.6813015 0.6794099 0.4539440 0.5107103 0.3383625 0.0000000 0.3046133 0.3902505 0.3542901 0.4149900 0.4803017 0.5285969 0.5193709 0.3693234 0.4504301 0.4439956 0.3961938 0.4323498 0.7738674 0.8985957 0.8794516 0.9504873 1.1282288 0.9449838 0.9127263 1.0229192 0.9499002 0.9458930 1.0727875 1.1611343 0.8168297 0.7945917 0.7537180 0.8040225 1.2064167 1.1982499 1.2028079 1.2504594 1.2277862 1.2750287 1.2556857 1.1586424 1.2098961 1.1800348 1.1803094 1.2095690 1.1684322 1.1813770 1.1170795 1.1536190 1.3056023 1.2059691 1.1948607 1.1825089 1.1939570 1.2033641 1.2338899 1.1884410 1.2182918 1.2027455 1.1426004 1.1014206 1.1974253 1.4602532 1.2374931 1.1879535 1.2187428 1.2272971 1.1442126 1.1522817 1.1470178 1.1036828 1.0573976 1.1651260 1.0020916 1.0155561 0.9420386 0.9163496 1.1568671 0.8924625 0.8942018 0.9188297 0.9769960 2.4044211 2.4865894 2.3799586 3.2176283 
C.ZA.97.97ZA012.AF286227               0.8809442 0.9297487 0.8819729 1.0328934 1.0917767 1.1115929 1.1433464 0.7698691 0.8039338 0.7798769 0.8089478 0.7805360 0.7634741 0.7019299 0.7142495 0.4597106 0.5397394 0.3493128 0.3046133 0.0000000 0.3914600 0.3699039 0.4250088 0.4964661 0.5281098 0.5232709 0.3853248 0.4545031 0.4548287 0.4136560 0.4210711 0.7714183 0.9334647 0.9126503 0.9762066 1.1313317 0.9637333 0.9559814 1.0463819 0.9669816 0.9813587 1.0710117 1.1477301 0.8616143 0.8324092 0.7880409 0.8391137 1.1945630 1.1870103 1.1841200 1.2592721 1.2278287 1.2304290 1.2574795 1.1578504 1.2271121 1.1725686 1.1780212 1.2038477 1.1856394 1.1850168 1.1200742 1.1595765 1.3245897 1.2485026 1.1949413 1.1944221 1.1758438 1.2180674 1.2212032 1.2092811 1.2018977 1.1910087 1.1478661 1.1178135 1.1994231 1.4429700 1.2348879 1.1522821 1.2171552 1.2682104 1.1424858 1.1425821 1.1512716 1.1036516 1.0665826 1.1672926 1.0104706 1.0155332 0.9685941 0.9431116 1.1546053 0.9206540 0.8836911 0.9419468 0.9793270 2.4675487 2.5381814 2.3930901 3.2360473 
C.BW.98.98BWMC14A3.AF443078            0.8663625 0.9101449 0.8647675 0.9919528 1.0325445 1.0728482 1.0738528 0.7551749 0.7565909 0.7742226 0.7800321 0.7242530 0.7323257 0.6560257 0.6876260 0.4320385 0.4999010 0.3673735 0.3902505 0.3914600 0.0000000 0.3368159 0.3960270 0.4615131 0.5067613 0.5101886 0.3613417 0.4294664 0.4238854 0.3819270 0.4179247 0.7563901 0.8993103 0.8791717 0.9199031 1.0950183 0.9150979 0.9064250 0.9936831 0.9190632 0.9313790 1.0426193 1.1394669 0.8049783 0.7849549 0.7537344 0.7957871 1.1293563 1.1357665 1.1517678 1.2132631 1.1840929 1.2256957 1.1928605 1.0872373 1.1620112 1.1186276 1.1293967 1.1736981 1.1053691 1.1282405 1.0840058 1.1064881 1.2228810 1.1761276 1.1778455 1.1679910 1.1470772 1.1687388 1.1566914 1.1399776 1.1582489 1.1397824 1.0993443 1.0822025 1.1800908 1.4096626 1.2209172 1.1394239 1.1891262 1.2043667 1.1028418 1.0956559 1.0952493 1.0885395 1.0400259 1.1445681 0.9859629 0.9615799 0.9260040 0.9102069 1.1035066 0.8655355 0.8536742 0.8808403 0.9507583 2.3830291 2.4448608 2.3648471 3.1762839 
C.ZA.99.99ZALT4.EU293444               0.8404538 0.9003513 0.8369572 0.9616957 1.0334675 1.0405129 1.0564505 0.7126293 0.7553571 0.7402245 0.7688752 0.7266645 0.7326582 0.6384628 0.6469925 0.3908406 0.4523817 0.3381471 0.3542901 0.3699039 0.3368159 0.0000000 0.3058386 0.4221960 0.4725616 0.4750567 0.3221004 0.3945092 0.3938477 0.3516710 0.3728014 0.7422073 0.8843028 0.8746417 0.9314538 1.0823600 0.9142430 0.9021730 1.0003913 0.9080703 0.9052573 1.0248387 1.0996975 0.7922295 0.7756821 0.7067940 0.8008468 1.1415058 1.1339028 1.1491148 1.2149089 1.1848457 1.1912443 1.2031642 1.1091298 1.1640300 1.1326034 1.1340449 1.1610555 1.1374204 1.1384671 1.0916474 1.1476944 1.2759951 1.1587362 1.1392586 1.1586221 1.1482940 1.1480530 1.1850829 1.0971659 1.1538222 1.1657549 1.1118312 1.0651374 1.1623041 1.3873358 1.2112004 1.1196870 1.1792164 1.1861146 1.0775773 1.0911911 1.0889802 1.0513632 0.9964661 1.1254821 0.9599807 0.9618260 0.9022603 0.8714636 1.1042056 0.8421399 0.8359259 0.8601353 0.9041714 2.3125224 2.4118147 2.2843845 3.1530235 
C.ZA.02.02ZAPS015MB1.DQ369995          0.9086174 0.9380455 0.8858605 1.0125434 1.0778504 1.0981161 1.0987698 0.7761475 0.7871568 0.8055814 0.8250131 0.7870714 0.7678182 0.6838296 0.7075586 0.4425955 0.5126597 0.3992692 0.4149900 0.4250088 0.3960270 0.3058386 0.0000000 0.4806308 0.5228374 0.5285903 0.3763470 0.4526673 0.4437590 0.4043231 0.4256694 0.8022255 0.9159758 0.9417755 0.9877379 1.1171975 0.9649791 0.9621891 1.0457087 0.9616819 0.9763703 1.0936809 1.1793841 0.8470450 0.8133257 0.7670929 0.8363744 1.1819562 1.1911484 1.1987532 1.2575336 1.2207270 1.2386479 1.2636229 1.1635775 1.2275076 1.1731133 1.1780627 1.2155530 1.1825160 1.2015257 1.1055645 1.1628965 1.3229547 1.2331960 1.1993324 1.1960876 1.1886418 1.2167007 1.2047349 1.1668383 1.2315743 1.2005652 1.1369540 1.1288216 1.2125332 1.4457013 1.2604533 1.1423099 1.2390831 1.2487114 1.1500746 1.1476143 1.1216992 1.1028986 1.0420411 1.1649868 1.0202295 1.0115125 0.9614401 0.9157153 1.1507245 0.9162017 0.8932951 0.9171832 0.9680537 2.3747496 2.4586031 2.3715301 3.1590472 
C.GB.14.13659_1_48.3.MF109437          0.9376910 0.9847679 0.9542297 1.0525698 1.0979094 1.1647175 1.1530321 0.8407171 0.8775382 0.8789865 0.8980948 0.8264967 0.8358493 0.7354584 0.7418732 0.4892540 0.5726746 0.4632801 0.4803017 0.4964661 0.4615131 0.4221960 0.4806308 0.0000000 0.5576693 0.5281698 0.4134462 0.4952319 0.5052329 0.4545200 0.4831982 0.8425187 0.9657496 0.9800214 1.0131314 1.1585838 1.0010744 1.0145126 1.0796435 1.0163747 1.0324162 1.1328827 1.2090396 0.9133221 0.9008551 0.8219998 0.8825603 1.2214654 1.2363296 1.2487395 1.3221192 1.2705430 1.2874229 1.2692789 1.2058983 1.2488036 1.2179833 1.2300309 1.2441548 1.2216742 1.2175113 1.1542377 1.2218293 1.3402044 1.2227998 1.2286771 1.2157004 1.1864035 1.2374247 1.2362610 1.2305058 1.2268000 1.2047597 1.1623436 1.1658533 1.2598099 1.5227893 1.3009269 1.1996928 1.2814786 1.2789443 1.1410972 1.1679942 1.1567694 1.1847008 1.0923714 1.2550989 1.0641673 1.0628488 1.0069351 0.9759044 1.2146730 0.9466738 0.9387974 0.9558248 1.0200943 2.3898532 2.4447956 2.4100150 3.2849629 
BC.CN.07.07CNYN340.KF835526            0.9964161 1.0515707 0.9924305 1.1168525 1.1871714 1.2236648 1.2260313 0.8846580 0.8974805 0.9301169 0.9099810 0.8773142 0.8748450 0.7859308 0.8040015 0.5429326 0.6159336 0.5067193 0.5285969 0.5281098 0.5067613 0.4725616 0.5228374 0.5576693 0.0000000 0.4262632 0.4727519 0.5536112 0.5479717 0.5037611 0.5350387 0.8734115 1.0509031 1.0330717 1.0852591 1.2354325 1.0618429 1.0811595 1.1335727 1.0925802 1.1114742 1.1531658 1.2670144 0.9516975 0.9429644 0.8748146 0.9467358 1.2941952 1.2943268 1.3144364 1.3846627 1.3624928 1.3275538 1.3780977 1.3043017 1.3130661 1.3313229 1.3177897 1.3417541 1.3250586 1.2819934 1.2646370 1.2889033 1.4033243 1.3291694 1.3305016 1.3298578 1.3154849 1.3109888 1.3373893 1.3260689 1.3293498 1.3054540 1.2793205 1.2638764 1.3060477 1.5201417 1.3761116 1.2990481 1.3288074 1.3596887 1.2608454 1.2748257 1.2610263 1.2468785 1.1647389 1.3015305 1.1368419 1.1576232 1.0506199 1.0479373 1.2092961 1.0254855 1.0165373 1.0181965 1.0718067 2.5007396 2.5897391 2.4493957 3.1453441 
85_BC.CN.14.14CN_SCYB4.KU992932        0.9738563 1.0267291 0.9703725 1.0663318 1.1634178 1.1625017 1.1775522 0.8567756 0.8897459 0.8883753 0.9046648 0.8714990 0.8530702 0.7849951 0.7846319 0.5324299 0.6158319 0.4927487 0.5193709 0.5232709 0.5101886 0.4750567 0.5285903 0.5281698 0.4262632 0.0000000 0.4618172 0.5439483 0.5537267 0.4995302 0.5310449 0.8505004 1.0447363 1.0166757 1.0723769 1.2391656 1.0795344 1.0626891 1.1463823 1.0590837 1.1076113 1.1835235 1.2514355 0.9281264 0.9205542 0.8695751 0.9323072 1.3058742 1.2817375 1.3084222 1.3450709 1.3895356 1.3346380 1.3516819 1.2502333 1.2809019 1.2770020 1.2632970 1.3045407 1.2603477 1.2680103 1.2267851 1.3030432 1.3878545 1.2998156 1.2882680 1.2826879 1.2837558 1.3193146 1.2771759 1.2730839 1.2925152 1.2647082 1.2622031 1.2068764 1.2999923 1.5675456 1.3365916 1.2619350 1.2960751 1.3246157 1.2223542 1.2441461 1.2251227 1.2136624 1.1448701 1.2596597 1.0940804 1.0943596 1.0401109 1.0391170 1.2327699 1.0062795 0.9563262 0.9977392 1.0720479 2.3451031 2.5168529 2.4274727 3.3110647 
C.BW.00.00BW076820.AF443089            0.8454703 0.9009292 0.8422933 0.9609638 1.0064243 1.0496137 1.0482504 0.7310274 0.7363437 0.7395027 0.7442801 0.7075759 0.7009876 0.6295756 0.6440402 0.3905735 0.4627909 0.3560078 0.3693234 0.3853248 0.3613417 0.3221004 0.3763470 0.4134462 0.4727519 0.4618172 0.0000000 0.3864824 0.3856246 0.3450565 0.3669683 0.7266547 0.8320641 0.8428233 0.8679527 1.0302107 0.8845851 0.8801333 0.9693344 0.8825493 0.8947793 0.9921557 1.0938649 0.7817140 0.7514222 0.7212015 0.7782387 1.1243292 1.1142426 1.1432382 1.2159926 1.1755250 1.1667719 1.1794035 1.0860131 1.1474023 1.1296690 1.1230284 1.1477420 1.1316727 1.1393233 1.0665645 1.1048840 1.2638354 1.1541030 1.1429082 1.1357626 1.1291911 1.1424839 1.1778149 1.1338602 1.1516380 1.1227636 1.0826574 1.0452356 1.1669436 1.4038175 1.1907269 1.1176516 1.1713278 1.1900513 1.0717399 1.0872089 1.0766711 1.0629125 0.9762013 1.1263185 0.9723720 0.9781688 0.9258074 0.8816897 1.0691033 0.8509585 0.8308668 0.8792617 0.8973439 2.3387528 2.4470557 2.3426093 3.0603896 
C.ZA.04.04ZASK170B1.DQ093595           0.8729605 0.9271135 0.8687159 0.9924718 1.0558418 1.0765233 1.0641609 0.7422832 0.7678136 0.7643549 0.7892552 0.7343898 0.7432598 0.6590642 0.6770835 0.4217995 0.4904937 0.4266094 0.4504301 0.4545031 0.4294664 0.3945092 0.4526673 0.4952319 0.5536112 0.5439483 0.3864824 0.0000000 0.3325455 0.2999748 0.3560472 0.7593098 0.8994438 0.8991545 0.9294054 1.0932325 0.9363209 0.9019539 1.0167937 0.9422474 0.9310625 1.0387193 1.1235720 0.8102203 0.7841395 0.7623554 0.8130393 1.1810512 1.1579695 1.1908256 1.2579644 1.2239705 1.2036337 1.2454618 1.1464913 1.1635899 1.1777344 1.1717347 1.1743901 1.1512400 1.1355536 1.1104305 1.1687788 1.2585332 1.1866946 1.1870131 1.1700168 1.1760534 1.1876453 1.1949905 1.1711681 1.1740891 1.1848288 1.1305085 1.0954518 1.1603370 1.4183662 1.2495052 1.1215410 1.2276468 1.2033814 1.1169312 1.0959879 1.0822519 1.0923466 1.0226118 1.1276115 1.0071610 1.0006381 0.9268128 0.9108953 1.1127282 0.8975290 0.8572461 0.8925021 0.9468393 2.3978161 2.4218240 2.3464705 3.1069012 
C.TZ.02.CO6721.AY734560                0.8465320 0.9128346 0.8526457 0.9931035 1.0380335 1.0553251 1.0803673 0.7488734 0.7703035 0.7618641 0.7796919 0.7184860 0.7244802 0.6545079 0.6612096 0.4174314 0.5047876 0.4238832 0.4439956 0.4548287 0.4238854 0.3938477 0.4437590 0.5052329 0.5479717 0.5537267 0.3856246 0.3325455 0.0000000 0.2406271 0.3554864 0.7479801 0.8974492 0.8889652 0.9291959 1.0906990 0.9107343 0.9098029 1.0177198 0.9230840 0.9435580 0.9890556 1.0977633 0.8144668 0.7882833 0.7423333 0.8072841 1.1738062 1.1434623 1.1988146 1.2479003 1.2063865 1.2047111 1.2080190 1.1310803 1.1680034 1.1845242 1.1650946 1.2059786 1.1528837 1.1233389 1.1006412 1.1518062 1.2743501 1.2029771 1.1908610 1.1763323 1.1698196 1.1950272 1.1950502 1.1746396 1.1639070 1.1644397 1.1229855 1.0961344 1.1788804 1.3894391 1.2454845 1.1642474 1.2005660 1.2174249 1.1030810 1.1092224 1.1003341 1.0592910 0.9840629 1.1552180 0.9917649 0.9777529 0.9067893 0.8850668 1.1080355 0.8829094 0.8555125 0.8885855 0.9296423 2.3018949 2.3813646 2.3917792 3.2014154 
C.TZ.01.BD39_8.AY253313                0.8163666 0.8881905 0.8330921 0.9507540 1.0175715 1.0211222 1.0335279 0.6918558 0.7238830 0.7196439 0.7270049 0.6878623 0.6968821 0.6023371 0.6088168 0.3746825 0.4498213 0.3868056 0.3961938 0.4136560 0.3819270 0.3516710 0.4043231 0.4545200 0.5037611 0.4995302 0.3450565 0.2999748 0.2406271 0.0000000 0.3146324 0.7135230 0.8519785 0.8498166 0.8864844 1.0464475 0.8868875 0.8652199 0.9371496 0.8885283 0.8935735 0.9830241 1.1003893 0.7806757 0.7480039 0.7061972 0.7737851 1.1311321 1.1183404 1.1398019 1.2038095 1.1644298 1.1819665 1.1860996 1.1180162 1.1498062 1.1302607 1.1369845 1.1474855 1.1129371 1.1093516 1.0653764 1.1083467 1.2294338 1.1356636 1.1502160 1.1428206 1.1350614 1.1512333 1.1529129 1.1259972 1.1245192 1.1388141 1.1146542 1.0676310 1.1590990 1.4009556 1.1923791 1.1281548 1.1575242 1.1910902 1.0798338 1.0645671 1.0811229 1.0413615 0.9763404 1.0985716 0.9543136 0.9661668 0.8927943 0.8666850 1.0476463 0.8516267 0.8212141 0.8745127 0.8949960 2.3664877 2.4300579 2.3407782 3.1099664 
C.ZA.03.03ZAPS067MB2.DQ396389          0.8365830 0.8936684 0.8386564 0.9459545 1.0363703 1.0602511 1.0592827 0.7374918 0.7553471 0.7496006 0.7604914 0.7258047 0.7300997 0.6392720 0.6382076 0.3995563 0.4730706 0.4161644 0.4323498 0.4210711 0.4179247 0.3728014 0.4256694 0.4831982 0.5350387 0.5310449 0.3669683 0.3560472 0.3554864 0.3146324 0.0000000 0.7552845 0.8817447 0.8710515 0.9163853 1.0687730 0.9119951 0.8890411 0.9755506 0.9089385 0.9131166 1.0030344 1.0973810 0.7926272 0.7694518 0.7366346 0.7785031 1.1543021 1.1463094 1.1556659 1.2199423 1.1833314 1.1740225 1.2050307 1.1086970 1.1757309 1.1419791 1.1227340 1.1534819 1.1168192 1.1009057 1.0749942 1.1158432 1.2632766 1.1833890 1.1599478 1.1741976 1.1443169 1.1506186 1.1879388 1.1239180 1.1356794 1.1506302 1.1092560 1.1036015 1.1526550 1.4068198 1.1802687 1.1328641 1.1859317 1.2007556 1.0820016 1.1034279 1.0653921 1.0543033 0.9890336 1.1135942 0.9841732 0.9900029 0.9104209 0.8886504 1.0810345 0.8699028 0.8565388 0.8918379 0.9382479 2.3416867 2.4606919 2.2776621 3.1990114 
A1D.UG.99.99UGJ21953.AF484496          0.5805916 0.6329710 0.6007658 0.6798855 0.7445698 0.7843706 0.7953325 0.4544786 0.4819904 0.4881083 0.5000475 0.4477468 0.4528680 0.4875356 0.7508705 0.7361099 0.8083546 0.7448933 0.7738674 0.7714183 0.7563901 0.7422073 0.8022255 0.8425187 0.8734115 0.8505004 0.7266547 0.7593098 0.7479801 0.7135230 0.7552845 0.0000000 0.6056346 0.6057186 0.6498950 0.8164613 0.6370244 0.6280365 0.7270949 0.6351287 0.6425240 0.7435013 0.8233364 0.5389709 0.5065431 0.4694608 0.5426615 0.8604584 0.8531406 0.8966802 0.9633790 0.9157800 0.9359943 0.9232577 0.8644304 0.8999160 0.8688379 0.8547091 0.9086960 0.8964175 0.8404556 0.8134276 0.8740535 0.9755411 0.9400291 0.8955814 0.9252290 0.9070984 0.9193803 0.9182080 0.8865966 0.8966455 0.8696691 0.8380443 0.8483894 0.9115142 1.1586895 0.9289444 0.8627803 0.9062891 0.9308770 0.8252485 0.8331854 0.8140495 0.7934329 0.7204130 0.8668121 0.7189269 0.6876127 0.6372803 0.6180474 0.8401618 0.5911786 0.5942587 0.6048473 0.6616949 2.0489883 2.1061288 1.9803654 2.9212243 
01_AE.CN.02.YN0236.JX112866            0.6051794 0.6733761 0.6429986 0.7011921 0.7896717 0.7956858 0.8309046 0.5455584 0.5616182 0.5846692 0.5813793 0.5300136 0.5335368 0.6069211 0.8909770 0.8582249 0.9236798 0.8919476 0.8985957 0.9334647 0.8993103 0.8843028 0.9159758 0.9657496 1.0509031 1.0447363 0.8320641 0.8994438 0.8974492 0.8519785 0.8817447 0.6056346 0.0000000 0.1623936 0.2100359 0.3805327 0.2127081 0.2110168 0.2993968 0.2233653 0.2508833 0.4522951 0.5254596 0.4238638 0.5173462 0.5029649 0.5667272 0.9178409 0.9215348 0.9566854 0.9850133 0.9580195 0.9668799 0.9699756 0.8868114 0.9330090 0.9161809 0.9171959 0.9366625 0.9044475 0.9068704 0.8758402 0.9178306 1.0143348 0.9564880 0.9451505 0.9707206 0.9522416 0.9481934 0.9646437 0.9157875 0.9347628 0.9048603 0.8932998 0.8815509 0.9520341 1.2219399 0.9689146 0.9069613 0.9758357 0.9707753 0.8941677 0.8841084 0.8835860 0.8619959 0.7907547 0.9229338 0.7508837 0.7253486 0.6724595 0.6454994 0.8569584 0.6444078 0.6584336 0.6361522 0.6908042 2.0876655 2.1540420 2.0831208 2.8908602 
01_AE.TH.99.99TH_C4460.AY945726        0.5972758 0.6656307 0.6535873 0.7145541 0.8095811 0.7932535 0.8319107 0.5544011 0.5727782 0.5806666 0.5936986 0.5318102 0.5383354 0.6045300 0.8870000 0.8533109 0.9180169 0.8985460 0.8794516 0.9126503 0.8791717 0.8746417 0.9417755 0.9800214 1.0330717 1.0166757 0.8428233 0.8991545 0.8889652 0.8498166 0.8710515 0.6057186 0.1623936 0.0000000 0.2121509 0.3771195 0.2113132 0.2135929 0.3045094 0.2160577 0.2438557 0.4592942 0.5298201 0.4310546 0.5198250 0.5122771 0.5590712 0.9075634 0.9209802 0.9452012 0.9629343 0.9596244 0.9771531 0.9711441 0.8855374 0.9239837 0.9137013 0.9204966 0.9249759 0.9206564 0.9058412 0.8693982 0.9031045 1.0336605 0.9673880 0.9440287 0.9737356 0.9498579 0.9405800 0.9597615 0.9053013 0.9205246 0.8966466 0.9029739 0.8929978 0.9322209 1.1901404 0.9942819 0.9145679 0.9664531 0.9563361 0.8799110 0.8691870 0.8986962 0.8623182 0.7841728 0.9254052 0.7605759 0.7278470 0.6724749 0.6576540 0.8645166 0.6298342 0.6609079 0.6302840 0.7002829 2.0721134 2.1490011 2.0742843 2.9412628 
01_AE.CN.07.GX070143.JX112835          0.6373554 0.7124054 0.6821188 0.7509877 0.8374206 0.8420966 0.8684149 0.6069982 0.6123841 0.6348526 0.6302173 0.5813328 0.5787385 0.6503248 0.9165758 0.9064367 0.9619246 0.9291897 0.9504873 0.9762066 0.9199031 0.9314538 0.9877379 1.0131314 1.0852591 1.0723769 0.8679527 0.9294054 0.9291959 0.8864844 0.9163853 0.6498950 0.2100359 0.2121509 0.0000000 0.4261517 0.2486653 0.2581493 0.3460083 0.2606942 0.2825431 0.4874184 0.5684845 0.4749902 0.5716946 0.5580209 0.6011909 0.9702205 0.9589366 0.9964550 1.0246266 1.0276020 1.0033938 1.0302310 0.9211586 0.9779052 0.9694402 0.9481571 1.0004842 0.9662230 0.9448434 0.9058855 0.9559941 1.0639697 1.0186601 0.9695533 1.0113259 0.9923571 0.9917207 0.9967878 0.9619746 0.9641009 0.9397918 0.9255190 0.8962490 0.9750966 1.2281416 1.0253117 0.9424138 1.0250709 1.0124486 0.9093452 0.9042748 0.9291918 0.8771075 0.8293242 0.9808555 0.7894623 0.7574846 0.7013694 0.7025201 0.8851059 0.6674872 0.6896576 0.6786409 0.7490106 2.1048775 2.1742555 2.1543967 2.9722556 
69_01B.JP.05.05JPMYC113SP420.LC027100  0.8007502 0.8786175 0.8296542 0.9074959 0.9987733 1.0008295 1.0239192 0.7495226 0.7793072 0.7937026 0.7980933 0.7374904 0.7431570 0.7972878 1.0805902 1.0651683 1.1583580 1.0866328 1.1282288 1.1313317 1.0950183 1.0823600 1.1171975 1.1585838 1.2354325 1.2391656 1.0302107 1.0932325 1.0906990 1.0464475 1.0687730 0.8164613 0.3805327 0.3771195 0.4261517 0.0000000 0.4151263 0.4316965 0.5184006 0.4284956 0.4618563 0.6529712 0.7239862 0.6439653 0.7096128 0.6962632 0.7657651 1.1173286 1.1071503 1.1449884 1.1954373 1.1800300 1.1785400 1.1646557 1.0873280 1.1309905 1.1087954 1.1051769 1.1070867 1.1201381 1.0939026 1.0616774 1.1213109 1.2050287 1.1353946 1.1317318 1.1341862 1.1188639 1.1228020 1.1647425 1.1116467 1.1342597 1.1128359 1.0887399 1.0956718 1.1621175 1.4063001 1.1874781 1.1135739 1.1904692 1.1515118 1.0814826 1.0679720 1.0715210 1.0524091 0.9597102 1.1285852 0.9360127 0.9428242 0.8886410 0.8606782 1.0522795 0.8585238 0.8544240 0.8597652 0.9162902 2.3643415 2.3544104 2.3084240 3.0991920 
01_AE.TH.07.AA030a04.JX447057          0.6303652 0.7021989 0.6637205 0.7471004 0.8065075 0.8141804 0.8610878 0.5591224 0.5925536 0.6115407 0.5941214 0.5681640 0.5519746 0.6403062 0.9066343 0.8856258 0.9460905 0.9342461 0.9449838 0.9637333 0.9150979 0.9142430 0.9649791 1.0010744 1.0618429 1.0795344 0.8845851 0.9363209 0.9107343 0.8868875 0.9119951 0.6370244 0.2127081 0.2113132 0.2486653 0.4151263 0.0000000 0.2329209 0.3315633 0.2457683 0.2792281 0.4739660 0.5596323 0.4500120 0.5555243 0.5351258 0.5877743 0.9389340 0.9378683 0.9749034 1.0176883 0.9732614 0.9898502 0.9993453 0.9177264 0.9610747 0.9314486 0.9241349 0.9590515 0.9463011 0.9164562 0.8949756 0.9168031 1.0421797 0.9942572 0.9713545 0.9949379 0.9752196 0.9834881 0.9827857 0.9360826 0.9410190 0.9437051 0.9332549 0.9036150 0.9720441 1.2126088 0.9817437 0.9290046 0.9722061 0.9869404 0.8960571 0.9101270 0.9087176 0.8631027 0.8303584 0.9464359 0.7845322 0.7389652 0.7134597 0.6930963 0.8866377 0.6602681 0.6823650 0.6724479 0.7305394 2.0842604 2.1518429 2.1039615 2.8806922 
01_AE.CN.07.07CNYN326.KF835513         0.6339806 0.7056389 0.6596227 0.7454544 0.8323830 0.8394795 0.8642816 0.5721639 0.5793620 0.6061987 0.6091355 0.5571844 0.5588862 0.6213131 0.9085262 0.8813431 0.9587817 0.9205192 0.9127263 0.9559814 0.9064250 0.9021730 0.9621891 1.0145126 1.0811595 1.0626891 0.8801333 0.9019539 0.9098029 0.8652199 0.8890411 0.6280365 0.2110168 0.2135929 0.2581493 0.4316965 0.2329209 0.0000000 0.3381224 0.2539848 0.2784853 0.4780093 0.5487270 0.4565683 0.5482171 0.5311714 0.5917911 0.9461357 0.9427747 0.9649350 0.9889499 0.9868111 1.0097974 0.9999837 0.9078447 0.9424647 0.9363900 0.9639644 0.9616157 0.9423717 0.9217400 0.8951419 0.9348473 1.0353954 0.9841261 0.9763610 0.9906159 0.9699840 0.9782902 0.9831464 0.9309495 0.9711560 0.9440454 0.9132082 0.9234213 0.9630532 1.2249000 0.9710930 0.9260136 0.9980114 0.9837752 0.8963157 0.8989351 0.9036527 0.8685801 0.8028421 0.9646430 0.7712422 0.7580701 0.7090143 0.6854138 0.8786652 0.6539552 0.6804056 0.6627261 0.7369184 2.0606990 2.1451694 2.1251628 2.9533315 
