93
RESTV_M.fas-tc_USA_89_Philippines89-Pennsylvania_NC_004161 0.0000000 0.0235608 0.0325028 2.0932758 2.0665975 1.9021863 1.9020338 1.9017315 1.9041289 1.9235062 1.9259430 1.9168230 1.9135250 1.9145773 1.9101006 1.9126381 1.9101463 1.9102825 1.9116040 1.9118129 1.9122427 1.9126519 1.9126564 1.9120461 1.9117297 1.9116517 1.9123867 1.9126597 1.9126597 1.9127961 1.9127961 1.9127961 1.9128830 1.9128830 1.9129134 1.9124609 1.9124609 1.9126901 1.9127398 1.9119242 1.9122697 1.9118016 1.9130394 1.9130003 1.9130003 1.9118448 1.9135465 1.9130967 1.9127615 1.9128342 1.9114377 1.9134776 1.9138218 1.9131922 1.9135414 1.9143144 1.9113800 1.9101107 1.9108722 1.9097747 1.9102446 1.9135952 1.9118088 1.9118088 1.9126147 1.9148004 1.9134961 1.9134535 1.9134816 1.9121413 1.9111824 1.9123903 1.9109607 1.9101064 1.9107188 1.9104389 1.9104389 1.9120014 1.9138157 1.9156850 1.9111713 1.9120191 1.9153010 1.9153010 1.9120368 1.9119931 1.9144003 1.9140055 1.9105855 1.9107217 1.9173989 1.8613731 1.8614221 
RESTV_S.dom-tc_PHL_08_Reston08-A_FJ621583                  0.0235608 0.0000000 0.0486513 2.1179004 2.0787193 1.9298169 1.9296514 1.9293457 1.9317890 1.9540307 1.9565127 1.9461659 1.9437379 1.9436495 1.9393549 1.9419641 1.9394141 1.9395525 1.9408839 1.9411044 1.9415375 1.9419509 1.9419658 1.9413423 1.9410199 1.9409380 1.9416947 1.9419698 1.9419698 1.9421084 1.9421084 1.9421084 1.9421940 1.9421940 1.9422255 1.9417717 1.9417717 1.9420013 1.9420522 1.9411578 1.9415761 1.9410942 1.9423539 1.9423112 1.9423112 1.9411345 1.9428748 1.9424234 1.9414492 1.9421564 1.9407251 1.9428048 1.9431526 1.9425059 1.9428627 1.9436470 1.9408391 1.9391828 1.9403293 1.9392102 1.9395140 1.9429232 1.9411110 1.9411110 1.9419093 1.9439549 1.9430964 1.9428544 1.9428869 1.9417189 1.9405445 1.9416885 1.9402300 1.9393734 1.9400004 1.9397027 1.9397027 1.9413056 1.9431520 1.9450613 1.9404591 1.9409486 1.9446652 1.9446652 1.9413329 1.9412874 1.9437385 1.9433536 1.9396257 1.9397641 1.9470969 1.8857533 1.8858033 
RESTV_S.dom-xx_PHL_08_Reston08-C_FJ621584                  0.0325028 0.0486513 0.0000000 2.1109304 2.0799092 1.8950757 1.8949266 1.8946254 1.8970703 1.9163998 1.9182048 1.9073292 1.9072971 1.9090936 1.9045736 1.9072749 1.9044350 1.9045708 1.9058903 1.9060971 1.9069783 1.9073866 1.9069371 1.9063293 1.9060141 1.9059368 1.9066677 1.9069403 1.9069403 1.9070763 1.9070763 1.9070763 1.9071635 1.9071635 1.9071936 1.9067413 1.9067413 1.9069704 1.9070199 1.9062082 1.9065510 1.9060856 1.9073191 1.9068285 1.9068285 1.9061293 1.9078236 1.9073741 1.9070420 1.9071125 1.9057226 1.9077549 1.9080984 1.9074721 1.9075773 1.9088567 1.9056674 1.9048536 1.9051599 1.9040666 1.9045329 1.9077792 1.9062728 1.9062728 1.9068051 1.9091371 1.9077726 1.9075511 1.9069016 1.9064222 1.9052876 1.9066732 1.9052492 1.9043953 1.9050049 1.9047283 1.9047283 1.9062832 1.9076389 1.9099528 1.9054561 1.9062413 1.9099305 1.9099305 1.9063201 1.9062767 1.9084935 1.9082787 1.9048711 1.9050070 1.9122741 1.8831167 1.8831666 
TAFV_H.sap-tc_CIV_94_Pauleoula-CI_NC_014372                2.0932758 2.1179004 2.1109304 0.0000000 0.7919256 1.3271613 1.3269314 1.3262070 1.3273176 1.3474412 1.3507228 1.3447323 1.3443204 1.3454941 1.3433609 1.3431598 1.3445273 1.3447354 1.3437925 1.3446174 1.3449023 1.3462055 1.3460396 1.3452092 1.3447743 1.3459515 1.3459285 1.3456577 1.3456577 1.3456119 1.3456119 1.3458660 1.3454495 1.3454495 1.3454597 1.3458640 1.3458640 1.3456680 1.3459937 1.3451375 1.3456884 1.3451015 1.3454533 1.3457016 1.3457016 1.3457534 1.3458701 1.3450708 1.3461806 1.3460345 1.3460770 1.3449774 1.3447507 1.3444030 1.3446498 1.3463757 1.3464371 1.3452206 1.3454550 1.3452067 1.3450258 1.3461428 1.3449711 1.3449711 1.3446426 1.3443637 1.3450423 1.3447834 1.3452892 1.3457064 1.3458494 1.3464698 1.3470807 1.3456776 1.3463311 1.3467646 1.3467646 1.3475823 1.3469305 1.3453757 1.3457315 1.3447611 1.3468217 1.3468217 1.3460070 1.3458896 1.3467854 1.3454969 1.3461687 1.3466721 1.3448840 2.1854419 2.1855051 
BDBV_H.sap-xx_COD_12_EboBund-122_KC545395                  2.0665975 2.0787193 2.0799092 0.7919256 0.0000000 1.3521865 1.3515491 1.3508936 1.3531584 1.3724863 1.3719094 1.3751264 1.3732980 1.3828502 1.3803692 1.3812120 1.3818677 1.3816713 1.3807860 1.3814737 1.3821727 1.3825007 1.3815049 1.3811891 1.3812659 1.3807671 1.3817769 1.3815038 1.3815038 1.3814584 1.3814584 1.3816040 1.3817003 1.3817003 1.3817116 1.3814149 1.3814149 1.3815151 1.3816267 1.3820839 1.3815352 1.3809353 1.3817997 1.3818079 1.3818079 1.3810121 1.3817278 1.3807581 1.3820888 1.3821915 1.3824935 1.3818718 1.3821450 1.3817845 1.3817252 1.3822372 1.3822446 1.3817094 1.3807631 1.3808186 1.3812298 1.3806820 1.3821481 1.3821481 1.3818806 1.3829762 1.3819290 1.3812011 1.3810734 1.3817021 1.3810784 1.3816136 1.3829450 1.3821518 1.3822902 1.3807488 1.3807488 1.3812704 1.3807014 1.3814845 1.3817358 1.3802133 1.3842053 1.3842053 1.3811813 1.3815625 1.3831859 1.3831260 1.3812105 1.3816076 1.3851415 2.2045440 2.2041118 
EBOV_H.sap-tc_COD_07_1Luebo_KC242786                       1.9021863 1.9298169 1.8950757 1.3271613 1.3521865 0.0000000 0.0002043 0.0004086 0.0006130 0.0235084 0.0246711 0.0231059 0.0198688 0.0333689 0.0323941 0.0322340 0.0320535 0.0321095 0.0320475 0.0319920 0.0321076 0.0322806 0.0328533 0.0323959 0.0321722 0.0326295 0.0325654 0.0325090 0.0325090 0.0325652 0.0325652 0.0325652 0.0325647 0.0325647 0.0326207 0.0326207 0.0326207 0.0325650 0.0326772 0.0326225 0.0326212 0.0325658 0.0326836 0.0326203 0.0326203 0.0326288 0.0326814 0.0326218 0.0327334 0.0326779 0.0327923 0.0327339 0.0326779 0.0327378 0.0330719 0.0327965 0.0326855 0.0326244 0.0323999 0.0326281 0.0327362 0.0328517 0.0329076 0.0329076 0.0327951 0.0329585 0.0330139 0.0333513 0.0331232 0.0329020 0.0331253 0.0327971 0.0330236 0.0332521 0.0330797 0.0330258 0.0330258 0.0332620 0.0330893 0.0329154 0.0327902 0.0327486 0.0331981 0.0331981 0.0329080 0.0330764 0.0332426 0.0331939 0.0329677 0.0329120 0.0335364 2.0207793 2.0210181 
EBOV_H.sap-tc_COD_07_M-M_HQ613403                          1.9020338 1.9296514 1.8949266 1.3269314 1.3515491 0.0002043 0.0000000 0.0002043 0.0004086 0.0232880 0.0244500 0.0228860 0.0196510 0.0331420 0.0321679 0.0320078 0.0318274 0.0318835 0.0318216 0.0317661 0.0318815 0.0320544 0.0326267 0.0321697 0.0319461 0.0324030 0.0323391 0.0322827 0.0322827 0.0323388 0.0323388 0.0323388 0.0323384 0.0323384 0.0323943 0.0323943 0.0323943 0.0323387 0.0324507 0.0323961 0.0323948 0.0323394 0.0324571 0.0323939 0.0323939 0.0324023 0.0324550 0.0323954 0.0325069 0.0324514 0.0325658 0.0325074 0.0324514 0.0325113 0.0328453 0.0325699 0.0324590 0.0323980 0.0321736 0.0324016 0.0325098 0.0326251 0.0326810 0.0326810 0.0325685 0.0327319 0.0327873 0.0331244 0.0328965 0.0326755 0.0328986 0.0325705 0.0327969 0.0330253 0.0328529 0.0327991 0.0327991 0.0330351 0.0328625 0.0326887 0.0325637 0.0325221 0.0329713 0.0329713 0.0326814 0.0328497 0.0330158 0.0329671 0.0327410 0.0326853 0.0333093 2.0223685 2.0226073 
EBOV_H.sap-tc_COD_07_5Luebo_KC242790                       1.9017315 1.9293457 1.8946254 1.3262070 1.3508936 0.0004086 0.0002043 0.0000000 0.0006130 0.0235075 0.0246702 0.0231050 0.0198681 0.0333676 0.0323928 0.0322327 0.0320522 0.0321082 0.0320463 0.0319907 0.0321063 0.0322793 0.0328520 0.0323947 0.0321709 0.0326282 0.0325641 0.0325078 0.0325078 0.0325639 0.0325639 0.0325639 0.0325634 0.0325634 0.0326194 0.0326194 0.0326194 0.0325637 0.0326759 0.0326212 0.0326199 0.0325645 0.0326823 0.0326190 0.0326190 0.0326275 0.0326801 0.0326205 0.0327321 0.0326766 0.0327910 0.0327326 0.0326766 0.0327365 0.0330706 0.0327952 0.0326842 0.0326232 0.0323986 0.0326268 0.0327349 0.0328504 0.0329063 0.0329063 0.0327938 0.0329572 0.0330126 0.0333499 0.0331219 0.0329007 0.0331239 0.0327958 0.0330223 0.0332508 0.0330783 0.0330245 0.0330245 0.0332607 0.0330880 0.0329141 0.0327889 0.0327473 0.0331968 0.0331968 0.0329067 0.0330751 0.0332413 0.0331926 0.0329664 0.0329106 0.0335350 2.0225483 2.0227871 
EBOV_H.sap-tc_COD_08_034-KS_HQ613402                       1.9041289 1.9317890 1.8970703 1.3273176 1.3531584 0.0006130 0.0004086 0.0006130 0.0000000 0.0237288 0.0248924 0.0233259 0.0200867 0.0335368 0.0325616 0.0324014 0.0322208 0.0322768 0.0322148 0.0321593 0.0322749 0.0324480 0.0330210 0.0325634 0.0323396 0.0327971 0.0327330 0.0326766 0.0326766 0.0327327 0.0327327 0.0327327 0.0327322 0.0327322 0.0327883 0.0327883 0.0327883 0.0327326 0.0328447 0.0327900 0.0327887 0.0327333 0.0328512 0.0327878 0.0327878 0.0327963 0.0328490 0.0327893 0.0329010 0.0328454 0.0329599 0.0329015 0.0328455 0.0329054 0.0332397 0.0329641 0.0328531 0.0327920 0.0325674 0.0327956 0.0329038 0.0330193 0.0330753 0.0330753 0.0329627 0.0331262 0.0331816 0.0335191 0.0332909 0.0330697 0.0332930 0.0329647 0.0331913 0.0334200 0.0332474 0.0331935 0.0331935 0.0334299 0.0332571 0.0330831 0.0329579 0.0329163 0.0333659 0.0333659 0.0330757 0.0332442 0.0334104 0.0333618 0.0331354 0.0330797 0.0337044 2.0226380 2.0228768 
EBOV_H.sap-xx_COD_14_Lomela-Lokolia16_KP271018             1.9235062 1.9540307 1.9163998 1.3474412 1.3724863 0.0235084 0.0232880 0.0235075 0.0237288 0.0000000 0.0016944 0.0079872 0.0133309 0.0378799 0.0369519 0.0368496 0.0365565 0.0366134 0.0365497 0.0364934 0.0366112 0.0366736 0.0374194 0.0369540 0.0367269 0.0371922 0.0371262 0.0370689 0.0370689 0.0371259 0.0371259 0.0371259 0.0371254 0.0371254 0.0371822 0.0371822 0.0371822 0.0371258 0.0372396 0.0371842 0.0371827 0.0371266 0.0372959 0.0371817 0.0371817 0.0371914 0.0372445 0.0371835 0.0371825 0.0372404 0.0373569 0.0372972 0.0372404 0.0373017 0.0376406 0.0374111 0.0372491 0.0371865 0.0369586 0.0371906 0.0372999 0.0373013 0.0374114 0.0374114 0.0373600 0.0374117 0.0375814 0.0379894 0.0378108 0.0374679 0.0377597 0.0375293 0.0374865 0.0377759 0.0376003 0.0375459 0.0375459 0.0377872 0.0376662 0.0375328 0.0373545 0.0373141 0.0376567 0.0376567 0.0375884 0.0377593 0.0378141 0.0377657 0.0375357 0.0374792 0.0379995 2.0469651 2.0472071 
EBOV_H.sap-xx_COD_14_Lomela-Lokolia17_KP271019             1.9259430 1.9565127 1.9182048 1.3507228 1.3719094 0.0246711 0.0244500 0.0246702 0.0248924 0.0016944 0.0000000 0.0088829 0.0143489 0.0389835 0.0380522 0.0379500 0.0376558 0.0377128 0.0376487 0.0375923 0.0377106 0.0377733 0.0385215 0.0380544 0.0378267 0.0382936 0.0382272 0.0381698 0.0381698 0.0382269 0.0382269 0.0382269 0.0382264 0.0382264 0.0382833 0.0382833 0.0382833 0.0382267 0.0383409 0.0382854 0.0382839 0.0382277 0.0383973 0.0382828 0.0382828 0.0382928 0.0383460 0.0382846 0.0382837 0.0383417 0.0384586 0.0383988 0.0383418 0.0384034 0.0387432 0.0385130 0.0383507 0.0382878 0.0380591 0.0382920 0.0384015 0.0384029 0.0385133 0.0385133 0.0384619 0.0385136 0.0386837 0.0390933 0.0389139 0.0385699 0.0388628 0.0386316 0.0385891 0.0388795 0.0387032 0.0386487 0.0386487 0.0388910 0.0387695 0.0386352 0.0384562 0.0384161 0.0387598 0.0387598 0.0386909 0.0388624 0.0389173 0.0388690 0.0385237 0.0384670 0.0391036 2.0499921 2.0502343 
EBOV_H.sap-tc_COD_95_Kikwit-9510621_KR867676               1.9168230 1.9461659 1.9073292 1.3447323 1.3751264 0.0231059 0.0228860 0.0231050 0.0233259 0.0079872 0.0088829 0.0000000 0.0129552 0.0373484 0.0364120 0.0363098 0.0360174 0.0360741 0.0360106 0.0359544 0.0359589 0.0360210 0.0368784 0.0364141 0.0361874 0.0366517 0.0365859 0.0365288 0.0365288 0.0365856 0.0365856 0.0365856 0.0365851 0.0365851 0.0366418 0.0366418 0.0366418 0.0365855 0.0366991 0.0366438 0.0366423 0.0365864 0.0367553 0.0366413 0.0366413 0.0366509 0.0367039 0.0366431 0.0367560 0.0366999 0.0368161 0.0367566 0.0366999 0.0367610 0.0370993 0.0368703 0.0367085 0.0366461 0.0364186 0.0366501 0.0367593 0.0368766 0.0369332 0.0369332 0.0368192 0.0369842 0.0370402 0.0374473 0.0372691 0.0369270 0.0372181 0.0369881 0.0369453 0.0372341 0.0370589 0.0370046 0.0370046 0.0372452 0.0370711 0.0369916 0.0368138 0.0367733 0.0371152 0.0371152 0.0370471 0.0372177 0.0372724 0.0372240 0.0369945 0.0369381 0.0374573 2.0381606 2.0384018 
EBOV_H.sap-tc_COD_77_Bonduni_KC242791                      1.9135250 1.9437379 1.9072971 1.3443204 1.3732980 0.0198688 0.0196510 0.0198681 0.0200867 0.0133309 0.0143489 0.0129552 0.0000000 0.0340123 0.0330958 0.0329937 0.0327045 0.0327608 0.0326984 0.0326427 0.0327588 0.0328199 0.0335571 0.0330977 0.0328731 0.0333324 0.0332679 0.0332113 0.0332113 0.0332677 0.0332677 0.0332677 0.0332672 0.0332672 0.0333234 0.0333234 0.0333234 0.0332675 0.0333801 0.0333252 0.0333239 0.0332683 0.0334359 0.0333230 0.0333230 0.0333317 0.0333845 0.0333245 0.0334366 0.0333808 0.0334958 0.0334371 0.0333809 0.0334411 0.0337766 0.0335498 0.0333886 0.0333273 0.0331018 0.0333310 0.0333809 0.0335555 0.0336116 0.0336116 0.0334986 0.0336626 0.0337182 0.0341210 0.0339450 0.0336059 0.0338939 0.0336662 0.0336227 0.0339086 0.0337353 0.0336812 0.0336812 0.0339187 0.0337996 0.0336693 0.0334937 0.0334522 0.0337911 0.0337911 0.0337245 0.0338936 0.0339480 0.0338993 0.0336720 0.0336161 0.0342432 2.0312916 2.0315323 
EBOV_H.sap-wt_GIN_14_Makona-Gueckedou-EM_080076_KR817235   1.9145773 1.9436495 1.9090936 1.3454941 1.3828502 0.0333689 0.0331420 0.0333676 0.0335368 0.0378799 0.0389835 0.0373484 0.0340123 0.0000000 0.0016402 0.0018463 0.0017945 0.0018459 0.0018971 0.0018457 0.0020515 0.0022061 0.0023606 0.0019486 0.0017430 0.0021549 0.0021029 0.0020515 0.0020515 0.0021029 0.0021029 0.0021029 0.0021029 0.0021029 0.0021543 0.0021543 0.0021543 0.0021029 0.0022057 0.0021544 0.0021543 0.0021029 0.0022572 0.0022571 0.0022571 0.0022058 0.0022060 0.0022572 0.0023601 0.0022574 0.0024117 0.0023601 0.0023087 0.0023604 0.0026691 0.0023601 0.0022575 0.0022574 0.0021545 0.0023606 0.0022574 0.0024634 0.0024120 0.0024120 0.0025149 0.0025660 0.0026174 0.0029787 0.0028236 0.0025145 0.0027724 0.0025663 0.0025152 0.0027216 0.0025667 0.0025154 0.0025154 0.0027224 0.0026188 0.0024635 0.0023087 0.0023095 0.0027724 0.0027724 0.0025149 0.0026694 0.0027208 0.0027216 0.0025667 0.0025153 0.0030826 2.0480803 2.0483217 
EBOV_H.sap-wt_GIN_14_Makona-Gueckedou-EM_079702_KR817210   1.9101006 1.9393549 1.9045736 1.3433609 1.3803692 0.0323941 0.0321679 0.0323928 0.0325616 0.0369519 0.0380522 0.0364120 0.0330958 0.0016402 0.0000000 0.0008184 0.0007673 0.0008184 0.0008696 0.0008184 0.0010232 0.0011780 0.0013320 0.0009208 0.0007161 0.0011268 0.0010744 0.0010232 0.0010232 0.0010744 0.0010744 0.0010744 0.0010744 0.0010744 0.0011256 0.0011256 0.0011256 0.0010744 0.0011778 0.0011256 0.0011256 0.0010744 0.0012291 0.0012291 0.0012291 0.0011778 0.0011780 0.0012291 0.0013317 0.0012292 0.0013831 0.0013317 0.0012804 0.0013319 0.0016398 0.0013317 0.0012293 0.0012292 0.0011266 0.0013320 0.0012292 0.0014346 0.0013833 0.0013833 0.0014859 0.0015370 0.0015883 0.0019483 0.0017938 0.0014857 0.0017427 0.0015372 0.0014861 0.0016917 0.0015374 0.0014862 0.0014862 0.0016922 0.0015891 0.0014346 0.0012804 0.0012809 0.0017426 0.0017426 0.0014859 0.0016399 0.0016912 0.0016917 0.0015374 0.0014861 0.0020516 2.0451942 2.0454354 
EBOV_H.sap-wt_GIN_14_Makona-Gueckedou-EM_079587_KR817202   1.9126381 1.9419641 1.9072749 1.3431598 1.3812120 0.0322340 0.0320078 0.0322327 0.0324014 0.0368496 0.0379500 0.0363098 0.0329937 0.0018463 0.0008184 0.0000000 0.0006649 0.0007161 0.0007673 0.0007161 0.0009208 0.0010758 0.0012298 0.0008184 0.0006137 0.0010246 0.0009731 0.0009208 0.0009208 0.0009731 0.0009731 0.0009731 0.0009730 0.0009730 0.0010243 0.0010243 0.0010243 0.0009731 0.0010756 0.0010244 0.0010243 0.0009731 0.0011269 0.0011269 0.0011269 0.0010756 0.0010758 0.0011269 0.0012295 0.0011270 0.0012809 0.0012295 0.0011782 0.0012297 0.0015376 0.0012295 0.0011271 0.0011270 0.0010244 0.0012298 0.0011270 0.0013324 0.0012810 0.0012810 0.0013837 0.0014348 0.0014861 0.0018461 0.0016916 0.0013835 0.0016405 0.0014350 0.0013839 0.0015895 0.0014352 0.0013840 0.0013840 0.0015900 0.0014869 0.0013324 0.0011782 0.0011786 0.0016405 0.0016405 0.0013837 0.0015378 0.0015890 0.0015895 0.0014352 0.0013839 0.0019494 2.0463822 2.0466234 
EBOV_H.sap-tc_GIN_14_Makona-Gueckedou-C07_KP096421         1.9101463 1.9394141 1.9044350 1.3445273 1.3818677 0.0320535 0.0318274 0.0320522 0.0322208 0.0365565 0.0376558 0.0360174 0.0327045 0.0017945 0.0007673 0.0006649 0.0000000 0.0000511 0.0005114 0.0004603 0.0006649 0.0008184 0.0011782 0.0007673 0.0005626 0.0009731 0.0009208 0.0008696 0.0008696 0.0009208 0.0009208 0.0009208 0.0009208 0.0009208 0.0009720 0.0009720 0.0009720 0.0009208 0.0010232 0.0009720 0.0009720 0.0009208 0.0010744 0.0010744 0.0010744 0.0010232 0.0010242 0.0010744 0.0011779 0.0010755 0.0012293 0.0011780 0.0011267 0.0011781 0.0014859 0.0011780 0.0010755 0.0010755 0.0009720 0.0011782 0.0010755 0.0012807 0.0012294 0.0012294 0.0013320 0.0013832 0.0014345 0.0017943 0.0016399 0.0013318 0.0015887 0.0013833 0.0013322 0.0015378 0.0013836 0.0013323 0.0013323 0.0015382 0.0014352 0.0012808 0.0011267 0.0011271 0.0015887 0.0015887 0.0013321 0.0014861 0.0015373 0.0015377 0.0013836 0.0013322 0.0018976 2.0451422 2.0453833 
EBOV_H.sap-wt_GIN_14_Makona-Gueckedou-C07_KT013256         1.9102825 1.9395525 1.9045708 1.3447354 1.3816713 0.0321095 0.0318835 0.0321082 0.0322768 0.0366134 0.0377128 0.0360741 0.0327608 0.0018459 0.0008184 0.0007161 0.0000511 0.0000000 0.0005626 0.0005114 0.0007161 0.0008696 0.0012295 0.0008184 0.0006137 0.0010244 0.0009720 0.0009208 0.0009208 0.0009720 0.0009720 0.0009720 0.0009720 0.0009720 0.0010232 0.0010232 0.0010232 0.0009720 0.0010744 0.0010232 0.0010232 0.0009720 0.0011266 0.0011266 0.0011266 0.0010744 0.0010755 0.0011267 0.0012292 0.0011268 0.0012806 0.0012293 0.0011780 0.0012294 0.0015372 0.0012293 0.0011268 0.0011268 0.0010232 0.0012295 0.0011268 0.0013321 0.0012807 0.0012807 0.0013834 0.0014345 0.0014858 0.0018456 0.0016912 0.0013832 0.0016401 0.0014346 0.0013836 0.0015891 0.0014349 0.0013836 0.0013836 0.0015896 0.0014866 0.0013321 0.0011780 0.0011784 0.0016401 0.0016401 0.0013834 0.0015374 0.0015887 0.0015891 0.0014349 0.0013836 0.0019490 2.0453775 2.0456186 
EBOV_H.sap-wt_GIN_14_Makona-Macenta-EM_079422_KR817187     1.9116040 1.9408839 1.9058903 1.3437925 1.3807860 0.0320475 0.0318216 0.0320463 0.0322148 0.0365497 0.0376487 0.0360106 0.0326984 0.0018971 0.0008696 0.0007673 0.0005114 0.0005626 0.0000000 0.0002557 0.0007673 0.0009208 0.0012807 0.0008696 0.0006649 0.0010756 0.0010232 0.0009720 0.0009720 0.0010232 0.0010232 0.0010232 0.0010232 0.0010232 0.0010744 0.0010744 0.0010744 0.0010232 0.0011256 0.0010744 0.0010744 0.0010232 0.0011778 0.0011778 0.0011778 0.0011256 0.0011267 0.0011779 0.0012804 0.0011780 0.0013318 0.0012805 0.0012292 0.0012806 0.0015884 0.0012805 0.0011780 0.0011780 0.0010744 0.0012807 0.0011780 0.0013833 0.0013320 0.0013320 0.0014346 0.0014857 0.0015370 0.0018969 0.0017424 0.0014344 0.0016913 0.0014859 0.0014348 0.0016404 0.0014861 0.0014349 0.0014349 0.0016409 0.0015378 0.0013833 0.0012292 0.0012296 0.0016913 0.0016913 0.0014346 0.0015886 0.0016399 0.0016404 0.0014861 0.0014348 0.0020002 2.0451457 2.0453868 
EBOV_H.sap-wt_GIN_14_Makona-Macenta-EM_079424_KR817189     1.9118129 1.9411044 1.9060971 1.3446174 1.3814737 0.0319920 0.0317661 0.0319907 0.0321593 0.0364934 0.0375923 0.0359544 0.0326427 0.0018457 0.0008184 0.0007161 0.0004603 0.0005114 0.0002557 0.0000000 0.0007161 0.0008696 0.0012294 0.0008184 0.0006137 0.0010243 0.0009720 0.0009208 0.0009208 0.0009720 0.0009720 0.0009720 0.0009720 0.0009720 0.0010232 0.0010232 0.0010232 0.0009720 0.0010744 0.0010232 0.0010232 0.0009720 0.0011256 0.0011256 0.0011256 0.0010744 0.0010754 0.0011256 0.0012291 0.0011267 0.0012805 0.0012292 0.0011779 0.0012293 0.0015371 0.0012292 0.0011267 0.0011267 0.0010232 0.0012294 0.0011267 0.0013320 0.0012807 0.0012807 0.0013833 0.0014344 0.0014857 0.0018455 0.0016911 0.0013831 0.0016400 0.0014345 0.0013835 0.0015890 0.0014348 0.0013836 0.0013836 0.0015895 0.0014865 0.0013320 0.0011779 0.0011783 0.0016400 0.0016400 0.0013833 0.0015373 0.0015886 0.0015890 0.0014348 0.0013835 0.0019489 2.0456355 2.0458767 
EBOV_H.sap-tc_GIN_14_Makona-Gueckedou-C05_KP096420         1.9122427 1.9415375 1.9069783 1.3449023 1.3821727 0.0321076 0.0318815 0.0321063 0.0322749 0.0366112 0.0377106 0.0359589 0.0327588 0.0020515 0.0010232 0.0009208 0.0006649 0.0007161 0.0007673 0.0007161 0.0000000 0.0001534 0.0014348 0.0010232 0.0008184 0.0012295 0.0011779 0.0011266 0.0011266 0.0011779 0.0011779 0.0011779 0.0011779 0.0011779 0.0012292 0.0012292 0.0012292 0.0011779 0.0012805 0.0012293 0.0012292 0.0011779 0.0013318 0.0012292 0.0012292 0.0012805 0.0012807 0.0012292 0.0013318 0.0013319 0.0013832 0.0014345 0.0013832 0.0014346 0.0017426 0.0014345 0.0013320 0.0013319 0.0012293 0.0014347 0.0013319 0.0015374 0.0014860 0.0014860 0.0014860 0.0016398 0.0015884 0.0019484 0.0017939 0.0014858 0.0017428 0.0015373 0.0015889 0.0017946 0.0016403 0.0015890 0.0015890 0.0017951 0.0016920 0.0015374 0.0013832 0.0013836 0.0018455 0.0018455 0.0015887 0.0017428 0.0017941 0.0017946 0.0016403 0.0015889 0.0020518 2.0438238 2.0440649 
EBOV_H.sap-wt_GIN_14_Makona-Kissidougou-C15_KT013254       1.9126519 1.9419509 1.9073866 1.3462055 1.3825007 0.0322806 0.0320544 0.0322793 0.0324480 0.0366736 0.0377733 0.0360210 0.0328199 0.0022061 0.0011780 0.0010758 0.0008184 0.0008696 0.0009208 0.0008696 0.0001534 0.0000000 0.0015890 0.0011781 0.0009720 0.0013837 0.0013320 0.0012807 0.0012807 0.0013320 0.0013320 0.0013320 0.0013320 0.0013320 0.0013833 0.0013833 0.0013833 0.0013320 0.0014347 0.0013834 0.0013833 0.0013320 0.0014860 0.0013833 0.0013833 0.0014347 0.0014348 0.0013834 0.0014860 0.0014861 0.0015374 0.0015887 0.0015374 0.0015889 0.0018970 0.0015887 0.0014862 0.0014861 0.0013835 0.0015890 0.0014861 0.0016917 0.0016403 0.0016403 0.0016403 0.0017942 0.0017428 0.0021030 0.0019483 0.0016400 0.0018972 0.0016916 0.0017433 0.0019491 0.0017947 0.0017434 0.0017434 0.0019497 0.0018464 0.0016917 0.0015374 0.0015379 0.0020000 0.0020000 0.0017431 0.0018972 0.0019485 0.0019491 0.0017947 0.0017433 0.0022064 2.0428987 2.0431396 
EBOV_H.sap-wt_LBR_14_Makona-LIBR0430_KR006955              1.9126564 1.9419658 1.9069371 1.3460396 1.3815049 0.0328533 0.0326267 0.0328520 0.0330210 0.0374194 0.0385215 0.0368784 0.0335571 0.0023606 0.0013320 0.0012298 0.0011782 0.0012295 0.0012807 0.0012294 0.0014348 0.0015890 0.0000000 0.0005114 0.0006137 0.0007161 0.0006649 0.0006137 0.0006137 0.0006649 0.0006649 0.0006649 0.0006649 0.0006649 0.0007161 0.0007161 0.0007161 0.0006649 0.0007673 0.0007161 0.0007161 0.0006649 0.0008184 0.0008184 0.0008184 0.0007673 0.0007673 0.0008184 0.0009208 0.0008184 0.0009720 0.0009208 0.0008696 0.0009208 0.0012294 0.0009208 0.0008184 0.0008184 0.0007161 0.0009218 0.0008184 0.0010243 0.0009731 0.0009731 0.0010756 0.0011268 0.0011780 0.0015376 0.0013833 0.0010754 0.0013322 0.0011269 0.0010758 0.0012811 0.0011271 0.0010758 0.0010758 0.0012815 0.0011786 0.0010244 0.0008696 0.0008707 0.0013321 0.0013321 0.0010756 0.0012295 0.0012808 0.0012811 0.0019490 0.0018976 0.0016407 2.0467193 2.0469606 
EBOV_H.sap-wt_SLE_14_Makona-G3734.1_KM233055               1.9120461 1.9413423 1.9063293 1.3452092 1.3811891 0.0323959 0.0321697 0.0323947 0.0325634 0.0369540 0.0380544 0.0364141 0.0330977 0.0019486 0.0009208 0.0008184 0.0007673 0.0008184 0.0008696 0.0008184 0.0010232 0.0011781 0.0005114 0.0000000 0.0002045 0.0002045 0.0001534 0.0001023 0.0001023 0.0001534 0.0001534 0.0001534 0.0001534 0.0001534 0.0002045 0.0002045 0.0002045 0.0001534 0.0002557 0.0002045 0.0002045 0.0001534 0.0003068 0.0003068 0.0003068 0.0002557 0.0002557 0.0003068 0.0004091 0.0003068 0.0004603 0.0004091 0.0003580 0.0004091 0.0007161 0.0004091 0.0004091 0.0004091 0.0003068 0.0005114 0.0004091 0.0006137 0.0004603 0.0004603 0.0005626 0.0006137 0.0006649 0.0010232 0.0008696 0.0005626 0.0008184 0.0006137 0.0005626 0.0007673 0.0006137 0.0005626 0.0005626 0.0007673 0.0006649 0.0005114 0.0004603 0.0004603 0.0008184 0.0008184 0.0006649 0.0008184 0.0007673 0.0007673 0.0015375 0.0014862 0.0011270 2.0460328 2.0462740 
EBOV_H.sap-wt_SLE_14_Makona-G3676.1_KM034554               1.9117297 1.9410199 1.9060141 1.3447743 1.3812659 0.0321722 0.0319461 0.0321709 0.0323396 0.0367269 0.0378267 0.0361874 0.0328731 0.0017430 0.0007161 0.0006137 0.0005626 0.0006137 0.0006649 0.0006137 0.0008184 0.0009720 0.0006137 0.0002045 0.0000000 0.0004091 0.0003580 0.0003068 0.0003068 0.0003580 0.0003580 0.0003580 0.0003580 0.0003580 0.0004091 0.0004091 0.0004091 0.0003580 0.0004603 0.0004091 0.0004091 0.0003580 0.0005114 0.0005114 0.0005114 0.0004603 0.0004603 0.0005114 0.0006137 0.0005114 0.0006649 0.0006137 0.0005626 0.0006137 0.0009208 0.0006137 0.0005114 0.0005114 0.0004091 0.0006137 0.0005114 0.0007161 0.0006649 0.0006649 0.0007673 0.0008184 0.0008696 0.0012293 0.0010744 0.0007673 0.0010232 0.0008184 0.0007673 0.0009730 0.0008184 0.0007673 0.0007673 0.0009733 0.0008696 0.0007161 0.0005626 0.0005626 0.0010232 0.0010232 0.0007673 0.0009208 0.0009720 0.0009730 0.0013322 0.0012809 0.0013322 2.0456496 2.0458908 
EBOV_H.sap-wt_LBR_15_Makona-Liberia-DQE4_KR074998          1.9116517 1.9409380 1.9059368 1.3459515 1.3807671 0.0326295 0.0324030 0.0326282 0.0327971 0.0371922 0.0382936 0.0366517 0.0333324 0.0021549 0.0011268 0.0010246 0.0009731 0.0010244 0.0010756 0.0010243 0.0012295 0.0013837 0.0007161 0.0002045 0.0004091 0.0000000 0.0001534 0.0001023 0.0001023 0.0001534 0.0001534 0.0001534 0.0001534 0.0001534 0.0002045 0.0002045 0.0002045 0.0001534 0.0002557 0.0002045 0.0002045 0.0001534 0.0003068 0.0003068 0.0003068 0.0002557 0.0002557 0.0003068 0.0004091 0.0003068 0.0004603 0.0004091 0.0003580 0.0004091 0.0007161 0.0004091 0.0006137 0.0006137 0.0005114 0.0007161 0.0006137 0.0008184 0.0004603 0.0004603 0.0005626 0.0006137 0.0006649 0.0010244 0.0008696 0.0005626 0.0008184 0.0006137 0.0005626 0.0007673 0.0006137 0.0005626 0.0005626 0.0007684 0.0006649 0.0005114 0.0006649 0.0006649 0.0008184 0.0008184 0.0008696 0.0010244 0.0007673 0.0007673 0.0017435 0.0016921 0.0011273 2.0441000 2.0443411 
EBOV_H.sap-wt_SLE_14_Makona-G3799_KM233080                 1.9123867 1.9416947 1.9066677 1.3459285 1.3817769 0.0325654 0.0323391 0.0325641 0.0327330 0.0371262 0.0382272 0.0365859 0.0332679 0.0021029 0.0010744 0.0009731 0.0009208 0.0009720 0.0010232 0.0009720 0.0011779 0.0013320 0.0006649 0.0001534 0.0003580 0.0001534 0.0000000 0.0000511 0.0000511 0.0001023 0.0001023 0.0001023 0.0001023 0.0001023 0.0001534 0.0001534 0.0001534 0.0001023 0.0002045 0.0001534 0.0001534 0.0001023 0.0002557 0.0002557 0.0002557 0.0002045 0.0002045 0.0002557 0.0003580 0.0002557 0.0004091 0.0003580 0.0003068 0.0003580 0.0006649 0.0003580 0.0005626 0.0005626 0.0004603 0.0006649 0.0005626 0.0007673 0.0004091 0.0004091 0.0005114 0.0005626 0.0006137 0.0009720 0.0008184 0.0005114 0.0007673 0.0005626 0.0005114 0.0007161 0.0005626 0.0005114 0.0005114 0.0007161 0.0006137 0.0004603 0.0006137 0.0006137 0.0007673 0.0007673 0.0008184 0.0009720 0.0007161 0.0007161 0.0016917 0.0016403 0.0010757 2.0446363 2.0448775 
EBOV_H.sap-wt_SLE_14_Makona-G3677.2_KM034557               1.9126597 1.9419698 1.9069403 1.3456577 1.3815038 0.0325090 0.0322827 0.0325078 0.0326766 0.0370689 0.0381698 0.0365288 0.0332113 0.0020515 0.0010232 0.0009208 0.0008696 0.0009208 0.0009720 0.0009208 0.0011266 0.0012807 0.0006137 0.0001023 0.0003068 0.0001023 0.0000511 0.0000000 0.0000010 0.0000511 0.0000511 0.0000511 0.0000511 0.0000511 0.0001023 0.0001023 0.0001023 0.0000511 0.0001534 0.0001023 0.0001023 0.0000511 0.0002045 0.0002045 0.0002045 0.0001534 0.0001534 0.0002045 0.0003068 0.0002045 0.0003580 0.0003068 0.0002557 0.0003068 0.0006137 0.0003068 0.0005114 0.0005114 0.0004091 0.0006137 0.0005114 0.0007161 0.0003580 0.0003580 0.0004603 0.0005114 0.0005626 0.0009208 0.0007673 0.0004603 0.0007161 0.0005114 0.0004603 0.0006649 0.0005114 0.0004603 0.0004603 0.0006649 0.0005626 0.0004091 0.0005626 0.0005626 0.0007161 0.0007161 0.0007673 0.0009208 0.0006649 0.0006649 0.0016403 0.0015889 0.0010244 2.0449247 2.0451659 
EBOV_H.sap-wt_SLE_14_Makona-G3789.1_KM233076               1.9126597 1.9419698 1.9069403 1.3456577 1.3815038 0.0325090 0.0322827 0.0325078 0.0326766 0.0370689 0.0381698 0.0365288 0.0332113 0.0020515 0.0010232 0.0009208 0.0008696 0.0009208 0.0009720 0.0009208 0.0011266 0.0012807 0.0006137 0.0001023 0.0003068 0.0001023 0.0000511 0.0000010 0.0000000 0.0000511 0.0000511 0.0000511 0.0000511 0.0000511 0.0001023 0.0001023 0.0001023 0.0000511 0.0001534 0.0001023 0.0001023 0.0000511 0.0002045 0.0002045 0.0002045 0.0001534 0.0001534 0.0002045 0.0003068 0.0002045 0.0003580 0.0003068 0.0002557 0.0003068 0.0006137 0.0003068 0.0005114 0.0005114 0.0004091 0.0006137 0.0005114 0.0007161 0.0003580 0.0003580 0.0004603 0.0005114 0.0005626 0.0009208 0.0007673 0.0004603 0.0007161 0.0005114 0.0004603 0.0006649 0.0005114 0.0004603 0.0004603 0.0006649 0.0005626 0.0004091 0.0005626 0.0005626 0.0007161 0.0007161 0.0007673 0.0009208 0.0006649 0.0006649 0.0016403 0.0015889 0.0010244 2.0449247 2.0451659 
EBOV_H.sap-wt_SLE_14_Makona-EM124.3_KM233047               1.9127961 1.9421084 1.9070763 1.3456119 1.3814584 0.0325652 0.0323388 0.0325639 0.0327327 0.0371259 0.0382269 0.0365856 0.0332677 0.0021029 0.0010744 0.0009731 0.0009208 0.0009720 0.0010232 0.0009720 0.0011779 0.0013320 0.0006649 0.0001534 0.0003580 0.0001534 0.0001023 0.0000511 0.0000511 0.0000000 0.0000010 0.0001023 0.0001023 0.0001023 0.0001534 0.0001534 0.0001534 0.0001023 0.0002045 0.0001534 0.0001534 0.0001023 0.0002557 0.0002557 0.0002557 0.0002045 0.0001023 0.0002557 0.0003580 0.0002557 0.0004091 0.0003580 0.0003068 0.0003580 0.0006649 0.0003580 0.0005626 0.0005626 0.0004603 0.0006649 0.0005626 0.0007673 0.0004091 0.0004091 0.0005114 0.0005626 0.0006137 0.0009720 0.0008184 0.0005114 0.0007673 0.0005626 0.0005114 0.0007161 0.0005626 0.0005114 0.0005114 0.0007161 0.0006137 0.0004603 0.0006137 0.0006137 0.0007673 0.0007673 0.0008184 0.0009720 0.0007161 0.0007161 0.0016917 0.0016403 0.0010757 2.0450744 2.0453155 
EBOV_H.sap-wt_SLE_14_Makona-G3949_1_KR105209               1.9127961 1.9421084 1.9070763 1.3456119 1.3814584 0.0325652 0.0323388 0.0325639 0.0327327 0.0371259 0.0382269 0.0365856 0.0332677 0.0021029 0.0010744 0.0009731 0.0009208 0.0009720 0.0010232 0.0009720 0.0011779 0.0013320 0.0006649 0.0001534 0.0003580 0.0001534 0.0001023 0.0000511 0.0000511 0.0000010 0.0000000 0.0001023 0.0001023 0.0001023 0.0001534 0.0001534 0.0001534 0.0001023 0.0002045 0.0001534 0.0001534 0.0001023 0.0002557 0.0002557 0.0002557 0.0002045 0.0001023 0.0002557 0.0003580 0.0002557 0.0004091 0.0003580 0.0003068 0.0003580 0.0006649 0.0003580 0.0005626 0.0005626 0.0004603 0.0006649 0.0005626 0.0007673 0.0004091 0.0004091 0.0005114 0.0005626 0.0006137 0.0009720 0.0008184 0.0005114 0.0007673 0.0005626 0.0005114 0.0007161 0.0005626 0.0005114 0.0005114 0.0007161 0.0006137 0.0004603 0.0006137 0.0006137 0.0007673 0.0007673 0.0008184 0.0009720 0.0007161 0.0007161 0.0016917 0.0016403 0.0010757 2.0450744 2.0453155 
EBOV_H.sap-wt_SLE_14_Makona-G3818_KM233092                 1.9127961 1.9421084 1.9070763 1.3458660 1.3816040 0.0325652 0.0323388 0.0325639 0.0327327 0.0371259 0.0382269 0.0365856 0.0332677 0.0021029 0.0010744 0.0009731 0.0009208 0.0009720 0.0010232 0.0009720 0.0011779 0.0013320 0.0006649 0.0001534 0.0003580 0.0001534 0.0001023 0.0000511 0.0000511 0.0001023 0.0001023 0.0000000 0.0001023 0.0001023 0.0001534 0.0001534 0.0001534 0.0001023 0.0002045 0.0001534 0.0001534 0.0001023 0.0002557 0.0002557 0.0002557 0.0002045 0.0002045 0.0002557 0.0003580 0.0002557 0.0004091 0.0003580 0.0003068 0.0003580 0.0006649 0.0003580 0.0005626 0.0005626 0.0004603 0.0006649 0.0005626 0.0007673 0.0004091 0.0004091 0.0005114 0.0005626 0.0006137 0.0009720 0.0008184 0.0005114 0.0007673 0.0005626 0.0005114 0.0007161 0.0005626 0.0005114 0.0005114 0.0007161 0.0006137 0.0004603 0.0006137 0.0006137 0.0007673 0.0007673 0.0008184 0.0009720 0.0007161 0.0007161 0.0016917 0.0016403 0.0010757 2.0451601 2.0454012 
EBOV_H.sap-wt_SLE_14_Makona-Kenema-G4350_1_KR105242        1.9128830 1.9421940 1.9071635 1.3454495 1.3817003 0.0325647 0.0323384 0.0325634 0.0327322 0.0371254 0.0382264 0.0365851 0.0332672 0.0021029 0.0010744 0.0009730 0.0009208 0.0009720 0.0010232 0.0009720 0.0011779 0.0013320 0.0006649 0.0001534 0.0003580 0.0001534 0.0001023 0.0000511 0.0000511 0.0001023 0.0001023 0.0001023 0.0000000 0.0000010 0.0000511 0.0001534 0.0001534 0.0001023 0.0002045 0.0001534 0.0001534 0.0001023 0.0002557 0.0002557 0.0002557 0.0001023 0.0002045 0.0002557 0.0003580 0.0002557 0.0004091 0.0003580 0.0003068 0.0003580 0.0006649 0.0003580 0.0005626 0.0005626 0.0004603 0.0006649 0.0005626 0.0007673 0.0004091 0.0004091 0.0005114 0.0004603 0.0006137 0.0009720 0.0008184 0.0005114 0.0007673 0.0005626 0.0005114 0.0007161 0.0005626 0.0005114 0.0005114 0.0007161 0.0006137 0.0004603 0.0006137 0.0006137 0.0007673 0.0007673 0.0008184 0.0009720 0.0007161 0.0007161 0.0016916 0.0016403 0.0010757 2.0447751 2.0450162 
EBOV_H.sap-wt_SLE_14_Makona-Kenema-G4971_1_KR105284        1.9128830 1.9421940 1.9071635 1.3454495 1.3817003 0.0325647 0.0323384 0.0325634 0.0327322 0.0371254 0.0382264 0.0365851 0.0332672 0.0021029 0.0010744 0.0009730 0.0009208 0.0009720 0.0010232 0.0009720 0.0011779 0.0013320 0.0006649 0.0001534 0.0003580 0.0001534 0.0001023 0.0000511 0.0000511 0.0001023 0.0001023 0.0001023 0.0000010 0.0000000 0.0000511 0.0001534 0.0001534 0.0001023 0.0002045 0.0001534 0.0001534 0.0001023 0.0002557 0.0002557 0.0002557 0.0001023 0.0002045 0.0002557 0.0003580 0.0002557 0.0004091 0.0003580 0.0003068 0.0003580 0.0006649 0.0003580 0.0005626 0.0005626 0.0004603 0.0006649 0.0005626 0.0007673 0.0004091 0.0004091 0.0005114 0.0004603 0.0006137 0.0009720 0.0008184 0.0005114 0.0007673 0.0005626 0.0005114 0.0007161 0.0005626 0.0005114 0.0005114 0.0007161 0.0006137 0.0004603 0.0006137 0.0006137 0.0007673 0.0007673 0.0008184 0.0009720 0.0007161 0.0007161 0.0016916 0.0016403 0.0010757 2.0447751 2.0450162 
EBOV_H.sap-wt_SLE_14_Makona-Kenema-G4856_1_KR105273        1.9129134 1.9422255 1.9071936 1.3454597 1.3817116 0.0326207 0.0323943 0.0326194 0.0327883 0.0371822 0.0382833 0.0366418 0.0333234 0.0021543 0.0011256 0.0010243 0.0009720 0.0010232 0.0010744 0.0010232 0.0012292 0.0013833 0.0007161 0.0002045 0.0004091 0.0002045 0.0001534 0.0001023 0.0001023 0.0001534 0.0001534 0.0001534 0.0000511 0.0000511 0.0000000 0.0002045 0.0002045 0.0001534 0.0002557 0.0002045 0.0002045 0.0001534 0.0003068 0.0003068 0.0003068 0.0001534 0.0002557 0.0003068 0.0004091 0.0003068 0.0004603 0.0004091 0.0003580 0.0004091 0.0007161 0.0004091 0.0006137 0.0006137 0.0005114 0.0007161 0.0006137 0.0008184 0.0004603 0.0004603 0.0005626 0.0005114 0.0006649 0.0010232 0.0008696 0.0005626 0.0008184 0.0006137 0.0005626 0.0007673 0.0006137 0.0005626 0.0005626 0.0007673 0.0006649 0.0005114 0.0006649 0.0006649 0.0008184 0.0008184 0.0008696 0.0010232 0.0007673 0.0007673 0.0017430 0.0016916 0.0011269 2.0450635 2.0453046 
EBOV_H.sap-wt_SLE_14_Makona-J0093_KP759760                 1.9124609 1.9417717 1.9067413 1.3458640 1.3814149 0.0326207 0.0323943 0.0326194 0.0327883 0.0371822 0.0382833 0.0366418 0.0333234 0.0021543 0.0011256 0.0010243 0.0009720 0.0010232 0.0010744 0.0010232 0.0012292 0.0013833 0.0007161 0.0002045 0.0004091 0.0002045 0.0001534 0.0001023 0.0001023 0.0001534 0.0001534 0.0001534 0.0001534 0.0001534 0.0002045 0.0000000 0.0000010 0.0000511 0.0001534 0.0001023 0.0002045 0.0001534 0.0002045 0.0002045 0.0002045 0.0002557 0.0002557 0.0002045 0.0003068 0.0003068 0.0003580 0.0004091 0.0003580 0.0004091 0.0007161 0.0004091 0.0006137 0.0006137 0.0005114 0.0007161 0.0006137 0.0008184 0.0004603 0.0004603 0.0004603 0.0006137 0.0005626 0.0009208 0.0007673 0.0004603 0.0007161 0.0005114 0.0005626 0.0007673 0.0006137 0.0005626 0.0005626 0.0007673 0.0006649 0.0005114 0.0006649 0.0006649 0.0008184 0.0008184 0.0008696 0.0010232 0.0007673 0.0007673 0.0017430 0.0016916 0.0010244 2.0444069 2.0446480 
EBOV_H.sap-wt_SLE_14_Makona-PortLoko-J0080_KP759749        1.9124609 1.9417717 1.9067413 1.3458640 1.3814149 0.0326207 0.0323943 0.0326194 0.0327883 0.0371822 0.0382833 0.0366418 0.0333234 0.0021543 0.0011256 0.0010243 0.0009720 0.0010232 0.0010744 0.0010232 0.0012292 0.0013833 0.0007161 0.0002045 0.0004091 0.0002045 0.0001534 0.0001023 0.0001023 0.0001534 0.0001534 0.0001534 0.0001534 0.0001534 0.0002045 0.0000010 0.0000000 0.0000511 0.0001534 0.0001023 0.0002045 0.0001534 0.0002045 0.0002045 0.0002045 0.0002557 0.0002557 0.0002045 0.0003068 0.0003068 0.0003580 0.0004091 0.0003580 0.0004091 0.0007161 0.0004091 0.0006137 0.0006137 0.0005114 0.0007161 0.0006137 0.0008184 0.0004603 0.0004603 0.0004603 0.0006137 0.0005626 0.0009208 0.0007673 0.0004603 0.0007161 0.0005114 0.0005626 0.0007673 0.0006137 0.0005626 0.0005626 0.0007673 0.0006649 0.0005114 0.0006649 0.0006649 0.0008184 0.0008184 0.0008696 0.0010232 0.0007673 0.0007673 0.0017430 0.0016916 0.0010244 2.0444069 2.0446480 
EBOV_H.sap-wt_SLE_14_Makona-G3825.1_KM233098               1.9126901 1.9420013 1.9069704 1.3456680 1.3815151 0.0325650 0.0323387 0.0325637 0.0327326 0.0371258 0.0382267 0.0365855 0.0332675 0.0021029 0.0010744 0.0009731 0.0009208 0.0009720 0.0010232 0.0009720 0.0011779 0.0013320 0.0006649 0.0001534 0.0003580 0.0001534 0.0001023 0.0000511 0.0000511 0.0001023 0.0001023 0.0001023 0.0001023 0.0001023 0.0001534 0.0000511 0.0000511 0.0000000 0.0001023 0.0000511 0.0001534 0.0001023 0.0001534 0.0001534 0.0001534 0.0002045 0.0002045 0.0001534 0.0002557 0.0002557 0.0003068 0.0003580 0.0003068 0.0003580 0.0006649 0.0003580 0.0005626 0.0005626 0.0004603 0.0006649 0.0005626 0.0007673 0.0004091 0.0004091 0.0004091 0.0005626 0.0005114 0.0008696 0.0007161 0.0004091 0.0006649 0.0004603 0.0005114 0.0007161 0.0005626 0.0005114 0.0005114 0.0007161 0.0006137 0.0004603 0.0006137 0.0006137 0.0007673 0.0007673 0.0008184 0.0009720 0.0007161 0.0007161 0.0016916 0.0016403 0.0009731 2.0445565 2.0447976 
EBOV_H.sap-wt_SLE_14_Makona-J0117_KP759665                 1.9127398 1.9420522 1.9070199 1.3459937 1.3816267 0.0326772 0.0324507 0.0326759 0.0328447 0.0372396 0.0383409 0.0366991 0.0333801 0.0022057 0.0011778 0.0010756 0.0010232 0.0010744 0.0011256 0.0010744 0.0012805 0.0014347 0.0007673 0.0002557 0.0004603 0.0002557 0.0002045 0.0001534 0.0001534 0.0002045 0.0002045 0.0002045 0.0002045 0.0002045 0.0002557 0.0001534 0.0001534 0.0001023 0.0000000 0.0001534 0.0002557 0.0002045 0.0002557 0.0002557 0.0002557 0.0003068 0.0003068 0.0002557 0.0003580 0.0003580 0.0004091 0.0004603 0.0004091 0.0004603 0.0007673 0.0004603 0.0006649 0.0006649 0.0005626 0.0007673 0.0006649 0.0008696 0.0005114 0.0005114 0.0005114 0.0006649 0.0006137 0.0009720 0.0008184 0.0005114 0.0007673 0.0005626 0.0006137 0.0008184 0.0006649 0.0006137 0.0006137 0.0008195 0.0007161 0.0005626 0.0007161 0.0007161 0.0008696 0.0008696 0.0009208 0.0010744 0.0008184 0.0008184 0.0017944 0.0017430 0.0010757 2.0446129 2.0448541 
EBOV_H.sap-wt_SLE_14_Makona-Kenema-G5685_1_KR105317        1.9119242 1.9411578 1.9062082 1.3451375 1.3820839 0.0326225 0.0323961 0.0326212 0.0327900 0.0371842 0.0382854 0.0366438 0.0333252 0.0021544 0.0011256 0.0010244 0.0009720 0.0010232 0.0010744 0.0010232 0.0012293 0.0013834 0.0007161 0.0002045 0.0004091 0.0002045 0.0001534 0.0001023 0.0001023 0.0001534 0.0001534 0.0001534 0.0001534 0.0001534 0.0002045 0.0001023 0.0001023 0.0000511 0.0001534 0.0000000 0.0002045 0.0001534 0.0002045 0.0002045 0.0002045 0.0002557 0.0002557 0.0002045 0.0003068 0.0003068 0.0003580 0.0004091 0.0003580 0.0004091 0.0007161 0.0004091 0.0006137 0.0006137 0.0005114 0.0007161 0.0006137 0.0008184 0.0004603 0.0004603 0.0004603 0.0006137 0.0005626 0.0009208 0.0007673 0.0004603 0.0007161 0.0005114 0.0005626 0.0007673 0.0006137 0.0005626 0.0005626 0.0007673 0.0006649 0.0005114 0.0006649 0.0006649 0.0008184 0.0008184 0.0008696 0.0010232 0.0007673 0.0007673 0.0017431 0.0016917 0.0010244 2.0436858 2.0439269 
