94
RESTV_M.fas-tc_USA_89_Philippines89-Pennsylvania_NC_004161 0.0000000 0.0242666 0.0331430 1.9620682 1.9630662 2.2132374 2.1601064 1.8995610 1.8999634 1.8999205 1.9003207 1.9211446 1.9219363 1.9175141 1.9256428 1.9243576 1.9198183 1.9208391 1.9207440 1.9217719 1.9184521 1.9195756 1.9206311 1.9213815 1.9213815 1.9194457 1.9226650 1.9223239 1.9205812 1.9208391 1.9222911 1.9217123 1.9195424 1.9193738 1.9193738 1.9193506 1.9194169 1.9197177 1.9182497 1.9200534 1.9200534 1.9200579 1.9199871 1.9212102 1.9214374 1.9200185 1.9216758 1.9216758 1.9211056 1.9211056 1.9219107 1.9204372 1.9219387 1.9212112 1.9239683 1.9229969 1.9209151 1.9215949 1.9213647 1.9220923 1.9221434 1.9214034 1.9214580 1.9220057 1.9213052 1.9212939 1.9219969 1.9227288 1.9215949 1.9213369 1.9213369 1.9228973 1.9231716 1.9204741 1.9194003 1.9199180 1.9187228 1.9222843 1.9229642 1.9210693 1.9216843 1.9220976 1.9208623 1.9211708 1.9215591 1.9215591 1.9209638 1.9219672 1.9228270 1.9230851 1.9146511 1.9159882 1.9184776 1.9054973 
RESTV_S.dom-tc_PHL_08_Reston08-A_FJ621583                  0.0242666 0.0000000 0.0496674 1.9748665 1.9758682 2.2337011 2.1594773 1.9107625 1.9111702 1.9113612 1.9115285 1.9302314 1.9310300 1.9265793 1.9347569 1.9334639 1.9290908 1.9301180 1.9297690 1.9302919 1.9274811 1.9288990 1.9299097 1.9306625 1.9306625 1.9287146 1.9321481 1.9316061 1.9298591 1.9301180 1.9311611 1.9305745 1.9283924 1.9282232 1.9282232 1.9282003 1.9286884 1.9289902 1.9273196 1.9291344 1.9291344 1.9286497 1.9292625 1.9304961 1.9307180 1.9292920 1.9309604 1.9309604 1.9303851 1.9303851 1.9311965 1.9299072 1.9312273 1.9304940 1.9332672 1.9322892 1.9301971 1.9308793 1.9306481 1.9311899 1.9314328 1.9306884 1.9307439 1.9308745 1.9305892 1.9305773 1.9312824 1.9320220 1.9308793 1.9306204 1.9306204 1.9321916 1.9324639 1.9297542 1.9286747 1.9291901 1.9279876 1.9315706 1.9322529 1.9303491 1.9309690 1.9313840 1.9301408 1.9304503 1.9304552 1.9304552 1.9300499 1.9310594 1.9319247 1.9321837 1.9262130 1.9275624 1.9308644 1.9198123 
RESTV_S.dom-xx_PHL_08_Reston08-C_FJ621584                  0.0331430 0.0496674 0.0000000 1.9647577 1.9657569 2.2393867 2.1664429 1.9135274 1.9139364 1.9138934 1.9148190 1.9275247 1.9283916 1.9251981 1.9320403 1.9307501 1.9261943 1.9272192 1.9271241 1.9281538 1.9263342 1.9259495 1.9270111 1.9277629 1.9277629 1.9260113 1.9288170 1.9284703 1.9269607 1.9272192 1.9286780 1.9280938 1.9260136 1.9257469 1.9257469 1.9257239 1.9257924 1.9260938 1.9246191 1.9264298 1.9264298 1.9264345 1.9263650 1.9275950 1.9278185 1.9263951 1.9287409 1.9287409 1.9274860 1.9274860 1.9282952 1.9268166 1.9285608 1.9278295 1.9299872 1.9289140 1.9272973 1.9279785 1.9277477 1.9284796 1.9285303 1.9277875 1.9285242 1.9281996 1.9276886 1.9276770 1.9283812 1.9291181 1.9279785 1.9277200 1.9277200 1.9292873 1.9295602 1.9275363 1.9257778 1.9262937 1.9250939 1.9287668 1.9294481 1.9274499 1.9275426 1.9284825 1.9272421 1.9275512 1.9279400 1.9279400 1.9273434 1.9283508 1.9298956 1.9301542 1.9276924 1.9292346 1.9303624 1.9168160 
SUDV_H.sap-xx_UGA_12_EboSud-603_KC545390                   1.9620682 1.9748665 1.9647577 0.0000000 0.0001522 2.1447888 2.2239050 2.0054079 2.0058583 2.0058152 2.0042001 2.0300181 2.0313348 2.0296270 2.0303502 2.0289134 2.0262833 2.0286437 2.0277752 2.0334402 2.0314769 2.0322938 2.0308140 2.0315178 2.0315178 2.0285244 2.0300265 2.0280075 2.0288191 2.0286437 2.0273376 2.0280744 2.0280488 2.0283153 2.0283153 2.0282963 2.0269695 2.0272791 2.0250663 2.0276017 2.0276017 2.0271899 2.0282224 2.0278360 2.0292589 2.0278361 2.0305109 2.0305109 2.0283772 2.0283772 2.0295151 2.0289344 2.0283278 2.0272744 2.0309846 2.0298424 2.0277654 2.0278361 2.0275265 2.0275240 2.0278952 2.0276497 2.0275414 2.0281373 2.0277381 2.0275971 2.0272532 2.0285834 2.0278361 2.0278170 2.0278170 2.0283902 2.0287766 2.0291760 2.0281313 2.0282379 2.0285590 2.0295292 2.0295292 2.0282503 2.0283792 2.0296142 2.0289102 2.0287866 2.0286402 2.0286402 2.0290046 2.0303704 2.0294657 2.0297322 2.0276109 2.0326761 2.0345427 2.0204364 
SUDV_H.sap-xx_UGA_12_EboSud-609_KC545391                   1.9630662 1.9758682 1.9657569 0.0001522 0.0000000 2.1446973 2.2237348 2.0057586 2.0062092 2.0061660 2.0045508 2.0303730 2.0316897 2.0299815 2.0307049 2.0292680 2.0266372 2.0289981 2.0281296 2.0337957 2.0318320 2.0326489 2.0311688 2.0318726 2.0318726 2.0288789 2.0303813 2.0283619 2.0291735 2.0289981 2.0276919 2.0284288 2.0284032 2.0286697 2.0286697 2.0286506 2.0273237 2.0276333 2.0254202 2.0279560 2.0279560 2.0275441 2.0285767 2.0281904 2.0296134 2.0281903 2.0308655 2.0308655 2.0287316 2.0287316 2.0298697 2.0292889 2.0286821 2.0276286 2.0313392 2.0301969 2.0281197 2.0281903 2.0278807 2.0278784 2.0282496 2.0280040 2.0278956 2.0284916 2.0280924 2.0279514 2.0276075 2.0289379 2.0281903 2.0281713 2.0281713 2.0287445 2.0291309 2.0295306 2.0284857 2.0285922 2.0289134 2.0298838 2.0298838 2.0286047 2.0287337 2.0299688 2.0292647 2.0291410 2.0289946 2.0289946 2.0293591 2.0307251 2.0298201 2.0300867 2.0279651 2.0330313 2.0348981 2.0207899 
TAFV_H.sap-tc_CIV_94_Pauleoula-CI_NC_014372                2.2132374 2.2337011 2.2393867 2.1447888 2.1446973 0.0000000 0.8052291 1.3192702 1.3187573 1.3184005 1.3185071 1.3384953 1.3407596 1.3377053 1.3411997 1.3395683 1.3371951 1.3391768 1.3390937 1.3426264 1.3400393 1.3410314 1.3396155 1.3400695 1.3400695 1.3407913 1.3407124 1.3395376 1.3389699 1.3391768 1.3394716 1.3387399 1.3391070 1.3391422 1.3391422 1.3392647 1.3386049 1.3388432 1.3403073 1.3386049 1.3386049 1.3388205 1.3391918 1.3377210 1.3394297 1.3396192 1.3409025 1.3409025 1.3389699 1.3389699 1.3394274 1.3391529 1.3388449 1.3393915 1.3393668 1.3384859 1.3384920 1.3387303 1.3384920 1.3413126 1.3390651 1.3392344 1.3391209 1.3390270 1.3389019 1.3384920 1.3386988 1.3400315 1.3387303 1.3385235 1.3385235 1.3394151 1.3393129 1.3395897 1.3383622 1.3380713 1.3389156 1.3386579 1.3391807 1.3391881 1.3393351 1.3385839 1.3393836 1.3383564 1.3388031 1.3388031 1.3381534 1.3391152 1.3378669 1.3376454 1.3436329 1.3456633 1.3461661 1.3419800 
BDBV_H.sap-xx_COD_12_EboBund-122_KC545395                  2.1601064 2.1594773 2.1664429 2.2239050 2.2237348 0.8052291 0.0000000 1.3973328 1.3971861 1.3985802 1.3976903 1.4172260 1.4187645 1.4161279 1.4197849 1.4204826 1.4192179 1.4188687 1.4193805 1.4213694 1.4193959 1.4196334 1.4186298 1.4192824 1.4192824 1.4173092 1.4189972 1.4179397 1.4186555 1.4188687 1.4174801 1.4177570 1.4180548 1.4182679 1.4182679 1.4183964 1.4185826 1.4187597 1.4198092 1.4181015 1.4181015 1.4182662 1.4194966 1.4185595 1.4187900 1.4183169 1.4194954 1.4194954 1.4186555 1.4186555 1.4191535 1.4183589 1.4182077 1.4187212 1.4177879 1.4172907 1.4181399 1.4183169 1.4186443 1.4200318 1.4193431 1.4184927 1.4181644 1.4181181 1.4183169 1.4180703 1.4179418 1.4191282 1.4183169 1.4184454 1.4184454 1.4185462 1.4182304 1.4189403 1.4184048 1.4188426 1.4195716 1.4192550 1.4192550 1.4191154 1.4182257 1.4198103 1.4186413 1.4179400 1.4176934 1.4176934 1.4177277 1.4187812 1.4178763 1.4180894 1.4149267 1.4151265 1.4146178 1.4091454 
EBOV_H.sap-tc_COD_07_1Luebo_KC242786                       1.8995610 1.9107625 1.9135274 2.0054079 2.0057586 1.3192702 1.3973328 0.0000000 0.0001544 0.0004633 0.0008238 0.0310572 0.0308859 0.0306068 0.0306069 0.0304940 0.0306634 0.0303177 0.0306574 0.0313464 0.0310639 0.0308937 0.0308337 0.0307214 0.0307214 0.0308305 0.0306605 0.0309933 0.0303740 0.0303177 0.0306644 0.0305461 0.0304335 0.0303772 0.0303772 0.0304335 0.0305477 0.0304911 0.0306685 0.0306599 0.0306599 0.0306043 0.0305420 0.0306065 0.0304271 0.0303751 0.0307130 0.0307130 0.0302619 0.0302619 0.0303765 0.0304302 0.0307731 0.0305998 0.0309476 0.0307205 0.0303751 0.0303751 0.0304310 0.0309552 0.0306578 0.0306572 0.0307728 0.0307147 0.0304872 0.0303189 0.0304874 0.0306020 0.0303751 0.0304314 0.0304314 0.0307204 0.0305475 0.0305466 0.0309465 0.0306015 0.0305495 0.0306596 0.0306596 0.0303739 0.0306007 0.0304905 0.0303735 0.0300351 0.0300910 0.0300910 0.0299227 0.0302204 0.0301521 0.0302078 0.0229249 0.0239320 0.0229119 0.0202379 
EBOV_H.sap-tc_COD_07_M-M_HQ613403                          1.8999634 1.9111702 1.9139364 2.0058583 2.0062092 1.3187573 1.3971861 0.0001544 0.0000000 0.0003088 0.0006693 0.0308841 0.0307128 0.0304339 0.0304341 0.0303212 0.0304905 0.0301450 0.0304845 0.0311730 0.0308907 0.0307206 0.0306607 0.0305485 0.0305485 0.0306575 0.0304876 0.0308202 0.0302013 0.0301450 0.0304914 0.0303733 0.0302608 0.0302045 0.0302045 0.0302608 0.0303749 0.0303183 0.0304956 0.0304870 0.0304870 0.0304315 0.0303692 0.0304336 0.0302544 0.0302024 0.0305401 0.0305401 0.0300892 0.0300892 0.0302038 0.0302574 0.0306002 0.0304269 0.0307745 0.0305475 0.0302024 0.0302024 0.0302583 0.0307820 0.0304849 0.0304843 0.0305999 0.0305418 0.0303144 0.0301462 0.0303147 0.0304291 0.0302024 0.0302587 0.0302587 0.0305475 0.0303747 0.0303738 0.0307734 0.0304286 0.0303767 0.0304867 0.0304867 0.0302011 0.0304279 0.0303177 0.0302008 0.0298626 0.0299184 0.0299184 0.0297502 0.0300477 0.0299795 0.0300352 0.0227565 0.0237630 0.0227436 0.0200713 
EBOV_H.sap-tc_COD_07_5Luebo_KC242790                       1.8999205 1.9113612 1.9138934 2.0058152 2.0061660 1.3184005 1.3985802 0.0004633 0.0003088 0.0000000 0.0009784 0.0310644 0.0308930 0.0306139 0.0306140 0.0305011 0.0306706 0.0303247 0.0306645 0.0313536 0.0310711 0.0309008 0.0308409 0.0307286 0.0307286 0.0308376 0.0306676 0.0310004 0.0303810 0.0303247 0.0306715 0.0305532 0.0304406 0.0303842 0.0303842 0.0304406 0.0305548 0.0304982 0.0306756 0.0306670 0.0306670 0.0306114 0.0305491 0.0306136 0.0304341 0.0303821 0.0307202 0.0307202 0.0302689 0.0302689 0.0303836 0.0304372 0.0307802 0.0306069 0.0309548 0.0307276 0.0303821 0.0303821 0.0304381 0.0309623 0.0306649 0.0306643 0.0307800 0.0307218 0.0304943 0.0303259 0.0304945 0.0306090 0.0303821 0.0304385 0.0304385 0.0307275 0.0305546 0.0305537 0.0309537 0.0306086 0.0305566 0.0306667 0.0306667 0.0303809 0.0306078 0.0304975 0.0303805 0.0300421 0.0300980 0.0300980 0.0299296 0.0302274 0.0301591 0.0302148 0.0230899 0.0240976 0.0230769 0.0204015 
EBOV_H.sap-tc_COD_08_034-KS_HQ613402                       1.9003207 1.9115285 1.9148190 2.0042001 2.0045508 1.3185071 1.3976903 0.0008238 0.0006693 0.0009784 0.0000000 0.0315560 0.0313844 0.0311052 0.0311053 0.0309922 0.0311618 0.0308156 0.0311556 0.0318455 0.0315627 0.0313923 0.0313323 0.0312199 0.0312199 0.0313290 0.0311588 0.0314918 0.0308720 0.0308156 0.0311628 0.0310443 0.0309316 0.0308752 0.0308752 0.0309316 0.0310459 0.0309893 0.0311670 0.0311582 0.0311582 0.0311026 0.0310402 0.0311048 0.0309251 0.0308731 0.0312114 0.0312114 0.0307598 0.0307598 0.0308745 0.0309282 0.0312715 0.0310980 0.0314463 0.0312189 0.0308731 0.0308731 0.0309291 0.0314540 0.0311561 0.0311555 0.0312713 0.0312130 0.0309853 0.0308168 0.0309855 0.0311002 0.0308731 0.0309295 0.0309295 0.0312189 0.0310457 0.0310448 0.0314452 0.0310997 0.0310478 0.0311579 0.0311579 0.0308718 0.0310990 0.0309886 0.0308714 0.0305327 0.0305887 0.0305887 0.0304202 0.0307185 0.0305904 0.0306462 0.0233621 0.0243703 0.0233489 0.0207812 
EBOV_H.sap-wt_GIN_14_Makona-Gueckedou-EM_080076_KR817235   1.9211446 1.9302314 1.9275247 2.0300181 2.0303730 1.3384953 1.4172260 0.0310572 0.0308841 0.0310644 0.0315560 0.0000000 0.0013921 0.0012890 0.0017548 0.0016513 0.0018070 0.0014444 0.0018585 0.0024284 0.0021693 0.0020139 0.0019619 0.0018584 0.0018584 0.0019102 0.0019619 0.0021686 0.0014961 0.0014444 0.0019621 0.0018582 0.0017548 0.0017030 0.0017030 0.0017548 0.0016514 0.0015997 0.0018069 0.0018584 0.0018584 0.0017032 0.0016511 0.0018068 0.0015995 0.0014961 0.0018064 0.0018064 0.0014961 0.0014961 0.0015996 0.0015478 0.0018584 0.0017029 0.0020139 0.0019103 0.0015995 0.0014961 0.0016512 0.0020145 0.0017547 0.0017547 0.0019100 0.0019100 0.0015995 0.0015478 0.0015995 0.0018065 0.0014961 0.0015478 0.0015478 0.0020138 0.0016514 0.0017548 0.0020140 0.0017030 0.0016515 0.0017548 0.0018583 0.0014961 0.0018064 0.0015997 0.0014960 0.0011860 0.0012376 0.0012376 0.0010827 0.0013417 0.0013928 0.0014445 0.0339203 0.0348624 0.0334162 0.0312558 
EBOV_H.sap-wt_GIN_14_Makona-Gueckedou-EM_079702_KR817210   1.9219363 1.9310300 1.9283916 2.0313348 2.0316897 1.3407596 1.4187645 0.0308859 0.0307128 0.0308930 0.0313844 0.0013921 0.0000000 0.0012888 0.0017030 0.0015995 0.0017551 0.0013926 0.0018067 0.0023764 0.0021174 0.0019620 0.0019100 0.0018065 0.0018065 0.0018583 0.0019100 0.0021167 0.0014443 0.0013926 0.0019102 0.0018064 0.0017029 0.0016512 0.0016512 0.0017029 0.0015996 0.0015479 0.0017551 0.0018065 0.0018065 0.0016513 0.0015993 0.0017549 0.0015477 0.0014443 0.0017546 0.0017546 0.0014443 0.0014443 0.0015477 0.0014960 0.0018065 0.0016511 0.0019620 0.0018584 0.0015477 0.0014443 0.0015994 0.0018591 0.0017029 0.0017029 0.0018581 0.0018581 0.0015477 0.0014960 0.0015477 0.0017546 0.0014443 0.0014960 0.0014960 0.0019619 0.0015996 0.0017030 0.0019620 0.0016512 0.0015997 0.0017030 0.0018065 0.0014443 0.0017545 0.0015478 0.0014443 0.0011343 0.0011859 0.0011859 0.0010310 0.0012899 0.0013411 0.0013927 0.0337473 0.0346889 0.0332435 0.0310845 
EBOV_H.sap-wt_GIN_14_Makona-Gueckedou-EM_079587_KR817202   1.9175141 1.9265793 1.9251981 2.0296270 2.0299815 1.3377053 1.4161279 0.0306068 0.0304339 0.0306139 0.0311052 0.0012890 0.0012888 0.0000000 0.0013412 0.0012378 0.0013932 0.0010311 0.0014447 0.0020140 0.0017551 0.0015999 0.0015480 0.0014447 0.0014447 0.0014963 0.0015480 0.0017546 0.0010828 0.0010311 0.0015482 0.0014445 0.0013411 0.0012895 0.0012895 0.0013411 0.0012379 0.0011862 0.0013932 0.0014446 0.0014446 0.0012896 0.0012377 0.0013930 0.0011861 0.0010828 0.0013928 0.0013928 0.0010828 0.0010828 0.0011861 0.0011344 0.0014446 0.0012894 0.0016000 0.0014964 0.0011861 0.0010828 0.0012377 0.0016004 0.0013411 0.0013411 0.0014962 0.0014962 0.0011861 0.0011345 0.0011861 0.0013928 0.0010828 0.0011344 0.0011344 0.0015999 0.0012379 0.0013412 0.0016000 0.0012894 0.0012380 0.0013412 0.0014446 0.0010828 0.0013927 0.0011862 0.0010828 0.0007722 0.0008238 0.0008238 0.0006692 0.0009284 0.0009796 0.0010312 0.0334663 0.0344071 0.0329628 0.0308056 
EBOV_H.sap-wt_GIN_14_Makona-Gueckedou-EM_079750_KR817213   1.9256428 1.9347569 1.9320403 2.0303502 2.0307049 1.3411997 1.4197849 0.0306069 0.0304341 0.0306140 0.0311053 0.0017548 0.0017030 0.0013412 0.0000000 0.0003088 0.0013926 0.0010298 0.0014442 0.0020132 0.0017545 0.0015993 0.0015474 0.0014441 0.0014441 0.0014958 0.0015474 0.0017539 0.0010814 0.0010298 0.0015476 0.0014439 0.0013406 0.0012890 0.0012890 0.0013406 0.0012374 0.0011858 0.0013926 0.0014440 0.0014440 0.0012891 0.0012372 0.0013925 0.0011856 0.0010824 0.0013922 0.0013922 0.0010814 0.0010814 0.0011857 0.0011340 0.0014440 0.0012889 0.0015993 0.0014959 0.0011856 0.0010824 0.0012373 0.0015998 0.0013406 0.0013406 0.0014956 0.0014956 0.0011856 0.0011340 0.0011856 0.0013923 0.0010824 0.0011340 0.0011340 0.0015992 0.0012374 0.0013407 0.0015993 0.0012889 0.0012375 0.0013407 0.0014440 0.0010814 0.0013922 0.0011857 0.0010814 0.0007722 0.0008238 0.0008238 0.0006692 0.0009280 0.0009783 0.0010298 0.0334664 0.0343414 0.0328976 0.0307414 
EBOV_H.sap-wt_GIN_14_Makona-Gueckedou-EM_079910_KR817221   1.9243576 1.9334639 1.9307501 2.0289134 2.0292680 1.3395683 1.4204826 0.0304940 0.0303212 0.0305011 0.0309922 0.0016513 0.0015995 0.0012378 0.0003088 0.0000000 0.0012893 0.0009268 0.0013408 0.0019097 0.0016510 0.0014959 0.0014441 0.0013407 0.0013407 0.0013924 0.0014440 0.0016505 0.0009783 0.0009268 0.0014442 0.0013406 0.0012373 0.0011857 0.0011857 0.0012373 0.0011341 0.0010825 0.0012893 0.0013407 0.0013407 0.0011858 0.0011339 0.0012892 0.0010814 0.0009783 0.0012889 0.0012889 0.0009783 0.0009783 0.0010824 0.0010298 0.0013407 0.0011856 0.0014959 0.0013925 0.0010824 0.0009783 0.0011340 0.0014963 0.0012373 0.0012373 0.0013922 0.0013923 0.0010814 0.0010298 0.0010824 0.0012890 0.0009783 0.0010298 0.0010298 0.0014959 0.0011341 0.0012373 0.0014959 0.0011857 0.0011342 0.0012374 0.0013407 0.0009783 0.0012889 0.0010825 0.0009783 0.0006692 0.0007207 0.0007207 0.0005662 0.0008248 0.0008753 0.0009268 0.0333526 0.0342272 0.0327839 0.0306286 
EBOV_H.sap-wt_LBR_14_Makona-LIBR0430_KR006955              1.9198183 1.9290908 1.9261943 2.0262833 2.0266372 1.3371951 1.4192179 0.0306634 0.0304905 0.0306706 0.0311618 0.0018070 0.0017551 0.0013932 0.0013926 0.0012893 0.0000000 0.0003603 0.0007722 0.0013412 0.0010829 0.0009280 0.0008753 0.0007722 0.0007722 0.0008238 0.0008753 0.0010825 0.0004118 0.0003603 0.0008763 0.0007722 0.0006692 0.0006177 0.0006177 0.0006692 0.0005662 0.0005147 0.0007207 0.0007722 0.0007722 0.0006177 0.0005662 0.0007207 0.0005147 0.0004118 0.0007207 0.0007207 0.0004118 0.0004118 0.0005147 0.0004632 0.0007722 0.0006177 0.0009280 0.0008238 0.0005147 0.0004118 0.0005662 0.0009283 0.0006692 0.0006693 0.0008238 0.0008238 0.0005147 0.0004632 0.0005147 0.0007207 0.0004118 0.0004632 0.0004632 0.0009279 0.0005662 0.0006692 0.0009280 0.0006177 0.0005662 0.0006692 0.0007722 0.0004118 0.0007207 0.0005147 0.0004118 0.0006177 0.0008753 0.0008753 0.0007207 0.0009799 0.0010311 0.0010827 0.0335234 0.0343985 0.0329545 0.0307978 
EBOV_H.sap-wt_SLE_14_Makona-G3734.1_KM233055               1.9208391 1.9301180 1.9272192 2.0286437 2.0289981 1.3391768 1.4188687 0.0303177 0.0301450 0.0303247 0.0308156 0.0014444 0.0013926 0.0010311 0.0010298 0.0009268 0.0003603 0.0000000 0.0004118 0.0009783 0.0007207 0.0005662 0.0005147 0.0004118 0.0004118 0.0004632 0.0005147 0.0007207 0.0000515 0.0000010 0.0005147 0.0004118 0.0003088 0.0002573 0.0002573 0.0003088 0.0002059 0.0001544 0.0003603 0.0004118 0.0004118 0.0002573 0.0002059 0.0003603 0.0001544 0.0000515 0.0003603 0.0003603 0.0000515 0.0000515 0.0001544 0.0001029 0.0004118 0.0002573 0.0005662 0.0004632 0.0001544 0.0000515 0.0002059 0.0005662 0.0003088 0.0003088 0.0004633 0.0004633 0.0001544 0.0001029 0.0001544 0.0003603 0.0000515 0.0001029 0.0001029 0.0005662 0.0002059 0.0003088 0.0005662 0.0002573 0.0002059 0.0003088 0.0004118 0.0000515 0.0003603 0.0001544 0.0000515 0.0002573 0.0005147 0.0005147 0.0003603 0.0006177 0.0006692 0.0007207 0.0331741 0.0340480 0.0326059 0.0304523 
EBOV_H.sap-wt_LBR_15_Makona-Liberia-DQE4_KR074998          1.9207440 1.9297690 1.9271241 2.0277752 2.0281296 1.3390937 1.4193805 0.0306574 0.0304845 0.0306645 0.0311556 0.0018585 0.0018067 0.0014447 0.0014442 0.0013408 0.0007722 0.0004118 0.0000000 0.0013927 0.0011344 0.0009795 0.0009268 0.0008238 0.0008238 0.0008753 0.0009268 0.0011341 0.0004632 0.0004118 0.0009279 0.0008238 0.0007207 0.0006692 0.0006692 0.0007207 0.0006177 0.0005662 0.0007722 0.0008238 0.0008238 0.0006692 0.0006177 0.0007722 0.0005662 0.0004632 0.0007722 0.0007722 0.0004632 0.0004632 0.0005662 0.0005147 0.0008238 0.0006692 0.0009795 0.0008753 0.0005662 0.0004632 0.0006177 0.0009798 0.0007207 0.0007208 0.0008753 0.0008753 0.0005662 0.0005147 0.0005662 0.0007722 0.0004632 0.0005147 0.0005147 0.0009795 0.0006177 0.0007207 0.0009795 0.0006692 0.0006177 0.0007207 0.0008238 0.0004632 0.0007722 0.0005662 0.0004632 0.0006692 0.0009268 0.0009268 0.0007722 0.0010314 0.0010826 0.0011342 0.0336366 0.0345120 0.0330676 0.0309102 
EBOV_H.sap-wt_GIN_14_Makona-Kankan-EM_078639_KR817166      1.9217719 1.9302919 1.9281538 2.0334402 2.0337957 1.3426264 1.4213694 0.0313464 0.0311730 0.0313536 0.0318455 0.0024284 0.0023764 0.0020140 0.0020132 0.0019097 0.0013412 0.0009783 0.0013927 0.0000000 0.0007722 0.0007207 0.0008753 0.0007722 0.0007722 0.0011340 0.0014959 0.0017025 0.0010309 0.0009783 0.0014961 0.0013925 0.0012892 0.0012375 0.0012375 0.0012892 0.0011860 0.0011343 0.0013412 0.0013926 0.0013926 0.0012376 0.0011342 0.0013410 0.0011341 0.0010309 0.0013408 0.0013408 0.0010309 0.0010309 0.0011342 0.0010825 0.0013926 0.0012374 0.0015479 0.0014444 0.0011342 0.0010309 0.0011858 0.0015483 0.0012891 0.0012891 0.0014441 0.0014442 0.0011342 0.0010826 0.0011342 0.0013408 0.0010309 0.0010825 0.0010825 0.0014963 0.0011859 0.0012892 0.0015479 0.0012375 0.0011860 0.0012892 0.0013926 0.0010309 0.0013408 0.0011343 0.0010309 0.0012374 0.0014957 0.0014957 0.0013407 0.0016000 0.0016510 0.0017027 0.0342123 0.0350895 0.0336423 0.0314803 
EBOV_H.sap-wt_GIN_14_Makona-Faranah-EM_078415_KR817160     1.9184521 1.9274811 1.9263342 2.0314769 2.0318320 1.3400393 1.4193959 0.0310639 0.0308907 0.0310711 0.0315627 0.0021693 0.0021174 0.0017551 0.0017545 0.0016510 0.0010829 0.0007207 0.0011344 0.0007722 0.0000000 0.0004632 0.0006177 0.0005147 0.0005147 0.0008753 0.0012376 0.0014440 0.0007722 0.0007207 0.0012377 0.0011342 0.0010310 0.0009794 0.0009794 0.0010310 0.0009278 0.0008753 0.0010829 0.0011343 0.0011343 0.0009794 0.0009268 0.0010828 0.0008753 0.0007722 0.0010825 0.0010825 0.0007722 0.0007722 0.0008753 0.0008238 0.0011343 0.0009783 0.0012894 0.0011861 0.0008753 0.0007722 0.0009268 0.0012898 0.0010310 0.0010309 0.0011858 0.0011859 0.0008753 0.0008238 0.0008753 0.0010826 0.0007722 0.0008238 0.0008238 0.0012379 0.0009278 0.0010310 0.0012894 0.0009793 0.0009279 0.0010310 0.0011343 0.0007722 0.0010825 0.0008753 0.0007722 0.0009783 0.0012374 0.0012374 0.0010825 0.0013414 0.0013926 0.0014442 0.0338137 0.0346897 0.0331789 0.0310851 
EBOV_H.sap-wt_GIN_14_Makona-Macenta-EM_076191_KR817141     1.9195756 1.9288990 1.9259495 2.0322938 2.0326489 1.3410314 1.4196334 0.0308937 0.0307206 0.0309008 0.0313923 0.0020139 0.0019620 0.0015999 0.0015993 0.0014959 0.0009280 0.0005662 0.0009795 0.0007207 0.0004632 0.0000000 0.0004632 0.0003603 0.0003603 0.0007207 0.0010826 0.0012890 0.0006177 0.0005662 0.0010828 0.0009793 0.0008753 0.0008238 0.0008238 0.0008753 0.0007722 0.0007207 0.0009279 0.0009794 0.0009794 0.0008238 0.0007722 0.0009279 0.0007207 0.0006177 0.0009268 0.0009268 0.0006177 0.0006177 0.0007207 0.0006692 0.0009794 0.0008238 0.0011344 0.0010311 0.0007207 0.0006177 0.0007722 0.0011348 0.0008753 0.0008753 0.0010309 0.0010310 0.0007207 0.0006692 0.0007207 0.0009268 0.0006177 0.0006692 0.0006692 0.0010829 0.0007722 0.0008753 0.0011344 0.0008238 0.0007722 0.0008753 0.0009794 0.0006177 0.0009268 0.0007207 0.0006177 0.0008238 0.0010825 0.0010825 0.0009268 0.0011864 0.0012375 0.0012892 0.0337559 0.0346317 0.0331865 0.0310279 
EBOV_H.sap-wt_GIN_14_Makona-Beyla-EM_075931_KR817138       1.9206311 1.9299097 1.9270111 2.0308140 2.0311688 1.3396155 1.4186298 0.0308337 0.0306607 0.0308409 0.0313323 0.0019619 0.0019100 0.0015480 0.0015474 0.0014441 0.0008753 0.0005147 0.0009268 0.0008753 0.0006177 0.0004632 0.0000000 0.0003088 0.0003088 0.0006692 0.0010309 0.0012372 0.0005662 0.0005147 0.0010310 0.0009268 0.0008238 0.0007722 0.0007722 0.0008238 0.0007207 0.0006692 0.0008753 0.0009268 0.0009268 0.0007722 0.0007207 0.0008753 0.0006692 0.0005662 0.0008753 0.0008753 0.0005662 0.0005662 0.0006692 0.0006177 0.0009268 0.0007722 0.0010827 0.0009794 0.0006692 0.0005662 0.0007207 0.0010830 0.0008238 0.0008238 0.0009784 0.0009784 0.0006692 0.0006177 0.0006692 0.0008753 0.0005662 0.0006177 0.0006177 0.0010311 0.0007207 0.0008238 0.0010827 0.0007722 0.0007207 0.0008238 0.0009268 0.0005662 0.0008753 0.0006692 0.0005662 0.0007722 0.0010298 0.0010298 0.0008753 0.0011346 0.0011858 0.0012374 0.0336951 0.0345707 0.0331259 0.0309680 
EBOV_H.sap-wt_GIN_14_Makona-Kissidougou-EM_078694_KR817171 1.9213815 1.9306625 1.9277629 2.0315178 2.0318726 1.3400695 1.4192824 0.0307214 0.0305485 0.0307286 0.0312199 0.0018584 0.0018065 0.0014447 0.0014441 0.0013407 0.0007722 0.0004118 0.0008238 0.0007722 0.0005147 0.0003603 0.0003088 0.0000000 0.0000010 0.0005662 0.0009268 0.0011340 0.0004632 0.0004118 0.0009278 0.0008238 0.0007207 0.0006692 0.0006692 0.0007207 0.0006177 0.0005662 0.0007722 0.0008238 0.0008238 0.0006692 0.0006177 0.0007722 0.0005662 0.0004632 0.0007722 0.0007722 0.0004632 0.0004632 0.0005662 0.0005147 0.0008238 0.0006692 0.0009795 0.0008753 0.0005662 0.0004632 0.0006177 0.0009797 0.0007207 0.0007208 0.0008753 0.0008753 0.0005662 0.0005147 0.0005662 0.0007722 0.0004632 0.0005147 0.0005147 0.0009279 0.0006177 0.0007207 0.0009795 0.0006692 0.0006177 0.0007207 0.0008238 0.0004632 0.0007722 0.0005662 0.0004632 0.0006692 0.0009268 0.0009268 0.0007722 0.0010313 0.0010825 0.0011341 0.0335820 0.0344573 0.0330130 0.0308558 
EBOV_H.sap-wt_GIN_14_Makona-Kissidougou-EM_078722_KR817175 1.9213815 1.9306625 1.9277629 2.0315178 2.0318726 1.3400695 1.4192824 0.0307214 0.0305485 0.0307286 0.0312199 0.0018584 0.0018065 0.0014447 0.0014441 0.0013407 0.0007722 0.0004118 0.0008238 0.0007722 0.0005147 0.0003603 0.0003088 0.0000010 0.0000000 0.0005662 0.0009268 0.0011340 0.0004632 0.0004118 0.0009278 0.0008238 0.0007207 0.0006692 0.0006692 0.0007207 0.0006177 0.0005662 0.0007722 0.0008238 0.0008238 0.0006692 0.0006177 0.0007722 0.0005662 0.0004632 0.0007722 0.0007722 0.0004632 0.0004632 0.0005662 0.0005147 0.0008238 0.0006692 0.0009795 0.0008753 0.0005662 0.0004632 0.0006177 0.0009797 0.0007207 0.0007208 0.0008753 0.0008753 0.0005662 0.0005147 0.0005662 0.0007722 0.0004632 0.0005147 0.0005147 0.0009279 0.0006177 0.0007207 0.0009795 0.0006692 0.0006177 0.0007207 0.0008238 0.0004632 0.0007722 0.0005662 0.0004632 0.0006692 0.0009268 0.0009268 0.0007722 0.0010313 0.0010825 0.0011341 0.0335820 0.0344573 0.0330130 0.0308558 
EBOV_H.sap-wt_LBR_14_Makona-LIBR0505_KR006957              1.9194457 1.9287146 1.9260113 2.0285244 2.0288789 1.3407913 1.4173092 0.0308305 0.0306575 0.0308376 0.0313290 0.0019102 0.0018583 0.0014963 0.0014958 0.0013924 0.0008238 0.0004632 0.0008753 0.0011340 0.0008753 0.0007207 0.0006692 0.0005662 0.0005662 0.0000000 0.0009783 0.0011856 0.0005147 0.0004632 0.0009794 0.0008753 0.0007722 0.0007207 0.0007207 0.0007722 0.0006692 0.0006177 0.0008238 0.0008753 0.0008753 0.0007207 0.0006692 0.0008238 0.0006177 0.0005147 0.0008238 0.0008238 0.0005147 0.0005147 0.0006177 0.0005662 0.0008753 0.0007207 0.0010311 0.0009278 0.0006177 0.0005147 0.0006692 0.0010314 0.0007722 0.0007723 0.0009268 0.0009268 0.0006177 0.0005662 0.0006177 0.0008238 0.0005147 0.0005662 0.0005662 0.0010310 0.0006692 0.0007722 0.0010311 0.0007207 0.0006692 0.0007722 0.0008753 0.0005147 0.0008238 0.0006177 0.0005147 0.0007207 0.0009783 0.0009783 0.0008238 0.0010830 0.0011342 0.0011858 0.0336916 0.0345671 0.0331224 0.0308519 
EBOV_H.sap-wt_SLE_14_Makona-Kailahun-20140517_KR653263     1.9226650 1.9321481 1.9288170 2.0300265 2.0303813 1.3407124 1.4189972 0.0306605 0.0304876 0.0306676 0.0311588 0.0019619 0.0019100 0.0015480 0.0015474 0.0014440 0.0008753 0.0005147 0.0009268 0.0014959 0.0012376 0.0010826 0.0010309 0.0009268 0.0009268 0.0009783 0.0000000 0.0007207 0.0005662 0.0005147 0.0010310 0.0009268 0.0008238 0.0007722 0.0007722 0.0008238 0.0007207 0.0006692 0.0008753 0.0009268 0.0009268 0.0007722 0.0007207 0.0008753 0.0006692 0.0005662 0.0008753 0.0008753 0.0005662 0.0005662 0.0006692 0.0005147 0.0009268 0.0007722 0.0010827 0.0009794 0.0006692 0.0005662 0.0007207 0.0010830 0.0008238 0.0008238 0.0009784 0.0009784 0.0006692 0.0006177 0.0006692 0.0008753 0.0005662 0.0006177 0.0006177 0.0010826 0.0007207 0.0008238 0.0010827 0.0007722 0.0007207 0.0008238 0.0009268 0.0005662 0.0008753 0.0006692 0.0005662 0.0007722 0.0010298 0.0010298 0.0008753 0.0011346 0.0011858 0.0012374 0.0335201 0.0343951 0.0329513 0.0307949 
EBOV_H.sap-wt_SLE_14_Makona-G4973_1_KR105286               1.9223239 1.9316061 1.9284703 2.0280075 2.0283619 1.3395376 1.4179397 0.0309933 0.0308202 0.0310004 0.0314918 0.0021686 0.0021167 0.0017546 0.0017539 0.0016505 0.0010825 0.0007207 0.0011341 0.0017025 0.0014440 0.0012890 0.0012372 0.0011340 0.0011340 0.0011856 0.0007207 0.0000000 0.0007722 0.0007207 0.0012373 0.0011329 0.0010298 0.0009783 0.0009783 0.0010298 0.0009268 0.0008753 0.0010825 0.0011339 0.0011339 0.0009783 0.0009268 0.0010824 0.0008753 0.0007722 0.0010814 0.0010814 0.0007722 0.0007722 0.0008753 0.0008238 0.0011340 0.0009783 0.0012890 0.0011857 0.0008753 0.0007722 0.0009268 0.0012894 0.0010298 0.0010299 0.0011845 0.0011855 0.0008753 0.0008238 0.0008753 0.0010814 0.0007722 0.0008238 0.0008238 0.0012890 0.0009268 0.0010298 0.0012891 0.0009783 0.0009268 0.0010298 0.0011339 0.0007722 0.0010814 0.0008753 0.0007722 0.0009783 0.0012370 0.0012370 0.0010814 0.0013410 0.0013921 0.0014438 0.0338551 0.0347309 0.0332858 0.0310152 
EBOV_H.sap-wt_SLE_14_Makona-G3799_KM233080                 1.9205812 1.9298591 1.9269607 2.0288191 2.0291735 1.3389699 1.4186555 0.0303740 0.0302013 0.0303810 0.0308720 0.0014961 0.0014443 0.0010828 0.0010814 0.0009783 0.0004118 0.0000515 0.0004632 0.0010309 0.0007722 0.0006177 0.0005662 0.0004632 0.0004632 0.0005147 0.0005662 0.0007722 0.0000000 0.0000515 0.0005662 0.0004632 0.0003603 0.0003088 0.0003088 0.0003603 0.0002573 0.0002059 0.0004118 0.0004632 0.0004632 0.0003088 0.0002573 0.0004118 0.0002059 0.0001029 0.0004118 0.0004118 0.0001029 0.0001029 0.0002059 0.0001544 0.0004632 0.0003088 0.0006177 0.0005147 0.0002059 0.0001029 0.0002573 0.0006177 0.0003603 0.0003603 0.0005148 0.0005148 0.0002059 0.0001544 0.0002059 0.0004118 0.0001029 0.0001544 0.0001544 0.0006177 0.0002573 0.0003603 0.0006177 0.0003088 0.0002573 0.0003603 0.0004632 0.0001029 0.0004118 0.0002059 0.0001029 0.0003088 0.0005662 0.0005662 0.0004118 0.0006692 0.0007207 0.0007722 0.0332309 0.0341050 0.0325498 0.0305086 
EBOV_H.sap-wt_SLE_14_Makona-G3788_KM233075                 1.9208391 1.9301180 1.9272192 2.0286437 2.0289981 1.3391768 1.4188687 0.0303177 0.0301450 0.0303247 0.0308156 0.0014444 0.0013926 0.0010311 0.0010298 0.0009268 0.0003603 0.0000010 0.0004118 0.0009783 0.0007207 0.0005662 0.0005147 0.0004118 0.0004118 0.0004632 0.0005147 0.0007207 0.0000515 0.0000000 0.0005147 0.0004118 0.0003088 0.0002573 0.0002573 0.0003088 0.0002059 0.0001544 0.0003603 0.0004118 0.0004118 0.0002573 0.0002059 0.0003603 0.0001544 0.0000515 0.0003603 0.0003603 0.0000515 0.0000515 0.0001544 0.0001029 0.0004118 0.0002573 0.0005662 0.0004632 0.0001544 0.0000515 0.0002059 0.0005662 0.0003088 0.0003088 0.0004633 0.0004633 0.0001544 0.0001029 0.0001544 0.0003603 0.0000515 0.0001029 0.0001029 0.0005662 0.0002059 0.0003088 0.0005662 0.0002573 0.0002059 0.0003088 0.0004118 0.0000515 0.0003603 0.0001544 0.0000515 0.0002573 0.0005147 0.0005147 0.0003603 0.0006177 0.0006692 0.0007207 0.0331741 0.0340480 0.0326059 0.0304523 
EBOV_H.sap-wt_SLE_14_Makona-Kenema-G5059_1_KR105296        1.9222911 1.9311611 1.9286780 2.0273376 2.0276919 1.3394716 1.4174801 0.0306644 0.0304914 0.0306715 0.0311628 0.0019621 0.0019102 0.0015482 0.0015476 0.0014442 0.0008763 0.0005147 0.0009279 0.0014961 0.0012377 0.0010828 0.0010310 0.0009278 0.0009278 0.0009794 0.0010310 0.0012373 0.0005662 0.0005147 0.0000000 0.0005147 0.0004118 0.0003603 0.0003603 0.0004118 0.0007207 0.0006692 0.0008763 0.0009268 0.0009268 0.0007722 0.0007207 0.0008753 0.0006692 0.0005662 0.0008753 0.0008753 0.0005662 0.0005662 0.0006692 0.0006177 0.0009268 0.0007722 0.0010828 0.0009795 0.0006692 0.0005662 0.0007207 0.0010831 0.0008238 0.0008238 0.0009784 0.0008753 0.0006692 0.0006177 0.0006692 0.0008753 0.0005662 0.0006177 0.0006177 0.0010827 0.0007207 0.0008238 0.0010828 0.0007722 0.0007207 0.0008238 0.0009268 0.0005662 0.0008753 0.0006692 0.0005662 0.0007722 0.0010308 0.0010308 0.0008753 0.0011347 0.0011859 0.0012375 0.0336382 0.0345137 0.0330691 0.0309116 
EBOV_H.sap-wt_SLE_14_Makona-Kenema-G4702_1_KR105265        1.9217123 1.9305745 1.9280938 2.0280744 2.0284288 1.3387399 1.4177570 0.0305461 0.0303733 0.0305532 0.0310443 0.0018582 0.0018064 0.0014445 0.0014439 0.0013406 0.0007722 0.0004118 0.0008238 0.0013925 0.0011342 0.0009793 0.0009268 0.0008238 0.0008238 0.0008753 0.0009268 0.0011329 0.0004632 0.0004118 0.0005147 0.0000000 0.0003088 0.0002573 0.0002573 0.0003088 0.0005147 0.0004632 0.0006692 0.0007207 0.0007207 0.0005662 0.0006177 0.0007722 0.0005662 0.0004632 0.0007722 0.0007722 0.0004632 0.0004632 0.0005662 0.0005147 0.0008238 0.0006692 0.0009794 0.0008753 0.0005662 0.0004632 0.0006177 0.0009796 0.0007207 0.0007208 0.0008753 0.0007723 0.0005662 0.0005147 0.0005662 0.0007722 0.0004632 0.0005147 0.0005147 0.0009793 0.0006177 0.0007207 0.0009794 0.0006692 0.0006177 0.0007207 0.0008238 0.0004632 0.0007722 0.0005662 0.0004632 0.0006692 0.0009268 0.0009268 0.0007722 0.0010312 0.0010824 0.0011340 0.0335185 0.0343934 0.0329496 0.0307933 
EBOV_H.sap-wt_SLE_14_Makona-Kenema-G4350_1_KR105242        1.9195424 1.9283924 1.9260136 2.0280488 2.0284032 1.3391070 1.4180548 0.0304335 0.0302608 0.0304406 0.0309316 0.0017548 0.0017029 0.0013411 0.0013406 0.0012373 0.0006692 0.0003088 0.0007207 0.0012892 0.0010310 0.0008753 0.0008238 0.0007207 0.0007207 0.0007722 0.0008238 0.0010298 0.0003603 0.0003088 0.0004118 0.0003088 0.0000000 0.0000515 0.0000515 0.0001029 0.0005147 0.0004632 0.0006692 0.0007207 0.0007207 0.0005662 0.0005147 0.0006692 0.0004632 0.0003603 0.0006692 0.0006692 0.0003603 0.0003603 0.0004632 0.0004118 0.0007207 0.0005662 0.0008753 0.0007722 0.0004632 0.0003603 0.0005147 0.0008764 0.0006177 0.0006178 0.0007723 0.0006693 0.0004632 0.0004118 0.0004632 0.0006692 0.0003603 0.0004118 0.0004118 0.0008753 0.0005147 0.0006177 0.0008753 0.0005662 0.0005147 0.0006177 0.0007207 0.0003603 0.0006692 0.0004632 0.0003603 0.0005662 0.0008238 0.0008238 0.0006692 0.0009280 0.0009783 0.0010298 0.0334050 0.0342796 0.0328363 0.0306808 
EBOV_H.sap-wt_SLE_14_Makona-Kenema-G4971_1_KR105284        1.9193738 1.9282232 1.9257469 2.0283153 2.0286697 1.3391422 1.4182679 0.0303772 0.0302045 0.0303842 0.0308752 0.0017030 0.0016512 0.0012895 0.0012890 0.0011857 0.0006177 0.0002573 0.0006692 0.0012375 0.0009794 0.0008238 0.0007722 0.0006692 0.0006692 0.0007207 0.0007722 0.0009783 0.0003088 0.0002573 0.0003603 0.0002573 0.0000515 0.0000000 0.0000010 0.0000515 0.0004632 0.0004118 0.0006177 0.0006692 0.0006692 0.0005147 0.0004632 0.0006177 0.0004118 0.0003088 0.0006177 0.0006177 0.0003088 0.0003088 0.0004118 0.0003603 0.0006692 0.0005147 0.0008238 0.0007207 0.0004118 0.0003088 0.0004632 0.0008248 0.0005662 0.0005663 0.0007208 0.0006178 0.0004118 0.0003603 0.0004118 0.0006177 0.0003088 0.0003603 0.0003603 0.0008238 0.0004632 0.0005662 0.0008238 0.0005147 0.0004632 0.0005662 0.0006692 0.0003088 0.0006177 0.0004118 0.0003088 0.0005147 0.0007722 0.0007722 0.0006177 0.0008764 0.0009268 0.0009783 0.0333482 0.0342227 0.0327796 0.0306245 
EBOV_H.sap-wt_SLE_14_Makona-Kenema-G4937_1_KR105278        1.9193738 1.9282232 1.9257469 2.0283153 2.0286697 1.3391422 1.4182679 0.0303772 0.0302045 0.0303842 0.0308752 0.0017030 0.0016512 0.0012895 0.0012890 0.0011857 0.0006177 0.0002573 0.0006692 0.0012375 0.0009794 0.0008238 0.0007722 0.0006692 0.0006692 0.0007207 0.0007722 0.0009783 0.0003088 0.0002573 0.0003603 0.0002573 0.0000515 0.0000010 0.0000000 0.0000515 0.0004632 0.0004118 0.0006177 0.0006692 0.0006692 0.0005147 0.0004632 0.0006177 0.0004118 0.0003088 0.0006177 0.0006177 0.0003088 0.0003088 0.0004118 0.0003603 0.0006692 0.0005147 0.0008238 0.0007207 0.0004118 0.0003088 0.0004632 0.0008248 0.0005662 0.0005663 0.0007208 0.0006178 0.0004118 0.0003603 0.0004118 0.0006177 0.0003088 0.0003603 0.0003603 0.0008238 0.0004632 0.0005662 0.0008238 0.0005147 0.0004632 0.0005662 0.0006692 0.0003088 0.0006177 0.0004118 0.0003088 0.0005147 0.0007722 0.0007722 0.0006177 0.0008764 0.0009268 0.0009783 0.0333482 0.0342227 0.0327796 0.0306245 
EBOV_H.sap-wt_SLE_14_Makona-Kenema-G4856_1_KR105273        1.9193506 1.9282003 1.9257239 2.0282963 2.0286506 1.3392647 1.4183964 0.0304335 0.0302608 0.0304406 0.0309316 0.0017548 0.0017029 0.0013411 0.0013406 0.0012373 0.0006692 0.0003088 0.0007207 0.0012892 0.0010310 0.0008753 0.0008238 0.0007207 0.0007207 0.0007722 0.0008238 0.0010298 0.0003603 0.0003088 0.0004118 0.0003088 0.0001029 0.0000515 0.0000515 0.0000000 0.0005147 0.0004632 0.0006692 0.0007207 0.0007207 0.0005662 0.0005147 0.0006692 0.0004632 0.0003603 0.0006692 0.0006692 0.0003603 0.0003603 0.0004632 0.0004118 0.0007207 0.0005662 0.0008753 0.0007722 0.0004632 0.0003603 0.0005147 0.0008764 0.0006177 0.0006178 0.0007723 0.0006693 0.0004632 0.0004118 0.0004632 0.0006692 0.0003603 0.0004118 0.0004118 0.0008753 0.0005147 0.0006177 0.0008753 0.0005662 0.0005147 0.0006177 0.0007207 0.0003603 0.0006692 0.0004632 0.0003603 0.0005662 0.0008238 0.0008238 0.0006692 0.0009280 0.0009783 0.0010298 0.0334050 0.0342796 0.0328363 0.0306808 
EBOV_H.sap-wt_SLE_14_Makona-Bonthe-G5723_1_KR105319        1.9194169 1.9286884 1.9257924 2.0269695 2.0273237 1.3386049 1.4185826 0.0305477 0.0303749 0.0305548 0.0310459 0.0016514 0.0015996 0.0012379 0.0012374 0.0011341 0.0005662 0.0002059 0.0006177 0.0011860 0.0009278 0.0007722 0.0007207 0.0006177 0.0006177 0.0006692 0.0007207 0.0009268 0.0002573 0.0002059 0.0007207 0.0005147 0.0005147 0.0004632 0.0004632 0.0005147 0.0000000 0.0000515 0.0002573 0.0003088 0.0003088 0.0001544 0.0004118 0.0005662 0.0003603 0.0002573 0.0005662 0.0005662 0.0002573 0.0002573 0.0003603 0.0003088 0.0006177 0.0004632 0.0007722 0.0006692 0.0003603 0.0002573 0.0004118 0.0007722 0.0005147 0.0005148 0.0006693 0.0006693 0.0003603 0.0003088 0.0003603 0.0005662 0.0002573 0.0003088 0.0003088 0.0007722 0.0004118 0.0005147 0.0007722 0.0004632 0.0004118 0.0005147 0.0006177 0.0002573 0.0005662 0.0003603 0.0002573 0.0004632 0.0007207 0.0007207 0.0005662 0.0008248 0.0008753 0.0009268 0.0334064 0.0342811 0.0328378 0.0306822 
EBOV_H.sap-wt_SLE_14_Makona-J0042_KP759711                 1.9197177 1.9289902 1.9260938 2.0272791 2.0276333 1.3388432 1.4187597 0.0304911 0.0303183 0.0304982 0.0309893 0.0015997 0.0015479 0.0011862 0.0011858 0.0010825 0.0005147 0.0001544 0.0005662 0.0011343 0.0008753 0.0007207 0.0006692 0.0005662 0.0005662 0.0006177 0.0006692 0.0008753 0.0002059 0.0001544 0.0006692 0.0004632 0.0004632 0.0004118 0.0004118 0.0004632 0.0000515 0.0000000 0.0002059 0.0002573 0.0002573 0.0001029 0.0003603 0.0005147 0.0003088 0.0002059 0.0005147 0.0005147 0.0002059 0.0002059 0.0003088 0.0002573 0.0005662 0.0004118 0.0007207 0.0006177 0.0003088 0.0002059 0.0003603 0.0007207 0.0004632 0.0004633 0.0006178 0.0006178 0.0003088 0.0002573 0.0003088 0.0005147 0.0002059 0.0002573 0.0002573 0.0007207 0.0003603 0.0004632 0.0007207 0.0004118 0.0003603 0.0004632 0.0005662 0.0002059 0.0005147 0.0003088 0.0002059 0.0004118 0.0006692 0.0006692 0.0005147 0.0007722 0.0008238 0.0008753 0.0333494 0.0342239 0.0327808 0.0306257 
EBOV_H.sap-wt_SLE_14_Makona-J0150_KP759696                 1.9182497 1.9273196 1.9246191 2.0250663 2.0254202 1.3403073 1.4198092 0.0306685 0.0304956 0.0306756 0.0311670 0.0018069 0.0017551 0.0013932 0.0013926 0.0012893 0.0007207 0.0003603 0.0007722 0.0013412 0.0010829 0.0009279 0.0008753 0.0007722 0.0007722 0.0008238 0.0008753 0.0010825 0.0004118 0.0003603 0.0008763 0.0006692 0.0006692 0.0006177 0.0006177 0.0006692 0.0002573 0.0002059 0.0000000 0.0004632 0.0004632 0.0003088 0.0005662 0.0007207 0.0005147 0.0004118 0.0007207 0.0007207 0.0004118 0.0004118 0.0005147 0.0004632 0.0007722 0.0006177 0.0009280 0.0008238 0.0005147 0.0004118 0.0005662 0.0009282 0.0006692 0.0006693 0.0008238 0.0008238 0.0005147 0.0004632 0.0005147 0.0007207 0.0004118 0.0004632 0.0004632 0.0009279 0.0005662 0.0006692 0.0009280 0.0006177 0.0005662 0.0006692 0.0007722 0.0004118 0.0007207 0.0005147 0.0004118 0.0006177 0.0008753 0.0008753 0.0007207 0.0009798 0.0010311 0.0010827 0.0335289 0.0344041 0.0329599 0.0308029 
