100
02A1.GH.97.97GH_AG2.AB052867           0.0000000 0.3577344 0.4331259 0.4917755 0.5601756 0.5772003 0.6159258 0.5264172 0.5340710 0.5460895 0.5376521 0.5018192 0.5061889 0.5595226 0.7948399 0.7653702 0.8624777 0.8051673 0.8201692 0.8333917 0.8290394 0.7898771 0.8394897 0.8663015 0.9361976 0.8956459 0.7583534 0.8350990 0.8296647 0.7969579 0.7811484 0.5619629 0.5858350 0.6109334 0.6274151 0.7903557 0.6232575 0.6412403 0.6933729 0.6121891 0.6491992 0.7609330 0.8114347 0.5290338 0.5121882 0.4772219 0.4663251 0.7388611 0.7646118 0.7864365 0.8266387 0.8011199 0.8086124 0.8135990 0.7450311 0.7950366 0.7536483 0.7786202 0.7465330 0.7893143 0.7500528 0.6939368 0.7584273 0.8337222 0.7984484 0.7807086 0.8105259 0.7908626 0.7999094 0.8059620 0.7869672 0.7765047 0.7635832 0.7332731 0.7078457 0.8004908 1.0263289 0.8473835 0.7504512 0.7893341 0.7824103 0.7101370 0.7324280 0.6940027 0.6798362 0.6303193 0.7233606 0.5878208 0.4797859 0.3990241 0.3870441 0.5148759 0.3417763 0.3277662 0.3427700 0.4114933 1.7762455 1.8107659 1.7938667 2.4590208 
02A.CI.16.DEURF16CI011.MH078538        0.3577344 0.0000000 0.4823533 0.5440836 0.6113509 0.6479573 0.6757345 0.5602222 0.5777497 0.5957869 0.6007885 0.5389390 0.5570430 0.6167823 0.8605908 0.8552352 0.9247319 0.8556307 0.8829130 0.8798526 0.8957134 0.8433054 0.8837283 0.9095571 0.9801365 0.9275472 0.8162599 0.8933375 0.8940782 0.8518766 0.8435239 0.6084906 0.6256073 0.6439564 0.6888106 0.8156671 0.6602763 0.6911606 0.7428145 0.6568717 0.6936149 0.7758691 0.8637961 0.5717465 0.5674468 0.5219711 0.5157240 0.7970048 0.8045363 0.8328145 0.8604745 0.8394948 0.8387538 0.8644452 0.7827525 0.8284045 0.8096443 0.8278499 0.7954573 0.8171536 0.7836108 0.7354866 0.7783431 0.8770142 0.8554632 0.8247124 0.8422852 0.8296419 0.8348788 0.8626634 0.8296584 0.8289319 0.8116489 0.7742964 0.7555798 0.8679576 1.0817156 0.8749816 0.7945373 0.8156003 0.8451943 0.7736269 0.7840046 0.7263838 0.7219608 0.6832581 0.7874100 0.6255475 0.5192108 0.4512214 0.4382840 0.5819758 0.3862190 0.3788427 0.3972244 0.4545653 1.8277766 1.8296713 1.7918882 2.4776586 
AGU.CM.06.770_8.MH705142               0.4331259 0.4823533 0.0000000 0.4811257 0.5343591 0.5706623 0.6097164 0.5536926 0.5442982 0.5619138 0.5666337 0.5241510 0.5212513 0.6100526 0.8366386 0.7902610 0.8869803 0.8341973 0.8675219 0.8432516 0.8719473 0.8177851 0.8703037 0.8887027 0.9712206 0.9114684 0.7880798 0.8474085 0.8529747 0.8020420 0.8210098 0.5690865 0.6164508 0.6331538 0.6627904 0.8118613 0.6489239 0.6673401 0.7242198 0.6433833 0.6754795 0.7779500 0.8448124 0.5396614 0.5421759 0.5161781 0.4949207 0.7633928 0.7860983 0.8195799 0.8432756 0.8247714 0.8229656 0.8287446 0.7667431 0.8054137 0.7817092 0.7875254 0.7786295 0.7976779 0.7615033 0.7134959 0.7789126 0.8398102 0.8304157 0.7974275 0.8265827 0.7982076 0.7958072 0.8286000 0.8033228 0.8040131 0.7739769 0.7477923 0.7453431 0.8033280 1.0648610 0.8540967 0.7723877 0.8123780 0.8072155 0.7472792 0.7524157 0.7252784 0.7000706 0.6435954 0.7880133 0.6251118 0.5473257 0.4989792 0.4767786 0.6225220 0.4461759 0.4330980 0.4537816 0.5047941 1.9046129 1.8956788 1.8666055 2.5141164 
G.NG.92.92NG083_JV10832.U88826         0.4917755 0.5440836 0.4811257 0.0000000 0.3186434 0.3853619 0.4037226 0.6125548 0.6074077 0.6323875 0.6394776 0.6051811 0.6115538 0.6736555 0.9250567 0.8721306 0.9271495 0.9154010 0.9179652 0.9137622 0.9277984 0.8852403 0.9270032 0.9633404 1.0113639 0.9744533 0.8661530 0.9176541 0.9275125 0.8795472 0.8950144 0.6355385 0.6542825 0.6886235 0.7102162 0.8592128 0.6890293 0.7139162 0.7799946 0.6901901 0.7273576 0.8288039 0.9275121 0.6036233 0.6002255 0.5757649 0.5554148 0.8483229 0.8388081 0.8963203 0.9117391 0.8907711 0.8834057 0.8811621 0.8253853 0.8975672 0.8453005 0.8511759 0.8511742 0.8787432 0.8333979 0.8042395 0.8444726 0.9193315 0.9112987 0.8601520 0.8954281 0.8677366 0.8782832 0.9038514 0.8724015 0.8708847 0.8510801 0.8528624 0.8114444 0.8804536 1.1044314 0.9481961 0.8497633 0.8874828 0.8784968 0.8054363 0.8278449 0.7889147 0.7688786 0.7086995 0.8577939 0.6934596 0.6172433 0.5594714 0.5320053 0.6976642 0.5166434 0.5053333 0.5167086 0.5696799 1.9153505 1.9222055 1.9244988 2.6077161 
G.NG.09.09NG010261.KX389626            0.5601756 0.6113509 0.5343591 0.3186434 0.0000000 0.4481272 0.4706735 0.6792571 0.6635608 0.6767742 0.6843349 0.6560545 0.6527259 0.7193530 0.9513155 0.9231640 0.9982665 0.9573878 0.9690302 0.9974495 0.9724933 0.9436426 0.9766768 0.9974806 1.0776674 1.0228496 0.9156707 0.9653550 0.9793462 0.9342789 0.9427432 0.6882078 0.7379399 0.7671441 0.8017270 0.9639450 0.7859078 0.7985639 0.8518205 0.7712167 0.8166621 0.9159119 0.9884935 0.6613308 0.6555827 0.6395678 0.6075750 0.9082079 0.9072488 0.9455373 0.9572326 0.9491447 0.9392960 0.9593056 0.8660279 0.9480139 0.9132351 0.9123404 0.9204059 0.9283725 0.9160994 0.8606626 0.9078221 0.9819763 0.9411609 0.9230646 0.9556522 0.9313898 0.9498782 0.9564018 0.9218702 0.9254180 0.9041749 0.9041297 0.8735229 0.9460644 1.1776783 1.0023688 0.8964676 0.9447925 0.9154676 0.8665680 0.8855400 0.8306099 0.8152763 0.7704053 0.9029106 0.7361966 0.6695451 0.6237209 0.6016079 0.7562109 0.5683220 0.5536967 0.5684750 0.6209572 1.9722298 2.0434324 1.9838928 2.7309992 
01F2G.CM.02.LT31.JN864056              0.5772003 0.6479573 0.5706623 0.3853619 0.4481272 0.0000000 0.4015383 0.7375796 0.7167406 0.7385359 0.7342699 0.6793031 0.7007196 0.7750458 1.0229212 0.9733878 1.0202653 1.0167465 1.0153131 1.0298583 1.0078575 0.9798174 1.0482182 1.0640369 1.1380013 1.0951335 0.9661634 1.0203601 1.0085609 0.9840008 1.0039791 0.7497905 0.7827951 0.8021253 0.8433931 0.9832669 0.8148960 0.8271030 0.8830065 0.8089787 0.8448710 0.9436474 1.0508919 0.7203845 0.6875374 0.6914192 0.6463534 0.9286086 0.9394464 0.9670925 0.9920866 0.9863715 0.9718614 0.9669130 0.9255573 0.9884691 0.9529251 0.9468069 0.9283584 0.9774726 0.9208463 0.8765905 0.9479771 1.0009848 0.9685595 0.9465812 0.9779840 0.9574036 0.9563034 0.9896081 0.9524833 0.9422796 0.9498864 0.9208662 0.8997716 0.9816318 1.2189266 1.0495712 0.9458590 0.9590121 0.9589339 0.8844643 0.9034361 0.8964894 0.8885121 0.7958922 0.9237444 0.7687940 0.7089334 0.6392513 0.6219544 0.7901625 0.5960633 0.5885079 0.6058447 0.6740314 2.0272327 2.0469035 2.0800461 2.8202961 
BCG.ES.15.100_119.KY496623             0.6159258 0.6757345 0.6097164 0.4037226 0.4706735 0.4015383 0.0000000 0.7323937 0.7363301 0.7385635 0.7923331 0.7114946 0.7205161 0.7760858 1.0106905 0.9823053 1.0506179 1.0186292 1.0396189 1.0590885 1.0408493 0.9870109 1.0489034 1.0459930 1.1309716 1.0871631 0.9961989 1.0464611 1.0443681 0.9957004 0.9798476 0.7537288 0.7993069 0.8204337 0.8468944 0.9829203 0.8223217 0.8541733 0.9031439 0.8259345 0.8502637 0.9790638 1.0467661 0.7282740 0.7331498 0.6949529 0.6657015 0.9583764 0.9441977 1.0238595 1.0126345 0.9989337 0.9958185 1.0040860 0.9353974 0.9916194 0.9678522 0.9785277 0.9464126 0.9839753 0.9432892 0.8916733 0.9447875 1.0117183 0.9918497 0.9518681 1.0186619 0.9919156 0.9930244 1.0079006 0.9902170 0.9925337 0.9616904 0.9573466 0.9137567 0.9974868 1.2056777 1.0345303 0.9522687 1.0024945 1.0028016 0.9057198 0.9376740 0.8864038 0.8623295 0.7903956 0.9318666 0.7905727 0.7232804 0.6819377 0.6417198 0.8331873 0.6187607 0.6215973 0.6410691 0.7014079 2.0842493 2.1203659 2.0711864 2.7259712 
A1.KE.06.06KECst_028.FJ623479          0.5264172 0.5602222 0.5536926 0.6125548 0.6792571 0.7375796 0.7323937 0.0000000 0.3165976 0.4011777 0.4199734 0.3728572 0.3936961 0.4756983 0.7175668 0.6718915 0.7674195 0.7322260 0.7439439 0.7319478 0.7397300 0.6826225 0.7469648 0.8012093 0.8681968 0.8121050 0.6651985 0.7404142 0.7220851 0.6959467 0.6981480 0.4442238 0.5547056 0.5649697 0.5926510 0.7496938 0.5798676 0.5858148 0.6693872 0.5672883 0.5899972 0.7090330 0.7720938 0.4809647 0.4587717 0.4282893 0.5024764 0.8212578 0.8373725 0.8695699 0.8753312 0.8889727 0.8648489 0.8872292 0.8206687 0.8522081 0.8375931 0.8469700 0.8252519 0.8725870 0.8188358 0.7710039 0.8279137 0.8983021 0.8532112 0.8473197 0.8707020 0.8498987 0.8449994 0.8669211 0.8427900 0.8405095 0.8264701 0.7976376 0.7901387 0.8717089 1.1459202 0.9175401 0.8248548 0.8580205 0.8592842 0.7975886 0.7946823 0.7755341 0.7570418 0.6966452 0.8208707 0.6569216 0.6092726 0.5947658 0.5562426 0.7364350 0.5279432 0.5348428 0.5414234 0.6075877 1.9809028 2.0150431 1.9483798 2.5532484 
A1.KE.06.06KECst_013.FJ623485          0.5340710 0.5777497 0.5442982 0.6074077 0.6635608 0.7167406 0.7363301 0.3165976 0.0000000 0.3867064 0.4178390 0.3581789 0.3913911 0.4766875 0.7097475 0.6713441 0.7536946 0.7015718 0.7353398 0.7087517 0.7453175 0.6648562 0.7248024 0.7708829 0.8223858 0.7886814 0.6682300 0.7076396 0.7152790 0.6788099 0.6799234 0.4437374 0.5469869 0.5542002 0.5894529 0.7310490 0.5707246 0.5974944 0.6501616 0.5691875 0.5900023 0.6966962 0.7828304 0.4715185 0.4575456 0.4241850 0.4969650 0.7910102 0.8162233 0.8399593 0.8703106 0.8633445 0.8569913 0.8570350 0.7965455 0.8428649 0.8342266 0.8235622 0.8001485 0.8503942 0.8057888 0.7465620 0.8051244 0.8977071 0.8452473 0.8163337 0.8744447 0.8316524 0.8353578 0.8490513 0.8469273 0.8377534 0.8080609 0.7785369 0.7688781 0.8588309 1.0973549 0.8874433 0.8198883 0.8612437 0.8508920 0.7832656 0.7909717 0.7565196 0.7401332 0.7036612 0.8030619 0.6470824 0.6189270 0.5965900 0.5578632 0.7371240 0.5511667 0.5440938 0.5579751 0.6215325 2.0146548 2.0639341 1.9959295 2.6653779 
35_AD.AF.06.007H.GQ477450              0.5460895 0.5957869 0.5619138 0.6323875 0.6767742 0.7385359 0.7385635 0.4011777 0.3867064 0.0000000 0.4280852 0.3889705 0.4138140 0.5024381 0.7623759 0.7014104 0.7586029 0.7176442 0.7473733 0.7382896 0.7664066 0.6972800 0.7660872 0.7829930 0.8656974 0.8387811 0.6906643 0.7507354 0.7434591 0.7149062 0.7124134 0.4756440 0.5794101 0.5938519 0.6189499 0.7683201 0.6063656 0.6137115 0.6994765 0.5965146 0.6165299 0.7212396 0.8027595 0.4941485 0.4695271 0.4517236 0.5112948 0.8302660 0.8428683 0.8940551 0.8745035 0.8770501 0.8725330 0.8746484 0.8377787 0.8717726 0.8524203 0.8527416 0.8436587 0.8695978 0.8304812 0.7678649 0.8459885 0.9243365 0.8887232 0.8476765 0.8888351 0.8599364 0.8586264 0.8851520 0.8468846 0.8672099 0.8410920 0.8053869 0.8034099 0.8807370 1.1033952 0.9268670 0.8301356 0.8719412 0.8490239 0.7996801 0.8007693 0.7726573 0.7590197 0.7126025 0.8210650 0.6613732 0.6308420 0.6011391 0.5763038 0.7480534 0.5622883 0.5522834 0.5675934 0.6250966 2.0932843 2.0761691 1.9781894 2.6748227 
A1.CY.07.CY208.JF683760                0.5376521 0.6007885 0.5666337 0.6394776 0.6843349 0.7342699 0.7923331 0.4199734 0.4178390 0.4280852 0.0000000 0.2321730 0.4075497 0.4916197 0.7357296 0.6966758 0.7849747 0.7308526 0.7558401 0.7499524 0.7473311 0.6855695 0.7426616 0.7765069 0.8723036 0.8167971 0.6787749 0.7347570 0.7522724 0.7162454 0.7155614 0.4745957 0.5694725 0.5675832 0.6221193 0.7644515 0.5928966 0.6108907 0.6690279 0.5883336 0.6052989 0.7325841 0.8190054 0.4990682 0.4711223 0.4503474 0.5162520 0.8317721 0.8251160 0.8825854 0.8773917 0.8727770 0.8727623 0.8809992 0.8172611 0.8542977 0.8457526 0.8484963 0.8455837 0.8529214 0.8241772 0.7707570 0.8180595 0.9277805 0.8558544 0.8461617 0.8930144 0.8563054 0.8628770 0.8779742 0.8439807 0.8617075 0.8386691 0.8059898 0.7898050 0.8486678 1.0928208 0.9065925 0.8156537 0.8694953 0.8626032 0.7847526 0.8209230 0.7659754 0.7491181 0.7216898 0.8214650 0.6607956 0.6589671 0.6060812 0.5966474 0.7697427 0.5650509 0.5622695 0.5740779 0.6483581 2.0284644 2.0136629 2.0080193 2.5962213 
A1.CY.05.CY051.FJ388903                0.5018192 0.5389390 0.5241510 0.6051811 0.6560545 0.6793031 0.7114946 0.3728572 0.3581789 0.3889705 0.2321730 0.0000000 0.3645013 0.4351016 0.6999342 0.6549137 0.7446188 0.6811746 0.7128275 0.6941991 0.6966361 0.6445950 0.6968147 0.7448798 0.8089560 0.7755647 0.6261926 0.6967449 0.6908153 0.6653166 0.6651438 0.4304233 0.5224478 0.5284055 0.5579166 0.7034016 0.5480591 0.5599967 0.6116475 0.5414492 0.5602964 0.6759618 0.7500088 0.4434583 0.4186997 0.4078455 0.4755457 0.7699181 0.7937376 0.8121473 0.8192365 0.8318852 0.8466363 0.8250886 0.7598684 0.8060529 0.7857107 0.7973153 0.7798224 0.7915053 0.7595205 0.7209856 0.7845557 0.8664994 0.8015490 0.8014635 0.8316884 0.8021707 0.8077575 0.8230016 0.8137884 0.7955552 0.8033742 0.7609939 0.7441930 0.8000019 1.0512458 0.8554027 0.7758022 0.8167315 0.7871437 0.7277864 0.7585162 0.7222729 0.6997032 0.6651133 0.7879550 0.6226646 0.5981856 0.5673205 0.5348206 0.7178803 0.5169237 0.5048072 0.5245657 0.5852686 2.0069701 2.0233952 1.9719579 2.6532642 
A1.UG.11.DEMA110UG001.KF859745         0.5061889 0.5570430 0.5212513 0.6115538 0.6527259 0.7007196 0.7205161 0.3936961 0.3913911 0.4138140 0.4075497 0.3645013 0.0000000 0.4521531 0.6991964 0.6343580 0.7282913 0.6860370 0.7034378 0.7057793 0.6956881 0.6424598 0.7057849 0.7505472 0.8240104 0.7784957 0.6428855 0.6915245 0.6918558 0.6664476 0.6876354 0.4227119 0.5298861 0.5321375 0.5643808 0.7265266 0.5606689 0.5735960 0.6345959 0.5501299 0.5842366 0.6695690 0.7396034 0.4479686 0.4191726 0.4062502 0.4745941 0.7917727 0.7985523 0.8357517 0.8515787 0.8656255 0.8321265 0.8432084 0.7836584 0.8434415 0.8075226 0.8020100 0.7870341 0.8249027 0.7928097 0.7556429 0.7863503 0.8708401 0.8421477 0.8088569 0.8544159 0.8048684 0.8225142 0.8356302 0.8377456 0.8317029 0.7910280 0.7880558 0.7763043 0.8571845 1.0863649 0.8785939 0.8038668 0.8609450 0.8231757 0.7575209 0.7864348 0.7346808 0.7063291 0.6732793 0.8089925 0.6305541 0.5929879 0.5730142 0.5373701 0.7172191 0.5372487 0.5220953 0.5324734 0.5835503 2.0040703 2.0374111 2.0172755 2.7530914 
A1C.UG.99.99UGF25926.AF484491          0.5595226 0.6167823 0.6100526 0.6736555 0.7193530 0.7750458 0.7760858 0.4756983 0.4766875 0.5024381 0.4916197 0.4351016 0.4521531 0.0000000 0.6199916 0.5710033 0.6304291 0.5941296 0.6072886 0.6304263 0.6246857 0.5687747 0.6186517 0.6766863 0.7508945 0.7074424 0.5662160 0.6144533 0.6121962 0.5783549 0.5841935 0.4654787 0.5921092 0.6038357 0.6258774 0.7599314 0.6094202 0.6354179 0.6813166 0.5876418 0.6342287 0.7304565 0.8031221 0.5226724 0.4967621 0.4668148 0.5347141 0.8296394 0.8507825 0.8684249 0.8943448 0.9079359 0.8751026 0.8785860 0.8075493 0.8714122 0.8460558 0.8535014 0.8441345 0.8577074 0.8384103 0.7948128 0.8294534 0.9142509 0.8816481 0.8441379 0.8888062 0.8500058 0.8683952 0.8714433 0.8571902 0.8560601 0.8372107 0.8157473 0.8006142 0.8795096 1.1253426 0.9296867 0.8539032 0.8973221 0.8770822 0.7975233 0.8066354 0.7593936 0.7601561 0.7290983 0.8674434 0.6964323 0.6386691 0.6304126 0.6023473 0.7853353 0.5979467 0.5764746 0.5848393 0.6601790 2.0445936 2.1020891 2.0290233 2.6431484 
A1C.IN.15.SC017.KY713232               0.7948399 0.8605908 0.8366386 0.9250567 0.9513155 1.0229212 1.0106905 0.7175668 0.7097475 0.7623759 0.7357296 0.6999342 0.6991964 0.6199916 0.0000000 0.5910102 0.6700623 0.6311825 0.6402853 0.6416167 0.6280948 0.6044525 0.6581964 0.7011915 0.7835492 0.7406569 0.5800000 0.6361840 0.6306580 0.6197163 0.6165007 0.7243485 0.8730144 0.8669257 0.9025324 1.0405423 0.8972455 0.9014568 0.9335146 0.8708287 0.8935184 0.9968525 1.0810546 0.7701771 0.7536279 0.7162009 0.7725561 1.0740705 1.0831508 1.1274604 1.1449838 1.1198691 1.1174335 1.1603221 1.0626395 1.1187806 1.0788383 1.1095291 1.0810186 1.1053393 1.0753408 1.0214951 1.0797613 1.1732193 1.1381205 1.1075233 1.1222772 1.1054659 1.0964963 1.1399738 1.0932522 1.1081863 1.0972985 1.0498887 1.0557693 1.1213172 1.3791848 1.1510390 1.0694673 1.0849605 1.1000439 1.0534900 1.0613267 1.0184529 1.0360986 0.9820768 1.0896526 0.9303681 0.8925937 0.8823363 0.8611372 1.0292263 0.8069286 0.8140560 0.8248873 0.8950419 2.2671227 2.3302431 2.2257618 2.9077199 
C.IL.99.99ET14.AY255825                0.7653702 0.8552352 0.7902610 0.8721306 0.9231640 0.9733878 0.9823053 0.6718915 0.6713441 0.7014104 0.6966758 0.6549137 0.6343580 0.5710033 0.5910102 0.0000000 0.4225215 0.4118712 0.4187375 0.4239122 0.4148536 0.3716109 0.4269323 0.4792745 0.5641905 0.5073881 0.3574510 0.4130073 0.4064982 0.3808656 0.3894109 0.6822033 0.8157469 0.8130813 0.8468407 1.0246064 0.8333392 0.8475967 0.9166340 0.8127251 0.8510232 0.9506250 1.0153969 0.7306441 0.7178238 0.6851875 0.7555477 1.0451057 1.0649621 1.0934621 1.1105482 1.1154427 1.1100381 1.0984602 1.0507276 1.0764591 1.0666387 1.0573773 1.0535497 1.0760489 1.0346587 0.9968314 1.0471262 1.1348380 1.0754778 1.0647868 1.1075010 1.0687618 1.0725276 1.0798299 1.0557319 1.0964669 1.0580458 1.0279510 1.0224904 1.1094308 1.3527043 1.1378568 1.0418031 1.0915431 1.0760788 1.0098324 0.9927398 0.9999635 0.9687586 0.9435420 1.0613280 0.8943699 0.8711210 0.8435871 0.8090533 1.0000912 0.8091864 0.7964625 0.8026861 0.8645786 2.2104087 2.2264067 2.2442395 2.9198591 
C.SE.09.035ZA.MF373148                 0.8624777 0.9247319 0.8869803 0.9271495 0.9982665 1.0202653 1.0506179 0.7674195 0.7536946 0.7586029 0.7849747 0.7446188 0.7282913 0.6304291 0.6700623 0.4225215 0.0000000 0.4851426 0.4823680 0.4923381 0.4862617 0.4448686 0.4978944 0.5419717 0.6128938 0.5669699 0.4204097 0.4750319 0.4728937 0.4387451 0.4584680 0.7602748 0.9092419 0.9039506 0.9495996 1.0866475 0.9131196 0.9618083 1.0172451 0.9156206 0.9491532 1.0251230 1.1482586 0.8049894 0.7822246 0.7566469 0.8123652 1.1378952 1.1277944 1.1522247 1.1577750 1.1894039 1.1778482 1.1650669 1.1013403 1.1392253 1.1692029 1.1395001 1.1134777 1.1583548 1.1038428 1.0674176 1.1129736 1.2317159 1.1699636 1.1471182 1.1808984 1.1313299 1.1293310 1.1456172 1.1191386 1.1387572 1.1544808 1.1048141 1.0969252 1.1661037 1.4152834 1.2380280 1.1118188 1.1952156 1.1822608 1.1083564 1.0829985 1.0603688 1.0684539 1.0481741 1.1484770 0.9980270 0.9399885 0.9373037 0.9081730 1.0512918 0.8497224 0.8834179 0.8766348 0.9308778 2.2485573 2.2960151 2.3131053 2.9208518 
C.ZA.04.04ZASK135B1.DQ011166           0.8051673 0.8556307 0.8341973 0.9154010 0.9573878 1.0167465 1.0186292 0.7322260 0.7015718 0.7176442 0.7308526 0.6811746 0.6860370 0.5941296 0.6311825 0.4118712 0.4851426 0.0000000 0.3230225 0.3356497 0.3582167 0.3324645 0.3823727 0.4585670 0.5038165 0.4751950 0.3291303 0.4319268 0.4170875 0.3857062 0.3977892 0.7315281 0.8263930 0.8270222 0.8712874 1.0320745 0.8484735 0.8731436 0.9208879 0.8372111 0.8770036 0.9647436 1.0601030 0.7439630 0.7323737 0.7210493 0.7622472 1.0748657 1.0855581 1.1116210 1.1485006 1.1121634 1.1300820 1.1172958 1.0452300 1.0891855 1.0775577 1.0835061 1.0729077 1.0992555 1.0571883 1.0041235 1.0419523 1.1203175 1.1277051 1.0957987 1.1093190 1.0881521 1.0911076 1.1261331 1.0994940 1.0902839 1.0825359 1.0473084 1.0349565 1.1352497 1.3461161 1.1573059 1.0792161 1.0953806 1.1075590 1.0380215 1.0363740 1.0506836 1.0324726 0.9761105 1.0981131 0.9191933 0.8936920 0.8636471 0.8452810 1.0005946 0.8104886 0.8088176 0.8055668 0.8574294 2.2775341 2.2735419 2.2268276 2.9369946 
C.ZA.03.03ZAPS130MB1.DQ275658          0.8201692 0.8829130 0.8675219 0.9179652 0.9690302 1.0153131 1.0396189 0.7439439 0.7353398 0.7473733 0.7558401 0.7128275 0.7034378 0.6072886 0.6402853 0.4187375 0.4823680 0.3230225 0.0000000 0.2850246 0.3619894 0.3357628 0.3772346 0.4516587 0.5073859 0.4768024 0.3304869 0.4199390 0.4202821 0.3868424 0.4071639 0.7414411 0.8428862 0.8412506 0.9057072 1.0647729 0.8766126 0.8960577 0.9437503 0.8514180 0.8979123 0.9855557 1.0671518 0.7573346 0.7588925 0.7340949 0.7807658 1.0783882 1.1191725 1.1234502 1.1411337 1.1688977 1.1449286 1.1474973 1.0735942 1.1480935 1.1231851 1.0981399 1.1004659 1.1131723 1.0828836 1.0508167 1.0918795 1.1849116 1.1057022 1.1286953 1.1344864 1.1175961 1.1237487 1.1385315 1.1128101 1.1371289 1.1056508 1.0564119 1.0638719 1.1329793 1.3549938 1.1456827 1.0972527 1.1030962 1.1086640 1.0742001 1.0680153 1.0555274 1.0337205 0.9802035 1.0955096 0.9190004 0.9156369 0.8889034 0.8633161 1.0430303 0.8407819 0.8482959 0.8264409 0.9067308 2.2785900 2.2908437 2.2496152 2.7927726 
C.ZA.97.97ZA012.AF286227               0.8333917 0.8798526 0.8432516 0.9137622 0.9974495 1.0298583 1.0590885 0.7319478 0.7087517 0.7382896 0.7499524 0.6941991 0.7057793 0.6304263 0.6416167 0.4239122 0.4923381 0.3356497 0.2850246 0.0000000 0.3893131 0.3596170 0.4012615 0.4593579 0.5362256 0.5027585 0.3493525 0.4366839 0.4299696 0.4003737 0.4103584 0.7356028 0.9056021 0.8755762 0.9290306 1.0493299 0.8881379 0.9055829 0.9661319 0.8881466 0.9281213 1.0215543 1.0941791 0.7788560 0.7627888 0.7350515 0.8157087 1.1014933 1.0989610 1.1514098 1.1614170 1.1611376 1.1500829 1.1325410 1.0948691 1.1320662 1.1228400 1.1101527 1.0998242 1.1275928 1.0875911 1.0443525 1.0857918 1.1738297 1.1308181 1.1277902 1.1373900 1.1264946 1.1355784 1.1242418 1.1374396 1.1449033 1.1323782 1.0973998 1.0684608 1.1407616 1.3873045 1.1744479 1.0786249 1.1321064 1.1378790 1.0652635 1.0720438 1.0521446 1.0463472 0.9964579 1.1176595 0.9427901 0.9340299 0.9067228 0.8732741 1.0505340 0.8155393 0.8613896 0.8442868 0.9065922 2.2420525 2.2654793 2.2835472 2.9261619 
C.BW.98.98BWMC14A3.AF443078            0.8290394 0.8957134 0.8719473 0.9277984 0.9724933 1.0078575 1.0408493 0.7397300 0.7453175 0.7664066 0.7473311 0.6966361 0.6956881 0.6246857 0.6280948 0.4148536 0.4862617 0.3582167 0.3619894 0.3893131 0.0000000 0.3314549 0.3849357 0.4595436 0.5274240 0.4785066 0.3344919 0.4202372 0.4119110 0.3846270 0.3998714 0.7489436 0.8676707 0.8690918 0.9135134 1.0729662 0.8821140 0.8995799 0.9831087 0.8709087 0.9022441 0.9890519 1.0873611 0.7691277 0.7544739 0.7458496 0.8087097 1.1011139 1.1155468 1.1324794 1.1631874 1.1501601 1.1716594 1.1527976 1.0883308 1.1280152 1.1360696 1.1311404 1.1038784 1.1186036 1.1243240 1.0652636 1.1083429 1.1967137 1.1421869 1.1209426 1.1636013 1.1469685 1.1497091 1.1768786 1.1361306 1.1284813 1.1329258 1.0826598 1.0934883 1.1557744 1.3928039 1.1808623 1.0847499 1.1235190 1.1377683 1.0864050 1.0692718 1.0279593 1.0181097 0.9907839 1.0985775 0.9288304 0.9333209 0.8913948 0.8647669 1.0264350 0.8493024 0.8558771 0.8612112 0.9091776 2.2403256 2.2769290 2.3102592 2.8069587 
C.ZA.99.99ZALT4.EU293444               0.7898771 0.8433054 0.8177851 0.8852403 0.9436426 0.9798174 0.9870109 0.6826225 0.6648562 0.6972800 0.6855695 0.6445950 0.6424598 0.5687747 0.6044525 0.3716109 0.4448686 0.3324645 0.3357628 0.3596170 0.3314549 0.0000000 0.2920961 0.4104798 0.4636085 0.4391688 0.2999395 0.3920107 0.3865483 0.3554215 0.3595316 0.6701828 0.8127222 0.8151206 0.8664899 0.9966132 0.8364726 0.8793155 0.9176481 0.8240134 0.8527413 0.9761040 1.0020732 0.7276723 0.6963162 0.6947706 0.7428470 1.0855170 1.0690155 1.1050502 1.1310154 1.1170049 1.1327968 1.1093107 1.0470238 1.0740472 1.0723398 1.0944103 1.0757797 1.1033532 1.0642436 0.9980571 1.0380970 1.1338693 1.1078593 1.0935483 1.1011777 1.0794894 1.0621220 1.1004600 1.0757065 1.0834403 1.0728804 1.0466452 1.0247035 1.0864782 1.3325539 1.1101227 1.0547651 1.0842080 1.0828607 1.0215594 1.0400061 0.9906597 0.9757821 0.9516730 1.0731802 0.8911814 0.8869233 0.8283253 0.8300939 0.9847628 0.7948665 0.7980531 0.8046715 0.8651350 2.2065473 2.2621196 2.2918049 2.8434153 
C.ZA.02.02ZAPS015MB1.DQ369995          0.8394897 0.8837283 0.8703037 0.9270032 0.9766768 1.0482182 1.0489034 0.7469648 0.7248024 0.7660872 0.7426616 0.6968147 0.7057849 0.6186517 0.6581964 0.4269323 0.4978944 0.3823727 0.3772346 0.4012615 0.3849357 0.2920961 0.0000000 0.4541218 0.5219488 0.5030557 0.3487042 0.4437444 0.4346690 0.4104388 0.4083934 0.7425027 0.8762132 0.8691923 0.9255707 1.1069710 0.8780957 0.9151152 0.9622198 0.8894265 0.9041447 1.0222561 1.1093178 0.7917330 0.7554911 0.7443696 0.8086576 1.1009053 1.1140851 1.1401559 1.1884977 1.1652403 1.1885660 1.1680760 1.0783378 1.1569795 1.1209596 1.1335040 1.1100564 1.1422727 1.1085747 1.0797527 1.1102209 1.1746985 1.1662976 1.1410455 1.1470692 1.1367035 1.1181012 1.1477678 1.1440155 1.1267508 1.1298493 1.0801781 1.0683877 1.1361801 1.3710566 1.1913111 1.1048165 1.1540920 1.1501987 1.0886192 1.0753092 1.0217965 1.0265827 1.0050608 1.1119515 0.9593545 0.9405511 0.8832368 0.8823864 1.0329307 0.8502029 0.8493336 0.8338383 0.9091230 2.2893075 2.2986356 2.3240456 3.0123595 
C.GB.14.13659_1_48.3.MF109437          0.8663015 0.9095571 0.8887027 0.9633404 0.9974806 1.0640369 1.0459930 0.8012093 0.7708829 0.7829930 0.7765069 0.7448798 0.7505472 0.6766863 0.7011915 0.4792745 0.5419717 0.4585670 0.4516587 0.4593579 0.4595436 0.4104798 0.4541218 0.0000000 0.5366743 0.4975876 0.3974047 0.4870797 0.4940818 0.4574796 0.4549309 0.7684451 0.9023357 0.9058060 0.9464080 1.1140216 0.9274691 0.9556593 0.9867690 0.9021593 0.9436267 1.0607248 1.1338327 0.8217526 0.7989607 0.7959967 0.8439925 1.1399533 1.1489538 1.1840472 1.1725528 1.1759566 1.2191496 1.1921279 1.1083926 1.1799816 1.1535211 1.1351778 1.1223201 1.1654996 1.1254443 1.0861113 1.1266560 1.1970441 1.1494028 1.1610860 1.1887213 1.1502571 1.1506529 1.1822999 1.1646534 1.1612270 1.1458837 1.1307168 1.0961326 1.1672540 1.4400266 1.2257920 1.1449770 1.1805902 1.1927402 1.1079591 1.0925047 1.0565463 1.0627096 1.0097243 1.1462879 0.9729614 0.9686892 0.9156219 0.8963280 1.0606410 0.8752889 0.8917169 0.8949118 0.9185151 2.3922523 2.3981049 2.3645735 2.9351914 
BC.CN.07.07CNYN340.KF835526            0.9361976 0.9801365 0.9712206 1.0113639 1.0776674 1.1380013 1.1309716 0.8681968 0.8223858 0.8656974 0.8723036 0.8089560 0.8240104 0.7508945 0.7835492 0.5641905 0.6128938 0.5038165 0.5073859 0.5362256 0.5274240 0.4636085 0.5219488 0.5366743 0.0000000 0.4054732 0.4573426 0.5748584 0.5617846 0.5169461 0.5248829 0.8405358 0.9731645 0.9804402 1.0203498 1.1629733 0.9981329 1.0286447 1.0944834 1.0032238 1.0320065 1.1275863 1.1655358 0.8977545 0.8479169 0.8413926 0.9151233 1.2526617 1.2760382 1.2836529 1.2723767 1.2747412 1.2974402 1.2964039 1.2030915 1.2736746 1.2615634 1.2441345 1.2306799 1.2708546 1.2401672 1.1771742 1.2640780 1.2851297 1.2654360 1.2543087 1.2710701 1.2226041 1.2418839 1.2712166 1.2493376 1.2514667 1.2275248 1.2061396 1.1893145 1.3000893 1.5103294 1.3169785 1.2455935 1.2761742 1.2603600 1.2042129 1.2350125 1.1329320 1.1561111 1.0914888 1.2616684 1.0379816 1.0594498 1.0120298 0.9802077 1.1329341 0.9398455 0.9415689 0.9525622 1.0233873 2.5490041 2.4793326 2.4454234 3.0952246 
85_BC.CN.14.14CN_SCYB4.KU992932        0.8956459 0.9275472 0.9114684 0.9744533 1.0228496 1.0951335 1.0871631 0.8121050 0.7886814 0.8387811 0.8167971 0.7755647 0.7784957 0.7074424 0.7406569 0.5073881 0.5669699 0.4751950 0.4768024 0.5027585 0.4785066 0.4391688 0.5030557 0.4975876 0.4054732 0.0000000 0.4295423 0.5186860 0.5238643 0.4938282 0.4886182 0.8011499 0.9197354 0.9275954 0.9722810 1.1251726 0.9366087 0.9649416 1.0380194 0.9313223 0.9744530 1.0620820 1.1424517 0.8366780 0.8327525 0.7939290 0.8859273 1.1698976 1.1860499 1.2266730 1.2496784 1.2186813 1.2626912 1.2293654 1.1731602 1.1960743 1.1797437 1.2107929 1.1674980 1.1895619 1.1877209 1.1204014 1.1799714 1.2665280 1.1847701 1.2002243 1.2136018 1.1884954 1.1886949 1.1963468 1.1825871 1.2349856 1.1933932 1.1394498 1.1408660 1.2231739 1.5028280 1.2872325 1.1761176 1.2253163 1.2270074 1.1447507 1.1648712 1.0828255 1.0983330 1.0563023 1.1869977 1.0002036 0.9932736 0.9593866 0.9328468 1.1187627 0.9069126 0.9058188 0.9085791 0.9807312 2.4626148 2.4488909 2.4063759 3.1059893 
C.BW.00.00BW076820.AF443089            0.7583534 0.8162599 0.7880798 0.8661530 0.9156707 0.9661634 0.9961989 0.6651985 0.6682300 0.6906643 0.6787749 0.6261926 0.6428855 0.5662160 0.5800000 0.3574510 0.4204097 0.3291303 0.3304869 0.3493525 0.3344919 0.2999395 0.3487042 0.3974047 0.4573426 0.4295423 0.0000000 0.3673162 0.3616885 0.3311545 0.3386707 0.6722710 0.8038878 0.7967794 0.8424842 1.0062161 0.8157128 0.8436780 0.9006405 0.8034599 0.8231931 0.9375174 0.9909369 0.7237791 0.6837477 0.6763835 0.7394903 1.0357376 1.0507630 1.0657938 1.1012494 1.0870483 1.1200371 1.1043701 1.0197871 1.0519586 1.0811441 1.0830067 1.0518096 1.0512600 1.0433604 0.9823680 1.0412349 1.1138568 1.0485807 1.0839284 1.1000388 1.0659471 1.0572622 1.0900052 1.0689012 1.0863286 1.0603325 1.0236432 1.0244840 1.1232046 1.2979456 1.1192749 1.0321361 1.0845632 1.0685306 1.0240565 1.0256095 0.9954286 0.9828709 0.9206055 1.0777516 0.8777194 0.8629837 0.8494993 0.8234574 0.9607535 0.7669524 0.7750439 0.7864927 0.8440117 2.2760059 2.2867237 2.2860493 2.8740960 
C.ZA.04.04ZASK170B1.DQ093595           0.8350990 0.8933375 0.8474085 0.9176541 0.9653550 1.0203601 1.0464611 0.7404142 0.7076396 0.7507354 0.7347570 0.6967449 0.6915245 0.6144533 0.6361840 0.4130073 0.4750319 0.4319268 0.4199390 0.4366839 0.4202372 0.3920107 0.4437444 0.4870797 0.5748584 0.5186860 0.3673162 0.0000000 0.3382057 0.3063927 0.3558017 0.7290668 0.8535048 0.8829395 0.9050581 1.0486678 0.8843258 0.8871067 0.9697086 0.8732417 0.8885243 0.9788023 1.0672634 0.7680227 0.7472359 0.7177504 0.7759503 1.0808191 1.1030573 1.1268879 1.1501010 1.1376293 1.1096001 1.1423878 1.0755243 1.1098240 1.0870416 1.1050069 1.0707234 1.0996059 1.0787226 1.0384009 1.0808482 1.1681598 1.0959187 1.1061434 1.1679740 1.1231565 1.1156657 1.1392242 1.0917649 1.1016933 1.1020995 1.0459184 1.0514498 1.1346882 1.3458563 1.1413759 1.0715430 1.1272924 1.1138619 1.0492557 1.0770027 1.0136858 1.0064668 0.9894821 1.0877797 0.9505705 0.9122184 0.8931252 0.8723547 1.0271757 0.8540288 0.8535615 0.8523402 0.9189868 2.2856776 2.2878199 2.3343698 2.8859446 
C.TZ.02.CO6721.AY734560                0.8296647 0.8940782 0.8529747 0.9275125 0.9793462 1.0085609 1.0443681 0.7220851 0.7152790 0.7434591 0.7522724 0.6908153 0.6918558 0.6121962 0.6306580 0.4064982 0.4728937 0.4170875 0.4202821 0.4299696 0.4119110 0.3865483 0.4346690 0.4940818 0.5617846 0.5238643 0.3616885 0.3382057 0.0000000 0.2407021 0.3557666 0.7275392 0.8487103 0.8577843 0.8854744 1.0459345 0.8762988 0.8934836 0.9538986 0.8782430 0.8858596 0.9731353 1.0670533 0.7571710 0.7440321 0.7240037 0.7811688 1.1033916 1.1200604 1.1306583 1.1720871 1.1665932 1.1345562 1.1273833 1.0828784 1.1214491 1.1031402 1.1305950 1.0789854 1.1115685 1.0719895 1.0427776 1.0888866 1.1548932 1.1320899 1.0902963 1.1374154 1.1154206 1.1104587 1.1098054 1.1050840 1.1427365 1.1133037 1.0734368 1.0530196 1.1288611 1.3850911 1.1735146 1.0911790 1.1040099 1.0961185 1.0469634 1.0562286 1.0365879 1.0174994 0.9907638 1.0943317 0.9282981 0.9129268 0.8800217 0.8839523 1.0372988 0.8326700 0.8375285 0.8403726 0.9152044 2.1694834 2.2218521 2.2791222 2.8817570 
C.TZ.01.BD39_8.AY253313                0.7969579 0.8518766 0.8020420 0.8795472 0.9342789 0.9840008 0.9957004 0.6959467 0.6788099 0.7149062 0.7162454 0.6653166 0.6664476 0.5783549 0.6197163 0.3808656 0.4387451 0.3857062 0.3868424 0.4003737 0.3846270 0.3554215 0.4104388 0.4574796 0.5169461 0.4938282 0.3311545 0.3063927 0.2407021 0.0000000 0.3265969 0.7101458 0.8247307 0.8263312 0.8670801 1.0019317 0.8249036 0.8545711 0.9278961 0.8445629 0.8434919 0.9624677 1.0497846 0.7376679 0.7135552 0.6911748 0.7465527 1.0367649 1.0494750 1.0758203 1.0942752 1.1248431 1.1064633 1.0799870 1.0424732 1.0826179 1.0570345 1.0665828 1.0227961 1.0804435 1.0189072 1.0027203 1.0349208 1.1228108 1.0778387 1.0883352 1.1108174 1.0777351 1.0704265 1.0865435 1.0877392 1.0905087 1.0527818 1.0161907 1.0194407 1.1082090 1.3031337 1.1386650 1.0281297 1.0680481 1.0740664 1.0130197 1.0233253 0.9905011 1.0057391 0.9466588 1.0652271 0.9241741 0.8844981 0.8554172 0.8463849 0.9840711 0.8075442 0.8052220 0.8101637 0.8783726 2.2050583 2.2147174 2.2590514 2.8148338 
C.ZA.03.03ZAPS067MB2.DQ396389          0.7811484 0.8435239 0.8210098 0.8950144 0.9427432 1.0039791 0.9798476 0.6981480 0.6799234 0.7124134 0.7155614 0.6651438 0.6876354 0.5841935 0.6165007 0.3894109 0.4584680 0.3977892 0.4071639 0.4103584 0.3998714 0.3595316 0.4083934 0.4549309 0.5248829 0.4886182 0.3386707 0.3558017 0.3557666 0.3265969 0.0000000 0.6859771 0.8321431 0.8184845 0.8554970 1.0405650 0.8428192 0.8797798 0.9346347 0.8379704 0.8728876 0.9586908 1.0347578 0.7397693 0.7310354 0.6988346 0.7604688 1.0695315 1.0947173 1.1125742 1.1217351 1.1224729 1.1229920 1.0985277 1.0342923 1.0813133 1.1012562 1.0673487 1.0592815 1.1141204 1.0480001 1.0037759 1.0349736 1.1606110 1.1027317 1.0943665 1.1285882 1.0990563 1.0987336 1.0961102 1.0859668 1.0961472 1.0660466 1.0396130 1.0250712 1.1147921 1.3372055 1.1807485 1.0795075 1.0947760 1.0983852 1.0626326 1.0458835 0.9985016 0.9925612 0.9473877 1.0711030 0.9049553 0.8744562 0.8519079 0.8391153 0.9969270 0.7977997 0.8096778 0.8027609 0.8549528 2.2281891 2.2474758 2.2430196 2.8088276 
A1D.UG.99.99UGJ21953.AF484496          0.5619629 0.6084906 0.5690865 0.6355385 0.6882078 0.7497905 0.7537288 0.4442238 0.4437374 0.4756440 0.4745957 0.4304233 0.4227119 0.4654787 0.7243485 0.6822033 0.7602748 0.7315281 0.7414411 0.7356028 0.7489436 0.6701828 0.7425027 0.7684451 0.8405358 0.8011499 0.6722710 0.7290668 0.7275392 0.7101458 0.6859771 0.0000000 0.5663006 0.5750588 0.6018656 0.7684394 0.5893785 0.6041585 0.6670043 0.5848838 0.6138228 0.7044402 0.7797526 0.5015902 0.4698317 0.4459965 0.5104699 0.8038259 0.8109275 0.8499173 0.8806724 0.8840641 0.8606318 0.8717816 0.8022424 0.8501465 0.8274332 0.8316925 0.8045722 0.8541644 0.8108625 0.7571174 0.8049939 0.8873239 0.8507857 0.8168803 0.8662210 0.8183118 0.8351806 0.8706266 0.8509982 0.8552637 0.8226541 0.8019512 0.7968796 0.8415066 1.0844737 0.8771708 0.7955826 0.8492451 0.8610731 0.7800124 0.7916588 0.7691161 0.7411975 0.7174544 0.8237219 0.6755840 0.6506235 0.6183298 0.5733859 0.7433184 0.5679017 0.5581675 0.5757588 0.6341666 2.0143775 2.0098966 1.9610797 2.5841111 
01_AE.CN.02.YN0236.JX112866            0.5858350 0.6256073 0.6164508 0.6542825 0.7379399 0.7827951 0.7993069 0.5547056 0.5469869 0.5794101 0.5694725 0.5224478 0.5298861 0.5921092 0.8730144 0.8157469 0.9092419 0.8263930 0.8428862 0.9056021 0.8676707 0.8127222 0.8762132 0.9023357 0.9731645 0.9197354 0.8038878 0.8535048 0.8487103 0.8247307 0.8321431 0.5663006 0.0000000 0.1587202 0.2099401 0.3659164 0.2004743 0.2142890 0.2928065 0.2179646 0.2461198 0.4750709 0.5308354 0.4366807 0.5100763 0.5034429 0.5738637 0.8894466 0.8848673 0.9199234 0.9534638 0.9459636 0.9109158 0.9359173 0.8634052 0.9311368 0.9118300 0.8918500 0.8613862 0.9153764 0.8813046 0.8297849 0.8935227 0.9650252 0.9226530 0.9149069 0.9312867 0.9039799 0.8927302 0.9202077 0.9212262 0.9044599 0.8802232 0.8757635 0.8573398 0.9357010 1.1689795 0.9755606 0.8821175 0.9287987 0.9321579 0.8348701 0.8909369 0.8328898 0.8174293 0.7677311 0.9029093 0.7140248 0.6849141 0.6679303 0.6290479 0.7979619 0.6139530 0.6145913 0.6194604 0.6748431 2.0773473 2.1428809 2.0475973 2.8386280 
01_AE.TH.99.99TH_C4460.AY945726        0.6109334 0.6439564 0.6331538 0.6886235 0.7671441 0.8021253 0.8204337 0.5649697 0.5542002 0.5938519 0.5675832 0.5284055 0.5321375 0.6038357 0.8669257 0.8130813 0.9039506 0.8270222 0.8412506 0.8755762 0.8690918 0.8151206 0.8691923 0.9058060 0.9804402 0.9275954 0.7967794 0.8829395 0.8577843 0.8263312 0.8184845 0.5750588 0.1587202 0.0000000 0.2105240 0.3737743 0.2007759 0.2112137 0.2917886 0.2160316 0.2457442 0.4769861 0.5230929 0.4414171 0.5352993 0.5025712 0.5668350 0.8765040 0.8848488 0.9098846 0.9493262 0.9323619 0.9053398 0.9581923 0.8648651 0.9177846 0.8962771 0.8928979 0.8638670 0.9213994 0.8676326 0.8155848 0.8899566 0.9666216 0.9349277 0.9066377 0.9242603 0.9074041 0.9055760 0.9276378 0.9185667 0.8999670 0.8675298 0.8579160 0.8610603 0.9256985 1.1868239 0.9645977 0.8932235 0.9257741 0.9291150 0.8428916 0.8880495 0.8217497 0.8210041 0.7775139 0.9057269 0.7282283 0.6990010 0.6659600 0.6286256 0.8083286 0.6211761 0.6160411 0.6219018 0.6971557 2.0600357 2.1162413 2.1245551 2.8285829 
01_AE.CN.07.GX070143.JX112835          0.6274151 0.6888106 0.6627904 0.7102162 0.8017270 0.8433931 0.8468944 0.5926510 0.5894529 0.6189499 0.6221193 0.5579166 0.5643808 0.6258774 0.9025324 0.8468407 0.9495996 0.8712874 0.9057072 0.9290306 0.9135134 0.8664899 0.9255707 0.9464080 1.0203498 0.9722810 0.8424842 0.9050581 0.8854744 0.8670801 0.8554970 0.6018656 0.2099401 0.2105240 0.0000000 0.4066594 0.2416457 0.2520454 0.3281976 0.2537229 0.2876969 0.5223153 0.5700389 0.4746017 0.5533547 0.5479481 0.6114847 0.9071756 0.9009337 0.9602532 0.9933343 0.9846768 0.9435004 0.9668602 0.9078304 0.9615971 0.9263099 0.9293248 0.9043618 0.9467524 0.9016633 0.8696704 0.9158136 1.0111640 0.9733305 0.9286031 0.9573654 0.9422780 0.9266523 0.9594812 0.9440387 0.9549333 0.9172360 0.8922964 0.8971375 0.9598965 1.1868178 1.0006490 0.9253934 0.9550593 0.9587224 0.8655245 0.9191694 0.8794779 0.8458671 0.8116430 0.9437108 0.7679732 0.7365859 0.7079622 0.6733146 0.8441014 0.6656383 0.6544935 0.6624844 0.7222174 2.0846047 2.1113405 2.1025372 2.7930999 
69_01B.JP.05.05JPMYC113SP420.LC027100  0.7903557 0.8156671 0.8118613 0.8592128 0.9639450 0.9832669 0.9829203 0.7496938 0.7310490 0.7683201 0.7644515 0.7034016 0.7265266 0.7599314 1.0405423 1.0246064 1.0866475 1.0320745 1.0647729 1.0493299 1.0729662 0.9966132 1.1069710 1.1140216 1.1629733 1.1251726 1.0062161 1.0486678 1.0459345 1.0019317 1.0405650 0.7684394 0.3659164 0.3737743 0.4066594 0.0000000 0.3904290 0.4074699 0.4721966 0.4065053 0.4383490 0.6491672 0.7128979 0.6266823 0.7035071 0.7039611 0.7637305 1.0541895 1.0396196 1.0938222 1.1173897 1.1002805 1.0896165 1.1285371 1.0451386 1.1037928 1.0707175 1.0663931 1.0534340 1.0948615 1.0506169 0.9943344 1.0753666 1.1452279 1.0950662 1.0771915 1.1197415 1.1046060 1.0812055 1.1009203 1.0959698 1.0834334 1.0659019 1.0387969 1.0286978 1.1247803 1.3307726 1.1502100 1.0773560 1.0983027 1.0873307 1.0075744 1.0549755 0.9934697 0.9879431 0.9527652 1.0818387 0.9141502 0.8807592 0.8539590 0.8098328 0.9866608 0.7860021 0.7943437 0.8085782 0.8715993 2.1679113 2.2624846 2.1977491 3.0043192 
01_AE.TH.07.AA030a04.JX447057          0.6232575 0.6602763 0.6489239 0.6890293 0.7859078 0.8148960 0.8223217 0.5798676 0.5707246 0.6063656 0.5928966 0.5480591 0.5606689 0.6094202 0.8972455 0.8333392 0.9131196 0.8484735 0.8766126 0.8881379 0.8821140 0.8364726 0.8780957 0.9274691 0.9981329 0.9366087 0.8157128 0.8843258 0.8762988 0.8249036 0.8428192 0.5893785 0.2004743 0.2007759 0.2416457 0.3904290 0.0000000 0.2244422 0.3105859 0.2389303 0.2709593 0.5023955 0.5626515 0.4654566 0.5461421 0.5252869 0.5971320 0.8794014 0.9074842 0.9260022 0.9493880 0.9501107 0.9257143 0.9628664 0.8788699 0.9215191 0.9127500 0.8928700 0.8707794 0.9239377 0.8875361 0.8352834 0.8809738 0.9689015 0.9375199 0.9232021 0.9506481 0.9298133 0.9148020 0.9436926 0.9324981 0.9188521 0.8922076 0.8760529 0.8742899 0.9527243 1.1871729 0.9594740 0.8856020 0.9251949 0.9428673 0.8626978 0.9065610 0.8544167 0.8345477 0.7792561 0.9430244 0.7549825 0.7217572 0.6906174 0.6609118 0.8299694 0.6357747 0.6357606 0.6421036 0.7158921 2.1328183 2.1608036 2.1279723 2.8381221 
01_AE.CN.07.07CNYN326.KF835513         0.6412403 0.6911606 0.6673401 0.7139162 0.7985639 0.8271030 0.8541733 0.5858148 0.5974944 0.6137115 0.6108907 0.5599967 0.5735960 0.6354179 0.9014568 0.8475967 0.9618083 0.8731436 0.8960577 0.9055829 0.8995799 0.8793155 0.9151152 0.9556593 1.0286447 0.9649416 0.8436780 0.8871067 0.8934836 0.8545711 0.8797798 0.6041585 0.2142890 0.2112137 0.2520454 0.4074699 0.2244422 0.0000000 0.3257403 0.2515036 0.2808804 0.5110207 0.5676456 0.4671506 0.5517074 0.5432541 0.6120162 0.9111059 0.9155760 0.9467518 0.9859453 0.9807452 0.9411003 0.9501811 0.9108688 0.9559114 0.9319103 0.9350376 0.9004170 0.9568391 0.9297841 0.8665268 0.9136934 1.0356136 0.9655188 0.9418507 0.9461622 0.9226642 0.9175182 0.9626706 0.9198544 0.9463319 0.9092205 0.9019675 0.8963539 0.9469302 1.1936325 1.0008563 0.9241782 0.9543014 0.9695550 0.8768377 0.9295603 0.8612575 0.8460546 0.8072487 0.9271188 0.7825462 0.7408325 0.7147898 0.6659336 0.8727224 0.6612237 0.6626379 0.6755982 0.7340750 2.0940837 2.1996656 2.1162552 2.7466296 
