100
02A1.GH.97.97GH_AG2.AB052867           0.0000000 0.3472835 0.4514545 0.5192730 0.5690298 0.5984595 0.6281366 0.5577746 0.5452637 0.5674462 0.5703521 0.5165713 0.5183658 0.5816469 0.8426347 0.7887311 0.8586899 0.7933316 0.8199690 0.8328336 0.8392810 0.7943055 0.8419260 0.8770243 0.9570992 0.9337922 0.7624019 0.8048859 0.8153555 0.7742448 0.7911886 0.5763406 0.6092659 0.6299900 0.6564646 0.7993747 0.6324508 0.6470145 0.7257343 0.6276109 0.6604230 0.7749236 0.8343446 0.5312119 0.5325599 0.4965446 0.4455353 0.7785507 0.7794794 0.8066315 0.8312047 0.8121795 0.8684941 0.8488031 0.7499529 0.7881116 0.7811994 0.7782402 0.7668214 0.7871583 0.7546321 0.7202465 0.7701001 0.8343962 0.8127307 0.7849660 0.8102114 0.8207366 0.7970424 0.7838873 0.8175874 0.7866669 0.7788666 0.7454241 0.7346901 0.8056571 1.0557915 0.8543446 0.7727979 0.8226891 0.8193093 0.7490924 0.7691939 0.7006846 0.6698641 0.6377442 0.7499009 0.6066784 0.4902045 0.4102044 0.3896103 0.5208837 0.3426299 0.3458684 0.3640636 0.4219907 1.8007768 1.8388051 1.7915518 2.6582720 
02A.CI.16.DEURF16CI011.MH078538        0.3472835 0.0000000 0.5086074 0.5766262 0.6290827 0.6589678 0.6726893 0.6113643 0.6069264 0.6239750 0.6312034 0.5787486 0.5799998 0.6382151 0.9155898 0.8463160 0.9140658 0.8708587 0.8985130 0.8857378 0.8909326 0.8736923 0.8958880 0.9676366 1.0401896 1.0148503 0.8460456 0.8649584 0.8597066 0.8374611 0.8664364 0.6005333 0.6833962 0.6787547 0.7295294 0.8567175 0.7056515 0.7184203 0.7886921 0.7044723 0.7192383 0.8471823 0.9047253 0.5904309 0.5925953 0.5368848 0.5020552 0.8165528 0.8222137 0.8662261 0.8927683 0.8819181 0.9350950 0.8777824 0.7992757 0.8569281 0.8306575 0.8468131 0.8221951 0.8526542 0.8160005 0.7720568 0.8422119 0.8975389 0.8739366 0.8504299 0.8559333 0.8433184 0.8393278 0.8412988 0.8679240 0.8294539 0.8403897 0.8107018 0.8074738 0.8716751 1.1372930 0.8898161 0.8368204 0.8910562 0.8769747 0.7896198 0.8013933 0.7668771 0.7269278 0.6747043 0.8130644 0.6557083 0.5489804 0.4721810 0.4423162 0.5846338 0.3954403 0.3881420 0.4227237 0.4779212 1.8260767 1.9147390 1.8701702 2.7181922 
AGU.CM.06.770_8.MH705142               0.4514545 0.5086074 0.0000000 0.5225449 0.5904732 0.6089212 0.6141611 0.5844325 0.5720917 0.6090906 0.5912144 0.5395003 0.5307361 0.6235359 0.8940804 0.8303221 0.8972785 0.8562802 0.8672283 0.8900821 0.8797976 0.8267104 0.8842042 0.9391940 1.0041057 0.9824133 0.8111593 0.8520760 0.8442155 0.8190673 0.8095525 0.5787388 0.6584672 0.6806520 0.6901996 0.8316116 0.6831961 0.6882999 0.7599514 0.6871549 0.6917387 0.8284685 0.9044579 0.5739392 0.5680616 0.5086910 0.4818002 0.8052108 0.7917830 0.8529310 0.8618412 0.8439697 0.8980540 0.8554785 0.7837079 0.8361740 0.8178410 0.8430675 0.8448857 0.8481520 0.8185526 0.7653511 0.8202652 0.8880757 0.8475994 0.8370734 0.8616225 0.8510144 0.8583220 0.8096791 0.8573983 0.8207247 0.8122634 0.7935431 0.7882124 0.8603288 1.1086622 0.8793413 0.8198211 0.8828289 0.8677337 0.7845174 0.7863869 0.7543819 0.7269361 0.6696305 0.7930040 0.6408104 0.5746961 0.5005246 0.4789495 0.6531113 0.4592978 0.4500966 0.4995605 0.5533170 1.9349821 2.0323636 2.0562537 2.8548355 
G.NG.92.92NG083_JV10832.U88826         0.5192730 0.5766262 0.5225449 0.0000000 0.3495745 0.3899822 0.3919249 0.6610930 0.6461965 0.6952024 0.6760904 0.6340524 0.6206762 0.6930612 0.9345294 0.9065578 0.9828101 0.9315115 0.9426790 0.9711027 0.9551922 0.8976513 0.9584334 0.9758098 1.0516516 1.0715790 0.8855699 0.9141662 0.9164677 0.9021897 0.8969208 0.6729010 0.7325447 0.7475118 0.7763929 0.8927672 0.7644892 0.7742049 0.8367996 0.7542953 0.7513029 0.8593913 0.9679265 0.6582545 0.6445187 0.5934613 0.5559715 0.8931912 0.8910020 0.9416347 0.9597333 0.9330048 0.9994207 0.9547369 0.8836366 0.9360300 0.9074539 0.9253927 0.9125438 0.9609033 0.9029345 0.8361117 0.9069626 0.9827142 0.9433264 0.9059407 0.9479988 0.9308902 0.9239653 0.9041276 0.9507527 0.9187514 0.8834668 0.8876563 0.8406966 0.9470180 1.2131742 0.9904564 0.9104895 0.9558380 0.9441585 0.8727704 0.8568773 0.8302187 0.7755089 0.7342293 0.8557916 0.7164031 0.6442615 0.5691199 0.5494130 0.7331940 0.5452481 0.5302220 0.5620794 0.6302598 2.0744977 2.0934256 2.0851789 2.9039630 
G.NG.09.09NG010261.KX389626            0.5690298 0.6290827 0.5904732 0.3495745 0.0000000 0.4475424 0.4679786 0.7175625 0.7109921 0.7382639 0.7438642 0.6855035 0.6872679 0.7608819 1.0455708 0.9686780 1.0740876 1.0105645 1.0317619 1.0398406 1.0531975 0.9886325 1.0338179 1.0755515 1.1385196 1.1392824 0.9580983 0.9804903 0.9563274 0.9621544 0.9814239 0.7560946 0.7887700 0.7966884 0.8378697 0.9686897 0.8181441 0.8342306 0.9105050 0.8078001 0.8170291 0.9154867 1.0200297 0.7109328 0.6885997 0.6461513 0.6101729 0.9352920 0.9338756 0.9629724 1.0051222 0.9948156 1.0302256 1.0210468 0.9267413 0.9931748 0.9649369 0.9764986 0.9655620 0.9637616 0.9507244 0.8863749 0.9565116 1.0329374 0.9683868 0.9426037 0.9753361 0.9793002 0.9730442 0.9444590 0.9811737 0.9523768 0.9302982 0.9298403 0.9370148 0.9761761 1.2402796 1.0036350 0.9284775 0.9920002 0.9736829 0.9073207 0.9030266 0.9003120 0.8337429 0.7821598 0.9003181 0.7598731 0.6919717 0.6328456 0.6072509 0.7638802 0.5890255 0.5881588 0.6244022 0.6874994 2.0934923 2.1238171 2.0793216 2.9301337 
01F2G.CM.02.LT31.JN864056              0.5984595 0.6589678 0.6089212 0.3899822 0.4475424 0.0000000 0.4007833 0.7368258 0.7287704 0.7662087 0.7736051 0.7102296 0.6959200 0.8007798 1.0762669 0.9848211 1.0743529 1.0324674 1.0194656 1.0526639 1.0722963 0.9786273 1.0652066 1.0949251 1.1435013 1.1639722 0.9822940 1.0048697 1.0022109 0.9675460 0.9745841 0.7511900 0.8255763 0.8359046 0.8584265 0.9872052 0.8510788 0.8550846 0.9303265 0.8424538 0.8406656 0.9554266 1.0318023 0.7249617 0.7303235 0.6762674 0.6325624 0.9788405 0.9811381 1.0053850 1.0403676 1.0291418 1.0654380 1.0449852 0.9779243 1.0184442 0.9965845 1.0265900 0.9973108 0.9931665 0.9752952 0.9098970 0.9817560 1.0305476 1.0355684 0.9840622 1.0268763 1.0098230 0.9995967 0.9790579 1.0050197 1.0024732 0.9854739 0.9740040 0.9582019 1.0320268 1.3005193 1.0671878 0.9721607 1.0256690 1.0277708 0.9321646 0.9436987 0.9201315 0.8616583 0.8278266 0.9670887 0.7859799 0.7223443 0.6578906 0.6463835 0.8148760 0.6269592 0.6207269 0.6536893 0.6985341 2.1481528 2.1819378 2.2115987 2.9520170 
BCG.ES.15.100_119.KY496623             0.6281366 0.6726893 0.6141611 0.3919249 0.4679786 0.4007833 0.0000000 0.7552920 0.7274709 0.7943161 0.7687485 0.7292944 0.7316564 0.7942952 1.0412681 1.0091884 1.0705033 1.0315887 1.0263125 1.0765916 1.0399112 0.9928910 1.0476785 1.0803417 1.1449347 1.1550346 0.9925423 1.0064524 1.0204323 0.9661271 1.0008154 0.7809002 0.8158973 0.8409027 0.8779682 0.9957861 0.8407335 0.8659062 0.9237183 0.8387016 0.8546902 0.9648986 1.0648346 0.7463508 0.7156578 0.6886796 0.6540873 0.9914630 0.9949159 1.0430950 1.0786494 1.0427576 1.0943972 1.0466462 0.9700603 1.0220657 0.9943526 1.0167672 0.9909613 1.0085317 0.9818650 0.9135959 0.9671526 1.0830523 1.0370296 0.9691371 1.0152408 1.0199394 1.0149245 0.9980440 1.0189942 0.9876437 0.9856183 0.9658268 0.9609769 1.0457616 1.2595928 1.0888199 0.9877211 1.0621988 1.0430225 0.9693594 0.9531761 0.9460406 0.8819734 0.8359690 0.9420198 0.7979172 0.7491686 0.6783681 0.6584865 0.8100638 0.6310042 0.6267667 0.6624138 0.7177668 2.2078008 2.2228520 2.2005297 2.9073572 
A1.KE.06.06KECst_028.FJ623479          0.5577746 0.6113643 0.5844325 0.6610930 0.7175625 0.7368258 0.7552920 0.0000000 0.3229878 0.4042142 0.4320499 0.3780307 0.3966279 0.4869213 0.7493672 0.7212182 0.7815616 0.7227947 0.7205830 0.7482073 0.7399018 0.6951525 0.7342949 0.8018842 0.8617071 0.8368079 0.6808976 0.6971676 0.7165707 0.6833954 0.6921282 0.4617039 0.5746759 0.5679880 0.6090461 0.7745700 0.5828749 0.6012132 0.6892048 0.5878810 0.6071983 0.7161760 0.7971752 0.4977680 0.4740825 0.4361873 0.4989388 0.8680043 0.8808876 0.9151997 0.9255121 0.9218341 0.9915483 0.9252867 0.8457025 0.9132561 0.8857337 0.8783675 0.8987172 0.9034183 0.8682167 0.8162340 0.8849866 0.9474744 0.9410886 0.8767728 0.9163242 0.8813886 0.9189040 0.8692698 0.9011713 0.9027345 0.8584734 0.8614013 0.8540891 0.9121237 1.1758533 0.9541498 0.8597821 0.9472610 0.8951091 0.8403491 0.8565192 0.8013903 0.7597019 0.7136497 0.8396573 0.7011245 0.6793771 0.6191767 0.5930121 0.7569892 0.5645213 0.5761693 0.6141344 0.6598893 2.0454432 2.1421474 2.0139465 2.9547093 
A1.KE.06.06KECst_013.FJ623485          0.5452637 0.6069264 0.5720917 0.6461965 0.7109921 0.7287704 0.7274709 0.3229878 0.0000000 0.3947935 0.4182699 0.3676225 0.3902710 0.4747833 0.7279092 0.6816106 0.7649040 0.7248359 0.7168575 0.7379900 0.7253153 0.7021918 0.7377507 0.8003891 0.8653114 0.8487355 0.6751478 0.7093560 0.7266933 0.6642199 0.6809589 0.4451322 0.5590194 0.5787482 0.6166706 0.7631309 0.5941433 0.6080979 0.6726986 0.5806281 0.6145658 0.7279018 0.8111874 0.4738126 0.4758333 0.4157475 0.4938163 0.8575882 0.8873964 0.9138035 0.9285902 0.9359772 0.9853827 0.9349400 0.8543600 0.9282091 0.9022573 0.8839940 0.8942566 0.9048174 0.8628218 0.8220007 0.8697903 0.9662424 0.9143617 0.8955487 0.9071739 0.8731687 0.9027560 0.8700345 0.9069278 0.8755178 0.8675961 0.8503775 0.8476266 0.9306679 1.1678214 0.9345116 0.8606476 0.9340952 0.8968165 0.8245815 0.8319062 0.7991593 0.7533905 0.7273728 0.8248504 0.6862516 0.6665743 0.6143812 0.5834641 0.7617060 0.5584919 0.5567198 0.6176318 0.6347630 2.0926048 2.1553553 2.0987646 2.9942915 
35_AD.AF.06.007H.GQ477450              0.5674462 0.6239750 0.6090906 0.6952024 0.7382639 0.7662087 0.7943161 0.4042142 0.3947935 0.0000000 0.4457831 0.3995063 0.4106177 0.4948145 0.7628218 0.7162065 0.7841882 0.7530676 0.7616315 0.7737650 0.7609509 0.7160409 0.7716884 0.8385100 0.8979587 0.8477599 0.6930246 0.7499646 0.7421242 0.7100075 0.7022434 0.4625232 0.5768833 0.5825329 0.6152039 0.7928718 0.6014936 0.6074198 0.6970854 0.6021252 0.6184736 0.7232104 0.8045132 0.5057734 0.4904198 0.4388450 0.5138939 0.8585797 0.8889331 0.9214824 0.9692296 0.9494005 1.0111379 0.9293566 0.8708061 0.9149834 0.8999263 0.9075122 0.9297423 0.9129876 0.8912285 0.8354784 0.9028964 0.9711041 0.9164028 0.9011980 0.9258855 0.9124973 0.9372133 0.8925548 0.9345786 0.9367350 0.8934375 0.8874601 0.8716773 0.9395650 1.1927137 0.9546487 0.8931064 0.9846067 0.9256527 0.8615836 0.8718178 0.8202637 0.7826993 0.7503901 0.8748200 0.7254590 0.6859872 0.6151631 0.5925094 0.7672284 0.5945565 0.5835737 0.6387869 0.6729100 2.0763647 2.1121590 2.0510618 2.9854579 
A1.CY.07.CY208.JF683760                0.5703521 0.6312034 0.5912144 0.6760904 0.7438642 0.7736051 0.7687485 0.4320499 0.4182699 0.4457831 0.0000000 0.2433781 0.4235135 0.4996842 0.7620859 0.7358358 0.7986633 0.7548957 0.7643725 0.7670010 0.7463904 0.7273730 0.7745750 0.8406192 0.8949914 0.8694362 0.7035353 0.7418525 0.7613423 0.7081675 0.7278136 0.4774920 0.5878534 0.5857179 0.6365149 0.7813875 0.6149586 0.6179552 0.6956881 0.6140388 0.6271742 0.7375624 0.8235590 0.5089840 0.4903059 0.4664753 0.5121395 0.8686399 0.8894378 0.9051871 0.9431984 0.9201510 0.9643221 0.9385973 0.8701129 0.9272657 0.8895209 0.8862246 0.9051861 0.9097899 0.8829177 0.8295941 0.8823094 0.9627445 0.9220233 0.8771042 0.9086036 0.8975036 0.8969533 0.8788048 0.9267591 0.8677422 0.8729208 0.8587811 0.8433354 0.9230573 1.1760314 0.9529043 0.8785089 0.9241119 0.8964780 0.8438348 0.8556599 0.8249500 0.7830127 0.7477497 0.8558380 0.7171078 0.6746027 0.6275208 0.5805505 0.7754222 0.5858259 0.5852459 0.6092756 0.6815380 2.1250672 2.2169575 2.1017035 2.9015450 
A1.CY.05.CY051.FJ388903                0.5165713 0.5787486 0.5395003 0.6340524 0.6855035 0.7102296 0.7292944 0.3780307 0.3676225 0.3995063 0.2433781 0.0000000 0.3666364 0.4558599 0.6963238 0.6833456 0.7707785 0.6866820 0.7125786 0.7090403 0.7057646 0.6592790 0.7074025 0.7721341 0.8356479 0.8060268 0.6564907 0.6943064 0.7007081 0.6511085 0.6819804 0.4258739 0.5270777 0.5361345 0.5830442 0.7075446 0.5515066 0.5607767 0.6308369 0.5565312 0.5643201 0.6851268 0.7640717 0.4584931 0.4362501 0.4017187 0.4667805 0.8384358 0.8457907 0.8698290 0.9015764 0.8692066 0.9438327 0.9012592 0.8423621 0.8809627 0.8549338 0.8635716 0.8606324 0.8636144 0.8239773 0.7946063 0.8419663 0.9099701 0.8878202 0.8548766 0.8821471 0.8632479 0.8812631 0.8417515 0.8897748 0.8441856 0.8458582 0.8277209 0.8217892 0.9037494 1.1345153 0.9123636 0.8307340 0.8865060 0.8613489 0.8203908 0.8080970 0.7914009 0.7401564 0.6950486 0.7767637 0.6743406 0.6336892 0.5833725 0.5468322 0.7322429 0.5342198 0.5323841 0.5653993 0.6148386 2.0158085 2.0449724 2.0454991 2.8882776 
A1.UG.11.DEMA110UG001.KF859745         0.5183658 0.5799998 0.5307361 0.6206762 0.6872679 0.6959200 0.7316564 0.3966279 0.3902710 0.4106177 0.4235135 0.3666364 0.0000000 0.4592485 0.7295765 0.6810554 0.7600835 0.6884367 0.6959965 0.7103279 0.7157363 0.6641682 0.7228433 0.7833920 0.8405564 0.8312559 0.6581236 0.6815124 0.6949269 0.6640040 0.6751270 0.4269437 0.5465982 0.5539166 0.6011815 0.7522134 0.5682086 0.5830481 0.6536719 0.5595634 0.5919808 0.6928635 0.7804169 0.4626419 0.4523996 0.3991399 0.4578602 0.8281445 0.8457952 0.8795908 0.8892267 0.8875088 0.9232638 0.8766074 0.8126707 0.8505034 0.8546278 0.8648817 0.8358833 0.8659095 0.8341102 0.7904146 0.8524072 0.9183503 0.8785034 0.8337110 0.8768001 0.8539407 0.8643071 0.8479497 0.8777478 0.8547026 0.8348855 0.8215439 0.8102952 0.8728270 1.1526364 0.9053861 0.8245877 0.8831760 0.8785396 0.7913050 0.7992164 0.7670013 0.7359833 0.6715288 0.8173160 0.6741481 0.6213366 0.5601679 0.5403818 0.7217240 0.5309757 0.5267414 0.5732811 0.6171769 2.0171941 2.0950845 2.0114324 3.0054056 
A1C.UG.99.99UGF25926.AF484491          0.5816469 0.6382151 0.6235359 0.6930612 0.7608819 0.8007798 0.7942952 0.4869213 0.4747833 0.4948145 0.4996842 0.4558599 0.4592485 0.0000000 0.6159750 0.5825035 0.6698791 0.6311347 0.6379139 0.6457606 0.6389737 0.6004535 0.6367336 0.6891472 0.7477662 0.7452552 0.5737500 0.6242514 0.6200425 0.5573398 0.6055257 0.4844638 0.5996213 0.6128017 0.6425428 0.8045771 0.6321983 0.6418360 0.7067691 0.6272348 0.6435545 0.7507130 0.8255238 0.5172639 0.5070809 0.4713474 0.5477301 0.9010982 0.9397639 0.9645215 0.9750356 0.9707194 1.0241748 0.9579514 0.8908722 0.9477349 0.9318589 0.9377784 0.9154370 0.9600303 0.9068918 0.8629732 0.9148013 0.9859250 0.9487677 0.9182006 0.9395097 0.9214514 0.9382879 0.9252282 0.9591069 0.9291686 0.9056076 0.8997418 0.8821435 0.9545316 1.2528906 0.9670621 0.8933036 0.9494037 0.9515384 0.8738874 0.9025505 0.8381250 0.8016512 0.7537053 0.8894227 0.7271355 0.7183603 0.6405154 0.6216969 0.7683096 0.6047075 0.5849565 0.6365380 0.6921827 2.0764128 2.1329705 2.1456657 2.9649416 
A1C.IN.15.SC017.KY713232               0.8426347 0.9155898 0.8940804 0.9345294 1.0455708 1.0762669 1.0412681 0.7493672 0.7279092 0.7628218 0.7620859 0.6963238 0.7295765 0.6159750 0.0000000 0.6445983 0.7003102 0.6443705 0.6762456 0.6863362 0.6671325 0.6408325 0.6852139 0.7365866 0.7926962 0.7966299 0.5920103 0.6431018 0.6531006 0.5974222 0.6252617 0.7330502 0.8648517 0.8736447 0.9186975 1.0588845 0.8832235 0.8948887 0.9437905 0.8944500 0.8969392 1.0235781 1.0811093 0.7820525 0.7722906 0.7374420 0.8083523 1.1645890 1.1666679 1.2099132 1.2434241 1.2038051 1.3052310 1.2367768 1.1530641 1.2108381 1.1997170 1.1764822 1.1739795 1.1890308 1.1925715 1.1417549 1.1781998 1.2370120 1.2044603 1.1915737 1.2043134 1.1946164 1.1897918 1.1601319 1.2149405 1.1540481 1.1613037 1.1470160 1.1475124 1.2056793 1.4826300 1.2335824 1.1660141 1.2221446 1.1915888 1.1478628 1.1483418 1.0876105 1.0646371 1.0184421 1.1465255 0.9846450 0.9849603 0.9012269 0.8765453 1.0329554 0.8630206 0.8700056 0.8983176 0.9635530 2.2177182 2.3376441 2.3369785 3.2656673 
C.IL.99.99ET14.AY255825                0.7887311 0.8463160 0.8303221 0.9065578 0.9686780 0.9848211 1.0091884 0.7212182 0.6816106 0.7162065 0.7358358 0.6833456 0.6810554 0.5825035 0.6445983 0.0000000 0.4487233 0.4204248 0.4427927 0.4648189 0.4406884 0.3954660 0.4471016 0.5211014 0.5749463 0.5448768 0.3737526 0.4210286 0.4191566 0.3794147 0.3915953 0.7018455 0.8244199 0.8503381 0.8629632 1.0349854 0.8477128 0.8498241 0.9338066 0.8524251 0.8579849 0.9834560 1.0495237 0.7432928 0.7401345 0.7024503 0.7691450 1.1095678 1.1286313 1.1637224 1.1883748 1.1985814 1.2589705 1.1912069 1.1169313 1.1786061 1.1432146 1.1608223 1.1155003 1.1778054 1.1468795 1.0877578 1.1539462 1.2253529 1.2017947 1.1347039 1.1721341 1.1629482 1.1762379 1.1698956 1.1543211 1.1514541 1.1620108 1.1047764 1.1364594 1.1729205 1.4502870 1.2138412 1.1309825 1.2016623 1.1949201 1.1156775 1.1149541 1.0761328 1.0578994 1.0045324 1.1196097 0.9454102 0.9333810 0.8492593 0.8373097 1.0193378 0.8186765 0.8129904 0.8516483 0.9222483 2.2933824 2.3597163 2.2891205 3.1499533 
C.SE.09.035ZA.MF373148                 0.8586899 0.9140658 0.8972785 0.9828101 1.0740876 1.0743529 1.0705033 0.7815616 0.7649040 0.7841882 0.7986633 0.7707785 0.7600835 0.6698791 0.7003102 0.4487233 0.0000000 0.4977359 0.5055734 0.5252599 0.4966107 0.4812087 0.5068969 0.5952808 0.6377082 0.6095344 0.4467714 0.4857438 0.4968017 0.4519880 0.4611465 0.7915322 0.8994399 0.9128125 0.9339660 1.0929596 0.9286523 0.9323836 0.9988896 0.9346055 0.9222396 1.0536829 1.1278389 0.8189236 0.8123736 0.7756930 0.8187400 1.1886612 1.2030819 1.2716929 1.2892272 1.2807096 1.3181418 1.2737801 1.1890267 1.2277009 1.2430217 1.2266807 1.2095174 1.2488890 1.2310292 1.1625704 1.1974928 1.3234284 1.2919107 1.2384058 1.2437522 1.2399352 1.2454078 1.2289258 1.2738146 1.2137936 1.2084434 1.1992364 1.2038866 1.2619665 1.4723298 1.2632890 1.2152853 1.2568051 1.2659841 1.1901968 1.2196319 1.1298902 1.1084023 1.0747289 1.2043579 1.0449498 1.0486938 0.9457300 0.9098402 1.0881324 0.9099537 0.8998153 0.9261059 0.9838120 2.3744126 2.4697867 2.3902535 3.2711023 
C.ZA.04.04ZASK135B1.DQ011166           0.7933316 0.8708587 0.8562802 0.9315115 1.0105645 1.0324674 1.0315887 0.7227947 0.7248359 0.7530676 0.7548957 0.6866820 0.6884367 0.6311347 0.6443705 0.4204248 0.4977359 0.0000000 0.3178381 0.3383013 0.3684013 0.3400436 0.3823827 0.4571875 0.5086080 0.4756095 0.3357947 0.4153396 0.4166741 0.3689849 0.3883583 0.7284926 0.8492269 0.8673218 0.8852909 1.0443312 0.8781666 0.8683445 0.9479578 0.8614880 0.8731992 1.0118801 1.0797638 0.7698785 0.7627640 0.7207385 0.7933760 1.1042011 1.1435268 1.2115145 1.2111324 1.2119249 1.2274213 1.2007036 1.1173751 1.1608441 1.1445377 1.1652631 1.1152774 1.1806213 1.1297578 1.0732165 1.1478846 1.2095409 1.2145137 1.1593036 1.1891444 1.1957924 1.2083452 1.1490410 1.1713431 1.1698956 1.1420672 1.1150245 1.1420188 1.1769246 1.4353784 1.2353337 1.1270298 1.1605011 1.1812697 1.1304870 1.1031896 1.1002998 1.0576594 0.9979129 1.1400340 0.9725862 0.9488827 0.8731494 0.8504918 1.0117177 0.8428940 0.8197977 0.8557283 0.9236762 2.2496262 2.3730169 2.2913621 3.2607667 
C.ZA.03.03ZAPS130MB1.DQ275658          0.8199690 0.8985130 0.8672283 0.9426790 1.0317619 1.0194656 1.0263125 0.7205830 0.7168575 0.7616315 0.7643725 0.7125786 0.6959965 0.6379139 0.6762456 0.4427927 0.5055734 0.3178381 0.0000000 0.2823707 0.3754229 0.3404737 0.3915910 0.4639152 0.5236156 0.4988783 0.3433402 0.4220149 0.4256099 0.3852853 0.3962710 0.7398152 0.8585899 0.8709094 0.9010140 1.0505173 0.8673320 0.8675650 0.9612644 0.8899851 0.8815048 1.0032906 1.0983116 0.7675311 0.7762647 0.7351156 0.7833312 1.1209374 1.1900629 1.1844905 1.2235329 1.2229305 1.2467947 1.2221416 1.1521219 1.1888055 1.1901465 1.1631995 1.1475193 1.1781651 1.1669018 1.1021539 1.1746721 1.2647199 1.2464554 1.2123911 1.2050785 1.1856897 1.2091386 1.1716290 1.2007253 1.1896820 1.1773293 1.1546989 1.1628660 1.1962403 1.4832186 1.2486836 1.1675354 1.2201470 1.1912242 1.1521156 1.1459277 1.0834851 1.0482407 1.0193649 1.1482660 0.9868921 0.9766323 0.9013941 0.8508790 1.0171728 0.8717945 0.8342647 0.8776211 0.9487373 2.3066473 2.4308414 2.3440219 3.2709305 
C.ZA.97.97ZA012.AF286227               0.8328336 0.8857378 0.8900821 0.9711027 1.0398406 1.0526639 1.0765916 0.7482073 0.7379900 0.7737650 0.7670010 0.7090403 0.7103279 0.6457606 0.6863362 0.4648189 0.5252599 0.3383013 0.2823707 0.0000000 0.3896027 0.3694177 0.4070197 0.4937930 0.5268159 0.5180745 0.3649724 0.4484980 0.4500290 0.4113674 0.4065752 0.7501795 0.8943330 0.9068606 0.9041338 1.1064094 0.9006055 0.8998991 0.9896948 0.9030139 0.9169136 1.0346146 1.1144312 0.7922459 0.7902549 0.7450045 0.8082265 1.1478728 1.2010195 1.2215915 1.2266362 1.2618402 1.2743073 1.2042872 1.1594884 1.2101285 1.1913051 1.1910280 1.1849521 1.2123425 1.2039949 1.1175075 1.1668366 1.2673097 1.2469254 1.2012255 1.2385519 1.2375493 1.2314845 1.2109781 1.2057991 1.2167951 1.1804195 1.1680632 1.1743575 1.2182628 1.5005660 1.2552956 1.1604598 1.2438016 1.1998674 1.1356889 1.1787323 1.1056883 1.0622781 1.0081304 1.1468279 0.9636036 1.0008911 0.9240074 0.8911615 1.0631684 0.8694130 0.8634058 0.8926726 0.9530510 2.2965000 2.4263484 2.4337638 3.2502653 
C.BW.98.98BWMC14A3.AF443078            0.8392810 0.8909326 0.8797976 0.9551922 1.0531975 1.0722963 1.0399112 0.7399018 0.7253153 0.7609509 0.7463904 0.7057646 0.7157363 0.6389737 0.6671325 0.4406884 0.4966107 0.3684013 0.3754229 0.3896027 0.0000000 0.3418505 0.3837275 0.4609236 0.5243982 0.5082038 0.3420935 0.4260062 0.4220038 0.3856108 0.3995298 0.7581175 0.8771053 0.8874476 0.9467463 1.0579500 0.9058462 0.8962368 0.9941507 0.9073333 0.9295759 1.0231565 1.0711954 0.7977039 0.7894615 0.7568713 0.8034082 1.1875632 1.2158913 1.2081278 1.2518103 1.2530463 1.2985802 1.2464906 1.1846375 1.2379925 1.2047717 1.2309570 1.1804428 1.2419928 1.2120611 1.1557362 1.1912036 1.2596777 1.2298186 1.2130661 1.2290598 1.2081855 1.2320410 1.1889950 1.2431208 1.2269643 1.1842839 1.1732725 1.1969753 1.2464082 1.4814015 1.2787358 1.1858373 1.2318468 1.2402936 1.1560383 1.1870740 1.1007893 1.0691346 1.0385354 1.1491171 1.0292540 0.9888346 0.9083764 0.8885529 1.0272232 0.8558671 0.8435333 0.8913579 0.9493543 2.2956278 2.3819575 2.2714485 3.1264954 
C.ZA.99.99ZALT4.EU293444               0.7943055 0.8736923 0.8267104 0.8976513 0.9886325 0.9786273 0.9928910 0.6951525 0.7021918 0.7160409 0.7273730 0.6592790 0.6641682 0.6004535 0.6408325 0.3954660 0.4812087 0.3400436 0.3404737 0.3694177 0.3418505 0.0000000 0.3056551 0.4270651 0.4753012 0.4555618 0.2997042 0.3913085 0.3923040 0.3454441 0.3496474 0.7135227 0.8118552 0.8473592 0.8717600 1.0072394 0.8551135 0.8645789 0.9356391 0.8697436 0.8724146 0.9723334 1.0474847 0.7392229 0.7330659 0.6890711 0.7624651 1.0822746 1.1068692 1.1782279 1.1789896 1.1756220 1.2348503 1.1847771 1.0812093 1.1614450 1.1490207 1.1654293 1.1229034 1.1507465 1.1198223 1.0594070 1.1076070 1.2089805 1.1628134 1.1564895 1.1756594 1.1462991 1.1560067 1.1076610 1.1435201 1.1009780 1.1022662 1.1034758 1.1029622 1.1582241 1.4434809 1.1927647 1.1049061 1.1561185 1.1404417 1.0906349 1.0923467 1.0575010 1.0193978 0.9957614 1.1032507 0.9237752 0.9524091 0.8647777 0.8246497 1.0020504 0.8359360 0.8161823 0.8591598 0.9378290 2.2685167 2.3688307 2.2567498 3.1454479 
C.ZA.02.02ZAPS015MB1.DQ369995          0.8419260 0.8958880 0.8842042 0.9584334 1.0338179 1.0652066 1.0476785 0.7342949 0.7377507 0.7716884 0.7745750 0.7074025 0.7228433 0.6367336 0.6852139 0.4471016 0.5068969 0.3823827 0.3915910 0.4070197 0.3837275 0.3056551 0.0000000 0.4771489 0.5281899 0.4968255 0.3572071 0.4462487 0.4275743 0.3945218 0.4099415 0.7570877 0.8543371 0.8644064 0.9001222 1.0509825 0.8894557 0.8973939 0.9683666 0.8824397 0.9012507 1.0179797 1.0867318 0.7850296 0.7997646 0.7353819 0.8223598 1.1328726 1.1511713 1.1965167 1.2271703 1.2185887 1.2709516 1.2001016 1.1270778 1.1973977 1.1847675 1.1710917 1.1588227 1.1832529 1.1749034 1.1112906 1.1604223 1.2436093 1.2160234 1.1894170 1.1813764 1.1771115 1.1985600 1.1721647 1.2046449 1.1613648 1.1809332 1.1469397 1.1592112 1.2198488 1.4933115 1.2532712 1.1393546 1.2163364 1.1748727 1.1351570 1.1271090 1.0985767 1.0754810 1.0128046 1.1636170 0.9890424 1.0051001 0.9051374 0.8645487 1.0570717 0.8727840 0.8783443 0.9076120 0.9804682 2.3814087 2.4520396 2.2897066 3.2950025 
C.GB.14.13659_1_48.3.MF109437          0.8770243 0.9676366 0.9391940 0.9758098 1.0755515 1.0949251 1.0803417 0.8018842 0.8003891 0.8385100 0.8406192 0.7721341 0.7833920 0.6891472 0.7365866 0.5211014 0.5952808 0.4571875 0.4639152 0.4937930 0.4609236 0.4270651 0.4771489 0.0000000 0.5634504 0.5284971 0.4096387 0.4983369 0.5057799 0.4706963 0.4729801 0.7937191 0.9289173 0.9388965 0.9624800 1.1297270 0.9592816 0.9495825 1.0401268 0.9456689 0.9621480 1.0826966 1.1672868 0.8735020 0.8597149 0.7994569 0.8611089 1.2073715 1.2575317 1.2962534 1.2867779 1.3060261 1.3425517 1.2757298 1.2050231 1.2616949 1.2488597 1.2720933 1.2414673 1.2461387 1.2272520 1.1693015 1.2332533 1.3288064 1.2901105 1.2229168 1.2856156 1.2679552 1.2797709 1.2488113 1.2882200 1.2602343 1.2270181 1.2237514 1.1971310 1.2769472 1.5720476 1.3239941 1.2223624 1.2871290 1.2732271 1.2050850 1.2393060 1.1761329 1.1381497 1.0852243 1.2342947 1.0745953 1.0275409 0.9472013 0.9256525 1.0894354 0.9213350 0.9194987 0.9325824 1.0267893 2.4013079 2.4107388 2.4363670 3.3044914 
BC.CN.07.07CNYN340.KF835526            0.9570992 1.0401896 1.0041057 1.0516516 1.1385196 1.1435013 1.1449347 0.8617071 0.8653114 0.8979587 0.8949914 0.8356479 0.8405564 0.7477662 0.7926962 0.5749463 0.6377082 0.5086080 0.5236156 0.5268159 0.5243982 0.4753012 0.5281899 0.5634504 0.0000000 0.4069783 0.4791694 0.5580010 0.5749072 0.5225304 0.5297433 0.8624295 0.9720695 0.9979847 1.0272224 1.1928350 1.0004549 1.0088619 1.0917886 1.0123244 1.0152533 1.1758091 1.2164338 0.9032123 0.9070250 0.8512444 0.9068128 1.2656817 1.2762371 1.2899602 1.3277901 1.3383216 1.3683213 1.3303769 1.2445377 1.3193165 1.3091526 1.3249819 1.2718942 1.2770984 1.2704601 1.1996828 1.2649157 1.3926262 1.3246149 1.2853355 1.3080553 1.3114788 1.3270485 1.3032023 1.3138803 1.2791308 1.2646184 1.2925421 1.2795905 1.3444951 1.6131343 1.3713658 1.2928430 1.3497987 1.2861286 1.2384272 1.2249596 1.2140388 1.1897495 1.1398957 1.2944611 1.1228198 1.1105478 1.0480231 0.9997514 1.1767590 1.0124672 1.0000821 1.0118173 1.0781497 2.4397517 2.5706495 2.5022727 3.3483367 
85_BC.CN.14.14CN_SCYB4.KU992932        0.9337922 1.0148503 0.9824133 1.0715790 1.1392824 1.1639722 1.1550346 0.8368079 0.8487355 0.8477599 0.8694362 0.8060268 0.8312559 0.7452552 0.7966299 0.5448768 0.6095344 0.4756095 0.4988783 0.5180745 0.5082038 0.4555618 0.4968255 0.5284971 0.4069783 0.0000000 0.4538786 0.5362412 0.5280030 0.4839927 0.5036064 0.8543796 0.9697835 1.0004030 1.0062050 1.1766769 0.9826661 1.0089777 1.0999576 1.0074690 1.0186478 1.1333645 1.2266776 0.8924377 0.8830730 0.8417268 0.9115311 1.2346770 1.2572068 1.3112705 1.2824352 1.2948613 1.3649201 1.3219466 1.2198435 1.2641170 1.2353215 1.2964543 1.2091286 1.2734353 1.2637861 1.1923468 1.2385883 1.3099238 1.3144291 1.2804795 1.2796594 1.2609082 1.2778452 1.2509369 1.2861033 1.2512892 1.2488509 1.2467663 1.2553431 1.3124711 1.5990951 1.3157240 1.2635784 1.3082554 1.2687323 1.2264732 1.2171152 1.2234387 1.2080208 1.1314542 1.2948405 1.1160931 1.0880069 1.0229764 1.0032308 1.1819835 0.9864113 0.9730690 1.0104207 1.0601391 2.4042799 2.5304499 2.4600697 3.3593699 
C.BW.00.00BW076820.AF443089            0.7624019 0.8460456 0.8111593 0.8855699 0.9580983 0.9822940 0.9925423 0.6808976 0.6751478 0.6930246 0.7035353 0.6564907 0.6581236 0.5737500 0.5920103 0.3737526 0.4467714 0.3357947 0.3433402 0.3649724 0.3420935 0.2997042 0.3572071 0.4096387 0.4791694 0.4538786 0.0000000 0.3623741 0.3681085 0.3263728 0.3430727 0.6886265 0.7905355 0.8351551 0.8654804 1.0090046 0.8456206 0.8402349 0.9167771 0.8271471 0.8516046 0.9632634 1.0468593 0.7213905 0.7276660 0.6790131 0.7450260 1.0669583 1.0956276 1.1165011 1.1774132 1.1638541 1.1980368 1.1466105 1.0564979 1.1172571 1.0996504 1.1163674 1.0708070 1.1064302 1.1079941 1.0345267 1.1012185 1.1797635 1.1293824 1.1097003 1.1286172 1.1360052 1.1276675 1.1030222 1.1186747 1.1209023 1.0922708 1.0846236 1.0878961 1.1659356 1.4122614 1.1771535 1.0920610 1.1421279 1.1425948 1.0795416 1.0885864 1.0305200 1.0278103 0.9595113 1.0807702 0.9094446 0.9249768 0.8452814 0.8052753 0.9614803 0.7923632 0.7787834 0.8227262 0.8947427 2.2410174 2.2926552 2.2410361 3.1335586 
C.ZA.04.04ZASK170B1.DQ093595           0.8048859 0.8649584 0.8520760 0.9141662 0.9804903 1.0048697 1.0064524 0.6971676 0.7093560 0.7499646 0.7418525 0.6943064 0.6815124 0.6242514 0.6431018 0.4210286 0.4857438 0.4153396 0.4220149 0.4484980 0.4260062 0.3913085 0.4462487 0.4983369 0.5580010 0.5362412 0.3623741 0.0000000 0.3456737 0.2991080 0.3416260 0.7093970 0.8320285 0.8683029 0.8780574 1.0415802 0.8687550 0.8619902 0.9445519 0.8509405 0.8702015 1.0014489 1.0423982 0.7664735 0.7490333 0.7077039 0.7627293 1.1124506 1.1305695 1.1810231 1.1833150 1.1848531 1.2703421 1.1899469 1.0816648 1.1786528 1.1546359 1.1662041 1.1470299 1.1698481 1.1305981 1.0886552 1.1231380 1.2226702 1.1880912 1.1479327 1.1534096 1.1586976 1.1695475 1.1294473 1.1596986 1.1564067 1.1454933 1.1217995 1.1401460 1.1949540 1.4239720 1.2055572 1.1288838 1.1823250 1.1765743 1.1034854 1.1127597 1.0607221 1.0151513 0.9918067 1.1124127 0.9487497 0.9425676 0.8589293 0.8351589 1.0195095 0.8324782 0.8324644 0.8598043 0.9397452 2.2763422 2.3672105 2.2956329 3.1559027 
C.TZ.02.CO6721.AY734560                0.8153555 0.8597066 0.8442155 0.9164677 0.9563274 1.0022109 1.0204323 0.7165707 0.7266933 0.7421242 0.7613423 0.7007081 0.6949269 0.6200425 0.6531006 0.4191566 0.4968017 0.4166741 0.4256099 0.4500290 0.4220038 0.3923040 0.4275743 0.5057799 0.5749072 0.5280030 0.3681085 0.3456737 0.0000000 0.2482574 0.3433813 0.7166371 0.8436910 0.8653242 0.8707898 1.0312672 0.8625099 0.8793613 0.9693875 0.8643193 0.8783711 0.9881138 1.0545569 0.7662341 0.7649737 0.7157787 0.7618086 1.1133352 1.1154043 1.1693716 1.1685741 1.1977990 1.2231073 1.1799512 1.0966348 1.1617910 1.1274806 1.1503500 1.1009560 1.1368194 1.1182398 1.0803829 1.1106079 1.2029741 1.1774955 1.1391927 1.1413324 1.1348087 1.1550127 1.1507172 1.1615002 1.1500317 1.1577168 1.1057099 1.1242197 1.1854840 1.4662180 1.2040594 1.1397314 1.1970436 1.1843958 1.0978158 1.0978776 1.0620967 1.0298662 0.9713843 1.1045284 0.9424485 0.9572342 0.8600866 0.8305360 0.9977908 0.8384336 0.8216370 0.8550884 0.9331680 2.3243340 2.3697902 2.3148482 3.2917061 
C.TZ.01.BD39_8.AY253313                0.7742448 0.8374611 0.8190673 0.9021897 0.9621544 0.9675460 0.9661271 0.6833954 0.6642199 0.7100075 0.7081675 0.6511085 0.6640040 0.5573398 0.5974222 0.3794147 0.4519880 0.3689849 0.3852853 0.4113674 0.3856108 0.3454441 0.3945218 0.4706963 0.5225304 0.4839927 0.3263728 0.2991080 0.2482574 0.0000000 0.3106575 0.6790027 0.7929991 0.8244180 0.8491993 0.9935067 0.8175356 0.8318707 0.9227352 0.8229111 0.8266730 0.9416439 1.0143282 0.7138688 0.7296904 0.6650870 0.7389534 1.0708265 1.0921637 1.1104834 1.1418040 1.1528208 1.1837466 1.1419441 1.0606599 1.1214354 1.1255286 1.1462803 1.0738929 1.1063330 1.0659764 1.0391627 1.0732879 1.1569252 1.1456236 1.1105187 1.1162642 1.1107668 1.1202530 1.1013210 1.1249323 1.1054519 1.1088992 1.0858056 1.0818580 1.1508043 1.4197029 1.1716138 1.0760436 1.1280025 1.1024623 1.0592140 1.0588405 1.0215867 0.9911802 0.9503713 1.0729785 0.9005463 0.9184917 0.8214658 0.8268205 0.9685691 0.7996255 0.8017315 0.8165022 0.8887640 2.2298394 2.3652727 2.2678939 3.1828413 
C.ZA.03.03ZAPS067MB2.DQ396389          0.7911886 0.8664364 0.8095525 0.8969208 0.9814239 0.9745841 1.0008154 0.6921282 0.6809589 0.7022434 0.7278136 0.6819804 0.6751270 0.6055257 0.6252617 0.3915953 0.4611465 0.3883583 0.3962710 0.4065752 0.3995298 0.3496474 0.4099415 0.4729801 0.5297433 0.5036064 0.3430727 0.3416260 0.3433813 0.3106575 0.0000000 0.7158891 0.8286019 0.8707690 0.8796817 1.0301315 0.8673229 0.8569194 0.9207471 0.8595876 0.8741614 0.9745566 1.0539275 0.7427501 0.7461362 0.6947054 0.7542742 1.0929807 1.1061677 1.1680351 1.1323605 1.1785743 1.2179184 1.1638102 1.0911770 1.1535767 1.1128431 1.1217317 1.0926104 1.1335675 1.1072101 1.0612688 1.1209377 1.1856390 1.1562357 1.1254844 1.1356219 1.1242288 1.1336076 1.1186199 1.1439771 1.1333751 1.1043371 1.0952178 1.1042275 1.1636344 1.4093876 1.1595853 1.1077584 1.1691509 1.1265155 1.0890854 1.1155737 1.0342385 1.0341926 0.9807709 1.1086289 0.9390316 0.9291903 0.8476918 0.8309058 1.0012874 0.8038255 0.8062499 0.8330582 0.9031849 2.2698936 2.3401656 2.2533280 3.1729108 
A1D.UG.99.99UGJ21953.AF484496          0.5763406 0.6005333 0.5787388 0.6729010 0.7560946 0.7511900 0.7809002 0.4617039 0.4451322 0.4625232 0.4774920 0.4258739 0.4269437 0.4844638 0.7330502 0.7018455 0.7915322 0.7284926 0.7398152 0.7501795 0.7581175 0.7135227 0.7570877 0.7937191 0.8624295 0.8543796 0.6886265 0.7093970 0.7166371 0.6790027 0.7158891 0.0000000 0.5915147 0.5936203 0.6330857 0.7860882 0.6096068 0.6230583 0.6975818 0.6038037 0.6277974 0.7407983 0.8032307 0.5072896 0.4862054 0.4541424 0.5095017 0.8851487 0.8846712 0.9370826 0.9536669 0.9265983 0.9574908 0.9262374 0.8612231 0.9169555 0.8967496 0.9040462 0.8988180 0.9254296 0.8871457 0.8346011 0.8964290 0.9599329 0.9164698 0.8903099 0.9242859 0.9090705 0.9314923 0.8769744 0.9347088 0.9201301 0.8924284 0.8734723 0.8591769 0.9349446 1.1835619 0.9505754 0.8891571 0.9411268 0.9212979 0.8446896 0.8549572 0.8274580 0.7952852 0.7323366 0.8686758 0.7002343 0.6879818 0.6319887 0.5810656 0.7691741 0.5744491 0.5669506 0.6161951 0.6602140 2.0572493 2.1223032 2.0875792 3.0287362 
01_AE.CN.02.YN0236.JX112866            0.6092659 0.6833962 0.6584672 0.7325447 0.7887700 0.8255763 0.8158973 0.5746759 0.5590194 0.5768833 0.5878534 0.5270777 0.5465982 0.5996213 0.8648517 0.8244199 0.8994399 0.8492269 0.8585899 0.8943330 0.8771053 0.8118552 0.8543371 0.9289173 0.9720695 0.9697835 0.7905355 0.8320285 0.8436910 0.7929991 0.8286019 0.5915147 0.0000000 0.1573488 0.2075966 0.3632866 0.2022391 0.2015392 0.2920492 0.2165040 0.2465119 0.4645712 0.5379371 0.4218391 0.5295061 0.4991920 0.5500462 0.9187644 0.9211804 0.9563689 0.9897780 0.9612585 1.0149874 0.9830141 0.9219687 0.9683902 0.9474364 0.9672440 0.9406663 0.9605898 0.8989866 0.8753055 0.9331871 1.0127338 0.9537387 0.9374775 1.0044997 0.9557524 1.0124233 0.9740614 0.9721605 0.9651459 0.9480727 0.9336385 0.9140782 0.9653007 1.2336103 1.0025746 0.9291837 0.9917505 0.9810329 0.8869940 0.9198758 0.8408093 0.8277681 0.7861286 0.9035560 0.7785256 0.7428749 0.6830930 0.6524683 0.8457225 0.6462025 0.6488657 0.6870917 0.7500322 2.1989222 2.2695897 2.2040269 3.1603117 
01_AE.TH.99.99TH_C4460.AY945726        0.6299900 0.6787547 0.6806520 0.7475118 0.7966884 0.8359046 0.8409027 0.5679880 0.5787482 0.5825329 0.5857179 0.5361345 0.5539166 0.6128017 0.8736447 0.8503381 0.9128125 0.8673218 0.8709094 0.9068606 0.8874476 0.8473592 0.8644064 0.9388965 0.9979847 1.0004030 0.8351551 0.8683029 0.8653242 0.8244180 0.8707690 0.5936203 0.1573488 0.0000000 0.2172176 0.3677253 0.2054635 0.2086543 0.2945611 0.2145137 0.2506376 0.4820508 0.5557983 0.4436180 0.5255251 0.5097044 0.5665045 0.9350031 0.9700746 1.0067853 1.0330030 1.0120653 1.0601680 1.0206061 0.9683864 1.0260831 0.9973930 1.0264262 1.0011996 1.0073370 0.9417528 0.9273022 0.9626385 1.0461098 1.0216461 0.9870535 1.0256135 1.0016312 1.0294766 1.0075683 1.0164821 0.9986954 0.9827352 0.9892239 0.9378159 1.0059270 1.2631470 1.0432044 0.9679278 1.0228431 1.0238054 0.9340557 0.9533707 0.8750497 0.8687491 0.8082947 0.9246357 0.7809383 0.7583975 0.6996212 0.6722167 0.8438215 0.6476291 0.6707223 0.6974736 0.7484714 2.2101213 2.2638670 2.2261290 3.2043225 
01_AE.CN.07.GX070143.JX112835          0.6564646 0.7295294 0.6901996 0.7763929 0.8378697 0.8584265 0.8779682 0.6090461 0.6166706 0.6152039 0.6365149 0.5830442 0.6011815 0.6425428 0.9186975 0.8629632 0.9339660 0.8852909 0.9010140 0.9041338 0.9467463 0.8717600 0.9001222 0.9624800 1.0272224 1.0062050 0.8654804 0.8780574 0.8707898 0.8491993 0.8796817 0.6330857 0.2075966 0.2172176 0.0000000 0.4100575 0.2435548 0.2524592 0.3411503 0.2613747 0.2910415 0.5152617 0.5885614 0.4825470 0.5765203 0.5558323 0.6121304 0.9580770 0.9633139 1.0206168 1.0575766 1.0345335 1.0667712 1.0428595 0.9794992 1.0227743 1.0044044 1.0197174 1.0208654 1.0165415 0.9830672 0.9379110 0.9952828 1.0643441 1.0334879 0.9851321 1.0310657 1.0147959 1.0399403 1.0313709 1.0405261 1.0195320 1.0152972 1.0022646 0.9559391 1.0304139 1.3338176 1.0591296 0.9962010 1.0447889 1.0265828 0.9553477 0.9497579 0.9230960 0.8817062 0.8307604 0.9434803 0.8330459 0.8014988 0.7368143 0.6956376 0.8968695 0.6845741 0.6913358 0.7331686 0.7774164 2.2639208 2.3183449 2.2550663 3.1332502 
69_01B.JP.05.05JPMYC113SP420.LC027100  0.7993747 0.8567175 0.8316116 0.8927672 0.9686897 0.9872052 0.9957861 0.7745700 0.7631309 0.7928718 0.7813875 0.7075446 0.7522134 0.8045771 1.0588845 1.0349854 1.0929596 1.0443312 1.0505173 1.1064094 1.0579500 1.0072394 1.0509825 1.1297270 1.1928350 1.1766769 1.0090046 1.0415802 1.0312672 0.9935067 1.0301315 0.7860882 0.3632866 0.3677253 0.4100575 0.0000000 0.3945376 0.3990037 0.4898497 0.4057385 0.4262341 0.6523266 0.7333631 0.6234380 0.7266340 0.6818944 0.7488396 1.1359631 1.1225324 1.1912061 1.2160875 1.1780285 1.2291690 1.2203076 1.1334961 1.1722317 1.1580046 1.1662764 1.1543613 1.1722346 1.1178174 1.0936490 1.1508167 1.2187529 1.2028768 1.1324343 1.1927680 1.1756601 1.1911616 1.1709662 1.2308998 1.1714318 1.1531051 1.1597657 1.1272317 1.1991502 1.4515233 1.2088368 1.1457315 1.2109490 1.2083752 1.1200481 1.1019945 1.0393482 1.0190813 0.9832243 1.0951728 0.9682355 0.9375698 0.8650980 0.8292992 1.0118624 0.8331174 0.8288516 0.8605165 0.9150378 2.4297483 2.3923453 2.3509073 3.2495597 
01_AE.TH.07.AA030a04.JX447057          0.6324508 0.7056515 0.6831961 0.7644892 0.8181441 0.8510788 0.8407335 0.5828749 0.5941433 0.6014936 0.6149586 0.5515066 0.5682086 0.6321983 0.8832235 0.8477128 0.9286523 0.8781666 0.8673320 0.9006055 0.9058462 0.8551135 0.8894557 0.9592816 1.0004549 0.9826661 0.8456206 0.8687550 0.8625099 0.8175356 0.8673229 0.6096068 0.2022391 0.2054635 0.2435548 0.3945376 0.0000000 0.2330163 0.3224146 0.2408869 0.2729117 0.5092288 0.5651242 0.4534809 0.5429451 0.5258463 0.5860748 0.9643109 0.9709187 0.9952775 1.0160589 1.0062654 1.0415156 1.0398576 0.9545210 1.0142981 0.9825009 1.0169915 0.9998514 0.9984562 0.9340081 0.9159703 0.9771487 1.0794263 1.0183635 0.9969422 1.0451490 1.0158391 1.0438173 1.0081961 1.0358436 1.0114239 0.9720962 0.9790429 0.9697235 0.9979927 1.2852139 1.0561085 0.9689792 1.0290891 1.0117372 0.9323331 0.9640507 0.8850646 0.8592864 0.8154224 0.9426254 0.8125098 0.7779064 0.7198096 0.6815342 0.8730821 0.6640408 0.6821235 0.7033908 0.7604966 2.1979439 2.2789289 2.2400885 3.2030541 
01_AE.CN.07.07CNYN326.KF835513         0.6470145 0.7184203 0.6882999 0.7742049 0.8342306 0.8550846 0.8659062 0.6012132 0.6080979 0.6074198 0.6179552 0.5607767 0.5830481 0.6418360 0.8948887 0.8498241 0.9323836 0.8683445 0.8675650 0.8998991 0.8962368 0.8645789 0.8973939 0.9495825 1.0088619 1.0089777 0.8402349 0.8619902 0.8793613 0.8318707 0.8569194 0.6230583 0.2015392 0.2086543 0.2524592 0.3990037 0.2330163 0.0000000 0.3251681 0.2444218 0.2830339 0.5204130 0.5795102 0.4652119 0.5580546 0.5443706 0.5993928 0.9439084 0.9584495 1.0031241 1.0336826 1.0208372 1.0580468 1.0217077 0.9690560 1.0431819 0.9889186 0.9960986 0.9899316 1.0112045 0.9367005 0.9249797 0.9625516 1.0566229 1.0161273 0.9894856 1.0398158 1.0164141 1.0446739 1.0326758 1.0470042 1.0126836 0.9946059 0.9707371 0.9522265 1.0277678 1.2847101 1.0282386 0.9608852 1.0397771 1.0412180 0.9404146 0.9598439 0.9027576 0.8982329 0.8357715 0.9438779 0.8140860 0.7859765 0.7215796 0.6987997 0.8578220 0.6821013 0.6754329 0.7089906 0.7713911 2.2120455 2.2412273 2.2387439 3.2260669 
