96
RESTV_M.fas-tc_USA_89_Philippines89-Pennsylvania_NC_004161 0.0000000 0.0237605 0.0320874 1.7766562 1.7761569 2.0051565 2.0763698 1.8787504 1.8797078 1.8803622 1.8752876 1.8861343 1.8871633 1.8751991 1.8948243 1.9091045 1.9130764 1.9093908 1.9088972 1.9072433 1.9069990 1.9073664 1.9050953 1.9072610 1.9070666 1.9094284 1.9100241 1.9075601 1.9075601 1.9072975 1.9072258 1.9072258 1.9070076 1.9073419 1.9073419 1.9072735 1.9090182 1.9090182 1.9092707 1.9092810 1.9090285 1.9082358 1.9082358 1.9077271 1.9077995 1.9069088 1.9082054 1.9082054 1.9085398 1.9085398 1.9072362 1.9066496 1.9063563 1.9060301 1.9072113 1.9075297 1.9071135 1.9042907 1.9042907 1.9065983 1.9105036 1.9069176 1.9077540 1.9088795 1.9087646 1.9082270 1.9088512 1.9079723 1.9065282 1.9065282 1.9067224 1.9061176 1.9071941 1.9073431 1.9066948 1.9050045 1.9073507 1.9068483 1.9054503 1.9071060 1.9071060 1.9084807 1.9068303 1.9068542 1.9065654 1.9074486 1.9074335 1.9074335 1.9084238 1.9096521 1.9091864 1.9098357 1.9091938 1.9067166 1.9079477 1.9070957 
RESTV_S.dom-tc_PHL_08_Reston08-A_FJ621583                  0.0237605 0.0000000 0.0491352 1.7925749 1.7921165 2.0286629 2.1055186 1.8918678 1.8928318 1.8934441 1.8890626 1.9052906 1.9063484 1.8950017 1.9135555 1.9283893 1.9307410 1.9289081 1.9284051 1.9267391 1.9264947 1.9268619 1.9246591 1.9267642 1.9265698 1.9287613 1.9299029 1.9272519 1.9272519 1.9269893 1.9269170 1.9269170 1.9266975 1.9270325 1.9270325 1.9269643 1.9287301 1.9287301 1.9289822 1.9289928 1.9287407 1.9279374 1.9279374 1.9274170 1.9275000 1.9265983 1.9279064 1.9279064 1.9282414 1.9282414 1.9269271 1.9263287 1.9260365 1.9257107 1.9269033 1.9272209 1.9267935 1.9239511 1.9239511 1.9261805 1.9302360 1.9266070 1.9273551 1.9284914 1.9283662 1.9278296 1.9284555 1.9275746 1.9264044 1.9264044 1.9264044 1.9257896 1.9268851 1.9270268 1.9257872 1.9252816 1.9266800 1.9265293 1.9251203 1.9267882 1.9267882 1.9281839 1.9265183 1.9265433 1.9262582 1.9277434 1.9275222 1.9275222 1.9281263 1.9293670 1.9288907 1.9295476 1.9291427 1.9271068 1.9274381 1.9266214 
RESTV_S.dom-xx_PHL_08_Reston08-C_FJ621584                  0.0320874 0.0491352 0.0000000 1.7649746 1.7644810 2.0160321 2.0695880 1.8632485 1.8641982 1.8649502 1.8599087 1.8762002 1.8766228 1.8656507 1.8796129 1.8995334 1.9025472 1.8996280 1.8991392 1.8974917 1.8972475 1.8976149 1.8954589 1.8975057 1.8973115 1.9002574 1.9006182 1.8978077 1.8978077 1.8975451 1.8974738 1.8974738 1.8972562 1.8975901 1.8975901 1.8975216 1.8992554 1.8992554 1.8995080 1.8995181 1.8992655 1.8984783 1.8984783 1.8979755 1.8980426 1.8971576 1.8984482 1.8984482 1.8987821 1.8987821 1.8974842 1.8969036 1.8966098 1.8967804 1.8974589 1.8977776 1.8973670 1.8945545 1.8945545 1.8968519 1.9007303 1.8971666 1.8979980 1.8989147 1.8990081 1.8984700 1.8990932 1.8982157 1.8969749 1.8969749 1.8969749 1.8963752 1.8974420 1.8975947 1.8969434 1.8959498 1.8980963 1.8975979 1.8962057 1.8978549 1.8978549 1.8992193 1.8970799 1.8971033 1.8968127 1.8987869 1.8980391 1.8980391 1.8986658 1.8998877 1.8994272 1.9000727 1.9000677 1.8969655 1.8981937 1.8973458 
SUDV_H.sap-xx_UGA_12_EboSud-603_KC545390                   1.7766562 1.7925749 1.7649746 0.0000000 0.0001537 2.1068237 2.0723542 1.8604326 1.8613825 1.8608352 1.8622004 1.8761265 1.8781756 1.8657944 1.8679779 1.8995619 1.9003223 1.8991808 1.8993434 1.8988485 1.8986041 1.8985144 1.8981454 1.8990535 1.8986560 1.9016463 1.8994808 1.8984991 1.8984991 1.8988332 1.8981650 1.8981650 1.8981414 1.8984755 1.8984755 1.8985704 1.8980120 1.8980120 1.8982647 1.8982747 1.8980220 1.8971903 1.8971903 1.8986669 1.8973461 1.8999933 1.8989460 1.8989460 1.8992802 1.8992802 1.8976146 1.8967395 1.8969426 1.8971768 1.8999381 1.8980715 1.8965067 1.8974693 1.8974693 1.8981389 1.8966146 1.8964120 1.8984445 1.8988732 1.8981325 1.8976341 1.8978601 1.8980161 1.8971189 1.8971189 1.8965583 1.8958004 1.8962045 1.8980244 1.8984890 1.8982181 1.8978349 1.8975342 1.8966976 1.8994826 1.8994826 1.8994595 1.8976349 1.8973011 1.8981764 1.8963112 1.8986309 1.8992276 1.9007207 1.8991052 1.8982479 1.9004134 1.8985403 1.8965270 1.8985698 1.8981632 
SUDV_H.sap-xx_UGA_12_EboSud-609_KC545391                   1.7761569 1.7921165 1.7644810 0.0001537 0.0000000 2.1053620 2.0730111 1.8615159 1.8624664 1.8619191 1.8632848 1.8772199 1.8792710 1.8668807 1.8690649 1.9006743 1.9014353 1.9002924 1.9004556 1.8999601 1.8997157 1.8996259 1.8992563 1.9001655 1.8997679 1.9027597 1.9005938 1.8996107 1.8996107 1.8999448 1.8992765 1.8992765 1.8992529 1.8995871 1.8995871 1.8996821 1.8991234 1.8991234 1.8993761 1.8993862 1.8991335 1.8983011 1.8983011 1.8997784 1.8984569 1.9011062 1.9000581 1.9000581 1.9003924 1.9003924 1.8987259 1.8978501 1.8980532 1.8982876 1.9010511 1.8991830 1.8976173 1.8985801 1.8985801 1.8992498 1.8977247 1.8975220 1.8995554 1.8999849 1.8992434 1.8987449 1.8989710 1.8991270 1.8982297 1.8982297 1.8976689 1.8969102 1.8973146 1.8991363 1.8996006 1.8993299 1.8989461 1.8986448 1.8978077 1.9005947 1.9005947 1.9005716 1.8987452 1.8984113 1.8992877 1.8974215 1.8997425 1.9003393 1.9018340 1.9002170 1.8993589 1.9015263 1.8996519 1.8976371 1.8996824 1.8992753 
TAFV_H.sap-tc_CIV_94_Pauleoula-CI_NC_014372                2.0051565 2.0286629 2.0160321 2.1068237 2.1053620 0.0000000 0.7892585 1.3068212 1.3061901 1.3063314 1.3081271 1.3207919 1.3208687 1.3228673 1.3182546 1.3276687 1.3294853 1.3300163 1.3264245 1.3271955 1.3274259 1.3273538 1.3275755 1.3274415 1.3273206 1.3281741 1.3263397 1.3255049 1.3255049 1.3255043 1.3257335 1.3257335 1.3255754 1.3258491 1.3258491 1.3256205 1.3268258 1.3268258 1.3270562 1.3270545 1.3268241 1.3263766 1.3263766 1.3254597 1.3260728 1.3257729 1.3252569 1.3252569 1.3250283 1.3250283 1.3266814 1.3265915 1.3261469 1.3253061 1.3267729 1.3264388 1.3261938 1.3267187 1.3267187 1.3255370 1.3267067 1.3273609 1.3261129 1.3257168 1.3256289 1.3249127 1.3248085 1.3252476 1.3268896 1.3268896 1.3267359 1.3264302 1.3274505 1.3276857 1.3249750 1.3262337 1.3257337 1.3251153 1.3251563 1.3261907 1.3261907 1.3260545 1.3249366 1.3251651 1.3241563 1.3254704 1.3258585 1.3258585 1.3252784 1.3280638 1.3268212 1.3257373 1.3267879 1.3266291 1.3272403 1.3276263 
BDBV_H.sap-xx_COD_12_EboBund-122_KC545395                  2.0763698 2.1055186 2.0695880 2.0723542 2.0730111 0.7892585 0.0000000 1.3283526 1.3277175 1.3292154 1.3305615 1.3469298 1.3474710 1.3442685 1.3488266 1.3526928 1.3541648 1.3542115 1.3513158 1.3525930 1.3527033 1.3530982 1.3516109 1.3517641 1.3517641 1.3521804 1.3527485 1.3535222 1.3535222 1.3535209 1.3537505 1.3537505 1.3535911 1.3538653 1.3538653 1.3535680 1.3548604 1.3548604 1.3550900 1.3550888 1.3553027 1.3544024 1.3544024 1.3534763 1.3544909 1.3542233 1.3532651 1.3532651 1.3535393 1.3535393 1.3548362 1.3539688 1.3542932 1.3529885 1.3548053 1.3522197 1.3538968 1.3555958 1.3555958 1.3547248 1.3557086 1.3537090 1.3550009 1.3551372 1.3539731 1.3540445 1.3545440 1.3542154 1.3521558 1.3521558 1.3524420 1.3527677 1.3533297 1.3537534 1.3539068 1.3540862 1.3523660 1.3526999 1.3533098 1.3534406 1.3534406 1.3542858 1.3530570 1.3530583 1.3529327 1.3532971 1.3537061 1.3542087 1.3535415 1.3552506 1.3542241 1.3537291 1.3519415 1.3548508 1.3522718 1.3526645 
EBOV_H.sap-tc_COD_07_1Luebo_KC242786                       1.8787504 1.8918678 1.8632485 1.8604326 1.8615159 1.3068212 1.3283526 0.0000000 0.0000515 0.0004117 0.0006177 0.0244364 0.0253819 0.0236478 0.0204142 0.0325495 0.0323407 0.0315966 0.0317555 0.0311340 0.0311371 0.0311900 0.0314724 0.0312493 0.0313614 0.0321610 0.0319864 0.0316462 0.0316462 0.0317027 0.0317022 0.0317022 0.0317587 0.0318152 0.0318152 0.0316466 0.0318193 0.0318193 0.0318757 0.0318754 0.0319313 0.0317624 0.0317624 0.0318709 0.0318150 0.0319303 0.0318155 0.0318155 0.0318720 0.0318720 0.0318176 0.0318160 0.0317038 0.0318166 0.0318721 0.0314728 0.0319294 0.0318798 0.0318798 0.0319858 0.0321057 0.0321036 0.0324983 0.0324390 0.0323777 0.0322091 0.0322657 0.0321002 0.0321482 0.0321482 0.0319233 0.0320932 0.0319812 0.0321482 0.0322092 0.0322097 0.0323268 0.0322684 0.0322732 0.0322716 0.0322716 0.0319904 0.0322106 0.0321540 0.0321585 0.0322742 0.0322127 0.0323254 0.0321607 0.0322767 0.0321605 0.0322181 0.0321575 0.0319964 0.0322744 0.0324447 
EBOV_H.sap-tc_COD_07_M-M_HQ613403                          1.8797078 1.8928318 1.8641982 1.8613825 1.8624664 1.3061901 1.3277175 0.0000515 0.0000000 0.0004632 0.0006692 0.0244944 0.0254402 0.0237055 0.0204712 0.0326097 0.0324009 0.0316566 0.0318155 0.0311939 0.0311969 0.0312499 0.0315323 0.0313092 0.0314213 0.0322211 0.0320465 0.0317062 0.0317062 0.0317627 0.0317623 0.0317623 0.0318188 0.0318753 0.0318753 0.0317066 0.0318793 0.0318793 0.0319357 0.0319354 0.0319913 0.0318224 0.0318224 0.0319309 0.0318751 0.0319904 0.0318756 0.0318756 0.0319321 0.0319321 0.0318777 0.0318761 0.0317638 0.0318767 0.0319322 0.0315328 0.0319894 0.0319398 0.0319398 0.0320459 0.0321659 0.0321637 0.0325585 0.0324992 0.0324379 0.0322692 0.0323259 0.0321603 0.0322083 0.0322083 0.0319833 0.0321533 0.0320413 0.0322083 0.0322693 0.0322699 0.0323870 0.0323285 0.0323334 0.0323317 0.0323317 0.0320505 0.0322707 0.0322141 0.0322186 0.0323344 0.0322728 0.0323856 0.0322208 0.0323368 0.0322206 0.0322783 0.0322176 0.0320565 0.0323346 0.0325049 
EBOV_H.sap-tc_COD_07_5Luebo_KC242790                       1.8803622 1.8934441 1.8649502 1.8608352 1.8619191 1.3063314 1.3292154 0.0004117 0.0004632 0.0000000 0.0010309 0.0248780 0.0258247 0.0240882 0.0208511 0.0330012 0.0327925 0.0320474 0.0322063 0.0315841 0.0315872 0.0316402 0.0319229 0.0316995 0.0318118 0.0326124 0.0324376 0.0320969 0.0320969 0.0321535 0.0321531 0.0321531 0.0322096 0.0322662 0.0322662 0.0320974 0.0322703 0.0322703 0.0323267 0.0323264 0.0323824 0.0322133 0.0322133 0.0323219 0.0322660 0.0323814 0.0322665 0.0322665 0.0323230 0.0323230 0.0322686 0.0322670 0.0321547 0.0322676 0.0323232 0.0319233 0.0323804 0.0323309 0.0323309 0.0324370 0.0325571 0.0325549 0.0329501 0.0328907 0.0328293 0.0326605 0.0327172 0.0325515 0.0325994 0.0325994 0.0323743 0.0325444 0.0324323 0.0325994 0.0326606 0.0326611 0.0327784 0.0327198 0.0327247 0.0327231 0.0327231 0.0324417 0.0326619 0.0326053 0.0326099 0.0327258 0.0326641 0.0327769 0.0326121 0.0327283 0.0326119 0.0326696 0.0326088 0.0324477 0.0327260 0.0328964 
EBOV_H.sap-tc_COD_08_034-KS_HQ613402                       1.8752876 1.8890626 1.8599087 1.8622004 1.8632848 1.3081271 1.3305615 0.0006177 0.0006692 0.0010309 0.0000000 0.0250053 0.0259529 0.0241550 0.0209745 0.0330234 0.0328146 0.0320690 0.0322279 0.0316054 0.0316085 0.0316615 0.0319444 0.0317209 0.0318332 0.0326343 0.0324594 0.0321185 0.0321185 0.0321751 0.0321747 0.0321747 0.0322313 0.0322879 0.0322879 0.0321190 0.0322920 0.0322920 0.0323485 0.0323482 0.0324042 0.0322350 0.0322350 0.0323436 0.0322877 0.0324032 0.0322882 0.0322882 0.0323448 0.0323448 0.0322903 0.0322887 0.0321763 0.0322893 0.0323449 0.0319448 0.0324022 0.0323526 0.0323526 0.0324588 0.0325790 0.0325768 0.0329722 0.0329128 0.0328513 0.0326824 0.0327391 0.0325734 0.0326214 0.0326214 0.0323961 0.0325663 0.0324541 0.0326213 0.0326825 0.0326831 0.0328004 0.0327418 0.0327468 0.0327451 0.0327451 0.0324635 0.0326839 0.0326273 0.0326318 0.0327478 0.0326861 0.0327990 0.0326340 0.0327503 0.0326338 0.0326916 0.0326308 0.0324695 0.0327480 0.0329185 
EBOV_H.sap-xx_COD_14_Lomela-Lokolia16_KP271018             1.8861343 1.9052906 1.8762002 1.8761265 1.8772199 1.3207919 1.3469298 0.0244364 0.0244944 0.0248780 0.0250053 0.0000000 0.0020135 0.0090690 0.0144747 0.0374747 0.0374446 0.0368469 0.0368971 0.0362668 0.0362703 0.0363235 0.0366100 0.0363840 0.0364976 0.0373098 0.0371322 0.0367869 0.0367869 0.0368442 0.0368437 0.0368437 0.0369010 0.0369583 0.0369583 0.0369015 0.0369631 0.0369631 0.0370202 0.0370199 0.0370765 0.0369052 0.0369052 0.0370146 0.0369581 0.0370754 0.0369587 0.0369587 0.0370160 0.0370160 0.0369612 0.0369593 0.0368456 0.0369600 0.0370161 0.0366105 0.0370742 0.0370250 0.0370250 0.0371315 0.0372542 0.0372516 0.0376518 0.0375913 0.0375283 0.0373575 0.0374149 0.0372477 0.0372950 0.0372950 0.0370671 0.0372396 0.0372403 0.0372951 0.0373576 0.0373583 0.0374776 0.0374180 0.0375379 0.0374218 0.0374218 0.0371369 0.0373592 0.0373019 0.0373619 0.0375391 0.0371881 0.0373023 0.0373096 0.0375416 0.0373094 0.0373576 0.0372430 0.0371929 0.0374250 0.0375977 
EBOV_H.sap-xx_COD_14_Lomela-Lokolia17_KP271019             1.8871633 1.9063484 1.8766228 1.8781756 1.8792710 1.3208687 1.3474710 0.0253819 0.0254402 0.0258247 0.0259529 0.0020135 0.0000000 0.0099689 0.0153913 0.0383441 0.0383145 0.0377149 0.0377650 0.0371331 0.0371368 0.0371900 0.0374772 0.0372508 0.0373646 0.0381790 0.0380009 0.0376547 0.0376547 0.0377121 0.0377116 0.0377116 0.0377690 0.0378265 0.0378265 0.0377695 0.0378314 0.0378314 0.0378886 0.0378883 0.0379450 0.0377734 0.0377734 0.0378829 0.0378263 0.0379439 0.0378268 0.0378268 0.0378843 0.0378843 0.0378294 0.0378275 0.0377135 0.0378282 0.0378845 0.0374777 0.0379427 0.0378936 0.0378936 0.0380002 0.0381233 0.0381207 0.0385218 0.0384610 0.0383979 0.0382266 0.0382842 0.0381166 0.0381639 0.0381639 0.0379355 0.0381083 0.0381091 0.0381640 0.0382267 0.0382274 0.0383471 0.0382873 0.0384077 0.0382912 0.0382912 0.0380057 0.0382284 0.0381709 0.0382312 0.0384089 0.0380568 0.0381713 0.0381788 0.0384115 0.0381786 0.0382267 0.0381118 0.0380617 0.0382945 0.0384677 
EBOV_H.sap-tc_COD_95_Kikwit-9510621_KR867676               1.8751991 1.8950017 1.8656507 1.8657944 1.8668807 1.3228673 1.3442685 0.0236478 0.0237055 0.0240882 0.0241550 0.0090690 0.0099689 0.0000000 0.0140912 0.0367888 0.0367574 0.0361621 0.0362123 0.0355831 0.0355866 0.0356397 0.0359257 0.0357001 0.0358135 0.0366241 0.0364469 0.0361022 0.0361022 0.0361594 0.0361589 0.0361589 0.0362161 0.0362733 0.0362733 0.0362166 0.0362780 0.0362780 0.0363350 0.0363347 0.0363912 0.0362203 0.0362203 0.0363296 0.0362731 0.0363901 0.0362737 0.0362737 0.0363309 0.0363309 0.0362761 0.0362743 0.0361608 0.0362750 0.0363310 0.0359262 0.0363890 0.0363397 0.0363397 0.0364462 0.0365685 0.0365660 0.0369655 0.0369051 0.0368424 0.0366718 0.0367292 0.0365621 0.0366096 0.0366096 0.0363821 0.0365542 0.0365549 0.0366096 0.0366719 0.0366726 0.0366779 0.0366185 0.0367381 0.0367359 0.0367359 0.0364515 0.0366735 0.0366163 0.0366762 0.0368530 0.0363891 0.0365030 0.0366239 0.0368554 0.0366237 0.0366719 0.0364436 0.0365074 0.0367390 0.0369115 
EBOV_H.sap-tc_COD_77_Bonduni_KC242791                      1.8948243 1.9135555 1.8796129 1.8679779 1.8690649 1.3182546 1.3488266 0.0204142 0.0204712 0.0208511 0.0209745 0.0144747 0.0153913 0.0140912 0.0000000 0.0335429 0.0335600 0.0328679 0.0329717 0.0322353 0.0322385 0.0324039 0.0326875 0.0324635 0.0325761 0.0333791 0.0332037 0.0328621 0.0328621 0.0329188 0.0329184 0.0329184 0.0329751 0.0330318 0.0330318 0.0329755 0.0330360 0.0330360 0.0330926 0.0330923 0.0331484 0.0329789 0.0329789 0.0330877 0.0330316 0.0331474 0.0330321 0.0330321 0.0330888 0.0330888 0.0330343 0.0330327 0.0329200 0.0328673 0.0330890 0.0326879 0.0331464 0.0330969 0.0330969 0.0332031 0.0333238 0.0333215 0.0337177 0.0336582 0.0335964 0.0334272 0.0334840 0.0333180 0.0332532 0.0332532 0.0331401 0.0333108 0.0331984 0.0333659 0.0334273 0.0334279 0.0335455 0.0334868 0.0335423 0.0334901 0.0334901 0.0332079 0.0334287 0.0333719 0.0334311 0.0336060 0.0332592 0.0333723 0.0333788 0.0336082 0.0333787 0.0334272 0.0333138 0.0332635 0.0334930 0.0336640 
EBOV_H.sap-wt_GIN_14_Makona-Gueckedou-EM_080076_KR817235   1.9091045 1.9283893 1.8995334 1.8995619 1.9006743 1.3276687 1.3526928 0.0325495 0.0326097 0.0330012 0.0330234 0.0374747 0.0383441 0.0367888 0.0335429 0.0000000 0.0016516 0.0019094 0.0020645 0.0014955 0.0015472 0.0015472 0.0018057 0.0019092 0.0020127 0.0024278 0.0022719 0.0019612 0.0019612 0.0020129 0.0020129 0.0020129 0.0020647 0.0021164 0.0021164 0.0020647 0.0021167 0.0021167 0.0021685 0.0021684 0.0022202 0.0020649 0.0020649 0.0021681 0.0021164 0.0022201 0.0021164 0.0021164 0.0021682 0.0021682 0.0022201 0.0022200 0.0021165 0.0021165 0.0021682 0.0018057 0.0024272 0.0023239 0.0023239 0.0022718 0.0023759 0.0023758 0.0027386 0.0026865 0.0026864 0.0025309 0.0025828 0.0023756 0.0024268 0.0024268 0.0022197 0.0023751 0.0024787 0.0024787 0.0024789 0.0024789 0.0026865 0.0025309 0.0026350 0.0025312 0.0025312 0.0022722 0.0024790 0.0024272 0.0024792 0.0026350 0.0024792 0.0025828 0.0025313 0.0027389 0.0024277 0.0026345 0.0024274 0.0024791 0.0027904 0.0029461 
EBOV_H.sap-wt_GIN_14_Makona-Gueckedou-EM_079702_KR817210   1.9130764 1.9307410 1.9025472 1.9003223 1.9014353 1.3294853 1.3541648 0.0323407 0.0324009 0.0327925 0.0328146 0.0374446 0.0383145 0.0367574 0.0335600 0.0016516 0.0000000 0.0016000 0.0017550 0.0011863 0.0012379 0.0012379 0.0014963 0.0015998 0.0017032 0.0021181 0.0019623 0.0016517 0.0016517 0.0017035 0.0017034 0.0017034 0.0017552 0.0018069 0.0018069 0.0017552 0.0018072 0.0018072 0.0018589 0.0018589 0.0019106 0.0017554 0.0017554 0.0018587 0.0018069 0.0019106 0.0018070 0.0018070 0.0018587 0.0018587 0.0019106 0.0019105 0.0018070 0.0018070 0.0018587 0.0014964 0.0021176 0.0020143 0.0020143 0.0019623 0.0020663 0.0020662 0.0024289 0.0023769 0.0023767 0.0022213 0.0022731 0.0020660 0.0021172 0.0021172 0.0019102 0.0020655 0.0021691 0.0021691 0.0021693 0.0021694 0.0023769 0.0022213 0.0023253 0.0022215 0.0022215 0.0019626 0.0021694 0.0021176 0.0021695 0.0023253 0.0021695 0.0022732 0.0022216 0.0024291 0.0021180 0.0023249 0.0021178 0.0021695 0.0024807 0.0026363 
EBOV_H.sap-wt_GIN_14_Makona-Gueckedou-EM_079587_KR817202   1.9093908 1.9289081 1.8996280 1.8991808 1.9002924 1.3300163 1.3542115 0.0315966 0.0316566 0.0320474 0.0320690 0.0368469 0.0377149 0.0361621 0.0328679 0.0019094 0.0016000 0.0000000 0.0011858 0.0006177 0.0006692 0.0006177 0.0008752 0.0010309 0.0011341 0.0015479 0.0013926 0.0010826 0.0010826 0.0011342 0.0011342 0.0011342 0.0011859 0.0012375 0.0012375 0.0011859 0.0012377 0.0012377 0.0012893 0.0012893 0.0013410 0.0011860 0.0011860 0.0012891 0.0012375 0.0013409 0.0012375 0.0012375 0.0012892 0.0012892 0.0013409 0.0013408 0.0012375 0.0012376 0.0012892 0.0009267 0.0015476 0.0014444 0.0014444 0.0013926 0.0014962 0.0014961 0.0018581 0.0018063 0.0018062 0.0016510 0.0017028 0.0014960 0.0015473 0.0015473 0.0013406 0.0014957 0.0015991 0.0015991 0.0015992 0.0015992 0.0018063 0.0016510 0.0017547 0.0016512 0.0016512 0.0013927 0.0015993 0.0015476 0.0015994 0.0017548 0.0015994 0.0017028 0.0016513 0.0018583 0.0015479 0.0017544 0.0015477 0.0015993 0.0019098 0.0020652 
EBOV_H.sap-wt_GIN_14_Makona-Gueckedou-EM_079750_KR817213   1.9088972 1.9284051 1.8991392 1.8993434 1.9004556 1.3264245 1.3513158 0.0317555 0.0318155 0.0322063 0.0322279 0.0368971 0.0377650 0.0362123 0.0329717 0.0020645 0.0017550 0.0011858 0.0000000 0.0006692 0.0007207 0.0007207 0.0009782 0.0010823 0.0011855 0.0005662 0.0014440 0.0011340 0.0011340 0.0011857 0.0011857 0.0011857 0.0012373 0.0012890 0.0012890 0.0012373 0.0012891 0.0012891 0.0013408 0.0013408 0.0013924 0.0012374 0.0012374 0.0013406 0.0012889 0.0013923 0.0012890 0.0012890 0.0013406 0.0013406 0.0013923 0.0013923 0.0012890 0.0012890 0.0013406 0.0009782 0.0015990 0.0014958 0.0014958 0.0014440 0.0015477 0.0015476 0.0019096 0.0018577 0.0018576 0.0017025 0.0017542 0.0015474 0.0015987 0.0015987 0.0013921 0.0015471 0.0016505 0.0016505 0.0016506 0.0016506 0.0018577 0.0017025 0.0018061 0.0017026 0.0017026 0.0014442 0.0016507 0.0015990 0.0016508 0.0018062 0.0016508 0.0017542 0.0017027 0.0019097 0.0015993 0.0018058 0.0015991 0.0016507 0.0019612 0.0021166 
EBOV_H.sap-tc_GIN_14_Makona-Gueckedou-C07_KP096421         1.9072433 1.9267391 1.8974917 1.8988485 1.8999601 1.3271955 1.3525930 0.0311340 0.0311939 0.0315841 0.0316054 0.0362668 0.0371331 0.0355831 0.0322353 0.0014955 0.0011863 0.0006177 0.0006692 0.0000000 0.0000515 0.0001544 0.0004117 0.0005147 0.0006177 0.0010310 0.0008752 0.0005662 0.0005662 0.0006177 0.0006177 0.0006177 0.0006692 0.0007207 0.0007207 0.0006692 0.0007207 0.0007207 0.0007722 0.0007722 0.0008237 0.0006692 0.0006692 0.0007722 0.0007207 0.0008237 0.0007207 0.0007207 0.0007722 0.0007722 0.0008237 0.0008237 0.0007207 0.0007207 0.0007722 0.0004117 0.0010308 0.0009267 0.0009267 0.0008752 0.0009794 0.0009793 0.0013407 0.0012890 0.0012889 0.0011340 0.0011857 0.0009792 0.0010297 0.0010297 0.0008237 0.0009782 0.0010812 0.0010812 0.0010823 0.0010823 0.0012890 0.0011340 0.0012375 0.0011341 0.0011341 0.0008752 0.0010824 0.0010307 0.0010824 0.0012375 0.0010824 0.0011857 0.0011342 0.0013409 0.0010310 0.0012373 0.0010309 0.0010824 0.0013924 0.0015474 
EBOV_H.sap-wt_GIN_14_Makona-Gueckedou-C07_KT013256         1.9069990 1.9264947 1.8972475 1.8986041 1.8997157 1.3274259 1.3527033 0.0311371 0.0311969 0.0315872 0.0316085 0.0362703 0.0371368 0.0355866 0.0322385 0.0015472 0.0012379 0.0006692 0.0007207 0.0000515 0.0000000 0.0002058 0.0004632 0.0005662 0.0006692 0.0010826 0.0009267 0.0006177 0.0006177 0.0006692 0.0006692 0.0006692 0.0007207 0.0007722 0.0007722 0.0007207 0.0007722 0.0007722 0.0008237 0.0008237 0.0008752 0.0007207 0.0007207 0.0008237 0.0007722 0.0008752 0.0007722 0.0007722 0.0008237 0.0008237 0.0008752 0.0008752 0.0007722 0.0007722 0.0008237 0.0004632 0.0010824 0.0009793 0.0009793 0.0009267 0.0010310 0.0010309 0.0013924 0.0013406 0.0013406 0.0011857 0.0012373 0.0010308 0.0010812 0.0010812 0.0008752 0.0010297 0.0011338 0.0011338 0.0011339 0.0011340 0.0013407 0.0011857 0.0012891 0.0011858 0.0011858 0.0009277 0.0011340 0.0010824 0.0011341 0.0012892 0.0011341 0.0012373 0.0011858 0.0013925 0.0010826 0.0012889 0.0010825 0.0011340 0.0014440 0.0015991 
EBOV_H.sap-wt_GIN_14_Makona-Macenta-EM_079422_KR817187     1.9073664 1.9268619 1.8976149 1.8985144 1.8996259 1.3273538 1.3530982 0.0311900 0.0312499 0.0316402 0.0316615 0.0363235 0.0371900 0.0356397 0.0324039 0.0015472 0.0012379 0.0006177 0.0007207 0.0001544 0.0002058 0.0000000 0.0003602 0.0005662 0.0006692 0.0010826 0.0009267 0.0006177 0.0006177 0.0006692 0.0006692 0.0006692 0.0007207 0.0007722 0.0007722 0.0007207 0.0007722 0.0007722 0.0008237 0.0008237 0.0008752 0.0007207 0.0007207 0.0008237 0.0007722 0.0008752 0.0007722 0.0007722 0.0008237 0.0008237 0.0008752 0.0008752 0.0007722 0.0007722 0.0008237 0.0004632 0.0010824 0.0009793 0.0009793 0.0009267 0.0010310 0.0010309 0.0013924 0.0013406 0.0013406 0.0011857 0.0012373 0.0010308 0.0010812 0.0010812 0.0008752 0.0010297 0.0011338 0.0011338 0.0011339 0.0011339 0.0013406 0.0011857 0.0012891 0.0011858 0.0011858 0.0009277 0.0011340 0.0010824 0.0011340 0.0012892 0.0011341 0.0012373 0.0011858 0.0013925 0.0010826 0.0012889 0.0010825 0.0011340 0.0014440 0.0015991 
EBOV_H.sap-wt_GIN_14_Makona-Macenta-EM_079424_KR817189     1.9050953 1.9246591 1.8954589 1.8981454 1.8992563 1.3275755 1.3516109 0.0314724 0.0315323 0.0319229 0.0319444 0.0366100 0.0374772 0.0359257 0.0326875 0.0018057 0.0014963 0.0008752 0.0009782 0.0004117 0.0004632 0.0003602 0.0000000 0.0008237 0.0009267 0.0013409 0.0011857 0.0008752 0.0008752 0.0009267 0.0009267 0.0009267 0.0009782 0.0010308 0.0010308 0.0009782 0.0010309 0.0010309 0.0010825 0.0010825 0.0011341 0.0009793 0.0009793 0.0010823 0.0010307 0.0011341 0.0010308 0.0010308 0.0010824 0.0010824 0.0011340 0.0011340 0.0010308 0.0010308 0.0010824 0.0007207 0.0013406 0.0012374 0.0012374 0.0011857 0.0012892 0.0012891 0.0016509 0.0015990 0.0015989 0.0014439 0.0014956 0.0012890 0.0013403 0.0013403 0.0011338 0.0012887 0.0013920 0.0013920 0.0013922 0.0013922 0.0015990 0.0014439 0.0015475 0.0014441 0.0014441 0.0011858 0.0013922 0.0013405 0.0013923 0.0015475 0.0013923 0.0014956 0.0014441 0.0016510 0.0013408 0.0015472 0.0013407 0.0013922 0.0017025 0.0018577 
EBOV_H.sap-tc_GIN_14_Makona-Gueckedou-C05_KP096420         1.9072610 1.9267642 1.8975057 1.8990535 1.9001655 1.3274415 1.3517641 0.0312493 0.0313092 0.0316995 0.0317209 0.0363840 0.0372508 0.0357001 0.0324635 0.0019092 0.0015998 0.0010309 0.0010823 0.0005147 0.0005662 0.0005662 0.0008237 0.0000000 0.0001029 0.0014443 0.0012890 0.0009782 0.0009782 0.0010308 0.0010308 0.0010308 0.0010824 0.0011340 0.0011340 0.0010824 0.0011342 0.0011342 0.0011858 0.0011858 0.0012374 0.0010825 0.0010825 0.0011856 0.0011340 0.0012374 0.0011340 0.0011340 0.0011857 0.0011857 0.0012374 0.0012373 0.0011341 0.0011341 0.0011857 0.0008237 0.0014439 0.0013408 0.0013408 0.0012890 0.0013926 0.0013925 0.0017543 0.0017025 0.0017024 0.0015473 0.0015990 0.0013924 0.0014437 0.0014437 0.0012371 0.0013921 0.0014954 0.0014954 0.0014955 0.0014956 0.0017025 0.0015474 0.0016510 0.0015475 0.0015475 0.0012892 0.0014956 0.0014439 0.0014957 0.0016510 0.0014957 0.0015991 0.0015476 0.0017545 0.0014442 0.0016507 0.0014441 0.0014956 0.0018060 0.0019613 
EBOV_H.sap-wt_GIN_14_Makona-Kissidougou-C15_KT013254       1.9070666 1.9265698 1.8973115 1.8986560 1.8997679 1.3273206 1.3517641 0.0313614 0.0314213 0.0318118 0.0318332 0.0364976 0.0373646 0.0358135 0.0325761 0.0020127 0.0017032 0.0011341 0.0011855 0.0006177 0.0006692 0.0006692 0.0009267 0.0001029 0.0000000 0.0015476 0.0013923 0.0010824 0.0010824 0.0011340 0.0011340 0.0011340 0.0011856 0.0012373 0.0012373 0.0011857 0.0012374 0.0012374 0.0012891 0.0012891 0.0013407 0.0011858 0.0011858 0.0012889 0.0012373 0.0013407 0.0012373 0.0012373 0.0012889 0.0012889 0.0013406 0.0013406 0.0012373 0.0012373 0.0012889 0.0009267 0.0015473 0.0014441 0.0014441 0.0013923 0.0014959 0.0014958 0.0018578 0.0018059 0.0018058 0.0016507 0.0017024 0.0014957 0.0015470 0.0015470 0.0013404 0.0014954 0.0015987 0.0015987 0.0015989 0.0015989 0.0018059 0.0016507 0.0017544 0.0016509 0.0016509 0.0013925 0.0015989 0.0015472 0.0015990 0.0017544 0.0015990 0.0017024 0.0016509 0.0018579 0.0015476 0.0017540 0.0015474 0.0015990 0.0019094 0.0020647 
EBOV_H.sap-wt_GIN_14_Makona-Gueckedou-EM_079910_KR817221   1.9094284 1.9287613 1.9002574 1.9016463 1.9027597 1.3281741 1.3521804 0.0321610 0.0322211 0.0326124 0.0326343 0.0373098 0.0381790 0.0366241 0.0333791 0.0024278 0.0021181 0.0015479 0.0005662 0.0010310 0.0010826 0.0010826 0.0013409 0.0014443 0.0015476 0.0000000 0.0018065 0.0014961 0.0014961 0.0015478 0.0015478 0.0015478 0.0015995 0.0016512 0.0016512 0.0015995 0.0016514 0.0016514 0.0017031 0.0017031 0.0017548 0.0015997 0.0015997 0.0017029 0.0016512 0.0017548 0.0016512 0.0016512 0.0017030 0.0017030 0.0017548 0.0017547 0.0016513 0.0016513 0.0017030 0.0013409 0.0019617 0.0018584 0.0018584 0.0018065 0.0019104 0.0019103 0.0022727 0.0022207 0.0022206 0.0020653 0.0021171 0.0019101 0.0019613 0.0019613 0.0017544 0.0019097 0.0020132 0.0020132 0.0020134 0.0020134 0.0022207 0.0020653 0.0021692 0.0020655 0.0020655 0.0018067 0.0020134 0.0019617 0.0020136 0.0021692 0.0020136 0.0021171 0.0020656 0.0022729 0.0019620 0.0021169 0.0019619 0.0020135 0.0023244 0.0024800 
EBOV_H.sap-wt_LBR_14_Makona-LIBR0430_KR006955              1.9100241 1.9299029 1.9006182 1.8994808 1.9005938 1.3263397 1.3527485 0.0319864 0.0320465 0.0324376 0.0324594 0.0371322 0.0380009 0.0364469 0.0332037 0.0022719 0.0019623 0.0013926 0.0014440 0.0008752 0.0009267 0.0009267 0.0011857 0.0012890 0.0013923 0.0018065 0.0000000 0.0004117 0.0004117 0.0004632 0.0004632 0.0004632 0.0005147 0.0005662 0.0005662 0.0005147 0.0005662 0.0005662 0.0006177 0.0006177 0.0006692 0.0005147 0.0005147 0.0006177 0.0005662 0.0006692 0.0005662 0.0005662 0.0006177 0.0006177 0.0006692 0.0006692 0.0005662 0.0005662 0.0006177 0.0004632 0.0008752 0.0007722 0.0007722 0.0007207 0.0008237 0.0008237 0.0011859 0.0011342 0.0011341 0.0009793 0.0010309 0.0008237 0.0008752 0.0008752 0.0006692 0.0008237 0.0009267 0.0009267 0.0009267 0.0009267 0.0011342 0.0009793 0.0010827 0.0009794 0.0009794 0.0007207 0.0009267 0.0008752 0.0009277 0.0010827 0.0009277 0.0010309 0.0009794 0.0011860 0.0008762 0.0010825 0.0008752 0.0009267 0.0012375 0.0013925 
EBOV_H.sap-wt_SLE_14_Makona-G3734.1_KM233055               1.9075601 1.9272519 1.8978077 1.8984991 1.8996107 1.3255049 1.3535222 0.0316462 0.0317062 0.0320969 0.0321185 0.0367869 0.0376547 0.0361022 0.0328621 0.0019612 0.0016517 0.0010826 0.0011340 0.0005662 0.0006177 0.0006177 0.0008752 0.0009782 0.0010824 0.0014961 0.0004117 0.0000000 0.0000010 0.0000515 0.0000515 0.0000515 0.0001029 0.0001544 0.0001544 0.0001029 0.0001544 0.0001544 0.0002058 0.0002058 0.0002573 0.0001029 0.0001029 0.0002058 0.0001544 0.0002573 0.0001544 0.0001544 0.0002058 0.0002058 0.0002573 0.0002573 0.0001544 0.0001544 0.0002058 0.0001544 0.0004632 0.0003602 0.0003602 0.0003088 0.0004117 0.0004117 0.0007722 0.0007207 0.0007207 0.0005662 0.0006177 0.0004117 0.0005662 0.0005662 0.0003602 0.0005147 0.0006177 0.0006177 0.0005147 0.0005147 0.0007207 0.0005662 0.0006692 0.0005662 0.0005662 0.0003088 0.0005147 0.0004632 0.0005147 0.0006692 0.0005147 0.0006177 0.0005662 0.0007722 0.0004632 0.0006692 0.0005662 0.0006177 0.0009277 0.0010826 
EBOV_H.sap-wt_SLE_14_Makona-G3799_KM233080                 1.9075601 1.9272519 1.8978077 1.8984991 1.8996107 1.3255049 1.3535222 0.0316462 0.0317062 0.0320969 0.0321185 0.0367869 0.0376547 0.0361022 0.0328621 0.0019612 0.0016517 0.0010826 0.0011340 0.0005662 0.0006177 0.0006177 0.0008752 0.0009782 0.0010824 0.0014961 0.0004117 0.0000010 0.0000000 0.0000515 0.0000515 0.0000515 0.0001029 0.0001544 0.0001544 0.0001029 0.0001544 0.0001544 0.0002058 0.0002058 0.0002573 0.0001029 0.0001029 0.0002058 0.0001544 0.0002573 0.0001544 0.0001544 0.0002058 0.0002058 0.0002573 0.0002573 0.0001544 0.0001544 0.0002058 0.0001544 0.0004632 0.0003602 0.0003602 0.0003088 0.0004117 0.0004117 0.0007722 0.0007207 0.0007207 0.0005662 0.0006177 0.0004117 0.0005662 0.0005662 0.0003602 0.0005147 0.0006177 0.0006177 0.0005147 0.0005147 0.0007207 0.0005662 0.0006692 0.0005662 0.0005662 0.0003088 0.0005147 0.0004632 0.0005147 0.0006692 0.0005147 0.0006177 0.0005662 0.0007722 0.0004632 0.0006692 0.0005662 0.0006177 0.0009277 0.0010826 
EBOV_H.sap-wt_SLE_14_Makona-G3788_KM233075                 1.9072975 1.9269893 1.8975451 1.8988332 1.8999448 1.3255043 1.3535209 0.0317027 0.0317627 0.0321535 0.0321751 0.0368442 0.0377121 0.0361594 0.0329188 0.0020129 0.0017035 0.0011342 0.0011857 0.0006177 0.0006692 0.0006692 0.0009267 0.0010308 0.0011340 0.0015478 0.0004632 0.0000515 0.0000515 0.0000000 0.0001029 0.0001029 0.0001544 0.0002058 0.0002058 0.0001544 0.0002058 0.0002058 0.0002573 0.0002573 0.0003088 0.0001544 0.0001544 0.0002573 0.0002058 0.0003088 0.0002058 0.0002058 0.0002573 0.0002573 0.0003088 0.0003088 0.0002058 0.0002058 0.0002573 0.0002058 0.0005147 0.0004117 0.0004117 0.0003602 0.0004632 0.0004632 0.0008237 0.0007722 0.0007722 0.0006177 0.0006692 0.0004632 0.0006177 0.0006177 0.0004117 0.0005662 0.0006692 0.0006692 0.0005662 0.0005662 0.0007722 0.0006177 0.0007207 0.0006177 0.0006177 0.0003602 0.0005662 0.0005147 0.0005662 0.0007207 0.0005662 0.0006692 0.0006177 0.0008237 0.0005147 0.0007207 0.0006177 0.0006692 0.0009793 0.0011342 
EBOV_H.sap-wt_SLE_14_Makona-G3789.1_KM233076               1.9072258 1.9269170 1.8974738 1.8981650 1.8992765 1.3257335 1.3537505 0.0317022 0.0317623 0.0321531 0.0321747 0.0368437 0.0377116 0.0361589 0.0329184 0.0020129 0.0017034 0.0011342 0.0011857 0.0006177 0.0006692 0.0006692 0.0009267 0.0010308 0.0011340 0.0015478 0.0004632 0.0000515 0.0000515 0.0001029 0.0000000 0.0000010 0.0000515 0.0001029 0.0001029 0.0001544 0.0001029 0.0001029 0.0001544 0.0001544 0.0002058 0.0000515 0.0000515 0.0001544 0.0001029 0.0002058 0.0001029 0.0001029 0.0001544 0.0001544 0.0002058 0.0002058 0.0001029 0.0002058 0.0001544 0.0002058 0.0004117 0.0003088 0.0003088 0.0002573 0.0003602 0.0003602 0.0007207 0.0006692 0.0006692 0.0005147 0.0005662 0.0003602 0.0006177 0.0006177 0.0004117 0.0005662 0.0006692 0.0006692 0.0004632 0.0004632 0.0007722 0.0006177 0.0007207 0.0006177 0.0006177 0.0003602 0.0004632 0.0004117 0.0004632 0.0007207 0.0004632 0.0005662 0.0005147 0.0008237 0.0005147 0.0006177 0.0006177 0.0006692 0.0009793 0.0011342 
EBOV_H.sap-wt_SLE_14_Makona-G3825.1_KM233098               1.9072258 1.9269170 1.8974738 1.8981650 1.8992765 1.3257335 1.3537505 0.0317022 0.0317623 0.0321531 0.0321747 0.0368437 0.0377116 0.0361589 0.0329184 0.0020129 0.0017034 0.0011342 0.0011857 0.0006177 0.0006692 0.0006692 0.0009267 0.0010308 0.0011340 0.0015478 0.0004632 0.0000515 0.0000515 0.0001029 0.0000010 0.0000000 0.0000515 0.0001029 0.0001029 0.0001544 0.0001029 0.0001029 0.0001544 0.0001544 0.0002058 0.0000515 0.0000515 0.0001544 0.0001029 0.0002058 0.0001029 0.0001029 0.0001544 0.0001544 0.0002058 0.0002058 0.0001029 0.0002058 0.0001544 0.0002058 0.0004117 0.0003088 0.0003088 0.0002573 0.0003602 0.0003602 0.0007207 0.0006692 0.0006692 0.0005147 0.0005662 0.0003602 0.0006177 0.0006177 0.0004117 0.0005662 0.0006692 0.0006692 0.0004632 0.0004632 0.0007722 0.0006177 0.0007207 0.0006177 0.0006177 0.0003602 0.0004632 0.0004117 0.0004632 0.0007207 0.0004632 0.0005662 0.0005147 0.0008237 0.0005147 0.0006177 0.0006177 0.0006692 0.0009793 0.0011342 
EBOV_H.sap-wt_SLE_14_Makona-G5296_1_KR105303               1.9070076 1.9266975 1.8972562 1.8981414 1.8992529 1.3255754 1.3535911 0.0317587 0.0318188 0.0322096 0.0322313 0.0369010 0.0377690 0.0362161 0.0329751 0.0020647 0.0017552 0.0011859 0.0012373 0.0006692 0.0007207 0.0007207 0.0009782 0.0010824 0.0011856 0.0015995 0.0005147 0.0001029 0.0001029 0.0001544 0.0000515 0.0000515 0.0000000 0.0000515 0.0000515 0.0002058 0.0001544 0.0001544 0.0002058 0.0002058 0.0002573 0.0001029 0.0001029 0.0002058 0.0001544 0.0002573 0.0001544 0.0001544 0.0002058 0.0002058 0.0002573 0.0002573 0.0001544 0.0002573 0.0002058 0.0002573 0.0004632 0.0003602 0.0003602 0.0003088 0.0004117 0.0003088 0.0006692 0.0006177 0.0006177 0.0004632 0.0005147 0.0003088 0.0006692 0.0006692 0.0004632 0.0006177 0.0007207 0.0007207 0.0005147 0.0004117 0.0008237 0.0006692 0.0007722 0.0006692 0.0006692 0.0004117 0.0005147 0.0004632 0.0004117 0.0007722 0.0005147 0.0006177 0.0005662 0.0008752 0.0005662 0.0005662 0.0006692 0.0007207 0.0010309 0.0011858 
EBOV_H.sap-wt_SLE_14_Makona-Bombali-J0022_KP759757         1.9073419 1.9270325 1.8975901 1.8984755 1.8995871 1.3258491 1.3538653 0.0318152 0.0318753 0.0322662 0.0322879 0.0369583 0.0378265 0.0362733 0.0330318 0.0021164 0.0018069 0.0012375 0.0012890 0.0007207 0.0007722 0.0007722 0.0010308 0.0011340 0.0012373 0.0016512 0.0005662 0.0001544 0.0001544 0.0002058 0.0001029 0.0001029 0.0000515 0.0000000 0.0000010 0.0002573 0.0002058 0.0002058 0.0002573 0.0002573 0.0003088 0.0001544 0.0001544 0.0002573 0.0002058 0.0003088 0.0002058 0.0002058 0.0002573 0.0002573 0.0003088 0.0003088 0.0002058 0.0003088 0.0002573 0.0003088 0.0005147 0.0004117 0.0004117 0.0003602 0.0004632 0.0003602 0.0007207 0.0006692 0.0006692 0.0005147 0.0005662 0.0003602 0.0007207 0.0007207 0.0005147 0.0006692 0.0007722 0.0007722 0.0005662 0.0004632 0.0008752 0.0007207 0.0008237 0.0007207 0.0007207 0.0004632 0.0005662 0.0005147 0.0004632 0.0008237 0.0005662 0.0006692 0.0006177 0.0009267 0.0006177 0.0006177 0.0007207 0.0007722 0.0010825 0.0012375 
EBOV_H.sap-wt_SLE_14_Makona-Bombali-J0019_KP759754         1.9073419 1.9270325 1.8975901 1.8984755 1.8995871 1.3258491 1.3538653 0.0318152 0.0318753 0.0322662 0.0322879 0.0369583 0.0378265 0.0362733 0.0330318 0.0021164 0.0018069 0.0012375 0.0012890 0.0007207 0.0007722 0.0007722 0.0010308 0.0011340 0.0012373 0.0016512 0.0005662 0.0001544 0.0001544 0.0002058 0.0001029 0.0001029 0.0000515 0.0000010 0.0000000 0.0002573 0.0002058 0.0002058 0.0002573 0.0002573 0.0003088 0.0001544 0.0001544 0.0002573 0.0002058 0.0003088 0.0002058 0.0002058 0.0002573 0.0002573 0.0003088 0.0003088 0.0002058 0.0003088 0.0002573 0.0003088 0.0005147 0.0004117 0.0004117 0.0003602 0.0004632 0.0003602 0.0007207 0.0006692 0.0006692 0.0005147 0.0005662 0.0003602 0.0007207 0.0007207 0.0005147 0.0006692 0.0007722 0.0007722 0.0005662 0.0004632 0.0008752 0.0007207 0.0008237 0.0007207 0.0007207 0.0004632 0.0005662 0.0005147 0.0004632 0.0008237 0.0005662 0.0006692 0.0006177 0.0009267 0.0006177 0.0006177 0.0007207 0.0007722 0.0010825 0.0012375 
EBOV_H.sap-wt_LBR_15_Makona-Liberia-DQE4_KR074998          1.9072735 1.9269643 1.8975216 1.8985704 1.8996821 1.3256205 1.3535680 0.0316466 0.0317066 0.0320974 0.0321190 0.0369015 0.0377695 0.0362166 0.0329755 0.0020647 0.0017552 0.0011859 0.0012373 0.0006692 0.0007207 0.0007207 0.0009782 0.0010824 0.0011857 0.0015995 0.0005147 0.0001029 0.0001029 0.0001544 0.0001544 0.0001544 0.0002058 0.0002573 0.0002573 0.0000000 0.0002573 0.0002573 0.0003088 0.0003088 0.0003602 0.0002058 0.0002058 0.0003088 0.0002573 0.0003602 0.0002573 0.0002573 0.0003088 0.0003088 0.0003602 0.0003602 0.0002573 0.0002573 0.0003088 0.0002573 0.0005662 0.0004632 0.0004632 0.0004117 0.0005147 0.0005147 0.0008752 0.0008237 0.0008237 0.0006692 0.0007207 0.0005147 0.0006692 0.0006692 0.0004632 0.0006177 0.0007207 0.0007207 0.0006177 0.0006177 0.0008237 0.0006692 0.0007722 0.0006692 0.0006692 0.0004117 0.0006177 0.0005662 0.0006177 0.0007722 0.0006177 0.0007207 0.0006692 0.0008752 0.0005662 0.0007722 0.0006692 0.0007207 0.0010309 0.0011858 
EBOV_H.sap-wt_SLE_14_Makona-G3735.2_KM233057               1.9090182 1.9287301 1.8992554 1.8980120 1.8991234 1.3268258 1.3548604 0.0318193 0.0318793 0.0322703 0.0322920 0.0369631 0.0378314 0.0362780 0.0330360 0.0021167 0.0018072 0.0012377 0.0012891 0.0007207 0.0007722 0.0007722 0.0010309 0.0011342 0.0012374 0.0016514 0.0005662 0.0001544 0.0001544 0.0002058 0.0001029 0.0001029 0.0001544 0.0002058 0.0002058 0.0002573 0.0000000 0.0000010 0.0000515 0.0000515 0.0001029 0.0000515 0.0000515 0.0002573 0.0002058 0.0003088 0.0002058 0.0002058 0.0002573 0.0002573 0.0003088 0.0003088 0.0002058 0.0003088 0.0002573 0.0003088 0.0005147 0.0004117 0.0004117 0.0003602 0.0002573 0.0004632 0.0008237 0.0007722 0.0007722 0.0006177 0.0006692 0.0004632 0.0007207 0.0007207 0.0005147 0.0006692 0.0007722 0.0007722 0.0005662 0.0005662 0.0008752 0.0007207 0.0008237 0.0007207 0.0007207 0.0004632 0.0005662 0.0005147 0.0005662 0.0008237 0.0005662 0.0006692 0.0006177 0.0009277 0.0006177 0.0007207 0.0007207 0.0007722 0.0010827 0.0012376 
EBOV_H.sap-wt_SLE_14_Makona-G3827_KM233101                 1.9090182 1.9287301 1.8992554 1.8980120 1.8991234 1.3268258 1.3548604 0.0318193 0.0318793 0.0322703 0.0322920 0.0369631 0.0378314 0.0362780 0.0330360 0.0021167 0.0018072 0.0012377 0.0012891 0.0007207 0.0007722 0.0007722 0.0010309 0.0011342 0.0012374 0.0016514 0.0005662 0.0001544 0.0001544 0.0002058 0.0001029 0.0001029 0.0001544 0.0002058 0.0002058 0.0002573 0.0000010 0.0000000 0.0000515 0.0000515 0.0001029 0.0000515 0.0000515 0.0002573 0.0002058 0.0003088 0.0002058 0.0002058 0.0002573 0.0002573 0.0003088 0.0003088 0.0002058 0.0003088 0.0002573 0.0003088 0.0005147 0.0004117 0.0004117 0.0003602 0.0002573 0.0004632 0.0008237 0.0007722 0.0007722 0.0006177 0.0006692 0.0004632 0.0007207 0.0007207 0.0005147 0.0006692 0.0007722 0.0007722 0.0005662 0.0005662 0.0008752 0.0007207 0.0008237 0.0007207 0.0007207 0.0004632 0.0005662 0.0005147 0.0005662 0.0008237 0.0005662 0.0006692 0.0006177 0.0009277 0.0006177 0.0007207 0.0007207 0.0007722 0.0010827 0.0012376 
EBOV_H.sap-wt_SLE_14_Makona-EM124.3_KM233047               1.9092707 1.9289822 1.8995080 1.8982647 1.8993761 1.3270562 1.3550900 0.0318757 0.0319357 0.0323267 0.0323485 0.0370202 0.0378886 0.0363350 0.0330926 0.0021685 0.0018589 0.0012893 0.0013408 0.0007722 0.0008237 0.0008237 0.0010825 0.0011858 0.0012891 0.0017031 0.0006177 0.0002058 0.0002058 0.0002573 0.0001544 0.0001544 0.0002058 0.0002573 0.0002573 0.0003088 0.0000515 0.0000515 0.0000000 0.0001029 0.0001544 0.0001029 0.0001029 0.0003088 0.0002573 0.0003602 0.0002573 0.0002573 0.0003088 0.0003088 0.0003602 0.0003602 0.0002573 0.0003602 0.0003088 0.0003602 0.0005662 0.0004632 0.0004632 0.0004117 0.0002058 0.0005147 0.0008752 0.0008237 0.0008237 0.0006692 0.0007207 0.0005147 0.0007722 0.0007722 0.0005662 0.0007207 0.0008237 0.0008237 0.0006177 0.0006177 0.0009267 0.0007722 0.0008752 0.0007722 0.0007722 0.0005147 0.0006177 0.0005662 0.0006177 0.0008752 0.0006177 0.0007207 0.0006692 0.0009793 0.0006692 0.0007722 0.0007722 0.0008237 0.0011343 0.0012893 
