94
RESTV_M.fas-tc_USA_89_Philippines89-Pennsylvania_NC_004161 0.0000000 0.0258946 0.0341246 1.8549909 1.8534302 2.1501984 2.1210498 1.7806393 1.7802493 1.7803962 1.7815255 1.8100888 1.8126214 1.8114777 1.8113682 1.8113613 1.8132664 1.8133468 1.8135993 1.8162292 1.8141738 1.8137254 1.8163892 1.8148662 1.8148662 1.8129539 1.8112088 1.8132910 1.8144101 1.8139480 1.8133468 1.8174876 1.8138288 1.8140046 1.8140046 1.8119985 1.8136194 1.8162651 1.8121968 1.8121968 1.8120624 1.8130936 1.8135950 1.8152086 1.8130943 1.8123172 1.8132422 1.8132422 1.8135993 1.8135993 1.8137409 1.8142685 1.8137991 1.8137991 1.8148269 1.8142095 1.8141272 1.8133054 1.8135586 1.8110161 1.8128383 1.8130955 1.8131516 1.8132216 1.8126301 1.8123148 1.8135295 1.8131805 1.8125332 1.8126448 1.8126448 1.8127857 1.8128786 1.8142172 1.8146459 1.8140619 1.8138187 1.8137375 1.8142361 1.8130265 1.8127810 1.8137577 1.8145217 1.8131568 1.8102471 1.8102471 1.8108287 1.8112301 1.8112181 1.8117856 1.8085266 1.8097589 1.8065989 1.8028538 
RESTV_S.dom-tc_PHL_08_Reston08-A_FJ621583                  0.0258946 0.0000000 0.0513737 1.8689217 1.8673410 2.1757643 2.1393983 1.7954098 1.7950176 1.7951656 1.7961271 1.8267777 1.8287632 1.8281837 1.8279668 1.8279595 1.8298467 1.8299276 1.8301817 1.8328497 1.8307659 1.8303089 1.8330605 1.8314733 1.8314733 1.8295319 1.8277621 1.8298728 1.8310056 1.8305392 1.8299276 1.8341413 1.8304194 1.8305975 1.8305975 1.8285646 1.8302034 1.8326481 1.8282570 1.8282570 1.8286285 1.8296730 1.8301848 1.8318162 1.8296734 1.8288847 1.8298237 1.8298237 1.8301817 1.8301817 1.8303249 1.8293489 1.8308864 1.8308864 1.8312245 1.8305972 1.8307209 1.8303887 1.8301417 1.8270575 1.8294116 1.8296681 1.8296842 1.8298002 1.8291983 1.8288741 1.8301042 1.8297607 1.8291020 1.8292132 1.8292132 1.8293560 1.8294547 1.8313129 1.8312507 1.8306514 1.8304068 1.8303214 1.8308228 1.8296046 1.8293576 1.8301411 1.8311168 1.8297765 1.8268256 1.8268256 1.8274116 1.8278161 1.8274931 1.8280709 1.8268292 1.8277581 1.8238854 1.8202038 
RESTV_S.dom-xx_PHL_08_Reston08-C_FJ621584                  0.0341246 0.0513737 0.0000000 1.8637023 1.8621296 2.1672748 2.1232545 1.7786735 1.7782833 1.7784303 1.7797186 1.8071062 1.8110341 1.8100941 1.8099841 1.8099772 1.8118841 1.8119646 1.8122174 1.8148492 1.8127922 1.8123029 1.8150086 1.8136899 1.8136899 1.8115712 1.8098248 1.8119086 1.8130287 1.8125661 1.8119646 1.8166820 1.8127745 1.8129505 1.8129505 1.8106149 1.8122374 1.8148844 1.8108140 1.8108140 1.8106790 1.8117110 1.8122125 1.8138277 1.8117118 1.8109341 1.8119716 1.8119716 1.8122174 1.8122174 1.8121542 1.8128869 1.8125291 1.8125291 1.8131471 1.8125294 1.8127454 1.8119230 1.8121766 1.8098374 1.8112099 1.8116726 1.8117289 1.8117984 1.8112067 1.8109324 1.8116490 1.8117980 1.8111505 1.8112623 1.8112623 1.8114033 1.8113840 1.8123359 1.8132234 1.8126804 1.8126419 1.8123558 1.8128551 1.8116439 1.8115806 1.8128750 1.8131405 1.8117743 1.8088626 1.8088626 1.8094449 1.8094597 1.8098342 1.8104019 1.8061397 1.8071675 1.8047488 1.7990624 
SUDV_H.sap-xx_UGA_12_EboSud-603_KC545390                   1.8549909 1.8689217 1.8637023 0.0000000 0.0001549 2.2535844 2.2655252 1.9100682 1.9100621 1.9103244 1.9100783 1.9409872 1.9463464 1.9440062 1.9473160 1.9470567 1.9477758 1.9499465 1.9502060 1.9526049 1.9505484 1.9499246 1.9503854 1.9521982 1.9521982 1.9502273 1.9525398 1.9504101 1.9486474 1.9502178 1.9499465 1.9474924 1.9489044 1.9487967 1.9487967 1.9510974 1.9516869 1.9545355 1.9504217 1.9504217 1.9505776 1.9501983 1.9506713 1.9482905 1.9502803 1.9489161 1.9501009 1.9501009 1.9502060 1.9502060 1.9499542 1.9493030 1.9512656 1.9512656 1.9520410 1.9511390 1.9512217 1.9500213 1.9501735 1.9516748 1.9494089 1.9506382 1.9503200 1.9516236 1.9506552 1.9498666 1.9510390 1.9503682 1.9506713 1.9501621 1.9501621 1.9511912 1.9502393 1.9506606 1.9522605 1.9481058 1.9483225 1.9493294 1.9492242 1.9501735 1.9503256 1.9495931 1.9513166 1.9500137 1.9469935 1.9469935 1.9466934 1.9483873 1.9479881 1.9490347 1.9290152 1.9351769 1.9252253 1.9192433 
SUDV_H.sap-xx_UGA_12_EboSud-609_KC545391                   1.8534302 1.8673410 1.8621296 0.0001549 0.0000000 2.2514439 2.2658608 1.9100682 1.9100621 1.9103244 1.9100783 1.9415459 1.9469064 1.9445656 1.9478761 1.9476168 1.9483360 1.9505072 1.9507667 1.9531663 1.9511093 1.9504847 1.9509460 1.9527594 1.9527594 1.9507879 1.9531010 1.9509709 1.9492079 1.9507787 1.9505072 1.9480527 1.9494649 1.9493571 1.9493571 1.9516583 1.9522480 1.9550971 1.9509829 1.9509829 1.9511385 1.9507590 1.9512323 1.9488508 1.9508410 1.9494766 1.9506617 1.9506617 1.9507667 1.9507667 1.9505149 1.9498634 1.9518262 1.9518262 1.9526022 1.9517000 1.9517827 1.9505821 1.9507342 1.9522356 1.9499694 1.9511993 1.9508810 1.9521849 1.9512162 1.9504274 1.9516000 1.9509290 1.9512323 1.9507231 1.9507231 1.9517522 1.9508001 1.9512216 1.9528217 1.9486661 1.9488828 1.9498901 1.9497850 1.9507342 1.9508864 1.9501537 1.9518777 1.9505744 1.9475536 1.9475536 1.9472534 1.9489477 1.9485484 1.9495952 1.9290152 1.9351769 1.9252253 1.9192433 
TAFV_H.sap-tc_CIV_94_Pauleoula-CI_NC_014372                2.1501984 2.1757643 2.1672748 2.2535844 2.2514439 0.0000000 0.7915840 1.3071288 1.3072299 1.3069116 1.3080149 1.3324077 1.3311916 1.3320250 1.3335128 1.3335176 1.3313920 1.3305637 1.3307739 1.3329809 1.3314327 1.3314216 1.3335012 1.3325293 1.3325293 1.3311129 1.3308967 1.3312573 1.3309740 1.3305688 1.3305637 1.3320888 1.3300744 1.3297744 1.3297744 1.3307824 1.3311913 1.3332522 1.3304407 1.3304407 1.3306858 1.3306218 1.3309740 1.3308616 1.3305637 1.3313494 1.3309353 1.3309353 1.3307739 1.3307739 1.3307158 1.3311791 1.3322614 1.3322614 1.3319035 1.3311453 1.3314082 1.3308320 1.3307739 1.3330442 1.3308348 1.3319369 1.3309847 1.3314876 1.3310806 1.3315351 1.3312423 1.3324214 1.3312825 1.3312873 1.3312825 1.3316065 1.3295306 1.3322724 1.3316279 1.3313666 1.3311604 1.3309819 1.3309819 1.3307739 1.3308233 1.3317142 1.3312715 1.3305184 1.3305666 1.3305666 1.3309753 1.3314035 1.3299075 1.3302328 1.3249404 1.3268620 1.3250520 1.3179514 
BDBV_H.sap-xx_COD_12_EboBund-122_KC545395                  2.1210498 2.1393983 2.1232545 2.2655252 2.2658608 0.7915840 0.0000000 1.3333274 1.3331200 1.3332692 1.3353732 1.3477046 1.3477135 1.3477341 1.3465947 1.3465992 1.3455612 1.3447791 1.3449916 1.3462847 1.3450377 1.3441868 1.3452331 1.3456669 1.3456669 1.3465495 1.3442156 1.3454280 1.3453470 1.3452375 1.3447791 1.3472847 1.3442317 1.3440436 1.3440436 1.3436725 1.3441884 1.3483861 1.3440939 1.3440939 1.3438866 1.3449864 1.3448857 1.3464552 1.3445665 1.3449497 1.3449378 1.3449378 1.3445214 1.3445214 1.3443140 1.3444459 1.3456413 1.3456413 1.3455102 1.3449035 1.3451669 1.3447287 1.3432146 1.3459995 1.3436297 1.3436292 1.3434145 1.3440757 1.3436173 1.3438090 1.3439444 1.3448082 1.3439855 1.3436780 1.3438367 1.3438424 1.3439501 1.3451264 1.3464950 1.3452730 1.3454990 1.3446811 1.3446811 1.3447745 1.3447206 1.3458043 1.3454369 1.3464665 1.3445335 1.3445335 1.3450669 1.3456598 1.3444378 1.3447709 1.3518921 1.3533683 1.3546313 1.3455324 
EBOV_H.sap-tc_COD_07_1Luebo_KC242786                       1.7806393 1.7954098 1.7786735 1.9100682 1.9100682 1.3071288 1.3333274 0.0000000 0.0001017 0.0001526 0.0008650 0.0316132 0.0310997 0.0310459 0.0310466 0.0311023 0.0316782 0.0311636 0.0312188 0.0317859 0.0318374 0.0317806 0.0320030 0.0316679 0.0316679 0.0316111 0.0318350 0.0316658 0.0312784 0.0313305 0.0311636 0.0320207 0.0312191 0.0313876 0.0313876 0.0313215 0.0313778 0.0320597 0.0316001 0.0316001 0.0311555 0.0312187 0.0313309 0.0316653 0.0312193 0.0313893 0.0313296 0.0313296 0.0312188 0.0312188 0.0312744 0.0312228 0.0315529 0.0315529 0.0316095 0.0316639 0.0312782 0.0312740 0.0313329 0.0318327 0.0317276 0.0316091 0.0317204 0.0316667 0.0313870 0.0314438 0.0313311 0.0316107 0.0313316 0.0314982 0.0314425 0.0313870 0.0314963 0.0316716 0.0315675 0.0313988 0.0316201 0.0315648 0.0316757 0.0312188 0.0313302 0.0317772 0.0315528 0.0308213 0.0305949 0.0305949 0.0305386 0.0311527 0.0307691 0.0308283 0.0243600 0.0252962 0.0235397 0.0206258 
EBOV_H.sap-tc_COD_07_M-M_HQ613403                          1.7802493 1.7950176 1.7782833 1.9100621 1.9100621 1.3072299 1.3331200 0.0001017 0.0000000 0.0001526 0.0008650 0.0316128 0.0310993 0.0310455 0.0310462 0.0311019 0.0316778 0.0311632 0.0312184 0.0317855 0.0318370 0.0317802 0.0320025 0.0316675 0.0316675 0.0316107 0.0318346 0.0316654 0.0312780 0.0313301 0.0311632 0.0320203 0.0312187 0.0313872 0.0313872 0.0313211 0.0313774 0.0320593 0.0315997 0.0315997 0.0311551 0.0312183 0.0313304 0.0316649 0.0312189 0.0313889 0.0313292 0.0313292 0.0312184 0.0312184 0.0312740 0.0312224 0.0315525 0.0315525 0.0316091 0.0316635 0.0312778 0.0312736 0.0313325 0.0318323 0.0317272 0.0316087 0.0317200 0.0316663 0.0313866 0.0314434 0.0313307 0.0316103 0.0313312 0.0314978 0.0314421 0.0313865 0.0314959 0.0316712 0.0315671 0.0313984 0.0316197 0.0315644 0.0316753 0.0312184 0.0313298 0.0317768 0.0315523 0.0308209 0.0305945 0.0305945 0.0305382 0.0311523 0.0307687 0.0308279 0.0243597 0.0252958 0.0235394 0.0206255 
EBOV_H.sap-tc_COD_07_5Luebo_KC242790                       1.7803962 1.7951656 1.7784303 1.9103244 1.9103244 1.3069116 1.3332692 0.0001526 0.0001526 0.0000000 0.0009159 0.0315580 0.0310446 0.0309907 0.0309915 0.0310472 0.0316229 0.0311084 0.0311637 0.0317306 0.0317821 0.0317253 0.0319477 0.0316127 0.0316127 0.0315558 0.0317797 0.0316105 0.0312232 0.0312753 0.0311084 0.0319654 0.0311639 0.0313324 0.0313324 0.0312664 0.0313226 0.0320045 0.0315449 0.0315449 0.0311004 0.0311636 0.0312757 0.0316100 0.0311641 0.0313341 0.0312744 0.0312744 0.0311637 0.0311637 0.0312192 0.0311676 0.0314977 0.0314977 0.0315543 0.0316087 0.0312230 0.0312188 0.0312777 0.0317775 0.0316724 0.0315539 0.0316651 0.0316114 0.0313318 0.0313886 0.0312759 0.0315554 0.0312764 0.0314430 0.0313873 0.0313317 0.0314411 0.0316164 0.0315123 0.0313436 0.0315648 0.0315095 0.0316204 0.0311637 0.0312750 0.0317220 0.0314975 0.0307662 0.0305398 0.0305398 0.0304835 0.0310976 0.0307140 0.0307732 0.0244146 0.0253508 0.0235940 0.0206797 
EBOV_H.sap-tc_COD_08_034-KS_HQ613402                       1.7815255 1.7961271 1.7797186 1.9100783 1.9100783 1.3080149 1.3353732 0.0008650 0.0008650 0.0009159 0.0000000 0.0323423 0.0318275 0.0317736 0.0317743 0.0318302 0.0324076 0.0318916 0.0319470 0.0325154 0.0325669 0.0325100 0.0327328 0.0323971 0.0323971 0.0323401 0.0325119 0.0323424 0.0320068 0.0320590 0.0318916 0.0327509 0.0319473 0.0321162 0.0321162 0.0320498 0.0321061 0.0327897 0.0323289 0.0323289 0.0318834 0.0319469 0.0320593 0.0323944 0.0319475 0.0321179 0.0320580 0.0320580 0.0319470 0.0319470 0.0320027 0.0319511 0.0322817 0.0322817 0.0323385 0.0323930 0.0320066 0.0320023 0.0320614 0.0324508 0.0324570 0.0323381 0.0324495 0.0323958 0.0321155 0.0321725 0.0320595 0.0323397 0.0320601 0.0322270 0.0321711 0.0321155 0.0322250 0.0324008 0.0322967 0.0321276 0.0323493 0.0322939 0.0324050 0.0319470 0.0320586 0.0325065 0.0322816 0.0315485 0.0313216 0.0313216 0.0312651 0.0318805 0.0314962 0.0315557 0.0249155 0.0258534 0.0240936 0.0212813 
EBOV_H.sap-wt_GIN_14_Makona-Gueckedou-EM_080076_KR817235   1.8100888 1.8267777 1.8071062 1.9409872 1.9415459 1.3324077 1.3477046 0.0316132 0.0316128 0.0315580 0.0323423 0.0000000 0.0014277 0.0013255 0.0019394 0.0019906 0.0026573 0.0019397 0.0019909 0.0025553 0.0025548 0.0026059 0.0027085 0.0024008 0.0024008 0.0024525 0.0025546 0.0025032 0.0020423 0.0020933 0.0019397 0.0028127 0.0020933 0.0022470 0.0022470 0.0021445 0.0021958 0.0029146 0.0024007 0.0024007 0.0020934 0.0019909 0.0020933 0.0024006 0.0019909 0.0021447 0.0020932 0.0020932 0.0019909 0.0019909 0.0020421 0.0019911 0.0024005 0.0024005 0.0023494 0.0024006 0.0020423 0.0020420 0.0020934 0.0026062 0.0024524 0.0023494 0.0024518 0.0024007 0.0021445 0.0021958 0.0021957 0.0023495 0.0020934 0.0022470 0.0021957 0.0021445 0.0022468 0.0024012 0.0023503 0.0022988 0.0024012 0.0022990 0.0024015 0.0019909 0.0020933 0.0025032 0.0024005 0.0016324 0.0015299 0.0015299 0.0014788 0.0020414 0.0016837 0.0017350 0.0373144 0.0384032 0.0363489 0.0332108 
EBOV_H.sap-wt_GIN_14_Makona-Gueckedou-EM_079702_KR817210   1.8126214 1.8287632 1.8110341 1.9463464 1.9469064 1.3311916 1.3477135 0.0310997 0.0310993 0.0310446 0.0318275 0.0014277 0.0000000 0.0009161 0.0014276 0.0014787 0.0021441 0.0014279 0.0014789 0.0020422 0.0020418 0.0020929 0.0021953 0.0018881 0.0018881 0.0019397 0.0020417 0.0019903 0.0015302 0.0015812 0.0014279 0.0022990 0.0015811 0.0017346 0.0017346 0.0016323 0.0016834 0.0024009 0.0018880 0.0018880 0.0015812 0.0014789 0.0015812 0.0018880 0.0014789 0.0016324 0.0015811 0.0015811 0.0014789 0.0014789 0.0015300 0.0014791 0.0018879 0.0018879 0.0018368 0.0018879 0.0015302 0.0015300 0.0015813 0.0020931 0.0019395 0.0018368 0.0019391 0.0018881 0.0016323 0.0016835 0.0016834 0.0018369 0.0015812 0.0017346 0.0016834 0.0016323 0.0017345 0.0018884 0.0018375 0.0017862 0.0018885 0.0017863 0.0018887 0.0014789 0.0015811 0.0019904 0.0018879 0.0011211 0.0010179 0.0010179 0.0009670 0.0015295 0.0011723 0.0012235 0.0367902 0.0378771 0.0359389 0.0326942 
EBOV_H.sap-wt_GIN_14_Makona-Gueckedou-EM_079587_KR817202   1.8114777 1.8281837 1.8100941 1.9440062 1.9445656 1.3320250 1.3477341 0.0310459 0.0310455 0.0309907 0.0317736 0.0013255 0.0009161 0.0000000 0.0012233 0.0012744 0.0019394 0.0012235 0.0012746 0.0018374 0.0018371 0.0018882 0.0019905 0.0016835 0.0016835 0.0017350 0.0018370 0.0017857 0.0012746 0.0013767 0.0012235 0.0020941 0.0013767 0.0015301 0.0015301 0.0014279 0.0014790 0.0021959 0.0016834 0.0016834 0.0013768 0.0012746 0.0013768 0.0016834 0.0012746 0.0014280 0.0013767 0.0013767 0.0012746 0.0012746 0.0013256 0.0012747 0.0016833 0.0016833 0.0016323 0.0016833 0.0013258 0.0013256 0.0013768 0.0018884 0.0017349 0.0016323 0.0017345 0.0016835 0.0014279 0.0014790 0.0014789 0.0016323 0.0013768 0.0015301 0.0014789 0.0014279 0.0015300 0.0016838 0.0016329 0.0015816 0.0016838 0.0015817 0.0016840 0.0012746 0.0013767 0.0017857 0.0016833 0.0009161 0.0008142 0.0008142 0.0007633 0.0013252 0.0009682 0.0010193 0.0366230 0.0377095 0.0357720 0.0326401 
EBOV_H.sap-wt_GIN_14_Makona-Gueckedou-EM_079750_KR817213   1.8113682 1.8279668 1.8099841 1.9473160 1.9478761 1.3335128 1.3465947 0.0310466 0.0310462 0.0309915 0.0317743 0.0019394 0.0014276 0.0012233 0.0000000 0.0000509 0.0019394 0.0012235 0.0012746 0.0018375 0.0018371 0.0018882 0.0019905 0.0016836 0.0016836 0.0017350 0.0018370 0.0017857 0.0013258 0.0013768 0.0012235 0.0020941 0.0013768 0.0015301 0.0015301 0.0014279 0.0014790 0.0021959 0.0016834 0.0016834 0.0013768 0.0012746 0.0013768 0.0016834 0.0012746 0.0014280 0.0013767 0.0013767 0.0012746 0.0012746 0.0013257 0.0012748 0.0016834 0.0016834 0.0016323 0.0016834 0.0013258 0.0013257 0.0013769 0.0018884 0.0017349 0.0016323 0.0017345 0.0016835 0.0014279 0.0014790 0.0014790 0.0016324 0.0013768 0.0015301 0.0014790 0.0014279 0.0015300 0.0016838 0.0016329 0.0015816 0.0016839 0.0015818 0.0016840 0.0012746 0.0013768 0.0017857 0.0016834 0.0009161 0.0008142 0.0008142 0.0007633 0.0013252 0.0009682 0.0010193 0.0367367 0.0378235 0.0357730 0.0326409 
EBOV_H.sap-wt_GIN_14_Makona-Gueckedou-EM_079910_KR817221   1.8113613 1.8279595 1.8099772 1.9470567 1.9476168 1.3335176 1.3465992 0.0311023 0.0311019 0.0310472 0.0318302 0.0019906 0.0014787 0.0012744 0.0000509 0.0000000 0.0019906 0.0012746 0.0013257 0.0018887 0.0018883 0.0019394 0.0020417 0.0017347 0.0017347 0.0017862 0.0018882 0.0018369 0.0013769 0.0014279 0.0012746 0.0021453 0.0014278 0.0015812 0.0015812 0.0014790 0.0015301 0.0022472 0.0017346 0.0017346 0.0014279 0.0013257 0.0014279 0.0017346 0.0013257 0.0014791 0.0014278 0.0014278 0.0013257 0.0013257 0.0013768 0.0013258 0.0017345 0.0017345 0.0016834 0.0017345 0.0013769 0.0013767 0.0014280 0.0019396 0.0017861 0.0016834 0.0017857 0.0017346 0.0014790 0.0015301 0.0015301 0.0016835 0.0014279 0.0015812 0.0015301 0.0014790 0.0015811 0.0017350 0.0016840 0.0016328 0.0017350 0.0016329 0.0017352 0.0013257 0.0014278 0.0018369 0.0017345 0.0009681 0.0008652 0.0008652 0.0008142 0.0013763 0.0010192 0.0010704 0.0367933 0.0378803 0.0358294 0.0326969 
EBOV_H.sap-wt_LBR_14_Makona-LIBR0430_KR006955              1.8132664 1.8298467 1.8118841 1.9477758 1.9483360 1.3313920 1.3455612 0.0316782 0.0316778 0.0316229 0.0324076 0.0026573 0.0021441 0.0019394 0.0019394 0.0019906 0.0000000 0.0007124 0.0007633 0.0013256 0.0013253 0.0013763 0.0014785 0.0011721 0.0011721 0.0012234 0.0013252 0.0012741 0.0008142 0.0008652 0.0007124 0.0015816 0.0008652 0.0010179 0.0010179 0.0009161 0.0009670 0.0016834 0.0011720 0.0011720 0.0008652 0.0007633 0.0008652 0.0011720 0.0007633 0.0009161 0.0008652 0.0008652 0.0007633 0.0007633 0.0008142 0.0007633 0.0011719 0.0011719 0.0011210 0.0011719 0.0008142 0.0008142 0.0008652 0.0013765 0.0012233 0.0011209 0.0012230 0.0011720 0.0009161 0.0009670 0.0009670 0.0011210 0.0008652 0.0010179 0.0009670 0.0009161 0.0010179 0.0011723 0.0011214 0.0010702 0.0011723 0.0010703 0.0011724 0.0007633 0.0008652 0.0012741 0.0011719 0.0010191 0.0015299 0.0015299 0.0014788 0.0020415 0.0016837 0.0017351 0.0372571 0.0383457 0.0362917 0.0331541 
EBOV_H.sap-wt_SLE_14_Makona-G3734.1_KM233055               1.8133468 1.8299276 1.8119646 1.9499465 1.9505072 1.3305637 1.3447791 0.0311636 0.0311632 0.0311084 0.0318916 0.0019397 0.0014279 0.0012235 0.0012235 0.0012746 0.0007124 0.0000000 0.0000509 0.0006106 0.0006106 0.0006615 0.0007633 0.0004579 0.0004579 0.0005088 0.0006106 0.0005597 0.0001017 0.0001526 0.0000010 0.0008664 0.0001526 0.0003052 0.0003052 0.0002035 0.0002544 0.0009681 0.0004579 0.0004579 0.0001526 0.0000509 0.0001526 0.0004579 0.0000509 0.0002035 0.0001526 0.0001526 0.0000509 0.0000509 0.0001017 0.0000509 0.0004579 0.0004579 0.0004070 0.0004579 0.0001017 0.0001017 0.0001526 0.0006615 0.0005088 0.0004070 0.0005088 0.0004579 0.0002035 0.0002544 0.0002544 0.0004070 0.0001526 0.0003052 0.0002544 0.0002035 0.0003052 0.0004579 0.0004070 0.0003561 0.0004579 0.0003561 0.0004579 0.0000509 0.0001526 0.0005597 0.0004579 0.0003052 0.0008142 0.0008142 0.0007633 0.0013255 0.0009684 0.0010195 0.0367438 0.0378308 0.0357799 0.0326472 
EBOV_H.sap-wt_LBR_15_Makona-Liberia-DQE4_KR074998          1.8135993 1.8301817 1.8122174 1.9502060 1.9507667 1.3307739 1.3449916 0.0312188 0.0312184 0.0311637 0.0319470 0.0019909 0.0014789 0.0012746 0.0012746 0.0013257 0.0007633 0.0000509 0.0000000 0.0006615 0.0006615 0.0007124 0.0008142 0.0005088 0.0005088 0.0005597 0.0006615 0.0006106 0.0001526 0.0002035 0.0000509 0.0009174 0.0002035 0.0003561 0.0003561 0.0002544 0.0003052 0.0010192 0.0005088 0.0005088 0.0002035 0.0001017 0.0002035 0.0005088 0.0001017 0.0002544 0.0002035 0.0002035 0.0001017 0.0001017 0.0001526 0.0001017 0.0005088 0.0005088 0.0004579 0.0005088 0.0001526 0.0001526 0.0002035 0.0007124 0.0005597 0.0004579 0.0005597 0.0005088 0.0002544 0.0003052 0.0003052 0.0004579 0.0002035 0.0003561 0.0003052 0.0002544 0.0003561 0.0005088 0.0004579 0.0004070 0.0005088 0.0004070 0.0005088 0.0001017 0.0002035 0.0006106 0.0005088 0.0003561 0.0008652 0.0008652 0.0008142 0.0013765 0.0010194 0.0010705 0.0367999 0.0378871 0.0358359 0.0327027 
EBOV_H.sap-wt_GIN_14_Makona-Kankan-EM_078639_KR817166      1.8162292 1.8328497 1.8148492 1.9526049 1.9531663 1.3329809 1.3462847 0.0317859 0.0317855 0.0317306 0.0325154 0.0025553 0.0020422 0.0018374 0.0018375 0.0018887 0.0013256 0.0006106 0.0006615 0.0000000 0.0005088 0.0006615 0.0007633 0.0004579 0.0004579 0.0008142 0.0012234 0.0011722 0.0007124 0.0007633 0.0006106 0.0014796 0.0007633 0.0009171 0.0009171 0.0008142 0.0008652 0.0015815 0.0010702 0.0010702 0.0007633 0.0006615 0.0007633 0.0010701 0.0006615 0.0008142 0.0007633 0.0007633 0.0006615 0.0006615 0.0007124 0.0006615 0.0010701 0.0010701 0.0010191 0.0010701 0.0007124 0.0007124 0.0007633 0.0012746 0.0011214 0.0010191 0.0011212 0.0010702 0.0008142 0.0008652 0.0008652 0.0010192 0.0007633 0.0009171 0.0008652 0.0008142 0.0009161 0.0010704 0.0010195 0.0009684 0.0010704 0.0009685 0.0010705 0.0006615 0.0007633 0.0011723 0.0010701 0.0009173 0.0014281 0.0014281 0.0013769 0.0019395 0.0015818 0.0016331 0.0374373 0.0385268 0.0364713 0.0333313 
EBOV_H.sap-wt_GIN_14_Makona-Faranah-EM_078415_KR817160     1.8141738 1.8307659 1.8127922 1.9505484 1.9511093 1.3314327 1.3450377 0.0318374 0.0318370 0.0317821 0.0325669 0.0025548 0.0020418 0.0018371 0.0018371 0.0018883 0.0013253 0.0006106 0.0006615 0.0005088 0.0000000 0.0006615 0.0007633 0.0004579 0.0004579 0.0008142 0.0012232 0.0011720 0.0007124 0.0007633 0.0006106 0.0014794 0.0007633 0.0009161 0.0009161 0.0008142 0.0008652 0.0015812 0.0010700 0.0010700 0.0007633 0.0006615 0.0007633 0.0010699 0.0006615 0.0008142 0.0007633 0.0007633 0.0006615 0.0006615 0.0007124 0.0006615 0.0010699 0.0010699 0.0010179 0.0010699 0.0007124 0.0007124 0.0007633 0.0012744 0.0011212 0.0010179 0.0011210 0.0010700 0.0008142 0.0008652 0.0008652 0.0010190 0.0007633 0.0009161 0.0008652 0.0008142 0.0009161 0.0010702 0.0010193 0.0009682 0.0010702 0.0009683 0.0010703 0.0006615 0.0007633 0.0011720 0.0010699 0.0009171 0.0014278 0.0014278 0.0013767 0.0019392 0.0015815 0.0016328 0.0374297 0.0385189 0.0364639 0.0333245 
EBOV_H.sap-wt_GIN_14_Makona-Macenta-EM_076191_KR817141     1.8137254 1.8303089 1.8123029 1.9499246 1.9504847 1.3314216 1.3441868 0.0317806 0.0317802 0.0317253 0.0325100 0.0026059 0.0020929 0.0018882 0.0018882 0.0019394 0.0013763 0.0006615 0.0007124 0.0006615 0.0006615 0.0000000 0.0008142 0.0005088 0.0005088 0.0008652 0.0012741 0.0012230 0.0007633 0.0008142 0.0006615 0.0015304 0.0008142 0.0009670 0.0009670 0.0008652 0.0009161 0.0016322 0.0011209 0.0011209 0.0008142 0.0007124 0.0008142 0.0011209 0.0007124 0.0008652 0.0008142 0.0008142 0.0007124 0.0007124 0.0007633 0.0007124 0.0011209 0.0011209 0.0010699 0.0011209 0.0007633 0.0007633 0.0008142 0.0013254 0.0011722 0.0010699 0.0011719 0.0011210 0.0008652 0.0009161 0.0009161 0.0010699 0.0008142 0.0009670 0.0009161 0.0008652 0.0009670 0.0011212 0.0010703 0.0010192 0.0011212 0.0010193 0.0011213 0.0007124 0.0008142 0.0012230 0.0011209 0.0009681 0.0014788 0.0014788 0.0014277 0.0019902 0.0016326 0.0016839 0.0373718 0.0384608 0.0364061 0.0332674 
EBOV_H.sap-wt_GIN_14_Makona-Beyla-EM_075931_KR817138       1.8163892 1.8330605 1.8150086 1.9503854 1.9509460 1.3335012 1.3452331 0.0320030 0.0320025 0.0319477 0.0327328 0.0027085 0.0021953 0.0019905 0.0019905 0.0020417 0.0014785 0.0007633 0.0008142 0.0007633 0.0007633 0.0008142 0.0000000 0.0006106 0.0006106 0.0009670 0.0013762 0.0013251 0.0008652 0.0009161 0.0007633 0.0016326 0.0009161 0.0010699 0.0010699 0.0009670 0.0010179 0.0017344 0.0012230 0.0012230 0.0009161 0.0008142 0.0009161 0.0012230 0.0008142 0.0009670 0.0009161 0.0009161 0.0008142 0.0008142 0.0008652 0.0008142 0.0012229 0.0012229 0.0011719 0.0012229 0.0008652 0.0008652 0.0009161 0.0014275 0.0012743 0.0011719 0.0012740 0.0012230 0.0009670 0.0010179 0.0010179 0.0011720 0.0009161 0.0010699 0.0010179 0.0009670 0.0010689 0.0012233 0.0011724 0.0011212 0.0012233 0.0011213 0.0012234 0.0008142 0.0009161 0.0013251 0.0012229 0.0010701 0.0015810 0.0015810 0.0015299 0.0020926 0.0017348 0.0017862 0.0375977 0.0386874 0.0366315 0.0334908 
EBOV_H.sap-wt_GIN_14_Makona-Kissidougou-EM_078694_KR817171 1.8148662 1.8314733 1.8136899 1.9521982 1.9527594 1.3325293 1.3456669 0.0316679 0.0316675 0.0316127 0.0323971 0.0024008 0.0018881 0.0016835 0.0016836 0.0017347 0.0011721 0.0004579 0.0005088 0.0004579 0.0004579 0.0005088 0.0006106 0.0000000 0.0000010 0.0006615 0.0010700 0.0010179 0.0005597 0.0006106 0.0004579 0.0013260 0.0006106 0.0007633 0.0007633 0.0006615 0.0007124 0.0014278 0.0009161 0.0009161 0.0006106 0.0005088 0.0006106 0.0009161 0.0005088 0.0006615 0.0006106 0.0006106 0.0005088 0.0005088 0.0005597 0.0005088 0.0009161 0.0009161 0.0008652 0.0009161 0.0005597 0.0005597 0.0006106 0.0011211 0.0009680 0.0008652 0.0009670 0.0009161 0.0006615 0.0007124 0.0007124 0.0008652 0.0006106 0.0007633 0.0007124 0.0006615 0.0007633 0.0009161 0.0008662 0.0008142 0.0009171 0.0008142 0.0009172 0.0005088 0.0006106 0.0010179 0.0009161 0.0007633 0.0012745 0.0012745 0.0012234 0.0017856 0.0014281 0.0014793 0.0372570 0.0383457 0.0362917 0.0331541 
EBOV_H.sap-wt_GIN_14_Makona-Kissidougou-EM_078722_KR817175 1.8148662 1.8314733 1.8136899 1.9521982 1.9527594 1.3325293 1.3456669 0.0316679 0.0316675 0.0316127 0.0323971 0.0024008 0.0018881 0.0016835 0.0016836 0.0017347 0.0011721 0.0004579 0.0005088 0.0004579 0.0004579 0.0005088 0.0006106 0.0000010 0.0000000 0.0006615 0.0010700 0.0010179 0.0005597 0.0006106 0.0004579 0.0013260 0.0006106 0.0007633 0.0007633 0.0006615 0.0007124 0.0014278 0.0009161 0.0009161 0.0006106 0.0005088 0.0006106 0.0009161 0.0005088 0.0006615 0.0006106 0.0006106 0.0005088 0.0005088 0.0005597 0.0005088 0.0009161 0.0009161 0.0008652 0.0009161 0.0005597 0.0005597 0.0006106 0.0011211 0.0009680 0.0008652 0.0009670 0.0009161 0.0006615 0.0007124 0.0007124 0.0008652 0.0006106 0.0007633 0.0007124 0.0006615 0.0007633 0.0009161 0.0008662 0.0008142 0.0009171 0.0008142 0.0009172 0.0005088 0.0006106 0.0010179 0.0009161 0.0007633 0.0012745 0.0012745 0.0012234 0.0017856 0.0014281 0.0014793 0.0372570 0.0383457 0.0362917 0.0331541 
EBOV_H.sap-wt_LBR_14_Makona-LIBR0505_KR006957              1.8129539 1.8295319 1.8115712 1.9502273 1.9507879 1.3311129 1.3465495 0.0316111 0.0316107 0.0315558 0.0323401 0.0024525 0.0019397 0.0017350 0.0017350 0.0017862 0.0012234 0.0005088 0.0005597 0.0008142 0.0008142 0.0008652 0.0009670 0.0006615 0.0006615 0.0000000 0.0011212 0.0010701 0.0006106 0.0006615 0.0005088 0.0013773 0.0006615 0.0008142 0.0008142 0.0007124 0.0007633 0.0014791 0.0009680 0.0009680 0.0006615 0.0005597 0.0006615 0.0009680 0.0005597 0.0007124 0.0006615 0.0006615 0.0005597 0.0005597 0.0006106 0.0005597 0.0009670 0.0009670 0.0009161 0.0009670 0.0006106 0.0006106 0.0006615 0.0011724 0.0010193 0.0009161 0.0010190 0.0009681 0.0007124 0.0007633 0.0007633 0.0009161 0.0006615 0.0008142 0.0007633 0.0007124 0.0008142 0.0009682 0.0009174 0.0008663 0.0009683 0.0008663 0.0009684 0.0005597 0.0006615 0.0010701 0.0009670 0.0008142 0.0013258 0.0013258 0.0012747 0.0018371 0.0014794 0.0015307 0.0371991 0.0382876 0.0362340 0.0330970 
EBOV_H.sap-wt_SLE_14_Makona-Kailahun-20140517_KR653263     1.8112088 1.8277621 1.8098248 1.9525398 1.9531010 1.3308967 1.3442156 0.0318350 0.0318346 0.0317797 0.0325119 0.0025546 0.0020417 0.0018370 0.0018370 0.0018882 0.0013252 0.0006106 0.0006615 0.0012234 0.0012232 0.0012741 0.0013762 0.0010700 0.0010700 0.0011212 0.0000000 0.0006615 0.0006106 0.0006615 0.0006106 0.0014793 0.0007633 0.0009161 0.0009161 0.0008142 0.0008652 0.0015810 0.0010699 0.0010699 0.0007633 0.0006615 0.0007633 0.0010699 0.0006615 0.0008142 0.0007633 0.0007633 0.0006615 0.0006615 0.0007124 0.0006615 0.0010689 0.0010689 0.0010179 0.0010689 0.0007124 0.0007124 0.0007633 0.0012743 0.0011211 0.0010179 0.0011209 0.0010699 0.0008142 0.0008652 0.0008652 0.0010179 0.0007633 0.0009161 0.0008652 0.0008142 0.0009161 0.0010701 0.0010192 0.0009681 0.0010701 0.0009682 0.0010702 0.0006615 0.0007633 0.0011720 0.0010689 0.0009161 0.0014277 0.0014277 0.0013766 0.0019390 0.0015814 0.0016327 0.0374268 0.0385160 0.0364611 0.0333220 
EBOV_H.sap-wt_SLE_14_Makona-G4973_1_KR105286               1.8132910 1.8298728 1.8119086 1.9504101 1.9509709 1.3312573 1.3454280 0.0316658 0.0316654 0.0316105 0.0323424 0.0025032 0.0019903 0.0017857 0.0017857 0.0018369 0.0012741 0.0005597 0.0006106 0.0011722 0.0011720 0.0012230 0.0013251 0.0010179 0.0010179 0.0010701 0.0006615 0.0000000 0.0005597 0.0006106 0.0005597 0.0014280 0.0007124 0.0008652 0.0008652 0.0007633 0.0008142 0.0015298 0.0010179 0.0010179 0.0007124 0.0006106 0.0007124 0.0010179 0.0006106 0.0007633 0.0007124 0.0007124 0.0006106 0.0006106 0.0006615 0.0006106 0.0010179 0.0010179 0.0009670 0.0010179 0.0006615 0.0006615 0.0007124 0.0012231 0.0010700 0.0009670 0.0010689 0.0010179 0.0007633 0.0008142 0.0008142 0.0009670 0.0007124 0.0008652 0.0008142 0.0007633 0.0008652 0.0010190 0.0009681 0.0009161 0.0010190 0.0009171 0.0010191 0.0006106 0.0007124 0.0011208 0.0010179 0.0008652 0.0013765 0.0013765 0.0013254 0.0018877 0.0015302 0.0015815 0.0372545 0.0383431 0.0362892 0.0331519 
EBOV_H.sap-wt_SLE_14_Makona-G3799_KM233080                 1.8144101 1.8310056 1.8130287 1.9486474 1.9492079 1.3309740 1.3453470 0.0312784 0.0312780 0.0312232 0.0320068 0.0020423 0.0015302 0.0012746 0.0013258 0.0013769 0.0008142 0.0001017 0.0001526 0.0007124 0.0007124 0.0007633 0.0008652 0.0005597 0.0005597 0.0006106 0.0006106 0.0005597 0.0000000 0.0001526 0.0001017 0.0009685 0.0002544 0.0004070 0.0004070 0.0003052 0.0003561 0.0010703 0.0005597 0.0005597 0.0002544 0.0001526 0.0002544 0.0005597 0.0001526 0.0003052 0.0002544 0.0002544 0.0001526 0.0001526 0.0002035 0.0001526 0.0005597 0.0005597 0.0005088 0.0005597 0.0002035 0.0002035 0.0002544 0.0007633 0.0006106 0.0005088 0.0006106 0.0005597 0.0003052 0.0003561 0.0003561 0.0005088 0.0002544 0.0004070 0.0003561 0.0003052 0.0004070 0.0005597 0.0005088 0.0004579 0.0005597 0.0004579 0.0005597 0.0001526 0.0002544 0.0006615 0.0005597 0.0004070 0.0009172 0.0009172 0.0008652 0.0014278 0.0010705 0.0011217 0.0368021 0.0378893 0.0358968 0.0327628 
EBOV_H.sap-wt_SLE_14_Makona-G3788_KM233075                 1.8139480 1.8305392 1.8125661 1.9502178 1.9507787 1.3305688 1.3452375 0.0313305 0.0313301 0.0312753 0.0320590 0.0020933 0.0015812 0.0013767 0.0013768 0.0014279 0.0008652 0.0001526 0.0002035 0.0007633 0.0007633 0.0008142 0.0009161 0.0006106 0.0006106 0.0006615 0.0006615 0.0006106 0.0001526 0.0000000 0.0001526 0.0010194 0.0003052 0.0004579 0.0004579 0.0003561 0.0004070 0.0011212 0.0006106 0.0006106 0.0003052 0.0002035 0.0003052 0.0006106 0.0002035 0.0003561 0.0003052 0.0003052 0.0002035 0.0002035 0.0002544 0.0002035 0.0006106 0.0006106 0.0005597 0.0006106 0.0002544 0.0002544 0.0003052 0.0008142 0.0006615 0.0005597 0.0006615 0.0006106 0.0003561 0.0004070 0.0004070 0.0005597 0.0003052 0.0004579 0.0004070 0.0003561 0.0004579 0.0006106 0.0005597 0.0005088 0.0006106 0.0005088 0.0006106 0.0002035 0.0003052 0.0007124 0.0006106 0.0004579 0.0009681 0.0009681 0.0009161 0.0014787 0.0011215 0.0011727 0.0368008 0.0378880 0.0358367 0.0327035 
EBOV_H.sap-wt_SLE_14_Makona-G3677.2_KM034557               1.8133468 1.8299276 1.8119646 1.9499465 1.9505072 1.3305637 1.3447791 0.0311636 0.0311632 0.0311084 0.0318916 0.0019397 0.0014279 0.0012235 0.0012235 0.0012746 0.0007124 0.0000010 0.0000509 0.0006106 0.0006106 0.0006615 0.0007633 0.0004579 0.0004579 0.0005088 0.0006106 0.0005597 0.0001017 0.0001526 0.0000000 0.0008664 0.0001526 0.0003052 0.0003052 0.0002035 0.0002544 0.0009681 0.0004579 0.0004579 0.0001526 0.0000509 0.0001526 0.0004579 0.0000509 0.0002035 0.0001526 0.0001526 0.0000509 0.0000509 0.0001017 0.0000509 0.0004579 0.0004579 0.0004070 0.0004579 0.0001017 0.0001017 0.0001526 0.0006615 0.0005088 0.0004070 0.0005088 0.0004579 0.0002035 0.0002544 0.0002544 0.0004070 0.0001526 0.0003052 0.0002544 0.0002035 0.0003052 0.0004579 0.0004070 0.0003561 0.0004579 0.0003561 0.0004579 0.0000509 0.0001526 0.0005597 0.0004579 0.0003052 0.0008142 0.0008142 0.0007633 0.0013255 0.0009684 0.0010195 0.0367438 0.0378308 0.0357799 0.0326472 
EBOV_H.sap-wt_SLE_14_Makona-Kenema-G5059_1_KR105296        1.8174876 1.8341413 1.8166820 1.9474924 1.9480527 1.3320888 1.3472847 0.0320207 0.0320203 0.0319654 0.0327509 0.0028127 0.0022990 0.0020941 0.0020941 0.0021453 0.0015816 0.0008664 0.0009174 0.0014796 0.0014794 0.0015304 0.0016326 0.0013260 0.0013260 0.0013773 0.0014793 0.0014280 0.0009685 0.0010194 0.0008664 0.0000000 0.0007124 0.0008664 0.0008664 0.0010705 0.0011216 0.0018378 0.0013259 0.0013259 0.0010195 0.0009174 0.0010195 0.0013258 0.0009174 0.0010706 0.0010194 0.0010194 0.0009174 0.0009174 0.0009684 0.0009175 0.0013258 0.0013258 0.0012748 0.0013258 0.0009685 0.0009684 0.0010195 0.0015306 0.0013772 0.0012747 0.0013769 0.0013259 0.0010705 0.0011216 0.0011216 0.0012748 0.0010195 0.0011726 0.0011216 0.0010705 0.0011726 0.0013261 0.0012752 0.0012240 0.0013262 0.0012241 0.0013263 0.0009174 0.0010194 0.0014281 0.0013258 0.0011729 0.0016842 0.0016842 0.0016330 0.0021962 0.0018382 0.0018896 0.0377315 0.0388221 0.0367645 0.0336212 
EBOV_H.sap-wt_SLE_14_Makona-Kenema-G4702_1_KR105265        1.8138288 1.8304194 1.8127745 1.9489044 1.9494649 1.3300744 1.3442317 0.0312191 0.0312187 0.0311639 0.0319473 0.0020933 0.0015811 0.0013767 0.0013768 0.0014278 0.0008652 0.0001526 0.0002035 0.0007633 0.0007633 0.0008142 0.0009161 0.0006106 0.0006106 0.0006615 0.0007633 0.0007124 0.0002544 0.0003052 0.0001526 0.0007124 0.0000000 0.0001526 0.0001526 0.0003561 0.0004070 0.0011212 0.0006106 0.0006106 0.0003052 0.0002035 0.0003052 0.0006106 0.0002035 0.0003561 0.0003052 0.0003052 0.0002035 0.0002035 0.0002544 0.0002035 0.0006106 0.0006106 0.0005597 0.0006106 0.0002544 0.0002544 0.0003052 0.0008142 0.0006615 0.0005597 0.0006615 0.0006106 0.0003561 0.0004070 0.0004070 0.0005597 0.0003052 0.0004579 0.0004070 0.0003561 0.0004579 0.0006106 0.0005597 0.0005088 0.0006106 0.0005088 0.0006106 0.0002035 0.0003052 0.0007124 0.0006106 0.0004579 0.0009681 0.0009681 0.0009161 0.0014787 0.0011215 0.0011727 0.0369131 0.0380006 0.0359487 0.0328146 
EBOV_H.sap-wt_SLE_14_Makona-Kenema-G4350_1_KR105242        1.8140046 1.8305975 1.8129505 1.9487967 1.9493571 1.3297744 1.3440436 0.0313876 0.0313872 0.0313324 0.0321162 0.0022470 0.0017346 0.0015301 0.0015301 0.0015812 0.0010179 0.0003052 0.0003561 0.0009171 0.0009161 0.0009670 0.0010699 0.0007633 0.0007633 0.0008142 0.0009161 0.0008652 0.0004070 0.0004579 0.0003052 0.0008664 0.0001526 0.0000000 0.0000010 0.0005088 0.0005597 0.0012744 0.0007633 0.0007633 0.0004579 0.0003561 0.0004579 0.0007633 0.0003561 0.0005088 0.0004579 0.0004579 0.0003561 0.0003561 0.0004070 0.0003561 0.0007633 0.0007633 0.0007124 0.0007633 0.0004070 0.0004070 0.0004579 0.0009670 0.0008142 0.0007124 0.0008142 0.0007633 0.0005088 0.0005597 0.0005597 0.0007124 0.0004579 0.0006106 0.0005597 0.0005088 0.0006106 0.0007633 0.0007124 0.0006615 0.0007633 0.0006615 0.0007633 0.0003561 0.0004579 0.0008652 0.0007633 0.0006106 0.0011212 0.0011212 0.0010701 0.0016321 0.0012747 0.0013259 0.0370847 0.0381728 0.0361199 0.0329840 
EBOV_H.sap-wt_SLE_14_Makona-Kenema-G4971_1_KR105284        1.8140046 1.8305975 1.8129505 1.9487967 1.9493571 1.3297744 1.3440436 0.0313876 0.0313872 0.0313324 0.0321162 0.0022470 0.0017346 0.0015301 0.0015301 0.0015812 0.0010179 0.0003052 0.0003561 0.0009171 0.0009161 0.0009670 0.0010699 0.0007633 0.0007633 0.0008142 0.0009161 0.0008652 0.0004070 0.0004579 0.0003052 0.0008664 0.0001526 0.0000010 0.0000000 0.0005088 0.0005597 0.0012744 0.0007633 0.0007633 0.0004579 0.0003561 0.0004579 0.0007633 0.0003561 0.0005088 0.0004579 0.0004579 0.0003561 0.0003561 0.0004070 0.0003561 0.0007633 0.0007633 0.0007124 0.0007633 0.0004070 0.0004070 0.0004579 0.0009670 0.0008142 0.0007124 0.0008142 0.0007633 0.0005088 0.0005597 0.0005597 0.0007124 0.0004579 0.0006106 0.0005597 0.0005088 0.0006106 0.0007633 0.0007124 0.0006615 0.0007633 0.0006615 0.0007633 0.0003561 0.0004579 0.0008652 0.0007633 0.0006106 0.0011212 0.0011212 0.0010701 0.0016321 0.0012747 0.0013259 0.0370847 0.0381728 0.0361199 0.0329840 
EBOV_H.sap-wt_SLE_14_Makona-Bonthe-G5723_1_KR105319        1.8119985 1.8285646 1.8106149 1.9510974 1.9516583 1.3307824 1.3436725 0.0313215 0.0313211 0.0312664 0.0320498 0.0021445 0.0016323 0.0014279 0.0014279 0.0014790 0.0009161 0.0002035 0.0002544 0.0008142 0.0008142 0.0008652 0.0009670 0.0006615 0.0006615 0.0007124 0.0008142 0.0007633 0.0003052 0.0003561 0.0002035 0.0010705 0.0003561 0.0005088 0.0005088 0.0000000 0.0002544 0.0009681 0.0004579 0.0004579 0.0001526 0.0002544 0.0003561 0.0006615 0.0002544 0.0004070 0.0003561 0.0003561 0.0002544 0.0002544 0.0003052 0.0002544 0.0006615 0.0006615 0.0006106 0.0006615 0.0003052 0.0003052 0.0003561 0.0008652 0.0007124 0.0006106 0.0007124 0.0006615 0.0004070 0.0004579 0.0004579 0.0006106 0.0003561 0.0005088 0.0004579 0.0004070 0.0005088 0.0006615 0.0006106 0.0005597 0.0006615 0.0005597 0.0006615 0.0002544 0.0003561 0.0007633 0.0006615 0.0005088 0.0010191 0.0010191 0.0009681 0.0015298 0.0011726 0.0012238 0.0369180 0.0380056 0.0359535 0.0328189 
EBOV_H.sap-wt_SLE_14_Makona-J0042_KP759711                 1.8136194 1.8302034 1.8122374 1.9516869 1.9522480 1.3311913 1.3441884 0.0313778 0.0313774 0.0313226 0.0321061 0.0021958 0.0016834 0.0014790 0.0014790 0.0015301 0.0009670 0.0002544 0.0003052 0.0008652 0.0008652 0.0009161 0.0010179 0.0007124 0.0007124 0.0007633 0.0008652 0.0008142 0.0003561 0.0004070 0.0002544 0.0011216 0.0004070 0.0005597 0.0005597 0.0002544 0.0000000 0.0010192 0.0005088 0.0005088 0.0002035 0.0003052 0.0004070 0.0007124 0.0003052 0.0004579 0.0004070 0.0004070 0.0003052 0.0003052 0.0003561 0.0003052 0.0007124 0.0007124 0.0006615 0.0007124 0.0003561 0.0003561 0.0004070 0.0009161 0.0007633 0.0006615 0.0007633 0.0007124 0.0004579 0.0005088 0.0005088 0.0006615 0.0004070 0.0005597 0.0005088 0.0004579 0.0005597 0.0007124 0.0006615 0.0006106 0.0007124 0.0006106 0.0007124 0.0003052 0.0004070 0.0008142 0.0007124 0.0005597 0.0010702 0.0010702 0.0010191 0.0015810 0.0012236 0.0012749 0.0369753 0.0380632 0.0360106 0.0328755 
EBOV_H.sap-wt_SLE_14_Makona-J0150_KP759696                 1.8162651 1.8326481 1.8148844 1.9545355 1.9550971 1.3332522 1.3483861 0.0320597 0.0320593 0.0320045 0.0327897 0.0029146 0.0024009 0.0021959 0.0021959 0.0022472 0.0016834 0.0009681 0.0010192 0.0015815 0.0015812 0.0016322 0.0017344 0.0014278 0.0014278 0.0014791 0.0015810 0.0015298 0.0010703 0.0011212 0.0009681 0.0018378 0.0011212 0.0012744 0.0012744 0.0009681 0.0010192 0.0000000 0.0012233 0.0012233 0.0009171 0.0010192 0.0011212 0.0014276 0.0010192 0.0011724 0.0011212 0.0011212 0.0010192 0.0010192 0.0010702 0.0010193 0.0014276 0.0014276 0.0013765 0.0014276 0.0010703 0.0010702 0.0011213 0.0016324 0.0014790 0.0013765 0.0014787 0.0014277 0.0011723 0.0012234 0.0012233 0.0013766 0.0011213 0.0012744 0.0012234 0.0011723 0.0012743 0.0014280 0.0013771 0.0013259 0.0014280 0.0013260 0.0014281 0.0010192 0.0011212 0.0015299 0.0014276 0.0012747 0.0017860 0.0017860 0.0017348 0.0022980 0.0019400 0.0019914 0.0377839 0.0388746 0.0368168 0.0336732 
EBOV_H.sap-wt_SLE_14_Makona-J0171_KP759707                 1.8121968 1.8282570 1.8108140 1.9504217 1.9509829 1.3304407 1.3440939 0.0316001 0.0315997 0.0315449 0.0323289 0.0024007 0.0018880 0.0016834 0.0016834 0.0017346 0.0011720 0.0004579 0.0005088 0.0010702 0.0010700 0.0011209 0.0012230 0.0009161 0.0009161 0.0009680 0.0010699 0.0010179 0.0005597 0.0006106 0.0004579 0.0013259 0.0006106 0.0007633 0.0007633 0.0004579 0.0005088 0.0012233 0.0000000 0.0000010 0.0004070 0.0005088 0.0006106 0.0009161 0.0005088 0.0006615 0.0006106 0.0006106 0.0005088 0.0005088 0.0005597 0.0005088 0.0009161 0.0009161 0.0008652 0.0009161 0.0005597 0.0005597 0.0006106 0.0011210 0.0009670 0.0008652 0.0009670 0.0009161 0.0006615 0.0007124 0.0007124 0.0008652 0.0006106 0.0007633 0.0007124 0.0006615 0.0007633 0.0009161 0.0008652 0.0008142 0.0009161 0.0008142 0.0009171 0.0005088 0.0006106 0.0010179 0.0009161 0.0007633 0.0012744 0.0012744 0.0012233 0.0017854 0.0013765 0.0014278 0.0372013 0.0382898 0.0362361 0.0330990 
