94
RESTV_M.fas-tc_USA_89_Philippines89-Pennsylvania_NC_004161 0.0000000 0.0242524 0.0331155 1.9065717 1.9075548 2.1456553 2.1148019 1.8627739 1.8631563 1.8631166 1.8635139 1.8833102 1.8840433 1.8797638 1.8876769 1.8864315 1.8819823 1.8829792 1.8828753 1.8839101 1.8806583 1.8817572 1.8827625 1.8835097 1.8835097 1.8816265 1.8847576 1.8844960 1.8827203 1.8829792 1.8827566 1.8838620 1.8817390 1.8815730 1.8815730 1.8815430 1.8815837 1.8818823 1.8804668 1.8822242 1.8822242 1.8822281 1.8821411 1.8833007 1.8835841 1.8821809 1.8837900 1.8837900 1.8832477 1.8832477 1.8840191 1.8825745 1.8840191 1.8833236 1.8860171 1.8850766 1.8830354 1.8837091 1.8834840 1.8841610 1.8842338 1.8835110 1.8835572 1.8840985 1.8834106 1.8834103 1.8841139 1.8848046 1.8837091 1.8834501 1.8834501 1.8849716 1.8852612 1.8826051 1.8815426 1.8820996 1.8809411 1.8844042 1.8850780 1.8832042 1.8837930 1.8841983 1.8830092 1.8833167 1.8837129 1.8837129 1.8831217 1.8843203 1.8849438 1.8852029 1.8769118 1.8798412 1.8807524 1.8680136 
RESTV_S.dom-tc_PHL_08_Reston08-A_FJ621583                  0.0242524 0.0000000 0.0496062 1.9184834 1.9194703 2.1653149 2.1154588 1.8720281 1.8724148 1.8726029 1.8727732 1.8904629 1.8912011 1.8869000 1.8948504 1.8935991 1.8893263 1.8903281 1.8899750 1.8905029 1.8877668 1.8891677 1.8901111 1.8908603 1.8908603 1.8889677 1.8923121 1.8918477 1.8900685 1.8903281 1.8897000 1.8908076 1.8886754 1.8885089 1.8885089 1.8884791 1.8889269 1.8892263 1.8876065 1.8893723 1.8893723 1.8888978 1.8894873 1.8906548 1.8909344 1.8895256 1.8911433 1.8911433 1.8905971 1.8905971 1.8913733 1.8901189 1.8913753 1.8906755 1.8933813 1.8924358 1.8903865 1.8910621 1.8908364 1.8913217 1.8915906 1.8908645 1.8909114 1.8910489 1.8907633 1.8907626 1.8914679 1.8921645 1.8910621 1.8908024 1.8908024 1.8923322 1.8926204 1.8899548 1.8888879 1.8894434 1.8882793 1.8917589 1.8924346 1.8905538 1.8911463 1.8915529 1.8903578 1.8906661 1.8906703 1.8906703 1.8902737 1.8914778 1.8921048 1.8923646 1.8864423 1.8893929 1.8910990 1.8802676 
RESTV_S.dom-xx_PHL_08_Reston08-C_FJ621584                  0.0331155 0.0496062 0.0000000 1.9086996 1.9096838 2.1700109 2.1214200 1.8778644 1.8782536 1.8782138 1.8791393 1.8910170 1.8918288 1.8887185 1.8954028 1.8941520 1.8896846 1.8906860 1.8905821 1.8916188 1.8898159 1.8894572 1.8904691 1.8912179 1.8912179 1.8895224 1.8922428 1.8919750 1.8904266 1.8906860 1.8904632 1.8915702 1.8895407 1.8892720 1.8892720 1.8892423 1.8892855 1.8895847 1.8881618 1.8899269 1.8899269 1.8899311 1.8898456 1.8910128 1.8912920 1.8898838 1.8921762 1.8921762 1.8909549 1.8909549 1.8917307 1.8902806 1.8919629 1.8912632 1.8933799 1.8923328 1.8907445 1.8914197 1.8911941 1.8918757 1.8919481 1.8912223 1.8919446 1.8916155 1.8911211 1.8911204 1.8918253 1.8925217 1.8914197 1.8911602 1.8911602 1.8926894 1.8929773 1.8909882 1.8892466 1.8898016 1.8886380 1.8922183 1.8928937 1.8909116 1.8909754 1.8919103 1.8907157 1.8910238 1.8914206 1.8914206 1.8908279 1.8920315 1.8933338 1.8935935 1.8911127 1.8941934 1.8937746 1.8804892 
SUDV_H.sap-xx_UGA_12_EboSud-603_KC545390                   1.9065717 1.9184834 1.9086996 0.0000000 0.0001522 2.0867240 2.1680519 1.9590144 1.9594392 1.9593992 1.9584967 1.9831495 1.9844557 1.9828306 1.9834802 1.9820876 1.9796002 1.9818570 1.9809828 1.9864299 1.9845363 1.9853459 1.9839364 1.9846331 1.9846331 1.9817050 1.9831635 1.9812308 1.9820294 1.9818570 1.9805906 1.9812961 1.9812885 1.9815557 1.9815557 1.9815291 1.9802256 1.9805328 1.9783943 1.9808472 1.9808472 1.9804647 1.9814380 1.9810649 1.9824789 1.9810804 1.9836933 1.9836933 1.9815898 1.9815898 1.9826951 1.9821378 1.9815505 1.9805275 1.9841579 1.9830355 1.9810063 1.9810804 1.9807733 1.9807193 1.9810943 1.9806058 1.9805110 1.9811007 1.9809776 1.9808475 1.9804981 1.9817932 1.9810804 1.9810539 1.9810539 1.9816253 1.9819978 1.9823594 1.9813487 1.9814787 1.9817797 1.9827143 1.9827143 1.9814682 1.9815625 1.9827992 1.9821242 1.9820015 1.9818479 1.9818479 1.9822179 1.9835434 1.9826895 1.9829567 1.9818002 1.9866812 1.9887918 1.9741466 
SUDV_H.sap-xx_UGA_12_EboSud-609_KC545391                   1.9075548 1.9194703 1.9096838 0.0001522 0.0000000 2.0866355 2.1678800 1.9593523 1.9597772 1.9597372 1.9588346 1.9834914 1.9847976 1.9831722 1.9838219 1.9824292 1.9799412 1.9821985 1.9813242 1.9867723 1.9848784 1.9856881 1.9842782 1.9849750 1.9849750 1.9820465 1.9835053 1.9815722 1.9823709 1.9821985 1.9809319 1.9816375 1.9816299 1.9818971 1.9818971 1.9818705 1.9805668 1.9808740 1.9787352 1.9811885 1.9811885 1.9808059 1.9817794 1.9814062 1.9828204 1.9814217 1.9840349 1.9840349 1.9819313 1.9819313 1.9830367 1.9824792 1.9818919 1.9808688 1.9844996 1.9833770 1.9813475 1.9814217 1.9811145 1.9810607 1.9814357 1.9809471 1.9808523 1.9814421 1.9813189 1.9811887 1.9808394 1.9821347 1.9814217 1.9813952 1.9813952 1.9819666 1.9823393 1.9827009 1.9816901 1.9818200 1.9821211 1.9830559 1.9830559 1.9818096 1.9819040 1.9831408 1.9824657 1.9823430 1.9821893 1.9821893 1.9825594 1.9838850 1.9830310 1.9832982 1.9821416 1.9870236 1.9891343 1.9744871 
TAFV_H.sap-tc_CIV_94_Pauleoula-CI_NC_014372                2.1456553 2.1653149 2.1700109 2.0867240 2.0866355 0.0000000 0.7907044 1.2942381 1.2937407 1.2933899 1.2934816 1.3130495 1.3152463 1.3122414 1.3149032 1.3133329 1.3117597 1.3136827 1.3135941 1.3170302 1.3145153 1.3154667 1.3141060 1.3145510 1.3145510 1.3152660 1.3151900 1.3140571 1.3134773 1.3136827 1.3139791 1.3132476 1.3136136 1.3136532 1.3136532 1.3137736 1.3131305 1.3133650 1.3147981 1.3131305 1.3131305 1.3133546 1.3136984 1.3122709 1.3139331 1.3141094 1.3153687 1.3153687 1.3134773 1.3134773 1.3139143 1.3136482 1.3133669 1.3139022 1.3139360 1.3130854 1.3130168 1.3132512 1.3130168 1.3157799 1.3135676 1.3137417 1.3136281 1.3135365 1.3134169 1.3130168 1.3132221 1.3145149 1.3132512 1.3130459 1.3130459 1.3139193 1.3138207 1.3140854 1.3128831 1.3126059 1.3134378 1.3131854 1.3136993 1.3136879 1.3138242 1.3131023 1.3138881 1.3128901 1.3133410 1.3133410 1.3126954 1.3136142 1.3124050 1.3121848 1.3178623 1.3198548 1.3202341 1.3162831 
BDBV_H.sap-xx_COD_12_EboBund-122_KC545395                  2.1148019 2.1154588 2.1214200 2.1680519 2.1678800 0.7907044 0.0000000 1.3718241 1.3716708 1.3730198 1.3721686 1.3896255 1.3911042 1.3885322 1.3918303 1.3925157 1.3915084 1.3911724 1.3916786 1.3938183 1.3916774 1.3918992 1.3909369 1.3915747 1.3915747 1.3896694 1.3912988 1.3902878 1.3909604 1.3911724 1.3898241 1.3900670 1.3903715 1.3905836 1.3905836 1.3907099 1.3908805 1.3910535 1.3920716 1.3904020 1.3904020 1.3905675 1.3917927 1.3908638 1.3910948 1.3906365 1.3917749 1.3917749 1.3909604 1.3909604 1.3914363 1.3906687 1.3905348 1.3910359 1.3906442 1.3901687 1.3904636 1.3906365 1.3909672 1.3922908 1.3916519 1.3905978 1.3902823 1.3902226 1.3906365 1.3903936 1.3902673 1.3914165 1.3906365 1.3907629 1.3907629 1.3908702 1.3905423 1.3912357 1.3907361 1.3900357 1.3907489 1.3915396 1.3915396 1.3914154 1.3905456 1.3920857 1.3909459 1.3902742 1.3900314 1.3900314 1.3900703 1.3910772 1.3902123 1.3904242 1.3867465 1.3869662 1.3862109 1.3811112 
EBOV_H.sap-tc_COD_07_1Luebo_KC242786                       1.8627739 1.8720281 1.8778644 1.9590144 1.9593523 1.2942381 1.3718241 0.0000000 0.0001544 0.0004633 0.0008238 0.0310338 0.0308625 0.0305838 0.0305839 0.0304711 0.0306404 0.0302952 0.0306344 0.0313222 0.0310402 0.0308702 0.0308105 0.0306984 0.0306984 0.0308072 0.0306375 0.0309699 0.0303515 0.0302952 0.0306413 0.0305233 0.0304109 0.0303546 0.0303546 0.0304109 0.0305250 0.0304684 0.0306456 0.0306370 0.0306370 0.0305815 0.0305193 0.0305836 0.0304045 0.0303525 0.0306900 0.0306900 0.0302395 0.0302395 0.0303539 0.0304076 0.0307500 0.0305770 0.0309240 0.0306972 0.0303525 0.0303525 0.0304084 0.0309318 0.0306348 0.0306343 0.0307499 0.0306917 0.0304645 0.0302964 0.0304648 0.0305791 0.0303525 0.0304088 0.0304088 0.0306973 0.0305247 0.0305237 0.0309232 0.0305786 0.0305266 0.0306366 0.0306366 0.0303513 0.0305778 0.0304678 0.0303510 0.0300131 0.0300689 0.0300689 0.0299008 0.0301981 0.0301298 0.0301856 0.0229119 0.0239178 0.0228990 0.0202278 
EBOV_H.sap-tc_COD_07_M-M_HQ613403                          1.8631563 1.8724148 1.8782536 1.9594392 1.9597772 1.2937407 1.3716708 0.0001544 0.0000000 0.0003088 0.0006693 0.0308609 0.0306897 0.0304112 0.0304113 0.0302986 0.0304678 0.0301228 0.0304618 0.0311492 0.0308673 0.0306974 0.0306378 0.0305257 0.0305257 0.0306345 0.0304649 0.0307972 0.0301791 0.0301228 0.0304686 0.0303507 0.0302384 0.0301821 0.0301821 0.0302384 0.0303524 0.0302959 0.0304729 0.0304644 0.0304644 0.0304089 0.0303468 0.0304110 0.0302321 0.0301801 0.0305174 0.0305174 0.0300671 0.0300671 0.0301815 0.0302351 0.0305773 0.0304044 0.0307512 0.0305246 0.0301801 0.0301801 0.0302360 0.0307589 0.0304622 0.0304617 0.0305772 0.0305191 0.0302921 0.0301240 0.0302923 0.0304065 0.0301801 0.0302363 0.0302363 0.0305247 0.0303522 0.0303512 0.0307504 0.0304060 0.0303541 0.0304640 0.0304640 0.0301789 0.0304053 0.0302952 0.0301785 0.0298408 0.0298966 0.0298966 0.0297286 0.0300256 0.0299575 0.0300132 0.0227437 0.0237490 0.0227309 0.0200614 
EBOV_H.sap-tc_COD_07_5Luebo_KC242790                       1.8631166 1.8726029 1.8782138 1.9593992 1.9597372 1.2933899 1.3730198 0.0004633 0.0003088 0.0000000 0.0009784 0.0310409 0.0308696 0.0305908 0.0305909 0.0304781 0.0306474 0.0303022 0.0306414 0.0313294 0.0310473 0.0308773 0.0308176 0.0307054 0.0307054 0.0308143 0.0306446 0.0309770 0.0303584 0.0303022 0.0306483 0.0305303 0.0304178 0.0303616 0.0303616 0.0304178 0.0305319 0.0304754 0.0306526 0.0306440 0.0306440 0.0305885 0.0305263 0.0305906 0.0304115 0.0303595 0.0306971 0.0306971 0.0302464 0.0302464 0.0303609 0.0304146 0.0307570 0.0305840 0.0309311 0.0307043 0.0303595 0.0303595 0.0304154 0.0309389 0.0306418 0.0306413 0.0307569 0.0306987 0.0304715 0.0303034 0.0304717 0.0305861 0.0303595 0.0304158 0.0304158 0.0307044 0.0305317 0.0305307 0.0309303 0.0305856 0.0305336 0.0306437 0.0306437 0.0303583 0.0305848 0.0304747 0.0303579 0.0300199 0.0300758 0.0300758 0.0299077 0.0302050 0.0301368 0.0301925 0.0230767 0.0240830 0.0230637 0.0203912 
EBOV_H.sap-tc_COD_08_034-KS_HQ613402                       1.8635139 1.8727732 1.8791393 1.9584967 1.9588346 1.2934816 1.3721686 0.0008238 0.0006693 0.0009784 0.0000000 0.0315319 0.0313604 0.0310815 0.0310816 0.0309687 0.0311381 0.0307925 0.0311321 0.0318207 0.0315384 0.0313683 0.0313084 0.0311962 0.0311962 0.0313051 0.0311352 0.0314679 0.0308488 0.0307925 0.0311390 0.0310208 0.0309083 0.0308520 0.0308520 0.0309083 0.0310225 0.0309660 0.0311434 0.0311347 0.0311347 0.0310791 0.0310168 0.0310813 0.0309019 0.0308499 0.0311877 0.0311877 0.0307368 0.0307368 0.0308513 0.0309050 0.0312478 0.0310745 0.0314220 0.0311950 0.0308499 0.0308499 0.0309058 0.0314299 0.0311324 0.0311319 0.0312476 0.0311894 0.0309620 0.0307938 0.0309622 0.0310767 0.0308499 0.0309062 0.0309062 0.0311951 0.0310223 0.0310213 0.0314212 0.0310762 0.0310243 0.0311343 0.0311343 0.0308487 0.0310754 0.0309653 0.0308483 0.0305101 0.0305659 0.0305659 0.0303977 0.0306955 0.0305676 0.0306233 0.0233486 0.0243557 0.0233355 0.0207706 
EBOV_H.sap-wt_GIN_14_Makona-Gueckedou-EM_080076_KR817235   1.8833102 1.8904629 1.8910170 1.9831495 1.9834914 1.3130495 1.3896255 0.0310338 0.0308609 0.0310409 0.0315319 0.0000000 0.0013920 0.0012890 0.0017547 0.0016513 0.0018069 0.0014443 0.0018585 0.0024283 0.0021692 0.0020138 0.0019618 0.0018583 0.0018583 0.0019101 0.0019618 0.0021685 0.0014960 0.0014443 0.0019620 0.0018582 0.0017547 0.0017030 0.0017030 0.0017547 0.0016514 0.0015996 0.0018069 0.0018583 0.0018583 0.0017031 0.0016511 0.0018067 0.0015994 0.0014961 0.0018063 0.0018063 0.0014960 0.0014960 0.0015995 0.0015477 0.0018583 0.0017029 0.0020138 0.0019102 0.0015995 0.0014961 0.0016512 0.0020144 0.0017547 0.0017546 0.0019099 0.0019099 0.0015994 0.0015478 0.0015995 0.0018064 0.0014961 0.0015478 0.0015478 0.0020138 0.0016514 0.0017547 0.0020139 0.0017029 0.0016514 0.0017548 0.0018583 0.0014960 0.0018063 0.0015996 0.0014960 0.0011860 0.0012376 0.0012376 0.0010827 0.0013417 0.0013928 0.0014445 0.0338924 0.0348330 0.0333894 0.0312324 
EBOV_H.sap-wt_GIN_14_Makona-Gueckedou-EM_079702_KR817210   1.8840433 1.8912011 1.8918288 1.9844557 1.9847976 1.3152463 1.3911042 0.0308625 0.0306897 0.0308696 0.0313604 0.0013920 0.0000000 0.0012888 0.0017029 0.0015995 0.0017550 0.0013926 0.0018066 0.0023763 0.0021172 0.0019619 0.0019099 0.0018065 0.0018065 0.0018582 0.0019099 0.0021166 0.0014442 0.0013926 0.0019101 0.0018063 0.0017028 0.0016511 0.0016511 0.0017028 0.0015995 0.0015478 0.0017550 0.0018064 0.0018064 0.0016513 0.0015993 0.0017548 0.0015476 0.0014443 0.0017545 0.0017545 0.0014442 0.0014442 0.0015477 0.0014959 0.0018064 0.0016510 0.0019619 0.0018583 0.0015477 0.0014443 0.0015993 0.0018590 0.0017028 0.0017028 0.0018580 0.0018580 0.0015476 0.0014960 0.0015476 0.0017546 0.0014443 0.0014960 0.0014960 0.0019618 0.0015995 0.0017029 0.0019620 0.0016511 0.0015996 0.0017029 0.0018064 0.0014442 0.0017545 0.0015478 0.0014442 0.0011342 0.0011859 0.0011859 0.0010310 0.0012899 0.0013410 0.0013927 0.0337196 0.0346595 0.0332168 0.0310612 
EBOV_H.sap-wt_GIN_14_Makona-Gueckedou-EM_079587_KR817202   1.8797638 1.8869000 1.8887185 1.9828306 1.9831722 1.3122414 1.3885322 0.0305838 0.0304112 0.0305908 0.0310815 0.0012890 0.0012888 0.0000000 0.0013411 0.0012378 0.0013931 0.0010311 0.0014447 0.0020139 0.0017551 0.0015998 0.0015480 0.0014446 0.0014446 0.0014963 0.0015479 0.0017545 0.0010827 0.0010311 0.0015481 0.0014445 0.0013411 0.0012894 0.0012894 0.0013411 0.0012379 0.0011862 0.0013931 0.0014445 0.0014445 0.0012895 0.0012376 0.0013930 0.0011860 0.0010828 0.0013927 0.0013927 0.0010827 0.0010827 0.0011861 0.0011344 0.0014446 0.0012893 0.0015999 0.0014964 0.0011861 0.0010828 0.0012377 0.0016003 0.0013411 0.0013411 0.0014961 0.0014962 0.0011860 0.0011344 0.0011860 0.0013928 0.0010828 0.0011344 0.0011344 0.0015998 0.0012378 0.0013411 0.0015999 0.0012894 0.0012379 0.0013412 0.0014445 0.0010827 0.0013927 0.0011862 0.0010827 0.0007722 0.0008238 0.0008238 0.0006692 0.0009284 0.0009796 0.0010312 0.0334390 0.0343781 0.0329364 0.0307826 
EBOV_H.sap-wt_GIN_14_Makona-Gueckedou-EM_079750_KR817213   1.8876769 1.8948504 1.8954028 1.9834802 1.9838219 1.3149032 1.3918303 0.0305839 0.0304113 0.0305909 0.0310816 0.0017547 0.0017029 0.0013411 0.0000000 0.0003088 0.0013926 0.0010298 0.0014441 0.0020131 0.0017544 0.0015992 0.0015474 0.0014440 0.0014440 0.0014957 0.0015473 0.0017539 0.0010814 0.0010298 0.0015475 0.0014439 0.0013406 0.0012889 0.0012889 0.0013406 0.0012374 0.0011857 0.0013926 0.0014440 0.0014440 0.0012890 0.0012371 0.0013924 0.0011856 0.0010814 0.0013922 0.0013922 0.0010814 0.0010814 0.0011856 0.0011339 0.0014440 0.0012888 0.0015993 0.0014958 0.0011856 0.0010814 0.0012372 0.0015997 0.0013405 0.0013405 0.0014955 0.0014956 0.0011856 0.0011340 0.0011856 0.0013922 0.0010814 0.0011340 0.0011340 0.0015992 0.0012374 0.0013406 0.0015993 0.0012889 0.0012374 0.0013406 0.0014440 0.0010814 0.0013921 0.0011857 0.0010814 0.0007722 0.0008238 0.0008238 0.0006692 0.0009280 0.0009783 0.0010298 0.0334391 0.0343125 0.0328713 0.0307185 
EBOV_H.sap-wt_GIN_14_Makona-Gueckedou-EM_079910_KR817221   1.8864315 1.8935991 1.8941520 1.9820876 1.9824292 1.3133329 1.3925157 0.0304711 0.0302986 0.0304781 0.0309687 0.0016513 0.0015995 0.0012378 0.0003088 0.0000000 0.0012892 0.0009268 0.0013408 0.0019096 0.0016509 0.0014958 0.0014440 0.0013407 0.0013407 0.0013923 0.0014440 0.0016504 0.0009783 0.0009268 0.0014441 0.0013406 0.0012373 0.0011856 0.0011856 0.0012373 0.0011341 0.0010825 0.0012892 0.0013406 0.0013406 0.0011857 0.0011339 0.0012891 0.0010814 0.0009783 0.0012889 0.0012889 0.0009783 0.0009783 0.0010824 0.0010298 0.0013407 0.0011856 0.0014959 0.0013924 0.0010814 0.0009783 0.0011340 0.0014963 0.0012372 0.0012372 0.0013922 0.0013922 0.0010814 0.0010298 0.0010814 0.0012889 0.0009783 0.0010298 0.0010298 0.0014958 0.0011341 0.0012373 0.0014959 0.0011856 0.0011341 0.0012373 0.0013406 0.0009783 0.0012888 0.0010824 0.0009783 0.0006692 0.0007207 0.0007207 0.0005662 0.0008248 0.0008753 0.0009268 0.0333254 0.0341985 0.0327578 0.0306058 
EBOV_H.sap-wt_LBR_14_Makona-LIBR0430_KR006955              1.8819823 1.8893263 1.8896846 1.9796002 1.9799412 1.3117597 1.3915084 0.0306404 0.0304678 0.0306474 0.0311381 0.0018069 0.0017550 0.0013931 0.0013926 0.0012892 0.0000000 0.0003603 0.0007722 0.0013411 0.0010828 0.0009279 0.0008753 0.0007722 0.0007722 0.0008238 0.0008753 0.0010825 0.0004118 0.0003603 0.0008763 0.0007722 0.0006692 0.0006177 0.0006177 0.0006692 0.0005662 0.0005147 0.0007207 0.0007722 0.0007722 0.0006177 0.0005662 0.0007207 0.0005147 0.0004118 0.0007207 0.0007207 0.0004118 0.0004118 0.0005147 0.0004632 0.0007722 0.0006177 0.0009280 0.0008238 0.0005147 0.0004118 0.0005662 0.0009282 0.0006692 0.0006693 0.0008238 0.0008238 0.0005147 0.0004632 0.0005147 0.0007207 0.0004118 0.0004632 0.0004632 0.0009279 0.0005662 0.0006692 0.0009280 0.0006177 0.0005662 0.0006692 0.0007722 0.0004118 0.0007207 0.0005147 0.0004118 0.0006177 0.0008753 0.0008753 0.0007207 0.0009798 0.0010311 0.0010827 0.0334960 0.0343696 0.0329282 0.0307749 
EBOV_H.sap-wt_SLE_14_Makona-G3734.1_KM233055               1.8829792 1.8903281 1.8906860 1.9818570 1.9821985 1.3136827 1.3911724 0.0302952 0.0301228 0.0303022 0.0307925 0.0014443 0.0013926 0.0010311 0.0010298 0.0009268 0.0003603 0.0000000 0.0004118 0.0009783 0.0007207 0.0005662 0.0005147 0.0004118 0.0004118 0.0004632 0.0005147 0.0007207 0.0000515 0.0000010 0.0005147 0.0004118 0.0003088 0.0002573 0.0002573 0.0003088 0.0002059 0.0001544 0.0003603 0.0004118 0.0004118 0.0002573 0.0002059 0.0003603 0.0001544 0.0000515 0.0003603 0.0003603 0.0000515 0.0000515 0.0001544 0.0001029 0.0004118 0.0002573 0.0005662 0.0004632 0.0001544 0.0000515 0.0002059 0.0005662 0.0003088 0.0003088 0.0004633 0.0004633 0.0001544 0.0001029 0.0001544 0.0003603 0.0000515 0.0001029 0.0001029 0.0005662 0.0002059 0.0003088 0.0005662 0.0002573 0.0002059 0.0003088 0.0004118 0.0000515 0.0003603 0.0001544 0.0000515 0.0002573 0.0005147 0.0005147 0.0003603 0.0006177 0.0006692 0.0007207 0.0331474 0.0340198 0.0325803 0.0304300 
EBOV_H.sap-wt_LBR_15_Makona-Liberia-DQE4_KR074998          1.8828753 1.8899750 1.8905821 1.9809828 1.9813242 1.3135941 1.3916786 0.0306344 0.0304618 0.0306414 0.0311321 0.0018585 0.0018066 0.0014447 0.0014441 0.0013408 0.0007722 0.0004118 0.0000000 0.0013927 0.0011344 0.0009795 0.0009268 0.0008238 0.0008238 0.0008753 0.0009268 0.0011340 0.0004632 0.0004118 0.0009278 0.0008238 0.0007207 0.0006692 0.0006692 0.0007207 0.0006177 0.0005662 0.0007722 0.0008238 0.0008238 0.0006692 0.0006177 0.0007722 0.0005662 0.0004632 0.0007722 0.0007722 0.0004632 0.0004632 0.0005662 0.0005147 0.0008238 0.0006692 0.0009795 0.0008753 0.0005662 0.0004632 0.0006177 0.0009798 0.0007207 0.0007208 0.0008753 0.0008753 0.0005662 0.0005147 0.0005662 0.0007722 0.0004632 0.0005147 0.0005147 0.0009794 0.0006177 0.0007207 0.0009795 0.0006692 0.0006177 0.0007207 0.0008238 0.0004632 0.0007722 0.0005662 0.0004632 0.0006692 0.0009268 0.0009268 0.0007722 0.0010314 0.0010826 0.0011342 0.0336093 0.0344831 0.0330413 0.0308873 
EBOV_H.sap-wt_GIN_14_Makona-Kankan-EM_078639_KR817166      1.8839101 1.8905029 1.8916188 1.9864299 1.9867723 1.3170302 1.3938183 0.0313222 0.0311492 0.0313294 0.0318207 0.0024283 0.0023763 0.0020139 0.0020131 0.0019096 0.0013411 0.0009783 0.0013927 0.0000000 0.0007722 0.0007207 0.0008753 0.0007722 0.0007722 0.0011340 0.0014959 0.0017024 0.0010309 0.0009783 0.0014960 0.0013924 0.0012891 0.0012375 0.0012375 0.0012891 0.0011859 0.0011343 0.0013411 0.0013925 0.0013925 0.0012376 0.0011342 0.0013410 0.0011341 0.0010309 0.0013407 0.0013407 0.0010309 0.0010309 0.0011342 0.0010825 0.0013925 0.0012374 0.0015478 0.0014443 0.0011341 0.0010309 0.0011858 0.0015482 0.0012891 0.0012891 0.0014441 0.0014441 0.0011341 0.0010825 0.0011341 0.0013408 0.0010309 0.0010825 0.0010825 0.0014962 0.0011859 0.0012892 0.0015478 0.0012374 0.0011860 0.0012892 0.0013925 0.0010309 0.0013407 0.0011342 0.0010308 0.0012374 0.0014956 0.0014956 0.0013407 0.0015999 0.0016510 0.0017026 0.0341838 0.0350593 0.0336148 0.0314563 
EBOV_H.sap-wt_GIN_14_Makona-Faranah-EM_078415_KR817160     1.8806583 1.8877668 1.8898159 1.9845363 1.9848784 1.3145153 1.3916774 0.0310402 0.0308673 0.0310473 0.0315384 0.0021692 0.0021172 0.0017551 0.0017544 0.0016509 0.0010828 0.0007207 0.0011344 0.0007722 0.0000000 0.0004632 0.0006177 0.0005147 0.0005147 0.0008753 0.0012375 0.0014440 0.0007722 0.0007207 0.0012377 0.0011342 0.0010309 0.0009793 0.0009793 0.0010309 0.0009278 0.0008753 0.0010828 0.0011343 0.0011343 0.0009794 0.0009268 0.0010827 0.0008753 0.0007722 0.0010825 0.0010825 0.0007722 0.0007722 0.0008753 0.0008238 0.0011343 0.0009783 0.0012894 0.0011860 0.0008753 0.0007722 0.0009268 0.0012898 0.0010309 0.0010309 0.0011858 0.0011858 0.0008753 0.0008238 0.0008753 0.0010826 0.0007722 0.0008238 0.0008238 0.0012378 0.0009268 0.0010310 0.0012894 0.0009793 0.0009278 0.0010310 0.0011342 0.0007722 0.0010825 0.0008753 0.0007722 0.0009783 0.0012374 0.0012374 0.0010825 0.0013414 0.0013925 0.0014442 0.0337858 0.0346603 0.0331521 0.0310617 
EBOV_H.sap-wt_GIN_14_Makona-Macenta-EM_076191_KR817141     1.8817572 1.8891677 1.8894572 1.9853459 1.9856881 1.3154667 1.3918992 0.0308702 0.0306974 0.0308773 0.0313683 0.0020138 0.0019619 0.0015998 0.0015992 0.0014958 0.0009279 0.0005662 0.0009795 0.0007207 0.0004632 0.0000000 0.0004632 0.0003603 0.0003603 0.0007207 0.0010826 0.0012890 0.0006177 0.0005662 0.0010827 0.0009783 0.0008753 0.0008238 0.0008238 0.0008753 0.0007722 0.0007207 0.0009279 0.0009794 0.0009794 0.0008238 0.0007722 0.0009278 0.0007207 0.0006177 0.0009268 0.0009268 0.0006177 0.0006177 0.0007207 0.0006692 0.0009794 0.0008238 0.0011344 0.0010311 0.0007207 0.0006177 0.0007722 0.0011347 0.0008753 0.0008753 0.0010309 0.0010309 0.0007207 0.0006692 0.0007207 0.0009268 0.0006177 0.0006692 0.0006692 0.0010828 0.0007722 0.0008753 0.0011344 0.0008238 0.0007722 0.0008753 0.0009794 0.0006177 0.0009268 0.0007207 0.0006177 0.0008238 0.0010824 0.0010824 0.0009268 0.0011864 0.0012375 0.0012891 0.0337281 0.0346024 0.0331598 0.0310046 
EBOV_H.sap-wt_GIN_14_Makona-Beyla-EM_075931_KR817138       1.8827625 1.8901111 1.8904691 1.9839364 1.9842782 1.3141060 1.3909369 0.0308105 0.0306378 0.0308176 0.0313084 0.0019618 0.0019099 0.0015480 0.0015474 0.0014440 0.0008753 0.0005147 0.0009268 0.0008753 0.0006177 0.0004632 0.0000000 0.0003088 0.0003088 0.0006692 0.0010309 0.0012372 0.0005662 0.0005147 0.0010310 0.0009268 0.0008238 0.0007722 0.0007722 0.0008238 0.0007207 0.0006692 0.0008753 0.0009268 0.0009268 0.0007722 0.0007207 0.0008753 0.0006692 0.0005662 0.0008753 0.0008753 0.0005662 0.0005662 0.0006692 0.0006177 0.0009268 0.0007722 0.0010827 0.0009794 0.0006692 0.0005662 0.0007207 0.0010830 0.0008238 0.0008238 0.0009784 0.0009784 0.0006692 0.0006177 0.0006692 0.0008753 0.0005662 0.0006177 0.0006177 0.0010311 0.0007207 0.0008238 0.0010827 0.0007722 0.0007207 0.0008238 0.0009268 0.0005662 0.0008753 0.0006692 0.0005662 0.0007722 0.0010298 0.0010298 0.0008753 0.0011346 0.0011858 0.0012374 0.0336676 0.0345416 0.0330994 0.0309449 
EBOV_H.sap-wt_GIN_14_Makona-Kissidougou-EM_078694_KR817171 1.8835097 1.8908603 1.8912179 1.9846331 1.9849750 1.3145510 1.3915747 0.0306984 0.0305257 0.0307054 0.0311962 0.0018583 0.0018065 0.0014446 0.0014440 0.0013407 0.0007722 0.0004118 0.0008238 0.0007722 0.0005147 0.0003603 0.0003088 0.0000000 0.0000010 0.0005662 0.0009268 0.0011340 0.0004632 0.0004118 0.0009268 0.0008238 0.0007207 0.0006692 0.0006692 0.0007207 0.0006177 0.0005662 0.0007722 0.0008238 0.0008238 0.0006692 0.0006177 0.0007722 0.0005662 0.0004632 0.0007722 0.0007722 0.0004632 0.0004632 0.0005662 0.0005147 0.0008238 0.0006692 0.0009794 0.0008753 0.0005662 0.0004632 0.0006177 0.0009797 0.0007207 0.0007208 0.0008753 0.0008753 0.0005662 0.0005147 0.0005662 0.0007722 0.0004632 0.0005147 0.0005147 0.0009279 0.0006177 0.0007207 0.0009794 0.0006692 0.0006177 0.0007207 0.0008238 0.0004632 0.0007722 0.0005662 0.0004632 0.0006692 0.0009268 0.0009268 0.0007722 0.0010313 0.0010825 0.0011341 0.0335546 0.0344283 0.0329866 0.0308329 
EBOV_H.sap-wt_GIN_14_Makona-Kissidougou-EM_078722_KR817175 1.8835097 1.8908603 1.8912179 1.9846331 1.9849750 1.3145510 1.3915747 0.0306984 0.0305257 0.0307054 0.0311962 0.0018583 0.0018065 0.0014446 0.0014440 0.0013407 0.0007722 0.0004118 0.0008238 0.0007722 0.0005147 0.0003603 0.0003088 0.0000010 0.0000000 0.0005662 0.0009268 0.0011340 0.0004632 0.0004118 0.0009268 0.0008238 0.0007207 0.0006692 0.0006692 0.0007207 0.0006177 0.0005662 0.0007722 0.0008238 0.0008238 0.0006692 0.0006177 0.0007722 0.0005662 0.0004632 0.0007722 0.0007722 0.0004632 0.0004632 0.0005662 0.0005147 0.0008238 0.0006692 0.0009794 0.0008753 0.0005662 0.0004632 0.0006177 0.0009797 0.0007207 0.0007208 0.0008753 0.0008753 0.0005662 0.0005147 0.0005662 0.0007722 0.0004632 0.0005147 0.0005147 0.0009279 0.0006177 0.0007207 0.0009794 0.0006692 0.0006177 0.0007207 0.0008238 0.0004632 0.0007722 0.0005662 0.0004632 0.0006692 0.0009268 0.0009268 0.0007722 0.0010313 0.0010825 0.0011341 0.0335546 0.0344283 0.0329866 0.0308329 
EBOV_H.sap-wt_LBR_14_Makona-LIBR0505_KR006957              1.8816265 1.8889677 1.8895224 1.9817050 1.9820465 1.3152660 1.3896694 0.0308072 0.0306345 0.0308143 0.0313051 0.0019101 0.0018582 0.0014963 0.0014957 0.0013923 0.0008238 0.0004632 0.0008753 0.0011340 0.0008753 0.0007207 0.0006692 0.0005662 0.0005662 0.0000000 0.0009783 0.0011856 0.0005147 0.0004632 0.0009794 0.0008753 0.0007722 0.0007207 0.0007207 0.0007722 0.0006692 0.0006177 0.0008238 0.0008753 0.0008753 0.0007207 0.0006692 0.0008238 0.0006177 0.0005147 0.0008238 0.0008238 0.0005147 0.0005147 0.0006177 0.0005662 0.0008753 0.0007207 0.0010310 0.0009268 0.0006177 0.0005147 0.0006692 0.0010313 0.0007722 0.0007723 0.0009268 0.0009268 0.0006177 0.0005662 0.0006177 0.0008238 0.0005147 0.0005662 0.0005662 0.0010310 0.0006692 0.0007722 0.0010311 0.0007207 0.0006692 0.0007722 0.0008753 0.0005147 0.0008238 0.0006177 0.0005147 0.0007207 0.0009783 0.0009783 0.0008238 0.0010829 0.0011341 0.0011857 0.0336640 0.0345379 0.0330959 0.0308290 
EBOV_H.sap-wt_SLE_14_Makona-Kailahun-20140517_KR653263     1.8847576 1.8923121 1.8922428 1.9831635 1.9835053 1.3151900 1.3912988 0.0306375 0.0304649 0.0306446 0.0311352 0.0019618 0.0019099 0.0015479 0.0015473 0.0014440 0.0008753 0.0005147 0.0009268 0.0014959 0.0012375 0.0010826 0.0010309 0.0009268 0.0009268 0.0009783 0.0000000 0.0007207 0.0005662 0.0005147 0.0010310 0.0009268 0.0008238 0.0007722 0.0007722 0.0008238 0.0007207 0.0006692 0.0008753 0.0009268 0.0009268 0.0007722 0.0007207 0.0008753 0.0006692 0.0005662 0.0008753 0.0008753 0.0005662 0.0005662 0.0006692 0.0005147 0.0009268 0.0007722 0.0010826 0.0009793 0.0006692 0.0005662 0.0007207 0.0010829 0.0008238 0.0008238 0.0009784 0.0009784 0.0006692 0.0006177 0.0006692 0.0008753 0.0005662 0.0006177 0.0006177 0.0010826 0.0007207 0.0008238 0.0010827 0.0007722 0.0007207 0.0008238 0.0009268 0.0005662 0.0008753 0.0006692 0.0005662 0.0007722 0.0010298 0.0010298 0.0008753 0.0011346 0.0011857 0.0012373 0.0334929 0.0343663 0.0329251 0.0307721 
EBOV_H.sap-wt_SLE_14_Makona-G4973_1_KR105286               1.8844960 1.8918477 1.8919750 1.9812308 1.9815722 1.3140571 1.3902878 0.0309699 0.0307972 0.0309770 0.0314679 0.0021685 0.0021166 0.0017545 0.0017539 0.0016504 0.0010825 0.0007207 0.0011340 0.0017024 0.0014440 0.0012890 0.0012372 0.0011340 0.0011340 0.0011856 0.0007207 0.0000000 0.0007722 0.0007207 0.0012373 0.0011329 0.0010298 0.0009783 0.0009783 0.0010298 0.0009268 0.0008753 0.0010825 0.0011339 0.0011339 0.0009783 0.0009268 0.0010824 0.0008753 0.0007722 0.0010814 0.0010814 0.0007722 0.0007722 0.0008753 0.0008238 0.0011339 0.0009783 0.0012890 0.0011857 0.0008753 0.0007722 0.0009268 0.0012894 0.0010298 0.0010299 0.0011845 0.0011845 0.0008753 0.0008238 0.0008753 0.0010814 0.0007722 0.0008238 0.0008238 0.0012889 0.0009268 0.0010298 0.0012890 0.0009783 0.0009268 0.0010298 0.0011339 0.0007722 0.0010814 0.0008753 0.0007722 0.0009783 0.0012370 0.0012370 0.0010814 0.0013410 0.0013921 0.0014437 0.0338274 0.0347016 0.0332593 0.0309922 
EBOV_H.sap-wt_SLE_14_Makona-G3799_KM233080                 1.8827203 1.8900685 1.8904266 1.9820294 1.9823709 1.3134773 1.3909604 0.0303515 0.0301791 0.0303584 0.0308488 0.0014960 0.0014442 0.0010827 0.0010814 0.0009783 0.0004118 0.0000515 0.0004632 0.0010309 0.0007722 0.0006177 0.0005662 0.0004632 0.0004632 0.0005147 0.0005662 0.0007722 0.0000000 0.0000515 0.0005662 0.0004632 0.0003603 0.0003088 0.0003088 0.0003603 0.0002573 0.0002059 0.0004118 0.0004632 0.0004632 0.0003088 0.0002573 0.0004118 0.0002059 0.0001029 0.0004118 0.0004118 0.0001029 0.0001029 0.0002059 0.0001544 0.0004632 0.0003088 0.0006177 0.0005147 0.0002059 0.0001029 0.0002573 0.0006177 0.0003603 0.0003603 0.0005148 0.0005148 0.0002059 0.0001544 0.0002059 0.0004118 0.0001029 0.0001544 0.0001544 0.0006177 0.0002573 0.0003603 0.0006177 0.0003088 0.0002573 0.0003603 0.0004632 0.0001029 0.0004118 0.0002059 0.0001029 0.0003088 0.0005662 0.0005662 0.0004118 0.0006692 0.0007207 0.0007722 0.0332041 0.0340767 0.0325242 0.0304862 
EBOV_H.sap-wt_SLE_14_Makona-G3788_KM233075                 1.8829792 1.8903281 1.8906860 1.9818570 1.9821985 1.3136827 1.3911724 0.0302952 0.0301228 0.0303022 0.0307925 0.0014443 0.0013926 0.0010311 0.0010298 0.0009268 0.0003603 0.0000010 0.0004118 0.0009783 0.0007207 0.0005662 0.0005147 0.0004118 0.0004118 0.0004632 0.0005147 0.0007207 0.0000515 0.0000000 0.0005147 0.0004118 0.0003088 0.0002573 0.0002573 0.0003088 0.0002059 0.0001544 0.0003603 0.0004118 0.0004118 0.0002573 0.0002059 0.0003603 0.0001544 0.0000515 0.0003603 0.0003603 0.0000515 0.0000515 0.0001544 0.0001029 0.0004118 0.0002573 0.0005662 0.0004632 0.0001544 0.0000515 0.0002059 0.0005662 0.0003088 0.0003088 0.0004633 0.0004633 0.0001544 0.0001029 0.0001544 0.0003603 0.0000515 0.0001029 0.0001029 0.0005662 0.0002059 0.0003088 0.0005662 0.0002573 0.0002059 0.0003088 0.0004118 0.0000515 0.0003603 0.0001544 0.0000515 0.0002573 0.0005147 0.0005147 0.0003603 0.0006177 0.0006692 0.0007207 0.0331474 0.0340198 0.0325803 0.0304300 
EBOV_H.sap-wt_SLE_14_Makona-Kenema-G5059_1_KR105296        1.8827566 1.8897000 1.8904632 1.9805906 1.9809319 1.3139791 1.3898241 0.0306413 0.0304686 0.0306483 0.0311390 0.0019620 0.0019101 0.0015481 0.0015475 0.0014441 0.0008763 0.0005147 0.0009278 0.0014960 0.0012377 0.0010827 0.0010310 0.0009268 0.0009268 0.0009794 0.0010310 0.0012373 0.0005662 0.0005147 0.0000000 0.0005147 0.0004118 0.0003603 0.0003603 0.0004118 0.0007207 0.0006692 0.0008763 0.0009268 0.0009268 0.0007722 0.0007207 0.0008753 0.0006692 0.0005662 0.0008753 0.0008753 0.0005662 0.0005662 0.0006692 0.0006177 0.0009268 0.0007722 0.0010827 0.0009794 0.0006692 0.0005662 0.0007207 0.0010831 0.0008238 0.0008238 0.0009784 0.0008753 0.0006692 0.0006177 0.0006692 0.0008753 0.0005662 0.0006177 0.0006177 0.0010827 0.0007207 0.0008238 0.0010828 0.0007722 0.0007207 0.0008238 0.0009268 0.0005662 0.0008753 0.0006692 0.0005662 0.0007722 0.0010298 0.0010298 0.0008753 0.0011347 0.0011859 0.0012375 0.0336106 0.0344845 0.0330426 0.0308884 
EBOV_H.sap-wt_SLE_14_Makona-Kenema-G4702_1_KR105265        1.8838620 1.8908076 1.8915702 1.9812961 1.9816375 1.3132476 1.3900670 0.0305233 0.0303507 0.0305303 0.0310208 0.0018582 0.0018063 0.0014445 0.0014439 0.0013406 0.0007722 0.0004118 0.0008238 0.0013924 0.0011342 0.0009783 0.0009268 0.0008238 0.0008238 0.0008753 0.0009268 0.0011329 0.0004632 0.0004118 0.0005147 0.0000000 0.0003088 0.0002573 0.0002573 0.0003088 0.0005147 0.0004632 0.0006692 0.0007207 0.0007207 0.0005662 0.0006177 0.0007722 0.0005662 0.0004632 0.0007722 0.0007722 0.0004632 0.0004632 0.0005662 0.0005147 0.0008238 0.0006692 0.0009793 0.0008753 0.0005662 0.0004632 0.0006177 0.0009796 0.0007207 0.0007208 0.0008753 0.0007723 0.0005662 0.0005147 0.0005662 0.0007722 0.0004632 0.0005147 0.0005147 0.0009783 0.0006177 0.0007207 0.0009793 0.0006692 0.0006177 0.0007207 0.0008238 0.0004632 0.0007722 0.0005662 0.0004632 0.0006692 0.0009268 0.0009268 0.0007722 0.0010312 0.0010824 0.0011340 0.0334911 0.0343645 0.0329234 0.0307705 
EBOV_H.sap-wt_SLE_14_Makona-Kenema-G4350_1_KR105242        1.8817390 1.8886754 1.8895407 1.9812885 1.9816299 1.3136136 1.3903715 0.0304109 0.0302384 0.0304178 0.0309083 0.0017547 0.0017028 0.0013411 0.0013406 0.0012373 0.0006692 0.0003088 0.0007207 0.0012891 0.0010309 0.0008753 0.0008238 0.0007207 0.0007207 0.0007722 0.0008238 0.0010298 0.0003603 0.0003088 0.0004118 0.0003088 0.0000000 0.0000515 0.0000515 0.0001029 0.0005147 0.0004632 0.0006692 0.0007207 0.0007207 0.0005662 0.0005147 0.0006692 0.0004632 0.0003603 0.0006692 0.0006692 0.0003603 0.0003603 0.0004632 0.0004118 0.0007207 0.0005662 0.0008753 0.0007722 0.0004632 0.0003603 0.0005147 0.0008764 0.0006177 0.0006178 0.0007723 0.0006693 0.0004632 0.0004118 0.0004632 0.0006692 0.0003603 0.0004118 0.0004118 0.0008753 0.0005147 0.0006177 0.0008753 0.0005662 0.0005147 0.0006177 0.0007207 0.0003603 0.0006692 0.0004632 0.0003603 0.0005662 0.0008238 0.0008238 0.0006692 0.0009280 0.0009783 0.0010298 0.0333778 0.0342509 0.0328102 0.0306581 
EBOV_H.sap-wt_SLE_14_Makona-Kenema-G4971_1_KR105284        1.8815730 1.8885089 1.8892720 1.9815557 1.9818971 1.3136532 1.3905836 0.0303546 0.0301821 0.0303616 0.0308520 0.0017030 0.0016511 0.0012894 0.0012889 0.0011856 0.0006177 0.0002573 0.0006692 0.0012375 0.0009793 0.0008238 0.0007722 0.0006692 0.0006692 0.0007207 0.0007722 0.0009783 0.0003088 0.0002573 0.0003603 0.0002573 0.0000515 0.0000000 0.0000010 0.0000515 0.0004632 0.0004118 0.0006177 0.0006692 0.0006692 0.0005147 0.0004632 0.0006177 0.0004118 0.0003088 0.0006177 0.0006177 0.0003088 0.0003088 0.0004118 0.0003603 0.0006692 0.0005147 0.0008238 0.0007207 0.0004118 0.0003088 0.0004632 0.0008248 0.0005662 0.0005663 0.0007208 0.0006178 0.0004118 0.0003603 0.0004118 0.0006177 0.0003088 0.0003603 0.0003603 0.0008238 0.0004632 0.0005662 0.0008238 0.0005147 0.0004632 0.0005662 0.0006692 0.0003088 0.0006177 0.0004118 0.0003088 0.0005147 0.0007722 0.0007722 0.0006177 0.0008764 0.0009268 0.0009783 0.0333211 0.0341940 0.0327536 0.0306019 
EBOV_H.sap-wt_SLE_14_Makona-Kenema-G4937_1_KR105278        1.8815730 1.8885089 1.8892720 1.9815557 1.9818971 1.3136532 1.3905836 0.0303546 0.0301821 0.0303616 0.0308520 0.0017030 0.0016511 0.0012894 0.0012889 0.0011856 0.0006177 0.0002573 0.0006692 0.0012375 0.0009793 0.0008238 0.0007722 0.0006692 0.0006692 0.0007207 0.0007722 0.0009783 0.0003088 0.0002573 0.0003603 0.0002573 0.0000515 0.0000010 0.0000000 0.0000515 0.0004632 0.0004118 0.0006177 0.0006692 0.0006692 0.0005147 0.0004632 0.0006177 0.0004118 0.0003088 0.0006177 0.0006177 0.0003088 0.0003088 0.0004118 0.0003603 0.0006692 0.0005147 0.0008238 0.0007207 0.0004118 0.0003088 0.0004632 0.0008248 0.0005662 0.0005663 0.0007208 0.0006178 0.0004118 0.0003603 0.0004118 0.0006177 0.0003088 0.0003603 0.0003603 0.0008238 0.0004632 0.0005662 0.0008238 0.0005147 0.0004632 0.0005662 0.0006692 0.0003088 0.0006177 0.0004118 0.0003088 0.0005147 0.0007722 0.0007722 0.0006177 0.0008764 0.0009268 0.0009783 0.0333211 0.0341940 0.0327536 0.0306019 
EBOV_H.sap-wt_SLE_14_Makona-Kenema-G4856_1_KR105273        1.8815430 1.8884791 1.8892423 1.9815291 1.9818705 1.3137736 1.3907099 0.0304109 0.0302384 0.0304178 0.0309083 0.0017547 0.0017028 0.0013411 0.0013406 0.0012373 0.0006692 0.0003088 0.0007207 0.0012891 0.0010309 0.0008753 0.0008238 0.0007207 0.0007207 0.0007722 0.0008238 0.0010298 0.0003603 0.0003088 0.0004118 0.0003088 0.0001029 0.0000515 0.0000515 0.0000000 0.0005147 0.0004632 0.0006692 0.0007207 0.0007207 0.0005662 0.0005147 0.0006692 0.0004632 0.0003603 0.0006692 0.0006692 0.0003603 0.0003603 0.0004632 0.0004118 0.0007207 0.0005662 0.0008753 0.0007722 0.0004632 0.0003603 0.0005147 0.0008764 0.0006177 0.0006178 0.0007723 0.0006693 0.0004632 0.0004118 0.0004632 0.0006692 0.0003603 0.0004118 0.0004118 0.0008753 0.0005147 0.0006177 0.0008753 0.0005662 0.0005147 0.0006177 0.0007207 0.0003603 0.0006692 0.0004632 0.0003603 0.0005662 0.0008238 0.0008238 0.0006692 0.0009280 0.0009783 0.0010298 0.0333778 0.0342509 0.0328102 0.0306581 
EBOV_H.sap-wt_SLE_14_Makona-Bonthe-G5723_1_KR105319        1.8815837 1.8889269 1.8892855 1.9802256 1.9805668 1.3131305 1.3908805 0.0305250 0.0303524 0.0305319 0.0310225 0.0016514 0.0015995 0.0012379 0.0012374 0.0011341 0.0005662 0.0002059 0.0006177 0.0011859 0.0009278 0.0007722 0.0007207 0.0006177 0.0006177 0.0006692 0.0007207 0.0009268 0.0002573 0.0002059 0.0007207 0.0005147 0.0005147 0.0004632 0.0004632 0.0005147 0.0000000 0.0000515 0.0002573 0.0003088 0.0003088 0.0001544 0.0004118 0.0005662 0.0003603 0.0002573 0.0005662 0.0005662 0.0002573 0.0002573 0.0003603 0.0003088 0.0006177 0.0004632 0.0007722 0.0006692 0.0003603 0.0002573 0.0004118 0.0007722 0.0005147 0.0005148 0.0006693 0.0006693 0.0003603 0.0003088 0.0003603 0.0005662 0.0002573 0.0003088 0.0003088 0.0007722 0.0004118 0.0005147 0.0007722 0.0004632 0.0004118 0.0005147 0.0006177 0.0002573 0.0005662 0.0003603 0.0002573 0.0004632 0.0007207 0.0007207 0.0005662 0.0008248 0.0008753 0.0009268 0.0333794 0.0342525 0.0328118 0.0306596 
EBOV_H.sap-wt_SLE_14_Makona-J0042_KP759711                 1.8818823 1.8892263 1.8895847 1.9805328 1.9808740 1.3133650 1.3910535 0.0304684 0.0302959 0.0304754 0.0309660 0.0015996 0.0015478 0.0011862 0.0011857 0.0010825 0.0005147 0.0001544 0.0005662 0.0011343 0.0008753 0.0007207 0.0006692 0.0005662 0.0005662 0.0006177 0.0006692 0.0008753 0.0002059 0.0001544 0.0006692 0.0004632 0.0004632 0.0004118 0.0004118 0.0004632 0.0000515 0.0000000 0.0002059 0.0002573 0.0002573 0.0001029 0.0003603 0.0005147 0.0003088 0.0002059 0.0005147 0.0005147 0.0002059 0.0002059 0.0003088 0.0002573 0.0005662 0.0004118 0.0007207 0.0006177 0.0003088 0.0002059 0.0003603 0.0007207 0.0004632 0.0004633 0.0006178 0.0006178 0.0003088 0.0002573 0.0003088 0.0005147 0.0002059 0.0002573 0.0002573 0.0007207 0.0003603 0.0004632 0.0007207 0.0004118 0.0003603 0.0004632 0.0005662 0.0002059 0.0005147 0.0003088 0.0002059 0.0004118 0.0006692 0.0006692 0.0005147 0.0007722 0.0008238 0.0008753 0.0333224 0.0341954 0.0327549 0.0306031 
EBOV_H.sap-wt_SLE_14_Makona-J0150_KP759696                 1.8804668 1.8876065 1.8881618 1.9783943 1.9787352 1.3147981 1.3920716 0.0306456 0.0304729 0.0306526 0.0311434 0.0018069 0.0017550 0.0013931 0.0013926 0.0012892 0.0007207 0.0003603 0.0007722 0.0013411 0.0010828 0.0009279 0.0008753 0.0007722 0.0007722 0.0008238 0.0008753 0.0010825 0.0004118 0.0003603 0.0008763 0.0006692 0.0006692 0.0006177 0.0006177 0.0006692 0.0002573 0.0002059 0.0000000 0.0004632 0.0004632 0.0003088 0.0005662 0.0007207 0.0005147 0.0004118 0.0007207 0.0007207 0.0004118 0.0004118 0.0005147 0.0004632 0.0007722 0.0006177 0.0009280 0.0008238 0.0005147 0.0004118 0.0005662 0.0009282 0.0006692 0.0006693 0.0008238 0.0008238 0.0005147 0.0004632 0.0005147 0.0007207 0.0004118 0.0004632 0.0004632 0.0009279 0.0005662 0.0006692 0.0009280 0.0006177 0.0005662 0.0006692 0.0007722 0.0004118 0.0007207 0.0005147 0.0004118 0.0006177 0.0008753 0.0008753 0.0007207 0.0009798 0.0010310 0.0010827 0.0335017 0.0343754 0.0329337 0.0307801 
