100
F1.BR.10.DEMF110BR015.KU749395         0.0000000 1.1969658 0.9622374 0.9226167 0.9315850 0.9656916 0.9198252 0.8588719 0.8907603 0.9064938 0.9437625 0.9069829 0.8847198 0.9216140 0.8921908 0.8821053 0.9528629 0.8921507 0.9497625 0.8637018 0.9415114 0.8627780 0.9656242 0.8673246 0.8762036 0.8421086 0.9493116 0.9127304 0.8964877 0.9312598 0.9107402 0.8836545 0.8952467 0.8817354 0.9165361 0.8896896 0.8556071 0.7394693 0.8568284 0.7999568 1.1326310 0.7429674 1.2136366 1.2438645 1.1788993 1.2195598 1.0962626 1.1410930 1.1160061 1.1377729 1.0802091 1.1514862 1.1225779 1.1462419 1.1253705 1.0932107 1.1140880 1.1118226 0.9996801 0.9795394 1.0038969 0.9496601 0.8816918 0.8797585 1.0879069 1.1566940 0.8013980 0.8608235 0.8142428 0.8332065 0.8808674 0.7740616 0.7997492 0.7963573 0.7917766 0.8803849 0.8326292 1.1073119 0.9982017 0.9464518 0.9243250 0.9606783 0.9711502 0.9676280 0.9082261 0.8912674 0.7481296 0.8197011 0.8739786 0.7699803 0.8464792 0.8335319 0.8191037 0.7964886 0.8455241 0.7973571 2.8078861 2.3092841 2.2292324 2.2423509 
BF1.BR.10.10BR_RJ029.KT427782          1.1969658 0.0000000 0.7562899 0.6785773 0.7483389 0.6817089 0.6733720 0.7241441 0.7255992 0.7315023 0.8035027 0.6213123 0.7231516 0.7449572 0.7512686 0.7312146 0.7608347 0.6299929 0.7576132 0.7041609 0.7660464 0.6964376 0.7651518 0.6427130 0.6366201 0.6364964 0.7439957 0.6959068 0.7126412 0.7205665 0.7194496 0.6852157 0.6990796 0.7098142 0.7099777 0.6914114 0.6635133 0.8876052 0.8937481 0.8872837 1.4517341 1.0579345 1.5300645 1.5873206 1.5590862 1.5405345 1.4271066 1.4624015 1.4133538 1.4388260 1.3838356 1.4645958 1.4750596 1.4434820 1.4380139 1.3928042 1.4204879 1.4942322 1.3220590 1.3007852 1.3167788 1.2901611 1.1936073 1.2155195 1.3695718 1.4266894 1.1001675 1.1791419 1.1347658 1.1520505 1.1838682 1.0953592 1.1042313 1.0850121 1.0950319 1.2002829 1.1244561 1.4149504 1.3048323 1.2569574 1.2170392 1.2264962 1.2283198 1.2355464 1.2162665 1.1859393 1.0406850 1.1378086 1.1599026 1.0797371 1.1558491 1.1663588 1.1774144 1.1183715 1.1872381 1.1173268 3.0204923 2.4799385 2.5218843 2.5187064 
51_01B.MY.11.11MYKL055.KJ485697        0.9622374 0.7562899 0.0000000 0.5441878 0.4993703 0.5325897 0.5162020 0.4829779 0.4832468 0.4911590 0.5153367 0.4986097 0.4858122 0.4991570 0.4782109 0.4677584 0.4986189 0.4674135 0.4872230 0.4505286 0.5077783 0.4497778 0.4892730 0.4496365 0.4654513 0.4373695 0.4594557 0.4348985 0.4570195 0.4601857 0.4568163 0.4324912 0.4378180 0.4279167 0.4591646 0.4383613 0.3999268 0.6604395 0.6881353 0.6543012 1.2508579 0.8293039 1.3172865 1.3461638 1.2852952 1.3070821 1.1992821 1.2036374 1.1784946 1.2069825 1.1716401 1.2367570 1.2725238 1.2386011 1.2264763 1.1792162 1.2034123 1.2326528 1.0633140 1.0975284 1.0784367 1.0626187 0.9724313 0.9470690 1.1965884 1.2179012 0.8758006 0.9250806 0.8836563 0.9074014 0.9605756 0.8629843 0.9068415 0.8617302 0.8748600 0.9692744 0.9544928 1.1997146 1.1350754 1.0504406 1.0312825 1.0763758 1.0558468 1.0736172 1.0469064 1.0028612 0.8452455 0.9265377 0.9377932 0.8910357 0.9465260 0.9243936 0.9525182 0.9036316 0.9507145 0.8876554 2.6729748 2.2281718 2.3269471 2.3609181 
B.GB.14.14667_1_16.3.MF109578          0.9226167 0.6785773 0.5441878 0.0000000 0.4896801 0.4452106 0.4034410 0.4485046 0.4782047 0.4803585 0.5316804 0.4226341 0.4649816 0.4842436 0.4748988 0.4649603 0.5182272 0.3892623 0.5090736 0.4544656 0.5008282 0.4424979 0.4970250 0.3869076 0.3891120 0.3965567 0.4883583 0.4441641 0.4434267 0.4787025 0.4657265 0.4422441 0.4594632 0.4431624 0.4506201 0.4480585 0.4070950 0.6472613 0.6780114 0.6298319 1.2242003 0.8152454 1.2281854 1.3472413 1.2855172 1.3052702 1.1887295 1.1895989 1.2182665 1.2110461 1.1700732 1.2323931 1.2361556 1.1920856 1.2179096 1.1766746 1.1754574 1.2215200 1.0468480 1.0685888 1.0602891 1.0707251 0.9752945 0.9617936 1.1456268 1.1818603 0.8671374 0.9104341 0.8987088 0.9025661 0.9517239 0.8581606 0.8609787 0.8278073 0.8607123 0.9714664 0.8992847 1.1611956 1.0754893 0.9961455 0.9671699 1.0133852 1.0061290 1.0158639 0.9751988 0.9614439 0.8168217 0.8865129 0.9223211 0.8698649 0.9063543 0.8874491 0.9078545 0.8923457 0.9236824 0.8732177 2.7807449 2.2572396 2.2835501 2.3193080 
B.JP.11.NMC851C_clone_13.AB731669      0.9315850 0.7483389 0.4993703 0.4896801 0.0000000 0.5055796 0.4956728 0.4465450 0.4446288 0.4429614 0.4903547 0.4769076 0.4508374 0.4629174 0.4531373 0.4395526 0.4968607 0.4515325 0.4850804 0.4323474 0.4851394 0.4111815 0.4773030 0.4202356 0.4203952 0.4048730 0.4546364 0.4233171 0.4278684 0.4518452 0.4299110 0.4166600 0.4331432 0.4126841 0.4380389 0.4101959 0.3875820 0.6295081 0.6561996 0.6008368 1.2242946 0.8063036 1.3102427 1.3752223 1.2761531 1.2985908 1.2094996 1.1903540 1.1921807 1.2046111 1.1607550 1.2172959 1.2192699 1.1949449 1.2027531 1.1794380 1.1642774 1.2131238 1.0473770 1.0802917 1.0566953 1.0320100 0.9659828 0.9579663 1.1474178 1.1885263 0.8608319 0.8882764 0.8672043 0.8895113 0.9251418 0.8568295 0.8594836 0.8251191 0.8505781 0.9775738 0.8986816 1.1769450 1.0778991 1.0247152 0.9869918 1.0070528 1.0066507 1.0365241 0.9823916 0.9713471 0.7957682 0.8925167 0.9385234 0.8563454 0.9096587 0.9206255 0.8956209 0.8792961 0.9337768 0.8836138 2.7830957 2.2067007 2.2601844 2.2872719 
BF1.BR.10.10BR_MG052.KT427668          0.9656916 0.6817089 0.5325897 0.4452106 0.5055796 0.0000000 0.4321585 0.4681848 0.4851045 0.4973752 0.5390626 0.4000632 0.4892158 0.5057911 0.4852634 0.4681300 0.5271623 0.3774094 0.5114492 0.4523442 0.5038418 0.4566293 0.5093627 0.4019325 0.3968292 0.3935361 0.4846785 0.4568426 0.4601707 0.4838302 0.4714579 0.4406912 0.4608637 0.4570337 0.4757300 0.4460083 0.4226301 0.6389659 0.6820213 0.6323091 1.2264093 0.8377458 1.3318246 1.3660061 1.2810187 1.3107700 1.2278493 1.1998950 1.1794658 1.2546419 1.1782635 1.2373497 1.2194280 1.2380473 1.2196708 1.1694819 1.1888213 1.2361542 1.0698181 1.0805074 1.0690658 1.0479812 0.9750198 0.9571279 1.1835044 1.2437439 0.8660682 0.9038735 0.8890914 0.9227669 0.9545357 0.8573617 0.8791195 0.8631490 0.8651913 0.9847835 0.9212181 1.2181246 1.0912376 1.0246004 0.9925379 1.0210433 1.0239418 1.0516813 0.9984421 0.9826314 0.8457093 0.8890228 0.9136189 0.8538322 0.9654409 0.9161834 0.9358040 0.8892113 0.9513510 0.9030130 2.7397433 2.2657917 2.3264564 2.4191159 
B.BR.10.10BR_PE013.KT427743            0.9198252 0.6733720 0.5162020 0.4034410 0.4956728 0.4321585 0.0000000 0.4579528 0.4691683 0.4744621 0.5254814 0.4054672 0.4616346 0.4920129 0.4672913 0.4526062 0.5110537 0.3734772 0.5016057 0.4460303 0.5205790 0.4277663 0.5055151 0.3772058 0.3879792 0.3813344 0.4783675 0.4581722 0.4437557 0.4755192 0.4573387 0.4398985 0.4517856 0.4439322 0.4488018 0.4459048 0.4090973 0.6135499 0.6647031 0.6036669 1.2348794 0.8139523 1.2691771 1.3046274 1.2500959 1.2577674 1.1761273 1.1579684 1.1522852 1.2084224 1.1195172 1.1771930 1.1793564 1.1578894 1.1800481 1.1365339 1.1482660 1.1758357 1.0402460 1.0494188 1.0418620 1.0484596 0.9492709 0.9311519 1.1515013 1.2452488 0.8353456 0.9028795 0.8730249 0.8842150 0.9285245 0.8446511 0.8690656 0.8417235 0.8570056 0.9468476 0.8929568 1.2000363 1.0475478 1.0079285 0.9887997 1.0145354 1.0060554 1.0122028 0.9812945 0.9554336 0.8172372 0.9015799 0.9021789 0.8450819 0.8915976 0.8674369 0.8869483 0.8741638 0.9100251 0.8587020 2.7855560 2.2473570 2.3293145 2.3587381 
B.US.15.3693.KX505555                  0.8588719 0.7241441 0.4829779 0.4485046 0.4465450 0.4681848 0.4579528 0.0000000 0.4353433 0.4435744 0.4765393 0.4475482 0.4238792 0.4486774 0.4370047 0.4180650 0.4705149 0.4180871 0.4607688 0.4043162 0.4474499 0.3981541 0.4565524 0.3786285 0.3815336 0.3707736 0.4322226 0.3922370 0.4192890 0.4498868 0.4161836 0.4058191 0.4040047 0.3909172 0.4121491 0.3984234 0.3666229 0.5564217 0.5737272 0.5321274 1.1548244 0.7375269 1.2196698 1.2668577 1.1556892 1.1823602 1.1041946 1.1346288 1.1045002 1.1479351 1.0593135 1.1248159 1.1337373 1.1316908 1.1329836 1.1053999 1.0985488 1.1361310 1.0083657 0.9961480 0.9999957 0.9917905 0.8717360 0.8621298 1.1074892 1.1356196 0.7748904 0.8340679 0.7937575 0.8191678 0.8677905 0.7641962 0.7865786 0.7685238 0.7642431 0.8678040 0.8277146 1.0699307 1.0166956 0.9615145 0.9086905 0.9407726 0.9246126 0.9525996 0.8977034 0.8752481 0.7193409 0.8239823 0.8544743 0.7820758 0.8394366 0.8299718 0.8268978 0.7812409 0.8677813 0.7974626 2.7573300 2.1405230 2.2495951 2.2420288 
B.TH.06.AA010a_WG3.JX446800            0.8907603 0.7255992 0.4832468 0.4782047 0.4446288 0.4851045 0.4691683 0.4353433 0.0000000 0.4105985 0.4709779 0.4616819 0.4119986 0.4355389 0.4201951 0.4063034 0.4703810 0.4360268 0.4611790 0.3905301 0.4595319 0.3980227 0.4593321 0.3980565 0.3998388 0.3684739 0.4384534 0.3977390 0.4138648 0.4334654 0.4228223 0.3998147 0.4194014 0.3890863 0.4284467 0.4040984 0.3761331 0.6073964 0.6229639 0.5786067 1.1957051 0.7848047 1.2488085 1.3172021 1.2050655 1.2540809 1.1591369 1.1918994 1.1473050 1.1789640 1.1268779 1.1795461 1.1923522 1.1751325 1.1642886 1.1562794 1.1661912 1.2144783 1.0382834 1.0285380 1.0295068 1.0200128 0.9314456 0.8945705 1.1501338 1.1797526 0.8343502 0.8721176 0.8375308 0.8781903 0.9385023 0.8216903 0.8468192 0.8234165 0.8392194 0.9253253 0.8936748 1.1428699 1.0719238 1.0187452 0.9584279 1.0155247 1.0083733 1.0405327 0.9950673 0.9661525 0.7865748 0.8790539 0.9045776 0.8295694 0.8625546 0.8813650 0.8838740 0.8616465 0.9063062 0.8526593 2.8341815 2.2297595 2.2534130 2.2756101 
B.CY.08.CY224.JF683773                 0.9064938 0.7315023 0.4911590 0.4803585 0.4429614 0.4973752 0.4744621 0.4435744 0.4105985 0.0000000 0.4771919 0.4601943 0.4029336 0.4229390 0.4027745 0.3896293 0.4689264 0.4369989 0.4530403 0.3877655 0.4514369 0.3989640 0.4549705 0.3979850 0.4073268 0.3823610 0.4451111 0.4070123 0.4051645 0.4332217 0.4168816 0.4080213 0.4104659 0.3926021 0.4178441 0.3976486 0.3637683 0.6035942 0.6307321 0.5701085 1.1604215 0.8016668 1.2564588 1.2721588 1.2378562 1.2691595 1.1756658 1.1389919 1.1306366 1.1526110 1.1096235 1.1654373 1.1846217 1.1670739 1.1647382 1.1195268 1.1370353 1.2007002 1.0329309 1.0318196 1.0313296 1.0165175 0.9245460 0.9045837 1.1314227 1.1833910 0.8284227 0.8829103 0.8538225 0.8721571 0.8968084 0.8276839 0.8372023 0.8063942 0.8019447 0.9123752 0.8779018 1.1509624 1.0804977 1.0154505 0.9672010 0.9793531 0.9904486 1.0239574 0.9794445 0.9387317 0.7866771 0.8539391 0.8851328 0.8161654 0.8870133 0.8713296 0.8808386 0.8685182 0.8908638 0.8469219 2.7912939 2.1604694 2.2676438 2.2353570 
B.GB.14.14535_1_7.3.MF109534           0.9437625 0.8035027 0.5153367 0.5316804 0.4903547 0.5390626 0.5254814 0.4765393 0.4709779 0.4771919 0.0000000 0.5054099 0.4779327 0.4965143 0.4746561 0.4653854 0.4650637 0.4748503 0.4439975 0.4530719 0.4464946 0.4362904 0.4091371 0.4382152 0.4502183 0.4301413 0.4176728 0.3737114 0.3796576 0.4208016 0.4156490 0.3934310 0.4002794 0.3838691 0.4162115 0.3926562 0.3569518 0.6431640 0.6794896 0.6247703 1.2409920 0.8517462 1.3017330 1.4114756 1.2942722 1.3139157 1.2206740 1.2625750 1.2005603 1.2210710 1.2018131 1.2462810 1.2283911 1.2205665 1.1904394 1.2073438 1.2157620 1.2529201 1.0636081 1.0866668 1.0982306 1.0843217 0.9805503 0.9390689 1.1651721 1.2458752 0.8664949 0.9024319 0.8738757 0.9306549 0.9505596 0.8693882 0.8854936 0.8596634 0.8724091 0.9471945 0.9371315 1.1914071 1.0937382 1.0649539 1.0179353 1.0468620 1.0233410 1.0491818 1.0126224 0.9859976 0.8232944 0.9049529 0.9439220 0.8619997 0.9369445 0.9165619 0.9331399 0.9029868 0.9561713 0.8970265 2.7812232 2.3234076 2.3170903 2.3620193 
BF1.BR.00.BREPM13853.DQ085875          0.9069829 0.6213123 0.4986097 0.4226341 0.4769076 0.4000632 0.4054672 0.4475482 0.4616819 0.4601943 0.5054099 0.0000000 0.4591270 0.4626891 0.4559012 0.4366581 0.4941281 0.3582781 0.4901353 0.4344588 0.4948626 0.4232600 0.4819774 0.3796570 0.3770112 0.3825714 0.4620510 0.4328886 0.4404597 0.4726153 0.4480895 0.4272763 0.4402122 0.4403266 0.4484764 0.4188379 0.3932866 0.6075271 0.6511441 0.5924284 1.2201683 0.7838634 1.2594808 1.3225197 1.2687374 1.2632285 1.1669983 1.1736862 1.1420074 1.1866338 1.1454153 1.1893383 1.1916804 1.1566058 1.1767847 1.1383425 1.1415957 1.1902613 1.0319997 1.0682119 1.0466825 1.0585801 0.9466654 0.9443842 1.1697255 1.2255206 0.8567286 0.8840282 0.8802307 0.8956713 0.9310589 0.8420630 0.8619282 0.8373611 0.8301229 0.9487779 0.8907635 1.1583549 1.0630462 1.0158346 0.9696647 0.9940993 0.9712840 1.0200222 0.9660195 0.9385670 0.7802478 0.8903598 0.9322871 0.8363235 0.8943610 0.8851442 0.9103750 0.8722745 0.9190981 0.8524607 2.7457995 2.2682992 2.2950280 2.3313600 
B.JP.04.DR6174.AB480692                0.8847198 0.7231516 0.4858122 0.4649816 0.4508374 0.4892158 0.4616346 0.4238792 0.4119986 0.4029336 0.4779327 0.4591270 0.0000000 0.4109401 0.3904175 0.3816527 0.4602232 0.4374726 0.4449138 0.3657126 0.4485373 0.3981342 0.4595784 0.3972453 0.3936248 0.3801608 0.4324475 0.3974311 0.4018670 0.4208566 0.4097323 0.3986544 0.4103370 0.4023259 0.4156950 0.3996949 0.3582256 0.5981318 0.6345002 0.5880238 1.1705764 0.7873399 1.2517749 1.2853844 1.2336302 1.2237556 1.1436301 1.1563447 1.1072210 1.1677457 1.1044454 1.1675168 1.1562507 1.1362605 1.1345537 1.1208610 1.1330826 1.1620895 1.0222288 1.0065194 1.0126542 1.0162036 0.9274665 0.9063877 1.0951470 1.1733299 0.8147634 0.8625164 0.8219726 0.8757172 0.9086889 0.8014503 0.8384506 0.8138362 0.8091261 0.9093170 0.8631888 1.1308946 1.0757361 0.9825921 0.9443795 0.9726087 0.9494928 0.9768785 0.9356733 0.9244006 0.7745071 0.8481425 0.8978016 0.8042479 0.8450848 0.8557167 0.8525567 0.8419347 0.8759884 0.8284638 2.6182864 2.1254237 2.1711362 2.2433164 
B.CN.07.CBJC261.JF932474               0.9216140 0.7449572 0.4991570 0.4842436 0.4629174 0.5057911 0.4920129 0.4486774 0.4355389 0.4229390 0.4965143 0.4626891 0.4109401 0.0000000 0.1762738 0.1772032 0.4879930 0.4489902 0.4857355 0.3837045 0.4704239 0.4221775 0.4791721 0.4129980 0.4219738 0.4032794 0.4471814 0.4261531 0.4265675 0.4553104 0.4294318 0.4276051 0.4337184 0.4213483 0.4393703 0.4126202 0.3804248 0.6153773 0.6454510 0.5951885 1.2675394 0.8107136 1.2519628 1.2969224 1.2716092 1.2472102 1.1945144 1.1892268 1.1835356 1.1950085 1.1619780 1.2014411 1.2004966 1.2141497 1.1909396 1.1681021 1.1495636 1.1894693 1.0200175 1.0629882 1.0309175 1.0726077 0.9415230 0.9492768 1.1543073 1.1977591 0.8437352 0.8903558 0.8436109 0.8994741 0.9398288 0.8390579 0.8363581 0.8242452 0.8172722 0.9381507 0.9122173 1.1466423 1.0675408 1.0372807 0.9633418 1.0177232 1.0330290 1.0564082 0.9911678 0.9795806 0.8139993 0.8983111 0.9349781 0.8273344 0.9158121 0.9137551 0.9027715 0.8807292 0.9138970 0.8876788 2.7605051 2.1576863 2.3009557 2.3427811 
B.CN.01.CNHN24.AY180905                0.8921908 0.7512686 0.4782109 0.4748988 0.4531373 0.4852634 0.4672913 0.4370047 0.4201951 0.4027745 0.4746561 0.4559012 0.3904175 0.1762738 0.0000000 0.1600249 0.4761273 0.4226766 0.4669869 0.3700361 0.4593396 0.4076762 0.4591420 0.4012834 0.4048327 0.3896151 0.4306813 0.4049323 0.4075362 0.4446914 0.4090100 0.4061621 0.4153595 0.4073141 0.4092109 0.3994352 0.3610677 0.6078052 0.6300271 0.5880185 1.2393669 0.7909990 1.2541643 1.2999899 1.2307900 1.2606266 1.1766449 1.1796983 1.1486372 1.1743756 1.1351673 1.2001873 1.1785664 1.1826527 1.1817338 1.1637554 1.1474247 1.1853899 1.0443741 1.0225891 0.9966293 1.0183951 0.9248533 0.9217115 1.1370932 1.1892777 0.8279489 0.8835922 0.8403818 0.8893529 0.9211948 0.8341204 0.8287639 0.8036466 0.8036571 0.9314926 0.8910341 1.1377838 1.0761547 1.0210008 0.9765167 1.0151206 1.0214999 1.0489619 0.9847140 0.9681096 0.7751656 0.8828168 0.9033482 0.7974625 0.8719686 0.8711364 0.8730109 0.8708565 0.8943065 0.8485596 2.7952804 2.1438541 2.2585404 2.2720496 
B.CN.08.cbjc468.JF932498               0.8821053 0.7312146 0.4677584 0.4649603 0.4395526 0.4681300 0.4526062 0.4180650 0.4063034 0.3896293 0.4653854 0.4366581 0.3816527 0.1772032 0.1600249 0.0000000 0.4557595 0.4062113 0.4361701 0.3577389 0.4581790 0.3890522 0.4420321 0.3871687 0.3873758 0.3701827 0.4175041 0.3983948 0.3985668 0.4278100 0.4012376 0.3903242 0.4064355 0.3881125 0.4024014 0.3905295 0.3500643 0.5758184 0.6045652 0.5597900 1.2097788 0.7769932 1.2270594 1.2740357 1.2056404 1.2279889 1.1626285 1.1476736 1.1186085 1.1609886 1.1104105 1.1915835 1.1567224 1.1744840 1.1600779 1.1236822 1.1280349 1.1625057 1.0276514 1.0070662 0.9930941 1.0328129 0.9156385 0.9163521 1.1321603 1.1966209 0.8024265 0.8637167 0.8254368 0.8597193 0.8980768 0.8117678 0.8131655 0.7880334 0.7960971 0.9105311 0.8694285 1.1265132 1.0412741 1.0043677 0.9534586 0.9934473 0.9919423 1.0319738 0.9480344 0.9425951 0.7619221 0.8616232 0.8772996 0.8003547 0.8469903 0.8767744 0.8659830 0.8410846 0.9019253 0.8361326 2.7388814 2.1749216 2.2725530 2.3175929 
B.US.15.2521.KX505446                  0.9528629 0.7608347 0.4986189 0.5182272 0.4968607 0.5271623 0.5110537 0.4705149 0.4703810 0.4689264 0.4650637 0.4941281 0.4602232 0.4879930 0.4761273 0.4557595 0.0000000 0.4693432 0.4419419 0.4398494 0.4073364 0.4485318 0.4316601 0.4474420 0.4432029 0.4216010 0.4235308 0.3840878 0.3959202 0.4196420 0.4057810 0.3892906 0.3968277 0.3778938 0.3961256 0.3865478 0.3477315 0.6427282 0.6732950 0.6167926 1.2417819 0.8384301 1.2971479 1.3599243 1.2849092 1.2877516 1.2207105 1.2421794 1.1780067 1.2078992 1.1624730 1.2258218 1.2462314 1.2121362 1.2137577 1.1779847 1.1953839 1.2292538 1.0732208 1.0261518 1.0462660 1.0278720 0.9541056 0.9526663 1.1703180 1.2277955 0.8508528 0.8767821 0.8748109 0.8968941 0.9310065 0.8351211 0.8745219 0.8291148 0.8513210 0.9463834 0.9080404 1.1605515 1.0871037 1.0078835 1.0035795 1.0301344 0.9850439 1.0432827 0.9878438 0.9696487 0.8048070 0.9056942 0.9300439 0.8737323 0.9217929 0.8893326 0.9028450 0.8621761 0.9279023 0.8884450 2.7838440 2.2867044 2.2684366 2.2585386 
B.BR.02.02BR2041.JN692443              0.8921507 0.6299929 0.4674135 0.3892623 0.4515325 0.3774094 0.3734772 0.4180871 0.4360268 0.4369989 0.4748503 0.3582781 0.4374726 0.4489902 0.4226766 0.4062113 0.4693432 0.0000000 0.4645402 0.4078984 0.4616811 0.3939324 0.4605100 0.3464676 0.3557147 0.3475183 0.4412074 0.4081337 0.4200539 0.4388358 0.4224558 0.4060692 0.4177101 0.3963280 0.4157181 0.4035426 0.3669615 0.5918063 0.6334903 0.5716108 1.1819643 0.8052476 1.2324865 1.2945688 1.2422912 1.2534944 1.1481265 1.1564680 1.1437503 1.1893490 1.1222261 1.1721470 1.1636556 1.1650457 1.1516005 1.1161084 1.1331784 1.1890934 1.0188881 1.0285337 1.0046605 0.9939424 0.9389140 0.9084567 1.1378022 1.1740964 0.8122716 0.8484712 0.8342863 0.8713951 0.8963601 0.8021729 0.8186427 0.8070573 0.8214157 0.9195998 0.8608742 1.1337583 1.0238000 1.0049707 0.9446097 0.9948319 0.9708610 1.0023969 0.9403042 0.9304157 0.7838721 0.8568355 0.8948417 0.8171814 0.8820883 0.8624056 0.8609442 0.8535500 0.9057806 0.8452028 2.7538009 2.2637907 2.2482931 2.3109007 
B.ES.14.ARP1202.KT276262               0.9497625 0.7576132 0.4872230 0.5090736 0.4850804 0.5114492 0.5016057 0.4607688 0.4611790 0.4530403 0.4439975 0.4901353 0.4449138 0.4857355 0.4669869 0.4361701 0.4419419 0.4645402 0.0000000 0.4399904 0.4320809 0.4251008 0.4154878 0.4380084 0.4307362 0.4092641 0.4097583 0.3724995 0.3684596 0.4157198 0.3927215 0.3804330 0.3729747 0.3688148 0.3953574 0.3750130 0.3421730 0.6373512 0.6752976 0.6047131 1.2300693 0.8228161 1.3228915 1.3615991 1.2978647 1.3223332 1.2165453 1.2194606 1.1740801 1.2205015 1.1619457 1.2130741 1.2318750 1.2324830 1.2003570 1.1749324 1.2011832 1.2456493 1.0728996 1.0671736 1.0600838 1.0636034 0.9738009 0.9682773 1.1629853 1.1986214 0.8843462 0.9096704 0.8661891 0.9168214 0.9481290 0.8678511 0.8651155 0.8588164 0.8528876 0.9642633 0.9136400 1.1746783 1.0912293 1.0300279 0.9723472 1.0348834 1.0023879 1.0344465 0.9914364 0.9637952 0.8241930 0.8993998 0.9456947 0.8637939 0.9320748 0.9080279 0.9242509 0.8944614 0.9438717 0.8972775 2.6649733 2.2242737 2.2503476 2.3051512 
B.DE.10.iso4_w10.KU612900              0.8637018 0.7041609 0.4505286 0.4544656 0.4323474 0.4523442 0.4460303 0.4043162 0.3905301 0.3877655 0.4530719 0.4344588 0.3657126 0.3837045 0.3700361 0.3577389 0.4398494 0.4078984 0.4399904 0.0000000 0.4348714 0.3775169 0.4208342 0.3804955 0.3778130 0.3592917 0.4209685 0.3816060 0.3866182 0.4130482 0.3911831 0.3785166 0.3907555 0.3724564 0.3846701 0.3694662 0.3350003 0.5764837 0.6090811 0.5567362 1.2024378 0.7686357 1.2219789 1.2945822 1.2258152 1.2298454 1.1426041 1.1558581 1.1274699 1.1548692 1.0898645 1.1593699 1.1832414 1.1484654 1.1562842 1.1216702 1.0962242 1.1680074 1.0196220 1.0022394 0.9948525 1.0082721 0.9118159 0.8811009 1.1135393 1.1602233 0.8143895 0.8806084 0.8246257 0.8590728 0.8875818 0.8032635 0.8052828 0.7936588 0.8060131 0.9062141 0.8690280 1.1255967 1.0394533 0.9717148 0.9473338 0.9925237 0.9576455 0.9918349 0.9366749 0.9171434 0.7639291 0.8460357 0.8630298 0.8086635 0.8489378 0.8512146 0.8351555 0.8499727 0.8629800 0.8304048 2.6688650 2.2071919 2.2248451 2.2163706 
B.GB.14.13659_1_64.3.MF109452          0.9415114 0.7660464 0.5077783 0.5008282 0.4851394 0.5038418 0.5205790 0.4474499 0.4595319 0.4514369 0.4464946 0.4948626 0.4485373 0.4704239 0.4593396 0.4581790 0.4073364 0.4616811 0.4320809 0.4348714 0.0000000 0.4240777 0.4133622 0.4173113 0.4270536 0.4152855 0.4068400 0.3638707 0.3686873 0.4067552 0.3913453 0.3712652 0.3807451 0.3526341 0.3872529 0.3650614 0.3315686 0.6437915 0.6663306 0.6084015 1.2329801 0.8386799 1.2769897 1.3289798 1.2828525 1.2837473 1.1929135 1.2104535 1.1664217 1.2084786 1.1328901 1.2530442 1.2350138 1.2004300 1.2180371 1.1984214 1.1728316 1.2118529 1.0529090 1.0792529 1.0292987 1.0472604 0.9562121 0.9519432 1.1542018 1.2043860 0.8441696 0.8918860 0.8633627 0.9052790 0.9487325 0.8538359 0.8676241 0.8373884 0.8450561 0.9180958 0.9040956 1.1633039 1.0714743 1.0087173 0.9762412 1.0195643 1.0061753 1.0600545 0.9815508 0.9618280 0.8129493 0.9013399 0.9127360 0.8485662 0.9105442 0.8826821 0.8934472 0.8916177 0.9262202 0.8802489 2.6827228 2.1882442 2.2577415 2.2669887 
B.BR.10.10BR_PE101.KT427697            0.8627780 0.6964376 0.4497778 0.4424979 0.4111815 0.4566293 0.4277663 0.3981541 0.3980227 0.3989640 0.4362904 0.4232600 0.3981342 0.4221775 0.4076762 0.3890522 0.4485318 0.3939324 0.4251008 0.3775169 0.4240777 0.0000000 0.4280376 0.3635278 0.3653810 0.3386617 0.4122334 0.3803687 0.3850982 0.4011498 0.3866001 0.3639146 0.3787713 0.3629265 0.3791014 0.3701959 0.3297867 0.5561870 0.5928765 0.5469866 1.1837943 0.7488125 1.2351554 1.3019954 1.2261234 1.2310674 1.1340479 1.1389056 1.1455483 1.1532618 1.1007410 1.1431460 1.1501773 1.1547406 1.1402527 1.1109496 1.1122375 1.1595681 0.9878237 1.0034389 0.9932992 0.9826760 0.8929123 0.8791871 1.0912301 1.1381836 0.7855149 0.8404332 0.7986304 0.8293934 0.8744298 0.7842950 0.8028502 0.7741003 0.7787929 0.8782254 0.8387336 1.1083190 1.0138993 0.9482307 0.9255121 0.9571642 0.9471482 0.9760205 0.9235386 0.9148453 0.7390697 0.8186325 0.8714711 0.7777927 0.8431729 0.8175383 0.8505558 0.8186495 0.8608163 0.8008754 2.7568988 2.1712376 2.2669176 2.2733714 
B.US.10.DEMB10US011.KC473830           0.9656242 0.7651518 0.4892730 0.4970250 0.4773030 0.5093627 0.5055151 0.4565524 0.4593321 0.4549705 0.4091371 0.4819774 0.4595784 0.4791721 0.4591420 0.4420321 0.4316601 0.4605100 0.4154878 0.4208342 0.4133622 0.4280376 0.0000000 0.4197393 0.4251909 0.4139838 0.4074868 0.3290964 0.3433916 0.4071433 0.3980979 0.3597039 0.3836444 0.3602094 0.3856841 0.3726406 0.3278545 0.6481206 0.6477514 0.6128237 1.2165904 0.8308589 1.2575732 1.3316100 1.2726597 1.2825238 1.1675834 1.1775125 1.1377846 1.1772035 1.1526089 1.2072693 1.1939132 1.2074647 1.1594066 1.1564273 1.1612560 1.2215032 1.0211968 1.0844253 1.0618813 1.0612242 0.9835385 0.9328164 1.1726210 1.2158601 0.8723781 0.8986110 0.8797702 0.9153210 0.9326448 0.8436763 0.8678949 0.8405942 0.8565481 0.9239049 0.9212257 1.2048751 1.0955996 1.0209144 0.9924799 1.0413018 0.9971817 1.0396664 0.9945188 0.9733698 0.8154356 0.8894194 0.9207787 0.8501223 0.9166203 0.9082699 0.8901467 0.8871651 0.9512894 0.8762448 2.7322595 2.3163821 2.3110611 2.3583983 
B.US.07.502_0823_05.JF320530           0.8673246 0.6427130 0.4496365 0.3869076 0.4202356 0.4019325 0.3772058 0.3786285 0.3980565 0.3979850 0.4382152 0.3796570 0.3972453 0.4129980 0.4012834 0.3871687 0.4474420 0.3464676 0.4380084 0.3804955 0.4173113 0.3635278 0.4197393 0.0000000 0.3049961 0.3165098 0.4057539 0.3712945 0.3826434 0.4031352 0.3963521 0.3626810 0.3820641 0.3625013 0.3805157 0.3682013 0.3349466 0.5538695 0.5749266 0.5360024 1.1520760 0.7392796 1.1965287 1.2542015 1.1871216 1.2019867 1.1090704 1.1100326 1.0872879 1.1237227 1.0833565 1.1501719 1.1426021 1.1125785 1.1220080 1.1009904 1.0865857 1.1345041 0.9774378 0.9700856 0.9880799 0.9749337 0.8996640 0.8916279 1.0954403 1.1280700 0.7871405 0.8344634 0.8015400 0.8248281 0.8860530 0.7653631 0.7893729 0.7703582 0.7766327 0.8846366 0.8553849 1.1345840 1.0141431 0.9648869 0.9326896 0.9536842 0.9452321 0.9658608 0.9442733 0.9097300 0.7323742 0.8218699 0.8646751 0.7933712 0.8502490 0.8271018 0.8393959 0.8140951 0.8494520 0.8037140 2.7489044 2.2607568 2.1808186 2.2264058 
B.US.07.HIV_US_BID_V4516_2007.JQ403096 0.8762036 0.6366201 0.4654513 0.3891120 0.4203952 0.3968292 0.3879792 0.3815336 0.3998388 0.4073268 0.4502183 0.3770112 0.3936248 0.4219738 0.4048327 0.3873758 0.4432029 0.3557147 0.4307362 0.3778130 0.4270536 0.3653810 0.4251909 0.3049961 0.0000000 0.3187803 0.4155939 0.3695049 0.3922904 0.4043253 0.3973272 0.3673891 0.3754136 0.3737368 0.3818605 0.3710275 0.3395147 0.5627436 0.5890990 0.5469933 1.1598074 0.7466226 1.2091922 1.2550190 1.1785818 1.1909041 1.1100523 1.0935341 1.1072055 1.1075680 1.0766555 1.1177530 1.1217493 1.1184683 1.1058000 1.0743970 1.0788553 1.1092232 1.0038270 0.9815053 0.9752984 0.9678214 0.8982248 0.8817552 1.1031077 1.1226946 0.7858155 0.8216062 0.8133645 0.8251432 0.8890246 0.7801877 0.8145615 0.7910893 0.7872422 0.8639692 0.8315860 1.1082250 1.0236610 0.9407097 0.9203681 0.9392414 0.9352534 0.9636447 0.9226758 0.8964894 0.7443325 0.8191957 0.8654486 0.7810735 0.8332412 0.8228857 0.8472714 0.8198742 0.8424263 0.7981250 2.7723868 2.1747563 2.2589747 2.2701179 
B.KR.05.05YJN2.JQ316134                0.8421086 0.6364964 0.4373695 0.3965567 0.4048730 0.3935361 0.3813344 0.3707736 0.3684739 0.3823610 0.4301413 0.3825714 0.3801608 0.4032794 0.3896151 0.3701827 0.4216010 0.3475183 0.4092641 0.3592917 0.4152855 0.3386617 0.4139838 0.3165098 0.3187803 0.0000000 0.3889408 0.3599460 0.3657554 0.3735259 0.3668021 0.3450550 0.3590123 0.3530188 0.3701834 0.3438359 0.3130012 0.5370969 0.5618507 0.5228851 1.1487869 0.7264999 1.2035120 1.2603739 1.1789288 1.2171171 1.1071905 1.0922338 1.0942805 1.1053119 1.0544900 1.1419753 1.1377642 1.1103110 1.1117229 1.0898706 1.1006774 1.1322758 0.9579500 0.9730485 0.9515143 0.9517200 0.8718617 0.8815125 1.0908362 1.1338706 0.7811546 0.8021985 0.7846907 0.8143543 0.8519100 0.7513198 0.7750150 0.7572948 0.7534214 0.8487867 0.8161327 1.1006342 0.9842170 0.9271078 0.9056390 0.9256729 0.9073032 0.9334623 0.9026416 0.8851859 0.7060057 0.7962614 0.8282589 0.7525193 0.8171328 0.8113591 0.8274915 0.7884162 0.8220192 0.7837763 2.6563706 2.1513818 2.2140073 2.2239837 
B.BR.10.10BR_RJ088.KT427763            0.9493116 0.7439957 0.4594557 0.4883583 0.4546364 0.4846785 0.4783675 0.4322226 0.4384534 0.4451111 0.4176728 0.4620510 0.4324475 0.4471814 0.4306813 0.4175041 0.4235308 0.4412074 0.4097583 0.4209685 0.4068400 0.4122334 0.4074868 0.4057539 0.4155939 0.3889408 0.0000000 0.3631607 0.3664732 0.3587694 0.3485149 0.3319756 0.3390214 0.3319854 0.3533371 0.3416586 0.2986275 0.6047872 0.6508367 0.5784969 1.2038067 0.8122424 1.2596398 1.2956576 1.2515636 1.2748456 1.1583555 1.1563600 1.1121449 1.1694556 1.1304934 1.1893757 1.1811378 1.1791232 1.1640298 1.1353728 1.1432766 1.1906713 1.0193166 1.0275351 1.0298994 1.0288568 0.9302826 0.9328166 1.1465180 1.1984955 0.8210005 0.8813379 0.8559887 0.8803781 0.9117962 0.8356712 0.8440359 0.8258302 0.8150419 0.9043677 0.8840781 1.1163251 1.0459903 0.9932916 0.9425133 1.0074872 0.9773262 1.0269602 0.9443647 0.9197882 0.7844370 0.8741155 0.8915313 0.8218316 0.8760898 0.8729710 0.8961237 0.8541166 0.8867506 0.8367410 2.7317816 2.2135531 2.2864847 2.2920935 
B.US.06.502_0341_FL05.JF320003         0.9127304 0.6959068 0.4348985 0.4441641 0.4233171 0.4568426 0.4581722 0.3922370 0.3977390 0.4070123 0.3737114 0.4328886 0.3974311 0.4261531 0.4049323 0.3983948 0.3840878 0.4081337 0.3724995 0.3816060 0.3638707 0.3803687 0.3290964 0.3712945 0.3695049 0.3599460 0.3631607 0.0000000 0.2786285 0.3594953 0.3447759 0.3230660 0.3287935 0.3114184 0.3314382 0.3240725 0.2836536 0.5849714 0.6035960 0.5596747 1.1526925 0.7720791 1.2253817 1.2773010 1.2005730 1.1909062 1.1404618 1.1080341 1.0907341 1.1394087 1.0894246 1.1483812 1.1234071 1.1110489 1.1136461 1.1012214 1.0942935 1.1293934 1.0085783 1.0037208 1.0110939 1.0078417 0.9307736 0.8994267 1.0915390 1.1247019 0.8031662 0.8417066 0.8013890 0.8515829 0.8780779 0.7875059 0.8221290 0.7867096 0.7962852 0.8797665 0.8475210 1.1253639 1.0139395 0.9614156 0.9346507 0.9711296 0.9496860 0.9603801 0.9230085 0.9114230 0.7440409 0.8424326 0.8712170 0.7925356 0.8484351 0.8322793 0.8280989 0.8259528 0.8580162 0.8154254 2.7048448 2.1561398 2.1894183 2.2245519 
B.US.98.98USHVTN3605c9.AY560108        0.8964877 0.7126412 0.4570195 0.4434267 0.4278684 0.4601707 0.4437557 0.4192890 0.4138648 0.4051645 0.3796576 0.4404597 0.4018670 0.4265675 0.4075362 0.3985668 0.3959202 0.4200539 0.3684596 0.3866182 0.3686873 0.3850982 0.3433916 0.3826434 0.3922904 0.3657554 0.3664732 0.2786285 0.0000000 0.3549198 0.3437591 0.3277433 0.3328297 0.3175944 0.3378216 0.3307832 0.2904162 0.5778246 0.6195891 0.5700953 1.1597245 0.7792638 1.2328844 1.3073638 1.2005541 1.2268612 1.1482537 1.1417072 1.1154511 1.1548581 1.0959232 1.1820638 1.1622020 1.1353874 1.1402545 1.1118916 1.1077279 1.1683541 0.9814454 1.0064499 1.0156861 0.9932129 0.9054259 0.8989889 1.0989771 1.1385435 0.8085555 0.8394281 0.8096211 0.8653726 0.8818171 0.7929927 0.8207635 0.7771370 0.7923011 0.8981021 0.8654765 1.1132879 1.0084469 0.9437629 0.9292453 0.9528744 0.9448285 0.9619199 0.9312614 0.8998665 0.7660957 0.8455260 0.8585006 0.8083053 0.8618902 0.8565556 0.8345551 0.8353321 0.8862550 0.8264411 2.6678072 2.2615318 2.2626767 2.2623152 
B.ES.13.P6.KT200348                    0.9312598 0.7205665 0.4601857 0.4787025 0.4518452 0.4838302 0.4755192 0.4498868 0.4334654 0.4332217 0.4208016 0.4726153 0.4208566 0.4553104 0.4446914 0.4278100 0.4196420 0.4388358 0.4157198 0.4130482 0.4067552 0.4011498 0.4071433 0.4031352 0.4043253 0.3735259 0.3587694 0.3594953 0.3549198 0.0000000 0.3477477 0.2881434 0.3292572 0.3166771 0.3606638 0.3411777 0.3050662 0.5962052 0.6290903 0.5941635 1.2349892 0.8081121 1.2601023 1.3179594 1.2619598 1.2722880 1.1727903 1.1813965 1.1493354 1.1817071 1.1455764 1.2018842 1.2160773 1.1891764 1.1802761 1.1671508 1.1772692 1.2271815 1.0332112 1.0579964 1.0295943 1.0377917 0.9521095 0.9343336 1.1589662 1.1820540 0.8622290 0.8865963 0.8505343 0.8717019 0.9294333 0.8336012 0.8529272 0.8357463 0.8336744 0.9266984 0.8839048 1.1712026 1.0419067 1.0001729 0.9693560 0.9968898 1.0080646 1.0534207 0.9885035 0.9602410 0.7862945 0.8792206 0.9207231 0.8264313 0.8923581 0.8736908 0.9073156 0.8642928 0.9182096 0.8626321 2.7422025 2.1973327 2.2472950 2.2557342 
B.US.14.CP10.KX505739                  0.9107402 0.7194496 0.4568163 0.4657265 0.4299110 0.4714579 0.4573387 0.4161836 0.4228223 0.4168816 0.4156490 0.4480895 0.4097323 0.4294318 0.4090100 0.4012376 0.4057810 0.4224558 0.3927215 0.3911831 0.3913453 0.3866001 0.3980979 0.3963521 0.3973272 0.3668021 0.3485149 0.3447759 0.3437591 0.3477477 0.0000000 0.3191261 0.3209949 0.3060511 0.3435780 0.3150532 0.2815327 0.5922452 0.6254319 0.5832586 1.1733889 0.7830358 1.2510900 1.3056376 1.2548797 1.2250790 1.1477085 1.1576769 1.1471375 1.1846863 1.0997679 1.1617660 1.1711596 1.1745684 1.1414217 1.1290196 1.1418199 1.1795949 1.0179634 1.0301893 1.0175670 1.0304919 0.9301364 0.9170369 1.0929313 1.1639227 0.8362183 0.8647313 0.8541945 0.8771104 0.9064353 0.8362055 0.8542345 0.8203359 0.8246350 0.9088885 0.8762641 1.1429571 1.0495259 0.9697879 0.9458161 0.9907926 0.9615743 0.9850136 0.9298678 0.9173311 0.7658330 0.8546586 0.9037083 0.8174317 0.8724169 0.8740110 0.8931098 0.8627771 0.8924791 0.8580505 2.7472291 2.1991709 2.2484588 2.2666671 
B.ES.14.EUR_0043.KU685583              0.8836545 0.6852157 0.4324912 0.4422441 0.4166600 0.4406912 0.4398985 0.4058191 0.3998147 0.4080213 0.3934310 0.4272763 0.3986544 0.4276051 0.4061621 0.3903242 0.3892906 0.4060692 0.3804330 0.3785166 0.3712652 0.3639146 0.3597039 0.3626810 0.3673891 0.3450550 0.3319756 0.3230660 0.3277433 0.2881434 0.3191261 0.0000000 0.2986007 0.2764008 0.3221147 0.3081039 0.2704893 0.5733898 0.6147159 0.5625673 1.1757597 0.7562058 1.2210312 1.3041864 1.1755187 1.2390257 1.1247765 1.1478239 1.1393524 1.1536990 1.0866714 1.1599624 1.1488587 1.1355279 1.1053229 1.1077720 1.1099508 1.1483349 0.9841335 1.0311009 1.0125360 1.0159522 0.9231496 0.8811578 1.1162007 1.1379978 0.8080760 0.8511887 0.8192107 0.8380937 0.8879193 0.7874776 0.8016889 0.8092527 0.7963901 0.8875168 0.8534553 1.1184843 1.0415944 0.9550945 0.9297542 0.9704314 0.9521020 0.9749476 0.9301054 0.9186903 0.7677805 0.8434110 0.8609487 0.7884528 0.8323869 0.8425233 0.8664731 0.8289099 0.8719733 0.8124987 2.6354232 2.1645973 2.2198311 2.2022322 
B.US.97.1013_03.AY331287               0.8952467 0.6990796 0.4378180 0.4594632 0.4331432 0.4608637 0.4517856 0.4040047 0.4194014 0.4104659 0.4002794 0.4402122 0.4103370 0.4337184 0.4153595 0.4064355 0.3968277 0.4177101 0.3729747 0.3907555 0.3807451 0.3787713 0.3836444 0.3820641 0.3754136 0.3590123 0.3390214 0.3287935 0.3328297 0.3292572 0.3209949 0.2986007 0.0000000 0.2869590 0.3319037 0.3093394 0.2730212 0.5882824 0.5998245 0.5533281 1.1839301 0.7909481 1.2212647 1.3140808 1.2009494 1.2312811 1.1399295 1.1557202 1.1431734 1.1727330 1.1218612 1.1776911 1.1650198 1.1312523 1.1366196 1.1091543 1.1118014 1.1788436 0.9885100 1.0276726 0.9683728 1.0123458 0.9090835 0.8870984 1.1101731 1.1457915 0.8033567 0.8523112 0.8199347 0.8481017 0.8784026 0.7897928 0.8135823 0.8010014 0.7980094 0.8882032 0.8527726 1.1112977 1.0475648 0.9463244 0.9453738 0.9645889 0.9815620 0.9965170 0.9401319 0.9217534 0.7609719 0.8478463 0.8537488 0.8113399 0.8565821 0.8619507 0.8658474 0.8534675 0.8681546 0.8330546 2.7208071 2.2091736 2.2619321 2.3153821 
B.DK.01.CTL_043.EF514712               0.8817354 0.7098142 0.4279167 0.4431624 0.4126841 0.4570337 0.4439322 0.3909172 0.3890863 0.3926021 0.3838691 0.4403266 0.4023259 0.4213483 0.4073141 0.3881125 0.3778938 0.3963280 0.3688148 0.3724564 0.3526341 0.3629265 0.3602094 0.3625013 0.3737368 0.3530188 0.3319854 0.3114184 0.3175944 0.3166771 0.3060511 0.2764008 0.2869590 0.0000000 0.3179141 0.2989138 0.2654470 0.5627683 0.5910819 0.5427931 1.1505699 0.7677503 1.2184974 1.2628477 1.1749029 1.2046160 1.1124627 1.1352042 1.1091144 1.1444568 1.0821900 1.1371716 1.1290901 1.1176897 1.1002851 1.1098475 1.0924550 1.1384425 0.9900391 1.0146552 0.9801016 0.9863739 0.8905305 0.9008210 1.0915326 1.1127499 0.7925543 0.8274588 0.8091382 0.8270322 0.8694989 0.7874563 0.8014395 0.7810521 0.8020977 0.8663294 0.8412092 1.1296787 1.0005394 0.9309570 0.9170985 0.9486756 0.9257634 0.9818648 0.9314922 0.9018250 0.7425026 0.8357169 0.8646984 0.7709844 0.8410239 0.8280918 0.8331701 0.8186037 0.8599858 0.8076613 2.6933107 2.1556966 2.1921153 2.1800122 
B.DK.04.PMVL_039.EF514703              0.9165361 0.7099777 0.4591646 0.4506201 0.4380389 0.4757300 0.4488018 0.4121491 0.4284467 0.4178441 0.4162115 0.4484764 0.4156950 0.4393703 0.4092109 0.4024014 0.3961256 0.4157181 0.3953574 0.3846701 0.3872529 0.3791014 0.3856841 0.3805157 0.3818605 0.3701834 0.3533371 0.3314382 0.3378216 0.3606638 0.3435780 0.3221147 0.3319037 0.3179141 0.0000000 0.2904078 0.2541499 0.6043541 0.6228449 0.5851263 1.1825593 0.7657301 1.2322867 1.2984821 1.2400609 1.2398429 1.1444462 1.1562447 1.1201290 1.1664407 1.1178416 1.1713957 1.1754807 1.1281694 1.1356479 1.1269416 1.1004111 1.1675087 1.0141766 1.0392541 1.0034626 1.0065265 0.9314253 0.9103500 1.1368629 1.1669813 0.8024861 0.8623323 0.8386557 0.8547934 0.8871280 0.8189504 0.8312562 0.8135192 0.8174364 0.8939150 0.8696339 1.1378511 1.0478799 0.9597207 0.9564257 0.9586064 0.9574300 0.9846674 0.9281241 0.9163754 0.7605808 0.8475771 0.8824207 0.8053878 0.8462018 0.8257505 0.8672424 0.8397179 0.8790343 0.8245389 2.7941729 2.2848092 2.3002779 2.3402734 
B.US.05.05US_SAJ_NVS16.JF689854        0.8896896 0.6914114 0.4383613 0.4480585 0.4101959 0.4460083 0.4459048 0.3984234 0.4040984 0.3976486 0.3926562 0.4188379 0.3996949 0.4126202 0.3994352 0.3905295 0.3865478 0.4035426 0.3750130 0.3694662 0.3650614 0.3701959 0.3726406 0.3682013 0.3710275 0.3438359 0.3416586 0.3240725 0.3307832 0.3411777 0.3150532 0.3081039 0.3093394 0.2989138 0.2904078 0.0000000 0.2083192 0.5754261 0.6127939 0.5556490 1.1738691 0.7761023 1.2226594 1.2703355 1.1907005 1.2253503 1.1390359 1.1486577 1.1134912 1.1627746 1.0966599 1.1627609 1.1684422 1.1448658 1.1250899 1.1049239 1.1164763 1.1461857 0.9771830 1.0147942 1.0063287 1.0183611 0.9107109 0.8897787 1.1273100 1.1647555 0.7853783 0.8392297 0.7990683 0.8423318 0.8662921 0.7769769 0.7967114 0.7721267 0.7909657 0.8881759 0.8664497 1.1215038 1.0382969 0.9543608 0.9389310 0.9681817 0.9561451 0.9795008 0.9348699 0.9245817 0.7593473 0.8380021 0.8640720 0.7869774 0.8405111 0.8298275 0.8564754 0.8394198 0.8627540 0.8319066 2.7761707 2.1855802 2.2139188 2.2611173 
B.US.06.06US_SAJ_NVS31.JF689873        0.8556071 0.6635133 0.3999268 0.4070950 0.3875820 0.4226301 0.4090973 0.3666229 0.3761331 0.3637683 0.3569518 0.3932866 0.3582256 0.3804248 0.3610677 0.3500643 0.3477315 0.3669615 0.3421730 0.3350003 0.3315686 0.3297867 0.3278545 0.3349466 0.3395147 0.3130012 0.2986275 0.2836536 0.2904162 0.3050662 0.2815327 0.2704893 0.2730212 0.2654470 0.2541499 0.2083192 0.0000000 0.5433791 0.5755146 0.5247684 1.1515586 0.7374537 1.1893292 1.2385276 1.1802876 1.1898887 1.1115548 1.1029516 1.0892034 1.1345769 1.0826525 1.1484422 1.1514233 1.1153270 1.1256046 1.0952044 1.1096037 1.1302453 0.9328391 0.9846505 0.9743103 0.9754377 0.8796283 0.8514123 1.0584512 1.1353140 0.7652863 0.8175157 0.7743253 0.8058473 0.8215887 0.7560550 0.7651544 0.7302345 0.7406283 0.8446445 0.8301754 1.0755487 0.9877833 0.9123066 0.8875376 0.9177756 0.9103209 0.9408482 0.8878138 0.8601874 0.7254658 0.8246634 0.8313086 0.7674994 0.7874628 0.8191766 0.8108811 0.7971237 0.8320200 0.7847122 2.6931996 2.1614155 2.1949149 2.2466096 
21_A2D.KE.91.KNH1254.AY945737          0.7394693 0.8876052 0.6604395 0.6472613 0.6295081 0.6389659 0.6135499 0.5564217 0.6073964 0.6035942 0.6431640 0.6075271 0.5981318 0.6153773 0.6078052 0.5758184 0.6427282 0.5918063 0.6373512 0.5764837 0.6437915 0.5561870 0.6481206 0.5538695 0.5627436 0.5370969 0.6047872 0.5849714 0.5778246 0.5962052 0.5922452 0.5733898 0.5882824 0.5627683 0.6043541 0.5754261 0.5433791 0.0000000 0.5321882 0.4757992 1.0716415 0.6305901 1.1474075 1.1543842 1.0902463 1.1433425 1.0250243 1.0213049 1.0017511 1.0319605 0.9700059 1.0684356 1.0307481 1.0443568 1.0395087 1.0233231 1.0321448 1.0672138 0.8846879 0.8753298 0.8713928 0.8391866 0.7647193 0.7823853 0.9833648 1.0416955 0.6865889 0.7244026 0.6978685 0.7257421 0.7581391 0.6673233 0.6807152 0.6702961 0.6643179 0.7572263 0.7406900 0.9947217 0.9260495 0.8548665 0.8286159 0.8506835 0.8462614 0.8703572 0.8174815 0.7960980 0.6386612 0.7099951 0.7516667 0.6784966 0.7278398 0.7304815 0.7129578 0.7074030 0.7410682 0.6855491 2.5936527 2.0753727 2.0418158 2.1234438 
