94
RESTV_S.dom-xx_PHL_08_Reston08-C_FJ621584                  0.0000000 0.0340971 0.0513097 1.7832698 1.7818255 1.7240623 1.7321627 1.7322204 1.7298093 1.7302858 1.7310355 1.7310355 1.7322115 1.7338037 1.7296663 1.7274907 1.7297031 1.7275690 1.7303436 1.7294133 1.7312454 1.7298248 1.7300656 1.7300656 1.7301621 1.7301045 1.7306019 1.7300387 1.7284350 1.7284350 1.7306205 1.7287642 1.7306276 1.7298915 1.7303895 1.7295204 1.7293362 1.7289286 1.7284686 1.7293508 1.7285259 1.7292490 1.7286100 1.7292472 1.7297608 1.7304102 1.7304102 1.7302472 1.7281966 1.7282725 1.7300555 1.7296955 1.7294983 1.7294983 1.7294524 1.7302235 1.7305062 1.7288630 1.7296883 1.7297638 1.7297638 1.7297638 1.7292559 1.7292563 1.7303734 1.7291922 1.7295101 1.7295101 1.7288153 1.7290034 1.7286175 1.7288712 1.7297066 1.7287497 1.7278299 1.7267450 1.7267568 1.7268808 1.7263239 1.7266391 1.7271546 1.7257449 1.7257449 1.7263037 1.6999338 1.6989931 1.6986112 1.6987519 1.7173456 1.7219853 1.7226772 1.7234456 2.0532418 2.0092421 
RESTV_M.fas-tc_USA_89_Philippines89-Pennsylvania_NC_004161 0.0340971 0.0000000 0.0258789 1.7741849 1.7727520 1.7242127 1.7307993 1.7308568 1.7285100 1.7289279 1.7294674 1.7294674 1.7308486 1.7318641 1.7283101 1.7261400 1.7283468 1.7260113 1.7284884 1.7280576 1.7298849 1.7289650 1.7285873 1.7285873 1.7288046 1.7285393 1.7295375 1.7289758 1.7270822 1.7270822 1.7293184 1.7276751 1.7292690 1.7285348 1.7290318 1.7281644 1.7280383 1.7276952 1.7271154 1.7280525 1.7271725 1.7279513 1.7272571 1.7283892 1.7284043 1.7287463 1.7287463 1.7285837 1.7268439 1.7269197 1.7286980 1.7283388 1.7280212 1.7280212 1.7280965 1.7288656 1.7291478 1.7273405 1.7285399 1.7284074 1.7284074 1.7284074 1.7279005 1.7279010 1.7290153 1.7278371 1.7281542 1.7281542 1.7275186 1.7276491 1.7272641 1.7275172 1.7283502 1.7273959 1.7266862 1.7253960 1.7254077 1.7255319 1.7253519 1.7252907 1.7258046 1.7243989 1.7243989 1.7249565 1.6990525 1.6982602 1.6978789 1.6980194 1.7185678 1.7212340 1.7224516 1.7234262 2.0308939 2.0021612 
RESTV_S.dom-tc_PHL_08_Reston08-A_FJ621583                  0.0513097 0.0258789 0.0000000 1.7851701 1.7837209 1.7391633 1.7453941 1.7457760 1.7433333 1.7437585 1.7443094 1.7443094 1.7457035 1.7467447 1.7431326 1.7409370 1.7431697 1.7403006 1.7431070 1.7423037 1.7447283 1.7442970 1.7439123 1.7439123 1.7436325 1.7433655 1.7441685 1.7435985 1.7413870 1.7413870 1.7441589 1.7424894 1.7441023 1.7433585 1.7438583 1.7429864 1.7427959 1.7425117 1.7419810 1.7428716 1.7419817 1.7427656 1.7420604 1.7432057 1.7432277 1.7435770 1.7435770 1.7434125 1.7416515 1.7417274 1.7435275 1.7431666 1.7428422 1.7428422 1.7434178 1.7436972 1.7439811 1.7421556 1.7433637 1.7432299 1.7432299 1.7432299 1.7427199 1.7427201 1.7424512 1.7426554 1.7429750 1.7429750 1.7423291 1.7424613 1.7420729 1.7423277 1.7431730 1.7422065 1.7410893 1.7402431 1.7402547 1.7404973 1.7401893 1.7398027 1.7403252 1.7392293 1.7392293 1.7397910 1.7125489 1.7119134 1.7115300 1.7116715 1.7344131 1.7370426 1.7392709 1.7401349 2.0531520 2.0174829 
SUDV_H.sap-xx_UGA_12_EboSud-603_KC545390                   1.7832698 1.7741849 1.7851701 0.0000000 0.0001549 1.8772881 1.8909039 1.8869625 1.8866015 1.8870622 1.8886467 1.8886467 1.8890236 1.8841218 1.8840999 1.8889966 1.8867182 1.8881992 1.8861430 1.8873831 1.8849190 1.8872008 1.8878348 1.8878348 1.8847203 1.8849394 1.8885201 1.8876591 1.8868527 1.8868527 1.8887341 1.8860017 1.8877991 1.8858934 1.8857765 1.8870994 1.8868567 1.8868042 1.8858780 1.8880915 1.8854871 1.8871156 1.8864337 1.8875256 1.8881836 1.8853942 1.8853942 1.8854948 1.8876182 1.8871135 1.8867366 1.8871651 1.8866551 1.8866551 1.8865766 1.8877173 1.8852597 1.8866010 1.8865192 1.8867720 1.8867720 1.8867720 1.8867607 1.8868433 1.8859091 1.8867208 1.8865080 1.8865080 1.8871660 1.8876699 1.8863870 1.8866512 1.8867208 1.8871651 1.8824226 1.8833498 1.8830861 1.8801137 1.8843273 1.8839954 1.8849897 1.8830138 1.8830138 1.8827277 1.8499460 1.8499399 1.8499311 1.8501995 1.8583178 1.8638303 1.8692826 1.8750904 2.1646837 2.1830037 
SUDV_H.sap-xx_UGA_12_EboSud-609_KC545391                   1.7818255 1.7727520 1.7837209 0.0001549 0.0000000 1.8778340 1.8914529 1.8875106 1.8871491 1.8876104 1.8891952 1.8891952 1.8895723 1.8846694 1.8846475 1.8895452 1.8872664 1.8887474 1.8866909 1.8879312 1.8854666 1.8877491 1.8883828 1.8883828 1.8852680 1.8854871 1.8890686 1.8882074 1.8874012 1.8874012 1.8892827 1.8865495 1.8883475 1.8864415 1.8863246 1.8876476 1.8874050 1.8873524 1.8864258 1.8886401 1.8860350 1.8876640 1.8869818 1.8880739 1.8887321 1.8859421 1.8859421 1.8860427 1.8881665 1.8876618 1.8872849 1.8877135 1.8872033 1.8872033 1.8871247 1.8882656 1.8858075 1.8871492 1.8870673 1.8873201 1.8873201 1.8873201 1.8873088 1.8873914 1.8864570 1.8872689 1.8870561 1.8870561 1.8877143 1.8882182 1.8869354 1.8871995 1.8872689 1.8877135 1.8829697 1.8838971 1.8836334 1.8806603 1.8848748 1.8845428 1.8855374 1.8835610 1.8835610 1.8832748 1.8499460 1.8499399 1.8499311 1.8501995 1.8583178 1.8638303 1.8692826 1.8750904 2.1627243 2.1833930 
EBOV_H.sap-wt_GIN_14_Makona-Gueckedou-EM_080076_KR817235   1.7240623 1.7242127 1.7391633 1.8772881 1.8778340 0.0000000 0.0029144 0.0027083 0.0026058 0.0025547 0.0024007 0.0024007 0.0025552 0.0028126 0.0026572 0.0025545 0.0025030 0.0026061 0.0025031 0.0024524 0.0024005 0.0024011 0.0024004 0.0024004 0.0022987 0.0024011 0.0023493 0.0024005 0.0024006 0.0024006 0.0023502 0.0024523 0.0024004 0.0022989 0.0024014 0.0023494 0.0024517 0.0022468 0.0016323 0.0024006 0.0021446 0.0023493 0.0021957 0.0021956 0.0021957 0.0022469 0.0022469 0.0020932 0.0021444 0.0020933 0.0020932 0.0020932 0.0020932 0.0020932 0.0020420 0.0020422 0.0020422 0.0020932 0.0020420 0.0019908 0.0019908 0.0019908 0.0019908 0.0019908 0.0019911 0.0019908 0.0019397 0.0019397 0.0021444 0.0021444 0.0022469 0.0021956 0.0020933 0.0020933 0.0014277 0.0019393 0.0019905 0.0013255 0.0020413 0.0016836 0.0017350 0.0015299 0.0015299 0.0014787 0.0323185 0.0315904 0.0315900 0.0315353 0.0331851 0.0363743 0.0372816 0.0383684 1.2913079 1.3077510 
EBOV_H.sap-wt_SLE_14_Makona-J0150_KP759696                 1.7321627 1.7307993 1.7453941 1.8909039 1.8914529 0.0029144 0.0000000 0.0017344 0.0016322 0.0015811 0.0014277 0.0014277 0.0015814 0.0018377 0.0016833 0.0015810 0.0015298 0.0016323 0.0015298 0.0014791 0.0014276 0.0014279 0.0014275 0.0014275 0.0013258 0.0014280 0.0013765 0.0014275 0.0012233 0.0012233 0.0013770 0.0014790 0.0014275 0.0013259 0.0014281 0.0013766 0.0014787 0.0012743 0.0012747 0.0014276 0.0011724 0.0013765 0.0012234 0.0012233 0.0010191 0.0012744 0.0012744 0.0011212 0.0009681 0.0009171 0.0011212 0.0011212 0.0011212 0.0011212 0.0010702 0.0010703 0.0010703 0.0011212 0.0010702 0.0010191 0.0010191 0.0010191 0.0010191 0.0010192 0.0010193 0.0010191 0.0009681 0.0009681 0.0011723 0.0011723 0.0012744 0.0012233 0.0011213 0.0011212 0.0024008 0.0021959 0.0022471 0.0021958 0.0022979 0.0019400 0.0019914 0.0017860 0.0017860 0.0017348 0.0327654 0.0320365 0.0320361 0.0319813 0.0336470 0.0368418 0.0377506 0.0388393 1.2925711 1.3083626 
EBOV_H.sap-wt_GIN_14_Makona-Beyla-EM_075931_KR817138       1.7322204 1.7308568 1.7457760 1.8869625 1.8875106 0.0027083 0.0017344 0.0000000 0.0008142 0.0007633 0.0006106 0.0006106 0.0007633 0.0016326 0.0014784 0.0013762 0.0013250 0.0014274 0.0013251 0.0009670 0.0012229 0.0012232 0.0012229 0.0012229 0.0011212 0.0012233 0.0011719 0.0012229 0.0012230 0.0012230 0.0011723 0.0012742 0.0012229 0.0011213 0.0012234 0.0011719 0.0012740 0.0010689 0.0010701 0.0012230 0.0009670 0.0011719 0.0010179 0.0010179 0.0010179 0.0010699 0.0010699 0.0009161 0.0009670 0.0009161 0.0009161 0.0009161 0.0009161 0.0009161 0.0008652 0.0008652 0.0008652 0.0009161 0.0008652 0.0008142 0.0008142 0.0008142 0.0008142 0.0008142 0.0008142 0.0008142 0.0007633 0.0007633 0.0009670 0.0009670 0.0010689 0.0010179 0.0009161 0.0009161 0.0021952 0.0019904 0.0020416 0.0019904 0.0020925 0.0017348 0.0017861 0.0015809 0.0015809 0.0015298 0.0327083 0.0319795 0.0319791 0.0319243 0.0334646 0.0366564 0.0375644 0.0386521 1.2927902 1.3052013 
EBOV_H.sap-wt_GIN_14_Makona-Macenta-EM_076191_KR817141     1.7298093 1.7285100 1.7433333 1.8866015 1.8871491 0.0026058 0.0016322 0.0008142 0.0000000 0.0006615 0.0005088 0.0005088 0.0006615 0.0015304 0.0013763 0.0012741 0.0012230 0.0013253 0.0012230 0.0008652 0.0011209 0.0011212 0.0011209 0.0011209 0.0010192 0.0011212 0.0010699 0.0011209 0.0011209 0.0011209 0.0010703 0.0011722 0.0011209 0.0010192 0.0011213 0.0010699 0.0011719 0.0009670 0.0009681 0.0011209 0.0008652 0.0010689 0.0009161 0.0009161 0.0009161 0.0009670 0.0009670 0.0008142 0.0008652 0.0008142 0.0008142 0.0008142 0.0008142 0.0008142 0.0007633 0.0007633 0.0007633 0.0008142 0.0007633 0.0007124 0.0007124 0.0007124 0.0007124 0.0007124 0.0007124 0.0007124 0.0006615 0.0006615 0.0008652 0.0008652 0.0009670 0.0009161 0.0008142 0.0008142 0.0020928 0.0018881 0.0019393 0.0018881 0.0019902 0.0016325 0.0016838 0.0014788 0.0014788 0.0014277 0.0324860 0.0317576 0.0317572 0.0317025 0.0332417 0.0364316 0.0373391 0.0384261 1.2907842 1.3041251 
EBOV_H.sap-wt_GIN_14_Makona-Faranah-EM_078415_KR817160     1.7302858 1.7289279 1.7437585 1.8870622 1.8876104 0.0025547 0.0015811 0.0007633 0.0006615 0.0000000 0.0004579 0.0004579 0.0005088 0.0014793 0.0013253 0.0012231 0.0011720 0.0012743 0.0011720 0.0008142 0.0010699 0.0010702 0.0010699 0.0010699 0.0009682 0.0010702 0.0010179 0.0010699 0.0010699 0.0010699 0.0010193 0.0011212 0.0010699 0.0009683 0.0010703 0.0010189 0.0011209 0.0009161 0.0009171 0.0010700 0.0008142 0.0010179 0.0008652 0.0008652 0.0008652 0.0009161 0.0009161 0.0007633 0.0008142 0.0007633 0.0007633 0.0007633 0.0007633 0.0007633 0.0007124 0.0007124 0.0007124 0.0007633 0.0007124 0.0006615 0.0006615 0.0006615 0.0006615 0.0006615 0.0006615 0.0006615 0.0006106 0.0006106 0.0008142 0.0008142 0.0009161 0.0008652 0.0007633 0.0007633 0.0020417 0.0018371 0.0018882 0.0018370 0.0019391 0.0015815 0.0016328 0.0014278 0.0014278 0.0013766 0.0325430 0.0318145 0.0318141 0.0317593 0.0332988 0.0364893 0.0373970 0.0384842 1.2908095 1.3049774 
EBOV_H.sap-wt_GIN_14_Makona-Kissidougou-EM_078694_KR817171 1.7310355 1.7294674 1.7443094 1.8886467 1.8891952 0.0024007 0.0014277 0.0006106 0.0005088 0.0004579 0.0000000 0.0000010 0.0004579 0.0013259 0.0011721 0.0010699 0.0010179 0.0011211 0.0010179 0.0006615 0.0009161 0.0009161 0.0009161 0.0009161 0.0008142 0.0009161 0.0008652 0.0009161 0.0009161 0.0009161 0.0008652 0.0009680 0.0009161 0.0008142 0.0009172 0.0008652 0.0009670 0.0007633 0.0007633 0.0009161 0.0006615 0.0008652 0.0007124 0.0007124 0.0007124 0.0007633 0.0007633 0.0006106 0.0006615 0.0006106 0.0006106 0.0006106 0.0006106 0.0006106 0.0005597 0.0005597 0.0005597 0.0006106 0.0005597 0.0005088 0.0005088 0.0005088 0.0005088 0.0005088 0.0005088 0.0005088 0.0004579 0.0004579 0.0006615 0.0006615 0.0007633 0.0007124 0.0006106 0.0006106 0.0018881 0.0016835 0.0017347 0.0016835 0.0017855 0.0014280 0.0014793 0.0012744 0.0012744 0.0012233 0.0323732 0.0316450 0.0316446 0.0315899 0.0331285 0.0363172 0.0372244 0.0383110 1.2918568 1.3055446 
EBOV_H.sap-wt_GIN_14_Makona-Kissidougou-EM_078722_KR817175 1.7310355 1.7294674 1.7443094 1.8886467 1.8891952 0.0024007 0.0014277 0.0006106 0.0005088 0.0004579 0.0000010 0.0000000 0.0004579 0.0013259 0.0011721 0.0010699 0.0010179 0.0011211 0.0010179 0.0006615 0.0009161 0.0009161 0.0009161 0.0009161 0.0008142 0.0009161 0.0008652 0.0009161 0.0009161 0.0009161 0.0008652 0.0009680 0.0009161 0.0008142 0.0009172 0.0008652 0.0009670 0.0007633 0.0007633 0.0009161 0.0006615 0.0008652 0.0007124 0.0007124 0.0007124 0.0007633 0.0007633 0.0006106 0.0006615 0.0006106 0.0006106 0.0006106 0.0006106 0.0006106 0.0005597 0.0005597 0.0005597 0.0006106 0.0005597 0.0005088 0.0005088 0.0005088 0.0005088 0.0005088 0.0005088 0.0005088 0.0004579 0.0004579 0.0006615 0.0006615 0.0007633 0.0007124 0.0006106 0.0006106 0.0018881 0.0016835 0.0017347 0.0016835 0.0017855 0.0014280 0.0014793 0.0012744 0.0012744 0.0012233 0.0323732 0.0316450 0.0316446 0.0315899 0.0331285 0.0363172 0.0372244 0.0383110 1.2918568 1.3055446 
EBOV_H.sap-wt_GIN_14_Makona-Kankan-EM_078639_KR817166      1.7322115 1.7308486 1.7457035 1.8890236 1.8895723 0.0025552 0.0015814 0.0007633 0.0006615 0.0005088 0.0004579 0.0004579 0.0000000 0.0014796 0.0013255 0.0012234 0.0011722 0.0012746 0.0011722 0.0008142 0.0010701 0.0010704 0.0010701 0.0010701 0.0009684 0.0010704 0.0010191 0.0010701 0.0010701 0.0010701 0.0010195 0.0011214 0.0010701 0.0009684 0.0010705 0.0010191 0.0011211 0.0009161 0.0009173 0.0010702 0.0008142 0.0010191 0.0008652 0.0008652 0.0008652 0.0009171 0.0009171 0.0007633 0.0008142 0.0007633 0.0007633 0.0007633 0.0007633 0.0007633 0.0007124 0.0007124 0.0007124 0.0007633 0.0007124 0.0006615 0.0006615 0.0006615 0.0006615 0.0006615 0.0006615 0.0006615 0.0006106 0.0006106 0.0008142 0.0008142 0.0009161 0.0008652 0.0007633 0.0007633 0.0020421 0.0018374 0.0018886 0.0018374 0.0019395 0.0015818 0.0016331 0.0014280 0.0014280 0.0013769 0.0324912 0.0317627 0.0317623 0.0317075 0.0333054 0.0364966 0.0374044 0.0384919 1.2925389 1.3066318 
EBOV_H.sap-wt_SLE_14_Makona-Kenema-G5059_1_KR105296        1.7338037 1.7318641 1.7467447 1.8841218 1.8846694 0.0028126 0.0018377 0.0016326 0.0015304 0.0014793 0.0013259 0.0013259 0.0014796 0.0000000 0.0015815 0.0014792 0.0014280 0.0015305 0.0014280 0.0013773 0.0013258 0.0013261 0.0013258 0.0013258 0.0012240 0.0013262 0.0012747 0.0013258 0.0013258 0.0013258 0.0012752 0.0013772 0.0013258 0.0012241 0.0013263 0.0012748 0.0013769 0.0011725 0.0011729 0.0013259 0.0010706 0.0012747 0.0011216 0.0011215 0.0011216 0.0008664 0.0008664 0.0007124 0.0010705 0.0010195 0.0010194 0.0010194 0.0010194 0.0010194 0.0009684 0.0009685 0.0009685 0.0010194 0.0009684 0.0009174 0.0009174 0.0009174 0.0009174 0.0009174 0.0009175 0.0009174 0.0008663 0.0008663 0.0010705 0.0010705 0.0011726 0.0011215 0.0010195 0.0010195 0.0022989 0.0020940 0.0021453 0.0020940 0.0021961 0.0018381 0.0018895 0.0016842 0.0016842 0.0016330 0.0327267 0.0319975 0.0319971 0.0319423 0.0335950 0.0367895 0.0376982 0.0387868 1.2913901 1.3072568 
EBOV_H.sap-wt_LBR_14_Makona-LIBR0430_KR006955              1.7296663 1.7283101 1.7431326 1.8840999 1.8846475 0.0026572 0.0016833 0.0014784 0.0013763 0.0013253 0.0011721 0.0011721 0.0013255 0.0015815 0.0000000 0.0013252 0.0012740 0.0013764 0.0012741 0.0012233 0.0011720 0.0011722 0.0011719 0.0011719 0.0010702 0.0011723 0.0011209 0.0011719 0.0011720 0.0011720 0.0011213 0.0012232 0.0011719 0.0010703 0.0011724 0.0011210 0.0012230 0.0010179 0.0010191 0.0011720 0.0009161 0.0011209 0.0009670 0.0009670 0.0009670 0.0010179 0.0010179 0.0008652 0.0009161 0.0008652 0.0008652 0.0008652 0.0008652 0.0008652 0.0008142 0.0008142 0.0008142 0.0008652 0.0008142 0.0007633 0.0007633 0.0007633 0.0007633 0.0007633 0.0007633 0.0007633 0.0007124 0.0007124 0.0009161 0.0009161 0.0010179 0.0009670 0.0008652 0.0008652 0.0021441 0.0019394 0.0019905 0.0019393 0.0020414 0.0016837 0.0017350 0.0015299 0.0015299 0.0014788 0.0323839 0.0316555 0.0316551 0.0316003 0.0331284 0.0363172 0.0372244 0.0383111 1.2910006 1.3056000 
EBOV_H.sap-wt_SLE_14_Makona-Kailahun-20140517_KR653263     1.7274907 1.7261400 1.7409370 1.8889966 1.8895452 0.0025545 0.0015810 0.0013762 0.0012741 0.0012231 0.0010699 0.0010699 0.0012234 0.0014792 0.0013252 0.0000000 0.0006615 0.0012742 0.0011719 0.0011212 0.0010689 0.0010701 0.0010689 0.0010689 0.0009681 0.0010701 0.0010179 0.0010689 0.0010689 0.0010689 0.0010192 0.0011211 0.0010689 0.0009682 0.0010702 0.0010179 0.0011209 0.0009161 0.0009161 0.0010699 0.0008142 0.0010179 0.0008652 0.0008652 0.0008652 0.0009161 0.0009161 0.0007633 0.0008142 0.0007633 0.0006615 0.0007633 0.0007633 0.0007633 0.0007124 0.0007124 0.0006106 0.0007633 0.0007124 0.0006615 0.0006615 0.0006615 0.0006615 0.0006615 0.0006615 0.0006615 0.0006106 0.0006106 0.0008142 0.0008142 0.0009161 0.0008652 0.0007633 0.0007633 0.0020416 0.0018369 0.0018881 0.0018369 0.0019390 0.0015814 0.0016327 0.0014277 0.0014277 0.0013765 0.0324881 0.0318120 0.0318116 0.0317568 0.0332963 0.0364865 0.0373941 0.0384812 1.2903174 1.3042991 
EBOV_H.sap-wt_SLE_14_Makona-G4973_1_KR105286               1.7297031 1.7283468 1.7431697 1.8867182 1.8872664 0.0025030 0.0015298 0.0013250 0.0012230 0.0011720 0.0010179 0.0010179 0.0011722 0.0014280 0.0012740 0.0006615 0.0000000 0.0012231 0.0011208 0.0010701 0.0010179 0.0010190 0.0010179 0.0010179 0.0009161 0.0010190 0.0009670 0.0010179 0.0010179 0.0010179 0.0009681 0.0010700 0.0010179 0.0009171 0.0010191 0.0009670 0.0010689 0.0008652 0.0008652 0.0010179 0.0007633 0.0009670 0.0008142 0.0008142 0.0008142 0.0008652 0.0008652 0.0007124 0.0007633 0.0007124 0.0006106 0.0007124 0.0007124 0.0007124 0.0006615 0.0006615 0.0005597 0.0007124 0.0006615 0.0006106 0.0006106 0.0006106 0.0006106 0.0006106 0.0006106 0.0006106 0.0005597 0.0005597 0.0007633 0.0007633 0.0008652 0.0008142 0.0007124 0.0007124 0.0019902 0.0017857 0.0018368 0.0017856 0.0018876 0.0015301 0.0015814 0.0013765 0.0013765 0.0013254 0.0323185 0.0316428 0.0316424 0.0315876 0.0331261 0.0363146 0.0372218 0.0383083 1.2908144 1.3053710 
EBOV_H.sap-wt_SLE_14_Makona-Koinadugu-20143659_KR653256    1.7275690 1.7260113 1.7403006 1.8881992 1.8887474 0.0026061 0.0016323 0.0014274 0.0013253 0.0012743 0.0011211 0.0011211 0.0012746 0.0015305 0.0013764 0.0012742 0.0012231 0.0000000 0.0012231 0.0011724 0.0011210 0.0011213 0.0010179 0.0010179 0.0010192 0.0011213 0.0009670 0.0010179 0.0011210 0.0011210 0.0010704 0.0008652 0.0011210 0.0010193 0.0011214 0.0008652 0.0008652 0.0009670 0.0009682 0.0008142 0.0008652 0.0007633 0.0007124 0.0007124 0.0009161 0.0009670 0.0009670 0.0008142 0.0008652 0.0008142 0.0008142 0.0008142 0.0008142 0.0008142 0.0006615 0.0006615 0.0007633 0.0008142 0.0007633 0.0007124 0.0007124 0.0007124 0.0007124 0.0007124 0.0007124 0.0007124 0.0006615 0.0006615 0.0005597 0.0006615 0.0007633 0.0007124 0.0006106 0.0006106 0.0020930 0.0018883 0.0019395 0.0018883 0.0019903 0.0016327 0.0016840 0.0014789 0.0014789 0.0014278 0.0324262 0.0318090 0.0318086 0.0317538 0.0332932 0.0364833 0.0373908 0.0384780 1.2923021 1.3060065 
EBOV_H.sap-wt_LBR_14_Makona-Foya-EM_074720_KR817125        1.7303436 1.7284884 1.7431070 1.8861430 1.8866909 0.0025031 0.0015298 0.0013251 0.0012230 0.0011720 0.0010179 0.0010179 0.0011722 0.0014280 0.0012741 0.0011719 0.0011208 0.0012231 0.0000000 0.0010701 0.0010179 0.0010190 0.0010179 0.0010179 0.0009161 0.0010190 0.0009670 0.0010179 0.0010179 0.0010179 0.0009681 0.0010700 0.0009161 0.0009171 0.0010191 0.0009670 0.0010689 0.0008652 0.0008652 0.0010179 0.0007633 0.0009670 0.0008142 0.0008142 0.0008142 0.0008652 0.0008652 0.0007124 0.0007633 0.0007124 0.0007124 0.0007124 0.0007124 0.0007124 0.0006615 0.0006615 0.0006615 0.0006106 0.0006615 0.0006106 0.0006106 0.0006106 0.0006106 0.0006106 0.0006106 0.0005088 0.0005597 0.0005597 0.0007633 0.0007633 0.0008652 0.0008142 0.0007124 0.0007124 0.0019903 0.0017857 0.0018368 0.0017857 0.0018877 0.0015301 0.0015814 0.0013765 0.0013765 0.0013254 0.0324826 0.0317543 0.0317539 0.0316991 0.0332381 0.0364276 0.0373350 0.0384219 1.2910636 1.3058343 
EBOV_H.sap-wt_LBR_14_Makona-LIBR0505_KR006957              1.7294133 1.7280576 1.7423037 1.8873831 1.8879312 0.0024524 0.0014791 0.0009670 0.0008652 0.0008142 0.0006615 0.0006615 0.0008142 0.0013773 0.0012233 0.0011212 0.0010701 0.0011724 0.0010701 0.0000000 0.0009680 0.0009682 0.0009670 0.0009670 0.0008662 0.0009683 0.0009161 0.0009670 0.0009680 0.0009680 0.0009173 0.0010192 0.0009670 0.0008663 0.0009684 0.0009161 0.0010190 0.0008142 0.0008142 0.0009680 0.0007124 0.0009161 0.0007633 0.0007633 0.0007633 0.0008142 0.0008142 0.0006615 0.0007124 0.0006615 0.0006615 0.0006615 0.0006615 0.0006615 0.0006106 0.0006106 0.0006106 0.0006615 0.0006106 0.0005597 0.0005597 0.0005597 0.0005597 0.0005597 0.0005597 0.0005597 0.0005088 0.0005088 0.0007124 0.0007124 0.0008142 0.0007633 0.0006615 0.0006615 0.0019396 0.0017350 0.0017861 0.0017349 0.0018370 0.0014794 0.0015307 0.0013257 0.0013257 0.0012746 0.0323163 0.0315883 0.0315879 0.0315331 0.0330714 0.0362595 0.0371666 0.0382530 1.2905153 1.3065602 
EBOV_H.sap-wt_SLE_14_Makona-G5640_1_KR105313               1.7312454 1.7298849 1.7447283 1.8849190 1.8854666 0.0024005 0.0014276 0.0012229 0.0011209 0.0010699 0.0009161 0.0009161 0.0010701 0.0013258 0.0011720 0.0010689 0.0010179 0.0011210 0.0010179 0.0009680 0.0000000 0.0009161 0.0009161 0.0009161 0.0008142 0.0009161 0.0008652 0.0009161 0.0009161 0.0009161 0.0008652 0.0009670 0.0009161 0.0008142 0.0009161 0.0008652 0.0009670 0.0007633 0.0007633 0.0009161 0.0006615 0.0008652 0.0007124 0.0007124 0.0007124 0.0007633 0.0007633 0.0006106 0.0006615 0.0006106 0.0006106 0.0006106 0.0006106 0.0006106 0.0005597 0.0005597 0.0005597 0.0006106 0.0005597 0.0005088 0.0005088 0.0005088 0.0005088 0.0005088 0.0005088 0.0005088 0.0004579 0.0004579 0.0006615 0.0006615 0.0007633 0.0007124 0.0006106 0.0006106 0.0018879 0.0016834 0.0017345 0.0016833 0.0017854 0.0014279 0.0014792 0.0012743 0.0012743 0.0012232 0.0323705 0.0316424 0.0316420 0.0315873 0.0331258 0.0363142 0.0372214 0.0383079 1.2902454 1.3065001 
EBOV_H.sap-wt_GIN_14_Makona-Macenta-EM_000982_KR817086     1.7298248 1.7289650 1.7442970 1.8872008 1.8877491 0.0024011 0.0014279 0.0012232 0.0011212 0.0010702 0.0009161 0.0009161 0.0010704 0.0013261 0.0011722 0.0010701 0.0010190 0.0011213 0.0010190 0.0009682 0.0009161 0.0000000 0.0009161 0.0009161 0.0008142 0.0009172 0.0008652 0.0009161 0.0009161 0.0009161 0.0007633 0.0009682 0.0009161 0.0008153 0.0009173 0.0008652 0.0009670 0.0007633 0.0007633 0.0009161 0.0006615 0.0008652 0.0007124 0.0007124 0.0007124 0.0007633 0.0007633 0.0006106 0.0006615 0.0006106 0.0006106 0.0006106 0.0006106 0.0006106 0.0005597 0.0005597 0.0005597 0.0006106 0.0005597 0.0005088 0.0005088 0.0005088 0.0005088 0.0005088 0.0005088 0.0005088 0.0004579 0.0004579 0.0006615 0.0006615 0.0007633 0.0007124 0.0006106 0.0006106 0.0018884 0.0016838 0.0017349 0.0016837 0.0017858 0.0014282 0.0014795 0.0012746 0.0012746 0.0012235 0.0323771 0.0316489 0.0316485 0.0315937 0.0331325 0.0363215 0.0372288 0.0383155 1.2916573 1.3051941 
EBOV_H.sap-wt_SLE_14_Makona-J0093_KP759760                 1.7300656 1.7285873 1.7439123 1.8878348 1.8883828 0.0024004 0.0014275 0.0012229 0.0011209 0.0010699 0.0009161 0.0009161 0.0010701 0.0013258 0.0011719 0.0010689 0.0010179 0.0010179 0.0010179 0.0009670 0.0009161 0.0009161 0.0000000 0.0000010 0.0008142 0.0009161 0.0006615 0.0007124 0.0009161 0.0009161 0.0008652 0.0008652 0.0009161 0.0008142 0.0009161 0.0007633 0.0008652 0.0007633 0.0007633 0.0008142 0.0006615 0.0007633 0.0006106 0.0006106 0.0007124 0.0007633 0.0007633 0.0006106 0.0006615 0.0006106 0.0006106 0.0006106 0.0006106 0.0006106 0.0004579 0.0004579 0.0005597 0.0006106 0.0005597 0.0005088 0.0005088 0.0005088 0.0005088 0.0005088 0.0005088 0.0005088 0.0004579 0.0004579 0.0005597 0.0005597 0.0006615 0.0006106 0.0005088 0.0005088 0.0018878 0.0016833 0.0017344 0.0016833 0.0017853 0.0014279 0.0014791 0.0012743 0.0012743 0.0012232 0.0322580 0.0315301 0.0315297 0.0314750 0.0330129 0.0360881 0.0371070 0.0381932 1.2916253 1.3056658 
EBOV_H.sap-wt_SLE_14_Makona-PortLoko-J0080_KP759749        1.7300656 1.7285873 1.7439123 1.8878348 1.8883828 0.0024004 0.0014275 0.0012229 0.0011209 0.0010699 0.0009161 0.0009161 0.0010701 0.0013258 0.0011719 0.0010689 0.0010179 0.0010179 0.0010179 0.0009670 0.0009161 0.0009161 0.0000010 0.0000000 0.0008142 0.0009161 0.0006615 0.0007124 0.0009161 0.0009161 0.0008652 0.0008652 0.0009161 0.0008142 0.0009161 0.0007633 0.0008652 0.0007633 0.0007633 0.0008142 0.0006615 0.0007633 0.0006106 0.0006106 0.0007124 0.0007633 0.0007633 0.0006106 0.0006615 0.0006106 0.0006106 0.0006106 0.0006106 0.0006106 0.0004579 0.0004579 0.0005597 0.0006106 0.0005597 0.0005088 0.0005088 0.0005088 0.0005088 0.0005088 0.0005088 0.0005088 0.0004579 0.0004579 0.0005597 0.0005597 0.0006615 0.0006106 0.0005088 0.0005088 0.0018878 0.0016833 0.0017344 0.0016833 0.0017853 0.0014279 0.0014791 0.0012743 0.0012743 0.0012232 0.0322580 0.0315301 0.0315297 0.0314750 0.0330129 0.0360881 0.0371070 0.0381932 1.2916253 1.3056658 
EBOV_H.sap-wt_LBR_14_Makona-Foya-EM_074353_KR817112        1.7301621 1.7288046 1.7436325 1.8847203 1.8852680 0.0022987 0.0013258 0.0011212 0.0010192 0.0009682 0.0008142 0.0008142 0.0009684 0.0012240 0.0010702 0.0009681 0.0009161 0.0010192 0.0009161 0.0008662 0.0008142 0.0008142 0.0008142 0.0008142 0.0000000 0.0002035 0.0007633 0.0008142 0.0008142 0.0008142 0.0007633 0.0008662 0.0008142 0.0005088 0.0006106 0.0007633 0.0008652 0.0006615 0.0006615 0.0008142 0.0005597 0.0007633 0.0006106 0.0006106 0.0006106 0.0006615 0.0006615 0.0005088 0.0005597 0.0005088 0.0005088 0.0005088 0.0005088 0.0005088 0.0004579 0.0004579 0.0004579 0.0005088 0.0004579 0.0004070 0.0004070 0.0004070 0.0004070 0.0004070 0.0004070 0.0004070 0.0003561 0.0003561 0.0005597 0.0005597 0.0006615 0.0006106 0.0005088 0.0005088 0.0017861 0.0015816 0.0016327 0.0015816 0.0016836 0.0013261 0.0013774 0.0011726 0.0011726 0.0011215 0.0321042 0.0313764 0.0313761 0.0313213 0.0329702 0.0361583 0.0370653 0.0381517 1.2907342 1.3052985 
EBOV_H.sap-wt_LBR_14_Makona-Foya-EM_074350_KR817109        1.7301045 1.7285393 1.7433655 1.8849394 1.8854871 0.0024011 0.0014280 0.0012233 0.0011212 0.0010702 0.0009161 0.0009161 0.0010704 0.0013262 0.0011723 0.0010701 0.0010190 0.0011213 0.0010190 0.0009683 0.0009161 0.0009172 0.0009161 0.0009161 0.0002035 0.0000000 0.0008652 0.0009161 0.0009161 0.0009161 0.0008663 0.0009682 0.0009161 0.0006106 0.0007124 0.0008652 0.0009670 0.0007633 0.0007633 0.0009161 0.0006615 0.0008652 0.0007124 0.0007124 0.0007124 0.0007633 0.0007633 0.0006106 0.0006615 0.0006106 0.0006106 0.0006106 0.0006106 0.0006106 0.0005597 0.0005597 0.0005597 0.0006106 0.0005597 0.0005088 0.0005088 0.0005088 0.0005088 0.0005088 0.0005088 0.0005088 0.0004579 0.0004579 0.0006615 0.0006615 0.0007633 0.0007124 0.0006106 0.0006106 0.0018884 0.0016838 0.0017350 0.0016838 0.0017858 0.0014283 0.0014796 0.0012746 0.0012746 0.0012235 0.0323256 0.0315974 0.0315970 0.0315422 0.0330809 0.0362699 0.0371771 0.0382639 1.2905136 1.3055349 
EBOV_H.sap-wt_SLE_14_Makona-J0117_KP759665                 1.7306019 1.7295375 1.7441685 1.8885201 1.8890686 0.0023493 0.0013765 0.0011719 0.0010699 0.0010179 0.0008652 0.0008652 0.0010191 0.0012747 0.0011209 0.0010179 0.0009670 0.0009670 0.0009670 0.0009161 0.0008652 0.0008652 0.0006615 0.0006615 0.0007633 0.0008652 0.0000000 0.0001526 0.0008652 0.0008652 0.0008142 0.0008142 0.0008652 0.0007633 0.0008652 0.0007124 0.0008142 0.0007124 0.0007124 0.0007633 0.0006106 0.0007124 0.0005597 0.0005597 0.0006615 0.0007124 0.0007124 0.0005597 0.0006106 0.0005597 0.0005597 0.0005597 0.0005597 0.0005597 0.0004070 0.0004070 0.0005088 0.0005597 0.0005088 0.0004579 0.0004579 0.0004579 0.0004579 0.0004579 0.0004579 0.0004579 0.0004070 0.0004070 0.0005088 0.0005088 0.0006106 0.0005597 0.0004579 0.0004579 0.0018368 0.0016323 0.0016834 0.0016322 0.0017342 0.0013768 0.0014281 0.0012233 0.0012233 0.0011722 0.0323148 0.0315868 0.0315864 0.0315317 0.0330699 0.0362578 0.0371648 0.0382512 1.2912726 1.3055683 
EBOV_H.sap-wt_SLE_14_Makona-Kenema-G5685_1_KR105317        1.7300387 1.7289758 1.7435985 1.8876591 1.8882074 0.0024005 0.0014275 0.0012229 0.0011209 0.0010699 0.0009161 0.0009161 0.0010701 0.0013258 0.0011719 0.0010689 0.0010179 0.0010179 0.0010179 0.0009670 0.0009161 0.0009161 0.0007124 0.0007124 0.0008142 0.0009161 0.0001526 0.0000000 0.0009161 0.0009161 0.0008652 0.0008652 0.0009161 0.0008142 0.0009161 0.0007633 0.0008652 0.0007633 0.0007633 0.0008142 0.0006615 0.0007633 0.0006106 0.0006106 0.0007124 0.0007633 0.0007633 0.0006106 0.0006615 0.0006106 0.0006106 0.0006106 0.0006106 0.0006106 0.0004579 0.0004579 0.0005597 0.0006106 0.0005597 0.0005088 0.0005088 0.0005088 0.0005088 0.0005088 0.0005088 0.0005088 0.0004579 0.0004579 0.0005597 0.0005597 0.0006615 0.0006106 0.0005088 0.0005088 0.0018879 0.0016833 0.0017345 0.0016833 0.0017853 0.0014279 0.0014791 0.0012743 0.0012743 0.0012232 0.0323692 0.0316412 0.0316408 0.0315860 0.0331244 0.0363127 0.0372198 0.0383063 1.2905247 1.3049754 
EBOV_H.sap-wt_SLE_14_Makona-J0171_KP759707                 1.7284350 1.7270822 1.7413870 1.8868527 1.8874012 0.0024006 0.0012233 0.0012230 0.0011209 0.0010699 0.0009161 0.0009161 0.0010701 0.0013258 0.0011720 0.0010689 0.0010179 0.0011210 0.0010179 0.0009680 0.0009161 0.0009161 0.0009161 0.0009161 0.0008142 0.0009161 0.0008652 0.0009161 0.0000000 0.0000010 0.0008652 0.0009670 0.0009161 0.0008142 0.0009171 0.0008652 0.0009670 0.0007633 0.0007633 0.0009161 0.0006615 0.0008652 0.0007124 0.0007124 0.0005088 0.0007633 0.0007633 0.0006106 0.0004579 0.0004070 0.0006106 0.0006106 0.0006106 0.0006106 0.0005597 0.0005597 0.0005597 0.0006106 0.0005597 0.0005088 0.0005088 0.0005088 0.0005088 0.0005088 0.0005088 0.0005088 0.0004579 0.0004579 0.0006615 0.0006615 0.0007633 0.0007124 0.0006106 0.0006106 0.0018879 0.0016834 0.0017345 0.0016834 0.0017854 0.0013765 0.0014277 0.0012743 0.0012743 0.0012232 0.0323051 0.0315774 0.0315770 0.0315222 0.0330735 0.0362618 0.0371689 0.0382554 1.2898440 1.3042115 
EBOV_H.sap-wt_SLE_14_Makona-J0174_KP759708                 1.7284350 1.7270822 1.7413870 1.8868527 1.8874012 0.0024006 0.0012233 0.0012230 0.0011209 0.0010699 0.0009161 0.0009161 0.0010701 0.0013258 0.0011720 0.0010689 0.0010179 0.0011210 0.0010179 0.0009680 0.0009161 0.0009161 0.0009161 0.0009161 0.0008142 0.0009161 0.0008652 0.0009161 0.0000010 0.0000000 0.0008652 0.0009670 0.0009161 0.0008142 0.0009171 0.0008652 0.0009670 0.0007633 0.0007633 0.0009161 0.0006615 0.0008652 0.0007124 0.0007124 0.0005088 0.0007633 0.0007633 0.0006106 0.0004579 0.0004070 0.0006106 0.0006106 0.0006106 0.0006106 0.0005597 0.0005597 0.0005597 0.0006106 0.0005597 0.0005088 0.0005088 0.0005088 0.0005088 0.0005088 0.0005088 0.0005088 0.0004579 0.0004579 0.0006615 0.0006615 0.0007633 0.0007124 0.0006106 0.0006106 0.0018879 0.0016834 0.0017345 0.0016834 0.0017854 0.0013765 0.0014277 0.0012743 0.0012743 0.0012232 0.0323051 0.0315774 0.0315770 0.0315222 0.0330735 0.0362618 0.0371689 0.0382554 1.2898440 1.3042115 
EBOV_H.sap-wt_GIN_14_Makona-Gueckedou-EM_076138_KR817140   1.7306205 1.7293184 1.7441589 1.8887341 1.8892827 0.0023502 0.0013770 0.0011723 0.0010703 0.0010193 0.0008652 0.0008652 0.0010195 0.0012752 0.0011213 0.0010192 0.0009681 0.0010704 0.0009681 0.0009173 0.0008652 0.0007633 0.0008652 0.0008652 0.0007633 0.0008663 0.0008142 0.0008652 0.0008652 0.0008652 0.0000000 0.0009173 0.0008652 0.0007644 0.0008664 0.0008142 0.0009161 0.0007124 0.0007124 0.0008652 0.0006106 0.0008142 0.0006615 0.0006615 0.0006615 0.0007124 0.0007124 0.0005597 0.0006106 0.0005597 0.0005597 0.0005597 0.0005597 0.0005597 0.0005088 0.0005088 0.0005088 0.0005597 0.0005088 0.0004579 0.0004579 0.0004579 0.0004579 0.0004579 0.0004579 0.0004579 0.0004070 0.0004070 0.0006106 0.0006106 0.0007124 0.0006615 0.0005597 0.0005597 0.0018374 0.0016329 0.0016840 0.0016328 0.0017349 0.0013773 0.0014286 0.0012237 0.0012237 0.0011726 0.0322732 0.0315450 0.0315446 0.0314898 0.0330816 0.0362707 0.0371780 0.0382647 1.2910506 1.3065326 
EBOV_H.sap-wt_SLE_14_Makona-J0128_KP759677                 1.7287642 1.7276751 1.7424894 1.8860017 1.8865495 0.0024523 0.0014790 0.0012742 0.0011722 0.0011212 0.0009680 0.0009680 0.0011214 0.0013772 0.0012232 0.0011211 0.0010700 0.0008652 0.0010700 0.0010192 0.0009670 0.0009682 0.0008652 0.0008652 0.0008662 0.0009682 0.0008142 0.0008652 0.0009670 0.0009670 0.0009173 0.0000000 0.0009670 0.0008663 0.0009683 0.0007124 0.0007124 0.0008142 0.0008142 0.0006615 0.0007124 0.0006106 0.0005597 0.0005597 0.0007633 0.0008142 0.0008142 0.0006615 0.0007124 0.0006615 0.0006615 0.0006615 0.0006615 0.0006615 0.0005088 0.0005088 0.0006106 0.0006615 0.0006106 0.0005597 0.0005597 0.0005597 0.0005597 0.0005597 0.0005597 0.0005597 0.0005088 0.0005088 0.0004070 0.0005088 0.0006106 0.0005597 0.0004579 0.0004579 0.0019395 0.0017349 0.0017860 0.0017348 0.0018369 0.0014793 0.0015306 0.0013257 0.0013257 0.0012746 0.0324331 0.0317047 0.0317043 0.0316496 0.0331886 0.0363783 0.0372857 0.0383727 1.2902337 1.3037709 
EBOV_H.sap-wt_GIN_14_Makona-Macenta-EM_076322_KR817145     1.7306276 1.7292690 1.7441023 1.8877991 1.8883475 0.0024004 0.0014275 0.0012229 0.0011209 0.0010699 0.0009161 0.0009161 0.0010701 0.0013258 0.0011719 0.0010689 0.0010179 0.0011210 0.0009161 0.0009670 0.0009161 0.0009161 0.0009161 0.0009161 0.0008142 0.0009161 0.0008652 0.0009161 0.0009161 0.0009161 0.0008652 0.0009670 0.0000000 0.0008142 0.0009161 0.0008652 0.0009670 0.0007633 0.0007633 0.0009161 0.0006615 0.0008652 0.0007124 0.0007124 0.0007124 0.0007633 0.0007633 0.0006106 0.0006615 0.0006106 0.0006106 0.0006106 0.0006106 0.0006106 0.0005597 0.0005597 0.0005597 0.0005088 0.0005597 0.0005088 0.0005088 0.0005088 0.0005088 0.0005088 0.0005088 0.0004070 0.0004579 0.0004579 0.0006615 0.0006615 0.0007633 0.0007124 0.0006106 0.0006106 0.0018879 0.0016833 0.0017345 0.0016833 0.0017853 0.0014279 0.0014791 0.0012743 0.0012743 0.0012232 0.0322579 0.0315301 0.0315297 0.0314750 0.0330128 0.0362002 0.0371070 0.0381932 1.2906565 1.3054718 
EBOV_H.sap-wt_GIN_15_Makona-Faranah-EM_004503_KR817102     1.7298915 1.7285348 1.7433585 1.8858934 1.8864415 0.0022989 0.0013259 0.0011213 0.0010192 0.0009683 0.0008142 0.0008142 0.0009684 0.0012241 0.0010703 0.0009682 0.0009171 0.0010193 0.0009171 0.0008663 0.0008142 0.0008153 0.0008142 0.0008142 0.0005088 0.0006106 0.0007633 0.0008142 0.0008142 0.0008142 0.0007644 0.0008663 0.0008142 0.0000000 0.0001017 0.0007633 0.0008652 0.0006615 0.0006615 0.0008142 0.0005597 0.0007633 0.0006106 0.0006106 0.0006106 0.0006615 0.0006615 0.0005088 0.0005597 0.0005088 0.0005088 0.0005088 0.0005088 0.0005088 0.0004579 0.0004579 0.0004579 0.0005088 0.0004579 0.0004070 0.0004070 0.0004070 0.0004070 0.0004070 0.0004070 0.0004070 0.0003561 0.0003561 0.0005597 0.0005597 0.0006615 0.0006106 0.0005088 0.0005088 0.0017863 0.0015817 0.0016329 0.0015817 0.0016837 0.0013262 0.0013775 0.0011727 0.0011727 0.0011216 0.0322703 0.0315422 0.0315418 0.0314870 0.0330255 0.0362140 0.0371211 0.0382077 1.2903813 1.3047701 
EBOV_H.sap-wt_GIN_15_Makona-Kissidougou-EM_004555_KR817103 1.7303895 1.7290318 1.7438583 1.8857765 1.8863246 0.0024014 0.0014281 0.0012234 0.0011213 0.0010703 0.0009172 0.0009172 0.0010705 0.0013263 0.0011724 0.0010702 0.0010191 0.0011214 0.0010191 0.0009684 0.0009161 0.0009173 0.0009161 0.0009161 0.0006106 0.0007124 0.0008652 0.0009161 0.0009171 0.0009171 0.0008664 0.0009683 0.0009161 0.0001017 0.0000000 0.0008652 0.0009681 0.0007633 0.0007633 0.0009171 0.0006615 0.0008652 0.0007124 0.0007124 0.0007124 0.0007633 0.0007633 0.0006106 0.0006615 0.0006106 0.0006106 0.0006106 0.0006106 0.0006106 0.0005597 0.0005597 0.0005597 0.0006106 0.0005597 0.0005088 0.0005088 0.0005088 0.0005088 0.0005088 0.0005088 0.0005088 0.0004579 0.0004579 0.0006615 0.0006615 0.0007633 0.0007124 0.0006106 0.0006106 0.0018886 0.0016840 0.0017351 0.0016839 0.0017860 0.0014284 0.0014797 0.0012748 0.0012748 0.0012237 0.0323812 0.0316530 0.0316526 0.0315978 0.0331367 0.0363262 0.0372336 0.0383205 1.2903813 1.3047701 
EBOV_H.sap-wt_SLE_14_Makona-Kenema-G5039_1_KR105295        1.7295204 1.7281644 1.7429864 1.8870994 1.8876476 0.0023494 0.0013766 0.0011719 0.0010699 0.0010189 0.0008652 0.0008652 0.0010191 0.0012748 0.0011210 0.0010179 0.0009670 0.0008652 0.0009670 0.0009161 0.0008652 0.0008652 0.0007633 0.0007633 0.0007633 0.0008652 0.0007124 0.0007633 0.0008652 0.0008652 0.0008142 0.0007124 0.0008652 0.0007633 0.0008652 0.0000000 0.0007124 0.0007124 0.0007124 0.0006615 0.0006106 0.0006106 0.0004579 0.0004579 0.0006615 0.0007124 0.0007124 0.0005597 0.0006106 0.0005597 0.0005597 0.0005597 0.0005597 0.0005597 0.0004070 0.0004070 0.0005088 0.0005597 0.0005088 0.0004579 0.0004579 0.0004579 0.0004579 0.0004579 0.0004579 0.0004579 0.0004070 0.0004070 0.0004070 0.0004070 0.0005088 0.0004579 0.0003561 0.0003561 0.0018368 0.0016323 0.0016834 0.0016323 0.0017343 0.0013769 0.0014281 0.0012233 0.0012233 0.0011722 0.0323158 0.0315878 0.0315874 0.0315326 0.0330709 0.0362590 0.0370533 0.0381394 1.2917917 1.3048992 
EBOV_H.sap-wt_SLE_14_Makona-PortLoko-J0083_KP759752        1.7293362 1.7280383 1.7427959 1.8868567 1.8874050 0.0024517 0.0014787 0.0012740 0.0011719 0.0011209 0.0009670 0.0009670 0.0011211 0.0013769 0.0012230 0.0011209 0.0010689 0.0008652 0.0010689 0.0010190 0.0009670 0.0009670 0.0008652 0.0008652 0.0008652 0.0009670 0.0008142 0.0008652 0.0009670 0.0009670 0.0009161 0.0007124 0.0009670 0.0008652 0.0009681 0.0007124 0.0000000 0.0008142 0.0008142 0.0003561 0.0007124 0.0003052 0.0005597 0.0005597 0.0007633 0.0008142 0.0008142 0.0006615 0.0007124 0.0006615 0.0006615 0.0006615 0.0006615 0.0006615 0.0005088 0.0005088 0.0006106 0.0006615 0.0006106 0.0005597 0.0005597 0.0005597 0.0005597 0.0005597 0.0005597 0.0005597 0.0005088 0.0005088 0.0003052 0.0005088 0.0006106 0.0005597 0.0004579 0.0004579 0.0019390 0.0017345 0.0017856 0.0017344 0.0018365 0.0014790 0.0015303 0.0013254 0.0013254 0.0012743 0.0324256 0.0316974 0.0316970 0.0316422 0.0330697 0.0362576 0.0371646 0.0382510 1.2903998 1.3035709 
EBOV_H.sap-wt_LBR_15_Makona-Liberia-DQE6_KR075000          1.7289286 1.7276952 1.7425117 1.8868042 1.8873524 0.0022468 0.0012743 0.0010689 0.0009670 0.0009161 0.0007633 0.0007633 0.0009161 0.0011725 0.0010179 0.0009161 0.0008652 0.0009670 0.0008652 0.0008142 0.0007633 0.0007633 0.0007633 0.0007633 0.0006615 0.0007633 0.0007124 0.0007633 0.0007633 0.0007633 0.0007124 0.0008142 0.0007633 0.0006615 0.0007633 0.0007124 0.0008142 0.0000000 0.0006106 0.0007633 0.0005088 0.0007124 0.0005597 0.0005597 0.0005597 0.0006106 0.0006106 0.0004579 0.0005088 0.0004579 0.0004579 0.0004579 0.0004579 0.0004579 0.0004070 0.0004070 0.0004070 0.0004579 0.0004070 0.0003561 0.0003561 0.0003561 0.0003561 0.0003561 0.0003561 0.0003561 0.0003052 0.0003052 0.0005088 0.0005088 0.0006106 0.0005597 0.0004579 0.0004579 0.0017344 0.0015300 0.0015811 0.0015299 0.0016319 0.0012746 0.0013258 0.0011211 0.0011211 0.0010701 0.0322015 0.0314738 0.0314734 0.0314187 0.0329563 0.0361430 0.0370496 0.0381356 1.2889738 1.3040714 
EBOV_H.sap-wt_SLE_14_Makona-G3676.1_KM034554               1.7284686 1.7271154 1.7419810 1.8858780 1.8864258 0.0016323 0.0012747 0.0010701 0.0009681 0.0009171 0.0007633 0.0007633 0.0009173 0.0011729 0.0010191 0.0009161 0.0008652 0.0009682 0.0008652 0.0008142 0.0007633 0.0007633 0.0007633 0.0007633 0.0006615 0.0007633 0.0007124 0.0007633 0.0007633 0.0007633 0.0007124 0.0008142 0.0007633 0.0006615 0.0007633 0.0007124 0.0008142 0.0006106 0.0000000 0.0007633 0.0005088 0.0007124 0.0005597 0.0005597 0.0005597 0.0006106 0.0006106 0.0004579 0.0005088 0.0004579 0.0004579 0.0004579 0.0004579 0.0004579 0.0004070 0.0004070 0.0004070 0.0004579 0.0004070 0.0003561 0.0003561 0.0003561 0.0003561 0.0003561 0.0003561 0.0003561 0.0003052 0.0003052 0.0005088 0.0005088 0.0006106 0.0005597 0.0004579 0.0004579 0.0011211 0.0009161 0.0009680 0.0009161 0.0010179 0.0006615 0.0007124 0.0005088 0.0005088 0.0004579 0.0315259 0.0307997 0.0307993 0.0307446 0.0322786 0.0354585 0.0363633 0.0374470 1.2899533 1.3065001 
