94
SUDV_H.sap-xx_UGA_12_EboSud-603_KC545390                   0.0000000 0.0002558 1.9214194 1.9249637 1.9537853 1.9799861 1.9757366 1.9783205 1.9790010 1.9783181 1.9783181 1.9783661 1.9800547 1.9784189 1.9789539 1.9773331 1.9776075 1.9769574 1.9765138 1.9769342 1.9775295 1.9764942 1.9778665 1.9792453 1.9789971 1.9760447 1.9763390 1.9765562 1.9765562 1.9770576 1.9785009 1.9760989 1.9783858 1.9787156 1.9783728 1.9799884 1.9783706 1.9796302 1.9779713 1.9778680 1.9804393 1.9799346 1.9778065 1.9796390 1.9796390 1.9783503 1.9783503 1.9783132 1.9793399 1.9786111 1.9786357 1.9785006 1.9776000 1.9765668 1.9755703 1.9770326 1.9775656 1.9780866 1.9791427 1.9767560 1.9785184 1.9771928 1.9780847 1.9789241 1.9777930 1.9777930 1.9779279 1.9787100 1.9775515 1.9780491 1.9778400 1.9778400 1.9778212 1.9774630 1.9774630 1.9775979 1.9775979 1.9779142 1.9775049 1.9784855 1.9784855 1.9777188 1.9772569 1.9775049 1.9443491 1.9448983 1.9454473 1.9445349 1.9529989 1.9577264 1.9536226 1.9536446 2.1742409 2.1528944 
SUDV_H.sap-xx_UGA_12_EboSud-609_KC545391                   0.0002558 0.0000000 1.9209019 1.9244439 1.9532505 1.9814039 1.9771502 1.9797361 1.9804174 1.9797339 1.9797339 1.9797818 1.9814722 1.9798346 1.9803705 1.9787478 1.9790224 1.9783714 1.9779275 1.9783490 1.9789443 1.9779083 1.9792819 1.9806620 1.9804137 1.9774588 1.9777527 1.9779706 1.9779706 1.9784722 1.9799164 1.9775120 1.9798012 1.9801309 1.9797886 1.9814055 1.9797859 1.9810477 1.9793863 1.9792830 1.9818570 1.9813519 1.9792219 1.9810557 1.9810557 1.9797656 1.9797656 1.9797288 1.9807560 1.9800269 1.9800515 1.9799163 1.9790152 1.9779806 1.9769832 1.9784476 1.9789804 1.9795017 1.9805592 1.9781704 1.9799343 1.9786069 1.9794998 1.9803400 1.9792079 1.9792079 1.9793428 1.9801258 1.9789663 1.9794641 1.9792550 1.9792550 1.9792362 1.9788777 1.9788777 1.9790127 1.9790127 1.9793292 1.9789197 1.9799012 1.9799012 1.9791337 1.9786716 1.9789197 1.9457304 1.9462795 1.9468291 1.9459159 1.9543877 1.9591226 1.9550131 1.9550356 2.1751771 2.1520403 
RESTV_S.dom-xx_PHL_08_Reston08-C_FJ621584                  1.9214194 1.9209019 0.0000000 0.0329767 0.0510931 1.8468240 1.8460122 1.8491944 1.8467221 1.8508934 1.8508934 1.8507017 1.8506929 1.8486650 1.8484412 1.8486988 1.8486910 1.8499840 1.8516712 1.8503640 1.8507875 1.8494438 1.8522979 1.8481640 1.8484652 1.8463050 1.8485125 1.8477597 1.8477597 1.8464594 1.8492841 1.8475674 1.8512832 1.8506310 1.8494891 1.8508193 1.8520527 1.8511301 1.8502859 1.8475885 1.8507067 1.8512347 1.8502440 1.8509324 1.8509324 1.8510777 1.8510777 1.8489163 1.8506819 1.8504507 1.8508806 1.8496432 1.8501088 1.8488581 1.8493245 1.8482518 1.8500205 1.8499829 1.8504872 1.8492434 1.8489996 1.8491669 1.8489469 1.8499254 1.8494222 1.8494222 1.8492084 1.8489380 1.8489383 1.8490632 1.8493047 1.8493047 1.8497298 1.8492922 1.8492922 1.8495160 1.8495160 1.8492770 1.8493047 1.8495688 1.8495688 1.8495107 1.8490657 1.8493047 1.8199174 1.8188885 1.8200371 1.8209580 1.8244941 1.8148794 1.8241061 1.8245748 2.0917507 1.9895398 
RESTV_M.fas-tc_USA_89_Philippines89-Pennsylvania_NC_004161 1.9249637 1.9244439 0.0329767 0.0000000 0.0263434 1.8409966 1.8394569 1.8433609 1.8409003 1.8450510 1.8450510 1.8448603 1.8448514 1.8439010 1.8426396 1.8428634 1.8428556 1.8437072 1.8453861 1.8440860 1.8445068 1.8431702 1.8460115 1.8403694 1.8406695 1.8404831 1.8426798 1.8402778 1.8402778 1.8406358 1.8434466 1.8419329 1.8456317 1.8444011 1.8436495 1.8454124 1.8462056 1.8450938 1.8444468 1.8417593 1.8448650 1.8453915 1.8444035 1.8448951 1.8448951 1.8454266 1.8454266 1.8427397 1.8450335 1.8448029 1.8452318 1.8434904 1.8440754 1.8430248 1.8434880 1.8424197 1.8441811 1.8441437 1.8444509 1.8434071 1.8430718 1.8433320 1.8427681 1.8437421 1.8432421 1.8432421 1.8430288 1.8431037 1.8431023 1.8432270 1.8434676 1.8434676 1.8438921 1.8434554 1.8434554 1.8436788 1.8436788 1.8434403 1.8434676 1.8437292 1.8437292 1.8436732 1.8432292 1.8434676 1.8143538 1.8130428 1.8143806 1.8155017 1.8178842 1.8087169 1.8170668 1.8178142 2.1038683 1.9855390 
RESTV_S.dom-tc_PHL_08_Reston08-A_FJ621583                  1.9537853 1.9532505 0.0510931 0.0263434 0.0000000 1.8494088 1.8479359 1.8519391 1.8494649 1.8553168 1.8553168 1.8551245 1.8551158 1.8539701 1.8528950 1.8531200 1.8531121 1.8527636 1.8544522 1.8531437 1.8535678 1.8522228 1.8550786 1.8491593 1.8494602 1.8492745 1.8514840 1.8492620 1.8492620 1.8492363 1.8520635 1.8508515 1.8544072 1.8532178 1.8522693 1.8541309 1.8548327 1.8537162 1.8525244 1.8502161 1.8534860 1.8540141 1.8514759 1.8540597 1.8540597 1.8540841 1.8540841 1.8513508 1.8536545 1.8534235 1.8538532 1.8521091 1.8526950 1.8516361 1.8521033 1.8510302 1.8527998 1.8527621 1.8530741 1.8520224 1.8516842 1.8519452 1.8513823 1.8523613 1.8518575 1.8518575 1.8516437 1.8517164 1.8517175 1.8518424 1.8520838 1.8520838 1.8525086 1.8520712 1.8520712 1.8522949 1.8522949 1.8520561 1.8520838 1.8523489 1.8523489 1.8522897 1.8518450 1.8520838 1.8195843 1.8182713 1.8196108 1.8207341 1.8289506 1.8174068 1.8254219 1.8257431 2.0948829 1.9842588 
EBOV_H.sap-wt_GIN_14_Makona-Gueckedou-EM_080076_KR817235   1.9799861 1.9814039 1.8468240 1.8409966 1.8494088 0.0000000 0.0020979 0.0021488 0.0022513 0.0028178 0.0028178 0.0026125 0.0027668 0.0026636 0.0027666 0.0024581 0.0026636 0.0028175 0.0027661 0.0032297 0.0027146 0.0031261 0.0030234 0.0017900 0.0018413 0.0017898 0.0017908 0.0017391 0.0017391 0.0013797 0.0029212 0.0031261 0.0028690 0.0028173 0.0026632 0.0026633 0.0026634 0.0027150 0.0026636 0.0025605 0.0027150 0.0028692 0.0027663 0.0026119 0.0026119 0.0028177 0.0028177 0.0027146 0.0025605 0.0025091 0.0025091 0.0023553 0.0025091 0.0025091 0.0026119 0.0017387 0.0027145 0.0025604 0.0024065 0.0023550 0.0024064 0.0025091 0.0025091 0.0024578 0.0023550 0.0023550 0.0024063 0.0024577 0.0020470 0.0023037 0.0023036 0.0023036 0.0022523 0.0021497 0.0021497 0.0022010 0.0022010 0.0022524 0.0024063 0.0024578 0.0024578 0.0023550 0.0023550 0.0023036 0.0327692 0.0324861 0.0324943 0.0324961 0.0342418 0.0360967 0.0369906 0.0375864 1.3887176 1.3515717 
EBOV_H.sap-wt_GIN_14_Makona-Gueckedou-EM_079587_KR817202   1.9757366 1.9771502 1.8460122 1.8394569 1.8479359 0.0020979 0.0000000 0.0016878 0.0017903 0.0023560 0.0023560 0.0022535 0.0023050 0.0022020 0.0023048 0.0019966 0.0022019 0.0023557 0.0023044 0.0027675 0.0022530 0.0026640 0.0025614 0.0013293 0.0013805 0.0013292 0.0013299 0.0012783 0.0012783 0.0011241 0.0024592 0.0026640 0.0024071 0.0023556 0.0022016 0.0022016 0.0022017 0.0022533 0.0022019 0.0020990 0.0023044 0.0024585 0.0023046 0.0021503 0.0021503 0.0023559 0.0023559 0.0022529 0.0020990 0.0020476 0.0020476 0.0018939 0.0020476 0.0020477 0.0021503 0.0012780 0.0022529 0.0020989 0.0019450 0.0018936 0.0019450 0.0020476 0.0020476 0.0019963 0.0018936 0.0018936 0.0019450 0.0019963 0.0015860 0.0018424 0.0018423 0.0018423 0.0017911 0.0016885 0.0016885 0.0017398 0.0017398 0.0017911 0.0019450 0.0019964 0.0019964 0.0018936 0.0018937 0.0018423 0.0322756 0.0319928 0.0320009 0.0320026 0.0337998 0.0355992 0.0364924 0.0370872 1.3916706 1.3508956 
EBOV_H.sap-wt_GIN_14_Makona-Gueckedou-EM_079750_KR817213   1.9783205 1.9797361 1.8491944 1.8433609 1.8519391 0.0021488 0.0016878 0.0000000 0.0003061 0.0020982 0.0020982 0.0019958 0.0020472 0.0019444 0.0020470 0.0017392 0.0019443 0.0020980 0.0020467 0.0025092 0.0019954 0.0024060 0.0023034 0.0010718 0.0011240 0.0010718 0.0010733 0.0010218 0.0010218 0.0011751 0.0022013 0.0024060 0.0021494 0.0020979 0.0019440 0.0019441 0.0019442 0.0019957 0.0019444 0.0018415 0.0020467 0.0022006 0.0020469 0.0018928 0.0018928 0.0020981 0.0020981 0.0019953 0.0018415 0.0017903 0.0017903 0.0016367 0.0017902 0.0017903 0.0018928 0.0010207 0.0019953 0.0018414 0.0016878 0.0016364 0.0016878 0.0017902 0.0017902 0.0017390 0.0016364 0.0016364 0.0016877 0.0017390 0.0013291 0.0015852 0.0015852 0.0015852 0.0015340 0.0014315 0.0014315 0.0014828 0.0014828 0.0015340 0.0016877 0.0017390 0.0017390 0.0016364 0.0016365 0.0015852 0.0318089 0.0315267 0.0315346 0.0315364 0.0334419 0.0352382 0.0360178 0.0366113 1.3888201 1.3495357 
EBOV_H.sap-wt_GIN_14_Makona-Gueckedou-EM_079910_KR817221   1.9790010 1.9804174 1.8467221 1.8409003 1.8494649 0.0022513 0.0017903 0.0003061 0.0000000 0.0022008 0.0022008 0.0020984 0.0021498 0.0020469 0.0021496 0.0018417 0.0020469 0.0022006 0.0021493 0.0026119 0.0020979 0.0025086 0.0024060 0.0011751 0.0012263 0.0011750 0.0011756 0.0011241 0.0011241 0.0012774 0.0023039 0.0025086 0.0022519 0.0022004 0.0020466 0.0020466 0.0020467 0.0020982 0.0020469 0.0019440 0.0021493 0.0023032 0.0021494 0.0019953 0.0019953 0.0022007 0.0022007 0.0020978 0.0019440 0.0018928 0.0018928 0.0017391 0.0018927 0.0018928 0.0019953 0.0011239 0.0020978 0.0019439 0.0017902 0.0017389 0.0017902 0.0018927 0.0018927 0.0018415 0.0017389 0.0017389 0.0017902 0.0018415 0.0014315 0.0016877 0.0016876 0.0016876 0.0016364 0.0015339 0.0015339 0.0015852 0.0015852 0.0016364 0.0017902 0.0018415 0.0018415 0.0017389 0.0017389 0.0016876 0.0319194 0.0316371 0.0316450 0.0316468 0.0335528 0.0353496 0.0361294 0.0367231 1.3889955 1.3493894 
EBOV_H.sap-wt_GIN_15_Makona-Faranah-EM_004503_KR817102     1.9783181 1.9797339 1.8508934 1.8450510 1.8553168 0.0028178 0.0023560 0.0020982 0.0022008 0.0000000 0.0000010 0.0003061 0.0004081 0.0008675 0.0009697 0.0006633 0.0008675 0.0015333 0.0014821 0.0019437 0.0014309 0.0018407 0.0017383 0.0017394 0.0017906 0.0017392 0.0017401 0.0016884 0.0016884 0.0018418 0.0016362 0.0018407 0.0015846 0.0015332 0.0013797 0.0013797 0.0013798 0.0014311 0.0013799 0.0012774 0.0014822 0.0016358 0.0014823 0.0013285 0.0013285 0.0015334 0.0015334 0.0014309 0.0012773 0.0012262 0.0012262 0.0010728 0.0012261 0.0012262 0.0013285 0.0010731 0.0014308 0.0012773 0.0011229 0.0010718 0.0011229 0.0012261 0.0012261 0.0011750 0.0010718 0.0010718 0.0011229 0.0011750 0.0007654 0.0010207 0.0010207 0.0010207 0.0009697 0.0008675 0.0008675 0.0009186 0.0009186 0.0009697 0.0011229 0.0011750 0.0011750 0.0010718 0.0010718 0.0010207 0.0327239 0.0324408 0.0324489 0.0324507 0.0341381 0.0359394 0.0368333 0.0374288 1.3880175 1.3511071 
EBOV_H.sap-wt_GIN_15_Makona-Kissidougou-EM_004555_KR817103 1.9783181 1.9797339 1.8508934 1.8450510 1.8553168 0.0028178 0.0023560 0.0020982 0.0022008 0.0000010 0.0000000 0.0003061 0.0004081 0.0008675 0.0009697 0.0006633 0.0008675 0.0015333 0.0014821 0.0019437 0.0014309 0.0018407 0.0017383 0.0017394 0.0017906 0.0017392 0.0017401 0.0016884 0.0016884 0.0018418 0.0016362 0.0018407 0.0015846 0.0015332 0.0013797 0.0013797 0.0013798 0.0014311 0.0013799 0.0012774 0.0014822 0.0016358 0.0014823 0.0013285 0.0013285 0.0015334 0.0015334 0.0014309 0.0012773 0.0012262 0.0012262 0.0010728 0.0012261 0.0012262 0.0013285 0.0010731 0.0014308 0.0012773 0.0011229 0.0010718 0.0011229 0.0012261 0.0012261 0.0011750 0.0010718 0.0010718 0.0011229 0.0011750 0.0007654 0.0010207 0.0010207 0.0010207 0.0009697 0.0008675 0.0008675 0.0009186 0.0009186 0.0009697 0.0011229 0.0011750 0.0011750 0.0010718 0.0010718 0.0010207 0.0327239 0.0324408 0.0324489 0.0324507 0.0341381 0.0359394 0.0368333 0.0374288 1.3880175 1.3511071 
EBOV_H.sap-wt_LBR_14_Makona-Foya-EM_074353_KR817112        1.9783661 1.9797818 1.8507017 1.8448603 1.8551245 0.0026125 0.0022535 0.0019958 0.0020984 0.0003061 0.0003061 0.0000000 0.0002040 0.0007654 0.0008675 0.0005612 0.0007654 0.0014311 0.0013799 0.0018413 0.0013287 0.0017384 0.0016360 0.0016370 0.0016883 0.0016369 0.0016378 0.0015861 0.0015861 0.0017395 0.0015340 0.0017384 0.0014823 0.0014310 0.0012775 0.0012775 0.0012776 0.0013289 0.0012777 0.0011751 0.0013799 0.0015335 0.0013800 0.0012263 0.0012263 0.0014312 0.0014312 0.0013286 0.0011751 0.0011240 0.0011240 0.0009697 0.0011239 0.0011240 0.0012263 0.0009708 0.0013286 0.0011751 0.0010207 0.0009697 0.0010207 0.0011239 0.0011239 0.0010728 0.0009697 0.0009697 0.0010207 0.0010718 0.0006633 0.0009186 0.0009186 0.0009186 0.0008675 0.0007654 0.0007654 0.0008165 0.0008165 0.0008675 0.0010207 0.0010728 0.0010728 0.0009697 0.0009697 0.0009186 0.0326158 0.0323327 0.0323409 0.0323426 0.0340297 0.0358306 0.0367243 0.0373197 1.3883011 1.3517681 
EBOV_H.sap-wt_LBR_14_Makona-Foya-EM_074350_KR817109        1.9800547 1.9814722 1.8506929 1.8448514 1.8551158 0.0027668 0.0023050 0.0020472 0.0021498 0.0004081 0.0004081 0.0002040 0.0000000 0.0008675 0.0009697 0.0006633 0.0008675 0.0015337 0.0014825 0.0019441 0.0014312 0.0018412 0.0017387 0.0016883 0.0017396 0.0016882 0.0016891 0.0016374 0.0016374 0.0017908 0.0016366 0.0018412 0.0015850 0.0015336 0.0013800 0.0013800 0.0013801 0.0014315 0.0013802 0.0012777 0.0014825 0.0016362 0.0014826 0.0013288 0.0013288 0.0015338 0.0015338 0.0014312 0.0012776 0.0012265 0.0012265 0.0010731 0.0012264 0.0012265 0.0013289 0.0010220 0.0014312 0.0012776 0.0011241 0.0010729 0.0011241 0.0012264 0.0012264 0.0011753 0.0010729 0.0010729 0.0011241 0.0011753 0.0007654 0.0010218 0.0010218 0.0010218 0.0009697 0.0008675 0.0008675 0.0009186 0.0009186 0.0009697 0.0011241 0.0011753 0.0011753 0.0010729 0.0010729 0.0010218 0.0326732 0.0323901 0.0323983 0.0324000 0.0340874 0.0358887 0.0367826 0.0373782 1.3898303 1.3516242 
EBOV_H.sap-wt_GIN_14_Makona-Macenta-EM_076322_KR817145     1.9784189 1.9798346 1.8486650 1.8439010 1.8539701 0.0026636 0.0022020 0.0019444 0.0020469 0.0008675 0.0008675 0.0007654 0.0008675 0.0000000 0.0007144 0.0004081 0.0006123 0.0013798 0.0013286 0.0017899 0.0012774 0.0016870 0.0015847 0.0015856 0.0016369 0.0015855 0.0015863 0.0015347 0.0015347 0.0016880 0.0014826 0.0016870 0.0014310 0.0013797 0.0012262 0.0012262 0.0012263 0.0012776 0.0012264 0.0011229 0.0013286 0.0014822 0.0013287 0.0011750 0.0011750 0.0013798 0.0013798 0.0012773 0.0011229 0.0010718 0.0010718 0.0009186 0.0010718 0.0010718 0.0011751 0.0009186 0.0012773 0.0011229 0.0009697 0.0009186 0.0009697 0.0010718 0.0010718 0.0010207 0.0009186 0.0009186 0.0009697 0.0010207 0.0006123 0.0008675 0.0008675 0.0008675 0.0008165 0.0007144 0.0007144 0.0007654 0.0007654 0.0008165 0.0009697 0.0010207 0.0010207 0.0009186 0.0009186 0.0008675 0.0325569 0.0322739 0.0322820 0.0322838 0.0339705 0.0357709 0.0366645 0.0372597 1.3889487 1.3495433 
EBOV_H.sap-wt_LBR_14_Makona-Foya-EM_074720_KR817125        1.9789539 1.9803705 1.8484412 1.8426396 1.8528950 0.0027666 0.0023048 0.0020470 0.0021496 0.0009697 0.0009697 0.0008675 0.0009697 0.0007144 0.0000000 0.0003061 0.0005102 0.0014822 0.0014310 0.0018925 0.0013798 0.0017896 0.0016872 0.0016882 0.0017395 0.0016881 0.0016890 0.0016372 0.0016372 0.0017906 0.0015851 0.0017896 0.0015335 0.0014821 0.0013286 0.0013286 0.0013287 0.0013800 0.0013288 0.0012262 0.0014310 0.0015846 0.0014311 0.0012774 0.0012774 0.0014823 0.0014823 0.0013797 0.0012262 0.0011751 0.0011751 0.0010207 0.0011750 0.0011751 0.0012774 0.0010220 0.0013797 0.0012262 0.0010718 0.0010207 0.0010718 0.0011750 0.0011750 0.0011239 0.0010207 0.0010207 0.0010718 0.0011239 0.0007144 0.0009697 0.0009697 0.0009697 0.0009186 0.0008165 0.0008165 0.0008675 0.0008675 0.0009186 0.0010718 0.0011239 0.0011239 0.0010207 0.0010207 0.0009697 0.0326702 0.0323871 0.0323953 0.0323970 0.0340843 0.0358854 0.0367793 0.0373747 1.3882107 1.3517021 
EBOV_H.sap-wt_LBR_14_Makona-EM_080065_KR817232             1.9773331 1.9787478 1.8486988 1.8428634 1.8531200 0.0024581 0.0019966 0.0017392 0.0018417 0.0006633 0.0006633 0.0005612 0.0006633 0.0004081 0.0003061 0.0000000 0.0002040 0.0011750 0.0011239 0.0015849 0.0010718 0.0014822 0.0013798 0.0013807 0.0014319 0.0013805 0.0013813 0.0013297 0.0013297 0.0014830 0.0012778 0.0014822 0.0012262 0.0011750 0.0010207 0.0010207 0.0010207 0.0010729 0.0010207 0.0009186 0.0011239 0.0012774 0.0011240 0.0009697 0.0009697 0.0011751 0.0011751 0.0010718 0.0009186 0.0008675 0.0008675 0.0007144 0.0008675 0.0008675 0.0009697 0.0007144 0.0010718 0.0009186 0.0007654 0.0007144 0.0007654 0.0008675 0.0008675 0.0008165 0.0007144 0.0007144 0.0007654 0.0008165 0.0004081 0.0006633 0.0006633 0.0006633 0.0006123 0.0005102 0.0005102 0.0005612 0.0005612 0.0006123 0.0007654 0.0008165 0.0008165 0.0007144 0.0007144 0.0006633 0.0323333 0.0320505 0.0320586 0.0320604 0.0337461 0.0355452 0.0364383 0.0370331 1.3882632 1.3507327 
EBOV_H.sap-wt_GIN_14_Makona-Nzerekore-EM_074437_KR817117   1.9776075 1.9790224 1.8486910 1.8428556 1.8531121 0.0026636 0.0022019 0.0019443 0.0020469 0.0008675 0.0008675 0.0007654 0.0008675 0.0006123 0.0005102 0.0002040 0.0000000 0.0013797 0.0013286 0.0017899 0.0012773 0.0016870 0.0015846 0.0015856 0.0016368 0.0015855 0.0015863 0.0015346 0.0015346 0.0016880 0.0014826 0.0016870 0.0014310 0.0013797 0.0012262 0.0012262 0.0012262 0.0012775 0.0012264 0.0011229 0.0013286 0.0014821 0.0013287 0.0011750 0.0011750 0.0013798 0.0013798 0.0012773 0.0011229 0.0010718 0.0010718 0.0009186 0.0010718 0.0010718 0.0011750 0.0009186 0.0012773 0.0011229 0.0009697 0.0009186 0.0009697 0.0010718 0.0010718 0.0010207 0.0009186 0.0009186 0.0009697 0.0010207 0.0006123 0.0008675 0.0008675 0.0008675 0.0008165 0.0007144 0.0007144 0.0007654 0.0007654 0.0008165 0.0009697 0.0010207 0.0010207 0.0009186 0.0009186 0.0008675 0.0323926 0.0321097 0.0321178 0.0321196 0.0338581 0.0356578 0.0365511 0.0371461 1.3882856 1.3508660 
EBOV_H.sap-wt_SLE_14_Makona-J0128_KP759677                 1.9769574 1.9783714 1.8499840 1.8437072 1.8527636 0.0028175 0.0023557 0.0020980 0.0022006 0.0015333 0.0015333 0.0014311 0.0015337 0.0013798 0.0014822 0.0011750 0.0013797 0.0000000 0.0005612 0.0010207 0.0005102 0.0009186 0.0008165 0.0017392 0.0017904 0.0017390 0.0017399 0.0016882 0.0016882 0.0018416 0.0014312 0.0015332 0.0012773 0.0013283 0.0013795 0.0011740 0.0011740 0.0012262 0.0011751 0.0012772 0.0009697 0.0011229 0.0009697 0.0011229 0.0011229 0.0012262 0.0012262 0.0011229 0.0009697 0.0009186 0.0009186 0.0010718 0.0010207 0.0009186 0.0008165 0.0010729 0.0009186 0.0007654 0.0009186 0.0008675 0.0008165 0.0007144 0.0009186 0.0008675 0.0007654 0.0007654 0.0008165 0.0006633 0.0007654 0.0007144 0.0007144 0.0007144 0.0006633 0.0006633 0.0006633 0.0006123 0.0006123 0.0006633 0.0006123 0.0006633 0.0006633 0.0005612 0.0005612 0.0005102 0.0325556 0.0322726 0.0322807 0.0322825 0.0340809 0.0358818 0.0367755 0.0373709 1.3881059 1.3511387 
EBOV_H.sap-wt_SLE_14_Makona-Koinadugu-20143659_KR653256    1.9765138 1.9779275 1.8516712 1.8453861 1.8544522 0.0027661 0.0023044 0.0020467 0.0021493 0.0014821 0.0014821 0.0013799 0.0014825 0.0013286 0.0014310 0.0011239 0.0013286 0.0005612 0.0000000 0.0009697 0.0004592 0.0008675 0.0007654 0.0016879 0.0017392 0.0016878 0.0016887 0.0016370 0.0016370 0.0017904 0.0013800 0.0014820 0.0012261 0.0012772 0.0013284 0.0011229 0.0011229 0.0011751 0.0011239 0.0012261 0.0009186 0.0010718 0.0009186 0.0010718 0.0010718 0.0011750 0.0011750 0.0010718 0.0009186 0.0008675 0.0008675 0.0010207 0.0009697 0.0008675 0.0007654 0.0010218 0.0008675 0.0007144 0.0008675 0.0008165 0.0007654 0.0006633 0.0008675 0.0008165 0.0007144 0.0007144 0.0007654 0.0006123 0.0007144 0.0006633 0.0006633 0.0006633 0.0006123 0.0006123 0.0006123 0.0005612 0.0005612 0.0006123 0.0005612 0.0006123 0.0006123 0.0005102 0.0005102 0.0004592 0.0325535 0.0322706 0.0322787 0.0322805 0.0340787 0.0358795 0.0367732 0.0373686 1.3882252 1.3502268 
EBOV_H.sap-wt_SLE_14_Makona-PortLoko-J0083_KP759752        1.9769342 1.9783490 1.8503640 1.8440860 1.8531437 0.0032297 0.0027675 0.0025092 0.0026119 0.0019437 0.0019437 0.0018413 0.0019441 0.0017899 0.0018925 0.0015849 0.0017899 0.0010207 0.0009697 0.0000000 0.0005102 0.0005102 0.0004081 0.0021500 0.0022013 0.0021498 0.0021510 0.0020990 0.0020990 0.0022525 0.0018415 0.0019435 0.0016873 0.0017384 0.0017896 0.0015847 0.0015848 0.0016362 0.0015850 0.0016872 0.0013800 0.0015336 0.0013801 0.0015335 0.0015335 0.0016361 0.0016361 0.0015335 0.0013799 0.0013287 0.0013287 0.0014825 0.0014311 0.0013287 0.0012264 0.0014828 0.0013287 0.0011751 0.0013287 0.0012775 0.0012264 0.0011240 0.0013287 0.0012776 0.0011752 0.0011752 0.0012263 0.0010729 0.0011751 0.0011240 0.0011240 0.0011240 0.0010728 0.0010728 0.0010728 0.0010207 0.0010207 0.0010729 0.0010207 0.0010729 0.0010729 0.0009697 0.0009697 0.0009186 0.0329522 0.0326689 0.0326771 0.0326789 0.0344793 0.0361703 0.0371774 0.0377738 1.3885832 1.3513787 
EBOV_H.sap-wt_SLE_14_Makona-PortLoko-20140024_KR653252     1.9775295 1.9789443 1.8507875 1.8445068 1.8535678 0.0027146 0.0022530 0.0019954 0.0020979 0.0014309 0.0014309 0.0013287 0.0014312 0.0012774 0.0013798 0.0010718 0.0012773 0.0005102 0.0004592 0.0005102 0.0000000 0.0004081 0.0003061 0.0016366 0.0016879 0.0016365 0.0016374 0.0015857 0.0015857 0.0017390 0.0013288 0.0014308 0.0011740 0.0012251 0.0012771 0.0010718 0.0010718 0.0011229 0.0010718 0.0011740 0.0008675 0.0010207 0.0008675 0.0010207 0.0010207 0.0011229 0.0011229 0.0010207 0.0008675 0.0008165 0.0008165 0.0009697 0.0009186 0.0008165 0.0007144 0.0009697 0.0008165 0.0006633 0.0008165 0.0007654 0.0007144 0.0006123 0.0008165 0.0007654 0.0006633 0.0006633 0.0007144 0.0005612 0.0006633 0.0006123 0.0006123 0.0006123 0.0005612 0.0005612 0.0005612 0.0005102 0.0005102 0.0005612 0.0005102 0.0005612 0.0005612 0.0004592 0.0004592 0.0004081 0.0324962 0.0322133 0.0322214 0.0322232 0.0340211 0.0358215 0.0367150 0.0373103 1.3878478 1.3509484 
EBOV_H.sap-wt_SLE_14_Makona-J0119_KP759667                 1.9764942 1.9779083 1.8494438 1.8431702 1.8522228 0.0031261 0.0026640 0.0024060 0.0025086 0.0018407 0.0018407 0.0017384 0.0018412 0.0016870 0.0017896 0.0014822 0.0016870 0.0009186 0.0008675 0.0005102 0.0004081 0.0000000 0.0003061 0.0020469 0.0020982 0.0020467 0.0020478 0.0019959 0.0019959 0.0021494 0.0017386 0.0018406 0.0015845 0.0016355 0.0016867 0.0014820 0.0014821 0.0015334 0.0014822 0.0015844 0.0012773 0.0014308 0.0012774 0.0014308 0.0014308 0.0015333 0.0015333 0.0014307 0.0012772 0.0012261 0.0012261 0.0013797 0.0013284 0.0012261 0.0011229 0.0013800 0.0012251 0.0010718 0.0012261 0.0011740 0.0011229 0.0010207 0.0012251 0.0011740 0.0010718 0.0010718 0.0011229 0.0009697 0.0010718 0.0010207 0.0010207 0.0010207 0.0009697 0.0009697 0.0009697 0.0009186 0.0009186 0.0009697 0.0009186 0.0009697 0.0009697 0.0008675 0.0008675 0.0008165 0.0329442 0.0326610 0.0326692 0.0326710 0.0344710 0.0362740 0.0371685 0.0377647 1.3893641 1.3515740 
EBOV_H.sap-wt_SLE_14_Makona-J0158_KP759700                 1.9778665 1.9792819 1.8522979 1.8460115 1.8550786 0.0030234 0.0025614 0.0023034 0.0024060 0.0017383 0.0017383 0.0016360 0.0017387 0.0015847 0.0016872 0.0013798 0.0015846 0.0008165 0.0007654 0.0004081 0.0003061 0.0003061 0.0000000 0.0019444 0.0019957 0.0019442 0.0019453 0.0018935 0.0018935 0.0020469 0.0016362 0.0017382 0.0014821 0.0015332 0.0015844 0.0013797 0.0013797 0.0014311 0.0013799 0.0014820 0.0011750 0.0013285 0.0011751 0.0013285 0.0013285 0.0014310 0.0014310 0.0013285 0.0011750 0.0011229 0.0011229 0.0012774 0.0012261 0.0011229 0.0010207 0.0012777 0.0011229 0.0009697 0.0011229 0.0010718 0.0010207 0.0009186 0.0011229 0.0010718 0.0009697 0.0009697 0.0010207 0.0008675 0.0009697 0.0009186 0.0009186 0.0009186 0.0008675 0.0008675 0.0008675 0.0008165 0.0008165 0.0008675 0.0008165 0.0008675 0.0008675 0.0007654 0.0007654 0.0007144 0.0328345 0.0325513 0.0325595 0.0325613 0.0343610 0.0361635 0.0370577 0.0376537 1.3884955 1.3504689 
EBOV_H.sap-tc_GIN_14_Makona-Gueckedou-C05_KP096420         1.9792453 1.9806620 1.8481640 1.8403694 1.8491593 0.0017900 0.0013293 0.0010718 0.0011751 0.0017394 0.0017394 0.0016370 0.0016883 0.0015856 0.0016882 0.0013807 0.0015856 0.0017392 0.0016879 0.0021500 0.0016366 0.0020469 0.0019444 0.0000000 0.0000510 0.0005102 0.0005102 0.0004592 0.0004592 0.0008165 0.0018422 0.0020469 0.0017905 0.0017391 0.0015853 0.0015854 0.0015855 0.0016369 0.0015856 0.0014829 0.0016879 0.0018417 0.0016881 0.0015341 0.0015341 0.0017393 0.0017393 0.0016366 0.0014829 0.0014317 0.0014317 0.0012782 0.0014316 0.0014317 0.0015342 0.0006633 0.0016365 0.0014828 0.0013293 0.0012780 0.0013293 0.0014316 0.0014316 0.0013805 0.0012780 0.0012780 0.0013292 0.0013804 0.0009709 0.0012268 0.0012268 0.0012268 0.0011756 0.0010733 0.0010733 0.0011244 0.0011244 0.0011756 0.0013292 0.0013805 0.0013805 0.0012780 0.0012780 0.0012268 0.0313628 0.0310809 0.0310887 0.0310905 0.0328824 0.0346755 0.0355664 0.0361589 1.3879222 1.3515799 
EBOV_H.sap-wt_GIN_14_Makona-Kissidougou-C15_KT013254       1.9789971 1.9804137 1.8484652 1.8406695 1.8494602 0.0018413 0.0013805 0.0011240 0.0012263 0.0017906 0.0017906 0.0016883 0.0017396 0.0016369 0.0017395 0.0014319 0.0016368 0.0017904 0.0017392 0.0022013 0.0016879 0.0020982 0.0019957 0.0000510 0.0000000 0.0005612 0.0005612 0.0005102 0.0005102 0.0008675 0.0018935 0.0020982 0.0018418 0.0017903 0.0016366 0.0016366 0.0016367 0.0016881 0.0016369 0.0015342 0.0017392 0.0018930 0.0017393 0.0015854 0.0015854 0.0017906 0.0017906 0.0016878 0.0015341 0.0014829 0.0014829 0.0013294 0.0014829 0.0014829 0.0015854 0.0007144 0.0016878 0.0015341 0.0013805 0.0013292 0.0013805 0.0014829 0.0014829 0.0014317 0.0013292 0.0013292 0.0013804 0.0014317 0.0010221 0.0012780 0.0012780 0.0012780 0.0012268 0.0011244 0.0011244 0.0011756 0.0011756 0.0012268 0.0013804 0.0014317 0.0014317 0.0013292 0.0013292 0.0012780 0.0314187 0.0311368 0.0311446 0.0311463 0.0329386 0.0347320 0.0356230 0.0362156 1.3877511 1.3515875 
EBOV_H.sap-wt_GIN_14_Makona-Macenta-EM_079422_KR817187     1.9760447 1.9774588 1.8463050 1.8404831 1.8492745 0.0017898 0.0013292 0.0010718 0.0011750 0.0017392 0.0017392 0.0016369 0.0016882 0.0015855 0.0016881 0.0013805 0.0015855 0.0017390 0.0016878 0.0021498 0.0016365 0.0020467 0.0019442 0.0005102 0.0005612 0.0000000 0.0005102 0.0004592 0.0004592 0.0008165 0.0018421 0.0020467 0.0017903 0.0017389 0.0015852 0.0015853 0.0015853 0.0016367 0.0015855 0.0014828 0.0016878 0.0018416 0.0016879 0.0015340 0.0015340 0.0017391 0.0017391 0.0016364 0.0014828 0.0014316 0.0014316 0.0012781 0.0014315 0.0014316 0.0015340 0.0006633 0.0016364 0.0014827 0.0013292 0.0012779 0.0013292 0.0014315 0.0014315 0.0013804 0.0012779 0.0012779 0.0013291 0.0013803 0.0009708 0.0012267 0.0012267 0.0012267 0.0011755 0.0010732 0.0010732 0.0011244 0.0011244 0.0011756 0.0013291 0.0013804 0.0013804 0.0012779 0.0012779 0.0012267 0.0313601 0.0310782 0.0310860 0.0310877 0.0328795 0.0346724 0.0355632 0.0361557 1.3879440 1.3500708 
EBOV_H.sap-wt_GIN_14_Makona-Macenta-EM_079424_KR817189     1.9763390 1.9777527 1.8485125 1.8426798 1.8514840 0.0017908 0.0013299 0.0010733 0.0011756 0.0017401 0.0017401 0.0016378 0.0016891 0.0015863 0.0016890 0.0013813 0.0015863 0.0017399 0.0016887 0.0021510 0.0016374 0.0020478 0.0019453 0.0005102 0.0005612 0.0005102 0.0000000 0.0004592 0.0004592 0.0008175 0.0018431 0.0020478 0.0017913 0.0017398 0.0015861 0.0015861 0.0015862 0.0016376 0.0015863 0.0014836 0.0016887 0.0018426 0.0016888 0.0015348 0.0015348 0.0017401 0.0017401 0.0016373 0.0014836 0.0014323 0.0014323 0.0012788 0.0014323 0.0014323 0.0015349 0.0006633 0.0016373 0.0014835 0.0013299 0.0012786 0.0013299 0.0014323 0.0014323 0.0013811 0.0012786 0.0012786 0.0013298 0.0013811 0.0009714 0.0012274 0.0012274 0.0012274 0.0011762 0.0010738 0.0010738 0.0011250 0.0011250 0.0011762 0.0013298 0.0013811 0.0013811 0.0012786 0.0012786 0.0012274 0.0313760 0.0310940 0.0311018 0.0310440 0.0328361 0.0346293 0.0355203 0.0361129 1.3887938 1.3501852 
EBOV_H.sap-tc_GIN_14_Makona-Gueckedou-C07_KP096421         1.9765562 1.9779706 1.8477597 1.8402778 1.8492620 0.0017391 0.0012783 0.0010218 0.0011241 0.0016884 0.0016884 0.0015861 0.0016374 0.0015347 0.0016372 0.0013297 0.0015346 0.0016882 0.0016370 0.0020990 0.0015857 0.0019959 0.0018935 0.0004592 0.0005102 0.0004592 0.0004592 0.0000000 0.0000010 0.0007654 0.0017913 0.0019960 0.0017395 0.0016881 0.0015344 0.0015344 0.0015345 0.0015859 0.0015346 0.0014320 0.0016370 0.0017908 0.0016371 0.0014832 0.0014832 0.0016883 0.0016883 0.0015856 0.0014319 0.0013807 0.0013807 0.0012272 0.0013807 0.0013807 0.0014832 0.0006123 0.0015856 0.0014319 0.0012783 0.0012270 0.0012783 0.0013807 0.0013807 0.0013295 0.0012270 0.0012270 0.0012782 0.0013295 0.0009199 0.0011759 0.0011758 0.0011758 0.0011246 0.0010223 0.0010223 0.0010735 0.0010735 0.0011247 0.0012782 0.0013295 0.0013295 0.0012270 0.0012270 0.0011758 0.0313129 0.0310311 0.0310389 0.0310406 0.0328326 0.0346257 0.0355166 0.0361092 1.3899160 1.3500284 
EBOV_H.sap-wt_GIN_14_Makona-Gueckedou-C07_KT013256         1.9765562 1.9779706 1.8477597 1.8402778 1.8492620 0.0017391 0.0012783 0.0010218 0.0011241 0.0016884 0.0016884 0.0015861 0.0016374 0.0015347 0.0016372 0.0013297 0.0015346 0.0016882 0.0016370 0.0020990 0.0015857 0.0019959 0.0018935 0.0004592 0.0005102 0.0004592 0.0004592 0.0000010 0.0000000 0.0007654 0.0017913 0.0019960 0.0017395 0.0016881 0.0015344 0.0015344 0.0015345 0.0015859 0.0015346 0.0014320 0.0016370 0.0017908 0.0016371 0.0014832 0.0014832 0.0016883 0.0016883 0.0015856 0.0014319 0.0013807 0.0013807 0.0012272 0.0013807 0.0013807 0.0014832 0.0006123 0.0015856 0.0014319 0.0012783 0.0012270 0.0012783 0.0013807 0.0013807 0.0013295 0.0012270 0.0012270 0.0012782 0.0013295 0.0009199 0.0011759 0.0011758 0.0011758 0.0011246 0.0010223 0.0010223 0.0010735 0.0010735 0.0011247 0.0012782 0.0013295 0.0013295 0.0012270 0.0012270 0.0011758 0.0313129 0.0310311 0.0310389 0.0310406 0.0328326 0.0346257 0.0355166 0.0361092 1.3899160 1.3500284 
EBOV_H.sap-wt_GIN_14_Makona-Gueckedou-EM_079702_KR817210   1.9770576 1.9784722 1.8464594 1.8406358 1.8492363 0.0013797 0.0011241 0.0011751 0.0012774 0.0018418 0.0018418 0.0017395 0.0017908 0.0016880 0.0017906 0.0014830 0.0016880 0.0018416 0.0017904 0.0022525 0.0017390 0.0021494 0.0020469 0.0008165 0.0008675 0.0008165 0.0008175 0.0007654 0.0007654 0.0000000 0.0019447 0.0021494 0.0018929 0.0018415 0.0016878 0.0015853 0.0016879 0.0017393 0.0016880 0.0015853 0.0017904 0.0019442 0.0017905 0.0016365 0.0016365 0.0018417 0.0018417 0.0017390 0.0015853 0.0015341 0.0015341 0.0013805 0.0015340 0.0015341 0.0016366 0.0007654 0.0017390 0.0015852 0.0014316 0.0013804 0.0014316 0.0015340 0.0015340 0.0014828 0.0013804 0.0013804 0.0014316 0.0014828 0.0010732 0.0013292 0.0013291 0.0013291 0.0012779 0.0011756 0.0011756 0.0012268 0.0012268 0.0012780 0.0014316 0.0014829 0.0014829 0.0013803 0.0013804 0.0013291 0.0316500 0.0313678 0.0313757 0.0313774 0.0331711 0.0349662 0.0358579 0.0364512 1.3893337 1.3487557 
EBOV_H.sap-wt_SLE_14_Makona-Kailahun-20140517_KR653263     1.9785009 1.9799164 1.8492841 1.8434466 1.8520635 0.0029212 0.0024592 0.0022013 0.0023039 0.0016362 0.0016362 0.0015340 0.0016366 0.0014826 0.0015851 0.0012778 0.0014826 0.0014312 0.0013800 0.0018415 0.0013288 0.0017386 0.0016362 0.0018422 0.0018935 0.0018421 0.0018431 0.0017913 0.0017913 0.0019447 0.0000000 0.0017386 0.0014825 0.0014311 0.0014823 0.0012776 0.0011753 0.0013290 0.0012778 0.0013800 0.0013800 0.0015336 0.0013801 0.0012264 0.0012264 0.0014313 0.0014313 0.0013287 0.0011752 0.0011241 0.0011241 0.0011754 0.0011240 0.0011241 0.0012264 0.0011756 0.0013287 0.0011752 0.0010218 0.0009697 0.0010218 0.0011240 0.0011240 0.0010729 0.0009697 0.0009697 0.0010207 0.0010729 0.0008675 0.0009186 0.0009186 0.0009186 0.0008675 0.0007654 0.0007654 0.0008165 0.0008165 0.0008675 0.0010207 0.0010729 0.0010729 0.0009697 0.0009697 0.0009186 0.0328418 0.0325586 0.0325668 0.0325686 0.0341445 0.0359461 0.0368402 0.0374358 1.3891465 1.3504706 
EBOV_H.sap-wt_SLE_14_Makona-J0150_KP759696                 1.9760989 1.9775120 1.8475674 1.8419329 1.8508515 0.0031261 0.0026640 0.0024060 0.0025086 0.0018407 0.0018407 0.0017384 0.0018412 0.0016870 0.0017896 0.0014822 0.0016870 0.0015332 0.0014820 0.0019435 0.0014308 0.0018406 0.0017382 0.0020469 0.0020982 0.0020467 0.0020478 0.0019960 0.0019960 0.0021494 0.0017386 0.0000000 0.0015845 0.0016355 0.0016868 0.0014820 0.0014821 0.0015334 0.0014822 0.0015844 0.0014820 0.0016357 0.0014821 0.0014308 0.0014308 0.0010207 0.0010207 0.0014308 0.0007654 0.0007144 0.0007144 0.0013797 0.0013284 0.0012261 0.0013285 0.0013800 0.0014307 0.0012772 0.0012261 0.0011740 0.0011229 0.0012261 0.0012261 0.0011740 0.0010718 0.0010718 0.0011229 0.0011740 0.0010718 0.0010207 0.0010207 0.0010207 0.0009697 0.0009697 0.0009697 0.0009186 0.0009186 0.0009697 0.0011229 0.0011740 0.0011740 0.0010718 0.0010718 0.0010207 0.0328923 0.0325559 0.0326172 0.0326190 0.0342613 0.0361163 0.0369581 0.0375541 1.3892628 1.3518275 
EBOV_H.sap-wt_SLE_14_Makona-G5640_1_KR105313               1.9783858 1.9798012 1.8512832 1.8456317 1.8544072 0.0028690 0.0024071 0.0021494 0.0022519 0.0015846 0.0015846 0.0014823 0.0015850 0.0014310 0.0015335 0.0012262 0.0014310 0.0012773 0.0012261 0.0016873 0.0011740 0.0015845 0.0014821 0.0017905 0.0018418 0.0017903 0.0017913 0.0017395 0.0017395 0.0018929 0.0014825 0.0015845 0.0000000 0.0013796 0.0014307 0.0012261 0.0012262 0.0012775 0.0012263 0.0013284 0.0012261 0.0013797 0.0012262 0.0011740 0.0011740 0.0012774 0.0012774 0.0011740 0.0010207 0.0009697 0.0009697 0.0011229 0.0010718 0.0009697 0.0010718 0.0011241 0.0011740 0.0010207 0.0009697 0.0009186 0.0008675 0.0009697 0.0009697 0.0009186 0.0008165 0.0008165 0.0008675 0.0009186 0.0008165 0.0007654 0.0007654 0.0007654 0.0007144 0.0007144 0.0007144 0.0006633 0.0006633 0.0007144 0.0008675 0.0009186 0.0009186 0.0008165 0.0008165 0.0007654 0.0327769 0.0324938 0.0325020 0.0325038 0.0341912 0.0359927 0.0368866 0.0374822 1.3905124 1.3527353 
EBOV_H.sap-wt_GIN_14_Makona-Beyla-EM_075931_KR817138       1.9787156 1.9801309 1.8506310 1.8444011 1.8532178 0.0028173 0.0023556 0.0020979 0.0022004 0.0015332 0.0015332 0.0014310 0.0015336 0.0013797 0.0014821 0.0011750 0.0013797 0.0013283 0.0012772 0.0017384 0.0012251 0.0016355 0.0015332 0.0017391 0.0017903 0.0017389 0.0017398 0.0016881 0.0016881 0.0018415 0.0014311 0.0016355 0.0013796 0.0000000 0.0013794 0.0010718 0.0011740 0.0009186 0.0011750 0.0012761 0.0012772 0.0014307 0.0012773 0.0008165 0.0008165 0.0013284 0.0013284 0.0012251 0.0010718 0.0010207 0.0010207 0.0010718 0.0007144 0.0010207 0.0011229 0.0010729 0.0012251 0.0010718 0.0006123 0.0008675 0.0009186 0.0010207 0.0010207 0.0009697 0.0008675 0.0008675 0.0009186 0.0009697 0.0007654 0.0008165 0.0008165 0.0008165 0.0007654 0.0006633 0.0006633 0.0007144 0.0007144 0.0007654 0.0009186 0.0009697 0.0009697 0.0008675 0.0008675 0.0008165 0.0327179 0.0324349 0.0324430 0.0324448 0.0341319 0.0358733 0.0367668 0.0373621 1.3892539 1.3531560 
EBOV_H.sap-wt_GIN_14_Makona-Gueckedou-EM_076138_KR817140   1.9783728 1.9797886 1.8494891 1.8436495 1.8522693 0.0026632 0.0022016 0.0019440 0.0020466 0.0013797 0.0013797 0.0012775 0.0013800 0.0012262 0.0013286 0.0010207 0.0012262 0.0013795 0.0013284 0.0017896 0.0012771 0.0016867 0.0015844 0.0015853 0.0016366 0.0015852 0.0015861 0.0015344 0.0015344 0.0016878 0.0014823 0.0016868 0.0014307 0.0013794 0.0000000 0.0012251 0.0012261 0.0012773 0.0012262 0.0011229 0.0013284 0.0014819 0.0013285 0.0011740 0.0011740 0.0013796 0.0013796 0.0012761 0.0011229 0.0010718 0.0010718 0.0009186 0.0010718 0.0010718 0.0011740 0.0009186 0.0012761 0.0011229 0.0009697 0.0009186 0.0009697 0.0010718 0.0010718 0.0010207 0.0009186 0.0009186 0.0009697 0.0010207 0.0006123 0.0008675 0.0008675 0.0008675 0.0008165 0.0007144 0.0007144 0.0007654 0.0007654 0.0008165 0.0009697 0.0010207 0.0010207 0.0009186 0.0009186 0.0008675 0.0324378 0.0321550 0.0321631 0.0321649 0.0338507 0.0356500 0.0365431 0.0371379 1.3882867 1.3525426 
EBOV_H.sap-wt_LBR_14_Makona-LIBR0505_KR006957              1.9799884 1.9814055 1.8508193 1.8454124 1.8541309 0.0026633 0.0022016 0.0019441 0.0020466 0.0013797 0.0013797 0.0012775 0.0013800 0.0012262 0.0013286 0.0010207 0.0012262 0.0011740 0.0011229 0.0015847 0.0010718 0.0014820 0.0013797 0.0015854 0.0016366 0.0015853 0.0015861 0.0015344 0.0015344 0.0015853 0.0012776 0.0014820 0.0012261 0.0010718 0.0012251 0.0000000 0.0010207 0.0009697 0.0010207 0.0011229 0.0011229 0.0012772 0.0011229 0.0008675 0.0008675 0.0011750 0.0011750 0.0010718 0.0009186 0.0008675 0.0008675 0.0009186 0.0007654 0.0008675 0.0009697 0.0009186 0.0010718 0.0009186 0.0006633 0.0007144 0.0007654 0.0008675 0.0007654 0.0008165 0.0007144 0.0007144 0.0007654 0.0008165 0.0006123 0.0006633 0.0006633 0.0006633 0.0006123 0.0005102 0.0005102 0.0005612 0.0005612 0.0006123 0.0007654 0.0008165 0.0008165 0.0007144 0.0007144 0.0006633 0.0325520 0.0322691 0.0322772 0.0322790 0.0339654 0.0357655 0.0366589 0.0372540 1.3893684 1.3516416 
EBOV_H.sap-wt_SLE_14_Makona-G4973_1_KR105286               1.9783706 1.9797859 1.8520527 1.8462056 1.8548327 0.0026634 0.0022017 0.0019442 0.0020467 0.0013798 0.0013798 0.0012776 0.0013801 0.0012263 0.0013287 0.0010207 0.0012262 0.0011740 0.0011229 0.0015848 0.0010718 0.0014821 0.0013797 0.0015855 0.0016367 0.0015853 0.0015862 0.0015345 0.0015345 0.0016879 0.0011753 0.0014821 0.0012262 0.0011740 0.0012261 0.0010207 0.0000000 0.0010718 0.0010207 0.0011229 0.0011229 0.0012773 0.0011239 0.0009697 0.0009697 0.0011750 0.0011750 0.0010718 0.0009186 0.0008675 0.0008675 0.0009186 0.0008675 0.0008675 0.0009697 0.0009186 0.0010718 0.0009186 0.0007654 0.0007144 0.0007654 0.0008675 0.0008675 0.0008165 0.0007144 0.0007144 0.0007654 0.0008165 0.0006123 0.0006633 0.0006633 0.0006633 0.0006123 0.0005102 0.0005102 0.0005612 0.0005612 0.0006123 0.0007654 0.0008165 0.0008165 0.0007144 0.0007144 0.0006633 0.0325540 0.0322710 0.0322791 0.0322809 0.0339674 0.0356553 0.0365486 0.0370308 1.3885231 1.3511248 
EBOV_H.sap-wt_GIN_14_Makona-Kankan-EM_078639_KR817166      1.9796302 1.9810477 1.8511301 1.8450938 1.8537162 0.0027150 0.0022533 0.0019957 0.0020982 0.0014311 0.0014311 0.0013289 0.0014315 0.0012776 0.0013800 0.0010729 0.0012775 0.0012262 0.0011751 0.0016362 0.0011229 0.0015334 0.0014311 0.0016369 0.0016881 0.0016367 0.0016376 0.0015859 0.0015859 0.0017393 0.0013290 0.0015334 0.0012775 0.0009186 0.0012773 0.0009697 0.0010718 0.0000000 0.0010729 0.0011750 0.0011751 0.0013286 0.0011752 0.0007144 0.0007144 0.0012263 0.0012263 0.0011229 0.0009697 0.0009186 0.0009186 0.0009697 0.0005102 0.0009186 0.0010207 0.0009708 0.0011229 0.0009697 0.0005102 0.0007654 0.0008165 0.0009186 0.0009186 0.0008675 0.0007654 0.0007654 0.0008165 0.0008675 0.0006633 0.0007144 0.0007144 0.0007144 0.0006633 0.0005612 0.0005612 0.0006123 0.0006123 0.0006633 0.0008165 0.0008675 0.0008675 0.0007654 0.0007654 0.0007144 0.0325669 0.0322838 0.0322920 0.0322937 0.0339809 0.0357818 0.0366756 0.0372710 1.3899271 1.3531970 
EBOV_H.sap-wt_LBR_15_Makona-Liberia-DQE6_KR075000          1.9779713 1.9793863 1.8502859 1.8444468 1.8525244 0.0026636 0.0022019 0.0019444 0.0020469 0.0013799 0.0013799 0.0012777 0.0013802 0.0012264 0.0013288 0.0010207 0.0012264 0.0011751 0.0011239 0.0015850 0.0010718 0.0014822 0.0013799 0.0015856 0.0016369 0.0015855 0.0015863 0.0015346 0.0015346 0.0016880 0.0012778 0.0014822 0.0012263 0.0011750 0.0012262 0.0010207 0.0010207 0.0010729 0.0000000 0.0011229 0.0011239 0.0012774 0.0011240 0.0009697 0.0009697 0.0011751 0.0011751 0.0010718 0.0009186 0.0008675 0.0008675 0.0009186 0.0008675 0.0008675 0.0009697 0.0009186 0.0010718 0.0009186 0.0007654 0.0007144 0.0007654 0.0008675 0.0008675 0.0008165 0.0007144 0.0007144 0.0007654 0.0008165 0.0006123 0.0006633 0.0006633 0.0006633 0.0006123 0.0005102 0.0005102 0.0005612 0.0005612 0.0006123 0.0007654 0.0008165 0.0008165 0.0007144 0.0007144 0.0006633 0.0325570 0.0322740 0.0322822 0.0322839 0.0339706 0.0357710 0.0366646 0.0372598 1.3895901 1.3528730 
