94
EBOV_H.sap-wt_GIN_14_Makona-Gueckedou-EM_079750_KR817213   0.0000000 0.0005123 0.0019533 0.0024177 0.0023655 0.0021593 0.0020047 0.0021078 0.0021078 0.0018492 0.0023651 0.0025198 0.0025198 0.0015920 0.0022104 0.0024681 0.0015402 0.0015916 0.0024174 0.0022621 0.0014890 0.0015405 0.0015919 0.0011288 0.0021077 0.0023154 0.0023650 0.0023173 0.0021587 0.0020039 0.0021073 0.0021074 0.0021077 0.0020040 0.0019537 0.0020557 0.0022111 0.0020044 0.0021593 0.0020042 0.0021589 0.0020042 0.0020560 0.0021599 0.0021599 0.0021083 0.0021083 0.0019009 0.0021588 0.0020045 0.0020039 0.0021078 0.0019527 0.0020048 0.0019532 0.0018494 0.0019525 0.0020557 0.0019011 0.0019011 0.0019011 0.0019018 0.0019009 0.0014891 0.0020042 0.0020042 0.0018499 0.0018496 0.0018497 0.0018496 0.0017472 0.0017981 0.0017466 0.0017466 0.0017464 0.0017464 0.0016434 0.0016434 0.0016949 0.0334745 0.0333277 0.0330197 0.0329635 0.0332486 0.0364484 0.0366848 0.0376789 1.3876317 1.4070398 1.9045473 1.9047879 1.8645015 1.8638824 1.8862903 
EBOV_H.sap-wt_GIN_14_Makona-Gueckedou-EM_079910_KR817221   0.0005123 0.0000000 0.0017468 0.0022108 0.0021588 0.0019526 0.0017981 0.0019012 0.0019012 0.0016429 0.0021584 0.0023130 0.0023130 0.0013859 0.0020038 0.0022613 0.0013342 0.0013856 0.0022105 0.0020554 0.0012830 0.0013344 0.0013858 0.0009224 0.0019011 0.0021085 0.0021583 0.0021103 0.0019521 0.0017975 0.0019007 0.0019009 0.0019012 0.0017976 0.0017472 0.0018492 0.0020044 0.0017979 0.0019526 0.0017978 0.0019523 0.0017977 0.0018494 0.0019532 0.0019532 0.0019017 0.0019017 0.0016946 0.0019522 0.0017980 0.0017975 0.0019012 0.0017463 0.0017983 0.0017468 0.0016431 0.0017461 0.0018492 0.0016948 0.0016947 0.0016947 0.0016953 0.0016946 0.0012830 0.0017977 0.0017977 0.0016435 0.0016433 0.0016433 0.0016433 0.0015408 0.0015918 0.0015404 0.0015404 0.0015402 0.0015401 0.0014373 0.0014373 0.0014887 0.0332412 0.0330944 0.0327868 0.0327307 0.0329625 0.0362725 0.0365088 0.0375022 1.3873598 1.4067796 1.9065627 1.9068036 1.8684760 1.8678632 1.8903176 
EBOV_H.sap-wt_GIN_14_Makona-Gueckedou-EM_080076_KR817235   0.0019533 0.0017468 0.0000000 0.0021089 0.0020568 0.0018506 0.0016961 0.0017992 0.0017992 0.0014376 0.0020051 0.0022111 0.0022111 0.0011806 0.0019018 0.0021594 0.0013349 0.0013863 0.0021086 0.0019535 0.0012837 0.0013352 0.0013865 0.0009237 0.0017991 0.0020065 0.0020564 0.0019565 0.0018502 0.0016955 0.0017988 0.0017989 0.0017992 0.0016442 0.0016451 0.0017472 0.0019024 0.0016959 0.0018507 0.0016958 0.0018503 0.0016957 0.0017474 0.0018512 0.0018512 0.0017997 0.0017997 0.0015925 0.0018502 0.0016960 0.0016955 0.0017992 0.0016443 0.0016962 0.0016447 0.0015410 0.0016441 0.0017472 0.0015927 0.0015927 0.0015927 0.0015933 0.0015926 0.0011809 0.0016957 0.0016957 0.0015414 0.0015412 0.0015413 0.0015412 0.0014387 0.0014897 0.0014383 0.0014383 0.0014381 0.0014381 0.0013352 0.0013352 0.0013866 0.0335980 0.0334512 0.0331430 0.0330868 0.0334241 0.0366252 0.0369758 0.0379709 1.3882455 1.4035112 1.9098125 1.9100537 1.8681988 1.8671793 1.8896208 
EBOV_H.sap-wt_GIN_14_Makona-Kankan-EM_078639_KR817166      0.0024177 0.0022108 0.0021089 0.0000000 0.0009737 0.0007686 0.0006148 0.0007173 0.0007173 0.0021078 0.0014894 0.0016438 0.0016438 0.0018502 0.0013350 0.0015922 0.0017983 0.0018498 0.0015413 0.0013866 0.0017471 0.0017987 0.0018501 0.0013865 0.0010264 0.0014391 0.0014893 0.0014403 0.0012835 0.0011292 0.0012322 0.0012322 0.0012324 0.0011292 0.0010785 0.0011807 0.0013354 0.0011294 0.0012838 0.0011293 0.0012836 0.0011293 0.0011809 0.0012842 0.0012842 0.0012328 0.0012328 0.0010264 0.0012836 0.0011295 0.0011292 0.0012324 0.0010779 0.0011807 0.0011293 0.0009750 0.0010778 0.0011807 0.0010265 0.0010265 0.0010265 0.0010269 0.0010264 0.0009236 0.0011293 0.0011293 0.0009752 0.0009751 0.0009751 0.0009751 0.0009237 0.0009237 0.0008723 0.0008723 0.0008723 0.0008722 0.0007686 0.0007686 0.0008199 0.0338855 0.0337388 0.0334300 0.0333738 0.0337114 0.0370297 0.0372666 0.0382627 1.3912755 1.4037966 1.9131938 1.9134354 1.8682627 1.8679440 1.8904132 
EBOV_H.sap-wt_GIN_14_Makona-Beyla-EM_075931_KR817138       0.0023655 0.0021588 0.0020568 0.0009737 0.0000000 0.0007173 0.0005636 0.0006661 0.0006661 0.0020557 0.0014376 0.0015919 0.0015919 0.0017983 0.0012833 0.0015404 0.0017464 0.0017979 0.0014895 0.0013348 0.0016952 0.0017467 0.0017981 0.0013347 0.0009748 0.0013873 0.0014375 0.0013884 0.0012318 0.0010775 0.0011805 0.0011805 0.0011807 0.0010775 0.0010268 0.0011290 0.0012837 0.0010778 0.0012321 0.0010777 0.0012319 0.0010776 0.0011292 0.0012325 0.0012325 0.0011810 0.0011810 0.0009748 0.0012318 0.0010778 0.0010775 0.0011807 0.0010263 0.0011290 0.0010776 0.0009224 0.0010262 0.0011290 0.0009749 0.0009749 0.0009749 0.0009752 0.0009748 0.0008711 0.0010776 0.0010776 0.0009236 0.0009235 0.0009235 0.0009235 0.0008711 0.0008711 0.0008199 0.0008199 0.0008199 0.0008199 0.0007173 0.0007173 0.0007686 0.0338210 0.0336742 0.0333657 0.0333094 0.0336469 0.0368505 0.0372007 0.0381965 1.3894018 1.4005952 1.9117261 1.9119675 1.8689946 1.8686770 1.8909398 
EBOV_H.sap-wt_GIN_14_Makona-Faranah-EM_078415_KR817160     0.0021593 0.0019526 0.0018506 0.0007686 0.0007173 0.0000000 0.0003586 0.0004611 0.0004611 0.0018496 0.0012319 0.0013861 0.0013861 0.0015923 0.0010777 0.0013346 0.0015406 0.0015920 0.0012837 0.0011291 0.0014893 0.0015408 0.0015922 0.0011291 0.0007686 0.0011814 0.0012318 0.0011824 0.0010262 0.0008711 0.0009749 0.0009750 0.0009751 0.0008711 0.0008205 0.0009235 0.0010780 0.0008722 0.0010265 0.0008722 0.0010263 0.0008711 0.0009236 0.0010268 0.0010268 0.0009754 0.0009754 0.0007686 0.0010262 0.0008723 0.0008711 0.0009751 0.0008199 0.0009235 0.0008711 0.0007173 0.0008199 0.0009235 0.0007686 0.0007686 0.0007686 0.0007697 0.0007686 0.0006661 0.0007686 0.0007686 0.0007173 0.0007173 0.0007173 0.0007173 0.0006661 0.0006661 0.0006148 0.0006148 0.0006148 0.0006148 0.0005123 0.0005123 0.0005636 0.0335949 0.0334481 0.0331399 0.0330837 0.0334209 0.0367359 0.0369725 0.0379675 1.3891566 1.4017623 1.9096160 1.9098572 1.8675705 1.8672509 1.8894851 
EBOV_H.sap-wt_GIN_14_Makona-Macenta-EM_076191_KR817141     0.0020047 0.0017981 0.0016961 0.0006148 0.0005636 0.0003586 0.0000000 0.0003073 0.0003073 0.0016952 0.0010777 0.0012319 0.0012319 0.0014380 0.0009235 0.0011804 0.0013862 0.0014377 0.0011294 0.0009750 0.0013350 0.0013865 0.0014379 0.0009749 0.0006148 0.0010272 0.0010777 0.0010280 0.0008711 0.0007173 0.0008199 0.0008199 0.0008210 0.0007173 0.0006666 0.0007686 0.0009238 0.0007173 0.0008724 0.0007173 0.0008722 0.0007173 0.0007686 0.0008726 0.0008726 0.0008212 0.0008212 0.0006148 0.0008722 0.0007173 0.0007173 0.0008210 0.0006661 0.0007686 0.0007173 0.0005636 0.0006661 0.0007686 0.0006148 0.0006148 0.0006148 0.0006148 0.0006148 0.0005123 0.0007173 0.0007173 0.0005636 0.0005636 0.0005636 0.0005636 0.0005123 0.0005123 0.0004611 0.0004611 0.0004611 0.0004611 0.0003586 0.0003586 0.0004098 0.0334265 0.0332797 0.0329717 0.0329155 0.0332526 0.0365661 0.0368026 0.0377972 1.3894150 1.4022823 1.9092224 1.9094635 1.8670292 1.8667087 1.8889332 
EBOV_H.sap-wt_GIN_14_Makona-Kissidougou-EM_078694_KR817171 0.0021078 0.0019012 0.0017992 0.0007173 0.0006661 0.0004611 0.0003073 0.0000000 0.0000010 0.0017982 0.0011805 0.0013348 0.0013348 0.0015409 0.0010263 0.0012833 0.0014892 0.0015406 0.0012323 0.0010778 0.0014380 0.0014894 0.0015408 0.0010777 0.0007173 0.0011301 0.0011805 0.0011310 0.0009749 0.0008199 0.0009236 0.0009236 0.0009238 0.0008199 0.0007692 0.0008722 0.0010266 0.0008209 0.0009751 0.0008199 0.0009750 0.0008199 0.0008723 0.0009754 0.0009754 0.0009240 0.0009240 0.0007173 0.0009749 0.0008209 0.0008199 0.0009238 0.0007686 0.0008722 0.0008199 0.0006661 0.0007686 0.0008722 0.0007173 0.0007173 0.0007173 0.0007184 0.0007173 0.0006148 0.0008199 0.0008199 0.0006661 0.0006661 0.0006661 0.0006661 0.0006148 0.0006148 0.0005636 0.0005636 0.0005636 0.0005636 0.0004611 0.0004611 0.0005123 0.0335405 0.0333937 0.0330855 0.0330293 0.0333666 0.0366812 0.0369178 0.0379128 1.3896996 1.4033643 1.9120947 1.9123361 1.8695016 1.8691850 1.8916639 
EBOV_H.sap-wt_GIN_14_Makona-Kissidougou-EM_078722_KR817175 0.0021078 0.0019012 0.0017992 0.0007173 0.0006661 0.0004611 0.0003073 0.0000010 0.0000000 0.0017982 0.0011805 0.0013348 0.0013348 0.0015409 0.0010263 0.0012833 0.0014892 0.0015406 0.0012323 0.0010778 0.0014380 0.0014894 0.0015408 0.0010777 0.0007173 0.0011301 0.0011805 0.0011310 0.0009749 0.0008199 0.0009236 0.0009236 0.0009238 0.0008199 0.0007692 0.0008722 0.0010266 0.0008209 0.0009751 0.0008199 0.0009750 0.0008199 0.0008723 0.0009754 0.0009754 0.0009240 0.0009240 0.0007173 0.0009749 0.0008209 0.0008199 0.0009238 0.0007686 0.0008722 0.0008199 0.0006661 0.0007686 0.0008722 0.0007173 0.0007173 0.0007173 0.0007184 0.0007173 0.0006148 0.0008199 0.0008199 0.0006661 0.0006661 0.0006661 0.0006661 0.0006148 0.0006148 0.0005636 0.0005636 0.0005636 0.0005636 0.0004611 0.0004611 0.0005123 0.0335405 0.0333937 0.0330855 0.0330293 0.0333666 0.0366812 0.0369178 0.0379128 1.3896996 1.4033643 1.9120947 1.9123361 1.8695016 1.8691850 1.8916639 
EBOV_H.sap-wt_GIN_14_Makona-Gueckedou-EM_079587_KR817202   0.0018492 0.0016429 0.0014376 0.0021078 0.0020557 0.0018496 0.0016952 0.0017982 0.0017982 0.0000000 0.0020554 0.0022099 0.0022099 0.0010763 0.0019008 0.0021583 0.0012314 0.0012828 0.0021075 0.0019524 0.0011802 0.0012316 0.0012830 0.0008199 0.0017982 0.0020055 0.0020553 0.0020071 0.0018492 0.0016946 0.0017978 0.0017979 0.0017982 0.0016946 0.0016442 0.0017462 0.0019014 0.0016950 0.0018497 0.0016948 0.0018493 0.0016948 0.0017465 0.0018502 0.0018502 0.0017987 0.0017987 0.0015917 0.0018492 0.0016951 0.0016946 0.0017982 0.0016434 0.0016953 0.0016438 0.0015402 0.0016432 0.0017463 0.0015919 0.0015918 0.0015918 0.0015924 0.0015917 0.0011802 0.0016948 0.0016948 0.0015406 0.0015404 0.0015405 0.0015404 0.0014379 0.0014889 0.0014375 0.0014375 0.0014374 0.0014373 0.0013345 0.0013345 0.0013859 0.0334676 0.0333208 0.0330129 0.0329567 0.0332938 0.0366062 0.0368426 0.0378368 1.3883477 1.4037512 1.9084625 1.9087036 1.8628655 1.8619563 1.8843398 
EBOV_H.sap-wt_GIN_14_Makona-Gueckedou-EM_076138_KR817140   0.0023651 0.0021584 0.0020051 0.0014894 0.0014376 0.0012319 0.0010777 0.0011805 0.0011805 0.0020554 0.0000000 0.0015916 0.0015916 0.0017980 0.0012831 0.0015401 0.0017461 0.0017976 0.0014892 0.0013346 0.0016949 0.0017464 0.0017978 0.0013345 0.0011805 0.0013870 0.0014373 0.0013882 0.0012316 0.0010773 0.0011802 0.0011803 0.0011805 0.0008711 0.0010257 0.0011288 0.0012834 0.0010776 0.0012319 0.0010775 0.0012317 0.0010774 0.0011290 0.0012323 0.0012323 0.0011808 0.0011808 0.0009737 0.0012316 0.0010776 0.0010773 0.0010777 0.0009224 0.0011288 0.0010774 0.0009224 0.0010260 0.0011288 0.0009747 0.0009747 0.0009737 0.0009750 0.0009737 0.0008711 0.0010775 0.0010775 0.0009235 0.0009224 0.0009224 0.0009224 0.0008711 0.0008711 0.0008199 0.0008199 0.0008199 0.0008199 0.0007173 0.0007173 0.0007686 0.0337017 0.0335549 0.0332466 0.0331904 0.0336406 0.0369569 0.0371937 0.0381893 1.3893931 1.4025302 1.9069476 1.9071885 1.8655913 1.8652683 1.8877040 
EBOV_H.sap-wt_SLE_14_Makona-J0171_KP759707                 0.0025198 0.0023130 0.0022111 0.0016438 0.0015919 0.0013861 0.0012319 0.0013348 0.0013348 0.0022099 0.0015916 0.0000000 0.0000010 0.0019524 0.0014373 0.0010763 0.0019005 0.0019520 0.0014373 0.0012827 0.0018494 0.0019009 0.0018493 0.0014888 0.0013347 0.0013352 0.0013854 0.0013362 0.0011788 0.0012314 0.0013344 0.0013345 0.0011287 0.0012315 0.0011809 0.0010763 0.0008199 0.0010250 0.0011801 0.0012316 0.0013859 0.0006148 0.0006661 0.0011805 0.0011805 0.0011291 0.0011291 0.0011287 0.0011798 0.0010250 0.0012315 0.0011288 0.0009737 0.0010763 0.0010250 0.0010773 0.0011801 0.0010763 0.0009224 0.0009224 0.0009224 0.0009224 0.0011287 0.0010250 0.0010250 0.0010250 0.0008711 0.0008711 0.0008711 0.0008711 0.0008199 0.0008199 0.0007686 0.0007686 0.0009737 0.0009737 0.0008711 0.0008711 0.0009224 0.0338703 0.0337236 0.0334150 0.0333588 0.0336442 0.0369609 0.0372498 0.0382454 1.3879987 1.4016913 1.9071338 1.9073748 1.8625390 1.8624254 1.8857929 
EBOV_H.sap-wt_SLE_14_Makona-J0174_KP759708                 0.0025198 0.0023130 0.0022111 0.0016438 0.0015919 0.0013861 0.0012319 0.0013348 0.0013348 0.0022099 0.0015916 0.0000010 0.0000000 0.0019524 0.0014373 0.0010763 0.0019005 0.0019520 0.0014373 0.0012827 0.0018494 0.0019009 0.0018493 0.0014888 0.0013347 0.0013352 0.0013854 0.0013362 0.0011788 0.0012314 0.0013344 0.0013345 0.0011287 0.0012315 0.0011809 0.0010763 0.0008199 0.0010250 0.0011801 0.0012316 0.0013859 0.0006148 0.0006661 0.0011805 0.0011805 0.0011291 0.0011291 0.0011287 0.0011798 0.0010250 0.0012315 0.0011288 0.0009737 0.0010763 0.0010250 0.0010773 0.0011801 0.0010763 0.0009224 0.0009224 0.0009224 0.0009224 0.0011287 0.0010250 0.0010250 0.0010250 0.0008711 0.0008711 0.0008711 0.0008711 0.0008199 0.0008199 0.0007686 0.0007686 0.0009737 0.0009737 0.0008711 0.0008711 0.0009224 0.0338703 0.0337236 0.0334150 0.0333588 0.0336442 0.0369609 0.0372498 0.0382454 1.3879987 1.4016913 1.9071338 1.9073748 1.8625390 1.8624254 1.8857929 
EBOV_H.sap-wt_GIN_14_Makona-Gueckedou-EM_079702_KR817210   0.0015920 0.0013859 0.0011806 0.0018502 0.0017983 0.0015923 0.0014380 0.0015409 0.0015409 0.0010763 0.0017980 0.0019524 0.0019524 0.0000000 0.0016435 0.0019009 0.0009737 0.0010250 0.0018500 0.0016951 0.0009224 0.0009748 0.0010261 0.0005636 0.0014379 0.0017479 0.0017979 0.0017493 0.0015919 0.0014375 0.0015406 0.0015407 0.0015409 0.0014375 0.0013870 0.0014891 0.0016440 0.0014378 0.0015924 0.0014377 0.0015921 0.0014376 0.0014893 0.0015928 0.0015928 0.0015413 0.0015413 0.0013346 0.0015920 0.0014379 0.0014375 0.0015409 0.0013863 0.0014381 0.0013866 0.0012832 0.0013861 0.0014891 0.0013348 0.0013348 0.0013347 0.0013352 0.0013346 0.0009234 0.0014376 0.0014376 0.0012835 0.0012833 0.0012834 0.0012833 0.0011809 0.0012319 0.0011805 0.0011805 0.0011804 0.0011803 0.0010776 0.0010776 0.0011289 0.0331418 0.0329949 0.0326874 0.0326312 0.0329681 0.0362786 0.0365149 0.0375084 1.3892733 1.4033145 1.9077371 1.9079781 1.8659993 1.8652401 1.8876588 
EBOV_H.sap-wt_SLE_14_Makona-Kailahun-20140517_KR653263     0.0022104 0.0020038 0.0019018 0.0013350 0.0012833 0.0010777 0.0009235 0.0010263 0.0010263 0.0019008 0.0012831 0.0014373 0.0014373 0.0016435 0.0000000 0.0013858 0.0015917 0.0016431 0.0013348 0.0011803 0.0015405 0.0015920 0.0016434 0.0011803 0.0010263 0.0012326 0.0012830 0.0012336 0.0010774 0.0009224 0.0010261 0.0010261 0.0010263 0.0009224 0.0005640 0.0009737 0.0011292 0.0009234 0.0010777 0.0009224 0.0010775 0.0009224 0.0009748 0.0010780 0.0010780 0.0010266 0.0010266 0.0008199 0.0010774 0.0009235 0.0009224 0.0010263 0.0008711 0.0009737 0.0009224 0.0007686 0.0008711 0.0009737 0.0008199 0.0008199 0.0008199 0.0008209 0.0008199 0.0007173 0.0009224 0.0009224 0.0007686 0.0007686 0.0007686 0.0007686 0.0007173 0.0007173 0.0006661 0.0006661 0.0006661 0.0006661 0.0005636 0.0005636 0.0006148 0.0336445 0.0334977 0.0331894 0.0331332 0.0334705 0.0367852 0.0370218 0.0380168 1.3885469 1.4018894 1.9089488 1.9091900 1.8675771 1.8672574 1.8897082 
EBOV_H.sap-wt_SLE_14_Makona-J0150_KP759696                 0.0024681 0.0022613 0.0021594 0.0015922 0.0015404 0.0013346 0.0011804 0.0012833 0.0012833 0.0021583 0.0015401 0.0010763 0.0010763 0.0019009 0.0013858 0.0000000 0.0018490 0.0019004 0.0013858 0.0012313 0.0017978 0.0018493 0.0019007 0.0014373 0.0012832 0.0012837 0.0013340 0.0012847 0.0011276 0.0011800 0.0012320 0.0012321 0.0010773 0.0011800 0.0011294 0.0010250 0.0007686 0.0009737 0.0011287 0.0011292 0.0012834 0.0005636 0.0006148 0.0011290 0.0011290 0.0010776 0.0010776 0.0010763 0.0011276 0.0009737 0.0011290 0.0010773 0.0009224 0.0010250 0.0009737 0.0010250 0.0010776 0.0010250 0.0008711 0.0008711 0.0008711 0.0008711 0.0010262 0.0009737 0.0009737 0.0009737 0.0008199 0.0008199 0.0008199 0.0008199 0.0007686 0.0007686 0.0007173 0.0007173 0.0008711 0.0009224 0.0008199 0.0008199 0.0008711 0.0337657 0.0336189 0.0333104 0.0332542 0.0335860 0.0367880 0.0371907 0.0381862 1.3873586 1.3995497 1.9068479 1.9070890 1.8664542 1.8661328 1.8885625 
EBOV_H.sap-tc_GIN_14_Makona-Gueckedou-C07_KP096421         0.0015402 0.0013342 0.0013349 0.0017983 0.0017464 0.0015406 0.0013862 0.0014892 0.0014892 0.0012314 0.0017461 0.0019005 0.0019005 0.0009737 0.0015917 0.0018490 0.0000000 0.0000512 0.0017981 0.0016433 0.0008711 0.0009224 0.0009737 0.0005123 0.0014891 0.0016960 0.0017461 0.0016974 0.0015401 0.0013857 0.0014888 0.0014889 0.0014891 0.0013858 0.0013352 0.0014373 0.0015922 0.0013861 0.0015406 0.0013859 0.0015403 0.0013859 0.0014375 0.0015410 0.0015410 0.0014895 0.0014895 0.0012829 0.0015402 0.0013861 0.0013858 0.0014892 0.0013345 0.0013863 0.0013349 0.0012315 0.0013344 0.0014374 0.0012831 0.0012831 0.0012831 0.0012835 0.0012829 0.0008711 0.0013859 0.0013859 0.0012318 0.0012317 0.0012317 0.0012317 0.0011292 0.0011802 0.0011289 0.0011289 0.0011288 0.0011287 0.0010250 0.0010250 0.0010773 0.0331251 0.0329783 0.0326709 0.0326148 0.0329515 0.0361473 0.0364965 0.0374896 1.3882037 1.4037661 1.9069218 1.9071628 1.8657602 1.8658594 1.8882035 
EBOV_H.sap-wt_GIN_14_Makona-Gueckedou-C07_KT013256         0.0015916 0.0013856 0.0013863 0.0018498 0.0017979 0.0015920 0.0014377 0.0015406 0.0015406 0.0012828 0.0017976 0.0019520 0.0019520 0.0010250 0.0016431 0.0019004 0.0000512 0.0000000 0.0018496 0.0016947 0.0009224 0.0009737 0.0010250 0.0005636 0.0015406 0.0017475 0.0017975 0.0017489 0.0015916 0.0014371 0.0015402 0.0015403 0.0015406 0.0014372 0.0013867 0.0014887 0.0016436 0.0014375 0.0015920 0.0014374 0.0015917 0.0014373 0.0014889 0.0015925 0.0015925 0.0015410 0.0015410 0.0013343 0.0015916 0.0014375 0.0014372 0.0015406 0.0013859 0.0014378 0.0013863 0.0012829 0.0013858 0.0014888 0.0013345 0.0013345 0.0013344 0.0013349 0.0013343 0.0009224 0.0014373 0.0014373 0.0012832 0.0012831 0.0012831 0.0012830 0.0011806 0.0012316 0.0011802 0.0011802 0.0011801 0.0011801 0.0010773 0.0010773 0.0011287 0.0331810 0.0330342 0.0327267 0.0326706 0.0330073 0.0362035 0.0365529 0.0375461 1.3882470 1.4035408 1.9066631 1.9069041 1.8657999 1.8658991 1.8882430 
EBOV_H.sap-wt_SLE_14_Makona-Koinadugu-20143659_KR653256    0.0024174 0.0022105 0.0021086 0.0015413 0.0014895 0.0012837 0.0011294 0.0012323 0.0012323 0.0021075 0.0014892 0.0014373 0.0014373 0.0018500 0.0013348 0.0013858 0.0017981 0.0018496 0.0000000 0.0011803 0.0017469 0.0017984 0.0018498 0.0013863 0.0012323 0.0012327 0.0009737 0.0009238 0.0010774 0.0011290 0.0012320 0.0012321 0.0010263 0.0011290 0.0010783 0.0009737 0.0011292 0.0009234 0.0010777 0.0011292 0.0012834 0.0009224 0.0009748 0.0010780 0.0010780 0.0010266 0.0010266 0.0010262 0.0007686 0.0009235 0.0011290 0.0010263 0.0008711 0.0009737 0.0009224 0.0009748 0.0010777 0.0006661 0.0005123 0.0008199 0.0008199 0.0008209 0.0010263 0.0009235 0.0009224 0.0009224 0.0007686 0.0007686 0.0007686 0.0007686 0.0007173 0.0007173 0.0006661 0.0006661 0.0008711 0.0008711 0.0007686 0.0007686 0.0008199 0.0337663 0.0336195 0.0333110 0.0332548 0.0334798 0.0366820 0.0369186 0.0379135 1.3872396 1.4010853 1.9091216 1.9093627 1.8661481 1.8658261 1.8882591 
EBOV_H.sap-wt_SLE_14_Makona-Kenema-G4730_1_KR105268        0.0022621 0.0020554 0.0019535 0.0013866 0.0013348 0.0011291 0.0009750 0.0010778 0.0010778 0.0019524 0.0013346 0.0012827 0.0012827 0.0016951 0.0011803 0.0012313 0.0016433 0.0016947 0.0011803 0.0000000 0.0015921 0.0016436 0.0016949 0.0012317 0.0010778 0.0010781 0.0011286 0.0010790 0.0009224 0.0009737 0.0010775 0.0010776 0.0008711 0.0009737 0.0009231 0.0008199 0.0009748 0.0007686 0.0009224 0.0009748 0.0011289 0.0007686 0.0008199 0.0009236 0.0009236 0.0008722 0.0008722 0.0008711 0.0009224 0.0007686 0.0009737 0.0008711 0.0007173 0.0008199 0.0007686 0.0008199 0.0009224 0.0008199 0.0006661 0.0006661 0.0006661 0.0006661 0.0008711 0.0007686 0.0007686 0.0007686 0.0006148 0.0006148 0.0006148 0.0006148 0.0005636 0.0005636 0.0005123 0.0005123 0.0007173 0.0007173 0.0006148 0.0006148 0.0006661 0.0335906 0.0334438 0.0331356 0.0330794 0.0334167 0.0367312 0.0369678 0.0379627 1.3861828 1.4014096 1.9060601 1.9063010 1.8642158 1.8638908 1.8862933 
EBOV_H.sap-tc_GIN_14_Makona-Gueckedou-C05_KP096420         0.0014890 0.0012830 0.0012837 0.0017471 0.0016952 0.0014893 0.0013350 0.0014380 0.0014380 0.0011802 0.0016949 0.0018494 0.0018494 0.0009224 0.0015405 0.0017978 0.0008711 0.0009224 0.0017469 0.0015921 0.0000000 0.0000512 0.0009224 0.0004611 0.0014379 0.0016448 0.0016949 0.0016461 0.0014890 0.0013346 0.0014376 0.0014377 0.0014379 0.0013346 0.0012840 0.0013861 0.0015410 0.0013348 0.0014894 0.0013347 0.0014891 0.0013347 0.0013863 0.0014898 0.0014898 0.0014383 0.0014383 0.0012317 0.0014890 0.0013349 0.0013346 0.0014379 0.0012833 0.0013351 0.0012837 0.0011803 0.0012832 0.0013862 0.0012319 0.0012319 0.0012319 0.0012323 0.0012317 0.0008199 0.0013347 0.0013347 0.0011806 0.0011805 0.0011805 0.0011805 0.0010780 0.0011290 0.0010777 0.0010777 0.0010776 0.0010775 0.0009748 0.0009748 0.0010261 0.0327364 0.0325894 0.0322825 0.0322265 0.0325629 0.0358689 0.0361048 0.0370968 1.3900411 1.4050861 1.9095279 1.9097690 1.8668009 1.8666143 1.8884780 
EBOV_H.sap-wt_GIN_14_Makona-Kissidougou-C15_KT013254       0.0015405 0.0013344 0.0013352 0.0017987 0.0017467 0.0015408 0.0013865 0.0014894 0.0014894 0.0012316 0.0017464 0.0019009 0.0019009 0.0009748 0.0015920 0.0018493 0.0009224 0.0009737 0.0017984 0.0016436 0.0000512 0.0000000 0.0009747 0.0005123 0.0014894 0.0016963 0.0017464 0.0016977 0.0015404 0.0013860 0.0014891 0.0014892 0.0014894 0.0013860 0.0013355 0.0014376 0.0015925 0.0013863 0.0015408 0.0013862 0.0015406 0.0013862 0.0014378 0.0015413 0.0015413 0.0014898 0.0014898 0.0012832 0.0015405 0.0013864 0.0013860 0.0014894 0.0013348 0.0013866 0.0013351 0.0012317 0.0013346 0.0014376 0.0012833 0.0012833 0.0012833 0.0012838 0.0012832 0.0008711 0.0013862 0.0013862 0.0012321 0.0012319 0.0012319 0.0012319 0.0011294 0.0011805 0.0011291 0.0011291 0.0011290 0.0011289 0.0010261 0.0010261 0.0010775 0.0327931 0.0326461 0.0323392 0.0322831 0.0326196 0.0359261 0.0361620 0.0371543 1.3905688 1.4046060 1.9087658 1.9090069 1.8675724 1.8673871 1.8892619 
EBOV_H.sap-wt_GIN_14_Makona-Macenta-EM_079424_KR817189     0.0015919 0.0013858 0.0013865 0.0018501 0.0017981 0.0015922 0.0014379 0.0015408 0.0015408 0.0012830 0.0017978 0.0018493 0.0018493 0.0010261 0.0016434 0.0019007 0.0009737 0.0010250 0.0018498 0.0016949 0.0009224 0.0009747 0.0000000 0.0004611 0.0015408 0.0017478 0.0017978 0.0017492 0.0015918 0.0014373 0.0015404 0.0015405 0.0015408 0.0014374 0.0013869 0.0014889 0.0016439 0.0014377 0.0015922 0.0014375 0.0015919 0.0014375 0.0014891 0.0015927 0.0015927 0.0015412 0.0015412 0.0013345 0.0015918 0.0014377 0.0014373 0.0015408 0.0013861 0.0014379 0.0013865 0.0012831 0.0013860 0.0014890 0.0013347 0.0013346 0.0013346 0.0013351 0.0013345 0.0009224 0.0014375 0.0014375 0.0012834 0.0012832 0.0012833 0.0012832 0.0011808 0.0012318 0.0011804 0.0011804 0.0011803 0.0011802 0.0010775 0.0010775 0.0011288 0.0331856 0.0330387 0.0327312 0.0326751 0.0330119 0.0363217 0.0365579 0.0375513 1.3893958 1.4039443 1.9081353 1.9083764 1.8671424 1.8667417 1.8891954 
EBOV_H.sap-wt_GIN_14_Makona-Macenta-EM_079422_KR817187     0.0011288 0.0009224 0.0009237 0.0013865 0.0013347 0.0011291 0.0009749 0.0010777 0.0010777 0.0008199 0.0013345 0.0014888 0.0014888 0.0005636 0.0011803 0.0014373 0.0005123 0.0005636 0.0013863 0.0012317 0.0004611 0.0005123 0.0004611 0.0000000 0.0010777 0.0012841 0.0013345 0.0012852 0.0011288 0.0009737 0.0010775 0.0010775 0.0010777 0.0009737 0.0009231 0.0010261 0.0011806 0.0009748 0.0011291 0.0009747 0.0011289 0.0009747 0.0010262 0.0011294 0.0011294 0.0010780 0.0010780 0.0008711 0.0011288 0.0009749 0.0009737 0.0010777 0.0009224 0.0009750 0.0009236 0.0008199 0.0009224 0.0010261 0.0008711 0.0008711 0.0008711 0.0008723 0.0008711 0.0004611 0.0009747 0.0009747 0.0008199 0.0008199 0.0008199 0.0008199 0.0007173 0.0007686 0.0007173 0.0007173 0.0007173 0.0007173 0.0006148 0.0006148 0.0006661 0.0326734 0.0325265 0.0322197 0.0321637 0.0325000 0.0358048 0.0360406 0.0370322 1.3881056 1.4035527 1.9067757 1.9070165 1.8665427 1.8661413 1.8885732 
EBOV_H.sap-wt_LBR_14_Makona-LIBR0505_KR006957              0.0021077 0.0019011 0.0017991 0.0010264 0.0009748 0.0007686 0.0006148 0.0007173 0.0007173 0.0017982 0.0011805 0.0013347 0.0013347 0.0014379 0.0010263 0.0012832 0.0014891 0.0015406 0.0012323 0.0010778 0.0014379 0.0014894 0.0015408 0.0010777 0.0000000 0.0011300 0.0011805 0.0011309 0.0009749 0.0008199 0.0009235 0.0009236 0.0009237 0.0008199 0.0007692 0.0008711 0.0010266 0.0008209 0.0009751 0.0008199 0.0009749 0.0008199 0.0008723 0.0009754 0.0009754 0.0009240 0.0009240 0.0007173 0.0009749 0.0008209 0.0008199 0.0009238 0.0007686 0.0008711 0.0008199 0.0006661 0.0007686 0.0008722 0.0007173 0.0007173 0.0007173 0.0007184 0.0007173 0.0006148 0.0008199 0.0008199 0.0006661 0.0006661 0.0006661 0.0006661 0.0006148 0.0006148 0.0005636 0.0005636 0.0005636 0.0005636 0.0004611 0.0004611 0.0005123 0.0335392 0.0333923 0.0330842 0.0330280 0.0333652 0.0366797 0.0369163 0.0379112 1.3908719 1.4019443 1.9082516 1.9084926 1.8687942 1.8684765 1.8909482 
EBOV_H.sap-wt_SLE_14_Makona-Kenema-G5059_1_KR105296        0.0023154 0.0021085 0.0020065 0.0014391 0.0013873 0.0011814 0.0010272 0.0011301 0.0011301 0.0020055 0.0013870 0.0013352 0.0013352 0.0017479 0.0012326 0.0012837 0.0016960 0.0017475 0.0012327 0.0010781 0.0016448 0.0016963 0.0017478 0.0012841 0.0011300 0.0000000 0.0011808 0.0011313 0.0009752 0.0010268 0.0011298 0.0011298 0.0009240 0.0010268 0.0009760 0.0008724 0.0009239 0.0008211 0.0009754 0.0010269 0.0011812 0.0008211 0.0008725 0.0007699 0.0007699 0.0007185 0.0007185 0.0009240 0.0009752 0.0008212 0.0010268 0.0009241 0.0007697 0.0008724 0.0008210 0.0008726 0.0009754 0.0008724 0.0007173 0.0007173 0.0007173 0.0007186 0.0009240 0.0008212 0.0008211 0.0008211 0.0004611 0.0006661 0.0006661 0.0006661 0.0006148 0.0006148 0.0005636 0.0005636 0.0007698 0.0007698 0.0006661 0.0006661 0.0007184 0.0336717 0.0335249 0.0332164 0.0331601 0.0334976 0.0368150 0.0370518 0.0379859 1.3856327 1.4027254 1.9078513 1.9080925 1.8651625 1.8648388 1.8876942 
EBOV_H.sap-wt_SLE_14_Makona-PortLoko-J0083_KP759752        0.0023650 0.0021583 0.0020564 0.0014893 0.0014375 0.0012318 0.0010777 0.0011805 0.0011805 0.0020553 0.0014373 0.0013854 0.0013854 0.0017979 0.0012830 0.0013340 0.0017461 0.0017975 0.0009737 0.0011286 0.0016949 0.0017464 0.0017978 0.0013345 0.0011805 0.0011808 0.0000000 0.0008725 0.0010250 0.0010773 0.0011802 0.0011803 0.0009737 0.0010773 0.0010257 0.0009224 0.0010775 0.0008711 0.0010250 0.0010774 0.0012316 0.0008711 0.0009224 0.0010263 0.0010263 0.0009749 0.0009749 0.0009737 0.0007173 0.0008711 0.0010773 0.0009737 0.0008199 0.0009224 0.0008711 0.0009224 0.0010250 0.0006148 0.0004611 0.0007686 0.0006661 0.0007686 0.0009737 0.0008711 0.0008711 0.0008711 0.0007173 0.0007173 0.0007173 0.0007173 0.0006661 0.0006661 0.0006148 0.0006148 0.0008199 0.0008199 0.0007173 0.0007173 0.0007686 0.0336484 0.0335016 0.0331933 0.0331371 0.0333620 0.0366761 0.0369127 0.0379075 1.3879361 1.4014416 1.9094550 1.9096962 1.8665356 1.8664287 1.8888679 
EBOV_H.sap-wt_SLE_14_Makona-J0119_KP759667                 0.0023173 0.0021103 0.0019565 0.0014403 0.0013884 0.0011824 0.0010280 0.0011310 0.0011310 0.0020071 0.0013882 0.0013362 0.0013362 0.0017493 0.0012336 0.0012847 0.0016974 0.0017489 0.0009238 0.0010790 0.0016461 0.0016977 0.0017492 0.0012852 0.0011309 0.0011313 0.0008725 0.0000000 0.0009752 0.0010276 0.0011307 0.0011308 0.0009238 0.0010276 0.0009759 0.0008725 0.0010278 0.0008211 0.0009762 0.0010278 0.0011822 0.0008211 0.0008725 0.0009765 0.0009765 0.0009250 0.0009250 0.0009238 0.0006671 0.0008211 0.0010276 0.0009238 0.0007698 0.0008725 0.0008211 0.0008725 0.0009762 0.0005644 0.0004105 0.0007184 0.0007184 0.0007184 0.0009238 0.0008211 0.0008211 0.0008211 0.0006671 0.0006671 0.0006671 0.0006671 0.0006158 0.0006158 0.0005644 0.0005644 0.0007698 0.0007698 0.0006671 0.0006671 0.0007184 0.0337026 0.0335556 0.0332468 0.0331905 0.0334158 0.0366783 0.0369725 0.0379690 1.3891951 1.4021013 1.9098581 1.9100998 1.8655124 1.8649819 1.8874788 
EBOV_H.sap-wt_SLE_14_Makona-G5640_1_KR105313               0.0021587 0.0019521 0.0018502 0.0012835 0.0012318 0.0010262 0.0008711 0.0009749 0.0009749 0.0018492 0.0012316 0.0011788 0.0011788 0.0015919 0.0010774 0.0011276 0.0015401 0.0015916 0.0010774 0.0009224 0.0014890 0.0015404 0.0015918 0.0011288 0.0009749 0.0009752 0.0010250 0.0009752 0.0000000 0.0008711 0.0009737 0.0009747 0.0007686 0.0008711 0.0008205 0.0007173 0.0008711 0.0006661 0.0008199 0.0008711 0.0010260 0.0006661 0.0007173 0.0008199 0.0008199 0.0007686 0.0007686 0.0007686 0.0008199 0.0006661 0.0008711 0.0007686 0.0006148 0.0007173 0.0006661 0.0007173 0.0008199 0.0007173 0.0005636 0.0005636 0.0005636 0.0005636 0.0007686 0.0006661 0.0006661 0.0006661 0.0005123 0.0005123 0.0005123 0.0005123 0.0004611 0.0004611 0.0004098 0.0004098 0.0006148 0.0006148 0.0005123 0.0005123 0.0005636 0.0334727 0.0333260 0.0330180 0.0329618 0.0332989 0.0364980 0.0367349 0.0377290 1.3861943 1.3991404 1.9078755 1.9081165 1.8646278 1.8643033 1.8863464 
EBOV_H.sap-wt_LBR_15_Makona-Liberia-DQE6_KR075000          0.0020039 0.0017975 0.0016955 0.0011292 0.0010775 0.0008711 0.0007173 0.0008199 0.0008199 0.0016946 0.0010773 0.0012314 0.0012314 0.0014375 0.0009224 0.0011800 0.0013857 0.0014371 0.0011290 0.0009737 0.0013346 0.0013860 0.0014373 0.0009737 0.0008199 0.0010268 0.0010773 0.0010276 0.0008711 0.0000000 0.0008199 0.0008199 0.0008199 0.0007173 0.0006666 0.0007686 0.0009235 0.0007173 0.0008711 0.0007173 0.0008711 0.0007173 0.0007686 0.0008723 0.0008723 0.0008209 0.0008209 0.0006148 0.0008711 0.0007173 0.0007173 0.0008199 0.0006661 0.0007686 0.0007173 0.0005636 0.0006661 0.0007686 0.0006148 0.0006148 0.0006148 0.0006148 0.0006148 0.0005123 0.0007173 0.0007173 0.0005636 0.0005636 0.0005636 0.0005636 0.0005123 0.0005123 0.0004611 0.0004611 0.0004611 0.0004611 0.0003586 0.0003586 0.0004098 0.0334138 0.0332670 0.0329591 0.0329030 0.0332400 0.0365522 0.0367886 0.0377828 1.3882238 1.3997341 1.9076308 1.9078718 1.8669457 1.8666251 1.8890623 
EBOV_H.sap-wt_LBR_14_Makona-Foya-EM_074720_KR817125        0.0021073 0.0019007 0.0017988 0.0012322 0.0011805 0.0009749 0.0008199 0.0009236 0.0009236 0.0017978 0.0011802 0.0013344 0.0013344 0.0015406 0.0010261 0.0012320 0.0014888 0.0015402 0.0012320 0.0010775 0.0014376 0.0014891 0.0015404 0.0010775 0.0009235 0.0011298 0.0011802 0.0011307 0.0009737 0.0008199 0.0000000 0.0007173 0.0009235 0.0008199 0.0007692 0.0008711 0.0010264 0.0008199 0.0009749 0.0006148 0.0007686 0.0008199 0.0008711 0.0009752 0.0009752 0.0009238 0.0009238 0.0007173 0.0009737 0.0008199 0.0006148 0.0009236 0.0007686 0.0008711 0.0008199 0.0006661 0.0005636 0.0008711 0.0007173 0.0007173 0.0007173 0.0007173 0.0005123 0.0006148 0.0008199 0.0008199 0.0006661 0.0006661 0.0006661 0.0006661 0.0006148 0.0006148 0.0005636 0.0005636 0.0003586 0.0005636 0.0004611 0.0004611 0.0005123 0.0334791 0.0333322 0.0330242 0.0329680 0.0331923 0.0366188 0.0368553 0.0378500 1.3869782 1.4015449 1.9052058 1.9054467 1.8641650 1.8658570 1.8899925 
EBOV_H.sap-wt_LBR_14_Makona-Foya-EM_074353_KR817112        0.0021074 0.0019009 0.0017989 0.0012322 0.0011805 0.0009750 0.0008199 0.0009236 0.0009236 0.0017979 0.0011803 0.0013345 0.0013345 0.0015407 0.0010261 0.0012321 0.0014889 0.0015403 0.0012321 0.0010776 0.0014377 0.0014892 0.0015405 0.0010775 0.0009236 0.0011298 0.0011803 0.0011308 0.0009747 0.0008199 0.0007173 0.0000000 0.0009236 0.0008199 0.0007692 0.0008711 0.0010265 0.0008199 0.0009750 0.0006148 0.0007686 0.0008199 0.0008711 0.0009752 0.0009753 0.0009239 0.0009239 0.0007173 0.0009747 0.0007173 0.0004098 0.0009236 0.0007686 0.0008711 0.0008199 0.0006661 0.0005636 0.0008711 0.0007173 0.0007173 0.0007173 0.0007173 0.0005123 0.0006148 0.0008199 0.0008199 0.0006661 0.0006661 0.0006661 0.0006661 0.0006148 0.0006148 0.0005636 0.0005636 0.0003586 0.0005636 0.0004611 0.0004611 0.0005123 0.0334811 0.0333343 0.0330262 0.0329700 0.0333072 0.0366210 0.0368575 0.0378522 1.3889333 1.4033264 1.9080837 1.9083247 1.8662016 1.8652587 1.8891724 
EBOV_H.sap-wt_SLE_14_Makona-G4994_1_KR105289               0.0021077 0.0019012 0.0017992 0.0012324 0.0011807 0.0009751 0.0008210 0.0009238 0.0009238 0.0017982 0.0011805 0.0011287 0.0011287 0.0015409 0.0010263 0.0010773 0.0014891 0.0015406 0.0010263 0.0008711 0.0014379 0.0014894 0.0015408 0.0010777 0.0009237 0.0009240 0.0009737 0.0009238 0.0007686 0.0008199 0.0009235 0.0009236 0.0000000 0.0008199 0.0007692 0.0006661 0.0008199 0.0006148 0.0007686 0.0008199 0.0009749 0.0006148 0.0006661 0.0007696 0.0007696 0.0007173 0.0007173 0.0007173 0.0007686 0.0006148 0.0008199 0.0007173 0.0005636 0.0006661 0.0006148 0.0006661 0.0007686 0.0006661 0.0005123 0.0005123 0.0005123 0.0005123 0.0007173 0.0006148 0.0006148 0.0006148 0.0004611 0.0004611 0.0004611 0.0004611 0.0004098 0.0004098 0.0003586 0.0003586 0.0005636 0.0005636 0.0004611 0.0004611 0.0005123 0.0334264 0.0332795 0.0329715 0.0329154 0.0332525 0.0365660 0.0368025 0.0377971 1.3884571 1.3996730 1.9079909 1.9082320 1.8675222 1.8655410 1.8879661 
EBOV_H.sap-wt_GIN_14_Makona-Macenta-EM_000982_KR817086     0.0020040 0.0017976 0.0016442 0.0011292 0.0010775 0.0008711 0.0007173 0.0008199 0.0008199 0.0016946 0.0008711 0.0012315 0.0012315 0.0014375 0.0009224 0.0011800 0.0013858 0.0014372 0.0011290 0.0009737 0.0013346 0.0013860 0.0014374 0.0009737 0.0008199 0.0010268 0.0010773 0.0010276 0.0008711 0.0007173 0.0008199 0.0008199 0.0008199 0.0000000 0.0006666 0.0007686 0.0009235 0.0007173 0.0008711 0.0007173 0.0008711 0.0007173 0.0007686 0.0008723 0.0008723 0.0008210 0.0008210 0.0006148 0.0008711 0.0007173 0.0007173 0.0008199 0.0006661 0.0007686 0.0007173 0.0005636 0.0006661 0.0007686 0.0006148 0.0006148 0.0006148 0.0006148 0.0006148 0.0005123 0.0007173 0.0007173 0.0005636 0.0005636 0.0005636 0.0005636 0.0005123 0.0005123 0.0004611 0.0004611 0.0004611 0.0004611 0.0003586 0.0003586 0.0004098 0.0333530 0.0332062 0.0328984 0.0328423 0.0331272 0.0364384 0.0366747 0.0376685 1.3878779 1.3992620 1.9055471 1.9057879 1.8644250 1.8641003 1.8865113 
EBOV_H.sap-wt_SLE_14_Makona-G4973_1_KR105286               0.0019537 0.0017472 0.0016451 0.0010785 0.0010268 0.0008205 0.0006666 0.0007692 0.0007692 0.0016442 0.0010257 0.0011809 0.0011809 0.0013870 0.0005640 0.0011294 0.0013352 0.0013867 0.0010783 0.0009231 0.0012840 0.0013355 0.0013869 0.0009231 0.0007692 0.0009760 0.0010257 0.0009759 0.0008205 0.0006666 0.0007692 0.0007692 0.0007692 0.0006666 0.0000000 0.0007179 0.0008718 0.0006666 0.0008205 0.0006666 0.0008205 0.0006666 0.0007179 0.0008215 0.0008215 0.0007692 0.0007692 0.0005640 0.0008205 0.0006666 0.0006666 0.0007692 0.0006153 0.0007179 0.0006666 0.0005127 0.0006153 0.0007179 0.0005640 0.0005640 0.0005640 0.0005640 0.0005640 0.0004614 0.0006666 0.0006666 0.0005127 0.0005127 0.0005127 0.0005127 0.0004614 0.0004614 0.0004101 0.0004101 0.0004101 0.0004101 0.0003076 0.0003076 0.0003588 0.0333246 0.0331777 0.0328697 0.0328135 0.0332071 0.0365213 0.0367578 0.0377526 1.3881554 1.4002804 1.9049314 1.9051723 1.8642170 1.8636368 1.8858389 
EBOV_H.sap-wt_SLE_14_Makona-Kenema-G5039_1_KR105295        0.0020557 0.0018492 0.0017472 0.0011807 0.0011290 0.0009235 0.0007686 0.0008722 0.0008722 0.0017462 0.0011288 0.0010763 0.0010763 0.0014891 0.0009737 0.0010250 0.0014373 0.0014887 0.0009737 0.0008199 0.0013861 0.0014376 0.0014889 0.0010261 0.0008711 0.0008724 0.0009224 0.0008725 0.0007173 0.0007686 0.0008711 0.0008711 0.0006661 0.0007686 0.0007179 0.0000000 0.0007686 0.0005636 0.0007173 0.0007686 0.0009224 0.0005636 0.0006148 0.0007173 0.0007173 0.0006661 0.0006661 0.0006661 0.0007173 0.0005636 0.0007686 0.0006661 0.0005123 0.0006148 0.0005636 0.0006148 0.0007173 0.0006148 0.0004611 0.0004611 0.0004611 0.0004611 0.0006661 0.0005636 0.0005636 0.0005636 0.0004098 0.0004098 0.0004098 0.0004098 0.0003586 0.0003586 0.0003073 0.0003073 0.0005123 0.0005123 0.0004098 0.0004098 0.0004611 0.0333606 0.0332138 0.0329060 0.0328498 0.0331348 0.0364468 0.0366831 0.0376772 1.3872572 1.3997780 1.9065358 1.9067767 1.8634219 1.8630956 1.8854905 
EBOV_H.sap-wt_SLE_14_Makona-Bonthe-G5723_1_KR105319        0.0022111 0.0020044 0.0019024 0.0013354 0.0012837 0.0010780 0.0009238 0.0010266 0.0010266 0.0019014 0.0012834 0.0008199 0.0008199 0.0016440 0.0011292 0.0007686 0.0015922 0.0016436 0.0011292 0.0009748 0.0015410 0.0015925 0.0016439 0.0011806 0.0010266 0.0009239 0.0010775 0.0010278 0.0008711 0.0009235 0.0010264 0.0010265 0.0008199 0.0009235 0.0008718 0.0007686 0.0000000 0.0007173 0.0008722 0.0009236 0.0010778 0.0003073 0.0003586 0.0008724 0.0008724 0.0008211 0.0008211 0.0008199 0.0008711 0.0007173 0.0009235 0.0008199 0.0006661 0.0007686 0.0007173 0.0007686 0.0008722 0.0007686 0.0006148 0.0006148 0.0006148 0.0006148 0.0008199 0.0007173 0.0007173 0.0007173 0.0005636 0.0005636 0.0005636 0.0005636 0.0005123 0.0005123 0.0004611 0.0004611 0.0006661 0.0006661 0.0005636 0.0005636 0.0006148 0.0335422 0.0333954 0.0330872 0.0330310 0.0333162 0.0366310 0.0369196 0.0378530 1.3884010 1.4007226 1.9110241 1.9112655 1.8637627 1.8634371 1.8858263 
EBOV_H.sap-wt_SLE_14_Makona-J0117_KP759665                 0.0020044 0.0017979 0.0016959 0.0011294 0.0010778 0.0008722 0.0007173 0.0008209 0.0008209 0.0016950 0.0010776 0.0010250 0.0010250 0.0014378 0.0009234 0.0009737 0.0013861 0.0014375 0.0009234 0.0007686 0.0013348 0.0013863 0.0014377 0.0009748 0.0008209 0.0008211 0.0008711 0.0008211 0.0006661 0.0007173 0.0008199 0.0008199 0.0006148 0.0007173 0.0006666 0.0005636 0.0007173 0.0000000 0.0001537 0.0007173 0.0008711 0.0005123 0.0005636 0.0006661 0.0006661 0.0006148 0.0006148 0.0006148 0.0006661 0.0005123 0.0007173 0.0006148 0.0004611 0.0005636 0.0005123 0.0005636 0.0006661 0.0005636 0.0004098 0.0004098 0.0004098 0.0004098 0.0006148 0.0005123 0.0005123 0.0005123 0.0003586 0.0003586 0.0003586 0.0003586 0.0003073 0.0003073 0.0002561 0.0002561 0.0004611 0.0004611 0.0003586 0.0003586 0.0004098 0.0333083 0.0331614 0.0328537 0.0327975 0.0331345 0.0364464 0.0366828 0.0376768 1.3866143 1.3992167 1.9088291 1.9090701 1.8625307 1.8622028 1.8845935 
EBOV_H.sap-wt_SLE_14_Makona-Kenema-G5685_1_KR105317        0.0021593 0.0019526 0.0018507 0.0012838 0.0012321 0.0010265 0.0008724 0.0009751 0.0009751 0.0018497 0.0012319 0.0011801 0.0011801 0.0015924 0.0010777 0.0011287 0.0015406 0.0015920 0.0010777 0.0009224 0.0014894 0.0015408 0.0015922 0.0011291 0.0009751 0.0009754 0.0010250 0.0009762 0.0008199 0.0008711 0.0009749 0.0009750 0.0007686 0.0008711 0.0008205 0.0007173 0.0008722 0.0001537 0.0000000 0.0008722 0.0010263 0.0006661 0.0007173 0.0008210 0.0008210 0.0007696 0.0007696 0.0007686 0.0008199 0.0006661 0.0008711 0.0007686 0.0006148 0.0007173 0.0006661 0.0007173 0.0008199 0.0007173 0.0005636 0.0005636 0.0005636 0.0005636 0.0007686 0.0006661 0.0006661 0.0006661 0.0005123 0.0005123 0.0005123 0.0005123 0.0004611 0.0004611 0.0004098 0.0004098 0.0006148 0.0006148 0.0005123 0.0005123 0.0005636 0.0334219 0.0332751 0.0329671 0.0329110 0.0333078 0.0366217 0.0368582 0.0378529 1.3865511 1.4003310 1.9103431 1.9105843 1.8639465 1.8636209 1.8860280 
