100
02A1.GH.97.97GH_AG2.AB052867           0.0000000 0.3711801 0.4491015 0.5173468 0.5894926 0.6037961 0.6320516 0.5389167 0.5468923 0.5244832 0.5422782 0.5142533 0.5200328 0.5689206 0.7966200 0.7951995 0.8316707 0.8135321 0.8127359 0.8418445 0.8180848 0.7693570 0.8063466 0.8483196 0.9271246 0.9144917 0.7653319 0.8026093 0.8055892 0.7745107 0.7970324 0.5377236 0.6045979 0.6127208 0.6385966 0.7933939 0.6358071 0.6330740 0.6892604 0.6173130 0.6367770 0.7459784 0.8339541 0.5496844 0.5171731 0.4909846 0.4565299 0.7652268 0.7370614 0.7950101 0.8294410 0.8062515 0.8037121 0.7952795 0.7272708 0.7950345 0.7596751 0.7668886 0.7561778 0.7687334 0.7372197 0.7250651 0.7729936 0.8576712 0.7788249 0.7609119 0.8025171 0.7863275 0.7917863 0.7764875 0.7906602 0.7823532 0.7586991 0.7337779 0.7343981 0.7957863 1.0730880 0.8445992 0.7739602 0.8131035 0.7737927 0.7146356 0.7126583 0.7131548 0.6463094 0.6356158 0.7399946 0.6067885 0.4947290 0.4200366 0.4021768 0.5284373 0.3359966 0.3355546 0.3569009 0.4210788 1.6599271 1.7081702 1.6785011 2.4132830 
02A.CI.16.DEURF16CI011.MH078538        0.3711801 0.0000000 0.4883305 0.5649204 0.6356213 0.6591237 0.7080806 0.5921344 0.5913728 0.6082244 0.6024559 0.5680774 0.5758118 0.6126109 0.8839285 0.8596000 0.9188398 0.8843690 0.8784985 0.9059281 0.8982384 0.8093939 0.8670367 0.9156610 0.9834446 0.9765182 0.8469468 0.8821161 0.9030256 0.8454534 0.8700620 0.5961762 0.6784729 0.6679169 0.7004049 0.8691068 0.7024451 0.6964923 0.7632553 0.6858475 0.7099939 0.8030291 0.8748028 0.5871828 0.5760686 0.5417031 0.5061544 0.8173835 0.7971066 0.8494114 0.8596378 0.8532496 0.8810934 0.8630751 0.7924780 0.8354915 0.8149145 0.8169587 0.8153324 0.8144037 0.7805380 0.7762471 0.8229893 0.9075463 0.8427323 0.8054366 0.8757833 0.8374540 0.8413991 0.8359110 0.8583021 0.8537424 0.8423602 0.8058983 0.7934038 0.8795475 1.1404557 0.9051442 0.8449082 0.8943792 0.8592419 0.7778045 0.7535311 0.7592655 0.7100900 0.6861258 0.7987575 0.6673110 0.5454932 0.4832982 0.4576032 0.5817975 0.3959868 0.3859790 0.4062071 0.4684147 1.7070884 1.7720960 1.7831919 2.4132858 
AGU.CM.06.770_8.MH705142               0.4491015 0.4883305 0.0000000 0.5089126 0.5696474 0.5903096 0.6149354 0.5574894 0.5654486 0.5813874 0.5639201 0.5345669 0.5259609 0.5833660 0.8333541 0.7914221 0.8511623 0.8540530 0.8532369 0.8446675 0.8438981 0.7840105 0.8155239 0.8651344 0.9263105 0.9441166 0.7819243 0.8306829 0.8346797 0.7844842 0.8009145 0.5589548 0.6224235 0.6269619 0.6508729 0.8041078 0.6370978 0.6483433 0.7320771 0.6423490 0.6588462 0.7520808 0.8508946 0.5676164 0.5499970 0.5100441 0.4826648 0.7664412 0.7498480 0.8179187 0.8268782 0.8240250 0.8372221 0.8152412 0.7616695 0.8191617 0.7697042 0.7804914 0.7977886 0.7867674 0.7482373 0.7287400 0.7898413 0.8591704 0.8054403 0.7889548 0.8252049 0.8148477 0.7951805 0.8045183 0.8014067 0.8075025 0.7751976 0.7620281 0.7425275 0.8052722 1.1047912 0.8547123 0.7899413 0.8175160 0.8126968 0.7255975 0.7258798 0.7655844 0.6785791 0.6642428 0.7501933 0.6123004 0.5538737 0.5003539 0.4799626 0.6343413 0.4610424 0.4522131 0.4628023 0.5409409 1.7767551 1.8405685 1.8707379 2.5148433 
G.NG.92.92NG083_JV10832.U88826         0.5173468 0.5649204 0.5089126 0.0000000 0.3527550 0.3850050 0.4017553 0.6435127 0.6732505 0.6541857 0.6422664 0.6187196 0.6116363 0.6744778 0.9256842 0.8863264 0.9588634 0.9106217 0.9146285 0.9414729 0.9273875 0.8966284 0.9087792 0.9907914 1.0138561 1.0116889 0.8747579 0.9277606 0.9294998 0.8959509 0.8967419 0.6391367 0.7013630 0.7142036 0.7597873 0.9082177 0.7558767 0.7392593 0.8271559 0.7251166 0.7465435 0.8539604 0.9451069 0.6373613 0.6178587 0.5901772 0.5540396 0.8413043 0.8509013 0.8848512 0.9157897 0.8948532 0.9177833 0.9116432 0.8345826 0.8981406 0.8401225 0.8628425 0.8763816 0.8722759 0.8130978 0.8144502 0.8652021 0.9511492 0.8763741 0.8530144 0.9016860 0.8798303 0.8651739 0.8726833 0.8614634 0.8865327 0.8465472 0.8173867 0.8307073 0.8938343 1.1677020 0.9415583 0.8549423 0.8993907 0.8640647 0.8155544 0.7931781 0.8166462 0.7728157 0.7360333 0.8470632 0.6958864 0.6400191 0.5889968 0.5666484 0.7142114 0.5279799 0.5262952 0.5473994 0.6093546 1.8331158 1.8855472 1.8919322 2.5926317 
G.NG.09.09NG010261.KX389626            0.5894926 0.6356213 0.5696474 0.3527550 0.0000000 0.4580792 0.4801512 0.7172423 0.7295766 0.7241037 0.7152544 0.6902325 0.6969814 0.7505618 0.9802144 0.9808442 1.0301748 0.9878592 0.9794230 1.0077784 0.9881200 0.9410530 0.9912532 1.0488602 1.1132871 1.0964243 0.9638051 0.9866604 0.9948882 0.9665508 0.9814162 0.7125561 0.7683062 0.7764100 0.8247323 0.9424326 0.8009820 0.7995117 0.8906880 0.7769892 0.7869886 0.9093459 1.0124922 0.7129348 0.7054056 0.6372094 0.6249574 0.9325762 0.9178342 0.9795697 0.9750601 0.9894738 0.9867241 0.9614474 0.9034834 0.9656094 0.9495777 0.9346713 0.9726229 0.9472525 0.8998489 0.8772792 0.9483342 1.0166486 0.9254852 0.9332865 1.0026431 0.9759423 0.9794962 0.9581543 0.9440068 0.9576494 0.9116530 0.8968843 0.9113951 0.9727127 1.2397151 0.9934283 0.9391096 0.9520069 0.9301931 0.8926860 0.8728342 0.9022883 0.8313257 0.8089015 0.9135045 0.7817713 0.7140330 0.6474066 0.6351167 0.7988680 0.5974625 0.5980038 0.6087979 0.6848579 1.9283695 1.9561843 1.9843720 2.6624265 
01F2G.CM.02.LT31.JN864056              0.6037961 0.6591237 0.5903096 0.3850050 0.4580792 0.0000000 0.4101120 0.7410271 0.7593460 0.7621757 0.7515078 0.7106207 0.7107513 0.7667589 1.0030085 1.0109559 1.0621603 1.0280481 0.9910459 1.0419546 1.0277558 0.9599161 1.0123199 1.0791264 1.1383497 1.1150855 0.9755019 1.0103777 1.0467799 0.9781975 0.9938292 0.7545123 0.7889935 0.8126686 0.8560252 1.0157182 0.8318917 0.8326150 0.9229645 0.8368739 0.8460773 0.9635368 1.0334284 0.7449981 0.7164942 0.6988140 0.6575256 0.9335760 0.9364884 0.9964092 0.9925654 0.9908769 1.0188811 1.0057223 0.9130377 0.9863357 0.9431114 0.9548550 0.9599917 0.9442399 0.9217739 0.9052649 0.9627528 1.0607142 0.9783757 0.9503570 0.9925741 0.9901257 0.9793171 0.9819185 0.9822628 1.0105458 0.9475913 0.9201945 0.9174459 1.0200205 1.2723142 1.0206955 0.9450731 0.9852026 0.9665900 0.9220755 0.8948917 0.9264773 0.8728287 0.8392249 0.9491250 0.8170072 0.7236665 0.6763433 0.6401426 0.8204305 0.6280177 0.6187378 0.6367432 0.7139002 1.9467150 1.9707270 1.9493315 2.6287123 
BCG.ES.15.100_119.KY496623             0.6320516 0.7080806 0.6149354 0.4017553 0.4801512 0.4101120 0.0000000 0.7745374 0.7938987 0.7856719 0.7691581 0.7430134 0.7292161 0.7838956 1.0382461 1.0298112 1.0517929 1.0682308 1.0295592 1.0456453 1.0491203 1.0084348 1.0433867 1.0945015 1.1458164 1.1505427 1.0148893 1.0387866 1.0758192 1.0106123 1.0146747 0.7786848 0.8295292 0.8368949 0.8761273 1.0265552 0.8501127 0.8756793 0.9551581 0.8542033 0.8644276 0.9668191 1.0686193 0.7519573 0.7493133 0.7156051 0.6670511 0.9764271 0.9707041 1.0235107 1.0032600 1.0457997 1.0358382 1.0389203 0.9491193 1.0098839 0.9681196 1.0032886 0.9695480 0.9996398 0.9451693 0.9415179 0.9873045 1.0784667 1.0012108 0.9874240 1.0087739 1.0047569 0.9876086 0.9927566 0.9960856 1.0037892 0.9973266 0.9322816 0.9466799 0.9945150 1.2969420 1.0690680 0.9834639 0.9993523 0.9882408 0.9418167 0.9277783 0.9507276 0.8922337 0.8786806 0.9828956 0.8396423 0.7553615 0.7112518 0.6897808 0.8682946 0.6596062 0.6520925 0.6792125 0.7171768 1.9969616 2.0224539 2.0545370 2.7329820 
A1.KE.06.06KECst_028.FJ623479          0.5389167 0.5921344 0.5574894 0.6435127 0.7172423 0.7410271 0.7745374 0.0000000 0.3206226 0.3984107 0.4052250 0.3625228 0.3887476 0.4806663 0.7420317 0.7150818 0.8060621 0.7424145 0.7464624 0.7573905 0.7298104 0.6797626 0.7490140 0.7725355 0.8436085 0.8200923 0.6990159 0.7447672 0.7544752 0.6928855 0.7284826 0.4507897 0.5486505 0.5581517 0.5912661 0.7411082 0.5896436 0.5792103 0.6496845 0.5767918 0.5823019 0.7131690 0.7743924 0.4801570 0.4615158 0.4381441 0.4881333 0.8506959 0.8385885 0.9125134 0.9098983 0.8784898 0.9099014 0.8866822 0.8186046 0.8532647 0.8519932 0.8627231 0.8521124 0.8684516 0.8165681 0.8016768 0.8579087 0.9418507 0.8705501 0.8609722 0.8794303 0.8692866 0.8615518 0.8578433 0.8665970 0.8812041 0.8476469 0.8030591 0.8119665 0.8803803 1.1693111 0.9180509 0.8519623 0.9063294 0.8725715 0.7980376 0.7738171 0.7739868 0.7314002 0.6961984 0.7998445 0.6851975 0.6394970 0.6143661 0.5851047 0.7396450 0.5379551 0.5399723 0.5599732 0.6118770 1.8339228 1.9312299 1.8936300 2.5396624 
A1.KE.06.06KECst_013.FJ623485          0.5468923 0.5913728 0.5654486 0.6732505 0.7295766 0.7593460 0.7938987 0.3206226 0.0000000 0.3992792 0.4265928 0.3811670 0.4121010 0.4794314 0.7485874 0.7290833 0.7877479 0.7426210 0.7404772 0.7533105 0.7364267 0.6942996 0.7498232 0.7880585 0.8500789 0.8337352 0.6914888 0.7370333 0.7680280 0.7207782 0.7052882 0.4562700 0.5660730 0.5630113 0.6138279 0.7625871 0.5929859 0.5898582 0.6746414 0.5793647 0.6042166 0.7198215 0.7854981 0.4969213 0.4706060 0.4417468 0.4951715 0.8603081 0.8254812 0.8991197 0.8934651 0.8948822 0.9021888 0.8813579 0.8342618 0.8558211 0.8589782 0.8435262 0.8476038 0.8546483 0.8081376 0.7987808 0.8574312 0.9225378 0.8771693 0.8618130 0.8858454 0.8662088 0.8674938 0.8671987 0.8763204 0.8827303 0.8573955 0.8206191 0.8119455 0.8829872 1.1925806 0.9032271 0.8445110 0.8888744 0.8565199 0.7886817 0.7759793 0.8020115 0.7306678 0.6880774 0.8089407 0.6823646 0.6501813 0.6178942 0.5922333 0.7494881 0.5423170 0.5469397 0.5628811 0.6137046 1.8945800 1.9288686 1.9586669 2.4836095 
35_AD.AF.06.007H.GQ477450              0.5244832 0.6082244 0.5813874 0.6541857 0.7241037 0.7621757 0.7856719 0.3984107 0.3992792 0.0000000 0.4241414 0.3838021 0.4128531 0.4823603 0.7397807 0.7400987 0.7857582 0.7324826 0.7383427 0.7683866 0.7370920 0.7000011 0.7584539 0.7935011 0.8683059 0.8593732 0.7062970 0.7492104 0.7760914 0.7159087 0.7419437 0.4621054 0.5609244 0.5649276 0.6013896 0.7472478 0.5924301 0.6038098 0.6626832 0.5872942 0.6109593 0.7359051 0.7922864 0.5012751 0.4869472 0.4509189 0.5093408 0.8450708 0.8482730 0.9226530 0.9147448 0.9398167 0.9417408 0.9138080 0.8482380 0.8821251 0.8757328 0.8787067 0.8859627 0.8633552 0.8431331 0.8075290 0.8718477 0.9459247 0.8864843 0.8602520 0.9126269 0.8710773 0.8777343 0.8941758 0.8670122 0.8877389 0.8673338 0.8063639 0.8281572 0.8950368 1.1794956 0.9329481 0.8550037 0.9008129 0.8973189 0.8190747 0.7961852 0.8105938 0.7329572 0.7117699 0.8174910 0.6976089 0.6550430 0.6309523 0.6004505 0.7382049 0.5497796 0.5585865 0.5667314 0.6202794 1.8473698 1.8987352 1.8626329 2.5624728 
A1.CY.07.CY208.JF683760                0.5422782 0.6024559 0.5639201 0.6422664 0.7152544 0.7515078 0.7691581 0.4052250 0.4265928 0.4241414 0.0000000 0.2371971 0.4215081 0.4852922 0.7368946 0.7275324 0.7913369 0.7400187 0.7611163 0.7702234 0.7316095 0.7002788 0.7468684 0.7898832 0.8567998 0.8412972 0.7008363 0.7426597 0.7733921 0.7240699 0.7151550 0.4600104 0.5626101 0.5554997 0.6099459 0.7643479 0.6060295 0.6078144 0.6654270 0.5821713 0.6015998 0.7160499 0.7624953 0.5053812 0.4893289 0.4450001 0.5079307 0.8563184 0.8512438 0.9137763 0.9006988 0.9085918 0.9081919 0.9042379 0.8323216 0.8561307 0.8623194 0.8774341 0.8638503 0.8759680 0.8252574 0.8122341 0.8612622 0.9297075 0.8786547 0.8755685 0.9144615 0.8852020 0.8959159 0.8799948 0.8667441 0.8854354 0.8478981 0.8164760 0.8354566 0.9020540 1.1611722 0.9330708 0.8521278 0.9110588 0.8787844 0.8204164 0.7980968 0.7931901 0.7268010 0.6997006 0.8231084 0.6835258 0.6444577 0.6090158 0.5859411 0.7635355 0.5497467 0.5432348 0.5637994 0.6172594 1.8779151 1.9495637 1.9088741 2.6023064 
A1.CY.05.CY051.FJ388903                0.5142533 0.5680774 0.5345669 0.6187196 0.6902325 0.7106207 0.7430134 0.3625228 0.3811670 0.3838021 0.2371971 0.0000000 0.3783066 0.4398907 0.6842519 0.6932795 0.7579000 0.7030515 0.7030147 0.7179227 0.6819719 0.6632612 0.6996713 0.7539565 0.8284728 0.7976738 0.6556218 0.6933256 0.7263269 0.6639143 0.6823769 0.4024268 0.5186125 0.5179168 0.5587777 0.7209198 0.5543827 0.5656518 0.6219171 0.5405570 0.5564731 0.6647783 0.7373101 0.4653314 0.4386861 0.4078281 0.4710291 0.8039813 0.8029624 0.8870278 0.8615291 0.8773258 0.8714703 0.8531951 0.7980174 0.8309467 0.8397217 0.8292097 0.8116623 0.8385934 0.7932915 0.7622072 0.7996230 0.8954077 0.8524612 0.8195932 0.8479294 0.8262538 0.8416133 0.8256973 0.8319212 0.8345343 0.8153845 0.7696120 0.7729956 0.8430349 1.1096330 0.8677373 0.8102966 0.8394459 0.8385727 0.7838110 0.7511639 0.7679671 0.7005187 0.6537020 0.7708849 0.6494964 0.6183226 0.5791467 0.5509765 0.7202762 0.5093486 0.5133497 0.5271329 0.5908448 1.8299830 1.8964743 1.8627138 2.5163848 
A1.UG.11.DEMA110UG001.KF859745         0.5200328 0.5758118 0.5259609 0.6116363 0.6969814 0.7107513 0.7292161 0.3887476 0.4121010 0.4128531 0.4215081 0.3783066 0.0000000 0.4513120 0.7087863 0.6840684 0.7451271 0.7117085 0.7104822 0.7235439 0.7007938 0.6688878 0.7163459 0.7597034 0.8416648 0.8099876 0.6651774 0.7137717 0.7393554 0.6759333 0.6933919 0.4229059 0.5369825 0.5479470 0.5832333 0.7371102 0.5739783 0.5700032 0.6546745 0.5632573 0.5785826 0.7036625 0.7581331 0.4640546 0.4542831 0.4180864 0.4821297 0.8138545 0.8017075 0.8811326 0.8640940 0.8686332 0.8918776 0.8726975 0.8044694 0.8570191 0.8373033 0.8313394 0.8249076 0.8273857 0.7869707 0.7589950 0.8020168 0.9243308 0.8351946 0.8576433 0.8796452 0.8582195 0.8433150 0.8374777 0.8434086 0.8719698 0.8122156 0.7904810 0.7908697 0.8679675 1.1223082 0.9067050 0.8215379 0.8629985 0.8467970 0.7868633 0.7490836 0.7846624 0.7140509 0.6644493 0.7740783 0.6627571 0.6073667 0.5770918 0.5610039 0.7094890 0.5051788 0.5159982 0.5306745 0.5746698 1.8598704 1.9451733 1.8978379 2.6146546 
A1C.UG.99.99UGF25926.AF484491          0.5689206 0.6126109 0.5833660 0.6744778 0.7505618 0.7667589 0.7838956 0.4806663 0.4794314 0.4823603 0.4852922 0.4398907 0.4513120 0.0000000 0.6186670 0.6016753 0.6603622 0.6134083 0.6268567 0.6312995 0.6261295 0.5979213 0.6309683 0.6947659 0.7403887 0.7432057 0.5767932 0.6259090 0.6560603 0.5946393 0.6113210 0.4546743 0.5837374 0.5800529 0.6356950 0.7840282 0.6106818 0.6256666 0.6924608 0.6052500 0.6137221 0.7320738 0.8070425 0.5068067 0.4974331 0.4634829 0.5137528 0.8729624 0.8632924 0.9257331 0.9269017 0.9267256 0.9330218 0.9317813 0.8599715 0.8861459 0.8779495 0.8770028 0.8719164 0.8949057 0.8419707 0.8314145 0.8910966 0.9612499 0.8939843 0.8690146 0.9033253 0.8950469 0.8715438 0.8938792 0.9088795 0.9006190 0.8846735 0.8460169 0.8482388 0.8987953 1.2215652 0.9263732 0.8694614 0.9376263 0.9044570 0.8294841 0.8070940 0.8165614 0.7730877 0.7283765 0.8310190 0.7134089 0.6710289 0.6400316 0.5925953 0.7532649 0.5669189 0.5618144 0.5848552 0.6439694 1.9276807 1.9869675 1.9511188 2.6136926 
A1C.IN.15.SC017.KY713232               0.7966200 0.8839285 0.8333541 0.9256842 0.9802144 1.0030085 1.0382461 0.7420317 0.7485874 0.7397807 0.7368946 0.6842519 0.7087863 0.6186670 0.0000000 0.6327602 0.6703889 0.6673519 0.6589025 0.6749173 0.6488229 0.6061192 0.6600304 0.7187527 0.7412428 0.7421411 0.5953277 0.6501164 0.6644431 0.6242113 0.6279931 0.7191993 0.8418444 0.8427555 0.8778692 1.0139260 0.8488252 0.8663033 0.9492038 0.8533926 0.8703100 0.9633039 1.0371145 0.7619810 0.7555062 0.7276164 0.7647570 1.1343473 1.1264328 1.2060843 1.1645155 1.1746909 1.2115330 1.1611011 1.1141577 1.1586169 1.1357954 1.1516571 1.1517129 1.1327945 1.1069869 1.1035337 1.1678750 1.2212830 1.1895050 1.1241120 1.1793900 1.1647077 1.1503122 1.1855969 1.2121085 1.1599028 1.1396895 1.0865217 1.1063498 1.1663980 1.4592334 1.2104586 1.1526952 1.1670968 1.1686274 1.1002784 1.0620755 1.0535253 1.0146648 0.9735763 1.0996489 0.9734061 0.9470064 0.8825101 0.8494473 1.0136970 0.8190537 0.8171988 0.8358066 0.8954968 2.1778943 2.2610575 2.2321374 2.7528998 
C.IL.99.99ET14.AY255825                0.7951995 0.8596000 0.7914221 0.8863264 0.9808442 1.0109559 1.0298112 0.7150818 0.7290833 0.7400987 0.7275324 0.6932795 0.6840684 0.6016753 0.6327602 0.0000000 0.4222362 0.4146273 0.4108976 0.4334634 0.4096891 0.3659714 0.4246248 0.4959311 0.5389313 0.5157311 0.3625105 0.4091933 0.4302688 0.3830182 0.3988151 0.7009795 0.8037515 0.8394258 0.8432933 0.9921415 0.8111572 0.8432823 0.9354680 0.8242675 0.8431721 0.9245236 1.0082473 0.7454824 0.7240781 0.7169126 0.7664482 1.0999928 1.1198276 1.1665290 1.1761646 1.1849907 1.1807206 1.1588376 1.1060931 1.1815408 1.1238164 1.1196711 1.1000398 1.1599990 1.0972828 1.0705657 1.1123463 1.1964682 1.1913966 1.1324713 1.1410606 1.1278338 1.1248499 1.1648850 1.1780572 1.1563804 1.1225492 1.0695545 1.0804774 1.1564864 1.4515005 1.1630138 1.1219105 1.1610322 1.1470963 1.0827100 1.0575066 1.0698936 1.0039880 0.9717954 1.0807199 0.9454887 0.9110888 0.8756548 0.8638093 0.9807821 0.8037258 0.7800567 0.8262804 0.8816006 2.1705649 2.3014324 2.1931695 2.9995359 
C.SE.09.035ZA.MF373148                 0.8316707 0.9188398 0.8511623 0.9588634 1.0301748 1.0621603 1.0517929 0.8060621 0.7877479 0.7857582 0.7913369 0.7579000 0.7451271 0.6603622 0.6703889 0.4222362 0.0000000 0.4750873 0.4675762 0.4884006 0.4634846 0.4334553 0.4886822 0.5389705 0.5967533 0.5680737 0.4299267 0.4620343 0.4885771 0.4429033 0.4457320 0.7459682 0.8618128 0.8838115 0.9109505 1.0678649 0.8987782 0.9116892 0.9829168 0.8630751 0.8892866 0.9905650 1.0633363 0.7980546 0.7938970 0.7833205 0.8120982 1.1660110 1.1452561 1.2245819 1.1904536 1.2329336 1.2213831 1.1825963 1.1350976 1.1722681 1.1781611 1.1696963 1.1715524 1.1835327 1.1510898 1.1370301 1.1840769 1.2684352 1.1992588 1.1659392 1.1887232 1.1711132 1.1662080 1.1954128 1.2017939 1.1780246 1.1510456 1.1311674 1.1695363 1.2178279 1.4728187 1.2253562 1.1776115 1.2313167 1.1625025 1.1256332 1.1003901 1.1142744 1.0705888 1.0350311 1.1261495 1.0054539 0.9638447 0.9354426 0.8836532 1.0437629 0.8595112 0.8314175 0.8717096 0.9347244 2.1924586 2.2391877 2.2222788 3.0029055 
C.ZA.04.04ZASK135B1.DQ011166           0.8135321 0.8843690 0.8540530 0.9106217 0.9878592 1.0280481 1.0682308 0.7424145 0.7426210 0.7324826 0.7400187 0.7030515 0.7117085 0.6134083 0.6673519 0.4146273 0.4750873 0.0000000 0.3208305 0.3457700 0.3575312 0.3241780 0.3837811 0.4387513 0.4944577 0.4780555 0.3280168 0.4039586 0.4226067 0.3773235 0.3829798 0.7259810 0.8468396 0.8567815 0.8665471 1.0443209 0.8709379 0.8669310 0.9668006 0.8413430 0.8628901 0.9877115 1.0482899 0.7688490 0.7570187 0.7124370 0.7846475 1.1096413 1.1328134 1.1778717 1.1608119 1.1860768 1.1871347 1.1959469 1.0961596 1.1756492 1.1296776 1.1434969 1.1471019 1.1411949 1.0954996 1.0658876 1.1353211 1.2110806 1.1554724 1.1011190 1.1744764 1.1576466 1.1517862 1.1419229 1.1743690 1.1537232 1.1393224 1.0762599 1.0800032 1.1726006 1.4692733 1.1958832 1.1406784 1.1702467 1.1302104 1.0683625 1.0638465 1.0856423 1.0477559 1.0109667 1.0758451 0.9645945 0.9264475 0.8884502 0.8574377 0.9973392 0.8337599 0.8240103 0.8345551 0.9010412 2.2839249 2.3356107 2.3053322 2.9817525 
C.ZA.03.03ZAPS130MB1.DQ275658          0.8127359 0.8784985 0.8532369 0.9146285 0.9794230 0.9910459 1.0295592 0.7464624 0.7404772 0.7383427 0.7611163 0.7030147 0.7104822 0.6268567 0.6589025 0.4108976 0.4675762 0.3208305 0.0000000 0.2935798 0.3594859 0.3294395 0.3987775 0.4581478 0.5097926 0.4911941 0.3414744 0.4068965 0.4380681 0.3838826 0.4055357 0.7359499 0.8559361 0.8637475 0.8888614 1.0593335 0.8663659 0.8937300 0.9826617 0.8419469 0.8777567 0.9993117 1.0567863 0.7774785 0.7663798 0.7408008 0.7703080 1.0978200 1.1127633 1.1859472 1.1846794 1.1848843 1.2011971 1.1744896 1.0933145 1.1541497 1.1406632 1.1401252 1.1381257 1.1442662 1.1187513 1.0606619 1.1475496 1.2167131 1.1647975 1.1068637 1.1311155 1.1227451 1.1191125 1.1564062 1.1444050 1.1582515 1.1166921 1.0691879 1.0878570 1.1509496 1.4103566 1.1759875 1.1472248 1.1667680 1.1512642 1.0829559 1.0596011 1.0868136 1.0441378 0.9961828 1.0868795 0.9618109 0.9159724 0.9077314 0.8538093 1.0248031 0.8419096 0.8093089 0.8350571 0.9260721 2.1494937 2.2322566 2.1901157 2.9163685 
C.ZA.97.97ZA012.AF286227               0.8418445 0.9059281 0.8446675 0.9414729 1.0077784 1.0419546 1.0456453 0.7573905 0.7533105 0.7683866 0.7702234 0.7179227 0.7235439 0.6312995 0.6749173 0.4334634 0.4884006 0.3457700 0.2935798 0.0000000 0.3874312 0.3525840 0.4035031 0.4661268 0.5263862 0.5052723 0.3626072 0.4293454 0.4533174 0.4078973 0.4140701 0.7491842 0.8730049 0.8806172 0.9067676 1.0803686 0.8884456 0.8975845 0.9845035 0.8764524 0.8872864 0.9842815 1.0816699 0.7903346 0.7594396 0.7500593 0.7953151 1.1143860 1.1448042 1.2236441 1.1944951 1.2248242 1.2201342 1.2177344 1.1312530 1.1969997 1.1574004 1.1690528 1.1541735 1.1683895 1.1686260 1.1161056 1.1822210 1.2097683 1.2081665 1.1432326 1.1733597 1.1623355 1.1579878 1.1820633 1.1883729 1.1640792 1.1520546 1.1089192 1.1022844 1.1776929 1.4602324 1.2284269 1.1676581 1.1884028 1.1720203 1.0948963 1.0962297 1.1296649 1.0715048 1.0204126 1.0866269 1.0064953 0.9651837 0.9132315 0.8846459 1.0135687 0.8618567 0.8404952 0.8615362 0.9293092 2.2563296 2.2891164 2.3042792 2.8878924 
C.BW.98.98BWMC14A3.AF443078            0.8180848 0.8982384 0.8438981 0.9273875 0.9881200 1.0277558 1.0491203 0.7298104 0.7364267 0.7370920 0.7316095 0.6819719 0.7007938 0.6261295 0.6488229 0.4096891 0.4634846 0.3575312 0.3594859 0.3874312 0.0000000 0.3261598 0.3837304 0.4386085 0.4893843 0.4754534 0.3308470 0.4078678 0.4267717 0.3817759 0.3954306 0.7153844 0.8340169 0.8301405 0.8591570 1.0153766 0.8381940 0.8584131 0.9362886 0.8544539 0.8604660 0.9711727 1.0384353 0.7523155 0.7384437 0.7308578 0.7729601 1.0969462 1.1051505 1.1656015 1.1743724 1.1648066 1.1722324 1.1546953 1.0967464 1.1604045 1.1189078 1.1486693 1.1002025 1.1424693 1.0854507 1.0825208 1.1234207 1.1939907 1.1562668 1.1177026 1.1351367 1.1217908 1.1099253 1.1373952 1.1426205 1.1365748 1.1005579 1.0625982 1.0948122 1.1508397 1.4347653 1.1732522 1.1309106 1.1635509 1.1282835 1.0843491 1.0483232 1.1098416 1.0416916 0.9810900 1.0819681 0.9717985 0.9267340 0.8945003 0.8501716 0.9838097 0.8221167 0.8097208 0.8456731 0.8968791 2.2096895 2.2551149 2.2358430 2.9544436 
C.ZA.99.99ZALT4.EU293444               0.7693570 0.8093939 0.7840105 0.8966284 0.9410530 0.9599161 1.0084348 0.6797626 0.6942996 0.7000011 0.7002788 0.6632612 0.6688878 0.5979213 0.6061192 0.3659714 0.4334553 0.3241780 0.3294395 0.3525840 0.3261598 0.0000000 0.3016307 0.4033178 0.4552519 0.4373325 0.3028630 0.3747406 0.3988076 0.3466334 0.3597411 0.6700744 0.7747188 0.7856956 0.8135200 0.9852077 0.7922075 0.8126286 0.8901454 0.7798865 0.8159057 0.9299464 0.9909653 0.7112627 0.6992220 0.6778017 0.7335295 1.0476301 1.0562310 1.1261083 1.1056826 1.1266948 1.1334749 1.1179567 1.0508586 1.1001149 1.0756465 1.0758445 1.0601922 1.0777703 1.0677498 1.0358607 1.0719169 1.1379601 1.1228404 1.0964390 1.0929307 1.1085374 1.0867761 1.0833591 1.1009694 1.1026896 1.0820206 1.0187840 1.0349805 1.1143088 1.4052953 1.1349417 1.1025790 1.1286106 1.0978148 1.0398821 1.0133341 1.0590662 0.9932729 0.9583025 1.0601852 0.9328936 0.8884283 0.8469053 0.8083444 0.9862133 0.7926752 0.7781786 0.7962788 0.8632131 2.2313148 2.2817983 2.1994011 2.9632948 
C.ZA.02.02ZAPS015MB1.DQ369995          0.8063466 0.8670367 0.8155239 0.9087792 0.9912532 1.0123199 1.0433867 0.7490140 0.7498232 0.7584539 0.7468684 0.6996713 0.7163459 0.6309683 0.6600304 0.4246248 0.4886822 0.3837811 0.3987775 0.4035031 0.3837304 0.3016307 0.0000000 0.4719637 0.5273361 0.5010659 0.3609175 0.4282117 0.4499137 0.4002127 0.4150227 0.7223635 0.8377840 0.8484571 0.8829815 1.0324249 0.8562669 0.8618415 0.9578504 0.8402792 0.8590083 0.9933371 1.0517446 0.7613905 0.7573963 0.7338345 0.7762261 1.0845541 1.0902401 1.1818016 1.1612762 1.1779590 1.1674431 1.1580638 1.0908048 1.1485762 1.1147650 1.1188424 1.1096319 1.1105279 1.0951662 1.0860312 1.1113696 1.1851832 1.1701691 1.1325768 1.1313527 1.1279192 1.1184654 1.1464235 1.1498856 1.1467573 1.1288143 1.0717168 1.0821588 1.1315847 1.4524830 1.1657660 1.1496451 1.1817741 1.1522153 1.0493180 1.0634614 1.0644822 1.0073544 0.9928627 1.1168289 0.9666681 0.9494616 0.8917231 0.8704913 1.0007606 0.8397009 0.8141749 0.8610790 0.8999842 2.1917340 2.2355610 2.2096968 2.9770757 
C.GB.14.13659_1_48.3.MF109437          0.8483196 0.9156610 0.8651344 0.9907914 1.0488602 1.0791264 1.0945015 0.7725355 0.7880585 0.7935011 0.7898832 0.7539565 0.7597034 0.6947659 0.7187527 0.4959311 0.5389705 0.4387513 0.4581478 0.4661268 0.4386085 0.4033178 0.4719637 0.0000000 0.5373939 0.5110148 0.4068796 0.4743315 0.5050484 0.4534018 0.4751450 0.7661841 0.8718533 0.8824822 0.9356522 1.0654318 0.8978603 0.9259949 0.9914269 0.9014333 0.9181031 1.0447428 1.0968889 0.8206390 0.8156887 0.7911823 0.8378476 1.1621183 1.1805300 1.2396344 1.2433881 1.2521433 1.2495194 1.2382281 1.1753451 1.1899060 1.1673622 1.2062381 1.1942924 1.1794858 1.1777164 1.1403249 1.1904352 1.2892222 1.2119396 1.1651693 1.2315476 1.2227986 1.2184317 1.2095624 1.2443823 1.2243599 1.1881820 1.1566468 1.1545304 1.2101610 1.5132643 1.2668523 1.2076517 1.2325521 1.2142191 1.1386289 1.1203235 1.1548979 1.0841821 1.0560125 1.1302586 1.0069854 0.9594848 0.9050728 0.8977423 1.0636689 0.8731796 0.8539485 0.8700016 0.9359523 2.2598715 2.2950168 2.3507340 2.9015372 
BC.CN.07.07CNYN340.KF835526            0.9271246 0.9834446 0.9263105 1.0138561 1.1132871 1.1383497 1.1458164 0.8436085 0.8500789 0.8683059 0.8567998 0.8284728 0.8416648 0.7403887 0.7412428 0.5389313 0.5967533 0.4944577 0.5097926 0.5263862 0.4893843 0.4552519 0.5273361 0.5373939 0.0000000 0.4069300 0.4640213 0.5307330 0.5615455 0.5162184 0.5236894 0.8263212 0.9312275 0.9532465 0.9833966 1.1403693 0.9717716 0.9622822 1.0934965 0.9453641 0.9700478 1.1069841 1.1680559 0.8579679 0.8903235 0.8296068 0.8853483 1.2311894 1.2073897 1.2929227 1.2372949 1.3079285 1.3157113 1.2940174 1.2073878 1.3035340 1.2695333 1.2501978 1.2622183 1.2441271 1.2370761 1.1819813 1.2414418 1.3039718 1.2605680 1.2221693 1.2544405 1.2672831 1.2361680 1.2575125 1.2670555 1.2401566 1.2169855 1.1967092 1.1854024 1.2650964 1.5758896 1.2927754 1.2422242 1.2731687 1.2610020 1.2042159 1.1657956 1.1847253 1.1146013 1.0941236 1.2333491 1.0916278 1.0391892 1.0045056 0.9754075 1.1299244 0.9356584 0.9169261 0.9499752 1.0163458 2.3179796 2.3819823 2.3639198 3.0276874 
85_BC.CN.14.14CN_SCYB4.KU992932        0.9144917 0.9765182 0.9441166 1.0116889 1.0964243 1.1150855 1.1505427 0.8200923 0.8337352 0.8593732 0.8412972 0.7976738 0.8099876 0.7432057 0.7421411 0.5157311 0.5680737 0.4780555 0.4911941 0.5052723 0.4754534 0.4373325 0.5010659 0.5110148 0.4069300 0.0000000 0.4476278 0.4993566 0.5327303 0.4935020 0.4988647 0.8088427 0.9362660 0.9411869 0.9783121 1.1262538 0.9641019 0.9580677 1.0708962 0.9577860 0.9812363 1.0939537 1.1784522 0.8675535 0.8439659 0.8302833 0.8708288 1.2143594 1.2066080 1.3042974 1.2494759 1.2735608 1.2954217 1.3064992 1.1882682 1.2755477 1.2195114 1.2365585 1.2178702 1.2209817 1.2060107 1.1689721 1.2321027 1.3293666 1.2648736 1.2210315 1.2883726 1.2396397 1.2528957 1.2303204 1.2513848 1.2333600 1.2184689 1.1842495 1.1628103 1.2724834 1.4936666 1.3027414 1.2299593 1.2947174 1.2593193 1.1957987 1.1593737 1.1676664 1.1383236 1.1008867 1.1636608 1.0764179 1.0320060 0.9858381 0.9428775 1.1051698 0.9275346 0.8880485 0.9468191 0.9882846 2.3360427 2.3813614 2.3507277 3.0049776 
C.BW.00.00BW076820.AF443089            0.7653319 0.8469468 0.7819243 0.8747579 0.9638051 0.9755019 1.0148893 0.6990159 0.6914888 0.7062970 0.7008363 0.6556218 0.6651774 0.5767932 0.5953277 0.3625105 0.4299267 0.3280168 0.3414744 0.3626072 0.3308470 0.3028630 0.3609175 0.4068796 0.4640213 0.4476278 0.0000000 0.3629860 0.3825589 0.3356352 0.3496920 0.6799994 0.7932115 0.7877513 0.8212561 0.9814792 0.8166594 0.8192923 0.9032891 0.7938597 0.8036957 0.9232973 1.0080177 0.7124109 0.7074369 0.6729500 0.7296850 1.0746224 1.0935050 1.1816147 1.1360187 1.1647522 1.1695825 1.1254219 1.0553393 1.1206224 1.0677876 1.0994889 1.0710484 1.0902092 1.0817890 1.0346558 1.1106280 1.1835848 1.1354322 1.1001302 1.1202212 1.1084838 1.0877644 1.1126263 1.1178084 1.0804344 1.0891329 1.0449641 1.0703579 1.1344845 1.4151584 1.1538291 1.0990400 1.1503955 1.1108614 1.0465425 1.0262338 1.0706397 1.0127972 0.9642349 1.0562375 0.9278391 0.8846488 0.8443923 0.8151910 0.9566134 0.8015665 0.7635636 0.7962915 0.8583872 2.1753811 2.2445274 2.2452071 2.9782285 
C.ZA.04.04ZASK170B1.DQ093595           0.8026093 0.8821161 0.8306829 0.9277606 0.9866604 1.0103777 1.0387866 0.7447672 0.7370333 0.7492104 0.7426597 0.6933256 0.7137717 0.6259090 0.6501164 0.4091933 0.4620343 0.4039586 0.4068965 0.4293454 0.4078678 0.3747406 0.4282117 0.4743315 0.5307330 0.4993566 0.3629860 0.0000000 0.3463300 0.2934557 0.3527352 0.7132207 0.8533094 0.8737392 0.8900736 1.0456093 0.8759123 0.8889186 0.9667224 0.8534240 0.8590194 0.9869438 1.0459477 0.7763846 0.7598754 0.7411819 0.7820933 1.0890614 1.1409076 1.1966330 1.1712980 1.1749721 1.1783052 1.1696224 1.1054420 1.1551776 1.1399778 1.1386511 1.0990588 1.1265766 1.1162222 1.1025169 1.1287076 1.2178521 1.1524067 1.1420270 1.1605649 1.1555865 1.1461410 1.1617429 1.1774835 1.1403201 1.1346295 1.0917433 1.1023992 1.1711177 1.4374461 1.2094964 1.1435126 1.1665980 1.1326024 1.0998707 1.0663610 1.0685635 1.0248629 0.9870117 1.0883191 0.9750733 0.9355129 0.9093217 0.8621098 1.0300014 0.8209062 0.8257198 0.8520336 0.9053015 2.1729753 2.2296885 2.1998012 2.9542884 
C.TZ.02.CO6721.AY734560                0.8055892 0.9030256 0.8346797 0.9294998 0.9948882 1.0467799 1.0758192 0.7544752 0.7680280 0.7760914 0.7733921 0.7263269 0.7393554 0.6560603 0.6644431 0.4302688 0.4885771 0.4226067 0.4380681 0.4533174 0.4267717 0.3988076 0.4499137 0.5050484 0.5615455 0.5327303 0.3825589 0.3463300 0.0000000 0.2514801 0.3642734 0.7175141 0.8542985 0.8663689 0.8831265 1.0237170 0.8861701 0.8768183 0.9723590 0.8581804 0.8709018 1.0085246 1.0789057 0.7798965 0.7933686 0.7517443 0.7994962 1.1247172 1.1553244 1.2303177 1.1897178 1.2136886 1.2087757 1.1953981 1.1087479 1.1835595 1.1655482 1.1584322 1.1357045 1.1778235 1.1509667 1.1037481 1.1686539 1.2662678 1.2114262 1.1509660 1.1676021 1.1586026 1.1652855 1.1772516 1.1904212 1.1639490 1.1475588 1.1226296 1.1143496 1.1995669 1.4242137 1.2253982 1.1499865 1.1950166 1.1828033 1.1027702 1.0882619 1.0876590 1.0670126 1.0224698 1.1129888 0.9952092 0.9328007 0.9072139 0.8786350 1.0367748 0.8361777 0.8243538 0.8530695 0.9163120 2.2726436 2.3190786 2.2949960 3.1203818 
C.TZ.01.BD39_8.AY253313                0.7745107 0.8454534 0.7844842 0.8959509 0.9665508 0.9781975 1.0106123 0.6928855 0.7207782 0.7159087 0.7240699 0.6639143 0.6759333 0.5946393 0.6242113 0.3830182 0.4429033 0.3773235 0.3838826 0.4078973 0.3817759 0.3466334 0.4002127 0.4534018 0.5162184 0.4935020 0.3356352 0.2934557 0.2514801 0.0000000 0.3133864 0.6719503 0.8116264 0.8267639 0.8379610 0.9910749 0.8167953 0.8230159 0.9466724 0.8190891 0.8218485 0.9522510 1.0133143 0.7275943 0.7306286 0.6896712 0.7548199 1.0707631 1.1108209 1.1666049 1.1570637 1.1752517 1.1560650 1.1597541 1.0641041 1.1498745 1.1060938 1.1200427 1.0955138 1.1079824 1.0948351 1.0488159 1.1274364 1.2002425 1.1288620 1.1161810 1.1331511 1.1430390 1.1220805 1.1278992 1.1386996 1.1349557 1.1349158 1.0590195 1.0762667 1.1639973 1.4120335 1.1922512 1.1166020 1.1593302 1.1313755 1.0577588 1.0064360 1.0399109 0.9971509 0.9605299 1.0505024 0.9275848 0.8797252 0.8636754 0.8243600 0.9806018 0.7909436 0.7705122 0.7941648 0.8853228 2.1638929 2.2779759 2.2037150 2.9090702 
C.ZA.03.03ZAPS067MB2.DQ396389          0.7970324 0.8700620 0.8009145 0.8967419 0.9814162 0.9938292 1.0146747 0.7284826 0.7052882 0.7419437 0.7151550 0.6823769 0.6933919 0.6113210 0.6279931 0.3988151 0.4457320 0.3829798 0.4055357 0.4140701 0.3954306 0.3597411 0.4150227 0.4751450 0.5236894 0.4988647 0.3496920 0.3527352 0.3642734 0.3133864 0.0000000 0.6873015 0.8358080 0.8352712 0.8659639 0.9921603 0.8572807 0.8566601 0.9404843 0.8455167 0.8575449 0.9557088 1.0265634 0.7478753 0.7357599 0.7135017 0.7706300 1.1220405 1.1095953 1.1918970 1.1668482 1.1967924 1.1916314 1.1773490 1.1038873 1.1604977 1.1226277 1.1344398 1.1183010 1.1292789 1.1106392 1.0822282 1.1574678 1.1967397 1.1944068 1.1247394 1.1493927 1.1401599 1.1324053 1.1569955 1.1471928 1.1489185 1.1377646 1.0842980 1.0909633 1.1528545 1.4273399 1.1983538 1.1564912 1.2003634 1.1486551 1.1028735 1.0800745 1.0873935 1.0290916 1.0022636 1.0870115 0.9504110 0.9352113 0.8754928 0.8439212 0.9869187 0.7980691 0.7857104 0.8311603 0.8821007 2.2235817 2.2979571 2.2437265 2.9767403 
A1D.UG.99.99UGJ21953.AF484496          0.5377236 0.5961762 0.5589548 0.6391367 0.7125561 0.7545123 0.7786848 0.4507897 0.4562700 0.4621054 0.4600104 0.4024268 0.4229059 0.4546743 0.7191993 0.7009795 0.7459682 0.7259810 0.7359499 0.7491842 0.7153844 0.6700744 0.7223635 0.7661841 0.8263212 0.8088427 0.6799994 0.7132207 0.7175141 0.6719503 0.6873015 0.0000000 0.5740234 0.5657284 0.6066999 0.7582782 0.5882949 0.6046663 0.6546604 0.5771096 0.6044032 0.7003792 0.7666342 0.5061047 0.4870124 0.4461699 0.5076921 0.8423205 0.8284264 0.9133264 0.9056475 0.8935786 0.9102426 0.8945865 0.8118850 0.8773159 0.8446383 0.8608260 0.8462800 0.8445914 0.8222719 0.7988687 0.8328838 0.9213229 0.8858937 0.8503623 0.8838074 0.8808221 0.8598174 0.8676227 0.8687044 0.8588819 0.8452180 0.8032974 0.8125333 0.8686558 1.1393394 0.9105069 0.8376900 0.8835764 0.8799724 0.7880931 0.7843373 0.7950653 0.7396502 0.7142348 0.7997624 0.6960699 0.6474141 0.6213064 0.5952184 0.7393166 0.5521109 0.5392873 0.5571848 0.6255874 1.8597890 1.9043266 1.8851792 2.6195749 
01_AE.CN.02.YN0236.JX112866            0.6045979 0.6784729 0.6224235 0.7013630 0.7683062 0.7889935 0.8295292 0.5486505 0.5660730 0.5609244 0.5626101 0.5186125 0.5369825 0.5837374 0.8418444 0.8037515 0.8618128 0.8468396 0.8559361 0.8730049 0.8340169 0.7747188 0.8377840 0.8718533 0.9312275 0.9362660 0.7932115 0.8533094 0.8542985 0.8116264 0.8358080 0.5740234 0.0000000 0.1572478 0.2068123 0.3763193 0.2046289 0.2097546 0.2958593 0.2142060 0.2375032 0.4667419 0.5452916 0.4278146 0.5207185 0.5067781 0.5465062 0.8878879 0.8927161 0.9844686 0.9615219 0.9555439 0.9683017 0.9361073 0.9055514 0.9408974 0.9241455 0.9277328 0.9100080 0.9306258 0.8816158 0.8641496 0.9257658 0.9949806 0.9191727 0.9035158 0.9552243 0.9455637 0.9344867 0.9292964 0.9542757 0.9359210 0.9060394 0.8611402 0.8683892 0.9482065 1.2198298 0.9849601 0.9091967 0.9420121 0.9423290 0.8534829 0.8392966 0.8554198 0.8065177 0.7670540 0.8848738 0.7333153 0.6934227 0.6526607 0.6394192 0.8102442 0.6062935 0.6024805 0.6299898 0.6859686 1.9295355 1.9797211 2.0419492 2.6212438 
01_AE.TH.99.99TH_C4460.AY945726        0.6127208 0.6679169 0.6269619 0.7142036 0.7764100 0.8126686 0.8368949 0.5581517 0.5630113 0.5649276 0.5554997 0.5179168 0.5479470 0.5800529 0.8427555 0.8394258 0.8838115 0.8567815 0.8637475 0.8806172 0.8301405 0.7856956 0.8484571 0.8824822 0.9532465 0.9411869 0.7877513 0.8737392 0.8663689 0.8267639 0.8352712 0.5657284 0.1572478 0.0000000 0.2092513 0.3783283 0.2018786 0.2079500 0.2927246 0.2171315 0.2399112 0.4600181 0.5459979 0.4275513 0.5093029 0.5078648 0.5567503 0.8974240 0.9087519 0.9938036 0.9745834 0.9484593 0.9865554 0.9473002 0.9079941 0.9319319 0.9208646 0.9347300 0.9022812 0.9317650 0.8932591 0.8701332 0.9270435 0.9993424 0.9414343 0.9220121 0.9676113 0.9452491 0.9294570 0.9398733 0.9502553 0.9537254 0.8955493 0.8726457 0.8769626 0.9597775 1.2303862 0.9765463 0.9199641 0.9481969 0.9401759 0.8569624 0.8516800 0.8638240 0.8103124 0.7793876 0.8830312 0.7451783 0.6979357 0.6566554 0.6435451 0.8044079 0.6120019 0.6012703 0.6168162 0.6738773 1.9310316 1.9732764 2.0425133 2.5905096 
01_AE.CN.07.GX070143.JX112835          0.6385966 0.7004049 0.6508729 0.7597873 0.8247323 0.8560252 0.8761273 0.5912661 0.6138279 0.6013896 0.6099459 0.5587777 0.5832333 0.6356950 0.8778692 0.8432933 0.9109505 0.8665471 0.8888614 0.9067676 0.8591570 0.8135200 0.8829815 0.9356522 0.9833966 0.9783121 0.8212561 0.8900736 0.8831265 0.8379610 0.8659639 0.6066999 0.2068123 0.2092513 0.0000000 0.4161454 0.2422239 0.2457425 0.3349902 0.2608656 0.2790278 0.5106463 0.5775910 0.4822319 0.5460986 0.5352080 0.5860383 0.9430465 0.9473017 1.0333994 1.0145407 0.9985004 1.0348512 0.9969966 0.9467011 0.9881020 0.9579716 0.9716439 0.9467985 0.9856010 0.9281104 0.9226860 0.9829583 1.0574147 0.9807374 0.9704856 0.9972530 0.9934223 0.9619398 0.9846540 0.9894733 0.9967293 0.9293684 0.9177006 0.9235317 0.9858532 1.2542577 1.0342003 0.9461148 0.9917848 0.9947937 0.9052938 0.9015298 0.8928350 0.8503340 0.8033871 0.9197431 0.7882221 0.7570785 0.7055091 0.6788464 0.8426929 0.6422638 0.6424031 0.6682290 0.7121994 1.9793722 2.0385240 2.0526915 2.6485608 
69_01B.JP.05.05JPMYC113SP420.LC027100  0.7933939 0.8691068 0.8041078 0.9082177 0.9424326 1.0157182 1.0265552 0.7411082 0.7625871 0.7472478 0.7643479 0.7209198 0.7371102 0.7840282 1.0139260 0.9921415 1.0678649 1.0443209 1.0593335 1.0803686 1.0153766 0.9852077 1.0324249 1.0654318 1.1403693 1.1262538 0.9814792 1.0456093 1.0237170 0.9910749 0.9921603 0.7582782 0.3763193 0.3783283 0.4161454 0.0000000 0.4069694 0.4227688 0.5012521 0.4283741 0.4500310 0.6569324 0.7323745 0.6352034 0.6922012 0.6959036 0.7472542 1.0831396 1.0767090 1.1639703 1.1357916 1.1815101 1.1519184 1.1546149 1.0839041 1.1135607 1.0820349 1.1170227 1.1259090 1.1274544 1.0653185 1.0620416 1.1146249 1.1847358 1.0986398 1.0946846 1.1380430 1.1253026 1.0883356 1.1363665 1.1370082 1.1065948 1.0823787 1.0272229 1.0407046 1.1348117 1.4119616 1.1590581 1.0899064 1.1400440 1.1131748 1.0649224 1.0441580 1.0469528 1.0043138 0.9627046 1.0775211 0.9320214 0.9136643 0.8661294 0.8370504 0.9894915 0.7988450 0.7747047 0.8213116 0.8729136 2.1337406 2.1859299 2.2089867 2.8171133 
01_AE.TH.07.AA030a04.JX447057          0.6358071 0.7024451 0.6370978 0.7558767 0.8009820 0.8318917 0.8501127 0.5896436 0.5929859 0.5924301 0.6060295 0.5543827 0.5739783 0.6106818 0.8488252 0.8111572 0.8987782 0.8709379 0.8663659 0.8884456 0.8381940 0.7922075 0.8562669 0.8978603 0.9717716 0.9641019 0.8166594 0.8759123 0.8861701 0.8167953 0.8572807 0.5882949 0.2046289 0.2018786 0.2422239 0.4069694 0.0000000 0.2318016 0.3186500 0.2420517 0.2626005 0.4922003 0.5711182 0.4563019 0.5309573 0.5254294 0.5758011 0.9264916 0.9383110 1.0003870 0.9707490 0.9780824 1.0071378 0.9636929 0.9406506 0.9665472 0.9328609 0.9442237 0.9392592 0.9594196 0.9273617 0.8917576 0.9645277 1.0133711 0.9519661 0.9364943 0.9717853 0.9469556 0.9318562 0.9531043 0.9820294 0.9857660 0.9230675 0.9017773 0.8951498 0.9714030 1.2418079 0.9975524 0.9472199 0.9660804 0.9628785 0.8870772 0.8678463 0.8698679 0.8236064 0.7815865 0.9144517 0.7471930 0.7397254 0.6800830 0.6682371 0.8249361 0.6438849 0.6359894 0.6392575 0.7011253 1.9805973 2.0200283 2.0884207 2.6416267 
01_AE.CN.07.07CNYN326.KF835513         0.6330740 0.6964923 0.6483433 0.7392593 0.7995117 0.8326150 0.8756793 0.5792103 0.5898582 0.6038098 0.6078144 0.5656518 0.5700032 0.6256666 0.8663033 0.8432823 0.9116892 0.8669310 0.8937300 0.8975845 0.8584131 0.8126286 0.8618415 0.9259949 0.9622822 0.9580677 0.8192923 0.8889186 0.8768183 0.8230159 0.8566601 0.6046663 0.2097546 0.2079500 0.2457425 0.4227688 0.2318016 0.0000000 0.3219629 0.2547680 0.2779900 0.4895224 0.5723245 0.4666414 0.5494193 0.5302465 0.5811268 0.9397477 0.9360957 0.9975370 1.0190556 0.9874278 1.0093663 0.9709410 0.9460841 0.9728804 0.9381542 0.9542246 0.9525549 0.9728483 0.9286264 0.9035282 0.9625260 1.0356449 0.9568158 0.9602694 0.9835834 0.9697718 0.9693642 0.9799309 0.9894250 0.9901133 0.9328176 0.9119608 0.9175661 0.9875883 1.2519487 1.0026235 0.9489816 0.9874014 0.9555465 0.9003698 0.8684554 0.8757553 0.8348765 0.7994068 0.9212831 0.7698998 0.7294009 0.6847505 0.6708315 0.8447148 0.6351867 0.6354939 0.6629461 0.7129710 1.9059213 1.9792010 2.0265836 2.6313937 
