100
02A1.GH.97.97GH_AG2.AB052867           0.0000000 0.3682395 0.4584004 0.5474504 0.5929202 0.6356617 0.6562301 0.5582825 0.5570100 0.5714842 0.5798932 0.5237763 0.5364448 0.5843785 0.8761290 0.8012698 0.8744601 0.8529107 0.8541189 0.8839975 0.8488133 0.7808395 0.8717865 0.9278607 0.9740687 0.9344541 0.7864241 0.8269650 0.7996379 0.8028261 0.8322285 0.5763538 0.6392832 0.6458564 0.6800232 0.8488236 0.6731600 0.6690142 0.7278771 0.6620825 0.6732485 0.7943570 0.8729582 0.5456284 0.5312565 0.5161439 0.4840659 0.7954005 0.8224467 0.8578704 0.8368190 0.8260533 0.8634756 0.8599993 0.7787700 0.8103391 0.8029227 0.7992731 0.8022436 0.8041600 0.7865785 0.7405810 0.8232383 0.8742583 0.8437703 0.8075890 0.8195425 0.7953860 0.8037567 0.7923254 0.8525793 0.8189636 0.7888855 0.7949292 0.7811847 0.8406964 1.1052040 0.8540466 0.8040444 0.8402071 0.8272936 0.7516393 0.7707853 0.7402013 0.6998867 0.6709472 0.7605506 0.6426888 0.5063629 0.4438403 0.4095686 0.5518361 0.3535183 0.3583661 0.3787907 0.4333176 1.7545208 1.7903421 1.7838262 2.5124209 
02A.CI.16.DEURF16CI011.MH078538        0.3682395 0.0000000 0.5212902 0.6069011 0.6487166 0.6935045 0.7004606 0.6008035 0.6077466 0.6260552 0.6244973 0.5758275 0.5899436 0.6432732 0.9133333 0.8610124 0.8908139 0.8657819 0.8650519 0.8949103 0.8646923 0.8324658 0.9066431 0.9498271 1.0116386 0.9676772 0.8295512 0.8782141 0.8515994 0.8452780 0.8646224 0.6394045 0.6964910 0.6940192 0.7467240 0.9008227 0.7416895 0.7105768 0.7961066 0.7108148 0.7435846 0.8318514 0.9242793 0.6105598 0.5957466 0.5667596 0.5468172 0.8466973 0.8766203 0.9254686 0.9018113 0.8924282 0.9473103 0.9170972 0.8351055 0.8769887 0.8587188 0.8598501 0.8575566 0.8659762 0.8349044 0.7880267 0.8689256 0.9499239 0.9019690 0.8565623 0.8904880 0.8546141 0.8716307 0.8494489 0.8922670 0.8715740 0.8371776 0.8228207 0.8201314 0.8918031 1.1461010 0.9092953 0.8643393 0.8901690 0.8783794 0.7968615 0.8416691 0.7924183 0.7382522 0.7302101 0.8425555 0.6933799 0.5703037 0.4763085 0.4479147 0.6120681 0.4072168 0.3987598 0.4273531 0.4971144 1.7558378 1.8326727 1.8476508 2.5492180 
AGU.CM.06.770_8.MH705142               0.4584004 0.5212902 0.0000000 0.5240438 0.5765565 0.6114005 0.6356832 0.5643489 0.5532595 0.5835058 0.5987590 0.5444655 0.5318285 0.6047074 0.8563238 0.8181415 0.8650117 0.8700192 0.8458834 0.8888388 0.8560991 0.8192695 0.8674273 0.9472114 0.9620964 0.9406135 0.8091406 0.8569850 0.8091360 0.7977246 0.8187873 0.5869786 0.6591450 0.6538933 0.6977619 0.8623862 0.6782759 0.6741837 0.7464298 0.6612914 0.6850774 0.7885447 0.8695294 0.5529096 0.5568252 0.5106920 0.4948196 0.8296727 0.8691001 0.8735280 0.8744853 0.9020782 0.8947821 0.9193717 0.8165432 0.8410789 0.8309745 0.8411618 0.8598572 0.8191746 0.8192754 0.7646163 0.8594139 0.8945750 0.8686516 0.8370217 0.8753974 0.8557579 0.8727529 0.8240145 0.8837372 0.8508012 0.8222576 0.7999322 0.7900977 0.8686495 1.1305217 0.8809158 0.8319490 0.8555728 0.8547667 0.7751034 0.7929558 0.7681669 0.7199732 0.6794397 0.8070701 0.6470603 0.5658793 0.5300709 0.4947353 0.6766119 0.4802437 0.4781201 0.4966470 0.5510122 1.8280429 1.8450398 1.8922488 2.5663780 
G.NG.92.92NG083_JV10832.U88826         0.5474504 0.6069011 0.5240438 0.0000000 0.3520854 0.3952230 0.4283720 0.6617620 0.6582459 0.6701214 0.7052172 0.6358431 0.6338558 0.6939725 0.9655920 0.9004713 0.9428009 0.9518943 0.9183918 0.9565621 0.9228579 0.8747841 0.9586629 1.0165389 1.0571938 1.0155547 0.8931156 0.9234148 0.9020057 0.8868354 0.9309647 0.6682082 0.7252848 0.7319856 0.7612346 0.9333977 0.7530601 0.7460256 0.8461013 0.7416743 0.7648065 0.8661758 0.9381690 0.6628696 0.6339026 0.6079728 0.5835617 0.9106299 0.9465727 0.9667402 0.9309545 0.9786389 0.9993361 0.9766739 0.9063150 0.9258898 0.8921815 0.9113346 0.9341766 0.9124689 0.8979864 0.8637511 0.9365799 0.9836331 0.9774256 0.9054089 0.9544809 0.9250427 0.9265565 0.9078673 0.9349973 0.9147816 0.9142665 0.8792222 0.8561558 0.9303496 1.1772914 0.9482095 0.9117334 0.9302376 0.9267952 0.8629203 0.8679197 0.8571151 0.8067487 0.7751987 0.8816513 0.7222254 0.6418822 0.6024321 0.5811241 0.7468958 0.5523153 0.5515865 0.5569877 0.6463446 1.8889678 1.9592209 1.9772592 2.5719228 
G.NG.09.09NG010261.KX389626            0.5929202 0.6487166 0.5765565 0.3520854 0.0000000 0.4533081 0.4875700 0.7102262 0.7055333 0.7251955 0.7441198 0.6949713 0.6847803 0.7670625 1.0197312 0.9421731 1.0045725 0.9733793 0.9887438 1.0225700 0.9790859 0.9376487 1.0159723 1.0709557 1.1248082 1.0572100 0.9414197 0.9748767 0.9556775 0.9520908 0.9984027 0.7289868 0.7990305 0.7746176 0.8156055 0.9991041 0.8211431 0.8083181 0.9228282 0.7992644 0.8208898 0.9198211 1.0163410 0.6951853 0.6859234 0.6545592 0.6389675 0.9368413 0.9855419 1.0119997 0.9781656 1.0008366 1.0268941 1.0136562 0.9408725 0.9660411 0.9431404 0.9610482 0.9658251 0.9596299 0.9260606 0.8857354 0.9751585 1.0309696 1.0124442 0.9598278 0.9920811 0.9585006 0.9539801 0.9484266 1.0049669 0.9580648 0.9507129 0.9227979 0.8914904 0.9849147 1.2393765 1.0036087 0.9676155 0.9623812 0.9881880 0.9090813 0.9348603 0.9094493 0.8608971 0.8116729 0.9153487 0.7826370 0.6847110 0.6460962 0.6177755 0.7983327 0.6033822 0.5890994 0.6162821 0.6925823 1.9449574 2.0121238 2.0698208 2.6864414 
01F2G.CM.02.LT31.JN864056              0.6356617 0.6935045 0.6114005 0.3952230 0.4533081 0.0000000 0.4219074 0.7625934 0.7657618 0.7783743 0.7803741 0.7428226 0.7375154 0.7989749 1.1041718 0.9911258 1.0385991 1.0168851 1.0365060 1.0466158 1.0236979 1.0017698 1.0797501 1.0895170 1.1554444 1.1285972 0.9888742 1.0101509 0.9956384 0.9695287 1.0167676 0.7793570 0.8205485 0.8230870 0.8507254 1.0259760 0.8422823 0.8391406 0.9158602 0.8389484 0.8684136 0.9462151 1.0683814 0.7509335 0.7359442 0.7163594 0.6879484 1.0011065 1.0305804 1.0260002 1.0418751 1.0737059 1.0958978 1.0740879 0.9945529 1.0296577 0.9900593 1.0136014 1.0021574 1.0043169 0.9719871 0.9412299 1.0370442 1.0862086 1.0814427 1.0022008 1.0556933 1.0149701 1.0548476 1.0121844 1.0462115 1.0090956 1.0107748 0.9935457 0.9814369 1.0309839 1.2712766 1.0520025 1.0314109 1.0372657 1.0403019 0.9511657 0.9899258 0.9686402 0.9097944 0.8770511 0.9901030 0.8319008 0.7456863 0.7178579 0.6760949 0.8531931 0.6478353 0.6433191 0.6674991 0.7368964 1.9854252 2.0493764 2.0327395 2.6302973 
BCG.ES.15.100_119.KY496623             0.6562301 0.7004606 0.6356832 0.4283720 0.4875700 0.4219074 0.0000000 0.7733806 0.7647467 0.7967227 0.7901322 0.7410196 0.7569335 0.8003340 1.0628513 1.0133909 1.0672956 1.0538672 1.0537194 1.0680702 1.0428854 1.0079641 1.1041165 1.1153878 1.1820130 1.1191754 1.0022751 1.0417549 1.0068620 0.9886866 1.0398211 0.7720837 0.8414817 0.8262478 0.8686150 1.0321467 0.8666567 0.8450005 0.9347066 0.8482508 0.8944327 0.9971406 1.1029394 0.7510840 0.7383105 0.7083710 0.6981584 1.0026184 1.0499907 1.0955524 1.0634521 1.0992929 1.1000614 1.0724588 0.9973394 1.0532086 1.0033136 1.0254969 1.0390564 1.0315959 1.0004066 0.9688444 1.0395348 1.1285617 1.0663765 1.0291277 1.0622701 1.0163271 1.0476916 1.0561195 1.0753451 1.0308944 1.0062925 0.9990326 0.9828529 1.0527474 1.3435341 1.0587830 1.0342044 1.0478579 1.0411804 0.9844530 0.9817257 0.9509715 0.9288060 0.9017852 1.0061061 0.8557262 0.7674682 0.7179500 0.6897992 0.8689080 0.6477197 0.6478221 0.6760600 0.7292014 1.9834199 2.0211100 2.0969680 2.7746212 
A1.KE.06.06KECst_028.FJ623479          0.5582825 0.6008035 0.5643489 0.6617620 0.7102262 0.7625934 0.7733806 0.0000000 0.3204927 0.4199695 0.4280991 0.3736194 0.4056374 0.4848295 0.7565768 0.6792293 0.7311004 0.7354721 0.7158288 0.7488096 0.7180892 0.6940727 0.7538638 0.8291426 0.8511316 0.8049274 0.6875777 0.7139710 0.7092522 0.6887887 0.7111463 0.4778269 0.5505185 0.5543671 0.6040331 0.7720795 0.5794865 0.5740707 0.6539091 0.5640576 0.5779238 0.6985537 0.8044730 0.4924982 0.4695943 0.4445509 0.4958809 0.8502540 0.8654237 0.9043949 0.9158156 0.9133238 0.9463800 0.9249034 0.8387939 0.8479648 0.8386044 0.8465767 0.8779885 0.8521764 0.8499939 0.8108220 0.8681145 0.9070411 0.9235353 0.8550076 0.8875495 0.8608960 0.8652625 0.8554194 0.8997646 0.8857029 0.8423309 0.8353823 0.8094784 0.8731678 1.1548188 0.8934895 0.8628277 0.8864345 0.8841224 0.8041495 0.8422225 0.7970873 0.7456109 0.7170491 0.8513441 0.6914691 0.6581039 0.6188257 0.5832490 0.7583053 0.5696040 0.5639450 0.5728994 0.6298725 1.9623313 2.0119480 1.9879478 2.6640728 
A1.KE.06.06KECst_013.FJ623485          0.5570100 0.6077466 0.5532595 0.6582459 0.7055333 0.7657618 0.7647467 0.3204927 0.0000000 0.4178054 0.4195681 0.3708486 0.3943290 0.4815778 0.7652907 0.6917951 0.7485567 0.7306208 0.7136507 0.7374019 0.7308644 0.6918355 0.7598555 0.8025693 0.8767414 0.8178055 0.6756472 0.7354688 0.7073677 0.6688851 0.7225019 0.4667712 0.5403078 0.5421666 0.5868926 0.7726515 0.5981156 0.5822013 0.6480075 0.5617339 0.5718805 0.6999643 0.7846755 0.4693536 0.4675550 0.4424304 0.5047069 0.8465994 0.8647853 0.8963735 0.8940855 0.9031831 0.9255942 0.9324995 0.8299512 0.8657005 0.8466889 0.8437711 0.8633401 0.8389383 0.8460472 0.8149030 0.8719626 0.9364806 0.9250289 0.8448457 0.8804150 0.8530317 0.8777546 0.8601444 0.8972757 0.8705382 0.8595247 0.8268551 0.8306793 0.8909605 1.1633344 0.9168208 0.8462364 0.8948334 0.8638833 0.8075393 0.8393411 0.8039297 0.7543510 0.7266004 0.8613275 0.6671328 0.6700266 0.6041890 0.5746187 0.7647313 0.5602886 0.5613638 0.5794627 0.6386909 1.9617319 1.9809931 2.0024599 2.6998862 
35_AD.AF.06.007H.GQ477450              0.5714842 0.6260552 0.5835058 0.6701214 0.7251955 0.7783743 0.7967227 0.4199695 0.4178054 0.0000000 0.4546911 0.3970114 0.4161146 0.4899246 0.7723881 0.7261166 0.7832057 0.7662295 0.7417830 0.7676298 0.7541420 0.7025550 0.7875473 0.8213424 0.8809541 0.8109143 0.7068349 0.7391830 0.7263127 0.6934586 0.7401989 0.4844812 0.5558953 0.5656795 0.6000118 0.7661691 0.5994319 0.5821862 0.6772911 0.5856768 0.6028575 0.7062315 0.8024265 0.4981658 0.4848265 0.4561331 0.5192485 0.8885431 0.9040339 0.9407315 0.9150168 0.9337466 0.9732286 0.9580043 0.8827568 0.8937758 0.8757082 0.8709251 0.9066098 0.8792995 0.8663312 0.8257542 0.9159574 0.9804124 0.9324937 0.8929918 0.9048638 0.8853306 0.9061204 0.8851464 0.9043814 0.9023206 0.8656868 0.8850991 0.8637909 0.9083130 1.1836753 0.9256271 0.8772804 0.9037022 0.9132278 0.8454569 0.8614990 0.8291399 0.7928001 0.7622501 0.8530667 0.6673320 0.6866303 0.6521501 0.6112264 0.7824420 0.5924146 0.6001286 0.6081566 0.6829340 1.9835962 1.9789493 2.0427070 2.6563538 
A1.CY.07.CY208.JF683760                0.5798932 0.6244973 0.5987590 0.7052172 0.7441198 0.7803741 0.7901322 0.4280991 0.4195681 0.4546911 0.0000000 0.2566312 0.4176221 0.5070225 0.7746661 0.7077778 0.7811672 0.7409405 0.7533039 0.7766096 0.7468829 0.7260563 0.7959524 0.8658449 0.8848953 0.8261120 0.7078793 0.7576111 0.7377185 0.7091124 0.7623796 0.4945463 0.5806303 0.5750828 0.6187328 0.7901996 0.6055250 0.5875286 0.6814216 0.6047694 0.6173871 0.7239670 0.8201105 0.5000111 0.5029504 0.4656437 0.5227719 0.8724873 0.8878485 0.9449730 0.9170265 0.9345716 0.9521439 0.9227682 0.8629638 0.8923757 0.8915066 0.8822720 0.8877216 0.8792288 0.8769358 0.8294204 0.8664917 0.9666862 0.9378805 0.8981119 0.8914043 0.8940097 0.8708219 0.8967331 0.9257014 0.9035481 0.8764613 0.8619597 0.8458699 0.9107753 1.1865591 0.9452455 0.8713309 0.9032941 0.8822831 0.8308232 0.8494633 0.8277408 0.7794575 0.7591551 0.8951615 0.7007391 0.7044266 0.6444374 0.6018245 0.7871529 0.5930946 0.6133150 0.6134836 0.6772569 2.0061497 2.0507686 2.0288800 2.7017340 
A1.CY.05.CY051.FJ388903                0.5237763 0.5758275 0.5444655 0.6358431 0.6949713 0.7428226 0.7410196 0.3736194 0.3708486 0.3970114 0.2566312 0.0000000 0.3700504 0.4570861 0.7322513 0.6607671 0.7269973 0.7076792 0.6948542 0.7191260 0.6881116 0.6519626 0.7208347 0.7925984 0.8219916 0.7684049 0.6401333 0.6926092 0.6784379 0.6383028 0.6805605 0.4475919 0.5271623 0.5213797 0.5638141 0.7625972 0.5617392 0.5569770 0.6267024 0.5524556 0.5633938 0.6739334 0.7777964 0.4597278 0.4450280 0.4110572 0.4793278 0.8163441 0.8447779 0.8801954 0.8576011 0.8933421 0.9109798 0.8959866 0.8186231 0.8479469 0.8182952 0.8197425 0.8296476 0.8240948 0.8255435 0.7876351 0.8411194 0.9093181 0.8888159 0.8359215 0.8617262 0.8566177 0.8606614 0.8320485 0.8760046 0.8517760 0.8317208 0.8212377 0.8111271 0.8697885 1.1405601 0.8919285 0.8389750 0.8650323 0.8413035 0.7861518 0.8219995 0.7700928 0.7351642 0.7148095 0.8314283 0.6601301 0.6493330 0.5848626 0.5450007 0.7433529 0.5273348 0.5496347 0.5351034 0.6144251 1.9138677 1.9813645 1.9637060 2.7434582 
A1.UG.11.DEMA110UG001.KF859745         0.5364448 0.5899436 0.5318285 0.6338558 0.6847803 0.7375154 0.7569335 0.4056374 0.3943290 0.4161146 0.4176221 0.3700504 0.0000000 0.4624671 0.7354610 0.6669007 0.7243586 0.6921876 0.6881637 0.7298571 0.7064625 0.6702749 0.7365987 0.7996592 0.8360424 0.7835511 0.6489619 0.7072444 0.6894887 0.6504494 0.6955276 0.4317207 0.5249023 0.5227354 0.5625715 0.7327910 0.5677222 0.5445690 0.6279725 0.5336402 0.5645174 0.6863460 0.7588310 0.4504463 0.4475209 0.4068077 0.4812260 0.8166438 0.8484881 0.8740982 0.8579166 0.8892018 0.8842746 0.8965119 0.8144916 0.8406045 0.8230657 0.8069894 0.8466253 0.8105149 0.8167079 0.7783353 0.8455485 0.8984054 0.8779387 0.8505591 0.8562861 0.8548994 0.8405681 0.8516131 0.8520146 0.8545208 0.8107796 0.8201314 0.8053606 0.8800734 1.1380952 0.8936131 0.8475091 0.8765254 0.8661862 0.7904968 0.8194860 0.7850402 0.7344403 0.7161934 0.8009509 0.6500968 0.6457529 0.5910093 0.5417348 0.7332890 0.5412907 0.5455036 0.5572599 0.6338308 1.9423006 1.9741767 2.0303453 2.7285657 
A1C.UG.99.99UGF25926.AF484491          0.5843785 0.6432732 0.6047074 0.6939725 0.7670625 0.7989749 0.8003340 0.4848295 0.4815778 0.4899246 0.5070225 0.4570861 0.4624671 0.0000000 0.6394422 0.6015237 0.6651343 0.6294996 0.6428835 0.6715446 0.6471806 0.5969487 0.6814793 0.7291115 0.7551931 0.7097061 0.5871466 0.6434721 0.6195042 0.5835787 0.6213410 0.5016217 0.5967733 0.6029030 0.6456747 0.8183922 0.6273294 0.6083904 0.7020064 0.6110835 0.6339330 0.7696024 0.8485907 0.5305495 0.5143306 0.4871928 0.5499874 0.8980737 0.9281033 0.9788362 0.9567178 0.9716847 0.9855114 0.9861217 0.8828608 0.9178747 0.8968997 0.9011643 0.9115500 0.9103496 0.9042076 0.8572206 0.9336791 1.0200268 0.9354619 0.8917720 0.9539967 0.9268956 0.9315451 0.8943462 0.9392472 0.9200229 0.8937710 0.8761396 0.8814125 0.9372216 1.1865261 0.9632017 0.9048839 0.9258447 0.9106186 0.8513694 0.8986525 0.8661525 0.8033521 0.7722250 0.8820181 0.7309273 0.7085746 0.6474089 0.6293178 0.7981461 0.5900713 0.6055749 0.6015515 0.6845545 2.0308778 2.0723242 2.0254875 2.7071491 
A1C.IN.15.SC017.KY713232               0.8761290 0.9133333 0.8563238 0.9655920 1.0197312 1.1041718 1.0628513 0.7565768 0.7652907 0.7723881 0.7746661 0.7322513 0.7354610 0.6394422 0.0000000 0.6131654 0.6804184 0.6446157 0.6326263 0.6517513 0.6418360 0.6082505 0.6651490 0.7393206 0.7661875 0.7122963 0.5743636 0.6453088 0.6324467 0.6061620 0.6383174 0.7531460 0.8739633 0.8911358 0.9267346 1.0798108 0.9023934 0.8928120 0.9922297 0.8949457 0.9199200 0.9758784 1.1247153 0.8036435 0.7764843 0.7788165 0.7966113 1.1269148 1.1858461 1.2003152 1.1780787 1.2439391 1.2414836 1.2364196 1.1244657 1.1636850 1.1586052 1.1726465 1.1758961 1.1566226 1.1590228 1.0950644 1.1695646 1.2406051 1.2110176 1.1803416 1.2104244 1.1885171 1.1654368 1.1807666 1.1984594 1.1699243 1.1578187 1.1723717 1.1460982 1.1925850 1.4594979 1.2313185 1.1657049 1.1911364 1.1582955 1.1235470 1.1744065 1.1050219 1.0757359 1.0386689 1.1527032 0.9790171 0.9920710 0.9379900 0.8819442 1.0964893 0.8685455 0.8701179 0.8810187 0.9451907 2.3082498 2.3853079 2.3561282 2.9749246 
C.IL.99.99ET14.AY255825                0.8012698 0.8610124 0.8181415 0.9004713 0.9421731 0.9911258 1.0133909 0.6792293 0.6917951 0.7261166 0.7077778 0.6607671 0.6669007 0.6015237 0.6131654 0.0000000 0.4218627 0.4255070 0.4166892 0.4446178 0.4159727 0.3921004 0.4511788 0.5032877 0.5243129 0.4959418 0.3660909 0.4127019 0.4047071 0.3709507 0.4102770 0.7056013 0.8078513 0.8208819 0.8355272 1.0202649 0.8403342 0.8237804 0.9047994 0.8560723 0.8429009 0.9724951 1.0226844 0.7304970 0.7202828 0.7067868 0.7524164 1.0616035 1.1140774 1.1532303 1.1250857 1.1761071 1.1434870 1.1336519 1.0773058 1.0895786 1.0867513 1.1116278 1.1399183 1.1012840 1.0710259 1.0422123 1.1084094 1.1720443 1.1630868 1.0824271 1.1261565 1.1121607 1.1043932 1.1081416 1.1460890 1.1043740 1.0991652 1.0734242 1.0901990 1.1306184 1.3673911 1.1689258 1.1145794 1.1397304 1.1137726 1.0444716 1.0853769 1.0103116 1.0083294 0.9896128 1.0846840 0.9305655 0.8847453 0.8862765 0.8249979 0.9908122 0.8061535 0.8258284 0.8328568 0.9006699 2.2247460 2.3451994 2.2672053 2.9919459 
C.SE.09.035ZA.MF373148                 0.8744601 0.8908139 0.8650117 0.9428009 1.0045725 1.0385991 1.0672956 0.7311004 0.7485567 0.7832057 0.7811672 0.7269973 0.7243586 0.6651343 0.6804184 0.4218627 0.0000000 0.4859352 0.4792454 0.4947990 0.4804459 0.4436158 0.5087291 0.5641930 0.5881226 0.5603424 0.4195529 0.4879736 0.4636121 0.4342837 0.4716908 0.7614028 0.8899770 0.8855539 0.9121178 1.0529685 0.9038076 0.9048192 0.9559390 0.9029680 0.8941072 1.0474188 1.0708645 0.7930372 0.7618806 0.7594245 0.7993069 1.1110998 1.1620903 1.1887071 1.1804120 1.2113189 1.1813778 1.1811262 1.1277006 1.1580606 1.1517315 1.1412128 1.1776106 1.1446768 1.1019170 1.0794010 1.1598273 1.2193450 1.2086308 1.1396579 1.1870080 1.1583168 1.1725727 1.1466067 1.1641517 1.1633669 1.1544925 1.1064623 1.1021406 1.1758959 1.4057395 1.2101602 1.1554926 1.1539341 1.1502187 1.0967851 1.1174100 1.0535693 1.0265288 1.0110150 1.1424402 0.9776412 0.9499977 0.9278942 0.8928911 1.0488925 0.8544206 0.8671171 0.9063368 0.9716923 2.2950358 2.3126063 2.3176523 2.9767449 
C.ZA.04.04ZASK135B1.DQ011166           0.8529107 0.8657819 0.8700192 0.9518943 0.9733793 1.0168851 1.0538672 0.7354721 0.7306208 0.7662295 0.7409405 0.7076792 0.6921876 0.6294996 0.6446157 0.4255070 0.4859352 0.0000000 0.3144624 0.3486522 0.3670527 0.3455384 0.4047856 0.4626101 0.5052500 0.4805907 0.3478556 0.4591062 0.4308601 0.4059081 0.4319084 0.7402205 0.8885110 0.8863933 0.9179856 1.0801263 0.9028937 0.8925242 0.9831243 0.8887885 0.9016885 1.0165349 1.1141839 0.7723308 0.7508749 0.7216926 0.7964990 1.1094958 1.1967276 1.1751896 1.1436812 1.1880061 1.2146839 1.1612769 1.1346412 1.1573701 1.1528809 1.1622559 1.1727457 1.1509909 1.1720340 1.0859665 1.1861694 1.2546819 1.1937273 1.1367799 1.1768925 1.1716260 1.1727766 1.1801683 1.1368093 1.1600471 1.1522877 1.1182498 1.1079263 1.1700175 1.4228891 1.2182848 1.1536406 1.1570563 1.1503947 1.0935743 1.1372113 1.1060546 1.0851933 1.0379351 1.1400316 0.9614150 0.9377790 0.8913392 0.8759082 1.0199267 0.8427161 0.8652370 0.8650516 0.9124693 2.2875185 2.2598091 2.2770451 3.0788602 
C.ZA.03.03ZAPS130MB1.DQ275658          0.8541189 0.8650519 0.8458834 0.9183918 0.9887438 1.0365060 1.0537194 0.7158288 0.7136507 0.7417830 0.7533039 0.6948542 0.6881637 0.6428835 0.6326263 0.4166892 0.4792454 0.3144624 0.0000000 0.2831559 0.3617126 0.3332324 0.4009887 0.4670732 0.4894432 0.4474038 0.3319830 0.4456424 0.4232182 0.3939643 0.4213006 0.7280365 0.8614610 0.8393337 0.8762517 1.0317994 0.8876103 0.8694871 0.9587167 0.8759657 0.8818820 0.9955659 1.1127366 0.7563618 0.7362285 0.7304935 0.7652258 1.0948935 1.1559448 1.1657893 1.1541874 1.1702763 1.1945657 1.1679381 1.1177467 1.1477873 1.1448171 1.1291211 1.1631601 1.1191691 1.1138002 1.0606824 1.1707548 1.2051502 1.1955150 1.1189547 1.1533290 1.1470449 1.1644674 1.1528075 1.1379013 1.1632193 1.1458184 1.1062816 1.0997157 1.1615483 1.4049075 1.1835421 1.1065250 1.1579101 1.1444638 1.0608125 1.0982223 1.0446567 1.0185511 1.0310678 1.1145770 0.9518445 0.9290866 0.8853752 0.8709037 1.0306551 0.8359663 0.8657998 0.8679833 0.9403503 2.2915323 2.2945955 2.2643010 3.0641427 
C.ZA.97.97ZA012.AF286227               0.8839975 0.8949103 0.8888388 0.9565621 1.0225700 1.0466158 1.0680702 0.7488096 0.7374019 0.7676298 0.7766096 0.7191260 0.7298571 0.6715446 0.6517513 0.4446178 0.4947990 0.3486522 0.2831559 0.0000000 0.3829774 0.3724920 0.4391134 0.4908619 0.5319249 0.5006605 0.3542082 0.4724702 0.4466224 0.4233604 0.4501670 0.7594391 0.8739150 0.8823874 0.9212537 1.0730834 0.9162881 0.8633389 0.9770585 0.8808873 0.9124489 1.0105133 1.1259464 0.7838411 0.7808241 0.7584631 0.8127292 1.1109508 1.1863906 1.1918102 1.1963127 1.1824691 1.2223869 1.2049287 1.1225417 1.1627961 1.1652235 1.1614920 1.1725415 1.1586701 1.1296185 1.0798778 1.1747011 1.2221607 1.2000375 1.1437458 1.1804850 1.1704105 1.1790190 1.1648274 1.1756069 1.1707620 1.1494772 1.1333787 1.1193426 1.1958333 1.4649034 1.2179999 1.1584213 1.1927649 1.1770838 1.0663355 1.1326778 1.0977772 1.0581382 1.0461908 1.1500939 0.9645168 0.9662706 0.9022049 0.8755963 1.0750581 0.8524724 0.8678465 0.8730933 0.9574133 2.2097618 2.2910566 2.2800141 2.9878201 
C.BW.98.98BWMC14A3.AF443078            0.8488133 0.8646923 0.8560991 0.9228579 0.9790859 1.0236979 1.0428854 0.7180892 0.7308644 0.7541420 0.7468829 0.6881116 0.7064625 0.6471806 0.6418360 0.4159727 0.4804459 0.3670527 0.3617126 0.3829774 0.0000000 0.3437408 0.3999095 0.4633961 0.5003616 0.4705752 0.3415984 0.4422779 0.4311169 0.3986046 0.4271901 0.7223725 0.8545132 0.8511759 0.8900212 1.0432590 0.8773820 0.8608226 0.9478687 0.8660569 0.8912333 0.9949926 1.0836069 0.7607577 0.7705919 0.7436742 0.7754438 1.1028847 1.1510813 1.1617629 1.1683158 1.1762473 1.1938784 1.1744388 1.1062015 1.1239830 1.1372462 1.1388815 1.1648851 1.1230266 1.1175587 1.0697582 1.1495341 1.2126938 1.1794203 1.0895920 1.1479253 1.1166334 1.1388880 1.1443135 1.1682410 1.1300473 1.1064468 1.0902247 1.0921192 1.1624885 1.3900962 1.1932074 1.1223261 1.1451878 1.1527228 1.0499938 1.1069652 1.0826468 1.0324571 1.0176890 1.1149744 0.9686997 0.9198335 0.9010849 0.8749560 1.0400349 0.8467528 0.8683097 0.8531470 0.9450796 2.2136137 2.2866043 2.2169935 3.0585184 
C.ZA.99.99ZALT4.EU293444               0.7808395 0.8324658 0.8192695 0.8747841 0.9376487 1.0017698 1.0079641 0.6940727 0.6918355 0.7025550 0.7260563 0.6519626 0.6702749 0.5969487 0.6082505 0.3921004 0.4436158 0.3455384 0.3332324 0.3724920 0.3437408 0.0000000 0.3210495 0.4326876 0.4642956 0.4430314 0.3072435 0.4151820 0.3928652 0.3609154 0.3861731 0.6955700 0.8270790 0.8288263 0.8642958 1.0333382 0.8570560 0.8376170 0.9295319 0.8501972 0.8582350 0.9667585 1.0480900 0.7099909 0.7016351 0.7011688 0.7401761 1.0707714 1.0967812 1.1491308 1.1209740 1.1203759 1.1921070 1.1307888 1.0664940 1.0906956 1.1041128 1.0756472 1.1142121 1.1064688 1.0630225 1.0233982 1.1071218 1.1597057 1.1306156 1.0778767 1.1108021 1.0958173 1.0923651 1.0926358 1.1056339 1.0859220 1.0963286 1.0832694 1.0581198 1.1317703 1.4036688 1.1510304 1.0923925 1.1314010 1.1290327 1.0164244 1.0718029 1.0669567 0.9925485 0.9765028 1.1076406 0.9223742 0.8792787 0.8419153 0.8165674 1.0131049 0.8008413 0.8294726 0.8320789 0.9121076 2.2386028 2.2433178 2.2530680 3.0085290 
C.ZA.02.02ZAPS015MB1.DQ369995          0.8717865 0.9066431 0.8674273 0.9586629 1.0159723 1.0797501 1.1041165 0.7538638 0.7598555 0.7875473 0.7959524 0.7208347 0.7365987 0.6814793 0.6651490 0.4511788 0.5087291 0.4047856 0.4009887 0.4391134 0.3999095 0.3210495 0.0000000 0.4799948 0.5302596 0.4937937 0.3684573 0.4620654 0.4580020 0.4177960 0.4430101 0.7405220 0.9002452 0.9010623 0.9165164 1.1017452 0.9228131 0.8911772 0.9929966 0.9033768 0.9202057 1.0177674 1.0997136 0.8013839 0.7841610 0.7730431 0.8149834 1.1122086 1.1786738 1.2030982 1.1588770 1.2324732 1.2115865 1.1783684 1.1341700 1.1396996 1.1325770 1.1542412 1.1871478 1.1596158 1.1037430 1.0730166 1.1532639 1.2384306 1.1787420 1.1513984 1.1902980 1.1710219 1.1702807 1.1655491 1.1821767 1.1638150 1.1183999 1.1109432 1.0979314 1.1922589 1.4202677 1.2110463 1.1487982 1.1799085 1.1680975 1.0783561 1.1175436 1.1040192 1.0527576 1.0349015 1.1797235 0.9762491 0.9503597 0.9025491 0.9020957 1.0412911 0.8707089 0.8729180 0.8728883 0.9635836 2.2570893 2.3134457 2.2179721 2.9803207 
C.GB.14.13659_1_48.3.MF109437          0.9278607 0.9498271 0.9472114 1.0165389 1.0709557 1.0895170 1.1153878 0.8291426 0.8025693 0.8213424 0.8658449 0.7925984 0.7996592 0.7291115 0.7393206 0.5032877 0.5641930 0.4626101 0.4670732 0.4908619 0.4633961 0.4326876 0.4799948 0.0000000 0.5321764 0.5123726 0.4133111 0.5110741 0.4996350 0.4745897 0.4977566 0.8003192 0.9284352 0.9380875 0.9773526 1.1488404 0.9623751 0.9345552 1.0239041 0.9460248 0.9609449 1.1011751 1.1789158 0.8547963 0.8081414 0.8086131 0.8371688 1.1788331 1.1998881 1.2430226 1.2303962 1.2429481 1.2556603 1.2669564 1.1829541 1.2091627 1.2004444 1.1976688 1.2221375 1.2025038 1.1820668 1.1397639 1.2256006 1.2695404 1.2583197 1.1808608 1.1949048 1.1816535 1.1865250 1.2087459 1.2138084 1.2289463 1.2123779 1.1716478 1.1409700 1.2257113 1.5028852 1.2662674 1.1688442 1.2278130 1.2039670 1.1477189 1.1684201 1.1658601 1.1228678 1.0815862 1.1997763 1.0279272 1.0039094 0.9658860 0.9529452 1.0607792 0.9095141 0.9361206 0.9307956 1.0209262 2.3524275 2.4020754 2.2911673 3.1343228 
BC.CN.07.07CNYN340.KF835526            0.9740687 1.0116386 0.9620964 1.0571938 1.1248082 1.1554444 1.1820130 0.8511316 0.8767414 0.8809541 0.8848953 0.8219916 0.8360424 0.7551931 0.7661875 0.5243129 0.5881226 0.5052500 0.4894432 0.5319249 0.5003616 0.4642956 0.5302596 0.5321764 0.0000000 0.3932648 0.4488841 0.5489708 0.5290805 0.4916836 0.5352352 0.8610900 0.9910869 0.9655842 1.0057699 1.1798197 1.0081774 0.9929292 1.0606570 0.9845745 1.0299468 1.1131641 1.2343217 0.8862757 0.8700594 0.8419135 0.9152439 1.2482926 1.3020008 1.3186876 1.2904946 1.3044701 1.3463175 1.3348165 1.2441094 1.2713970 1.2881538 1.2739926 1.2780476 1.2731195 1.2432214 1.1941774 1.2857949 1.3268441 1.3295007 1.2565314 1.3047065 1.2792183 1.3056063 1.2743221 1.3063760 1.3017117 1.2466582 1.2315251 1.2232212 1.2932968 1.5184696 1.3040222 1.2905262 1.2809357 1.2382842 1.1984891 1.2675738 1.2072868 1.1563066 1.1512569 1.2614048 1.0693624 1.0560370 1.0422040 1.0131562 1.1552884 0.9891492 0.9914333 1.0061046 1.0938352 2.4413333 2.4416036 2.4125756 3.2077913 
85_BC.CN.14.14CN_SCYB4.KU992932        0.9344541 0.9676772 0.9406135 1.0155547 1.0572100 1.1285972 1.1191754 0.8049274 0.8178055 0.8109143 0.8261120 0.7684049 0.7835511 0.7097061 0.7122963 0.4959418 0.5603424 0.4805907 0.4474038 0.5006605 0.4705752 0.4430314 0.4937937 0.5123726 0.3932648 0.0000000 0.4288134 0.5228235 0.5198179 0.4885673 0.5142816 0.7973534 0.9228478 0.9098058 0.9596638 1.1122802 0.9509938 0.9323013 1.0039064 0.9523104 0.9479687 1.0921005 1.1904011 0.8500189 0.8292101 0.8132399 0.8625730 1.1692709 1.2486303 1.2521678 1.2359264 1.2650957 1.2546711 1.2609938 1.1905048 1.2058733 1.2075278 1.2028282 1.2416264 1.1691501 1.1999332 1.1355274 1.2102548 1.2793451 1.2460186 1.1982865 1.2269812 1.2315947 1.2301824 1.2004925 1.2346352 1.1900962 1.1794163 1.1945392 1.1602292 1.2408454 1.5305863 1.2598962 1.2215917 1.1999823 1.2028794 1.1422995 1.2005762 1.1464183 1.0808441 1.0906214 1.2211260 1.0217239 1.0033211 0.9819848 0.9441279 1.1062951 0.9212381 0.9558976 0.9523531 1.0301144 2.3082564 2.3498985 2.3440668 3.0570234 
C.BW.00.00BW076820.AF443089            0.7864241 0.8295512 0.8091406 0.8931156 0.9414197 0.9888742 1.0022751 0.6875777 0.6756472 0.7068349 0.7078793 0.6401333 0.6489619 0.5871466 0.5743636 0.3660909 0.4195529 0.3478556 0.3319830 0.3542082 0.3415984 0.3072435 0.3684573 0.4133111 0.4488841 0.4288134 0.0000000 0.3759402 0.3691641 0.3371760 0.3588940 0.6754970 0.8165756 0.7962710 0.8271866 1.0193144 0.8388925 0.7871404 0.8982330 0.8184877 0.8420975 0.9573576 1.0729128 0.6986525 0.6787582 0.6839325 0.7216635 1.0365260 1.0762572 1.1412237 1.0871449 1.1321458 1.1313359 1.1195968 1.0624102 1.0861077 1.0839529 1.0799646 1.1062701 1.0717287 1.0545211 1.0065456 1.0955160 1.1783209 1.0881733 1.0609667 1.1070418 1.0859468 1.1017637 1.0712754 1.0854454 1.0799923 1.0589593 1.0594658 1.0419222 1.1016153 1.3611703 1.1095711 1.0684185 1.1042461 1.0883901 1.0213094 1.0671991 1.0328811 0.9951491 0.9543587 1.0985549 0.9051871 0.8863517 0.8521731 0.7988237 0.9862591 0.7896876 0.8061899 0.8261740 0.8939957 2.1752273 2.2205778 2.2436936 3.0311426 
C.ZA.04.04ZASK170B1.DQ093595           0.8269650 0.8782141 0.8569850 0.9234148 0.9748767 1.0101509 1.0417549 0.7139710 0.7354688 0.7391830 0.7576111 0.6926092 0.7072444 0.6434721 0.6453088 0.4127019 0.4879736 0.4591062 0.4456424 0.4724702 0.4422779 0.4151820 0.4620654 0.5110741 0.5489708 0.5228235 0.3759402 0.0000000 0.3390350 0.3022041 0.3710402 0.7314035 0.8540556 0.8515262 0.8712491 1.0256015 0.8561323 0.8455095 0.9447632 0.8615236 0.8791793 0.9887595 1.0793021 0.7653234 0.7490112 0.7192285 0.7717837 1.1127747 1.1435226 1.1892813 1.1806164 1.2049545 1.2218910 1.1802559 1.0999133 1.1278410 1.1396950 1.1298636 1.1653161 1.1315730 1.1150677 1.0569361 1.1679386 1.2137733 1.1863570 1.1265597 1.1487705 1.1418442 1.1220590 1.1374846 1.1969543 1.1440331 1.1199090 1.0771676 1.0861417 1.1496721 1.4291723 1.1946237 1.1222729 1.1719747 1.1360313 1.0664998 1.1174260 1.0615890 1.0207519 1.0087991 1.1371926 0.9327664 0.9421097 0.8740928 0.8595923 1.0290172 0.8404993 0.8742738 0.8493238 0.9615982 2.2427698 2.3014993 2.2647601 3.0536618 
C.TZ.02.CO6721.AY734560                0.7996379 0.8515994 0.8091360 0.9020057 0.9556775 0.9956384 1.0068620 0.7092522 0.7073677 0.7263127 0.7377185 0.6784379 0.6894887 0.6195042 0.6324467 0.4047071 0.4636121 0.4308601 0.4232182 0.4466224 0.4311169 0.3928652 0.4580020 0.4996350 0.5290805 0.5198179 0.3691641 0.3390350 0.0000000 0.2417452 0.3557718 0.7244354 0.8366246 0.8472252 0.8696098 1.0292433 0.8638775 0.8432310 0.9150921 0.8556544 0.8648862 0.9703313 1.0577524 0.7505564 0.7458181 0.7277542 0.7698383 1.0768666 1.1120729 1.1448316 1.1595771 1.1713989 1.1864786 1.1668371 1.0735314 1.1230328 1.1141923 1.1019296 1.1362193 1.1215554 1.0888077 1.0373852 1.1327664 1.1704814 1.1517731 1.1077107 1.1322498 1.1074328 1.1118872 1.0916860 1.1358864 1.1253385 1.0949365 1.0920115 1.0733809 1.1422508 1.3704112 1.1382427 1.1044567 1.1305412 1.1116923 1.0457873 1.0812296 1.0444976 1.0119897 0.9964072 1.1068597 0.9371678 0.8919573 0.8556910 0.8567452 0.9883773 0.8383517 0.8261839 0.8490505 0.9131399 2.2556523 2.2868438 2.2338757 3.0536350 
C.TZ.01.BD39_8.AY253313                0.8028261 0.8452780 0.7977246 0.8868354 0.9520908 0.9695287 0.9886866 0.6887887 0.6688851 0.6934586 0.7091124 0.6383028 0.6504494 0.5835787 0.6061620 0.3709507 0.4342837 0.4059081 0.3939643 0.4233604 0.3986046 0.3609154 0.4177960 0.4745897 0.4916836 0.4885673 0.3371760 0.3022041 0.2417452 0.0000000 0.3226654 0.6881912 0.8123342 0.7970857 0.8254956 1.0181255 0.8312510 0.8103030 0.8898131 0.8180299 0.8543213 0.9481712 1.0313847 0.7141342 0.7056617 0.6901259 0.7321102 1.0347932 1.0899082 1.1169944 1.1121433 1.1069716 1.1316549 1.1228902 1.0355908 1.0635353 1.0800043 1.0633174 1.0984794 1.0676739 1.0426525 0.9966783 1.1054191 1.1447868 1.1160109 1.0483982 1.0927288 1.0865097 1.0828384 1.0750940 1.1130669 1.0723827 1.0429273 1.0271903 1.0384380 1.1056828 1.3538970 1.1259022 1.0665796 1.1009044 1.0825332 1.0108120 1.0551204 0.9977411 1.0045545 0.9649659 1.0802167 0.8975669 0.8710371 0.8298844 0.8212458 0.9773792 0.8188357 0.8117348 0.8083516 0.8851908 2.2328002 2.2231940 2.2305356 3.0586786 
C.ZA.03.03ZAPS067MB2.DQ396389          0.8322285 0.8646224 0.8187873 0.9309647 0.9984027 1.0167676 1.0398211 0.7111463 0.7225019 0.7401989 0.7623796 0.6805605 0.6955276 0.6213410 0.6383174 0.4102770 0.4716908 0.4319084 0.4213006 0.4501670 0.4271901 0.3861731 0.4430101 0.4977566 0.5352352 0.5142816 0.3588940 0.3710402 0.3557718 0.3226654 0.0000000 0.7198344 0.8618641 0.8323554 0.8678369 1.0346899 0.8607087 0.8382580 0.9447507 0.8626466 0.8825863 0.9876582 1.0723502 0.7446514 0.7457471 0.7323247 0.7839125 1.0863579 1.1254374 1.1627014 1.1461099 1.1809360 1.1796673 1.1687027 1.0806845 1.0959438 1.1047826 1.1109991 1.1391026 1.0915316 1.1092933 1.0448057 1.1451830 1.2102905 1.1588027 1.0800789 1.1171040 1.1137098 1.1086232 1.1107074 1.1201956 1.1200832 1.0984622 1.0757915 1.0854026 1.1288770 1.4058325 1.1474042 1.1099969 1.1465042 1.1226756 1.0660299 1.0912898 1.0498337 1.0489816 1.0015591 1.0936595 0.9372553 0.9407360 0.8772285 0.8636401 1.0322517 0.8421408 0.8477169 0.8470494 0.9405795 2.3045166 2.2954252 2.3126758 3.1629715 
A1D.UG.99.99UGJ21953.AF484496          0.5763538 0.6394045 0.5869786 0.6682082 0.7289868 0.7793570 0.7720837 0.4778269 0.4667712 0.4844812 0.4945463 0.4475919 0.4317207 0.5016217 0.7531460 0.7056013 0.7614028 0.7402205 0.7280365 0.7594391 0.7223725 0.6955700 0.7405220 0.8003192 0.8610900 0.7973534 0.6754970 0.7314035 0.7244354 0.6881912 0.7198344 0.0000000 0.5832861 0.5908347 0.6293978 0.8087800 0.6255913 0.6043859 0.6972868 0.6048576 0.6228353 0.7288166 0.8111651 0.4990427 0.4902393 0.4681527 0.5303795 0.8829185 0.9072428 0.9326910 0.8971663 0.9273511 0.9586473 0.9393140 0.8658867 0.8977415 0.8853297 0.8813242 0.8979541 0.8707175 0.8644305 0.8317109 0.9081936 0.9597307 0.9087428 0.8885413 0.8986070 0.8943060 0.8871212 0.9022147 0.9223177 0.8837613 0.8534046 0.8686172 0.8397664 0.9069199 1.1879756 0.9346683 0.8781343 0.9099939 0.8953954 0.8344109 0.8504509 0.8357167 0.7837107 0.7491807 0.8472935 0.7182942 0.6954472 0.6473403 0.6102744 0.7607801 0.5631066 0.5816894 0.5964069 0.6794601 1.9150892 1.9658877 1.9388772 2.6361844 
01_AE.CN.02.YN0236.JX112866            0.6392832 0.6964910 0.6591450 0.7252848 0.7990305 0.8205485 0.8414817 0.5505185 0.5403078 0.5558953 0.5806303 0.5271623 0.5249023 0.5967733 0.8739633 0.8078513 0.8899770 0.8885110 0.8614610 0.8739150 0.8545132 0.8270790 0.9002452 0.9284352 0.9910869 0.9228478 0.8165756 0.8540556 0.8366246 0.8123342 0.8618641 0.5832861 0.0000000 0.1541795 0.2148761 0.3853395 0.2018239 0.2118087 0.3020963 0.2216811 0.2440901 0.4667467 0.5387975 0.4310667 0.5171655 0.5018584 0.5706178 0.9130592 0.9480106 0.9818823 0.9694803 0.9815426 0.9935387 1.0047265 0.9221034 0.9477957 0.9418097 0.9265167 0.9514145 0.9225836 0.9239910 0.8850656 0.9599636 1.0294542 0.9831702 0.9277295 0.9711708 0.9333274 0.9498362 0.9598076 0.9419729 0.9501153 0.9404029 0.9119847 0.9027470 0.9869678 1.2601337 1.0049893 0.9358756 0.9739287 0.9681608 0.8882925 0.9232373 0.8706605 0.8291083 0.8077165 0.9341988 0.7787016 0.7442680 0.6925212 0.6406839 0.8651649 0.6334438 0.6317882 0.6573694 0.7265086 2.0395103 2.0596118 2.0481469 2.7968884 
01_AE.TH.99.99TH_C4460.AY945726        0.6458564 0.6940192 0.6538933 0.7319856 0.7746176 0.8230870 0.8262478 0.5543671 0.5421666 0.5656795 0.5750828 0.5213797 0.5227354 0.6029030 0.8911358 0.8208819 0.8855539 0.8863933 0.8393337 0.8823874 0.8511759 0.8288263 0.9010623 0.9380875 0.9655842 0.9098058 0.7962710 0.8515262 0.8472252 0.7970857 0.8323554 0.5908347 0.1541795 0.0000000 0.2048079 0.3700369 0.1998705 0.2057830 0.2911719 0.2147248 0.2406025 0.4613704 0.5312004 0.4248598 0.5227369 0.5030640 0.5631555 0.9174271 0.9664120 0.9907450 0.9700264 0.9734787 0.9841056 1.0071209 0.9218355 0.9538032 0.9388709 0.9387903 0.9425766 0.9476712 0.9127858 0.8875079 0.9613219 1.0196878 0.9797775 0.9126562 0.9718146 0.9446989 0.9590585 0.9534111 0.9526021 0.9654540 0.9293876 0.9281717 0.8987956 0.9686346 1.2365696 1.0086789 0.9347705 0.9654974 0.9445865 0.8894870 0.9201243 0.8607142 0.8188164 0.7995971 0.9324211 0.7892760 0.7286019 0.6932540 0.6587376 0.8556137 0.6403293 0.6453346 0.6509090 0.7311523 2.0577559 2.0851225 2.0620420 2.8217136 
01_AE.CN.07.GX070143.JX112835          0.6800232 0.7467240 0.6977619 0.7612346 0.8156055 0.8507254 0.8686150 0.6040331 0.5868926 0.6000118 0.6187328 0.5638141 0.5625715 0.6456747 0.9267346 0.8355272 0.9121178 0.9179856 0.8762517 0.9212537 0.8900212 0.8642958 0.9165164 0.9773526 1.0057699 0.9596638 0.8271866 0.8712491 0.8696098 0.8254956 0.8678369 0.6293978 0.2148761 0.2048079 0.0000000 0.4190226 0.2488254 0.2530489 0.3401775 0.2634757 0.2844003 0.5157692 0.5791724 0.4591233 0.5610163 0.5285075 0.6164390 0.9667369 1.0109911 1.0409492 1.0362248 1.0106302 1.0542493 1.0504208 0.9751668 0.9807544 0.9783252 0.9559608 0.9938875 0.9687601 0.9575587 0.9167594 1.0087414 1.0618939 1.0276648 0.9730588 1.0201923 1.0075811 0.9925340 1.0073633 1.0011282 0.9980353 0.9910510 0.9739647 0.9586137 1.0035686 1.2828311 1.0479476 0.9723653 1.0252203 1.0017280 0.9281654 0.9388220 0.9025912 0.8731271 0.8470181 0.9414813 0.8019782 0.7825707 0.7328628 0.6832016 0.8756934 0.6635396 0.6747743 0.6854226 0.7557736 2.0948345 2.1373822 2.0974857 2.8971780 
69_01B.JP.05.05JPMYC113SP420.LC027100  0.8488236 0.9008227 0.8623862 0.9333977 0.9991041 1.0259760 1.0321467 0.7720795 0.7726515 0.7661691 0.7901996 0.7625972 0.7327910 0.8183922 1.0798108 1.0202649 1.0529685 1.0801263 1.0317994 1.0730834 1.0432590 1.0333382 1.1017452 1.1488404 1.1798197 1.1122802 1.0193144 1.0256015 1.0292433 1.0181255 1.0346899 0.8087800 0.3853395 0.3700369 0.4190226 0.0000000 0.4165287 0.4042698 0.4993255 0.4340277 0.4457378 0.6691380 0.7573928 0.6247010 0.7327651 0.7318867 0.7729434 1.1220497 1.1557918 1.1839266 1.1931664 1.1627446 1.1970729 1.1864165 1.1205549 1.1444693 1.1202523 1.1273216 1.1746129 1.1185345 1.1549548 1.0882499 1.1365249 1.2016546 1.1762118 1.0982856 1.1704744 1.1480775 1.1480180 1.1537156 1.1590732 1.1533604 1.1308840 1.1211603 1.0788071 1.1371820 1.4266380 1.1852748 1.0979187 1.1561345 1.1473462 1.0775508 1.1105178 1.0839426 1.0246543 0.9779336 1.1172455 0.9856736 0.9582973 0.9119565 0.8696686 1.0477050 0.8445888 0.8518535 0.8855289 0.9269855 2.2122625 2.2423817 2.2190802 3.0111672 
01_AE.TH.07.AA030a04.JX447057          0.6731600 0.7416895 0.6782759 0.7530601 0.8211431 0.8422823 0.8666567 0.5794865 0.5981156 0.5994319 0.6055250 0.5617392 0.5677222 0.6273294 0.9023934 0.8403342 0.9038076 0.9028937 0.8876103 0.9162881 0.8773820 0.8570560 0.9228131 0.9623751 1.0081774 0.9509938 0.8388925 0.8561323 0.8638775 0.8312510 0.8607087 0.6255913 0.2018239 0.1998705 0.2488254 0.4165287 0.0000000 0.2281540 0.3332258 0.2460614 0.2678285 0.4857839 0.5667371 0.4538827 0.5526185 0.5282776 0.5953950 0.9512874 1.0006094 1.0103510 1.0203665 1.0111831 1.0397360 1.0287821 0.9537078 0.9811080 0.9813993 0.9622974 0.9908422 0.9701506 0.9600712 0.9128282 0.9747699 1.0615178 1.0246727 0.9651342 0.9913079 0.9802705 0.9862131 0.9791187 0.9958341 0.9839082 0.9583601 0.9576904 0.9250347 1.0073032 1.3032083 1.0264297 0.9629102 1.0092458 0.9926665 0.9108285 0.9531542 0.8935942 0.8676742 0.8428948 0.9516077 0.7862129 0.7531298 0.7164816 0.6894203 0.8754655 0.6727959 0.6696818 0.6770859 0.7415022 2.0913250 2.0925526 2.0870851 2.8073754 
01_AE.CN.07.07CNYN326.KF835513         0.6690142 0.7105768 0.6741837 0.7460256 0.8083181 0.8391406 0.8450005 0.5740707 0.5822013 0.5821862 0.5875286 0.5569770 0.5445690 0.6083904 0.8928120 0.8237804 0.9048192 0.8925242 0.8694871 0.8633389 0.8608226 0.8376170 0.8911772 0.9345552 0.9929292 0.9323013 0.7871404 0.8455095 0.8432310 0.8103030 0.8382580 0.6043859 0.2118087 0.2057830 0.2530489 0.4042698 0.2281540 0.0000000 0.3331720 0.2487673 0.2804744 0.4966479 0.5636033 0.4443912 0.5366632 0.5232101 0.5930762 0.9295015 0.9770082 1.0006142 1.0057820 0.9858231 1.0196691 1.0317872 0.9485003 0.9532730 0.9509033 0.9299190 0.9680917 0.9624619 0.9470532 0.9136132 0.9656154 1.0215092 0.9932021 0.9553623 0.9824428 0.9542569 0.9503363 0.9646966 0.9656300 0.9619561 0.9367677 0.9385894 0.9267038 0.9792811 1.2615508 1.0267348 0.9489844 0.9888061 0.9671700 0.9074566 0.9372987 0.9030552 0.8467056 0.8329583 0.9466083 0.7702800 0.7660038 0.7099871 0.6793587 0.8718125 0.6682273 0.6604052 0.6717376 0.7392490 2.0559310 2.0851528 2.0821843 2.8386861 
