100
02A1.GH.97.97GH_AG2.AB052867           0.0000000 0.3504034 0.3545674 0.3751594 0.4284533 0.3654580 0.4407562 0.4081190 0.4546930 0.5526944 0.5522544 0.5739968 0.5188668 0.5321284 0.5667602 0.5110386 0.5270433 0.5709575 0.6329399 0.6387265 0.6658384 0.6620315 0.6723850 0.6544803 0.6667002 0.7180501 0.8374202 0.5416298 0.4802716 0.5793626 0.7835427 0.8605058 0.5010360 0.5472089 0.5912108 0.6325256 0.6545639 0.5534477 0.7888867 0.8149022 0.7707065 0.7804582 0.7343859 0.8176807 0.7933660 0.7929778 0.7980538 0.7951015 0.8022518 0.7915356 0.7445805 0.7801613 0.7958149 0.8166466 0.7813386 0.7654628 0.8500940 0.8104971 0.7990180 0.8105998 0.7874704 0.7961609 0.8513921 0.8535363 0.8328036 0.8190017 0.8313899 0.7855682 0.8274785 0.8330484 0.8462681 0.8435618 0.8660250 0.7336940 0.6948139 0.6654232 0.6377872 0.8669625 0.7943917 0.8429440 0.8465475 0.8751747 0.7719349 0.7763945 0.8623819 0.8405108 0.8180759 0.7933981 0.7969362 0.8257493 0.8635164 0.9159662 0.9642751 0.9250118 1.0911009 0.7523021 1.7184311 1.7481231 1.7439365 2.4354246 
02_AG.CM.02.02CM_3217MN.GU201514       0.3504034 0.0000000 0.2537211 0.2848091 0.3493898 0.4050796 0.4379731 0.4095935 0.4770503 0.5642001 0.5562724 0.5875138 0.5232047 0.5375158 0.5874619 0.5053097 0.5445375 0.5592645 0.6279455 0.6347847 0.6659836 0.6623490 0.6568204 0.6417500 0.6667073 0.7202324 0.8366490 0.5490745 0.4784645 0.5843017 0.7825261 0.8591898 0.5211334 0.5508983 0.6016200 0.6437343 0.6439135 0.5522855 0.8163009 0.8465543 0.7867381 0.8005429 0.7612756 0.8312925 0.8082867 0.8275501 0.8213375 0.8377102 0.8322242 0.8098625 0.7668303 0.7783106 0.8148854 0.8645280 0.7753392 0.7881269 0.8604788 0.8121851 0.8189300 0.8432804 0.8141609 0.8303703 0.8935726 0.8875983 0.8502658 0.8139746 0.8442105 0.8195805 0.8426935 0.8566112 0.8883881 0.8450343 0.9049059 0.7338306 0.6994961 0.6679048 0.6229519 0.8613634 0.7994339 0.8337598 0.8284992 0.8453087 0.7941770 0.7821912 0.8612930 0.8396410 0.8338063 0.8316615 0.8129909 0.8365276 0.8459583 0.9002158 0.9825143 0.9127538 1.1004157 0.7850170 1.6319153 1.7010855 1.6807240 2.3282427 
02_AG.GW.04.CC_0030.FJ694791           0.3545674 0.2537211 0.0000000 0.2784730 0.3578529 0.3955926 0.4499045 0.4084235 0.4741324 0.5583502 0.5570113 0.6063297 0.5440557 0.5418276 0.5944030 0.5284459 0.5423227 0.5771742 0.6261271 0.6400637 0.6642132 0.6547857 0.6682269 0.6355893 0.6774653 0.7379735 0.8419753 0.5516591 0.4891520 0.5985808 0.7753905 0.8496590 0.5133151 0.5491487 0.5881564 0.6385316 0.6434927 0.5483033 0.7923581 0.8356973 0.7882391 0.7797547 0.7396424 0.8166422 0.7979813 0.8119684 0.7986425 0.8161259 0.8091186 0.7984791 0.7542284 0.7646580 0.8073670 0.8301528 0.7692164 0.7697936 0.8625667 0.8008156 0.8084905 0.8374860 0.8240591 0.8261530 0.8629729 0.8536962 0.8541465 0.8257009 0.8436232 0.8018876 0.8338521 0.8427739 0.8412320 0.8188739 0.8759673 0.7517532 0.7089799 0.6633762 0.6291104 0.8616452 0.8169910 0.8548082 0.8553246 0.8625889 0.8219838 0.8002510 0.8634958 0.8608024 0.8655092 0.8196964 0.8048674 0.8406378 0.8557932 0.9222713 0.9811864 0.9448813 1.0740834 0.7853087 1.6493099 1.6893257 1.6770129 2.4140585 
02_AG.GW.14.DE00214GW009.MH078544      0.3751594 0.2848091 0.2784730 0.0000000 0.3753810 0.4242721 0.4541669 0.4190048 0.4930042 0.5673375 0.5750456 0.6071341 0.5300392 0.5531758 0.6018272 0.5267133 0.5544571 0.5910087 0.6515817 0.6452471 0.6696697 0.6652326 0.6790571 0.6546918 0.6891723 0.7293088 0.8757969 0.5651162 0.4956435 0.5955931 0.7813308 0.8784151 0.5333431 0.5543146 0.6128900 0.6611426 0.6698326 0.5566170 0.8227405 0.8547563 0.8191551 0.8241839 0.7862696 0.8393059 0.8298954 0.8329965 0.8201216 0.8407687 0.8405562 0.8154638 0.7735359 0.8054957 0.8536610 0.8665300 0.8049516 0.8041197 0.8831016 0.8413743 0.8359307 0.8387089 0.8350563 0.8496759 0.8935911 0.8842687 0.8709834 0.8482559 0.8665179 0.8215638 0.8600120 0.8947092 0.8834008 0.8512735 0.9304265 0.7693274 0.7201430 0.6940339 0.6508438 0.8744139 0.8256821 0.8550048 0.8601611 0.8648313 0.8246115 0.8193462 0.8647199 0.8458642 0.8416815 0.8435010 0.8013103 0.8413992 0.8959516 0.9205465 0.9992813 0.9446806 1.1103411 0.7859561 1.6966584 1.7529451 1.7525022 2.4740471 
02D.GH.03.GHNJ193.AB231897             0.4284533 0.3493898 0.3578529 0.3753810 0.0000000 0.4941891 0.5084829 0.4935408 0.5458517 0.6239963 0.6327096 0.6690847 0.6085220 0.6296654 0.6746352 0.5969475 0.6251012 0.6730791 0.7175299 0.7226222 0.7327786 0.7303020 0.7465531 0.7213723 0.7449533 0.8184927 0.9140668 0.6397965 0.5595191 0.6767711 0.8753126 0.9462732 0.5934785 0.6446114 0.6898100 0.7338566 0.7245204 0.6295887 0.8677191 0.9054745 0.8679586 0.8832193 0.8306293 0.9093338 0.8817145 0.8912401 0.8944460 0.9135285 0.9002488 0.8775189 0.8318707 0.8892105 0.9020230 0.9084010 0.8702347 0.8638742 0.9217688 0.8937694 0.8963927 0.9078100 0.9050095 0.9044509 0.9577675 0.9204607 0.9604714 0.9129328 0.9337123 0.9033837 0.9211834 0.9393870 0.9362020 0.9319510 0.9854537 0.8464634 0.7991802 0.7682075 0.7285298 0.9365556 0.8933574 0.9025453 0.9312868 0.9491228 0.9030471 0.8861121 0.9535828 0.9369385 0.9524934 0.9068608 0.8765202 0.9320538 0.9626837 1.0091839 1.0853677 1.0181282 1.2079093 0.8905483 1.7074689 1.7622283 1.7609635 2.4168503 
02A.CI.16.DEURF16CI011.MH078538        0.3654580 0.4050796 0.3955926 0.4242721 0.4941891 0.0000000 0.4732599 0.4469731 0.5174186 0.5982666 0.6038379 0.6207867 0.5721345 0.5867346 0.6239243 0.5637898 0.5919404 0.6345523 0.6918733 0.6900730 0.7360908 0.7061320 0.7382725 0.7042952 0.7371040 0.7883274 0.8914134 0.6062908 0.5436476 0.6393024 0.8225757 0.9127583 0.5657049 0.6065197 0.6452165 0.6927536 0.6969869 0.6123531 0.8425576 0.8740100 0.8317232 0.8336934 0.7841706 0.8695109 0.8568673 0.8549035 0.8643427 0.8530934 0.8740968 0.8240902 0.7950746 0.8217249 0.8616945 0.8894364 0.8318058 0.8377852 0.9212237 0.8699969 0.8508839 0.8822032 0.8500953 0.8649954 0.9419471 0.9140979 0.8860598 0.8774808 0.8881222 0.8468862 0.8964747 0.8984708 0.9059777 0.8865002 0.9464693 0.7886519 0.7339142 0.7257338 0.6904427 0.9059200 0.8547787 0.8553018 0.8562458 0.8908881 0.8266060 0.8233151 0.8984296 0.8598940 0.8699522 0.8471790 0.8393747 0.8588234 0.8792037 0.9399569 1.0032387 0.9594046 1.1357570 0.8339087 1.7293353 1.8022258 1.8164558 2.4900056 
U.ES.10.DEURF10DZ001.JX140679          0.4407562 0.4379731 0.4499045 0.4541669 0.5084829 0.4732599 0.0000000 0.4083168 0.5261647 0.6131200 0.5994410 0.6376956 0.5795514 0.5851160 0.6462196 0.5661889 0.6152390 0.6413129 0.6862811 0.6867569 0.7090467 0.7018413 0.7258644 0.7032316 0.7141265 0.7708337 0.8992204 0.6121953 0.5489060 0.6405307 0.8458462 0.9153631 0.5604480 0.6017879 0.6424093 0.7133801 0.7131482 0.6434021 0.8639701 0.9109237 0.8477067 0.8535209 0.8185580 0.8843878 0.8727809 0.8817192 0.8715835 0.8987732 0.8879002 0.8699923 0.8486510 0.8318233 0.8741351 0.8889527 0.8760962 0.8543896 0.9413616 0.8961696 0.8810786 0.9011158 0.8753095 0.8966227 0.9517389 0.9453676 0.9072395 0.8985769 0.9307978 0.8886326 0.9104572 0.9454063 0.9146998 0.9079282 0.9653477 0.8029837 0.7580607 0.7447252 0.6906710 0.9264123 0.8760427 0.8798579 0.8747928 0.8908833 0.8375362 0.8434863 0.8921179 0.8922448 0.8652984 0.8506127 0.8239052 0.8677985 0.9185949 0.9525290 1.0334082 0.9692215 1.1907060 0.8499761 1.7474136 1.8629841 1.8520734 2.5290966 
0206.SN.12.LA56Senegl.KU168299         0.4081190 0.4095935 0.4084235 0.4190048 0.4935408 0.4469731 0.4083168 0.0000000 0.4927548 0.5784139 0.5717450 0.5974581 0.5416004 0.5390902 0.6071230 0.5345084 0.5653443 0.6063157 0.6357866 0.6531767 0.6824865 0.6728106 0.6773322 0.6588946 0.6858615 0.7686545 0.8605822 0.5759189 0.5068539 0.6247498 0.8185864 0.8981145 0.5470120 0.5807028 0.6158345 0.6741723 0.6864393 0.6285616 0.8183528 0.8519362 0.8201885 0.8382631 0.7841654 0.8513622 0.8463227 0.8431374 0.8514501 0.8668917 0.8325949 0.8196038 0.7822271 0.8119933 0.8394036 0.8676360 0.8249415 0.8045656 0.8953169 0.8537173 0.8311970 0.8603187 0.8268357 0.8555558 0.9053432 0.8880758 0.8614918 0.8551779 0.8856130 0.8180894 0.8700174 0.8820485 0.8952519 0.8786412 0.9037444 0.7827292 0.7411028 0.6954229 0.6412828 0.8743657 0.8177291 0.8670241 0.8627816 0.8692700 0.8109520 0.7943122 0.8920775 0.8682300 0.8493531 0.8507195 0.8147048 0.8566410 0.8838118 0.9423733 1.0048890 0.9345351 1.1477164 0.8102768 1.7507919 1.8040851 1.7870742 2.5156953 
AGU.CM.06.770_8.MH705142               0.4546930 0.4770503 0.4741324 0.4930042 0.5458517 0.5174186 0.5261647 0.4927548 0.0000000 0.5588260 0.5491810 0.5926705 0.5399229 0.5275523 0.5791100 0.5063179 0.5518947 0.5814206 0.6528908 0.6474931 0.6717061 0.6666448 0.6900003 0.6548282 0.6781194 0.7376479 0.8520847 0.5474719 0.4910278 0.5980893 0.7791833 0.8575766 0.5608385 0.5223581 0.5745953 0.6079308 0.6322379 0.6742927 0.8222684 0.8607540 0.8085727 0.8138266 0.7590480 0.8528036 0.8236109 0.8341988 0.8133187 0.8515455 0.8330872 0.7965233 0.7679916 0.7864156 0.8242127 0.8927754 0.8146347 0.7862470 0.8666475 0.8427842 0.8278888 0.8652980 0.8479694 0.8643047 0.8833808 0.9116184 0.8482646 0.8463262 0.8609930 0.8183193 0.8648414 0.8584443 0.8725902 0.8753130 0.8861132 0.7637281 0.7137199 0.6742194 0.6427141 0.8468338 0.8109535 0.8571972 0.8358154 0.8774739 0.8114029 0.8006642 0.8569871 0.8472821 0.8490963 0.8025405 0.7905328 0.8126367 0.8552582 0.9367628 0.9551142 0.9304232 1.1146611 0.7976151 1.7882251 1.7993885 1.8502108 2.5048529 
A1.KE.06.06KECst_028.FJ623479          0.5526944 0.5642001 0.5583502 0.5673375 0.6239963 0.5982666 0.6131200 0.5784139 0.5588260 0.0000000 0.3183593 0.4248714 0.3708764 0.4027412 0.4162694 0.4410493 0.4658611 0.4737280 0.5455298 0.5491351 0.5741272 0.5681649 0.5977394 0.5585239 0.5723357 0.6454533 0.7637394 0.4888277 0.4917587 0.4796663 0.6909636 0.7933685 0.6501482 0.6566210 0.7039582 0.7548294 0.7669420 0.7539040 0.8439345 0.8584157 0.8300243 0.8432205 0.8048531 0.8627514 0.8316559 0.8400032 0.8454450 0.8695087 0.8412598 0.8306542 0.7964398 0.8082873 0.8528050 0.9031990 0.8338141 0.8354605 0.8977903 0.8753521 0.8458176 0.8766051 0.8495996 0.8549957 0.9343532 0.9191493 0.8762347 0.8739907 0.8638363 0.8467999 0.9051666 0.9133022 0.8845051 0.8897995 0.8993507 0.7915654 0.7390671 0.7115903 0.6846116 0.7483824 0.6727362 0.7262793 0.7077943 0.7404202 0.6871983 0.6823300 0.7450062 0.7102934 0.7072748 0.7032940 0.6824113 0.7041843 0.7233913 0.8180043 0.8471524 0.7965617 1.1390313 0.8401956 1.9135831 1.9626841 1.9466707 2.5961710 
A1.KE.06.06KECst_013.FJ623485          0.5522544 0.5562724 0.5570113 0.5750456 0.6327096 0.6038379 0.5994410 0.5717450 0.5491810 0.3183593 0.0000000 0.4168933 0.3688845 0.3923565 0.4143005 0.4398535 0.4642379 0.4639863 0.5354428 0.5378293 0.5929086 0.5772894 0.5820650 0.5566002 0.5678301 0.6413986 0.7641192 0.4669272 0.5016779 0.4779752 0.6937284 0.7749864 0.6641833 0.6560100 0.7021582 0.7603762 0.7585476 0.7613316 0.8391200 0.8565141 0.8201390 0.8395652 0.8079477 0.8654983 0.8402240 0.8361958 0.8319464 0.8548009 0.8585429 0.8231446 0.8002357 0.8279327 0.8371550 0.8930371 0.8505819 0.8313707 0.8877013 0.8616686 0.8350399 0.8684211 0.8426387 0.8680922 0.9142182 0.9238882 0.8848871 0.8542678 0.8814196 0.8523471 0.8851216 0.9145367 0.9078557 0.8878947 0.9268081 0.7982961 0.7497058 0.7207203 0.6627217 0.7599401 0.6885306 0.7242377 0.7082585 0.7327297 0.6873832 0.6734635 0.7529313 0.7267283 0.7313023 0.7040460 0.6662140 0.7175857 0.7431179 0.7928505 0.8737922 0.8140847 1.1464422 0.8515481 1.9192294 1.9394612 1.9582689 2.6148351 
A1.CY.07.CY208.JF683760                0.5739968 0.5875138 0.6063297 0.6071341 0.6690847 0.6207867 0.6376956 0.5974581 0.5926705 0.4248714 0.4168933 0.0000000 0.2553699 0.4148250 0.4535656 0.4619764 0.4983093 0.4901261 0.5754509 0.5697751 0.5995147 0.5816576 0.6123947 0.5982598 0.6112590 0.6727747 0.7810496 0.4965612 0.5184229 0.5026214 0.7151877 0.8083012 0.6949547 0.7017043 0.7388085 0.7723898 0.7821702 0.7818616 0.8616455 0.8777373 0.8507149 0.8656253 0.8205692 0.8571301 0.8812194 0.8724680 0.8705476 0.8757952 0.8819243 0.8557497 0.8215522 0.8401762 0.8600571 0.9210963 0.8653311 0.8407071 0.9341239 0.8927129 0.8855034 0.8787442 0.8819296 0.8600768 0.9375377 0.9134025 0.8917074 0.8708971 0.9001413 0.8850353 0.9032248 0.9253539 0.9333947 0.9166558 0.9561270 0.8195376 0.7724364 0.7515400 0.6937571 0.7648429 0.6998402 0.7316510 0.7452180 0.7683068 0.7175110 0.7002924 0.7856499 0.7387298 0.7488003 0.7302617 0.7016905 0.7540937 0.7711589 0.8530161 0.8770901 0.8168089 1.1670575 0.8831512 1.9412138 1.9906690 1.9853178 2.6358983 
A1.CY.05.CY051.FJ388903                0.5188668 0.5232047 0.5440557 0.5300392 0.6085220 0.5721345 0.5795514 0.5416004 0.5399229 0.3708764 0.3688845 0.2553699 0.0000000 0.3675879 0.3943401 0.4077470 0.4415455 0.4440040 0.5230720 0.5170568 0.5567673 0.5516601 0.5587856 0.5469403 0.5586905 0.6188719 0.7540018 0.4565626 0.4755129 0.4539906 0.6669509 0.7694535 0.6417601 0.6334534 0.6905048 0.7369190 0.7346898 0.7398124 0.8106985 0.8374762 0.8084264 0.8178403 0.7813077 0.8345008 0.8121516 0.8136758 0.8167617 0.8205801 0.8398712 0.8179449 0.7791737 0.8084219 0.8309814 0.8817878 0.8228557 0.8155747 0.8723525 0.8428212 0.8267392 0.8523124 0.8479144 0.8523268 0.8989531 0.8884150 0.8566614 0.8344942 0.8617282 0.8233234 0.8476185 0.8794945 0.8844282 0.8717896 0.9020337 0.7644484 0.7292903 0.7083212 0.6513420 0.7248757 0.6556120 0.7010743 0.6893304 0.7138751 0.6465085 0.6357970 0.7122973 0.6832007 0.6857614 0.6739313 0.6340565 0.6753136 0.7192018 0.7849875 0.8174586 0.7616223 1.1258567 0.8208615 1.8650787 1.9249815 1.9216164 2.6518514 
A1.UG.11.DEMA110UG001.KF859745         0.5321284 0.5375158 0.5418276 0.5531758 0.6296654 0.5867346 0.5851160 0.5390902 0.5275523 0.4027412 0.3923565 0.4148250 0.3675879 0.0000000 0.4139487 0.4049935 0.4451156 0.4286743 0.5211649 0.5187908 0.5628743 0.5399942 0.5578407 0.5294447 0.5605551 0.6206204 0.7258783 0.4479007 0.4773445 0.4587930 0.6790127 0.7506312 0.6390841 0.6294166 0.6807279 0.7304499 0.7489883 0.7300377 0.8099726 0.8427053 0.8072313 0.8098759 0.7730205 0.8377738 0.8184001 0.8001015 0.8041798 0.8401740 0.8342551 0.8147610 0.7828324 0.8038817 0.8386690 0.8798706 0.8031070 0.8127287 0.8678174 0.8455121 0.8415414 0.8456014 0.8482889 0.8338814 0.8738343 0.8898904 0.8681925 0.8576132 0.8734025 0.8450348 0.8504353 0.8686488 0.8843261 0.8459432 0.8919517 0.7801829 0.7298467 0.7105987 0.6446431 0.7295884 0.6630058 0.6850244 0.6829595 0.7245633 0.6655405 0.6434170 0.7300306 0.7021921 0.7021558 0.6846171 0.6471035 0.6908415 0.7196508 0.7925239 0.8340441 0.7769379 1.1208929 0.7927756 1.8873418 1.9207156 1.9864643 2.6283450 
35_AD.AF.06.007H.GQ477450              0.5667602 0.5874619 0.5944030 0.6018272 0.6746352 0.6239243 0.6462196 0.6071230 0.5791100 0.4162694 0.4143005 0.4535656 0.3943401 0.4139487 0.0000000 0.4525102 0.4805039 0.4797050 0.5517302 0.5608740 0.5940683 0.5772856 0.5946437 0.5812197 0.5979714 0.6704440 0.7589068 0.4932832 0.5149942 0.4857987 0.6993659 0.7930512 0.6796991 0.6663379 0.7185250 0.7704246 0.7882661 0.7802231 0.8799773 0.8970174 0.8724703 0.8591725 0.8174127 0.9060725 0.8680476 0.8631750 0.8707737 0.8973663 0.8864557 0.8815088 0.8358953 0.8584278 0.8666251 0.9216246 0.8567184 0.8552671 0.9332161 0.8915843 0.8830181 0.8912394 0.8754991 0.8950439 0.9583133 0.9461142 0.8947749 0.9030538 0.9008927 0.8756410 0.9031572 0.9211803 0.9163144 0.8951179 0.9705383 0.8212050 0.7856061 0.7572487 0.6610491 0.7676699 0.7187530 0.7582418 0.7369205 0.7616897 0.6991371 0.7029442 0.7797331 0.7490828 0.7344200 0.7226172 0.6897338 0.7350591 0.7769727 0.8123569 0.8744022 0.8023419 1.1651128 0.8421840 1.9352131 1.9376487 2.0055100 2.5709814 
A1.CY.06.CY154.FJ388943                0.5110386 0.5053097 0.5284459 0.5267133 0.5969475 0.5637898 0.5661889 0.5345084 0.5063179 0.4410493 0.4398535 0.4619764 0.4077470 0.4049935 0.4525102 0.0000000 0.4193583 0.4647909 0.4978554 0.4989110 0.5233355 0.5180490 0.5235261 0.5143958 0.5436625 0.5958726 0.7238291 0.4255641 0.4565801 0.4828511 0.6551583 0.7526887 0.6103863 0.6051602 0.6509521 0.7107296 0.7026568 0.7119146 0.8033562 0.8354298 0.7821735 0.7934923 0.7402427 0.8233999 0.7967975 0.8051775 0.7942875 0.8198598 0.8133677 0.7934497 0.7684895 0.7871961 0.8112793 0.8687156 0.7976024 0.7838576 0.8824281 0.8153844 0.8269226 0.8310431 0.8117898 0.8081417 0.8776322 0.8501194 0.8424975 0.8268347 0.8238638 0.8101382 0.8249643 0.8585709 0.8639261 0.8725613 0.8721597 0.7577512 0.7016531 0.6781440 0.6372111 0.7722087 0.7007694 0.7136544 0.7232145 0.7507924 0.6947407 0.6776773 0.7645847 0.7375229 0.7131282 0.7210264 0.6841062 0.7254925 0.7513582 0.7982190 0.8362041 0.8050549 1.1112856 0.7903689 1.8828651 1.9199288 1.8969144 2.6323890 
A6.UA.12.DEMA112UA036.KU749406         0.5270433 0.5445375 0.5423227 0.5544571 0.6251012 0.5919404 0.6152390 0.5653443 0.5518947 0.4658611 0.4642379 0.4983093 0.4415455 0.4451156 0.4805039 0.4193583 0.0000000 0.4861401 0.5131766 0.5186150 0.5474163 0.5320573 0.5559403 0.5326335 0.5542322 0.6088440 0.7256000 0.4525236 0.4932869 0.5098943 0.6920487 0.7520288 0.6482897 0.6305744 0.6822592 0.7296817 0.7330053 0.7487521 0.8135707 0.8376714 0.8117911 0.8138960 0.7989793 0.8432971 0.8474817 0.8252812 0.8317440 0.8317863 0.8438259 0.7926409 0.7826685 0.7943864 0.8301090 0.8688729 0.8110772 0.8023213 0.8792235 0.8269611 0.8455722 0.8652130 0.8362736 0.8382708 0.8717903 0.9000233 0.8777334 0.8371482 0.8517788 0.8397906 0.8690544 0.8578763 0.8879550 0.8610408 0.8967523 0.7741402 0.7300550 0.6990900 0.6542242 0.7681954 0.7155062 0.7426415 0.7303363 0.7740209 0.6954722 0.6732885 0.7764845 0.7644779 0.7429015 0.7417157 0.7019437 0.7410463 0.7544175 0.8010616 0.8661164 0.8226319 1.1192247 0.8133744 1.8558904 1.9162090 1.8674977 2.6183011 
A1D.UG.99.99UGJ21953.AF484496          0.5709575 0.5592645 0.5771742 0.5910087 0.6730791 0.6345523 0.6413129 0.6063157 0.5814206 0.4737280 0.4639863 0.4901261 0.4440040 0.4286743 0.4797050 0.4647909 0.4861401 0.0000000 0.5776360 0.5853295 0.6193131 0.5985584 0.6233769 0.5986173 0.6166207 0.6880553 0.7984104 0.4953423 0.5259776 0.4967611 0.7205033 0.7997299 0.6877357 0.6662310 0.7251974 0.7736600 0.7672914 0.7575737 0.8760758 0.8998796 0.8573033 0.8575288 0.8242806 0.9001589 0.8786156 0.8741574 0.8640162 0.8898199 0.8905388 0.8646303 0.8282498 0.8377483 0.8686355 0.9171083 0.8438931 0.8427505 0.9237798 0.8746784 0.8797148 0.8844093 0.8821867 0.8753124 0.9474625 0.9306789 0.9011412 0.8853168 0.8989102 0.8933379 0.8871015 0.8980640 0.9245168 0.9131212 0.9503030 0.8284026 0.7771396 0.7418132 0.7107716 0.7462285 0.7012383 0.7328184 0.7217469 0.7529272 0.6898884 0.6701321 0.7344228 0.7171188 0.7251735 0.7195543 0.6833963 0.7146042 0.7526322 0.7926594 0.8566340 0.7902959 1.1706573 0.8370909 1.8688675 1.9140099 1.8929033 2.5488281 
01_AE.CN.02.YN0236.JX112866            0.6329399 0.6279455 0.6261271 0.6515817 0.7175299 0.6918733 0.6862811 0.6357866 0.6528908 0.5455298 0.5354428 0.5754509 0.5230720 0.5211649 0.5517302 0.4978554 0.5131766 0.5776360 0.0000000 0.1536136 0.2009431 0.2109762 0.2138873 0.2202906 0.2429911 0.2997310 0.3826500 0.4281650 0.5656074 0.5909285 0.4628174 0.5332783 0.7353542 0.7220376 0.7924591 0.8126035 0.8342221 0.8600138 0.9015378 0.9359731 0.9102021 0.9136902 0.8748110 0.9481064 0.9323403 0.9150560 0.9117615 0.9384881 0.9356257 0.9036559 0.8758784 0.8947320 0.9221884 0.9704631 0.9290830 0.9129841 0.9695806 0.9351296 0.9144798 0.9590611 0.9236069 0.9376965 0.9797684 0.9935091 0.9613649 0.9541413 0.9748806 0.9483005 0.9578500 0.9675973 0.9915310 0.9323789 1.0149600 0.8621747 0.8210062 0.7979733 0.7709731 0.8648456 0.8009246 0.8763097 0.8515425 0.8640126 0.8170997 0.8061156 0.8875347 0.8449074 0.8440682 0.8289971 0.8045699 0.8518386 0.8799030 0.9154766 0.9834291 0.9120680 1.2382342 0.9224248 1.9778078 1.9943422 1.9999250 2.7073624 
01_AE.TH.99.99TH_C4460.AY945726        0.6387265 0.6347847 0.6400637 0.6452471 0.7226222 0.6900730 0.6867569 0.6531767 0.6474931 0.5491351 0.5378293 0.5697751 0.5170568 0.5187908 0.5608740 0.4989110 0.5186150 0.5853295 0.1536136 0.0000000 0.1991448 0.2050062 0.2040238 0.2136517 0.2396950 0.2890860 0.3675054 0.4217903 0.5580578 0.5966658 0.4571919 0.5266560 0.7192505 0.7291271 0.7696534 0.8160121 0.8205362 0.8512518 0.9069068 0.9559979 0.9106048 0.9037300 0.8783314 0.9500280 0.9285654 0.9282747 0.9368135 0.9310632 0.9422562 0.9209794 0.8784547 0.8914450 0.9228726 0.9610197 0.9193896 0.9106977 0.9799136 0.9521104 0.9010715 0.9594875 0.9350226 0.9467096 0.9709133 0.9961150 0.9557211 0.9326469 0.9584767 0.9425904 0.9587623 0.9662501 0.9963820 0.9421924 1.0066326 0.8533803 0.8117387 0.7914338 0.7808800 0.8825958 0.8128989 0.8754208 0.8307232 0.8722296 0.8200245 0.7881097 0.8897809 0.8426761 0.8437171 0.8411402 0.7911378 0.8247630 0.8746748 0.9244255 0.9588846 0.9010067 1.2152867 0.9198737 1.9972624 2.0101137 2.0136772 2.7293894 
01_AE.TH.07.AA030a04.JX447057          0.6658384 0.6659836 0.6642132 0.6696697 0.7327786 0.7360908 0.7090467 0.6824865 0.6717061 0.5741272 0.5929086 0.5995147 0.5567673 0.5628743 0.5940683 0.5233355 0.5474163 0.6193131 0.2009431 0.1991448 0.0000000 0.2270748 0.2476881 0.2447289 0.2666411 0.3311855 0.4134260 0.4505722 0.5895977 0.6204443 0.4814573 0.5624722 0.7432976 0.7492219 0.8134038 0.8338932 0.8591432 0.8697519 0.9404881 0.9898534 0.9424487 0.9491331 0.9017042 0.9639859 0.9717453 0.9503009 0.9589458 0.9796029 0.9700196 0.9500241 0.8997735 0.9174761 0.9503316 0.9972153 0.9483647 0.9418089 1.0019841 0.9717850 0.9517746 0.9759276 0.9693470 0.9732052 1.0251887 1.0183062 0.9972082 0.9791671 0.9957944 0.9678206 1.0087788 1.0099835 1.0147475 0.9853049 1.0484454 0.8852798 0.8603786 0.8333962 0.7773558 0.8914504 0.8302901 0.8926822 0.8771567 0.9046535 0.8471154 0.8286872 0.9110286 0.8671597 0.8465719 0.8554646 0.8228432 0.8509744 0.8922090 0.9487037 1.0008433 0.9394002 1.2824411 0.9393663 2.0402813 2.0329528 2.0431358 2.7184763 
01_AE.CN.07.07CNYN326.KF835513         0.6620315 0.6623490 0.6547857 0.6652326 0.7303020 0.7061320 0.7018413 0.6728106 0.6666448 0.5681649 0.5772894 0.5816576 0.5516601 0.5399942 0.5772856 0.5180490 0.5320573 0.5985584 0.2109762 0.2050062 0.2270748 0.0000000 0.2516876 0.2474072 0.2795662 0.3303739 0.4010871 0.4413235 0.5869542 0.6024405 0.4921042 0.5586097 0.7548374 0.7391356 0.7996764 0.8298049 0.8364398 0.8656059 0.9170712 0.9639444 0.9356537 0.9351030 0.9008861 0.9535445 0.9387385 0.9180742 0.9490982 0.9536766 0.9399023 0.9306065 0.8955651 0.9176052 0.9360414 0.9723957 0.9236223 0.9270167 0.9879878 0.9483396 0.9413573 0.9678059 0.9434373 0.9377174 1.0032104 1.0184712 0.9768667 0.9541816 0.9671960 0.9527108 0.9909580 0.9783977 1.0117995 0.9527238 1.0062161 0.8939424 0.8374932 0.8232142 0.7614279 0.8833742 0.8163895 0.8819396 0.8613953 0.8541927 0.8302945 0.7791493 0.8824093 0.8529139 0.8381227 0.8370008 0.8026583 0.8297853 0.8951913 0.9237812 0.9901077 0.9226215 1.2403231 0.9328970 1.9982316 2.0168482 2.0277196 2.7407990 
01_AE.CN.07.GX070143.JX112835          0.6723850 0.6568204 0.6682269 0.6790571 0.7465531 0.7382725 0.7258644 0.6773322 0.6900003 0.5977394 0.5820650 0.6123947 0.5587856 0.5578407 0.5946437 0.5235261 0.5559403 0.6233769 0.2138873 0.2040238 0.2476881 0.2516876 0.0000000 0.2621101 0.2831051 0.3374780 0.4160431 0.4556068 0.6102505 0.6383719 0.5108930 0.5740784 0.7710619 0.7550716 0.8081594 0.8416472 0.8585955 0.8710412 0.9544727 0.9994063 0.9613898 0.9464262 0.9058324 0.9940102 0.9668582 0.9449428 0.9569274 0.9818921 0.9686725 0.9652408 0.9164211 0.9504854 0.9592406 0.9983586 0.9784039 0.9285495 1.0279141 0.9842099 0.9573434 1.0055101 0.9931698 0.9780448 1.0377400 1.0363751 1.0135187 0.9878429 0.9909271 0.9949336 1.0213438 1.0120821 1.0336875 0.9893804 1.0483714 0.8929614 0.8635980 0.8371037 0.7948079 0.9168396 0.8257752 0.9059103 0.8664793 0.9104556 0.8540788 0.8179116 0.9045266 0.8793764 0.8603345 0.8617521 0.8174053 0.8579611 0.8998318 0.9630991 0.9982356 0.9470660 1.2577126 0.9271646 2.0436106 2.0735195 2.0438719 2.8210114 
01_AE.TH.05.AA101a_WG1.JX447936        0.6544803 0.6417500 0.6355893 0.6546918 0.7213723 0.7042952 0.7032316 0.6588946 0.6548282 0.5585239 0.5566002 0.5982598 0.5469403 0.5294447 0.5812197 0.5143958 0.5326335 0.5986173 0.2202906 0.2136517 0.2447289 0.2474072 0.2621101 0.0000000 0.2660830 0.3298795 0.4301949 0.4410065 0.5828484 0.6042322 0.4905452 0.5571914 0.7431267 0.7365203 0.7919158 0.8311832 0.8395199 0.8642909 0.9084271 0.9738483 0.9330383 0.9346587 0.9026887 0.9549245 0.9324969 0.9239236 0.9519780 0.9440445 0.9720773 0.9258335 0.8886619 0.9013462 0.9447510 0.9675650 0.9369271 0.9288662 0.9708334 0.9443921 0.9361919 0.9786927 0.9452418 0.9472235 1.0024647 1.0164454 0.9753642 0.9536518 0.9772742 0.9606566 0.9914473 0.9831683 1.0078642 0.9721928 1.0195191 0.8820782 0.8391247 0.8142855 0.7614975 0.8860563 0.8478179 0.8791361 0.8678124 0.8730359 0.8417149 0.8104262 0.8937520 0.8582213 0.8523875 0.8500553 0.8118091 0.8538675 0.8931959 0.9316322 0.9778847 0.9420700 1.2234346 0.9271469 2.0541264 2.1035285 2.0550240 2.8102964 
01_AE.CN.07.07CNYN343.KF835528         0.6667002 0.6667073 0.6774653 0.6891723 0.7449533 0.7371040 0.7141265 0.6858615 0.6781194 0.5723357 0.5678301 0.6112590 0.5586905 0.5605551 0.5979714 0.5436625 0.5542322 0.6166207 0.2429911 0.2396950 0.2666411 0.2795662 0.2831051 0.2660830 0.0000000 0.3555977 0.4424548 0.4621870 0.6055363 0.6275164 0.5116018 0.5760947 0.7662358 0.7602695 0.8135207 0.8596430 0.8860690 0.9003986 0.9305696 1.0006089 0.9401577 0.9699277 0.9167584 0.9900329 0.9724305 0.9646446 0.9824866 0.9832383 0.9653339 0.9432526 0.9067606 0.9255330 0.9641417 0.9844771 0.9678398 0.9603469 1.0268866 0.9730367 0.9715983 0.9875202 0.9843705 0.9811449 1.0196865 1.0304892 0.9867863 0.9779814 1.0070639 0.9746861 1.0267552 1.0096820 1.0201078 1.0088323 1.0372896 0.9108063 0.8472102 0.8197920 0.8142518 0.9095297 0.8350727 0.8906588 0.8721050 0.9021098 0.8487276 0.8325457 0.9081413 0.8813304 0.8711837 0.8587595 0.8472991 0.8725620 0.8850656 0.9482194 1.0225932 0.9367451 1.2477343 0.9450184 2.0369383 2.0408886 2.0221041 2.8328015 
01BC.CN.13.SZ95LS8027.KX379000         0.7180501 0.7202324 0.7379735 0.7293088 0.8184927 0.7883274 0.7708337 0.7686545 0.7376479 0.6454533 0.6413986 0.6727747 0.6188719 0.6206204 0.6704440 0.5958726 0.6088440 0.6880553 0.2997310 0.2890860 0.3311855 0.3303739 0.3374780 0.3298795 0.3555977 0.0000000 0.4944113 0.5146984 0.6748867 0.6933095 0.5755516 0.6496045 0.8137281 0.8414606 0.9115467 0.9064313 0.9283179 0.9446612 1.0044364 1.0328651 0.9921082 1.0138036 0.9607098 1.0452555 1.0033325 0.9911181 0.9919550 1.0124282 1.0242571 0.9851712 0.9334190 1.0061227 1.0243878 1.0476871 1.0080668 0.9731538 1.0568298 1.0272797 1.0080625 1.0647306 1.0238329 1.0344228 1.0693801 1.0833121 1.0402102 1.0243688 1.0577269 1.0205782 1.0742304 1.0468246 1.0900363 1.0535940 1.0921535 0.9548997 0.8990700 0.8881821 0.8566373 0.9780017 0.8919428 0.9670072 0.9449352 0.9626650 0.9158849 0.8853006 0.9794961 0.9345830 0.9311982 0.9060985 0.8791746 0.9313313 0.9446376 1.0062590 1.0502514 0.9895318 1.3137209 1.0026582 2.0724220 2.0952099 2.0805532 2.8896627 
69_01B.JP.05.05JPMYC113SP420.LC027100  0.8374202 0.8366490 0.8419753 0.8757969 0.9140668 0.8914134 0.8992204 0.8605822 0.8520847 0.7637394 0.7641192 0.7810496 0.7540018 0.7258783 0.7589068 0.7238291 0.7256000 0.7984104 0.3826500 0.3675054 0.4134260 0.4010871 0.4160431 0.4301949 0.4424548 0.4944113 0.0000000 0.6188907 0.7635658 0.8090838 0.6620105 0.7478024 0.9445311 0.9230259 0.9873937 1.0131221 1.0198840 1.0396830 1.1054964 1.1388747 1.1048425 1.1396553 1.0749455 1.1210714 1.1026712 1.1110724 1.1036251 1.1579107 1.1286923 1.1095253 1.0627875 1.0672940 1.0831710 1.1433494 1.1146659 1.0964878 1.1688755 1.1353217 1.0819692 1.1548578 1.1336817 1.1323606 1.1757123 1.1726260 1.1420245 1.1302228 1.1236750 1.1346235 1.1752937 1.1585608 1.1659354 1.1463472 1.1842545 1.0729577 1.0108372 0.9671458 0.9717701 1.0666413 1.0093898 1.0645937 1.0193541 1.0588783 1.0198700 1.0050876 1.0877070 1.0298609 1.0120562 1.0199498 1.0077824 1.0221161 1.0401057 1.1295606 1.1702497 1.0966160 1.4017890 1.0981369 2.1505931 2.1721889 2.1675353 2.9326816 
22_01A1.CM.02.02CM_1867LE.AY371165     0.5416298 0.5490745 0.5516591 0.5651162 0.6397965 0.6062908 0.6121953 0.5759189 0.5474719 0.4888277 0.4669272 0.4965612 0.4565626 0.4479007 0.4932832 0.4255641 0.4525236 0.4953423 0.4281650 0.4217903 0.4505722 0.4413235 0.4556068 0.4410065 0.4621870 0.5146984 0.6188907 0.0000000 0.4929609 0.5261198 0.5809985 0.6492728 0.6540126 0.6654860 0.6946905 0.7485965 0.7482859 0.7668006 0.8330750 0.8686990 0.8352141 0.8186995 0.7888572 0.8658000 0.8389928 0.8265020 0.8444273 0.8475871 0.8592484 0.8211810 0.8048872 0.8115998 0.8409713 0.8780837 0.8137658 0.8176654 0.8855278 0.8542503 0.8421350 0.8541019 0.8353665 0.8390249 0.9302563 0.9008961 0.8640980 0.8528135 0.8689606 0.8463676 0.8715479 0.8812422 0.9000051 0.8730914 0.9249229 0.7809038 0.7507819 0.7307720 0.6825723 0.7936359 0.7238548 0.7637697 0.7487673 0.7761155 0.7050444 0.6923705 0.7934815 0.7540983 0.7589709 0.7452343 0.7088117 0.7379062 0.7838267 0.8456023 0.8793564 0.8427326 1.1407820 0.8237526 1.8964756 1.9668431 1.9162977 2.6421525 
45_cpx.CD.97.97CD_MBFE185.FN392874     0.4802716 0.4784645 0.4891520 0.4956435 0.5595191 0.5436476 0.5489060 0.5068539 0.4910278 0.4917587 0.5016779 0.5184229 0.4755129 0.4773445 0.5149942 0.4565801 0.4932869 0.5259776 0.5656074 0.5580578 0.5895977 0.5869542 0.6102505 0.5828484 0.6055363 0.6748867 0.7635658 0.4929609 0.0000000 0.5454393 0.7118610 0.7887745 0.5760535 0.5822362 0.6371964 0.6851960 0.6937695 0.6962941 0.7843024 0.7992780 0.7477051 0.7908130 0.7323330 0.8068749 0.7768130 0.7765853 0.7873017 0.7909191 0.7964184 0.7656192 0.7414919 0.7304122 0.7761645 0.8295543 0.7719933 0.7499207 0.8202670 0.7798358 0.8057032 0.8161984 0.8092681 0.8147840 0.8487245 0.8440331 0.8259335 0.7942303 0.8116040 0.7996241 0.8129456 0.8196958 0.8181159 0.8201461 0.8324303 0.7230234 0.6757418 0.6619389 0.6104082 0.7907277 0.7463998 0.7876081 0.7577737 0.8049638 0.7337923 0.7163843 0.8054151 0.7691575 0.7643486 0.7645176 0.7266820 0.7779596 0.7907473 0.8275149 0.9071543 0.8535198 1.0645088 0.7554890 1.7623431 1.7779057 1.8302444 2.5513474 
A1C.UG.99.99UGF25926.AF484491          0.5793626 0.5843017 0.5985808 0.5955931 0.6767711 0.6393024 0.6405307 0.6247498 0.5980893 0.4796663 0.4779752 0.5026214 0.4539906 0.4587930 0.4857987 0.4828511 0.5098943 0.4967611 0.5909285 0.5966658 0.6204443 0.6024405 0.6383719 0.6042322 0.6275164 0.6933095 0.8090838 0.5261198 0.5454393 0.0000000 0.7598525 0.8382882 0.7007383 0.6909094 0.7627068 0.7930140 0.7918537 0.7935372 0.8901190 0.9193955 0.8720008 0.8947361 0.8493173 0.9259486 0.8900787 0.8918834 0.9018345 0.9024990 0.9100505 0.8706760 0.8429244 0.8783788 0.8954791 0.9610877 0.8834853 0.8893788 0.9682102 0.9114329 0.8812414 0.9408409 0.9144420 0.9202758 0.9725737 0.9789596 0.9177098 0.9014550 0.9279326 0.8843533 0.9457476 0.9252726 0.9536012 0.9285104 1.0083645 0.8591233 0.7962817 0.7655821 0.7235659 0.6340135 0.5979564 0.6231819 0.6389388 0.6666640 0.5943654 0.5840241 0.6756428 0.6424542 0.6380285 0.6177356 0.5805336 0.6180535 0.6591178 0.7208769 0.7514181 0.7038028 1.1687415 0.8702453 1.9863098 2.0202055 1.9976692 2.6251170 
0107.CN.15.HB041501.KY019257           0.7835427 0.7825261 0.7753905 0.7813308 0.8753126 0.8225757 0.8458462 0.8185864 0.7791833 0.6909636 0.6937284 0.7151877 0.6669509 0.6790127 0.6993659 0.6551583 0.6920487 0.7205033 0.4628174 0.4571919 0.4814573 0.4921042 0.5108930 0.4905452 0.5116018 0.5755516 0.6620105 0.5809985 0.7118610 0.7598525 0.0000000 0.4313986 0.8548594 0.8562321 0.9100219 0.9355977 0.9852277 0.9938907 1.0125228 1.0686499 1.0096465 1.0416058 0.9996854 1.0620235 1.0282685 1.0192594 1.0418310 1.0681826 1.0381553 1.0477056 0.9743830 1.0066553 1.0562017 1.0839515 1.0078141 1.0285646 1.0746820 1.0491945 1.0385537 1.0914391 1.0612654 1.0751960 1.0705693 1.0980543 1.0685068 1.0673010 1.0867196 1.0543629 1.0913832 1.0797205 1.0853930 1.0816530 1.1132292 0.9936610 0.9333559 0.8975187 0.8652859 0.9633348 0.9638461 1.0000202 0.9826765 0.9965815 0.9534048 0.9461627 1.0022250 0.9835885 0.9767596 0.9595537 0.9377095 0.9760169 1.0329358 1.0846711 1.1041912 1.0798603 1.3069409 1.0216645 2.1209767 2.1638934 2.1665324 2.8283955 
01BC.CN.14.BJ.2014.MSM.SP01.KP668994   0.8605058 0.8591898 0.8496590 0.8784151 0.9462732 0.9127583 0.9153631 0.8981145 0.8575766 0.7933685 0.7749864 0.8083012 0.7694535 0.7506312 0.7930512 0.7526887 0.7520288 0.7997299 0.5332783 0.5266560 0.5624722 0.5586097 0.5740784 0.5571914 0.5760947 0.6496045 0.7478024 0.6492728 0.7887745 0.8382882 0.4313986 0.0000000 0.9615775 0.9258693 1.0032593 1.0550259 1.0872315 1.0558367 1.1295761 1.1579936 1.1176769 1.1213476 1.0906210 1.1669596 1.1445691 1.1180041 1.1521500 1.1803522 1.1614537 1.1348736 1.0936298 1.1160650 1.1422390 1.1588276 1.1057625 1.1180866 1.1904267 1.1484709 1.1176555 1.1352106 1.1203981 1.1600585 1.1835841 1.1876475 1.1729281 1.1820114 1.1878663 1.1662524 1.1866604 1.1713507 1.2055149 1.1740806 1.2162360 1.1036837 1.0307218 1.0107548 0.9721623 1.1052320 1.0076451 1.0942705 1.0944690 1.1094060 1.0289606 1.0564422 1.0818782 1.0661225 1.0626012 1.0449764 1.0175957 1.0557723 1.0552155 1.1593164 1.2208399 1.1749289 1.4732922 1.0871535 2.2569347 2.2800367 2.2964808 2.8820635 
93_cpx.CD.08.DRC653.MF372651           0.5010360 0.5211334 0.5133151 0.5333431 0.5934785 0.5657049 0.5604480 0.5470120 0.5608385 0.6501482 0.6641833 0.6949547 0.6417601 0.6390841 0.6796991 0.6103863 0.6482897 0.6877357 0.7353542 0.7192505 0.7432976 0.7548374 0.7710619 0.7431267 0.7662358 0.8137281 0.9445311 0.6540126 0.5760535 0.7007383 0.8548594 0.9615775 0.0000000 0.6387261 0.6807587 0.7382561 0.7602522 0.7079499 0.8986036 0.9626861 0.9170971 0.9031639 0.8569635 0.9213974 0.9194655 0.9161855 0.9341995 0.9406209 0.9343965 0.9205619 0.8850824 0.8985703 0.9212794 0.9643084 0.9125449 0.9094808 0.9699562 0.9048667 0.9020986 0.9585595 0.9383985 0.9363736 0.9837883 0.9846147 0.9355078 0.9316429 0.9406226 0.9094688 0.9703755 0.9625113 0.9686931 0.9459460 0.9686644 0.8509812 0.8022170 0.7724912 0.7518976 0.9788630 0.8749273 0.9237723 0.9183200 0.9547668 0.8686507 0.8754927 0.9368668 0.9084743 0.9303495 0.8850902 0.8623065 0.9311910 0.9370041 0.9925815 1.0422011 0.9901007 1.1980924 0.8775822 1.8503590 1.8887575 1.8558047 2.5497104 
G.NG.92.92NG083_JV10832.U88826         0.5472089 0.5508983 0.5491487 0.5543146 0.6446114 0.6065197 0.6017879 0.5807028 0.5223581 0.6566210 0.6560100 0.7017043 0.6334534 0.6294166 0.6663379 0.6051602 0.6305744 0.6662310 0.7220376 0.7291271 0.7492219 0.7391356 0.7550716 0.7365203 0.7602695 0.8414606 0.9230259 0.6654860 0.5822362 0.6909094 0.8562321 0.9258693 0.6387261 0.0000000 0.3491525 0.3921005 0.4263867 0.7471082 0.9078934 0.9442780 0.8996930 0.8982025 0.8618375 0.9308612 0.8876025 0.9085480 0.9094231 0.9264489 0.9208909 0.8796967 0.8575693 0.8577987 0.9059325 0.9742968 0.9066986 0.8663791 0.9630874 0.9062298 0.8955118 0.9455826 0.9166750 0.9196748 0.9891459 0.9732693 0.9252520 0.9225973 0.9279706 0.9064047 0.9251239 0.9689936 0.9438294 0.9279574 0.9767504 0.8567860 0.8062261 0.7730183 0.7215666 0.9578775 0.8920556 0.9460261 0.9098944 0.9502413 0.8684547 0.8861463 0.9491033 0.9179865 0.9162067 0.8966607 0.8819852 0.9253008 0.9339836 1.0057809 1.0498429 1.0068090 1.1685771 0.8753722 1.8530034 1.9163994 1.9505946 2.5179241 
G.NG.09.09NG010261.KX389626            0.5912108 0.6016200 0.5881564 0.6128900 0.6898100 0.6452165 0.6424093 0.6158345 0.5745953 0.7039582 0.7021582 0.7388085 0.6905048 0.6807279 0.7185250 0.6509521 0.6822592 0.7251974 0.7924591 0.7696534 0.8134038 0.7996764 0.8081594 0.7919158 0.8135207 0.9115467 0.9873937 0.6946905 0.6371964 0.7627068 0.9100219 1.0032593 0.6807587 0.3491525 0.0000000 0.4493206 0.4837622 0.7971293 0.9327620 0.9815350 0.9332668 0.9221043 0.8815390 0.9687760 0.9392510 0.9590451 0.9543870 0.9572082 0.9601593 0.9221720 0.9035440 0.8909853 0.9614825 0.9932430 0.9413393 0.9292951 1.0058450 0.9500774 0.9486886 0.9838239 0.9507607 0.9473141 1.0179539 1.0098848 0.9557534 0.9806438 0.9796423 0.9448237 0.9712221 1.0012674 0.9974960 0.9979612 1.0215118 0.9027662 0.8562528 0.8090576 0.7774979 1.0082816 0.9307513 0.9638886 0.9757858 1.0130345 0.9266532 0.9333683 1.0041195 0.9699709 0.9642444 0.9491583 0.9432226 0.9875508 0.9909652 1.0576952 1.1125548 1.0451301 1.2249666 0.9078614 1.9063797 1.9689782 2.0325071 2.6071073 
01F2G.CM.02.LT31.JN864056              0.6325256 0.6437343 0.6385316 0.6611426 0.7338566 0.6927536 0.7133801 0.6741723 0.6079308 0.7548294 0.7603762 0.7723898 0.7369190 0.7304499 0.7704246 0.7107296 0.7296817 0.7736600 0.8126035 0.8160121 0.8338932 0.8298049 0.8416472 0.8311832 0.8596430 0.9064313 1.0131221 0.7485965 0.6851960 0.7930140 0.9355977 1.0550259 0.7382561 0.3921005 0.4493206 0.0000000 0.4195468 0.8501102 0.9978239 1.0246776 0.9887000 0.9670681 0.9345575 1.0310769 0.9827628 1.0089104 0.9984966 0.9952521 1.0224187 0.9932880 0.9473971 0.9784709 1.0263509 1.0603814 1.0033186 0.9826296 1.0194735 1.0005651 0.9938826 1.0422292 1.0058970 1.0472024 1.0822218 1.0648544 1.0286695 1.0326342 1.0265900 1.0036761 1.0331513 1.0693936 1.0490217 1.0390237 1.0781519 0.9615633 0.9032424 0.8706056 0.8281780 1.0911676 0.9825222 1.0084284 1.0297390 1.0376852 0.9916228 0.9827269 1.0667360 1.0155352 0.9989461 0.9859269 0.9621552 1.0080791 1.0255371 1.0745305 1.1448128 1.1179721 1.2592017 0.9796109 1.9457417 1.9997077 1.9987006 2.5740488 
BCG.ES.15.100_119.KY496623             0.6545639 0.6439135 0.6434927 0.6698326 0.7245204 0.6969869 0.7131482 0.6864393 0.6322379 0.7669420 0.7585476 0.7821702 0.7346898 0.7489883 0.7882661 0.7026568 0.7330053 0.7672914 0.8342221 0.8205362 0.8591432 0.8364398 0.8585955 0.8395199 0.8860690 0.9283179 1.0198840 0.7482859 0.6937695 0.7918537 0.9852277 1.0872315 0.7602522 0.4263867 0.4837622 0.4195468 0.0000000 0.8670248 0.9974518 1.0447872 0.9884928 0.9967548 0.9629962 1.0317636 0.9963614 1.0191994 1.0226644 1.0284268 1.0457831 0.9952807 0.9765719 0.9790973 1.0264726 1.0900422 0.9958850 0.9769703 1.0877077 1.0203596 1.0160706 1.0508170 1.0034975 1.0349295 1.0842325 1.0622602 1.0417682 1.0318828 1.0434864 1.0470835 1.0560177 1.0544570 1.0493599 1.0654720 1.1167320 0.9467782 0.9244464 0.8928309 0.8490330 1.0558683 1.0058057 1.0437009 1.0454807 1.0582999 1.0003679 0.9950776 1.0926049 1.0371497 1.0317333 1.0004606 0.9831523 1.0349148 1.0575344 1.1054543 1.1742231 1.1085020 1.3244937 0.9944303 1.9465497 1.9789884 2.0595261 2.7129505 
06_cpx.SN.97.97SE1078.AJ288981         0.5534477 0.5522855 0.5483033 0.5566170 0.6295887 0.6123531 0.6434021 0.6285616 0.6742927 0.7539040 0.7613316 0.7818616 0.7398124 0.7300377 0.7802231 0.7119146 0.7487521 0.7575737 0.8600138 0.8512518 0.8697519 0.8656059 0.8710412 0.8642909 0.9003986 0.9446612 1.0396830 0.7668006 0.6962941 0.7935372 0.9938907 1.0558367 0.7079499 0.7471082 0.7971293 0.8501102 0.8670248 0.0000000 1.0048606 1.0529028 0.9928562 0.9979360 0.9466052 1.0132938 1.0009567 1.0047069 0.9962311 1.0092517 1.0100246 0.9846156 0.9400816 0.9823228 1.0233535 1.0287604 1.0022088 0.9926316 1.0366437 1.0062175 1.0159428 1.0357028 1.0209059 1.0069602 1.0723805 1.0415301 1.0406162 1.0512012 1.0419455 1.0101901 1.0458920 1.0241114 1.0391628 1.0355281 1.0787952 0.9576480 0.8924900 0.8723084 0.8411031 1.0835049 0.9813117 1.0103056 1.0226665 1.0664782 1.0040428 0.9767610 1.0315729 1.0306772 1.0172564 0.9797208 0.9651147 1.0236594 1.0393986 1.0476376 1.1468186 1.0916579 1.3149082 0.9905298 1.9292942 1.9360739 1.9592594 2.5761657 
