100
02A1.GH.97.97GH_AG2.AB052867           0.0000000 0.3650856 0.4610261 0.5262805 0.5551678 0.6208097 0.6458452 0.5436668 0.5435314 0.5379633 0.5661809 0.5127941 0.5196017 0.5827568 0.8332039 0.8068158 0.8943826 0.8342708 0.8274229 0.8495107 0.8202922 0.7800703 0.8562955 0.8850620 0.9403052 0.9485840 0.7868687 0.8306573 0.8351509 0.7954174 0.8017809 0.5638339 0.5989072 0.6043297 0.6498114 0.8130662 0.6270497 0.6337858 0.7045910 0.6131710 0.6372218 0.7650267 0.8232889 0.5419297 0.5310300 0.4909208 0.4615483 0.7655129 0.7837655 0.8487118 0.8551062 0.8341367 0.8479571 0.8192281 0.7500473 0.7995832 0.7681886 0.7809995 0.7946058 0.7778416 0.7761385 0.7135934 0.7825612 0.8587703 0.8260452 0.7911915 0.8296707 0.7877919 0.7814539 0.7746030 0.8386219 0.7875254 0.7499487 0.7402484 0.7451424 0.8444462 1.0574836 0.8568472 0.8037811 0.8215607 0.7940733 0.7267146 0.7276488 0.7291954 0.6760659 0.6584676 0.7485123 0.6025869 0.5004244 0.4195636 0.4005811 0.5494325 0.3474138 0.3472571 0.3688310 0.4343921 1.7101156 1.7337860 1.6598881 2.4155404 
02A.CI.16.DEURF16CI011.MH078538        0.3650856 0.0000000 0.5147901 0.5742212 0.6243346 0.6773353 0.7137753 0.6024724 0.6000912 0.6021477 0.6182307 0.5674171 0.5623483 0.6584854 0.9121487 0.8802996 0.9310821 0.8980101 0.8983276 0.8977971 0.8922831 0.8762011 0.9537765 0.9826794 1.0168836 1.0238810 0.8610311 0.9183172 0.8932910 0.8503442 0.8765910 0.6187273 0.6429260 0.6561400 0.6880557 0.8377361 0.6715108 0.6819214 0.7511829 0.6660291 0.6885244 0.8029963 0.8595392 0.6142696 0.5769647 0.5379475 0.5139953 0.8354947 0.8641959 0.8825309 0.9105788 0.8821250 0.8912258 0.8838930 0.8178143 0.8727686 0.8274872 0.8458243 0.8528939 0.8396863 0.8439688 0.7885737 0.8326318 0.9004750 0.8836206 0.8351277 0.8789790 0.8513203 0.8305588 0.8359539 0.8729173 0.8473758 0.8136554 0.8103512 0.8120522 0.8692593 1.1106928 0.8855013 0.8479367 0.8695661 0.8371680 0.7844752 0.7950389 0.7769961 0.7294783 0.7054800 0.7962994 0.6661006 0.5528942 0.4764263 0.4477980 0.5970919 0.3986666 0.3965294 0.4097809 0.4747418 1.7524401 1.8184840 1.7186063 2.5354744 
AGU.CM.06.770_8.MH705142               0.4610261 0.5147901 0.0000000 0.5271144 0.5706407 0.6280637 0.6545869 0.5627010 0.5628915 0.5623546 0.5823486 0.5399974 0.5276165 0.6049733 0.8697956 0.8180819 0.9086634 0.8400585 0.8413351 0.8647602 0.8321289 0.8021628 0.8580701 0.9314888 0.9548568 0.9512091 0.8045582 0.8536469 0.8643847 0.8026453 0.8126477 0.5751205 0.6181722 0.6216449 0.6637739 0.8327827 0.6598216 0.6652930 0.7191018 0.6366037 0.6545147 0.7938784 0.8531958 0.5698861 0.5510703 0.5166828 0.4792886 0.7652760 0.8195373 0.8319604 0.8541908 0.8491798 0.8604653 0.8414670 0.7606187 0.7977909 0.7839934 0.7915970 0.7961882 0.8006454 0.7761370 0.7268988 0.7940278 0.8795898 0.8371762 0.8019646 0.8480281 0.8283833 0.8124411 0.8012774 0.8271037 0.8097442 0.7610952 0.7581573 0.7657556 0.8275751 1.0795149 0.8642438 0.8074986 0.8436821 0.8001520 0.7317645 0.7453167 0.7678191 0.6897531 0.6754450 0.7801495 0.6077080 0.5730815 0.5272694 0.4879659 0.6454596 0.4637268 0.4717325 0.4758498 0.5445772 1.8772554 1.9070172 1.8268813 2.4754574 
G.NG.92.92NG083_JV10832.U88826         0.5262805 0.5742212 0.5271144 0.0000000 0.3436537 0.3927181 0.4069768 0.6452180 0.6271309 0.6431738 0.6614418 0.5992027 0.6122093 0.6755739 0.9441361 0.8873071 0.9685361 0.9176418 0.9283879 0.9404328 0.9139743 0.8934726 0.9410165 1.0039256 1.0372148 1.0056587 0.8754067 0.9326420 0.9274240 0.8852347 0.9053301 0.6488678 0.6970890 0.6987668 0.7436241 0.9044446 0.7285444 0.7272426 0.7971018 0.7090133 0.7307811 0.8735940 0.9231038 0.6490988 0.6165732 0.5875262 0.5426828 0.8541168 0.8969494 0.9446744 0.9490584 0.9238669 0.9728681 0.9198903 0.8503036 0.8944818 0.8544719 0.8893416 0.8883875 0.8778913 0.8762655 0.7985749 0.8888943 0.9525572 0.8971830 0.8852628 0.9320234 0.9071926 0.8933499 0.8622347 0.9220051 0.8803988 0.8375815 0.8531945 0.8534631 0.9162355 1.1351574 0.9246236 0.8908616 0.9275539 0.8634771 0.8304169 0.8320857 0.8338041 0.7888637 0.7554196 0.8320122 0.7047080 0.6440209 0.5999350 0.5640456 0.7122367 0.5388067 0.5239189 0.5337115 0.6002889 1.8871043 1.9313444 1.9065167 2.5729684 
G.NG.09.09NG010261.KX389626            0.5551678 0.6243346 0.5706407 0.3436537 0.0000000 0.4658891 0.4927377 0.7031498 0.6710762 0.6855200 0.6973325 0.6510570 0.6668161 0.7437529 0.9588527 0.9164302 1.0125879 0.9725587 0.9994733 0.9927674 0.9666903 0.9515030 1.0306374 1.0552394 1.0391977 1.0691665 0.9208538 0.9722733 0.9691530 0.9223564 0.9287560 0.6974071 0.7577483 0.7604425 0.7898093 0.9730810 0.8063248 0.7786563 0.8374926 0.7583609 0.8041998 0.9260112 0.9582867 0.6883205 0.6657608 0.6407510 0.5926456 0.9096370 0.9531680 0.9816463 1.0322319 0.9847507 1.0054688 0.9836756 0.9353623 0.9497945 0.9534949 0.9549140 0.9457958 0.9684529 0.9677875 0.8797463 0.9528489 1.0019114 0.9729259 0.9346386 0.9774304 0.9671196 0.9539428 0.9442397 0.9785286 0.9439366 0.9125102 0.9079771 0.8956750 0.9788889 1.2052831 0.9757665 0.9604100 0.9696086 0.9503363 0.8726680 0.9125815 0.8949534 0.8470147 0.8181039 0.8984559 0.7320502 0.6835191 0.6435679 0.6240066 0.7767224 0.5920097 0.5865634 0.5920065 0.6430522 1.9317289 1.9551811 2.0212304 2.6852661 
01F2G.CM.02.LT31.JN864056              0.6208097 0.6773353 0.6280637 0.3927181 0.4658891 0.0000000 0.4129182 0.7638939 0.7381391 0.7406356 0.7648847 0.7048277 0.7257316 0.7803571 1.0125765 0.9710402 1.0527452 1.0172267 1.0239765 1.0526945 1.0085797 0.9772684 1.0297763 1.1010396 1.1249518 1.1077383 0.9629353 1.0267586 1.0440429 0.9659523 0.9955831 0.7482436 0.7809609 0.7872443 0.8313427 0.9860321 0.8163786 0.8248315 0.8916577 0.7921393 0.8143636 0.9544562 0.9864534 0.7368633 0.7107234 0.6999868 0.6307626 0.9444592 0.9756254 1.0282840 1.0161834 1.0261139 1.0483969 1.0329927 0.9523514 0.9664264 0.9812638 0.9792254 0.9667883 0.9751138 0.9797789 0.8868789 0.9818664 1.0153755 0.9902070 0.9806577 0.9913496 0.9716383 0.9804831 0.9433184 1.0132473 0.9636137 0.9261834 0.9229490 0.9314692 0.9968907 1.2150298 1.0061108 0.9855795 1.0214165 0.9655754 0.9195760 0.9161806 0.9550775 0.8834560 0.8471445 0.9086122 0.7801277 0.7482572 0.7043718 0.6535147 0.8333796 0.6458592 0.6401542 0.6459456 0.7142343 1.9336977 1.9698727 1.9457890 2.7458319 
BCG.ES.15.100_119.KY496623             0.6458452 0.7137753 0.6545869 0.4069768 0.4927377 0.4129182 0.0000000 0.7850535 0.7657459 0.7808375 0.7977186 0.7274476 0.7480749 0.8228961 1.0721101 0.9835035 1.1254692 1.0303998 1.0646765 1.0747744 1.0428449 1.0291308 1.0869504 1.1265775 1.1433285 1.1293997 1.0043192 1.0415135 1.0602596 1.0145331 1.0367816 0.7999271 0.8319406 0.8386318 0.8572745 1.0159535 0.8657179 0.8514064 0.9432305 0.8798895 0.8731182 0.9845081 1.0612791 0.7690829 0.7595975 0.7046964 0.6668876 0.9950801 1.0205568 1.0630776 1.0937590 1.0824255 1.1003405 1.0650368 0.9949617 1.0153025 0.9922070 1.0288883 1.0124499 1.0089496 1.0269195 0.9390749 1.0114822 1.0900973 1.0335146 1.0161722 1.0587750 1.0278299 1.0310261 1.0024986 1.0558524 1.0008138 0.9590174 0.9937018 0.9988145 1.0562768 1.2640088 1.0506017 1.0198966 1.0794751 1.0040352 0.9458004 0.9689850 0.9624236 0.9381875 0.8621482 0.9412391 0.8123714 0.7605173 0.7213688 0.6902598 0.8617271 0.6577991 0.6521504 0.6610941 0.7168405 1.9581376 1.9704655 2.0400550 2.7491305 
A1.KE.06.06KECst_028.FJ623479          0.5436668 0.6024724 0.5627010 0.6452180 0.7031498 0.7638939 0.7850535 0.0000000 0.3038818 0.4080843 0.4048624 0.3714273 0.4005695 0.4876023 0.7313501 0.6900031 0.7708514 0.7293234 0.7201316 0.7546628 0.7197569 0.6955089 0.7520647 0.8023402 0.8247401 0.8269202 0.6693679 0.7240654 0.7101764 0.6659710 0.6856295 0.4649714 0.5499075 0.5603393 0.5814650 0.7608722 0.5863249 0.5898348 0.6650616 0.5569656 0.6014007 0.7331039 0.7823449 0.4969702 0.4766546 0.4291102 0.5021282 0.8180787 0.8604558 0.8865904 0.8985124 0.8962285 0.9080034 0.8812528 0.8269274 0.8708643 0.8415425 0.8592612 0.8586580 0.8637702 0.8437477 0.7799808 0.8457028 0.9151113 0.8662460 0.8459637 0.8906449 0.8698507 0.8474409 0.8507511 0.8884853 0.8708446 0.8190412 0.8194485 0.8265757 0.8976384 1.1475156 0.9311594 0.8755091 0.9055993 0.8801114 0.7948821 0.7985724 0.7912343 0.7451166 0.7232206 0.7992835 0.6728152 0.6485910 0.6004567 0.5654439 0.7446449 0.5561619 0.5412624 0.5699784 0.6287570 1.8221964 1.9214523 1.9060862 2.6220228 
A1.KE.06.06KECst_013.FJ623485          0.5435314 0.6000912 0.5628915 0.6271309 0.6710762 0.7381391 0.7657459 0.3038818 0.0000000 0.3828851 0.4079975 0.3661214 0.3853080 0.4827279 0.7097935 0.6850036 0.7777871 0.7131999 0.7153625 0.7341890 0.6950134 0.6888975 0.7485048 0.8032613 0.8285438 0.8177380 0.6691149 0.7263571 0.6980388 0.6729988 0.6756004 0.4554964 0.5440813 0.5423288 0.5744563 0.7482704 0.5552260 0.5670186 0.6558001 0.5565754 0.5850058 0.7125891 0.7795150 0.4844804 0.4664946 0.4261914 0.4982800 0.8227516 0.8646406 0.9011452 0.9204627 0.8888257 0.9267714 0.9007162 0.8322842 0.8760038 0.8247754 0.8599890 0.8645153 0.8546169 0.8275643 0.7874764 0.8420801 0.9406423 0.8893818 0.8410882 0.8836327 0.8578721 0.8593451 0.8388493 0.8906506 0.8693721 0.8226809 0.8015354 0.8159017 0.8834988 1.1051205 0.9045220 0.8659996 0.9110982 0.8745652 0.7764767 0.8128270 0.8049800 0.7405042 0.7148093 0.8081143 0.6630394 0.6394703 0.6001716 0.5758764 0.7537271 0.5550467 0.5439756 0.5610433 0.6183491 1.9033948 1.9632795 1.9106886 2.5948746 
35_AD.AF.06.007H.GQ477450              0.5379633 0.6021477 0.5623546 0.6431738 0.6855200 0.7406356 0.7808375 0.4080843 0.3828851 0.0000000 0.4287153 0.3684530 0.4098124 0.4980960 0.7202975 0.7193914 0.7882937 0.7197729 0.7339757 0.7605973 0.7233276 0.6970259 0.7657939 0.8105290 0.8492073 0.8645427 0.6780310 0.7463372 0.7014432 0.6784177 0.7057813 0.4755210 0.5571148 0.5639921 0.5828525 0.7698457 0.5896692 0.5886102 0.6736144 0.5740087 0.6021062 0.7410340 0.7676246 0.4954966 0.4754456 0.4369103 0.4913289 0.8272305 0.8734108 0.8960832 0.8967871 0.9027308 0.9259408 0.8688339 0.8336616 0.8621576 0.8416298 0.8445472 0.8383880 0.8632824 0.8487543 0.7799594 0.8426192 0.9307023 0.8926404 0.8403198 0.8728610 0.8439572 0.8421307 0.8693163 0.8842687 0.8658873 0.8124114 0.8203325 0.8356095 0.8809420 1.1205100 0.9151653 0.8523908 0.8951060 0.8739148 0.7876824 0.7831222 0.7955391 0.7572073 0.7165084 0.8231001 0.6783736 0.6561010 0.5928918 0.5734245 0.7438496 0.5578786 0.5394447 0.5715383 0.6444268 1.9184761 1.9409909 1.9111723 2.6307080 
A1.CY.07.CY208.JF683760                0.5661809 0.6182307 0.5823486 0.6614418 0.6973325 0.7648847 0.7977186 0.4048624 0.4079975 0.4287153 0.0000000 0.2399795 0.4089604 0.5132576 0.7204741 0.7126719 0.7924107 0.7311675 0.7415822 0.7667559 0.7436211 0.7067483 0.7645118 0.8285262 0.8589577 0.8617399 0.6867671 0.7558214 0.7425658 0.6793608 0.7037740 0.4789387 0.5643780 0.5616235 0.6053209 0.7708218 0.5910352 0.6034476 0.6707039 0.5775694 0.6103445 0.7434253 0.7987172 0.5100550 0.4939959 0.4582242 0.5165808 0.8403283 0.8887930 0.9200131 0.9288670 0.9250800 0.9515610 0.9174314 0.8468000 0.8922035 0.8557503 0.8861603 0.8788468 0.8770985 0.8623725 0.8040151 0.8736821 0.9582583 0.9027873 0.8474580 0.8990942 0.8798851 0.8651489 0.8650699 0.8991458 0.8853929 0.8372141 0.8266350 0.8408784 0.9291802 1.1595942 0.9344274 0.8928382 0.9336906 0.8888665 0.8052075 0.8252192 0.8296229 0.7624023 0.7654900 0.8346532 0.6630307 0.6659372 0.6279421 0.5999375 0.7538686 0.5767324 0.5521194 0.5782611 0.6495608 1.9050271 1.9201105 1.9570487 2.6774168 
A1.CY.05.CY051.FJ388903                0.5127941 0.5674171 0.5399974 0.5992027 0.6510570 0.7048277 0.7274476 0.3714273 0.3661214 0.3684530 0.2399795 0.0000000 0.3625054 0.4646867 0.6816471 0.6632609 0.7641400 0.6822962 0.7110887 0.7308852 0.7200751 0.6850134 0.7309432 0.7946233 0.8265752 0.8022646 0.6590694 0.7325924 0.7138641 0.6549158 0.6751927 0.4267515 0.5173954 0.5320204 0.5640914 0.7341306 0.5532485 0.5566176 0.6319794 0.5503853 0.5792595 0.6945192 0.7568525 0.4779417 0.4527237 0.4126631 0.4667165 0.8146352 0.8632109 0.8889708 0.9039342 0.8724361 0.9107173 0.8692374 0.8110151 0.8523111 0.8148789 0.8458626 0.8312536 0.8479456 0.8154468 0.7725451 0.8380564 0.9065242 0.8683267 0.8243179 0.8694913 0.8237555 0.8414552 0.8416633 0.8799863 0.8511482 0.7932696 0.7979606 0.8154763 0.8907801 1.1319109 0.9041700 0.8640525 0.9003611 0.8590587 0.7858217 0.7997353 0.7867606 0.7346477 0.7167908 0.7759841 0.6368126 0.6432926 0.5733554 0.5575551 0.7182624 0.5318480 0.5239272 0.5283234 0.5947082 1.8754707 1.8953025 1.9075345 2.6750636 
A1.UG.11.DEMA110UG001.KF859745         0.5196017 0.5623483 0.5276165 0.6122093 0.6668161 0.7257316 0.7480749 0.4005695 0.3853080 0.4098124 0.4089604 0.3625054 0.0000000 0.4680461 0.7145800 0.6732778 0.7546373 0.7093423 0.7096314 0.7447784 0.7164566 0.6885032 0.7532407 0.7892355 0.8363278 0.8138501 0.6658978 0.7340746 0.7005825 0.6687471 0.6769943 0.4350434 0.5208445 0.5215737 0.5636210 0.7498264 0.5436199 0.5637137 0.6281927 0.5336176 0.5653978 0.7013752 0.7378420 0.4828307 0.4457203 0.4101929 0.4679221 0.7893156 0.8311601 0.8601695 0.8906221 0.8572088 0.8833643 0.8592045 0.8066052 0.8351011 0.8171692 0.8146589 0.8310042 0.8232577 0.8180350 0.7589052 0.8236443 0.8950933 0.8471589 0.8134588 0.8635873 0.8442533 0.8210973 0.8065496 0.8628882 0.8381877 0.8078821 0.7813488 0.7974780 0.8463112 1.1064969 0.8770584 0.8289378 0.8624106 0.8328468 0.7440446 0.7824829 0.7821327 0.7174199 0.6977439 0.7924010 0.6296372 0.6416629 0.5598126 0.5473143 0.7270573 0.5353034 0.5171583 0.5451936 0.5917253 1.8419919 1.9393870 1.9506825 2.6925873 
A1C.UG.99.99UGF25926.AF484491          0.5827568 0.6584854 0.6049733 0.6755739 0.7437529 0.7803571 0.8228961 0.4876023 0.4827279 0.4980960 0.5132576 0.4646867 0.4680461 0.0000000 0.6182020 0.5965218 0.6772186 0.6258673 0.6259023 0.6436413 0.6206551 0.6075221 0.6487003 0.6951364 0.7776238 0.7478207 0.5727050 0.6392067 0.6188652 0.5892261 0.6073418 0.4991712 0.6013627 0.5921067 0.6328061 0.8200816 0.6291980 0.6294984 0.6874671 0.6106692 0.6362578 0.7577229 0.8253756 0.5573199 0.5216861 0.4945697 0.5332816 0.8655890 0.9112013 0.9371127 0.9554340 0.8918823 0.9546690 0.9300480 0.8792765 0.9414036 0.8859745 0.8821025 0.9122831 0.9221026 0.8718158 0.8175788 0.8733282 0.9813267 0.9309884 0.8881996 0.9333091 0.8849312 0.9156883 0.8985494 0.9308881 0.9095626 0.8869492 0.8548391 0.8585524 0.9340369 1.1927713 0.9486396 0.8946522 0.9604650 0.9010755 0.8245725 0.8307360 0.8311441 0.7906719 0.7503909 0.8631138 0.7181327 0.7095919 0.6536900 0.6159091 0.7891568 0.6135922 0.6017184 0.6207737 0.6863746 1.8642892 1.9682826 1.9312455 2.6231679 
A1C.IN.15.SC017.KY713232               0.8332039 0.9121487 0.8697956 0.9441361 0.9588527 1.0125765 1.0721101 0.7313501 0.7097935 0.7202975 0.7204741 0.6816471 0.7145800 0.6182020 0.0000000 0.6052183 0.6610499 0.6357345 0.6309908 0.6657006 0.6444867 0.6056864 0.6646108 0.7050920 0.7844459 0.7421376 0.5715522 0.6613221 0.6006429 0.5803916 0.5960205 0.7315251 0.8392927 0.8375905 0.8875879 1.0380048 0.8764016 0.8690306 0.9498047 0.8484114 0.8740746 1.0091998 1.0596005 0.7930200 0.7643065 0.7092928 0.7891018 1.1174961 1.1697514 1.1738543 1.1840400 1.1774350 1.2381352 1.1787193 1.1267973 1.1544485 1.1211470 1.1316933 1.1046696 1.1528588 1.1268378 1.0538155 1.1695541 1.2395173 1.1771576 1.1463202 1.1812226 1.1427152 1.1584687 1.1451559 1.1571238 1.1787444 1.1529067 1.1346652 1.1321811 1.2170631 1.4595158 1.2167187 1.1724781 1.2130741 1.1695480 1.0902292 1.0879984 1.0987869 1.0332436 1.0066754 1.0805451 0.9386744 0.9394258 0.9160305 0.8496988 1.0326277 0.8626656 0.8641064 0.8357606 0.8967871 2.1169144 2.1920929 2.2394892 2.8630492 
C.IL.99.99ET14.AY255825                0.8068158 0.8802996 0.8180819 0.8873071 0.9164302 0.9710402 0.9835035 0.6900031 0.6850036 0.7193914 0.7126719 0.6632609 0.6732778 0.5965218 0.6052183 0.0000000 0.4211983 0.4166550 0.4227766 0.4328041 0.4186894 0.3801299 0.4337336 0.4766722 0.5325098 0.5190412 0.3779208 0.4210803 0.4097732 0.3669153 0.3768446 0.7096405 0.8089963 0.7976518 0.8530656 1.0163814 0.8542956 0.8488059 0.9232154 0.8344358 0.8351487 0.9418869 0.9909268 0.7632621 0.7296872 0.6872506 0.7598629 1.0681799 1.1274139 1.1504397 1.1750939 1.1217699 1.1757471 1.1364939 1.0787947 1.1467973 1.0844486 1.1160327 1.1046395 1.1453272 1.0884866 1.0362098 1.1262574 1.1776325 1.1277098 1.1143249 1.1197790 1.1159576 1.1170217 1.1066328 1.1419011 1.1347345 1.0853905 1.0711610 1.0746525 1.1417934 1.3968160 1.1705447 1.1110939 1.1622804 1.1237026 1.0440755 1.0643912 1.0345020 1.0030660 0.9898303 1.0497955 0.9025708 0.9027162 0.8575365 0.8173504 0.9937348 0.8433002 0.8327583 0.8162795 0.8770941 2.1112601 2.1728721 2.1663600 2.8356415 
C.SE.09.035ZA.MF373148                 0.8943826 0.9310821 0.9086634 0.9685361 1.0125879 1.0527452 1.1254692 0.7708514 0.7777871 0.7882937 0.7924107 0.7641400 0.7546373 0.6772186 0.6610499 0.4211983 0.0000000 0.4724044 0.4876793 0.4896141 0.4676073 0.4446488 0.4905342 0.5479931 0.5878147 0.5810655 0.4333601 0.4897652 0.4718126 0.4328152 0.4474419 0.7811212 0.8693568 0.8557382 0.9054245 1.0878944 0.9124229 0.9051326 0.9878831 0.8838720 0.9069801 1.0240095 1.0842841 0.8176318 0.8027181 0.7490268 0.8168057 1.1263657 1.1913497 1.1887090 1.1927656 1.1966811 1.2415690 1.2022881 1.1399574 1.1995460 1.1408529 1.1959869 1.1605583 1.1959046 1.1452268 1.0985946 1.1713144 1.2118234 1.2121270 1.1773226 1.2072716 1.1649348 1.1690903 1.1570050 1.2049213 1.1953160 1.1536463 1.1234485 1.1529868 1.2163774 1.4732145 1.2437617 1.1727726 1.2086892 1.1897390 1.0624037 1.1088774 1.1276734 1.0565856 1.0439091 1.1223930 0.9991687 0.9980344 0.9361319 0.9201166 1.0931302 0.9135289 0.9035451 0.9068668 0.9683340 2.1991520 2.2928980 2.3123196 2.8885946 
C.ZA.04.04ZASK135B1.DQ011166           0.8342708 0.8980101 0.8400585 0.9176418 0.9725587 1.0172267 1.0303998 0.7293234 0.7131999 0.7197729 0.7311675 0.6822962 0.7093423 0.6258673 0.6357345 0.4166550 0.4724044 0.0000000 0.3265996 0.3469634 0.3721296 0.3427207 0.3967246 0.4615347 0.5214080 0.4976225 0.3487075 0.4265399 0.4149257 0.3833476 0.3913889 0.7238698 0.8485184 0.8440710 0.8889741 1.0636553 0.8791341 0.8701659 0.9488908 0.8610415 0.8917384 0.9675300 1.0380132 0.7830961 0.7911923 0.7110275 0.7797793 1.1043659 1.1572070 1.1810460 1.1848268 1.1788237 1.1837201 1.1650084 1.0989673 1.1573080 1.1278650 1.1486771 1.1130996 1.1384614 1.1158084 1.0623349 1.1474126 1.2510761 1.1749156 1.1365548 1.1717227 1.1428072 1.1502642 1.1327078 1.1790502 1.1889654 1.1452747 1.0978003 1.1033695 1.1578510 1.4028373 1.2126624 1.1809156 1.1677812 1.1752401 1.0626244 1.0910539 1.0839783 1.0425437 1.0061879 1.0863297 0.9570559 0.9459105 0.8940243 0.8689664 1.0184787 0.8300894 0.8406987 0.8581601 0.8984578 2.2291458 2.2810983 2.2828515 2.9598445 
C.ZA.03.03ZAPS130MB1.DQ275658          0.8274229 0.8983276 0.8413351 0.9283879 0.9994733 1.0239765 1.0646765 0.7201316 0.7153625 0.7339757 0.7415822 0.7110887 0.7096314 0.6259023 0.6309908 0.4227766 0.4876793 0.3265996 0.0000000 0.2855722 0.3752853 0.3395640 0.3929882 0.4471196 0.5213381 0.4894938 0.3409462 0.4490572 0.4269093 0.3921597 0.3972511 0.7340734 0.8626969 0.8619801 0.8811166 1.0547697 0.8931045 0.8807735 0.9721519 0.8771584 0.8960211 0.9760837 1.0733325 0.7913237 0.7551446 0.7261016 0.7914666 1.0770182 1.1286509 1.1652533 1.1763491 1.1635689 1.1803667 1.1407531 1.0833855 1.1413907 1.0944420 1.1297889 1.1235359 1.1266560 1.1026321 1.0481237 1.1159294 1.2424080 1.1688008 1.1286804 1.1480067 1.1087646 1.1130381 1.1626073 1.1636043 1.1605551 1.1031683 1.0868610 1.0772696 1.1780689 1.4263410 1.1992061 1.1415526 1.1743755 1.1560975 1.0358780 1.0799474 1.0786870 1.0242607 0.9918751 1.0920275 0.9320851 0.9679963 0.8775357 0.8611539 1.0269330 0.8517285 0.8538539 0.8611901 0.9092138 2.3277057 2.3844367 2.3808587 2.9718882 
C.ZA.97.97ZA012.AF286227               0.8495107 0.8977971 0.8647602 0.9404328 0.9927674 1.0526945 1.0747744 0.7546628 0.7341890 0.7605973 0.7667559 0.7308852 0.7447784 0.6436413 0.6657006 0.4328041 0.4896141 0.3469634 0.2855722 0.0000000 0.3887744 0.3569117 0.4149067 0.4699542 0.5218186 0.5154322 0.3647149 0.4620598 0.4382624 0.4000593 0.4135524 0.7525042 0.8906288 0.8850607 0.9037620 1.0825600 0.9118921 0.9095361 1.0074957 0.9148463 0.9011957 1.0113300 1.0943743 0.8052418 0.7938909 0.7519509 0.8047173 1.1054540 1.1924118 1.1908344 1.1884680 1.1814735 1.1874806 1.1529453 1.1240151 1.1750616 1.1148545 1.1549120 1.1568696 1.1758809 1.1272804 1.0678399 1.1409807 1.2307386 1.1599629 1.1382555 1.1710723 1.1450163 1.1541120 1.1484525 1.1733680 1.1874094 1.1170470 1.1121641 1.1090117 1.2025011 1.4068292 1.2276200 1.1776376 1.2062810 1.1857318 1.0769152 1.1167762 1.0891826 1.0307991 1.0305769 1.0669918 0.9580865 0.9382841 0.9260775 0.8571407 1.0388550 0.8803547 0.8729707 0.8691836 0.9256119 2.2581491 2.2833758 2.2721348 2.8289274 
C.BW.98.98BWMC14A3.AF443078            0.8202922 0.8922831 0.8321289 0.9139743 0.9666903 1.0085797 1.0428449 0.7197569 0.6950134 0.7233276 0.7436211 0.7200751 0.7164566 0.6206551 0.6444867 0.4186894 0.4676073 0.3721296 0.3752853 0.3887744 0.0000000 0.3431423 0.3958302 0.4543906 0.5173409 0.4899913 0.3480409 0.4372111 0.4237649 0.3908606 0.4033218 0.7334278 0.8344760 0.8247374 0.8616277 1.0235939 0.8587761 0.8662482 0.9270865 0.8373907 0.8744269 0.9604945 1.0290910 0.7887056 0.7554301 0.7133754 0.7729036 1.0624683 1.1287093 1.1317956 1.1868162 1.1351682 1.1922038 1.1176508 1.0752781 1.1492178 1.1149071 1.1117371 1.1088991 1.1603763 1.1014964 1.0417412 1.1063698 1.1770155 1.1581386 1.1206322 1.1535507 1.1419219 1.1321688 1.1179512 1.1373380 1.1738731 1.1117728 1.1176968 1.1058604 1.1689151 1.4377574 1.1929244 1.1687393 1.1952797 1.1708892 1.0675856 1.0884532 1.0584055 1.0122431 0.9532360 1.0584193 0.9236456 0.9260845 0.8910348 0.8466130 1.0349505 0.8594460 0.8570568 0.8351996 0.9312013 2.2070785 2.2817556 2.3057623 2.8664827 
C.ZA.99.99ZALT4.EU293444               0.7800703 0.8762011 0.8021628 0.8934726 0.9515030 0.9772684 1.0291308 0.6955089 0.6888975 0.6970259 0.7067483 0.6850134 0.6885032 0.6075221 0.6056864 0.3801299 0.4446488 0.3427207 0.3395640 0.3569117 0.3431423 0.0000000 0.3091385 0.4196302 0.4675584 0.4618617 0.3060525 0.4028775 0.3921581 0.3534838 0.3691003 0.7153061 0.8278179 0.8296502 0.8426432 1.0257198 0.8534536 0.8560374 0.9222380 0.8363547 0.8611448 0.9873194 1.0352036 0.7698915 0.7329244 0.6790440 0.7363972 1.0764384 1.1578648 1.1678263 1.1661530 1.1504528 1.1641681 1.1552052 1.0945706 1.1354680 1.1073069 1.0897854 1.0947333 1.1202851 1.0961838 1.0397205 1.1128307 1.1971400 1.1438000 1.0898964 1.1349617 1.1188275 1.1142216 1.0876788 1.1217390 1.1534050 1.0988441 1.0787702 1.0945610 1.1664782 1.3992232 1.1682280 1.1407955 1.1584047 1.1282366 1.0295774 1.0665564 1.0697384 1.0045290 0.9565680 1.0627711 0.9146076 0.9034439 0.8768174 0.8252974 1.0058848 0.8048764 0.8162875 0.8139172 0.8887617 2.1346719 2.1806925 2.2084436 2.8575612 
C.ZA.02.02ZAPS015MB1.DQ369995          0.8562955 0.9537765 0.8580701 0.9410165 1.0306374 1.0297763 1.0869504 0.7520647 0.7485048 0.7657939 0.7645118 0.7309432 0.7532407 0.6487003 0.6646108 0.4337336 0.4905342 0.3967246 0.3929882 0.4149067 0.3958302 0.3091385 0.0000000 0.4820591 0.5332922 0.5106786 0.3658581 0.4467736 0.4484794 0.4169605 0.4231543 0.7460765 0.8797427 0.8717478 0.9105506 1.0875343 0.8876986 0.8998229 0.9706095 0.8683548 0.9186685 1.0195816 1.0856512 0.8368194 0.7911679 0.7488217 0.7915598 1.1306560 1.1494333 1.1773165 1.2088827 1.1784845 1.1936716 1.1857150 1.1300046 1.1824422 1.1670271 1.1477143 1.1470749 1.1770545 1.1243615 1.0528812 1.1746296 1.2330982 1.1907940 1.1714646 1.1955737 1.1695671 1.1798298 1.1326418 1.1814667 1.2046261 1.1432556 1.1365952 1.1388880 1.2192705 1.4717190 1.2293834 1.1751178 1.2136549 1.1921375 1.1041122 1.1082258 1.1260131 1.0523928 1.0149589 1.1082509 1.0010066 0.9767384 0.9183644 0.8927966 1.0641488 0.8735288 0.8971359 0.8746318 0.9463525 2.1919749 2.2622789 2.2870627 2.9067120 
C.GB.14.13659_1_48.3.MF109437          0.8850620 0.9826794 0.9314888 1.0039256 1.0552394 1.1010396 1.1265775 0.8023402 0.8032613 0.8105290 0.8285262 0.7946233 0.7892355 0.6951364 0.7050920 0.4766722 0.5479931 0.4615347 0.4471196 0.4699542 0.4543906 0.4196302 0.4820591 0.0000000 0.5338777 0.5005684 0.4163408 0.4995919 0.4918931 0.4522038 0.4639368 0.7995600 0.9142367 0.8976078 0.9649521 1.0984051 0.9428970 0.9347078 1.0329227 0.9274066 0.9396497 1.0364253 1.1309374 0.8517777 0.8571650 0.7940871 0.8702590 1.1531631 1.2153244 1.2561452 1.2449184 1.2123396 1.2485424 1.2198988 1.1762228 1.2600567 1.1894549 1.2018540 1.1717316 1.2336099 1.1807911 1.1172806 1.1827313 1.2798650 1.2185165 1.1981214 1.2382364 1.1862417 1.1866145 1.2015456 1.2432475 1.2277712 1.1869184 1.1569135 1.1719104 1.1976226 1.4894290 1.2476726 1.2064063 1.2821496 1.2061195 1.1297967 1.1305153 1.1487951 1.1008728 1.0743403 1.1345180 1.0231343 1.0609495 0.9646565 0.9602867 1.1396542 0.9612128 0.9342277 0.9107351 1.0210304 2.2516100 2.3184369 2.3700822 2.8596835 
BC.CN.07.07CNYN340.KF835526            0.9403052 1.0168836 0.9548568 1.0372148 1.0391977 1.1249518 1.1433285 0.8247401 0.8285438 0.8492073 0.8589577 0.8265752 0.8363278 0.7776238 0.7844459 0.5325098 0.5878147 0.5214080 0.5213381 0.5218186 0.5173409 0.4675584 0.5332922 0.5338777 0.0000000 0.4006038 0.4747063 0.5665822 0.5359368 0.5096198 0.5113634 0.8588082 0.9736395 0.9758642 1.0358653 1.1771836 1.0124335 1.0013256 1.0704712 0.9664575 1.0248241 1.1074211 1.1611341 0.9228324 0.8934174 0.8414321 0.9075166 1.2097307 1.2615583 1.2725481 1.3453019 1.2965941 1.3158650 1.3041387 1.2233952 1.2653258 1.2408100 1.2603749 1.2469836 1.2810619 1.2463585 1.1890012 1.2336688 1.3118764 1.3277764 1.2689176 1.2977585 1.2448978 1.2556770 1.2864499 1.2917405 1.2419499 1.2394927 1.2290914 1.2357792 1.3065711 1.5609386 1.3285109 1.2644932 1.3283935 1.2766806 1.1727180 1.1922476 1.2453942 1.1538084 1.1349365 1.2025878 1.0698776 1.0701466 1.0017703 0.9919921 1.1588972 0.9757960 0.9737990 0.9541294 1.0438983 2.3312280 2.3795429 2.3282943 2.9854972 
85_BC.CN.14.14CN_SCYB4.KU992932        0.9485840 1.0238810 0.9512091 1.0056587 1.0691665 1.1077383 1.1293997 0.8269202 0.8177380 0.8645427 0.8617399 0.8022646 0.8138501 0.7478207 0.7421376 0.5190412 0.5810655 0.4976225 0.4894938 0.5154322 0.4899913 0.4618617 0.5106786 0.5005684 0.4006038 0.0000000 0.4491801 0.5436971 0.5335375 0.4832283 0.5029519 0.8550394 0.9572385 0.9664226 1.0026382 1.1545588 0.9756133 1.0084232 1.0575907 0.9583857 0.9991528 1.0583410 1.1466291 0.9048607 0.8621928 0.8281675 0.8840361 1.1734102 1.2277337 1.2538617 1.2666258 1.2436970 1.2565553 1.2196673 1.2104148 1.2340501 1.1953378 1.2010013 1.2061408 1.2282653 1.2300550 1.1510118 1.2244611 1.3108664 1.2478550 1.2042825 1.2493619 1.2221418 1.2248051 1.2182120 1.2660712 1.2715839 1.2102513 1.1945374 1.2035782 1.2853242 1.5427767 1.2843751 1.2286316 1.2969912 1.2338212 1.1358253 1.1876197 1.2274338 1.1215628 1.1002750 1.1812451 1.0315579 1.0920738 1.0198916 0.9776710 1.1603980 0.9873917 0.9730582 0.9773417 1.0353498 2.3336655 2.3890619 2.4082819 2.9338624 
C.BW.00.00BW076820.AF443089            0.7868687 0.8610311 0.8045582 0.8754067 0.9208538 0.9629353 1.0043192 0.6693679 0.6691149 0.6780310 0.6867671 0.6590694 0.6658978 0.5727050 0.5715522 0.3779208 0.4333601 0.3487075 0.3409462 0.3647149 0.3480409 0.3060525 0.3658581 0.4163408 0.4747063 0.4491801 0.0000000 0.3898685 0.3745192 0.3401116 0.3478247 0.6692559 0.8039016 0.7866412 0.8078930 0.9894349 0.8292921 0.8238781 0.8987635 0.8155742 0.8304576 0.9313028 1.0020583 0.7482608 0.7042874 0.6591217 0.7298522 1.0491323 1.1268510 1.1267086 1.1303080 1.1002427 1.1733053 1.1104148 1.0689397 1.1285402 1.0635306 1.0846670 1.0904972 1.1063017 1.0731264 1.0175689 1.0808444 1.1459598 1.1085447 1.0690259 1.1108382 1.0886948 1.0860180 1.0878943 1.1115823 1.1022257 1.0614898 1.0418196 1.0515936 1.1435675 1.3790419 1.1627795 1.0804825 1.1172766 1.1064861 0.9835808 1.0268579 1.0345371 0.9778774 0.9468630 1.0137328 0.8666176 0.9091989 0.8430755 0.8099974 0.9903005 0.7976475 0.7950881 0.8021110 0.8692287 2.1355213 2.1943174 2.1727899 2.8231413 
C.ZA.04.04ZASK170B1.DQ093595           0.8306573 0.9183172 0.8536469 0.9326420 0.9722733 1.0267586 1.0415135 0.7240654 0.7263571 0.7463372 0.7558214 0.7325924 0.7340746 0.6392067 0.6613221 0.4210803 0.4897652 0.4265399 0.4490572 0.4620598 0.4372111 0.4028775 0.4467736 0.4995919 0.5665822 0.5436971 0.3898685 0.0000000 0.3514001 0.3145187 0.3618476 0.7353503 0.8529589 0.8480587 0.8831541 1.0347617 0.8712815 0.8696885 0.9596610 0.8735916 0.9120166 0.9952496 1.0683761 0.8094068 0.7843489 0.7336011 0.8065352 1.1156687 1.1914614 1.2009284 1.2214028 1.1696531 1.2124005 1.1835567 1.1206732 1.1759108 1.1320522 1.1600993 1.1531543 1.1933005 1.1291160 1.0592248 1.1700883 1.2408110 1.1680170 1.1451672 1.1991770 1.1562805 1.1664813 1.1859595 1.1741090 1.1841378 1.1327701 1.1217504 1.1459920 1.2006244 1.4157126 1.2302777 1.1493516 1.1840676 1.1918041 1.0619866 1.0715127 1.0987021 1.0665610 1.0016639 1.1083842 0.9462624 0.9592944 0.9266973 0.8689565 1.0595090 0.8741935 0.8699930 0.8682667 0.9364419 2.1584425 2.2370600 2.2722239 2.8743032 
C.TZ.02.CO6721.AY734560                0.8351509 0.8932910 0.8643847 0.9274240 0.9691530 1.0440429 1.0602596 0.7101764 0.6980388 0.7014432 0.7425658 0.7138641 0.7005825 0.6188652 0.6006429 0.4097732 0.4718126 0.4149257 0.4269093 0.4382624 0.4237649 0.3921581 0.4484794 0.4918931 0.5359368 0.5335375 0.3745192 0.3514001 0.0000000 0.2419429 0.3542376 0.7204165 0.8737067 0.8514946 0.9099266 1.0600249 0.9017724 0.8736698 0.9441593 0.8643270 0.8948524 0.9736236 1.0793785 0.8227430 0.7596100 0.7292692 0.7899607 1.0896087 1.1733462 1.2088567 1.1734190 1.1705716 1.2042791 1.1787442 1.1219767 1.1738688 1.1168988 1.1470139 1.1506933 1.1711558 1.1144044 1.0602491 1.1569970 1.2068019 1.1691800 1.1239853 1.1555733 1.1594420 1.1455978 1.1388333 1.1594239 1.1661258 1.1329510 1.0919525 1.1032772 1.1937895 1.4269341 1.1878625 1.1328894 1.1589699 1.1567770 1.0436343 1.0902592 1.0895668 1.0464755 0.9938444 1.1077354 0.9202869 0.9515904 0.8732586 0.8344613 1.0017578 0.8567592 0.8352698 0.8391353 0.9450975 2.1677111 2.2305233 2.2293368 2.8394612 
C.TZ.01.BD39_8.AY253313                0.7954174 0.8503442 0.8026453 0.8852347 0.9223564 0.9659523 1.0145331 0.6659710 0.6729988 0.6784177 0.6793608 0.6549158 0.6687471 0.5892261 0.5803916 0.3669153 0.4328152 0.3833476 0.3921597 0.4000593 0.3908606 0.3534838 0.4169605 0.4522038 0.5096198 0.4832283 0.3401116 0.3145187 0.2419429 0.0000000 0.3122444 0.6761879 0.8223310 0.7988735 0.8484663 0.9978404 0.8413508 0.8423523 0.9120668 0.8154253 0.8628462 0.9264185 1.0094695 0.7456844 0.7247772 0.6866087 0.7238824 1.0761483 1.1181262 1.1282421 1.1674537 1.1309575 1.1538098 1.1486334 1.0504509 1.1413499 1.0701121 1.1070687 1.0961557 1.1230570 1.0912623 1.0017816 1.0877593 1.1706846 1.1614990 1.0653811 1.1398253 1.0926528 1.0869894 1.1186120 1.1282498 1.1398069 1.0965587 1.0664112 1.0614725 1.1371340 1.4028157 1.1542638 1.1182435 1.1285713 1.1366577 1.0097672 1.0377706 1.0525381 0.9808665 0.9707592 1.0364683 0.8972297 0.9128338 0.8554685 0.8160337 0.9681431 0.8190637 0.8235153 0.7999359 0.8852191 2.0824542 2.1671126 2.1908925 2.8644104 
C.ZA.03.03ZAPS067MB2.DQ396389          0.8017809 0.8765910 0.8126477 0.9053301 0.9287560 0.9955831 1.0367816 0.6856295 0.6756004 0.7057813 0.7037740 0.6751927 0.6769943 0.6073418 0.5960205 0.3768446 0.4474419 0.3913889 0.3972511 0.4135524 0.4033218 0.3691003 0.4231543 0.4639368 0.5113634 0.5029519 0.3478247 0.3618476 0.3542376 0.3122444 0.0000000 0.6971804 0.8186639 0.8180340 0.8606553 1.0165643 0.8534879 0.8453610 0.9245749 0.8466374 0.8676120 0.9780734 1.0251844 0.7624273 0.7415921 0.6759113 0.7654375 1.0736854 1.1173633 1.1508715 1.1464780 1.1585970 1.1776527 1.1266595 1.0660093 1.1350779 1.0750723 1.1348295 1.0958356 1.1268043 1.0961016 1.0277385 1.1137466 1.1730527 1.1450109 1.0816828 1.1346804 1.1062473 1.0981918 1.1243664 1.1367257 1.1331960 1.0808487 1.0598383 1.0869561 1.1550040 1.4259754 1.1924249 1.1349618 1.1521357 1.1252292 1.0269801 1.0331169 1.0397197 1.0095329 0.9475174 1.0457658 0.9203912 0.9308479 0.8818125 0.8289648 0.9981289 0.8333806 0.8162673 0.8217712 0.8817073 2.0980782 2.1599598 2.1722160 2.7431932 
A1D.UG.99.99UGJ21953.AF484496          0.5638339 0.6187273 0.5751205 0.6488678 0.6974071 0.7482436 0.7999271 0.4649714 0.4554964 0.4755210 0.4789387 0.4267515 0.4350434 0.4991712 0.7315251 0.7096405 0.7811212 0.7238698 0.7340734 0.7525042 0.7334278 0.7153061 0.7460765 0.7995600 0.8588082 0.8550394 0.6692559 0.7353503 0.7204165 0.6761879 0.6971804 0.0000000 0.5639456 0.5756953 0.6176655 0.7721880 0.5975254 0.6054958 0.6931536 0.6029660 0.6110333 0.7307971 0.7841099 0.5164196 0.4882927 0.4735268 0.5077774 0.8618917 0.8964730 0.9232291 0.9194491 0.9233779 0.9505840 0.9161145 0.8547744 0.9125200 0.8760177 0.8849005 0.8963404 0.8944429 0.8642349 0.8079086 0.8971665 0.9486557 0.9094197 0.8836290 0.8991343 0.8857425 0.8795711 0.8699034 0.8952075 0.8819594 0.8386660 0.8324336 0.8426759 0.9204392 1.1538112 0.9377842 0.8804676 0.9283385 0.8856077 0.8049842 0.8126891 0.8063029 0.7673467 0.7322411 0.8380669 0.7038883 0.6917653 0.6227686 0.6039826 0.7763146 0.5856546 0.5760899 0.5818896 0.6516684 1.8824414 1.8992049 1.9547177 2.6328541 
01_AE.CN.02.YN0236.JX112866            0.5989072 0.6429260 0.6181722 0.6970890 0.7577483 0.7809609 0.8319406 0.5499075 0.5440813 0.5571148 0.5643780 0.5173954 0.5208445 0.6013627 0.8392927 0.8089963 0.8693568 0.8485184 0.8626969 0.8906288 0.8344760 0.8278179 0.8797427 0.9142367 0.9736395 0.9572385 0.8039016 0.8529589 0.8737067 0.8223310 0.8186639 0.5639456 0.0000000 0.1521068 0.2038153 0.3621106 0.2002176 0.2081594 0.2832177 0.2052875 0.2369277 0.4611292 0.5095049 0.4204132 0.5211224 0.4975148 0.5545488 0.8880045 0.9069664 0.9603912 0.9524918 0.9360672 0.9638229 0.9555801 0.8733686 0.9185375 0.8980783 0.9046430 0.9131307 0.9067571 0.8925799 0.8333168 0.9113560 0.9529215 0.9438239 0.8902601 0.9479245 0.9241637 0.9240287 0.9078256 0.9325761 0.9176082 0.8879938 0.8675920 0.8767442 0.9578229 1.1425587 0.9737327 0.9413612 0.9496555 0.9323814 0.8582523 0.8388438 0.8516998 0.7779654 0.7745628 0.8656665 0.7171059 0.7352912 0.6545373 0.6209842 0.8160277 0.6205817 0.6051791 0.6243055 0.6979481 1.8975314 1.9200682 1.8977140 2.5982666 
01_AE.TH.99.99TH_C4460.AY945726        0.6043297 0.6561400 0.6216449 0.6987668 0.7604425 0.7872443 0.8386318 0.5603393 0.5423288 0.5639921 0.5616235 0.5320204 0.5215737 0.5921067 0.8375905 0.7976518 0.8557382 0.8440710 0.8619801 0.8850607 0.8247374 0.8296502 0.8717478 0.8976078 0.9758642 0.9664226 0.7866412 0.8480587 0.8514946 0.7988735 0.8180340 0.5756953 0.1521068 0.0000000 0.2069223 0.3680667 0.2037392 0.2168482 0.2869310 0.2111656 0.2386400 0.4666651 0.5225472 0.4265393 0.5214999 0.4996707 0.5690825 0.8925021 0.9200479 0.9573974 0.9635562 0.9498345 0.9822739 0.9623759 0.8942803 0.9262453 0.9079784 0.9265419 0.9158435 0.9319609 0.8956553 0.8236541 0.9269418 0.9590355 0.9515796 0.9047916 0.9613098 0.9213368 0.9277820 0.8876091 0.9293404 0.9228486 0.8732965 0.8682552 0.8720253 0.9697258 1.1432881 0.9691220 0.9405417 0.9660774 0.9448613 0.8489997 0.8593412 0.8733852 0.7943804 0.7809983 0.8875341 0.7243376 0.7258058 0.6642802 0.6226088 0.8176911 0.6234073 0.6113172 0.6397397 0.6961903 1.9198664 1.9521135 1.9570925 2.5926627 
01_AE.CN.07.GX070143.JX112835          0.6498114 0.6880557 0.6637739 0.7436241 0.7898093 0.8313427 0.8572745 0.5814650 0.5744563 0.5828525 0.6053209 0.5640914 0.5636210 0.6328061 0.8875879 0.8530656 0.9054245 0.8889741 0.8811166 0.9037620 0.8616277 0.8426432 0.9105506 0.9649521 1.0358653 1.0026382 0.8078930 0.8831541 0.9099266 0.8484663 0.8606553 0.6176655 0.2038153 0.2069223 0.0000000 0.4154025 0.2439590 0.2572771 0.3342971 0.2523206 0.2840039 0.5091293 0.5635992 0.4618952 0.5455755 0.5349482 0.5840203 0.9527231 0.9719404 0.9916892 1.0032637 0.9808215 1.0237394 0.9826002 0.9391128 0.9638690 0.9272267 0.9627074 0.9659506 0.9579035 0.9387967 0.8856780 0.9558072 0.9988524 0.9685114 0.9539728 0.9839810 0.9674521 0.9562052 0.9491880 0.9884236 0.9498661 0.9166561 0.9177626 0.9003092 0.9979074 1.2086025 0.9979465 0.9788238 1.0114720 0.9848473 0.8921041 0.9030153 0.9008183 0.8181085 0.8165497 0.9169959 0.7653976 0.7614811 0.7037052 0.6460053 0.8501483 0.6448277 0.6428559 0.6611063 0.7233309 1.9412739 1.9695113 1.9705435 2.6807737 
69_01B.JP.05.05JPMYC113SP420.LC027100  0.8130662 0.8377361 0.8327827 0.9044446 0.9730810 0.9860321 1.0159535 0.7608722 0.7482704 0.7698457 0.7708218 0.7341306 0.7498264 0.8200816 1.0380048 1.0163814 1.0878944 1.0636553 1.0547697 1.0825600 1.0235939 1.0257198 1.0875343 1.0984051 1.1771836 1.1545588 0.9894349 1.0347617 1.0600249 0.9978404 1.0165643 0.7721880 0.3621106 0.3680667 0.4154025 0.0000000 0.3950280 0.4108241 0.4886845 0.4003616 0.4309767 0.6597612 0.7060707 0.6194860 0.7371754 0.6932571 0.7633975 1.0846196 1.1024295 1.1226765 1.1566311 1.1404684 1.1821160 1.1615376 1.0943983 1.1129268 1.1111429 1.0997595 1.1113986 1.0742745 1.0999025 1.0076568 1.0902562 1.1494228 1.1139377 1.0833200 1.1625193 1.1028646 1.1091096 1.1117119 1.1218619 1.1007260 1.0333086 1.0342826 1.0627095 1.1611759 1.3492003 1.1398130 1.0937504 1.1539306 1.1078354 1.0373594 1.0246284 1.0244710 0.9562727 0.9919507 1.0795444 0.9153233 0.9116733 0.8734353 0.8202443 0.9951697 0.8193580 0.8027808 0.8116778 0.9015112 2.1622186 2.2077490 2.1191918 2.7656742 
01_AE.TH.07.AA030a04.JX447057          0.6270497 0.6715108 0.6598216 0.7285444 0.8063248 0.8163786 0.8657179 0.5863249 0.5552260 0.5896692 0.5910352 0.5532485 0.5436199 0.6291980 0.8764016 0.8542956 0.9124229 0.8791341 0.8931045 0.9118921 0.8587761 0.8534536 0.8876986 0.9428970 1.0124335 0.9756133 0.8292921 0.8712815 0.9017724 0.8413508 0.8534879 0.5975254 0.2002176 0.2037392 0.2439590 0.3950280 0.0000000 0.2327950 0.3136132 0.2369117 0.2649743 0.5065577 0.5365491 0.4467932 0.5434206 0.5293756 0.5802715 0.9280954 0.9584358 0.9783619 0.9856272 0.9741539 0.9934365 0.9975892 0.9247989 0.9547086 0.9480792 0.9466467 0.9522457 0.9464367 0.9415544 0.8682663 0.9576904 0.9985852 0.9550223 0.9242161 0.9772664 0.9413361 0.9474978 0.9392890 0.9752846 0.9661482 0.9027467 0.9033097 0.9195135 0.9985041 1.1849636 0.9940371 0.9761489 1.0319516 0.9516919 0.8885084 0.8742006 0.8920691 0.8164180 0.8185184 0.9197725 0.7648542 0.7486412 0.7003829 0.6567882 0.8488181 0.6249900 0.6287159 0.6521887 0.7302038 1.9432420 1.9754493 1.9603406 2.6145577 
01_AE.CN.07.07CNYN326.KF835513         0.6337858 0.6819214 0.6652930 0.7272426 0.7786563 0.8248315 0.8514064 0.5898348 0.5670186 0.5886102 0.6034476 0.5566176 0.5637137 0.6294984 0.8690306 0.8488059 0.9051326 0.8701659 0.8807735 0.9095361 0.8662482 0.8560374 0.8998229 0.9347078 1.0013256 1.0084232 0.8238781 0.8696885 0.8736698 0.8423523 0.8453610 0.6054958 0.2081594 0.2168482 0.2572771 0.4108241 0.2327950 0.0000000 0.3238844 0.2471335 0.2787567 0.4973699 0.5526072 0.4617459 0.5468826 0.5278988 0.5840252 0.9330172 0.9425943 0.9774204 0.9942096 0.9490198 1.0206189 0.9741540 0.9060306 0.9535072 0.9235211 0.9307794 0.9471386 0.9450669 0.9277897 0.8567320 0.9607800 0.9934684 0.9780750 0.9223907 0.9828877 0.9546566 0.9553285 0.9305592 0.9747000 0.9396713 0.9000608 0.8939474 0.9060556 0.9844646 1.1858832 1.0213634 0.9612601 1.0021350 0.9648024 0.8670143 0.8858599 0.8704921 0.8151249 0.8079883 0.9023287 0.7486172 0.7446303 0.6904687 0.6469668 0.8269103 0.6420679 0.6310720 0.6526203 0.7218549 1.9956552 1.9952470 1.9548328 2.6664338 
