94
RESTV_M.fas-tc_USA_89_Philippines89-Pennsylvania_NC_004161 0.0000000 0.0263921 0.0329867 2.2435332 2.1278249 2.0328162 2.0324615 2.0339920 2.0340053 2.0351809 2.0361251 2.0266725 2.0356397 2.0635835 2.0643558 2.0639424 2.0639424 2.0641924 2.0640487 2.0643968 2.0645570 2.0673538 2.0644689 2.0630300 2.0677088 2.0672732 2.0676782 2.0676782 2.0679252 2.0679252 2.0681640 2.0676533 2.0677023 2.0677023 2.0674145 2.0677023 2.0679529 2.0674304 2.0677023 2.0680275 2.0680275 2.0680365 2.0668961 2.0674394 2.0674394 2.0672005 2.0672644 2.0675853 2.0675280 2.0685415 2.0684843 2.0672234 2.0671224 2.0695177 2.0692339 2.0697316 2.0683507 2.0688252 2.0693480 2.0693480 2.0664620 2.0677040 2.0668431 2.0695527 2.0699547 2.0699547 2.0687545 2.0699276 2.0699737 2.0673955 2.0707141 2.0689408 2.0680033 2.0684702 2.0693049 2.0693033 2.0695621 2.0695621 2.0669762 2.0669878 2.0667007 2.0681848 2.0708880 2.0687518 2.0693248 2.0699365 2.0657011 2.0679500 2.0688345 2.0701801 2.0658487 2.0678619 2.0336477 2.0330948 
RESTV_S.dom-tc_PHL_08_Reston08-A_FJ621583                  0.0263921 0.0000000 0.0511993 2.2336995 2.1290765 2.0384852 2.0381306 2.0396628 2.0396772 2.0442542 2.0447235 2.0363362 2.0481288 2.0730617 2.0740570 2.0740922 2.0740922 2.0741165 2.0739726 2.0743212 2.0744852 2.0770487 2.0741471 2.0725777 2.0774316 2.0769922 2.0773976 2.0773976 2.0776445 2.0776445 2.0778833 2.0773724 2.0774221 2.0774221 2.0771336 2.0774221 2.0776735 2.0771500 2.0774221 2.0777525 2.0777525 2.0777613 2.0766152 2.0771588 2.0771588 2.0769199 2.0769792 2.0773031 2.0772431 2.0782627 2.0782049 2.0769381 2.0768351 2.0792441 2.0789592 2.0794576 2.0780727 2.0785534 2.0796988 2.0796988 2.0761753 2.0774231 2.0765578 2.0792776 2.0797052 2.0797052 2.0787089 2.0797454 2.0801961 2.0776024 2.0809381 2.0791573 2.0782141 2.0786828 2.0809253 2.0809238 2.0811847 2.0811847 2.0785866 2.0785993 2.0783098 2.0795753 2.0806208 2.0766723 2.0790510 2.0796636 2.0752394 2.0776753 2.0779346 2.0800805 2.0759290 2.0775825 2.0646985 2.0641268 
RESTV_S.dom-xx_PHL_08_Reston08-C_FJ621584                  0.0329867 0.0511993 0.0000000 2.2284267 2.1280624 2.0345592 2.0344280 2.0357361 2.0356585 2.0389025 2.0397604 2.0291052 2.0388148 2.0655057 2.0662999 2.0678271 2.0678271 2.0661355 2.0683068 2.0686557 2.0665014 2.0693044 2.0664127 2.0658162 2.0700348 2.0692244 2.0696300 2.0696300 2.0698773 2.0698773 2.0701164 2.0696050 2.0696542 2.0696542 2.0693659 2.0696542 2.0699052 2.0693819 2.0696542 2.0699809 2.0699809 2.0703873 2.0692443 2.0697882 2.0697882 2.0695491 2.0692147 2.0695366 2.0694787 2.0704947 2.0704373 2.0692628 2.0690721 2.0712463 2.0709620 2.0714604 2.0705306 2.0710070 2.0715307 2.0715307 2.0684110 2.0696557 2.0691902 2.0717347 2.0716844 2.0716844 2.0711629 2.0713977 2.0724184 2.0698338 2.0731600 2.0713831 2.0704432 2.0709110 2.0712600 2.0712584 2.0715179 2.0715179 2.0689268 2.0689386 2.0686294 2.0688490 2.0728464 2.0707057 2.0712800 2.0718926 2.0676483 2.0699032 2.0707881 2.0719101 2.0675693 2.0698141 2.0269625 2.0264146 
TAFV_H.sap-tc_CIV_94_Pauleoula-CI_NC_014372                2.2435332 2.2336995 2.2284267 0.0000000 0.8073576 1.4280757 1.4278065 1.4269263 1.4299112 1.4411034 1.4437464 1.4451565 1.4401773 1.4447740 1.4443914 1.4450750 1.4450750 1.4430079 1.4429460 1.4427657 1.4424889 1.4439948 1.4441355 1.4468823 1.4441495 1.4436333 1.4436480 1.4436480 1.4435845 1.4435845 1.4437906 1.4434041 1.4439710 1.4439710 1.4438010 1.4436990 1.4439262 1.4439734 1.4436990 1.4442433 1.4442433 1.4442241 1.4442543 1.4439543 1.4439543 1.4441750 1.4443041 1.4435311 1.4433342 1.4449545 1.4445024 1.4443220 1.4446983 1.4426495 1.4424826 1.4425038 1.4436349 1.4446911 1.4438476 1.4438476 1.4445041 1.4427999 1.4451333 1.4449713 1.4422596 1.4422596 1.4442758 1.4444531 1.4433096 1.4445117 1.4435781 1.4429083 1.4429272 1.4436684 1.4432884 1.4448969 1.4437131 1.4437131 1.4432467 1.4432678 1.4431983 1.4439585 1.4435534 1.4427553 1.4439006 1.4442426 1.4455968 1.4433007 1.4446670 1.4456522 1.4443890 1.4441494 2.2672141 2.2691876 
BDBV_H.sap-xx_COD_12_EboBund-122_KC545395                  2.1278249 2.1290765 2.1280624 0.8073576 0.0000000 1.3893002 1.3893056 1.3891922 1.3876585 1.4056415 1.4069575 1.4042719 1.4010599 1.4095441 1.4064212 1.4077599 1.4077599 1.4078040 1.4093861 1.4093829 1.4067910 1.4072109 1.4070657 1.4086628 1.4091903 1.4093178 1.4092248 1.4092248 1.4091616 1.4091616 1.4093648 1.4089378 1.4093680 1.4093680 1.4087345 1.4091674 1.4093911 1.4089436 1.4086742 1.4096917 1.4096917 1.4091717 1.4086725 1.4089169 1.4089169 1.4091349 1.4082947 1.4091719 1.4092383 1.4102368 1.4100645 1.4098770 1.4097934 1.4089249 1.4089011 1.4089217 1.4103918 1.4101329 1.4098803 1.4098803 1.4091013 1.4091196 1.4094074 1.4110251 1.4080214 1.4080214 1.4110259 1.4094808 1.4079265 1.4093548 1.4081671 1.4086737 1.4088830 1.4091154 1.4096255 1.4094840 1.4077993 1.4077993 1.4085146 1.4086751 1.4095194 1.4072413 1.4089097 1.4073268 1.4099253 1.4102612 1.4107363 1.4105027 1.4107569 1.4110689 1.4096818 1.4081680 2.2487991 2.2480071 
EBOV_H.sap-tc_COD_07_1Luebo_KC242786                       2.0328162 2.0384852 2.0345592 1.4280757 1.3893002 0.0000000 0.0002551 0.0002551 0.0006123 0.0242331 0.0248006 0.0234753 0.0213704 0.0325046 0.0313817 0.0310436 0.0310436 0.0310908 0.0310940 0.0311500 0.0311068 0.0315414 0.0316521 0.0320094 0.0319543 0.0316141 0.0317261 0.0317261 0.0317821 0.0317821 0.0318377 0.0318383 0.0317814 0.0317814 0.0318943 0.0318935 0.0319493 0.0319497 0.0320055 0.0320631 0.0320631 0.0319513 0.0320059 0.0318379 0.0318379 0.0318939 0.0320622 0.0318970 0.0320060 0.0322284 0.0320606 0.0320071 0.0321190 0.0321744 0.0320067 0.0321186 0.0321176 0.0320076 0.0320046 0.0320046 0.0312681 0.0322313 0.0322297 0.0323015 0.0324046 0.0324046 0.0324531 0.0322866 0.0322884 0.0326802 0.0325704 0.0322307 0.0322901 0.0326882 0.0323506 0.0324085 0.0324592 0.0324592 0.0320672 0.0321267 0.0324054 0.0322915 0.0322888 0.0324023 0.0323386 0.0325063 0.0321748 0.0321720 0.0322918 0.0325124 0.0326284 0.0325776 2.0842110 2.0853447 
EBOV_H.sap-tc_COD_07_M-M_HQ613403                          2.0324615 2.0381306 2.0344280 1.4278065 1.3893056 0.0002551 0.0000000 0.0003061 0.0006633 0.0242857 0.0248532 0.0235279 0.0214227 0.0325578 0.0314348 0.0310967 0.0310967 0.0311439 0.0311471 0.0312032 0.0311599 0.0315945 0.0317052 0.0320626 0.0320075 0.0316673 0.0317793 0.0317793 0.0318353 0.0318353 0.0318908 0.0318915 0.0318346 0.0318346 0.0319475 0.0319466 0.0320025 0.0320029 0.0320587 0.0321163 0.0321163 0.0320045 0.0320591 0.0318911 0.0318911 0.0319471 0.0321154 0.0319501 0.0320591 0.0322816 0.0321138 0.0320603 0.0321722 0.0322276 0.0320599 0.0321718 0.0321708 0.0320608 0.0320578 0.0320578 0.0313212 0.0322845 0.0322829 0.0323547 0.0324578 0.0324578 0.0325063 0.0323398 0.0323416 0.0327335 0.0326236 0.0322839 0.0323433 0.0327414 0.0324038 0.0324617 0.0325125 0.0325125 0.0321204 0.0321799 0.0324586 0.0323447 0.0323420 0.0324555 0.0323918 0.0325595 0.0322280 0.0322252 0.0323450 0.0325656 0.0326282 0.0326308 2.0847214 2.0858551 
EBOV_H.sap-tc_COD_07_5Luebo_KC242790                       2.0339920 2.0396628 2.0357361 1.4269263 1.3891922 0.0002551 0.0003061 0.0000000 0.0006633 0.0242917 0.0248594 0.0235337 0.0214281 0.0325659 0.0314427 0.0311045 0.0311045 0.0311517 0.0311549 0.0312110 0.0311677 0.0316024 0.0317132 0.0320706 0.0320155 0.0316752 0.0317872 0.0317872 0.0318433 0.0318433 0.0318988 0.0318995 0.0318426 0.0318426 0.0319555 0.0319546 0.0320105 0.0320109 0.0320667 0.0321243 0.0321243 0.0320125 0.0320671 0.0318991 0.0318991 0.0319551 0.0321235 0.0319581 0.0320672 0.0322897 0.0321219 0.0320683 0.0321803 0.0322357 0.0320679 0.0321798 0.0321788 0.0320688 0.0320658 0.0320658 0.0313291 0.0322926 0.0322910 0.0323628 0.0324660 0.0324660 0.0325145 0.0323479 0.0323497 0.0327417 0.0326318 0.0322920 0.0323514 0.0327497 0.0324120 0.0324698 0.0325206 0.0325206 0.0321285 0.0321879 0.0324667 0.0323528 0.0323501 0.0324636 0.0323999 0.0325677 0.0322360 0.0322333 0.0323531 0.0325738 0.0326898 0.0326390 2.0853273 2.0864616 
EBOV_H.sap-tc_COD_08_034-KS_HQ613402                       2.0340053 2.0396772 2.0356585 1.4299112 1.3876585 0.0006123 0.0006633 0.0006633 0.0000000 0.0246713 0.0252398 0.0239128 0.0218049 0.0328420 0.0317181 0.0313797 0.0313797 0.0314269 0.0314301 0.0314862 0.0314430 0.0318779 0.0319887 0.0323465 0.0322913 0.0319508 0.0320629 0.0320629 0.0321190 0.0321190 0.0321746 0.0321752 0.0321183 0.0321183 0.0322313 0.0322304 0.0322863 0.0322867 0.0323425 0.0324002 0.0324002 0.0322883 0.0323430 0.0321748 0.0321748 0.0322309 0.0323993 0.0322339 0.0323430 0.0325656 0.0323977 0.0323442 0.0324562 0.0325116 0.0323437 0.0324557 0.0324547 0.0323447 0.0323416 0.0323416 0.0316044 0.0325686 0.0325669 0.0326389 0.0327421 0.0327421 0.0327905 0.0326239 0.0326257 0.0330179 0.0329079 0.0325679 0.0326274 0.0330259 0.0326880 0.0327460 0.0327967 0.0327967 0.0324044 0.0324639 0.0327428 0.0326289 0.0326261 0.0327397 0.0326759 0.0328438 0.0325120 0.0325092 0.0326291 0.0328499 0.0329660 0.0329152 2.0840872 2.0852214 
EBOV_H.sap-xx_COD_14_Lomela-Lokolia16_KP271018             2.0351809 2.0442542 2.0389025 1.4411034 1.4056415 0.0242331 0.0242857 0.0242917 0.0246713 0.0000000 0.0016378 0.0094760 0.0144753 0.0370818 0.0359439 0.0356010 0.0356010 0.0356477 0.0356513 0.0357082 0.0356047 0.0361046 0.0362166 0.0365815 0.0364125 0.0360674 0.0361809 0.0361809 0.0362376 0.0362376 0.0362938 0.0362945 0.0363503 0.0363503 0.0363513 0.0363503 0.0364068 0.0364072 0.0364638 0.0365223 0.0365223 0.0362956 0.0364642 0.0362941 0.0362941 0.0363508 0.0365213 0.0363543 0.0364643 0.0366893 0.0365195 0.0364656 0.0365789 0.0366349 0.0364651 0.0365784 0.0365773 0.0364662 0.0364197 0.0364197 0.0357158 0.0366927 0.0366908 0.0367654 0.0368689 0.0368689 0.0368572 0.0367486 0.0368637 0.0372606 0.0371496 0.0368050 0.0368657 0.0372697 0.0368144 0.0368733 0.0369240 0.0369240 0.0365270 0.0366404 0.0368698 0.0367542 0.0366380 0.0368662 0.0368007 0.0369705 0.0366354 0.0366322 0.0367545 0.0369775 0.0370495 0.0369310 2.0938855 2.0956303 
EBOV_H.sap-xx_COD_14_Lomela-Lokolia17_KP271019             2.0361251 2.0447235 2.0397604 1.4437464 1.4069575 0.0248006 0.0248532 0.0248594 0.0252398 0.0016378 0.0000000 0.0100086 0.0150203 0.0376808 0.0365402 0.0361966 0.0361966 0.0362432 0.0362469 0.0363039 0.0362003 0.0367012 0.0368134 0.0371795 0.0370101 0.0366642 0.0367779 0.0367779 0.0368347 0.0368347 0.0368910 0.0368918 0.0369477 0.0369477 0.0369487 0.0369477 0.0370043 0.0370048 0.0370614 0.0371201 0.0371201 0.0368929 0.0370619 0.0368913 0.0368913 0.0369482 0.0371191 0.0369517 0.0370619 0.0372874 0.0371172 0.0370633 0.0371768 0.0372330 0.0370628 0.0371763 0.0371752 0.0370639 0.0370174 0.0370174 0.0363117 0.0372909 0.0372889 0.0373640 0.0374675 0.0374675 0.0374556 0.0373469 0.0374622 0.0378600 0.0377488 0.0374034 0.0374642 0.0378692 0.0374130 0.0374720 0.0375227 0.0375227 0.0371249 0.0372385 0.0374684 0.0373526 0.0371228 0.0374648 0.0373990 0.0375692 0.0372334 0.0372302 0.0373529 0.0375763 0.0376487 0.0375299 2.0938541 2.0955994 
EBOV_H.sap-tc_COD_95_Kikwit-9510621_KR867676               2.0266725 2.0363362 2.0291052 1.4451565 1.4042719 0.0234753 0.0235279 0.0235337 0.0239128 0.0094760 0.0100086 0.0000000 0.0135681 0.0361828 0.0350473 0.0347052 0.0347052 0.0347520 0.0347555 0.0348122 0.0347088 0.0353205 0.0354323 0.0356833 0.0355147 0.0351704 0.0352836 0.0352836 0.0353402 0.0353402 0.0353963 0.0353970 0.0354527 0.0354527 0.0354537 0.0354527 0.0355091 0.0355095 0.0355659 0.0356243 0.0356243 0.0353981 0.0354531 0.0353966 0.0353966 0.0354532 0.0356233 0.0354565 0.0355664 0.0357910 0.0356215 0.0354549 0.0356808 0.0357367 0.0355672 0.0356803 0.0356792 0.0355683 0.0355217 0.0355217 0.0348197 0.0357944 0.0357925 0.0358666 0.0358567 0.0358567 0.0359586 0.0358502 0.0359650 0.0363611 0.0362503 0.0359065 0.0359669 0.0362570 0.0359157 0.0359744 0.0360251 0.0360251 0.0356289 0.0357420 0.0359709 0.0358556 0.0357397 0.0359674 0.0359022 0.0360718 0.0356916 0.0357341 0.0358559 0.0360785 0.0362028 0.0360319 2.0994038 2.1011542 
EBOV_H.sap-tc_COD_77_Bonduni_KC242791                      2.0356397 2.0481288 2.0388148 1.4401773 1.4010599 0.0213704 0.0214227 0.0214281 0.0218049 0.0144753 0.0150203 0.0135681 0.0000000 0.0343197 0.0332445 0.0329046 0.0329046 0.0329516 0.0329549 0.0330113 0.0329081 0.0335166 0.0336278 0.0338761 0.0337085 0.0333665 0.0334790 0.0334790 0.0335353 0.0335353 0.0335911 0.0335918 0.0336472 0.0336472 0.0336481 0.0336472 0.0337032 0.0337037 0.0337598 0.0338177 0.0338177 0.0335928 0.0337602 0.0335914 0.0335914 0.0336477 0.0338168 0.0336508 0.0337602 0.0339836 0.0338151 0.0337614 0.0338739 0.0339295 0.0337610 0.0338734 0.0338724 0.0337620 0.0337152 0.0337152 0.0330184 0.0339868 0.0339850 0.0340579 0.0341611 0.0341611 0.0342095 0.0340423 0.0341563 0.0345502 0.0344399 0.0340983 0.0341582 0.0345586 0.0341070 0.0341652 0.0342159 0.0342159 0.0338221 0.0339345 0.0341620 0.0340475 0.0340445 0.0341586 0.0340943 0.0342628 0.0339299 0.0339270 0.0340477 0.0342692 0.0343397 0.0342224 2.0940417 2.0951806 
EBOV_H.sap-wt_GIN_14_Makona-Gueckedou-EM_080076_KR817235   2.0635835 2.0730617 2.0655057 1.4447740 1.4095441 0.0325046 0.0325578 0.0325659 0.0328420 0.0370818 0.0376808 0.0361828 0.0343197 0.0000000 0.0013798 0.0017393 0.0017393 0.0017901 0.0017902 0.0018415 0.0017910 0.0021491 0.0022517 0.0020982 0.0023557 0.0020473 0.0021500 0.0021500 0.0022013 0.0022013 0.0022526 0.0022527 0.0023040 0.0023040 0.0023040 0.0023040 0.0023553 0.0023554 0.0024067 0.0024582 0.0024582 0.0024582 0.0025095 0.0023554 0.0023554 0.0024067 0.0024581 0.0023553 0.0025095 0.0027150 0.0025608 0.0024068 0.0025096 0.0025609 0.0025096 0.0025095 0.0025095 0.0024068 0.0026123 0.0026123 0.0017389 0.0026124 0.0027150 0.0027155 0.0028182 0.0028182 0.0028178 0.0026637 0.0027666 0.0031267 0.0030240 0.0027151 0.0028180 0.0032304 0.0026129 0.0027673 0.0028183 0.0028183 0.0024585 0.0026641 0.0027671 0.0026641 0.0026639 0.0027668 0.0027155 0.0028698 0.0025609 0.0026637 0.0026641 0.0028695 0.0031267 0.0029217 2.1221342 2.1232923 
EBOV_H.sap-wt_GIN_14_Makona-Gueckedou-EM_079702_KR817210   2.0643558 2.0740570 2.0662999 1.4443914 1.4064212 0.0313817 0.0314348 0.0314427 0.0317181 0.0359439 0.0365402 0.0350473 0.0332445 0.0013798 0.0000000 0.0007654 0.0007654 0.0008165 0.0008165 0.0008675 0.0008176 0.0011752 0.0012775 0.0011242 0.0013807 0.0010733 0.0011757 0.0011757 0.0012269 0.0012269 0.0012781 0.0012781 0.0013293 0.0013293 0.0013293 0.0013293 0.0013805 0.0013805 0.0014317 0.0014830 0.0014830 0.0014830 0.0015342 0.0013805 0.0013805 0.0014317 0.0014830 0.0013805 0.0015342 0.0017392 0.0015854 0.0014318 0.0015342 0.0015855 0.0015342 0.0015342 0.0015342 0.0014318 0.0016367 0.0016367 0.0007654 0.0016368 0.0017392 0.0017395 0.0018420 0.0018420 0.0018417 0.0015855 0.0017906 0.0021497 0.0020472 0.0017392 0.0018418 0.0022529 0.0017397 0.0017910 0.0018421 0.0018421 0.0014832 0.0016882 0.0017909 0.0016882 0.0016881 0.0017907 0.0017906 0.0019445 0.0015855 0.0016880 0.0016882 0.0018932 0.0021497 0.0019450 2.1200756 2.1212319 
EBOV_H.sap-tc_GIN_14_Makona-Gueckedou-C07_KP096421         2.0639424 2.0740922 2.0678271 1.4450750 1.4077599 0.0310436 0.0310967 0.0311045 0.0313797 0.0356010 0.0361966 0.0347052 0.0329046 0.0017393 0.0007654 0.0000000 0.0000010 0.0004592 0.0004592 0.0005102 0.0004592 0.0010219 0.0011242 0.0012784 0.0012273 0.0009200 0.0010224 0.0010224 0.0010736 0.0010736 0.0011247 0.0011248 0.0011759 0.0011759 0.0011760 0.0011759 0.0012271 0.0012271 0.0012784 0.0013296 0.0013296 0.0013296 0.0013808 0.0012271 0.0012271 0.0012784 0.0013296 0.0012271 0.0013808 0.0015858 0.0014320 0.0012784 0.0013809 0.0014321 0.0013809 0.0013809 0.0013808 0.0012784 0.0014833 0.0014833 0.0006123 0.0014834 0.0015858 0.0015861 0.0016885 0.0016885 0.0016883 0.0015346 0.0016372 0.0019962 0.0018937 0.0015858 0.0016884 0.0020993 0.0015862 0.0016376 0.0016886 0.0016886 0.0013298 0.0015348 0.0016374 0.0015348 0.0015347 0.0016373 0.0016372 0.0017910 0.0014321 0.0015346 0.0015348 0.0017397 0.0019962 0.0017915 2.1195870 2.1207436 
EBOV_H.sap-wt_GIN_14_Makona-Gueckedou-C07_KT013256         2.0639424 2.0740922 2.0678271 1.4450750 1.4077599 0.0310436 0.0310967 0.0311045 0.0313797 0.0356010 0.0361966 0.0347052 0.0329046 0.0017393 0.0007654 0.0000010 0.0000000 0.0004592 0.0004592 0.0005102 0.0004592 0.0010219 0.0011242 0.0012784 0.0012273 0.0009200 0.0010224 0.0010224 0.0010736 0.0010736 0.0011247 0.0011248 0.0011759 0.0011759 0.0011760 0.0011759 0.0012271 0.0012271 0.0012784 0.0013296 0.0013296 0.0013296 0.0013808 0.0012271 0.0012271 0.0012784 0.0013296 0.0012271 0.0013808 0.0015858 0.0014320 0.0012784 0.0013809 0.0014321 0.0013809 0.0013809 0.0013808 0.0012784 0.0014833 0.0014833 0.0006123 0.0014834 0.0015858 0.0015861 0.0016885 0.0016885 0.0016883 0.0015346 0.0016372 0.0019962 0.0018937 0.0015858 0.0016884 0.0020993 0.0015862 0.0016376 0.0016886 0.0016886 0.0013298 0.0015348 0.0016374 0.0015348 0.0015347 0.0016373 0.0016372 0.0017910 0.0014321 0.0015346 0.0015348 0.0017397 0.0019962 0.0017915 2.1195870 2.1207436 
EBOV_H.sap-wt_GIN_14_Makona-Macenta-EM_079422_KR817187     2.0641924 2.0741165 2.0661355 1.4430079 1.4078040 0.0310908 0.0311439 0.0311517 0.0314269 0.0356477 0.0362432 0.0347520 0.0329516 0.0017901 0.0008165 0.0004592 0.0004592 0.0000000 0.0005102 0.0005612 0.0005102 0.0010718 0.0011751 0.0013293 0.0012782 0.0009709 0.0010733 0.0010733 0.0011244 0.0011244 0.0011756 0.0011756 0.0012268 0.0012268 0.0012268 0.0012268 0.0012780 0.0012780 0.0013292 0.0013805 0.0013805 0.0013805 0.0014317 0.0012780 0.0012780 0.0013292 0.0013805 0.0012780 0.0014317 0.0016366 0.0014829 0.0013293 0.0014317 0.0014829 0.0014317 0.0014317 0.0014317 0.0013293 0.0015342 0.0015342 0.0006633 0.0015342 0.0016366 0.0016369 0.0017394 0.0017394 0.0017391 0.0015854 0.0016880 0.0020470 0.0019445 0.0016367 0.0017392 0.0021501 0.0016371 0.0016884 0.0017394 0.0017394 0.0013807 0.0015856 0.0016883 0.0015857 0.0015855 0.0016881 0.0016880 0.0018418 0.0014829 0.0015854 0.0015857 0.0017906 0.0020470 0.0018423 2.1190028 2.1201593 
EBOV_H.sap-tc_GIN_14_Makona-Gueckedou-C05_KP096420         2.0640487 2.0739726 2.0683068 1.4429460 1.4093861 0.0310940 0.0311471 0.0311549 0.0314301 0.0356513 0.0362469 0.0347555 0.0329549 0.0017902 0.0008165 0.0004592 0.0004592 0.0005102 0.0000000 0.0000510 0.0005102 0.0010729 0.0011752 0.0013294 0.0012783 0.0009710 0.0010734 0.0010734 0.0011245 0.0011245 0.0011757 0.0011757 0.0012269 0.0012269 0.0012270 0.0012269 0.0012781 0.0012781 0.0013293 0.0013806 0.0013806 0.0013806 0.0014318 0.0012781 0.0012781 0.0013293 0.0013806 0.0012781 0.0014318 0.0016367 0.0014830 0.0013294 0.0014318 0.0014831 0.0014318 0.0014318 0.0014318 0.0013294 0.0015343 0.0015343 0.0006633 0.0015343 0.0016368 0.0016371 0.0017395 0.0017395 0.0017393 0.0015856 0.0016881 0.0020472 0.0019447 0.0016368 0.0017394 0.0021503 0.0016372 0.0016886 0.0017396 0.0017396 0.0013808 0.0015858 0.0016884 0.0015858 0.0015857 0.0016883 0.0016882 0.0018420 0.0014831 0.0015855 0.0015858 0.0017907 0.0020472 0.0018425 2.1225364 2.1236943 
EBOV_H.sap-wt_GIN_14_Makona-Kissidougou-C15_KT013254       2.0643968 2.0743212 2.0686557 1.4427657 1.4093829 0.0311500 0.0312032 0.0312110 0.0314862 0.0357082 0.0363039 0.0348122 0.0330113 0.0018415 0.0008675 0.0005102 0.0005102 0.0005612 0.0000510 0.0000000 0.0005612 0.0011241 0.0012264 0.0013807 0.0013295 0.0010222 0.0011245 0.0011245 0.0011757 0.0011757 0.0012269 0.0012270 0.0012781 0.0012781 0.0012782 0.0012781 0.0013293 0.0013294 0.0013806 0.0014319 0.0014319 0.0014319 0.0014830 0.0013294 0.0013294 0.0013806 0.0014318 0.0013293 0.0014830 0.0016880 0.0015342 0.0013806 0.0014831 0.0015343 0.0014831 0.0014831 0.0014830 0.0013806 0.0015856 0.0015856 0.0007144 0.0015856 0.0016880 0.0016884 0.0017908 0.0017908 0.0017906 0.0016368 0.0017394 0.0020985 0.0019960 0.0016881 0.0017907 0.0022017 0.0016885 0.0017399 0.0017909 0.0017909 0.0014320 0.0016370 0.0017397 0.0016371 0.0016369 0.0017395 0.0017394 0.0018933 0.0015343 0.0016368 0.0016371 0.0018420 0.0020985 0.0018938 2.1222620 2.1234199 
EBOV_H.sap-wt_GIN_14_Makona-Macenta-EM_079424_KR817189     2.0645570 2.0744852 2.0665014 1.4424889 1.4067910 0.0311068 0.0311599 0.0311677 0.0314430 0.0356047 0.0362003 0.0347088 0.0329081 0.0017910 0.0008176 0.0004592 0.0004592 0.0005102 0.0005102 0.0005612 0.0000000 0.0010734 0.0011757 0.0013300 0.0012789 0.0009714 0.0010738 0.0010738 0.0011250 0.0011250 0.0011763 0.0011763 0.0012275 0.0012275 0.0012275 0.0012275 0.0012787 0.0012787 0.0013299 0.0013812 0.0013812 0.0013812 0.0014324 0.0012787 0.0012787 0.0013299 0.0013812 0.0012787 0.0014324 0.0016375 0.0014837 0.0013300 0.0014325 0.0014837 0.0014325 0.0014325 0.0014324 0.0013300 0.0015350 0.0015350 0.0006633 0.0015350 0.0016375 0.0016378 0.0017403 0.0017403 0.0017401 0.0015863 0.0016889 0.0020481 0.0019455 0.0016375 0.0017402 0.0021513 0.0016379 0.0016893 0.0017404 0.0017404 0.0013814 0.0015865 0.0016892 0.0015865 0.0015864 0.0016890 0.0016889 0.0018428 0.0014837 0.0015862 0.0015865 0.0017915 0.0020481 0.0018433 2.1189391 2.1200950 
EBOV_H.sap-wt_GIN_14_Makona-Gueckedou-EM_079750_KR817213   2.0673538 2.0770487 2.0693044 1.4439948 1.4072109 0.0315414 0.0315945 0.0316024 0.0318779 0.0361046 0.0367012 0.0353205 0.0335166 0.0021491 0.0011752 0.0010219 0.0010219 0.0010718 0.0010729 0.0011241 0.0010734 0.0000000 0.0003061 0.0016880 0.0016369 0.0013292 0.0014317 0.0014317 0.0014829 0.0014829 0.0015341 0.0015342 0.0015854 0.0015854 0.0015854 0.0015854 0.0016366 0.0016366 0.0016879 0.0017392 0.0017392 0.0017392 0.0017904 0.0016366 0.0016366 0.0016879 0.0017392 0.0016366 0.0017904 0.0019955 0.0018417 0.0016880 0.0017905 0.0018418 0.0017905 0.0017905 0.0017904 0.0016880 0.0018930 0.0018930 0.0010207 0.0018931 0.0019956 0.0019960 0.0020984 0.0020984 0.0020982 0.0019443 0.0020470 0.0024064 0.0023038 0.0019956 0.0020983 0.0025097 0.0019961 0.0020475 0.0020985 0.0020985 0.0017395 0.0019446 0.0020473 0.0019446 0.0019445 0.0020472 0.0020470 0.0022010 0.0018418 0.0019443 0.0019446 0.0021497 0.0024064 0.0022016 2.1215634 2.1227208 
EBOV_H.sap-wt_GIN_14_Makona-Gueckedou-EM_079910_KR817221   2.0644689 2.0741471 2.0664127 1.4441355 1.4070657 0.0316521 0.0317052 0.0317132 0.0319887 0.0362166 0.0368134 0.0354323 0.0336278 0.0022517 0.0012775 0.0011242 0.0011242 0.0011751 0.0011752 0.0012264 0.0011757 0.0003061 0.0000000 0.0017905 0.0017394 0.0014316 0.0015341 0.0015341 0.0015854 0.0015854 0.0016366 0.0016366 0.0016878 0.0016878 0.0016879 0.0016878 0.0017391 0.0017391 0.0017904 0.0018417 0.0018417 0.0018417 0.0018929 0.0017391 0.0017391 0.0017904 0.0018417 0.0017391 0.0018929 0.0020981 0.0019442 0.0017905 0.0018930 0.0019443 0.0018930 0.0018930 0.0018929 0.0017905 0.0019956 0.0019956 0.0011240 0.0019956 0.0020981 0.0020985 0.0022010 0.0022010 0.0022007 0.0020469 0.0021496 0.0025090 0.0024064 0.0020982 0.0022009 0.0026124 0.0020987 0.0021501 0.0022011 0.0022011 0.0018420 0.0020472 0.0021499 0.0020472 0.0020470 0.0021498 0.0021496 0.0023036 0.0019443 0.0020468 0.0020472 0.0022523 0.0025090 0.0023042 2.1223342 2.1234923 
EBOV_H.sap-wt_GIN_14_Makona-Gueckedou-EM_079587_KR817202   2.0630300 2.0725777 2.0658162 1.4468823 1.4086628 0.0320094 0.0320626 0.0320706 0.0323465 0.0365815 0.0371795 0.0356833 0.0338761 0.0020982 0.0011242 0.0012784 0.0012784 0.0013293 0.0013294 0.0013807 0.0013300 0.0016880 0.0017905 0.0000000 0.0018942 0.0015862 0.0016887 0.0016887 0.0017400 0.0017400 0.0017913 0.0017913 0.0018426 0.0018426 0.0018426 0.0018426 0.0018939 0.0018939 0.0019452 0.0019966 0.0019966 0.0019966 0.0020479 0.0018939 0.0018939 0.0019452 0.0019966 0.0018939 0.0020479 0.0022532 0.0020992 0.0019453 0.0020480 0.0020993 0.0020479 0.0020479 0.0020479 0.0019453 0.0021506 0.0021506 0.0012782 0.0021507 0.0022532 0.0022537 0.0023563 0.0023563 0.0023560 0.0022020 0.0023048 0.0026645 0.0025618 0.0022533 0.0023561 0.0027680 0.0022539 0.0023053 0.0023564 0.0023564 0.0019969 0.0022022 0.0023051 0.0022023 0.0022021 0.0023049 0.0023048 0.0024589 0.0020993 0.0022019 0.0022023 0.0024076 0.0026645 0.0024596 2.1186457 2.1198016 
EBOV_H.sap-wt_LBR_14_Makona-LIBR0430_KR006955              2.0677088 2.0774316 2.0700348 1.4441495 1.4091903 0.0319543 0.0320075 0.0320155 0.0322913 0.0364125 0.0370101 0.0355147 0.0337085 0.0023557 0.0013807 0.0012273 0.0012273 0.0012782 0.0012783 0.0013295 0.0012789 0.0016369 0.0017394 0.0018942 0.0000000 0.0003061 0.0004081 0.0004081 0.0004592 0.0004592 0.0005102 0.0005102 0.0005612 0.0005612 0.0005612 0.0005612 0.0006123 0.0006123 0.0006633 0.0007144 0.0007144 0.0007144 0.0007654 0.0006123 0.0006123 0.0006633 0.0007144 0.0006123 0.0007654 0.0009697 0.0008165 0.0006633 0.0007654 0.0008165 0.0007654 0.0007654 0.0007654 0.0006633 0.0008675 0.0008675 0.0006123 0.0008675 0.0009697 0.0009697 0.0010728 0.0010728 0.0010718 0.0009186 0.0010207 0.0013798 0.0012775 0.0009697 0.0010718 0.0014826 0.0009707 0.0010732 0.0010729 0.0010729 0.0007144 0.0009186 0.0010218 0.0009186 0.0009186 0.0010207 0.0010207 0.0011751 0.0008165 0.0009186 0.0009186 0.0011240 0.0013799 0.0011755 2.1211124 2.1222696 
EBOV_H.sap-wt_SLE_14_Makona-G3734.1_KM233055               2.0672732 2.0769922 2.0692244 1.4436333 1.4093178 0.0316141 0.0316673 0.0316752 0.0319508 0.0360674 0.0366642 0.0351704 0.0333665 0.0020473 0.0010733 0.0009200 0.0009200 0.0009709 0.0009710 0.0010222 0.0009714 0.0013292 0.0014316 0.0015862 0.0003061 0.0000000 0.0001020 0.0001020 0.0001530 0.0001530 0.0002040 0.0002040 0.0002551 0.0002551 0.0002551 0.0002551 0.0003061 0.0003061 0.0003571 0.0004081 0.0004081 0.0004081 0.0004592 0.0003061 0.0003061 0.0003571 0.0004081 0.0003061 0.0004592 0.0006633 0.0005102 0.0003571 0.0004592 0.0005102 0.0004592 0.0004592 0.0004592 0.0003571 0.0005612 0.0005612 0.0003061 0.0005612 0.0006633 0.0006633 0.0007654 0.0007654 0.0007654 0.0006123 0.0007144 0.0010718 0.0009697 0.0006633 0.0007654 0.0011752 0.0006633 0.0007654 0.0007654 0.0007654 0.0004081 0.0006123 0.0007144 0.0006123 0.0006123 0.0007144 0.0007144 0.0008675 0.0005102 0.0006123 0.0006123 0.0008165 0.0010718 0.0008675 2.1206620 2.1218187 
EBOV_H.sap-wt_SLE_14_Makona-G3799_KM233080                 2.0676782 2.0773976 2.0696300 1.4436480 1.4092248 0.0317261 0.0317793 0.0317872 0.0320629 0.0361809 0.0367779 0.0352836 0.0334790 0.0021500 0.0011757 0.0010224 0.0010224 0.0010733 0.0010734 0.0011245 0.0010738 0.0014317 0.0015341 0.0016887 0.0004081 0.0001020 0.0000000 0.0000010 0.0000510 0.0000510 0.0001020 0.0001020 0.0001530 0.0001530 0.0001530 0.0001530 0.0002040 0.0002040 0.0002551 0.0003061 0.0003061 0.0003061 0.0003571 0.0002040 0.0002040 0.0002551 0.0003061 0.0002040 0.0003571 0.0005612 0.0004081 0.0002551 0.0003571 0.0004081 0.0003571 0.0003571 0.0003571 0.0002551 0.0004592 0.0004592 0.0004081 0.0004592 0.0005612 0.0005612 0.0006633 0.0006633 0.0006633 0.0005102 0.0006123 0.0009697 0.0008675 0.0005612 0.0006633 0.0010729 0.0007654 0.0008675 0.0008675 0.0008675 0.0005102 0.0007144 0.0008165 0.0007144 0.0005102 0.0006123 0.0006123 0.0007654 0.0006123 0.0007144 0.0005102 0.0007144 0.0009697 0.0007654 2.1205839 2.1217406 
EBOV_H.sap-wt_SLE_14_Makona-G3788_KM233075                 2.0676782 2.0773976 2.0696300 1.4436480 1.4092248 0.0317261 0.0317793 0.0317872 0.0320629 0.0361809 0.0367779 0.0352836 0.0334790 0.0021500 0.0011757 0.0010224 0.0010224 0.0010733 0.0010734 0.0011245 0.0010738 0.0014317 0.0015341 0.0016887 0.0004081 0.0001020 0.0000010 0.0000000 0.0000510 0.0000510 0.0001020 0.0001020 0.0001530 0.0001530 0.0001530 0.0001530 0.0002040 0.0002040 0.0002551 0.0003061 0.0003061 0.0003061 0.0003571 0.0002040 0.0002040 0.0002551 0.0003061 0.0002040 0.0003571 0.0005612 0.0004081 0.0002551 0.0003571 0.0004081 0.0003571 0.0003571 0.0003571 0.0002551 0.0004592 0.0004592 0.0004081 0.0004592 0.0005612 0.0005612 0.0006633 0.0006633 0.0006633 0.0005102 0.0006123 0.0009697 0.0008675 0.0005612 0.0006633 0.0010729 0.0007654 0.0008675 0.0008675 0.0008675 0.0005102 0.0007144 0.0008165 0.0007144 0.0005102 0.0006123 0.0006123 0.0007654 0.0006123 0.0007144 0.0005102 0.0007144 0.0009697 0.0007654 2.1205839 2.1217406 
EBOV_H.sap-wt_SLE_14_Makona-G3735.2_KM233057               2.0679252 2.0776445 2.0698773 1.4435845 1.4091616 0.0317821 0.0318353 0.0318433 0.0321190 0.0362376 0.0368347 0.0353402 0.0335353 0.0022013 0.0012269 0.0010736 0.0010736 0.0011244 0.0011245 0.0011757 0.0011250 0.0014829 0.0015854 0.0017400 0.0004592 0.0001530 0.0000510 0.0000510 0.0000000 0.0000010 0.0000510 0.0000510 0.0001020 0.0001020 0.0001020 0.0001020 0.0001530 0.0001530 0.0002040 0.0002551 0.0002551 0.0002551 0.0003061 0.0001530 0.0001530 0.0002040 0.0002551 0.0002551 0.0003061 0.0005102 0.0003571 0.0002040 0.0003061 0.0003571 0.0003061 0.0003061 0.0004081 0.0003061 0.0005102 0.0005102 0.0004592 0.0004081 0.0005102 0.0006123 0.0006123 0.0006123 0.0007144 0.0005612 0.0005612 0.0009186 0.0008165 0.0005102 0.0006123 0.0010218 0.0008165 0.0009186 0.0009186 0.0009186 0.0005612 0.0007654 0.0008675 0.0007654 0.0005612 0.0005612 0.0005612 0.0007144 0.0006633 0.0007654 0.0005612 0.0006633 0.0009186 0.0008165 2.1207458 2.1219026 
EBOV_H.sap-wt_SLE_14_Makona-EM124.3_KM233047               2.0679252 2.0776445 2.0698773 1.4435845 1.4091616 0.0317821 0.0318353 0.0318433 0.0321190 0.0362376 0.0368347 0.0353402 0.0335353 0.0022013 0.0012269 0.0010736 0.0010736 0.0011244 0.0011245 0.0011757 0.0011250 0.0014829 0.0015854 0.0017400 0.0004592 0.0001530 0.0000510 0.0000510 0.0000010 0.0000000 0.0000510 0.0000510 0.0001020 0.0001020 0.0001020 0.0001020 0.0001530 0.0001530 0.0002040 0.0002551 0.0002551 0.0002551 0.0003061 0.0001530 0.0001530 0.0002040 0.0002551 0.0002551 0.0003061 0.0005102 0.0003571 0.0002040 0.0003061 0.0003571 0.0003061 0.0003061 0.0004081 0.0003061 0.0005102 0.0005102 0.0004592 0.0004081 0.0005102 0.0006123 0.0006123 0.0006123 0.0007144 0.0005612 0.0005612 0.0009186 0.0008165 0.0005102 0.0006123 0.0010218 0.0008165 0.0009186 0.0009186 0.0009186 0.0005612 0.0007654 0.0008675 0.0007654 0.0005612 0.0005612 0.0005612 0.0007144 0.0006633 0.0007654 0.0005612 0.0006633 0.0009186 0.0008165 2.1207458 2.1219026 
EBOV_H.sap-wt_SLE_14_Makona-G3789.1_KM233076               2.0681640 2.0778833 2.0701164 1.4437906 1.4093648 0.0318377 0.0318908 0.0318988 0.0321746 0.0362938 0.0368910 0.0353963 0.0335911 0.0022526 0.0012781 0.0011247 0.0011247 0.0011756 0.0011757 0.0012269 0.0011763 0.0015341 0.0016366 0.0017913 0.0005102 0.0002040 0.0001020 0.0001020 0.0000510 0.0000510 0.0000000 0.0001020 0.0001530 0.0001530 0.0001530 0.0001530 0.0002040 0.0002040 0.0002551 0.0003061 0.0003061 0.0003061 0.0003571 0.0002040 0.0002040 0.0002551 0.0003061 0.0003061 0.0003571 0.0005612 0.0004081 0.0002551 0.0003571 0.0004081 0.0003571 0.0003571 0.0004592 0.0003571 0.0005612 0.0005612 0.0005102 0.0004592 0.0005612 0.0006633 0.0006633 0.0006633 0.0007654 0.0006123 0.0006123 0.0009697 0.0008675 0.0005612 0.0006633 0.0010729 0.0008675 0.0009707 0.0009697 0.0009697 0.0006123 0.0008165 0.0009186 0.0008165 0.0006123 0.0006123 0.0006123 0.0007654 0.0007144 0.0008165 0.0006123 0.0007144 0.0009697 0.0008675 2.1209858 2.1221426 
EBOV_H.sap-wt_SLE_14_Makona-G3949_1_KR105209               2.0676533 2.0773724 2.0696050 1.4434041 1.4089378 0.0318383 0.0318915 0.0318995 0.0321752 0.0362945 0.0368918 0.0353970 0.0335918 0.0022527 0.0012781 0.0011248 0.0011248 0.0011756 0.0011757 0.0012270 0.0011763 0.0015342 0.0016366 0.0017913 0.0005102 0.0002040 0.0001020 0.0001020 0.0000510 0.0000510 0.0001020 0.0000000 0.0001530 0.0001530 0.0001530 0.0001530 0.0002040 0.0002040 0.0002551 0.0003061 0.0003061 0.0003061 0.0003571 0.0002040 0.0002040 0.0002551 0.0003061 0.0003061 0.0003571 0.0005612 0.0004081 0.0002551 0.0003571 0.0004081 0.0003571 0.0003571 0.0004592 0.0003571 0.0005612 0.0005612 0.0005102 0.0004592 0.0005612 0.0006633 0.0006633 0.0006633 0.0007654 0.0006123 0.0006123 0.0009697 0.0008675 0.0005612 0.0006633 0.0010729 0.0008675 0.0009707 0.0009697 0.0009697 0.0006123 0.0008165 0.0009186 0.0008165 0.0006123 0.0006123 0.0006123 0.0007654 0.0007144 0.0008165 0.0006123 0.0007144 0.0009697 0.0008675 2.1210992 2.1222560 
EBOV_H.sap-wt_SLE_14_Makona-Moyamba-G5763_1_KR105325       2.0677023 2.0774221 2.0696542 1.4439710 1.4093680 0.0317814 0.0318346 0.0318426 0.0321183 0.0363503 0.0369477 0.0354527 0.0336472 0.0023040 0.0013293 0.0011759 0.0011759 0.0012268 0.0012269 0.0012781 0.0012275 0.0015854 0.0016878 0.0018426 0.0005612 0.0002551 0.0001530 0.0001530 0.0001020 0.0001020 0.0001530 0.0001530 0.0000000 0.0000010 0.0002040 0.0002040 0.0002551 0.0002551 0.0003061 0.0003571 0.0003571 0.0003571 0.0004081 0.0002551 0.0002551 0.0003061 0.0003571 0.0003571 0.0004081 0.0006123 0.0004592 0.0003061 0.0004081 0.0004592 0.0004081 0.0004081 0.0005102 0.0004081 0.0006123 0.0006123 0.0005612 0.0005102 0.0006123 0.0007144 0.0007144 0.0007144 0.0008165 0.0006633 0.0006633 0.0010207 0.0009186 0.0006123 0.0007144 0.0011241 0.0009186 0.0010218 0.0010207 0.0010207 0.0006633 0.0008675 0.0009697 0.0008675 0.0006633 0.0006633 0.0006633 0.0008165 0.0007654 0.0008675 0.0006633 0.0007654 0.0010207 0.0009186 2.1210118 2.1221686 
EBOV_H.sap-wt_SLE_14_Makona-Moyamba-G5844_1_KR105328       2.0677023 2.0774221 2.0696542 1.4439710 1.4093680 0.0317814 0.0318346 0.0318426 0.0321183 0.0363503 0.0369477 0.0354527 0.0336472 0.0023040 0.0013293 0.0011759 0.0011759 0.0012268 0.0012269 0.0012781 0.0012275 0.0015854 0.0016878 0.0018426 0.0005612 0.0002551 0.0001530 0.0001530 0.0001020 0.0001020 0.0001530 0.0001530 0.0000010 0.0000000 0.0002040 0.0002040 0.0002551 0.0002551 0.0003061 0.0003571 0.0003571 0.0003571 0.0004081 0.0002551 0.0002551 0.0003061 0.0003571 0.0003571 0.0004081 0.0006123 0.0004592 0.0003061 0.0004081 0.0004592 0.0004081 0.0004081 0.0005102 0.0004081 0.0006123 0.0006123 0.0005612 0.0005102 0.0006123 0.0007144 0.0007144 0.0007144 0.0008165 0.0006633 0.0006633 0.0010207 0.0009186 0.0006123 0.0007144 0.0011241 0.0009186 0.0010218 0.0010207 0.0010207 0.0006633 0.0008675 0.0009697 0.0008675 0.0006633 0.0006633 0.0006633 0.0008165 0.0007654 0.0008675 0.0006633 0.0007654 0.0010207 0.0009186 2.1210118 2.1221686 
EBOV_H.sap-wt_SLE_14_Makona-G3818_KM233092                 2.0674145 2.0771336 2.0693659 1.4438010 1.4087345 0.0318943 0.0319475 0.0319555 0.0322313 0.0363513 0.0369487 0.0354537 0.0336481 0.0023040 0.0013293 0.0011760 0.0011760 0.0012268 0.0012270 0.0012782 0.0012275 0.0015854 0.0016879 0.0018426 0.0005612 0.0002551 0.0001530 0.0001530 0.0001020 0.0001020 0.0001530 0.0001530 0.0002040 0.0002040 0.0000000 0.0002040 0.0002551 0.0002551 0.0003061 0.0003571 0.0003571 0.0003571 0.0004081 0.0002551 0.0002551 0.0003061 0.0003571 0.0003571 0.0004081 0.0006123 0.0004592 0.0003061 0.0004081 0.0004592 0.0004081 0.0004081 0.0005102 0.0004081 0.0006123 0.0006123 0.0005612 0.0005102 0.0006123 0.0007144 0.0007144 0.0007144 0.0008165 0.0006633 0.0006633 0.0010207 0.0009186 0.0006123 0.0007144 0.0011241 0.0009186 0.0010219 0.0010207 0.0010207 0.0006633 0.0008675 0.0009697 0.0008675 0.0006633 0.0006633 0.0006633 0.0008165 0.0007654 0.0008675 0.0006633 0.0007654 0.0010207 0.0009186 2.1212611 2.1224180 
EBOV_H.sap-wt_SLE_14_Makona-G3825.1_KM233098               2.0677023 2.0774221 2.0696542 1.4436990 1.4091674 0.0318935 0.0319466 0.0319546 0.0322304 0.0363503 0.0369477 0.0354527 0.0336472 0.0023040 0.0013293 0.0011759 0.0011759 0.0012268 0.0012269 0.0012781 0.0012275 0.0015854 0.0016878 0.0018426 0.0005612 0.0002551 0.0001530 0.0001530 0.0001020 0.0001020 0.0001530 0.0001530 0.0002040 0.0002040 0.0002040 0.0000000 0.0000510 0.0000510 0.0001020 0.0001530 0.0001530 0.0003571 0.0004081 0.0002551 0.0002551 0.0003061 0.0001530 0.0003571 0.0002040 0.0004081 0.0002551 0.0003061 0.0004081 0.0004592 0.0004081 0.0004081 0.0005102 0.0004081 0.0006123 0.0006123 0.0005612 0.0003061 0.0006123 0.0007144 0.0007144 0.0007144 0.0008165 0.0006633 0.0004592 0.0008165 0.0007144 0.0004081 0.0005102 0.0009186 0.0009186 0.0010218 0.0010207 0.0010207 0.0006633 0.0008675 0.0009697 0.0008675 0.0006633 0.0004592 0.0004592 0.0006123 0.0007654 0.0008675 0.0006633 0.0007654 0.0010207 0.0009186 2.1206324 2.1217891 
EBOV_H.sap-wt_SLE_14_Makona-G4748_1_KR105270               2.0679529 2.0776735 2.0699052 1.4439262 1.4093911 0.0319493 0.0320025 0.0320105 0.0322863 0.0364068 0.0370043 0.0355091 0.0337032 0.0023553 0.0013805 0.0012271 0.0012271 0.0012780 0.0012781 0.0013293 0.0012787 0.0016366 0.0017391 0.0018939 0.0006123 0.0003061 0.0002040 0.0002040 0.0001530 0.0001530 0.0002040 0.0002040 0.0002551 0.0002551 0.0002551 0.0000510 0.0000000 0.0001020 0.0001530 0.0002040 0.0002040 0.0004081 0.0004592 0.0003061 0.0003061 0.0003571 0.0002040 0.0004081 0.0002551 0.0004592 0.0003061 0.0003571 0.0004592 0.0005102 0.0004592 0.0004592 0.0005612 0.0004592 0.0006633 0.0006633 0.0006123 0.0003571 0.0006633 0.0007654 0.0007654 0.0007654 0.0008675 0.0007144 0.0005102 0.0008675 0.0007654 0.0004592 0.0005612 0.0009697 0.0009697 0.0010730 0.0010718 0.0010718 0.0007144 0.0009186 0.0010207 0.0009186 0.0007144 0.0005102 0.0005102 0.0006633 0.0008165 0.0009186 0.0007144 0.0008165 0.0010718 0.0009697 2.1208891 2.1220459 
EBOV_H.sap-wt_SLE_14_Makona-G5296_1_KR105303               2.0674304 2.0771500 2.0693819 1.4439734 1.4089436 0.0319497 0.0320029 0.0320109 0.0322867 0.0364072 0.0370048 0.0355095 0.0337037 0.0023554 0.0013805 0.0012271 0.0012271 0.0012780 0.0012781 0.0013294 0.0012787 0.0016366 0.0017391 0.0018939 0.0006123 0.0003061 0.0002040 0.0002040 0.0001530 0.0001530 0.0002040 0.0002040 0.0002551 0.0002551 0.0002551 0.0000510 0.0001020 0.0000000 0.0001530 0.0001020 0.0001020 0.0004081 0.0004592 0.0003061 0.0003061 0.0003571 0.0002040 0.0004081 0.0002551 0.0004592 0.0003061 0.0003571 0.0004592 0.0005102 0.0004592 0.0004592 0.0005612 0.0004592 0.0006633 0.0006633 0.0006123 0.0003571 0.0006633 0.0007654 0.0007654 0.0007654 0.0008675 0.0007144 0.0005102 0.0008675 0.0007654 0.0004592 0.0005612 0.0009697 0.0009697 0.0010730 0.0010718 0.0010718 0.0007144 0.0009186 0.0010207 0.0009186 0.0007144 0.0005102 0.0005102 0.0006633 0.0008165 0.0009186 0.0007144 0.0008165 0.0010718 0.0009697 2.1203582 2.1215149 
EBOV_H.sap-wt_SLE_14_Makona-Kailahun-G4255_1_KR105226      2.0677023 2.0774221 2.0696542 1.4436990 1.4086742 0.0320055 0.0320587 0.0320667 0.0323425 0.0364638 0.0370614 0.0355659 0.0337598 0.0024067 0.0014317 0.0012784 0.0012784 0.0013292 0.0013293 0.0013806 0.0013299 0.0016879 0.0017904 0.0019452 0.0006633 0.0003571 0.0002551 0.0002551 0.0002040 0.0002040 0.0002551 0.0002551 0.0003061 0.0003061 0.0003061 0.0001020 0.0001530 0.0001530 0.0000000 0.0002551 0.0002551 0.0004592 0.0005102 0.0003571 0.0003571 0.0004081 0.0002551 0.0004592 0.0003061 0.0005102 0.0003571 0.0004081 0.0005102 0.0005612 0.0005102 0.0005102 0.0006123 0.0005102 0.0007144 0.0007144 0.0006633 0.0004081 0.0007144 0.0008165 0.0008165 0.0008165 0.0009186 0.0007654 0.0005612 0.0009186 0.0008165 0.0005102 0.0006123 0.0010218 0.0010207 0.0011242 0.0011239 0.0011239 0.0007654 0.0009697 0.0010718 0.0009697 0.0007654 0.0005612 0.0005612 0.0007144 0.0008675 0.0009697 0.0007654 0.0008675 0.0011229 0.0010218 2.1206324 2.1217891 
