100
F1.BR.10.DEMF110BR015.KU749395         0.0000000 1.0991739 1.2331650 1.2370033 1.1561157 1.1742164 1.0744356 1.0909663 1.1002960 1.1042855 1.1024638 1.1134184 1.0382949 1.0583950 1.0641948 1.0677101 1.0618024 1.0315035 1.1513033 0.9068628 0.9117636 0.9167663 0.9019109 0.8872213 0.9521382 0.8878923 0.8764086 0.9026482 0.8871238 0.8009219 0.8733650 0.9043464 0.8520669 0.8836841 0.8550544 0.8611015 0.9041821 0.8582552 0.9297317 0.8247653 0.8808131 0.8895586 0.8324044 0.8947894 0.8663266 0.8758036 0.8765712 0.8440384 0.8626567 0.8699546 0.8379397 0.8483774 0.8588691 0.8052693 0.7180884 0.8023122 0.7586791 0.7279671 0.9075379 0.9326731 0.8288830 0.8677619 0.9146892 1.0733911 1.0437058 0.8238160 0.7683624 0.7717516 0.7690592 0.8444026 0.7885936 0.7287685 0.7748008 0.7383873 0.7496726 0.8605437 0.7076167 0.8393901 0.7898976 0.7555492 0.8463580 0.8139125 0.7991739 0.7919791 0.8292324 0.7535034 0.8046615 1.0547197 0.9784116 0.9007269 0.8861572 0.9134920 0.9119434 0.9119806 0.8760678 0.8974569 2.7237289 2.1237726 2.0536674 2.1194712 
A1C.IN.15.SC017.KY713232               1.0991739 0.0000000 0.7676103 0.7714804 0.6787566 0.7124479 0.6276186 0.6280071 0.6689514 0.6613927 0.6486287 0.6668134 0.5777673 0.6234914 0.6090955 0.6247498 0.6356664 0.5817519 1.4038722 1.1800929 1.1662962 1.1764785 1.1508636 1.1377715 1.2428416 1.1472875 1.1377710 1.1337901 1.1525537 1.0995901 1.1369649 1.1595696 1.1198656 1.1037714 1.1103130 1.1079656 1.1912331 1.0975842 1.1484371 1.0969223 1.1816494 1.1581194 1.0955235 1.1595843 1.1141910 1.1368814 1.1222617 1.1146041 1.1252892 1.1459548 1.1055534 1.1260239 1.1389896 1.0932966 0.9820515 1.0418020 1.0207615 0.9468191 1.0004654 1.0347302 0.9028924 1.0006333 0.9925036 1.0389301 0.9828089 0.9500091 0.8618793 0.8659071 0.8454535 0.9280935 0.8818491 0.8111536 0.8667947 0.8326283 0.8380853 0.6003168 0.7800289 0.7100795 0.7476088 0.7153014 0.7395416 0.7258225 0.7054121 0.7054609 0.7361356 0.6746295 0.7579796 1.0175577 0.9106237 0.8643006 0.8620563 0.8847712 0.8505136 0.8625307 0.8351760 0.8437209 2.8503576 2.1736293 2.0643216 2.1484875 
BC.CN.07.07CNYN340.KF835526            1.2331650 0.7676103 0.0000000 0.3976850 0.6209026 0.5496958 0.5604742 0.4968484 0.5148197 0.5114112 0.5117381 0.5143537 0.4699037 0.4645075 0.5175533 0.5458554 0.5602939 0.5105363 1.5250857 1.3180619 1.2820598 1.3033238 1.2646455 1.2272904 1.2998046 1.2426735 1.2473170 1.2598703 1.2794070 1.1699510 1.2216790 1.2500459 1.2320845 1.2176881 1.2399760 1.2036167 1.2664387 1.2312157 1.2701141 1.2169029 1.2673693 1.2306276 1.1788728 1.2544566 1.2139216 1.2159350 1.2114807 1.2079555 1.2610023 1.2472357 1.1872728 1.2064563 1.2095538 1.1445266 1.0910682 1.1606178 1.1365734 1.0749782 1.0991729 1.0972827 1.0125029 1.0900782 1.1225916 1.1662542 1.1277008 1.0620818 0.9665965 1.0063031 0.9639012 1.0367648 0.9976048 0.9205481 0.9738096 0.9744692 0.9619787 0.7264012 0.8742315 0.8313492 0.8751208 0.8222466 0.8685455 0.8314905 0.8362208 0.8118485 0.8634040 0.8078486 0.8714456 1.1390368 1.0478157 0.9746485 0.9717712 0.9858403 0.9589576 0.9677668 0.9331931 0.9597029 2.8987458 2.3189695 2.2527915 2.3734095 
85_BC.CN.14.14CN_SCYB4.KU992932        1.2370033 0.7714804 0.3976850 0.0000000 0.5944834 0.5170443 0.5330305 0.4661446 0.5072713 0.4880883 0.4974584 0.4856123 0.4459398 0.4465892 0.4935782 0.5238672 0.5152068 0.4733019 1.5166391 1.2512039 1.2489246 1.2607188 1.2604685 1.2179324 1.3032719 1.2221121 1.2075821 1.2199430 1.2593008 1.1680834 1.2246169 1.2326571 1.2140191 1.1962229 1.1993217 1.1955486 1.2313897 1.1970065 1.2413021 1.2008128 1.2669650 1.2569872 1.1752214 1.2113074 1.2056343 1.2203521 1.1592445 1.1824007 1.2402755 1.1860860 1.1718679 1.1889144 1.2100105 1.1457893 1.0895916 1.1733098 1.1587875 1.0745508 1.1071592 1.1160771 1.0314436 1.0930213 1.1272779 1.1755376 1.0866649 1.0412973 0.9471643 0.9831320 0.9697206 1.0186488 0.9755798 0.9005366 0.9724530 0.9519484 0.9368921 0.7238669 0.8803983 0.8240494 0.8530369 0.8148231 0.8234530 0.8085802 0.8192443 0.8044493 0.8389702 0.7788533 0.8650225 1.1292434 1.0566029 0.9813942 0.9717793 0.9678331 0.9489840 0.9720730 0.9351037 0.9656844 2.9181672 2.2938746 2.2264543 2.3373752 
C.SE.09.035ZA.MF373148                 1.1561157 0.6787566 0.6209026 0.5944834 0.0000000 0.5796044 0.4396980 0.4870418 0.5151541 0.4953635 0.4849715 0.4955620 0.4375343 0.4706863 0.4504606 0.4763038 0.4853274 0.4432632 1.3996173 1.2587477 1.2016733 1.2072631 1.2368844 1.2121682 1.2573654 1.1876142 1.1841671 1.1898111 1.2087380 1.1663865 1.1836597 1.2177522 1.1646340 1.1611809 1.1782841 1.1538913 1.2359699 1.1478446 1.2218810 1.1514824 1.2220563 1.2174660 1.1374649 1.1737990 1.1533701 1.1944950 1.1592288 1.1390900 1.1748054 1.1896335 1.1401173 1.1490236 1.1751088 1.1158459 1.0330116 1.0834577 1.0612396 1.0062006 1.0293805 1.0294256 0.9460635 1.0286250 1.0405491 1.0814187 1.0103798 1.0074070 0.8654500 0.9111578 0.8791751 0.9473476 0.8815011 0.8281492 0.8910520 0.8763272 0.8684716 0.6507434 0.7905266 0.7668907 0.7859487 0.7530660 0.7623298 0.7561775 0.7398828 0.7353254 0.7715152 0.7443824 0.7930609 1.0499965 0.9609983 0.8904239 0.9009666 0.8996591 0.8924093 0.8962405 0.8660837 0.8824390 2.8401855 2.2222665 2.2017488 2.2864824 
C.GB.14.13659_1_48.3.MF109437          1.1742164 0.7124479 0.5496958 0.5170443 0.5796044 0.0000000 0.5078876 0.4495823 0.4848272 0.4544295 0.4516912 0.4671035 0.4018895 0.4197446 0.4621657 0.4875500 0.4932526 0.4599150 1.4772966 1.2535354 1.2197003 1.2493568 1.2251037 1.2110771 1.2704554 1.2125126 1.1989888 1.2064050 1.2110674 1.1736984 1.1574697 1.2219949 1.1591162 1.1916160 1.1803198 1.1591099 1.2196394 1.1595233 1.2321392 1.1337929 1.2084111 1.2244710 1.1387266 1.1943631 1.1911346 1.1787193 1.1731472 1.1469346 1.2044262 1.1805666 1.1408198 1.1682911 1.1634076 1.1104660 1.0355714 1.1161768 1.0810356 1.0288915 1.0325388 1.0430498 0.9349720 1.0285528 1.0395156 1.1123687 1.0352513 0.9836629 0.9015162 0.9083370 0.8880842 0.9837122 0.9241884 0.8405815 0.8915393 0.8813878 0.8792109 0.6679656 0.8253967 0.7656161 0.8267192 0.7675317 0.8101223 0.7739016 0.7740954 0.7527785 0.8069916 0.7440996 0.8391517 1.0799379 0.9944971 0.9185554 0.9029082 0.9198589 0.9180809 0.9079483 0.8869907 0.8988641 2.8578080 2.2560881 2.2273541 2.2250229 
C.IL.99.99ET14.AY255825                1.0744356 0.6276186 0.5604742 0.5330305 0.4396980 0.5078876 0.0000000 0.4128322 0.4561751 0.4341042 0.4319202 0.4377059 0.3677841 0.3883456 0.3850320 0.4138142 0.4108982 0.3723769 1.3777630 1.1702454 1.1502359 1.1622057 1.1545019 1.1441814 1.2040106 1.1202807 1.1120772 1.1248294 1.1241518 1.0709567 1.0880517 1.1076004 1.0861087 1.1021048 1.1224869 1.1121260 1.1398451 1.0600754 1.1450873 1.0890259 1.1434373 1.1173593 1.0681402 1.1311067 1.0830524 1.1291334 1.0706069 1.0643880 1.1131274 1.0972992 1.0716970 1.1079826 1.0993694 1.0453940 0.9683933 1.0348970 1.0168322 0.9119163 0.9715427 0.9490369 0.8755428 0.9317723 0.9765949 1.0107531 0.9467985 0.8982707 0.8039594 0.8202590 0.8119097 0.8901061 0.8179204 0.7653989 0.8226311 0.7931453 0.7858280 0.5703620 0.7467017 0.6839680 0.7183123 0.6829102 0.6980151 0.6994501 0.6629705 0.6629883 0.7130244 0.6647053 0.7217056 0.9961109 0.9000878 0.8295129 0.8232067 0.8332912 0.8184495 0.8201297 0.7960098 0.8229429 2.7377603 2.1517572 2.1419574 2.1924546 
C.ZA.04.04ZASK135B1.DQ011166           1.0909663 0.6280071 0.4968484 0.4661446 0.4870418 0.4495823 0.4128322 0.0000000 0.3344522 0.3144544 0.3620600 0.3758902 0.3310894 0.3349119 0.3821659 0.4091089 0.4094000 0.3629150 1.3596967 1.1545843 1.1122520 1.1829669 1.1615025 1.1292929 1.1744908 1.1373072 1.1408656 1.1526308 1.1267018 1.0590553 1.1087886 1.1240556 1.0813970 1.1199431 1.0978929 1.0910285 1.1556978 1.0677776 1.1604928 1.0933475 1.1463834 1.1618425 1.0822130 1.1128955 1.0913196 1.1274039 1.0692788 1.0590560 1.1155963 1.0968395 1.0709778 1.0978411 1.0842028 1.0309370 0.9627665 1.0544897 1.0136303 0.9351003 0.9909137 0.9934131 0.8997142 0.9712305 0.9717704 1.0364448 0.9737842 0.9150948 0.8280797 0.8430214 0.8190569 0.8939185 0.8399737 0.7679176 0.8269304 0.8147149 0.7922968 0.6170497 0.7681034 0.7083039 0.7405374 0.6997527 0.7332029 0.7008286 0.7033252 0.6703082 0.7308545 0.6672896 0.7489126 1.0066591 0.9124624 0.8405328 0.8309989 0.8529638 0.8461996 0.8370010 0.8186086 0.8368354 2.8483447 2.1294003 2.0880394 2.1882179 
C.ZA.97.97ZA012.AF286227               1.1002960 0.6689514 0.5148197 0.5072713 0.5151541 0.4848272 0.4561751 0.3344522 0.0000000 0.2792792 0.3835272 0.4004668 0.3605506 0.3640875 0.4004774 0.4408896 0.4412573 0.4047980 1.4232123 1.2020221 1.1866848 1.1965502 1.1927605 1.1481366 1.2145755 1.1809405 1.1800326 1.1742294 1.1657694 1.1277331 1.1473014 1.1511195 1.1123923 1.1603623 1.1583493 1.1287158 1.1749785 1.1186363 1.2029303 1.1205249 1.1539437 1.1687323 1.0839826 1.1583053 1.1480574 1.1598473 1.1325541 1.0988458 1.1391551 1.1390033 1.1101314 1.1174334 1.1522603 1.0697653 0.9733513 1.0605428 1.0192868 0.9283241 1.0335026 1.0122745 0.9361073 0.9982706 1.0177015 1.0691641 0.9950252 0.9597244 0.8560066 0.8919445 0.8622612 0.9197916 0.8536078 0.8052515 0.8617200 0.8394141 0.8343274 0.6302708 0.7822497 0.7272153 0.7646760 0.7232134 0.7510532 0.7244699 0.7156750 0.6899787 0.7414114 0.6869156 0.7676152 1.0616583 0.9524015 0.8830509 0.8681134 0.8696626 0.8655442 0.8646988 0.8592287 0.8754650 2.8394827 2.2665159 2.1468789 2.2638934 
C.ZA.03.03ZAPS130MB1.DQ275658          1.1042855 0.6613927 0.5114112 0.4880883 0.4953635 0.4544295 0.4341042 0.3144544 0.2792792 0.0000000 0.3696891 0.3848492 0.3389179 0.3358156 0.3903824 0.4145217 0.4174140 0.3786790 1.4109888 1.2089926 1.1682020 1.1945668 1.1946458 1.1385549 1.1950314 1.1529581 1.1323556 1.1545888 1.1487275 1.0992195 1.1592608 1.1494523 1.1208654 1.1375637 1.1222592 1.1248052 1.1710438 1.1075008 1.1710582 1.1158745 1.1712894 1.1354036 1.1024589 1.1398179 1.1374472 1.1309716 1.1028057 1.0752476 1.1140605 1.1388708 1.1039827 1.1234218 1.1199815 1.0564747 0.9856865 1.0413823 1.0078145 0.9545018 0.9917538 0.9879146 0.9163994 0.9960295 0.9791371 1.0633017 0.9709963 0.9426923 0.8420668 0.8713191 0.8240167 0.9229763 0.8713714 0.7961008 0.8518926 0.8483313 0.8115793 0.6249038 0.7630834 0.7191369 0.7555128 0.7179894 0.7431988 0.7031100 0.6996026 0.6798372 0.7423033 0.6949025 0.7494371 1.0137612 0.9321942 0.8527363 0.8622158 0.8733224 0.8416812 0.8393089 0.8316676 0.8462985 2.8435206 2.1996255 2.1524165 2.2544264 
C.BW.98.98BWMC14A3.AF443078            1.1024638 0.6486287 0.5117381 0.4974584 0.4849715 0.4516912 0.4319202 0.3620600 0.3835272 0.3696891 0.0000000 0.3767565 0.3368467 0.3356134 0.3911492 0.4179830 0.4139241 0.3786185 1.4051957 1.1990104 1.1755672 1.2187460 1.1758118 1.1864881 1.2349274 1.1718949 1.1519364 1.1741746 1.1927192 1.1367692 1.1584690 1.1877833 1.1376948 1.1716787 1.1397666 1.1294854 1.2014131 1.1224725 1.1953783 1.1437592 1.1921794 1.1538103 1.1046535 1.1832849 1.1641448 1.1863145 1.1289493 1.1362185 1.1747337 1.1498538 1.1320197 1.1385748 1.1566982 1.1052996 0.9978459 1.0537445 1.0262323 0.9909108 0.9982608 1.0279374 0.9183398 1.0080892 0.9855737 1.0296050 0.9831978 0.9475764 0.8489479 0.8744621 0.8595443 0.9155911 0.8582156 0.8087064 0.8583606 0.8268467 0.8152483 0.6234027 0.7753839 0.7331186 0.7632128 0.7342476 0.7390402 0.7160781 0.7036417 0.6935983 0.7227557 0.6848436 0.7716742 1.0154160 0.9556099 0.8957361 0.8741472 0.9117003 0.8727650 0.8639632 0.8462413 0.8583158 2.6998217 2.1218194 2.1323383 2.2068351 
C.ZA.02.02ZAPS015MB1.DQ369995          1.1134184 0.6668134 0.5143537 0.4856123 0.4955620 0.4671035 0.4377059 0.3758902 0.4004668 0.3848492 0.3767565 0.0000000 0.3517340 0.3010910 0.4022512 0.4374605 0.4184320 0.3872503 1.4154650 1.1884204 1.1637623 1.1937639 1.1665718 1.1256391 1.2128182 1.1275772 1.1229754 1.1441709 1.1653098 1.0816923 1.1370321 1.1494278 1.0927669 1.1118509 1.1187304 1.1307957 1.1760335 1.0969080 1.1635029 1.1085316 1.1493801 1.1442358 1.0862331 1.1452431 1.1008499 1.1325542 1.1110880 1.0855157 1.1221336 1.1335467 1.0815391 1.1106391 1.1250372 1.0661317 0.9779829 1.0538715 1.0291841 0.9503948 1.0074371 1.0245912 0.9245183 0.9917276 1.0129009 1.0438431 0.9799339 0.9633398 0.8541698 0.8702473 0.8325355 0.9435359 0.8623461 0.8127889 0.8747830 0.8425894 0.8464616 0.6217381 0.7949255 0.7334335 0.7723098 0.7114353 0.7499495 0.7109348 0.7147903 0.7013632 0.7487762 0.6856483 0.7610129 1.0081732 0.9301615 0.8667256 0.8480557 0.8650775 0.8552426 0.8618814 0.8220141 0.8330316 2.8506843 2.1360348 2.2075395 2.2656299 
C.BW.00.00BW076820.AF443089            1.0382949 0.5777673 0.4699037 0.4459398 0.4375343 0.4018895 0.3677841 0.3310894 0.3605506 0.3389179 0.3368467 0.3517340 0.0000000 0.2960776 0.3382082 0.3572504 0.3617888 0.3219102 1.3382335 1.1239120 1.0950238 1.1253436 1.0843411 1.0929671 1.1435641 1.0782430 1.0848373 1.0773856 1.1166223 1.0437850 1.0614767 1.0720254 1.0482312 1.0752627 1.0577701 1.0449453 1.1254788 1.0408498 1.1143778 1.0417719 1.0984119 1.0676362 1.0327709 1.0694702 1.0495430 1.0591407 1.0263059 1.0239123 1.0693113 1.0564667 1.0129681 1.0560960 1.0613473 0.9932942 0.9264366 0.9892554 0.9869872 0.8777701 0.9576184 0.9455043 0.8558896 0.9204891 0.9247322 1.0088239 0.9264863 0.8908731 0.7840111 0.8149239 0.7786394 0.8653837 0.8163412 0.7391752 0.7960051 0.7664196 0.7551302 0.5613837 0.7227403 0.6693474 0.7054091 0.6595233 0.6753411 0.6611133 0.6547672 0.6403275 0.6824019 0.6373073 0.7009355 0.9718405 0.8847141 0.8215555 0.7990890 0.8348821 0.8160402 0.8114062 0.7633095 0.8070645 2.7299668 2.0894398 2.1041285 2.1311012 
C.ZA.99.99ZALT4.EU293444               1.0583950 0.6234914 0.4645075 0.4465892 0.4706863 0.4197446 0.3883456 0.3349119 0.3640875 0.3358156 0.3356134 0.3010910 0.2960776 0.0000000 0.3434494 0.3848415 0.3847114 0.3388543 1.3725228 1.1538716 1.1065065 1.1375056 1.1177647 1.0922284 1.1807688 1.1235573 1.0955494 1.1041431 1.1084090 1.0475430 1.1064499 1.0954461 1.0586759 1.0528967 1.0623648 1.0549578 1.1305698 1.0579631 1.1240463 1.0554442 1.1342898 1.1280296 1.0415010 1.1106990 1.0605187 1.1022045 1.0755413 1.0387291 1.1166214 1.1012726 1.0385413 1.0636201 1.0731690 1.0176234 0.9603448 1.0143216 0.9780870 0.8906934 0.9560027 0.9416452 0.8670144 0.9495028 0.9595850 1.0073348 0.9374031 0.9143922 0.7995250 0.8343680 0.7965472 0.9047788 0.8424046 0.7683740 0.8299076 0.8086466 0.7886160 0.5865465 0.7381351 0.6910906 0.7107631 0.6681630 0.6957975 0.6741283 0.6825450 0.6453698 0.7051998 0.6410314 0.7188577 0.9682473 0.9023222 0.8416369 0.8397556 0.8406611 0.8229532 0.8332754 0.7844557 0.8192953 2.7251452 2.1029257 2.1082527 2.1986599 
C.ZA.03.03ZAPS067MB2.DQ396389          1.0641948 0.6090955 0.5175533 0.4935782 0.4504606 0.4621657 0.3850320 0.3821659 0.4004774 0.3903824 0.3911492 0.4022512 0.3382082 0.3434494 0.0000000 0.3367149 0.3367385 0.3063437 1.3407190 1.1337626 1.1187404 1.1088919 1.1090121 1.0812482 1.1646007 1.0844688 1.0735535 1.0813504 1.1134172 1.0692728 1.0776281 1.0950381 1.0620825 1.0829209 1.0700108 1.0554114 1.0873074 1.0487946 1.1260715 1.0560372 1.1158033 1.1175663 1.0416474 1.1030607 1.0584459 1.0859328 1.0447535 1.0487144 1.0752547 1.0670821 1.0446868 1.0734267 1.0609411 1.0169999 0.9462693 0.9922963 0.9920395 0.9028881 0.9626491 0.9388023 0.8650086 0.9418775 0.9607331 1.0109177 0.9382332 0.8954270 0.7848731 0.8177166 0.8034126 0.8727424 0.8353955 0.7656428 0.8059382 0.7788046 0.7802028 0.5908518 0.7312979 0.6951395 0.7249856 0.6752638 0.6823493 0.6711210 0.6618398 0.6565896 0.7044694 0.6611313 0.7223438 0.9897070 0.8877289 0.8432341 0.8308332 0.8492516 0.8376062 0.8289919 0.8014198 0.8399983 2.7667050 2.0934634 2.1035244 2.1675971 
C.ZA.04.04ZASK170B1.DQ093595           1.0677101 0.6247498 0.5458554 0.5238672 0.4763038 0.4875500 0.4138142 0.4091089 0.4408896 0.4145217 0.4179830 0.4374605 0.3572504 0.3848415 0.3367149 0.0000000 0.3400870 0.2945920 1.3530523 1.1631312 1.1309873 1.1494712 1.1360802 1.1235686 1.2102535 1.0988862 1.1015768 1.1124474 1.1433514 1.0630430 1.0924390 1.1100285 1.0805343 1.1031969 1.0836304 1.0940550 1.1313179 1.0714483 1.1280603 1.0871539 1.1380509 1.1276624 1.0529389 1.1264616 1.0778540 1.1164526 1.0956523 1.0631821 1.1135545 1.1036429 1.0354264 1.0722876 1.0796724 1.0398388 0.9563190 1.0145224 0.9725407 0.9131943 0.9658889 0.9646758 0.8804681 0.9434686 0.9776088 1.0034764 0.9629101 0.9051613 0.8218090 0.8282860 0.8062908 0.9062859 0.8319252 0.7778680 0.8298400 0.8041376 0.8034388 0.6088272 0.7382316 0.6879460 0.7255773 0.6858356 0.7287874 0.6766895 0.6895764 0.6623938 0.7195254 0.6737818 0.7419789 1.0000900 0.9078847 0.8396234 0.8205975 0.8456639 0.8366861 0.8309389 0.8022066 0.8384692 2.7533981 2.1357067 2.1192477 2.2008867 
C.TZ.02.CO6721.AY734560                1.0618024 0.6356664 0.5602939 0.5152068 0.4853274 0.4932526 0.4108982 0.4094000 0.4412573 0.4174140 0.4139241 0.4184320 0.3617888 0.3847114 0.3367385 0.3400870 0.0000000 0.2449820 1.3932279 1.1497748 1.1470823 1.1523218 1.1312669 1.1328240 1.1701775 1.0925795 1.0857278 1.1045807 1.1349805 1.0539481 1.0909093 1.1139615 1.0941601 1.1014791 1.1032701 1.1058843 1.1239497 1.0613226 1.1467444 1.0774344 1.1319887 1.1216440 1.0526085 1.1121892 1.0702812 1.0901324 1.0574070 1.0680325 1.1034439 1.0812640 1.0529002 1.0677101 1.0723280 1.0377454 0.9358099 1.0217826 0.9913779 0.9089723 0.9808236 0.9633070 0.8846881 0.9199957 0.9588602 1.0131049 0.9512490 0.9211212 0.8156562 0.8295143 0.8027808 0.9007232 0.8296540 0.7886501 0.8261977 0.8108164 0.7940322 0.6063697 0.7385190 0.6955141 0.7415009 0.6955667 0.7211920 0.6954586 0.7054479 0.6751148 0.7382446 0.6799178 0.7444672 0.9925013 0.9328714 0.8488784 0.8334443 0.8407165 0.8333389 0.8493746 0.8153902 0.8374113 2.8500846 2.1430640 2.1453573 2.1798026 
C.TZ.01.BD39_8.AY253313                1.0315035 0.5817519 0.5105363 0.4733019 0.4432632 0.4599150 0.3723769 0.3629150 0.4047980 0.3786790 0.3786185 0.3872503 0.3219102 0.3388543 0.3063437 0.2945920 0.2449820 0.0000000 1.3479180 1.1037955 1.0825802 1.1207843 1.1000457 1.0575570 1.1317911 1.0666491 1.0618875 1.0695835 1.1023718 1.0172751 1.0635884 1.0796311 1.0317186 1.0594169 1.0566883 1.0599747 1.0964131 1.0420250 1.1021094 1.0361664 1.0949332 1.0627563 1.0144314 1.0749224 1.0470510 1.0601890 1.0302359 1.0271494 1.0986093 1.0794102 1.0167854 1.0299529 1.0248026 0.9977785 0.9178429 0.9814057 0.9533755 0.8700846 0.9315262 0.9330623 0.8712149 0.9257364 0.9305599 0.9764105 0.9065087 0.8843476 0.7935845 0.7943172 0.8001617 0.8592386 0.8075174 0.7502630 0.7897720 0.7742714 0.7747091 0.5454500 0.7164839 0.6611073 0.7074159 0.6473494 0.6920371 0.6641733 0.6474064 0.6464508 0.6885177 0.6335451 0.6947991 0.9566119 0.8877469 0.7987813 0.7931291 0.8183049 0.7884966 0.8015027 0.7651294 0.7973935 2.7644027 2.1195261 2.0681120 2.1900674 
BF1.BR.10.10BR_RJ029.KT427782          1.1513033 1.4038722 1.5250857 1.5166391 1.3996173 1.4772966 1.3777630 1.3596967 1.4232123 1.4109888 1.4051957 1.4154650 1.3382335 1.3725228 1.3407190 1.3530523 1.3932279 1.3479180 0.0000000 0.7265692 0.6488319 0.6378409 0.7029040 0.6357434 0.7485036 0.7031195 0.7070202 0.7038448 0.5938616 0.6690868 0.6680385 0.6745481 0.5745049 0.6572746 0.6587599 0.6545512 0.7201557 0.6128699 0.7181844 0.6077062 0.7163530 0.7225966 0.6301161 0.7000414 0.6572548 0.6881093 0.6931410 0.6628091 0.6655410 0.6725230 0.6492244 0.6666097 0.6566798 0.6185279 0.8384192 0.8806356 0.8308375 1.0418631 1.1999071 1.2408503 1.1614515 1.1794463 1.2127148 1.3502971 1.3140858 1.1612928 1.0643118 1.0805785 1.0437462 1.1500681 1.0883767 1.0106720 1.0483733 1.0096850 1.0389049 1.1959570 1.0224013 1.1338123 1.1020113 1.0886305 1.1427104 1.1281510 1.1171984 1.1035753 1.1214283 1.0839059 1.0853483 1.3807030 1.2942896 1.2371055 1.1953066 1.2696134 1.2307175 1.2226820 1.1799859 1.2066702 3.1424500 2.4025397 2.4420687 2.4604388 
51_01B.MY.11.11MYKL055.KJ485697        0.9068628 1.1800929 1.3180619 1.2512039 1.2587477 1.2535354 1.1702454 1.1545843 1.2020221 1.2089926 1.1990104 1.1884204 1.1239120 1.1538716 1.1337626 1.1631312 1.1497748 1.1037955 0.7265692 0.0000000 0.4834382 0.5036446 0.4771611 0.4715548 0.4743511 0.4854706 0.4740101 0.4686774 0.4862440 0.4676460 0.4613723 0.4573428 0.4520853 0.4471759 0.4421889 0.4460151 0.4775688 0.4227939 0.4551588 0.4284287 0.4608514 0.4573392 0.4158244 0.4466763 0.4228076 0.4347922 0.4332382 0.4007506 0.4222931 0.4232820 0.4037010 0.4148552 0.4154626 0.3668308 0.6084893 0.6425798 0.6092314 0.8289138 1.0433015 0.9938378 0.9482946 0.9921797 1.0085244 1.2099231 1.1362779 0.9596421 0.8569654 0.8743394 0.8359152 0.9511584 0.8668210 0.8097027 0.8614138 0.8499322 0.8564692 0.9494752 0.8085209 0.9262417 0.8875631 0.8427878 0.9390837 0.9156543 0.9328891 0.8888671 0.9289375 0.8803114 0.8928547 1.1690286 1.1027680 1.0329223 0.9952615 1.0265386 1.0407399 1.0191240 0.9770319 1.0069164 2.7943742 2.1773754 2.2248155 2.2467898 
B.GB.14.14667_1_16.3.MF109578          0.9117636 1.1662962 1.2820598 1.2489246 1.2016733 1.2197003 1.1502359 1.1122520 1.1866848 1.1682020 1.1755672 1.1637623 1.0950238 1.1065065 1.1187404 1.1309873 1.1470823 1.0825802 0.6488319 0.4834382 0.0000000 0.4232495 0.4689683 0.3898405 0.4944602 0.4669233 0.4527576 0.4448088 0.3965033 0.4248915 0.4340407 0.4325427 0.3652115 0.4311280 0.4184580 0.4196165 0.4789296 0.3753762 0.4622872 0.3689323 0.4657973 0.4486890 0.3704084 0.4406129 0.4300076 0.4391150 0.4347070 0.4157056 0.4200056 0.4179464 0.4039527 0.4230778 0.4137796 0.3693870 0.5925306 0.6124671 0.5755604 0.7983004 1.0204815 0.9869932 0.9242526 0.9549457 0.9933255 1.1974843 1.1123259 0.9023762 0.8506824 0.8535686 0.8084271 0.9104972 0.8594295 0.7937354 0.8380558 0.8122972 0.8333650 0.9154248 0.7838292 0.9094269 0.8739248 0.8430137 0.9502078 0.9146534 0.9019166 0.8541654 0.8948921 0.8560349 0.8798800 1.1572844 1.0660548 1.0090246 0.9860233 1.0040822 0.9895339 0.9984672 0.9555226 0.9850229 2.7918213 2.1839366 2.1791649 2.2520675 
BF1.BR.10.10BR_MG052.KT427668          0.9167663 1.1764785 1.3033238 1.2607188 1.2072631 1.2493568 1.1622057 1.1829669 1.1965502 1.1945668 1.2187460 1.1937639 1.1253436 1.1375056 1.1088919 1.1494712 1.1523218 1.1207843 0.6378409 0.5036446 0.4232495 0.0000000 0.4851939 0.4100751 0.5127349 0.4809804 0.4709398 0.4684489 0.3763651 0.4598379 0.4510681 0.4567289 0.3598864 0.4588080 0.4487583 0.4430349 0.5017790 0.3864650 0.4785982 0.3846714 0.4726171 0.4700373 0.3841749 0.4611486 0.4457808 0.4668350 0.4572170 0.4227189 0.4399930 0.4340404 0.4318761 0.4290462 0.4349509 0.3872699 0.5976637 0.6428410 0.5900413 0.8009869 1.0483023 1.0285542 0.9555476 0.9658973 0.9909320 1.1666196 1.0945598 0.9280972 0.8484849 0.8657349 0.8352652 0.9423808 0.8594369 0.8271396 0.8632733 0.8294863 0.8537303 0.9324027 0.8050555 0.9177401 0.8943760 0.8500416 0.9222968 0.9214792 0.9014553 0.8764409 0.9194859 0.8798823 0.8814264 1.1585528 1.0834466 1.0089463 1.0216253 1.0201069 1.0154852 0.9916500 0.9667768 1.0046431 2.6971990 2.1775224 2.1839812 2.2072249 
B.JP.11.NMC851C_clone_13.AB731669      0.9019109 1.1508636 1.2646455 1.2604685 1.2368844 1.2251037 1.1545019 1.1615025 1.1927605 1.1946458 1.1758118 1.1665718 1.0843411 1.1177647 1.1090121 1.1360802 1.1312669 1.1000457 0.7029040 0.4771611 0.4689683 0.4851939 0.0000000 0.4621869 0.4926748 0.4479681 0.4346290 0.4385229 0.4713113 0.4322509 0.4225705 0.4386596 0.4249146 0.4199932 0.4186779 0.4241442 0.4622249 0.4086069 0.4568979 0.3997991 0.4455568 0.4349769 0.3920868 0.4297977 0.4077509 0.4187870 0.4141734 0.3969918 0.4140241 0.4110558 0.3891999 0.4078642 0.3907376 0.3536120 0.5962573 0.6211951 0.5823462 0.7945551 0.9947776 0.9950090 0.9118051 0.9321695 0.9688767 1.1476593 1.0979517 0.8986440 0.8188089 0.8396566 0.7905138 0.9251897 0.8427341 0.7852450 0.8397699 0.8237574 0.8191889 0.9176414 0.7940977 0.8844151 0.8694506 0.8561617 0.8878951 0.9091059 0.8851536 0.8479687 0.8911750 0.8590885 0.8686217 1.1496990 1.0627191 1.0116361 0.9644371 0.9939949 0.9798827 0.9773200 0.9184577 0.9822843 2.9019468 2.2328526 2.2280865 2.2466115 
B.BR.10.10BR_PE013.KT427743            0.8872213 1.1377715 1.2272904 1.2179324 1.2121682 1.2110771 1.1441814 1.1292929 1.1481366 1.1385549 1.1864881 1.1256391 1.0929671 1.0922284 1.0812482 1.1235686 1.1328240 1.0575570 0.6357434 0.4715548 0.3898405 0.4100751 0.4621869 0.0000000 0.4890238 0.4526202 0.4360870 0.4327882 0.3928151 0.4160815 0.4209572 0.4303208 0.3516733 0.4263393 0.4133204 0.4035203 0.4554980 0.3574026 0.4493215 0.3563947 0.4509861 0.4372611 0.3676920 0.4264066 0.4185098 0.4366737 0.4282096 0.4010304 0.4135837 0.4143756 0.3849983 0.4147175 0.3947149 0.3563435 0.5773857 0.5976262 0.5597645 0.7808678 1.0025976 0.9886191 0.9106452 0.9350867 0.9592989 1.1355631 1.0715177 0.9020295 0.8369994 0.8254046 0.7923161 0.9234445 0.8465473 0.7920038 0.8352420 0.8014100 0.8327299 0.9165002 0.7847827 0.8880260 0.8411832 0.8089517 0.8940362 0.8642332 0.8664820 0.8478537 0.8652598 0.8322396 0.8518746 1.1567151 1.0558048 0.9950153 0.9658991 0.9881812 0.9719865 1.0004954 0.9454314 0.9855916 2.7494628 2.1610036 2.1222479 2.2118829 
B.US.15.2521.KX505446                  0.9521382 1.2428416 1.2998046 1.3032719 1.2573654 1.2704554 1.2040106 1.1744908 1.2145755 1.1950314 1.2349274 1.2128182 1.1435641 1.1807688 1.1646007 1.2102535 1.1701775 1.1317911 0.7485036 0.4743511 0.4944602 0.5127349 0.4926748 0.4890238 0.0000000 0.4842438 0.4785912 0.4729256 0.5068821 0.4640609 0.4597430 0.4699187 0.4547733 0.4661972 0.4610505 0.4618511 0.4392624 0.4456278 0.4362197 0.4335031 0.4204571 0.4192973 0.4299084 0.4154727 0.3963885 0.4122711 0.4013728 0.3818267 0.4080449 0.3946626 0.3854436 0.4012961 0.3778089 0.3449171 0.6390753 0.6456714 0.6316058 0.8298573 1.0512339 1.0244086 0.9637518 0.9882962 1.0286234 1.2130618 1.1236780 0.9548284 0.8663886 0.8859579 0.8293770 0.9697587 0.9011214 0.8394248 0.8778809 0.8502096 0.8617029 0.9851292 0.8178116 0.9249988 0.9025477 0.8709557 0.9739429 0.9549533 0.9498012 0.8910693 0.9301173 0.9104381 0.9106249 1.1774622 1.1050196 1.0111434 0.9910523 1.0248114 1.0014431 1.0163095 0.9767437 1.0191592 2.8002840 2.1808293 2.1944008 2.2216953 
B.CN.07.CBJC261.JF932474               0.8878923 1.1472875 1.2426735 1.2221121 1.1876142 1.2125126 1.1202807 1.1373072 1.1809405 1.1529581 1.1718949 1.1275772 1.0782430 1.1235573 1.0844688 1.0988862 1.0925795 1.0666491 0.7031195 0.4854706 0.4669233 0.4809804 0.4479681 0.4526202 0.4842438 0.0000000 0.1670416 0.1749299 0.4619689 0.4285830 0.3734399 0.4073889 0.4212394 0.4045183 0.3883220 0.4071156 0.4598953 0.3946370 0.4584417 0.3891537 0.4460964 0.4410589 0.3857664 0.4253521 0.4128773 0.4229092 0.4284037 0.4028735 0.4040234 0.4145945 0.3914688 0.4075479 0.3929519 0.3570680 0.5838663 0.6203640 0.5738900 0.7674883 0.9756147 0.9868608 0.9144583 0.9361318 0.9652522 1.1834536 1.0987383 0.8882234 0.8315549 0.8186767 0.7887396 0.9167029 0.8263378 0.7838811 0.8422987 0.8084959 0.8051173 0.9059772 0.7647352 0.8930687 0.8531560 0.8207270 0.8938341 0.8837011 0.8749612 0.8466320 0.8761548 0.8528266 0.8534367 1.1403775 1.0695451 0.9983567 0.9802381 0.9912016 1.0048361 0.9990395 0.9669654 0.9869591 2.8349837 2.1537305 2.1859412 2.2453514 
B.CN.01.CNHN24.AY180905                0.8764086 1.1377710 1.2473170 1.2075821 1.1841671 1.1989888 1.1120772 1.1408656 1.1800326 1.1323556 1.1519364 1.1229754 1.0848373 1.0955494 1.0735535 1.1015768 1.0857278 1.0618875 0.7070202 0.4740101 0.4527576 0.4709398 0.4346290 0.4360870 0.4785912 0.1670416 0.0000000 0.1640413 0.4449135 0.4044282 0.3591042 0.4027824 0.4101286 0.3875801 0.3753190 0.4015840 0.4417180 0.3784740 0.4401477 0.3781390 0.4342407 0.4228033 0.3760192 0.4092441 0.3944028 0.4109266 0.4060928 0.3951806 0.3964982 0.3917862 0.3805208 0.3997083 0.3807677 0.3423142 0.5723743 0.6009171 0.5712961 0.7607660 0.9813484 0.9713816 0.8982204 0.9411119 0.9802471 1.1325866 1.0648749 0.8659759 0.8203504 0.7953418 0.7794740 0.9146239 0.8147219 0.7953149 0.8274624 0.7835452 0.8002884 0.8870971 0.7421254 0.8785433 0.8276317 0.8137400 0.8806241 0.8511054 0.8437853 0.8240334 0.8658645 0.8336997 0.8413788 1.1254679 1.0566184 0.9669040 0.9671841 0.9750510 0.9760976 0.9760500 0.9210307 0.9627601 2.7774720 2.1292412 2.1265085 2.2322441 
B.CN.08.cbjc468.JF932498               0.9026482 1.1337901 1.2598703 1.2199430 1.1898111 1.2064050 1.1248294 1.1526308 1.1742294 1.1545888 1.1741746 1.1441709 1.0773856 1.1041431 1.0813504 1.1124474 1.1045807 1.0695835 0.7038448 0.4686774 0.4448088 0.4684489 0.4385229 0.4327882 0.4729256 0.1749299 0.1640413 0.0000000 0.4395517 0.4057550 0.3458721 0.4011038 0.4051043 0.3882429 0.3705744 0.4022254 0.4445525 0.3777789 0.4413133 0.3787677 0.4282142 0.4303745 0.3694579 0.4087418 0.3947456 0.4125486 0.4096427 0.3833427 0.3949537 0.3880959 0.3822565 0.3972181 0.3786501 0.3408390 0.5737216 0.5977067 0.5593206 0.7635621 0.9758767 0.9616224 0.8917260 0.9339615 0.9711422 1.1560589 1.0941887 0.8774269 0.8275647 0.8143487 0.7799774 0.8980925 0.8120443 0.7709496 0.8145737 0.7889908 0.7866101 0.9040982 0.7673888 0.8989840 0.8496216 0.8179513 0.9039421 0.8871197 0.8709751 0.8340608 0.8661463 0.8507383 0.8532617 1.1382712 1.0845118 0.9968695 0.9954003 0.9983337 1.0007366 1.0014675 0.9725987 0.9880856 2.7686685 2.1041660 2.1412087 2.2066856 
BF1.BR.00.BREPM13853.DQ085875          0.8871238 1.1525537 1.2794070 1.2593008 1.2087380 1.2110674 1.1241518 1.1267018 1.1657694 1.1487275 1.1927192 1.1653098 1.1166223 1.1084090 1.1134172 1.1433514 1.1349805 1.1023718 0.5938616 0.4862440 0.3965033 0.3763651 0.4713113 0.3928151 0.5068821 0.4619689 0.4449135 0.4395517 0.0000000 0.4190542 0.4263181 0.4429502 0.3370913 0.4380229 0.4251116 0.4061406 0.4791543 0.3731372 0.4570739 0.3604969 0.4632319 0.4499248 0.3701147 0.4470601 0.4276885 0.4579505 0.4309413 0.4227433 0.4276031 0.4254952 0.4002001 0.4286142 0.4110885 0.3756050 0.5937954 0.6229626 0.5744965 0.7759347 1.0068636 0.9946594 0.9152749 0.9409454 1.0102734 1.1334010 1.0691634 0.8953819 0.8330972 0.8373268 0.8080586 0.9228353 0.8418681 0.7819756 0.8264021 0.8166398 0.8232389 0.9215574 0.7931633 0.9047025 0.8513084 0.8383451 0.9101398 0.8822963 0.8993918 0.8439321 0.8922372 0.8733333 0.8693652 1.1511913 1.0408234 0.9751459 0.9494990 0.9941645 0.9637211 0.9923198 0.9335476 0.9721655 2.7811818 2.1694089 2.2080841 2.2520194 
B.US.15.3693.KX505555                  0.8009219 1.0995901 1.1699510 1.1680834 1.1663865 1.1736984 1.0709567 1.0590553 1.1277331 1.0992195 1.1367692 1.0816923 1.0437850 1.0475430 1.0692728 1.0630430 1.0539481 1.0172751 0.6690868 0.4676460 0.4248915 0.4598379 0.4322509 0.4160815 0.4640609 0.4285830 0.4044282 0.4057550 0.4190542 0.0000000 0.4027169 0.4122643 0.3921788 0.4105357 0.3937387 0.3860052 0.4417644 0.3584392 0.4314509 0.3669124 0.4349815 0.4188247 0.3411308 0.3982816 0.3921525 0.3998364 0.4055246 0.3725925 0.3924746 0.3849109 0.3752450 0.3872072 0.3732827 0.3368890 0.5014714 0.5423433 0.5034898 0.7037984 0.9192851 0.9104109 0.8300049 0.8712443 0.9178523 1.0986327 1.0408145 0.8420104 0.7617565 0.7713710 0.7417705 0.8399235 0.7759547 0.7465423 0.7675016 0.7545206 0.7427882 0.8714073 0.7227403 0.8277187 0.7850132 0.7531715 0.8452838 0.8289502 0.8067771 0.7741722 0.8280732 0.7823682 0.8060599 1.0590138 1.0055827 0.9238070 0.9044624 0.9161954 0.9287878 0.9255859 0.8885707 0.9199058 2.7444979 2.1012191 2.1228250 2.1544786 
B.DE.10.iso4_w10.KU612900              0.8733650 1.1369649 1.2216790 1.2246169 1.1836597 1.1574697 1.0880517 1.1087886 1.1473014 1.1592608 1.1584690 1.1370321 1.0614767 1.1064499 1.0776281 1.0924390 1.0909093 1.0635884 0.6680385 0.4613723 0.4340407 0.4510681 0.4225705 0.4209572 0.4597430 0.3734399 0.3591042 0.3458721 0.4263181 0.4027169 0.0000000 0.3697849 0.3980431 0.3691440 0.3484624 0.3825137 0.4401802 0.3762196 0.4223891 0.3616710 0.4202593 0.4207213 0.3535328 0.3972840 0.3783608 0.3996906 0.3869230 0.3783327 0.3825754 0.3750849 0.3635159 0.3803440 0.3657227 0.3323367 0.5581152 0.5889788 0.5504049 0.7516435 0.9333942 0.9487449 0.8741665 0.9092417 0.9409450 1.1003808 1.0544051 0.8553551 0.8081941 0.8059108 0.7707095 0.8704790 0.8217867 0.7614793 0.8012701 0.7701098 0.7929010 0.8860655 0.7438075 0.8625153 0.8049307 0.7826370 0.8708103 0.8473417 0.8645481 0.8056587 0.8479612 0.8263375 0.8489581 1.0865802 1.0286304 0.9432906 0.9342786 0.9483003 0.9586600 0.9522576 0.9034237 0.9505125 2.8258934 2.1760976 2.1617419 2.2198235 
B.CY.08.CY224.JF683773                 0.9043464 1.1595696 1.2500459 1.2326571 1.2177522 1.2219949 1.1076004 1.1240556 1.1511195 1.1494523 1.1877833 1.1494278 1.0720254 1.0954461 1.0950381 1.1100285 1.1139615 1.0796311 0.6745481 0.4573428 0.4325427 0.4567289 0.4386596 0.4303208 0.4699187 0.4073889 0.4027824 0.4011038 0.4429502 0.4122643 0.3697849 0.0000000 0.4055619 0.3783755 0.3784700 0.4036165 0.4465635 0.3818106 0.4402738 0.3889907 0.4347315 0.4251939 0.3708795 0.4017988 0.3887251 0.4031719 0.4033639 0.3775524 0.3922792 0.3959409 0.3749172 0.3990763 0.3820411 0.3309993 0.5716183 0.5978069 0.5622919 0.7687190 0.9809957 0.9704812 0.9194927 0.9429985 0.9858894 1.1537495 1.1063131 0.9076240 0.8296832 0.8383953 0.8324207 0.9357805 0.8386379 0.7921664 0.8492343 0.8188945 0.8265967 0.9258600 0.7823568 0.9042987 0.8500139 0.8387489 0.9043400 0.8727540 0.8796710 0.8502809 0.8970466 0.8615794 0.8504706 1.1766306 1.0778226 1.0033497 0.9811933 1.0009389 0.9966786 1.0074346 0.9363449 0.9773877 2.7702016 2.1026492 2.0964373 2.1941807 
B.BR.02.02BR2041.JN692443              0.8520669 1.1198656 1.2320845 1.2140191 1.1646340 1.1591162 1.0861087 1.0813970 1.1123923 1.1208654 1.1376948 1.0927669 1.0482312 1.0586759 1.0620825 1.0805343 1.0941601 1.0317186 0.5745049 0.4520853 0.3652115 0.3598864 0.4249146 0.3516733 0.4547733 0.4212394 0.4101286 0.4051043 0.3370913 0.3921788 0.3980431 0.4055619 0.0000000 0.3898241 0.3968647 0.3822930 0.4279543 0.3369554 0.4281875 0.3283775 0.4198905 0.4056690 0.3307395 0.4085968 0.3830798 0.4035073 0.3928951 0.3795205 0.3846953 0.3798377 0.3667173 0.3871189 0.3729934 0.3294090 0.5543682 0.5758975 0.5311489 0.7314066 0.9531926 0.9393795 0.8807771 0.8963470 0.9472586 1.1229123 1.0488342 0.8744290 0.7942767 0.7952396 0.7647767 0.8423582 0.8098716 0.7505791 0.7967540 0.7664953 0.7815530 0.8649364 0.7486340 0.8610604 0.8163178 0.7812401 0.8663483 0.8336246 0.8348182 0.7992827 0.8513676 0.8063834 0.8121613 1.0972833 1.0452746 0.9465027 0.9263115 0.9601305 0.9342727 0.9273046 0.8975120 0.9333995 2.7586118 2.1192389 2.1941421 2.2022304 
B.TH.06.AA010a_WG3.JX446800            0.8836841 1.1037714 1.2176881 1.1962229 1.1611809 1.1916160 1.1021048 1.1199431 1.1603623 1.1375637 1.1716787 1.1118509 1.0752627 1.0528967 1.0829209 1.1031969 1.1014791 1.0594169 0.6572746 0.4471759 0.4311280 0.4588080 0.4199932 0.4263393 0.4661972 0.4045183 0.3875801 0.3882429 0.4380229 0.4105357 0.3691440 0.3783755 0.3898241 0.0000000 0.3791974 0.3930740 0.4553735 0.3808676 0.4281202 0.3648639 0.4304376 0.4141521 0.3627752 0.4011879 0.3921140 0.4063587 0.3897060 0.3816869 0.3887021 0.3880645 0.3724750 0.3888409 0.3732744 0.3249053 0.5535280 0.6045885 0.5601315 0.7797907 0.9496303 0.9641458 0.8854507 0.9151700 0.9451308 1.1115709 1.0734728 0.8903002 0.7946332 0.8088619 0.7816265 0.8703052 0.8013417 0.7612499 0.7868376 0.7768833 0.7745250 0.8947973 0.7410589 0.8874187 0.8248105 0.7943794 0.9026303 0.8712654 0.8445209 0.8249650 0.8374582 0.8157359 0.8306193 1.1247411 1.0330047 0.9876535 0.9516555 0.9794255 0.9691431 0.9716068 0.9267134 0.9596455 2.8055000 2.1630061 2.2157551 2.2748125 
B.JP.04.DR6174.AB480692                0.8550544 1.1103130 1.2399760 1.1993217 1.1782841 1.1803198 1.1224869 1.0978929 1.1583493 1.1222592 1.1397666 1.1187304 1.0577701 1.0623648 1.0700108 1.0836304 1.1032701 1.0566883 0.6587599 0.4421889 0.4184580 0.4487583 0.4186779 0.4133204 0.4610505 0.3883220 0.3753190 0.3705744 0.4251116 0.3937387 0.3484624 0.3784700 0.3968647 0.3791974 0.0000000 0.3814378 0.4385513 0.3754185 0.4241508 0.3669021 0.4233436 0.4060059 0.3563214 0.4024453 0.3862487 0.3966543 0.3960757 0.3740964 0.3795597 0.3896969 0.3725195 0.3898181 0.3716119 0.3248359 0.5623598 0.5994574 0.5448593 0.7433426 0.9617580 0.9441168 0.8735114 0.9112687 0.9266333 1.1202813 1.0697084 0.8773124 0.7845603 0.8086244 0.7697969 0.8687457 0.8137607 0.7602773 0.8087177 0.7740033 0.7861833 0.8934682 0.7487595 0.8486617 0.8415529 0.7816893 0.8641306 0.8408015 0.8411379 0.8203343 0.8503731 0.8149655 0.8280740 1.1222582 1.0405086 0.9706487 0.9612516 0.9919734 0.9699238 0.9936948 0.9385840 0.9705531 2.8265533 2.1559099 2.1071694 2.1856622 
B.BR.10.10BR_PE101.KT427697            0.8611015 1.1079656 1.2036167 1.1955486 1.1538913 1.1591099 1.1121260 1.0910285 1.1287158 1.1248052 1.1294854 1.1307957 1.0449453 1.0549578 1.0554114 1.0940550 1.1058843 1.0599747 0.6545512 0.4460151 0.4196165 0.4430349 0.4241442 0.4035203 0.4618511 0.4071156 0.4015840 0.4022254 0.4061406 0.3860052 0.3825137 0.4036165 0.3822930 0.3930740 0.3814378 0.0000000 0.4198165 0.3532932 0.4143223 0.3515285 0.4136948 0.4066772 0.3353585 0.3885926 0.3770696 0.3853260 0.3837573 0.3692225 0.3740753 0.3700773 0.3518453 0.3689300 0.3599709 0.3178941 0.5628511 0.5784304 0.5356795 0.7373109 0.9499671 0.9496037 0.8547955 0.8945677 0.9376480 1.1088781 1.0726551 0.8679417 0.7863624 0.7955451 0.7541657 0.8894085 0.8110944 0.7546281 0.7936270 0.7850952 0.7708543 0.8741853 0.7264430 0.8628258 0.7907223 0.7754566 0.8648207 0.8311524 0.8385625 0.8080715 0.8458221 0.8196779 0.8251754 1.1026231 1.0497177 0.9448534 0.9286215 0.9746840 0.9363417 0.9565296 0.9122659 0.9452977 2.8398958 2.1896511 2.2330474 2.2768321 
B.GB.14.14535_1_7.3.MF109534           0.9041821 1.1912331 1.2664387 1.2313897 1.2359699 1.2196394 1.1398451 1.1556978 1.1749785 1.1710438 1.2014131 1.1760335 1.1254788 1.1305698 1.0873074 1.1313179 1.1239497 1.0964131 0.7201557 0.4775688 0.4789296 0.5017790 0.4622249 0.4554980 0.4392624 0.4598953 0.4417180 0.4445525 0.4791543 0.4417644 0.4401802 0.4465635 0.4279543 0.4553735 0.4385513 0.4198165 0.0000000 0.4292542 0.4136467 0.4176158 0.4110427 0.3877811 0.4114330 0.4014949 0.3530743 0.3955429 0.3784632 0.3480607 0.3759971 0.3807049 0.3588276 0.3810368 0.3639479 0.3145140 0.6148061 0.6243437 0.5833285 0.7979058 1.0388004 1.0030114 0.9293807 0.9679226 1.0100442 1.1828648 1.1163147 0.9342653 0.8342938 0.8572066 0.8293375 0.9500446 0.8629897 0.8057228 0.8603400 0.8376359 0.8355351 0.9421996 0.7856058 0.9209519 0.8746439 0.8409527 0.9380736 0.8955460 0.8991728 0.8595271 0.9109230 0.8697096 0.8627900 1.1687354 1.0880792 0.9972904 0.9897082 1.0173108 0.9773987 0.9952300 0.9531870 0.9950473 2.9543102 2.1477717 2.2102475 2.2069230 
B.US.07.502_0823_05.JF320530           0.8582552 1.0975842 1.2312157 1.1970065 1.1478446 1.1595233 1.0600754 1.0677776 1.1186363 1.1075008 1.1224725 1.0969080 1.0408498 1.0579631 1.0487946 1.0714483 1.0613226 1.0420250 0.6128699 0.4227939 0.3753762 0.3864650 0.4086069 0.3574026 0.4456278 0.3946370 0.3784740 0.3777789 0.3731372 0.3584392 0.3762196 0.3818106 0.3369554 0.3808676 0.3754185 0.3532932 0.4292542 0.0000000 0.3991640 0.3071428 0.4092784 0.3945701 0.3131195 0.3808226 0.3675421 0.3721870 0.3740076 0.3507673 0.3545880 0.3575199 0.3377540 0.3563709 0.3529054 0.3096346 0.5393200 0.5533249 0.5173447 0.7189242 0.9300877 0.9404584 0.8592722 0.8961587 0.9358204 1.1111045 1.0488824 0.8530848 0.7687216 0.7779255 0.7479245 0.8409382 0.7842892 0.7236139 0.7824706 0.7633284 0.7712502 0.8694216 0.7022555 0.8465065 0.8126483 0.7827404 0.8602746 0.8346700 0.8244017 0.7952614 0.8312315 0.8022343 0.8096038 1.1096946 1.0490363 0.9523963 0.9300839 0.9642042 0.9438205 0.9340566 0.9019133 0.9535983 2.7246093 2.0959820 2.1318342 2.1803786 
