93
SUDV_H.sap-xx_UGA_12_EboSud-603_KC545390                   0.0000000 0.0002079 1.8235219 1.8169743 1.8256544 1.9190107 1.9190193 1.9232848 1.9232570 1.9230564 1.9225333 1.9272597 1.9257584 1.9240333 1.9240000 1.9240689 1.9227890 1.9262238 1.9262130 1.9238984 1.9250403 1.9232888 1.9232669 1.9224407 1.9229272 1.9265409 1.9258504 1.9264178 1.9242137 1.9241010 1.9223372 1.9261282 1.9261282 1.9242017 1.9234399 1.9213806 1.9207347 1.9227456 1.9227953 1.9258447 1.9231158 1.9237416 1.9234905 1.9210250 1.9236225 1.9216118 1.9238153 1.9238153 1.9227010 1.9236632 1.9236150 1.9253774 1.9237164 1.9231573 1.9228987 1.9239148 1.9211041 1.9231603 1.9231603 1.9245879 1.9230717 1.9229445 1.9229445 1.9237641 1.9234718 1.9226499 1.9229970 1.9227411 1.9227411 1.9231492 1.9220911 1.9226813 1.9229458 1.9229458 1.9181488 1.9187627 1.9182777 1.9176968 1.9177617 1.9160167 1.9160167 1.9193591 1.9182386 1.8989415 1.8952051 1.8961938 1.8953803 1.9049116 1.8970432 1.8940012 1.8944560 2.1698751 2.1234510 
SUDV_H.sap-xx_UGA_12_EboSud-609_KC545391                   0.0002079 0.0000000 1.8234770 1.8165192 1.8251996 1.9191811 1.9191897 1.9234547 1.9234269 1.9232263 1.9227034 1.9274293 1.9259281 1.9242033 1.9241700 1.9242389 1.9229591 1.9263935 1.9263828 1.9240683 1.9252101 1.9234589 1.9234368 1.9226108 1.9230973 1.9267107 1.9260202 1.9265875 1.9243836 1.9242708 1.9225073 1.9262980 1.9262980 1.9243716 1.9236099 1.9215507 1.9209049 1.9229156 1.9229653 1.9260145 1.9232859 1.9239115 1.9236604 1.9211951 1.9237924 1.9217819 1.9239853 1.9239853 1.9228710 1.9238331 1.9237849 1.9255472 1.9238864 1.9233273 1.9230687 1.9240848 1.9212743 1.9233304 1.9233304 1.9247578 1.9232417 1.9231145 1.9231145 1.9239341 1.9236418 1.9228200 1.9231670 1.9229112 1.9229112 1.9233192 1.9222612 1.9228513 1.9231159 1.9231159 1.9183191 1.9189330 1.9184480 1.9178672 1.9179320 1.9161871 1.9161871 1.9195294 1.9184090 1.8991135 1.8953773 1.8963660 1.8955525 1.9050829 1.8972154 1.8941735 1.8946280 2.1696304 2.1229871 
RESTV_S.dom-xx_PHL_08_Reston08-C_FJ621584                  1.8235219 1.8234770 0.0000000 0.0311994 0.0493977 1.8106558 1.8119053 1.8177224 1.8159147 1.8177605 1.8158090 1.8190394 1.8167531 1.8125066 1.8122611 1.8123992 1.8112507 1.8193425 1.8161917 1.8165685 1.8157071 1.8162856 1.8155546 1.8169362 1.8156240 1.8187582 1.8182714 1.8166119 1.8153309 1.8163569 1.8156504 1.8174794 1.8174794 1.8158552 1.8166165 1.8152635 1.8135921 1.8147428 1.8142271 1.8172173 1.8161998 1.8155882 1.8163916 1.8144455 1.8150225 1.8136506 1.8149766 1.8149766 1.8146055 1.8172148 1.8166433 1.8164790 1.8162778 1.8175420 1.8154963 1.8162965 1.8141877 1.8179726 1.8179726 1.8168998 1.8156807 1.8156351 1.8156351 1.8148863 1.8156967 1.8152083 1.8147593 1.8154793 1.8154793 1.8150750 1.8145424 1.8150304 1.8152765 1.8152765 1.8126214 1.8126515 1.8110890 1.8127348 1.8128025 1.8101579 1.8101579 1.8116445 1.8123117 1.8032082 1.8059834 1.8029216 1.8036959 1.8047838 1.8018250 1.8009040 1.8041241 2.0315943 2.0373217 
RESTV_M.fas-tc_USA_89_Philippines89-Pennsylvania_NC_004161 1.8169743 1.8165192 0.0311994 0.0000000 0.0249186 1.8087622 1.8098216 1.8150679 1.8132647 1.8151054 1.8135788 1.8171590 1.8147061 1.8104242 1.8101791 1.8103169 1.8091708 1.8172433 1.8140990 1.8141346 1.8136156 1.8141926 1.8140228 1.8133612 1.8120526 1.8166597 1.8161743 1.8145188 1.8126815 1.8142640 1.8132948 1.8153831 1.8153831 1.8137160 1.8145221 1.8131732 1.8115047 1.8126537 1.8121387 1.8151234 1.8141077 1.8134972 1.8140813 1.8123569 1.8129325 1.8115639 1.8128875 1.8128875 1.8125165 1.8151211 1.8139911 1.8143861 1.8141852 1.8154457 1.8134056 1.8142039 1.8135797 1.8158755 1.8158755 1.8148054 1.8135900 1.8135443 1.8135443 1.8127974 1.8136048 1.8131179 1.8126695 1.8133888 1.8133888 1.8129848 1.8139339 1.8129399 1.8131861 1.8131861 1.8110944 1.8111252 1.8090062 1.8106502 1.8101580 1.8060637 1.8060637 1.8095610 1.8102264 1.8019147 1.8045127 1.8016770 1.8024492 1.8108270 1.8044792 1.8033693 1.8081058 2.0396495 2.0290524 
RESTV_S.dom-tc_PHL_08_Reston08-A_FJ621583                  1.8256544 1.8251996 0.0493977 0.0249186 0.0000000 1.8188571 1.8199309 1.8257672 1.8239503 1.8273025 1.8237113 1.8273156 1.8248461 1.8203067 1.8200603 1.8201991 1.8190460 1.8273997 1.8242360 1.8248283 1.8233443 1.8241109 1.8237225 1.8249831 1.8242280 1.8268150 1.8263246 1.8246559 1.8233659 1.8244014 1.8234228 1.8255326 1.8255326 1.8238982 1.8248504 1.8233017 1.8216259 1.8223409 1.8218247 1.8252622 1.8241955 1.8236282 1.8242132 1.8224808 1.8230606 1.8216814 1.8230114 1.8230114 1.8226416 1.8252588 1.8246834 1.8245229 1.8243211 1.8255951 1.8235355 1.8243400 1.8237083 1.8260268 1.8260268 1.8249480 1.8237191 1.8236743 1.8236743 1.8229209 1.8237397 1.8232475 1.8227978 1.8235178 1.8235178 1.8231139 1.8240687 1.8230687 1.8233153 1.8233153 1.8221467 1.8221726 1.8187718 1.8207612 1.8202681 1.8161454 1.8161454 1.8196703 1.8203420 1.8089998 1.8116156 1.8087608 1.8095373 1.8159693 1.8100955 1.8088087 1.8133958 2.0444409 2.0525352 
EBOV_H.sap-wt_GIN_14_Makona-Gueckedou-EM_080076_KR817235   1.9190107 1.9191811 1.8106558 1.8087622 1.8188571 0.0000000 0.0024503 0.0033246 0.0033247 0.0035821 0.0034795 0.0031194 0.0034801 0.0028628 0.0028115 0.0029654 0.0029142 0.0031711 0.0033771 0.0034273 0.0030680 0.0029142 0.0030670 0.0029657 0.0031196 0.0030175 0.0029658 0.0029658 0.0032738 0.0027599 0.0029657 0.0029143 0.0029143 0.0029140 0.0029147 0.0029150 0.0027076 0.0026564 0.0028616 0.0031715 0.0029663 0.0029653 0.0029652 0.0021441 0.0027595 0.0024001 0.0028627 0.0028627 0.0028114 0.0029140 0.0029139 0.0028637 0.0027601 0.0029661 0.0028114 0.0028636 0.0028631 0.0028122 0.0028122 0.0027095 0.0028113 0.0027088 0.0027088 0.0027602 0.0027089 0.0027088 0.0027088 0.0026575 0.0026575 0.0026575 0.0026576 0.0026575 0.0026063 0.0026063 0.0027579 0.0027578 0.0020919 0.0020923 0.0021946 0.0021951 0.0021951 0.0019900 0.0021437 0.0336582 0.0334205 0.0332498 0.0331937 0.0338723 0.0361640 0.0382024 0.0386186 1.3368458 1.3030994 
EBOV_H.sap-wt_GIN_14_Makona-Gueckedou-EM_079702_KR817210   1.9190193 1.9191897 1.8119053 1.8098216 1.8199309 0.0024503 0.0000000 0.0027589 0.0027590 0.0030159 0.0029135 0.0025541 0.0029139 0.0022980 0.0022468 0.0024004 0.0023492 0.0026056 0.0027085 0.0028615 0.0025028 0.0023492 0.0025020 0.0024006 0.0025542 0.0024522 0.0024007 0.0024007 0.0027081 0.0021953 0.0024006 0.0023493 0.0023493 0.0023491 0.0023496 0.0023499 0.0021433 0.0020922 0.0022969 0.0026060 0.0024011 0.0024003 0.0024002 0.0015808 0.0021950 0.0018364 0.0022979 0.0022979 0.0022467 0.0023491 0.0023490 0.0022987 0.0021955 0.0024009 0.0022467 0.0022986 0.0022982 0.0022473 0.0022473 0.0021448 0.0022466 0.0021443 0.0021443 0.0021955 0.0021443 0.0021442 0.0021442 0.0020931 0.0020931 0.0020931 0.0020931 0.0020931 0.0020419 0.0020419 0.0021937 0.0021936 0.0015290 0.0015293 0.0016314 0.0016317 0.0016317 0.0014272 0.0015806 0.0330319 0.0329091 0.0326245 0.0325685 0.0331353 0.0354733 0.0375073 0.0379224 1.3372490 1.3007059 
EBOV_H.sap-wt_SLE_14_Makona-PortLoko-J0083_KP759752        1.9232848 1.9234547 1.8177224 1.8150679 1.8257672 0.0033246 0.0027589 0.0000000 0.0003052 0.0005597 0.0015801 0.0016324 0.0015804 0.0013770 0.0013259 0.0014791 0.0014281 0.0012737 0.0014782 0.0009161 0.0011707 0.0014281 0.0015808 0.0008652 0.0010179 0.0011208 0.0010689 0.0010689 0.0007633 0.0012746 0.0010689 0.0010179 0.0010179 0.0010179 0.0010179 0.0010179 0.0012231 0.0011721 0.0013763 0.0010689 0.0008652 0.0008652 0.0008652 0.0011721 0.0009670 0.0009161 0.0009670 0.0009670 0.0009161 0.0008142 0.0004070 0.0009670 0.0008652 0.0010689 0.0009161 0.0007633 0.0007633 0.0009161 0.0009161 0.0008142 0.0007124 0.0006106 0.0006106 0.0006615 0.0008142 0.0008142 0.0008142 0.0007633 0.0007633 0.0007633 0.0007633 0.0007633 0.0007124 0.0007124 0.0025025 0.0025025 0.0023485 0.0018372 0.0019395 0.0019399 0.0019399 0.0017349 0.0018886 0.0334414 0.0333182 0.0330332 0.0329771 0.0336557 0.0359983 0.0380359 0.0384519 1.3373598 1.3021616 
EBOV_H.sap-wt_SLE_14_Makona-J0158_KP759700                 1.9232570 1.9234269 1.8159147 1.8132647 1.8239503 0.0033247 0.0027590 0.0003052 0.0000000 0.0005597 0.0015802 0.0016325 0.0015804 0.0013770 0.0013259 0.0014792 0.0014281 0.0012738 0.0014782 0.0009161 0.0011707 0.0014281 0.0015808 0.0008652 0.0010179 0.0011208 0.0010689 0.0010689 0.0007633 0.0012747 0.0010689 0.0010179 0.0010179 0.0010179 0.0010179 0.0010179 0.0012231 0.0011721 0.0013764 0.0010689 0.0008652 0.0008652 0.0008652 0.0011721 0.0009670 0.0009161 0.0009670 0.0009670 0.0009161 0.0008142 0.0004070 0.0009670 0.0008652 0.0010689 0.0009161 0.0007633 0.0007633 0.0009161 0.0009161 0.0008142 0.0007124 0.0006106 0.0006106 0.0006615 0.0008142 0.0008142 0.0008142 0.0007633 0.0007633 0.0007633 0.0007633 0.0007633 0.0007124 0.0007124 0.0025026 0.0025026 0.0023486 0.0018372 0.0019395 0.0019399 0.0019399 0.0017350 0.0018886 0.0334422 0.0333190 0.0330340 0.0329779 0.0336565 0.0359992 0.0380368 0.0384528 1.3377415 1.3031572 
EBOV_H.sap-wt_SLE_14_Makona-J0119_KP759667                 1.9230564 1.9232263 1.8177605 1.8151054 1.8273025 0.0035821 0.0030159 0.0005597 0.0005597 0.0000000 0.0018359 0.0018884 0.0018362 0.0016328 0.0015816 0.0017350 0.0016839 0.0015292 0.0017339 0.0011707 0.0014269 0.0016839 0.0018366 0.0011209 0.0012739 0.0013762 0.0013250 0.0013250 0.0010179 0.0015303 0.0013250 0.0012739 0.0012739 0.0012738 0.0012741 0.0012742 0.0014786 0.0014276 0.0016320 0.0013252 0.0011211 0.0011198 0.0011198 0.0014276 0.0012233 0.0011723 0.0012227 0.0012227 0.0011707 0.0010689 0.0006615 0.0012232 0.0011198 0.0013252 0.0011707 0.0010190 0.0010179 0.0011720 0.0011720 0.0010699 0.0009670 0.0008652 0.0008652 0.0009161 0.0010689 0.0010689 0.0010689 0.0010179 0.0010179 0.0010179 0.0010179 0.0010179 0.0009670 0.0009670 0.0027593 0.0027592 0.0026051 0.0020934 0.0021958 0.0021962 0.0021962 0.0019911 0.0021449 0.0337267 0.0336034 0.0333181 0.0332619 0.0339407 0.0362261 0.0383251 0.0387416 1.3362624 1.3042151 
EBOV_H.sap-wt_SLE_14_Makona-J0150_KP759696                 1.9225333 1.9227034 1.8158090 1.8135788 1.8237113 0.0034795 0.0029135 0.0015801 0.0015802 0.0018359 0.0000000 0.0017863 0.0017341 0.0015306 0.0014795 0.0016328 0.0015818 0.0014272 0.0016318 0.0016823 0.0013249 0.0015817 0.0017345 0.0012230 0.0013761 0.0012742 0.0012230 0.0012230 0.0015293 0.0014282 0.0012230 0.0011719 0.0011719 0.0011718 0.0011721 0.0011722 0.0013766 0.0013256 0.0015299 0.0014274 0.0012232 0.0012228 0.0012228 0.0013255 0.0011213 0.0010703 0.0010179 0.0010179 0.0010689 0.0011718 0.0011718 0.0011212 0.0010179 0.0012231 0.0009670 0.0011211 0.0011209 0.0010700 0.0010700 0.0009670 0.0010689 0.0009670 0.0009670 0.0010179 0.0009670 0.0009670 0.0009670 0.0008142 0.0008142 0.0009161 0.0009161 0.0009161 0.0008652 0.0008652 0.0026569 0.0026569 0.0025028 0.0019911 0.0020935 0.0020939 0.0020939 0.0018888 0.0020426 0.0335061 0.0333829 0.0330977 0.0330416 0.0337204 0.0360640 0.0381024 0.0385186 1.3396813 1.3035101 
EBOV_H.sap-wt_GIN_14_Makona-Macenta-EM_000982_KR817086     1.9272597 1.9274293 1.8190394 1.8171590 1.8273156 0.0031194 0.0025541 0.0016324 0.0016325 0.0018884 0.0017863 0.0000000 0.0017865 0.0011727 0.0011217 0.0012748 0.0012238 0.0014794 0.0016841 0.0017347 0.0013770 0.0012238 0.0013765 0.0012750 0.0014282 0.0013262 0.0012750 0.0012750 0.0015816 0.0010705 0.0012750 0.0012238 0.0012238 0.0012237 0.0012240 0.0012241 0.0010190 0.0009681 0.0011722 0.0014796 0.0012752 0.0012748 0.0012747 0.0009680 0.0010703 0.0007124 0.0011727 0.0011727 0.0010195 0.0012237 0.0012237 0.0011731 0.0010706 0.0012751 0.0011216 0.0010709 0.0011728 0.0011219 0.0011219 0.0010198 0.0011216 0.0010195 0.0010195 0.0010706 0.0010195 0.0010195 0.0010195 0.0009685 0.0009685 0.0009685 0.0009685 0.0009685 0.0009174 0.0009174 0.0022978 0.0022978 0.0021439 0.0016327 0.0017350 0.0017353 0.0017353 0.0015305 0.0016841 0.0332806 0.0331575 0.0328726 0.0328165 0.0333823 0.0358372 0.0378745 0.0382904 1.3362807 1.3034949 
EBOV_H.sap-wt_GIN_14_Makona-Kankan-EM_078639_KR817166      1.9257584 1.9259281 1.8167531 1.8147061 1.8248461 0.0034801 0.0029139 0.0015804 0.0015804 0.0018362 0.0017341 0.0017865 0.0000000 0.0015309 0.0014797 0.0016331 0.0015820 0.0010179 0.0008142 0.0016825 0.0012230 0.0015820 0.0017348 0.0012232 0.0013763 0.0012744 0.0012232 0.0006106 0.0015295 0.0014284 0.0012232 0.0008652 0.0008652 0.0009670 0.0011722 0.0011724 0.0013768 0.0013258 0.0015302 0.0014276 0.0012234 0.0012230 0.0012230 0.0013257 0.0011215 0.0010704 0.0011210 0.0011210 0.0010699 0.0011720 0.0011719 0.0011213 0.0010179 0.0012233 0.0010699 0.0011213 0.0011211 0.0010702 0.0010702 0.0009681 0.0010699 0.0009670 0.0009670 0.0010189 0.0009670 0.0009670 0.0009670 0.0009161 0.0009161 0.0009161 0.0009161 0.0009161 0.0008652 0.0008652 0.0026573 0.0026573 0.0025032 0.0019914 0.0020938 0.0020943 0.0020943 0.0018891 0.0020429 0.0336229 0.0334996 0.0332144 0.0331582 0.0338371 0.0361819 0.0382213 0.0386377 1.3369599 1.3031927 
EBOV_H.sap-wt_GIN_15_Makona-Faranah-EM_004503_KR817102     1.9240333 1.9242033 1.8125066 1.8104242 1.8203067 0.0028628 0.0022980 0.0013770 0.0013770 0.0016328 0.0015306 0.0011727 0.0015309 0.0000000 0.0000509 0.0004070 0.0003561 0.0012239 0.0014285 0.0014791 0.0011216 0.0007644 0.0009172 0.0010197 0.0011728 0.0010709 0.0010197 0.0010197 0.0013261 0.0008154 0.0010197 0.0009686 0.0009686 0.0009685 0.0009687 0.0009688 0.0007633 0.0005088 0.0007124 0.0012241 0.0010199 0.0010195 0.0010195 0.0007124 0.0008142 0.0004579 0.0009175 0.0009175 0.0008664 0.0009685 0.0009685 0.0009178 0.0008154 0.0010198 0.0008664 0.0009178 0.0009176 0.0008667 0.0008667 0.0007646 0.0008664 0.0007644 0.0007644 0.0008154 0.0007644 0.0007644 0.0007644 0.0007124 0.0007124 0.0007124 0.0007134 0.0007124 0.0006615 0.0006615 0.0020419 0.0020418 0.0018881 0.0013772 0.0014794 0.0014797 0.0014797 0.0012750 0.0014285 0.0328314 0.0327087 0.0324241 0.0323681 0.0331574 0.0354448 0.0374799 0.0378952 1.3386575 1.3027773 
EBOV_H.sap-wt_GIN_15_Makona-Kissidougou-EM_004555_KR817103 1.9240000 1.9241700 1.8122611 1.8101791 1.8200603 0.0028115 0.0022468 0.0013259 0.0013259 0.0015816 0.0014795 0.0011217 0.0014797 0.0000509 0.0000000 0.0003561 0.0003052 0.0011729 0.0013774 0.0014280 0.0010706 0.0007134 0.0008652 0.0009686 0.0011217 0.0010198 0.0009687 0.0009687 0.0012750 0.0007644 0.0009686 0.0009176 0.0009176 0.0009175 0.0009177 0.0009178 0.0007124 0.0004579 0.0006615 0.0011730 0.0009688 0.0009685 0.0009685 0.0006615 0.0007633 0.0004070 0.0008665 0.0008665 0.0008154 0.0009175 0.0009175 0.0008667 0.0007644 0.0009688 0.0008154 0.0008667 0.0008666 0.0008156 0.0008156 0.0007136 0.0008154 0.0007124 0.0007124 0.0007644 0.0007134 0.0007124 0.0007124 0.0006615 0.0006615 0.0006615 0.0006615 0.0006615 0.0006106 0.0006106 0.0019907 0.0019907 0.0018370 0.0013261 0.0014283 0.0014286 0.0014286 0.0012240 0.0013774 0.0327759 0.0326531 0.0323687 0.0323127 0.0331019 0.0353889 0.0374238 0.0378390 1.3386506 1.3027718 
EBOV_H.sap-wt_LBR_14_Makona-Foya-EM_074353_KR817112        1.9240689 1.9242389 1.8123992 1.8103169 1.8201991 0.0029654 0.0024004 0.0014791 0.0014792 0.0017350 0.0016328 0.0012748 0.0016331 0.0004070 0.0003561 0.0000000 0.0001526 0.0013261 0.0015308 0.0015813 0.0012237 0.0008665 0.0010192 0.0011218 0.0012749 0.0011730 0.0011218 0.0011218 0.0014283 0.0009174 0.0011218 0.0010707 0.0010707 0.0010706 0.0010708 0.0010709 0.0008652 0.0006106 0.0008142 0.0013263 0.0011220 0.0011216 0.0011216 0.0008142 0.0009172 0.0005597 0.0010195 0.0010195 0.0009685 0.0010706 0.0010706 0.0010199 0.0009175 0.0011219 0.0009685 0.0010199 0.0010197 0.0009688 0.0009688 0.0008666 0.0009685 0.0008664 0.0008664 0.0009175 0.0008664 0.0008664 0.0008664 0.0008154 0.0008154 0.0008154 0.0008154 0.0008154 0.0007644 0.0007644 0.0021442 0.0021442 0.0019904 0.0014794 0.0015816 0.0015819 0.0015819 0.0013772 0.0015307 0.0329424 0.0328196 0.0325350 0.0324789 0.0332683 0.0355563 0.0375920 0.0380075 1.3378790 1.3032964 
EBOV_H.sap-wt_LBR_14_Makona-Foya-EM_074350_KR817109        1.9227890 1.9229591 1.8112507 1.8091708 1.8190460 0.0029142 0.0023492 0.0014281 0.0014281 0.0016839 0.0015818 0.0012238 0.0015820 0.0003561 0.0003052 0.0001526 0.0000000 0.0012750 0.0014797 0.0015303 0.0011727 0.0008155 0.0009682 0.0010707 0.0012239 0.0011220 0.0010708 0.0010708 0.0013772 0.0008664 0.0010707 0.0010197 0.0010197 0.0010196 0.0010198 0.0010199 0.0008142 0.0005597 0.0007633 0.0012752 0.0010710 0.0010706 0.0010706 0.0007633 0.0008663 0.0005088 0.0009685 0.0009685 0.0009175 0.0010196 0.0010195 0.0009689 0.0008665 0.0010709 0.0009175 0.0009688 0.0009687 0.0009177 0.0009177 0.0008156 0.0009175 0.0008154 0.0008154 0.0008665 0.0008155 0.0008154 0.0008154 0.0007644 0.0007644 0.0007644 0.0007644 0.0007644 0.0007134 0.0007134 0.0020931 0.0020931 0.0019393 0.0014283 0.0015305 0.0015308 0.0015308 0.0013262 0.0014796 0.0328879 0.0327651 0.0324805 0.0324245 0.0332138 0.0355016 0.0375371 0.0379525 1.3382024 1.3033539 
EBOV_H.sap-wt_GIN_14_Makona-Beyla-EM_075931_KR817138       1.9262238 1.9263935 1.8193425 1.8172433 1.8273997 0.0031711 0.0026056 0.0012737 0.0012738 0.0015292 0.0014272 0.0014794 0.0010179 0.0012239 0.0011729 0.0013261 0.0012750 0.0000000 0.0009161 0.0013758 0.0009161 0.0012750 0.0014278 0.0009161 0.0010689 0.0009670 0.0009161 0.0005088 0.0012229 0.0011217 0.0009161 0.0005597 0.0005597 0.0006615 0.0008652 0.0008652 0.0010702 0.0010192 0.0012234 0.0011210 0.0009161 0.0009161 0.0009161 0.0010192 0.0008142 0.0007633 0.0008142 0.0008142 0.0007633 0.0008652 0.0008652 0.0008142 0.0007124 0.0009161 0.0007633 0.0008142 0.0008142 0.0007633 0.0007633 0.0006615 0.0007633 0.0006615 0.0006615 0.0007124 0.0006615 0.0006615 0.0006615 0.0006106 0.0006106 0.0006106 0.0006106 0.0006106 0.0005597 0.0005597 0.0023493 0.0023493 0.0021953 0.0016840 0.0017863 0.0017867 0.0017867 0.0015818 0.0017354 0.0331694 0.0330464 0.0327616 0.0327055 0.0333841 0.0357254 0.0377621 0.0381778 1.3391509 1.3037428 
EBOV_H.sap-wt_GIN_14_Makona-Faranah-EM_078415_KR817160     1.9262130 1.9263828 1.8161917 1.8140990 1.8242360 0.0033771 0.0027085 0.0014782 0.0014782 0.0017339 0.0016318 0.0016841 0.0008142 0.0014285 0.0013774 0.0015308 0.0014797 0.0009161 0.0000000 0.0015803 0.0010689 0.0014797 0.0016324 0.0011210 0.0012741 0.0011722 0.0011211 0.0005088 0.0014273 0.0013262 0.0011210 0.0007633 0.0007633 0.0008652 0.0010701 0.0010702 0.0012746 0.0012236 0.0014279 0.0013254 0.0011213 0.0011209 0.0011208 0.0012235 0.0010193 0.0009683 0.0010179 0.0010179 0.0009670 0.0010699 0.0010689 0.0010192 0.0009161 0.0011212 0.0009670 0.0010192 0.0010190 0.0009681 0.0009681 0.0008652 0.0009670 0.0008652 0.0008652 0.0009161 0.0008652 0.0008652 0.0008652 0.0008142 0.0008142 0.0008142 0.0008142 0.0008142 0.0007633 0.0007633 0.0025547 0.0025546 0.0024006 0.0018890 0.0019914 0.0019917 0.0019917 0.0017867 0.0019404 0.0335098 0.0333865 0.0331014 0.0330452 0.0337241 0.0360680 0.0381068 0.0385230 1.3378358 1.3023835 
EBOV_H.sap-wt_SLE_14_Makona-J0128_KP759677                 1.9238984 1.9240683 1.8165685 1.8141346 1.8248283 0.0034273 0.0028615 0.0009161 0.0009161 0.0011707 0.0016823 0.0017347 0.0016825 0.0014791 0.0014280 0.0015813 0.0015303 0.0013758 0.0015803 0.0000000 0.0012726 0.0015302 0.0016830 0.0009670 0.0011198 0.0012228 0.0011707 0.0011707 0.0008652 0.0013768 0.0011707 0.0011198 0.0011198 0.0011198 0.0011198 0.0011209 0.0013252 0.0012742 0.0014785 0.0011718 0.0009670 0.0009670 0.0009670 0.0012741 0.0010700 0.0010190 0.0010689 0.0010689 0.0010179 0.0009161 0.0005088 0.0010689 0.0009670 0.0011718 0.0010179 0.0008652 0.0008652 0.0010179 0.0010179 0.0009161 0.0008142 0.0007124 0.0007124 0.0007633 0.0009161 0.0009161 0.0009161 0.0008652 0.0008652 0.0008652 0.0008652 0.0008652 0.0008142 0.0008142 0.0026050 0.0026050 0.0024509 0.0019394 0.0020418 0.0020422 0.0020422 0.0018372 0.0019909 0.0335524 0.0334292 0.0331441 0.0330880 0.0337666 0.0361100 0.0380959 0.0385120 1.3373084 1.3036525 
EBOV_H.sap-wt_SLE_14_Makona-G5640_1_KR105313               1.9250403 1.9252101 1.8157071 1.8136156 1.8233443 0.0030680 0.0025028 0.0011707 0.0011707 0.0014269 0.0013249 0.0013770 0.0012230 0.0011216 0.0010706 0.0012237 0.0011727 0.0009161 0.0010689 0.0012726 0.0000000 0.0011727 0.0013254 0.0008142 0.0009670 0.0008652 0.0008142 0.0007124 0.0011198 0.0010194 0.0008142 0.0007633 0.0007633 0.0007633 0.0007633 0.0007633 0.0009670 0.0009161 0.0011211 0.0010179 0.0008142 0.0008142 0.0008142 0.0009161 0.0007124 0.0006615 0.0007124 0.0007124 0.0006615 0.0007633 0.0007633 0.0007124 0.0006106 0.0008142 0.0006615 0.0007124 0.0007124 0.0006615 0.0006615 0.0005597 0.0006615 0.0005597 0.0005597 0.0006106 0.0005597 0.0005597 0.0005597 0.0005088 0.0005088 0.0005088 0.0005088 0.0005088 0.0004579 0.0004579 0.0022465 0.0022465 0.0020926 0.0015815 0.0016838 0.0016841 0.0016841 0.0014794 0.0016329 0.0331635 0.0330406 0.0327558 0.0326997 0.0333782 0.0357191 0.0377553 0.0381709 1.3376920 1.3032979 
EBOV_H.sap-wt_GIN_14_Makona-Macenta-EM_076322_KR817145     1.9232888 1.9234589 1.8162856 1.8141926 1.8241109 0.0029142 0.0023492 0.0014281 0.0014281 0.0016839 0.0015817 0.0012238 0.0015820 0.0007644 0.0007134 0.0008665 0.0008155 0.0012750 0.0014797 0.0015302 0.0011727 0.0000000 0.0008662 0.0010707 0.0012239 0.0011220 0.0010708 0.0010708 0.0013772 0.0008664 0.0010707 0.0010196 0.0010196 0.0010196 0.0010198 0.0010199 0.0008142 0.0004579 0.0006615 0.0012752 0.0010710 0.0010706 0.0010705 0.0007633 0.0008662 0.0005088 0.0009685 0.0009685 0.0009175 0.0010195 0.0010195 0.0009688 0.0008665 0.0010709 0.0009175 0.0009688 0.0009686 0.0009177 0.0009177 0.0008156 0.0009174 0.0008154 0.0008154 0.0008665 0.0008154 0.0008154 0.0008154 0.0007644 0.0007644 0.0007644 0.0007644 0.0007644 0.0007124 0.0007124 0.0020426 0.0020425 0.0019393 0.0014283 0.0015305 0.0015308 0.0015308 0.0013261 0.0014796 0.0328328 0.0327100 0.0324255 0.0323695 0.0332716 0.0355077 0.0375435 0.0379590 1.3367914 1.3029632 
EBOV_H.sap-wt_GIN_14_Makona-Nzerekore-EM_074437_KR817117   1.9232669 1.9234368 1.8155546 1.8140228 1.8237225 0.0030670 0.0025020 0.0015808 0.0015808 0.0018366 0.0017345 0.0013765 0.0017348 0.0009172 0.0008652 0.0010192 0.0009682 0.0014278 0.0016324 0.0016830 0.0013254 0.0008662 0.0000000 0.0012235 0.0013766 0.0012747 0.0012235 0.0012235 0.0015299 0.0010191 0.0012235 0.0011724 0.0011724 0.0011723 0.0011725 0.0011727 0.0009670 0.0004070 0.0006106 0.0014280 0.0012237 0.0012233 0.0012233 0.0009161 0.0010179 0.0006615 0.0011212 0.0011212 0.0010702 0.0011723 0.0011722 0.0011216 0.0010192 0.0012236 0.0010702 0.0011216 0.0011214 0.0010705 0.0010705 0.0009684 0.0010702 0.0009681 0.0009681 0.0010192 0.0009682 0.0009681 0.0009681 0.0009171 0.0009171 0.0009171 0.0009171 0.0009171 0.0008652 0.0008652 0.0022458 0.0022458 0.0020920 0.0015810 0.0016833 0.0016836 0.0016836 0.0014789 0.0016324 0.0331014 0.0329785 0.0326938 0.0326378 0.0333157 0.0357157 0.0377518 0.0381674 1.3369070 1.3016734 
EBOV_H.sap-wt_SLE_14_Makona-J0117_KP759665                 1.9224407 1.9226108 1.8169362 1.8133612 1.8249831 0.0029657 0.0024006 0.0008652 0.0008652 0.0011209 0.0012230 0.0012750 0.0012232 0.0010197 0.0009686 0.0011218 0.0010707 0.0009161 0.0011210 0.0009670 0.0008142 0.0010707 0.0012235 0.0000000 0.0002544 0.0007633 0.0007124 0.0007124 0.0008142 0.0009175 0.0007124 0.0006615 0.0006615 0.0006615 0.0006615 0.0006615 0.0008652 0.0008142 0.0010192 0.0007124 0.0005088 0.0005088 0.0005088 0.0008142 0.0006106 0.0005597 0.0006106 0.0006106 0.0005597 0.0004579 0.0004579 0.0006106 0.0005088 0.0007124 0.0005597 0.0004070 0.0004070 0.0005597 0.0005597 0.0004579 0.0003561 0.0002544 0.0002544 0.0003052 0.0004579 0.0004579 0.0004579 0.0004070 0.0004070 0.0004070 0.0004070 0.0004070 0.0003561 0.0003561 0.0021444 0.0021444 0.0019906 0.0014795 0.0015817 0.0015821 0.0015821 0.0013773 0.0015308 0.0330563 0.0329333 0.0326486 0.0325926 0.0332711 0.0356115 0.0376474 0.0380629 1.3378534 1.3037649 
EBOV_H.sap-wt_SLE_14_Makona-Kenema-G5685_1_KR105317        1.9229272 1.9230973 1.8156240 1.8120526 1.8242280 0.0031196 0.0025542 0.0010179 0.0010179 0.0012739 0.0013761 0.0014282 0.0013763 0.0011728 0.0011217 0.0012749 0.0012239 0.0010689 0.0012741 0.0011198 0.0009670 0.0012239 0.0013766 0.0002544 0.0000000 0.0009161 0.0008652 0.0008652 0.0009670 0.0010705 0.0008652 0.0008142 0.0008142 0.0008142 0.0008142 0.0008142 0.0010191 0.0009681 0.0011723 0.0008652 0.0006615 0.0006615 0.0006615 0.0009681 0.0007633 0.0007124 0.0007633 0.0007633 0.0007124 0.0006106 0.0006106 0.0007633 0.0006615 0.0008652 0.0007124 0.0005597 0.0005597 0.0007124 0.0007124 0.0006106 0.0005088 0.0004070 0.0004070 0.0004579 0.0006106 0.0006106 0.0006106 0.0005597 0.0005597 0.0005597 0.0005597 0.0005597 0.0005088 0.0005088 0.0022979 0.0022979 0.0021440 0.0016328 0.0017351 0.0017354 0.0017354 0.0015306 0.0016842 0.0332222 0.0330992 0.0328144 0.0327583 0.0334369 0.0357783 0.0378150 0.0382307 1.3374052 1.3035315 
EBOV_H.sap-wt_SLE_14_Makona-Moyamba-G5763_1_KR105325       1.9265409 1.9267107 1.8187582 1.8166597 1.8268150 0.0030175 0.0024522 0.0011208 0.0011208 0.0013762 0.0012742 0.0013262 0.0012744 0.0010709 0.0010198 0.0011730 0.0011220 0.0009670 0.0011722 0.0012228 0.0008652 0.0011220 0.0012747 0.0007633 0.0009161 0.0000000 0.0001526 0.0007633 0.0010700 0.0009686 0.0007633 0.0007124 0.0007124 0.0007124 0.0007124 0.0007124 0.0009173 0.0008663 0.0010704 0.0009681 0.0007633 0.0007633 0.0007633 0.0008662 0.0006615 0.0006106 0.0006615 0.0006615 0.0006106 0.0007124 0.0007124 0.0006615 0.0005597 0.0007633 0.0006106 0.0006615 0.0006615 0.0006106 0.0006106 0.0005088 0.0006106 0.0005088 0.0005088 0.0005597 0.0005088 0.0005088 0.0005088 0.0004579 0.0004579 0.0004579 0.0004579 0.0004579 0.0004070 0.0004070 0.0021959 0.0021959 0.0020420 0.0015308 0.0016331 0.0016334 0.0016334 0.0014287 0.0015822 0.0331175 0.0329945 0.0327097 0.0326536 0.0333323 0.0356735 0.0375979 0.0379675 1.3381539 1.3040750 
EBOV_H.sap-wt_SLE_14_Makona-Moyamba-G5844_1_KR105328       1.9258504 1.9260202 1.8182714 1.8161743 1.8263246 0.0029658 0.0024007 0.0010689 0.0010689 0.0013250 0.0012230 0.0012750 0.0012232 0.0010197 0.0009687 0.0011218 0.0010708 0.0009161 0.0011211 0.0011707 0.0008142 0.0010708 0.0012235 0.0007124 0.0008652 0.0001526 0.0000000 0.0007124 0.0010179 0.0009175 0.0007124 0.0006615 0.0006615 0.0006615 0.0006615 0.0006615 0.0008652 0.0008142 0.0010192 0.0009161 0.0007124 0.0007124 0.0007124 0.0008142 0.0006106 0.0005597 0.0006106 0.0006106 0.0005597 0.0006615 0.0006615 0.0006106 0.0005088 0.0007124 0.0005597 0.0006106 0.0006106 0.0005597 0.0005597 0.0004579 0.0005597 0.0004579 0.0004579 0.0005088 0.0004579 0.0004579 0.0004579 0.0004070 0.0004070 0.0004070 0.0004070 0.0004070 0.0003561 0.0003561 0.0021445 0.0021445 0.0019906 0.0014796 0.0015818 0.0015821 0.0015821 0.0013774 0.0015309 0.0330580 0.0329350 0.0326503 0.0325942 0.0332728 0.0356134 0.0375373 0.0379067 1.3381314 1.3033991 
EBOV_H.sap-wt_GIN_14_Makona-Macenta-EM_076191_KR817141     1.9264178 1.9265875 1.8166119 1.8145188 1.8246559 0.0029658 0.0024007 0.0010689 0.0010689 0.0013250 0.0012230 0.0012750 0.0006106 0.0010197 0.0009687 0.0011218 0.0010708 0.0005088 0.0005088 0.0011707 0.0007124 0.0010708 0.0012235 0.0007124 0.0008652 0.0007633 0.0007124 0.0000000 0.0010179 0.0009175 0.0007124 0.0003561 0.0003561 0.0004579 0.0006615 0.0006615 0.0008652 0.0008142 0.0010192 0.0009161 0.0007124 0.0007124 0.0007124 0.0008142 0.0006106 0.0005597 0.0006106 0.0006106 0.0005597 0.0006615 0.0006615 0.0006106 0.0005088 0.0007124 0.0005597 0.0006106 0.0006106 0.0005597 0.0005597 0.0004579 0.0005597 0.0004579 0.0004579 0.0005088 0.0004579 0.0004579 0.0004579 0.0004070 0.0004070 0.0004070 0.0004070 0.0004070 0.0003561 0.0003561 0.0021445 0.0021445 0.0019906 0.0014796 0.0015818 0.0015821 0.0015821 0.0013774 0.0015309 0.0330579 0.0329349 0.0326502 0.0325941 0.0332727 0.0356133 0.0376493 0.0380648 1.3376141 1.3032360 
EBOV_H.sap-wt_SLE_14_Makona-Koinadugu-20143659_KR653256    1.9242137 1.9243836 1.8153309 1.8126815 1.8233659 0.0032738 0.0027081 0.0007633 0.0007633 0.0010179 0.0015293 0.0015816 0.0015295 0.0013261 0.0012750 0.0014283 0.0013772 0.0012229 0.0014273 0.0008652 0.0011198 0.0013772 0.0015299 0.0008142 0.0009670 0.0010700 0.0010179 0.0010179 0.0000000 0.0012238 0.0010179 0.0009670 0.0009670 0.0009670 0.0009670 0.0009670 0.0011723 0.0011212 0.0013255 0.0010190 0.0008142 0.0008142 0.0008142 0.0011212 0.0009171 0.0008652 0.0009161 0.0009161 0.0008652 0.0007633 0.0003561 0.0009161 0.0008142 0.0010189 0.0008652 0.0007124 0.0007124 0.0008652 0.0008652 0.0007633 0.0006615 0.0005597 0.0005597 0.0006106 0.0007633 0.0007633 0.0007633 0.0007124 0.0007124 0.0007124 0.0007124 0.0007124 0.0006615 0.0006615 0.0024517 0.0024517 0.0022977 0.0017863 0.0018886 0.0018890 0.0018890 0.0016841 0.0018377 0.0333912 0.0332680 0.0329830 0.0329269 0.0336056 0.0359483 0.0378731 0.0382889 1.3361902 1.3027442 
EBOV_H.sap-wt_LBR_14_Makona-LIBR0430_KR006955              1.9241010 1.9242708 1.8163569 1.8142640 1.8244014 0.0027599 0.0021953 0.0012746 0.0012747 0.0015303 0.0014282 0.0010705 0.0014284 0.0008154 0.0007644 0.0009174 0.0008664 0.0011217 0.0013262 0.0013768 0.0010194 0.0008664 0.0010191 0.0009175 0.0010705 0.0009686 0.0009175 0.0009175 0.0012238 0.0000000 0.0009175 0.0008664 0.0008664 0.0008663 0.0008665 0.0008666 0.0006615 0.0006106 0.0008142 0.0011218 0.0009177 0.0009173 0.0009173 0.0006106 0.0007124 0.0003561 0.0008153 0.0008153 0.0007633 0.0008663 0.0008663 0.0008156 0.0007124 0.0009176 0.0007633 0.0008156 0.0008154 0.0007645 0.0007645 0.0006615 0.0007633 0.0006615 0.0006615 0.0007124 0.0006615 0.0006615 0.0006615 0.0006106 0.0006106 0.0006106 0.0006106 0.0006106 0.0005597 0.0005597 0.0019393 0.0019393 0.0017856 0.0012748 0.0013770 0.0013773 0.0013773 0.0011727 0.0013261 0.0327741 0.0326513 0.0323669 0.0323109 0.0329893 0.0353275 0.0373618 0.0377768 1.3384603 1.3023039 
EBOV_H.sap-wt_SLE_14_Makona-Kailahun-20140517_KR653263     1.9223372 1.9225073 1.8156504 1.8132948 1.8234228 0.0029657 0.0024006 0.0010689 0.0010689 0.0013250 0.0012230 0.0012750 0.0012232 0.0010197 0.0009686 0.0011218 0.0010707 0.0009161 0.0011210 0.0011707 0.0008142 0.0010707 0.0012235 0.0007124 0.0008652 0.0007633 0.0007124 0.0007124 0.0010179 0.0009175 0.0000000 0.0006615 0.0006615 0.0006615 0.0005597 0.0006615 0.0008652 0.0008142 0.0010192 0.0009161 0.0007124 0.0007124 0.0007124 0.0008142 0.0006106 0.0005597 0.0006106 0.0006106 0.0005597 0.0006615 0.0006615 0.0006106 0.0005088 0.0007124 0.0005597 0.0006106 0.0006106 0.0005597 0.0005597 0.0004579 0.0005597 0.0004579 0.0004579 0.0005088 0.0004579 0.0004579 0.0004579 0.0004070 0.0004070 0.0004070 0.0004070 0.0004070 0.0003561 0.0003561 0.0021444 0.0021444 0.0019906 0.0014795 0.0015818 0.0015821 0.0015821 0.0013773 0.0015308 0.0330564 0.0329335 0.0326488 0.0325927 0.0331599 0.0354995 0.0375349 0.0379503 1.3372999 1.3021945 
EBOV_H.sap-wt_GIN_14_Makona-Kissidougou-EM_078694_KR817171 1.9261282 1.9262980 1.8174794 1.8153831 1.8255326 0.0029143 0.0023493 0.0010179 0.0010179 0.0012739 0.0011719 0.0012238 0.0008652 0.0009686 0.0009176 0.0010707 0.0010197 0.0005597 0.0007633 0.0011198 0.0007633 0.0010196 0.0011724 0.0006615 0.0008142 0.0007124 0.0006615 0.0003561 0.0009670 0.0008664 0.0006615 0.0000000 0.0000010 0.0004070 0.0006106 0.0006106 0.0008142 0.0007633 0.0009681 0.0008652 0.0006615 0.0006615 0.0006615 0.0007633 0.0005597 0.0005088 0.0005597 0.0005597 0.0005088 0.0006106 0.0006106 0.0005597 0.0004579 0.0006615 0.0005088 0.0005597 0.0005597 0.0005088 0.0005088 0.0004070 0.0005088 0.0004070 0.0004070 0.0004579 0.0004070 0.0004070 0.0004070 0.0003561 0.0003561 0.0003561 0.0003561 0.0003561 0.0003052 0.0003052 0.0020931 0.0020931 0.0019393 0.0014283 0.0015306 0.0015309 0.0015309 0.0013262 0.0014797 0.0329998 0.0328769 0.0325922 0.0325362 0.0332147 0.0355547 0.0375903 0.0380057 1.3371151 1.3021306 
EBOV_H.sap-wt_GIN_14_Makona-Kissidougou-EM_078722_KR817175 1.9261282 1.9262980 1.8174794 1.8153831 1.8255326 0.0029143 0.0023493 0.0010179 0.0010179 0.0012739 0.0011719 0.0012238 0.0008652 0.0009686 0.0009176 0.0010707 0.0010197 0.0005597 0.0007633 0.0011198 0.0007633 0.0010196 0.0011724 0.0006615 0.0008142 0.0007124 0.0006615 0.0003561 0.0009670 0.0008664 0.0006615 0.0000010 0.0000000 0.0004070 0.0006106 0.0006106 0.0008142 0.0007633 0.0009681 0.0008652 0.0006615 0.0006615 0.0006615 0.0007633 0.0005597 0.0005088 0.0005597 0.0005597 0.0005088 0.0006106 0.0006106 0.0005597 0.0004579 0.0006615 0.0005088 0.0005597 0.0005597 0.0005088 0.0005088 0.0004070 0.0005088 0.0004070 0.0004070 0.0004579 0.0004070 0.0004070 0.0004070 0.0003561 0.0003561 0.0003561 0.0003561 0.0003561 0.0003052 0.0003052 0.0020931 0.0020931 0.0019393 0.0014283 0.0015306 0.0015309 0.0015309 0.0013262 0.0014797 0.0329998 0.0328769 0.0325922 0.0325362 0.0332147 0.0355547 0.0375903 0.0380057 1.3371151 1.3021306 
EBOV_H.sap-wt_LBR_14_Makona-LIBR0505_KR006957              1.9242017 1.9243716 1.8158552 1.8137160 1.8238982 0.0029140 0.0023491 0.0010179 0.0010179 0.0012738 0.0011718 0.0012237 0.0009670 0.0009685 0.0009175 0.0010706 0.0010196 0.0006615 0.0008652 0.0011198 0.0007633 0.0010196 0.0011723 0.0006615 0.0008142 0.0007124 0.0006615 0.0004579 0.0009670 0.0008663 0.0006615 0.0004070 0.0004070 0.0000000 0.0006106 0.0006106 0.0008142 0.0007633 0.0009681 0.0008652 0.0006615 0.0006615 0.0006615 0.0007633 0.0005597 0.0005088 0.0005597 0.0005597 0.0005088 0.0006106 0.0006106 0.0005597 0.0004579 0.0006615 0.0005088 0.0005597 0.0005597 0.0005088 0.0005088 0.0004070 0.0005088 0.0004070 0.0004070 0.0004579 0.0004070 0.0004070 0.0004070 0.0003561 0.0003561 0.0003561 0.0003561 0.0003561 0.0003052 0.0003052 0.0020930 0.0020930 0.0019392 0.0014282 0.0015305 0.0015308 0.0015308 0.0013261 0.0014795 0.0329968 0.0328740 0.0325893 0.0325333 0.0332118 0.0355515 0.0375869 0.0380023 1.3383197 1.3035732 
EBOV_H.sap-wt_SLE_14_Makona-G4973_1_KR105286               1.9234399 1.9236099 1.8166165 1.8145221 1.8248504 0.0029147 0.0023496 0.0010179 0.0010179 0.0012741 0.0011721 0.0012240 0.0011722 0.0009687 0.0009177 0.0010708 0.0010198 0.0008652 0.0010701 0.0011198 0.0007633 0.0010198 0.0011725 0.0006615 0.0008142 0.0007124 0.0006615 0.0006615 0.0009670 0.0008665 0.0005597 0.0006106 0.0006106 0.0006106 0.0000000 0.0006106 0.0008142 0.0007633 0.0009683 0.0008652 0.0006615 0.0006615 0.0006615 0.0007633 0.0005597 0.0005088 0.0005597 0.0005597 0.0005088 0.0006106 0.0006106 0.0005597 0.0004579 0.0006615 0.0005088 0.0005597 0.0005597 0.0005088 0.0005088 0.0004070 0.0005088 0.0004070 0.0004070 0.0004579 0.0004070 0.0004070 0.0004070 0.0003561 0.0003561 0.0003561 0.0003561 0.0003561 0.0003052 0.0003052 0.0020934 0.0020934 0.0019396 0.0014285 0.0015308 0.0015311 0.0015311 0.0013264 0.0014799 0.0329427 0.0328199 0.0325353 0.0324792 0.0331076 0.0354471 0.0374824 0.0378977 1.3368748 1.3027442 
EBOV_H.sap-wt_SLE_14_Makona-G3949_1_KR105209               1.9213806 1.9215507 1.8152635 1.8131732 1.8233017 0.0029150 0.0023499 0.0010179 0.0010179 0.0012742 0.0011722 0.0012241 0.0011724 0.0009688 0.0009178 0.0010709 0.0010199 0.0008652 0.0010702 0.0011209 0.0007633 0.0010199 0.0011727 0.0006615 0.0008142 0.0007124 0.0006615 0.0006615 0.0009670 0.0008666 0.0006615 0.0006106 0.0006106 0.0006106 0.0006106 0.0000000 0.0008153 0.0007633 0.0009684 0.0008652 0.0006615 0.0006615 0.0006615 0.0007633 0.0005597 0.0005088 0.0005597 0.0005597 0.0005088 0.0006106 0.0006106 0.0005597 0.0004579 0.0006615 0.0005088 0.0005597 0.0005597 0.0005088 0.0005088 0.0004070 0.0005088 0.0004070 0.0004070 0.0004579 0.0004070 0.0004070 0.0004070 0.0003561 0.0003561 0.0003561 0.0003561 0.0003561 0.0003052 0.0003052 0.0020937 0.0020936 0.0019398 0.0014287 0.0015310 0.0015313 0.0015313 0.0013265 0.0014800 0.0330065 0.0328836 0.0325989 0.0325428 0.0331560 0.0354953 0.0375305 0.0379458 1.3365474 1.3028299 
EBOV_H.sap-wt_GIN_14_Makona-Gueckedou-EM_076138_KR817140   1.9207347 1.9209049 1.8135921 1.8115047 1.8216259 0.0027076 0.0021433 0.0012231 0.0012231 0.0014786 0.0013766 0.0010190 0.0013768 0.0007633 0.0007124 0.0008652 0.0008142 0.0010702 0.0012746 0.0013252 0.0009670 0.0008142 0.0009670 0.0008652 0.0010191 0.0009173 0.0008652 0.0008652 0.0011723 0.0006615 0.0008652 0.0008142 0.0008142 0.0008142 0.0008142 0.0008153 0.0000000 0.0005597 0.0007633 0.0010703 0.0008663 0.0008652 0.0008652 0.0005597 0.0006615 0.0003052 0.0007633 0.0007633 0.0007124 0.0008142 0.0008142 0.0007633 0.0006615 0.0008662 0.0007124 0.0007633 0.0007633 0.0007124 0.0007124 0.0006106 0.0007124 0.0006106 0.0006106 0.0006615 0.0006106 0.0006106 0.0006106 0.0005597 0.0005597 0.0005597 0.0005597 0.0005597 0.0005088 0.0005088 0.0018874 0.0018874 0.0017338 0.0012233 0.0013254 0.0013257 0.0013257 0.0011213 0.0012745 0.0327066 0.0325839 0.0322996 0.0322436 0.0328759 0.0352589 0.0372922 0.0377070 1.3367686 1.3029685 
EBOV_H.sap-wt_LBR_14_Makona-EM_080065_KR817232             1.9227456 1.9229156 1.8147428 1.8126537 1.8223409 0.0026564 0.0020922 0.0011721 0.0011721 0.0014276 0.0013256 0.0009681 0.0013258 0.0005088 0.0004579 0.0006106 0.0005597 0.0010192 0.0012236 0.0012742 0.0009161 0.0004579 0.0004070 0.0008142 0.0009681 0.0008663 0.0008142 0.0008142 0.0011212 0.0006106 0.0008142 0.0007633 0.0007633 0.0007633 0.0007633 0.0007633 0.0005597 0.0000000 0.0002035 0.0010193 0.0008153 0.0008142 0.0008142 0.0005088 0.0006106 0.0002544 0.0007124 0.0007124 0.0006615 0.0007633 0.0007633 0.0007124 0.0006106 0.0008152 0.0006615 0.0007124 0.0007124 0.0006615 0.0006615 0.0005597 0.0006615 0.0005597 0.0005597 0.0006106 0.0005597 0.0005597 0.0005597 0.0005088 0.0005088 0.0005088 0.0005088 0.0005088 0.0004579 0.0004579 0.0018363 0.0018363 0.0016827 0.0011723 0.0012744 0.0012747 0.0012747 0.0010702 0.0012235 0.0326518 0.0325292 0.0322449 0.0321889 0.0329779 0.0352632 0.0372968 0.0377117 1.3362207 1.3018454 
EBOV_H.sap-wt_LBR_14_Makona-Foya-EM_074720_KR817125        1.9227953 1.9229653 1.8142271 1.8121387 1.8218247 0.0028616 0.0022969 0.0013763 0.0013764 0.0016320 0.0015299 0.0011722 0.0015302 0.0007124 0.0006615 0.0008142 0.0007633 0.0012234 0.0014279 0.0014785 0.0011211 0.0006615 0.0006106 0.0010192 0.0011723 0.0010704 0.0010192 0.0010192 0.0013255 0.0008142 0.0010192 0.0009681 0.0009681 0.0009681 0.0009683 0.0009684 0.0007633 0.0002035 0.0000000 0.0012235 0.0010194 0.0010191 0.0010190 0.0007124 0.0008142 0.0004579 0.0009161 0.0009161 0.0008652 0.0009681 0.0009680 0.0009174 0.0008142 0.0010194 0.0008652 0.0009174 0.0009172 0.0008663 0.0008663 0.0007633 0.0008652 0.0007633 0.0007633 0.0008142 0.0007633 0.0007633 0.0007633 0.0007124 0.0007124 0.0007124 0.0007124 0.0007124 0.0006615 0.0006615 0.0020410 0.0020409 0.0018872 0.0013766 0.0014787 0.0014790 0.0014790 0.0012745 0.0014278 0.0327630 0.0326403 0.0323559 0.0322999 0.0332017 0.0354886 0.0375234 0.0379386 1.3366255 1.3031497 
EBOV_H.sap-wt_SLE_14_Makona-J0093_KP759760                 1.9258447 1.9260145 1.8172173 1.8151234 1.8252622 0.0031715 0.0026060 0.0010689 0.0010689 0.0013252 0.0014274 0.0014796 0.0014276 0.0012241 0.0011730 0.0013263 0.0012752 0.0011210 0.0013254 0.0011718 0.0010179 0.0012752 0.0014280 0.0007124 0.0008652 0.0009681 0.0009161 0.0009161 0.0010190 0.0011218 0.0009161 0.0008652 0.0008652 0.0008652 0.0008652 0.0008652 0.0010703 0.0010193 0.0012235 0.0000000 0.0007124 0.0007124 0.0007124 0.0010193 0.0008142 0.0007633 0.0008142 0.0008142 0.0007633 0.0002544 0.0006615 0.0008142 0.0007124 0.0009161 0.0007633 0.0006106 0.0006106 0.0007633 0.0007633 0.0006615 0.0005597 0.0004579 0.0004579 0.0005088 0.0006615 0.0006615 0.0006615 0.0006106 0.0006106 0.0006106 0.0006106 0.0006106 0.0005597 0.0005597 0.0023496 0.0023496 0.0021956 0.0016842 0.0017866 0.0017869 0.0017869 0.0015820 0.0017356 0.0332257 0.0331026 0.0328177 0.0327617 0.0334403 0.0357820 0.0378189 0.0382347 1.3371602 1.3046698 
