100
02A1.GH.97.97GH_AG2.AB052867           0.0000000 0.3348760 0.3350730 0.3567079 0.4205046 0.3704642 0.4011886 0.4191528 0.4477011 0.5397713 0.5482944 0.5427500 0.5140601 0.5195344 0.5244868 0.5377357 0.4896009 0.5168202 0.5480530 0.6060609 0.6130608 0.6385749 0.6364432 0.6333540 0.6176594 0.6374270 0.6869860 0.7917445 0.4567286 0.5679668 0.4945342 0.5166329 0.5897860 0.6041241 0.6312652 0.7503114 0.8370272 0.5280644 0.6057727 0.7657575 0.7406546 0.7265924 0.7358273 0.7245939 0.7720085 0.7585364 0.7660320 0.7553685 0.7661650 0.7942141 0.7336398 0.7331581 0.7135059 0.7709066 0.7959116 0.7635728 0.8022249 0.7850717 0.7922721 0.7131184 0.7952728 0.7572809 0.7727148 0.7938541 0.8055345 0.8291417 0.7802852 0.7768598 0.7920826 0.8042606 0.8107608 0.7786117 0.8419659 0.8573284 0.7130448 0.6454226 0.6382412 1.0700704 0.7943677 0.7973596 0.8173094 0.8159221 0.8425702 0.7720263 0.8102310 0.7671063 0.8199552 0.8035488 0.8082928 0.7760364 0.7991740 0.8477490 0.8335761 0.9310368 0.9212201 0.7410473 1.6698478 1.7125581 1.6648213 2.4071845 
02_AG.CM.02.02CM_3217MN.GU201514       0.3348760 0.0000000 0.2488799 0.2805279 0.3380733 0.3962435 0.4042598 0.4337955 0.4612029 0.5410831 0.5458014 0.5516014 0.5111034 0.5061567 0.5505594 0.5527095 0.4899548 0.5159259 0.5454470 0.6081760 0.6144238 0.6445141 0.6460280 0.6360582 0.6296353 0.6577490 0.7065360 0.8014721 0.4656273 0.5685055 0.4992938 0.5293944 0.6002758 0.6289340 0.6613028 0.7688712 0.8401792 0.5308577 0.6018586 0.7756816 0.7602416 0.7590568 0.7419141 0.7161345 0.7652356 0.7622215 0.7702139 0.7804949 0.7667496 0.8017532 0.7460094 0.7448348 0.7425218 0.7751380 0.8163988 0.7742322 0.8215817 0.8152211 0.8023502 0.7253393 0.8160404 0.7680387 0.8002293 0.8205894 0.8257934 0.8424072 0.8114394 0.8065410 0.8187612 0.8287468 0.8063075 0.7871399 0.8564516 0.8691486 0.7150739 0.6650207 0.6309900 1.0828951 0.8219758 0.8068029 0.8383635 0.8459070 0.8646599 0.7965356 0.8463359 0.8055687 0.8245466 0.8231735 0.8415908 0.7951852 0.8002969 0.8758456 0.8639592 0.9411029 0.9343443 0.7634691 1.6615610 1.7544737 1.6892381 2.3920262 
02_AG.GW.04.CC_0030.FJ694791           0.3350730 0.2488799 0.0000000 0.2754234 0.3417381 0.3863962 0.4005363 0.4312804 0.4527749 0.5423376 0.5494023 0.5454377 0.5143556 0.5161660 0.5581884 0.5411203 0.4960145 0.5176210 0.5431518 0.6054755 0.6038537 0.6455238 0.6379961 0.6367330 0.6139871 0.6511129 0.6882756 0.7774708 0.4645480 0.5634705 0.4957639 0.5272700 0.6008997 0.6217168 0.6538289 0.7744905 0.8561885 0.5300822 0.5812962 0.7470440 0.7334667 0.7291052 0.7244265 0.6995929 0.7550383 0.7432899 0.7573563 0.7498326 0.7703826 0.7762749 0.7238220 0.7157325 0.7229032 0.7530212 0.8001812 0.7433591 0.7949630 0.7836141 0.7768167 0.6976799 0.7942205 0.7456063 0.7807599 0.8067637 0.8089589 0.8185882 0.7660950 0.7828079 0.7775695 0.8123820 0.8015901 0.7863281 0.8248325 0.8394751 0.7314689 0.6522770 0.6275691 1.0722759 0.8198822 0.7835636 0.8293895 0.8145964 0.8449723 0.7806070 0.8200195 0.7678240 0.8125828 0.8302156 0.8293679 0.7746352 0.7891688 0.8566476 0.8361580 0.9221592 0.8950833 0.7616525 1.6739246 1.7607765 1.6993955 2.3754677 
02_AG.GW.14.DE00214GW009.MH078544      0.3567079 0.2805279 0.2754234 0.0000000 0.3611779 0.4068799 0.4247992 0.4409036 0.4627169 0.5628531 0.5653753 0.5659588 0.5291953 0.5319593 0.5675748 0.5592228 0.5102101 0.5382734 0.5521481 0.6326510 0.6187229 0.6715092 0.6412285 0.6650259 0.6422833 0.6700610 0.7369727 0.8240930 0.4878577 0.5869105 0.5179615 0.5487464 0.6114934 0.6387444 0.6801621 0.7876972 0.8540390 0.5347089 0.6188693 0.7953105 0.7731069 0.7600844 0.7685720 0.7319867 0.7918075 0.7916399 0.7954571 0.8014853 0.7870269 0.8268429 0.7729211 0.7691683 0.7582070 0.7965115 0.8481444 0.7954200 0.8262541 0.8232143 0.8187474 0.7445941 0.8274716 0.7915965 0.8246909 0.8420106 0.8500730 0.8616880 0.8192863 0.8237999 0.8145531 0.8712058 0.8465403 0.8279571 0.8639818 0.8867328 0.7473412 0.6861411 0.6611509 1.1055450 0.8379219 0.8291789 0.8391322 0.8391217 0.8643899 0.7983176 0.8658644 0.8006199 0.8482945 0.8548215 0.8572246 0.7974414 0.8334722 0.8710722 0.8760597 0.9548697 0.9547452 0.7670462 1.6930770 1.7401364 1.7539792 2.4110927 
02D.GH.03.GHNJ193.AB231897             0.4205046 0.3380733 0.3417381 0.3611779 0.0000000 0.4695424 0.4822280 0.5082425 0.5407344 0.6151115 0.6169921 0.6202538 0.5928840 0.5758471 0.6215818 0.6273011 0.5690003 0.5993186 0.6193037 0.6886890 0.6761287 0.7142317 0.7037124 0.7137535 0.7015388 0.7296647 0.7629743 0.8740761 0.5504219 0.6464524 0.5663855 0.6108183 0.6874656 0.7150879 0.7188752 0.8298918 0.9119557 0.5833445 0.6786918 0.8613390 0.8379828 0.8296638 0.8203974 0.8124818 0.8442141 0.8437107 0.8521417 0.8562958 0.8654444 0.8780542 0.8279078 0.8123662 0.8171741 0.8271098 0.9054508 0.8568135 0.8946310 0.8907613 0.8732651 0.7861102 0.8913056 0.8560632 0.8728529 0.8977638 0.9249769 0.9057603 0.8830093 0.8842522 0.8857133 0.9154350 0.9049623 0.8730054 0.9116970 0.9220710 0.8114382 0.7450116 0.7366121 1.1754659 0.8991922 0.8867875 0.9091310 0.9329221 0.9343331 0.8685445 0.9076239 0.8639880 0.9032838 0.9129853 0.9235298 0.8910780 0.8866067 0.9389941 0.9395417 1.0227032 0.9963846 0.8320272 1.7638829 1.8119927 1.7780883 2.4402696 
02A.CI.16.DEURF16CI011.MH078538        0.3704642 0.3962435 0.3863962 0.4068799 0.4695424 0.0000000 0.4581088 0.4846410 0.4887067 0.5937606 0.5941998 0.6045763 0.5696695 0.5763131 0.6079655 0.5963238 0.5420466 0.5767770 0.5891262 0.6807157 0.6691541 0.7012802 0.7041505 0.6966217 0.6875329 0.7108813 0.7628691 0.8712011 0.5072073 0.6138279 0.5472224 0.5669557 0.6380946 0.6601056 0.7095470 0.8078250 0.8809947 0.5825998 0.6673966 0.8170064 0.7986414 0.7935927 0.7803232 0.7754198 0.8217258 0.8159005 0.8166003 0.8149533 0.8153239 0.8340762 0.8072120 0.7920562 0.7761848 0.8441653 0.8631039 0.8075831 0.8751649 0.8365574 0.8402265 0.7527976 0.8487175 0.8412816 0.8599294 0.8796944 0.8542888 0.8595619 0.8537018 0.8347000 0.8584387 0.8822651 0.8929815 0.8409930 0.9044351 0.9079896 0.7594858 0.7109723 0.6887632 1.1411181 0.8846918 0.8626782 0.8888152 0.8836672 0.9080096 0.8118719 0.8730070 0.8504716 0.9018992 0.8853974 0.9077562 0.8481388 0.8724529 0.9142363 0.9225588 0.9880508 0.9822162 0.7990791 1.7108934 1.7734941 1.7807598 2.4261881 
0206.SN.12.LA56Senegl.KU168299         0.4011886 0.4042598 0.4005363 0.4247992 0.4822280 0.4581088 0.0000000 0.4020752 0.4802645 0.5880703 0.5955686 0.5878155 0.5525440 0.5619186 0.6017285 0.5968102 0.5322994 0.5560228 0.5822809 0.6423441 0.6464936 0.6801515 0.6706132 0.6721235 0.6592945 0.6951007 0.7418801 0.8399727 0.4956681 0.5943620 0.5156128 0.5681936 0.6376752 0.6426543 0.6910152 0.7973694 0.8842131 0.5918111 0.6347675 0.7975727 0.7908814 0.7719986 0.7715202 0.7529001 0.8137687 0.7918785 0.8079576 0.8066997 0.8173091 0.8182864 0.7851010 0.7882432 0.7643475 0.8275264 0.8549258 0.7953226 0.8614042 0.8333610 0.8373719 0.7467652 0.8648560 0.8169446 0.8279892 0.8435927 0.8457524 0.8517741 0.8195498 0.8490872 0.8325113 0.8675715 0.8413607 0.8374915 0.8728160 0.8944116 0.7685718 0.7049139 0.6611744 1.1054028 0.8513129 0.8666616 0.8629750 0.8576053 0.8868440 0.8122517 0.8757669 0.8206241 0.8527398 0.8653618 0.8840187 0.8279422 0.8472634 0.8990266 0.8885929 0.9792980 0.9490988 0.7949496 1.7548912 1.8099188 1.7841238 2.4091709 
U.ES.10.DEURF10DZ001.JX140679          0.4191528 0.4337955 0.4312804 0.4409036 0.5082425 0.4846410 0.4020752 0.0000000 0.4999930 0.6179818 0.6208212 0.6117982 0.5807637 0.5788479 0.6324122 0.6225619 0.5537219 0.5914666 0.6001637 0.6540490 0.6590733 0.7072635 0.6817396 0.6848533 0.6815289 0.7025238 0.7669299 0.8684953 0.5288776 0.6426430 0.5757662 0.5907844 0.6506408 0.6780404 0.7125933 0.8145922 0.8993737 0.6279342 0.6522439 0.8211676 0.8096862 0.7885288 0.7935284 0.7696885 0.8388325 0.8180061 0.8395617 0.8387720 0.8342955 0.8639900 0.8051583 0.7892725 0.7623286 0.8295945 0.8750689 0.8199228 0.8597771 0.8393394 0.8415872 0.7588692 0.8669235 0.8173298 0.8365162 0.8419268 0.8605581 0.8738856 0.8545617 0.8533574 0.8507255 0.8996820 0.8476564 0.8546918 0.8820852 0.9054959 0.8019475 0.7241223 0.6801107 1.1339799 0.8839313 0.8782099 0.8934884 0.9129989 0.9177009 0.8514314 0.8985039 0.8495613 0.8972671 0.9133427 0.9132184 0.8681635 0.8795964 0.9082945 0.9406710 1.0082960 0.9947013 0.8011229 1.7736143 1.8366288 1.8115413 2.4979624 
AGU.CM.06.770_8.MH705142               0.4477011 0.4612029 0.4527749 0.4627169 0.5407344 0.4887067 0.4802645 0.4999930 0.0000000 0.5590310 0.5688425 0.5657250 0.5362644 0.5263154 0.5815592 0.5596147 0.5098956 0.5506727 0.5693346 0.6233058 0.6280239 0.6513639 0.6364435 0.6481678 0.6428216 0.6600266 0.7291105 0.8050698 0.4829172 0.5842030 0.5544523 0.5092197 0.5713135 0.5912490 0.6149514 0.7560056 0.8568328 0.6346854 0.6129693 0.7669019 0.7508554 0.7616870 0.7481748 0.7284501 0.7895558 0.7695067 0.7795125 0.7969900 0.7839291 0.8183020 0.7618333 0.7416821 0.7256447 0.7876334 0.8137066 0.7896036 0.8242188 0.8145289 0.7950949 0.7247642 0.8163729 0.7746511 0.8119460 0.8054339 0.8250047 0.8266308 0.8069392 0.8023050 0.8013575 0.8382416 0.8175466 0.8028672 0.8556962 0.8599520 0.7661175 0.6782734 0.6661954 1.1025578 0.8346193 0.7952793 0.8583435 0.8571158 0.8470437 0.7865862 0.8203506 0.7867493 0.8455463 0.8355394 0.8394558 0.7877675 0.8034269 0.8663357 0.8538693 0.9308879 0.9490387 0.7503763 1.7966276 1.8532874 1.8663204 2.5229350 
A1.KE.06.06KECst_028.FJ623479          0.5397713 0.5410831 0.5423376 0.5628531 0.6151115 0.5937606 0.5880703 0.6179818 0.5590310 0.0000000 0.3209019 0.4065610 0.3639011 0.3899571 0.3991748 0.4512857 0.4397851 0.4625954 0.4810880 0.5512243 0.5608633 0.5941744 0.5926694 0.5811260 0.5798626 0.5847791 0.6496758 0.7426021 0.4895575 0.4812954 0.6416085 0.6455178 0.7220273 0.7427721 0.7768126 0.7179079 0.7767816 0.7415360 0.6864815 0.8510845 0.8413083 0.8214368 0.8164975 0.8026085 0.8589215 0.8528557 0.8624916 0.8524990 0.8686688 0.8526864 0.8057228 0.8129346 0.7992613 0.8523051 0.8861287 0.8654748 0.8816948 0.8720636 0.8645379 0.7750408 0.9134876 0.8488035 0.8741975 0.8831372 0.8803637 0.9108638 0.8830665 0.8594105 0.8688153 0.9116257 0.9066120 0.8729063 0.9182385 0.9438836 0.7753665 0.7354757 0.6992982 1.1685125 0.7439501 0.7187393 0.7468677 0.7497123 0.7598039 0.6830795 0.7544617 0.7031791 0.7337918 0.7493016 0.7591927 0.6972658 0.7320110 0.7737028 0.8097844 0.8467292 0.8266710 0.8030768 1.8400641 1.9281098 1.8783268 2.5416457 
A1.KE.06.06KECst_013.FJ623485          0.5482944 0.5458014 0.5494023 0.5653753 0.6169921 0.5941998 0.5955686 0.6208212 0.5688425 0.3209019 0.0000000 0.4277952 0.3826375 0.4133450 0.3998042 0.4570903 0.4438131 0.4728266 0.4983732 0.5714772 0.5675222 0.6167848 0.5962929 0.5917832 0.5830353 0.6080095 0.6744283 0.7660928 0.4976066 0.4800558 0.6535078 0.6757556 0.7327753 0.7633678 0.7964810 0.7260833 0.7928009 0.7515679 0.6860931 0.8613914 0.8280349 0.8371879 0.8100047 0.8004441 0.8589240 0.8601822 0.8444736 0.8487476 0.8548180 0.8570315 0.8226447 0.8125134 0.7913525 0.8454086 0.8824995 0.8659639 0.8881817 0.8684274 0.8708721 0.7783592 0.9002926 0.8584133 0.8583553 0.8854101 0.8974692 0.8943912 0.8841076 0.8698086 0.8793765 0.9054163 0.8908432 0.8784134 0.9045309 0.9254717 0.8054627 0.7338414 0.6925195 1.1925504 0.7497350 0.7321763 0.7472863 0.7456212 0.7579838 0.6979953 0.7555170 0.6969907 0.7404918 0.7418867 0.7716434 0.7255247 0.7093331 0.7911270 0.7937722 0.8553318 0.8402324 0.8132170 1.9051822 1.9244884 1.9472428 2.4899796 
A1.CY.07.CY208.JF683760                0.5427500 0.5516014 0.5454377 0.5659588 0.6202538 0.6045763 0.5878155 0.6117982 0.5657250 0.4065610 0.4277952 0.0000000 0.2374641 0.4226477 0.4253087 0.4605455 0.4463077 0.4905490 0.5070612 0.5676082 0.5594104 0.6126511 0.6089863 0.6108235 0.5861633 0.6051403 0.6648314 0.7678619 0.5095325 0.4874634 0.6482401 0.6449539 0.7193015 0.7528468 0.7727898 0.7196842 0.7687877 0.7660039 0.6862942 0.8564183 0.8528322 0.8340277 0.8260552 0.8139863 0.8632534 0.8630893 0.8782736 0.8648200 0.8754930 0.8573562 0.8181418 0.8349248 0.8217666 0.8538284 0.9033809 0.8780674 0.9169597 0.8868305 0.8980780 0.7992732 0.9139816 0.8468418 0.8797476 0.9029995 0.9088191 0.9024152 0.8865049 0.8810608 0.8682808 0.9093048 0.9119142 0.8808208 0.9358883 0.9305615 0.7980346 0.7300480 0.7035560 1.1587925 0.7367073 0.7326040 0.7445429 0.7664052 0.7742932 0.7035677 0.7520145 0.7052650 0.7353307 0.7460577 0.7783855 0.7285039 0.7192887 0.7935173 0.7964545 0.8616626 0.8473094 0.8267906 1.8930712 1.9556710 1.9048157 2.6170324 
A1.CY.05.CY051.FJ388903                0.5140601 0.5111034 0.5143556 0.5291953 0.5928840 0.5696695 0.5525440 0.5807637 0.5362644 0.3639011 0.3826375 0.2374641 0.0000000 0.3786220 0.3847823 0.4028171 0.4092785 0.4398578 0.4667156 0.5223574 0.5216246 0.5613025 0.5570501 0.5675491 0.5445949 0.5594935 0.6216730 0.7239492 0.4723995 0.4409456 0.6189828 0.6205348 0.6936255 0.7104336 0.7452113 0.6690075 0.7431784 0.7216801 0.6503211 0.8054959 0.8047507 0.7994114 0.7938313 0.7641287 0.8017033 0.8413794 0.8300267 0.8134437 0.8393569 0.8322569 0.7703806 0.7733135 0.7851964 0.8112130 0.8528783 0.8213500 0.8491401 0.8271194 0.8433220 0.7522449 0.8861968 0.8158410 0.8399050 0.8452736 0.8787849 0.8639435 0.8355441 0.8258591 0.8335472 0.8733357 0.8403391 0.8529487 0.8710901 0.8969733 0.7703425 0.7030072 0.6580585 1.1096779 0.6854178 0.6968236 0.7081642 0.7085218 0.7213337 0.6659321 0.7050203 0.6600741 0.6860253 0.6977235 0.7311447 0.6683389 0.6859045 0.7575338 0.7619799 0.8328656 0.8029845 0.7745632 1.8408182 1.8990371 1.8493905 2.5262221 
A1.UG.11.DEMA110UG001.KF859745         0.5195344 0.5061567 0.5161660 0.5319593 0.5758471 0.5763131 0.5619186 0.5788479 0.5263154 0.3899571 0.4133450 0.4226477 0.3786220 0.0000000 0.4131039 0.4235203 0.4185885 0.4553517 0.4640502 0.5396399 0.5494763 0.5842305 0.5754283 0.5704226 0.5643360 0.5796525 0.6529338 0.7385090 0.4822955 0.4529760 0.6083596 0.6129136 0.6985007 0.7119177 0.7306755 0.7049262 0.7629041 0.7105977 0.6646802 0.8152906 0.8032918 0.8076841 0.7883192 0.7610074 0.8038100 0.8387527 0.8327562 0.8260714 0.8296760 0.8585047 0.7926457 0.7923110 0.7885284 0.8219385 0.8734330 0.8611622 0.8821099 0.8610106 0.8453578 0.7512419 0.8807297 0.8129603 0.8463372 0.8687039 0.8698576 0.8650094 0.8713475 0.8378247 0.8457984 0.8932791 0.8627215 0.8368958 0.9077438 0.9259499 0.7854129 0.7132996 0.6677518 1.1212155 0.7087909 0.6866953 0.7139841 0.7106162 0.7259689 0.6705317 0.7205465 0.6679778 0.7017697 0.7159456 0.7422879 0.6768845 0.6958556 0.7595183 0.7467144 0.8445443 0.8144468 0.7775164 1.8587298 1.9484644 1.8919123 2.6356071 
35_AD.AF.06.007H.GQ477450              0.5244868 0.5505594 0.5581884 0.5675748 0.6215818 0.6079655 0.6017285 0.6324122 0.5815592 0.3991748 0.3998042 0.4253087 0.3847823 0.4131039 0.0000000 0.4615661 0.4519452 0.4878303 0.5012813 0.5639027 0.5679381 0.6039384 0.5947699 0.6054790 0.5902712 0.6141005 0.6621216 0.7493842 0.5106150 0.4831052 0.6554493 0.6558879 0.7268446 0.7623373 0.7864526 0.7392325 0.7969570 0.7388104 0.6998013 0.8447440 0.8505134 0.8477002 0.8421311 0.8080082 0.8725464 0.8749756 0.8778114 0.8868759 0.8631778 0.8799345 0.8055105 0.8264204 0.8185442 0.8530688 0.9116964 0.8610749 0.9130524 0.8715291 0.8782406 0.7961963 0.9193710 0.8643484 0.8959649 0.8959603 0.9379703 0.9131223 0.8859132 0.8924896 0.8671126 0.9427461 0.9002182 0.8870604 0.9349466 0.9454070 0.8112947 0.7353959 0.7138060 1.1781074 0.7395645 0.7450344 0.7364839 0.7421214 0.7710938 0.7025469 0.7637643 0.7102320 0.7399952 0.7520658 0.7789903 0.7194027 0.7455996 0.7955675 0.7898999 0.8710557 0.8660297 0.8194558 1.8483259 1.8982403 1.8424082 2.5685557 
A1D.UG.99.99UGJ21953.AF484496          0.5377357 0.5527095 0.5411203 0.5592228 0.6273011 0.5963238 0.5968102 0.6225619 0.5596147 0.4512857 0.4570903 0.4605455 0.4028171 0.4235203 0.4615661 0.0000000 0.4464149 0.4880310 0.5059655 0.5773884 0.5680108 0.6095983 0.5900498 0.6064621 0.5800647 0.6071164 0.6541271 0.7590979 0.5089737 0.4554762 0.6480335 0.6414548 0.7155338 0.7549555 0.7801908 0.7024939 0.7701433 0.7393413 0.6982634 0.8446970 0.8301186 0.8132254 0.8224047 0.7994604 0.8345611 0.8449310 0.8610882 0.8472099 0.8440822 0.8781805 0.8049191 0.8132255 0.7911057 0.8370868 0.8952414 0.8531413 0.8854208 0.8815192 0.8617019 0.7861826 0.9126930 0.8458611 0.8791856 0.8700777 0.8942941 0.9075681 0.8581552 0.8672837 0.8701422 0.9106099 0.8840388 0.8894496 0.9116049 0.9235977 0.8004061 0.7416877 0.7172499 1.1365008 0.7204749 0.7040395 0.7305814 0.7398759 0.7517131 0.6722197 0.7265561 0.6829125 0.7189876 0.7169779 0.7208248 0.6750184 0.6893204 0.7663137 0.7498568 0.8304549 0.8138503 0.8037725 1.8790191 1.9182167 1.8911165 2.6238480 
A1.CY.06.CY154.FJ388943                0.4896009 0.4899548 0.4960145 0.5102101 0.5690003 0.5420466 0.5322994 0.5537219 0.5098956 0.4397851 0.4438131 0.4463077 0.4092785 0.4185885 0.4519452 0.4464149 0.0000000 0.4206294 0.4318046 0.5084129 0.5087247 0.5372722 0.5266287 0.5309333 0.5251214 0.5380788 0.6024068 0.6961915 0.4429294 0.4645171 0.6021132 0.5915972 0.6403925 0.7001057 0.7171094 0.6548129 0.7393264 0.7077280 0.6322654 0.8105857 0.8052603 0.7879034 0.8021496 0.7665093 0.8068381 0.7957797 0.8114271 0.8098414 0.8377225 0.8195352 0.7664184 0.7715696 0.7607842 0.8093541 0.8463770 0.8148819 0.8488015 0.8355397 0.8361572 0.7525300 0.8604178 0.7918734 0.8302205 0.8247362 0.8438953 0.8598418 0.8232573 0.8212805 0.8480981 0.8671145 0.8437577 0.8346467 0.8632473 0.8971403 0.7633254 0.7048904 0.6658644 1.0955766 0.7282913 0.7198456 0.7168579 0.7458921 0.7537142 0.6799339 0.7380493 0.6768478 0.7335189 0.7449947 0.7554883 0.6929857 0.7166903 0.7926485 0.7868957 0.8328773 0.8368185 0.7674163 1.8289216 1.9000568 1.9077628 2.5831982 
A6.UA.12.DEMA112UA036.KU749406         0.5168202 0.5159259 0.5176210 0.5382734 0.5993186 0.5767770 0.5560228 0.5914666 0.5506727 0.4625954 0.4728266 0.4905490 0.4398578 0.4553517 0.4878303 0.4880310 0.4206294 0.0000000 0.4462487 0.5227213 0.5114332 0.5470179 0.5323284 0.5497464 0.5195915 0.5394080 0.6118047 0.6922579 0.4892800 0.4983843 0.6144398 0.6188478 0.7079182 0.7162360 0.7505687 0.6608438 0.7419651 0.7249831 0.6535168 0.8178218 0.8187743 0.8253495 0.8151388 0.7814067 0.8366794 0.8166153 0.8577232 0.8565774 0.8531436 0.8508733 0.8107920 0.8037610 0.7930335 0.8328233 0.8902964 0.8563809 0.8666082 0.8619554 0.8500859 0.7822017 0.8599859 0.8224940 0.8586659 0.8989491 0.8915271 0.8734381 0.8618207 0.8608356 0.8566620 0.9201372 0.8833933 0.8562679 0.8763210 0.9474752 0.7959930 0.7308897 0.7015584 1.1659688 0.7563856 0.7258419 0.7615033 0.7698550 0.7615914 0.7007742 0.7600804 0.7113218 0.7410327 0.7621138 0.7959324 0.7334256 0.7381428 0.8172332 0.7971637 0.8950152 0.8498504 0.8172435 1.8538087 1.9212235 1.8847280 2.5737973 
22_01A1.CM.02.02CM_1867LE.AY371165     0.5480530 0.5454470 0.5431518 0.5521481 0.6193037 0.5891262 0.5822809 0.6001637 0.5693346 0.4810880 0.4983732 0.5070612 0.4667156 0.4640502 0.5012813 0.5059655 0.4318046 0.4462487 0.0000000 0.4293508 0.4287779 0.4827869 0.4577941 0.4676914 0.4509437 0.4623835 0.5411250 0.6361661 0.4905313 0.5076128 0.6530433 0.6382814 0.7146659 0.7479009 0.7540910 0.5723519 0.6430836 0.7238119 0.6883692 0.8569424 0.8420642 0.8309685 0.8266321 0.7835196 0.8463542 0.8647873 0.8732370 0.8739479 0.8828783 0.8883014 0.8139841 0.8182996 0.8131905 0.8743618 0.8952345 0.8614191 0.9000196 0.8930655 0.8618206 0.8140008 0.8944195 0.8466427 0.8839587 0.8812085 0.8898297 0.9117438 0.8742290 0.8941362 0.8675743 0.9312868 0.9110040 0.8946225 0.9093715 0.9306399 0.7935491 0.7383619 0.7052612 1.1575179 0.7626842 0.7473773 0.7720586 0.7801004 0.7921946 0.7124506 0.7647816 0.7158479 0.7548228 0.7791750 0.7828684 0.7302918 0.7494952 0.8245815 0.8027339 0.8634201 0.8740677 0.8034475 1.8926057 1.9603758 1.9241249 2.5535580 
01_AE.CN.02.YN0236.JX112866            0.6060609 0.6081760 0.6054755 0.6326510 0.6886890 0.6807157 0.6423441 0.6540490 0.6233058 0.5512243 0.5714772 0.5676082 0.5223574 0.5396399 0.5639027 0.5773884 0.5084129 0.5227213 0.4293508 0.0000000 0.1573617 0.2070688 0.2046869 0.2101262 0.2147282 0.2380298 0.2950655 0.3769168 0.5483530 0.5861267 0.6967796 0.7049086 0.7723113 0.7924549 0.8320728 0.4698350 0.5494624 0.8124937 0.7356699 0.8876344 0.8945437 0.9062607 0.8816204 0.8634515 0.9258931 0.9243904 0.9282046 0.9105236 0.9297710 0.9405295 0.8635115 0.8691956 0.8518181 0.9095618 0.9347533 0.9061086 0.9541122 0.9459006 0.9352978 0.8437789 0.9825993 0.9059542 0.9436560 0.9500633 0.9552711 0.9618017 0.9346797 0.9301143 0.9552725 0.9698215 0.9423375 0.9210892 0.9864236 0.9950419 0.8578589 0.8085286 0.7703641 1.2177180 0.8421372 0.8078107 0.8529581 0.8614902 0.8760223 0.7785748 0.8429897 0.7996126 0.8395098 0.8600518 0.8595721 0.8181590 0.8412804 0.8748608 0.8668769 0.9379966 0.9455741 0.8879880 1.9441591 1.9880241 2.0443166 2.6301545 
01_AE.TH.99.99TH_C4460.AY945726        0.6130608 0.6144238 0.6038537 0.6187229 0.6761287 0.6691541 0.6464936 0.6590733 0.6280239 0.5608633 0.5675222 0.5594104 0.5216246 0.5494763 0.5679381 0.5680108 0.5087247 0.5114332 0.4287779 0.1573617 0.0000000 0.2086704 0.2022581 0.2078779 0.2172758 0.2401692 0.2917014 0.3790315 0.5587921 0.5828363 0.6996068 0.7179338 0.7804518 0.8178453 0.8394370 0.4625071 0.5495400 0.8069368 0.7485734 0.8984554 0.9108305 0.9087918 0.8927592 0.8707886 0.9279834 0.9207075 0.9341488 0.9025752 0.9318554 0.9329010 0.8743989 0.8772015 0.8560540 0.9203273 0.9463553 0.9233957 0.9670748 0.9470637 0.9302039 0.8552129 0.9918411 0.8943251 0.9408994 0.9603104 0.9484529 0.9753375 0.9515731 0.9393425 0.9512811 0.9901437 0.9481049 0.9430913 0.9785936 0.9988394 0.8661410 0.8113949 0.7832558 1.2261633 0.8440406 0.8465915 0.8628987 0.8690877 0.8845233 0.7902167 0.8560187 0.7944203 0.8362604 0.8817960 0.8720983 0.8335207 0.8404736 0.8886697 0.8890599 0.9593424 0.9506566 0.8852387 1.9399524 1.9842192 2.0369945 2.5959440 
01_AE.CN.07.GX070143.JX112835          0.6385749 0.6445141 0.6455238 0.6715092 0.7142317 0.7012802 0.6801515 0.7072635 0.6513639 0.5941744 0.6167848 0.6126511 0.5613025 0.5842305 0.6039384 0.6095983 0.5372722 0.5470179 0.4827869 0.2070688 0.2086704 0.0000000 0.2417769 0.2454992 0.2610843 0.2789001 0.3333024 0.4165808 0.5873207 0.6370842 0.7585960 0.7639002 0.8281419 0.8604597 0.8798188 0.5131739 0.5821939 0.8449914 0.7900623 0.9438355 0.9485935 0.9465937 0.9274912 0.9220673 0.9836279 0.9573753 0.9709607 0.9468820 0.9841657 0.9884313 0.9174323 0.9224492 0.9035340 0.9456645 0.9937132 0.9732045 0.9984109 0.9946980 0.9623902 0.9042369 1.0309099 0.9276759 0.9953325 0.9863755 0.9978001 1.0148114 0.9916077 0.9824853 0.9907930 1.0354449 0.9893838 0.9811445 1.0376213 1.0567971 0.8936390 0.8495537 0.8066770 1.2531952 0.8785384 0.8461110 0.8706157 0.8933004 0.9080330 0.8161648 0.8874915 0.8275035 0.8632651 0.8955706 0.8859841 0.8424855 0.8696731 0.9371921 0.9147147 0.9882083 0.9857753 0.9220090 1.9836449 2.0373264 2.0495245 2.6493493 
01_AE.TH.07.AA030a04.JX447057          0.6364432 0.6460280 0.6379961 0.6412285 0.7037124 0.7041505 0.6706132 0.6817396 0.6364435 0.5926694 0.5962929 0.6089863 0.5570501 0.5754283 0.5947699 0.5900498 0.5266287 0.5323284 0.4577941 0.2046869 0.2022581 0.2417769 0.0000000 0.2314925 0.2422233 0.2627515 0.3174371 0.4074979 0.5773039 0.6124687 0.7418275 0.7589270 0.8046632 0.8368001 0.8523179 0.4945520 0.5742078 0.8270533 0.7493625 0.9280341 0.9395495 0.9416066 0.9264642 0.8921287 0.9646428 0.9318861 0.9446527 0.9395010 0.9580662 0.9674598 0.9023391 0.8955404 0.8853185 0.9474947 0.9626675 0.9371175 0.9714301 0.9465932 0.9321234 0.8711781 0.9993132 0.9222640 0.9635221 0.9743830 0.9758918 0.9718914 0.9841687 0.9519833 0.9827129 1.0084570 0.9651164 0.9525259 1.0001015 1.0128339 0.8721513 0.8246224 0.7834819 1.2402962 0.8478141 0.8141643 0.8758239 0.8712811 0.8907523 0.7948269 0.8622814 0.8229864 0.8432149 0.8811314 0.8906906 0.8220511 0.8619262 0.9025387 0.9026466 0.9769938 0.9712732 0.9133388 1.9843829 2.0287439 2.0861075 2.6375391 
01_AE.CN.07.07CNYN326.KF835513         0.6333540 0.6360582 0.6367330 0.6650259 0.7137535 0.6966217 0.6721235 0.6848533 0.6481678 0.5811260 0.5917832 0.6108235 0.5675491 0.5704226 0.6054790 0.6064621 0.5309333 0.5497464 0.4676914 0.2101262 0.2078779 0.2454992 0.2314925 0.0000000 0.2547874 0.2783706 0.3205744 0.4232560 0.5818053 0.6268827 0.7305413 0.7415715 0.8030080 0.8357570 0.8773730 0.4920968 0.5754620 0.8453161 0.7722329 0.9381055 0.9374042 0.9454594 0.9273241 0.9019928 0.9621281 0.9371683 0.9538621 0.9507015 0.9707255 0.9719298 0.9128110 0.9174260 0.8981064 0.9462154 0.9680860 0.9607945 0.9827237 0.9707785 0.9693303 0.8701355 0.9959094 0.9301703 0.9555033 0.9874866 0.9862565 1.0166926 0.9875238 0.9775741 0.9889482 1.0108796 0.9855278 0.9566512 1.0024318 1.0348940 0.8783303 0.8340891 0.8029486 1.2471737 0.8664516 0.8475127 0.8719038 0.8977931 0.9000611 0.8150428 0.8667027 0.8244292 0.8618356 0.8931905 0.8798641 0.8272803 0.8601290 0.9283551 0.9161251 0.9676024 0.9657866 0.9228216 1.9132783 1.9870473 2.0134681 2.6282337 
01_AE.TH.05.AA101a_WG1.JX447936        0.6176594 0.6296353 0.6139871 0.6422833 0.7015388 0.6875329 0.6592945 0.6815289 0.6428216 0.5798626 0.5830353 0.5861633 0.5445949 0.5643360 0.5902712 0.5800647 0.5251214 0.5195915 0.4509437 0.2147282 0.2172758 0.2610843 0.2422233 0.2547874 0.0000000 0.2544539 0.3258219 0.4284222 0.5728376 0.6077012 0.7304595 0.7295511 0.7811333 0.8398505 0.8574327 0.4959245 0.5633368 0.8248797 0.7557318 0.9297779 0.9188117 0.9220415 0.9097801 0.9025418 0.9381703 0.9422186 0.9436272 0.9395967 0.9627814 0.9584502 0.8987997 0.8919042 0.8800374 0.9364885 0.9737941 0.9601457 0.9775981 0.9717939 0.9512906 0.8939529 0.9912687 0.9139805 0.9562060 0.9589830 0.9862797 0.9881957 0.9481541 0.9483609 0.9865255 1.0060437 0.9864148 0.9673575 1.0155429 1.0330099 0.8794311 0.8289686 0.8144693 1.2472861 0.8535807 0.8284427 0.8478349 0.8474515 0.8796341 0.7837725 0.8458975 0.8008348 0.8599725 0.8583117 0.8635029 0.8251654 0.8504466 0.9052119 0.8666150 0.9524540 0.9676879 0.9054484 1.9583289 1.9965083 2.0030475 2.7027062 
01_AE.CN.07.07CNYN343.KF835528         0.6374270 0.6577490 0.6511129 0.6700610 0.7296647 0.7108813 0.6951007 0.7025238 0.6600266 0.5847791 0.6080095 0.6051403 0.5594935 0.5796525 0.6141005 0.6071164 0.5380788 0.5394080 0.4623835 0.2380298 0.2401692 0.2789001 0.2627515 0.2783706 0.2544539 0.0000000 0.3463853 0.4500447 0.5797004 0.6167488 0.7389880 0.7506530 0.7911213 0.8472237 0.8662880 0.4977865 0.5757194 0.8372545 0.7799061 0.9424160 0.9387588 0.9405642 0.9173406 0.9099135 0.9469107 0.9380937 0.9538091 0.9602179 0.9578929 0.9590684 0.9010620 0.8923873 0.8948333 0.9573234 0.9630666 0.9528978 0.9852920 0.9867758 0.9741161 0.8860831 1.0161040 0.9355545 0.9741876 0.9849634 0.9778401 0.9907764 0.9636093 0.9708691 0.9835050 1.0164303 0.9870881 0.9499586 1.0336727 1.0366861 0.8899526 0.8402417 0.8159764 1.2518655 0.8710484 0.8482067 0.8688854 0.8827718 0.8909775 0.8197529 0.8638283 0.8097871 0.8662611 0.8643158 0.8757354 0.8287247 0.8626401 0.9227926 0.8932964 0.9754412 0.9909394 0.8978562 1.9747230 1.9813606 1.9860746 2.7103401 
01BC.CN.13.SZ95LS8027.KX379000         0.6869860 0.7065360 0.6882756 0.7369727 0.7629743 0.7628691 0.7418801 0.7669299 0.7291105 0.6496758 0.6744283 0.6648314 0.6216730 0.6529338 0.6621216 0.6541271 0.6024068 0.6118047 0.5411250 0.2950655 0.2917014 0.3333024 0.3174371 0.3205744 0.3258219 0.3463853 0.0000000 0.4995511 0.6578171 0.6894581 0.8110901 0.8278916 0.8927011 0.9254740 0.9548700 0.5651464 0.6468514 0.9160116 0.8369634 0.9929788 1.0250843 1.0063352 1.0010382 0.9776722 1.0361741 1.0162600 1.0234249 1.0210855 1.0392190 1.0473307 0.9758459 0.9732090 0.9401531 1.0170232 1.0443573 1.0133246 1.0630033 1.0300627 1.0136267 0.9546111 1.0870547 1.0032760 1.0481566 1.0611020 1.0501677 1.0951558 1.0516926 1.0351164 1.0440385 1.1046513 1.0590525 1.0600982 1.0722921 1.1285805 0.9552684 0.9086078 0.8736728 1.3199098 0.9481998 0.9364622 0.9677727 0.9819845 0.9840033 0.8904723 0.9606389 0.9055642 0.9368618 0.9677204 0.9735114 0.9488466 0.9407452 0.9950478 0.9834996 1.0944535 1.0760226 0.9819999 2.0322675 2.0678738 2.0827419 2.6978405 
69_01B.JP.05.05JPMYC113SP420.LC027100  0.7917445 0.8014721 0.7774708 0.8240930 0.8740761 0.8712011 0.8399727 0.8684953 0.8050698 0.7426021 0.7660928 0.7678619 0.7239492 0.7385090 0.7493842 0.7590979 0.6961915 0.6922579 0.6361661 0.3769168 0.3790315 0.4165808 0.4074979 0.4232560 0.4284222 0.4500447 0.4995511 0.0000000 0.7501312 0.7866548 0.9161153 0.9117350 0.9466456 1.0192340 1.0287869 0.6605752 0.7360254 0.9905167 0.9346527 1.0821605 1.0790645 1.0846795 1.0638998 1.0622409 1.1152163 1.0821173 1.1161167 1.1258781 1.1275463 1.1142782 1.0282057 1.0414142 1.0624373 1.0858799 1.1554972 1.0971119 1.1369329 1.1258542 1.0880458 1.0477793 1.1621191 1.0834245 1.1127989 1.1358709 1.1811127 1.1351101 1.1034153 1.1334865 1.1367830 1.1531346 1.1383269 1.1008372 1.1587781 1.1827653 1.0503776 1.0049506 0.9665847 1.4059669 1.0159587 0.9976636 1.0501462 1.0660155 1.0819253 0.9911358 1.0380497 0.9877573 1.0206124 1.0511487 1.0278811 0.9982564 0.9983840 1.0694723 1.0719879 1.1487729 1.1346197 1.0824775 2.1355362 2.1827221 2.1885000 2.7954050 
45_cpx.CD.97.97CD_MBFE185.FN392874     0.4567286 0.4656273 0.4645480 0.4878577 0.5504219 0.5072073 0.4956681 0.5288776 0.4829172 0.4895575 0.4976066 0.5095325 0.4723995 0.4822955 0.5106150 0.5089737 0.4429294 0.4892800 0.4905313 0.5483530 0.5587921 0.5873207 0.5773039 0.5818053 0.5728376 0.5797004 0.6578171 0.7501312 0.0000000 0.5151915 0.5710763 0.5555950 0.6282305 0.6586795 0.6696668 0.6983897 0.7875006 0.6691722 0.6020931 0.7550962 0.7586594 0.7421999 0.7372033 0.7199884 0.7776058 0.7526216 0.7701402 0.7785601 0.7943012 0.7831840 0.7205296 0.7286056 0.7231593 0.7576874 0.8156546 0.7652035 0.8064029 0.8080548 0.7866199 0.6921920 0.8370071 0.7473208 0.7802066 0.7900669 0.7993725 0.8121431 0.7811583 0.7881737 0.7707290 0.8289727 0.8083109 0.7668720 0.8065639 0.8453146 0.7204803 0.6579890 0.6271682 1.0694282 0.7664551 0.7703980 0.7890764 0.7751488 0.7995345 0.7362705 0.7819629 0.7359443 0.7764767 0.7853097 0.8032765 0.7589749 0.7733902 0.8396767 0.8163302 0.8903814 0.8766769 0.7210349 1.8506413 1.8567429 1.8752607 2.4973990 
A1C.UG.99.99UGF25926.AF484491          0.5679668 0.5685055 0.5634705 0.5869105 0.6464524 0.6138279 0.5943620 0.6426430 0.5842030 0.4812954 0.4800558 0.4874634 0.4409456 0.4529760 0.4831052 0.4554762 0.4645171 0.4983843 0.5076128 0.5861267 0.5828363 0.6370842 0.6124687 0.6268827 0.6077012 0.6167488 0.6894581 0.7866548 0.5151915 0.0000000 0.6718289 0.6753279 0.7534487 0.7681290 0.7852075 0.7362601 0.8127547 0.7533972 0.7135160 0.8754549 0.8648651 0.8612020 0.8435296 0.8333007 0.8936472 0.8785383 0.8777595 0.8730939 0.8956823 0.8861249 0.8478263 0.8489505 0.8311867 0.8720889 0.9323757 0.8718061 0.9061525 0.8972569 0.8752684 0.8080357 0.9256695 0.8856535 0.9049106 0.9001364 0.9257028 0.9288079 0.9025777 0.8946228 0.9097994 0.9359353 0.9397425 0.8978235 0.9286698 0.9624183 0.8207573 0.7765417 0.7301191 1.2198464 0.6207056 0.6040014 0.6178670 0.6312342 0.6344601 0.6006421 0.6345369 0.5792073 0.6287885 0.6296870 0.6607040 0.5982271 0.6128528 0.6970465 0.6630344 0.7446554 0.7472641 0.8311530 1.9397306 1.9935090 1.9438015 2.6290553 
93_cpx.CD.08.DRC653.MF372651           0.4945342 0.4992938 0.4957639 0.5179615 0.5663855 0.5472224 0.5156128 0.5757662 0.5544523 0.6416085 0.6535078 0.6482401 0.6189828 0.6083596 0.6554493 0.6480335 0.6021132 0.6144398 0.6530433 0.6967796 0.6996068 0.7585960 0.7418275 0.7305413 0.7304595 0.7389880 0.8110901 0.9161153 0.5710763 0.6718289 0.0000000 0.6424597 0.7178611 0.7260723 0.7555639 0.8811003 0.9428615 0.6932298 0.7087617 0.8616088 0.8638754 0.8437525 0.8607270 0.8362974 0.8848959 0.8835251 0.8810806 0.8901393 0.8871091 0.8995326 0.8406226 0.8456766 0.8210448 0.8807613 0.9264289 0.8834203 0.9033303 0.8968817 0.8816208 0.7885239 0.9357303 0.8819497 0.8925452 0.8941465 0.9324470 0.9352580 0.8989818 0.8981457 0.9006665 0.9356555 0.9251928 0.8979908 0.9512547 0.9797613 0.8430841 0.7615916 0.7283787 1.1870739 0.9495076 0.9145869 0.9325063 0.9230373 0.9697411 0.8924394 0.9567106 0.8914598 0.9309561 0.9397133 0.9376306 0.8848375 0.9381235 0.9616645 0.9708343 1.0471239 1.0404506 0.8335134 1.8931328 1.9244760 1.9402000 2.6536235 
G.NG.92.92NG083_JV10832.U88826         0.5166329 0.5293944 0.5272700 0.5487464 0.6108183 0.5669557 0.5681936 0.5907844 0.5092197 0.6455178 0.6757556 0.6449539 0.6205348 0.6129136 0.6558879 0.6414548 0.5915972 0.6188478 0.6382814 0.7049086 0.7179338 0.7639002 0.7589270 0.7415715 0.7295511 0.7506530 0.8278916 0.9117350 0.5555950 0.6753279 0.6424597 0.0000000 0.3532858 0.3846727 0.4024494 0.8580655 0.9512090 0.7157696 0.6980404 0.8423476 0.8526590 0.8353927 0.8125472 0.8144263 0.8659391 0.8411853 0.8621789 0.8759696 0.8713805 0.8985206 0.8179124 0.8298706 0.8161020 0.8541401 0.9114131 0.8563053 0.9025901 0.8813920 0.8665857 0.7937584 0.8842802 0.8463098 0.8645782 0.8950074 0.8961872 0.9158400 0.8869996 0.8733138 0.8622766 0.9196541 0.8989692 0.8772521 0.9428313 0.9531966 0.8165428 0.7727181 0.7397455 1.1636529 0.9256853 0.8912637 0.9145470 0.9187553 0.9445592 0.8991447 0.9129412 0.8793971 0.9300901 0.9297609 0.9344583 0.8996984 0.8994195 0.9927827 0.9627223 1.0180432 1.0192742 0.8511327 1.8398768 1.8868716 1.8927901 2.5944411 
G.NG.09.09NG010261.KX389626            0.5897860 0.6002758 0.6008997 0.6114934 0.6874656 0.6380946 0.6376752 0.6506408 0.5713135 0.7220273 0.7327753 0.7193015 0.6936255 0.6985007 0.7268446 0.7155338 0.6403925 0.7079182 0.7146659 0.7723113 0.7804518 0.8281419 0.8046632 0.8030080 0.7811333 0.7911213 0.8927011 0.9466456 0.6282305 0.7534487 0.7178611 0.3532858 0.0000000 0.4589791 0.4819174 0.9143504 1.0190889 0.8020912 0.7844785 0.9354056 0.9196657 0.9056198 0.9005452 0.8790977 0.9504922 0.9522293 0.9352560 0.9751469 0.9486089 0.9672821 0.8983620 0.9112506 0.8941954 0.9398737 0.9620277 0.9376309 1.0042302 0.9778369 0.9813440 0.8736509 0.9779295 0.9129772 0.9303624 0.9737620 0.9903150 0.9763146 0.9586208 0.9598487 0.9450425 0.9891240 0.9516387 0.9290414 0.9952504 1.0181273 0.9038813 0.8346367 0.8117731 1.2372609 0.9822545 0.9861814 0.9944595 0.9882493 1.0139999 0.9455479 0.9972880 0.9709638 0.9931433 0.9919534 1.0024475 0.9726362 0.9852348 1.0528067 1.0359260 1.1202653 1.1054007 0.9154623 1.9256107 1.9617428 1.9623103 2.6493336 
01F2G.CM.02.LT31.JN864056              0.6041241 0.6289340 0.6217168 0.6387444 0.7150879 0.6601056 0.6426543 0.6780404 0.5912490 0.7427721 0.7633678 0.7528468 0.7104336 0.7119177 0.7623373 0.7549555 0.7001057 0.7162360 0.7479009 0.7924549 0.8178453 0.8604597 0.8368001 0.8357570 0.8398505 0.8472237 0.9254740 1.0192340 0.6586795 0.7681290 0.7260723 0.3846727 0.4589791 0.0000000 0.4110891 0.9715092 1.0375002 0.8230534 0.8183696 0.9361185 0.9394153 0.9137520 0.9210705 0.9056793 0.9630604 0.9427282 0.9561456 0.9619131 0.9468058 0.9873136 0.9199152 0.9144943 0.9225078 0.9435029 1.0074740 0.9549463 0.9936421 0.9898126 0.9794695 0.8943163 0.9947654 0.9482761 0.9665372 1.0213142 0.9952940 0.9928825 1.0078238 0.9824603 0.9816058 1.0223072 0.9842539 0.9763136 1.0192810 1.0618005 0.9266725 0.8737177 0.8415244 1.2710899 1.0071518 1.0150153 1.0315634 0.9955957 1.0429912 0.9601780 1.0186823 0.9807198 1.0310604 1.0110929 1.0505915 0.9809449 0.9955332 1.0771337 1.0661865 1.1401986 1.1203000 0.9545317 1.9507078 1.9666072 1.9338983 2.6382816 
BCG.ES.15.100_119.KY496623             0.6312652 0.6613028 0.6538289 0.6801621 0.7188752 0.7095470 0.6910152 0.7125933 0.6149514 0.7768126 0.7964810 0.7727898 0.7452113 0.7306755 0.7864526 0.7801908 0.7171094 0.7505687 0.7540910 0.8320728 0.8394370 0.8798188 0.8523179 0.8773730 0.8574327 0.8662880 0.9548700 1.0287869 0.6696668 0.7852075 0.7555639 0.4024494 0.4819174 0.4110891 0.0000000 0.9711570 1.0763511 0.8704256 0.8412607 0.9765772 0.9717428 0.9489782 0.9437947 0.9413194 0.9877458 0.9684370 1.0039959 0.9698254 0.9977400 1.0102446 0.9319931 0.9458130 0.9422762 0.9827045 1.0387759 0.9896761 1.0099031 1.0054910 0.9885171 0.9282880 1.0217594 0.9959307 0.9870790 0.9974546 1.0468273 1.0031276 1.0032049 0.9912907 0.9952903 1.0370101 0.9997650 1.0005065 1.0708986 1.0805615 0.9509424 0.8925366 0.8797047 1.2921670 1.0412166 1.0353302 1.0730490 1.0369104 1.0512486 1.0152408 1.0519593 1.0220276 1.0530185 1.0428859 1.0827856 1.0166647 1.0168038 1.0988412 1.0566584 1.1522310 1.1561368 0.9887841 2.0006763 2.0272915 2.0425186 2.7205470 
0107.CN.15.HB041501.KY019257           0.7503114 0.7688712 0.7744905 0.7876972 0.8298918 0.8078250 0.7973694 0.8145922 0.7560056 0.7179079 0.7260833 0.7196842 0.6690075 0.7049262 0.7392325 0.7024939 0.6548129 0.6608438 0.5723519 0.4698350 0.4625071 0.5131739 0.4945520 0.4920968 0.4959245 0.4977865 0.5651464 0.6605752 0.6983897 0.7362601 0.8811003 0.8580655 0.9143504 0.9715092 0.9711570 0.0000000 0.4333937 0.9668895 0.8800050 1.0316576 1.0293521 1.0483292 1.0216203 1.0052757 1.0642675 1.0675715 1.0675340 1.0772592 1.0753213 1.0480007 1.0224971 1.0117208 1.0145391 1.0520942 1.0926862 1.0719912 1.1039204 1.0910146 1.0706102 0.9787356 1.1245503 1.0480631 1.0969145 1.1139038 1.1003479 1.1088008 1.0771923 1.0729766 1.0856467 1.1032743 1.0903544 1.0850775 1.1474221 1.1459021 1.0402844 0.9715573 0.9198112 1.3725888 0.9694318 0.9326142 0.9945473 1.0055824 0.9889389 0.9361341 1.0024037 0.9295203 0.9784995 0.9961601 1.0174414 0.9593731 0.9589637 1.0489169 0.9995978 1.1148986 1.1038184 1.0325424 2.0457572 2.1089408 2.1095122 2.6515886 
01BC.CN.14.BJ.2014.MSM.SP01.KP668994   0.8370272 0.8401792 0.8561885 0.8540390 0.9119557 0.8809947 0.8842131 0.8993737 0.8568328 0.7767816 0.7928009 0.7687877 0.7431784 0.7629041 0.7969570 0.7701433 0.7393264 0.7419651 0.6430836 0.5494624 0.5495400 0.5821939 0.5742078 0.5754620 0.5633368 0.5757194 0.6468514 0.7360254 0.7875006 0.8127547 0.9428615 0.9512090 1.0190889 1.0375002 1.0763511 0.4333937 0.0000000 1.0216502 0.9632149 1.1355958 1.1227694 1.1287466 1.0865224 1.0863899 1.1623990 1.1653533 1.1478730 1.1658582 1.1704301 1.1538186 1.1011367 1.0851621 1.0862149 1.1050314 1.1699309 1.1264867 1.1772649 1.1693312 1.1296969 1.0668089 1.2110818 1.1588162 1.1871456 1.1796397 1.1758961 1.1627762 1.1591374 1.1594105 1.2093808 1.2122003 1.1615458 1.1422836 1.2042554 1.2331054 1.0733452 1.0568809 0.9966575 1.4664863 1.0440586 1.0171587 1.0562757 1.0638102 1.0873618 0.9984827 1.0605081 1.0169025 1.0469576 1.0562115 1.0866557 1.0224680 1.0314872 1.1030667 1.0726015 1.1780937 1.1913798 1.1197153 2.2183242 2.3017821 2.2090108 2.8696599 
06_cpx.SN.97.97SE1078.AJ288981         0.5280644 0.5308577 0.5300822 0.5347089 0.5833445 0.5825998 0.5918111 0.6279342 0.6346854 0.7415360 0.7515679 0.7660039 0.7216801 0.7105977 0.7388104 0.7393413 0.7077280 0.7249831 0.7238119 0.8124937 0.8069368 0.8449914 0.8270533 0.8453161 0.8248797 0.8372545 0.9160116 0.9905167 0.6691722 0.7533972 0.6932298 0.7157696 0.8020912 0.8230534 0.8704256 0.9668895 1.0216502 0.0000000 0.8104532 0.9706047 0.9611227 0.9441960 0.9127330 0.9050914 0.9697373 0.9393111 0.9603939 0.9603042 0.9711920 0.9772203 0.9122503 0.9307073 0.9069259 0.9824676 0.9947803 0.9585240 1.0203639 0.9983312 0.9832304 0.9155228 0.9980928 0.9775931 0.9786195 1.0148780 0.9998095 1.0081758 0.9958521 0.9999412 1.0156494 1.0277656 1.0182002 1.0014900 1.0162418 1.0361677 0.9140663 0.8762217 0.8217926 1.3169446 1.0136739 0.9835689 1.0015775 1.0274802 1.0159439 0.9891293 1.0041992 0.9599284 0.9863346 1.0323653 1.0408386 0.9846154 0.9887354 1.0611252 1.0475795 1.1328102 1.1122643 0.9345456 1.8865944 1.9338043 1.9198401 2.6292290 
