93
RESTV_M.fas-tc_USA_89_Philippines89-Pennsylvania_NC_004161 0.0000000 0.0235600 0.0324987 1.8861384 1.8861869 2.1173138 2.0908106 1.9208751 1.9206999 1.9203938 1.9228307 1.9330121 1.9283838 1.9310187 1.9289121 1.9290500 1.9310029 1.9303691 1.9299484 1.9284251 1.9303313 1.9290423 1.9321641 1.9287287 1.9287287 1.9292483 1.9340489 1.9323483 1.9307229 1.9301221 1.9309888 1.9330921 1.9301563 1.9312057 1.9312057 1.9312468 1.9318253 1.9321629 1.9318908 1.9336681 1.9336681 1.9315166 1.9309888 1.9326335 1.9327081 1.9311268 1.9311268 1.9318849 1.9301588 1.9301588 1.9311268 1.9306146 1.9308089 1.9308089 1.9310787 1.9302444 1.9313735 1.9310299 1.9310913 1.9358562 1.9318469 1.9317526 1.9317903 1.9294652 1.9304866 1.9314608 1.9297746 1.9308995 1.9313257 1.9313257 1.9314671 1.9311960 1.9295135 1.9303503 1.9296729 1.9284022 1.9303792 1.9303343 1.9291823 1.9280723 1.9319355 1.9285779 1.9300483 1.9284763 1.9286142 1.9299134 1.9301453 1.9305564 1.9309601 1.9421608 1.9445544 1.9353103 1.9324255 
RESTV_S.dom-tc_PHL_08_Reston08-A_FJ621583                  0.0235600 0.0000000 0.0486452 1.9108428 1.9108923 2.1445826 2.1045048 1.9476248 1.9474361 1.9471268 1.9496089 1.9609829 1.9565463 1.9592526 1.9568795 1.9570196 1.9592194 1.9585726 1.9581417 1.9566009 1.9585429 1.9572322 1.9604066 1.9569004 1.9569004 1.9574249 1.9623306 1.9606019 1.9589382 1.9583222 1.9592058 1.9611481 1.9583531 1.9594233 1.9594233 1.9594657 1.9600591 1.9603998 1.9601186 1.9619377 1.9619377 1.9597366 1.9592058 1.9608715 1.9609516 1.9593459 1.9593459 1.9601196 1.9583690 1.9583690 1.9593459 1.9588285 1.9590272 1.9590272 1.9592981 1.9583959 1.9595947 1.9592481 1.9587003 1.9644524 1.9603465 1.9600593 1.9601017 1.9577347 1.9589644 1.9596947 1.9579699 1.9591000 1.9595431 1.9595431 1.9596907 1.9594254 1.9577096 1.9582029 1.9580313 1.9563905 1.9585829 1.9585363 1.9575396 1.9564086 1.9601699 1.9567565 1.9582459 1.9566529 1.9567929 1.9581005 1.9583443 1.9587580 1.9591655 1.9716219 1.9740586 1.9636436 1.9616264 
RESTV_S.dom-xx_PHL_08_Reston08-C_FJ621584                  0.0324987 0.0486452 0.0000000 1.9090106 1.9090600 2.1320661 2.1030407 1.9137384 1.9135669 1.9132619 1.9157354 1.9276123 1.9229296 1.9257306 1.9232778 1.9234153 1.9253635 1.9247324 1.9243138 1.9227941 1.9246930 1.9234085 1.9260816 1.9230985 1.9230985 1.9236171 1.9283963 1.9267015 1.9250839 1.9244862 1.9253494 1.9274986 1.9245210 1.9255662 1.9255662 1.9256070 1.9261825 1.9265194 1.9260246 1.9283726 1.9283726 1.9258765 1.9253494 1.9272609 1.9268889 1.9254869 1.9254869 1.9262419 1.9246951 1.9246951 1.9254869 1.9249758 1.9251693 1.9251693 1.9254389 1.9246085 1.9257332 1.9253902 1.9254518 1.9307964 1.9262033 1.9259378 1.9253219 1.9236582 1.9248475 1.9258180 1.9241396 1.9251800 1.9252485 1.9252485 1.9258263 1.9255541 1.9238784 1.9246628 1.9240406 1.9232110 1.9247425 1.9246979 1.9235503 1.9224445 1.9262092 1.9229464 1.9244128 1.9228452 1.9229826 1.9242800 1.9245096 1.9253576 1.9257604 1.9350784 1.9368538 1.9258245 1.9262230 
SUDV_H.sap-xx_UGA_12_EboSud-603_KC545390                   1.8861384 1.9108428 1.9090106 0.0000000 0.0001044 2.2158654 2.2336983 2.0403662 2.0419888 2.0421250 2.0422856 2.0696659 2.0667070 2.0678626 2.0665701 2.0665701 2.0682456 2.0675316 2.0655463 2.0636081 2.0633768 2.0649778 2.0639509 2.0665475 2.0665475 2.0656247 2.0689473 2.0686371 2.0661150 2.0654968 2.0663949 2.0662110 2.0649915 2.0662430 2.0662430 2.0665229 2.0665803 2.0665317 2.0685829 2.0664811 2.0664811 2.0654085 2.0663949 2.0674290 2.0678369 2.0665469 2.0665469 2.0679992 2.0641719 2.0641719 2.0666203 2.0666378 2.0658823 2.0658823 2.0660899 2.0651380 2.0662108 2.0660343 2.0653213 2.0711451 2.0649018 2.0643139 2.0636208 2.0655617 2.0640825 2.0646865 2.0665779 2.0666209 2.0655049 2.0655049 2.0687966 2.0650650 2.0659126 2.0690560 2.0700412 2.0692493 2.0713300 2.0716913 2.0682176 2.0697895 2.0689868 2.0681962 2.0671418 2.0665896 2.0668148 2.0665953 2.0671159 2.0652760 2.0643380 2.0677288 2.0707618 2.0583002 2.0523205 
SUDV_H.sap-xx_UGA_12_EboSud-609_KC545391                   1.8861869 1.9108923 1.9090600 0.0001044 0.0000000 2.2159279 2.2332866 2.0406068 2.0422295 2.0423656 2.0425263 2.0699089 2.0669499 2.0681055 2.0668131 2.0668131 2.0684886 2.0677745 2.0657891 2.0638508 2.0636195 2.0652206 2.0641936 2.0667904 2.0667904 2.0658676 2.0691904 2.0688800 2.0663578 2.0657395 2.0666378 2.0664537 2.0652343 2.0664858 2.0664858 2.0667657 2.0668233 2.0667747 2.0688258 2.0667240 2.0667240 2.0656514 2.0666378 2.0676719 2.0680799 2.0667897 2.0667897 2.0682421 2.0644146 2.0644146 2.0668631 2.0668806 2.0661252 2.0661252 2.0663327 2.0653808 2.0664536 2.0662771 2.0655641 2.0713883 2.0651446 2.0645566 2.0638636 2.0658046 2.0643252 2.0649293 2.0668208 2.0668637 2.0657478 2.0657478 2.0690395 2.0653078 2.0661554 2.0692991 2.0702843 2.0694923 2.0715732 2.0719345 2.0684606 2.0700325 2.0692299 2.0684392 2.0673847 2.0668323 2.0670576 2.0668380 2.0673588 2.0655188 2.0645807 2.0679725 2.0710057 2.0585431 2.0525630 
TAFV_H.sap-tc_CIV_94_Pauleoula-CI_NC_014372                2.1173138 2.1445826 2.1320661 2.2158654 2.2159279 0.0000000 0.7963261 1.3386348 1.3383937 1.3376674 1.3387869 1.3579158 1.3557674 1.3555786 1.3586428 1.3591432 1.3584782 1.3576442 1.3583901 1.3581308 1.3600478 1.3587769 1.3593820 1.3592265 1.3592265 1.3595381 1.3577983 1.3577692 1.3583647 1.3575330 1.3580955 1.3568069 1.3582018 1.3578895 1.3578895 1.3579072 1.3574065 1.3571818 1.3570934 1.3588512 1.3588512 1.3568256 1.3580955 1.3588223 1.3592402 1.3580562 1.3580562 1.3583294 1.3573873 1.3573873 1.3583014 1.3581258 1.3583075 1.3583075 1.3584378 1.3575762 1.3579008 1.3581131 1.3586160 1.3573259 1.3574743 1.3575054 1.3580221 1.3585879 1.3584252 1.3575016 1.3585317 1.3583589 1.3581408 1.3581408 1.3593499 1.3584888 1.3581943 1.3571986 1.3588799 1.3576664 1.3589223 1.3588036 1.3579055 1.3576682 1.3586046 1.3574801 1.3572135 1.3564471 1.3566530 1.3562225 1.3570531 1.3573309 1.3586490 1.3586964 1.3616803 1.3568727 1.3555384 
BDBV_H.sap-xx_COD_12_EboBund-122_KC545395                  2.0908106 2.1045048 2.1030407 2.2336983 2.2332866 0.7963261 0.0000000 1.3618947 1.3612508 1.3605906 1.3628708 1.3959552 1.3934539 1.3942832 1.3943640 1.3947614 1.3946296 1.3942940 1.3938647 1.3953177 1.3943889 1.3954237 1.3938403 1.3938811 1.3938811 1.3960940 1.3946197 1.3962311 1.3948891 1.3940424 1.3946176 1.3960986 1.3941160 1.3948123 1.3948123 1.3948312 1.3950001 1.3952717 1.3948541 1.3973478 1.3973478 1.3949022 1.3946176 1.3953607 1.3963038 1.3945789 1.3945789 1.3948639 1.3952578 1.3952578 1.3947188 1.3946487 1.3945352 1.3945352 1.3947566 1.3952120 1.3949200 1.3946365 1.3952029 1.3983209 1.3950456 1.3947108 1.3945862 1.3945787 1.3952081 1.3938701 1.3956258 1.3950083 1.3949247 1.3949247 1.3951974 1.3953219 1.3948701 1.3932955 1.3953520 1.3948041 1.3942809 1.3946570 1.3938436 1.3939101 1.3937552 1.3943208 1.3943676 1.3949537 1.3947590 1.3938783 1.3945673 1.3952673 1.3955943 1.3821125 1.3812017 1.3850545 1.3831304 
EBOV_H.sap-tc_COD_07_1Luebo_KC242786                       1.9208751 1.9476248 1.9137384 2.0403662 2.0406068 1.3386348 1.3618947 0.0000000 0.0002043 0.0004086 0.0006130 0.0333630 0.0323888 0.0322284 0.0329623 0.0329065 0.0328478 0.0323907 0.0326239 0.0332464 0.0332560 0.0330741 0.0330836 0.0330203 0.0330203 0.0330181 0.0329098 0.0331887 0.0325601 0.0325605 0.0325038 0.0329531 0.0326232 0.0325594 0.0325594 0.0326154 0.0327286 0.0326726 0.0330666 0.0331923 0.0331923 0.0327324 0.0325038 0.0327909 0.0332372 0.0325599 0.0325599 0.0326761 0.0329023 0.0329023 0.0325599 0.0326159 0.0326154 0.0326154 0.0326719 0.0326172 0.0326780 0.0325597 0.0327280 0.0335308 0.0330086 0.0333462 0.0331181 0.0331202 0.0328967 0.0326165 0.0327871 0.0327897 0.0326150 0.0326150 0.0327916 0.0326726 0.0327849 0.0327432 0.0326800 0.0326191 0.0329028 0.0330711 0.0323946 0.0326226 0.0328464 0.0327308 0.0321669 0.0320483 0.0321044 0.0320424 0.0319869 0.0321026 0.0322756 0.0235060 0.0246684 0.0231041 0.0198669 
EBOV_H.sap-tc_COD_07_M-M_HQ613403                          1.9206999 1.9474361 1.9135669 2.0419888 2.0422295 1.3383937 1.3612508 0.0002043 0.0000000 0.0002043 0.0004086 0.0331359 0.0321625 0.0320022 0.0327355 0.0326798 0.0326212 0.0321644 0.0323974 0.0330195 0.0330290 0.0328473 0.0328567 0.0327935 0.0327935 0.0327913 0.0326831 0.0329618 0.0323337 0.0323341 0.0322774 0.0327265 0.0323967 0.0323330 0.0323330 0.0323890 0.0325021 0.0324461 0.0328399 0.0329654 0.0329654 0.0325059 0.0322774 0.0325643 0.0330103 0.0323335 0.0323335 0.0324496 0.0326756 0.0326756 0.0323335 0.0323894 0.0323890 0.0323890 0.0324454 0.0323907 0.0324515 0.0323333 0.0325015 0.0333037 0.0327819 0.0331193 0.0328913 0.0328934 0.0326701 0.0323900 0.0325605 0.0325631 0.0323885 0.0323885 0.0325650 0.0324461 0.0325584 0.0325165 0.0324535 0.0323926 0.0326761 0.0328444 0.0321682 0.0323961 0.0326197 0.0325043 0.0319407 0.0318223 0.0318783 0.0318164 0.0317609 0.0318765 0.0320494 0.0232856 0.0244472 0.0228841 0.0196492 
EBOV_H.sap-tc_COD_07_5Luebo_KC242790                       1.9203938 1.9471268 1.9132619 2.0421250 2.0423656 1.3376674 1.3605906 0.0004086 0.0002043 0.0000000 0.0006130 0.0333615 0.0323874 0.0322270 0.0329608 0.0329051 0.0328464 0.0323893 0.0326225 0.0332450 0.0332546 0.0330726 0.0330821 0.0330188 0.0330188 0.0330166 0.0329084 0.0331873 0.0325587 0.0325591 0.0325024 0.0329517 0.0326218 0.0325580 0.0325580 0.0326140 0.0327272 0.0326712 0.0330652 0.0331909 0.0331909 0.0327310 0.0325024 0.0327894 0.0332358 0.0325585 0.0325585 0.0326747 0.0329008 0.0329008 0.0325585 0.0326145 0.0326140 0.0326140 0.0326705 0.0326158 0.0326766 0.0325583 0.0327266 0.0335294 0.0330071 0.0333447 0.0331166 0.0331187 0.0328953 0.0326151 0.0327857 0.0327883 0.0326136 0.0326136 0.0327902 0.0326712 0.0327835 0.0327418 0.0326786 0.0326177 0.0329013 0.0330697 0.0323932 0.0326212 0.0328450 0.0327294 0.0321655 0.0320470 0.0321030 0.0320410 0.0319855 0.0321013 0.0322742 0.0235050 0.0246674 0.0231031 0.0198661 
EBOV_H.sap-tc_COD_08_034-KS_HQ613402                       1.9228307 1.9496089 1.9157354 2.0422856 2.0425263 1.3387869 1.3628708 0.0006130 0.0004086 0.0006130 0.0000000 0.0335308 0.0325562 0.0323958 0.0331299 0.0330741 0.0330154 0.0325581 0.0327914 0.0334142 0.0334238 0.0332417 0.0332513 0.0331879 0.0331879 0.0331857 0.0330774 0.0333564 0.0327276 0.0327280 0.0326712 0.0331207 0.0327907 0.0327269 0.0327269 0.0327829 0.0328961 0.0328401 0.0332343 0.0333601 0.0333601 0.0329000 0.0326712 0.0329584 0.0334049 0.0327273 0.0327273 0.0328436 0.0330699 0.0330699 0.0327273 0.0327833 0.0327829 0.0327829 0.0328394 0.0327846 0.0328455 0.0327272 0.0328956 0.0336987 0.0331762 0.0335139 0.0332857 0.0332878 0.0330643 0.0327840 0.0329546 0.0329572 0.0327824 0.0327824 0.0329592 0.0328401 0.0329525 0.0329108 0.0328475 0.0327866 0.0330704 0.0332388 0.0325620 0.0327901 0.0330140 0.0328984 0.0323342 0.0322156 0.0322716 0.0322096 0.0321541 0.0322699 0.0324429 0.0237263 0.0248895 0.0233240 0.0200847 
EBOV_H.sap-wt_GIN_14_Makona-Gueckedou-EM_080076_KR817235   1.9330121 1.9609829 1.9276123 2.0696659 2.0699089 1.3579158 1.3959552 0.0333630 0.0331359 0.0333615 0.0335308 0.0000000 0.0016402 0.0018463 0.0025667 0.0025152 0.0023606 0.0019486 0.0021548 0.0027215 0.0027223 0.0025667 0.0026188 0.0025154 0.0025154 0.0025152 0.0024635 0.0027216 0.0021029 0.0021029 0.0020515 0.0025660 0.0022058 0.0021029 0.0021029 0.0021543 0.0023601 0.0023087 0.0026691 0.0027724 0.0027724 0.0023604 0.0020515 0.0023601 0.0027208 0.0021029 0.0021029 0.0022060 0.0024120 0.0024120 0.0021029 0.0021543 0.0021543 0.0021543 0.0022057 0.0021544 0.0022571 0.0021029 0.0023601 0.0030826 0.0026174 0.0029787 0.0028235 0.0027724 0.0025145 0.0022572 0.0024117 0.0025148 0.0022571 0.0022571 0.0025663 0.0022574 0.0023087 0.0023095 0.0022575 0.0022574 0.0025149 0.0026694 0.0021545 0.0023605 0.0024634 0.0022574 0.0017430 0.0017945 0.0018458 0.0018971 0.0018457 0.0020514 0.0022060 0.0378748 0.0389780 0.0373436 0.0340070 
EBOV_H.sap-wt_GIN_14_Makona-Gueckedou-EM_079702_KR817210   1.9283838 1.9565463 1.9229296 2.0667070 2.0669499 1.3557674 1.3934539 0.0323888 0.0321625 0.0323874 0.0325562 0.0016402 0.0000000 0.0008184 0.0015374 0.0014861 0.0013320 0.0009208 0.0011268 0.0016917 0.0016922 0.0015374 0.0015891 0.0014862 0.0014862 0.0014861 0.0014346 0.0016917 0.0010744 0.0010744 0.0010232 0.0015370 0.0011779 0.0010744 0.0010744 0.0011256 0.0013318 0.0012805 0.0016398 0.0017427 0.0017427 0.0013319 0.0010232 0.0013317 0.0016912 0.0010744 0.0010744 0.0011780 0.0013833 0.0013833 0.0010744 0.0011256 0.0011256 0.0011256 0.0011778 0.0011266 0.0012291 0.0010744 0.0013317 0.0020516 0.0015883 0.0019483 0.0017938 0.0017427 0.0014857 0.0012291 0.0013831 0.0014859 0.0012291 0.0012291 0.0015372 0.0012292 0.0012804 0.0012809 0.0012293 0.0012292 0.0014859 0.0016400 0.0011266 0.0013320 0.0014346 0.0012292 0.0007161 0.0007673 0.0008184 0.0008696 0.0008184 0.0010232 0.0011780 0.0369470 0.0380470 0.0364079 0.0330908 
EBOV_H.sap-wt_GIN_14_Makona-Gueckedou-EM_079587_KR817202   1.9310187 1.9592526 1.9257306 2.0678626 2.0681055 1.3555786 1.3942832 0.0322284 0.0320022 0.0322270 0.0323958 0.0018463 0.0008184 0.0000000 0.0014352 0.0013839 0.0012298 0.0008184 0.0010246 0.0015895 0.0015899 0.0014352 0.0014869 0.0013839 0.0013839 0.0013839 0.0013324 0.0015895 0.0009731 0.0009731 0.0009208 0.0014348 0.0010756 0.0009730 0.0009730 0.0010243 0.0012295 0.0011782 0.0015376 0.0016404 0.0016404 0.0012297 0.0009208 0.0012295 0.0015890 0.0009730 0.0009730 0.0010757 0.0012810 0.0012810 0.0009730 0.0010243 0.0010243 0.0010243 0.0010756 0.0010244 0.0011269 0.0009730 0.0012295 0.0019494 0.0014861 0.0018461 0.0016916 0.0016405 0.0013835 0.0011269 0.0012809 0.0013837 0.0011269 0.0011269 0.0014350 0.0011270 0.0011782 0.0011786 0.0011271 0.0011270 0.0013837 0.0015377 0.0010244 0.0012297 0.0013324 0.0011270 0.0006137 0.0006649 0.0007161 0.0007673 0.0007161 0.0009208 0.0010758 0.0368443 0.0379442 0.0363052 0.0329882 
EBOV_H.sap-wt_GIN_14_Makona-Gueckedou-EM_079750_KR817213   1.9289121 1.9568795 1.9232778 2.0665701 2.0668131 1.3586428 1.3943640 0.0329623 0.0327355 0.0329608 0.0331299 0.0025667 0.0015374 0.0014352 0.0000000 0.0001534 0.0019490 0.0015375 0.0017435 0.0023095 0.0023102 0.0021549 0.0022068 0.0021036 0.0021036 0.0021034 0.0020518 0.0023095 0.0016917 0.0016917 0.0016403 0.0021543 0.0017944 0.0016916 0.0016916 0.0017430 0.0019486 0.0018972 0.0022573 0.0023604 0.0023604 0.0019488 0.0016403 0.0019486 0.0023088 0.0016917 0.0016917 0.0017946 0.0020003 0.0020003 0.0016917 0.0017430 0.0017430 0.0017430 0.0017944 0.0017431 0.0018458 0.0016916 0.0019486 0.0026702 0.0022057 0.0025664 0.0024115 0.0023604 0.0021028 0.0018458 0.0020001 0.0021031 0.0018457 0.0018457 0.0021545 0.0018460 0.0018972 0.0018979 0.0018461 0.0018459 0.0021032 0.0022575 0.0017432 0.0019490 0.0020517 0.0018459 0.0013322 0.0013835 0.0014349 0.0014861 0.0014348 0.0016403 0.0017946 0.0375307 0.0385183 0.0369903 0.0336669 
EBOV_H.sap-wt_GIN_14_Makona-Gueckedou-EM_079910_KR817221   1.9290500 1.9570196 1.9234153 2.0665701 2.0668131 1.3591432 1.3947614 0.0329065 0.0326798 0.0329051 0.0330741 0.0025152 0.0014861 0.0013839 0.0001534 0.0000000 0.0018976 0.0014862 0.0016921 0.0022580 0.0022587 0.0021034 0.0021553 0.0020521 0.0020521 0.0020520 0.0020004 0.0022581 0.0016403 0.0016403 0.0015889 0.0021029 0.0017431 0.0016403 0.0016403 0.0016916 0.0018972 0.0018459 0.0022058 0.0023090 0.0023090 0.0018975 0.0015889 0.0018972 0.0022574 0.0016403 0.0016403 0.0017433 0.0019489 0.0019489 0.0016403 0.0016917 0.0016916 0.0016916 0.0017430 0.0016917 0.0017944 0.0016403 0.0018972 0.0026187 0.0021543 0.0025150 0.0023601 0.0023090 0.0020514 0.0017944 0.0019487 0.0020517 0.0017944 0.0017944 0.0021031 0.0017946 0.0018458 0.0018465 0.0017947 0.0017946 0.0020518 0.0022061 0.0016918 0.0018976 0.0020003 0.0017946 0.0012809 0.0013322 0.0013836 0.0014348 0.0013835 0.0015889 0.0017433 0.0374742 0.0384616 0.0369339 0.0336109 
EBOV_H.sap-wt_LBR_14_Makona-LIBR0430_KR006955              1.9310029 1.9592194 1.9253635 2.0682456 2.0684886 1.3584782 1.3946296 0.0328478 0.0326212 0.0328464 0.0330154 0.0023606 0.0013320 0.0012298 0.0019490 0.0018976 0.0000000 0.0005114 0.0007161 0.0012811 0.0012815 0.0011270 0.0011786 0.0010758 0.0010758 0.0010758 0.0010244 0.0012811 0.0006649 0.0006649 0.0006137 0.0011268 0.0007673 0.0006649 0.0006649 0.0007161 0.0009208 0.0008696 0.0012294 0.0013321 0.0013321 0.0009208 0.0006137 0.0009208 0.0012808 0.0006649 0.0006649 0.0007673 0.0009731 0.0009731 0.0006649 0.0007161 0.0007161 0.0007161 0.0007673 0.0007161 0.0008184 0.0006649 0.0009208 0.0016407 0.0011780 0.0015375 0.0013833 0.0013322 0.0010754 0.0008184 0.0009720 0.0010756 0.0008184 0.0008184 0.0011269 0.0008184 0.0008696 0.0008707 0.0008184 0.0008184 0.0010756 0.0012295 0.0007161 0.0009218 0.0010243 0.0008184 0.0006137 0.0011782 0.0012295 0.0012807 0.0012294 0.0014348 0.0015890 0.0374144 0.0385160 0.0368742 0.0335520 
EBOV_H.sap-wt_SLE_14_Makona-G3734.1_KM233055               1.9303691 1.9585726 1.9247324 2.0675316 2.0677745 1.3576442 1.3942940 0.0323907 0.0321644 0.0323893 0.0325581 0.0019486 0.0009208 0.0008184 0.0015375 0.0014862 0.0005114 0.0000000 0.0002045 0.0007673 0.0007673 0.0006137 0.0006649 0.0005626 0.0005626 0.0005626 0.0005114 0.0007673 0.0001534 0.0001534 0.0001023 0.0006137 0.0002557 0.0001534 0.0001534 0.0002045 0.0004091 0.0003580 0.0007161 0.0008184 0.0008184 0.0004091 0.0001023 0.0004091 0.0007673 0.0001534 0.0001534 0.0002557 0.0004603 0.0004603 0.0001534 0.0002045 0.0002045 0.0002045 0.0002557 0.0002045 0.0003068 0.0001534 0.0004091 0.0011270 0.0006649 0.0010232 0.0008696 0.0008184 0.0005626 0.0003068 0.0004603 0.0005626 0.0003068 0.0003068 0.0006137 0.0003068 0.0004603 0.0004603 0.0004091 0.0004091 0.0006649 0.0008184 0.0003068 0.0005114 0.0006137 0.0004091 0.0002045 0.0007673 0.0008184 0.0008696 0.0008184 0.0010232 0.0011781 0.0369492 0.0380491 0.0364100 0.0330927 
EBOV_H.sap-wt_LBR_15_Makona-Liberia-DQE4_KR074998          1.9299484 1.9581417 1.9243138 2.0655463 2.0657891 1.3583901 1.3938647 0.0326239 0.0323974 0.0326225 0.0327914 0.0021548 0.0011268 0.0010246 0.0017435 0.0016921 0.0007161 0.0002045 0.0000000 0.0007673 0.0007684 0.0006137 0.0006649 0.0005626 0.0005626 0.0005626 0.0005114 0.0007673 0.0001534 0.0001534 0.0001023 0.0006137 0.0002557 0.0001534 0.0001534 0.0002045 0.0004091 0.0003580 0.0007161 0.0008184 0.0008184 0.0004091 0.0001023 0.0004091 0.0007673 0.0001534 0.0001534 0.0002557 0.0004603 0.0004603 0.0001534 0.0002045 0.0002045 0.0002045 0.0002557 0.0002045 0.0003068 0.0001534 0.0004091 0.0011272 0.0006649 0.0010243 0.0008696 0.0008184 0.0005626 0.0003068 0.0004603 0.0005626 0.0003068 0.0003068 0.0006137 0.0003068 0.0006649 0.0006649 0.0006137 0.0006137 0.0008696 0.0010244 0.0005114 0.0007161 0.0008184 0.0006137 0.0004091 0.0009731 0.0010244 0.0010756 0.0010243 0.0012295 0.0013837 0.0371870 0.0382880 0.0366473 0.0333271 
EBOV_H.sap-wt_GIN_14_Makona-Kankan-EM_078639_KR817166      1.9284251 1.9566009 1.9227941 2.0636081 2.0638508 1.3581308 1.3953177 0.0332464 0.0330195 0.0332450 0.0334142 0.0027215 0.0016917 0.0015895 0.0023095 0.0022580 0.0012811 0.0007673 0.0007673 0.0000000 0.0004091 0.0003580 0.0006137 0.0005114 0.0005114 0.0008184 0.0010758 0.0013326 0.0007161 0.0007161 0.0006649 0.0011782 0.0008184 0.0007161 0.0007161 0.0007673 0.0009730 0.0009208 0.0012808 0.0013836 0.0013836 0.0009731 0.0006649 0.0009730 0.0013322 0.0007161 0.0007161 0.0008184 0.0010245 0.0010245 0.0007161 0.0007673 0.0007673 0.0007673 0.0008184 0.0007673 0.0008696 0.0007161 0.0009730 0.0016923 0.0012295 0.0015891 0.0014348 0.0013836 0.0011269 0.0008696 0.0010244 0.0011270 0.0008696 0.0008696 0.0011783 0.0008696 0.0012296 0.0012300 0.0011784 0.0011783 0.0014351 0.0015891 0.0010757 0.0012811 0.0013837 0.0011783 0.0009730 0.0015377 0.0015891 0.0016403 0.0015890 0.0017946 0.0019491 0.0377703 0.0388734 0.0372292 0.0339028 
EBOV_H.sap-wt_GIN_14_Makona-Faranah-EM_078415_KR817160     1.9303313 1.9585429 1.9246930 2.0633768 2.0636195 1.3600478 1.3943889 0.0332560 0.0330290 0.0332546 0.0334238 0.0027223 0.0016922 0.0015899 0.0023102 0.0022587 0.0012815 0.0007673 0.0007684 0.0004091 0.0000000 0.0003580 0.0006137 0.0005114 0.0005114 0.0008184 0.0010761 0.0013330 0.0007161 0.0007161 0.0006649 0.0011785 0.0008195 0.0007161 0.0007161 0.0007673 0.0009733 0.0009220 0.0012812 0.0013840 0.0013840 0.0009734 0.0006649 0.0009733 0.0013326 0.0007161 0.0007161 0.0008196 0.0010248 0.0010248 0.0007161 0.0007673 0.0007673 0.0007673 0.0008195 0.0007673 0.0008707 0.0007161 0.0009733 0.0016928 0.0012298 0.0015896 0.0014352 0.0013840 0.0011272 0.0008707 0.0010247 0.0011273 0.0008707 0.0008707 0.0011786 0.0008708 0.0012299 0.0012303 0.0011787 0.0011787 0.0014355 0.0015896 0.0010760 0.0012815 0.0013841 0.0011787 0.0009733 0.0015382 0.0015896 0.0016408 0.0015895 0.0017951 0.0019496 0.0377812 0.0388846 0.0372400 0.0339126 
EBOV_H.sap-wt_GIN_14_Makona-Macenta-EM_076191_KR817141     1.9290423 1.9572322 1.9234085 2.0649778 2.0652206 1.3587769 1.3954237 0.0330741 0.0328473 0.0330726 0.0332417 0.0025667 0.0015374 0.0014352 0.0021549 0.0021034 0.0011270 0.0006137 0.0006137 0.0003580 0.0003580 0.0000000 0.0004603 0.0003580 0.0003580 0.0006649 0.0009218 0.0011785 0.0005626 0.0005626 0.0005114 0.0010242 0.0006649 0.0005626 0.0005626 0.0006137 0.0008184 0.0007673 0.0011268 0.0012295 0.0012295 0.0008184 0.0005114 0.0008184 0.0011782 0.0005626 0.0005626 0.0006649 0.0008696 0.0008696 0.0005626 0.0006137 0.0006137 0.0006137 0.0006649 0.0006137 0.0007161 0.0005626 0.0008184 0.0015380 0.0010754 0.0014349 0.0012807 0.0012295 0.0009720 0.0007161 0.0008696 0.0009730 0.0007161 0.0007161 0.0010243 0.0007161 0.0010755 0.0010759 0.0010244 0.0010243 0.0012809 0.0014349 0.0009208 0.0011270 0.0012296 0.0010243 0.0008184 0.0013835 0.0014349 0.0014861 0.0014348 0.0016403 0.0017946 0.0375948 0.0386973 0.0370542 0.0337297 
EBOV_H.sap-wt_GIN_14_Makona-Beyla-EM_075931_KR817138       1.9321641 1.9604066 1.9260816 2.0639509 2.0641936 1.3593820 1.3938403 0.0330836 0.0328567 0.0330821 0.0332513 0.0026188 0.0015891 0.0014869 0.0022068 0.0021553 0.0011786 0.0006649 0.0006649 0.0006137 0.0006137 0.0004603 0.0000000 0.0004091 0.0004091 0.0007161 0.0009733 0.0012301 0.0006137 0.0006137 0.0005626 0.0010757 0.0007161 0.0006137 0.0006137 0.0006649 0.0008696 0.0008184 0.0011783 0.0012811 0.0012811 0.0008707 0.0005626 0.0008696 0.0012297 0.0006137 0.0006137 0.0007161 0.0009220 0.0009220 0.0006137 0.0006649 0.0006649 0.0006649 0.0007161 0.0006649 0.0007673 0.0006137 0.0008696 0.0015897 0.0011270 0.0014865 0.0013323 0.0012811 0.0010244 0.0007673 0.0009219 0.0010245 0.0007673 0.0007673 0.0010758 0.0007673 0.0011271 0.0011274 0.0010759 0.0010758 0.0013325 0.0014866 0.0009732 0.0011786 0.0012812 0.0010758 0.0008696 0.0014352 0.0014865 0.0015378 0.0014864 0.0016920 0.0018464 0.0376607 0.0387636 0.0370663 0.0337940 
EBOV_H.sap-wt_GIN_14_Makona-Kissidougou-EM_078694_KR817171 1.9287287 1.9569004 1.9230985 2.0665475 2.0667904 1.3592265 1.3938811 0.0330203 0.0327935 0.0330188 0.0331879 0.0025154 0.0014862 0.0013839 0.0021036 0.0020521 0.0010758 0.0005626 0.0005626 0.0005114 0.0005114 0.0003580 0.0004091 0.0000000 0.0000010 0.0006137 0.0008696 0.0011273 0.0005114 0.0005114 0.0004603 0.0009720 0.0006137 0.0005114 0.0005114 0.0005626 0.0007673 0.0007161 0.0010756 0.0011783 0.0011783 0.0007673 0.0004603 0.0007673 0.0011269 0.0005114 0.0005114 0.0006137 0.0008184 0.0008184 0.0005114 0.0005626 0.0005626 0.0005626 0.0006137 0.0005626 0.0006649 0.0005114 0.0007673 0.0014867 0.0010242 0.0013836 0.0012294 0.0011783 0.0009208 0.0006649 0.0008184 0.0009218 0.0006649 0.0006649 0.0009731 0.0006649 0.0010243 0.0010247 0.0009732 0.0009731 0.0012297 0.0013837 0.0008696 0.0010758 0.0011784 0.0009731 0.0007673 0.0013323 0.0013836 0.0014349 0.0013835 0.0015890 0.0017434 0.0375406 0.0386429 0.0370000 0.0336757 
EBOV_H.sap-wt_GIN_14_Makona-Kissidougou-EM_078722_KR817175 1.9287287 1.9569004 1.9230985 2.0665475 2.0667904 1.3592265 1.3938811 0.0330203 0.0327935 0.0330188 0.0331879 0.0025154 0.0014862 0.0013839 0.0021036 0.0020521 0.0010758 0.0005626 0.0005626 0.0005114 0.0005114 0.0003580 0.0004091 0.0000010 0.0000000 0.0006137 0.0008696 0.0011273 0.0005114 0.0005114 0.0004603 0.0009720 0.0006137 0.0005114 0.0005114 0.0005626 0.0007673 0.0007161 0.0010756 0.0011783 0.0011783 0.0007673 0.0004603 0.0007673 0.0011269 0.0005114 0.0005114 0.0006137 0.0008184 0.0008184 0.0005114 0.0005626 0.0005626 0.0005626 0.0006137 0.0005626 0.0006649 0.0005114 0.0007673 0.0014867 0.0010242 0.0013836 0.0012294 0.0011783 0.0009208 0.0006649 0.0008184 0.0009218 0.0006649 0.0006649 0.0009731 0.0006649 0.0010243 0.0010247 0.0009732 0.0009731 0.0012297 0.0013837 0.0008696 0.0010758 0.0011784 0.0009731 0.0007673 0.0013323 0.0013836 0.0014349 0.0013835 0.0015890 0.0017434 0.0375406 0.0386429 0.0370000 0.0336757 
EBOV_H.sap-wt_LBR_14_Makona-LIBR0505_KR006957              1.9292483 1.9574249 1.9236171 2.0656247 2.0658676 1.3595381 1.3960940 0.0330181 0.0327913 0.0330166 0.0331857 0.0025152 0.0014861 0.0013839 0.0021034 0.0020520 0.0010758 0.0005626 0.0005626 0.0008184 0.0008184 0.0006649 0.0007161 0.0006137 0.0006137 0.0000000 0.0008696 0.0011272 0.0005114 0.0005114 0.0004603 0.0008696 0.0006137 0.0005114 0.0005114 0.0005626 0.0007673 0.0007161 0.0010755 0.0011782 0.0011782 0.0007673 0.0004603 0.0007673 0.0011269 0.0005114 0.0005114 0.0006137 0.0008184 0.0008184 0.0005114 0.0005626 0.0005626 0.0005626 0.0006137 0.0005626 0.0006649 0.0005114 0.0007673 0.0014866 0.0010232 0.0013835 0.0012294 0.0011782 0.0009208 0.0006649 0.0008184 0.0009208 0.0006649 0.0006649 0.0009730 0.0006649 0.0010243 0.0010246 0.0009731 0.0009730 0.0012296 0.0013836 0.0008696 0.0010757 0.0011783 0.0009730 0.0007673 0.0013322 0.0013836 0.0014348 0.0013835 0.0015889 0.0017433 0.0374811 0.0385832 0.0369407 0.0336172 
EBOV_H.sap-wt_SLE_14_Makona-Kailahun-20140517_KR653263     1.9340489 1.9623306 1.9283963 2.0689473 2.0691904 1.3577983 1.3946197 0.0329098 0.0326831 0.0329084 0.0330774 0.0024635 0.0014346 0.0013324 0.0020518 0.0020004 0.0010244 0.0005114 0.0005114 0.0010758 0.0010761 0.0009218 0.0009733 0.0008696 0.0008696 0.0008696 0.0000000 0.0008696 0.0004603 0.0004603 0.0004091 0.0009208 0.0005626 0.0004603 0.0004603 0.0005114 0.0007161 0.0006649 0.0010232 0.0011268 0.0011268 0.0007161 0.0004091 0.0007161 0.0010755 0.0004603 0.0004603 0.0005626 0.0007673 0.0007673 0.0004603 0.0005114 0.0005114 0.0005114 0.0005626 0.0005114 0.0006137 0.0004603 0.0007161 0.0014352 0.0009720 0.0013321 0.0011780 0.0011268 0.0008696 0.0006137 0.0007673 0.0008696 0.0006137 0.0006137 0.0009208 0.0006137 0.0009720 0.0009732 0.0009208 0.0009208 0.0011782 0.0013321 0.0008184 0.0010243 0.0011269 0.0009208 0.0007161 0.0012808 0.0013321 0.0013833 0.0013320 0.0015374 0.0016917 0.0375280 0.0386300 0.0369876 0.0336644 
EBOV_H.sap-wt_SLE_14_Makona-G4973_1_KR105286               1.9323483 1.9606019 1.9267015 2.0686371 2.0688800 1.3577692 1.3962311 0.0331887 0.0329618 0.0331873 0.0333564 0.0027216 0.0016917 0.0015895 0.0023095 0.0022581 0.0012811 0.0007673 0.0007673 0.0013326 0.0013330 0.0011785 0.0012301 0.0011273 0.0011273 0.0011272 0.0008696 0.0000000 0.0007161 0.0007161 0.0006649 0.0011782 0.0008184 0.0007161 0.0007161 0.0007673 0.0009730 0.0009208 0.0012809 0.0013836 0.0013836 0.0009731 0.0006649 0.0009730 0.0013323 0.0007161 0.0007161 0.0008184 0.0010245 0.0010245 0.0007161 0.0007673 0.0007673 0.0007673 0.0008184 0.0007673 0.0008696 0.0007161 0.0009730 0.0016923 0.0012295 0.0015891 0.0014348 0.0013837 0.0011269 0.0008696 0.0010244 0.0011270 0.0008696 0.0008696 0.0011783 0.0008696 0.0012296 0.0012300 0.0011784 0.0011783 0.0014351 0.0015891 0.0010757 0.0012811 0.0013837 0.0011783 0.0009730 0.0015377 0.0015891 0.0016404 0.0015890 0.0017946 0.0019491 0.0377610 0.0388638 0.0372201 0.0338943 
EBOV_H.sap-wt_SLE_14_Makona-G3799_KM233080                 1.9307229 1.9589382 1.9250839 2.0661150 2.0663578 1.3583647 1.3948891 0.0325601 0.0323337 0.0325587 0.0327276 0.0021029 0.0010744 0.0009731 0.0016917 0.0016403 0.0006649 0.0001534 0.0001534 0.0007161 0.0007161 0.0005626 0.0006137 0.0005114 0.0005114 0.0005114 0.0004603 0.0007161 0.0000000 0.0001023 0.0000511 0.0005626 0.0002045 0.0001023 0.0001023 0.0001534 0.0003580 0.0003068 0.0006649 0.0007673 0.0007673 0.0003580 0.0000511 0.0003580 0.0007161 0.0001023 0.0001023 0.0002045 0.0004091 0.0004091 0.0001023 0.0001534 0.0001534 0.0001534 0.0002045 0.0001534 0.0002557 0.0001023 0.0003580 0.0010757 0.0006137 0.0009720 0.0008184 0.0007673 0.0005114 0.0002557 0.0004091 0.0005114 0.0002557 0.0002557 0.0005626 0.0002557 0.0006137 0.0006137 0.0005626 0.0005626 0.0008184 0.0009720 0.0004603 0.0006649 0.0007673 0.0005626 0.0003580 0.0009208 0.0009720 0.0010232 0.0009720 0.0011779 0.0013320 0.0371214 0.0382219 0.0365818 0.0332629 
EBOV_H.sap-wt_SLE_14_Makona-G3788_KM233075                 1.9301221 1.9583222 1.9244862 2.0654968 2.0657395 1.3575330 1.3940424 0.0325605 0.0323341 0.0325591 0.0327280 0.0021029 0.0010744 0.0009731 0.0016917 0.0016403 0.0006649 0.0001534 0.0001534 0.0007161 0.0007161 0.0005626 0.0006137 0.0005114 0.0005114 0.0005114 0.0004603 0.0007161 0.0001023 0.0000000 0.0000511 0.0005626 0.0002045 0.0001023 0.0001023 0.0001534 0.0003580 0.0003068 0.0006649 0.0007673 0.0007673 0.0003580 0.0000511 0.0003580 0.0007161 0.0001023 0.0001023 0.0002045 0.0004091 0.0004091 0.0001023 0.0001534 0.0001534 0.0001534 0.0002045 0.0001534 0.0002557 0.0001023 0.0003580 0.0010757 0.0006137 0.0009720 0.0008184 0.0007673 0.0005114 0.0002557 0.0004091 0.0005114 0.0002557 0.0002557 0.0005626 0.0002557 0.0006137 0.0006137 0.0005626 0.0005626 0.0008184 0.0009720 0.0004603 0.0006649 0.0007673 0.0005626 0.0003580 0.0009208 0.0009720 0.0010232 0.0009720 0.0011779 0.0013320 0.0371218 0.0382224 0.0365823 0.0332633 
EBOV_H.sap-wt_SLE_14_Makona-G3677.2_KM034557               1.9309888 1.9592058 1.9253494 2.0663949 2.0666378 1.3580955 1.3946176 0.0325038 0.0322774 0.0325024 0.0326712 0.0020515 0.0010232 0.0009208 0.0016403 0.0015889 0.0006137 0.0001023 0.0001023 0.0006649 0.0006649 0.0005114 0.0005626 0.0004603 0.0004603 0.0004603 0.0004091 0.0006649 0.0000511 0.0000511 0.0000000 0.0005114 0.0001534 0.0000511 0.0000511 0.0001023 0.0003068 0.0002557 0.0006137 0.0007161 0.0007161 0.0003068 0.0000010 0.0003068 0.0006649 0.0000511 0.0000511 0.0001534 0.0003580 0.0003580 0.0000511 0.0001023 0.0001023 0.0001023 0.0001534 0.0001023 0.0002045 0.0000511 0.0003068 0.0010244 0.0005626 0.0009208 0.0007673 0.0007161 0.0004603 0.0002045 0.0003580 0.0004603 0.0002045 0.0002045 0.0005114 0.0002045 0.0005626 0.0005626 0.0005114 0.0005114 0.0007673 0.0009208 0.0004091 0.0006137 0.0007161 0.0005114 0.0003068 0.0008696 0.0009208 0.0009720 0.0009208 0.0011266 0.0012807 0.0370641 0.0381645 0.0365247 0.0332063 
EBOV_H.sap-wt_SLE_14_Makona-Kenema-G5059_1_KR105296        1.9330921 1.9611481 1.9274986 2.0662110 2.0664537 1.3568069 1.3960986 0.0329531 0.0327265 0.0329517 0.0331207 0.0025660 0.0015370 0.0014348 0.0021543 0.0021029 0.0011268 0.0006137 0.0006137 0.0011782 0.0011785 0.0010242 0.0010757 0.0009720 0.0009720 0.0008696 0.0009208 0.0011782 0.0005626 0.0005626 0.0005114 0.0000000 0.0005626 0.0004603 0.0004603 0.0005114 0.0008184 0.0007673 0.0011256 0.0012292 0.0012292 0.0008184 0.0005114 0.0008184 0.0011779 0.0005626 0.0005626 0.0006649 0.0008696 0.0008696 0.0005626 0.0006137 0.0006137 0.0006137 0.0006649 0.0006137 0.0007161 0.0005626 0.0008184 0.0015376 0.0010744 0.0014345 0.0012803 0.0012292 0.0009720 0.0007161 0.0008696 0.0009720 0.0007161 0.0007161 0.0010232 0.0007161 0.0010744 0.0010756 0.0010232 0.0010232 0.0012806 0.0014345 0.0009208 0.0011267 0.0012293 0.0010232 0.0008184 0.0013832 0.0014345 0.0014857 0.0014344 0.0016398 0.0017942 0.0374068 0.0385083 0.0369801 0.0336576 
EBOV_H.sap-wt_SLE_14_Makona-Kenema-G4702_1_KR105265        1.9301563 1.9583531 1.9245210 2.0649915 2.0652343 1.3582018 1.3941160 0.0326232 0.0323967 0.0326218 0.0327907 0.0022058 0.0011779 0.0010756 0.0017944 0.0017431 0.0007673 0.0002557 0.0002557 0.0008184 0.0008195 0.0006649 0.0007161 0.0006137 0.0006137 0.0006137 0.0005626 0.0008184 0.0002045 0.0002045 0.0001534 0.0005626 0.0000000 0.0001023 0.0001023 0.0001534 0.0004603 0.0004091 0.0007673 0.0008696 0.0008696 0.0004603 0.0001534 0.0004603 0.0008184 0.0002045 0.0002045 0.0003068 0.0005114 0.0005114 0.0002045 0.0002557 0.0002557 0.0002557 0.0003068 0.0002557 0.0003580 0.0002045 0.0004603 0.0011783 0.0007161 0.0010744 0.0009208 0.0008696 0.0006137 0.0003580 0.0005114 0.0006137 0.0003580 0.0003580 0.0006649 0.0003580 0.0007161 0.0007161 0.0006649 0.0006649 0.0009208 0.0010754 0.0005626 0.0007673 0.0008696 0.0006649 0.0004603 0.0010232 0.0010744 0.0011256 0.0010744 0.0012805 0.0014347 0.0371862 0.0382872 0.0366465 0.0333264 
EBOV_H.sap-wt_SLE_14_Makona-Kenema-G4350_1_KR105242        1.9312057 1.9594233 1.9255662 2.0662430 2.0664858 1.3578895 1.3948123 0.0325594 0.0323330 0.0325580 0.0327269 0.0021029 0.0010744 0.0009730 0.0016916 0.0016403 0.0006649 0.0001534 0.0001534 0.0007161 0.0007161 0.0005626 0.0006137 0.0005114 0.0005114 0.0005114 0.0004603 0.0007161 0.0001023 0.0001023 0.0000511 0.0004603 0.0001023 0.0000000 0.0000010 0.0000511 0.0003580 0.0003068 0.0006649 0.0007673 0.0007673 0.0003580 0.0000511 0.0003580 0.0007161 0.0001023 0.0001023 0.0002045 0.0004091 0.0004091 0.0001023 0.0001534 0.0001534 0.0001534 0.0002045 0.0001534 0.0002557 0.0001023 0.0003580 0.0010756 0.0006137 0.0009720 0.0008184 0.0007673 0.0005114 0.0002557 0.0004091 0.0005114 0.0002557 0.0002557 0.0005626 0.0002557 0.0006137 0.0006137 0.0005626 0.0005626 0.0008184 0.0009720 0.0004603 0.0006649 0.0007673 0.0005626 0.0003580 0.0009208 0.0009720 0.0010232 0.0009720 0.0011779 0.0013320 0.0371206 0.0382211 0.0365810 0.0332622 
EBOV_H.sap-wt_SLE_14_Makona-Kenema-G4971_1_KR105284        1.9312057 1.9594233 1.9255662 2.0662430 2.0664858 1.3578895 1.3948123 0.0325594 0.0323330 0.0325580 0.0327269 0.0021029 0.0010744 0.0009730 0.0016916 0.0016403 0.0006649 0.0001534 0.0001534 0.0007161 0.0007161 0.0005626 0.0006137 0.0005114 0.0005114 0.0005114 0.0004603 0.0007161 0.0001023 0.0001023 0.0000511 0.0004603 0.0001023 0.0000010 0.0000000 0.0000511 0.0003580 0.0003068 0.0006649 0.0007673 0.0007673 0.0003580 0.0000511 0.0003580 0.0007161 0.0001023 0.0001023 0.0002045 0.0004091 0.0004091 0.0001023 0.0001534 0.0001534 0.0001534 0.0002045 0.0001534 0.0002557 0.0001023 0.0003580 0.0010756 0.0006137 0.0009720 0.0008184 0.0007673 0.0005114 0.0002557 0.0004091 0.0005114 0.0002557 0.0002557 0.0005626 0.0002557 0.0006137 0.0006137 0.0005626 0.0005626 0.0008184 0.0009720 0.0004603 0.0006649 0.0007673 0.0005626 0.0003580 0.0009208 0.0009720 0.0010232 0.0009720 0.0011779 0.0013320 0.0371206 0.0382211 0.0365810 0.0332622 
EBOV_H.sap-wt_SLE_14_Makona-Kenema-G4856_1_KR105273        1.9312468 1.9594657 1.9256070 2.0665229 2.0667657 1.3579072 1.3948312 0.0326154 0.0323890 0.0326140 0.0327829 0.0021543 0.0011256 0.0010243 0.0017430 0.0016916 0.0007161 0.0002045 0.0002045 0.0007673 0.0007673 0.0006137 0.0006649 0.0005626 0.0005626 0.0005626 0.0005114 0.0007673 0.0001534 0.0001534 0.0001023 0.0005114 0.0001534 0.0000511 0.0000511 0.0000000 0.0004091 0.0003580 0.0007161 0.0008184 0.0008184 0.0004091 0.0001023 0.0004091 0.0007673 0.0001534 0.0001534 0.0002557 0.0004603 0.0004603 0.0001534 0.0002045 0.0002045 0.0002045 0.0002557 0.0002045 0.0003068 0.0001534 0.0004091 0.0011269 0.0006649 0.0010232 0.0008696 0.0008184 0.0005626 0.0003068 0.0004603 0.0005626 0.0003068 0.0003068 0.0006137 0.0003068 0.0006649 0.0006649 0.0006137 0.0006137 0.0008696 0.0010232 0.0005114 0.0007161 0.0008184 0.0006137 0.0004091 0.0009720 0.0010232 0.0010744 0.0010232 0.0012292 0.0013833 0.0371774 0.0382781 0.0366377 0.0333184 
EBOV_H.sap-wt_SLE_14_Makona-Bonthe-G5723_1_KR105319        1.9318253 1.9600591 1.9261825 2.0665803 2.0668233 1.3574065 1.3950001 0.0327286 0.0325021 0.0327272 0.0328961 0.0023601 0.0013318 0.0012295 0.0019486 0.0018972 0.0009208 0.0004091 0.0004091 0.0009730 0.0009733 0.0008184 0.0008696 0.0007673 0.0007673 0.0007673 0.0007161 0.0009730 0.0003580 0.0003580 0.0003068 0.0008184 0.0004603 0.0003580 0.0003580 0.0004091 0.0000000 0.0000511 0.0004091 0.0005626 0.0005626 0.0001023 0.0003068 0.0006137 0.0009720 0.0003580 0.0003580 0.0004603 0.0006649 0.0006649 0.0003580 0.0004091 0.0004091 0.0004091 0.0004603 0.0004091 0.0005114 0.0003580 0.0006137 0.0013322 0.0008696 0.0012293 0.0010744 0.0010232 0.0007673 0.0005114 0.0006649 0.0007673 0.0005114 0.0005114 0.0008184 0.0005114 0.0008696 0.0008696 0.0008184 0.0008184 0.0010754 0.0012293 0.0007161 0.0009208 0.0010232 0.0008184 0.0006137 0.0011780 0.0012293 0.0012805 0.0012292 0.0014345 0.0015887 0.0372924 0.0383935 0.0367526 0.0334321 
EBOV_H.sap-wt_SLE_14_Makona-J0042_KP759711                 1.9321629 1.9603998 1.9265194 2.0665317 2.0667747 1.3571818 1.3952717 0.0326726 0.0324461 0.0326712 0.0328401 0.0023087 0.0012805 0.0011782 0.0018972 0.0018459 0.0008696 0.0003580 0.0003580 0.0009208 0.0009220 0.0007673 0.0008184 0.0007161 0.0007161 0.0007161 0.0006649 0.0009208 0.0003068 0.0003068 0.0002557 0.0007673 0.0004091 0.0003068 0.0003068 0.0003580 0.0000511 0.0000000 0.0003580 0.0005114 0.0005114 0.0000511 0.0002557 0.0005626 0.0009208 0.0003068 0.0003068 0.0004091 0.0006137 0.0006137 0.0003068 0.0003580 0.0003580 0.0003580 0.0004091 0.0003580 0.0004603 0.0003068 0.0005626 0.0012809 0.0008184 0.0011780 0.0010232 0.0009720 0.0007161 0.0004603 0.0006137 0.0007161 0.0004603 0.0004603 0.0007673 0.0004603 0.0008184 0.0008184 0.0007673 0.0007673 0.0010232 0.0011780 0.0006649 0.0008696 0.0009720 0.0007673 0.0005626 0.0011267 0.0011780 0.0012292 0.0011779 0.0013832 0.0015374 0.0372356 0.0383365 0.0366958 0.0333759 
EBOV_H.sap-wt_SLE_14_Makona-J0150_KP759696                 1.9318908 1.9601186 1.9260246 2.0685829 2.0688258 1.3570934 1.3948541 0.0330666 0.0328399 0.0330652 0.0332343 0.0026691 0.0016398 0.0015376 0.0022573 0.0022058 0.0012294 0.0007161 0.0007161 0.0012808 0.0012812 0.0011268 0.0011783 0.0010756 0.0010756 0.0010755 0.0010232 0.0012809 0.0006649 0.0006649 0.0006137 0.0011256 0.0007673 0.0006649 0.0006649 0.0007161 0.0004091 0.0003580 0.0000000 0.0008696 0.0008696 0.0004091 0.0006137 0.0009208 0.0012805 0.0006649 0.0006649 0.0007673 0.0009720 0.0009720 0.0006649 0.0007161 0.0007161 0.0007161 0.0007673 0.0007161 0.0008184 0.0006649 0.0009208 0.0016404 0.0011768 0.0015372 0.0013830 0.0013319 0.0010744 0.0008184 0.0009720 0.0010744 0.0008184 0.0008184 0.0011266 0.0008184 0.0011778 0.0011782 0.0011267 0.0011266 0.0013833 0.0015372 0.0010232 0.0012294 0.0013319 0.0011266 0.0009208 0.0014859 0.0015372 0.0015884 0.0015371 0.0017426 0.0018970 0.0376357 0.0387379 0.0370952 0.0337715 
EBOV_H.sap-wt_SLE_14_Makona-J0171_KP759707                 1.9336681 1.9619377 1.9283726 2.0664811 2.0667240 1.3588512 1.3973478 0.0331923 0.0329654 0.0331909 0.0333601 0.0027724 0.0017427 0.0016404 0.0023604 0.0023090 0.0013321 0.0008184 0.0008184 0.0013836 0.0013840 0.0012295 0.0012811 0.0011783 0.0011783 0.0011782 0.0011268 0.0013836 0.0007673 0.0007673 0.0007161 0.0012292 0.0008696 0.0007673 0.0007673 0.0008184 0.0005626 0.0005114 0.0008696 0.0000000 0.0000010 0.0005626 0.0007161 0.0010232 0.0013832 0.0007673 0.0007673 0.0008696 0.0010755 0.0010755 0.0007673 0.0008184 0.0008184 0.0008184 0.0008696 0.0008184 0.0009208 0.0007673 0.0010232 0.0017433 0.0012805 0.0016401 0.0014858 0.0014346 0.0011779 0.0009208 0.0010744 0.0011780 0.0009208 0.0009208 0.0012293 0.0009208 0.0012806 0.0012810 0.0012294 0.0012293 0.0014861 0.0016401 0.0011267 0.0013321 0.0014347 0.0012293 0.0010232 0.0015887 0.0016401 0.0016913 0.0016400 0.0018455 0.0020000 0.0376513 0.0387539 0.0371105 0.0337856 
