93
RESTV_M.fas-tc_USA_89_Philippines89-Pennsylvania_NC_004161 0.0000000 0.0235568 0.0324952 2.0811231 2.0546907 1.8915197 1.8913664 1.8910684 1.8934426 1.9126640 1.9150872 1.9060377 1.9027663 1.9038292 1.8993907 1.9019054 1.8994340 1.8995696 1.9008793 1.9010886 1.9015149 1.9019203 1.9019272 1.9013221 1.9010094 1.9009320 1.9016608 1.9019307 1.9019307 1.9020664 1.9020664 1.9020664 1.9021533 1.9021533 1.9021824 1.9017313 1.9017313 1.9019599 1.9020072 1.9011993 1.9015443 1.9010790 1.9023051 1.9022693 1.9022693 1.9011246 1.9028112 1.9023626 1.9020287 1.9021042 1.9007172 1.9027417 1.9030821 1.9024582 1.9028011 1.9035734 1.9006625 1.8994011 1.9001583 1.8990689 1.8995367 1.9028599 1.9010898 1.9010898 1.9018838 1.9040552 1.9027596 1.9027153 1.9027402 1.9014132 1.9004608 1.9016618 1.9002435 1.8993964 1.9000026 1.8997279 1.8997279 1.9012766 1.9030817 1.9049304 1.9004518 1.9012955 1.9045513 1.9045513 1.9013127 1.9012713 1.9036654 1.9032614 1.8998748 1.9000104 1.9066299 1.8510928 1.8511394 
RESTV_S.dom-tc_PHL_08_Reston08-A_FJ621583                  0.0235568 0.0000000 0.0486347 2.1055789 2.0667016 1.9189346 1.9187684 1.9184671 1.9208866 1.9429538 1.9454218 1.9351580 1.9327419 1.9326558 1.9283990 1.9309846 1.9284557 1.9285934 1.9299129 1.9301336 1.9305632 1.9309728 1.9309901 1.9303719 1.9300533 1.9299720 1.9307223 1.9309943 1.9309943 1.9311321 1.9311321 1.9311321 1.9312177 1.9312177 1.9312480 1.9307956 1.9307956 1.9310245 1.9310730 1.9301879 1.9306043 1.9301253 1.9313729 1.9313336 1.9313336 1.9301680 1.9318928 1.9314426 1.9304769 1.9311797 1.9297584 1.9318222 1.9321660 1.9315253 1.9318756 1.9326592 1.9298748 1.9282277 1.9293688 1.9282580 1.9285602 1.9319412 1.9301457 1.9301457 1.9309318 1.9329636 1.9321122 1.9318689 1.9318982 1.9307434 1.9295760 1.9307134 1.9292666 1.9284173 1.9290380 1.9287458 1.9287458 1.9303344 1.9321713 1.9340595 1.9294934 1.9299796 1.9336683 1.9336683 1.9303623 1.9303193 1.9327569 1.9323627 1.9286708 1.9288086 1.9360793 1.8752960 1.8753436 
RESTV_S.dom-xx_PHL_08_Reston08-C_FJ621584                  0.0324952 0.0486347 0.0000000 2.0986434 2.0679109 1.8844760 1.8843262 1.8840292 1.8864496 1.9056247 1.9074232 1.8966301 1.8965980 1.8983961 1.8939116 1.8965894 1.8937712 1.8939063 1.8952142 1.8954212 1.8962976 1.8967022 1.8962565 1.8956538 1.8953423 1.8952656 1.8959903 1.8962599 1.8962599 1.8963951 1.8963951 1.8963951 1.8964823 1.8964823 1.8965112 1.8960603 1.8960603 1.8962888 1.8963359 1.8955317 1.8958741 1.8954115 1.8966334 1.8961475 1.8961475 1.8954576 1.8971369 1.8966885 1.8963578 1.8964310 1.8950507 1.8970676 1.8974073 1.8967867 1.8968875 1.8981630 1.8949983 1.8941911 1.8944945 1.8934092 1.8938735 1.8970925 1.8956018 1.8956018 1.8961227 1.8984392 1.8970847 1.8968619 1.8962176 1.8957427 1.8946149 1.8959932 1.8945804 1.8937337 1.8943371 1.8940658 1.8940658 1.8956069 1.8969548 1.8992470 1.8947851 1.8955676 1.8992281 1.8992281 1.8956445 1.8956034 1.8978077 1.8975834 1.8942089 1.8943441 1.9015469 1.8726925 1.8727400 
TAFV_H.sap-tc_CIV_94_Pauleoula-CI_NC_014372                2.0811231 2.1055789 2.0986434 0.0000000 0.7889436 1.3208171 1.3205894 1.3198713 1.3209719 1.3409612 1.3442243 1.3382656 1.3378658 1.3390229 1.3369033 1.3367013 1.3380608 1.3382685 1.3373273 1.3381478 1.3384303 1.3397242 1.3395582 1.3387351 1.3383024 1.3394742 1.3394501 1.3391815 1.3391815 1.3391355 1.3391355 1.3393893 1.3389737 1.3389737 1.3389831 1.3393866 1.3393866 1.3391910 1.3395144 1.3386641 1.3392108 1.3386289 1.3389778 1.3392248 1.3392248 1.3392758 1.3393917 1.3385979 1.3397012 1.3395539 1.3395956 1.3385034 1.3382786 1.3379340 1.3381794 1.3398934 1.3399556 1.3387442 1.3389788 1.3387317 1.3385529 1.3396630 1.3385022 1.3385022 1.3381710 1.3378937 1.3385673 1.3383144 1.3388149 1.3392303 1.3393715 1.3399860 1.3405980 1.3392035 1.3398533 1.3402811 1.3402811 1.3410965 1.3404487 1.3389009 1.3392529 1.3382884 1.3403390 1.3403390 1.3395250 1.3394093 1.3402981 1.3390201 1.3396893 1.3401915 1.3384102 2.1726894 2.1727495 
BDBV_H.sap-xx_COD_12_EboBund-122_KC545395                  2.0546907 2.0667016 2.0679109 0.7889436 0.0000000 1.3456570 1.3450227 1.3443730 1.3466207 1.3658174 1.3652459 1.3684387 1.3666385 1.3761132 1.3736458 1.3744814 1.3751318 1.3749358 1.3740562 1.3747399 1.3754365 1.3757622 1.3747655 1.3744531 1.3745313 1.3740347 1.3750367 1.3747657 1.3747657 1.3747202 1.3747202 1.3748655 1.3749618 1.3749618 1.3749723 1.3746765 1.3746765 1.3747762 1.3748866 1.3753413 1.3747957 1.3742010 1.3750583 1.3750686 1.3750686 1.3742792 1.3749875 1.3740238 1.3753445 1.3754480 1.3757486 1.3751325 1.3754035 1.3750464 1.3749860 1.3754929 1.3755006 1.3749693 1.3740318 1.3740876 1.3744934 1.3739520 1.3754063 1.3754063 1.3751387 1.3762277 1.3751864 1.3744667 1.3743404 1.3749636 1.3743446 1.3748728 1.3761966 1.3754065 1.3755469 1.3740120 1.3740120 1.3745338 1.3739660 1.3747433 1.3749951 1.3734847 1.3774498 1.3774498 1.3744462 1.3748251 1.3764377 1.3763770 1.3744779 1.3748737 1.3783785 2.1914841 2.1910568 
EBOV_H.sap-tc_COD_07_1Luebo_KC242786                       1.8915197 1.9189346 1.8844760 1.3208171 1.3456570 0.0000000 0.0002043 0.0004086 0.0006130 0.0235045 0.0246668 0.0231021 0.0198661 0.0333607 0.0323864 0.0322262 0.0320459 0.0321019 0.0320400 0.0319845 0.0321000 0.0322729 0.0328453 0.0323882 0.0321645 0.0326215 0.0325576 0.0325012 0.0325012 0.0325573 0.0325573 0.0325573 0.0325569 0.0325569 0.0326128 0.0326128 0.0326128 0.0325572 0.0326693 0.0326146 0.0326133 0.0325580 0.0326757 0.0326124 0.0326124 0.0326208 0.0326735 0.0326139 0.0327254 0.0326700 0.0327843 0.0327260 0.0326700 0.0327299 0.0330639 0.0327885 0.0326775 0.0326166 0.0323921 0.0326201 0.0327283 0.0328437 0.0328996 0.0328996 0.0327871 0.0329505 0.0330059 0.0333431 0.0331152 0.0328941 0.0331172 0.0327891 0.0330155 0.0332439 0.0330716 0.0330177 0.0330177 0.0332538 0.0330812 0.0329073 0.0327823 0.0327407 0.0331899 0.0331899 0.0329000 0.0330684 0.0332345 0.0331858 0.0329596 0.0329039 0.0335280 2.0092137 2.0094489 
EBOV_H.sap-tc_COD_07_M-M_HQ613403                          1.8913664 1.9187684 1.8843262 1.3205894 1.3450227 0.0002043 0.0000000 0.0002043 0.0004086 0.0232842 0.0244458 0.0228823 0.0196484 0.0331338 0.0321602 0.0320001 0.0318200 0.0318760 0.0318141 0.0317586 0.0318741 0.0320469 0.0326188 0.0321620 0.0319385 0.0323952 0.0323313 0.0322750 0.0322750 0.0323311 0.0323311 0.0323311 0.0323306 0.0323306 0.0323866 0.0323866 0.0323866 0.0323309 0.0324429 0.0323883 0.0323870 0.0323317 0.0324493 0.0323861 0.0323861 0.0323945 0.0324472 0.0323876 0.0324991 0.0324437 0.0325579 0.0324996 0.0324437 0.0325035 0.0328373 0.0325620 0.0324511 0.0323902 0.0321659 0.0323938 0.0325019 0.0326172 0.0326730 0.0326730 0.0325606 0.0327240 0.0327793 0.0331164 0.0328886 0.0326676 0.0328906 0.0325626 0.0327889 0.0330172 0.0328449 0.0327911 0.0327911 0.0330269 0.0328545 0.0326808 0.0325559 0.0325142 0.0329632 0.0329632 0.0326735 0.0328418 0.0330078 0.0329591 0.0327331 0.0326774 0.0333011 2.0107880 2.0110232 
EBOV_H.sap-tc_COD_07_5Luebo_KC242790                       1.8910684 1.9184671 1.8840292 1.3198713 1.3443730 0.0004086 0.0002043 0.0000000 0.0006130 0.0235035 0.0246659 0.0231013 0.0198653 0.0333593 0.0323851 0.0322249 0.0320446 0.0321006 0.0320387 0.0319832 0.0320987 0.0322716 0.0328440 0.0323869 0.0321632 0.0326202 0.0325563 0.0324999 0.0324999 0.0325560 0.0325560 0.0325560 0.0325556 0.0325556 0.0326115 0.0326115 0.0326115 0.0325559 0.0326680 0.0326133 0.0326120 0.0325566 0.0326743 0.0326111 0.0326111 0.0326195 0.0326722 0.0326126 0.0327241 0.0326687 0.0327830 0.0327247 0.0326687 0.0327285 0.0330625 0.0327872 0.0326762 0.0326153 0.0323908 0.0326188 0.0327270 0.0328424 0.0328982 0.0328982 0.0327858 0.0329491 0.0330045 0.0333418 0.0331138 0.0328928 0.0331159 0.0327878 0.0330142 0.0332426 0.0330702 0.0330164 0.0330164 0.0332524 0.0330798 0.0329060 0.0327810 0.0327393 0.0331886 0.0331886 0.0328987 0.0330670 0.0332332 0.0331844 0.0329583 0.0329026 0.0335267 2.0109684 2.0112035 
EBOV_H.sap-tc_COD_08_034-KS_HQ613402                       1.8934426 1.9208866 1.8864496 1.3209719 1.3466207 0.0006130 0.0004086 0.0006130 0.0000000 0.0237248 0.0248880 0.0233221 0.0200839 0.0335285 0.0325537 0.0323936 0.0322131 0.0322692 0.0322072 0.0321516 0.0322672 0.0324403 0.0330129 0.0325556 0.0323318 0.0327891 0.0327250 0.0326687 0.0326687 0.0327248 0.0327248 0.0327248 0.0327243 0.0327243 0.0327803 0.0327803 0.0327803 0.0327246 0.0328368 0.0327821 0.0327808 0.0327254 0.0328432 0.0327799 0.0327799 0.0327884 0.0328411 0.0327814 0.0328930 0.0328375 0.0329519 0.0328935 0.0328375 0.0328974 0.0332315 0.0329560 0.0328451 0.0327841 0.0325595 0.0327876 0.0328958 0.0330113 0.0330672 0.0330672 0.0329546 0.0331181 0.0331735 0.0335109 0.0332828 0.0330617 0.0332849 0.0329567 0.0331831 0.0334117 0.0332392 0.0331854 0.0331854 0.0334216 0.0332489 0.0330750 0.0329499 0.0329082 0.0333577 0.0333577 0.0330677 0.0332360 0.0334022 0.0333535 0.0331273 0.0330716 0.0336959 2.0110514 2.0112867 
EBOV_H.sap-xx_COD_14_Lomela-Lokolia16_KP271018             1.9126640 1.9429538 1.9056247 1.3409612 1.3658174 0.0235045 0.0232842 0.0235035 0.0237248 0.0000000 0.0016943 0.0079868 0.0133298 0.0378698 0.0369422 0.0368400 0.0365470 0.0366039 0.0365402 0.0364839 0.0366017 0.0366640 0.0374095 0.0369443 0.0367173 0.0371824 0.0371165 0.0370592 0.0370592 0.0371162 0.0371162 0.0371162 0.0371157 0.0371157 0.0371724 0.0371724 0.0371724 0.0371160 0.0372298 0.0371745 0.0371730 0.0371169 0.0372860 0.0371719 0.0371719 0.0371816 0.0372347 0.0371737 0.0371727 0.0372306 0.0373470 0.0372874 0.0372306 0.0372919 0.0376306 0.0374013 0.0372393 0.0371767 0.0369489 0.0371808 0.0372901 0.0372914 0.0374015 0.0374015 0.0373501 0.0374018 0.0375714 0.0379792 0.0378007 0.0374580 0.0377497 0.0375193 0.0374765 0.0377657 0.0375902 0.0375359 0.0375359 0.0377769 0.0376561 0.0375228 0.0373446 0.0373042 0.0376466 0.0376466 0.0375784 0.0377493 0.0378040 0.0377556 0.0375257 0.0374692 0.0379893 2.0352032 2.0354415 
EBOV_H.sap-xx_COD_14_Lomela-Lokolia17_KP271019             1.9150872 1.9454218 1.9074232 1.3442243 1.3652459 0.0246668 0.0244458 0.0246659 0.0248880 0.0016943 0.0000000 0.0088824 0.0143476 0.0389729 0.0380421 0.0379398 0.0376457 0.0377028 0.0376387 0.0375823 0.0377006 0.0377632 0.0385110 0.0380442 0.0378166 0.0382832 0.0382169 0.0381595 0.0381595 0.0382166 0.0382166 0.0382166 0.0382161 0.0382161 0.0382730 0.0382730 0.0382730 0.0382164 0.0383305 0.0382751 0.0382736 0.0382174 0.0383870 0.0382725 0.0382725 0.0382824 0.0383356 0.0382743 0.0382733 0.0383314 0.0384483 0.0383884 0.0383314 0.0383930 0.0387326 0.0385026 0.0383403 0.0382774 0.0380489 0.0382816 0.0383911 0.0383925 0.0385028 0.0385028 0.0384514 0.0385031 0.0386732 0.0390825 0.0389032 0.0385595 0.0388522 0.0386211 0.0385785 0.0388687 0.0386926 0.0386381 0.0386381 0.0388802 0.0387588 0.0386247 0.0384458 0.0384057 0.0387491 0.0387491 0.0386804 0.0388518 0.0389066 0.0388584 0.0385132 0.0384566 0.0390928 2.0382166 2.0384551 
EBOV_H.sap-tc_COD_95_Kikwit-9510621_KR867676               1.9060377 1.9351580 1.8966301 1.3382656 1.3684387 0.0231021 0.0228823 0.0231013 0.0233221 0.0079868 0.0088824 0.0000000 0.0129541 0.0373386 0.0364027 0.0363004 0.0360082 0.0360650 0.0360015 0.0359453 0.0359498 0.0360118 0.0368688 0.0364047 0.0361782 0.0366422 0.0365765 0.0365194 0.0365194 0.0365762 0.0365762 0.0365762 0.0365757 0.0365757 0.0366324 0.0366324 0.0366324 0.0365761 0.0366896 0.0366344 0.0366329 0.0365769 0.0367458 0.0366319 0.0366319 0.0366414 0.0366944 0.0366336 0.0367465 0.0366904 0.0368066 0.0367471 0.0366904 0.0367515 0.0370896 0.0368608 0.0366989 0.0366366 0.0364092 0.0366406 0.0367497 0.0368670 0.0369236 0.0369236 0.0368096 0.0369745 0.0370306 0.0374375 0.0372594 0.0369174 0.0372084 0.0369785 0.0369356 0.0372242 0.0370491 0.0369948 0.0369948 0.0372352 0.0370613 0.0369819 0.0368042 0.0367637 0.0371054 0.0371054 0.0370375 0.0372080 0.0372627 0.0372143 0.0369849 0.0369285 0.0374474 2.0264721 2.0267096 
EBOV_H.sap-tc_COD_77_Bonduni_KC242791                      1.9027663 1.9327419 1.8965980 1.3378658 1.3666385 0.0198661 0.0196484 0.0198653 0.0200839 0.0133298 0.0143476 0.0129541 0.0000000 0.0340042 0.0330881 0.0329859 0.0326969 0.0327532 0.0326909 0.0326351 0.0327512 0.0328123 0.0335492 0.0330900 0.0328654 0.0333245 0.0332601 0.0332035 0.0332035 0.0332599 0.0332599 0.0332599 0.0332594 0.0332594 0.0333156 0.0333156 0.0333156 0.0332597 0.0333723 0.0333174 0.0333161 0.0332605 0.0334280 0.0333151 0.0333151 0.0333238 0.0333766 0.0333167 0.0334287 0.0333730 0.0334879 0.0334292 0.0333730 0.0334332 0.0337685 0.0335419 0.0333807 0.0333194 0.0330940 0.0333231 0.0333731 0.0335475 0.0336036 0.0336036 0.0334907 0.0336546 0.0337103 0.0341128 0.0339369 0.0335980 0.0338859 0.0336582 0.0336146 0.0339004 0.0337272 0.0336731 0.0336731 0.0339104 0.0337914 0.0336613 0.0334858 0.0334443 0.0337829 0.0337829 0.0337165 0.0338855 0.0339399 0.0338912 0.0336640 0.0336081 0.0342349 2.0196518 2.0198888 
EBOV_H.sap-wt_GIN_14_Makona-Gueckedou-EM_080076_KR817235   1.9038292 1.9326558 1.8983961 1.3390229 1.3761132 0.0333607 0.0331338 0.0333593 0.0335285 0.0378698 0.0389729 0.0373386 0.0340042 0.0000000 0.0016402 0.0018463 0.0017945 0.0018458 0.0018971 0.0018457 0.0020514 0.0022060 0.0023606 0.0019486 0.0017430 0.0021548 0.0021029 0.0020514 0.0020514 0.0021029 0.0021029 0.0021029 0.0021028 0.0021028 0.0021543 0.0021543 0.0021543 0.0021029 0.0022057 0.0021544 0.0021543 0.0021029 0.0022571 0.0022571 0.0022571 0.0022058 0.0022060 0.0022572 0.0023600 0.0022574 0.0024117 0.0023601 0.0023087 0.0023604 0.0026691 0.0023601 0.0022575 0.0022574 0.0021545 0.0023605 0.0022574 0.0024634 0.0024119 0.0024119 0.0025148 0.0025660 0.0026174 0.0029786 0.0028235 0.0025145 0.0027724 0.0025662 0.0025152 0.0027215 0.0025667 0.0025153 0.0025153 0.0027223 0.0026187 0.0024635 0.0023087 0.0023095 0.0027724 0.0027724 0.0025149 0.0026694 0.0027207 0.0027215 0.0025667 0.0025152 0.0030826 2.0362950 2.0365327 
EBOV_H.sap-wt_GIN_14_Makona-Gueckedou-EM_079702_KR817210   1.8993907 1.9283990 1.8939116 1.3369033 1.3736458 0.0323864 0.0321602 0.0323851 0.0325537 0.0369422 0.0380421 0.0364027 0.0330881 0.0016402 0.0000000 0.0008184 0.0007673 0.0008184 0.0008696 0.0008184 0.0010232 0.0011780 0.0013320 0.0009208 0.0007161 0.0011268 0.0010744 0.0010232 0.0010232 0.0010744 0.0010744 0.0010744 0.0010744 0.0010744 0.0011256 0.0011256 0.0011256 0.0010744 0.0011778 0.0011256 0.0011256 0.0010744 0.0012291 0.0012291 0.0012291 0.0011778 0.0011780 0.0012291 0.0013317 0.0012292 0.0013831 0.0013317 0.0012804 0.0013319 0.0016397 0.0013317 0.0012293 0.0012292 0.0011266 0.0013320 0.0012292 0.0014346 0.0013832 0.0013832 0.0014859 0.0015370 0.0015883 0.0019482 0.0017938 0.0014856 0.0017426 0.0015372 0.0014861 0.0016917 0.0015374 0.0014862 0.0014862 0.0016922 0.0015891 0.0014346 0.0012804 0.0012809 0.0017426 0.0017426 0.0014859 0.0016399 0.0016912 0.0016917 0.0015374 0.0014861 0.0020516 2.0334301 2.0336676 
EBOV_H.sap-wt_GIN_14_Makona-Gueckedou-EM_079587_KR817202   1.9019054 1.9309846 1.8965894 1.3367013 1.3744814 0.0322262 0.0320001 0.0322249 0.0323936 0.0368400 0.0379398 0.0363004 0.0329859 0.0018463 0.0008184 0.0000000 0.0006649 0.0007161 0.0007673 0.0007161 0.0009208 0.0010758 0.0012298 0.0008184 0.0006137 0.0010246 0.0009731 0.0009208 0.0009208 0.0009731 0.0009731 0.0009731 0.0009730 0.0009730 0.0010243 0.0010243 0.0010243 0.0009730 0.0010756 0.0010244 0.0010243 0.0009731 0.0011269 0.0011269 0.0011269 0.0010756 0.0010757 0.0011269 0.0012295 0.0011270 0.0012809 0.0012295 0.0011782 0.0012297 0.0015376 0.0012295 0.0011271 0.0011270 0.0010244 0.0012298 0.0011270 0.0013324 0.0012810 0.0012810 0.0013837 0.0014348 0.0014861 0.0018461 0.0016916 0.0013835 0.0016405 0.0014350 0.0013839 0.0015895 0.0014352 0.0013840 0.0013840 0.0015899 0.0014869 0.0013324 0.0011782 0.0011786 0.0016404 0.0016404 0.0013837 0.0015377 0.0015890 0.0015895 0.0014352 0.0013839 0.0019494 2.0346148 2.0348522 
EBOV_H.sap-tc_GIN_14_Makona-Gueckedou-C07_KP096421         1.8994340 1.9284557 1.8937712 1.3380608 1.3751318 0.0320459 0.0318200 0.0320446 0.0322131 0.0365470 0.0376457 0.0360082 0.0326969 0.0017945 0.0007673 0.0006649 0.0000000 0.0000511 0.0005114 0.0004603 0.0006649 0.0008184 0.0011782 0.0007673 0.0005626 0.0009731 0.0009208 0.0008696 0.0008696 0.0009208 0.0009208 0.0009208 0.0009208 0.0009208 0.0009720 0.0009720 0.0009720 0.0009208 0.0010232 0.0009720 0.0009720 0.0009208 0.0010744 0.0010744 0.0010744 0.0010232 0.0010242 0.0010744 0.0011779 0.0010755 0.0012293 0.0011780 0.0011267 0.0011781 0.0014859 0.0011779 0.0010755 0.0010755 0.0009720 0.0011782 0.0010755 0.0012807 0.0012294 0.0012294 0.0013320 0.0013832 0.0014344 0.0017942 0.0016398 0.0013318 0.0015887 0.0013833 0.0013322 0.0015377 0.0013835 0.0013323 0.0013323 0.0015382 0.0014352 0.0012808 0.0011267 0.0011271 0.0015887 0.0015887 0.0013321 0.0014860 0.0015373 0.0015377 0.0013835 0.0013322 0.0018975 2.0333826 2.0336200 
EBOV_H.sap-wt_GIN_14_Makona-Gueckedou-C07_KT013256         1.8995696 1.9285934 1.8939063 1.3382685 1.3749358 0.0321019 0.0318760 0.0321006 0.0322692 0.0366039 0.0377028 0.0360650 0.0327532 0.0018458 0.0008184 0.0007161 0.0000511 0.0000000 0.0005626 0.0005114 0.0007161 0.0008696 0.0012295 0.0008184 0.0006137 0.0010244 0.0009720 0.0009208 0.0009208 0.0009720 0.0009720 0.0009720 0.0009720 0.0009720 0.0010232 0.0010232 0.0010232 0.0009720 0.0010744 0.0010232 0.0010232 0.0009720 0.0011266 0.0011266 0.0011266 0.0010744 0.0010755 0.0011267 0.0012292 0.0011268 0.0012806 0.0012292 0.0011780 0.0012294 0.0015372 0.0012292 0.0011268 0.0011267 0.0010232 0.0012295 0.0011267 0.0013320 0.0012807 0.0012807 0.0013833 0.0014345 0.0014858 0.0018456 0.0016912 0.0013831 0.0016401 0.0014346 0.0013835 0.0015891 0.0014349 0.0013836 0.0013836 0.0015896 0.0014865 0.0013321 0.0011780 0.0011784 0.0016401 0.0016401 0.0013834 0.0015374 0.0015886 0.0015891 0.0014349 0.0013836 0.0019490 2.0336171 2.0338545 
EBOV_H.sap-wt_GIN_14_Makona-Macenta-EM_079422_KR817187     1.9008793 1.9299129 1.8952142 1.3373273 1.3740562 0.0320400 0.0318141 0.0320387 0.0322072 0.0365402 0.0376387 0.0360015 0.0326909 0.0018971 0.0008696 0.0007673 0.0005114 0.0005626 0.0000000 0.0002557 0.0007673 0.0009208 0.0012807 0.0008696 0.0006649 0.0010756 0.0010232 0.0009720 0.0009720 0.0010232 0.0010232 0.0010232 0.0010232 0.0010232 0.0010744 0.0010744 0.0010744 0.0010232 0.0011256 0.0010744 0.0010744 0.0010232 0.0011778 0.0011778 0.0011778 0.0011256 0.0011267 0.0011778 0.0012804 0.0011780 0.0013318 0.0012805 0.0012292 0.0012806 0.0015884 0.0012804 0.0011780 0.0011779 0.0010744 0.0012807 0.0011779 0.0013833 0.0013319 0.0013319 0.0014346 0.0014857 0.0015370 0.0018969 0.0017424 0.0014343 0.0016913 0.0014858 0.0014348 0.0016403 0.0014861 0.0014349 0.0014349 0.0016408 0.0015378 0.0013833 0.0012292 0.0012296 0.0016913 0.0016913 0.0014346 0.0015886 0.0016399 0.0016403 0.0014861 0.0014348 0.0020002 2.0333844 2.0336218 
EBOV_H.sap-wt_GIN_14_Makona-Macenta-EM_079424_KR817189     1.9010886 1.9301336 1.8954212 1.3381478 1.3747399 0.0319845 0.0317586 0.0319832 0.0321516 0.0364839 0.0375823 0.0359453 0.0326351 0.0018457 0.0008184 0.0007161 0.0004603 0.0005114 0.0002557 0.0000000 0.0007161 0.0008696 0.0012294 0.0008184 0.0006137 0.0010243 0.0009720 0.0009208 0.0009208 0.0009720 0.0009720 0.0009720 0.0009720 0.0009720 0.0010232 0.0010232 0.0010232 0.0009720 0.0010744 0.0010232 0.0010232 0.0009720 0.0011256 0.0011256 0.0011256 0.0010744 0.0010754 0.0011256 0.0012291 0.0011267 0.0012805 0.0012292 0.0011779 0.0012293 0.0015371 0.0012292 0.0011267 0.0011267 0.0010232 0.0012294 0.0011267 0.0013320 0.0012807 0.0012807 0.0013832 0.0014344 0.0014857 0.0018455 0.0016911 0.0013830 0.0016400 0.0014345 0.0013835 0.0015890 0.0014348 0.0013835 0.0013835 0.0015895 0.0014864 0.0013320 0.0011779 0.0011783 0.0016400 0.0016400 0.0013833 0.0015373 0.0015885 0.0015890 0.0014348 0.0013835 0.0019488 2.0338696 2.0341071 
EBOV_H.sap-tc_GIN_14_Makona-Gueckedou-C05_KP096420         1.9015149 1.9305632 1.8962976 1.3384303 1.3754365 0.0321000 0.0318741 0.0320987 0.0322672 0.0366017 0.0377006 0.0359498 0.0327512 0.0020514 0.0010232 0.0009208 0.0006649 0.0007161 0.0007673 0.0007161 0.0000000 0.0001534 0.0014348 0.0010232 0.0008184 0.0012295 0.0011779 0.0011266 0.0011266 0.0011779 0.0011779 0.0011779 0.0011779 0.0011779 0.0012292 0.0012292 0.0012292 0.0011779 0.0012805 0.0012292 0.0012292 0.0011779 0.0013318 0.0012292 0.0012292 0.0012805 0.0012807 0.0012292 0.0013318 0.0013319 0.0013832 0.0014345 0.0013831 0.0014346 0.0017426 0.0014345 0.0013320 0.0013319 0.0012293 0.0014347 0.0013319 0.0015373 0.0014860 0.0014860 0.0014860 0.0016398 0.0015884 0.0019484 0.0017939 0.0014858 0.0017428 0.0015373 0.0015889 0.0017946 0.0016403 0.0015890 0.0015890 0.0017951 0.0016920 0.0015374 0.0013831 0.0013836 0.0018455 0.0018455 0.0015887 0.0017428 0.0017941 0.0017946 0.0016403 0.0015889 0.0020518 2.0320730 2.0323104 
EBOV_H.sap-wt_GIN_14_Makona-Kissidougou-C15_KT013254       1.9019203 1.9309728 1.8967022 1.3397242 1.3757622 0.0322729 0.0320469 0.0322716 0.0324403 0.0366640 0.0377632 0.0360118 0.0328123 0.0022060 0.0011780 0.0010758 0.0008184 0.0008696 0.0009208 0.0008696 0.0001534 0.0000000 0.0015890 0.0011781 0.0009720 0.0013837 0.0013320 0.0012807 0.0012807 0.0013320 0.0013320 0.0013320 0.0013320 0.0013320 0.0013833 0.0013833 0.0013833 0.0013320 0.0014346 0.0013834 0.0013833 0.0013320 0.0014859 0.0013833 0.0013833 0.0014347 0.0014348 0.0013833 0.0014860 0.0014861 0.0015374 0.0015887 0.0015374 0.0015889 0.0018970 0.0015887 0.0014862 0.0014861 0.0013834 0.0015890 0.0014861 0.0016916 0.0016403 0.0016403 0.0016403 0.0017942 0.0017427 0.0021029 0.0019483 0.0016400 0.0018972 0.0016916 0.0017432 0.0019491 0.0017946 0.0017434 0.0017434 0.0019496 0.0018464 0.0016917 0.0015373 0.0015379 0.0020000 0.0020000 0.0017430 0.0018972 0.0019485 0.0019490 0.0017946 0.0017433 0.0022064 2.0311555 2.0313928 
EBOV_H.sap-wt_LBR_14_Makona-LIBR0430_KR006955              1.9019272 1.9309901 1.8962565 1.3395582 1.3747655 0.0328453 0.0326188 0.0328440 0.0330129 0.0374095 0.0385110 0.0368688 0.0335492 0.0023606 0.0013320 0.0012298 0.0011782 0.0012295 0.0012807 0.0012294 0.0014348 0.0015890 0.0000000 0.0005114 0.0006137 0.0007161 0.0006649 0.0006137 0.0006137 0.0006649 0.0006649 0.0006649 0.0006649 0.0006649 0.0007161 0.0007161 0.0007161 0.0006649 0.0007673 0.0007161 0.0007161 0.0006649 0.0008184 0.0008184 0.0008184 0.0007673 0.0007673 0.0008184 0.0009208 0.0008184 0.0009720 0.0009208 0.0008696 0.0009208 0.0012294 0.0009208 0.0008184 0.0008184 0.0007161 0.0009218 0.0008184 0.0010243 0.0009731 0.0009731 0.0010756 0.0011268 0.0011780 0.0015375 0.0013833 0.0010754 0.0013321 0.0011269 0.0010758 0.0012811 0.0011271 0.0010758 0.0010758 0.0012815 0.0011786 0.0010244 0.0008696 0.0008707 0.0013321 0.0013321 0.0010756 0.0012295 0.0012808 0.0012811 0.0019490 0.0018976 0.0016407 2.0349456 2.0351832 
EBOV_H.sap-wt_SLE_14_Makona-G3734.1_KM233055               1.9013221 1.9303719 1.8956538 1.3387351 1.3744531 0.0323882 0.0321620 0.0323869 0.0325556 0.0369443 0.0380442 0.0364047 0.0330900 0.0019486 0.0009208 0.0008184 0.0007673 0.0008184 0.0008696 0.0008184 0.0010232 0.0011781 0.0005114 0.0000000 0.0002045 0.0002045 0.0001534 0.0001023 0.0001023 0.0001534 0.0001534 0.0001534 0.0001534 0.0001534 0.0002045 0.0002045 0.0002045 0.0001534 0.0002557 0.0002045 0.0002045 0.0001534 0.0003068 0.0003068 0.0003068 0.0002557 0.0002557 0.0003068 0.0004091 0.0003068 0.0004603 0.0004091 0.0003580 0.0004091 0.0007161 0.0004091 0.0004091 0.0004091 0.0003068 0.0005114 0.0004091 0.0006137 0.0004603 0.0004603 0.0005626 0.0006137 0.0006649 0.0010232 0.0008696 0.0005626 0.0008184 0.0006137 0.0005626 0.0007673 0.0006137 0.0005626 0.0005626 0.0007673 0.0006649 0.0005114 0.0004603 0.0004603 0.0008184 0.0008184 0.0006649 0.0008184 0.0007673 0.0007673 0.0015375 0.0014862 0.0011270 2.0342649 2.0345024 
EBOV_H.sap-wt_SLE_14_Makona-G3676.1_KM034554               1.9010094 1.9300533 1.8953423 1.3383024 1.3745313 0.0321645 0.0319385 0.0321632 0.0323318 0.0367173 0.0378166 0.0361782 0.0328654 0.0017430 0.0007161 0.0006137 0.0005626 0.0006137 0.0006649 0.0006137 0.0008184 0.0009720 0.0006137 0.0002045 0.0000000 0.0004091 0.0003580 0.0003068 0.0003068 0.0003580 0.0003580 0.0003580 0.0003580 0.0003580 0.0004091 0.0004091 0.0004091 0.0003580 0.0004603 0.0004091 0.0004091 0.0003580 0.0005114 0.0005114 0.0005114 0.0004603 0.0004603 0.0005114 0.0006137 0.0005114 0.0006649 0.0006137 0.0005626 0.0006137 0.0009208 0.0006137 0.0005114 0.0005114 0.0004091 0.0006137 0.0005114 0.0007161 0.0006649 0.0006649 0.0007673 0.0008184 0.0008696 0.0012292 0.0010744 0.0007673 0.0010232 0.0008184 0.0007673 0.0009730 0.0008184 0.0007673 0.0007673 0.0009733 0.0008696 0.0007161 0.0005626 0.0005626 0.0010232 0.0010232 0.0007673 0.0009208 0.0009720 0.0009730 0.0013322 0.0012809 0.0013322 2.0338843 2.0341218 
EBOV_H.sap-wt_LBR_15_Makona-Liberia-DQE4_KR074998          1.9009320 1.9299720 1.8952656 1.3394742 1.3740347 0.0326215 0.0323952 0.0326202 0.0327891 0.0371824 0.0382832 0.0366422 0.0333245 0.0021548 0.0011268 0.0010246 0.0009731 0.0010244 0.0010756 0.0010243 0.0012295 0.0013837 0.0007161 0.0002045 0.0004091 0.0000000 0.0001534 0.0001023 0.0001023 0.0001534 0.0001534 0.0001534 0.0001534 0.0001534 0.0002045 0.0002045 0.0002045 0.0001534 0.0002557 0.0002045 0.0002045 0.0001534 0.0003068 0.0003068 0.0003068 0.0002557 0.0002557 0.0003068 0.0004091 0.0003068 0.0004603 0.0004091 0.0003580 0.0004091 0.0007161 0.0004091 0.0006137 0.0006137 0.0005114 0.0007161 0.0006137 0.0008184 0.0004603 0.0004603 0.0005626 0.0006137 0.0006649 0.0010244 0.0008696 0.0005626 0.0008184 0.0006137 0.0005626 0.0007673 0.0006137 0.0005626 0.0005626 0.0007684 0.0006649 0.0005114 0.0006649 0.0006649 0.0008184 0.0008184 0.0008696 0.0010244 0.0007673 0.0007673 0.0017435 0.0016921 0.0011272 2.0323463 2.0325837 
EBOV_H.sap-wt_SLE_14_Makona-G3799_KM233080                 1.9016608 1.9307223 1.8959903 1.3394501 1.3750367 0.0325576 0.0323313 0.0325563 0.0327250 0.0371165 0.0382169 0.0365765 0.0332601 0.0021029 0.0010744 0.0009731 0.0009208 0.0009720 0.0010232 0.0009720 0.0011779 0.0013320 0.0006649 0.0001534 0.0003580 0.0001534 0.0000000 0.0000511 0.0000511 0.0001023 0.0001023 0.0001023 0.0001023 0.0001023 0.0001534 0.0001534 0.0001534 0.0001023 0.0002045 0.0001534 0.0001534 0.0001023 0.0002557 0.0002557 0.0002557 0.0002045 0.0002045 0.0002557 0.0003580 0.0002557 0.0004091 0.0003580 0.0003068 0.0003580 0.0006649 0.0003580 0.0005626 0.0005626 0.0004603 0.0006649 0.0005626 0.0007673 0.0004091 0.0004091 0.0005114 0.0005626 0.0006137 0.0009720 0.0008184 0.0005114 0.0007673 0.0005626 0.0005114 0.0007161 0.0005626 0.0005114 0.0005114 0.0007161 0.0006137 0.0004603 0.0006137 0.0006137 0.0007673 0.0007673 0.0008184 0.0009720 0.0007161 0.0007161 0.0016916 0.0016403 0.0010757 2.0328813 2.0331187 
EBOV_H.sap-wt_SLE_14_Makona-G3677.2_KM034557               1.9019307 1.9309943 1.8962599 1.3391815 1.3747657 0.0325012 0.0322750 0.0324999 0.0326687 0.0370592 0.0381595 0.0365194 0.0332035 0.0020514 0.0010232 0.0009208 0.0008696 0.0009208 0.0009720 0.0009208 0.0011266 0.0012807 0.0006137 0.0001023 0.0003068 0.0001023 0.0000511 0.0000000 0.0000010 0.0000511 0.0000511 0.0000511 0.0000511 0.0000511 0.0001023 0.0001023 0.0001023 0.0000511 0.0001534 0.0001023 0.0001023 0.0000511 0.0002045 0.0002045 0.0002045 0.0001534 0.0001534 0.0002045 0.0003068 0.0002045 0.0003580 0.0003068 0.0002557 0.0003068 0.0006137 0.0003068 0.0005114 0.0005114 0.0004091 0.0006137 0.0005114 0.0007161 0.0003580 0.0003580 0.0004603 0.0005114 0.0005626 0.0009208 0.0007673 0.0004603 0.0007161 0.0005114 0.0004603 0.0006649 0.0005114 0.0004603 0.0004603 0.0006649 0.0005626 0.0004091 0.0005626 0.0005626 0.0007161 0.0007161 0.0007673 0.0009208 0.0006649 0.0006649 0.0016403 0.0015889 0.0010244 2.0331662 2.0334036 
EBOV_H.sap-wt_SLE_14_Makona-G3789.1_KM233076               1.9019307 1.9309943 1.8962599 1.3391815 1.3747657 0.0325012 0.0322750 0.0324999 0.0326687 0.0370592 0.0381595 0.0365194 0.0332035 0.0020514 0.0010232 0.0009208 0.0008696 0.0009208 0.0009720 0.0009208 0.0011266 0.0012807 0.0006137 0.0001023 0.0003068 0.0001023 0.0000511 0.0000010 0.0000000 0.0000511 0.0000511 0.0000511 0.0000511 0.0000511 0.0001023 0.0001023 0.0001023 0.0000511 0.0001534 0.0001023 0.0001023 0.0000511 0.0002045 0.0002045 0.0002045 0.0001534 0.0001534 0.0002045 0.0003068 0.0002045 0.0003580 0.0003068 0.0002557 0.0003068 0.0006137 0.0003068 0.0005114 0.0005114 0.0004091 0.0006137 0.0005114 0.0007161 0.0003580 0.0003580 0.0004603 0.0005114 0.0005626 0.0009208 0.0007673 0.0004603 0.0007161 0.0005114 0.0004603 0.0006649 0.0005114 0.0004603 0.0004603 0.0006649 0.0005626 0.0004091 0.0005626 0.0005626 0.0007161 0.0007161 0.0007673 0.0009208 0.0006649 0.0006649 0.0016403 0.0015889 0.0010244 2.0331662 2.0334036 
EBOV_H.sap-wt_SLE_14_Makona-EM124.3_KM233047               1.9020664 1.9311321 1.8963951 1.3391355 1.3747202 0.0325573 0.0323311 0.0325560 0.0327248 0.0371162 0.0382166 0.0365762 0.0332599 0.0021029 0.0010744 0.0009731 0.0009208 0.0009720 0.0010232 0.0009720 0.0011779 0.0013320 0.0006649 0.0001534 0.0003580 0.0001534 0.0001023 0.0000511 0.0000511 0.0000000 0.0000010 0.0001023 0.0001023 0.0001023 0.0001534 0.0001534 0.0001534 0.0001023 0.0002045 0.0001534 0.0001534 0.0001023 0.0002557 0.0002557 0.0002557 0.0002045 0.0001023 0.0002557 0.0003580 0.0002557 0.0004091 0.0003580 0.0003068 0.0003580 0.0006649 0.0003580 0.0005626 0.0005626 0.0004603 0.0006649 0.0005626 0.0007673 0.0004091 0.0004091 0.0005114 0.0005626 0.0006137 0.0009720 0.0008184 0.0005114 0.0007673 0.0005626 0.0005114 0.0007161 0.0005626 0.0005114 0.0005114 0.0007161 0.0006137 0.0004603 0.0006137 0.0006137 0.0007673 0.0007673 0.0008184 0.0009720 0.0007161 0.0007161 0.0016916 0.0016403 0.0010757 2.0333151 2.0335525 
EBOV_H.sap-wt_SLE_14_Makona-G3949_1_KR105209               1.9020664 1.9311321 1.8963951 1.3391355 1.3747202 0.0325573 0.0323311 0.0325560 0.0327248 0.0371162 0.0382166 0.0365762 0.0332599 0.0021029 0.0010744 0.0009731 0.0009208 0.0009720 0.0010232 0.0009720 0.0011779 0.0013320 0.0006649 0.0001534 0.0003580 0.0001534 0.0001023 0.0000511 0.0000511 0.0000010 0.0000000 0.0001023 0.0001023 0.0001023 0.0001534 0.0001534 0.0001534 0.0001023 0.0002045 0.0001534 0.0001534 0.0001023 0.0002557 0.0002557 0.0002557 0.0002045 0.0001023 0.0002557 0.0003580 0.0002557 0.0004091 0.0003580 0.0003068 0.0003580 0.0006649 0.0003580 0.0005626 0.0005626 0.0004603 0.0006649 0.0005626 0.0007673 0.0004091 0.0004091 0.0005114 0.0005626 0.0006137 0.0009720 0.0008184 0.0005114 0.0007673 0.0005626 0.0005114 0.0007161 0.0005626 0.0005114 0.0005114 0.0007161 0.0006137 0.0004603 0.0006137 0.0006137 0.0007673 0.0007673 0.0008184 0.0009720 0.0007161 0.0007161 0.0016916 0.0016403 0.0010757 2.0333151 2.0335525 
EBOV_H.sap-wt_SLE_14_Makona-G3818_KM233092                 1.9020664 1.9311321 1.8963951 1.3393893 1.3748655 0.0325573 0.0323311 0.0325560 0.0327248 0.0371162 0.0382166 0.0365762 0.0332599 0.0021029 0.0010744 0.0009731 0.0009208 0.0009720 0.0010232 0.0009720 0.0011779 0.0013320 0.0006649 0.0001534 0.0003580 0.0001534 0.0001023 0.0000511 0.0000511 0.0001023 0.0001023 0.0000000 0.0001023 0.0001023 0.0001534 0.0001534 0.0001534 0.0001023 0.0002045 0.0001534 0.0001534 0.0001023 0.0002557 0.0002557 0.0002557 0.0002045 0.0002045 0.0002557 0.0003580 0.0002557 0.0004091 0.0003580 0.0003068 0.0003580 0.0006649 0.0003580 0.0005626 0.0005626 0.0004603 0.0006649 0.0005626 0.0007673 0.0004091 0.0004091 0.0005114 0.0005626 0.0006137 0.0009720 0.0008184 0.0005114 0.0007673 0.0005626 0.0005114 0.0007161 0.0005626 0.0005114 0.0005114 0.0007161 0.0006137 0.0004603 0.0006137 0.0006137 0.0007673 0.0007673 0.0008184 0.0009720 0.0007161 0.0007161 0.0016916 0.0016403 0.0010757 2.0334008 2.0336382 
EBOV_H.sap-wt_SLE_14_Makona-Kenema-G4350_1_KR105242        1.9021533 1.9312177 1.8964823 1.3389737 1.3749618 0.0325569 0.0323306 0.0325556 0.0327243 0.0371157 0.0382161 0.0365757 0.0332594 0.0021028 0.0010744 0.0009730 0.0009208 0.0009720 0.0010232 0.0009720 0.0011779 0.0013320 0.0006649 0.0001534 0.0003580 0.0001534 0.0001023 0.0000511 0.0000511 0.0001023 0.0001023 0.0001023 0.0000000 0.0000010 0.0000511 0.0001534 0.0001534 0.0001023 0.0002045 0.0001534 0.0001534 0.0001023 0.0002557 0.0002557 0.0002557 0.0001023 0.0002045 0.0002557 0.0003580 0.0002557 0.0004091 0.0003580 0.0003068 0.0003580 0.0006649 0.0003580 0.0005626 0.0005626 0.0004603 0.0006649 0.0005626 0.0007673 0.0004091 0.0004091 0.0005114 0.0004603 0.0006137 0.0009720 0.0008184 0.0005114 0.0007673 0.0005626 0.0005114 0.0007161 0.0005626 0.0005114 0.0005114 0.0007161 0.0006137 0.0004603 0.0006137 0.0006137 0.0007673 0.0007673 0.0008184 0.0009720 0.0007161 0.0007161 0.0016916 0.0016403 0.0010756 2.0330173 2.0332547 
EBOV_H.sap-wt_SLE_14_Makona-Kenema-G4971_1_KR105284        1.9021533 1.9312177 1.8964823 1.3389737 1.3749618 0.0325569 0.0323306 0.0325556 0.0327243 0.0371157 0.0382161 0.0365757 0.0332594 0.0021028 0.0010744 0.0009730 0.0009208 0.0009720 0.0010232 0.0009720 0.0011779 0.0013320 0.0006649 0.0001534 0.0003580 0.0001534 0.0001023 0.0000511 0.0000511 0.0001023 0.0001023 0.0001023 0.0000010 0.0000000 0.0000511 0.0001534 0.0001534 0.0001023 0.0002045 0.0001534 0.0001534 0.0001023 0.0002557 0.0002557 0.0002557 0.0001023 0.0002045 0.0002557 0.0003580 0.0002557 0.0004091 0.0003580 0.0003068 0.0003580 0.0006649 0.0003580 0.0005626 0.0005626 0.0004603 0.0006649 0.0005626 0.0007673 0.0004091 0.0004091 0.0005114 0.0004603 0.0006137 0.0009720 0.0008184 0.0005114 0.0007673 0.0005626 0.0005114 0.0007161 0.0005626 0.0005114 0.0005114 0.0007161 0.0006137 0.0004603 0.0006137 0.0006137 0.0007673 0.0007673 0.0008184 0.0009720 0.0007161 0.0007161 0.0016916 0.0016403 0.0010756 2.0330173 2.0332547 
EBOV_H.sap-wt_SLE_14_Makona-Kenema-G4856_1_KR105273        1.9021824 1.9312480 1.8965112 1.3389831 1.3749723 0.0326128 0.0323866 0.0326115 0.0327803 0.0371724 0.0382730 0.0366324 0.0333156 0.0021543 0.0011256 0.0010243 0.0009720 0.0010232 0.0010744 0.0010232 0.0012292 0.0013833 0.0007161 0.0002045 0.0004091 0.0002045 0.0001534 0.0001023 0.0001023 0.0001534 0.0001534 0.0001534 0.0000511 0.0000511 0.0000000 0.0002045 0.0002045 0.0001534 0.0002557 0.0002045 0.0002045 0.0001534 0.0003068 0.0003068 0.0003068 0.0001534 0.0002557 0.0003068 0.0004091 0.0003068 0.0004603 0.0004091 0.0003580 0.0004091 0.0007161 0.0004091 0.0006137 0.0006137 0.0005114 0.0007161 0.0006137 0.0008184 0.0004603 0.0004603 0.0005626 0.0005114 0.0006649 0.0010232 0.0008696 0.0005626 0.0008184 0.0006137 0.0005626 0.0007673 0.0006137 0.0005626 0.0005626 0.0007673 0.0006649 0.0005114 0.0006649 0.0006649 0.0008184 0.0008184 0.0008696 0.0010232 0.0007673 0.0007673 0.0017430 0.0016916 0.0011269 2.0333021 2.0335396 
EBOV_H.sap-wt_SLE_14_Makona-J0093_KP759760                 1.9017313 1.9307956 1.8960603 1.3393866 1.3746765 0.0326128 0.0323866 0.0326115 0.0327803 0.0371724 0.0382730 0.0366324 0.0333156 0.0021543 0.0011256 0.0010243 0.0009720 0.0010232 0.0010744 0.0010232 0.0012292 0.0013833 0.0007161 0.0002045 0.0004091 0.0002045 0.0001534 0.0001023 0.0001023 0.0001534 0.0001534 0.0001534 0.0001534 0.0001534 0.0002045 0.0000000 0.0000010 0.0000511 0.0001534 0.0001023 0.0002045 0.0001534 0.0002045 0.0002045 0.0002045 0.0002557 0.0002557 0.0002045 0.0003068 0.0003068 0.0003580 0.0004091 0.0003580 0.0004091 0.0007161 0.0004091 0.0006137 0.0006137 0.0005114 0.0007161 0.0006137 0.0008184 0.0004603 0.0004603 0.0004603 0.0006137 0.0005626 0.0009208 0.0007673 0.0004603 0.0007161 0.0005114 0.0005626 0.0007673 0.0006137 0.0005626 0.0005626 0.0007673 0.0006649 0.0005114 0.0006649 0.0006649 0.0008184 0.0008184 0.0008696 0.0010232 0.0007673 0.0007673 0.0017430 0.0016916 0.0010244 2.0326535 2.0328909 
EBOV_H.sap-wt_SLE_14_Makona-PortLoko-J0080_KP759749        1.9017313 1.9307956 1.8960603 1.3393866 1.3746765 0.0326128 0.0323866 0.0326115 0.0327803 0.0371724 0.0382730 0.0366324 0.0333156 0.0021543 0.0011256 0.0010243 0.0009720 0.0010232 0.0010744 0.0010232 0.0012292 0.0013833 0.0007161 0.0002045 0.0004091 0.0002045 0.0001534 0.0001023 0.0001023 0.0001534 0.0001534 0.0001534 0.0001534 0.0001534 0.0002045 0.0000010 0.0000000 0.0000511 0.0001534 0.0001023 0.0002045 0.0001534 0.0002045 0.0002045 0.0002045 0.0002557 0.0002557 0.0002045 0.0003068 0.0003068 0.0003580 0.0004091 0.0003580 0.0004091 0.0007161 0.0004091 0.0006137 0.0006137 0.0005114 0.0007161 0.0006137 0.0008184 0.0004603 0.0004603 0.0004603 0.0006137 0.0005626 0.0009208 0.0007673 0.0004603 0.0007161 0.0005114 0.0005626 0.0007673 0.0006137 0.0005626 0.0005626 0.0007673 0.0006649 0.0005114 0.0006649 0.0006649 0.0008184 0.0008184 0.0008696 0.0010232 0.0007673 0.0007673 0.0017430 0.0016916 0.0010244 2.0326535 2.0328909 
EBOV_H.sap-wt_SLE_14_Makona-G3825.1_KM233098               1.9019599 1.9310245 1.8962888 1.3391910 1.3747762 0.0325572 0.0323309 0.0325559 0.0327246 0.0371160 0.0382164 0.0365761 0.0332597 0.0021029 0.0010744 0.0009730 0.0009208 0.0009720 0.0010232 0.0009720 0.0011779 0.0013320 0.0006649 0.0001534 0.0003580 0.0001534 0.0001023 0.0000511 0.0000511 0.0001023 0.0001023 0.0001023 0.0001023 0.0001023 0.0001534 0.0000511 0.0000511 0.0000000 0.0001023 0.0000511 0.0001534 0.0001023 0.0001534 0.0001534 0.0001534 0.0002045 0.0002045 0.0001534 0.0002557 0.0002557 0.0003068 0.0003580 0.0003068 0.0003580 0.0006649 0.0003580 0.0005626 0.0005626 0.0004603 0.0006649 0.0005626 0.0007673 0.0004091 0.0004091 0.0004091 0.0005626 0.0005114 0.0008696 0.0007161 0.0004091 0.0006649 0.0004603 0.0005114 0.0007161 0.0005626 0.0005114 0.0005114 0.0007161 0.0006137 0.0004603 0.0006137 0.0006137 0.0007673 0.0007673 0.0008184 0.0009720 0.0007161 0.0007161 0.0016916 0.0016403 0.0009731 2.0328023 2.0330398 
EBOV_H.sap-wt_SLE_14_Makona-J0117_KP759665                 1.9020072 1.9310730 1.8963359 1.3395144 1.3748866 0.0326693 0.0324429 0.0326680 0.0328368 0.0372298 0.0383305 0.0366896 0.0333723 0.0022057 0.0011778 0.0010756 0.0010232 0.0010744 0.0011256 0.0010744 0.0012805 0.0014346 0.0007673 0.0002557 0.0004603 0.0002557 0.0002045 0.0001534 0.0001534 0.0002045 0.0002045 0.0002045 0.0002045 0.0002045 0.0002557 0.0001534 0.0001534 0.0001023 0.0000000 0.0001534 0.0002557 0.0002045 0.0002557 0.0002557 0.0002557 0.0003068 0.0003068 0.0002557 0.0003580 0.0003580 0.0004091 0.0004603 0.0004091 0.0004603 0.0007673 0.0004603 0.0006649 0.0006649 0.0005626 0.0007673 0.0006649 0.0008696 0.0005114 0.0005114 0.0005114 0.0006649 0.0006137 0.0009720 0.0008184 0.0005114 0.0007673 0.0005626 0.0006137 0.0008184 0.0006649 0.0006137 0.0006137 0.0008195 0.0007161 0.0005626 0.0007161 0.0007161 0.0008696 0.0008696 0.0009208 0.0010744 0.0008184 0.0008184 0.0017944 0.0017430 0.0010757 2.0328560 2.0330935 
EBOV_H.sap-wt_SLE_14_Makona-Kenema-G5685_1_KR105317        1.9011993 1.9301879 1.8955317 1.3386641 1.3753413 0.0326146 0.0323883 0.0326133 0.0327821 0.0371745 0.0382751 0.0366344 0.0333174 0.0021544 0.0011256 0.0010244 0.0009720 0.0010232 0.0010744 0.0010232 0.0012292 0.0013834 0.0007161 0.0002045 0.0004091 0.0002045 0.0001534 0.0001023 0.0001023 0.0001534 0.0001534 0.0001534 0.0001534 0.0001534 0.0002045 0.0001023 0.0001023 0.0000511 0.0001534 0.0000000 0.0002045 0.0001534 0.0002045 0.0002045 0.0002045 0.0002557 0.0002557 0.0002045 0.0003068 0.0003068 0.0003580 0.0004091 0.0003580 0.0004091 0.0007161 0.0004091 0.0006137 0.0006137 0.0005114 0.0007161 0.0006137 0.0008184 0.0004603 0.0004603 0.0004603 0.0006137 0.0005626 0.0009208 0.0007673 0.0004603 0.0007161 0.0005114 0.0005626 0.0007673 0.0006137 0.0005626 0.0005626 0.0007673 0.0006649 0.0005114 0.0006649 0.0006649 0.0008184 0.0008184 0.0008696 0.0010232 0.0007673 0.0007673 0.0017431 0.0016917 0.0010244 2.0319377 2.0321751 
