96
SUDV_H.sap-xx_UGA_12_EboSud-603_KC545390                   0.0000000 0.0001537 1.7168438 1.7248570 1.7412586 1.7623530 1.7631173 1.7620568 1.7642660 1.7618977 1.7613656 1.7609847 1.7607136 1.7612445 1.7615744 1.7613285 1.7604362 1.7621859 1.7621859 1.7606475 1.7603874 1.7596349 1.7612672 1.7609176 1.7594461 1.7618331 1.7612701 1.7629554 1.7600790 1.7600790 1.7608292 1.7592505 1.7595188 1.7588601 1.7621886 1.7616250 1.7609852 1.7606791 1.7608487 1.7604761 1.7613696 1.7619634 1.7612242 1.7610815 1.7605488 1.7602191 1.7609390 1.7620120 1.7634663 1.7609469 1.7593382 1.7621397 1.7612507 1.7609576 1.7639868 1.7639868 1.7595199 1.7624424 1.7614074 1.7600071 1.7607503 1.7622794 1.7614843 1.7616946 1.7625625 1.7619427 1.7619427 1.7616126 1.7616126 1.7612960 1.7601497 1.7600173 1.7600173 1.7610232 1.7607651 1.7607651 1.7607709 1.7610290 1.7615599 1.7612299 1.7612299 1.7609000 1.7609000 1.7612096 1.7612096 1.7608797 1.7270859 1.7257582 1.7254805 1.7263406 1.7313366 1.7301272 1.7388255 1.7405376 2.0428989 2.0139015 
SUDV_H.sap-xx_UGA_12_EboSud-609_KC545391                   0.0001537 0.0000000 1.7168191 1.7248318 1.7413043 1.7633594 1.7641242 1.7630630 1.7652734 1.7629035 1.7623714 1.7619904 1.7617186 1.7622500 1.7625801 1.7623341 1.7614410 1.7631920 1.7631920 1.7616527 1.7613922 1.7606391 1.7622734 1.7619234 1.7604503 1.7628389 1.7622757 1.7639622 1.7610837 1.7610837 1.7618349 1.7602547 1.7605233 1.7598640 1.7631945 1.7626307 1.7619903 1.7616842 1.7618537 1.7614811 1.7623752 1.7629692 1.7622298 1.7620867 1.7615534 1.7612236 1.7619446 1.7630187 1.7644735 1.7619523 1.7603424 1.7631459 1.7622567 1.7619627 1.7649945 1.7649945 1.7605241 1.7634491 1.7624130 1.7610120 1.7617557 1.7632860 1.7624903 1.7627007 1.7635693 1.7629488 1.7629488 1.7626186 1.7626186 1.7623017 1.7611546 1.7610221 1.7610221 1.7620287 1.7617705 1.7617705 1.7617763 1.7620345 1.7625656 1.7622355 1.7622355 1.7619055 1.7619055 1.7622152 1.7622152 1.7618851 1.7280664 1.7267382 1.7264599 1.7273206 1.7323187 1.7311082 1.7398134 1.7415272 2.0417772 2.0145157 
RESTV_S.dom-xx_PHL_08_Reston08-C_FJ621584                  1.7168438 1.7168191 0.0000000 0.0320339 0.0490119 1.6059056 1.6085631 1.6058096 1.6065836 1.6057061 1.6038893 1.6037301 1.6025975 1.6040949 1.6039540 1.6037197 1.6070361 1.6057525 1.6057525 1.6059138 1.6055490 1.6043541 1.6060711 1.6065853 1.6061318 1.6072372 1.6074664 1.6074211 1.6050893 1.6050893 1.6055050 1.6052307 1.6049300 1.6044861 1.6065400 1.6064533 1.6066471 1.6066740 1.6058908 1.6061277 1.6058149 1.6058149 1.6047890 1.6069394 1.6049766 1.6049920 1.6040134 1.6079436 1.6057971 1.6046692 1.6053494 1.6070164 1.6067317 1.6048380 1.6043241 1.6043241 1.6077972 1.6052695 1.6057757 1.6047755 1.6042153 1.6053313 1.6062750 1.6059902 1.6050020 1.6063854 1.6063854 1.6060762 1.6060762 1.6053325 1.6057047 1.6060978 1.6060978 1.6069344 1.6066858 1.6066858 1.6066881 1.6069367 1.6053479 1.6055986 1.6055986 1.6052896 1.6052896 1.6054240 1.6054240 1.6051150 1.5775608 1.5801270 1.5786766 1.5794453 1.5896820 1.5812396 1.5890015 1.5886421 1.9024227 1.9613020 
RESTV_M.fas-tc_USA_89_Philippines89-Pennsylvania_NC_004161 1.7248570 1.7248318 0.0320339 0.0000000 0.0237296 1.6034313 1.6069435 1.6034961 1.6037089 1.6033917 1.6015735 1.6014141 1.6001571 1.6017799 1.6016388 1.6014041 1.6036787 1.6029554 1.6029554 1.6031164 1.6027517 1.6015560 1.6037571 1.6042711 1.6038168 1.6049233 1.6045591 1.6051077 1.6026154 1.6026154 1.6031911 1.6029157 1.6026154 1.6021716 1.6042255 1.6043373 1.6043335 1.6043603 1.6035762 1.6038133 1.6031760 1.6031760 1.6024735 1.6046259 1.6026616 1.6026769 1.6010546 1.6053057 1.6036419 1.6023534 1.6030348 1.6042193 1.6044182 1.6025233 1.6036036 1.6036036 1.6054828 1.6029546 1.6034617 1.6019771 1.6019004 1.6030166 1.6039609 1.6036756 1.6026869 1.6040713 1.6040713 1.6037618 1.6037618 1.6030178 1.6033897 1.6037834 1.6037834 1.6046204 1.6043714 1.6043714 1.6043736 1.6046227 1.6030331 1.6032842 1.6032842 1.6029748 1.6029748 1.6031094 1.6031094 1.6028000 1.5815787 1.5840618 1.5827316 1.5835035 1.5927633 1.5803001 1.5884621 1.5886569 1.8889141 1.9570896 
RESTV_S.dom-tc_PHL_08_Reston08-A_FJ621583                  1.7412586 1.7413043 0.0490119 0.0237296 0.0000000 1.6190775 1.6211856 1.6191335 1.6191969 1.6190335 1.6172023 1.6170421 1.6158870 1.6174055 1.6172644 1.6170291 1.6200473 1.6187513 1.6187513 1.6185894 1.6185461 1.6173412 1.6193622 1.6198840 1.6203129 1.6207415 1.6206106 1.6209251 1.6185697 1.6185697 1.6189878 1.6187157 1.6184096 1.6179593 1.6199139 1.6200255 1.6200166 1.6200449 1.6192573 1.6194954 1.6193356 1.6193356 1.6177089 1.6204376 1.6184589 1.6184747 1.6174050 1.6212906 1.6194485 1.6181522 1.6188341 1.6200294 1.6202274 1.6181907 1.6194108 1.6194108 1.6213118 1.6187546 1.6192625 1.6177688 1.6176876 1.6188162 1.6197685 1.6194829 1.6184850 1.6198800 1.6198800 1.6195691 1.6195691 1.6188177 1.6191957 1.6195911 1.6195911 1.6204357 1.6201862 1.6201862 1.6201888 1.6204382 1.6188335 1.6190854 1.6190854 1.6187746 1.6187746 1.6189093 1.6189093 1.6185986 1.5926709 1.5944573 1.5931959 1.5939726 1.6079702 1.5966800 1.6040631 1.6041479 1.9084071 1.9868506 
EBOV_H.sap-wt_GIN_14_Makona-Gueckedou-EM_080076_KR817235   1.7623530 1.7633594 1.6059056 1.6034313 1.6190775 0.0000000 0.0016514 0.0020643 0.0024274 0.0019092 0.0019091 0.0020125 0.0018056 0.0015471 0.0014954 0.0015471 0.0026347 0.0025309 0.0025309 0.0026862 0.0025307 0.0026347 0.0027900 0.0029457 0.0024788 0.0027385 0.0024272 0.0026342 0.0024265 0.0024265 0.0024785 0.0024784 0.0022195 0.0023748 0.0027383 0.0026862 0.0026861 0.0025825 0.0023753 0.0025306 0.0024789 0.0025825 0.0024787 0.0024274 0.0024787 0.0024269 0.0024787 0.0022717 0.0025310 0.0024789 0.0023755 0.0022719 0.0024270 0.0022716 0.0023237 0.0023237 0.0023757 0.0021680 0.0021680 0.0021163 0.0018056 0.0022199 0.0022198 0.0021163 0.0022199 0.0021680 0.0021680 0.0021162 0.0021162 0.0020645 0.0021162 0.0020647 0.0020647 0.0021682 0.0021165 0.0021165 0.0022200 0.0021682 0.0020127 0.0019610 0.0019610 0.0020127 0.0020127 0.0021162 0.0021162 0.0020645 0.0329671 0.0329466 0.0324961 0.0325560 0.0334849 0.0367209 0.0374057 0.0382723 1.2553828 1.3112651 
EBOV_H.sap-wt_GIN_14_Makona-Gueckedou-EM_079702_KR817210   1.7631173 1.7641242 1.6085631 1.6069435 1.6211856 0.0016514 0.0000000 0.0017548 0.0021178 0.0015998 0.0015996 0.0017031 0.0014962 0.0012378 0.0011861 0.0012378 0.0023250 0.0022212 0.0022212 0.0023765 0.0022210 0.0023249 0.0024803 0.0026359 0.0021692 0.0024288 0.0021175 0.0023245 0.0021170 0.0021170 0.0021689 0.0021689 0.0019100 0.0020653 0.0024285 0.0023765 0.0023764 0.0022728 0.0020657 0.0022210 0.0021693 0.0022728 0.0021690 0.0021177 0.0021691 0.0021173 0.0021691 0.0019621 0.0022213 0.0021693 0.0020659 0.0019623 0.0021173 0.0019621 0.0020141 0.0020141 0.0020660 0.0018585 0.0018584 0.0018068 0.0014962 0.0019103 0.0019102 0.0018068 0.0019103 0.0018585 0.0018585 0.0018067 0.0018067 0.0017550 0.0018067 0.0017552 0.0017552 0.0018587 0.0018069 0.0018069 0.0019104 0.0018587 0.0017033 0.0016515 0.0016515 0.0017032 0.0017032 0.0018067 0.0018067 0.0017550 0.0327578 0.0327374 0.0322869 0.0323467 0.0335009 0.0366879 0.0373738 0.0382408 1.2570361 1.3126658 
EBOV_H.sap-wt_GIN_14_Makona-Gueckedou-EM_079750_KR817213   1.7620568 1.7630630 1.6058096 1.6034961 1.6191335 0.0020643 0.0017548 0.0000000 0.0005662 0.0011857 0.0010823 0.0011855 0.0009782 0.0007207 0.0006692 0.0007207 0.0018060 0.0017025 0.0017025 0.0018575 0.0017023 0.0018060 0.0019610 0.0021163 0.0016506 0.0019096 0.0015990 0.0018057 0.0015986 0.0015986 0.0016504 0.0016504 0.0013920 0.0015470 0.0019094 0.0018575 0.0018574 0.0017540 0.0015473 0.0017023 0.0016507 0.0017541 0.0016505 0.0015992 0.0016506 0.0015989 0.0016505 0.0014439 0.0017025 0.0016507 0.0015475 0.0014441 0.0015989 0.0014439 0.0014957 0.0014957 0.0015475 0.0013405 0.0013405 0.0012889 0.0009782 0.0013922 0.0013922 0.0012889 0.0013923 0.0013405 0.0013405 0.0012889 0.0012889 0.0012373 0.0012889 0.0012374 0.0012374 0.0013407 0.0012890 0.0012890 0.0013923 0.0013407 0.0011856 0.0011340 0.0011340 0.0011856 0.0011856 0.0012889 0.0012889 0.0012372 0.0321738 0.0321539 0.0317043 0.0317639 0.0329153 0.0361463 0.0368300 0.0376950 1.2543351 1.3102174 
EBOV_H.sap-wt_GIN_14_Makona-Gueckedou-EM_079910_KR817221   1.7642660 1.7652734 1.6065836 1.6037089 1.6191969 0.0024274 0.0021178 0.0005662 0.0000000 0.0015478 0.0014441 0.0015475 0.0013408 0.0010825 0.0010309 0.0010825 0.0021689 0.0020652 0.0020652 0.0022205 0.0020650 0.0021689 0.0023241 0.0024796 0.0020133 0.0022726 0.0019616 0.0021166 0.0019611 0.0019611 0.0020130 0.0020130 0.0017542 0.0019095 0.0022724 0.0022204 0.0022203 0.0021168 0.0019098 0.0020650 0.0020133 0.0021168 0.0020131 0.0019618 0.0020132 0.0019614 0.0020132 0.0018063 0.0020653 0.0020133 0.0019100 0.0018065 0.0019615 0.0018063 0.0018582 0.0018582 0.0019101 0.0017028 0.0017027 0.0016511 0.0013408 0.0017546 0.0017545 0.0016511 0.0017546 0.0017028 0.0017028 0.0016511 0.0016511 0.0015994 0.0016510 0.0015995 0.0015995 0.0017030 0.0016512 0.0016512 0.0017546 0.0017029 0.0015477 0.0014960 0.0014960 0.0015476 0.0015476 0.0016511 0.0016511 0.0015994 0.0325783 0.0325581 0.0321079 0.0321677 0.0333208 0.0365559 0.0372405 0.0381067 1.2559454 1.3110372 
EBOV_H.sap-wt_GIN_14_Makona-Gueckedou-EM_079587_KR817202   1.7618977 1.7629035 1.6057061 1.6033917 1.6190335 0.0019092 0.0015998 0.0011857 0.0015478 0.0000000 0.0010308 0.0011340 0.0008752 0.0006177 0.0006177 0.0006692 0.0017546 0.0016510 0.0016510 0.0018061 0.0016509 0.0017546 0.0019096 0.0020649 0.0015992 0.0018581 0.0015476 0.0017542 0.0015472 0.0015472 0.0015990 0.0015989 0.0013406 0.0014956 0.0018580 0.0018061 0.0018060 0.0017026 0.0014959 0.0016509 0.0015992 0.0017026 0.0015991 0.0015477 0.0015991 0.0015474 0.0015991 0.0013925 0.0016511 0.0015992 0.0014960 0.0013926 0.0015475 0.0013925 0.0014443 0.0014443 0.0014961 0.0012891 0.0012891 0.0012375 0.0009267 0.0013408 0.0013408 0.0012375 0.0013408 0.0012891 0.0012891 0.0012375 0.0012375 0.0011858 0.0012374 0.0011859 0.0011859 0.0012892 0.0012376 0.0012376 0.0013409 0.0012892 0.0011342 0.0010825 0.0010825 0.0011342 0.0011342 0.0012374 0.0012374 0.0011858 0.0320147 0.0319948 0.0315452 0.0316049 0.0328115 0.0360960 0.0367797 0.0376448 1.2576803 1.3129868 
EBOV_H.sap-tc_GIN_14_Makona-Gueckedou-C05_KP096420         1.7613656 1.7623714 1.6038893 1.6015735 1.6172023 0.0019091 0.0015996 0.0010823 0.0014441 0.0010308 0.0000000 0.0001029 0.0008237 0.0005662 0.0005147 0.0005662 0.0016509 0.0015474 0.0015474 0.0017024 0.0015472 0.0016508 0.0018058 0.0019611 0.0014955 0.0017544 0.0014440 0.0016505 0.0014436 0.0014436 0.0014953 0.0014953 0.0012371 0.0013920 0.0017542 0.0017024 0.0017023 0.0015989 0.0013923 0.0015472 0.0014956 0.0015989 0.0014954 0.0014441 0.0014955 0.0014438 0.0014955 0.0012889 0.0015474 0.0014956 0.0013924 0.0012891 0.0014438 0.0012889 0.0013407 0.0013407 0.0013925 0.0011856 0.0011856 0.0011340 0.0008237 0.0012373 0.0012372 0.0011340 0.0012373 0.0011856 0.0011856 0.0011340 0.0011340 0.0010824 0.0011340 0.0010825 0.0010825 0.0011857 0.0011341 0.0011341 0.0012373 0.0011857 0.0010307 0.0009782 0.0009782 0.0010307 0.0010307 0.0011340 0.0011340 0.0010823 0.0316682 0.0316485 0.0311994 0.0312590 0.0324086 0.0356356 0.0363184 0.0371823 1.2554995 1.3106465 
EBOV_H.sap-wt_GIN_14_Makona-Kissidougou-C15_KT013254       1.7609847 1.7619904 1.6037301 1.6014141 1.6170421 0.0020125 0.0017031 0.0011855 0.0015475 0.0011340 0.0001029 0.0000000 0.0009267 0.0006692 0.0006177 0.0006692 0.0017543 0.0016507 0.0016507 0.0018058 0.0016506 0.0017542 0.0019093 0.0020645 0.0015989 0.0018578 0.0015473 0.0017539 0.0015469 0.0015469 0.0015986 0.0015986 0.0013403 0.0014953 0.0018576 0.0018058 0.0018056 0.0017023 0.0014956 0.0016506 0.0015989 0.0017023 0.0015988 0.0015474 0.0015988 0.0015471 0.0015988 0.0013922 0.0016508 0.0015989 0.0014957 0.0013924 0.0015472 0.0013922 0.0014440 0.0014440 0.0014958 0.0012889 0.0012888 0.0012373 0.0009267 0.0013406 0.0013405 0.0012372 0.0013406 0.0012889 0.0012889 0.0012372 0.0012372 0.0011856 0.0012372 0.0011857 0.0011857 0.0012890 0.0012373 0.0012373 0.0013406 0.0012890 0.0011340 0.0010823 0.0010823 0.0011339 0.0011339 0.0012372 0.0012372 0.0011856 0.0317801 0.0317604 0.0313112 0.0313708 0.0325208 0.0357486 0.0364317 0.0372958 1.2553778 1.3106465 
EBOV_H.sap-wt_GIN_14_Makona-Macenta-EM_079424_KR817189     1.7607136 1.7617186 1.6025975 1.6001571 1.6158870 0.0018056 0.0014962 0.0009782 0.0013408 0.0008752 0.0008237 0.0009267 0.0000000 0.0003602 0.0004117 0.0004632 0.0015474 0.0014440 0.0014440 0.0015989 0.0014438 0.0015474 0.0017024 0.0018575 0.0013922 0.0016509 0.0013406 0.0015471 0.0013403 0.0013403 0.0013920 0.0013920 0.0011338 0.0012887 0.0016507 0.0015989 0.0015988 0.0014955 0.0012889 0.0014438 0.0013922 0.0014955 0.0013921 0.0013407 0.0013921 0.0013405 0.0013921 0.0011856 0.0014440 0.0013922 0.0012891 0.0011858 0.0013405 0.0011856 0.0012374 0.0012374 0.0012891 0.0010823 0.0010823 0.0010307 0.0007207 0.0011340 0.0011339 0.0010307 0.0011340 0.0010823 0.0010823 0.0010297 0.0010297 0.0009782 0.0010297 0.0009792 0.0009792 0.0010824 0.0010308 0.0010308 0.0011340 0.0010824 0.0009267 0.0008752 0.0008752 0.0009267 0.0009267 0.0010297 0.0010297 0.0009782 0.0318912 0.0318714 0.0314221 0.0314817 0.0326321 0.0358607 0.0365439 0.0374082 1.2554145 1.3115267 
EBOV_H.sap-wt_GIN_14_Makona-Macenta-EM_079422_KR817187     1.7612445 1.7622500 1.6040949 1.6017799 1.6174055 0.0015471 0.0012378 0.0007207 0.0010825 0.0006177 0.0005662 0.0006692 0.0003602 0.0000000 0.0001544 0.0002058 0.0012891 0.0011857 0.0011857 0.0013406 0.0011856 0.0012890 0.0014439 0.0015990 0.0011340 0.0013924 0.0010824 0.0012888 0.0010812 0.0010812 0.0011338 0.0011338 0.0008752 0.0010297 0.0013923 0.0013406 0.0013405 0.0012372 0.0010308 0.0011856 0.0011340 0.0012372 0.0011339 0.0010825 0.0011339 0.0010823 0.0011339 0.0009267 0.0011857 0.0011340 0.0010309 0.0009267 0.0010823 0.0009267 0.0009792 0.0009792 0.0010309 0.0008237 0.0008237 0.0007722 0.0004632 0.0008752 0.0008752 0.0007722 0.0008752 0.0008237 0.0008237 0.0007722 0.0007722 0.0007207 0.0007722 0.0007207 0.0007207 0.0008237 0.0007722 0.0007722 0.0008752 0.0008237 0.0006692 0.0006177 0.0006177 0.0006692 0.0006692 0.0007722 0.0007722 0.0007207 0.0316091 0.0315895 0.0311405 0.0312000 0.0323494 0.0355756 0.0362583 0.0371219 1.2551944 1.3119186 
EBOV_H.sap-tc_GIN_14_Makona-Gueckedou-C07_KP096421         1.7615744 1.7625801 1.6039540 1.6016388 1.6172644 0.0014954 0.0011861 0.0006692 0.0010309 0.0006177 0.0005147 0.0006177 0.0004117 0.0001544 0.0000000 0.0000515 0.0012374 0.0011341 0.0011341 0.0012889 0.0011340 0.0012374 0.0013923 0.0015473 0.0010823 0.0013408 0.0010308 0.0012372 0.0010297 0.0010297 0.0010812 0.0010812 0.0008237 0.0009782 0.0013407 0.0012889 0.0012888 0.0011856 0.0009782 0.0011340 0.0010824 0.0011856 0.0010823 0.0010309 0.0010823 0.0010297 0.0010823 0.0008752 0.0011341 0.0010824 0.0009793 0.0008752 0.0010297 0.0008752 0.0009267 0.0009267 0.0009793 0.0007722 0.0007722 0.0007207 0.0004117 0.0008237 0.0008237 0.0007207 0.0008237 0.0007722 0.0007722 0.0007207 0.0007207 0.0006692 0.0007207 0.0006692 0.0006692 0.0007722 0.0007207 0.0007207 0.0008237 0.0007722 0.0006177 0.0005662 0.0005662 0.0006177 0.0006177 0.0007207 0.0007207 0.0006692 0.0315532 0.0315336 0.0310847 0.0311442 0.0321812 0.0355191 0.0362017 0.0370653 1.2550540 1.3114402 
EBOV_H.sap-wt_GIN_14_Makona-Gueckedou-C07_KT013256         1.7613285 1.7623341 1.6037197 1.6014041 1.6170291 0.0015471 0.0012378 0.0007207 0.0010825 0.0006692 0.0005662 0.0006692 0.0004632 0.0002058 0.0000515 0.0000000 0.0012891 0.0011857 0.0011857 0.0013406 0.0011856 0.0012890 0.0014439 0.0015990 0.0011340 0.0013925 0.0010824 0.0012888 0.0010812 0.0010812 0.0011338 0.0011338 0.0008752 0.0010297 0.0013923 0.0013406 0.0013405 0.0012372 0.0010308 0.0011856 0.0011340 0.0012373 0.0011339 0.0010825 0.0011339 0.0010823 0.0011339 0.0009267 0.0011858 0.0011340 0.0010309 0.0009267 0.0010823 0.0009267 0.0009792 0.0009792 0.0010309 0.0008237 0.0008237 0.0007722 0.0004632 0.0008752 0.0008752 0.0007722 0.0008752 0.0008237 0.0008237 0.0007722 0.0007722 0.0007207 0.0007722 0.0007207 0.0007207 0.0008237 0.0007722 0.0007722 0.0008752 0.0008237 0.0006692 0.0006177 0.0006177 0.0006692 0.0006692 0.0007722 0.0007722 0.0007207 0.0315561 0.0315365 0.0310875 0.0311470 0.0321842 0.0355224 0.0362051 0.0370687 1.2552735 1.3115406 
EBOV_H.sap-wt_GIN_14_Makona-Beyla-EM_075931_KR817138       1.7604362 1.7614410 1.6070361 1.6036787 1.6200473 0.0026347 0.0023250 0.0018060 0.0021689 0.0017546 0.0016509 0.0017543 0.0015474 0.0012891 0.0012374 0.0012891 0.0000000 0.0006177 0.0006177 0.0007722 0.0006177 0.0007207 0.0015993 0.0017545 0.0012892 0.0014442 0.0012376 0.0013405 0.0012373 0.0012373 0.0012890 0.0012890 0.0010308 0.0011857 0.0014440 0.0013923 0.0013922 0.0012889 0.0010824 0.0012373 0.0011857 0.0012889 0.0011856 0.0011342 0.0011856 0.0011340 0.0011856 0.0010826 0.0012374 0.0011857 0.0010825 0.0006692 0.0011340 0.0009782 0.0010309 0.0010309 0.0010826 0.0008752 0.0008752 0.0008237 0.0008237 0.0009267 0.0009267 0.0008237 0.0009267 0.0008752 0.0008752 0.0008237 0.0008237 0.0007722 0.0008237 0.0007722 0.0007722 0.0008752 0.0008237 0.0008237 0.0009267 0.0008752 0.0007207 0.0006692 0.0006692 0.0007207 0.0007207 0.0008237 0.0008237 0.0007722 0.0326919 0.0326716 0.0322213 0.0322811 0.0335476 0.0367846 0.0374696 0.0383364 1.2539839 1.3121166 
EBOV_H.sap-wt_GIN_14_Makona-Kissidougou-EM_078694_KR817171 1.7621859 1.7631920 1.6057525 1.6029554 1.6187513 0.0025309 0.0022212 0.0017025 0.0020652 0.0016510 0.0015474 0.0016507 0.0014440 0.0011857 0.0011341 0.0011857 0.0006177 0.0000000 0.0000010 0.0006692 0.0005147 0.0006177 0.0013925 0.0015476 0.0011858 0.0013407 0.0011342 0.0012371 0.0011339 0.0011339 0.0011856 0.0011856 0.0009267 0.0010824 0.0013406 0.0012889 0.0012888 0.0011856 0.0009782 0.0011339 0.0010823 0.0011856 0.0010812 0.0010309 0.0010823 0.0010297 0.0010812 0.0009793 0.0011341 0.0010823 0.0009792 0.0005662 0.0010297 0.0008752 0.0009267 0.0009267 0.0009793 0.0007722 0.0007722 0.0007207 0.0007207 0.0008237 0.0008237 0.0007207 0.0008237 0.0007722 0.0007722 0.0007207 0.0007207 0.0006692 0.0007207 0.0006692 0.0006692 0.0007722 0.0007207 0.0007207 0.0008237 0.0007722 0.0006177 0.0005662 0.0005662 0.0006177 0.0006177 0.0007207 0.0007207 0.0006692 0.0326894 0.0326691 0.0322188 0.0322786 0.0334321 0.0366681 0.0373528 0.0382193 1.2546417 1.3122441 
EBOV_H.sap-wt_GIN_14_Makona-Kissidougou-EM_078722_KR817175 1.7621859 1.7631920 1.6057525 1.6029554 1.6187513 0.0025309 0.0022212 0.0017025 0.0020652 0.0016510 0.0015474 0.0016507 0.0014440 0.0011857 0.0011341 0.0011857 0.0006177 0.0000010 0.0000000 0.0006692 0.0005147 0.0006177 0.0013925 0.0015476 0.0011858 0.0013407 0.0011342 0.0012371 0.0011339 0.0011339 0.0011856 0.0011856 0.0009267 0.0010824 0.0013406 0.0012889 0.0012888 0.0011856 0.0009782 0.0011339 0.0010823 0.0011856 0.0010812 0.0010309 0.0010823 0.0010297 0.0010812 0.0009793 0.0011341 0.0010823 0.0009792 0.0005662 0.0010297 0.0008752 0.0009267 0.0009267 0.0009793 0.0007722 0.0007722 0.0007207 0.0007207 0.0008237 0.0008237 0.0007207 0.0008237 0.0007722 0.0007722 0.0007207 0.0007207 0.0006692 0.0007207 0.0006692 0.0006692 0.0007722 0.0007207 0.0007207 0.0008237 0.0007722 0.0006177 0.0005662 0.0005662 0.0006177 0.0006177 0.0007207 0.0007207 0.0006692 0.0326894 0.0326691 0.0322188 0.0322786 0.0334321 0.0366681 0.0373528 0.0382193 1.2546417 1.3122441 
EBOV_H.sap-wt_GIN_14_Makona-Kankan-EM_078639_KR817166      1.7606475 1.7616527 1.6059138 1.6031164 1.6185894 0.0026862 0.0023765 0.0018575 0.0022205 0.0018061 0.0017024 0.0018058 0.0015989 0.0013406 0.0012889 0.0013406 0.0007722 0.0006692 0.0006692 0.0000000 0.0004632 0.0005662 0.0016509 0.0018060 0.0013407 0.0013923 0.0012891 0.0013920 0.0012888 0.0012888 0.0013405 0.0013405 0.0010823 0.0012372 0.0014955 0.0014438 0.0014437 0.0013404 0.0011339 0.0012888 0.0012371 0.0013404 0.0012370 0.0011857 0.0012371 0.0011854 0.0012370 0.0011341 0.0012889 0.0012372 0.0011340 0.0007207 0.0011855 0.0010297 0.0010824 0.0010824 0.0011341 0.0009267 0.0009267 0.0008752 0.0008752 0.0009782 0.0009782 0.0008752 0.0009782 0.0009267 0.0009267 0.0008752 0.0008752 0.0008237 0.0008752 0.0008237 0.0008237 0.0009267 0.0008752 0.0008752 0.0009782 0.0009267 0.0007722 0.0007207 0.0007207 0.0007722 0.0007722 0.0008752 0.0008752 0.0008237 0.0327445 0.0327242 0.0322739 0.0323337 0.0334874 0.0366103 0.0374084 0.0382750 1.2542381 1.3112233 
EBOV_H.sap-wt_GIN_14_Makona-Faranah-EM_078415_KR817160     1.7603874 1.7613922 1.6055490 1.6027517 1.6185461 0.0025307 0.0022210 0.0017023 0.0020650 0.0016509 0.0015472 0.0016506 0.0014438 0.0011856 0.0011340 0.0011856 0.0006177 0.0005147 0.0005147 0.0004632 0.0000000 0.0004117 0.0014957 0.0016508 0.0011857 0.0013406 0.0011341 0.0012370 0.0011338 0.0011338 0.0011855 0.0011855 0.0009267 0.0010823 0.0013405 0.0012888 0.0012887 0.0011855 0.0009782 0.0011338 0.0010812 0.0011855 0.0010812 0.0010308 0.0010812 0.0010297 0.0010812 0.0009792 0.0011340 0.0010822 0.0009782 0.0005662 0.0010297 0.0008752 0.0009267 0.0009267 0.0009792 0.0007722 0.0007722 0.0007207 0.0007207 0.0008237 0.0008237 0.0007207 0.0008237 0.0007722 0.0007722 0.0007207 0.0007207 0.0006692 0.0007207 0.0006692 0.0006692 0.0007722 0.0007207 0.0007207 0.0008237 0.0007722 0.0006177 0.0005662 0.0005662 0.0006177 0.0006177 0.0007207 0.0007207 0.0006692 0.0326862 0.0326659 0.0322156 0.0322754 0.0334288 0.0365511 0.0373491 0.0382155 1.2536525 1.3115340 
EBOV_H.sap-wt_GIN_14_Makona-Macenta-EM_076191_KR817141     1.7596349 1.7606391 1.6043541 1.6015560 1.6173412 0.0026347 0.0023249 0.0018060 0.0021689 0.0017546 0.0016508 0.0017542 0.0015474 0.0012890 0.0012374 0.0012890 0.0007207 0.0006177 0.0006177 0.0005662 0.0004117 0.0000000 0.0015993 0.0017545 0.0012891 0.0014441 0.0012376 0.0013405 0.0012373 0.0012373 0.0012890 0.0012889 0.0010308 0.0011857 0.0014440 0.0013922 0.0013921 0.0012889 0.0010824 0.0012372 0.0011856 0.0012889 0.0011855 0.0011341 0.0011856 0.0011339 0.0011855 0.0010826 0.0012374 0.0011856 0.0010825 0.0006692 0.0011339 0.0009782 0.0010309 0.0010309 0.0010826 0.0008752 0.0008752 0.0008237 0.0008237 0.0009267 0.0009267 0.0008237 0.0009267 0.0008752 0.0008752 0.0008237 0.0008237 0.0007722 0.0008237 0.0007722 0.0007722 0.0008752 0.0008237 0.0008237 0.0009267 0.0008752 0.0007207 0.0006692 0.0006692 0.0007207 0.0007207 0.0008237 0.0008237 0.0007722 0.0326909 0.0326706 0.0322203 0.0322801 0.0334846 0.0366701 0.0374684 0.0383352 1.2537039 1.3121234 
EBOV_H.sap-wt_GIN_15_Makona-Faranah-EM_004503_KR817102     1.7612672 1.7622734 1.6060711 1.6037571 1.6193622 0.0027900 0.0024803 0.0019610 0.0023241 0.0019096 0.0018058 0.0019093 0.0017024 0.0014439 0.0013923 0.0014439 0.0015993 0.0013925 0.0013925 0.0016509 0.0014957 0.0015993 0.0000000 0.0001544 0.0014440 0.0017028 0.0013925 0.0015990 0.0007722 0.0007722 0.0010308 0.0010308 0.0007722 0.0009267 0.0017027 0.0016508 0.0016507 0.0015474 0.0013408 0.0014957 0.0014441 0.0015474 0.0014439 0.0013926 0.0014440 0.0013923 0.0014440 0.0012374 0.0014959 0.0014441 0.0013409 0.0012376 0.0013923 0.0012374 0.0012892 0.0012892 0.0013410 0.0011341 0.0011341 0.0010825 0.0009782 0.0011858 0.0011857 0.0010825 0.0011858 0.0011341 0.0011341 0.0010825 0.0010825 0.0010309 0.0010825 0.0010310 0.0010310 0.0011342 0.0010826 0.0010826 0.0011858 0.0011342 0.0009793 0.0009267 0.0009267 0.0009792 0.0009792 0.0010825 0.0010825 0.0010309 0.0326918 0.0326715 0.0322212 0.0322810 0.0334346 0.0366707 0.0373555 0.0382221 1.2555782 1.3111242 
EBOV_H.sap-wt_GIN_15_Makona-Kissidougou-EM_004555_KR817103 1.7609176 1.7619234 1.6065853 1.6042711 1.6198840 0.0029457 0.0026359 0.0021163 0.0024796 0.0020649 0.0019611 0.0020645 0.0018575 0.0015990 0.0015473 0.0015990 0.0017545 0.0015476 0.0015476 0.0018060 0.0016508 0.0017545 0.0001544 0.0000000 0.0015991 0.0018581 0.0015475 0.0017542 0.0009267 0.0009267 0.0011857 0.0011857 0.0009267 0.0010824 0.0018579 0.0018060 0.0018059 0.0017025 0.0014958 0.0016508 0.0015992 0.0017026 0.0015990 0.0015477 0.0015991 0.0015474 0.0015990 0.0013924 0.0016510 0.0015992 0.0014960 0.0013926 0.0015474 0.0013924 0.0014442 0.0014442 0.0014960 0.0012890 0.0012890 0.0012374 0.0011340 0.0013408 0.0013407 0.0012374 0.0013408 0.0012890 0.0012890 0.0012374 0.0012374 0.0011858 0.0012374 0.0011859 0.0011859 0.0012892 0.0012375 0.0012375 0.0013408 0.0012892 0.0011341 0.0010825 0.0010825 0.0011341 0.0011341 0.0012374 0.0012374 0.0011857 0.0328619 0.0328415 0.0323910 0.0324509 0.0336051 0.0368426 0.0375278 0.0383947 1.2559340 1.3114986 
EBOV_H.sap-wt_GIN_14_Makona-Gueckedou-EM_076138_KR817140   1.7594461 1.7604503 1.6061318 1.6038168 1.6203129 0.0024788 0.0021692 0.0016506 0.0020133 0.0015992 0.0014955 0.0015989 0.0013922 0.0011340 0.0010823 0.0011340 0.0012892 0.0011858 0.0011858 0.0013407 0.0011857 0.0012891 0.0014440 0.0015991 0.0000000 0.0013410 0.0009793 0.0012889 0.0010812 0.0010812 0.0011339 0.0011339 0.0008752 0.0010297 0.0013924 0.0013407 0.0013406 0.0012373 0.0010309 0.0011857 0.0011341 0.0012373 0.0011340 0.0010311 0.0011340 0.0010824 0.0011340 0.0009267 0.0011858 0.0011341 0.0010310 0.0009277 0.0010824 0.0009267 0.0009793 0.0009793 0.0010310 0.0008237 0.0008237 0.0007722 0.0006692 0.0008752 0.0008752 0.0007722 0.0008752 0.0008237 0.0008237 0.0007722 0.0007722 0.0007207 0.0007722 0.0007207 0.0007207 0.0008237 0.0007722 0.0007722 0.0008752 0.0008237 0.0006692 0.0006177 0.0006177 0.0006692 0.0006692 0.0007722 0.0007722 0.0007207 0.0324140 0.0323938 0.0319438 0.0320035 0.0332061 0.0364402 0.0371246 0.0379906 1.2550410 1.3135982 
EBOV_H.sap-wt_SLE_14_Makona-Kailahun-20140517_KR653263     1.7618331 1.7628389 1.6072372 1.6049233 1.6207415 0.0027385 0.0024288 0.0019096 0.0022726 0.0018581 0.0017544 0.0018578 0.0016509 0.0013924 0.0013408 0.0013925 0.0014442 0.0013407 0.0013407 0.0013923 0.0013406 0.0014441 0.0017028 0.0018581 0.0013410 0.0000000 0.0012894 0.0014439 0.0013406 0.0013406 0.0013924 0.0012891 0.0011341 0.0012890 0.0015475 0.0014957 0.0014956 0.0013923 0.0011857 0.0013406 0.0012890 0.0013923 0.0012889 0.0006177 0.0012889 0.0012373 0.0012889 0.0011859 0.0013408 0.0012890 0.0011858 0.0010826 0.0012373 0.0010824 0.0011342 0.0011342 0.0011859 0.0009782 0.0009782 0.0009267 0.0009267 0.0010308 0.0010308 0.0009267 0.0010308 0.0009782 0.0009782 0.0009267 0.0009267 0.0008752 0.0009267 0.0008752 0.0008752 0.0009793 0.0009267 0.0009267 0.0010309 0.0009793 0.0008237 0.0007722 0.0007722 0.0008237 0.0008237 0.0009267 0.0009267 0.0008752 0.0326944 0.0326741 0.0322237 0.0322835 0.0335498 0.0367870 0.0374721 0.0383390 1.2558915 1.3139723 
EBOV_H.sap-wt_GIN_14_Makona-Macenta-EM_000982_KR817086     1.7612701 1.7622757 1.6074664 1.6045591 1.6206106 0.0024272 0.0021175 0.0015990 0.0019616 0.0015476 0.0014440 0.0015473 0.0013406 0.0010824 0.0010308 0.0010824 0.0012376 0.0011342 0.0011342 0.0012891 0.0011341 0.0012376 0.0013925 0.0015475 0.0009793 0.0012894 0.0000000 0.0012374 0.0010297 0.0010297 0.0010823 0.0010823 0.0008237 0.0009782 0.0013409 0.0012891 0.0012890 0.0011858 0.0009793 0.0011341 0.0010825 0.0011858 0.0010824 0.0009795 0.0010825 0.0010309 0.0010308 0.0008752 0.0011343 0.0010825 0.0009794 0.0008762 0.0010309 0.0008752 0.0009278 0.0009278 0.0009795 0.0007722 0.0007722 0.0007207 0.0006177 0.0008237 0.0008237 0.0007207 0.0008237 0.0007722 0.0007722 0.0007207 0.0007207 0.0006692 0.0007207 0.0006692 0.0006692 0.0007722 0.0007207 0.0007207 0.0008237 0.0007722 0.0006177 0.0005662 0.0005662 0.0006177 0.0006177 0.0007207 0.0007207 0.0006692 0.0325754 0.0325551 0.0321050 0.0321648 0.0332565 0.0363768 0.0371748 0.0380407 1.2551812 1.3108186 
EBOV_H.sap-wt_SLE_14_Makona-Kenema-G4730_1_KR105268        1.7629554 1.7639622 1.6074211 1.6051077 1.6209251 0.0026342 0.0023245 0.0018057 0.0021166 0.0017542 0.0016505 0.0017539 0.0015471 0.0012888 0.0012372 0.0012888 0.0013405 0.0012371 0.0012371 0.0013920 0.0012370 0.0013405 0.0015990 0.0017542 0.0012889 0.0014439 0.0012374 0.0000000 0.0012370 0.0012370 0.0012887 0.0012887 0.0010297 0.0011855 0.0011339 0.0010812 0.0010812 0.0009782 0.0007722 0.0009267 0.0010812 0.0011854 0.0010812 0.0011339 0.0010812 0.0010297 0.0007722 0.0010824 0.0011339 0.0009782 0.0007722 0.0009782 0.0010297 0.0008752 0.0009267 0.0009267 0.0009782 0.0007722 0.0007722 0.0008237 0.0008237 0.0008237 0.0008237 0.0007207 0.0008237 0.0007722 0.0007722 0.0007207 0.0007207 0.0007722 0.0007207 0.0006692 0.0006692 0.0007722 0.0007207 0.0007207 0.0008237 0.0007722 0.0007207 0.0006692 0.0006692 0.0006177 0.0006177 0.0006177 0.0006177 0.0005662 0.0326354 0.0326151 0.0321649 0.0322247 0.0333696 0.0366045 0.0372890 0.0381552 1.2542491 1.3125473 
EBOV_H.sap-wt_LBR_14_Makona-Foya-EM_074353_KR817112        1.7600790 1.7610837 1.6050893 1.6026154 1.6185697 0.0024265 0.0021170 0.0015986 0.0019611 0.0015472 0.0014436 0.0015469 0.0013403 0.0010812 0.0010297 0.0010812 0.0012373 0.0011339 0.0011339 0.0012888 0.0011338 0.0012373 0.0007722 0.0009267 0.0010812 0.0013406 0.0010297 0.0012370 0.0000000 0.0000010 0.0006692 0.0006692 0.0004117 0.0005662 0.0013405 0.0012888 0.0012887 0.0011855 0.0009782 0.0011338 0.0010823 0.0011855 0.0010812 0.0010308 0.0010812 0.0010297 0.0010812 0.0008752 0.0011340 0.0010823 0.0009782 0.0008752 0.0010297 0.0008752 0.0009267 0.0009267 0.0009792 0.0007722 0.0007722 0.0007207 0.0006177 0.0008237 0.0008237 0.0007207 0.0008237 0.0007722 0.0007722 0.0007207 0.0007207 0.0006692 0.0007207 0.0006692 0.0006692 0.0007722 0.0007207 0.0007207 0.0008237 0.0007722 0.0006177 0.0005662 0.0005662 0.0006177 0.0006177 0.0007207 0.0007207 0.0006692 0.0325664 0.0325461 0.0320961 0.0321559 0.0331962 0.0365426 0.0372269 0.0380928 1.2552853 1.3110211 
EBOV_H.sap-wt_LBR_14_Makona-Foya-EM_074350_KR817109        1.7600790 1.7610837 1.6050893 1.6026154 1.6185697 0.0024265 0.0021170 0.0015986 0.0019611 0.0015472 0.0014436 0.0015469 0.0013403 0.0010812 0.0010297 0.0010812 0.0012373 0.0011339 0.0011339 0.0012888 0.0011338 0.0012373 0.0007722 0.0009267 0.0010812 0.0013406 0.0010297 0.0012370 0.0000010 0.0000000 0.0006692 0.0006692 0.0004117 0.0005662 0.0013405 0.0012888 0.0012887 0.0011855 0.0009782 0.0011338 0.0010823 0.0011855 0.0010812 0.0010308 0.0010812 0.0010297 0.0010812 0.0008752 0.0011340 0.0010823 0.0009782 0.0008752 0.0010297 0.0008752 0.0009267 0.0009267 0.0009792 0.0007722 0.0007722 0.0007207 0.0006177 0.0008237 0.0008237 0.0007207 0.0008237 0.0007722 0.0007722 0.0007207 0.0007207 0.0006692 0.0007207 0.0006692 0.0006692 0.0007722 0.0007207 0.0007207 0.0008237 0.0007722 0.0006177 0.0005662 0.0005662 0.0006177 0.0006177 0.0007207 0.0007207 0.0006692 0.0325664 0.0325461 0.0320961 0.0321559 0.0331962 0.0365426 0.0372269 0.0380928 1.2552853 1.3110211 
EBOV_H.sap-wt_LBR_14_Makona-Foya-EM_074720_KR817125        1.7608292 1.7618349 1.6055050 1.6031911 1.6189878 0.0024785 0.0021689 0.0016504 0.0020130 0.0015990 0.0014953 0.0015986 0.0013920 0.0011338 0.0010812 0.0011338 0.0012890 0.0011856 0.0011856 0.0013405 0.0011855 0.0012890 0.0010308 0.0011857 0.0011339 0.0013924 0.0010823 0.0012887 0.0006692 0.0006692 0.0000000 0.0005147 0.0002573 0.0004117 0.0013922 0.0013405 0.0013404 0.0012371 0.0010297 0.0011855 0.0011339 0.0012372 0.0011338 0.0010824 0.0011339 0.0010812 0.0011338 0.0009267 0.0011857 0.0011339 0.0010308 0.0009267 0.0010812 0.0009267 0.0009782 0.0009782 0.0010309 0.0008237 0.0008237 0.0007722 0.0006692 0.0008752 0.0008752 0.0007722 0.0008752 0.0008237 0.0008237 0.0007722 0.0007722 0.0007207 0.0007722 0.0007207 0.0007207 0.0008237 0.0007722 0.0007722 0.0008752 0.0008237 0.0006692 0.0006177 0.0006177 0.0006692 0.0006692 0.0007722 0.0007722 0.0007207 0.0325665 0.0325463 0.0320963 0.0321561 0.0333088 0.0365428 0.0372272 0.0380931 1.2560304 1.3125541 
EBOV_H.sap-wt_GIN_14_Makona-Macenta-EM_076322_KR817145     1.7592505 1.7602547 1.6052307 1.6029157 1.6187157 0.0024784 0.0021689 0.0016504 0.0020130 0.0015989 0.0014953 0.0015986 0.0013920 0.0011338 0.0010812 0.0011338 0.0012890 0.0011856 0.0011856 0.0013405 0.0011855 0.0012889 0.0010308 0.0011857 0.0011339 0.0012891 0.0010823 0.0012887 0.0006692 0.0006692 0.0005147 0.0000000 0.0002573 0.0004117 0.0013922 0.0013405 0.0013404 0.0012371 0.0010297 0.0011855 0.0011339 0.0012372 0.0011338 0.0010824 0.0011338 0.0010812 0.0011338 0.0009267 0.0011857 0.0011339 0.0010308 0.0009267 0.0010812 0.0009267 0.0009782 0.0009782 0.0010309 0.0008237 0.0008237 0.0007722 0.0006692 0.0008752 0.0008752 0.0007722 0.0008752 0.0008237 0.0008237 0.0007722 0.0007722 0.0007207 0.0007722 0.0007207 0.0007207 0.0008237 0.0007722 0.0007722 0.0008752 0.0008237 0.0006692 0.0006177 0.0006177 0.0006692 0.0006692 0.0007722 0.0007722 0.0007207 0.0323996 0.0323795 0.0319296 0.0319894 0.0331416 0.0364880 0.0371723 0.0380382 1.2558230 1.3121632 
EBOV_H.sap-wt_LBR_14_Makona-EM_080065_KR817232             1.7595188 1.7605233 1.6049300 1.6026154 1.6184096 0.0022195 0.0019100 0.0013920 0.0017542 0.0013406 0.0012371 0.0013403 0.0011338 0.0008752 0.0008237 0.0008752 0.0010308 0.0009267 0.0009267 0.0010823 0.0009267 0.0010308 0.0007722 0.0009267 0.0008752 0.0011341 0.0008237 0.0010297 0.0004117 0.0004117 0.0002573 0.0002573 0.0000000 0.0001544 0.0011340 0.0010823 0.0010812 0.0009782 0.0007722 0.0009267 0.0008752 0.0009782 0.0008752 0.0008237 0.0008752 0.0008237 0.0008752 0.0006692 0.0009267 0.0008752 0.0007722 0.0006692 0.0008237 0.0006692 0.0007207 0.0007207 0.0007722 0.0005662 0.0005662 0.0005147 0.0004117 0.0006177 0.0006177 0.0005147 0.0006177 0.0005662 0.0005662 0.0005147 0.0005147 0.0004632 0.0005147 0.0004632 0.0004632 0.0005662 0.0005147 0.0005147 0.0006177 0.0005662 0.0004117 0.0003602 0.0003602 0.0004117 0.0004117 0.0005147 0.0005147 0.0004632 0.0323417 0.0323216 0.0318718 0.0319315 0.0330835 0.0363157 0.0369997 0.0378651 1.2551439 1.3112887 
EBOV_H.sap-wt_GIN_14_Makona-Nzerekore-EM_074437_KR817117   1.7588601 1.7598640 1.6044861 1.6021716 1.6179593 0.0023748 0.0020653 0.0015470 0.0019095 0.0014956 0.0013920 0.0014953 0.0012887 0.0010297 0.0009782 0.0010297 0.0011857 0.0010824 0.0010824 0.0012372 0.0010823 0.0011857 0.0009267 0.0010824 0.0010297 0.0012890 0.0009782 0.0011855 0.0005662 0.0005662 0.0004117 0.0004117 0.0001544 0.0000000 0.0012889 0.0012372 0.0012371 0.0011339 0.0009267 0.0010823 0.0010297 0.0011339 0.0010297 0.0009792 0.0010297 0.0009782 0.0010297 0.0008237 0.0010824 0.0010297 0.0009267 0.0008237 0.0009782 0.0008237 0.0008752 0.0008752 0.0009267 0.0007207 0.0007207 0.0006692 0.0005662 0.0007722 0.0007722 0.0006692 0.0007722 0.0007207 0.0007207 0.0006692 0.0006692 0.0006177 0.0006692 0.0006177 0.0006177 0.0007207 0.0006692 0.0006692 0.0007722 0.0007207 0.0005662 0.0005147 0.0005147 0.0005662 0.0005662 0.0006692 0.0006692 0.0006177 0.0325115 0.0324913 0.0320413 0.0321011 0.0332537 0.0364873 0.0371716 0.0380374 1.2548557 1.3115976 
EBOV_H.sap-wt_SLE_14_Makona-Koinadugu-20143659_KR653256    1.7621886 1.7631945 1.6065400 1.6042255 1.6199139 0.0027383 0.0024285 0.0019094 0.0022724 0.0018580 0.0017542 0.0018576 0.0016507 0.0013923 0.0013407 0.0013923 0.0014440 0.0013406 0.0013406 0.0014955 0.0013405 0.0014440 0.0017027 0.0018579 0.0013924 0.0015475 0.0013409 0.0011339 0.0013405 0.0013405 0.0013922 0.0013922 0.0011340 0.0012889 0.0000000 0.0006692 0.0006692 0.0005662 0.0003602 0.0005147 0.0011856 0.0012889 0.0011855 0.0012374 0.0011855 0.0011339 0.0009782 0.0011858 0.0012374 0.0010824 0.0008752 0.0010825 0.0011339 0.0009782 0.0010308 0.0010308 0.0010826 0.0008752 0.0008752 0.0009267 0.0009267 0.0009267 0.0009267 0.0008237 0.0009267 0.0008752 0.0008752 0.0008237 0.0008237 0.0008752 0.0008237 0.0007722 0.0007722 0.0008752 0.0008237 0.0008237 0.0009267 0.0008752 0.0008237 0.0007722 0.0007722 0.0007207 0.0007207 0.0007207 0.0007207 0.0006692 0.0329159 0.0328954 0.0324449 0.0325048 0.0336591 0.0368969 0.0375821 0.0384492 1.2551727 1.3137897 
EBOV_H.sap-wt_SLE_14_Makona-J0128_KP759677                 1.7616250 1.7626307 1.6064533 1.6043373 1.6200255 0.0026862 0.0023765 0.0018575 0.0022204 0.0018061 0.0017024 0.0018058 0.0015989 0.0013406 0.0012889 0.0013406 0.0013923 0.0012889 0.0012889 0.0014438 0.0012888 0.0013922 0.0016508 0.0018060 0.0013407 0.0014957 0.0012891 0.0010812 0.0012888 0.0012888 0.0013405 0.0013405 0.0010823 0.0012372 0.0006692 0.0000000 0.0006177 0.0005147 0.0003088 0.0004632 0.0011339 0.0012371 0.0011338 0.0011857 0.0011338 0.0010812 0.0009267 0.0011341 0.0011857 0.0010297 0.0008237 0.0010308 0.0010812 0.0009267 0.0009782 0.0009782 0.0010309 0.0008237 0.0008237 0.0008752 0.0008752 0.0008752 0.0008752 0.0007722 0.0008752 0.0008237 0.0008237 0.0007722 0.0007722 0.0008237 0.0007722 0.0007207 0.0007207 0.0008237 0.0007722 0.0007722 0.0008752 0.0008237 0.0007722 0.0007207 0.0007207 0.0006692 0.0006692 0.0006692 0.0006692 0.0006177 0.0328567 0.0328363 0.0323858 0.0324457 0.0335997 0.0368368 0.0375218 0.0383886 1.2548195 1.3139264 
EBOV_H.sap-wt_SLE_14_Makona-J0119_KP759667                 1.7609852 1.7619903 1.6066471 1.6043335 1.6200166 0.0026861 0.0023764 0.0018574 0.0022203 0.0018060 0.0017023 0.0018056 0.0015988 0.0013405 0.0012888 0.0013405 0.0013922 0.0012888 0.0012888 0.0014437 0.0012887 0.0013921 0.0016507 0.0018059 0.0013406 0.0014956 0.0012890 0.0010812 0.0012887 0.0012887 0.0013404 0.0013404 0.0010812 0.0012371 0.0006692 0.0006177 0.0000000 0.0003088 0.0003088 0.0002573 0.0011338 0.0012371 0.0011328 0.0011856 0.0011328 0.0010812 0.0009267 0.0011340 0.0011856 0.0010297 0.0008237 0.0010297 0.0010812 0.0009267 0.0009782 0.0009782 0.0010308 0.0008237 0.0008237 0.0008752 0.0008752 0.0008752 0.0008752 0.0007722 0.0008752 0.0008237 0.0008237 0.0007722 0.0007722 0.0008237 0.0007722 0.0007207 0.0007207 0.0008237 0.0007722 0.0007722 0.0008752 0.0008237 0.0007722 0.0007207 0.0007207 0.0006692 0.0006692 0.0006692 0.0006692 0.0006177 0.0327955 0.0327752 0.0323249 0.0323847 0.0335384 0.0367745 0.0374593 0.0383259 1.2547328 1.3127851 
EBOV_H.sap-wt_SLE_14_Makona-J0158_KP759700                 1.7606791 1.7616842 1.6066740 1.6043603 1.6200449 0.0025825 0.0022728 0.0017540 0.0021168 0.0017026 0.0015989 0.0017023 0.0014955 0.0012372 0.0011856 0.0012372 0.0012889 0.0011856 0.0011856 0.0013404 0.0011855 0.0012889 0.0015474 0.0017025 0.0012373 0.0013923 0.0011858 0.0009782 0.0011855 0.0011855 0.0012371 0.0012371 0.0009782 0.0011339 0.0005662 0.0005147 0.0003088 0.0000000 0.0002058 0.0001544 0.0010297 0.0011339 0.0010297 0.0010824 0.0010297 0.0009782 0.0008237 0.0010308 0.0010824 0.0009267 0.0007207 0.0009267 0.0009782 0.0008237 0.0008752 0.0008752 0.0009267 0.0007207 0.0007207 0.0007722 0.0007722 0.0007722 0.0007722 0.0006692 0.0007722 0.0007207 0.0007207 0.0006692 0.0006692 0.0007207 0.0006692 0.0006177 0.0006177 0.0007207 0.0006692 0.0006692 0.0007722 0.0007207 0.0006692 0.0006177 0.0006177 0.0005662 0.0005662 0.0005662 0.0005662 0.0005147 0.0326837 0.0326634 0.0322132 0.0322730 0.0334263 0.0366616 0.0373462 0.0382125 1.2539540 1.3133364 
EBOV_H.sap-wt_SLE_14_Makona-PortLoko-20140024_KR653252     1.7608487 1.7618537 1.6058908 1.6035762 1.6192573 0.0023753 0.0020657 0.0015473 0.0019098 0.0014959 0.0013923 0.0014956 0.0012889 0.0010308 0.0009782 0.0010308 0.0010824 0.0009782 0.0009782 0.0011339 0.0009782 0.0010824 0.0013408 0.0014958 0.0010309 0.0011857 0.0009793 0.0007722 0.0009782 0.0009782 0.0010297 0.0010297 0.0007722 0.0009267 0.0003602 0.0003088 0.0003088 0.0002058 0.0000000 0.0001544 0.0008237 0.0009267 0.0008237 0.0008752 0.0008237 0.0007722 0.0006177 0.0008237 0.0008752 0.0007207 0.0005147 0.0007207 0.0007722 0.0006177 0.0006692 0.0006692 0.0007207 0.0005147 0.0005147 0.0005662 0.0005662 0.0005662 0.0005662 0.0004632 0.0005662 0.0005147 0.0005147 0.0004632 0.0004632 0.0005147 0.0004632 0.0004117 0.0004117 0.0005147 0.0004632 0.0004632 0.0005662 0.0005147 0.0004632 0.0004117 0.0004117 0.0003602 0.0003602 0.0003602 0.0003602 0.0003088 0.0325182 0.0324980 0.0320479 0.0321077 0.0332605 0.0364948 0.0371792 0.0380453 1.2543729 1.3130272 
