93
SUDV_H.sap-xx_UGA_12_EboSud-603_KC545390                   0.0000000 0.0000512 1.9090799 1.8825839 1.9103616 1.9830994 1.9852524 1.9864587 1.9844786 1.9844786 1.9847068 1.9855777 1.9833542 1.9839670 1.9816845 1.9818149 1.9811759 1.9821575 1.9809526 1.9839020 1.9822688 1.9828710 1.9819850 1.9838042 1.9841865 1.9856177 1.9864239 1.9850453 1.9850453 1.9844217 1.9822168 1.9857793 1.9843453 1.9836568 1.9847341 1.9832659 1.9848851 1.9831124 1.9836694 1.9834009 1.9844676 1.9844261 1.9829083 1.9829083 1.9828288 1.9835541 1.9810434 1.9837952 1.9837952 1.9851411 1.9848855 1.9840998 1.9829728 1.9845635 1.9843672 1.9831055 1.9822814 1.9822814 1.9823254 1.9803833 1.9849638 1.9824619 1.9826556 1.9814149 1.9814149 1.9835622 1.9831818 1.9831818 1.9831818 1.9833105 1.9833105 1.9829259 1.9832044 1.9841946 1.9841946 1.9834415 1.9830172 1.9831216 1.9831818 1.9837450 1.9834415 1.9834415 1.9823010 1.9623970 1.9596048 1.9600519 1.9593526 1.9714634 1.9848025 1.9744472 1.9754166 2.1968845 2.2209630 
SUDV_H.sap-xx_UGA_12_EboSud-609_KC545391                   0.0000512 0.0000000 1.9090412 1.8825462 1.9103227 1.9830580 1.9852110 1.9864172 1.9844372 1.9844372 1.9846653 1.9855362 1.9833128 1.9839256 1.9816432 1.9817735 1.9811346 1.9821162 1.9809113 1.9838606 1.9822275 1.9828296 1.9819437 1.9837628 1.9841451 1.9855762 1.9863824 1.9850039 1.9850039 1.9843803 1.9821754 1.9857378 1.9843039 1.9836154 1.9846926 1.9832245 1.9848437 1.9830711 1.9836280 1.9833595 1.9844261 1.9843847 1.9828669 1.9828669 1.9827874 1.9835127 1.9810021 1.9837538 1.9837538 1.9850996 1.9848441 1.9840584 1.9829315 1.9845221 1.9843258 1.9830641 1.9822400 1.9822400 1.9822840 1.9803420 1.9849223 1.9824206 1.9826143 1.9813736 1.9813736 1.9835208 1.9831405 1.9831405 1.9831405 1.9832691 1.9832691 1.9828845 1.9831630 1.9841532 1.9841532 1.9834001 1.9829758 1.9830802 1.9831405 1.9837036 1.9834001 1.9834001 1.9822596 1.9623564 1.9595643 1.9600114 1.9593121 1.9714225 1.9847610 1.9744061 1.9753755 2.1968338 2.2209101 
RESTV_S.dom-xx_PHL_08_Reston08-C_FJ621584                  1.9090799 1.9090412 0.0000000 0.0346408 0.0512350 1.8598027 1.8563039 1.8600838 1.8579595 1.8579595 1.8598506 1.8604269 1.8615292 1.8623478 1.8586582 1.8612820 1.8603924 1.8624384 1.8572012 1.8592450 1.8594133 1.8588525 1.8580271 1.8607369 1.8605036 1.8580413 1.8605479 1.8599076 1.8599076 1.8593028 1.8586923 1.8607175 1.8596162 1.8586132 1.8610222 1.8607560 1.8595849 1.8590792 1.8596232 1.8566733 1.8566865 1.8566495 1.8560727 1.8560727 1.8571587 1.8574540 1.8619946 1.8606495 1.8606495 1.8631441 1.8629029 1.8596964 1.8603002 1.8608557 1.8597725 1.8601556 1.8606697 1.8606697 1.8609416 1.8607206 1.8599153 1.8589063 1.8603683 1.8587467 1.8587467 1.8591862 1.8590590 1.8592233 1.8592233 1.8593456 1.8593456 1.8599513 1.8602233 1.8607564 1.8607564 1.8598077 1.8596647 1.8602942 1.8597210 1.8599366 1.8596411 1.8596411 1.8589038 1.8618639 1.8586436 1.8592025 1.8588809 1.8675378 1.8724385 1.8686168 1.8655674 2.0700337 2.0944005 
RESTV_M.fas-tc_USA_89_Philippines89-Pennsylvania_NC_004161 1.8825839 1.8825462 0.0346408 0.0000000 0.0250547 1.8648226 1.8615502 1.8656742 1.8618487 1.8618487 1.8652759 1.8658541 1.8676240 1.8684458 1.8654053 1.8675425 1.8664801 1.8681400 1.8632793 1.8653311 1.8655014 1.8649373 1.8641085 1.8668280 1.8667600 1.8641248 1.8659786 1.8653335 1.8653335 1.8647274 1.8653491 1.8668982 1.8655385 1.8648625 1.8671138 1.8668464 1.8656712 1.8651646 1.8657095 1.8634859 1.8629284 1.8628912 1.8617541 1.8617541 1.8634034 1.8636992 1.8680890 1.8659174 1.8659174 1.8693357 1.8690019 1.8657833 1.8663880 1.8669466 1.8664211 1.8662429 1.8667584 1.8667584 1.8670309 1.8668108 1.8660026 1.8649897 1.8657944 1.8648285 1.8648285 1.8652715 1.8651445 1.8653088 1.8653088 1.8654315 1.8654315 1.8660383 1.8663107 1.8668469 1.8668469 1.8658945 1.8657512 1.8667886 1.8658079 1.8660237 1.8657276 1.8657276 1.8649866 1.8620985 1.8586880 1.8595062 1.8591842 1.8720902 1.8756380 1.8736085 1.8688675 2.0840482 2.1228576 
RESTV_S.dom-tc_PHL_08_Reston08-A_FJ621583                  1.9103616 1.9103227 0.0512350 0.0250547 0.0000000 1.8743253 1.8712021 1.8750124 1.8711712 1.8711712 1.8746136 1.8751942 1.8770615 1.8777955 1.8747394 1.8767194 1.8758165 1.8774876 1.8726050 1.8744992 1.8748395 1.8742713 1.8734384 1.8767296 1.8759320 1.8740178 1.8753245 1.8746720 1.8746720 1.8740649 1.8746854 1.8762358 1.8751031 1.8740263 1.8764552 1.8761866 1.8750064 1.8744991 1.8750447 1.8726425 1.8720837 1.8720462 1.8709073 1.8709073 1.8725621 1.8728584 1.8774336 1.8752498 1.8752498 1.8786870 1.8783524 1.8751195 1.8757246 1.8762875 1.8737510 1.8755791 1.8763248 1.8763248 1.8765976 1.8761507 1.8753390 1.8743213 1.8751328 1.8741580 1.8741580 1.8746059 1.8744792 1.8746435 1.8746435 1.8747666 1.8747666 1.8753742 1.8756470 1.8761873 1.8761873 1.8752304 1.8753155 1.8761293 1.8757041 1.8753596 1.8750631 1.8750631 1.8743175 1.8658199 1.8628076 1.8632235 1.8628999 1.8772754 1.8809303 1.8801803 1.8741878 2.0891105 2.1371752 
EBOV_H.sap-wt_GIN_14_Makona-Gueckedou-EM_079750_KR817213   1.9830994 1.9830580 1.8598027 1.8648226 1.8743253 0.0000000 0.0006238 0.0022923 0.0020317 0.0020317 0.0018749 0.0018746 0.0022930 0.0025028 0.0022933 0.0022930 0.0023972 0.0021885 0.0021368 0.0020315 0.0018750 0.0019271 0.0019794 0.0020842 0.0021880 0.0021358 0.0016137 0.0013008 0.0013008 0.0013529 0.0020844 0.0024499 0.0022405 0.0021890 0.0023969 0.0021883 0.0022401 0.0021357 0.0020312 0.0022930 0.0019273 0.0019796 0.0022410 0.0022410 0.0019272 0.0020838 0.0021362 0.0021359 0.0021359 0.0020841 0.0019796 0.0020312 0.0020313 0.0020314 0.0018747 0.0018746 0.0019269 0.0019269 0.0019790 0.0019275 0.0019269 0.0019271 0.0015095 0.0018227 0.0018227 0.0016138 0.0016659 0.0015616 0.0015616 0.0016137 0.0016137 0.0018225 0.0017703 0.0018227 0.0018227 0.0017703 0.0017703 0.0017704 0.0017703 0.0017181 0.0016659 0.0016659 0.0017185 0.0319538 0.0311493 0.0310949 0.0310362 0.0325076 0.0353214 0.0352450 0.0356682 1.3926728 1.3602355 
EBOV_H.sap-wt_GIN_14_Makona-Gueckedou-EM_079910_KR817221   1.9852524 1.9852110 1.8563039 1.8615502 1.8712021 0.0006238 0.0000000 0.0021888 0.0019281 0.0019281 0.0017712 0.0017710 0.0021894 0.0023992 0.0021897 0.0021895 0.0022937 0.0020849 0.0020332 0.0019279 0.0017713 0.0018235 0.0018758 0.0019806 0.0020845 0.0020323 0.0015101 0.0011971 0.0011971 0.0012492 0.0019808 0.0023464 0.0021370 0.0020854 0.0022934 0.0020848 0.0021366 0.0020321 0.0019276 0.0021894 0.0018237 0.0018760 0.0021374 0.0021374 0.0018235 0.0019802 0.0020327 0.0020324 0.0020324 0.0019805 0.0018760 0.0019276 0.0019277 0.0019278 0.0017711 0.0017710 0.0018233 0.0018233 0.0018755 0.0018239 0.0018234 0.0018235 0.0014058 0.0017190 0.0017190 0.0015101 0.0015623 0.0014579 0.0014579 0.0015101 0.0015101 0.0017188 0.0016666 0.0017190 0.0017190 0.0016667 0.0016666 0.0016668 0.0016666 0.0016144 0.0015623 0.0015623 0.0016149 0.0319688 0.0311640 0.0311095 0.0310508 0.0324609 0.0353381 0.0351473 0.0355665 1.3934883 1.3607696 
EBOV_H.sap-wt_GIN_14_Makona-Gueckedou-EM_080076_KR817235   1.9864587 1.9864172 1.8600838 1.8656742 1.8750124 0.0022923 0.0021888 0.0000000 0.0019270 0.0019270 0.0015616 0.0011434 0.0020837 0.0022933 0.0020840 0.0021882 0.0022924 0.0020837 0.0019276 0.0018224 0.0016660 0.0017181 0.0017703 0.0019271 0.0020833 0.0020311 0.0015092 0.0011954 0.0011954 0.0012485 0.0019796 0.0023450 0.0021357 0.0020842 0.0022921 0.0020836 0.0021353 0.0020310 0.0019265 0.0021881 0.0018227 0.0018749 0.0021362 0.0021362 0.0018225 0.0019791 0.0020315 0.0020312 0.0020312 0.0018749 0.0017705 0.0019265 0.0019266 0.0019267 0.0017701 0.0017700 0.0018222 0.0018222 0.0018744 0.0018228 0.0018223 0.0018224 0.0014050 0.0017181 0.0017181 0.0015092 0.0015614 0.0014571 0.0014571 0.0015092 0.0015092 0.0017179 0.0016657 0.0017180 0.0017180 0.0016657 0.0016657 0.0016658 0.0016657 0.0016135 0.0015614 0.0015614 0.0016139 0.0316629 0.0308593 0.0308050 0.0307463 0.0322163 0.0350270 0.0350651 0.0354879 1.3933425 1.3570323 
EBOV_H.sap-tc_GIN_14_Makona-Gueckedou-C05_KP096420         1.9844786 1.9844372 1.8579595 1.8618487 1.8711712 0.0020317 0.0019281 0.0019270 0.0000000 0.0000010 0.0015098 0.0015096 0.0019275 0.0021370 0.0019278 0.0019275 0.0020317 0.0018231 0.0017714 0.0016663 0.0015099 0.0015620 0.0016142 0.0017709 0.0018227 0.0017705 0.0011447 0.0008314 0.0008314 0.0008834 0.0017190 0.0020843 0.0018751 0.0018235 0.0020315 0.0018230 0.0018748 0.0017704 0.0016661 0.0019275 0.0015622 0.0016144 0.0018755 0.0018755 0.0015620 0.0017186 0.0017709 0.0017707 0.0017707 0.0017188 0.0016144 0.0016661 0.0016661 0.0016662 0.0015097 0.0015096 0.0015618 0.0015618 0.0016139 0.0015623 0.0015619 0.0015620 0.0011447 0.0014576 0.0014576 0.0012489 0.0013010 0.0011968 0.0011968 0.0012489 0.0012489 0.0014575 0.0014053 0.0014576 0.0014576 0.0014053 0.0014053 0.0014054 0.0014053 0.0013532 0.0013010 0.0013010 0.0013535 0.0309765 0.0301745 0.0301202 0.0300617 0.0314160 0.0342192 0.0342576 0.0346791 1.3913129 1.3576496 
EBOV_H.sap-wt_GIN_14_Makona-Kissidougou-C15_KT013254       1.9844786 1.9844372 1.8579595 1.8618487 1.8711712 0.0020317 0.0019281 0.0019270 0.0000010 0.0000000 0.0015098 0.0015096 0.0019275 0.0021370 0.0019278 0.0019275 0.0020317 0.0018231 0.0017714 0.0016663 0.0015099 0.0015620 0.0016142 0.0017709 0.0018227 0.0017705 0.0011447 0.0008314 0.0008314 0.0008834 0.0017190 0.0020843 0.0018751 0.0018235 0.0020315 0.0018230 0.0018748 0.0017704 0.0016661 0.0019275 0.0015622 0.0016144 0.0018755 0.0018755 0.0015620 0.0017186 0.0017709 0.0017707 0.0017707 0.0017188 0.0016144 0.0016661 0.0016661 0.0016662 0.0015097 0.0015096 0.0015618 0.0015618 0.0016139 0.0015623 0.0015619 0.0015620 0.0011447 0.0014576 0.0014576 0.0012489 0.0013010 0.0011968 0.0011968 0.0012489 0.0012489 0.0014575 0.0014053 0.0014576 0.0014576 0.0014053 0.0014053 0.0014054 0.0014053 0.0013532 0.0013010 0.0013010 0.0013535 0.0309765 0.0301745 0.0301202 0.0300617 0.0314160 0.0342192 0.0342576 0.0346791 1.3913129 1.3576496 
EBOV_H.sap-wt_GIN_14_Makona-Gueckedou-EM_079587_KR817202   1.9847068 1.9846653 1.8598506 1.8652759 1.8746136 0.0018749 0.0017712 0.0015616 0.0015098 0.0015098 0.0000000 0.0011446 0.0017707 0.0019801 0.0017709 0.0017708 0.0018749 0.0016664 0.0016146 0.0015096 0.0013533 0.0014054 0.0014576 0.0016142 0.0016660 0.0016139 0.0010925 0.0007794 0.0007794 0.0008314 0.0015623 0.0019275 0.0017184 0.0016667 0.0018747 0.0016662 0.0017181 0.0016138 0.0015094 0.0017707 0.0014056 0.0014577 0.0017187 0.0017187 0.0014054 0.0015619 0.0016142 0.0016140 0.0016140 0.0015621 0.0014578 0.0015094 0.0015095 0.0015096 0.0013531 0.0013530 0.0014052 0.0014052 0.0014573 0.0014057 0.0014053 0.0014054 0.0009874 0.0013011 0.0013011 0.0010925 0.0011446 0.0010394 0.0010394 0.0010925 0.0010925 0.0013009 0.0012488 0.0013011 0.0013011 0.0012488 0.0012488 0.0012489 0.0012488 0.0011967 0.0011446 0.0011446 0.0011970 0.0315009 0.0306975 0.0306431 0.0305844 0.0320543 0.0348643 0.0349025 0.0353252 1.3952491 1.3577213 
EBOV_H.sap-wt_GIN_14_Makona-Gueckedou-EM_079702_KR817210   1.9855777 1.9855362 1.8604269 1.8658541 1.8751942 0.0018746 0.0017710 0.0011434 0.0015096 0.0015096 0.0011446 0.0000000 0.0017705 0.0019799 0.0017707 0.0017705 0.0018747 0.0016662 0.0016145 0.0015095 0.0013531 0.0014052 0.0014574 0.0016140 0.0016658 0.0016137 0.0010914 0.0007794 0.0007794 0.0008314 0.0015621 0.0019272 0.0017182 0.0016666 0.0018745 0.0016661 0.0017179 0.0016136 0.0015093 0.0017705 0.0014054 0.0014575 0.0017185 0.0017185 0.0014053 0.0015617 0.0016140 0.0016138 0.0016138 0.0015619 0.0014576 0.0015093 0.0015093 0.0015094 0.0013530 0.0013529 0.0014050 0.0014050 0.0014572 0.0014055 0.0014051 0.0014052 0.0009874 0.0013009 0.0013009 0.0010914 0.0011444 0.0010394 0.0010394 0.0010914 0.0010914 0.0013008 0.0012487 0.0013009 0.0013009 0.0012487 0.0012487 0.0012488 0.0012487 0.0011966 0.0011445 0.0011445 0.0011969 0.0312110 0.0304083 0.0303540 0.0302954 0.0317640 0.0345709 0.0346092 0.0350313 1.3938648 1.3575177 
EBOV_H.sap-wt_SLE_14_Makona-J0117_KP759665                 1.9833542 1.9833128 1.8615292 1.8676240 1.8770615 0.0022930 0.0021894 0.0020837 0.0019275 0.0019275 0.0017707 0.0017705 0.0000000 0.0004156 0.0014577 0.0014576 0.0013531 0.0013533 0.0013015 0.0011967 0.0010405 0.0010925 0.0011447 0.0013012 0.0013530 0.0013009 0.0015097 0.0011967 0.0011967 0.0012489 0.0012492 0.0014055 0.0011968 0.0013536 0.0013529 0.0011447 0.0011965 0.0010914 0.0009874 0.0014575 0.0010927 0.0011448 0.0014056 0.0014056 0.0010926 0.0012489 0.0010927 0.0010925 0.0010925 0.0006235 0.0005195 0.0009874 0.0009874 0.0009874 0.0008314 0.0008314 0.0008834 0.0008834 0.0009354 0.0008834 0.0008834 0.0008834 0.0008834 0.0007795 0.0007795 0.0007794 0.0008314 0.0007274 0.0007274 0.0007794 0.0007794 0.0007794 0.0007274 0.0007794 0.0007794 0.0007274 0.0007274 0.0007274 0.0007274 0.0006755 0.0006235 0.0006235 0.0006755 0.0318450 0.0310407 0.0309863 0.0309276 0.0323988 0.0352120 0.0351357 0.0355588 1.3943778 1.3581005 
EBOV_H.sap-wt_SLE_14_Makona-Kenema-G5685_1_KR105317        1.9839670 1.9839256 1.8623478 1.8684458 1.8777955 0.0025028 0.0023992 0.0022933 0.0021370 0.0021370 0.0019801 0.0019799 0.0004156 0.0000000 0.0016668 0.0016667 0.0015621 0.0015623 0.0015105 0.0014056 0.0012492 0.0013013 0.0013535 0.0015102 0.0015620 0.0015098 0.0017188 0.0014056 0.0014056 0.0014578 0.0014582 0.0016145 0.0014056 0.0015626 0.0015619 0.0013535 0.0014054 0.0013011 0.0011969 0.0016666 0.0013015 0.0013537 0.0016146 0.0016146 0.0013014 0.0014578 0.0013015 0.0013013 0.0013013 0.0008314 0.0007274 0.0011969 0.0011969 0.0011970 0.0010406 0.0010406 0.0010927 0.0010927 0.0011448 0.0010930 0.0010927 0.0010928 0.0010927 0.0009886 0.0009886 0.0009885 0.0010406 0.0009354 0.0009354 0.0009885 0.0009885 0.0009885 0.0009354 0.0009886 0.0009886 0.0009354 0.0009354 0.0009365 0.0009354 0.0008834 0.0008314 0.0008314 0.0008845 0.0321940 0.0313887 0.0313343 0.0312755 0.0327482 0.0355651 0.0354885 0.0359122 1.3957498 1.3592999 
EBOV_H.sap-wt_GIN_14_Makona-Faranah-EM_078415_KR817160     1.9816845 1.9816432 1.8586582 1.8654053 1.8747394 0.0022933 0.0021897 0.0020840 0.0019278 0.0019278 0.0017709 0.0017707 0.0014577 0.0016668 0.0000000 0.0014577 0.0015619 0.0013534 0.0008844 0.0006755 0.0006235 0.0006755 0.0007274 0.0011971 0.0013531 0.0013010 0.0015098 0.0011969 0.0011969 0.0012490 0.0011970 0.0016143 0.0014054 0.0013537 0.0015617 0.0013533 0.0014052 0.0013009 0.0011967 0.0014577 0.0010928 0.0011449 0.0014057 0.0014057 0.0010927 0.0012491 0.0013013 0.0013011 0.0013011 0.0012492 0.0011450 0.0011967 0.0011967 0.0011968 0.0010405 0.0010404 0.0010925 0.0010925 0.0011446 0.0010929 0.0010926 0.0010927 0.0008834 0.0009885 0.0009885 0.0007794 0.0008314 0.0007274 0.0007274 0.0007794 0.0007794 0.0009874 0.0009354 0.0009885 0.0009885 0.0009354 0.0009354 0.0009354 0.0009354 0.0008834 0.0008314 0.0008314 0.0008844 0.0319625 0.0311579 0.0311035 0.0310447 0.0325165 0.0353311 0.0353690 0.0357925 1.3934452 1.3589910 
EBOV_H.sap-wt_SLE_14_Makona-Kailahun-20140517_KR653263     1.9818149 1.9817735 1.8612820 1.8675425 1.8767194 0.0022930 0.0021895 0.0021882 0.0019275 0.0019275 0.0017708 0.0017705 0.0014576 0.0016667 0.0014577 0.0000000 0.0015617 0.0013533 0.0013015 0.0011967 0.0010405 0.0010925 0.0011447 0.0013012 0.0006235 0.0013009 0.0015097 0.0011967 0.0011967 0.0012489 0.0012492 0.0016141 0.0014053 0.0013536 0.0015615 0.0013532 0.0014050 0.0013008 0.0011966 0.0014575 0.0010927 0.0011448 0.0014056 0.0014056 0.0010926 0.0012489 0.0013011 0.0013010 0.0013010 0.0012491 0.0011448 0.0011966 0.0011966 0.0011967 0.0010394 0.0010394 0.0010914 0.0010914 0.0011445 0.0010928 0.0010925 0.0010925 0.0008834 0.0009875 0.0009875 0.0007794 0.0007274 0.0007274 0.0007274 0.0006755 0.0006755 0.0009874 0.0009354 0.0009874 0.0009874 0.0009354 0.0009354 0.0009354 0.0009354 0.0008834 0.0008314 0.0008314 0.0008834 0.0319591 0.0311545 0.0311001 0.0310414 0.0325130 0.0353273 0.0353653 0.0357887 1.3926994 1.3569821 
EBOV_H.sap-wt_SLE_14_Makona-J0150_KP759696                 1.9811759 1.9811346 1.8603924 1.8664801 1.8758165 0.0023972 0.0022937 0.0022924 0.0020317 0.0020317 0.0018749 0.0018747 0.0013531 0.0015621 0.0015619 0.0015617 0.0000000 0.0014574 0.0014056 0.0013008 0.0011445 0.0011966 0.0012488 0.0014053 0.0014571 0.0014050 0.0016138 0.0013008 0.0013008 0.0013529 0.0013533 0.0015096 0.0013008 0.0014577 0.0014570 0.0012488 0.0013006 0.0011954 0.0010914 0.0015617 0.0011968 0.0012489 0.0015097 0.0015097 0.0011966 0.0013530 0.0011967 0.0009874 0.0009874 0.0011447 0.0010405 0.0010914 0.0010914 0.0010914 0.0009354 0.0009354 0.0009874 0.0009874 0.0010394 0.0007794 0.0009874 0.0009874 0.0009874 0.0008835 0.0008835 0.0008834 0.0009354 0.0008314 0.0008314 0.0008834 0.0008834 0.0006755 0.0006235 0.0008834 0.0008834 0.0008314 0.0008314 0.0008314 0.0008314 0.0007794 0.0007274 0.0007274 0.0007794 0.0319546 0.0311502 0.0310958 0.0310371 0.0325084 0.0353223 0.0353060 0.0357293 1.3911659 1.3579990 
EBOV_H.sap-wt_GIN_14_Makona-Gueckedou-EM_076138_KR817140   1.9821575 1.9821162 1.8624384 1.8681400 1.8774876 0.0021885 0.0020849 0.0020837 0.0018231 0.0018231 0.0016664 0.0016662 0.0013533 0.0015623 0.0013534 0.0013533 0.0014574 0.0000000 0.0011972 0.0010925 0.0009354 0.0009874 0.0010405 0.0011969 0.0012488 0.0011967 0.0014054 0.0010925 0.0010925 0.0011447 0.0011450 0.0015098 0.0013010 0.0012493 0.0014572 0.0012489 0.0013008 0.0011966 0.0010914 0.0013533 0.0009885 0.0010406 0.0013013 0.0013013 0.0009874 0.0011447 0.0011969 0.0011967 0.0011967 0.0011448 0.0010406 0.0010914 0.0010914 0.0010925 0.0009354 0.0009354 0.0009874 0.0009874 0.0010394 0.0009886 0.0009874 0.0009874 0.0007794 0.0008835 0.0008835 0.0006755 0.0007274 0.0006235 0.0006235 0.0006755 0.0006755 0.0008834 0.0008314 0.0008834 0.0008834 0.0008314 0.0008314 0.0008314 0.0008314 0.0007794 0.0007274 0.0007274 0.0007794 0.0316782 0.0309281 0.0308737 0.0308150 0.0322859 0.0350982 0.0350193 0.0355594 1.3941936 1.3591267 
EBOV_H.sap-wt_GIN_14_Makona-Beyla-EM_075931_KR817138       1.9809526 1.9809113 1.8572012 1.8632793 1.8726050 0.0021368 0.0020332 0.0019276 0.0017714 0.0017714 0.0016146 0.0016145 0.0013015 0.0015105 0.0008844 0.0013015 0.0014056 0.0011972 0.0000000 0.0006235 0.0004676 0.0005195 0.0005715 0.0010409 0.0011970 0.0011449 0.0013536 0.0010407 0.0010407 0.0010929 0.0010932 0.0014580 0.0012492 0.0011975 0.0014055 0.0011971 0.0012490 0.0011448 0.0010406 0.0013015 0.0009367 0.0009888 0.0012495 0.0012495 0.0009366 0.0010929 0.0011451 0.0011449 0.0011449 0.0010930 0.0009888 0.0010406 0.0010406 0.0010407 0.0008834 0.0008834 0.0009364 0.0009364 0.0009885 0.0009367 0.0009365 0.0009365 0.0007274 0.0008315 0.0008315 0.0006235 0.0006755 0.0005715 0.0005715 0.0006235 0.0006235 0.0008314 0.0007794 0.0008314 0.0008314 0.0007794 0.0007794 0.0007794 0.0007794 0.0007274 0.0006755 0.0006755 0.0007274 0.0317973 0.0309929 0.0309385 0.0308798 0.0323511 0.0351647 0.0352028 0.0356260 1.3944220 1.3611858 
EBOV_H.sap-wt_GIN_14_Makona-Kankan-EM_078639_KR817166      1.9839020 1.9838606 1.8592450 1.8653311 1.8744992 0.0020315 0.0019279 0.0018224 0.0016663 0.0016663 0.0015096 0.0015095 0.0011967 0.0014056 0.0006755 0.0011967 0.0013008 0.0010925 0.0006235 0.0000000 0.0003636 0.0004156 0.0004676 0.0009354 0.0010914 0.0010394 0.0012488 0.0009354 0.0009354 0.0009874 0.0009885 0.0013532 0.0011445 0.0010928 0.0013006 0.0010924 0.0011434 0.0010394 0.0009354 0.0011967 0.0008314 0.0008834 0.0011448 0.0011448 0.0008314 0.0009874 0.0010404 0.0010394 0.0010394 0.0009874 0.0008834 0.0009354 0.0009354 0.0009354 0.0007794 0.0007794 0.0008314 0.0008314 0.0008834 0.0008314 0.0008314 0.0008314 0.0006235 0.0007275 0.0007275 0.0005195 0.0005715 0.0004676 0.0004676 0.0005195 0.0005195 0.0007274 0.0006755 0.0007274 0.0007274 0.0006755 0.0006755 0.0006755 0.0006755 0.0006235 0.0005715 0.0005715 0.0006235 0.0315572 0.0307537 0.0306993 0.0306407 0.0321107 0.0349211 0.0349592 0.0353820 1.3922503 1.3592767 
EBOV_H.sap-wt_GIN_14_Makona-Macenta-EM_076191_KR817141     1.9822688 1.9822275 1.8594133 1.8655014 1.8748395 0.0018750 0.0017713 0.0016660 0.0015099 0.0015099 0.0013533 0.0013531 0.0010405 0.0012492 0.0006235 0.0010405 0.0011445 0.0009354 0.0004676 0.0003636 0.0000000 0.0002597 0.0003117 0.0007794 0.0009354 0.0008834 0.0010926 0.0007794 0.0007794 0.0008314 0.0008314 0.0011968 0.0009874 0.0009365 0.0011434 0.0009354 0.0009874 0.0008834 0.0007794 0.0010405 0.0006755 0.0007274 0.0009885 0.0009885 0.0006755 0.0008314 0.0008834 0.0008834 0.0008834 0.0008314 0.0007274 0.0007794 0.0007794 0.0007794 0.0006235 0.0006235 0.0006755 0.0006755 0.0007274 0.0006755 0.0006755 0.0006755 0.0004676 0.0005715 0.0005715 0.0003636 0.0004156 0.0003117 0.0003117 0.0003636 0.0003636 0.0005715 0.0005195 0.0005715 0.0005715 0.0005195 0.0005195 0.0005195 0.0005195 0.0004676 0.0004156 0.0004156 0.0004676 0.0313889 0.0305857 0.0305313 0.0304727 0.0319422 0.0347513 0.0347397 0.0351622 1.3919613 1.3601212 
EBOV_H.sap-wt_GIN_14_Makona-Kissidougou-EM_078694_KR817171 1.9828710 1.9828296 1.8588525 1.8649373 1.8742713 0.0019271 0.0018235 0.0017181 0.0015620 0.0015620 0.0014054 0.0014052 0.0010925 0.0013013 0.0006755 0.0010925 0.0011966 0.0009874 0.0005195 0.0004156 0.0002597 0.0000000 0.0000519 0.0008314 0.0009874 0.0009354 0.0011446 0.0008314 0.0008314 0.0008834 0.0008834 0.0012489 0.0010394 0.0009886 0.0011965 0.0009874 0.0010394 0.0009354 0.0008314 0.0010925 0.0007274 0.0007794 0.0010406 0.0010406 0.0007274 0.0008834 0.0009354 0.0009354 0.0009354 0.0008834 0.0007794 0.0008314 0.0008314 0.0008314 0.0006755 0.0006755 0.0007274 0.0007274 0.0007794 0.0007274 0.0007274 0.0007274 0.0005195 0.0006235 0.0006235 0.0004156 0.0004676 0.0003636 0.0003636 0.0004156 0.0004156 0.0006235 0.0005715 0.0006235 0.0006235 0.0005715 0.0005715 0.0005715 0.0005715 0.0005195 0.0004676 0.0004676 0.0005195 0.0314444 0.0306411 0.0305867 0.0305281 0.0321111 0.0349215 0.0349597 0.0353824 1.3927004 1.3601750 
EBOV_H.sap-wt_GIN_14_Makona-Kissidougou-EM_078722_KR817175 1.9819850 1.9819437 1.8580271 1.8641085 1.8734384 0.0019794 0.0018758 0.0017703 0.0016142 0.0016142 0.0014576 0.0014574 0.0011447 0.0013535 0.0007274 0.0011447 0.0012488 0.0010405 0.0005715 0.0004676 0.0003117 0.0000519 0.0000000 0.0008834 0.0010394 0.0009874 0.0011968 0.0008834 0.0008834 0.0009354 0.0009365 0.0013011 0.0010925 0.0010407 0.0012486 0.0010404 0.0010914 0.0009874 0.0008834 0.0011447 0.0007794 0.0008314 0.0010927 0.0010927 0.0007794 0.0009354 0.0009874 0.0009874 0.0009874 0.0009354 0.0008314 0.0008834 0.0008834 0.0008834 0.0007274 0.0007274 0.0007794 0.0007794 0.0008314 0.0007794 0.0007794 0.0007794 0.0005715 0.0006755 0.0006755 0.0004676 0.0005195 0.0004156 0.0004156 0.0004676 0.0004676 0.0006755 0.0006235 0.0006755 0.0006755 0.0006235 0.0006235 0.0006235 0.0006235 0.0005715 0.0005195 0.0005195 0.0005715 0.0315025 0.0306990 0.0306446 0.0305860 0.0321693 0.0349804 0.0350185 0.0354414 1.3932926 1.3606121 
EBOV_H.sap-wt_LBR_14_Makona-LIBR0505_KR006957              1.9838042 1.9837628 1.8607369 1.8668280 1.8767296 0.0020842 0.0019806 0.0019271 0.0017709 0.0017709 0.0016142 0.0016140 0.0013012 0.0015102 0.0011971 0.0013012 0.0014053 0.0011969 0.0010409 0.0009354 0.0007794 0.0008314 0.0008834 0.0000000 0.0011967 0.0011446 0.0013533 0.0010405 0.0010405 0.0010926 0.0010929 0.0014577 0.0012489 0.0011972 0.0014051 0.0011968 0.0012487 0.0011445 0.0010394 0.0013012 0.0009364 0.0009885 0.0012492 0.0012492 0.0009354 0.0010926 0.0011448 0.0011447 0.0011447 0.0010927 0.0009885 0.0010394 0.0010394 0.0010404 0.0008834 0.0008834 0.0009354 0.0009354 0.0009874 0.0009365 0.0009354 0.0009354 0.0007274 0.0008315 0.0008315 0.0006235 0.0006755 0.0005715 0.0005715 0.0006235 0.0006235 0.0008314 0.0007794 0.0008314 0.0008314 0.0007794 0.0007794 0.0007794 0.0007794 0.0007274 0.0006755 0.0006755 0.0007274 0.0317897 0.0309854 0.0309310 0.0308723 0.0323434 0.0351563 0.0351944 0.0356176 1.3936675 1.3591344 
EBOV_H.sap-wt_SLE_14_Makona-G4973_1_KR105286               1.9841865 1.9841451 1.8605036 1.8667600 1.8759320 0.0021880 0.0020845 0.0020833 0.0018227 0.0018227 0.0016660 0.0016658 0.0013530 0.0015620 0.0013531 0.0006235 0.0014571 0.0012488 0.0011970 0.0010914 0.0009354 0.0009874 0.0010394 0.0011967 0.0000000 0.0011954 0.0014051 0.0010914 0.0010914 0.0011434 0.0011447 0.0015095 0.0013007 0.0012490 0.0014569 0.0012487 0.0013005 0.0011954 0.0010914 0.0013530 0.0009874 0.0010394 0.0013010 0.0013010 0.0009874 0.0011444 0.0011966 0.0011965 0.0011965 0.0011446 0.0010394 0.0010914 0.0010914 0.0010914 0.0009354 0.0009354 0.0009874 0.0009874 0.0010394 0.0009874 0.0009874 0.0009874 0.0007794 0.0008835 0.0008835 0.0006755 0.0006235 0.0006235 0.0006235 0.0005715 0.0005715 0.0008834 0.0008314 0.0008834 0.0008834 0.0008314 0.0008314 0.0008314 0.0008314 0.0007794 0.0007274 0.0007274 0.0007794 0.0318384 0.0310343 0.0309799 0.0309212 0.0323920 0.0352047 0.0352427 0.0356658 1.3936498 1.3579516 
EBOV_H.sap-wt_GIN_14_Makona-Macenta-EM_000982_KR817086     1.9856177 1.9855762 1.8580413 1.8641248 1.8740178 0.0021358 0.0020323 0.0020311 0.0017705 0.0017705 0.0016139 0.0016137 0.0013009 0.0015098 0.0013010 0.0013009 0.0014050 0.0011967 0.0011449 0.0010394 0.0008834 0.0009354 0.0009874 0.0011446 0.0011954 0.0000000 0.0013530 0.0010394 0.0010394 0.0010914 0.0010926 0.0014573 0.0012486 0.0011969 0.0014048 0.0011966 0.0012475 0.0011434 0.0010394 0.0013009 0.0009354 0.0009874 0.0012489 0.0012489 0.0009354 0.0010914 0.0011445 0.0011434 0.0011434 0.0010925 0.0009874 0.0010394 0.0010394 0.0010394 0.0008834 0.0008834 0.0009354 0.0009354 0.0009874 0.0009354 0.0009354 0.0009354 0.0007274 0.0008315 0.0008315 0.0006235 0.0006755 0.0005715 0.0005715 0.0006235 0.0006235 0.0008314 0.0007794 0.0008314 0.0008314 0.0007794 0.0007794 0.0007794 0.0007794 0.0007274 0.0006755 0.0006755 0.0007274 0.0317819 0.0309779 0.0309235 0.0308648 0.0322221 0.0351476 0.0351857 0.0356088 1.3913166 1.3592712 
EBOV_H.sap-wt_GIN_14_Makona-Macenta-EM_079424_KR817189     1.9864239 1.9863824 1.8605479 1.8659786 1.8753245 0.0016137 0.0015101 0.0015092 0.0011447 0.0011447 0.0010925 0.0010914 0.0015097 0.0017188 0.0015098 0.0015097 0.0016138 0.0014054 0.0013536 0.0012488 0.0010926 0.0011446 0.0011968 0.0013533 0.0014051 0.0013530 0.0000000 0.0004156 0.0004156 0.0002597 0.0013013 0.0016662 0.0014574 0.0014057 0.0016136 0.0014053 0.0014571 0.0013529 0.0012486 0.0015097 0.0011448 0.0011969 0.0014577 0.0014577 0.0011446 0.0013010 0.0013532 0.0013531 0.0013531 0.0013012 0.0011969 0.0012486 0.0012487 0.0012488 0.0010924 0.0010914 0.0011445 0.0011445 0.0011966 0.0011448 0.0011445 0.0011446 0.0007274 0.0010395 0.0010395 0.0008314 0.0008834 0.0007794 0.0007794 0.0008314 0.0008314 0.0010394 0.0009874 0.0010394 0.0010394 0.0009874 0.0009874 0.0009874 0.0009874 0.0009354 0.0008834 0.0008834 0.0009354 0.0311002 0.0302978 0.0302434 0.0301849 0.0316532 0.0344594 0.0344977 0.0349197 1.3946428 1.3595014 
EBOV_H.sap-tc_GIN_14_Makona-Gueckedou-C07_KP096421         1.9850453 1.9850039 1.8599076 1.8653335 1.8746720 0.0013008 0.0011971 0.0011954 0.0008314 0.0008314 0.0007794 0.0007794 0.0011967 0.0014056 0.0011969 0.0011967 0.0013008 0.0010925 0.0010407 0.0009354 0.0007794 0.0008314 0.0008834 0.0010405 0.0010914 0.0010394 0.0004156 0.0000000 0.0000010 0.0001558 0.0009885 0.0013532 0.0011445 0.0010928 0.0013006 0.0010925 0.0011434 0.0010394 0.0009354 0.0011967 0.0008314 0.0008834 0.0011448 0.0011448 0.0008314 0.0009874 0.0010404 0.0010394 0.0010394 0.0009874 0.0008834 0.0009354 0.0009354 0.0009354 0.0007794 0.0007794 0.0008314 0.0008314 0.0008834 0.0008314 0.0008314 0.0008314 0.0004156 0.0007275 0.0007275 0.0005195 0.0005715 0.0004676 0.0004676 0.0005195 0.0005195 0.0007274 0.0006755 0.0007274 0.0007274 0.0006755 0.0006755 0.0006755 0.0006755 0.0006235 0.0005715 0.0005715 0.0006235 0.0307569 0.0299553 0.0299010 0.0298425 0.0313095 0.0341124 0.0341509 0.0345722 1.3930875 1.3575283 
EBOV_H.sap-wt_GIN_14_Makona-Gueckedou-C07_KT013256         1.9850453 1.9850039 1.8599076 1.8653335 1.8746720 0.0013008 0.0011971 0.0011954 0.0008314 0.0008314 0.0007794 0.0007794 0.0011967 0.0014056 0.0011969 0.0011967 0.0013008 0.0010925 0.0010407 0.0009354 0.0007794 0.0008314 0.0008834 0.0010405 0.0010914 0.0010394 0.0004156 0.0000010 0.0000000 0.0001558 0.0009885 0.0013532 0.0011445 0.0010928 0.0013006 0.0010925 0.0011434 0.0010394 0.0009354 0.0011967 0.0008314 0.0008834 0.0011448 0.0011448 0.0008314 0.0009874 0.0010404 0.0010394 0.0010394 0.0009874 0.0008834 0.0009354 0.0009354 0.0009354 0.0007794 0.0007794 0.0008314 0.0008314 0.0008834 0.0008314 0.0008314 0.0008314 0.0004156 0.0007275 0.0007275 0.0005195 0.0005715 0.0004676 0.0004676 0.0005195 0.0005195 0.0007274 0.0006755 0.0007274 0.0007274 0.0006755 0.0006755 0.0006755 0.0006755 0.0006235 0.0005715 0.0005715 0.0006235 0.0307569 0.0299553 0.0299010 0.0298425 0.0313095 0.0341124 0.0341509 0.0345722 1.3930875 1.3575283 
EBOV_H.sap-wt_GIN_14_Makona-Macenta-EM_079422_KR817187     1.9844217 1.9843803 1.8593028 1.8647274 1.8740649 0.0013529 0.0012492 0.0012485 0.0008834 0.0008834 0.0008314 0.0008314 0.0012489 0.0014578 0.0012490 0.0012489 0.0013529 0.0011447 0.0010929 0.0009874 0.0008314 0.0008834 0.0009354 0.0010926 0.0011434 0.0010914 0.0002597 0.0001558 0.0001558 0.0000000 0.0010406 0.0014053 0.0011966 0.0011449 0.0013528 0.0011446 0.0011954 0.0010914 0.0009874 0.0012489 0.0008834 0.0009354 0.0011969 0.0011969 0.0008834 0.0010394 0.0010925 0.0010914 0.0010914 0.0010405 0.0009354 0.0009874 0.0009874 0.0009874 0.0008314 0.0008314 0.0008834 0.0008834 0.0009354 0.0008834 0.0008834 0.0008834 0.0004676 0.0007795 0.0007795 0.0005715 0.0006235 0.0005195 0.0005195 0.0005715 0.0005715 0.0007794 0.0007274 0.0007794 0.0007794 0.0007274 0.0007274 0.0007274 0.0007274 0.0006755 0.0006235 0.0006235 0.0006755 0.0308140 0.0300123 0.0299580 0.0298995 0.0313667 0.0341701 0.0342086 0.0346300 1.3933719 1.3580317 
EBOV_H.sap-wt_LBR_15_Makona-Liberia-DQE6_KR075000          1.9822168 1.9821754 1.8586923 1.8653491 1.8746854 0.0020844 0.0019808 0.0019796 0.0017190 0.0017190 0.0015623 0.0015621 0.0012492 0.0014582 0.0011970 0.0012492 0.0013533 0.0011450 0.0010932 0.0009885 0.0008314 0.0008834 0.0009365 0.0010929 0.0011447 0.0010926 0.0013013 0.0009885 0.0009885 0.0010406 0.0000000 0.0014057 0.0011970 0.0011452 0.0013532 0.0011449 0.0011968 0.0010926 0.0009874 0.0012492 0.0008845 0.0009366 0.0011972 0.0011972 0.0008834 0.0010407 0.0010929 0.0010927 0.0010927 0.0010408 0.0009366 0.0009874 0.0009874 0.0009885 0.0008314 0.0008314 0.0008834 0.0008834 0.0009354 0.0008845 0.0008834 0.0008834 0.0006755 0.0007795 0.0007795 0.0005715 0.0006235 0.0005195 0.0005195 0.0005715 0.0005715 0.0007794 0.0007274 0.0007794 0.0007794 0.0007274 0.0007274 0.0007274 0.0007274 0.0006755 0.0006235 0.0006235 0.0006755 0.0316823 0.0308782 0.0308238 0.0307651 0.0322912 0.0351040 0.0351421 0.0355653 1.3933294 1.3593239 
EBOV_H.sap-wt_SLE_14_Makona-Koinadugu-20143659_KR653256    1.9857793 1.9857378 1.8607175 1.8668982 1.8762358 0.0024499 0.0023464 0.0023450 0.0020843 0.0020843 0.0019275 0.0019272 0.0014055 0.0016145 0.0016143 0.0016141 0.0015096 0.0015098 0.0014580 0.0013532 0.0011968 0.0012489 0.0013011 0.0014577 0.0015095 0.0014573 0.0016662 0.0013532 0.0013532 0.0014053 0.0014057 0.0000000 0.0013532 0.0015101 0.0008834 0.0006755 0.0007274 0.0006235 0.0005195 0.0016141 0.0012491 0.0013012 0.0015621 0.0015621 0.0012490 0.0014054 0.0010406 0.0012489 0.0012489 0.0011970 0.0010928 0.0009354 0.0009354 0.0009354 0.0009874 0.0009874 0.0010394 0.0010394 0.0010924 0.0010407 0.0008314 0.0008314 0.0010394 0.0009355 0.0009355 0.0009354 0.0009874 0.0008834 0.0008834 0.0009354 0.0009354 0.0009354 0.0008834 0.0007274 0.0007274 0.0006755 0.0008834 0.0008834 0.0008834 0.0008314 0.0007794 0.0007794 0.0008314 0.0320165 0.0312118 0.0311574 0.0310987 0.0325705 0.0352703 0.0351935 0.0356166 1.3945015 1.3590117 
EBOV_H.sap-wt_SLE_14_Makona-Kenema-G5059_1_KR105296        1.9843453 1.9843039 1.8596162 1.8655385 1.8751031 0.0022405 0.0021370 0.0021357 0.0018751 0.0018751 0.0017184 0.0017182 0.0011968 0.0014056 0.0014054 0.0014053 0.0013008 0.0013010 0.0012492 0.0011445 0.0009874 0.0010394 0.0010925 0.0012489 0.0013007 0.0012486 0.0014574 0.0011445 0.0011445 0.0011966 0.0011970 0.0013532 0.0000000 0.0013013 0.0013007 0.0010925 0.0011434 0.0010394 0.0009354 0.0014053 0.0010405 0.0010926 0.0013533 0.0013533 0.0010394 0.0011967 0.0010405 0.0010394 0.0010394 0.0009884 0.0008834 0.0009354 0.0009354 0.0009354 0.0007794 0.0007794 0.0006235 0.0006235 0.0006755 0.0008314 0.0008314 0.0008314 0.0008314 0.0007275 0.0007275 0.0007274 0.0007794 0.0006755 0.0006755 0.0007274 0.0007274 0.0007274 0.0006755 0.0007274 0.0007274 0.0006755 0.0004676 0.0006755 0.0006755 0.0006235 0.0005715 0.0005715 0.0006235 0.0318987 0.0310943 0.0310399 0.0309812 0.0323984 0.0352659 0.0353039 0.0357272 1.3937875 1.3582278 
EBOV_H.sap-wt_GIN_14_Makona-Macenta-EM_076322_KR817145     1.9836568 1.9836154 1.8586132 1.8648625 1.8740263 0.0021890 0.0020854 0.0020842 0.0018235 0.0018235 0.0016667 0.0016666 0.0013536 0.0015626 0.0013537 0.0013536 0.0014577 0.0012493 0.0011975 0.0010928 0.0009365 0.0009886 0.0010407 0.0011972 0.0012490 0.0011969 0.0014057 0.0010928 0.0010928 0.0011449 0.0011452 0.0015101 0.0013013 0.0000000 0.0014575 0.0011449 0.0013011 0.0011969 0.0010926 0.0008314 0.0004676 0.0005195 0.0009888 0.0009888 0.0006755 0.0008314 0.0011972 0.0011970 0.0011970 0.0011451 0.0010409 0.0010926 0.0010926 0.0010927 0.0009364 0.0009354 0.0009885 0.0009885 0.0010405 0.0009888 0.0009885 0.0009886 0.0007794 0.0008835 0.0008835 0.0006755 0.0007274 0.0006235 0.0006235 0.0006755 0.0006755 0.0008834 0.0008314 0.0008834 0.0008834 0.0008314 0.0008314 0.0008314 0.0008314 0.0007794 0.0007274 0.0007274 0.0007794 0.0317390 0.0309348 0.0308804 0.0308216 0.0323522 0.0351658 0.0352039 0.0356272 1.3964330 1.3591596 
EBOV_H.sap-wt_SLE_14_Makona-PortLoko-J0083_KP759752        1.9847341 1.9846926 1.8610222 1.8671138 1.8764552 0.0023969 0.0022934 0.0022921 0.0020315 0.0020315 0.0018747 0.0018745 0.0013529 0.0015619 0.0015617 0.0015615 0.0014570 0.0014572 0.0014055 0.0013006 0.0011434 0.0011965 0.0012486 0.0014051 0.0014569 0.0014048 0.0016136 0.0013006 0.0013006 0.0013528 0.0013532 0.0008834 0.0013007 0.0014575 0.0000000 0.0006235 0.0004676 0.0004676 0.0003636 0.0015615 0.0011966 0.0012487 0.0015095 0.0015095 0.0011965 0.0013528 0.0009874 0.0011954 0.0011954 0.0011445 0.0010394 0.0008834 0.0008834 0.0008834 0.0009354 0.0009354 0.0009874 0.0009874 0.0010394 0.0009874 0.0007794 0.0007794 0.0009874 0.0008835 0.0008835 0.0008834 0.0009354 0.0008314 0.0008314 0.0008834 0.0008834 0.0008834 0.0008314 0.0006755 0.0006755 0.0006235 0.0008314 0.0008314 0.0008314 0.0007794 0.0007274 0.0007274 0.0007794 0.0320639 0.0312593 0.0312049 0.0311461 0.0325042 0.0352028 0.0352408 0.0356640 1.3934802 1.3580906 
EBOV_H.sap-wt_SLE_14_Makona-J0128_KP759677                 1.9832659 1.9832245 1.8607560 1.8668464 1.8761866 0.0021883 0.0020848 0.0020836 0.0018230 0.0018230 0.0016662 0.0016661 0.0011447 0.0013535 0.0013533 0.0013532 0.0012488 0.0012489 0.0011971 0.0010924 0.0009354 0.0009874 0.0010404 0.0011968 0.0012487 0.0011966 0.0014053 0.0010925 0.0010925 0.0011446 0.0011449 0.0006755 0.0010925 0.0011449 0.0006235 0.0000000 0.0004676 0.0003636 0.0002597 0.0013532 0.0009884 0.0010405 0.0013012 0.0013012 0.0009874 0.0011446 0.0007794 0.0009874 0.0009874 0.0009354 0.0008314 0.0006755 0.0006755 0.0006755 0.0007274 0.0007274 0.0007794 0.0007794 0.0008314 0.0007794 0.0005715 0.0005715 0.0007794 0.0006755 0.0006755 0.0006755 0.0007274 0.0006235 0.0006235 0.0006755 0.0006755 0.0006755 0.0006235 0.0004676 0.0004676 0.0004156 0.0006235 0.0006235 0.0006235 0.0005715 0.0005195 0.0005195 0.0005715 0.0318430 0.0310388 0.0309844 0.0309257 0.0323968 0.0350357 0.0351331 0.0355561 1.3945046 1.3598186 
EBOV_H.sap-wt_SLE_14_Makona-J0119_KP759667                 1.9848851 1.9848437 1.8595849 1.8656712 1.8750064 0.0022401 0.0021366 0.0021353 0.0018748 0.0018748 0.0017181 0.0017179 0.0011965 0.0014054 0.0014052 0.0014050 0.0013006 0.0013008 0.0012490 0.0011434 0.0009874 0.0010394 0.0010914 0.0012487 0.0013005 0.0012475 0.0014571 0.0011434 0.0011434 0.0011954 0.0011968 0.0007274 0.0011434 0.0013011 0.0004676 0.0004676 0.0000000 0.0003117 0.0002078 0.0014050 0.0010394 0.0010914 0.0013530 0.0013530 0.0010394 0.0011964 0.0008314 0.0010394 0.0010394 0.0009874 0.0008834 0.0007274 0.0007274 0.0007274 0.0007794 0.0007794 0.0008314 0.0008314 0.0008834 0.0008314 0.0006235 0.0006235 0.0008314 0.0007275 0.0007275 0.0007274 0.0007794 0.0006755 0.0006755 0.0007274 0.0007274 0.0007274 0.0006755 0.0005195 0.0005195 0.0004676 0.0006755 0.0006755 0.0006755 0.0006235 0.0005715 0.0005715 0.0006235 0.0318923 0.0310881 0.0310337 0.0309750 0.0323325 0.0350296 0.0350677 0.0354905 1.3927653 1.3586894 
EBOV_H.sap-wt_SLE_14_Makona-J0158_KP759700                 1.9831124 1.9830711 1.8590792 1.8651646 1.8744991 0.0021357 0.0020321 0.0020310 0.0017704 0.0017704 0.0016138 0.0016136 0.0010914 0.0013011 0.0013009 0.0013008 0.0011954 0.0011966 0.0011448 0.0010394 0.0008834 0.0009354 0.0009874 0.0011445 0.0011954 0.0011434 0.0013529 0.0010394 0.0010394 0.0010914 0.0010926 0.0006235 0.0010394 0.0011969 0.0004676 0.0003636 0.0003117 0.0000000 0.0001039 0.0013008 0.0009354 0.0009874 0.0012488 0.0012488 0.0009354 0.0010914 0.0007274 0.0009354 0.0009354 0.0008834 0.0007794 0.0006235 0.0006235 0.0006235 0.0006755 0.0006755 0.0007274 0.0007274 0.0007794 0.0007274 0.0005195 0.0005195 0.0007274 0.0006235 0.0006235 0.0006235 0.0006755 0.0005715 0.0005715 0.0006235 0.0006235 0.0006235 0.0005715 0.0004156 0.0004156 0.0003636 0.0005715 0.0005715 0.0005715 0.0005195 0.0004676 0.0004676 0.0005195 0.0317796 0.0309757 0.0309213 0.0308626 0.0322198 0.0349160 0.0349541 0.0353768 1.3926376 1.3577539 
EBOV_H.sap-wt_SLE_14_Makona-PortLoko-20140024_KR653252     1.9836694 1.9836280 1.8596232 1.8657095 1.8750447 0.0020312 0.0019276 0.0019265 0.0016661 0.0016661 0.0015094 0.0015093 0.0009874 0.0011969 0.0011967 0.0011966 0.0010914 0.0010914 0.0010406 0.0009354 0.0007794 0.0008314 0.0008834 0.0010394 0.0010914 0.0010394 0.0012486 0.0009354 0.0009354 0.0009874 0.0009874 0.0005195 0.0009354 0.0010926 0.0003636 0.0002597 0.0002078 0.0001039 0.0000000 0.0011965 0.0008314 0.0008834 0.0011446 0.0011446 0.0008314 0.0009874 0.0006235 0.0008314 0.0008314 0.0007794 0.0006755 0.0005195 0.0005195 0.0005195 0.0005715 0.0005715 0.0006235 0.0006235 0.0006755 0.0006235 0.0004156 0.0004156 0.0006235 0.0005196 0.0005196 0.0005195 0.0005715 0.0004676 0.0004676 0.0005195 0.0005195 0.0005195 0.0004676 0.0003117 0.0003117 0.0002597 0.0004676 0.0004676 0.0004676 0.0004156 0.0003636 0.0003636 0.0004156 0.0316659 0.0308622 0.0308079 0.0307492 0.0321060 0.0348012 0.0348394 0.0352619 1.3923071 1.3577382 
EBOV_H.sap-wt_GIN_14_Makona-Nzerekore-EM_074437_KR817117   1.9834009 1.9833595 1.8566733 1.8634859 1.8726425 0.0022930 0.0021894 0.0021881 0.0019275 0.0019275 0.0017707 0.0017705 0.0014575 0.0016666 0.0014577 0.0014575 0.0015617 0.0013533 0.0013015 0.0011967 0.0010405 0.0010925 0.0011447 0.0013012 0.0013530 0.0013009 0.0015097 0.0011967 0.0011967 0.0012489 0.0012492 0.0016141 0.0014053 0.0008314 0.0015615 0.0013532 0.0014050 0.0013008 0.0011965 0.0000000 0.0003636 0.0004156 0.0010927 0.0010927 0.0007794 0.0009354 0.0013011 0.0013009 0.0013009 0.0012490 0.0011448 0.0011965 0.0011966 0.0011967 0.0010394 0.0010394 0.0010914 0.0010914 0.0011445 0.0010927 0.0010924 0.0010925 0.0008834 0.0009875 0.0009875 0.0007794 0.0008314 0.0007274 0.0007274 0.0007794 0.0007794 0.0009874 0.0009354 0.0009874 0.0009874 0.0009354 0.0009354 0.0009354 0.0009354 0.0008834 0.0008314 0.0008314 0.0008834 0.0318448 0.0310405 0.0309861 0.0309274 0.0325121 0.0353263 0.0353642 0.0357877 1.3956242 1.3597338 
