100
02A1.GH.97.97GH_AG2.AB052867           0.0000000 0.3458241 0.3463360 0.3603525 0.4422294 0.3716885 0.3903276 0.4265390 0.4542059 0.5344263 0.5479510 0.5767785 0.5172374 0.5221691 0.5475452 0.4949014 0.5675149 0.5445630 0.5580598 0.6282056 0.6116709 0.6568152 0.6609507 0.6709592 0.6353426 0.6760377 0.7367681 0.8086389 0.5951599 0.4661293 0.5262180 0.6039594 0.6279492 0.6257890 0.5157172 0.8129279 0.8613093 0.5606517 0.7904066 0.7942149 0.7870514 0.7774048 0.7556883 0.8196668 0.7888800 0.7895384 0.8331711 0.8376759 0.8362407 0.8442899 0.7870805 0.7656052 0.7806234 0.7533471 0.8030825 0.8431710 0.8565848 0.8705629 0.7662214 0.8043365 0.8384916 0.8335574 0.8126632 0.8011806 0.8452730 0.8370120 0.8707372 0.8239967 0.8283925 0.8609641 0.8578045 0.8591101 0.8645774 0.7424654 0.6827621 0.6675474 0.6363270 0.8188171 0.8057511 0.8453592 0.7978595 0.8524650 0.7847178 0.8230042 0.8308215 0.8580782 0.8385737 0.8509726 0.7962069 0.8226114 0.9394879 0.9743085 0.9198379 0.8911067 0.7717748 1.0996702 1.8111212 1.8770634 1.7995705 2.4603891 
02_AG.CM.02.02CM_3217MN.GU201514       0.3458241 0.0000000 0.2561493 0.2822586 0.3611854 0.4078909 0.4164541 0.4332949 0.4594380 0.5330811 0.5330429 0.5679683 0.5110746 0.5303507 0.5467402 0.5023977 0.5680598 0.5384956 0.5636613 0.6503258 0.6161349 0.6860915 0.6805784 0.6642061 0.6416453 0.6800817 0.7414679 0.8253460 0.5892883 0.4783382 0.5326725 0.6217747 0.6416756 0.6407276 0.5231185 0.8035634 0.8605986 0.5337820 0.7891127 0.7786191 0.7807945 0.7733174 0.7308690 0.8147587 0.8106433 0.8021687 0.8342179 0.8215342 0.8267514 0.8424218 0.7774780 0.7715706 0.7925174 0.7598848 0.8080847 0.8386617 0.8405112 0.8621255 0.7711286 0.7958708 0.8257548 0.8049825 0.7894094 0.8173622 0.8435457 0.8315658 0.8607661 0.8268701 0.8087484 0.8310197 0.8643923 0.8283657 0.8622070 0.7268293 0.6655857 0.6706755 0.6550826 0.8631809 0.8463537 0.8403857 0.8423296 0.8548151 0.8170508 0.8674955 0.8490326 0.8665701 0.8636450 0.8519532 0.7925298 0.8302522 0.9448975 0.9736722 0.9293208 0.8843221 0.7938188 1.0903221 1.7333517 1.8043273 1.7779935 2.4153778 
02_AG.GW.04.CC_0030.FJ694791           0.3463360 0.2561493 0.0000000 0.2888847 0.3572677 0.3948775 0.4122461 0.4345884 0.4614701 0.5379804 0.5482598 0.5720067 0.5075337 0.5180797 0.5481354 0.4988442 0.5775855 0.5507261 0.5638255 0.6331720 0.6168616 0.6815520 0.6632655 0.6681709 0.6413253 0.6689361 0.7371996 0.8270658 0.5947121 0.4744351 0.5291894 0.6174534 0.6427332 0.6366911 0.5218582 0.8058403 0.8653147 0.5386484 0.7987374 0.7936100 0.8024873 0.7928911 0.7412916 0.8179249 0.7982568 0.7986115 0.8343738 0.8270612 0.8161575 0.8586933 0.7815877 0.7770635 0.7882140 0.7557154 0.8223369 0.8303739 0.8466284 0.8569469 0.7652583 0.8061779 0.8180507 0.8043659 0.7974902 0.8106046 0.8585546 0.8526860 0.8732910 0.8401927 0.8031155 0.8636322 0.8662075 0.8523027 0.8751287 0.7393476 0.6987062 0.6652136 0.6342375 0.8569146 0.8288604 0.8360092 0.8228094 0.8736998 0.7892650 0.8610082 0.8353627 0.8591466 0.8452415 0.8561033 0.7730646 0.8202207 0.9410564 0.9737169 0.9362358 0.8838548 0.7898444 1.0976543 1.7573521 1.7919186 1.7758104 2.4237037 
02_AG.GW.14.DE00214GW009.MH078544      0.3603525 0.2822586 0.2888847 0.0000000 0.3834633 0.4204742 0.4222081 0.4481358 0.4807504 0.5563384 0.5709859 0.6153698 0.5368178 0.5468016 0.5709676 0.5203953 0.5897290 0.5778700 0.5801968 0.6557203 0.6461961 0.6959018 0.6931705 0.6854206 0.6625238 0.6968145 0.7588820 0.8486092 0.6335346 0.4911391 0.5558906 0.6386183 0.6420835 0.6478126 0.5452431 0.8341979 0.9024169 0.5513505 0.8242753 0.8214247 0.8014710 0.7970405 0.7654822 0.8318586 0.8021030 0.8144626 0.8532533 0.8560828 0.8452849 0.8684343 0.8049964 0.7898787 0.8152173 0.7767482 0.8192273 0.8617482 0.8695114 0.8681715 0.7877217 0.8067060 0.8362877 0.8289313 0.8137329 0.8405152 0.8692913 0.8751764 0.8852602 0.8489202 0.8393454 0.8623755 0.8803951 0.8608401 0.9077884 0.7493519 0.7000075 0.6812381 0.6558340 0.8908579 0.8539540 0.8613306 0.8491588 0.8893060 0.8242491 0.8694880 0.8757688 0.8745838 0.8791334 0.8761105 0.8261283 0.8401416 0.9699651 0.9844739 0.9553032 0.9124387 0.7976879 1.1113162 1.7147585 1.8137747 1.7458951 2.4607516 
02D.GH.03.GHNJ193.AB231897             0.4422294 0.3611854 0.3572677 0.3834633 0.0000000 0.4974963 0.4998233 0.5275598 0.5528263 0.6376733 0.6300272 0.6546547 0.5960618 0.6012932 0.6370175 0.5827607 0.6475278 0.6385144 0.6439563 0.7133401 0.7114243 0.7662125 0.7653848 0.7632177 0.7282984 0.7670544 0.8263917 0.9229767 0.6658615 0.5502447 0.6159253 0.7060618 0.7280061 0.7404294 0.6080855 0.8890784 0.9522683 0.6391756 0.8808937 0.8839539 0.8698342 0.8672066 0.8222422 0.8868209 0.8876739 0.8794196 0.9301054 0.9089119 0.9140929 0.9359209 0.8769573 0.8874865 0.8913860 0.8550694 0.8987328 0.9321663 0.9523389 0.9516246 0.8701809 0.8896733 0.9413137 0.9226086 0.9004865 0.9113137 0.9312720 0.9333014 0.9501694 0.9424150 0.8990226 0.9551904 0.9568544 0.9279235 0.9628449 0.8253917 0.7780192 0.7598190 0.7200525 0.9399563 0.9056090 0.9162570 0.9249994 0.9326276 0.8901676 0.9293402 0.9226902 0.9610204 0.9443021 0.9264875 0.8821473 0.9125248 1.0462193 1.0674860 1.0297035 0.9695402 0.8789239 1.1901438 1.7927719 1.8901398 1.8392529 2.4325827 
02A.CI.16.DEURF16CI011.MH078538        0.3716885 0.4078909 0.3948775 0.4204742 0.4974963 0.0000000 0.4591401 0.4886641 0.5081392 0.5982161 0.5933020 0.6199946 0.5675062 0.5717848 0.5975390 0.5609820 0.6120183 0.5899753 0.6172905 0.6753220 0.6585469 0.7307192 0.7202959 0.7187753 0.6970096 0.7156325 0.7832612 0.8464428 0.6567599 0.5113900 0.5834186 0.6562178 0.6994545 0.6846336 0.5632748 0.8494966 0.9064087 0.6017185 0.8529611 0.8663539 0.8271062 0.8432899 0.8061444 0.8572849 0.8393994 0.8490666 0.8726824 0.8800328 0.8812145 0.9171957 0.8312788 0.8247535 0.8260862 0.8147461 0.8723721 0.8961069 0.9072468 0.9208012 0.8209434 0.8608150 0.8989583 0.8886717 0.8604833 0.8763519 0.8851171 0.8982300 0.9304448 0.8809830 0.8744856 0.9052691 0.9237695 0.8916858 0.9084892 0.7832436 0.7284325 0.7258974 0.6796661 0.9055713 0.8715674 0.8852650 0.8791533 0.9133050 0.8608629 0.9025823 0.9020566 0.9076296 0.8973860 0.9015268 0.8286164 0.9042555 0.9803189 1.0276396 0.9796535 0.9445743 0.8297470 1.1574979 1.8872778 1.9205558 1.8534912 2.5620496 
0206.SN.12.LA56Senegl.KU168299         0.3903276 0.4164541 0.4122461 0.4222081 0.4998233 0.4591401 0.0000000 0.4037919 0.4877454 0.5798507 0.5924715 0.6112426 0.5560908 0.5484176 0.5964136 0.5357647 0.5949424 0.5887020 0.5939275 0.6833564 0.6640878 0.7105027 0.6993959 0.7082528 0.6754727 0.7067292 0.7798637 0.8630746 0.6162500 0.4987477 0.5566798 0.6462838 0.6494583 0.6672289 0.5446566 0.8591798 0.9188862 0.6115183 0.8060625 0.8128887 0.8100965 0.8011978 0.7754725 0.8410857 0.8210684 0.8220236 0.8524164 0.8582994 0.8574621 0.8814532 0.8024550 0.8034851 0.8160697 0.7880359 0.8369643 0.8814361 0.8677749 0.8713994 0.7972090 0.8280822 0.8454852 0.8425575 0.8282554 0.8251982 0.8752482 0.8786000 0.8762649 0.8405860 0.8568709 0.9028426 0.8920100 0.8712572 0.8868067 0.7572473 0.7263182 0.7003649 0.6633752 0.8823814 0.8412359 0.8624169 0.8711855 0.8761698 0.8384103 0.8877177 0.8653130 0.8940436 0.8875395 0.8830560 0.8281710 0.8830771 0.9687282 1.0268839 0.9657840 0.9176908 0.8120362 1.1415144 1.8832238 1.9446081 1.8316106 2.4969586 
U.ES.10.DEURF10DZ001.JX140679          0.4265390 0.4332949 0.4345884 0.4481358 0.5275598 0.4886641 0.4037919 0.0000000 0.5289353 0.5888549 0.5945311 0.6045563 0.5526917 0.5874139 0.6065622 0.5552058 0.6177947 0.6005586 0.6084290 0.6906729 0.6715130 0.7288294 0.7080474 0.7177437 0.6948567 0.7132846 0.7808347 0.8725983 0.6432397 0.5212740 0.5832374 0.6811230 0.6776784 0.7063871 0.5709920 0.8810489 0.9249490 0.6564116 0.8442464 0.8428912 0.8292620 0.8420923 0.8201514 0.8656226 0.8523490 0.8539415 0.8891273 0.8677104 0.8848891 0.9014270 0.8455916 0.8379682 0.8246488 0.8072515 0.8526303 0.8870241 0.8973179 0.9139690 0.8381254 0.8837401 0.8931273 0.8868486 0.8670861 0.8647587 0.9069184 0.8812910 0.9060157 0.8759580 0.8858623 0.9156987 0.9081377 0.8931325 0.9291435 0.7798134 0.7315739 0.7267087 0.6899584 0.8955342 0.8894333 0.8935371 0.9079972 0.9297530 0.8762478 0.9091146 0.9157308 0.9453004 0.8960062 0.9063461 0.8482289 0.9130464 1.0083034 1.0606402 0.9989201 0.9686070 0.8583249 1.1837750 1.8926070 1.9461152 1.9113547 2.6214120 
AGU.CM.06.770_8.MH705142               0.4542059 0.4594380 0.4614701 0.4807504 0.5528263 0.5081392 0.4877454 0.5289353 0.0000000 0.5636731 0.5686895 0.5907620 0.5483856 0.5508184 0.5691100 0.5287878 0.5929894 0.5812111 0.5841665 0.6513986 0.6411143 0.6883928 0.6888238 0.6867852 0.6837113 0.6905403 0.7734103 0.8633277 0.6187902 0.4834876 0.5116928 0.5991374 0.6190666 0.6326455 0.5626491 0.8188281 0.8949153 0.6792129 0.8060037 0.8096220 0.7927837 0.7861006 0.7663813 0.8041360 0.8100014 0.8050408 0.8634286 0.8368543 0.8233158 0.8747689 0.7870899 0.7886740 0.7873884 0.7838178 0.8137934 0.8585497 0.8462093 0.8879324 0.7759181 0.8166161 0.8452826 0.8296408 0.8045432 0.8163342 0.8357787 0.8527077 0.8670500 0.8368951 0.8309767 0.8664803 0.8670678 0.8628608 0.8776142 0.7889122 0.7119143 0.6872908 0.6558175 0.8719657 0.8612480 0.8640788 0.8580827 0.8911331 0.8500786 0.8786353 0.8804564 0.9087557 0.8804975 0.8864454 0.8337610 0.8666929 0.9570783 1.0128082 0.9706308 0.9379072 0.7997469 1.1051948 1.8711797 1.9069184 1.9010859 2.4881729 
A1.KE.06.06KECst_028.FJ623479          0.5344263 0.5330811 0.5379804 0.5563384 0.6376733 0.5982161 0.5798507 0.5888549 0.5636731 0.0000000 0.3253840 0.4220360 0.3758123 0.4052463 0.3991518 0.4313944 0.4502829 0.4871019 0.5057815 0.5654070 0.5472140 0.6029007 0.5995299 0.5816035 0.5806284 0.6036250 0.6790375 0.7584199 0.5017229 0.5005450 0.6382528 0.7170837 0.7316289 0.7204520 0.6346069 0.7223303 0.7847833 0.7409052 0.8366868 0.8601106 0.8299859 0.8323952 0.8210557 0.8280899 0.8448797 0.8641894 0.8753108 0.8780050 0.8760081 0.9112576 0.8220100 0.8300239 0.8271376 0.8151908 0.8661130 0.8889087 0.8883503 0.9137969 0.8340837 0.8540128 0.9165034 0.8737846 0.8799059 0.8594435 0.8716510 0.8922020 0.9196038 0.8855324 0.8731318 0.8913883 0.9189588 0.9252354 0.9286167 0.7971186 0.7641977 0.7340367 0.6815771 0.7411101 0.7291071 0.7462385 0.7138605 0.7688793 0.6877471 0.7497149 0.7345677 0.7687554 0.7308429 0.7616666 0.7101316 0.7213301 0.8218194 0.8547754 0.8163874 0.7968476 0.8324082 1.1698242 2.0517693 2.0708932 2.0780731 2.6451086 
A1.KE.06.06KECst_013.FJ623485          0.5479510 0.5330429 0.5482598 0.5709859 0.6300272 0.5933020 0.5924715 0.5945311 0.5686895 0.3253840 0.0000000 0.4244764 0.3792081 0.3974294 0.3925328 0.4393295 0.4548024 0.4898629 0.4930170 0.5737593 0.5624556 0.6023332 0.5976942 0.6035819 0.5788769 0.5974057 0.6647640 0.7673504 0.4836942 0.4896865 0.6305985 0.7080247 0.7501821 0.7438233 0.6405225 0.7255196 0.7890338 0.7290744 0.8317535 0.8366284 0.8343406 0.8582234 0.8124713 0.8702647 0.8682847 0.8668380 0.9089635 0.8958623 0.8987859 0.8919648 0.8532148 0.8415162 0.8502185 0.8290932 0.8630220 0.9127607 0.8970326 0.9294768 0.8296917 0.8375801 0.9040659 0.8743492 0.8692234 0.8546616 0.8899584 0.9054361 0.9361463 0.8851624 0.8808504 0.9111316 0.9375946 0.9001362 0.9559357 0.8153172 0.7707771 0.7164248 0.6793986 0.7305274 0.7246267 0.7233637 0.7238785 0.7678509 0.6960570 0.7338441 0.7374768 0.7766356 0.7299644 0.7547733 0.6938116 0.7404164 0.8343863 0.8642184 0.8122312 0.7875370 0.8177574 1.1809283 1.9767253 2.0659131 2.0622941 2.5467267 
A1.CY.07.CY208.JF683760                0.5767785 0.5679683 0.5720067 0.6153698 0.6546547 0.6199946 0.6112426 0.6045563 0.5907620 0.4220360 0.4244764 0.0000000 0.2528549 0.4175063 0.4329314 0.4498186 0.4752670 0.5127931 0.5131816 0.5961387 0.5866309 0.6477834 0.6234222 0.6357650 0.6149150 0.6157896 0.7043456 0.8067371 0.5156048 0.5335679 0.6524466 0.7358769 0.7668593 0.7612418 0.6898345 0.7771833 0.8083075 0.7783342 0.8595987 0.8868025 0.8586079 0.8620980 0.8310228 0.8791207 0.8714770 0.8677874 0.9169457 0.8934176 0.8872578 0.9521102 0.8616143 0.8489758 0.8427753 0.8227252 0.9062091 0.9188094 0.9277515 0.9462227 0.8685368 0.8622277 0.9129226 0.8926429 0.9020412 0.8764925 0.9095524 0.9288082 0.9564622 0.9082316 0.8903716 0.9264335 0.9510379 0.9350986 0.9516591 0.8208075 0.7708026 0.7422118 0.6853825 0.7588597 0.7389460 0.7680374 0.7441384 0.7898866 0.7170391 0.7799082 0.7526480 0.7895031 0.7544056 0.7653412 0.7085489 0.7472816 0.8252557 0.9045482 0.8360350 0.8055933 0.8428897 1.1875324 2.0004507 2.0473532 2.0533221 2.6488537 
A1.CY.05.CY051.FJ388903                0.5172374 0.5110746 0.5075337 0.5368178 0.5960618 0.5675062 0.5560908 0.5526917 0.5483856 0.3758123 0.3792081 0.2528549 0.0000000 0.3693860 0.3814287 0.3964111 0.4262445 0.4575346 0.4746491 0.5412011 0.5222956 0.5782874 0.5650555 0.5661897 0.5555405 0.5609421 0.6414510 0.7433596 0.4574062 0.4608458 0.6207779 0.6895762 0.7220224 0.7247902 0.6193608 0.6963097 0.7489465 0.7273175 0.8195736 0.8281760 0.8084010 0.8332219 0.7860581 0.8256387 0.8154028 0.8341392 0.8634605 0.8604116 0.8389067 0.8782874 0.8018552 0.8051553 0.8002266 0.7861161 0.8464292 0.8536589 0.8830831 0.9020936 0.8001389 0.8313088 0.8874227 0.8484382 0.8359562 0.8305821 0.8605959 0.8911201 0.8995274 0.8553371 0.8480797 0.8756087 0.9043405 0.8866447 0.8890627 0.7553484 0.7214026 0.6874496 0.6441307 0.7120174 0.6888506 0.7118393 0.7031609 0.7279413 0.6831540 0.7125961 0.7119070 0.7519149 0.7116704 0.7201858 0.6549002 0.7012338 0.7935783 0.8594228 0.7863190 0.7636714 0.7948622 1.1206916 1.9591822 2.0527088 2.0761751 2.6078338 
A1.UG.11.DEMA110UG001.KF859745         0.5221691 0.5303507 0.5180797 0.5468016 0.6012932 0.5717848 0.5484176 0.5874139 0.5508184 0.4052463 0.3974294 0.4175063 0.3693860 0.0000000 0.4132100 0.3954428 0.4444235 0.4615637 0.4684919 0.5561812 0.5353435 0.5965645 0.5870923 0.5901640 0.5642115 0.5844102 0.6593212 0.7629504 0.4653473 0.4748554 0.6105017 0.6867884 0.7252385 0.7151862 0.6197554 0.7123196 0.7674239 0.7358124 0.8293360 0.8362641 0.8197181 0.8408777 0.7982207 0.8405207 0.8311639 0.8542124 0.8645090 0.8649454 0.8569919 0.8897746 0.8201774 0.8156910 0.8218548 0.7921669 0.8558287 0.8732164 0.8947961 0.8974057 0.7846568 0.8518438 0.8821428 0.8716868 0.8417490 0.8451948 0.8762318 0.8633279 0.9058531 0.8646197 0.8707343 0.8939541 0.8912731 0.8821249 0.9052856 0.7837485 0.7313300 0.7098248 0.6613826 0.7306537 0.7113983 0.7296300 0.7053316 0.7472354 0.6695814 0.7276906 0.7210064 0.7544380 0.7251571 0.7274623 0.6754823 0.7042987 0.8005613 0.8423270 0.8155921 0.7882993 0.7958071 1.1191698 1.9432351 2.0352115 2.0432776 2.5994493 
35_AD.AF.06.007H.GQ477450              0.5475452 0.5467402 0.5481354 0.5709676 0.6370175 0.5975390 0.5964136 0.6065622 0.5691100 0.3991518 0.3925328 0.4329314 0.3814287 0.4132100 0.0000000 0.4294109 0.4633720 0.4893269 0.5031978 0.5854895 0.5691979 0.6212344 0.6016431 0.6054442 0.5996310 0.6148254 0.6840651 0.7969150 0.4983663 0.5121566 0.6322338 0.7249349 0.7500204 0.7416960 0.6523380 0.7358280 0.7875310 0.7695302 0.8516780 0.8643564 0.8421772 0.8425637 0.7888030 0.8481662 0.8351111 0.8576373 0.8932148 0.8765606 0.8778629 0.9192444 0.8437880 0.8515617 0.8355800 0.8200257 0.8841839 0.8961241 0.9140392 0.9362729 0.8424579 0.8512157 0.9167375 0.8733640 0.8492219 0.8468266 0.8934491 0.9240243 0.9380507 0.8645226 0.8895041 0.9086879 0.9668743 0.9131362 0.9475973 0.8136893 0.7552148 0.7300581 0.6764340 0.7463957 0.7123384 0.7544312 0.7359006 0.7650835 0.7187628 0.7547374 0.7732169 0.7581580 0.7510123 0.7576778 0.6933247 0.7216482 0.8553215 0.8773517 0.8412163 0.7951321 0.8434386 1.1599535 1.9422577 1.9951708 1.9919002 2.6010726 
A1.CY.06.CY154.FJ388943                0.4949014 0.5023977 0.4988442 0.5203953 0.5827607 0.5609820 0.5357647 0.5552058 0.5287878 0.4313944 0.4393295 0.4498186 0.3964111 0.3954428 0.4294109 0.0000000 0.4645127 0.4275037 0.4462365 0.5121791 0.5046451 0.5565474 0.5329504 0.5446477 0.5297987 0.5482785 0.6116228 0.7190926 0.4829507 0.4449255 0.5983679 0.6805002 0.7021637 0.6893714 0.6131652 0.6999111 0.7578202 0.7047114 0.7969377 0.8112912 0.7726245 0.7887279 0.7691374 0.8063646 0.7922086 0.8139209 0.8276014 0.8224692 0.8248583 0.8539539 0.7805124 0.7955027 0.7833193 0.7550221 0.8194307 0.8381792 0.8521387 0.8687654 0.7855072 0.8111815 0.8298212 0.8003203 0.8033781 0.8073797 0.8472293 0.8765742 0.8654802 0.8320055 0.8199246 0.8740099 0.8562405 0.8601645 0.8935025 0.7395706 0.6952995 0.6800842 0.6411550 0.7468071 0.7289687 0.7573160 0.7293628 0.7685037 0.7102970 0.7513824 0.7561689 0.7605538 0.7387323 0.7593372 0.6888736 0.7270147 0.8200535 0.8791910 0.8464618 0.8030660 0.7684488 1.0854705 1.9419456 1.9918725 1.9995583 2.5692726 
A1D.UG.99.99UGJ21953.AF484496          0.5675149 0.5680598 0.5775855 0.5897290 0.6475278 0.6120183 0.5949424 0.6177947 0.5929894 0.4502829 0.4548024 0.4752670 0.4262445 0.4444235 0.4633720 0.4645127 0.0000000 0.4968995 0.5226087 0.6015197 0.5782084 0.6244125 0.6216947 0.6160607 0.5940213 0.6236704 0.7113890 0.7945479 0.4995881 0.5225874 0.6407763 0.7368247 0.7464928 0.7489923 0.6772933 0.7453079 0.8084319 0.7918445 0.8741104 0.8606069 0.8654634 0.8658393 0.8320488 0.8834208 0.8633082 0.8554122 0.9218640 0.9064318 0.8941427 0.9236357 0.8734359 0.8663434 0.8675288 0.8308665 0.8968962 0.9334048 0.9156120 0.9502119 0.8573060 0.8651301 0.9359915 0.9045151 0.8779113 0.9009063 0.9038543 0.9319142 0.9457271 0.9058882 0.8873377 0.9257615 0.9160694 0.9412640 0.9396314 0.8157870 0.7666188 0.7532487 0.7297398 0.7550016 0.7418503 0.7488595 0.7243684 0.7703152 0.7054788 0.7587535 0.7567602 0.7710613 0.7514921 0.7544684 0.6998395 0.7273707 0.8447956 0.8981403 0.8390736 0.8113459 0.8736447 1.1636875 1.9415380 2.0746529 2.0196413 2.6780952 
A6.UA.12.DEMA112UA036.KU749406         0.5445630 0.5384956 0.5507261 0.5778700 0.6385144 0.5899753 0.5887020 0.6005586 0.5812111 0.4871019 0.4898629 0.5127931 0.4575346 0.4615637 0.4893269 0.4275037 0.4968995 0.0000000 0.4688654 0.5535710 0.5345342 0.5912089 0.5698567 0.5765783 0.5619697 0.5804048 0.6534495 0.7575206 0.5286001 0.4866650 0.6371678 0.7351394 0.7358066 0.7431939 0.6499239 0.7067490 0.7749242 0.7414914 0.8467434 0.8494276 0.8376624 0.8407034 0.8265894 0.8498662 0.8467014 0.8497301 0.8815875 0.8572471 0.8764183 0.8911052 0.8223389 0.8242660 0.8227205 0.7994275 0.8604021 0.8936777 0.9064206 0.9055861 0.8278049 0.8491641 0.9004807 0.8848701 0.8644832 0.8507730 0.9048522 0.9082750 0.9074645 0.8803708 0.8560276 0.8876151 0.8919307 0.8965923 0.9301081 0.7839768 0.7199467 0.7129047 0.6766740 0.7815309 0.7839406 0.7720814 0.7549124 0.8040235 0.7404018 0.7864789 0.7957395 0.7815029 0.7860722 0.7790347 0.7434684 0.7652837 0.8590139 0.9174337 0.8794489 0.8340299 0.8179964 1.1412076 2.0176503 2.0684260 2.0125079 2.5360092 
22_01A1.CM.02.02CM_1867LE.AY371165     0.5580598 0.5636613 0.5638255 0.5801968 0.6439563 0.6172905 0.5939275 0.6084290 0.5841665 0.5057815 0.4930170 0.5131816 0.4746491 0.4684919 0.5031978 0.4462365 0.5226087 0.4688654 0.0000000 0.4482662 0.4408236 0.4939936 0.4716609 0.4728575 0.4567709 0.4837807 0.5465126 0.6589454 0.5530459 0.5059047 0.6466211 0.7227930 0.7545256 0.7610758 0.6677305 0.6045621 0.6727549 0.7646977 0.8508166 0.8677559 0.8422770 0.8672889 0.8306769 0.8711037 0.8535404 0.8546930 0.8848992 0.8772174 0.8855276 0.9222289 0.8406246 0.8573955 0.8346257 0.8195316 0.8639997 0.8934693 0.9090371 0.9181936 0.8298878 0.8716913 0.9134738 0.8927834 0.8715514 0.8664972 0.8952947 0.9107482 0.9396518 0.8951589 0.8805443 0.9021594 0.9234920 0.9015636 0.9565802 0.8069239 0.7516126 0.7426869 0.7060145 0.8050804 0.8044130 0.8020253 0.7749296 0.8267135 0.7603692 0.8150521 0.8257131 0.8273236 0.7992518 0.8095958 0.7421382 0.7988590 0.8941484 0.9189777 0.8865664 0.8732932 0.8297670 1.1286999 1.9546316 2.0547817 2.0401804 2.6545461 
01_AE.CN.02.YN0236.JX112866            0.6282056 0.6503258 0.6331720 0.6557203 0.7133401 0.6753220 0.6833564 0.6906729 0.6513986 0.5654070 0.5737593 0.5961387 0.5412011 0.5561812 0.5854895 0.5121791 0.6015197 0.5535710 0.4482662 0.0000000 0.1578026 0.2050497 0.2113789 0.2109281 0.2284669 0.2459070 0.2942922 0.3754380 0.6184524 0.5862926 0.7434618 0.8340006 0.8367832 0.8591316 0.7393571 0.4833825 0.5492935 0.8625843 0.9262929 0.9334590 0.9306806 0.9365289 0.8886427 0.9293112 0.9314478 0.9404557 0.9891111 0.9318430 0.9455546 0.9972138 0.9266676 0.9463509 0.9234356 0.9036141 0.9406899 0.9654181 0.9850881 0.9944699 0.8975917 0.9378973 0.9905870 0.9850154 0.9506504 0.9385357 0.9815249 0.9886239 1.0143497 0.9974547 0.9808941 0.9755901 0.9980379 0.9849849 1.0495810 0.8956283 0.8564435 0.8185304 0.7909845 0.8728142 0.8460351 0.8718668 0.8443104 0.8920349 0.8241030 0.8820954 0.8865360 0.8914157 0.8565825 0.8773060 0.8332523 0.8612404 0.9334351 1.0032650 0.9397510 0.9366120 0.9065895 1.2202647 2.0971264 2.1639146 2.1192677 2.7728016 
01_AE.TH.99.99TH_C4460.AY945726        0.6116709 0.6161349 0.6168616 0.6461961 0.7114243 0.6585469 0.6640878 0.6715130 0.6411143 0.5472140 0.5624556 0.5866309 0.5222956 0.5353435 0.5691979 0.5046451 0.5782084 0.5345342 0.4408236 0.1578026 0.0000000 0.2087784 0.2134636 0.2054688 0.2247989 0.2379291 0.2948690 0.3697977 0.6218633 0.5696349 0.7306380 0.8037958 0.8136003 0.8249178 0.7282122 0.4741068 0.5411394 0.8316563 0.9130459 0.9021436 0.9024327 0.9259473 0.8619404 0.9171640 0.9197937 0.9217676 0.9611622 0.9178274 0.9209945 0.9754315 0.9178983 0.9132102 0.8991069 0.8872828 0.9333798 0.9407635 0.9657737 0.9690413 0.8784042 0.9195278 0.9808841 0.9694072 0.9444112 0.9283914 0.9589058 0.9705208 0.9884913 0.9678736 0.9414318 0.9631066 0.9859401 0.9758866 1.0068065 0.8681184 0.8140874 0.7982894 0.7666789 0.8476671 0.8479766 0.8803212 0.8424362 0.8870738 0.8296811 0.8602974 0.8790838 0.8948597 0.8586944 0.8780770 0.8088546 0.8581427 0.9411662 0.9991673 0.9185218 0.9228476 0.8902238 1.1907175 2.0477943 2.1646832 2.0778740 2.8070093 
01_AE.CN.07.GX070143.JX112835          0.6568152 0.6860915 0.6815520 0.6959018 0.7662125 0.7307192 0.7105027 0.7288294 0.6883928 0.6029007 0.6023332 0.6477834 0.5782874 0.5965645 0.6212344 0.5565474 0.6244125 0.5912089 0.4939936 0.2050497 0.2087784 0.0000000 0.2523300 0.2459627 0.2609811 0.2818325 0.3367222 0.4186187 0.6779449 0.6244368 0.7839706 0.8470884 0.8835962 0.8893096 0.7680324 0.5368476 0.6003104 0.8838534 0.9614265 0.9630671 0.9815648 0.9793108 0.9405872 0.9842914 0.9738375 0.9959612 1.0525270 0.9858018 1.0277250 1.0403348 0.9784686 0.9680821 0.9647507 0.9336609 1.0035475 1.0199829 1.0630126 1.0375846 0.9531878 0.9927836 1.0571129 1.0492264 1.0340860 0.9795363 1.0139178 1.0432477 1.0515286 1.0406523 1.0243224 1.0170469 1.0532052 1.0390848 1.0765986 0.9224912 0.8620768 0.8717475 0.8190108 0.8898449 0.8755395 0.9098667 0.8731713 0.9486478 0.8652135 0.9073759 0.9071676 0.9322187 0.8763258 0.8966260 0.8390637 0.8773864 0.9736403 1.0402510 0.9789155 0.9555251 0.9649547 1.2398541 2.1097944 2.2071139 2.1022377 2.8297263 
01_AE.CN.07.07CNYN326.KF835513         0.6609507 0.6805784 0.6632655 0.6931705 0.7653848 0.7202959 0.6993959 0.7080474 0.6888238 0.5995299 0.5976942 0.6234222 0.5650555 0.5870923 0.6016431 0.5329504 0.6216947 0.5698567 0.4716609 0.2113789 0.2134636 0.2523300 0.0000000 0.2327201 0.2556275 0.2770934 0.3332662 0.4238914 0.6624741 0.6137356 0.7715543 0.8577196 0.8623945 0.8876410 0.7672089 0.5180612 0.5871671 0.8732395 0.9737818 0.9554251 0.9488758 0.9691071 0.9194120 0.9604519 0.9707997 0.9663996 0.9979036 0.9927606 1.0091531 1.0445321 0.9601053 0.9563008 0.9422584 0.9265801 0.9984894 0.9967691 1.0226108 1.0411268 0.9432637 0.9950454 1.0204035 1.0170735 0.9979016 0.9767237 1.0183479 1.0325971 1.0496561 1.0192057 0.9819899 1.0184129 1.0239009 1.0107564 1.0806418 0.9212322 0.8742868 0.8520678 0.8211508 0.9053900 0.8786228 0.9024733 0.8622263 0.9053309 0.8412121 0.8985723 0.9130011 0.9252208 0.8830838 0.9105683 0.8384301 0.8778076 0.9712144 1.0180108 0.9409410 0.9519115 0.9582268 1.2307473 2.1582148 2.2215153 2.1250934 2.8471470 
01_AE.TH.07.AA030a04.JX447057          0.6709592 0.6642061 0.6681709 0.6854206 0.7632177 0.7187753 0.7082528 0.7177437 0.6867852 0.5816035 0.6035819 0.6357650 0.5661897 0.5901640 0.6054442 0.5446477 0.6160607 0.5765783 0.4728575 0.2109281 0.2054688 0.2459627 0.2327201 0.0000000 0.2533131 0.2699082 0.3267283 0.4071553 0.6600060 0.6026761 0.7671897 0.8666249 0.8634661 0.8728019 0.7589657 0.5175224 0.5589395 0.9030371 0.9515019 0.9472886 0.9269064 0.9572170 0.9109291 0.9595163 0.9530002 0.9834678 1.0082180 0.9652557 0.9797581 0.9971177 0.9502695 0.9471030 0.9373290 0.9091111 0.9753845 0.9734099 1.0106706 1.0080567 0.9276046 0.9603825 1.0354644 1.0232893 0.9964559 0.9549988 1.0103481 0.9884379 1.0254234 1.0135458 0.9933996 1.0101274 1.0275476 1.0109626 1.0602381 0.9239187 0.8680306 0.8487186 0.8200015 0.9231971 0.8775297 0.9237181 0.8939632 0.9326775 0.8661701 0.9292072 0.9337528 0.9387202 0.9029304 0.9259919 0.8636451 0.8822347 0.9998199 1.0500198 0.9813237 0.9700107 0.9702393 1.2344326 2.1384810 2.2520969 2.1791891 2.8038761 
01_AE.TH.05.AA101a_WG1.JX447936        0.6353426 0.6416453 0.6413253 0.6625238 0.7282984 0.6970096 0.6754727 0.6948567 0.6837113 0.5806284 0.5788769 0.6149150 0.5555405 0.5642115 0.5996310 0.5297987 0.5940213 0.5619697 0.4567709 0.2284669 0.2247989 0.2609811 0.2556275 0.2533131 0.0000000 0.2621621 0.3299042 0.4085995 0.6507418 0.5990142 0.7302411 0.8108010 0.8337237 0.8557275 0.7401326 0.4883182 0.5651621 0.8622341 0.9367436 0.9323734 0.9188135 0.9413157 0.8891999 0.9579932 0.9313972 0.9478780 0.9715292 0.9491923 0.9452419 0.9947193 0.9289524 0.9359097 0.9231549 0.9076256 0.9483609 0.9713503 0.9796307 0.9779999 0.9124365 0.9498999 0.9645451 0.9770742 0.9546627 0.9468009 0.9917340 1.0057999 1.0201825 0.9617529 0.9720337 0.9699891 0.9959816 0.9908597 1.0340296 0.8900000 0.8457128 0.8297321 0.7946927 0.8710250 0.8736095 0.9002485 0.8504292 0.9024713 0.8462628 0.9033164 0.8989386 0.9125010 0.8863926 0.8985866 0.8370400 0.8785144 0.9783897 1.0517761 0.9615679 0.9409472 0.9230287 1.2206144 2.1298166 2.2179021 2.1676376 2.8332459 
01_AE.CN.07.07CNYN343.KF835528         0.6760377 0.6800817 0.6689361 0.6968145 0.7670544 0.7156325 0.7067292 0.7132846 0.6905403 0.6036250 0.5974057 0.6157896 0.5609421 0.5844102 0.6148254 0.5482785 0.6236704 0.5804048 0.4837807 0.2459070 0.2379291 0.2818325 0.2770934 0.2699082 0.2621621 0.0000000 0.3458952 0.4439961 0.6611420 0.6221274 0.7572135 0.8526825 0.8607423 0.8716219 0.7561352 0.5189495 0.5737637 0.8855887 0.9643428 0.9469455 0.9320205 0.9562810 0.9134518 0.9621406 0.9571382 0.9485994 1.0012015 0.9721154 0.9962071 1.0225972 0.9525468 0.9678330 0.9437192 0.9300315 1.0081630 1.0181374 1.0133666 1.0343336 0.9653234 0.9753807 1.0384883 1.0225833 1.0069938 0.9850365 1.0122658 1.0102877 1.0664818 1.0214016 1.0179133 0.9988036 1.0273374 1.0295716 1.0541479 0.9346732 0.8660136 0.8576060 0.8275337 0.8946723 0.8649393 0.8935652 0.8763363 0.9128849 0.8528773 0.8885727 0.9041962 0.9128195 0.9057871 0.9072439 0.8381429 0.8826348 0.9932775 1.0256449 0.9737732 0.9479216 0.9451831 1.2595127 2.2142808 2.2974164 2.2480552 2.8386703 
01BC.CN.13.SZ95LS8027.KX379000         0.7367681 0.7414679 0.7371996 0.7588820 0.8263917 0.7832612 0.7798637 0.7808347 0.7734103 0.6790375 0.6647640 0.7043456 0.6414510 0.6593212 0.6840651 0.6116228 0.7113890 0.6534495 0.5465126 0.2942922 0.2948690 0.3367222 0.3332662 0.3267283 0.3299042 0.3458952 0.0000000 0.4869106 0.7317895 0.6926403 0.8530469 0.9140111 0.9594071 0.9540451 0.8418441 0.5979366 0.6676747 0.9411743 1.0204655 1.0122045 1.0026766 1.0428624 0.9917114 1.0537084 1.0440721 1.0509728 1.0447486 1.0540175 1.0505231 1.1030951 1.0196918 1.0219648 1.0279525 0.9883999 1.0280683 1.0650484 1.0772534 1.0997571 1.0212331 1.0423323 1.0696590 1.0784191 1.0468090 1.0805011 1.0525503 1.0896631 1.0965095 1.0778909 1.0853916 1.0815373 1.0928967 1.0855706 1.1405506 0.9974016 0.9518227 0.9277061 0.8801694 0.9470271 0.9582911 0.9736459 0.9394978 0.9847008 0.9255916 0.9695111 0.9776773 0.9913519 0.9453070 0.9635554 0.9244255 0.9487916 1.0481307 1.1026753 1.0423852 1.0052676 0.9973838 1.3096613 2.1977588 2.2976770 2.2124461 2.9069916 
69_01B.JP.05.05JPMYC113SP420.LC027100  0.8086389 0.8253460 0.8270658 0.8486092 0.9229767 0.8464428 0.8630746 0.8725983 0.8633277 0.7584199 0.7673504 0.8067371 0.7433596 0.7629504 0.7969150 0.7190926 0.7945479 0.7575206 0.6589454 0.3754380 0.3697977 0.4186187 0.4238914 0.4071553 0.4085995 0.4439961 0.4869106 0.0000000 0.8301199 0.7916489 0.9211223 1.0304709 1.0184438 1.0285368 0.9406944 0.6708052 0.7444072 1.0303324 1.1273199 1.1141132 1.1290077 1.1211162 1.0756788 1.1390434 1.1206808 1.1110068 1.1688375 1.1423061 1.1175770 1.2076729 1.1108353 1.1363390 1.1102280 1.1027669 1.1353698 1.1583371 1.1658667 1.1770372 1.0708684 1.1240898 1.1466481 1.1390989 1.1286262 1.1336725 1.2033972 1.1604463 1.1898546 1.1471665 1.1518027 1.1628331 1.2202894 1.1803094 1.2039697 1.0781053 1.0343052 0.9967778 0.9860907 1.1051150 1.0381049 1.0823677 1.0514218 1.0739328 1.0292495 1.0894116 1.0827934 1.1375313 1.0487794 1.0777878 1.0160903 1.0824257 1.1580798 1.2014255 1.1606613 1.1333729 1.1025256 1.4188609 2.3210844 2.4126267 2.3433054 2.9489975 
A1C.UG.99.99UGF25926.AF484491          0.5951599 0.5892883 0.5947121 0.6335346 0.6658615 0.6567599 0.6162500 0.6432397 0.6187902 0.5017229 0.4836942 0.5156048 0.4574062 0.4653473 0.4983663 0.4829507 0.4995881 0.5286001 0.5530459 0.6184524 0.6218633 0.6779449 0.6624741 0.6600060 0.6507418 0.6611420 0.7317895 0.8301199 0.0000000 0.5404289 0.6901709 0.7861458 0.7906644 0.7806618 0.6912546 0.7908857 0.8693202 0.8198531 0.8821381 0.8982587 0.8677638 0.8886031 0.8450777 0.8953330 0.8878727 0.8895897 0.9265178 0.9102099 0.9052807 0.9258867 0.8785571 0.8851386 0.8647334 0.8505275 0.9200477 0.9487311 0.9199494 0.9685039 0.8694707 0.9085154 0.9373942 0.9309289 0.9122116 0.9118095 0.9476286 0.9472045 0.9475559 0.9263443 0.9141122 0.9728628 0.9861025 0.9772212 0.9704266 0.8363080 0.7867499 0.7578202 0.7300301 0.6564577 0.6274896 0.6567200 0.6309976 0.6690369 0.5943092 0.6365148 0.6555497 0.6590469 0.6436519 0.6589255 0.6031340 0.6339464 0.7255753 0.7794339 0.7334200 0.6854962 0.8765374 1.2030426 1.9736431 2.0913375 2.0313717 2.6490495 
45_cpx.CD.97.97CD_MBFE185.FN392874     0.4661293 0.4783382 0.4744351 0.4911391 0.5502447 0.5113900 0.4987477 0.5212740 0.4834876 0.5005450 0.4896865 0.5335679 0.4608458 0.4748554 0.5121566 0.4449255 0.5225874 0.4866650 0.5059047 0.5862926 0.5696349 0.6244368 0.6137356 0.6026761 0.5990142 0.6221274 0.6926403 0.7916489 0.5404289 0.0000000 0.5722400 0.6611739 0.6774355 0.6644096 0.5868766 0.7362728 0.7980569 0.6867099 0.7479425 0.7681494 0.7428341 0.7607334 0.7274554 0.7619981 0.7698058 0.7631382 0.7868169 0.7687955 0.7872196 0.8178847 0.7422027 0.7347675 0.7470571 0.7080013 0.7866493 0.7820414 0.8168021 0.8282422 0.7229548 0.7644402 0.8166269 0.7781803 0.7641574 0.7766768 0.8198992 0.8070140 0.8250066 0.7891848 0.7895426 0.8212754 0.8481773 0.7995461 0.8471737 0.7110914 0.6584219 0.6395525 0.6174040 0.8164955 0.7812705 0.8186839 0.8120907 0.8143372 0.7861174 0.8109554 0.8078476 0.8315738 0.8095670 0.8085459 0.7612066 0.8128276 0.8950343 0.9643662 0.9016125 0.8826689 0.7464385 1.0429913 1.8619624 1.8961301 1.8651670 2.4886993 
G.NG.92.92NG083_JV10832.U88826         0.5262180 0.5326725 0.5291894 0.5558906 0.6159253 0.5834186 0.5566798 0.5832374 0.5116928 0.6382528 0.6305985 0.6524466 0.6207779 0.6105017 0.6322338 0.5983679 0.6407763 0.6371678 0.6466211 0.7434618 0.7306380 0.7839706 0.7715543 0.7671897 0.7302411 0.7572135 0.8530469 0.9211223 0.6901709 0.5722400 0.0000000 0.3543292 0.3812779 0.3916263 0.6573070 0.9068325 0.9742773 0.7373288 0.9333314 0.9062292 0.8912556 0.9102543 0.8805921 0.9324141 0.9225778 0.9093733 0.9523773 0.9317845 0.9318033 0.9849236 0.8945154 0.9006751 0.8994011 0.8737869 0.9397647 0.9471404 0.9584135 0.9765696 0.8727352 0.9136798 0.9428125 0.9274888 0.9176336 0.9302190 0.9506066 0.9561294 0.9817456 0.9340736 0.9270038 0.9779535 0.9766357 0.9683202 0.9746017 0.8574007 0.8134014 0.7656329 0.7300935 0.9718990 0.9086810 0.9464742 0.8909921 0.9415226 0.8957482 0.9398771 0.9495533 0.9426151 0.9268373 0.9278839 0.9087110 0.9092694 1.0460434 1.0709313 1.0291263 1.0187591 0.8796556 1.2008880 2.0333951 2.0529094 2.0752760 2.6261140 
G.NG.09.09NG010261.KX389626            0.6039594 0.6217747 0.6174534 0.6386183 0.7060618 0.6562178 0.6462838 0.6811230 0.5991374 0.7170837 0.7080247 0.7358769 0.6895762 0.6867884 0.7249349 0.6805002 0.7368247 0.7351394 0.7227930 0.8340006 0.8037958 0.8470884 0.8577196 0.8666249 0.8108010 0.8526825 0.9140111 1.0304709 0.7861458 0.6611739 0.3543292 0.0000000 0.4702717 0.4808703 0.7464989 0.9611534 1.0614754 0.8408324 1.0155433 0.9964664 0.9909490 1.0236787 0.9802170 1.0137602 1.0211125 1.0197318 1.0432916 1.0366841 1.0360941 1.0684842 0.9892767 0.9800680 0.9727239 0.9618368 1.0029190 1.0645998 1.0563421 1.0718175 0.9977234 1.0140907 1.0782253 1.0261132 1.0380605 1.0217304 1.0548878 1.0361078 1.0879793 1.0230932 1.0233623 1.0748517 1.0532851 1.0422382 1.0685360 0.9303949 0.8815531 0.8436549 0.8257391 1.0639628 1.0093414 1.0239433 1.0298031 1.0612090 1.0111817 1.0360212 1.0320552 1.0569163 0.9978604 1.0167247 0.9965947 1.0113257 1.1363606 1.1661056 1.1340460 1.1415017 0.9452847 1.2993669 2.0809858 2.1270709 2.0783733 2.7590048 
01F2G.CM.02.LT31.JN864056              0.6279492 0.6416756 0.6427332 0.6420835 0.7280061 0.6994545 0.6494583 0.6776784 0.6190666 0.7316289 0.7501821 0.7668593 0.7220224 0.7252385 0.7500204 0.7021637 0.7464928 0.7358066 0.7545256 0.8367832 0.8136003 0.8835962 0.8623945 0.8634661 0.8337237 0.8607423 0.9594071 1.0184438 0.7906644 0.6774355 0.3812779 0.4702717 0.0000000 0.3847466 0.7549967 1.0189969 1.0655393 0.8463040 1.0124200 1.0154200 0.9796187 1.0075457 0.9744759 1.0019939 1.0119099 0.9682704 1.0296592 1.0193558 1.0306990 1.0629187 0.9936379 0.9891005 0.9762322 0.9533608 1.0070012 1.0473833 1.0327665 1.0644530 1.0012504 0.9963259 1.0326508 0.9996119 0.9954482 1.0152127 1.0432945 1.0480488 1.0984619 1.0297925 1.0310319 1.0614017 1.0709193 1.0566445 1.0792657 0.9454246 0.9025349 0.8712501 0.8384720 1.1044656 1.0419986 1.0541897 1.0417061 1.0569758 1.0204725 1.0685878 1.0591043 1.0889141 1.0260545 1.0421347 1.0047686 1.0361083 1.1582920 1.1899390 1.1292772 1.1385944 0.9999420 1.3244219 2.0545154 2.1282137 2.1029888 2.7440809 
BCG.ES.15.100_119.KY496623             0.6257890 0.6407276 0.6366911 0.6478126 0.7404294 0.6846336 0.6672289 0.7063871 0.6326455 0.7204520 0.7438233 0.7612418 0.7247902 0.7151862 0.7416960 0.6893714 0.7489923 0.7431939 0.7610758 0.8591316 0.8249178 0.8893096 0.8876410 0.8728019 0.8557275 0.8716219 0.9540451 1.0285368 0.7806618 0.6644096 0.3916263 0.4808703 0.3847466 0.0000000 0.7628134 1.0310713 1.0815702 0.8394089 1.0074027 1.0092950 1.0169371 1.0166501 0.9872434 1.0427162 1.0333107 1.0308220 1.0611012 1.0346484 1.0303921 1.0875295 1.0070658 0.9728240 0.9846910 0.9770430 1.0317502 1.0708998 1.0832847 1.0740668 0.9995983 1.0068440 1.0661251 1.0251654 1.0114922 1.0060495 1.0518548 1.0294218 1.0885498 1.0352128 1.0366597 1.0720336 1.0830193 1.0840521 1.1017984 0.9581184 0.8980145 0.8769816 0.8378041 1.0763485 1.0024487 1.0336829 0.9926380 1.0465412 1.0160573 1.0373964 1.0325421 1.0602823 1.0337730 1.0510876 1.0009572 1.0328760 1.1619471 1.1845942 1.1291189 1.1028602 0.9793612 1.3132213 2.1227372 2.1507797 2.1416039 2.8123253 
93_cpx.CD.08.DRC653.MF372651           0.5157172 0.5231185 0.5218582 0.5452431 0.6080855 0.5632748 0.5446566 0.5709920 0.5626491 0.6346069 0.6405225 0.6898345 0.6193608 0.6197554 0.6523380 0.6131652 0.6772933 0.6499239 0.6677305 0.7393571 0.7282122 0.7680324 0.7672089 0.7589657 0.7401326 0.7561352 0.8418441 0.9406944 0.6912546 0.5868766 0.6573070 0.7464989 0.7549967 0.7628134 0.0000000 0.9066190 0.9468005 0.7317651 0.9008481 0.9001154 0.8992853 0.8896625 0.8506424 0.9123692 0.8821354 0.8873541 0.9342060 0.9185162 0.9330641 0.9345024 0.8808843 0.8927110 0.8828576 0.8838394 0.9095940 0.9448163 0.9541883 0.9723097 0.8634263 0.8835614 0.9494687 0.9214564 0.9142087 0.9075245 0.9324116 0.9549484 0.9405546 0.8955549 0.9053909 0.9644340 0.9593263 0.9588646 0.9486996 0.8359918 0.7894938 0.7834936 0.7424311 0.9643831 0.9535173 0.9375571 0.9382006 0.9781965 0.9240192 0.9492845 0.9624530 0.9666791 0.9627077 0.9715758 0.9312991 0.9540995 1.0351984 1.0790181 1.0560545 1.0157384 0.8783330 1.2181931 2.1301919 2.1483973 2.1273273 2.6953357 
0107.CN.15.HB041501.KY019257           0.8129279 0.8035634 0.8058403 0.8341979 0.8890784 0.8494966 0.8591798 0.8810489 0.8188281 0.7223303 0.7255196 0.7771833 0.6963097 0.7123196 0.7358280 0.6999111 0.7453079 0.7067490 0.6045621 0.4833825 0.4741068 0.5368476 0.5180612 0.5175224 0.4883182 0.5189495 0.5979366 0.6708052 0.7908857 0.7362728 0.9068325 0.9611534 1.0189969 1.0310713 0.9066190 0.0000000 0.4414082 1.0151013 1.0992843 1.1029203 1.0950396 1.1315255 1.0598892 1.1434116 1.1192030 1.1121940 1.1654495 1.0952569 1.1492049 1.1768292 1.0973079 1.1028238 1.1082130 1.0947469 1.1399800 1.1717393 1.1587588 1.1723241 1.1112575 1.1160390 1.1592202 1.1416852 1.1350731 1.1015142 1.1557643 1.1773777 1.1700548 1.1543731 1.1374551 1.1510496 1.1860432 1.1492865 1.2039918 1.0267318 0.9954920 0.9876463 0.9666612 1.0492450 1.0382637 1.0426759 1.0074171 1.0387129 0.9825736 1.0163953 1.0329491 1.0288443 1.0403019 1.0334560 0.9852172 1.0019827 1.0934172 1.1604724 1.1147358 1.0968900 1.0879683 1.3787868 2.1826681 2.2885357 2.3219111 2.8245880 
01BC.CN.14.BJ.2014.MSM.SP01.KP668994   0.8613093 0.8605986 0.8653147 0.9024169 0.9522683 0.9064087 0.9188862 0.9249490 0.8949153 0.7847833 0.7890338 0.8083075 0.7489465 0.7674239 0.7875310 0.7578202 0.8084319 0.7749242 0.6727549 0.5492935 0.5411394 0.6003104 0.5871671 0.5589395 0.5651621 0.5737637 0.6676747 0.7444072 0.8693202 0.7980569 0.9742773 1.0614754 1.0655393 1.0815702 0.9468005 0.4414082 0.0000000 1.0552968 1.1343652 1.1503839 1.1190495 1.1753017 1.1410798 1.1758390 1.1440127 1.1535540 1.1908651 1.1730135 1.2092029 1.2264989 1.1485828 1.1381591 1.1344552 1.1428231 1.1826746 1.2325183 1.2162813 1.2090708 1.1427291 1.1678152 1.2072356 1.1968323 1.2064676 1.1832571 1.2545011 1.2377689 1.2547407 1.1883740 1.1964267 1.1916614 1.2503649 1.1956648 1.2312502 1.0953195 1.0552308 1.0491111 1.0253083 1.1540375 1.0737494 1.1225835 1.0897052 1.1373330 1.0511351 1.1137424 1.1019498 1.1308380 1.0856697 1.0949639 1.0424710 1.1217168 1.1706740 1.2620841 1.2090021 1.1426990 1.1577217 1.4436408 2.3300315 2.4169716 2.3657174 3.0691663 
06_cpx.SN.97.97SE1078.AJ288981         0.5606517 0.5337820 0.5386484 0.5513505 0.6391756 0.6017185 0.6115183 0.6564116 0.6792129 0.7409052 0.7290744 0.7783342 0.7273175 0.7358124 0.7695302 0.7047114 0.7918445 0.7414914 0.7646977 0.8625843 0.8316563 0.8838534 0.8732395 0.9030371 0.8622341 0.8855887 0.9411743 1.0303324 0.8198531 0.6867099 0.7373288 0.8408324 0.8463040 0.8394089 0.7317651 1.0151013 1.0552968 0.0000000 1.0128187 0.9834662 0.9887635 0.9778357 0.9320077 1.0134529 0.9860192 0.9880485 1.0330627 1.0193495 1.0191705 1.0239747 0.9898951 0.9773496 1.0050291 0.9590761 1.0196242 1.0322259 1.0560568 1.0760440 1.0105152 1.0212223 1.0204791 1.0451231 1.0296485 1.0243119 1.0436438 1.0761966 1.0626014 1.0415390 1.0338787 1.0511039 1.0715188 1.0501731 1.0640593 0.9463872 0.9133521 0.8848504 0.8549576 1.0645195 1.0611273 1.0404536 1.0151871 1.0842450 1.0323303 1.0700004 1.0388827 1.0599179 1.0691880 1.0734024 1.0177638 1.0578102 1.1300644 1.1729304 1.1358547 1.1004407 0.9976279 1.3312120 1.9645570 2.0087155 2.0174449 2.5824023 
