100
02A1.GH.97.97GH_AG2.AB052867           0.0000000 0.3459145 0.3464237 0.3604496 0.4423747 0.3717918 0.3904436 0.4266763 0.4543619 0.5346400 0.5481725 0.5770316 0.5174406 0.5223747 0.5477676 0.4950878 0.5677628 0.5447921 0.5582955 0.6285075 0.6119511 0.6571436 0.6612847 0.6713005 0.6356590 0.6763852 0.7371759 0.8091350 0.5954358 0.4662888 0.5264272 0.6042341 0.6282425 0.6260832 0.5159206 0.8134416 0.8618716 0.5608931 0.7908770 0.7946908 0.7875226 0.7778673 0.7561223 0.8201697 0.7893451 0.7900081 0.8337033 0.8382061 0.8367740 0.8448280 0.7875491 0.7660437 0.7810821 0.7537717 0.8035659 0.8437148 0.8571365 0.8711330 0.7666533 0.8048291 0.8390229 0.8340838 0.8131598 0.8016726 0.8458150 0.8375399 0.8713077 0.8245122 0.8289106 0.8615266 0.8583682 0.8596681 0.8651398 0.7428810 0.6831103 0.6678805 0.6366348 0.8193331 0.8062405 0.8458993 0.7983416 0.8530118 0.7851834 0.8235092 0.8313561 0.8586366 0.8391036 0.8515214 0.7966899 0.8231245 0.9401579 0.9750334 0.9204776 0.8917183 0.7722207 1.1005879 1.8132716 1.8793678 1.8017479 2.4639832 
02_AG.CM.02.02CM_3217MN.GU201514       0.3459145 0.0000000 0.2561990 0.2823204 0.3612835 0.4080207 0.4165905 0.4334462 0.4595988 0.5332992 0.5332621 0.5682230 0.5112800 0.5305699 0.5469721 0.5025993 0.5683155 0.5387284 0.5639094 0.6506602 0.6164347 0.6864644 0.6809418 0.6645538 0.6419759 0.6804431 0.7418985 0.8258786 0.5895628 0.4785114 0.5328921 0.6220759 0.6419941 0.6410454 0.5233370 0.8040706 0.8611726 0.5340063 0.7895984 0.7790894 0.7812659 0.7737878 0.7312899 0.8152706 0.8111500 0.8026664 0.8347646 0.8220581 0.8272862 0.8429703 0.7779441 0.7720259 0.7930057 0.7603328 0.8085862 0.8392147 0.8410497 0.8626919 0.7715797 0.7963709 0.8262881 0.8054912 0.7898907 0.8178787 0.8440938 0.8320991 0.8613401 0.8274006 0.8092521 0.8315483 0.8649834 0.8289039 0.8627893 0.7272368 0.6659261 0.6710244 0.6554207 0.8637588 0.8468961 0.8409234 0.8428757 0.8553808 0.8175674 0.8680770 0.8495999 0.8671514 0.8642143 0.8525184 0.7930212 0.8307830 0.9455888 0.9744118 0.9299854 0.8849355 0.7943032 1.0912415 1.7353598 1.8064978 1.7801403 2.4188868 
02_AG.GW.04.CC_0030.FJ694791           0.3464237 0.2561990 0.0000000 0.2889450 0.3573599 0.3949950 0.4123731 0.4347333 0.4616268 0.5381991 0.5484873 0.5722564 0.5077282 0.5182803 0.5483597 0.4990336 0.5778435 0.5509585 0.5640649 0.6334787 0.6171524 0.6819081 0.6636027 0.6685108 0.6416473 0.6692789 0.7376140 0.8275910 0.5949834 0.4746027 0.5294038 0.6177460 0.6430384 0.6370011 0.5220679 0.8063343 0.8658800 0.5388723 0.7992240 0.7940850 0.8029733 0.7933754 0.7417080 0.8184331 0.7987361 0.7990975 0.8349072 0.8275788 0.8166694 0.8592537 0.7820473 0.7775160 0.7886904 0.7561496 0.8228428 0.8309020 0.8471692 0.8574999 0.7656921 0.8066740 0.8185663 0.8048630 0.7979716 0.8111070 0.8591078 0.8532371 0.8738718 0.8407214 0.8036012 0.8641990 0.8667845 0.8528542 0.8757171 0.7397641 0.6990762 0.6655475 0.6345469 0.8574725 0.8293694 0.8365368 0.8233262 0.8742786 0.7897407 0.8615619 0.8359024 0.8597055 0.8457889 0.8566650 0.7735189 0.8207334 0.9417307 0.9744437 0.9369040 0.8844553 0.7903170 1.0985729 1.7594072 1.7940593 1.7779403 2.4272070 
02_AG.GW.14.DE00214GW009.MH078544      0.3604496 0.2823204 0.2889450 0.0000000 0.3835777 0.4206125 0.4223446 0.4482908 0.4809310 0.5565717 0.5712337 0.6156609 0.5370402 0.5470312 0.5712183 0.5206084 0.5900001 0.5781319 0.5804605 0.6560564 0.6465219 0.6962791 0.6935439 0.6857863 0.6628774 0.6971922 0.7593254 0.8491728 0.6338508 0.4913227 0.5561253 0.6389354 0.6424003 0.6481365 0.5454714 0.8347379 0.9030359 0.5515891 0.8247989 0.8219443 0.8019692 0.7975346 0.7659366 0.8323915 0.8025960 0.8149786 0.8538231 0.8566484 0.8458380 0.8690202 0.8054981 0.7903562 0.8157357 0.7772125 0.8197378 0.8623286 0.8700864 0.8687510 0.7881911 0.8072100 0.8368294 0.8294698 0.8142469 0.8410587 0.8698655 0.8757652 0.8858613 0.8494725 0.8398834 0.8629491 0.8810058 0.8614130 0.9084292 0.7497840 0.7003788 0.6815987 0.6561700 0.8914743 0.8545084 0.8619031 0.8497159 0.8899114 0.8247758 0.8700664 0.8763729 0.8751719 0.8797275 0.8767046 0.8266565 0.8406882 0.9706914 0.9852261 0.9560085 0.9130927 0.7981715 1.1122643 1.7167381 1.8159928 1.7479700 2.4643762 
02D.GH.03.GHNJ193.AB231897             0.4423747 0.3612835 0.3573599 0.3835777 0.0000000 0.4976874 0.5000191 0.5277736 0.5530599 0.6379840 0.6303340 0.6549875 0.5963412 0.6015668 0.6373342 0.5830243 0.6478548 0.6388242 0.6442789 0.7137339 0.7118152 0.7666666 0.7658368 0.7636665 0.7287161 0.7675034 0.8269108 0.9236427 0.6662115 0.5504724 0.6162125 0.7064478 0.7284101 0.7408466 0.6083716 0.8896895 0.9529540 0.6394919 0.8814834 0.8845534 0.8704109 0.8677826 0.8227601 0.8874134 0.8882767 0.8800113 0.9307723 0.9095410 0.9147314 0.9365876 0.8775497 0.8880797 0.8919939 0.8556316 0.8993521 0.9328336 0.9530259 0.9523121 0.8707504 0.8902810 0.9419928 0.9232599 0.9011075 0.9119547 0.9319229 0.9339623 0.9508565 0.9430976 0.8996377 0.9558857 0.9575575 0.9285739 0.9635544 0.8259267 0.7784784 0.7602594 0.7204551 0.9406403 0.9062302 0.9169021 0.9256583 0.9333016 0.8907770 0.9299985 0.9233587 0.9617352 0.9449858 0.9271482 0.8827453 0.9131690 1.0470576 1.0683554 1.0305185 0.9702765 0.8795098 1.1912298 1.7948920 1.8924859 1.8415164 2.4361281 
02A.CI.16.DEURF16CI011.MH078538        0.3717918 0.4080207 0.3949950 0.4206125 0.4976874 0.0000000 0.4593032 0.4888540 0.5083411 0.5984873 0.5935744 0.6203008 0.5677569 0.5720392 0.5978144 0.5612265 0.6123108 0.5902478 0.6175855 0.6756734 0.6588806 0.7311340 0.7207006 0.7191736 0.6973915 0.7160266 0.7837358 0.8470004 0.6571057 0.5115907 0.5836813 0.6565563 0.6998309 0.6850001 0.5635256 0.8500587 0.9070381 0.6020097 0.8535204 0.8669285 0.8276291 0.8438434 0.8066443 0.8578525 0.8399371 0.8496216 0.8732801 0.8806219 0.8818253 0.9178375 0.8318073 0.8252775 0.8266149 0.8152633 0.8729562 0.8967381 0.9078827 0.9214405 0.8214552 0.8613913 0.8995860 0.8892796 0.8610512 0.8769454 0.8857154 0.8988492 0.9311034 0.8815743 0.8750641 0.9059031 0.9244375 0.8922944 0.9091242 0.7837216 0.7288444 0.7263026 0.6800322 0.9062149 0.8721476 0.8858782 0.8797557 0.9139486 0.8614391 0.9032066 0.9027016 0.9082711 0.8980093 0.9021602 0.8291573 0.9048928 0.9810680 1.0284607 0.9803893 0.9452735 0.8302775 1.1585241 1.8896475 1.9229880 1.8558075 2.5659247 
0206.SN.12.LA56Senegl.KU168299         0.3904436 0.4165905 0.4123731 0.4223446 0.5000191 0.4593032 0.0000000 0.4039169 0.4879286 0.5801044 0.5927357 0.6115353 0.5563307 0.5486450 0.5966876 0.5359829 0.5952184 0.5889758 0.5942015 0.6837158 0.6644322 0.7108965 0.6997782 0.7086445 0.6758338 0.7071181 0.7803320 0.8636547 0.6165505 0.4989364 0.5569176 0.6466156 0.6497797 0.6675722 0.5448923 0.8597597 0.9195358 0.6118160 0.8065719 0.8133994 0.8106057 0.8017047 0.7759370 0.8416323 0.8215878 0.8225488 0.8529929 0.8588675 0.8580400 0.8820560 0.8029616 0.8039743 0.8165838 0.7885153 0.8374994 0.8820403 0.8683472 0.8719808 0.7976853 0.8286161 0.8460444 0.8431074 0.8287863 0.8257269 0.8758344 0.8791940 0.8768621 0.8411297 0.8574345 0.9034718 0.8926312 0.8718472 0.8874129 0.7576905 0.7267262 0.7007442 0.6637164 0.8829943 0.8417810 0.8629972 0.8717777 0.8767669 0.8389604 0.8883219 0.8659002 0.8946600 0.8881541 0.8836607 0.8287057 0.8836765 0.9694571 1.0276992 0.9664986 0.9183523 0.8125431 1.1425326 1.8855755 1.9470928 1.8338769 2.5006625 
U.ES.10.DEURF10DZ001.JX140679          0.4266763 0.4334462 0.4347333 0.4482908 0.5277736 0.4888540 0.4039169 0.0000000 0.5291488 0.5891225 0.5948053 0.6048408 0.5529342 0.5876752 0.6068520 0.5554476 0.6180986 0.6008419 0.6087204 0.6910461 0.6718613 0.7292475 0.7084351 0.7181401 0.6952415 0.7136773 0.7813041 0.8731914 0.6435729 0.5214767 0.5835007 0.6814841 0.6780332 0.7067685 0.5712489 0.8816533 0.9255998 0.6567503 0.8447915 0.8434292 0.8297885 0.8426431 0.8206678 0.8661982 0.8529055 0.8545091 0.8897435 0.8682859 0.8854977 0.9020594 0.8461421 0.8384979 0.8251692 0.8077508 0.8531847 0.8876402 0.8979353 0.9146059 0.8386501 0.8843476 0.8937509 0.8874595 0.8676619 0.8653390 0.9075408 0.8818820 0.9066418 0.8765501 0.8864654 0.9163426 0.9087873 0.8937424 0.9298035 0.7802893 0.7319886 0.7271126 0.6903273 0.8961600 0.8900368 0.8941613 0.9086417 0.9304178 0.8768449 0.9097450 0.9163948 0.9459972 0.8966282 0.9069849 0.8487915 0.9136980 1.0090977 1.0615177 0.9996918 0.9693426 0.8588877 1.1848221 1.8949580 1.9485965 1.9137757 2.6253865 
AGU.CM.06.770_8.MH705142               0.4543619 0.4595988 0.4616268 0.4809310 0.5530599 0.5083411 0.4879286 0.5291488 0.0000000 0.5639162 0.5689369 0.5910347 0.5486176 0.5510511 0.5693600 0.5290030 0.5932652 0.5814712 0.5844316 0.6517345 0.6414341 0.6887676 0.6891908 0.6871544 0.6840796 0.6909119 0.7738746 0.8639054 0.6190932 0.4836643 0.5118936 0.5994209 0.6193625 0.6329485 0.5628960 0.8193468 0.8955266 0.6795745 0.8064971 0.8101230 0.7932642 0.7865852 0.7668363 0.8046296 0.8104968 0.8055395 0.8640040 0.8373902 0.8238385 0.8753504 0.7875626 0.7891459 0.7878634 0.7842923 0.8142999 0.8591254 0.8467471 0.8885336 0.7763690 0.8171271 0.8458341 0.8301684 0.8050388 0.8168456 0.8363146 0.8532618 0.8676251 0.8374262 0.8315004 0.8670546 0.8676607 0.8634363 0.8782008 0.7893944 0.7123001 0.6876556 0.6561516 0.8725519 0.8618097 0.8646556 0.8586517 0.8917425 0.8506358 0.8792203 0.8810594 0.9093932 0.8811016 0.8870503 0.8342930 0.8672760 0.9577745 1.0136066 0.9713548 0.9385909 0.8002338 1.1061353 1.8734759 1.9093144 1.9034675 2.4918386 
A1.KE.06.06KECst_028.FJ623479          0.5346400 0.5332992 0.5381991 0.5565717 0.6379840 0.5984873 0.5801044 0.5891225 0.5639162 0.0000000 0.3254641 0.4221727 0.3759245 0.4053697 0.3992741 0.4315360 0.4504354 0.4872879 0.5059766 0.5656545 0.5474470 0.6031850 0.5998062 0.5818680 0.5808971 0.6039056 0.6793950 0.7588692 0.5019194 0.5007314 0.6385648 0.7174789 0.7320353 0.7208475 0.6349174 0.7227424 0.7852576 0.7413336 0.8372292 0.8606791 0.8305171 0.8329378 0.8215820 0.8286155 0.8454239 0.8647650 0.8759045 0.8785995 0.8766009 0.9118962 0.8225336 0.8305468 0.8276683 0.8157032 0.8666812 0.8895205 0.8889552 0.9144389 0.8346085 0.8545742 0.9171568 0.8743732 0.8805016 0.8600181 0.8722370 0.8928161 0.9202514 0.8861298 0.8737190 0.8919988 0.9196243 0.9258971 0.9292747 0.7976100 0.7646374 0.7344508 0.6819380 0.7415344 0.7295038 0.7466666 0.7142511 0.7693304 0.6881088 0.7501382 0.7349842 0.7692122 0.7312452 0.7621044 0.7105168 0.7217298 0.8223296 0.8553384 0.8168966 0.7973384 0.8329361 1.1708737 2.0544746 2.0736544 2.0808639 2.6491543 
A1.KE.06.06KECst_013.FJ623485          0.5481725 0.5332621 0.5484873 0.5712337 0.6303340 0.5935744 0.5927357 0.5948053 0.5689369 0.3254641 0.0000000 0.4246202 0.3793230 0.3975518 0.3926575 0.4394804 0.4549666 0.4900488 0.4932079 0.5740108 0.5626988 0.6026156 0.5979704 0.6038654 0.5791430 0.5976820 0.6651058 0.7678098 0.4838814 0.4898664 0.6309060 0.7084141 0.7506140 0.7442476 0.6408434 0.7259289 0.7895128 0.7294872 0.8322879 0.8371590 0.8348758 0.8587902 0.8129791 0.8708420 0.8688602 0.8674162 0.9096050 0.8964742 0.8994079 0.8925789 0.8537737 0.8420542 0.8507741 0.8296229 0.8635890 0.9134000 0.8976452 0.9301332 0.8302141 0.8381186 0.9046990 0.8749369 0.8698049 0.8552267 0.8905653 0.9060652 0.9368207 0.8857603 0.8814493 0.9117793 0.9382752 0.9007592 0.9566269 0.8158322 0.7712280 0.7168197 0.6797592 0.7309456 0.7250221 0.7237711 0.7242897 0.7683040 0.6964335 0.7342559 0.7379078 0.7771000 0.7303754 0.7552143 0.6941910 0.7408433 0.8349244 0.8648017 0.8127401 0.7880211 0.8182662 1.1820036 1.9792566 2.0686424 2.0650485 2.5505617 
A1.CY.07.CY208.JF683760                0.5770316 0.5682230 0.5722564 0.6156609 0.6549875 0.6203008 0.6115353 0.6048408 0.5910347 0.4221727 0.4246202 0.0000000 0.2529050 0.4176429 0.4330791 0.4499788 0.4754407 0.5130027 0.5133844 0.5964107 0.5868980 0.6481183 0.6237237 0.6360778 0.6152184 0.6160865 0.7047301 0.8072459 0.5158162 0.5337870 0.6527803 0.7363016 0.7673117 0.7616958 0.6902088 0.7776566 0.8088056 0.7788131 0.8601698 0.8874077 0.8591838 0.8626812 0.8315574 0.8797170 0.8720610 0.8683682 0.9175970 0.8940326 0.8878681 0.9528126 0.8621896 0.8495276 0.8433294 0.8232518 0.9068402 0.9194675 0.9284197 0.9469139 0.8691102 0.8628054 0.9135727 0.8932591 0.9026689 0.8770900 0.9102008 0.9294714 0.9571685 0.9088711 0.8909867 0.9271074 0.9517549 0.9357701 0.9523567 0.8213329 0.7712606 0.7426420 0.6857525 0.7593148 0.7393649 0.7684968 0.7445752 0.7903695 0.7174364 0.7803768 0.7530929 0.7899891 0.7548560 0.7657943 0.7089456 0.7477207 0.8257876 0.9051900 0.8365802 0.8061100 0.8434433 1.1886264 2.0030456 2.0500604 2.0560514 2.6529116 
A1.CY.05.CY051.FJ388903                0.5174406 0.5112800 0.5077282 0.5370402 0.5963412 0.5677569 0.5563307 0.5529342 0.5486176 0.3759245 0.3793230 0.2529050 0.0000000 0.3694919 0.3815428 0.3965362 0.4263875 0.4576999 0.4748261 0.5414274 0.5225080 0.5785564 0.5653053 0.5664432 0.5557906 0.5611896 0.6417707 0.7437954 0.4575773 0.4610101 0.6210779 0.6899486 0.7224281 0.7252007 0.6196617 0.6966894 0.7493811 0.7277292 0.8200909 0.8287061 0.8089014 0.8337661 0.7865372 0.8261623 0.8159144 0.8346778 0.8640433 0.8609763 0.8394521 0.8788832 0.8023520 0.8056529 0.8007239 0.7865943 0.8469760 0.8542261 0.8836884 0.9027207 0.8006282 0.8318463 0.8880345 0.8489969 0.8364964 0.8311211 0.8611714 0.8917336 0.9001501 0.8559022 0.8486359 0.8762065 0.9049864 0.8872475 0.8896737 0.7557953 0.7217997 0.6878203 0.6444569 0.7124151 0.6892117 0.7122306 0.7035432 0.7283479 0.6835119 0.7129804 0.7123073 0.7523532 0.7120666 0.7205883 0.6552379 0.7016152 0.7940588 0.8600008 0.7867926 0.7641286 0.7953541 1.1216687 1.9616666 2.0554183 2.0789541 2.6117966 
A1.UG.11.DEMA110UG001.KF859745         0.5223747 0.5305699 0.5182803 0.5470312 0.6015668 0.5720392 0.5486450 0.5876752 0.5510511 0.4053697 0.3975518 0.4176429 0.3694919 0.0000000 0.4133405 0.3955630 0.4445758 0.4617246 0.4686633 0.5564201 0.5355683 0.5968420 0.5873591 0.5904333 0.5644631 0.5846736 0.6596578 0.7634008 0.4655199 0.4750267 0.6107816 0.6871505 0.7256365 0.7155786 0.6200520 0.7127175 0.7678768 0.7362287 0.8298586 0.8367928 0.8202264 0.8414234 0.7987079 0.8410533 0.8316846 0.8547690 0.8650814 0.8655091 0.8575537 0.8903792 0.8206834 0.8161909 0.8223724 0.7926451 0.8563804 0.8738011 0.8954022 0.8980136 0.7851140 0.8523938 0.8827389 0.8722660 0.8422865 0.8457334 0.8768178 0.8638927 0.9064780 0.8651888 0.8713125 0.8945658 0.8918944 0.8827207 0.9059108 0.7842253 0.7317267 0.7102107 0.6617190 0.7310694 0.7117780 0.7300388 0.7057080 0.7476580 0.6699206 0.7280844 0.7214080 0.7548715 0.7255643 0.7278668 0.6758330 0.7046792 0.8010541 0.8428645 0.8160964 0.7887791 0.7962922 1.1201465 1.9456800 2.0378673 2.0459712 2.6033672 
35_AD.AF.06.007H.GQ477450              0.5477676 0.5469721 0.5483597 0.5712183 0.6373342 0.5978144 0.5966876 0.6068520 0.5693600 0.3992741 0.3926575 0.4330791 0.3815428 0.4133405 0.0000000 0.4295513 0.4635363 0.4895127 0.5033982 0.5857609 0.5694489 0.6215357 0.6019303 0.6057334 0.5999174 0.6151204 0.6844312 0.7974095 0.4985629 0.5123576 0.6325416 0.7253432 0.7504530 0.7421204 0.6526705 0.7362475 0.7880024 0.7699964 0.8522350 0.8649250 0.8427212 0.8431170 0.7892827 0.8487126 0.8356381 0.8581981 0.8938261 0.8771407 0.8784610 0.9198930 0.8443287 0.8521107 0.8361202 0.8205367 0.8847737 0.8967443 0.9146742 0.9369389 0.8429936 0.8517714 0.9173841 0.8739501 0.8497753 0.8473827 0.8940611 0.9246783 0.9387170 0.8650910 0.8901072 0.9093249 0.9675989 0.9137717 0.9482745 0.8141981 0.7556542 0.7304707 0.6767885 0.7468351 0.7127267 0.7548749 0.7363181 0.7655300 0.7191629 0.7551723 0.7736893 0.7586008 0.7514469 0.7581183 0.6936924 0.7220475 0.8558831 0.8779461 0.8417646 0.7956327 0.8439879 1.1609916 1.9447151 1.9977577 1.9944956 2.6050135 
A1.CY.06.CY154.FJ388943                0.4950878 0.5025993 0.4990336 0.5206084 0.5830243 0.5612265 0.5359829 0.5554476 0.5290030 0.4315360 0.4394804 0.4499788 0.3965362 0.3955630 0.4295513 0.0000000 0.4646831 0.4276474 0.4463953 0.5123893 0.5048481 0.5567952 0.5331781 0.5448856 0.5300289 0.5485178 0.6119181 0.7195009 0.4831395 0.4450795 0.5986405 0.6808557 0.7025423 0.6897387 0.6134549 0.7002980 0.7582682 0.7051025 0.7974280 0.8117978 0.7730813 0.7892131 0.7695902 0.8068638 0.7926823 0.8144336 0.8281348 0.8229863 0.8253922 0.8545098 0.7809824 0.7959835 0.7837921 0.7554654 0.8199470 0.8387256 0.8526902 0.8693422 0.7859771 0.8116928 0.8303550 0.8008222 0.8038801 0.8078866 0.8477780 0.8771638 0.8660484 0.8325337 0.8204447 0.8745975 0.8568182 0.8607373 0.8941196 0.7399963 0.6956646 0.6804432 0.6414796 0.7472498 0.7293759 0.7577609 0.7297742 0.7689599 0.7106853 0.7518088 0.7566202 0.7610028 0.7391567 0.7597773 0.6892408 0.7274228 0.8205759 0.8797860 0.8470142 0.8035660 0.7689015 1.0863897 1.9444135 1.9944559 2.0021778 2.5731529 
A1D.UG.99.99UGJ21953.AF484496          0.5677628 0.5683155 0.5778435 0.5900001 0.6478548 0.6123108 0.5952184 0.6180986 0.5932652 0.4504354 0.4549666 0.4754407 0.4263875 0.4445758 0.4635363 0.4646831 0.0000000 0.4970913 0.5228226 0.6018020 0.5784672 0.6247211 0.6219982 0.6163578 0.5943048 0.6239756 0.7117840 0.7950430 0.4997881 0.5228001 0.6410946 0.7372431 0.7469193 0.7494267 0.6776482 0.7457426 0.8089370 0.7923369 0.8746956 0.8611770 0.8660291 0.8664209 0.8325820 0.8840127 0.8638726 0.8559677 0.9225232 0.9070535 0.8947568 0.9242824 0.8740159 0.8669053 0.8681081 0.8313978 0.8975041 0.9340764 0.9162481 0.9509013 0.8578603 0.8657072 0.9366599 0.9051390 0.8784972 0.9015327 0.9044805 0.9325785 0.9464090 0.9065115 0.8879484 0.9264230 0.9167198 0.9419405 0.9402982 0.8163051 0.7670702 0.7536857 0.7301554 0.7554448 0.7422741 0.7492935 0.7247828 0.7707721 0.7058593 0.7591930 0.7572049 0.7715194 0.7519352 0.7549097 0.7002200 0.7277793 0.8453526 0.8987719 0.8396199 0.8118627 0.8742286 1.1647175 1.9439968 2.0774158 2.0222932 2.6822091 
A6.UA.12.DEMA112UA036.KU749406         0.5447921 0.5387284 0.5509585 0.5781319 0.6388242 0.5902478 0.5889758 0.6008419 0.5814712 0.4872879 0.4900488 0.5130027 0.4576999 0.4617246 0.4895127 0.4276474 0.4970913 0.0000000 0.4690376 0.5538083 0.5347576 0.5914870 0.5701119 0.5768375 0.5622230 0.5806642 0.6537827 0.7579710 0.5288223 0.4868445 0.6374866 0.7355604 0.7362200 0.7436239 0.6502614 0.7071354 0.7753897 0.7419261 0.8472922 0.8499795 0.8381981 0.8412511 0.8271153 0.8504191 0.8472478 0.8502885 0.8821912 0.8578091 0.8770146 0.8917077 0.8228525 0.8247837 0.8232378 0.7999174 0.8609695 0.8942994 0.9070459 0.9062087 0.8283180 0.8497130 0.9011067 0.8854716 0.8650592 0.8513310 0.9054729 0.9089076 0.9080987 0.8809636 0.8565913 0.8882188 0.8925468 0.8972101 0.9307744 0.7844573 0.7203443 0.7132972 0.6770308 0.7820028 0.7844050 0.7725460 0.7553554 0.8045225 0.7408258 0.7869486 0.7962376 0.7819721 0.7865500 0.7795022 0.7438978 0.7657358 0.8595834 0.9180923 0.8800434 0.8345737 0.8185103 1.1421971 2.0202840 2.0711885 2.0151805 2.5398151 
22_01A1.CM.02.02CM_1867LE.AY371165     0.5582955 0.5639094 0.5640649 0.5804605 0.6442789 0.6175855 0.5942015 0.6087204 0.5844316 0.5059766 0.4932079 0.5133844 0.4748261 0.4686633 0.5033982 0.4463953 0.5228226 0.4690376 0.0000000 0.4484234 0.4409790 0.4941863 0.4718332 0.4730351 0.4569396 0.4839670 0.5467492 0.6592868 0.5532928 0.5060983 0.6469443 0.7231956 0.7549620 0.7615143 0.6680745 0.6048498 0.6731124 0.7651526 0.8513751 0.8683326 0.8428258 0.8678732 0.8312110 0.8716853 0.8540978 0.8552592 0.8855032 0.8778102 0.8861391 0.9228824 0.8411618 0.8579573 0.8351630 0.8200485 0.8645643 0.8940942 0.9096746 0.9188428 0.8304078 0.8722775 0.9141271 0.8933994 0.8721384 0.8670759 0.8959098 0.9113858 0.9403348 0.8957733 0.8811433 0.9027886 0.9241579 0.9021944 0.9572826 0.8074316 0.7520450 0.7431075 0.7064045 0.8055929 0.8049147 0.8025193 0.7753979 0.8272441 0.7608189 0.8155656 0.8262513 0.8278519 0.7997531 0.8101079 0.7425774 0.7993586 0.8947650 0.9196351 0.8871749 0.8738865 0.8302992 1.1296967 1.9571249 2.0575081 2.0428911 2.6586078 
01_AE.CN.02.YN0236.JX112866            0.6285075 0.6506602 0.6334787 0.6560564 0.7137339 0.6756734 0.6837158 0.6910461 0.6517345 0.5656545 0.5740108 0.5964107 0.5414274 0.5564201 0.5857609 0.5123893 0.6018020 0.5538083 0.4484234 0.0000000 0.1578216 0.2050846 0.2114152 0.2109631 0.2285094 0.2459550 0.2943630 0.3755475 0.6187603 0.5865572 0.7438900 0.8345388 0.8373157 0.8596954 0.7397941 0.4835663 0.5495297 0.8631625 0.9269500 0.9341305 0.9313456 0.9372126 0.8892539 0.9299751 0.9321155 0.9411428 0.9898583 0.9325106 0.9462448 0.9979781 0.9273206 0.9470337 0.9240916 0.9042506 0.9413568 0.9661414 0.9858297 0.9952240 0.8982000 0.9385736 0.9913474 0.9857585 0.9513456 0.9392152 0.9822571 0.9893721 1.0151367 0.9982197 0.9816359 0.9763197 0.9988074 0.9857273 1.0504202 0.8962535 0.8570059 0.8190452 0.7914706 0.8734027 0.8465824 0.8724571 0.8448601 0.8926435 0.8246252 0.8826911 0.8871487 0.8920270 0.8571534 0.8778993 0.8337932 0.8618174 0.9341054 1.0040395 0.9404278 0.9373029 0.9072201 1.2214144 2.0998956 2.1668546 2.1221361 2.7771362 
01_AE.TH.99.99TH_C4460.AY945726        0.6119511 0.6164347 0.6171524 0.6465219 0.7118152 0.6588806 0.6644322 0.6718613 0.6414341 0.5474470 0.5626988 0.5868980 0.5225080 0.5355683 0.5694489 0.5048481 0.5784672 0.5347576 0.4409790 0.1578216 0.0000000 0.2088121 0.2135010 0.2055013 0.2248405 0.2379725 0.2949368 0.3699040 0.6221716 0.5698805 0.7310488 0.8042960 0.8141001 0.8254383 0.7286278 0.4742864 0.5413686 0.8321962 0.9136865 0.9027655 0.9030534 0.9266165 0.8625171 0.9178082 0.9204417 0.9224266 0.9618780 0.9184743 0.9216509 0.9761600 0.9185387 0.9138411 0.8997275 0.8878876 0.9340388 0.9414483 0.9664835 0.9697536 0.8789860 0.9201760 0.9816276 0.9701236 0.9450943 0.9290482 0.9596088 0.9712393 0.9892374 0.9685910 0.9421079 0.9638200 0.9866897 0.9766213 1.0075765 0.8687055 0.8145922 0.7987801 0.7671343 0.8482230 0.8485238 0.8809167 0.8429823 0.8876707 0.8302119 0.8608592 0.8796863 0.8954722 0.8592646 0.8786679 0.8093630 0.8587131 0.9418474 0.9999360 0.9191701 0.9235142 0.8908299 1.1917915 2.0504614 2.1676252 2.0806536 2.8114135 
01_AE.CN.07.GX070143.JX112835          0.6571436 0.6864644 0.6819081 0.6962791 0.7666666 0.7311340 0.7108965 0.7292475 0.6887676 0.6031850 0.6026156 0.6481183 0.5785564 0.5968420 0.6215357 0.5567952 0.6247211 0.5914870 0.4941863 0.2050846 0.2088121 0.0000000 0.2523829 0.2460102 0.2610377 0.2818959 0.3368136 0.4187567 0.6783138 0.6247418 0.7844516 0.8476378 0.8841883 0.8899145 0.7684959 0.5370762 0.6005965 0.8844604 0.9621351 0.9637729 0.9823049 0.9800571 0.9412748 0.9850306 0.9745683 0.9967222 1.0533800 0.9865428 1.0285387 1.0411603 0.9791943 0.9687971 0.9654633 0.9343323 1.0043083 1.0207829 1.0638651 1.0384055 0.9538819 0.9935462 1.0579775 1.0500625 1.0349077 0.9802709 1.0147008 1.0440826 1.0523668 1.0414810 1.0251239 1.0178470 1.0540629 1.0399100 1.0774801 0.9231501 0.8626419 0.8723332 0.8195312 0.8904672 0.8761304 0.9105065 0.8737642 0.9493375 0.8657929 0.9080029 0.9078166 0.9328919 0.8769206 0.8972457 0.8396151 0.8779836 0.9743645 1.0410888 0.9796497 0.9562418 0.9656647 1.2410215 2.1126078 2.2101669 2.1050740 2.8341899 
01_AE.CN.07.07CNYN326.KF835513         0.6612847 0.6809418 0.6636027 0.6935439 0.7658368 0.7207006 0.6997782 0.7084351 0.6891908 0.5998062 0.5979704 0.6237237 0.5653053 0.5873591 0.6019303 0.5331781 0.6219982 0.5701119 0.4718332 0.2114152 0.2135010 0.2523829 0.0000000 0.2327630 0.2556816 0.2771526 0.3333559 0.4240306 0.6628276 0.6140210 0.7720153 0.8582854 0.8629574 0.8882403 0.7676780 0.5182747 0.5874397 0.8738341 0.9745083 0.9561199 0.9495612 0.9698308 0.9200629 0.9611581 0.9715152 0.9671125 0.9986694 0.9935178 1.0099385 1.0453618 0.9608044 0.9569943 0.9429377 0.9272388 0.9992381 0.9975405 1.0234072 1.0419478 0.9439328 0.9958035 1.0212068 1.0178643 0.9986563 0.9774533 1.0191331 1.0334050 1.0504874 1.0200011 0.9827253 1.0192101 1.0247082 1.0115376 1.0815261 0.9218915 0.8748711 0.8526229 0.8216770 0.9060245 0.8792124 0.9030983 0.8628004 0.9059586 0.8417579 0.8991890 0.9136560 0.9258872 0.8836840 0.9112118 0.8389789 0.8784090 0.9719382 1.0188109 0.9416257 0.9526215 0.9589231 1.2319080 2.1611361 2.2245867 2.1279787 2.8516506 
01_AE.TH.07.AA030a04.JX447057          0.6713005 0.6645538 0.6685108 0.6857863 0.7636665 0.7191736 0.7086445 0.7181401 0.6871544 0.5818680 0.6038654 0.6360778 0.5664432 0.5904333 0.6057334 0.5448856 0.6163578 0.5768375 0.4730351 0.2109631 0.2055013 0.2460102 0.2327630 0.0000000 0.2533648 0.2699642 0.3268124 0.4072828 0.6603550 0.6029546 0.7676478 0.8672031 0.8640285 0.8733904 0.7594127 0.5177339 0.5591883 0.9036697 0.9521970 0.9479751 0.9275607 0.9579308 0.9115711 0.9602150 0.9537012 0.9842115 1.0089961 0.9659703 0.9804943 0.9978802 0.9509564 0.9477854 0.9380022 0.9097479 0.9761056 0.9741443 1.0114489 1.0088268 0.9282475 0.9610872 1.0362856 1.0240857 0.9972146 0.9557024 1.0111269 0.9891807 1.0262262 1.0143272 0.9941540 1.0109124 1.0283635 1.0117411 1.0610959 0.9245762 0.8686054 0.8492736 0.8205165 0.9238671 0.8781229 0.9243759 0.8945822 0.9333461 0.8667483 0.9298689 0.9344345 0.9394018 0.9035637 0.9266580 0.8642299 0.8828410 1.0005923 1.0508694 0.9820660 0.9707474 0.9709616 1.2355920 2.1413635 2.2552430 2.1822092 2.8083005 
01_AE.TH.05.AA101a_WG1.JX447936        0.6356590 0.6419759 0.6416473 0.6628774 0.7287161 0.6973915 0.6758338 0.6952415 0.6840796 0.5808971 0.5791430 0.6152184 0.5557906 0.5644631 0.5999174 0.5300289 0.5943048 0.5622230 0.4569396 0.2285094 0.2248405 0.2610377 0.2556816 0.2533648 0.0000000 0.2622166 0.3299936 0.4087333 0.6510817 0.5992947 0.7306599 0.8113161 0.8342588 0.8562942 0.7405659 0.4885095 0.5654159 0.8628261 0.9374244 0.9330542 0.9194747 0.9420190 0.8898264 0.9587115 0.9320741 0.9485822 0.9722664 0.9498907 0.9459437 0.9954915 0.9296291 0.9365936 0.9238236 0.9082814 0.9490570 0.9720954 0.9803756 0.9787375 0.9130772 0.9506025 0.9652816 0.9778210 0.9553770 0.9475028 0.9924964 1.0065880 1.0209814 0.9624698 0.9727778 0.9707247 0.9967610 0.9916292 1.0348560 0.8906216 0.8462711 0.8302717 0.7951939 0.8716181 0.8742018 0.9008782 0.8509934 0.9030920 0.8468198 0.9039484 0.8995781 0.9131504 0.8870078 0.8992195 0.8375916 0.8791186 0.9791313 1.0526377 0.9622875 0.9416424 0.9236921 1.2217729 2.1326683 2.2209728 2.1706305 2.8377335 
01_AE.CN.07.07CNYN343.KF835528         0.6763852 0.6804431 0.6692789 0.6971922 0.7675034 0.7160266 0.7071181 0.7136773 0.6909119 0.6039056 0.5976820 0.6160865 0.5611896 0.5846736 0.6151204 0.5485178 0.6239756 0.5806642 0.4839670 0.2459550 0.2379725 0.2818959 0.2771526 0.2699642 0.2622166 0.0000000 0.3459887 0.4441523 0.6614881 0.6224206 0.7576486 0.8532401 0.8612946 0.8721892 0.7565819 0.5191607 0.5740176 0.8862011 0.9650615 0.9476377 0.9326881 0.9569965 0.9141074 0.9628528 0.9578457 0.9492954 1.0019785 0.9728424 0.9969760 1.0233983 0.9532447 0.9685436 0.9444083 0.9307072 1.0089297 1.0189434 1.0141522 1.0351446 0.9660213 0.9761218 1.0393225 1.0233795 1.0077676 0.9857857 1.0130484 1.0110607 1.0673465 1.0222052 1.0187156 0.9995685 1.0281511 1.0303865 1.0549964 0.9353501 0.8665906 0.8581724 0.8280641 0.8952993 0.8655104 0.8941801 0.8769298 0.9135159 0.8534370 0.8891798 0.9048376 0.9134603 0.9064147 0.9078757 0.8386851 0.8832340 0.9940339 1.0264523 0.9745010 0.9486281 0.9458693 1.2607183 2.2173161 2.3006495 2.2512217 2.8431641 
01BC.CN.13.SZ95LS8027.KX379000         0.7371759 0.7418985 0.7376140 0.7593254 0.8269108 0.7837358 0.7803320 0.7813041 0.7738746 0.6793950 0.6651058 0.7047301 0.6417707 0.6596578 0.6844312 0.6119181 0.7117840 0.6537827 0.5467492 0.2943630 0.2949368 0.3368136 0.3333559 0.3268124 0.3299936 0.3459887 0.0000000 0.4870948 0.7322178 0.6930029 0.8536040 0.9146465 0.9600948 0.9547345 0.8423978 0.5982206 0.6680267 0.9418540 1.0212597 1.0129867 1.0034366 1.0437028 0.9924702 1.0545555 1.0449015 1.0518078 1.0455822 1.0548641 1.0513615 1.1040252 1.0204808 1.0227579 1.0287616 0.9891430 1.0288525 1.0659207 1.0781334 1.1006665 1.0220133 1.0431703 1.0705406 1.0793000 1.0476423 1.0813962 1.0533819 1.0905630 1.0974129 1.0787715 1.0862890 1.0824335 1.0938108 1.0864684 1.1415372 0.9981567 0.9525084 0.9283681 0.8807676 0.9477240 0.9589974 0.9743694 0.9401745 0.9854460 0.9262526 0.9702246 0.9784208 0.9921038 0.9459962 0.9642719 0.9250852 0.9494868 1.0489699 1.1036114 1.0432169 1.0060460 0.9981420 1.3109349 2.2007536 2.3009190 2.2155392 2.9116377 
69_01B.JP.05.05JPMYC113SP420.LC027100  0.8091350 0.8258786 0.8275910 0.8491728 0.9236427 0.8470004 0.8636547 0.8731914 0.8639054 0.7588692 0.7678098 0.8072459 0.7437954 0.7634008 0.7974095 0.7195009 0.7950430 0.7579710 0.6592868 0.3755475 0.3699040 0.4187567 0.4240306 0.4072828 0.4087333 0.4441523 0.4870948 0.0000000 0.8306738 0.7921334 0.9217687 1.0312798 1.0192279 1.0293460 0.9413818 0.6711528 0.7448399 1.0311455 1.1282768 1.1150459 1.1299637 1.1220771 1.0765615 1.1400210 1.1216273 1.1119474 1.1698612 1.1432992 1.1185278 1.2087714 1.1117753 1.1373007 1.1111640 1.1036967 1.1363279 1.1593558 1.1668931 1.1780839 1.0717202 1.1250512 1.1476579 1.1400813 1.1295906 1.1346510 1.2044875 1.1614617 1.1909117 1.1481617 1.1528062 1.1638578 1.2214082 1.1813540 1.2050588 1.0789914 1.0351103 0.9975309 0.9868517 1.1060699 1.0389232 1.0832673 1.0522759 1.0748127 1.0300716 1.0903100 1.0837054 1.1385276 1.0496232 1.0786627 1.0168863 1.0833259 1.1590974 1.2025222 1.1616868 1.1343696 1.1034511 1.4203371 2.3243717 2.4161258 2.3466895 2.9537366 
A1C.UG.99.99UGF25926.AF484491          0.5954358 0.5895628 0.5949834 0.6338508 0.6662115 0.6571057 0.6165505 0.6435729 0.6190932 0.5019194 0.4838814 0.5158162 0.4575773 0.4655199 0.4985629 0.4831395 0.4997881 0.5288223 0.5532928 0.6187603 0.6221716 0.6783138 0.6628276 0.6603550 0.6510817 0.6614881 0.7322178 0.8306738 0.0000000 0.5406619 0.6905424 0.7866365 0.7911561 0.7811412 0.6916332 0.7913806 0.8699044 0.8203805 0.8827356 0.8988805 0.8683448 0.8892280 0.8456319 0.8959484 0.8884773 0.8902005 0.9271860 0.9108447 0.9059187 0.9265422 0.8791546 0.8857394 0.8653111 0.8510877 0.9206955 0.9494316 0.9206010 0.9692176 0.8700414 0.9091540 0.9380674 0.9315965 0.9128539 0.9124575 0.9483222 0.9478976 0.9482470 0.9270081 0.9147553 0.9736084 0.9868592 0.9779605 0.9711477 0.8368556 0.7872232 0.7582678 0.7304534 0.6568091 0.6278064 0.6570684 0.6313138 0.6693871 0.5945916 0.6368317 0.6558964 0.6593857 0.6439831 0.6592722 0.6034294 0.6342707 0.7259875 0.7799175 0.7338414 0.6858754 0.8771347 1.2041633 1.9762112 2.0941792 2.0340768 2.6531182 
45_cpx.CD.97.97CD_MBFE185.FN392874     0.4662888 0.4785114 0.4746027 0.4913227 0.5504724 0.5115907 0.4989364 0.5214767 0.4836643 0.5007314 0.4898664 0.5337870 0.4610101 0.4750267 0.5123576 0.4450795 0.5228001 0.4868445 0.5060983 0.5865572 0.5698805 0.6247418 0.6140210 0.6029546 0.5992947 0.6224206 0.6930029 0.7921334 0.5406619 0.0000000 0.5724881 0.6615026 0.6777838 0.6647424 0.5871419 0.7366907 0.7985403 0.6870672 0.7483653 0.7685958 0.7432533 0.7611752 0.7278627 0.7624345 0.7702495 0.7635799 0.7873003 0.7692392 0.7876984 0.8183932 0.7426274 0.7351712 0.7474774 0.7083786 0.7871181 0.7825094 0.8173063 0.8287610 0.7233437 0.7648890 0.8171368 0.7786450 0.7646030 0.7771369 0.8204094 0.8075085 0.8255214 0.7896625 0.7900170 0.8217925 0.8487405 0.8000379 0.8477159 0.7114767 0.6587409 0.6398604 0.6176958 0.8170099 0.7817213 0.8191916 0.8125940 0.8148409 0.7865838 0.8114475 0.8083525 0.8320984 0.8100628 0.8090419 0.7616439 0.8133312 0.8956431 0.9650786 0.9022288 0.8832700 0.7468652 1.0438249 1.8642775 1.8985124 1.8675039 2.4923729 
G.NG.92.92NG083_JV10832.U88826         0.5264272 0.5328921 0.5294038 0.5561253 0.6162125 0.5836813 0.5569176 0.5835007 0.5118936 0.6385648 0.6309060 0.6527803 0.6210779 0.6107816 0.6325416 0.5986405 0.6410946 0.6374866 0.6469443 0.7438900 0.7310488 0.7844516 0.7720153 0.7676478 0.7306599 0.7576486 0.8536040 0.9217687 0.6905424 0.5724881 0.0000000 0.3544266 0.3813916 0.3917440 0.6576385 0.9074676 0.9749990 0.7377549 0.9339923 0.9068622 0.8918617 0.9109041 0.8811853 0.9330779 0.9232284 0.9100103 0.9530813 0.9324408 0.9324788 0.9856707 0.8951306 0.9012854 0.9000220 0.8743694 0.9404350 0.9478334 0.9591085 0.9772894 0.8733075 0.9143315 0.9435033 0.9281545 0.9182795 0.9308865 0.9512931 0.9568327 0.9824819 0.9347338 0.9276632 0.9786854 0.9773678 0.9690254 0.9753279 0.8579631 0.8139052 0.7660842 0.7305080 0.9726284 0.9093133 0.9471652 0.8916075 0.9422079 0.8963577 0.9405548 0.9502505 0.9433013 0.9275055 0.9285416 0.9093488 0.9099076 1.0468768 1.0718088 1.0299319 1.0195590 0.8802434 1.2019837 2.0360399 2.0556038 2.0780380 2.6301007 
G.NG.09.09NG010261.KX389626            0.6042341 0.6220759 0.6177460 0.6389354 0.7064478 0.6565563 0.6466156 0.6814841 0.5994209 0.7174789 0.7084141 0.7363016 0.6899486 0.6871505 0.7253432 0.6808557 0.7372431 0.7355604 0.7231956 0.8345388 0.8042960 0.8476378 0.8582854 0.8672031 0.8113161 0.8532401 0.9146465 1.0312798 0.7866365 0.6615026 0.3544266 0.0000000 0.4704438 0.4810518 0.7469304 0.9618612 1.0623237 0.8413826 1.0163205 0.9972264 0.9916973 1.0244949 0.9809582 1.0145432 1.0218985 1.0205228 1.0441220 1.0375051 1.0369158 1.0693502 0.9900263 0.9807982 0.9734444 0.9625425 1.0036807 1.0654740 1.0571833 1.0726795 0.9984703 1.0148885 1.0791194 1.0269203 1.0388820 1.0225333 1.0557376 1.0369279 1.0888721 1.0238907 1.0241573 1.0757337 1.0541307 1.0430637 1.0693973 0.9310602 0.8821499 0.8442018 0.8262692 1.0648321 1.0101123 1.0247439 1.0306192 1.0620726 1.0119563 1.0368360 1.0328796 1.0577779 0.9986304 1.0175212 0.9973622 1.0121091 1.1373376 1.1671317 1.1350181 1.1424994 0.9459628 1.3006469 2.0837504 2.1299428 2.0811525 2.7633009 
01F2G.CM.02.LT31.JN864056              0.6282425 0.6419941 0.6430384 0.6424003 0.7284101 0.6998309 0.6497797 0.6780332 0.6193625 0.7320353 0.7506140 0.7673117 0.7224281 0.7256365 0.7504530 0.7025423 0.7469193 0.7362200 0.7549620 0.8373157 0.8141001 0.8841883 0.8629574 0.8640285 0.8342588 0.8612946 0.9600948 1.0192279 0.7911561 0.6777838 0.3813916 0.4704438 0.0000000 0.3848577 0.7554331 1.0197879 1.0663892 0.8468535 1.0131845 1.0161956 0.9803457 1.0083231 0.9751963 1.0027583 1.0126710 0.9689755 1.0304632 1.0201317 1.0315045 1.0637733 0.9943764 0.9898260 0.9769542 0.9540471 1.0077570 1.0482154 1.0335607 1.0652825 1.0019931 0.9970882 1.0334601 1.0003742 0.9962006 1.0159971 1.0441071 1.0488677 1.0993612 1.0305897 1.0318406 1.0622538 1.0717830 1.0574813 1.0801388 0.9461012 0.9031519 0.8718305 0.8390095 1.1053860 1.0428117 1.0550320 1.0425284 1.0578098 1.0212492 1.0694304 1.0599578 1.0898076 1.0268542 1.0429477 1.0055328 1.0369230 1.1592886 1.1909999 1.1302288 1.1395739 1.0007019 1.3257385 2.0571947 2.1310643 2.1058022 2.7483315 
BCG.ES.15.100_119.KY496623             0.6260832 0.6410454 0.6370011 0.6481365 0.7408466 0.6850001 0.6675722 0.7067685 0.6329485 0.7208475 0.7442476 0.7616958 0.7252007 0.7155786 0.7421204 0.6897387 0.7494267 0.7436239 0.7615143 0.8596954 0.8254383 0.8899145 0.8882403 0.8733904 0.8562942 0.8721892 0.9547345 1.0293460 0.7811412 0.6647424 0.3917440 0.4810518 0.3848577 0.0000000 0.7632611 1.0318808 1.0824530 0.8399587 1.0081653 1.0100599 1.0177098 1.0174432 0.9879830 1.0435425 1.0341120 1.0316225 1.0619632 1.0354521 1.0311966 1.0884167 1.0078338 0.9735236 0.9854186 0.9777638 1.0325482 1.0717703 1.0841596 1.0749207 1.0003435 1.0076139 1.0669841 1.0259586 1.0122648 1.0068217 1.0526781 1.0302244 1.0894478 1.0360249 1.0374793 1.0728983 1.0839027 1.0849258 1.1027103 0.9588157 0.8986233 0.8775712 0.8383466 1.0772295 1.0032150 1.0345012 0.9933937 1.0473756 1.0168484 1.0382137 1.0333685 1.0611524 1.0345872 1.0519270 1.0017242 1.0336948 1.1629731 1.1856591 1.1300786 1.1038023 0.9800935 1.3145039 2.1255754 2.1536774 2.1445060 2.8167381 
93_cpx.CD.08.DRC653.MF372651           0.5159206 0.5233370 0.5220679 0.5454714 0.6083716 0.5635256 0.5448923 0.5712489 0.5628960 0.6349174 0.6408434 0.6902088 0.6196617 0.6200520 0.6526705 0.6134549 0.6776482 0.6502614 0.6680745 0.7397941 0.7286278 0.7684959 0.7676780 0.7594127 0.7405659 0.7565819 0.8423978 0.9413818 0.6916332 0.5871419 0.6576385 0.7469304 0.7554331 0.7632611 0.0000000 0.9072677 0.9474966 0.7321822 0.9014704 0.9007420 0.8999098 0.8902816 0.8512085 0.9130126 0.8827312 0.8879611 0.9348810 0.9191680 0.9337430 0.9351738 0.8814777 0.8933193 0.8834635 0.8844437 0.9102122 0.9455139 0.9548793 0.9730339 0.8639926 0.8841565 0.9501621 0.9221110 0.9148538 0.9081592 0.9330696 0.9556452 0.9412401 0.8961677 0.9060289 0.9651453 0.9600319 0.9595689 0.9493859 0.8365323 0.7899733 0.7839747 0.7428607 0.9651085 0.9541989 0.9382310 0.9388849 0.9789260 0.9246737 0.9499755 0.9631750 0.9673989 0.9634192 0.9722962 0.9319659 0.9548004 1.0360083 1.0799146 1.0569103 1.0165387 0.8789188 1.2193214 2.1330490 2.1513196 2.1302159 2.6995016 
0107.CN.15.HB041501.KY019257           0.8134416 0.8040706 0.8063343 0.8347379 0.8896895 0.8500587 0.8597597 0.8816533 0.8193468 0.7227424 0.7259289 0.7776566 0.6966894 0.7127175 0.7362475 0.7002980 0.7457426 0.7071354 0.6048498 0.4835663 0.4742864 0.5370762 0.5182747 0.5177339 0.4885095 0.5191607 0.5982206 0.6711528 0.7913806 0.7366907 0.9074676 0.9618612 1.0197879 1.0318808 0.9072677 0.0000000 0.4415615 1.0158934 1.1002135 1.1038589 1.0959644 1.1325294 1.0607619 1.1444026 1.1201701 1.1131467 1.1664929 1.0961889 1.1502270 1.1778925 1.0982386 1.1037584 1.1091579 1.0956756 1.1409661 1.1728076 1.1597859 1.1733646 1.1121943 1.1169894 1.1602616 1.1426901 1.1360668 1.1024465 1.1567793 1.1784391 1.1710916 1.1553892 1.1384516 1.1520690 1.1871280 1.1502967 1.2050942 1.0275551 0.9962567 0.9883971 0.9673843 1.0501000 1.0390859 1.0435134 1.0082028 1.0395434 0.9833111 1.0171807 1.0337838 1.0296512 1.0411403 1.0342799 0.9859615 1.0027618 1.0943282 1.1615067 1.1156832 1.0978191 1.0888642 1.3802034 2.1856418 2.2917766 2.3252498 2.8290527 
01BC.CN.14.BJ.2014.MSM.SP01.KP668994   0.8618716 0.8611726 0.8658800 0.9030359 0.9529540 0.9070381 0.9195358 0.9255998 0.8955266 0.7852576 0.7895128 0.8088056 0.7493811 0.7678768 0.7880024 0.7582682 0.8089370 0.7753897 0.6731124 0.5495297 0.5413686 0.6005965 0.5874397 0.5591883 0.5654159 0.5740176 0.6680267 0.7448399 0.8699044 0.7985403 0.9749990 1.0623237 1.0663892 1.0824530 0.9474966 0.4415615 0.0000000 1.0561420 1.1353259 1.1513776 1.1199916 1.1763463 1.1420702 1.1768813 1.1450017 1.1545519 1.1919255 1.1740400 1.2102986 1.2276278 1.1495651 1.1391267 1.1354259 1.1438094 1.1837164 1.2336711 1.2173757 1.2101572 1.1436907 1.1688426 1.2083284 1.1978989 1.2075599 1.1843180 1.2556573 1.2389141 1.2559149 1.1894351 1.1974944 1.1927326 1.2515184 1.1967212 1.2323760 1.0962315 1.0560653 1.0499414 1.0260967 1.1550408 1.0746102 1.1235229 1.0906055 1.1383025 1.0519777 1.1146656 1.1028768 1.1317887 1.0865630 1.0958802 1.0433022 1.1226772 1.1716936 1.2632711 1.2100933 1.1436896 1.1587205 1.4451625 2.3333218 2.4204698 2.3691153 3.0742065 
06_cpx.SN.97.97SE1078.AJ288981         0.5608931 0.5340063 0.5388723 0.5515891 0.6394919 0.6020097 0.6118160 0.6567503 0.6795745 0.7413336 0.7294872 0.7788131 0.7277292 0.7362287 0.7699964 0.7051025 0.7923369 0.7419261 0.7651526 0.8631625 0.8321962 0.8844604 0.8738341 0.9036697 0.8628261 0.8862011 0.9418540 1.0311455 0.8203805 0.6870672 0.7377549 0.8413826 0.8468535 0.8399587 0.7321822 1.0158934 1.0561420 0.0000000 1.0136042 0.9842042 0.9895082 0.9785840 0.9326793 1.0142399 0.9867618 0.9887981 1.0338829 1.0201486 1.0199714 1.0247812 0.9906353 0.9780735 1.0058042 0.9597757 1.0204136 1.0330438 1.0568999 1.0769258 1.0112870 1.0220260 1.0212870 1.0459634 1.0304686 1.0251157 1.0444625 1.0770797 1.0634678 1.0423651 1.0347010 1.0519421 1.0724073 1.0510223 1.0649286 0.9470835 0.9139870 0.8854633 0.8555246 1.0653893 1.0619844 1.0412940 1.0159886 1.0851514 1.0331530 1.0708780 1.0397296 1.0607920 1.0700626 1.0742812 1.0185638 1.0586695 1.1310361 1.1739817 1.1368324 1.1013869 0.9983784 1.3325435 1.9670709 2.0113281 2.0200964 2.5862877 
